NAME : synthetic_000719
TYPE : CTSP-D
DIMENSION : 100
GROUPS : 8
RELAXATION_LEVEL : 1
EDGE_WEIGHT_TYPE : EXPLICIT
EDGE_WEIGHT_FORMAT : FULL_MATRIX
EDGE_WEIGHT_SECTION
999999999 748749 950590 773718 606445 924038 215997 453515 988318 732230 570487 305831 74093 621748 524249 456731 763117 881444 796632 848021 893539 818889 684911 334332 220415 343499 603853 739204 864675 971367 964934 1071184 804631 172644 783580 594614 215208 355298 335429 752920 616425 309475 524207 878924 895975 255625 852081 445680 473029 362925 267404 166081 668228 358576 132651 289414 309446 583139 980133 579209 177270 781415 635238 721209 889494 483967 695387 1065221 870234 339182 836899 508704 702454 186270 219551 563773 540431 692779 488735 923990 948639 192995 954521 293703 1057971 642396 652714 910172 263401 816026 248054 166500 759040 476908 346785 796378 503633 175815 516803 492783
748749 999999999 263273 594366 152065 430182 856653 525170 277694 41122 598882 442937 822309 481242 725040 542507 335313 159504 203238 198893 332275 437637 160637 417073 681194 430575 467257 721407 552956 374673 262768 339428 550826 628735 613777 155105 614963 730508 416536 456704 320408 474157 586232 338374 189238 566766 120787 666870 409031 402529 900377 598127 196884 431064 616227 534121 690271 249330 231733 333785 617919 690159 154203 292589 378945 622151 224063 360824 783588 634659 370645 424844 543009 885293 583326 254150 375394 335258 326102 181974 361733 916322 207186 535175 331996 235262 552769 197146 650377 288240 532132 582909 349053 705745 767350 50788 285073 592262 585301 369562
950590 263273 999999999 537466 356207 259308 1016076 786104 52232 251552 861982 652985 1021045 499166 781343 629937 280882 108726 423345 385932 163982 340841 265716 638097 920113 667056 496045 694730 443445 149802 27699 146359 473447 804829 554261 379385 779671 842783 638459 402402 582352 647872 641693 184890 74815 805273 268990 749638 669117 636931 1051923 817418 285621 598862 819924 775915 816992 372524 181551 596998 795287 641415 416621 540277 223063 692024 268339 114807 712474 887472 256184 687412 798011 1058620 754793 515493 638484 333987 469774 135357 150809 1096167 217965 777945 125518 497098 552149 71557 794028 194623 710617 785593 295931 777888 883176 247891 538766 779768 643854 486652
773718 594366 537466 999999999 511942 311945 717852 894667 589026 553373 1021699 599989 820319 169204 339553 316989 271251 570775 792713 793081 377388 197833 436111 622080 873449 685930 191108 162809 131523 431584 565062 678465 70231 601894 19473 543313 558570 486308 624806 141369 814705 508743 256342 354968 550360 785424 695977 366323 798148 661384 729667 728007 402368 476036 683862 777431 498052 393593 698691 802744 598844 103980 657844 845534 324101 308171 370434 616068 189225 914085 281589 840307 1042521 784917 559463 705722 815461 259519 405997 631631 414201 831948 716243 782845 655947 751700 121010 564015 519581 350128 551129 658151 255531 364878 522801 629309 676123 614321 263386 357143
606445 152065 356207 511942 999999999 433741 705309 455712 387349 127231 557376 302155 679149 371800 588271 401566 293754 275840 300344 321208 356511 396327 113178 283082 564114 311369 354045 616553 503247 421487 365988 465797 483293 478668 531200 34294 463443 580950 283232 388167 310073 322851 454034 352655 293553 449430 270542 523981 340162 281040 748574 464023 127329 279096 473927 420983 539246 123002 377003 305780 468009 597254 145958 333854 383895 483938 169786 467954 697241 538593 353880 370698 543251 735771 432364 207263 331612 261717 178550 317919 402412 768136 357662 423344 453773 240492 445831 306730 498397 287626 381881 439945 302547 564861 617095 202817 202569 444343 452055 227684
924038 430182 259308 311945 433741 999999999 933112 887552 305092 397109 990778 665552 985976 344122 616814 512793 162867 332802 628162 606458 103669 127109 321308 667601 954532 716764 352125 474741 195258 124447 285944 383897 242020 757393 325076 467246 721641 723535 669187 207690 731008 617063 492841 92290 301571 846316 491572 611721 773310 686620 958186 825662 309476 569748 805801 825408 714473 369302 439320 733652 750305 411424 554606 721449 51586 549197 267768 312925 467094 955156 88564 804391 962926 989267 707223 637504 763950 231519 446800 383278 112333 1032720 470590 829206 361200 650369 368793 310250 711392 147820 676507 773269 165200 627439 764002 442953 635852 748616 497478 431878
215997 856653 1016076 717852 705309 933112 999999999 657571 1060353 831647 781064 436828 189797 596555 406153 422146 783728 966230 944389 989084 926460 813617 757191 476625 436256 509013 584300 640382 830624 1004913 1034990 1150462 764798 231217 722717 703256 241931 234360 478849 737458 789955 382515 463164 908140 973512 455959 970980 352882 657581 519427 53397 353668 731829 427127 290776 485150 222152 645466 1080370 754206 242444 696975 771004 889119 908504 409704 748336 1129706 769599 553381 852381 698349 905038 74017 273541 718296 722023 712984 548992 1017198 981805 120721 1062970 490414 1134100 799584 602882 988936 224212 852758 325781 311838 775568 365477 204029 907024 655872 276514 456542 529997
453515 525170 786104 894667 455712 887552 657571 999999999 802818 534917 137346 317102 514927 727143 804485 642430 737635 684673 456878 517581 812018 832981 568843 282354 258004 216156 705183 942732 926330 874402 787643 857758 889267 470295 911627 423711 497006 691620 279209 802657 238466 428255 722280 808334 713487 201643 577421 716454 117343 235764 710946 305395 578095 438574 373855 175191 633745 530163 730386 207535 461566 952210 371071 338661 838601 715900 620062 885876 1055694 147919 804395 105665 248940 639503 464597 271042 158187 688282 489636 699537 856370 644221 688933 169350 853352 310240 792117 722182 570221 742938 427247 364496 743122 761361 706946 554008 253586 419402 716340 537716
988318 277694 52232 589026 387349 305092 1060353 802818 999999999 273388 871586 687752 1059544 550857 832613 679087 333038 118330 416555 373288 213788 391988 305441 670423 948649 695536 547379 746724 492725 188413 26390 94893 524488 846186 605668 407542 822439 891087 670581 454492 590426 688628 692615 235311 93908 833651 259882 799587 686709 665857 1097196 851062 328563 640010 856833 803096 864009 415213 146327 607994 836417 692930 431756 539411 272001 742461 314841 83200 762747 910182 307519 701816 798631 1101223 796543 531833 651586 385184 512295 118717 193810 1137934 189256 804786 75134 505694 604315 82008 839307 246800 751128 822539 348125 828479 931331 253118 560262 819293 694650 532188
732230 41122 251552 553373 127231 397109 831647 534917 273388 999999999 616372 426863 805274 440688 687443 506414 295726 156351 242496 240002 301916 398727 119653 404287 676525 423907 426989 680421 513746 350104 255329 344203 510367 605773 572793 138593 589716 698153 404059 416013 342049 449479 547952 306162 180713 561592 157363 631126 417769 394777 874201 585933 156055 404723 599589 530342 659525 212453 249773 351607 595150 649040 168487 324379 345597 585090 183003 356258 742588 637176 333958 437675 569479 862935 559141 265088 390141 294181 293880 191876 335477 895359 231998 531870 334220 258076 511977 191386 621820 252701 508975 565813 309197 669273 735593 85328 287622 571514 547219 334602
570487 598882 861982 1021699 557376 990778 781064 137346 871586 616372 999999999 453848 625353 855826 941778 778251 847979 755818 485710 545487 908203 946965 669476 417866 357873 352004 833987 1076385 1045339 964752 859626 915037 1012132 604266 1039147 523611 632633 827657 414672 922859 281377 565193 857724 907076 787514 329546 627127 853785 224632 369380 834136 434257 683797 573828 504423 307991 769772 645944 780287 265182 595945 1083279 447886 354934 940444 852631 726325 953213 1187010 235304 911036 187197 159246 756349 600842 354885 227732 804099 615706 760500 948466 755867 734836 301853 913797 365894 922664 794043 706188 843724 564415 497978 854950 898706 841871 618489 357655 554053 851913 666312
305831 442937 652985 599989 302155 665552 436828 317102 687752 426863 453848 999999999 379384 430914 489139 326186 503186 577958 507861 554167 616627 580632 389666 43482 289621 102937 409157 630072 654816 691550 665316 767922 607138 207447 615265 288876 213538 394159 46468 531741 364212 111488 406549 605406 594447 187715 548055 401973 257872 95257 486497 165304 378982 125842 173295 177461 338049 300379 674309 331420 196244 645705 336879 456854 623886 398819 412310 766721 747929 314100 577061 304700 528672 452163 177103 282416 310264 438989 220100 618734 669743 478500 649003 182936 755602 363743 488736 608122 277769 539312 126733 140218 503291 447427 417564 490795 220059 160389 400385 250704
74093 822309 1021045 820319 679149 985976 189797 514927 1059544 805274 625353 379384 999999999 674476 549348 504586 826365 953660 870146 921832 959433 877534 755344 408394 268338 416792 657671 773207 917279 1037618 1035913 1143218 855484 228792 828939 667950 267290 374757 409506 809001 687416 376215 566537 944172 967565 321912 926097 477171 542351 436742 234556 238449 737535 425635 206091 357095 337056 651792 1053545 650075 235671 820142 709309 792804 953071 521833 763401 1135788 904594 390693 899618 576319 763220 138329 278753 637194 610093 755514 556313 996915 1014760 130519 1028289 360927 1129704 715438 699777 981906 301703 882209 313712 239523 821533 503288 358389 870112 577322 242310 559211 556662
621748 481242 499166 169204 371800 344122 596555 727143 550857 440688 855826 430914 674476 999999999 283705 174946 221019 499810 667437 677677 364087 219464 321545 452969 707084 517071 21998 244764 243015 436980 524708 645514 183905 449158 185124 399699 407793 379926 455715 141135 661420 342337 149876 342281 488735 616834 594802 267862 633470 492957 617753 562814 284823 307542 522756 608320 375026 248848 631675 646197 444650 231351 515941 703207 329789 205572 266133 598910 334684 745010 273832 676736 884462 657462 403261 551550 654965 167167 241338 561657 415022 702855 638354 613709 624540 605181 74061 504229 381399 306114 388672 495239 207584 286751 420201 523765 516424 455218 153980 189591
524249 725040 781343 339553 588271 616814 406153 804485 832613 687443 941778 489139 549348 283705 999999999 188628 504715 772584 886182 909398 647167 489720 575736 528321 688488 592045 285305 235050 467223 718405 806317 927474 400350 376320 338921 606307 334527 175903 531580 409314 820026 377798 141812 625093 765411 636414 844785 88686 742894 580125 406295 546736 540021 379589 482173 644590 214821 475753 903334 794532 379335 296230 714781 888818 609475 104613 532960 882550 363455 768180 554719 789935 1013389 478817 356123 715686 786157 447429 413576 833376 696935 526319 904148 650866 906858 786771 248336 781212 266488 589489 380787 470425 491244 47751 202126 772771 663447 413141 141284 360776
456731 542507 629937 316989 401566 512793 422146 642430 679087 506414 778251 326186 504586 174946 188628 999999999 371037 605601 698061 722707 516726 391633 400379 360385 570801 426373 162164 307386 414619 593651 652750 773394 351407 285152 327064 418331 241619 215133 363579 315425 635335 217834 80720 496654 603156 496546 663078 124970 568930 409759 445419 423829 366462 204741 372352 496769 201746 294030 733545 611511 282543 334066 526157 701023 491828 84325 367254 738327 431679 629380 435240 615527 836714 482516 244544 529374 606845 303283 225269 664468 570826 527968 729702 502791 754214 598977 195992 619119 207165 448291 244707 349938 360848 163494 255975 591423 479264 301279 74299 174024
763117 335313 280882 271251 293754 162867 783728 737635 333038 295726 847979 503186 826365 221019 504715 371037 999999999 300119 538204 530931 145890 104616 190392 506645 792502 557985 221094 419680 218250 222690 307336 426941 218519 598424 289887 328046 564292 585950 508353 129960 602280 455061 368323 125628 281744 685301 428021 482300 626229 528239 812455 662811 166690 407352 643445 665538 569785 210518 429598 599497 590896 373598 429894 610464 126786 421768 124885 377924 457849 797047 74393 660783 835888 836438 547888 501010 624397 71317 284004 361480 199809 878673 445241 669546 405474 527323 271278 296159 559978 86273 515185 610736 15865 505762 626804 364352 490380 587407 371428 270348
881444 159504 108726 570775 275840 332802 966230 684673 118330 156351 755818 577958 953660 499810 772584 605601 300119 999999999 316121 282344 229270 384160 210535 558059 832821 580045 492027 718794 496451 244414 103837 189964 513611 746116 589089 293059 725593 811557 558021 429879 475315 588258 630803 244290 35367 717865 164745 729455 568439 550727 1005729 739474 240708 540836 749165 686693 779408 323281 131879 491401 735932 673623 313681 431570 287089 676198 239900 201528 755014 792161 302210 584101 689332 1002895 697553 413645 534224 333705 417822 62037 238282 1037712 145749 688213 178425 390189 562266 38254 749045 222579 649865 715040 315972 762527 850895 139353 442191 715865 631734 445988
796632 203238 423345 792713 300344 628162 944389 456878 416555 242496 485710 507861 870146 667437 886182 698061 538204 316121 999999999 60889 527071 640855 356655 469826 673642 453431 651063 911403 756096 557807 412098 440385 752210 713713 812183 279891 711875 860624 467950 657333 218458 576031 753960 535872 351457 569051 156698 817554 359780 434134 993282 632294 390592 543670 670885 532287 812694 421334 301313 250598 702450 885510 177815 131720 577668 781580 423088 491637 981552 594326 573061 352003 387592 958510 676475 233012 300377 533290 472794 298069 548643 981541 253452 530939 443134 157904 740867 351861 762600 489971 623109 641726 551684 860084 893344 185651 293243 668209 751767 525731
848021 198893 385932 793081 321208 606458 989084 517581 373288 240002 545487 554167 921832 677677 909398 722707 530931 282344 60889 999999999 503575 630949 359098 517825 731403 505982 662692 919411 746648 526702 371786 388477 748181 757909 812472 306210 753463 894418 516156 654750 279237 615368 773966 514608 317464 625294 117611 844517 419101 485101 1037027 684870 394886 580038 720504 588736 848469 437156 248642 310933 746666 889036 218101 190673 557218 805128 422931 444628 982303 654240 558433 412548 442168 1006150 718665 286544 360732 534135 498533 254843 519669 1030714 199761 587637 393021 215421 750023 315494 800816 474619 665359 690428 545260 885868 928460 167250 344659 713927 772311 548891
893539 332275 163982 377388 356511 103669 926460 812018 213788 301916 908203 616627 959433 364087 647167 516726 145890 229270 527071 503575 999999999 179571 243828 612585 901378 655591 365942 537463 279468 78689 191575 301160 311428 733599 393413 388336 701854 731741 613767 248417 641385 584070 512931 22786 198614 789789 388190 627895 695851 624968 956551 780694 241626 535007 769135 765749 714581 316359 339723 646985 725390 480913 465097 624779 59708 567020 204660 240827 548960 890705 97004 723646 871060 977089 682777 553349 680493 214318 405705 281070 55595 1018319 368674 768992 278596 558823 406473 208074 702300 77755 645976 735486 157408 650341 772597 341467 558502 717986 516314 403812
818889 437637 340841 197833 396327 127109 813617 832981 391988 398727 946965 580632 877534 219464 489720 391633 104616 384160 640855 630949 179571 999999999 294967 589415 869743 644925 229567 358667 115699 236930 368523 480705 132630 648918 213901 430541 610843 599374 591434 80655 705802 517918 366792 157225 360132 766613 524395 485979 723797 616062 836526 733973 270107 473279 706773 749727 593173 302821 507723 701982 642701 301366 534227 715063 127437 423350 228956 418717 373024 883768 84783 759949 939314 872185 599807 603252 725275 145293 361204 443019 218120 916614 529645 754144 458160 631626 241837 372738 594379 161948 574193 675629 93943 500629 639591 463750 589480 645333 371658 334386
684911 160637 265716 436111 113178 321308 757191 568843 305441 119653 669476 389666 755344 321545 575736 400379 190392 210535 356655 359098 243828 294967 999999999 378660 665743 415735 308500 560777 407009 311136 281101 393508 396838 540775 455576 146114 517764 602266 379402 301420 413942 383189 434742 239493 216390 552247 273634 525223 453324 385061 795829 554856 36794 334605 554524 526105 569031 112749 334159 413782 530981 530264 239880 420487 271068 475401 67413 380444 625093 648120 243883 483245 647417 796231 491251 316649 442734 176637 208200 266184 291243 832568 329493 528968 377831 337296 392428 231753 538745 174565 445722 520199 201655 560949 641261 202273 315736 514287 434610 235927
334332 417073 638097 622080 283082 667601 476625 282354 670423 404287 417866 43482 408394 452969 528321 360385 506645 558059 469826 517825 612585 589415 378660 999999999 288793 66248 431012 660868 669401 685747 648861 747699 624813 248892 638054 265711 256724 437318 3259 545456 320976 150899 439998 602803 576634 178723 517816 441860 215964 52543 526948 181646 371980 156220 203641 160419 381376 298804 648794 287995 237776 672982 302071 414658 623981 435689 408008 750734 775952 295917 579579 262961 487041 488728 220315 241677 267002 445552 228790 595741 664473 512971 621287 165025 736381 322987 514195 589729 321240 536113 170214 172685 508107 487490 461004 463500 179247 200304 434118 267180
220415 681194 920113 873449 564114 954532 436256 258004 948649 676525 357873 289621 268338 707084 688488 570801 792502 832821 673642 731403 901378 869743 665743 288793 999999999 253182 686117 875913 939727 974322 928623 1019756 888423 312990 886976 541297 353962 538222 287630 818046 466570 364859 649207 891494 854874 114998 763884 601752 316986 283183 487817 146972 660585 401740 206341 147294 483677 586966 908283 429838 309258 904496 540737 573528 911915 623220 696792 1030572 1002338 122629 866156 339055 501227 402558 334892 449119 382967 728604 509714 863162 953157 398743 874005 146798 1010630 516071 756152 866866 424171 824856 326149 222018 792849 641106 540407 721959 400490 276561 642077 537211
343499 430575 667056 685930 311369 716764 509013 216156 695536 423907 352004 102937 416792 517071 592045 426373 557985 580045 453431 505982 655591 644925 415735 66248 253182 999999999 495079 727075 728969 726311 675441 767759 686403 289925 702188 288117 305360 493146 63140 604769 280952 214286 506132 647462 601729 138237 521019 504906 158113 30683 561002 178943 413976 222445 222059 110380 436156 347787 660243 245283 279381 738610 298604 381736 671379 500877 452496 777394 841724 239170 629610 204177 427355 512213 269745 220430 216320 500008 287317 612185 705775 531239 628703 113419 758127 298990 579422 613812 374219 580563 224025 197286 560660 550343 514125 473501 161494 238478 500211 329584
603853 467257 496045 191108 354045 352125 584300 705183 547379 426989 833987 409157 657671 21998 285305 162164 221094 492027 651063 662692 365942 229567 308500 431012 686117 495079 999999999 262909 260965 440343 521108 642218 203575 431426 207110 381266 390598 371537 433753 153652 641129 321537 147230 344586 482388 595267 582117 262555 611770 470960 607015 542179 271706 286077 503093 586532 363605 231057 623734 625483 426617 252290 497457 684373 334759 201155 255693 597991 355822 723239 278335 655149 863464 643971 384890 531230 633744 162247 219841 553638 418046 688980 628848 591904 621558 585877 93221 498032 366949 304682 368864 475191 208593 284669 412112 510727 495375 436088 150400 167702
739204 721407 694730 162809 616553 474741 640382 942732 746724 680421 1076385 630072 773207 244764 235050 307386 419680 718794 911403 919411 537463 358667 560777 660868 875913 727075 262909 999999999 288926 594034 722101 837706 232806 576319 150482 644155 531981 407327 663947 292536 901228 524423 227273 514816 701423 803913 830977 296090 859393 707284 641293 729204 524625 505122 673447 803407 436488 493578 849129 883612 576324 72342 760360 947220 485812 256303 500024 777374 131390 936679 440750 904578 1119041 712389 543444 791425 888009 390849 475333 780546 576251 759997 862677 809360 815355 848371 170802 715802 475810 503181 550854 654004 403852 275202 436607 761358 751784 601806 234232 419327
864675 552956 443445 131523 503247 195258 830624 926330 492725 513746 1045339 654816 917279 243015 467223 414619 218250 496451 756096 746648 279468 115699 407009 669401 939727 728969 260965 288926 999999999 319444 471012 576469 67233 692130 139346 537078 650792 603745 671741 124228 813295 578043 368185 259089 470582 842520 639758 484600 820920 701523 846667 798468 379572 538093 762883 829274 608641 399702 616605 807241 687494 220980 644442 827468 220725 423546 339970 507701 272081 965312 194241 859296 1046156 894709 645852 708403 827539 242899 441653 553901 305374 940934 641182 834142 553725 741536 228747 482302 621735 275925 628562 734058 205653 488690 641928 579448 689671 696731 374539 404113
971367 374673 149802 431584 421487 124447 1004913 874402 188413 350104 964752 691550 1037618 436980 718405 593651 222690 244414 557807 526702 78689 236930 311136 685747 974322 726311 440343 594034 319444 999999999 173458 260793 362641 812093 445898 451667 780509 808404 686791 312947 692141 661963 586619 97110 209539 861834 409136 702847 757432 695630 1034650 856174 313768 612790 846255 836675 792333 392013 330645 700963 803825 533014 517745 665286 110151 641439 279331 188483 591443 959164 163685 782563 917659 1055757 761264 610517 737339 292286 483029 283640 23121 1097008 367711 839684 238229 607895 474143 213560 780792 155412 724037 812474 233001 723730 849250 374011 621066 795956 590323 482369
964934 262768 27699 565062 365988 285944 1034990 787643 26390 255329 859626 665316 1035913 524708 806317 652750 307336 103837 412098 371786 191575 368523 281101 648861 928623 675441 521108 722101 471012 173458 999999999 121251 501134 821623 581896 387326 797462 864860 649094 429691 578989 664215 666264 212567 74623 813653 256149 773201 671089 645575 1071585 829081 303364 615465 833702 783557 838001 390141 157243 595235 811920 669021 416935 532178 250522 716074 288837 102010 740163 892496 283848 687601 790878 1076323 771855 516624 637914 358893 487315 117749 176270 1113281 196239 785383 101466 493921 578596 65708 813676 221176 726804 799388 322513 802098 905127 242237 542888 795291 668285 506454
1071184 339428 146359 678465 465797 383897 1150462 857758 94893 344203 915037 767922 1143218 645514 927474 773394 426941 189964 440385 388477 301160 480705 393508 747699 1019756 767759 642218 837706 576469 260793 121251 999999999 612473 933470 694573 482253 911255 984805 747603 546260 634445 775600 787508 323500 177165 905005 288526 894250 743908 738852 1188265 929223 419084 727525 939000 872981 956763 505033 139846 656260 923472 782067 489228 569928 356924 837286 407971 81263 848103 973283 397134 754145 827938 1189547 884336 589102 702492 480047 601567 158655 271730 1225304 188913 874199 22745 552022 698091 162069 930564 340675 837681 904842 441835 923333 1024932 304183 624334 904600 789536 624069
804631 550826 473447 70231 483293 242020 764798 889267 524488 510367 1012132 607138 855484 183905 400350 351407 218519 513611 752210 748181 311428 132630 396838 624813 888423 686403 203575 232806 67233 362641 501134 612473 999999999 631991 83272 516152 589952 536999 627322 95709 791342 524527 301870 289372 491115 794569 646534 417665 787548 660073 780106 745299 365627 487019 706578 783396 543046 371292 639174 782391 627836 170483 627810 813954 256427 356873 329619 548305 241477 920005 217397 827773 1022338 829548 586793 684055 799140 222578 400345 573472 345852 875985 659358 788499 589850 723690 162160 504152 558082 291183 572403 678764 203531 421458 575000 582268 660054 639110 308349 357683
172644 628735 804829 601894 478668 757393 231217 470295 846186 605773 604266 207447 228792 449158 376320 285152 598424 746116 713713 757909 733599 648918 540775 248892 312990 289925 431426 576319 692130 812093 821623 933470 631991 999999999 612214 474312 44423 228705 251380 581339 567926 157899 355620 717651 756415 277775 741336 290961 445863 295336 279580 177291 519304 206176 107985 296276 172212 432493 855439 533513 11264 614060 539816 663506 725205 320060 541692 919525 706202 402697 671348 490055 708002 257255 50834 489859 506229 527374 335419 794264 789109 291848 835733 302414 918412 571189 480902 771401 111232 656897 96799 106362 593222 328725 238193 678720 427483 51984 348219 329842
783580 613777 554261 19473 531200 325076 722717 911627 605668 572793 1039147 615265 828939 185124 338921 327064 289887 589089 812183 812472 393413 213901 455576 638054 886976 702188 207110 150482 139346 445898 581896 694573 83272 612214 999999999 562489 568628 490132 640811 160167 833562 522565 263307 371123 568316 800148 715135 370290 815808 677928 733163 741184 421840 490848 695888 792725 504027 412593 716641 821373 609459 87538 677120 864843 339278 313531 389868 631265 169835 929291 298150 858167 1061075 790540 570576 724488 833724 278978 423468 649807 428982 837733 734639 798187 672006 770860 131916 581858 527663 368009 563696 670691 274213 366444 525903 648594 694425 625959 270493 373937
594614 155105 379385 543313 34294 467246 703256 423711 407542 138593 523611 288876 667950 399699 606307 418331 328046 293059 279891 306210 388336 430541 146114 265711 541297 288117 381266 644155 537078 451667 387326 482253 516152 474312 562489 999999999 462163 589629 265511 421268 276234 321314 474719 385198 313680 426328 267945 538848 307590 258325 747950 447356 161604 280471 461981 396545 545615 151383 385612 271507 463418 626970 116242 303850 417163 501713 204033 489278 727626 510696 387928 337166 509215 730484 429718 172969 297513 295134 193169 330283 433089 761241 362244 398561 471479 208403 473747 325987 501678 320668 377954 428434 336795 580808 624666 204538 170165 437202 472320 245896
215208 614963 779671 558570 463443 721641 241931 497006 822439 589716 632633 213538 267290 407793 334527 241619 564292 725593 711875 753463 701854 610843 517764 256724 353962 305360 390598 531981 650792 780509 797462 911255 589952 44423 568628 462163 999999999 195288 259536 541716 577697 140889 311291 685215 734100 310456 730094 248195 463244 306447 285802 214044 494196 185334 147678 325478 137512 407336 838536 544537 45074 569685 535768 669608 691001 275765 514032 894042 661798 438652 636473 508656 729568 278950 36443 493500 520710 493018 310153 775728 757443 317541 821089 331734 895497 574418 437560 749348 74060 625824 89078 139152 558370 287162 210527 665430 431678 80837 303886 298540
355298 730508 842783 486308 580950 723535 234360 691620 891087 698153 827657 394159 374757 379926 175903 215133 585950 811557 860624 894418 731741 599374 602266 437318 538222 493146 371537 407327 603745 808404 864860 984805 536999 228705 490132 589629 195288 999999999 440421 520266 753446 293763 236174 711511 811986 505179 850775 119985 650949 489412 243442 405990 570849 317944 336309 520761 57886 490808 936187 722790 235104 462664 683003 837300 705343 180216 576967 952388 537577 631399 648745 697300 920218 305313 227058 659427 704314 518411 404495 868439 785649 352944 927721 527019 966185 737712 374999 827910 121472 663323 269121 333320 575435 132199 40856 780964 600313 275376 230265 366563
335429 416536 638459 624806 283232 669187 478849 279209 670581 404059 414672 46468 409506 455715 531580 363579 508353 558021 467950 516156 613767 591434 379402 3259 287630 63140 433753 663947 671741 686791 649094 747603 627322 251380 640811 265511 259536 440421 999999999 547765 318185 154153 443168 604087 576769 177136 516822 445116 212734 49336 529254 181912 373025 159367 205008 158321 384442 300274 648239 285110 240281 675930 300639 412134 625445 438930 409229 750991 778925 293606 581211 259726 483806 490568 223138 239450 263908 447470 230956 595424 665559 514585 620526 162861 736371 320737 517082 589812 324236 537370 173179 174285 509900 490745 464026 462812 177036 202613 437295 269723
752920 456704 402402 141369 388167 207690 737458 802657 454492 416013 922859 531741 809001 141135 409314 315425 129960 429879 657333 654750 248417 80655 301420 545456 818046 604769 153652 292536 124228 312947 429691 546260 95709 581339 160167 421268 541716 520266 547765 999999999 696957 458873 286603 225634 410414 719340 555477 405907 698272 577295 758871 678303 269936 417136 645902 705497 516119 278647 558633 688905 575824 243745 532317 718280 202826 343252 234364 489224 329069 841368 151638 737399 928628 797601 533370 590315 707124 126940 317463 491016 292778 842630 575157 710312 524093 628403 161987 424419 520556 210951 511957 616034 114196 419997 560280 489731 568517 581723 291627 281213
616425 320408 582352 814705 310073 731008 789955 238466 590426 342049 281377 364212 687416 661420 820026 635335 602280 475315 218458 279237 641385 705802 413942 320976 466570 280952 641129 901228 813295 692141 578989 634445 791342 567926 833562 276234 577697 753446 318185 696957 999999999 459945 706115 643042 507636 370908 347677 739486 149820 272594 841848 450599 435743 443751 501978 334022 699123 421433 501396 37467 557027 892420 176522 107188 679636 718597 477422 671879 994981 378340 657522 134183 233620 791533 541279 109906 84267 571252 426587 479205 677390 807834 457370 331390 632704 85266 734251 513569 640787 583289 490537 478225 611871 784923 779713 337313 156615 517454 701968 483270
309475 474157 647872 508743 322851 617063 382515 428255 688628 449479 565193 111488 376215 342337 377798 217834 455061 588258 576031 615368 584070 517918 383189 150899 364859 214286 321537 524423 578043 661963 664215 775600 524527 157899 522565 321314 140889 293763 154153 458873 459945 999999999 298553 569498 598578 280555 589258 291001 366613 203178 426639 220776 362759 49444 189151 279038 240762 276318 698764 429982 147882 545078 398708 544127 580917 287761 387284 762652 645726 412685 529228 413662 637696 414751 109741 366268 414590 385566 180157 636862 639204 449705 680502 285028 760636 445487 392507 613533 186830 506589 62859 157724 451869 336603 321909 524581 306622 134048 292085 185303
524207 586232 641693 256342 454034 492841 463164 722280 692615 547952 857724 406549 566537 149876 141812 80720 368323 630803 753960 773966 512931 366792 434742 439998 649207 506132 147230 227273 368185 586619 666264 787508 301870 355620 263307 474719 311291 236174 443168 286603 706115 298553 999999999 491397 623952 576978 705281 119352 646328 488698 478545 502340 398785 283896 448340 577479 242077 337670 761522 683963 354344 258550 586717 766471 479665 56718 391149 744931 353396 709891 423673 692646 912475 529040 318924 598469 681821 307832 285390 691566 564527 575905 762603 583505 767169 664753 139767 639785 264870 451628 323678 427582 355707 137453 275264 633227 551205 376789 7410 229635
878924 338374 184890 354968 352655 92290 908140 808334 235311 306162 907076 605406 944172 342281 625093 496654 125628 244290 535872 514608 22786 157225 239493 602803 891494 647462 344586 514816 259089 97110 212567 323500 289372 717651 371123 385198 685215 711511 604087 225634 643042 569498 491397 999999999 215032 780625 400330 606813 692718 616922 937608 768831 233937 520655 755552 757359 695226 305077 358400 647331 709618 458589 466529 630201 42968 545732 195107 263613 527610 883722 74240 721712 873907 959569 666868 552556 679555 195279 392206 298099 74182 1001151 385786 760752 300980 561345 383882 225397 684096 66900 631067 722080 136376 628751 752363 350691 555161 703203 494879 387834
895975 189238 74815 550360 293553 301571 973512 713487 93908 180713 787514 594447 967565 488735 765411 603156 281744 35367 351457 317464 198614 360132 216390 576634 854874 601729 482388 701423 470582 209539 74623 177165 491115 756415 568316 313680 734100 811986 576769 410414 507636 598578 623952 215032 999999999 739880 199854 725949 596789 572004 1011725 757428 242956 550406 764187 709498 782005 328270 148331 522667 746459 653820 343139 466174 257404 671105 235903 175908 732545 817887 276753 613951 723487 1012389 707204 442547 564632 321642 424538 83363 204171 1048262 170933 711252 162255 422396 548552 15963 754237 200326 660770 729930 297578 757491 851757 173320 468267 728119 625289 448626
255625 566766 805273 785424 449430 846316 455959 201643 833651 561592 329546 187715 321912 616834 636414 496546 685301 717865 569051 625294 789789 766613 552247 178723 114998 138237 595267 803913 842520 861834 813653 905005 794569 277775 800148 426328 310456 505179 177136 719340 370908 280555 576978 780625 739880 999999999 651935 547815 222531 168393 509343 104737 548416 309391 175024 37032 447698 477364 794752 333469 270410 825588 428518 477824 802506 559038 585572 915592 926238 133093 758301 254484 449454 440167 282383 340019 290488 623512 405409 748687 840929 448349 761364 39614 895743 411193 671641 751870 384483 713811 257137 171903 686566 590600 515923 608186 288260 229849 570222 438409
852081 120787 268990 695977 270542 491572 970980 577421 259882 157363 627127 548055 926097 594802 844785 663078 428021 164745 156698 117611 388190 524395 273634 517816 763884 521019 582117 830977 639758 409136 256149 288526 646534 741336 715135 267945 730094 850775 516822 555477 347677 589258 705281 400330 199854 651935 999999999 787551 467700 495502 1015889 695591 310425 547871 720528 617083 809763 369461 153761 371978 730339 795041 223421 282481 443194 742284 330995 335424 884528 702394 448405 472256 541586 996405 697459 317090 419878 440711 446587 141379 402396 1025517 111827 617173 289128 267704 664661 198145 768412 364788 645372 688118 443057 826195 887338 72054 363699 702347 704576 490325
445680 666870 749638 366323 523981 611721 352882 716454 799587 631126 853785 401973 477171 267862 88686 124970 482300 729455 817554 844517 627895 485979 525223 441860 601752 504906 262555 296090 484600 702847 773201 894250 417665 290961 370290 538848 248195 119985 445116 405907 739486 291001 119352 606813 725949 547815 787551 999999999 657184 493974 363394 458983 491066 296426 395450 555916 140453 418854 857993 712740 293230 346464 643211 812339 597076 62656 490274 855869 427458 679726 540772 704252 928085 422145 268193 637164 702299 418212 345985 788731 680477 469655 854618 562193 874599 710525 256038 741902 183503 563437 292114 382562 470514 45778 157336 716018 582952 325681 114321 297523
473029 409031 669117 798148 340162 773310 657581 117343 686709 417769 224632 257872 542351 633470 742894 568930 626229 568439 359780 419101 695851 723797 453324 215964 316986 158113 611770 859393 820920 757432 671089 743908 787548 445863 815808 307590 463244 650949 212734 698272 149820 366613 646328 692718 596789 222531 467700 657184 999999999 163480 710436 309027 464270 365078 366850 186041 594123 421884 619273 112870 435627 862550 255382 256986 723863 647634 506555 769854 966379 236060 691338 47068 271096 652654 427781 155120 67967 580219 392474 585351 739589 665720 579527 182917 738753 204888 701735 605757 532321 627770 381893 347493 632537 702901 672238 439739 137595 393977 641023 444511
362925 402529 636931 661384 281040 686620 519427 235764 665857 394777 369380 95257 436742 492957 580125 409759 528239 550727 434134 485101 624968 616062 385061 52543 283183 30683 470960 707284 701523 695630 645575 738852 660073 295336 677928 258325 306447 489412 49336 577295 272594 203178 488698 616922 572004 168393 495502 493974 163480 999999999 570686 200957 383366 205019 237226 141063 433214 317875 632908 238475 284434 716595 274326 369701 641049 486436 422004 747557 820006 268816 599615 210507 434575 526634 270212 202040 215153 470977 260122 583808 675103 547819 602260 144081 728949 282338 556746 584225 372551 550024 221413 209643 531142 539649 512484 446260 140894 245060 483014 304381
267404 900377 1051923 729667 748574 958186 53397 710946 1097196 874201 834136 486497 234556 617753 406295 445419 812455 1005729 993282 1037027 956551 836526 795829 526948 487817 561002 607015 641293 846667 1034650 1071585 1188265 780106 279580 733163 747950 285802 243442 529254 758871 841848 426639 478545 937608 1011725 509343 1015889 363394 710436 570686 999999999 407041 769187 469566 343761 538532 243716 683469 1122006 806276 290843 701294 818943 940348 935867 423249 783650 1164877 768327 605762 879437 751426 958435 102215 319132 768563 774619 742365 587912 1057899 1011599 140126 1105984 543804 1171395 849900 617977 1027292 257917 884131 372110 364081 803534 369454 207478 950939 706127 326645 472324 565276
166081 598127 817418 728007 464023 825662 353668 305395 851062 585933 434257 165304 238449 562814 546736 423829 662811 739474 632294 684870 780694 733973 554856 181646 146972 178943 542179 729204 798468 856174 829081 929223 745299 177291 741184 447356 214044 405990 181912 678303 450599 220776 502340 768831 757428 104737 695591 458983 309027 200957 407041 999999999 544157 261322 71036 131519 349262 464365 829715 413475 171233 757559 475248 555147 785640 477464 576843 930750 855389 225409 737113 347049 551590 343748 190810 399283 375809 596166 378919 777335 834213 357392 801012 136883 917695 477062 610005 770743 287090 703154 179191 76481 661675 499861 414189 643803 340248 133779 495231 399633
668228 196884 285621 402368 127329 309476 731829 578095 328563 156055 683797 378982 737535 284823 540021 366462 166690 240708 390592 394886 241626 270107 36794 371980 660585 413976 271706 524625 379572 313768 303364 419084 365627 519304 421840 161604 494196 570849 373025 269936 435743 362759 398785 233937 242956 548416 310425 491066 464270 383366 769187 544157 999999999 313558 539365 524123 539337 86906 367122 432884 509843 495247 264878 448922 261022 440287 42548 400239 591005 649786 227308 496768 669313 773119 469191 334534 458760 143651 184161 298313 292591 810547 364425 527370 402328 362065 355923 258693 511490 167170 425596 505148 176164 526087 610216 239053 327125 495524 398797 205803
358576 431064 598862 476036 279096 569748 427127 438574 640010 404723 573828 125842 425635 307542 379589 204741 407352 540836 543670 580038 535007 473279 334605 156220 401740 222445 286077 505122 538093 612790 615465 727525 487019 206176 490848 280471 185334 317944 159367 417136 443751 49444 283896 520655 550406 309391 547871 296426 365078 205019 469566 261322 313558 999999999 236094 302605 269027 226997 653246 416385 196467 519864 365859 521432 532788 282583 337840 713614 622123 438779 481654 411914 634467 462146 156824 344152 406569 338470 130713 590440 590067 497969 636422 308238 712308 420832 363267 565467 221466 457458 112245 203580 404663 342098 349727 481733 287626 183404 278109 139087
132651 616227 819924 683862 473927 805801 290776 373855 856833 599589 504423 173295 206091 522756 482173 372352 643445 749165 670885 720504 769135 706773 554524 203641 206341 222059 503093 673447 762883 846255 833702 939000 706578 107985 695888 461981 147678 336309 205008 645902 501978 189151 448340 755552 764187 175024 720528 395450 366850 237226 343761 71036 539365 236094 999999999 198760 280148 455507 847530 465604 103244 706065 505641 603774 768730 418802 568336 934371 801582 295579 717746 407689 617895 290159 130062 439262 431728 574415 363448 791367 823765 310679 822232 204522 926018 519430 564003 778255 218984 691397 134326 34331 640665 434839 343428 664041 377810 71645 441061 374356
289414 534121 775915 777431 420983 825408 485150 175191 803096 530342 307991 177461 357095 608320 644590 496769 665538 686693 532287 588736 765749 749727 526105 160419 147294 110380 586532 803407 829274 836675 783557 872981 783396 296276 792725 396545 325478 520761 158321 705497 334022 279038 577479 757359 709498 37032 617083 555916 186041 141063 538532 131519 524123 302605 198760 999999999 462943 456110 760998 296571 287987 821924 393764 440880 780616 563070 562290 885368 923561 136749 737841 219403 420096 472561 294953 303932 254005 605586 389199 716094 816102 482396 726930 6304 864166 374400 665865 721181 399376 690464 263803 190024 667540 599640 533987 574667 253449 246212 570934 425898
