NAME : synthetic_000217
TYPE : CTSP-D
DIMENSION : 100
GROUPS : 8
RELAXATION_LEVEL : 1
EDGE_WEIGHT_TYPE : EXPLICIT
EDGE_WEIGHT_FORMAT : FULL_MATRIX
EDGE_WEIGHT_SECTION
999999999 671895 270720 611025 104936 851368 606449 235675 408618 258404 450359 310917 356859 106914 443740 236989 729069 588684 461598 624908 598273 447162 203487 454692 487162 363687 180643 655462 341485 346775 475436 782176 172678 652092 930081 235573 528798 617789 550196 514646 408181 190918 239066 237239 489921 684074 191809 265195 620526 649063 217086 515522 283647 331469 389939 452954 637069 381447 406554 193795 585559 870012 68936 100425 347095 488789 575383 244461 44835 734235 402834 655183 494694 384371 452927 503356 713112 248488 455715 508962 463339 340147 525326 709916 410191 273932 200558 762086 466034 391780 197958 528631 669561 427440 195546 77538 394958 170916 509868 201546
671895 999999999 914880 282584 776537 287700 65493 815760 629166 861841 668219 499232 787937 650166 954632 600591 74898 267834 979784 434058 74794 606578 471351 283046 330432 449483 772418 215988 337674 355813 348463 193146 597171 62155 391082 529088 334760 227908 641586 678427 264895 518851 437243 895032 186003 33132 817838 689540 72520 39381 485223 602213 673908 854436 418751 440332 447132 523770 814107 513604 161120 300446 616146 677280 648450 257275 508679 744296 635199 421477 291683 356131 276571 673872 744253 517504 139769 862519 548457 722410 999090 685988 481297 263671 768316 780211 480829 236393 434597 384480 485237 663657 233745 582936 865896 749285 879846 797268 567108 866314
270720 914880 999999999 795555 195013 1116172 850635 361519 648837 87467 682243 461501 533697 264756 261958 349076 978191 857812 267281 762129 840095 693395 447542 721716 757618 523901 150123 921853 600576 564765 746107 1042668 325210 885593 1197953 502892 799460 816723 599198 542137 651142 397045 479568 48114 741367 931388 292601 482358 855675 897014 430567 581943 321721 198977 557652 597289 770163 498031 331856 402130 846747 1134691 306169 335019 393638 755222 838491 225684 292622 882019 627948 818101 762939 611288 435821 764536 972171 324218 712420 511542 253495 561011 645636 900286 604552 213816 466802 963254 734580 575229 430344 564976 936863 505805 171190 204791 259760 289716 764551 203154
611025 282584 795555 999999999 710398 569749 264523 815182 740730 723944 788777 334311 847409 546708 763243 447487 352677 490541 788416 151539 248428 736260 420230 422896 498894 271970 645437 471598 375256 271286 510819 475488 474837 220574 673001 570912 525097 54917 377967 425735 279135 421974 386876 789899 297161 315632 793408 735268 217520 303416 393965 344911 496934 681753 237934 213306 164573 316749 606973 418428 383623 581738 543130 657810 447389 418954 699877 586370 566796 166986 234319 81719 445923 768759 514133 680904 419933 847228 689447 474696 812747 761746 219254 105092 853160 615646 474490 174298 590477 223157 416240 406464 492414 352931 800311 680114 688591 771534 726099 811285
104936 776537 195013 710398 999999999 949657 711067 196067 454233 214827 488920 397332 354709 174427 416766 305924 832981 683143 430038 714058 703050 498441 308291 552507 578572 454453 169766 752994 444375 449762 565391 882981 250379 757024 1025413 314763 618565 719589 612595 569028 513072 288425 343801 152290 593917 788289 131818 290025 725462 753248 317302 582612 329018 315891 483225 541456 725319 460146 419478 292007 686568 968352 168334 140863 400745 586964 645348 261154 145684 826848 506996 750562 590916 418470 489557 570903 814636 183867 517915 554676 424985 368968 608657 810769 420637 278835 301521 864670 545741 488816 301441 586356 766167 495708 91051 30377 383897 118195 569726 101901
851368 287700 1116172 569749 949657 999999999 323180 932825 659735 1078068 681390 753843 851559 859657 1199830 841632 217809 273814 1224303 721286 339877 619760 672953 397158 383177 713128 986863 196985 516487 597852 400273 94691 822555 349302 103388 650540 353226 514882 925631 958603 487475 739188 644986 1087608 390967 255057 954923 779387 357441 274288 707245 884820 922026 1092079 686215 718962 734048 792466 1071762 733717 271904 18715 810116 825371 908981 362771 457908 978635 823924 698372 538758 640684 359723 715675 1014450 506561 160696 987991 559947 1000175 1240112 746421 766539 536397 807738 1016436 651007 488138 459373 649621 694959 945520 185975 857210 1031567 926979 1127128 937335 550269 1023849
606449 65493 850635 264523 711067 323180 999999999 751931 576282 798853 617326 442394 728975 586047 896619 540695 130066 240240 921657 412629 16974 556797 406218 228183 284448 395761 709055 208035 272682 294590 301369 229733 534586 74138 425465 466485 295758 212986 603028 635455 199923 455323 372308 830230 121516 82109 752964 628547 52929 51011 421727 561809 615935 794614 366687 395848 426885 472759 759302 450028 128638 338111 551013 612247 594246 206421 473403 683589 569915 418491 230916 343808 228792 618733 694524 474236 163814 798091 500299 677422 940227 628293 445024 270929 712442 719943 415528 261560 387982 331073 420611 622377 228500 535312 800403 683858 822194 732312 523390 800861
235675 815760 361519 815182 196067 932825 751931 999999999 330357 404147 349589 541602 174472 340461 607300 472547 859118 659041 618373 849058 748087 379933 395275 551048 549699 589492 365696 738905 481284 543899 532581 882055 408260 810942 993099 289617 581245 812197 785723 748626 571197 413663 428312 313422 630437 819756 69202 163380 778818 785412 432554 751183 512800 510863 611955 679720 862164 615335 614872 415138 694096 951305 299285 158585 580147 584718 553001 454652 276667 952441 588207 869046 579611 279653 678891 478357 820521 59071 418685 739823 609829 229161 755741 906917 248599 474454 347084 949497 484457 607115 402921 763444 747283 663100 191738 212989 579049 77950 461314 161864
408618 629166 648837 740730 454233 659735 576282 330357 999999999 660565 50658 593529 197744 495168 852192 586528 648042 400188 869537 830385 579709 49836 404009 348125 303662 612253 588998 483842 366954 504206 284659 631525 524285 648356 701072 209384 316229 715763 865753 851988 461595 473387 416431 604109 469597 620759 382173 171571 619553 591568 468247 822324 660087 740011 617609 691324 845975 674094 803902 470860 475529 677027 426433 318352 703834 371892 229584 646803 418772 903644 513523 814396 353757 57846 824823 159933 584266 389112 101100 863144 869670 102367 774678 805813 148205 679530 323278 823953 205203 594134 430165 857460 485085 742526 498513 449867 802615 374362 132598 475664
258404 861841 87467 723944 214827 1078068 798853 404147 660565 999999999 698576 390042 569029 218461 203178 276735 928036 828214 215334 682012 787213 701891 405115 689452 733166 452135 91210 886944 561990 507192 723462 1000384 264907 828379 1164076 493405 776350 748516 512318 454813 601643 343887 433981 116125 695067 880552 335529 502266 799489 846848 377351 496111 238959 117262 486504 520593 689384 419119 246809 349259 806546 1096348 274346 342254 309025 721753 833637 142653 267095 802504 571269 741704 732264 629297 348520 761760 929074 376739 713615 424111 210631 580989 564463 829014 635457 126892 438268 894264 722052 507277 383896 477797 903240 421885 226497 211982 183009 327358 767448 258616
450359 668219 682243 788777 488920 681390 617326 349589 50658 698576 999999999 643831 197772 540237 892836 634880 683276 429933 909527 880295 621557 63234 454283 389828 339375 662897 629884 512729 416005 554558 320712 659312 571994 690125 716146 259199 346887 762672 916089 901784 509743 522886 467035 636533 513714 658170 406714 200121 661965 630065 518359 872746 707323 781689 668245 741940 895919 724474 849363 520462 511961 698159 472010 356820 752453 411516 235159 690996 463164 952320 562856 863093 391733 71423 872937 174955 615717 407082 124132 912330 908566 122639 825286 851920 133402 722959 373556 868052 237091 644647 480223 907504 512159 792670 526640 486856 845217 401230 135523 501906
310917 499232 461501 334311 397332 753843 442394 541602 593529 390042 643831 999999999 626420 224059 455607 113315 571454 551550 480824 316755 427926 611647 189552 419583 490465 62403 311473 584196 290704 158003 490274 665395 148118 455825 850946 385179 533129 358991 272277 262759 271031 131721 180926 457937 365419 523593 502700 515678 430350 493223 126364 229404 175303 359316 96490 144212 328012 81111 318074 131884 489955 770666 243340 386585 156105 441712 662023 255483 266936 431122 215127 359622 462688 597224 271738 610181 594469 559324 588486 284079 500964 569972 214540 439267 658162 287951 270276 504299 534043 119953 164571 265240 604200 149836 482811 367296 380672 481657 640156 499033
356859 787937 533697 847409 354709 851559 728975 174472 197744 569029 197772 626420 999999999 462204 771461 582967 817682 584645 784359 909550 729083 245322 449321 506272 480245 662486 518198 668293 479469 584243 461341 816104 516259 796523 897307 276916 501177 833116 890325 862572 577338 494935 474858 485795 612047 784842 241748 113519 765549 752856 503355 851179 639413 668923 677627 750526 924106 706133 760598 494548 645181 869262 404055 257258 698772 535828 426474 597864 386641 1000081 613095 912326 523073 139902 809120 357649 763095 225054 298271 861974 777964 105689 832041 927274 75867 623209 378268 957659 392320 663567 467105 873679 672066 764674 365614 363464 736322 244258 327644 336262
106914 650166 264756 546708 174427 859657 586047 340461 495168 218461 540237 224059 462204 999999999 371843 133758 714033 611219 392833 540657 575375 528891 186739 471912 519116 282999 127316 668611 343538 301338 510690 782633 76169 621233 945753 300895 562887 561617 445878 408352 386882 132884 216561 248382 478524 667027 290426 365628 591118 632802 166166 412912 177252 256569 313505 368240 551602 285879 309182 137813 588264 877959 69350 204948 240354 503821 637260 152749 77952 654938 363860 581106 515131 477970 346917 569422 711510 346865 528246 402049 400517 437143 434244 649568 512323 187908 225040 708211 518439 323552 166690 422988 685073 325093 258756 145021 312814 270985 583221 275541
443740 954632 261958 763243 416766 1199830 896619 607300 852192 203178 892836 455607 771461 371843 999999999 358288 1026273 969979 25346 682066 882629 890769 542359 830256 885128 509328 263195 1018210 696572 604155 878283 1114887 383426 911129 1292801 670295 929336 799694 459361 394393 712452 466404 563160 306220 808964 978306 538587 700115 885951 947121 496000 461697 280760 115274 542763 549952 684960 447510 161578 471750 929588 1217357 439365 536455 316222 859569 1008789 226163 439913 800826 666405 759066 874506 825065 276333 939987 1043276 578365 896273 348146 51793 778169 565146 865527 836647 187920 594991 937474 890178 573337 515620 420353 1036518 415900 426109 410626 75336 530517 950995 458553
236989 600591 349076 447487 305924 841632 540695 472547 586528 276735 634880 113315 582967 133758 358288 999999999 670725 618621 382913 418715 527341 613035 203448 480409 542630 175527 199499 662046 346031 246610 538695 756679 66710 561248 935264 379176 586762 471999 313208 279850 354188 122683 214881 348021 450706 622725 424130 479102 534139 590734 145135 279265 84809 253937 209797 249584 428303 156588 242025 127110 571948 859114 179271 328655 118070 507487 692833 144752 198775 536665 309792 469522 524768 579170 238447 632461 685038 480611 600800 280677 400051 544033 306918 552497 626016 179713 275079 617553 566805 231396 174107 292368 680882 191360 385267 277435 285631 404522 655019 405196
729069 74898 978191 352677 832981 217809 130066 859118 648042 928036 683276 571454 817682 714033 1026273 670725 999999999 261552 1051351 504099 143644 620429 531835 312549 344459 522998 837937 191742 389455 424648 363409 125028 664155 133401 320688 569883 339021 297760 715955 753258 327151 584227 498805 956420 239151 48005 866069 724746 147418 81245 550703 676849 745527 924654 492723 515229 516626 598063 887400 578888 173061 229161 676261 726954 721917 281889 502997 813647 694246 482281 360969 422877 295679 696472 818849 522640 90839 908285 560460 797307 1070121 713597 555444 321036 791658 850007 533497 280357 446339 458030 547847 738359 204615 657728 921156 806607 951712 846059 572112 919700
588684 267834 857812 490541 683143 273814 240240 659041 400188 828214 429933 551550 584645 611219 969979 618621 261552 999999999 993334 628098 252484 366707 428608 139898 109364 527089 737846 83845 273554 395864 126659 231822 586585 311089 342315 377911 84041 444380 775447 792836 285556 503674 406921 825921 207043 247673 681737 506859 293122 228841 475149 730640 702901 857514 509059 562909 643511 609016 859037 498366 111606 292337 554828 554532 706003 111157 242429 744204 565729 652680 352229 572162 96106 453230 823085 262844 186278 714195 305814 825963 1005615 478961 631097 510741 547714 782537 391433 499327 195010 472304 454516 785829 88526 681039 762235 662231 900908 664494 311878 752936
461598 979784 267281 788416 430038 1224303 921657 618373 869537 215334 909527 480824 784359 392833 25346 382913 1051351 993334 999999999 706345 907708 908757 565351 853543 907702 534657 280986 1042180 720050 628985 900622 1139581 406757 936400 1317019 690022 951872 824987 481749 416711 737003 489949 586666 313001 833502 1003378 549389 715540 911174 972127 519831 485125 305882 136799 568104 575139 709068 472788 185610 495316 953871 1241864 459753 552794 341489 883065 1029132 249175 459465 824866 691350 783787 897748 841271 299041 959853 1067949 587457 915419 369746 30584 793883 589664 890602 850553 210849 616716 962629 911267 598642 538853 442686 1060399 440617 434514 425399 100681 542181 970035 466967
624908 434058 762129 151539 714058 721286 412629 849058 830385 682012 880295 316755 909550 540657 682066 418715 504099 628098 706345 999999999 396064 833496 461877 542588 621343 261229 615634 617150 466208 328628 630706 627022 464540 372097 824525 640739 652592 206411 250260 307967 381132 436255 434717 765670 425270 467071 815739 796041 367833 453809 416674 228163 443580 617884 237109 172610 15958 264313 520763 434376 525637 733215 556225 690906 379116 545058 821364 539455 580252 120935 319521 92128 572046 850145 413486 793146 570778 871918 793005 359283 733449 835007 118853 215748 926797 561726 531614 289962 703926 246140 448436 284803 638282 268512 799293 683975 610643 794291 835105 815787
598273 74794 840095 248428 703050 339877 16974 748087 579709 787213 621557 427926 729083 575375 882629 527341 143644 252484 907708 396064 999999999 561560 397054 231776 291424 380481 697696 223501 267547 281765 307857 246248 522646 68648 442268 464139 304893 197411 586162 618837 190556 444088 362758 820401 118341 95695 747612 627359 42017 66698 410462 545018 601883 781276 351058 379274 410387 457010 744395 438834 141170 354697 541813 606633 579161 212081 482975 670625 561096 403739 217798 328095 235488 621044 678647 481483 180718 793452 505786 660979 926535 629237 428073 258261 714294 706785 409336 252617 394306 315675 410561 605645 244145 519111 792721 675557 808077 726809 530396 793801
447162 606578 693395 736260 498441 619760 556797 379933 49836 701891 63234 611647 245322 528891 890769 613035 620429 366707 908757 833496 561560 999999999 423260 330272 276968 625712 627800 449561 367373 511318 258462 596288 552714 629989 657211 233896 283667 708016 882967 872596 458158 496458 431880 649285 455894 595903 430755 219988 602332 568218 488242 838841 689182 777627 628388 701362 849261 691318 836151 493497 449504 636707 459648 360527 729224 350539 181152 681377 453898 901103 514423 812042 330010 106060 851414 114703 552487 438759 60942 886323 909924 152198 784335 795921 189689 715098 343206 809672 174108 602669 450705 876720 449181 761380 545792 492532 839028 422320 82997 523615
203487 471351 447542 420230 308291 672953 406218 395275 404009 405115 454283 189552 449321 186739 542359 203448 531835 428608 565351 461877 397054 423260 999999999 288712 343595 214793 313911 482705 157368 149316 338030 596203 159520 449024 759766 195777 387887 420485 461825 449337 206502 80822 35684 424586 293945 485653 374498 336209 417640 450931 65098 418697 287264 429133 228308 301435 476051 270328 443965 76345 401531 691238 144798 237581 312295 319360 489791 316221 164284 559266 200486 474472 332712 408602 435880 431219 525269 427436 403737 464389 577067 383870 383607 514387 473819 354522 80732 562320 363406 215957 29417 453791 499626 338642 399034 279818 475101 352655 456866 403715
454692 283046 721716 422896 552507 397158 228183 551048 348125 689452 389828 419583 506272 471912 830256 480409 312549 139898 853543 542588 231776 330272 288712 999999999 79235 401934 598818 200781 134438 268838 88378 334062 446831 300392 476246 261801 116466 387127 658618 669695 168247 364124 267451 691524 128561 278574 564692 412282 272171 246925 336170 613158 564991 717644 388455 449818 558502 482708 721688 358849 143159 415849 417028 430642 571808 34656 278937 604387 429110 589876 236845 503014 44392 391077 691121 259147 269855 602765 275966 699379 865722 403352 524837 470214 485321 642720 255016 479753 168936 353303 314692 665079 215164 555984 635065 529918 761519 545922 306000 628549
487162 330432 757618 498894 578572 383177 284448 549699 303662 733166 339375 490465 480245 519116 885128 542630 344459 109364 907702 621343 291424 276968 343595 79235 999999999 476954 643982 190367 200116 344066 19095 336921 503100 358530 449039 269676 44293 460738 735558 744579 247096 422635 327751 723874 201997 318941 572782 398517 333252 291719 397496 690021 627428 771028 465172 527989 637237 556792 784654 417608 172587 401698 458820 447347 639775 81353 201104 659047 467549 665666 315484 579627 56016 353309 760788 190076 283072 604841 218129 772604 917996 374742 603708 540307 448514 697221 294988 543648 104183 430625 371548 740855 197628 630371 655676 558899 818650 555774 239005 645395
363687 449483 523901 271970 454453 713128 395761 589492 612253 452135 662897 62403 662486 282999 509328 175527 522998 527089 534657 261229 380481 625712 214793 401934 476954 999999999 373858 551831 281871 133105 479172 622600 207911 402729 812234 407912 517878 297830 262068 267781 241722 175843 196205 519971 330973 475555 554596 549979 378948 446769 159949 216686 231751 417270 34658 90242 273564 82044 364665 174400 455731 729397 295000 432174 198968 420097 658950 316227 319023 372411 178007 298499 443166 621504 301987 612735 552685 610864 596963 298878 556113 598487 169609 376970 688609 347529 292883 442533 531724 65003 195387 264149 572452 154270 541394 424194 434028 533197 646488 556349
180643 772418 150123 645437 169766 986863 709055 365696 588998 91210 629884 311473 518198 127316 263195 199499 837937 737846 280986 615634 697696 627800 313911 598818 643982 373858 999999999 795908 470850 418927 634769 909265 177103 740337 1073049 411075 687423 666882 471136 419973 511187 253747 342864 150386 604202 790579 301175 439207 711036 756709 287329 448132 184098 152553 407546 448646 624342 351376 250005 259065 715337 1005140 185753 274240 258645 630937 751317 97338 181261 734757 482759 668988 641818 562622 328129 680780 837993 350865 635039 398226 283651 516521 500690 750163 579369 109307 349015 813325 636798 425310 292790 440302 812307 366788 217625 155136 218665 287926 689502 245628
655462 215988 921853 471598 752994 196985 208035 738905 483842 886944 512729 584196 668293 668611 1018210 662046 191742 83845 1042180 617150 223501 449561 482705 200781 190367 551831 795908 999999999 325339 426201 208562 147981 636706 269396 277143 454324 167860 420897 787704 811514 313166 553068 457067 892195 220902 189392 758887 588883 259060 180451 522423 744078 744851 907870 529508 575065 631884 633577 898624 547633 97023 215700 616378 628460 740250 166755 314604 794146 629260 626222 373826 551588 162750 537061 852815 343294 107447 793241 388619 848373 1056279 562604 635938 474809 631489 832326 455538 452380 278741 492206 506430 801977 21400 703139 834596 730651 947146 741027 391580 826913
341485 337674 600576 375256 444375 516487 272682 481284 366954 561990 416005 290704 479469 343538 696572 346031 389455 273554 720050 466208 267547 367373 157368 134438 200116 281871 470850 325339 999999999 152367 199590 442329 313334 329661 602421 204178 243384 355208 543496 547796 98179 230179 133415 574121 151862 345986 480289 370952 297546 310945 201756 497959 430675 584578 275024 343872 482005 359515 587524 224851 246172 534880 294467 339607 439842 163016 377316 471057 309795 536803 147111 447554 178827 393512 560671 334909 372370 525929 327860 573826 732874 388351 424648 448547 479072 509375 144055 478753 250742 243915 181718 545707 342317 433209 531869 418819 627358 459634 372856 530302
346775 355813 564765 271286 449762 597852 294590 543899 504206 507192 554558 158003 584243 301338 604155 246610 424648 395864 628985 328628 281765 511318 149316 268838 344066 133105 418927 426201 152367 999999999 346782 511102 242303 321411 693870 312351 384791 271803 392397 400885 113036 168508 115591 549615 207872 376697 523629 470911 292298 344311 135708 346811 324580 500310 122775 192037 343850 214105 474380 163717 332088 614977 281590 386741 314092 287639 529201 388999 304111 416123 64196 329205 310286 521763 427895 486929 439663 576748 476646 431094 646631 506588 273897 365273 598452 425441 206520 415322 403058 92117 148863 396789 446247 287187 540766 420100 530481 501769 523620 548320
475436 348463 746107 510819 565391 400273 301369 532581 284659 723462 320712 490274 461341 510690 878283 538695 363409 126659 900622 630706 307857 258462 338030 88378 19095 479172 634769 208562 199590 346782 999999999 355488 497283 375346 464214 254659 53367 473852 738996 746370 253659 417795 323985 711672 214784 337479 556777 380432 349542 309893 393701 693419 623407 763855 468701 532942 646632 558260 780621 412869 191305 418732 449239 432870 637945 96315 190668 652407 457164 677752 321465 591171 72591 334214 759598 174283 302096 588044 199998 773304 910357 355801 609749 554746 429421 690474 285891 559654 86628 434770 366419 743303 215154 631937 641422 546305 812570 540035 222720 630551
782176 193146 1042668 475488 882981 94691 229733 882055 631525 1000384 659312 665395 816104 782633 1114887 756679 125028 231822 1139581 627022 246248 596288 596203 334062 336921 622600 909265 147981 442329 511102 355488 999999999 741297 254931 198055 594567 315809 420674 831352 865059 403085 658570 566406 1016370 307009 160407 898495 734901 262771 180153 625951 790780 835679 1008837 594830 625521 639919 701102 983457 653107 196621 108551 736723 764547 819674 299515 451409 895880 752026 607243 450419 547311 302461 684996 923103 487785 71728 935230 535381 907152 1156331 710421 672038 445779 779324 933333 581840 401746 426576 558563 616489 851642 147207 764787 967527 858879 1041509 879894 535003 962068
172678 597171 325210 474837 250379 822555 534586 408260 524285 264907 571994 148118 516259 76169 383426 66710 664155 586585 406757 464540 522646 552714 159520 446831 503100 207911 177103 636706 313334 242303 497283 741297 999999999 563611 912775 319064 547389 492664 378435 346509 339295 83646 180038 315509 434431 616485 362496 412734 534599 583108 115394 342960 136569 271342 239324 292204 475440 210796 288882 89091 550815 840494 112671 262223 183728 476346 641774 157730 132791 579205 306362 506383 491081 514771 301231 578596 669633 419213 543765 346859 419725 478576 358336 578600 559763 196042 221551 639383 517716 252159 132228 358666 654512 254884 334776 220711 315585 342300 598427 351678
652092 62155 885593 220574 757024 349302 74138 810942 648356 828379 690125 455825 796523 621233 911129 561248 133401 311089 936400 372097 68648 629989 449024 300392 358530 402729 740337 269396 329661 321411 375346 254931 563611 999999999 452630 529452 369574 165821 583336 622200 244841 488566 413840 868515 184594 95285 807768 693746 32168 89519 455104 544879 631127 814030 370576 385958 385076 473803 766836 483517 199953 361636 592847 666504 601034 280036 546874 705850 613205 360903 257719 294077 302799 689564 692346 548367 201324 854904 573918 667238 956789 697233 422583 205615 782669 740814 468645 188471 461928 338075 459621 606591 288478 529939 847420 728807 835986 786691 597501 850095
930081 391082 1197953 673001 1025413 103388 425465 993099 701072 1164076 716146 850946 897307 945753 1292801 935264 320688 342315 1317019 824525 442268 657211 759766 476246 449039 812234 1073049 277143 602421 693870 464214 198055 912775 452630 999999999 718676 413032 618115 1028354 1060494 582086 829146 733611 1167244 486053 358443 1020628 834938 460733 377145 797960 987274 1016813 1183525 786157 820840 837211 892260 1168250 823692 363316 91839 893030 896277 1006650 442966 483411 1069837 905355 799491 636358 743400 435393 758475 1114041 542509 261972 1049847 599977 1101500 1331861 794045 869553 637371 846900 1107893 731183 586364 510427 749317 783187 1047780 261179 957988 1104337 1004232 1220874 1004151 581292 1094430
235573 529088 502892 570912 314763 650540 466485 289617 209384 493405 259199 385179 276916 300895 670295 379176 569883 377911 690022 640739 464139 233896 195777 261801 269676 407912 411075 454324 204178 312351 254659 594567 319064 529452 718676 999999999 306947 556267 657425 642629 301247 264092 212007 464790 345798 531381 304573 166838 497695 497388 259312 614454 455619 555452 416807 490877 655811 466074 604471 261501 404643 669201 231826 178608 495683 295798 340422 453433 230573 725853 336645 637458 292591 213593 617595 269866 531609 340992 227436 654040 694529 194270 574129 650559 286104 488765 115406 682878 231730 397350 221118 648334 464629 533602 387274 298839 613620 286795 282426 375893
528798 334760 799460 525097 618565 353226 295758 581245 316229 776350 346887 533129 501177 562887 929336 586762 339021 84041 951872 652592 304893 283667 387887 116466 44293 517878 687423 167860 243384 384791 53367 315809 547389 369574 413032 306947 999999999 484101 775082 785652 284125 466903 371899 765027 228566 319164 607606 426196 346881 295416 441628 729619 671567 815176 504889 566040 668398 598253 828783 461868 173665 371446 502046 485421 683220 107535 178278 703276 510277 691041 352850 606477 80597 369201 803894 183982 268849 637407 222953 814526 962044 395537 640265 559493 463677 741438 338419 557215 111026 469767 415836 781348 170906 671699 694060 599619 862933 591253 233613 682729
617789 227908 816723 54917 719589 514882 212986 812197 715763 748516 762672 358991 833116 561617 799694 471999 297760 444380 824987 206411 197411 708016 420485 387127 460738 297830 666882 420897 355208 271803 473852 420674 492664 165821 618115 556267 484101 999999999 429054 474381 257118 432612 385716 808027 259072 260996 794960 722434 164260 249809 402408 394249 527927 713599 263173 251808 219259 352227 646019 428567 335515 526828 551311 656738 483537 379771 660774 614045 574422 208333 224287 130879 406399 747115 557894 646254 365814 847453 658717 522395 848349 743559 268850 94954 834157 645121 466983 146729 555934 241601 420335 456109 441464 395205 810296 689580 724595 773125 692652 819203
550196 641586 599198 377967 612595 925631 603028 785723 865753 512318 916089 272277 890325 445878 459361 313208 715955 775447 481749 250260 586162 882967 461825 658618 735558 262068 471136 787704 543496 392397 738996 831352 378435 583336 1028354 657425 775082 429054 999999999 65059 492437 398561 451120 616216 570606 672763 735844 782239 569639 651343 398272 45586 287898 421256 270390 213002 247414 191742 300692 399927 690808 939872 490485 640033 213538 673263 920786 377279 511220 357257 424143 340521 697853 868999 183173 874624 766826 791931 857234 114552 511029 840239 160971 462367 926965 385458 542540 537420 793731 305367 436525 39094 808995 125757 683215 585876 395324 716750 907585 707225
514646 678427 542137 425735 569028 958603 635455 748626 851988 454813 901784 262759 862572 408352 394393 279850 753258 792836 416711 307967 618837 872596 449337 669695 744579 267781 419973 811514 547796 400885 746370 865059 346509 622200 1060494 642629 785652 474381 65059 999999999 507435 379265 443575 561723 591634 708608 695489 757281 605963 685011 384386 81311 240335 359548 283803 239660 306745 188287 236344 381458 714534 973534 459121 608397 168805 687255 923096 324036 478281 419001 440827 395919 710699 850988 118435 872732 798525 750851 851049 51404 446034 819188 206545 515556 903565 328518 529588 590646 795241 320746 422144 25975 832585 114619 635203 543628 331049 677222 902892 660613
408181 264895 651142 279135 513072 487475 199923 571197 461595 601643 509743 271031 577338 386882 712452 354188 327151 285556 737003 381132 190556 458158 206502 168247 247096 241722 511187 313166 98179 113036 253659 403085 339295 244841 582086 301247 284125 257118 492437 507435 999999999 257823 172388 630311 96518 280247 564213 468059 212939 245925 224541 447200 434831 605754 223847 282024 397084 323741 586570 252425 219435 504927 351278 422960 427100 180827 443096 492840 370569 442979 68739 353886 205618 490590 540435 412018 331362 612677 413819 540515 753347 486477 356626 350371 577045 530249 225351 382068 323014 187495 220855 501027 333223 395499 603128 485304 639655 542937 454277 605312
190918 518851 397045 421974 288425 739188 455323 413663 473387 343887 522886 131721 494935 132884 466404 122683 584227 503674 489949 436255 444088 496458 80822 364124 422635 175843 253747 553068 230179 168508 417795 658570 83646 488566 829146 264092 466903 432612 398561 379265 257823 999999999 96764 381107 352045 536836 379881 384790 458646 503013 33631 357647 206475 354887 199791 266060 449004 211256 363323 5471 467367 757175 122105 256708 233880 393165 570235 241199 146136 543669 231030 464272 408460 471917 357196 510571 586975 435829 480757 390039 503292 441750 343032 522756 528555 279462 154494 578644 444122 201042 51618 386302 570913 273090 378478 258143 397429 358308 534532 389490
239066 437243 479568 386876 343801 644986 372308 428312 416431 433981 467035 180926 474858 216561 563160 214881 498805 406921 586666 434717 362758 431880 35684 267451 327751 196205 342864 457067 133415 115591 323985 566406 180038 413840 733611 212007 371899 385716 451120 443575 172388 96764 999999999 457952 262055 452291 409304 361367 382566 417724 69756 406971 299677 451370 205225 279207 449248 259593 456905 91445 373117 663129 179247 271382 316530 296411 485069 337762 199369 528960 164898 443216 311813 425540 439649 430363 495138 461801 407560 462412 599732 404245 362304 479871 495249 376063 97996 527008 357437 188724 50089 446017 474654 330644 434605 315191 494071 387490 459340 439400
237239 895032 48114 789899 152290 1087608 830230 313422 604109 116125 636533 457937 485795 248382 306220 348021 956420 825921 313001 765670 820401 649285 424586 691524 723874 519971 150386 892195 574121 549615 711672 1016370 315509 868515 1167244 464790 765027 808027 616216 561723 630311 381107 457952 999999999 718215 910153 244544 436459 838023 875486 414117 595799 332296 233126 552889 597605 774548 501543 362440 385924 819915 1106210 280536 293143 406178 725444 797584 239010 264345 884427 611731 817086 731853 565404 460285 723187 946470 276437 670092 534542 300459 514889 651049 893970 556929 234527 436694 954756 696410 567618 409866 583521 906564 516179 123231 166058 297431 242010 721652 155345
489921 186003 741367 297161 593917 390967 121516 630437 469597 695067 513714 365419 612047 478524 808964 450706 239151 207043 833502 425270 118341 455894 293945 128561 201997 330973 604202 220902 151862 207872 214784 307009 434431 184594 486053 345798 228566 259072 570606 591634 96518 352045 262055 718215 999999999 194558 631845 509294 153507 159485 319184 526267 531194 702014 308818 357624 440966 412677 682226 346597 124918 408408 437753 491384 521446 121812 402774 588925 455326 463758 152972 378245 148823 507906 632307 387571 235294 676638 403396 627697 849732 513439 424137 341763 599979 626457 295574 354414 297473 271537 311835 582984 241645 482410 682389 567459 736162 611308 434561 681688
684074 33132 931388 315632 788289 255057 82109 819756 620759 880552 658170 523593 784842 667027 978306 622725 48005 247673 1003378 467071 95695 595903 485653 278574 318941 475555 790579 189392 345986 376697 337479 160407 616485 95285 358443 531381 319164 260996 672763 708608 280247 536836 452291 910153 194558 999999999 824591 689089 103132 35073 503278 632972 697568 876656 445569 469894 480195 551152 839795 531514 146649 268119 630282 684787 674406 250169 489912 765695 648611 454033 312980 389243 267005 667239 772287 502969 107138 867886 536868 752053 1022121 681746 512781 295436 762140 802027 489961 264618 422582 410630 501088 694252 206004 611654 876926 761598 903770 804336 552633 876173
191809 817838 292601 793408 131818 954923 752964 69202 382173 335529 406714 502700 241748 290426 538587 424130 866069 681737 549389 815739 747612 430755 374498 564692 572782 554596 301175 758887 480289 523629 556777 898495 362496 807768 1020628 304573 607606 794960 735844 695489 564213 379881 409304 244544 631845 824591 999999999 210767 775620 789764 402748 703338 456937 443683 579671 644251 828155 572671 551117 382140 706282 973563 259769 141290 526690 599095 597329 392843 235907 923252 573191 842311 597051 335560 620200 521956 834253 56756 463694 683702 540655 284293 717134 888861 314374 410421 339157 935855 517668 578723 377271 711597 768957 615490 123997 152917 511910 21875 509887 95982
265195 689540 482358 735268 290025 779387 628547 163380 171571 502266 200121 515678 113519 365628 700115 479102 724746 506859 715540 796041 627359 219988 336209 412282 398517 549979 439207 588883 370952 470911 380432 734901 412734 693746 834938 166838 426196 722434 782239 757281 468059 384790 361367 436459 509294 689089 210767 999999999 662270 656013 391471 742173 541136 591759 564492 637592 810611 595963 671580 384068 554445 797637 302597 165734 596393 444051 389795 509656 288003 886891 501085 799317 434843 128951 710622 315014 677205 222380 255494 759591 712856 78945 719404 816932 147200 538518 264780 849694 324628 550086 354744 767194 595374 656483 327507 290391 657316 202864 299648 304138
620526 72520 855675 217520 725462 357441 52929 778818 619553 799489 661965 430350 765549 591118 885951 534139 147418 293122 911174 367833 42017 602332 417640 272171 333252 378948 711036 259060 297546 292298 349542 262771 534599 32168 460733 497695 346881 164260 569639 605963 212939 458646 382566 838023 153507 103132 775620 662270 999999999 85983 425109 529967 605501 787478 347615 367819 381552 452111 743573 453546 181535 370940 561699 634360 577788 253568 524919 678501 581887 367221 228290 294945 277277 659920 672146 523326 203072 822736 546975 649890 931079 666737 409673 218040 752676 713837 436508 210616 435896 314006 428737 591330 279105 510583 815772 697346 810954 754552 572169 818247
649063 39381 897014 303416 753248 274288 51011 785412 591568 846848 630065 493223 752856 632802 947121 590734 81245 228841 972127 453809 66698 568218 450931 246925 291719 446769 756709 180451 310945 344311 309893 180153 583108 89519 377145 497388 295416 249809 651343 685011 245925 503013 417724 875486 159485 35073 789764 656013 85983 999999999 469502 610639 666507 844581 417618 445578 467534 523638 810270 497669 121759 288701 595494 649859 645249 219896 469362 733210 613720 449747 280985 380114 238334 637008 745325 478302 117345 833276 509831 727454 990491 650267 492422 295099 731679 769751 454904 272973 395825 382067 466673 671491 199177 585778 841858 726591 872788 769468 527923 841108
217086 485223 430567 393965 317302 707245 421727 432554 468247 377351 518359 126364 503355 166166 496000 145135 550703 475149 519831 416674 410462 488242 65098 336170 397496 159949 287329 522423 201756 135708 393701 625951 115394 455104 797960 259312 441628 402408 398272 384386 224541 33631 69756 414117 319184 503278 402748 391471 425109 469502 999999999 355730 229939 385581 179621 249562 430007 207474 387159 28444 435599 725156 149304 274245 248859 364244 552174 271879 172852 520884 197709 439602 380563 470889 372374 495135 554305 458026 468673 399370 533956 443855 329410 493518 532540 309974 145242 547956 425028 175975 38254 389229 540568 274314 407902 287216 425921 380985 521627 417568
515522 602213 581943 344911 582612 884820 561809 751183 822324 496111 872746 229404 851179 412912 461697 279265 676849 730640 485125 228163 545018 838841 418697 613158 690021 216686 448132 744078 497959 346811 693419 790780 342960 544879 987274 614454 729619 394249 45586 81311 447200 357647 406971 595799 526267 632972 703338 742173 529967 610639 355730 999999999 264050 412522 224849 169014 228023 148383 300487 358734 647108 899332 453953 603055 189681 628023 875261 357246 475359 342141 379022 314995 652523 826617 187468 829367 725470 759747 812459 131891 513476 798774 125670 434261 886172 369580 499324 509345 748258 259977 393960 61949 765330 88083 656355 555097 393789 683786 862602 679165
283647 673908 321721 496934 329018 922026 615935 512800 660087 238959 707323 175303 639413 177252 280760 84809 745527 702901 305882 443580 601883 689182 287264 564991 627428 231751 184098 744851 430675 324580 623407 835679 136569 631127 1016813 455619 671567 527927 287898 240335 434831 206475 299677 332296 531194 697568 456937 541136 605501 666507 229939 264050 999999999 185722 266059 286962 450623 183179 157235 211134 653670 939295 238873 382176 74619 591745 775557 96384 253484 564320 386085 506807 609327 648519 169769 713840 764238 511684 680089 227061 325663 610314 325636 601570 688232 119540 356164 670397 650145 294346 258084 258793 763934 184296 395671 304332 206287 439393 734662 420487
331469 854436 198977 681753 315891 1092079 794614 510863 740011 117262 781689 359316 668923 256569 115274 253937 924654 857514 136799 617884 781276 777627 429133 717644 771028 417270 152553 907870 584578 500310 763855 1008837 271342 814030 1183525 555452 815176 713599 421256 359548 605754 354887 451370 233126 702014 876656 443683 591759 787478 844581 385581 412522 185722 999999999 451680 470079 623065 365796 134201 360303 820860 1109829 324223 426712 239235 747551 893593 113724 325357 738647 563700 687314 761765 714881 245571 825004 937115 488556 781826 322510 148411 669027 499051 786030 731385 75656 479973 855580 774921 479109 403033 384226 925795 349842 341444 305541 68228 433021 836629 373065
389939 418751 557652 237934 483225 686215 366687 611955 617609 486504 668245 96490 677627 313505 542763 209797 492723 509059 568104 237109 351058 628388 228308 388455 465172 34658 407546 529508 275024 122775 468701 594830 239324 370576 786157 416807 504889 263173 270390 283803 223847 199791 205225 552889 308818 445569 579671 564492 347615 417618 179621 224849 266059 451680 999999999 74075 250387 106280 396263 197644 432831 702193 321015 453812 230458 404269 651973 350879 345116 344354 157064 267706 428314 629971 328297 609053 525554 635592 596644 318886 589885 609468 157422 342822 700388 382151 303183 407978 525763 37303 212341 277239 550382 173632 571093 452879 467432 558097 644759 585088
452954 440332 597289 213306 541456 718962 395848 679720 691324 520593 741940 144212 750526 368240 549952 249584 515229 562909 575139 172610 379274 701362 301435 449818 527989 90242 448646 575065 343872 192037 532942 625521 292204 385958 820840 490877 566040 251808 213002 239660 282024 266060 279207 597605 357624 469894 644251 637592 367819 445578 249562 169014 286962 470079 74075 999999999 184226 104285 394489 264642 478093 733955 384501 522399 234133 462379 718979 379731 408444 287673 213297 221124 487564 704040 308124 678751 558869 700629 668372 282160 599452 683416 83407 316431 774234 406460 377114 387585 593956 99994 284010 227667 596315 144907 626970 511365 475287 622933 715650 643206
