NAME : synthetic_000698
TYPE : CTSP-D
DIMENSION : 100
GROUPS : 8
RELAXATION_LEVEL : 1
EDGE_WEIGHT_TYPE : EXPLICIT
EDGE_WEIGHT_FORMAT : FULL_MATRIX
EDGE_WEIGHT_SECTION
999999999 384860 553832 493294 268529 598051 327860 386614 476750 469419 532201 292729 336695 481580 478593 580042 343116 235914 471081 297666 160686 434269 462051 645926 274076 108263 210728 442243 380826 563392 532589 553903 363474 281146 200054 269897 411110 416197 90005 595296 387099 511594 542800 667237 126389 471956 523980 457489 533305 464886 406072 235666 476622 538904 460958 416676 254539 453369 407710 563203 407425 353354 751708 410429 135515 521163 508367 190593 253390 520204 111573 340403 449377 234099 485264 432980 269587 200053 417192 531699 462196 96866 239472 322769 203264 397203 467101 561972 642823 545097 232778 257997 86977 710587 402154 475071 376548 380698 395053 471260
384860 999999999 880492 638483 545359 982768 254505 771342 709877 840781 901069 248878 106989 811390 783597 931625 646286 595130 395731 575504 370330 561859 590399 636145 153714 277115 538674 335865 687772 831546 914836 937998 547397 103843 461537 491859 151291 321154 325156 893102 577796 693386 877064 932040 504973 511969 902515 634601 779576 541600 627067 346203 861405 812837 365168 757726 189482 833083 649644 922342 486330 224280 1117593 794814 520191 727820 892660 212410 249047 890558 320246 75085 185442 561780 732150 630974 376400 292369 277067 801699 844976 445759 524678 564457 459422 291652 840530 929785 962160 799677 165144 637666 343207 1087524 673249 851547 760302 444454 492374 667208
553832 880492 999999999 944779 336681 426693 881687 352259 262222 530199 185618 663339 869049 685565 739854 106339 682148 544305 693738 308251 510162 913620 443824 1159446 730029 633813 607002 994717 193674 168599 304726 347509 391069 785232 681234 743691 826733 702373 643793 95868 835770 352246 704028 206391 507204 987974 498024 368189 221987 965634 819521 547911 382880 830255 1011754 628599 801687 466043 797654 136629 517929 724021 706714 393685 454399 908587 411966 733048 807148 193850 567286 812785 846103 610838 837243 340359 531887 590638 741368 832204 303281 461048 671170 752619 686819 950817 215670 185238 90012 864157 716848 342525 638487 606867 230127 236952 407956 904385 496973 885775
493294 638483 944779 999999999 746162 745131 387054 625017 950665 532113 836581 724583 532053 382754 313252 922970 275754 400596 923206 770761 649913 76626 955340 258500 645610 518120 341389 362270 821529 1011132 764731 756078 855452 581867 295633 224410 759967 853736 439836 1015093 111533 998603 431588 1108438 458234 167813 611742 947286 996771 119121 130332 713780 661665 270234 345426 386995 458524 575905 161875 890860 895927 761824 706757 605495 513907 122134 666635 477970 395715 821820 583144 655165 802267 334526 183883 920103 752329 660265 834291 257062 708246 574496 280021 193092 291618 377379 769356 863886 1032101 231494 596792 603861 426962 737937 865162 761377 573970 196815 885476 82679
268529 545359 336681 746162 999999999 565964 579832 370079 208412 534948 397579 329050 542907 624479 649657 400676 538641 392966 399889 31498 176311 694334 242812 914181 393757 317801 418210 699818 143042 301776 457990 495554 136076 453138 451668 522748 492371 387774 352233 350312 635650 254254 671117 406157 294644 739955 553472 208740 265692 730559 641588 212962 458373 728943 721228 554998 487225 488664 633292 400512 248305 392308 799287 415391 243415 751497 497044 417700 505897 391437 242246 476499 514565 434237 698978 177214 203072 254153 419579 725407 402046 174739 470822 560335 456157 651367 355441 421752 416820 747891 383543 235962 353934 726188 137526 374975 398732 649024 227050 710192
598051 982768 426693 745131 565964 999999999 867497 214252 635648 213413 241078 847457 925000 379544 451159 333462 477329 417383 962793 557570 668612 748846 781485 999407 863992 706208 493345 947746 485709 586775 124513 80509 689057 879161 592278 621869 994966 939411 664531 522248 660080 728201 362059 631485 480186 854666 135923 718040 624627 815376 617729 743025 121505 532933 953027 358517 832332 174457 583632 295172 812822 914782 280571 188382 463336 661430 91971 779657 805314 233691 680913 936554 1028359 479415 581263 682498 750757 750568 961289 540610 164232 553571 545257 588087 597462 920265 232074 245492 472379 577008 828103 359052 648903 180634 558187 208004 224180 797411 791084 666367
327860 254505 881687 387054 579832 867497 999999999 674297 780496 689450 848758 404580 147586 618246 576069 904692 450093 450919 596082 610995 418847 310775 714632 398677 303450 263752 377633 122076 705277 881352 828834 841138 638504 221444 280771 280411 389686 520476 237958 920530 339964 794249 683473 985774 403384 258781 762419 735277 843627 287097 394534 445786 751936 588024 147276 577427 106922 699560 422832 885216 626796 419475 946596 683240 443229 484688 775677 168688 74746 835738 343324 285068 430001 395600 501102 719532 485935 381256 488778 575789 758852 421967 338717 347750 276354 71689 780823 878838 970587 567840 265100 571055 244707 936786 717302 784886 646168 190980 624297 424307
386614 771342 352259 625017 370079 214252 674297 999999999 484732 186489 212204 634252 718589 333315 388893 304250 350436 240663 758120 368058 455890 609563 602358 863402 649945 494268 317283 765593 324520 475712 155156 168582 501716 667533 412514 457116 780724 730076 458282 441061 523726 570599 355019 549650 274725 703042 184925 547998 494163 670679 495061 532119 94099 479461 774736 277590 628547 127247 467491 269068 618113 701469 429822 48495 251157 570092 130979 572161 607601 197453 466687 723239 814275 310464 494564 511848 542622 536917 749779 482153 87373 339385 378240 442697 418125 732655 147720 238940 429444 515211 614768 146485 443987 357452 396264 136778 56106 632913 597041 556326
476750 709877 262222 950665 208412 635648 780496 484732 999999999 669053 411756 467417 726794 789019 825200 363166 727926 579435 449087 180866 363399 901157 184531 1122563 556580 516745 616128 901812 160410 131142 512535 556062 164746 629495 657908 728600 623582 472244 558871 216648 839508 93846 826296 223633 493985 948363 665274 108343 70399 938687 841378 364024 553907 909818 924406 721796 682888 611968 829949 383381 272742 517245 901786 533212 439490 948050 590801 614302 707764 413108 437522 636084 634115 629577 890107 88317 334228 422704 517190 907922 479775 383008 672519 761912 662582 852178 403588 424139 306695 933638 559427 389184 561547 812880 92226 427645 529375 857377 254309 910306
469419 840781 530199 532113 534948 213413 689450 186489 669053 999999999 365437 751422 768283 172408 241429 465373 268903 246402 900732 538676 581934 538950 774951 787497 743426 574372 312859 756890 508652 661613 260386 237976 670449 740307 408712 425401 880489 862003 515635 622296 450399 752651 174992 732201 343034 647523 80296 725983 680560 606358 405690 663588 155952 327607 759000 145192 671929 64408 370999 426640 777680 816286 282819 139378 349952 448911 144500 629470 634966 352052 571074 806248 918336 293878 368808 690072 682172 653210 873633 333786 229933 457393 353644 382757 413239 734914 315555 385039 600167 369760 700623 298989 497628 248756 579137 296629 140056 596718 757726 452993
532201 901069 185618 836581 397579 241078 848758 212204 411756 365437 999999999 717752 867583 531870 593607 100450 562556 444664 793320 379021 543970 818251 575863 1071265 761480 630961 518143 950488 280613 347828 120104 162110 497595 799074 607501 659476 877883 785337 616829 281258 733712 505602 540206 390952 447382 907219 321267 505612 390657 877449 706879 603417 210525 683723 962858 483560 786387 301514 679663 61262 627250 783742 521191 240754 405722 781625 233816 722538 777262 14766 581210 841832 904631 515012 705234 472083 599498 629616 816439 687657 137114 455953 581525 651718 613227 912632 69619 30088 238826 721898 736668 277756 606401 421368 346918 75428 266061 832238 605215 768519
292729 248878 663339 724583 329050 847457 404580 634252 467417 751422 717752 999999999 295841 774279 768723 729378 630713 527874 198997 355589 179116 652818 341766 800705 106854 214086 500453 519944 470365 593402 757416 788564 302964 193717 463563 521879 163468 130183 296360 662495 633911 445034 835447 690962 414059 644848 796580 386661 537738 658169 667613 116101 728343 822983 548043 709279 298502 725655 677778 727226 239192 67395 1033933 669115 401686 781579 764459 252548 351904 709666 182580 173797 186907 524432 759827 385270 134576 98488 124466 814586 692189 297341 517159 588311 464516 468344 666344 744045 738721 823674 139586 488415 313719 982362 442379 682146 640306 558095 243887 725144
336695 106989 869049 532053 542907 925000 147586 718589 726794 768283 867583 295841 999999999 723775 690944 908871 556348 522068 471798 574239 367836 455455 630588 535449 188991 237866 458674 237698 680796 840630 867962 887051 571043 102749 373380 395396 246616 395467 260636 893033 474794 723951 789668 943802 445078 405652 834686 664276 794411 434651 525767 367689 804859 714626 267079 674163 97082 767120 550140 895283 532719 293626 1039447 736754 470172 623728 833514 146702 148683 855947 302364 145675 285322 480532 631699 654946 404238 305203 357698 703098 797359 414515 436334 467351 370516 189968 803404 897131 954562 699179 169213 594689 276126 1016832 677695 811744 700851 337534 534629 563070
481580 811390 685565 382754 624479 379544 618246 333315 789019 172408 531870 774279 723775 999999999 72459 630347 168506 249349 946905 635824 624422 405632 866836 641254 742296 572164 278461 661585 631848 801857 431906 410360 759255 719069 350673 338001 879549 896661 498250 773754 321842 864369 65894 881309 365860 519958 243778 829019 811505 474103 267921 706509 326153 155214 657803 69686 627362 232481 230967 592516 849676 833705 336325 293681 397099 285216 316899 600977 578447 517899 592628 791578 920494 254249 205785 794474 733128 680623 898725 161735 394790 503938 287531 275517 353328 649924 476079 553460 761178 197954 694416 400329 479027 355597 696867 459744 277877 487462 831918 300411
478593 783597 739854 313252 649657 451159 576069 388893 825200 241429 593607 768723 690944 72459 999999999 690610 139869 259892 949108 664013 629886 341635 889646 571489 727184 560134 268380 609107 671331 847550 498242 478954 781962 695942 323183 297122 862682 894501 482020 825393 261698 896088 119740 931113 373290 456746 315250 857159 852609 409648 205167 710506 391906 90571 603089 111337 596123 298529 168607 653561 863994 825045 397170 353189 412537 212819 385535 577079 543179 579341 590081 770108 904472 244612 133686 823588 740063 678576 892511 94091 456700 514467 260950 228408 324787 601663 534834 616499 818337 129097 677992 436662 462973 424882 733058 520037 332791 431852 847391 230597
580042 931625 106339 922970 400676 333462 904692 304250 363166 465373 100450 729378 908871 630347 690610 999999999 651624 525413 779819 376210 564500 899977 540600 1151111 785578 671046 595437 1011956 264371 274813 218010 257632 477316 832395 679464 736093 892351 781562 668234 195232 817532 455131 640278 300642 511411 983712 421461 466199 327636 956702 794311 613310 310892 781001 1026410 579892 833781 401246 768780 39533 606736 792984 613801 337481 463888 873919 333980 767181 831374 113359 612409 867721 915236 595033 798794 436005 602759 648581 817356 784483 235956 494477 659712 734692 685180 971257 156544 88101 139703 818245 766516 339503 660065 511241 317272 170695 359746 904980 585163 857729
343116 646286 682148 275754 538641 477329 450093 350436 727926 268903 562556 630713 556348 168506 139869 651624 999999999 148569 814169 556925 498543 271558 772761 523527 587337 420778 132693 499197 582566 767679 489154 481902 665944 556918 184793 170471 722836 757555 342210 759277 182798 790977 234188 859079 248670 378643 349003 747354 763630 338148 145422 577560 386935 196842 497926 132789 460404 304380 117206 618199 738338 686038 498881 329744 295526 227055 394457 438128 410246 547794 453988 630766 764606 110470 162271 715495 609009 542300 754086 190824 432683 389002 121853 115175 186878 484197 496401 589329 767013 209790 538123 350822 323193 501633 637218 487163 298457 330958 722938 206157
235914 595130 544305 400596 392966 417383 450919 240663 579435 246402 444664 527874 522068 249349 259892 525413 148569 999999999 697578 409851 375117 374622 630740 626777 505539 334534 77464 531562 434558 620865 393760 398400 523229 495708 175652 216494 643468 648244 270371 616896 292731 643738 308187 714098 116512 463213 313796 601570 615312 432798 275814 457161 305337 336098 538458 182093 425988 248877 256838 495322 604489 589248 523140 237907 152730 372724 325990 383331 391768 430093 345408 563644 682963 70380 310838 569037 484136 432687 652255 332441 327991 255855 137699 209602 181018 502916 375598 473450 631509 355578 460291 205581 251997 494771 488650 371219 201074 392342 587653 343200
471081 395731 693738 923206 399889 962793 596082 758120 449087 900732 793320 198997 471798 946905 949108 779819 814169 697578 999999999 414788 323081 851746 272630 994469 292675 408620 681789 706153 517231 579524 857710 894588 303053 376435 655922 717207 252427 76349 490489 664911 830848 389192 1004861 660718 581091 842196 934478 343948 515002 856746 862281 240592 850341 1009468 735049 879312 492238 865376 870295 787642 177022 178334 1178592 799384 555915 976991 888473 450912 548484 788468 360427 329334 237690 705013 951132 361280 218562 272774 119217 1001875 799960 446647 705956 781534 657383 655605 755029 815345 752662 1013410 334793 613474 506752 1115118 464254 774834 775992 756415 197148 921522
297666 575504 308251 770761 31498 557570 610995 368058 180866 538676 379021 355589 574239 635824 664013 376210 556925 409851 414788 999999999 207259 720390 236276 942653 423410 349207 439463 730801 114809 270451 446118 485041 133676 484011 477250 548085 519057 407609 382406 319188 659866 234052 680290 374856 316218 768286 552660 193368 235724 757941 663915 239816 453612 744973 752039 566691 518687 489735 654356 378187 255441 417661 797876 414612 263266 772630 492325 449153 536966 373791 273739 506087 539988 454478 718145 159599 226602 283723 441572 741911 393338 202635 493844 583385 481875 682492 341034 402027 386995 765400 414271 240934 383595 721637 106312 361633 400568 677641 233607 732705
160686 370330 510162 649913 176311 668612 418847 455890 363399 581934 543970 179116 367836 624422 629886 564500 498543 375117 323081 207259 999999999 587179 309870 781434 221199 156438 366036 540765 317700 473020 578700 609486 221565 276829 359870 428551 334474 280073 215775 526439 545920 376773 681851 576559 258638 610920 622168 318656 428974 610690 566654 82588 549976 695316 564529 556473 319545 551660 568262 558360 247097 246511 862825 492045 233660 681813 586469 251305 347717 535073 76291 303656 363573 388161 645105 300950 110468 85679 294669 688775 513126 124698 399799 483400 362754 490357 489772 571234 592356 703792 207352 309697 225122 806805 309861 504696 464569 518957 235651 631418
434269 561859 913620 76626 694334 748846 310775 609563 901157 538950 818251 652818 455455 405632 341635 899977 271558 374622 851746 720390 587179 999999999 895210 254059 571345 449663 306708 293433 779118 968953 755866 751602 797739 506067 243401 173678 683991 781328 373748 979094 88767 944222 461311 1068430 414732 115217 619244 891272 950523 68524 137730 647578 656249 316690 279449 396601 382393 575830 174669 869863 831421 688132 738789 595691 470595 183211 665615 404095 319609 803583 517917 579038 726207 305015 225568 865533 686792 592094 760572 303367 695284 520459 242450 166866 238623 304253 749628 846568 1002292 284048 522972 571096 362367 759892 818179 743930 561888 121520 821936 127735
462051 590399 443824 955340 242812 781485 714632 602358 184531 774951 575863 341766 630588 866836 889646 540600 772761 630740 272630 236276 309870 895210 999999999 1090019 444866 461812 646208 836064 297923 311065 663349 705034 107734 528143 661005 731595 479436 309346 525625 400424 848406 116720 913928 388197 524431 920491 787278 76223 245424 920484 862763 268930 684577 966413 861908 797253 609319 725526 859131 556340 107339 375734 1031542 649596 478388 976105 723087 546629 648239 574581 383938 515390 481541 664799 929941 104736 229203 333610 358120 962078 618656 387469 691793 779644 664580 784365 554124 592508 491113 982532 462611 476836 534423 951553 228945 577026 636682 828606 98074 929883
645926 636145 1159446 258500 914181 999407 398677 863402 1122563 787497 1071265 800705 535449 641254 571489 1151111 523527 626777 994469 942653 781434 254059 1090019 999999999 701807 628390 555762 300502 1013612 1202109 1009857 1004977 1001576 619929 478927 416121 782042 919051 567975 1219984 341652 1154399 689098 1303967 653815 174518 867580 1098063 1177402 194447 381824 826341 909724 521305 271432 643007 502594 827688 416745 1121913 1011801 818151 962348 849681 708582 368453 917956 552285 449987 1056642 706253 679933 820100 556589 440204 1076357 866993 764106 887212 508657 949292 740033 491413 420811 473453 345527 1002347 1099806 1248870 478532 661311 817803 562648 996326 1045192 997266 815946 265233 1006332 340970
274076 153714 730029 645610 393757 863992 303450 649945 556580 743426 761480 106854 188991 742296 727184 785578 587337 505539 292675 423410 221199 571345 444866 701807 999999999 171141 463866 415657 536665 677833 785730 812517 394946 87062 408568 457959 137947 217371 245214 739984 563311 543477 806122 778430 400413 551794 797317 484202 626119 569474 603062 192639 742746 771994 444161 681485 200002 726465 617940 778623 344664 118062 1025454 678937 402717 713976 776544 167790 258264 751824 184073 82759 178221 488112 701365 478830 224208 139687 189933 762433 717345 312953 467794 528362 408322 364456 704066 789438 810396 767364 50351 509183 264335 984070 519862 717049 646725 468557 347776 655376
108263 277115 633813 518120 317801 706208 263752 494268 516745 574372 630961 214086 237866 572164 560134 671046 420778 334534 408620 349207 156438 449663 461812 628390 171141 999999999 294145 385234 449200 619548 638354 660933 377847 173281 249520 308645 309081 343952 82300 663824 422520 533201 635578 723889 232351 460500 631153 474947 580169 464910 454030 200040 584746 610400 408473 510602 169850 560782 463693 657519 385847 265546 855623 518683 243158 568474 616625 100300 191550 619652 80193 232704 349099 318417 545792 457265 240303 142432 334882 601658 568268 176649 304335 374264 250431 335434 567943 660319 720622 609898 126277 361804 99753 817508 455256 577526 484784 369238 378858 512930
210728 538674 607002 341389 418210 493345 377633 317283 616128 312859 518143 500453 458674 278461 268380 595437 132693 77464 681789 439463 366036 306708 646208 555762 463866 294145 999999999 454680 480969 670203 470974 475848 540505 443010 98934 141336 601093 626180 220025 674345 230436 672385 342694 767060 123570 389166 384791 625659 658310 361319 225354 444866 382589 329303 461156 219805 361685 322636 215083 566875 607311 557626 580855 315340 176676 333310 402364 326453 322195 503714 321968 514319 642047 24274 283817 595303 476480 410421 624419 322772 404656 259572 64450 148481 104134 427223 448692 547319 695587 338986 415977 264533 200823 561330 528010 445688 278535 315751 592457 294301
442243 335865 994717 362270 699818 947746 122076 765593 901812 756890 950488 519944 237698 661585 609107 1011956 499197 531562 706153 730801 540765 293433 836064 300502 415657 385234 454680 999999999 822335 1000813 920738 929021 760580 329913 355921 332034 483288 629907 352524 1037275 351629 916326 724269 1105198 503148 202225 833646 857349 964366 245532 409764 567136 836809 602817 29423 631556 226901 775501 443685 990332 746762 527968 996963 768935 548115 476644 857008 290727 194128 936977 465066 383331 520462 468481 511820 841545 607096 502488 594339 589752 851993 538094 404115 386372 350603 51927 881564 980535 1084175 574525 381696 674361 356382 999058 837085 883594 731872 179324 744928 420028
380826 687772 193674 821529 143042 485709 705277 324520 160410 508652 280613 470365 680796 631848 671331 264371 582566 434558 517231 114809 317700 779118 297923 1013612 536665 449200 480969 822335 999999999 189869 365857 408056 217479 593977 537281 605495 633833 517194 469948 215278 710056 247092 667144 290366 364508 839412 506166 232333 181702 823548 705157 354625 396508 757770 841661 565654 618812 451710 690042 270412 347486 532058 745180 373014 308596 807000 434105 549409 630569 278074 378450 619421 654349 491193 744548 196893 340401 397137 553422 756711 325212 284327 541531 629286 542467 775947 256384 300085 274715 784078 524944 235015 467679 659507 73121 279538 369047 751262 325530 773873
563392 831546 168599 1011132 301776 586775 881352 475712 131142 661613 347828 593402 840630 801857 847550 274813 767679 620865 579524 270451 473020 968953 311065 1202109 677833 619548 670203 1000813 189869 999999999 462596 506423 293232 746486 726866 795309 751903 603303 650610 93450 899706 202612 829915 104421 554376 1027711 642144 236249 65928 1012844 893646 485638 526502 935982 1021609 738745 788771 599627 877386 304386 403643 645729 864053 522236 498464 993555 559748 719308 807196 353538 543116 758812 763823 679684 928809 219446 459063 540670 647950 935938 447224 466608 731199 818641 732010 952791 361589 351733 185700 964930 676183 417033 650260 767380 164297 385244 527610 938793 385418 962173
532589 914836 304726 764731 457990 124513 828834 155156 512535 260386 120104 757416 867962 431906 498242 218010 489154 393760 857710 446118 578700 755866 663349 1009857 785730 638354 470974 920738 365857 462596 999999999 44010 574773 811119 567177 609429 911340 840143 608942 400579 668419 605543 432099 510702 427313 853353 205879 597788 500160 818964 634471 647980 106414 586575 929730 392132 779897 199776 603937 178573 701216 824700 402365 160176 397847 697256 119271 721260 761334 110876 601734 862362 942078 462596 618492 562639 651220 663232 865829 591918 70653 472843 530537 589590 572756 887710 109660 131082 357619 627333 754418 277413 595547 304877 437475 86335 194693 785888 679260 691408
553903 937998 347509 756078 495554 80509 841138 168582 556062 237976 162110 788564 887051 410360 478954 257632 481902 398400 894588 485041 609486 751602 705034 1004977 812517 660933 475848 929021 408056 506423 44010 999999999 614940 834157 573648 611527 940286 874836 626841 443276 663380 648913 404815 553060 443252 852306 174763 640253 544163 816094 626339 680858 95417 565572 936698 376444 797119 182249 594420 218581 740446 855947 359217 160524 418429 682754 93484 740540 775413 153875 628484 887757 972038 465377 603199 604943 685813 693211 899124 571724 96396 499762 533033 586610 579112 897927 152646 169669 397282 607621 779446 303391 612563 260971 480059 128842 197352 788299 718559 680614
363474 547397 391069 855452 136076 689057 638504 501716 164746 670449 497595 302964 571043 759255 781962 477316 665944 523229 303053 133676 221565 797739 107734 1001576 394946 377847 540505 760580 217479 293232 574773 614940 999999999 471312 560069 631120 459028 314074 433838 370032 747185 155746 806825 388370 418053 829788 686233 97102 235145 826636 759193 203884 586986 859070 784989 689647 536323 622809 754320 486878 130069 352735 931538 548140 371080 871766 625682 469949 568577 494320 297823 473068 470649 558582 823937 84080 170997 265949 356522 854873 525005 283283 587883 676406 563917 709627 467315 517556 454001 875733 402086 371611 440638 854929 161226 489106 533282 737772 108193 826841
281146 103843 785232 581867 453138 879161 221444 667533 629495 740307 799074 193717 102749 719069 695942 832395 556918 495708 376435 484011 276829 506067 528143 619929 87062 173281 443010 329913 593977 746486 811119 834157 471312 999999999 372799 411789 178323 300327 225405 803104 508421 623012 784311 848774 402262 475741 800573 563406 697980 497387 553158 267446 757757 731954 358692 662797 124533 730809 572112 821869 429971 198655 1018821 691336 416394 659864 789227 118867 186797 788334 219987 75556 220883 466648 655580 555374 302871 206793 267339 721485 741203 343231 435140 484155 371402 279180 737818 827991 868679 722712 70306 534057 244059 986112 585134 748456 657011 396723 431960 599962
200054 461537 681234 295633 451668 592278 280771 412514 657908 408712 607501 463563 373380 350673 323183 679464 184793 175652 655922 477250 359870 243401 661005 478927 408568 249520 98934 355921 537281 726866 567177 573648 560069 372799 999999999 71275 541731 593203 167419 741224 187401 703201 416536 827338 174902 306740 482396 651654 707216 286660 207872 430263 480965 363440 363058 301564 276743 421290 214466 653202 606963 513514 669395 413303 229966 323264 501251 253932 230405 593353 299713 447195 583962 115015 296273 624634 466636 384109 583889 354005 499670 278966 63209 125739 5731 328434 537886 637135 770930 360639 358552 341470 149852 656105 574826 536879 376322 225527 594989 271572
269897 491859 743691 224410 522748 621869 280411 457116 728600 425401 659476 521879 395396 338001 297122 736093 170471 216494 717207 548085 428551 173678 731595 416121 457959 308645 141336 332034 605495 795309 609429 611527 631120 411789 71275 999999999 586443 652042 226764 806772 117374 774469 403091 895003 241279 247885 503065 722898 777089 221968 145905 496549 516886 321153 333612 300912 302579 447864 160595 707993 675522 567826 669075 451418 297069 259834 532950 294918 246905 645042 365489 487294 629115 146850 244183 695907 533819 447445 639349 310265 544396 350241 78921 72671 67214 314188 590028 688632 832945 311045 407611 401712 211145 667149 644838 586890 415319 176774 664093 204949
411110 151291 826733 759967 492371 994966 389686 780724 623582 880489 877883 163468 246616 879549 862682 892351 722836 643468 252427 519057 334474 683991 479436 782042 137947 309081 601093 483288 633833 751903 911340 940286 459028 178323 541731 586443 999999999 182512 381583 823878 686120 590725 943612 846962 537490 648056 932901 534837 693933 672725 729593 279430 874256 904314 512709 819216 301671 861912 747036 889381 372162 106349 1162804 811833 536943 837558 908936 291560 364399 869271 314565 105430 42753 625300 830625 538457 296150 248907 133812 894320 844327 441467 602297 658153 541038 436521 824235 904726 901466 897355 185168 637333 400792 1119674 604460 838926 780555 572680 383033 777851
416197 321154 702373 853736 387774 939411 520476 730076 472244 862003 785337 130183 395467 896661 894501 781562 757555 648244 76349 407609 280073 781328 309346 919051 217371 343952 626180 629907 517194 603303 840143 874836 314074 300327 593203 652042 182512 999999999 426251 683712 764004 424857 956429 691376 532525 768318 901102 373339 541065 784108 797740 199123 823609 951127 658836 830319 417306 830922 807568 785577 203646 101997 1142732 768815 513099 911760 861049 378549 474491 779165 304629 253451 175159 649889 889373 384135 189024 216218 50199 942994 778958 404657 645809 718209 594276 579447 741520 809208 768014 952834 261053 583795 443371 1084589 472634 759855 742926 683486 219202 855300
90005 325156 643793 439836 352233 664531 237958 458282 558871 515635 616829 296360 260636 498250 482020 668234 342210 270371 490489 382406 215775 373748 525625 567975 245214 82300 220025 352524 469948 650610 608942 626841 433838 225405 167419 226764 381583 426251 999999999 684769 341611 586468 562705 754760 184452 395986 578068 530131 617918 394932 371875 274077 544239 529428 371776 439384 171087 509244 381423 650209 457740 346432 793433 476212 212658 486504 573198 115426 163663 604375 144232 294838 422943 244115 463641 508578 313067 221366 416520 520438 538290 185627 223679 291966 168203 307203 550363 646785 732823 528001 196440 339907 19224 762536 488058 556701 440467 303961 448687 431431
595296 893102 95868 1015093 350312 522248 920530 441061 216648 622296 281258 662495 893033 773754 825393 195232 759277 616896 664911 319188 526439 979094 400424 1219984 739984 663824 674345 1037275 215278 93450 400579 443276 370032 803104 741224 806772 823878 683712 684769 999999999 904678 295180 795094 110869 566364 1046697 592835 324581 158121 1027680 892638 550502 477339 915372 1056251 714584 833607 558488 872967 229683 488024 718541 802442 484390 511402 986328 507202 764113 845811 289705 591346 822195 838752 680656 917296 303679 528115 600733 726541 916642 397500 499185 737562 822055 746643 991129 309781 279177 92314 947642 733223 411615 681906 702189 220564 331723 495946 960333 468701 960051
387099 577796 835770 111533 635650 660080 339964 523726 839508 450399 733712 633911 474794 321842 261698 817532 182798 292731 830848 659866 545920 88767 848406 341652 563311 422520 230436 351629 710056 899706 668419 663380 747185 508421 187401 117374 686120 764004 341611 904678 999999999 888672 380293 997275 346724 199168 530685 838057 885270 156029 58155 613330 568093 252161 343200 308736 390135 487114 93299 786476 792865 676477 657268 508276 402377 151451 576988 396456 328855 718993 482238 583609 728850 224932 162421 810309 650884 562940 748617 239325 608800 465065 168526 83213 183904 351053 665578 761671 923642 228257 513311 493995 326941 674065 753726 658977 474972 172435 781466 92069
511594 693386 352246 998603 254254 728201 794249 570599 93846 752651 505602 445034 723951 864369 896088 455131 790977 643738 389192 234052 376773 944222 116720 1154399 543477 533201 672385 916326 247092 202612 605543 648913 155746 623012 703201 774469 590725 424857 586468 295180 888672 999999999 905013 272291 548843 981697 753158 59691 137071 976439 895781 356335 643418 978247 940698 796004 691908 697450 887461 476554 221367 485492 991944 619049 496886 1005693 680798 625690 724193 506896 453060 618382 595283 688048 952138 78696 320190 419837 472999 975449 570735 424254 724851 814304 707441 865365 496299 517834 387362 999315 554737 464442 592059 904573 174438 520260 612597 889808 208008 964325
542800 877064 704028 431588 671117 362059 683473 355019 826296 174992 540206 835447 789668 65894 119740 640278 234188 308187 1004861 680290 681851 461311 913928 689098 806122 635578 342694 724269 667144 829915 432099 404815 806825 784311 416536 403091 943612 956429 562705 795094 380293 905013 999999999 904347 424179 576365 230872 872533 844176 529377 324465 764270 330028 178658 719574 126196 693242 239342 287686 601446 901969 895741 277482 310708 451449 324837 313304 666397 644284 526930 653257 856540 984342 318594 249021 837411 789510 740810 959905 188850 404919 559725 353410 339145 419212 713937 490172 559130 775087 224497 758579 441009 543494 309384 734642 471563 302319 548664 883619 348952
667237 932040 206391 1108438 406157 631485 985774 549650 223633 732201 390952 690962 943802 881309 931113 300642 859079 714098 660718 374856 576559 1068430 388197 1303967 778430 723889 767060 1105198 290366 104421 510702 553060 388370 848774 827338 895003 846962 691376 754760 110869 997275 272291 904347 999999999 653735 1129728 703685 318338 153248 1113785 988759 585837 588144 1020649 1125920 820822 893007 668596 970923 337148 488535 740613 911962 593800 597942 1085874 618063 823576 911610 399901 647226 858700 856531 775271 1018819 309003 557402 642415 737750 1021430 508277 570393 829030 915492 832570 1057209 420572 386962 172812 1051682 778480 508706 754165 810848 268643 442586 603946 1041313 472175 1056877
126389 504973 507204 458234 294644 480186 403384 274725 493985 343034 447382 414059 445078 365860 373290 511411 248670 116512 581091 316218 258638 414732 524431 653815 400413 232351 123570 503148 364508 554376 427313 443252 418053 402262 174902 241279 537490 532525 184452 566364 346724 548843 424179 653735 999999999 481202 398892 502200 538547 461343 347749 340649 359787 444129 516072 298320 353920 328730 338649 487969 491237 476896 625359 291822 55915 456856 389040 299471 334317 433953 231580 465010 575605 140553 405953 471736 367917 317679 538099 438983 356849 141352 178731 267964 180363 465601 378639 477444 597080 458267 358263 172028 169447 585160 407147 381725 256299 397263 475194 416597
471956 511969 987974 167813 739955 854666 258781 703042 948363 647523 907219 644848 405652 519958 456746 983712 378643 463213 842196 768286 610920 115217 920491 174518 551794 460500 389166 202225 839412 1027711 853353 852306 829788 475741 306740 247885 648056 768318 395986 1046697 199168 981697 576365 1129728 481202 999999999 727646 925891 1002914 49453 252199 660122 756958 429945 181603 507448 352521 680549 289149 955857 846038 669773 853845 693811 535465 288701 769116 392644 293827 892749 536651 542999 688666 392910 339414 903437 700595 599474 740977 416602 789985 565651 325760 266682 301156 228124 837823 936282 1077664 394995 507447 647596 389638 873181 870683 834314 658661 92026 839358 238915
523980 902515 498024 611742 553472 135923 762419 184925 665274 80296 321267 796580 834686 243778 315250 421461 349003 313796 934478 552660 622168 619244 787278 867580 797317 631153 384791 833646 506166 642144 205879 174763 686233 800573 482396 503065 932901 901102 578068 592835 530685 753158 230872 703685 398892 727646 999999999 732420 668442 686629 485821 701983 115869 397769 836573 224781 739204 71066 450945 381964 800685 862723 245909 138140 396521 525706 87481 693094 705357 309397 619792 863855 969344 367425 445546 696256 716727 698107 916491 405144 195738 499459 429621 462459 487161 810128 283233 336290 559970 441499 756714 321927 560766 186781 578751 261138 158510 675696 779899 532096
457489 634601 368189 947286 208740 718040 735277 547998 108343 725983 505612 386661 664276 829019 857159 466199 747354 601570 343948 193368 318656 891272 76223 1098063 484202 474947 625659 857349 232333 236249 597788 640253 97102 563406 651654 722898 534837 373339 530131 324581 838057 59691 872533 318338 502200 925891 732420 999999999 171172 921803 847377 296646 626113 937375 881898 759977 632596 673459 840556 483290 170197 429074 974569 596032 451981 958567 664233 566645 665597 505165 394922 559667 541124 642362 907434 36164 260644 360168 420380 933991 556966 372992 676063 765232 655720 806288 488154 520957 415007 956628 495063 431789 536395 891117 160361 511561 586315 833910 154324 915585
533305 779576 221987 996771 265692 624627 843627 494163 70399 680560 390657 537738 794411 811505 852609 327636 763630 615312 515002 235724 428974 950523 245424 1177402 626119 580169 658310 964366 181702 65928 500160 544163 235145 697980 707216 777089 693933 541065 617918 158121 885270 137071 844176 153248 538547 1002914 668442 171172 999999999 990957 883429 433484 554124 939360 986288 746124 747767 620590 869674 353461 339899 587590 897864 542025 482990 987119 589294 678759 770248 394448 501809 705969 704166 669915 925767 157081 404341 491250 586564 938379 476610 437671 717104 805860 712120 915296 394446 398405 250352 965774 627783 416661 619318 804417 132503 418587 542992 912684 322314 952322
464886 541600 965634 119121 730559 815376 287097 670679 938687 606358 877449 658169 434651 474103 409648 956702 338148 432798 856746 757941 610690 68524 920484 194447 569474 464910 361319 245532 823548 1012844 818964 816094 826636 497387 286660 221968 672725 784108 394932 1027680 156029 976439 529377 1113785 461343 49453 686629 921803 990957 999999999 206234 664891 720678 380756 227145 464632 372947 641851 243158 927669 850469 687452 806810 658929 516611 239388 731210 405837 311739 862862 538203 567304 714093 362499 290448 897853 704971 606181 759377 367415 757068 555823 296990 229550 281339 265865 808385 906147 1054913 345560 523231 623657 386351 828410 858465 803734 624474 100953 842573 189586
406072 627067 819521 130332 641588 617729 394534 495061 841378 405690 706879 667613 525767 267921 205167 794311 145422 275814 862281 663915 566654 137730 862763 381824 603062 454030 225354 409764 705157 893646 634471 626339 759193 553158 207872 145905 729593 797740 371875 892638 58155 895781 324465 988759 347749 252199 485821 847377 883429 206234 999999999 638111 531701 194779 401285 261520 438116 446958 36964 761686 813488 713658 601865 475165 401890 115397 537568 438282 378197 692114 507572 628671 772338 213993 106596 818087 674255 591398 785238 182125 577975 475915 171382 83394 205751 408436 640023 733991 905967 173705 552755 481094 355574 622311 753352 631587 443708 230589 800822 68947
235666 346203 547911 713780 212962 743025 445786 532119 364024 663588 603417 116101 367689 706509 710506 613310 577560 457161 240592 239816 82588 647578 268930 826341 192639 200040 444866 567136 354625 485638 647980 680858 203884 267446 430263 496549 279430 199123 274077 550502 613330 356335 764270 585837 340649 660122 701983 296646 433484 664891 638111 999999999 625948 773978 593057 638764 340405 631806 642116 611526 185919 180527 943796 570075 316106 753507 663067 278212 380439 595736 131092 273174 302299 467527 720646 287960 40668 64721 218373 767030 584550 206950 474639 555434 432583 515437 553866 629288 624561 780763 198507 385650 286983 885670 329939 570553 543848 569124 180101 701124
476622 861405 382880 661665 458373 121505 751936 94099 553907 155952 210525 728343 804859 326153 391906 310892 386935 305337 850341 453612 549976 656249 684577 909724 742746 584746 382589 836809 396508 526502 106414 95417 586986 757757 480965 516886 874256 823609 544239 477339 568093 643418 330028 588144 359787 756958 115869 626113 554124 720678 531701 625948 999999999 480488 843743 285849 712942 93686 500249 271780 706650 795551 348720 68770 341831 591397 38718 659124 687968 197634 559948 815067 908083 371204 512405 590024 635756 630955 843755 485667 79922 433147 438622 491194 486350 807013 167574 229180 447668 521003 706623 240445 528963 268046 469563 145976 105771 693616 685279 587045
538904 812837 830255 270234 728943 532933 588024 479461 909818 327607 683723 822983 714626 155214 90571 781001 196842 336098 1009468 744973 695316 316690 966413 521305 771994 610400 329303 602817 757770 935982 586575 565572 859070 731954 363440 321153 904314 951127 529428 915372 252161 978247 178658 1020649 444129 429945 397769 937375 939360 380756 194779 773978 480488 999999999 592563 201886 623402 386846 165297 743828 934830 875759 442099 443530 488026 152853 472105 613930 566006 669511 649042 807258 946740 307311 91385 904474 805772 736984 945211 13343 546708 585134 306071 248484 363701 603135 625338 706297 908905 45887 721925 522761 511014 486579 817899 610375 423358 423552 919170 191341
460958 365168 1011754 345426 721228 953027 147276 774736 924406 759000 962858 548043 267079 657803 603089 1026410 497926 538458 735049 752039 564529 279449 861908 271432 444161 408473 461156 29423 841661 1021609 929730 936698 784989 358692 363058 333612 512709 658836 371776 1056251 343200 940698 719574 1125920 516072 181603 836573 881898 986288 227145 401285 593057 843743 592563 999999999 630663 253424 779945 436113 1003945 773588 556932 993873 776304 562612 462204 862815 315707 216924 949184 488550 412690 549848 473691 501259 865468 633179 528507 623527 579386 861531 557343 408023 383804 357586 79732 893678 992850 1101417 562613 409434 687861 374450 999109 858227 894975 739357 171260 771393 406972
416676 757726 628599 386995 554998 358517 577427 277590 721796 145192 483560 709279 674163 69686 111337 579892 132789 182093 879312 566691 556473 396601 797253 643007 681485 510602 219805 631556 565654 738745 392132 376444 689647 662797 301564 300912 819216 830319 439384 714584 308736 796004 126196 820822 298320 507448 224781 759977 746124 464632 261520 638764 285849 201886 630663 999999999 577168 194210 226270 543144 780183 769760 369169 242826 327856 306320 284101 545870 531852 469182 527062 734019 859642 196188 226810 725572 664712 614632 833732 204699 347054 435204 239848 247730 304960 615074 423853 507110 707029 238405 634455 332668 420242 368917 629580 409516 221484 463563 762351 307853
