NAME : synthetic_000043
TYPE : CTSP-D
DIMENSION : 100
GROUPS : 8
RELAXATION_LEVEL : 1
EDGE_WEIGHT_TYPE : EXPLICIT
EDGE_WEIGHT_FORMAT : FULL_MATRIX
EDGE_WEIGHT_SECTION
999999999 806238 414031 316129 473554 519375 283875 195267 642418 788704 578995 743931 444530 206564 666401 684107 269563 572906 816857 411432 477616 134376 226208 531009 279879 367601 309570 759093 431283 696701 277591 325847 210255 617910 703607 556697 248718 343079 361833 371208 666596 585077 767759 513078 800758 297420 295258 703703 857795 626274 310840 517549 417142 408763 367286 649001 437229 136520 821141 344576 405053 841459 231472 286533 776676 890583 95097 574339 123394 615409 571699 506561 734517 598642 456524 282785 277309 210069 692158 713114 426572 311619 385967 151993 628655 650072 87654 469780 627988 260417 672261 508185 207412 378473 217691 288913 809381 169626 666425 454678
806238 999999999 1134253 726133 642778 903887 856535 611336 164101 691034 1284441 144628 1082238 740044 962571 511483 540781 593857 97284 574992 334384 940451 749665 654283 548150 1048415 575713 611782 783468 324171 976731 848415 975745 838122 622657 1234626 674872 509577 1081879 1063596 700607 239530 796199 825742 486622 739951 536023 362386 919626 702605 759835 874302 1127126 708969 621370 1192010 451706 844123 640263 943571 418008 772691 855378 737226 123403 841594 875963 896683 693564 1192031 1169043 325318 201917 605269 490215 667524 577391 640523 318617 211536 398212 1060768 862514 948935 1128547 1267729 725693 778848 1149584 596347 147200 664543 599680 926366 750888 752219 621913 772053 310332 468674
414031 1134253 999999999 721083 579999 414393 647729 562013 979680 843728 165294 1036190 132744 613549 533306 830452 612549 687757 1117508 591791 803408 341045 384933 615321 675047 94837 559450 853608 440612 927603 158592 312258 452196 569763 791340 149175 459796 742650 54413 75778 709925 895415 761375 474157 956711 700194 601777 917408 794563 668978 708813 438141 18967 487440 536371 322707 837691 308034 905529 216611 717670 858998 278994 690210 1071396 879158 318945 478755 474181 272055 225917 809439 1007813 702794 673562 696022 683614 620638 926094 986476 736660 106473 334213 281904 347938 265680 454434 474374 328355 539023 988321 590304 585965 717643 383411 393367 901890 570823 908613 687321
316129 726133 721083 999999999 678146 803269 139995 300200 574748 967542 883345 722399 760635 109566 943236 816379 347448 748836 773585 586313 473088 388585 496167 734683 233175 682772 472164 916626 693044 752841 593253 620288 332676 870056 873620 867602 476064 231096 671411 685182 868691 571461 983117 776984 907406 22816 406216 775346 1091951 835005 34116 794251 726552 646120 566522 963812 274796 449642 977427 656292 448954 1036261 538144 31085 746851 1096520 407224 848756 331858 931319 887803 525507 737811 776255 586066 73992 185863 173951 746077 720052 464735 615254 676853 440754 939474 965469 322217 725125 940905 425023 631241 718215 276810 200660 488815 554974 961670 150287 716808 570529
473554 642778 579999 678146 999999999 261591 721262 378175 525401 315565 698696 513753 487034 596546 334635 250967 339645 111118 595223 100664 380386 569600 261164 58250 466897 485177 206919 294677 151414 366837 448515 268558 680423 221333 234937 638378 225374 514044 538487 504316 195254 419431 305605 183158 377581 671528 280917 348290 415130 157953 694046 231578 566587 92748 112762 554698 575097 396817 354765 363705 314746 369416 336958 660998 547584 423222 469939 257007 372743 561536 546117 348492 470462 132021 162056 608455 510849 504196 367340 451599 318993 548206 251915 533993 487938 643647 400856 137386 510827 253248 501024 40414 401560 821347 268865 211575 345639 587998 357385 187502
519375 903887 414393 803269 261591 999999999 802008 521836 780655 440610 488120 775193 289882 701897 148347 474921 518521 337554 856427 336956 623147 558810 307193 263265 637174 329077 393592 465572 129954 622445 343624 194784 689254 156009 406061 421882 337931 698030 392112 348228 312652 676431 347852 82999 592594 790174 470904 599234 385715 276680 809076 32162 396682 204060 305305 296627 776864 392356 509402 226884 545854 446635 295973 778841 808851 464781 466811 66340 471533 310972 305480 600103 730849 341371 416799 745057 671772 639991 623810 712422 555781 430305 134295 502307 227140 397634 482970 125140 251701 416066 760885 245924 550571 897818 314719 249167 509301 677246 616449 440651
283875 856535 647729 139995 721262 802008 999999999 354051 700603 1026710 803213 841259 708960 134236 948040 891850 419565 805981 897814 639520 580926 306728 500789 779407 330762 626088 524758 983991 706492 852082 541252 609424 216064 891211 935332 796839 501616 349865 602938 624649 916251 685188 1025496 789963 993308 120817 472946 870370 1125166 878982 107234 798512 656280 672580 608747 921007 408633 418415 1046033 624436 541425 1089004 514918 120939 867919 1144484 357232 854988 350310 882801 837042 629090 851061 833220 656661 189012 289236 245586 845835 832072 559883 541595 669293 367935 907188 905209 327410 742881 904003 473343 752753 759666 339385 100098 492524 563458 1031669 133264 816992 645407
195267 611336 562013 300200 378175 521836 354051 999999999 447773 674700 725003 550424 552953 222687 654225 538559 77081 454193 622148 288848 282704 329643 226471 435092 121764 492673 173638 630058 402367 518230 406319 358815 384104 572851 582347 689592 184383 189157 507601 502655 570133 390764 683529 484943 643987 293389 120392 530610 791768 535483 316052 508226 560009 348847 266325 728824 281235 254166 692039 423409 214118 740032 306104 282930 582666 798518 268239 560129 88506 707077 669682 314618 544147 481592 303142 232183 150294 126427 512907 523069 235416 471608 407176 339172 689812 760509 115891 431039 697834 124928 477114 418135 29099 452645 221423 274679 677620 224177 485573 293430
642418 164101 979680 574748 525401 780655 700603 447773 999999999 642086 1133302 161572 935386 580202 857074 453617 378463 499734 199098 444298 176277 776548 597125 548231 385481 896312 425818 565226 654736 286281 821379 703891 812408 736264 559746 1086137 523007 351125 926602 910675 621021 106951 728824 707121 470889 586806 378289 324824 855410 613890 607801 752999 973507 579138 484257 1059712 304987 684543 607173 796281 262275 725513 701859 583125 177658 795902 713544 782392 530996 1055273 1029077 181648 200047 516917 364535 512138 416887 478212 278749 191996 244180 902539 724154 786079 1000191 1127281 562598 656142 1018946 440675 69888 553460 435650 775364 597594 605984 588206 610565 257007 340137
788704 691034 843728 967542 315565 440610 1026710 674700 642086 999999999 928727 546705 727258 897288 391136 188592 620100 220738 608555 387217 568589 883823 575000 259380 740587 751733 502047 79253 410977 368411 736951 552828 995988 290320 94805 862375 540050 772305 811940 771537 134761 544653 128976 370338 222686 964284 561482 329284 234782 177122 987706 411748 827374 393041 422822 709611 808922 709043 77470 633221 541686 83437 639141 954486 569403 153819 783770 387196 683564 737704 740968 516001 489139 193498 383835 894682 787783 796142 374703 481229 534234 835141 513667 845106 634398 826185 713605 372861 664735 553374 587562 283893 693731 1126262 582971 520629 86910 894095 389456 402849
578995 1284441 165294 883345 698696 488120 803213 725003 1133302 928727 999999999 1179630 211666 776714 574093 943552 772414 800218 1261732 726621 957300 498493 536179 724977 839440 237190 708892 950600 549927 1058978 318870 442283 598893 641162 889574 67428 610433 907225 218951 224043 799644 1044927 830393 562241 1067484 862097 757480 1044848 839540 761706 869691 517459 165105 608995 673162 283131 1002166 471834 996910 344018 871091 930415 432119 852351 1214874 938979 483902 544368 637727 231706 203561 959146 1147401 811295 811147 860445 848758 785932 1058241 1126480 889232 268578 446820 442669 339877 172519 619063 576892 310889 693566 1137596 701610 749583 866831 535875 534003 995986 733349 1043183 827419
743931 144628 1036190 722399 513753 775193 841259 550424 161572 546705 1179630 999999999 972778 714597 825005 367015 474510 455295 82504 456807 269478 877547 652495 519401 514575 946734 478743 467457 659703 179568 881545 738438 930749 699946 478202 1126294 578153 492871 985576 963143 557666 160494 651737 695055 346473 732371 455249 217789 775007 561492 754430 744703 1027382 587124 507660 1067642 460226 760634 497597 835908 339488 628641 758206 727542 35253 697811 802565 763187 624054 1071288 1051379 238068 57799 464869 371009 655694 552504 606611 174115 67465 318021 971178 745830 877018 1001675 1150007 658556 651058 1024202 508784 93930 531824 545175 921808 654996 645794 479062 739834 167652 352753
444530 1082238 132744 760635 487034 289882 708960 552953 935386 727258 211666 972778 999999999 651071 401526 732620 589015 589179 1055144 517478 760781 409226 342863 514234 673080 85080 509597 743998 338709 848049 168411 234454 534719 445855 682358 153649 414238 741264 133665 93425 595488 842989 637626 357333 857121 741641 565784 833389 664386 556112 753967 316386 113822 397480 465169 215660 834185 314950 792680 139105 674661 736516 247170 730863 1007962 752791 355347 352012 470846 173938 128177 757851 938742 600979 602669 723685 690592 635073 847463 918043 691560 194370 235155 345093 223775 208644 460323 367088 209352 501064 935050 490548 580073 789451 344305 330114 790618 612563 833003 620030
206564 740044 613549 109566 596546 701897 134236 222687 580202 897288 776714 714597 651071 999999999 844321 758618 285664 676674 774707 510804 450524 286719 395063 654290 200441 573396 395549 852383 596556 718609 483765 515443 254693 777577 805033 759304 383468 230668 563233 576062 790470 556566 902011 680665 859153 91422 339999 736393 1005945 754484 107674 694698 618485 555232 483800 854621 305202 340524 914234 547731 407672 961726 430375 80300 742562 1019016 298057 750091 233855 821822 778248 497068 721480 704041 523770 93286 163405 111832 712450 702043 426421 508216 573132 335024 831352 856075 218927 630598 832222 345083 628319 635786 206070 230626 387334 455728 899561 45628 683720 511870
666401 962571 533306 943236 334635 148347 948040 654225 857074 391136 574093 825005 401526 844321 999999999 483789 640937 369733 902696 429008 714758 706706 449503 309705 764468 457433 509222 439279 251862 656589 485175 342972 837409 125331 389682 506776 470253 821602 520168 475281 290636 750307 271855 170319 583908 931190 588273 626610 265816 270878 950822 149782 514618 312580 412459 324129 894177 540615 467579 368582 645590 370036 444319 919910 856373 367704 615152 94497 611704 359369 373002 682661 774692 362214 496428 882271 802248 776214 659625 758779 651798 565453 282545 649444 249787 446536 625858 226021 281084 540153 826767 303732 682258 1044571 457422 388693 472969 821616 658759 522010
684107 511483 830452 816379 250967 474921 891850 538559 453617 188592 943552 367015 732620 758618 483789 999999999 473461 143478 435821 274579 387717 796713 497158 218618 584122 735616 376848 113879 393955 187607 698718 519501 894314 360449 111187 881117 442746 606708 789438 754877 197727 356344 284724 392430 126655 816059 418915 151048 408657 213064 839887 442777 816684 343704 325612 769438 633137 632600 166642 613898 373517 271965 583974 807106 393142 342350 700192 442431 567154 785865 777724 333128 310761 133883 235421 742457 631824 651122 192900 299965 362501 798245 499160 769371 696755 872053 600880 367436 723926 428477 400398 242085 552593 989205 503777 456696 148952 762699 203689 247006
269563 540781 612549 347448 339645 518521 419565 77081 378463 620100 772414 474510 589015 285664 640937 473461 999999999 401889 547406 242626 208628 403578 248453 393618 127346 536471 134582 570194 392149 442463 454384 376644 461171 548389 526200 732215 187058 180678 558417 548442 524373 315533 640582 470676 573989 344759 59533 456159 754417 492944 368381 500703 608655 328816 233979 750106 259483 309132 631485 453692 137080 689506 343258 335275 507129 750933 335207 548703 152801 733360 699115 237888 467211 429258 239779 274716 171539 177868 436979 446087 158428 528352 417036 408232 704604 793256 185617 414938 715834 102485 403506 380044 81135 515996 245770 282790 616216 294046 409369 226477
572906 593857 687757 748836 111118 337554 805981 454193 499734 220738 800218 455295 589179 676674 369733 143478 401889 999999999 533143 166555 384090 675584 368954 75854 525049 592957 281315 186971 250488 289319 559232 377918 782050 244662 130961 738048 324741 562056 647656 612320 130763 393338 248403 254556 269044 744862 342707 262954 371931 114666 768148 305482 673752 202750 205633 633995 608774 505159 248554 471146 338896 287624 448001 734909 486680 350205 576684 313126 464207 647344 637055 339563 405224 27441 173693 676535 571629 576520 291698 389070 335959 658962 355753 642553 562967 732501 495156 224951 588821 332658 461976 98631 473779 905524 376304 322104 237785 673425 289215 196687
816857 97284 1117508 773585 595223 856427 897814 622148 199098 608555 1261732 82504 1055144 774707 902696 435821 547406 533143 999999999 539311 339461 950981 733328 599067 576574 1028446 559166 529627 741830 249402 962340 820766 998691 777424 546449 1208629 658781 547949 1066620 1044721 630306 232006 719317 775872 397393 785264 532061 284776 840393 636734 806491 825751 1108909 669464 590074 1149497 503825 839074 553438 918123 414801 688738 839178 781307 47720 756594 878695 842997 698645 1153544 1133821 314447 128036 541183 453512 709985 611433 669388 245187 144518 393566 1051114 828328 952913 1083141 1232436 732605 732597 1105920 587450 147088 612280 614824 974120 735628 727794 535503 802638 243947 435154
411432 574992 591791 586313 100664 336956 639520 288848 444298 387217 726621 456807 517478 510804 429008 274579 242626 166555 539311 999999999 287909 522148 227511 151349 369172 498935 115282 349177 210520 335909 445503 284373 621596 320511 296806 671124 168284 414192 544700 516682 282465 341511 398039 267196 396136 581199 183217 327894 512423 250318 604223 310367 580878 135018 56135 617649 474459 360498 411488 382870 216680 451184 323964 571004 491813 510254 426057 345287 298840 617107 595248 263243 421271 193719 85817 515125 414151 412889 334309 400630 223026 542485 289124 496240 556299 693964 330811 213666 575918 166181 429156 140136 309815 739152 233279 199277 398892 506885 317270 106343
477616 334384 803408 473088 380386 623147 580926 282704 176277 568589 957300 269478 760781 450524 714758 387717 208628 384090 339461 287909 999999999 611879 421152 415039 250368 720226 251541 500344 494273 282459 645136 530993 661280 600293 476391 910804 347347 243398 750365 734476 514098 108987 630072 555106 451512 479525 202303 309252 755318 496989 502743 597632 797245 419163 319570 892919 247987 509815 554051 621740 86272 649134 525651 473172 300725 717887 542741 633042 361005 885610 857612 56531 271086 406878 220479 401806 292494 340296 275331 251520 69801 727047 555066 616314 836509 955328 394235 501285 853498 264398 194877 414243 275929 667363 421471 432602 535943 472748 246064 194739
134376 940451 341045 388585 569600 558810 306728 329643 776548 883823 498493 877547 409226 286719 706706 796713 403578 675584 950981 522148 611879 999999999 308833 624518 407840 324613 430495 862471 496869 823951 246498 367328 131909 680453 804147 490120 354015 467312 296640 320992 755466 719095 847263 571711 917258 366609 426015 828561 924682 713502 372395 564552 349606 492556 472450 624336 559105 176919 923574 348360 538254 928825 265064 357515 910497 971817 100228 620676 254182 582735 536111 639817 866786 699763 576964 377098 398217 328325 819770 845278 559768 234869 426239 64256 619673 599725 219142 537580 612307 384758 806587 599950 341084 380954 300918 365075 913350 241434 794849 577958
226208 749665 384933 496167 261164 307193 500789 226471 597125 575000 536179 652495 342863 395063 449503 497158 248453 368954 733328 227511 421152 308833 999999999 315686 347706 299239 174540 555205 206118 556890 229051 132344 424349 392234 496052 490381 74866 413821 333386 313997 447476 510573 543836 289219 621464 482986 223093 552887 631601 405920 502010 299763 377466 185368 172692 503993 502389 136244 615780 205708 334921 621628 105982 471656 687612 667579 208893 355528 164840 485272 450662 424594 626833 392254 299544 439458 375493 335903 554321 605260 353115 320831 182961 273642 463356 545111 176362 243845 471835 158459 603471 291157 255481 598942 8521 62990 606174 372421 533873 309193
531009 654283 615321 734683 58250 263265 779407 435092 548231 259380 724977 519401 514234 654290 309705 218618 393618 75854 599067 151349 415039 624518 315686 999999999 520435 520690 262666 244915 175916 359963 491465 308109 737114 188108 183445 662515 283261 565077 576689 540209 137005 441309 248460 180446 342995 728474 334367 335978 361074 100392 751123 231378 600891 136792 170720 559892 622006 450279 303125 398912 356585 311269 385025 718020 551954 365095 524535 243931 430992 572123 561307 377424 471905 87479 194732 664452 565140 560777 361686 454550 358181 591107 281949 586910 489693 656963 459006 149118 514923 310265 517119 25843 457900 879483 323621 262692 295487 646144 356291 220383
279879 548150 675047 233175 466897 637174 330762 121764 385481 740587 839440 514575 673080 200441 764468 584122 127346 525049 576574 369172 250368 407840 347706 520435 999999999 610165 261694 686396 513742 523477 522167 479979 427917 674918 646022 806868 299711 68264 620804 619083 649775 356142 766585 594202 674349 235353 186112 544109 881423 619327 259169 621456 674381 453704 360954 850575 162744 367725 746561 544897 216094 812331 426880 227606 543097 875078 367409 671320 203042 828700 790989 298562 521126 552215 356963 159244 47704 92911 516987 501812 232641 580007 526876 431699 810992 881118 220709 538938 819396 224461 429664 507280 93417 419478 342903 393181 730424 226064 487908 339729
367601 1048415 94837 682772 485177 329077 626088 492673 896312 751733 237190 946734 85080 573396 457433 735616 536471 592957 1028446 498935 720226 324613 299239 520690 610165 999999999 472706 759795 346379 834414 90412 217719 449641 482566 697478 196920 373746 678384 63159 19807 617503 809031 673270 383561 861890 663202 520308 823539 713438 576187 674596 350491 82087 392649 443908 300739 772604 244436 812363 121830 634054 769816 194944 652606 981979 792891 275730 394786 407156 258123 211583 723121 916863 608148 581600 649327 623851 565061 833060 895653 652353 113708 240154 260622 305368 282699 392456 380878 293125 456379 901842 495607 518457 705235 298757 301691 808361 533575 816116 596200
309570 575713 559450 472164 206919 393592 524758 173638 425818 502047 708892 478743 509597 395549 509222 376848 134582 281315 559166 115282 251541 430495 174540 262666 261694 472706 999999999 460819 264479 396166 403285 279662 518994 413960 410667 660472 99733 313759 507878 488016 396751 336345 511004 339542 491332 466470 79070 398471 622015 362896 489363 373065 551750 196679 99415 646035 385367 286854 523113 370496 165917 566432 280521 456172 513760 624997 340784 418344 190376 635969 606720 250417 455464 308624 147097 401796 304521 298378 392582 433766 182044 492571 307497 414510 593662 704130 224532 283483 608333 52104 429195 247281 195359 624223 176516 181165 509600 392483 369466 147717
759093 611782 853608 916626 294677 465572 983991 630058 565226 79253 950600 467457 743998 852383 439279 113879 570194 186971 529627 349177 500344 862471 555205 244915 686396 759795 460819 999999999 413675 289327 735642 551553 968616 326321 62357 885487 511446 713415 817780 779524 154216 469673 197189 388396 150440 914846 513073 250115 311865 189125 938522 434699 838223 381616 392150 748184 744229 691225 62337 638841 480701 161759 629757 905450 490217 231773 763401 419729 647992 771847 770571 446313 409886 162954 330612 843067 733992 747826 295696 402060 471316 835099 519645 828523 673385 859967 679893 379312 702718 512884 509473 270750 646845 1082687 562699 505953 50977 852657 311125 346667
431283 783468 440612 693044 151414 129954 706492 402367 654736 410977 549927 659703 338709 596556 251862 393955 392149 250488 741830 210520 494273 496869 206118 175916 513742 346379 264479 413675 999999999 518004 326004 142373 621180 186725 351322 488406 218474 572566 404131 366055 276315 551914 353020 84116 518883 681780 342501 499656 429004 233859 702016 108748 425747 75618 175520 408654 649047 320623 467509 225172 416106 441117 236061 670568 694111 477653 398117 157855 362810 411962 394996 473419 618895 263178 293477 630898 550689 524679 518330 599427 426421 424247 106449 448973 345874 492844 380101 40934 366140 290213 638613 151870 430450 804941 214523 143174 462687 576879 507352 316136
696701 324171 927603 752841 366837 622445 852082 518230 286281 368411 1058978 179568 848049 718609 656589 187607 442463 289319 249402 335909 282459 823951 556890 359963 523477 834414 396166 289327 518004 999999999 780648 618222 899872 531303 298767 1001080 487666 525204 880576 852355 380908 208078 472264 540057 185091 757651 402940 39612 595460 388357 781235 590838 916448 451376 391686 918693 524928 681552 324299 716761 311097 451018 658051 750515 205736 520751 736761 602268 573345 927896 912930 227790 123180 294383 257359 680237 568789 606783 7748 113016 292214 876456 614176 810654 849381 1010470 609081 502235 874052 439289 224203 376578 522652 942901 561351 535057 305418 733753 36416 249492
277591 976731 158592 593253 448515 343624 541252 406319 821379 736951 318870 881545 168411 483765 485175 698718 454384 559232 962340 445503 645136 246498 229051 491465 522167 90412 403285 735642 326004 780648 999999999 184463 376276 487127 673517 285113 303584 590261 105235 97023 602319 738347 672126 380750 825321 573941 443304 773325 727492 559830 585866 358128 154334 356544 389402 380128 684847 154966 791657 116913 559570 764575 123612 563254 916662 795184 187009 409597 319567 341763 296535 652426 855295 577561 524141 558969 534470 474955 778615 833785 578772 99741 227288 182517 373219 372483 303188 364892 366063 380851 831226 465685 431318 623747 226771 246573 785647 444569 759597 536026
325847 848415 312258 620288 268558 194784 609424 358815 703891 552828 442283 738438 234454 515443 342972 519501 376644 377918 820766 284373 530993 367328 132344 308109 479979 217719 279662 551553 142373 618222 184463 999999999 496339 315650 489340 387863 191133 545819 269938 236481 418357 609499 493279 206630 646069 605528 343421 606283 559883 375762 623113 197490 299683 175810 231055 373471 633404 197657 607239 98596 445577 583114 102376 594181 773640 617501 272873 254004 293138 358273 327278 524835 705191 394909 368926 567353 507603 465692 617156 684336 461291 283610 60507 314234 331025 424473 298105 182274 340028 279638 701218 282468 387819 704199 137650 98533 601397 487594 601299 385743
210255 975745 452196 332676 680423 689254 216064 384104 812408 995988 598893 930749 534719 254693 837409 894314 461171 782050 998691 621596 661280 131909 424349 737114 427917 449641 518994 968616 621180 899872 376276 496339 999999999 806580 912426 600315 457319 474988 414031 443732 871128 770267 967780 698462 1010318 309919 496987 909269 1050121 829936 307451 693829 463544 609713 576491 750379 557356 301108 1030528 480235 598066 1045660 394002 303816 961767 1091790 223988 750272 329700 706747 659682 697784 927570 807448 665515 346745 403999 336675 894905 906664 619245 349794 555936 194193 749227 716561 294691 661436 740618 468868 851820 713490 385918 268012 415998 484281 1019053 212708 868202 662369
617910 838122 569763 870056 221333 156009 891211 572851 736264 290320 641162 699946 445855 777577 125331 360449 548389 244662 777424 320511 600293 680453 392234 188108 674918 482566 413960 326321 186725 531303 487127 315650 806580 999999999 271970 574281 394536 727413 545190 502010 172915 629323 191858 109062 465644 860292 492242 501604 244400 147547 881352 132076 552243 224120 314605 422088 793638 505507 362937 373089 536056 290743 416287 849236 731169 310404 582858 97151 544038 447852 450740 564860 649408 236920 380070 804694 715939 698346 534308 633596 540179 579086 261593 629541 347153 536301 563943 148492 376731 451872 703673 186056 599386 990162 400699 329261 365339 760395 533504 405836
703607 622657 791340 873620 234937 406061 935332 582347 559746 94805 889574 478202 682358 805033 389682 111187 526200 130961 546449 296806 476391 804147 496052 183445 646022 697478 410667 62357 351322 298767 673517 489340 912426 271970 999999999 824734 455154 677510 755423 717202 99365 459091 173542 327679 194280 870707 467871 261790 298015 129502 894203 374829 776006 320237 336344 692145 714949 631743 119924 576490 447138 172781 568470 861008 504169 241666 704696 362860 595071 714126 711465 424879 421889 104986 289149 800587 693285 702771 304087 411128 440057 772921 457324 768863 617730 801971 626114 317120 646566 462404 509267 209222 600684 1034604 503693 445458 112199 803145 314171 308044
556697 1234626 149175 867602 638378 421882 796839 689592 1086137 862375 67428 1126294 153649 759304 506776 881117 732215 738048 1208629 671124 910804 490120 490381 662515 806868 196920 660472 885487 488406 1001080 285113 387863 600315 574281 824734 999999999 563487 875049 196210 188108 733944 995195 763183 497116 1004349 847046 713248 985745 772314 696438 856354 451589 141289 549982 618752 222926 969402 440078 931078 291129 824545 863234 389178 836879 1161490 871552 462218 477376 603932 170090 137743 909781 1092391 748306 756311 839479 819544 759280 1000604 1071692 842002 255300 387192 430318 275071 127641 588300 513846 246985 648763 1087497 639584 715341 866495 490906 482473 930453 717345 986434 773570
248718 674872 459796 476064 225374 337931 501616 184383 523007 540050 610433 578153 414238 383468 470253 442746 187058 324741 658781 168284 347347 354015 74866 283261 299711 373746 99733 511446 218474 487666 303584 191133 457319 394536 455154 563487 999999999 362319 408146 388730 419759 435722 525122 301760 564202 465837 152783 486030 623780 380482 486817 323843 452293 171817 119349 563982 446031 194905 573260 275638 261078 594441 180822 454753 613225 646068 257864 375991 151380 549303 517145 349745 553535 350169 231362 412642 333908 306316 484707 531899 278849 393763 230062 328786 517549 613196 176481 249111 529038 88551 528616 261338 212872 601529 76852 95733 562013 368992 463206 238479
343079 509577 742650 231096 514044 698030 349865 189157 351125 772305 907225 492871 741264 230668 821602 606708 180678 562056 547949 414192 243398 467312 413821 565077 68264 678384 313759 713415 572566 525204 590261 545819 474988 727413 677510 875049 362319 999999999 688470 687209 689902 340390 807669 651352 687262 239713 235172 549964 925660 662041 262161 680961 742214 509346 412876 917409 95152 435677 771945 612565 233201 847051 494896 234677 518603 911809 432825 729350 271292 896206 858801 297436 506782 588676 389704 162826 71136 140625 518217 488957 245144 646758 591219 495041 876620 949219 288217 595592 885651 282388 403197 554081 161306 429101 409328 456991 755023 265044 488907 369524
361833 1081879 54413 671411 538487 392112 602938 507601 926602 811940 218951 985576 133665 563233 520168 789438 558417 647656 1066620 544700 750365 296640 333386 576689 620804 63159 507878 817780 404131 880576 105235 269938 414031 545190 755423 196210 408146 688470 999999999 44920 677432 843354 735543 445099 916003 650836 548480 871593 776597 635782 660226 413132 55348 445740 488903 343207 783480 253643 871307 179110 664803 831664 227451 640674 1020740 855577 266915 457894 419785 295925 248688 757407 958280 663942 625272 644355 629820 567322 878839 936852 683982 64537 298761 235213 357360 303447 400258 439916 341801 486085 936249 551302 531581 676369 331471 345541 866791 521144 860671 638216
371208 1063596 75778 685182 504316 348228 624649 502655 910675 771537 224043 963143 93425 576062 475281 754877 548442 612320 1044721 516682 734476 320992 313997 540209 619083 19807 488016 779524 366055 852355 97023 236481 443732 502010 717202 188108 388730 687209 44920 999999999 637309 824347 692835 403292 881203 665278 533905 841843 732189 595989 676049 369942 64356 411719 461456 307692 781723 251979 832148 141298 648405 789479 208824 654808 998378 812285 278006 413799 416328 263017 215964 738392 933835 627653 598949 653681 631439 571492 850925 912573 666935 101110 259879 257540 316599 281348 400198 400653 302776 470296 917209 515085 527969 701945 313144 318822 828121 535476 833729 613197
666596 700607 709925 868691 195254 312652 916251 570133 621021 134761 799644 557666 595488 790470 290636 197727 524373 130763 630306 282465 514098 755466 447476 137005 649775 617503 396751 154216 276315 380908 602319 418357 871128 172915 99365 733944 419759 689902 677432 637309 999999999 516110 118053 238188 293591 863220 464840 346836 241315 42732 886086 282379 693786 262938 307505 594179 739072 579462 197357 498594 469361 174863 506285 852908 586082 228547 655240 265513 567992 617656 616935 468025 503310 107269 303813 797587 695564 695074 385218 490210 466709 700404 378986 714412 519503 705815 595820 238105 548671 445721 577415 158512 592005 1016308 455676 390660 196650 782999 390345 327266
585077 239530 895415 571461 419431 676431 685188 390764 106951 544653 1044927 160494 842989 556566 750307 356344 315533 393338 232006 341511 108987 719095 510573 441309 356142 809031 336345 469673 551914 208078 738347 609499 770267 629323 459091 995195 435722 340390 843354 824347 516110 999999999 625747 601749 391065 579750 301397 242761 752460 507720 602442 648264 888008 476514 384620 958819 323310 609586 515878 704203 183380 627789 616432 574168 191962 698066 647051 676415 466654 956398 931921 85980 166444 411146 259652 502309 395954 447444 200348 148693 162438 824166 625754 721145 897773 1030476 500605 551556 917363 359218 92906 446807 384810 768814 512014 512892 497020 580410 173597 235958
767759 796199 761375 983117 305605 347852 1025496 683529 728824 128976 830393 651737 637626 902011 271855 284724 640582 248403 719317 398039 630072 847263 543836 248460 766585 673270 511004 197189 353020 472264 672126 493279 967780 191858 173542 763183 525122 807669 735543 692835 118053 625747 999999999 291854 347196 976918 581090 435001 126715 148113 999531 323260 743953 359078 418255 595213 857048 670345 205948 560810 587255 100130 589048 966445 677486 124707 747468 286700 675590 627494 635614 582522 595336 223769 421796 912684 812026 809227 477624 584668 584256 766682 444839 801525 520324 715602 701539 312146 551338 558660 680954 266235 706316 1125582 552275 483548 215801 892319 487365 445079
513078 825742 474157 776984 183158 82999 789963 484943 707121 370338 562241 695055 357333 680665 170319 392430 470676 254556 775872 267196 555106 571711 289219 180446 594202 383561 339542 388396 84116 540057 380750 206630 698462 109062 327679 497116 301760 651352 445099 403292 238188 601749 291854 999999999 511309 765837 418501 516411 353435 199479 786115 50958 457488 142958 244235 379540 724848 397366 435481 269026 481626 386662 307289 754632 728407 414445 474555 79187 446925 393516 386101 528142 649709 258699 342606 714395 632306 608075 541560 631597 489610 474828 153809 520486 309337 479657 463989 56087 334498 369845 684160 163974 512726 888142 297537 226520 433921 660744 534847 367294
800758 486622 956711 907406 377581 592594 993308 643987 470889 222686 1067484 346473 857121 859153 583908 126655 573989 269044 397393 396136 451512 917258 621464 342995 674349 861890 491332 150440 518883 185091 825321 646069 1010318 465644 194280 1004349 564202 687262 916003 881203 293591 391065 347196 511309 999999999 909385 523627 148352 457170 320097 933254 560679 942784 470299 449065 883516 699013 756167 157801 740111 458485 296794 710076 901170 363219 362026 822067 554281 681120 903052 897405 394993 289346 256198 345133 833564 721544 749020 192765 287316 443459 924813 624628 892331 809638 990179 715729 490617 837894 541725 406854 367217 654817 1088550 627838 582701 140984 867374 217669 351050
297420 739951 700194 22816 671528 790174 120817 293389 586806 964284 862097 732371 741641 91422 931190 816059 344759 744862 785264 581199 479525 366609 482986 728474 235353 663202 466470 914846 681780 757651 573941 605528 309919 860292 870707 847046 465837 239713 650836 665278 863220 579750 976918 765837 909385 999999999 402847 779194 1084360 828861 23880 781896 705904 636693 559409 945939 289669 431903 975961 639149 451419 1031920 521639 11353 757512 1091403 387498 836772 319487 912828 869047 530966 746194 772302 584263 77720 188977 168390 751002 728078 467904 594214 662663 419434 922725 945884 307876 714572 923643 418291 641931 711411 271402 189438 475474 542576 960457 129840 721794 569548
295258 536023 601777 406216 280917 470904 472946 120392 378289 561482 757480 455249 565784 339999 588273 418915 59533 342707 532061 183217 202303 426015 223093 334367 186112 520308 79070 513073 342501 402940 443304 343421 496987 492242 467871 713248 152783 235172 548480 533905 464840 301397 581090 418501 523627 402847 999999999 412862 695315 433520 426332 451229 596112 275707 177736 714955 306653 308459 574681 427784 118324 630273 325364 393140 489212 691476 347364 497204 172174 701690 669912 217649 441145 370106 183783 333839 230954 234989 398071 419558 138969 524843 377880 421884 665617 765942 207760 362466 678765 64728 393102 321267 133975 570618 222342 246039 559766 344340 371749 173086
703703 362386 917408 775346 348290 599234 870370 530610 324824 329284 1044848 217789 833389 736393 626610 151048 456159 262954 284776 327894 309252 828561 552887 335978 544109 823539 398471 250115 499656 39612 773325 606283 909269 501604 261790 985745 486030 549964 871593 841843 346836 242761 435001 516411 148352 779194 412862 999999999 557448 356801 802916 567353 905623 435912 384029 895854 554742 680826 284717 704468 329138 411715 651776 771679 242494 481351 738986 575835 580766 906953 893677 253320 160654 265253 254700 702173 590238 624784 46618 151947 311533 870339 598567 812249 825517 990601 616386 481328 850900 444154 263567 354309 537054 962736 557851 526854 265828 749416 69333 250758
857795 919626 794563 1091951 415130 385715 1125166 791768 855410 234782 839540 775007 664386 1005945 265816 408657 754417 371931 840393 512423 755318 924682 631601 361074 881423 713438 622015 311865 429004 595460 727492 559883 1050121 244400 298015 772314 623780 925660 776597 732189 241315 752460 126715 353435 457170 1084360 695315 557448 999999999 263935 1106428 369378 776172 452627 525524 579808 978719 749262 303638 611575 709598 165609 660687 1073622 799684 123253 826709 319407 775148 620199 637466 708531 718098 348446 543923 1023099 925829 918154 601116 708305 707627 816000 504686 873917 508478 705186 798270 389066 539786 667123 806885 374741 816034 1224899 640121 569119 317911 992759 612137 567886
626274 702605 668978 835005 157953 276680 878982 535483 613890 177122 761706 561492 556112 754484 270878 213064 492944 114666 636734 250318 496989 713502 405920 100392 619327 576187 362896 189125 233859 388357 559830 375762 829936 147547 129502 696438 380482 662041 635782 595989 42732 507720 148113 199479 320097 828861 433520 356801 263935 999999999 851515 245630 653025 220963 270715 563646 715097 537299 236839 456806 446603 215733 463588 818411 591374 265756 613276 234276 529785 584771 582006 453768 508876 97804 281211 764610 664466 661120 391941 494350 445674 658061 337132 671992 489588 672535 556866 196051 518030 410655 574278 119426 558203 979078 414172 348530 234548 745728 393907 305777
310840 759835 708813 34116 694046 809076 107234 316052 607801 987706 869691 754430 753967 107674 950822 839887 368381 768148 806491 604223 502743 372395 502010 751123 259169 674596 489363 938522 702016 781235 585866 623113 307451 881352 894203 856354 486817 262161 660226 676049 886086 602442 999531 786115 933254 23880 426332 802916 1106428 851515 999999999 801355 715086 658002 581780 959840 308698 446380 999674 654161 475250 1055088 537511 33241 779258 1114352 398967 856474 339331 925855 881686 554411 768874 795589 607959 101057 212678 191629 774567 750876 491678 602544 680723 427248 938065 957098 326235 735230 938357 440872 663651 733852 294510 167653 494382 562129 984200 141474 745346 593335
517549 874302 438141 794251 231578 32162 798512 508226 752999 411748 517459 744703 316386 694698 149782 442777 500703 305482 825751 310367 597632 564552 299763 231378 621456 350491 373065 434699 108748 590838 358128 197490 693829 132076 374829 451589 323843 680961 413132 369942 282379 648264 323260 50958 560679 781896 451229 567353 369378 245630 801355 999999999 420803 179761 281804 328582 757793 394413 479500 242590 521763 421043 299846 770599 778223 442445 470264 56887 462483 343098 337049 573005 699886 309211 388654 734267 657465 628553 592279 681607 530941 448085 138446 509953 258555 429646 476125 96897 283549 398574 731888 214482 536666 895349 307657 239328 478967 671837 585252 412862
417142 1127126 18967 726552 566587 396682 656280 560009 973507 827374 165105 1027382 113822 618485 514618 816684 608655 673752 1108909 580878 797245 349606 377466 600891 674381 82087 551750 838223 425747 916448 154334 299683 463544 552243 776006 141289 452293 742214 55348 64356 693786 888008 743953 457488 942784 705904 596112 905623 776172 653025 715086 420803 999999999 474211 525730 305604 837117 306734 889712 202884 711304 841787 271843 695783 1062613 861375 322252 460800 472635 255484 208998 802035 998189 688368 663277 699697 684255 622201 915066 976923 730040 114893 319299 289175 329464 253131 454121 458912 310256 532885 980895 576014 584491 727892 376331 383171 886295 576271 897989 677552
408763 708969 487440 646120 92748 204060 672580 348847 579138 393041 608995 587124 397480 555232 312580 343704 328816 202750 669464 135018 419163 492556 185368 136792 453704 392649 196679 381616 75618 451376 356544 175810 609713 224120 320237 549982 171817 509346 445740 411719 262938 476514 359078 142958 470299 636693 275707 435912 452627 220963 658002 179761 474211 999999999 102129 483091 581908 316580 439856 271396 342100 436500 248234 625695 621771 482419 392328 221975 322877 484275 464749 397801 547960 221303 218755 580582 493347 474227 451138 528078 351733 456284 162841 452114 421282 563208 345687 86870 441056 229403 563683 111034 375636 772276 193717 127801 432256 540383 438321 240942
367286 621370 536371 566522 112762 305305 608747 266325 484257 422822 673162 507660 465169 483800 412459 325612 233979 205633 590074 56135 319570 472450 172692 170720 360954 443908 99415 392150 175520 391686 389402 231055 576491 314605 336344 618752 119349 412876 488903 461456 307505 384620 418255 244235 449065 559409 177736 384029 525524 270715 581780 281804 525730 102129 999999999 575488 481927 307166 454038 329150 240587 480812 267853 548800 542824 535807 374930 323418 261323 571797 547704 302685 474243 231415 138038 497651 403202 392656 389942 453326 251162 486357 241250 443763 517260 646372 290794 188321 535056 141602 474573 152138 290580 708810 178851 143371 442680 475494 372276 154923
649001 1192010 322707 963812 554698 296627 921007 728824 1059712 709611 283131 1067642 215660 854621 324129 769438 750106 633995 1149497 617649 892919 624336 503993 559892 850575 300739 646035 748184 408654 918693 380128 373471 750379 422088 692145 222926 563982 917409 343207 307692 594179 958819 595213 379540 883516 945939 714955 895854 579808 563646 959840 328582 305604 483091 575488 999999999 1006348 514169 784102 309671 809925 694026 429942 934901 1101799 689874 564560 329391 654925 53367 96880 878087 1025159 636686 701826 920916 874660 825770 919891 1006228 823387 406846 338586 560105 75214 126092 651162 417451 45622 652113 1046727 542140 757453 1003688 508166 469034 787224 818552 911647 723898
