NAME : synthetic_000913
TYPE : CTSP-D
DIMENSION : 100
GROUPS : 8
RELAXATION_LEVEL : 1
EDGE_WEIGHT_TYPE : EXPLICIT
EDGE_WEIGHT_FORMAT : FULL_MATRIX
EDGE_WEIGHT_SECTION
999999999 179844 190586 184470 627971 124520 410762 522677 537423 644059 495692 786421 544921 584280 222095 397248 300421 867088 706073 1006060 530676 836006 490544 658776 460997 451054 438716 594168 442085 535623 561199 512292 372512 517296 343678 309068 327029 815825 740558 834821 399940 881538 295525 536444 381101 138756 790069 394072 687906 786478 558799 711439 798798 722771 920564 291163 819022 637695 285387 291714 767314 715818 212736 503758 463904 666270 427204 926018 533032 254206 482777 601795 576915 785959 646330 140613 664660 632526 827591 221740 756850 780848 7059 945316 655555 1005926 523247 494404 161444 99148 153308 894517 496816 139537 470066 288341 512227 552007 833480 88439
179844 999999999 362739 268624 763862 286045 572246 585044 645413 690182 565258 723799 508743 723850 401103 217425 433927 928632 632467 965538 530569 952690 631696 501884 568447 447871 271206 600987 571470 579801 484998 670241 205134 495612 507369 129318 337473 772248 727255 887427 241066 855601 116376 484625 305102 311744 893653 378569 674154 699505 541693 740611 803321 603522 884390 288959 899223 625215 269190 445403 714706 687543 383155 656826 412862 691322 338482 879943 601976 382815 460792 448038 650852 830157 661041 207348 521514 489642 941618 296457 681625 828092 186819 923043 735094 971782 401395 380020 316767 153269 41735 927905 320330 261273 634198 176253 335964 504226 840933 216086
190586 362739 999999999 192105 457981 80643 223429 442918 402004 570975 410759 819641 569920 411997 65260 576538 163011 764889 755333 1006398 519938 679111 319988 797769 333455 455359 597481 568782 288505 475363 624173 325977 534205 530878 155972 488835 345885 827512 724725 743374 552224 871370 478899 578061 467231 51859 647129 421963 676247 845156 562612 651999 760486 818253 919536 334742 699126 628782 344109 120816 791133 717441 23082 321271 514027 614614 517054 935270 444350 142781 501435 739128 478034 705830 607555 209830 788011 756894 673391 214078 804806 697709 183756 928538 544367 999483 632969 599586 196246 227019 328581 820897 665776 140846 280638 419771 680515 587895 790206 225610
184470 268624 192105 999999999 498216 129123 336566 339906 377524 459786 314391 636809 387791 460229 256336 450493 175331 685833 567338 839462 355453 684324 370464 619828 300297 280712 440561 415035 305477 351152 432946 424209 383967 353038 281532 370288 160907 653731 565794 651727 391149 709835 369914 390582 276640 168660 627728 236037 514225 655565 390192 527257 617970 626661 752930 143054 643681 464568 152174 208960 611682 547978 199358 405207 323915 482622 326389 763326 351905 125363 320793 561176 397716 601807 464514 61519 602866 572483 673550 37299 617411 596948 182886 771457 479064 836360 445197 411038 312074 120378 226919 710047 518144 59804 399787 251313 531438 402187 651793 270332
627971 763862 457981 498216 999999999 504133 253809 339218 171402 400969 322051 827675 634333 47124 475070 945704 331252 444796 814272 902149 530910 231571 138341 1046296 223025 533919 916770 521842 192758 397290 747622 172703 868957 588456 312171 867994 523639 783631 641727 457915 865569 765648 868129 673574 687815 502038 235822 564513 618753 906059 584886 483253 611444 966369 826564 557968 343742 594908 582915 339764 783976 678246 435679 154404 651522 481556 726130 864159 315162 381702 583559 991781 291702 462193 510377 557849 1002617 978474 231169 477748 849630 448200 622348 795661 274478 879902 847404 813093 647871 610829 722657 565608 999913 504745 230387 728478 1011487 667997 620753 681614
124520 286045 80643 129123 504133 999999999 288673 431522 422342 557938 401500 765870 516651 460090 136258 497603 180408 768158 696111 965083 478852 715472 366378 718768 347798 407415 516849 534265 320690 454879 559958 389218 453584 480965 222455 410302 289784 781146 687960 740897 471733 833383 401523 519570 395495 40630 673839 365142 637424 783677 516658 633262 733228 747085 878331 270533 711905 588417 276150 167238 740311 673940 98429 379637 452143 591963 445128 890367 437641 139370 449290 660216 477295 697412 579145 132750 711227 679856 707819 159548 746292 690734 118567 893435 551177 960695 557962 525235 194091 146429 250239 809999 585334 70304 349469 340290 600026 531308 765284 184243
410762 572246 223429 336566 253809 288673 999999999 389959 268919 504674 358243 858016 622122 206782 225939 777027 170724 640890 815819 996652 539723 484747 130522 949997 235426 503645 776909 563826 154162 442221 709984 102629 718953 576162 67472 691855 435290 840897 713794 635167 727694 856394 685831 646811 592792 273638 473572 501388 674840 910157 592522 594045 719259 924196 912549 449328 555103 635716 468819 129237 820870 727668 200379 102731 599631 570930 639892 939447 378143 213557 556768 891831 389736 615593 581014 384041 924391 895674 482857 333786 860494 604145 404233 902412 427185 982069 764184 728929 400454 423243 534187 730865 853188 316189 63361 587846 866845 649481 740573 447898
522677 585044 442918 339906 339218 431522 389959 999999999 169198 128056 33198 493160 298078 332229 498058 712384 285650 346516 475081 607085 192664 421608 300595 735971 156864 212687 650729 186399 239548 58920 416241 401782 618308 253763 392345 652078 259251 460147 326182 312146 601301 466746 661429 340620 398456 456778 339422 264416 292176 567187 245981 211760 331254 632125 523725 307191 316351 260665 332099 349304 451146 349196 431400 368631 332269 181986 425199 553124 25958 301137 255291 685841 72909 265894 191886 395415 682603 661751 405233 303544 511217 259469 520269 512726 156589 592111 536102 504297 624446 455029 545049 379095 736012 384924 425775 482246 744643 332560 355753 605014
537423 645413 402004 377524 171402 422342 268919 169198 999999999 251556 150651 661363 462931 163431 440989 808130 243338 375048 643935 756537 359753 307652 150664 881493 77392 364093 766495 354463 121392 227928 576769 249569 723874 417091 296901 736337 367046 623365 484434 366376 715456 617161 740189 502421 527369 433646 252693 399435 456195 736312 413944 340023 469045 795215 676690 406687 298629 428394 432425 284654 618643 514739 383651 216721 482806 327763 562660 710497 146409 284000 412873 828204 134081 348161 350194 439034 834812 811560 296210 349228 680415 336224 533047 654926 158288 737645 681650 647908 597877 497244 603689 462595 851088 400992 286410 582979 861647 496623 485112 606578
644059 690182 570975 459786 400969 557938 504674 128056 251556 999999999 160486 438696 306236 407793 625830 794542 413059 242354 446289 505402 206955 410944 399962 766452 269590 267405 718225 156176 350727 110751 428806 500463 695346 273270 514303 743119 353827 384871 241750 197334 671646 366686 755538 355122 463371 584221 317050 334359 225769 530446 244190 89571 217661 628268 426941 402984 246553 215461 425544 475583 393166 285525 559351 467357 372940 81267 478471 463311 129987 429099 290633 722232 117870 142172 117792 511827 703082 687083 391996 422682 472023 138406 642116 403439 137968 486097 572574 545047 751440 570224 651851 252084 802104 508330 532929 567464 808771 340295 236107 728212
495692 565258 410759 314391 322051 401500 358243 33198 150651 160486 999999999 517544 312289 311212 465355 700509 252726 371597 494648 638431 209528 422730 273151 739536 127287 217206 643916 212215 209336 85422 427109 373796 608575 266560 359384 637362 247102 488208 356372 340076 593857 498154 645570 352298 394659 425775 345101 261723 320413 587693 264042 244925 364160 644979 554600 293526 333982 286363 318996 316147 476444 376335 398887 340826 337106 214830 424704 582981 37517 269466 263822 688039 85638 296382 222830 371449 689101 667089 407282 278702 532588 289313 493036 545048 170424 623995 539304 506587 593786 431376 524740 410481 729241 357109 395627 470592 738445 346060 388911 576894
786421 723799 819641 636809 827675 765870 858016 493160 661363 438696 517544 999999999 249794 824792 884760 699685 708749 586316 98322 256889 318307 843576 789926 487615 642866 365957 581790 306937 721671 434275 239634 889438 602441 289883 839211 697726 476159 94302 209968 527754 559023 205112 721405 250025 419641 804833 748039 400806 212934 112117 265956 380780 297938 275272 194653 499662 649012 233019 501615 775527 46171 153403 819720 856897 322643 359350 386287 168670 514974 692918 318206 472628 536485 467661 321583 652627 405949 409568 824102 607818 66513 479184 788586 264611 576663 274526 372696 372954 940094 687693 702993 471294 641195 696344 904735 548204 639049 235548 324307 872212
544921 508743 569920 387791 634333 516651 622122 298078 462931 306236 312289 249794 999999999 621655 635077 542672 464950 529406 193749 462767 106649 706649 570828 460779 425919 119406 444456 152476 497701 244269 122956 665895 439366 46962 596965 514599 226896 271074 223940 473773 405115 346918 534048 49333 212017 555344 616452 152597 173202 288035 62410 301712 313726 334150 378755 254280 552166 130745 260184 530500 224159 178804 570346 634759 98807 255156 202528 381217 323661 445374 68685 418588 361182 406960 210099 407577 397003 380919 688685 358144 239755 412046 546436 414308 427855 465592 271233 247818 694448 447806 481044 471190 522960 447502 673521 343191 526826 34997 352449 632374
584280 723850 411997 460229 47124 460090 206782 332229 163431 407793 311212 824792 621655 999999999 428088 909557 290094 475135 805844 912491 520627 278193 93736 1021946 200079 516523 884884 517882 155933 391098 731552 129656 835319 575155 265154 830504 496391 785702 645531 483528 833764 774396 829761 658717 661538 456739 276623 541980 619033 898714 575236 493317 622498 950957 834734 528125 377290 591823 552572 294645 782040 677841 389561 108482 632019 486824 701611 870378 309826 341059 567570 966604 293527 481940 512120 518965 981127 956101 277118 441738 843194 468379 578536 807955 289915 891713 824259 789570 601100 570606 682900 589294 967271 463602 185926 695491 979207 654564 634528 636218
222095 401103 65260 256336 475070 136258 225939 498058 440989 625830 465355 884760 635077 428088 999999999 617924 213125 810675 820572 1069554 583635 702384 340385 854281 377677 520171 647952 630916 322297 533680 688964 326484 583372 595807 162959 529696 411132 891769 787095 792363 604406 933852 517267 643302 529890 97517 678412 487215 739187 910295 627041 708764 819999 881326 982733 399281 739612 692134 407875 156958 856007 781291 67961 328431 579045 672982 579669 999208 497479 202371 566558 795823 528000 757928 667857 268923 847485 816109 698344 279257 870061 749158 215039 990190 589654 1062044 693916 660961 174529 277813 370651 873710 712707 202674 274139 475620 727775 653153 848845 232657
397248 217425 576538 450493 945704 497603 777027 712384 808130 794542 700509 699685 542672 909557 617924 999999999 625295 1036668 601497 955707 602481 1113600 820827 340011 734511 528676 122673 672341 753861 690834 470096 871100 103306 548594 714569 88243 453590 769503 764897 987909 141695 869595 104243 502894 337186 526530 1043826 460221 715608 643114 593411 824387 856285 504946 884083 407203 1026931 672715 381577 648070 704660 710548 595900 854271 446087 774178 340422 867295 733911 574456 519083 299271 784009 924550 735342 395186 387154 359526 1100306 468023 643660 925729 404208 937922 868798 969704 329046 326939 526786 354407 248068 1006394 118192 460880 840014 230147 133359 524454 895021 425244
300421 433927 163011 175331 331252 180408 170724 285650 243338 413059 252726 708749 464950 290094 213125 625295 999999999 601885 658051 871851 394159 535752 197810 779950 171484 345555 613776 431548 141797 324682 544369 250088 558711 420682 132488 543657 265846 702718 587229 580802 563655 733589 541422 484804 422071 190432 493722 334655 542442 751628 443491 497088 611727 755977 785634 278621 537706 498314 298406 67790 674918 589870 148100 229967 433002 463293 469227 806721 284373 51270 397442 721952 315691 544933 462030 230892 753668 724969 527715 165849 704705 536335 295343 786651 381468 861588 593465 558217 356382 280657 393171 660618 692691 173577 231869 423347 705731 489624 639046 364330
867088 928632 764889 685833 444796 768158 640890 346516 375048 242354 371597 586316 529406 475135 810675 1036668 601885 999999999 626622 542156 441302 317600 513744 987149 433001 508567 957752 378187 496326 350052 646987 598760 936999 504417 671918 985297 594494 505104 378798 59023 912101 432797 997371 578557 703838 788150 235840 576451 395958 694188 467675 228959 290409 823882 490433 643673 106447 412147 666827 653831 541388 444435 749077 569878 607881 274269 715607 539382 334148 630851 526669 947516 291060 124620 319507 741921 917660 905616 299276 649797 637461 117616 864291 431068 221022 511134 800579 775844 956411 801540 889401 147412 1040838 728090 647314 809814 1046819 560681 272673 947147
706073 632467 755333 567338 814272 696111 815819 475081 643935 446289 494648 98322 193749 805844 820572 601497 658051 626622 999999999 355131 285672 857201 760813 399393 614458 312884 483469 296944 688926 417102 147891 857453 504731 239751 790290 601147 409456 179841 250885 567627 461043 290649 625174 177273 331149 735976 762914 333414 232019 94489 230839 405716 350449 200809 289651 426115 676153 230831 424527 723010 113665 183056 757617 825859 244677 373511 293986 266811 499215 636384 260609 379529 528812 503278 329844 576605 319179 319028 838187 541393 50784 512932 708745 354805 581588 371859 274410 274972 862900 606931 613808 527308 543512 625894 866741 456270 541697 168949 382829 790139
1006060 965538 1006398 839462 902149 965083 996652 607085 756537 505402 638431 256889 462767 912491 1069554 955707 871851 542156 355131 999999999 486946 849606 902761 733462 763586 558807 838515 440390 846389 554803 489677 1003994 857311 488959 993134 949978 681336 193325 284775 493543 814573 140349 972862 481090 660870 1001229 757581 611990 330459 339823 449366 419305 290718 513057 86878 714923 634875 377670 722621 939476 253141 291497 1001950 970739 553714 429527 633620 88424 621259 868471 523294 724547 622459 456821 415643 866911 651419 659215 830184 805964 318169 471314 1007192 111652 628330 35920 629541 628768 1150917 909956 940830 396719 897782 898883 1032229 792729 895326 462043 285527 1094019
530676 530569 519938 355453 530910 478852 539723 192664 359753 206955 209528 318307 106649 520627 583635 602481 394159 441302 285672 486946 999999999 600691 475954 561144 329162 82993 517181 71209 405368 137725 228344 573826 500626 66967 522703 560895 204578 309336 210472 388882 472720 354663 576813 152599 265697 514459 511311 152253 158816 379357 54867 221962 273564 440499 400077 247219 453310 109572 262869 461719 281775 197719 516418 541777 166854 171865 274319 415671 217939 384355 85410 515730 254542 323764 133654 390074 500790 482969 582891 320638 325573 326341 530816 416054 322291 481844 365788 338101 667479 440163 497005 405200 599735 414077 586844 383685 605546 141599 310680 619066
836006 952690 679111 684324 231571 715472 484747 421608 307652 410944 422730 843576 706649 278193 702384 1113600 535752 317600 857201 849606 600691 999999999 362000 1156728 384268 634088 1065146 564306 394814 465924 829025 402311 1026396 666740 540452 1043403 665356 777686 636453 357695 1014630 727570 1047686 753272 817388 719291 95643 684209 632348 940101 647199 463721 572534 1036663 788242 708468 215733 626373 734339 558519 797448 690648 657710 385936 753100 485821 846432 833859 396256 582324 673971 1107274 350380 394887 527745 745824 1100548 1081142 19682 656789 881574 380772 831035 738004 278986 820829 957280 925796 872859 803309 910955 463404 1150350 703564 460796 886217 1160021 741611 567028 897857
490544 631696 319988 370464 138341 366378 130522 300595 150664 399962 273151 789926 570828 93736 340385 820827 197810 513744 760813 902761 475954 362000 999999999 948756 147134 458746 801307 485366 75877 358158 673471 101438 749617 523867 178998 740479 421784 760716 625723 511727 750415 762735 738899 603499 586975 363697 343934 474721 592749 854955 530721 489160 617569 892570 821299 449053 425398 559494 472539 201424 749374 649339 297871 68173 568921 473244 629568 852737 282918 249029 511503 892326 282134 497864 490886 428071 912539 886201 358174 354480 801522 485563 484805 803130 305573 885138 753705 718593 511508 478435 590980 611255 882563 370884 136234 610993 894936 601949 634950 543276
658776 501884 797769 619828 1046296 718768 949997 735971 881493 766452 739536 487615 460779 1021946 854281 340011 779950 987149 399393 733462 561144 1156728 948756 999999999 823510 523382 234447 613120 873364 691337 340289 1025550 297885 494183 900070 396783 527008 577832 635066 930050 261364 689448 422607 411569 361820 756770 1070322 482224 600501 393740 523180 758196 736773 221778 681692 502730 1012786 575915 481668 826658 512667 567809 811049 1000375 403744 714127 320359 649318 761716 737059 483136 58732 806373 863115 668251 588211 82090 82481 1139734 616760 421374 869548 664625 751834 881236 756876 200239 233585 813424 578398 511406 910610 229234 658856 1011800 378665 217725 427736 772441 715517
460997 568447 333455 300297 223025 347798 235426 156864 77392 269590 127287 642866 425919 200079 377677 734511 171484 433001 614458 763586 329162 384268 147134 823510 999999999 317296 697442 339091 82805 212706 532598 246903 652527 379036 247350 661256 301103 615479 483003 416285 646259 623239 664452 460747 464836 361530 329635 342336 447700 708424 383994 358776 483911 752104 680524 337406 366222 413011 362808 220909 602542 503448 316665 214133 431974 335970 503234 709866 142975 208666 369061 768811 157155 387628 348733 361816 781290 756552 373261 272612 654646 377409 456764 667573 211980 747915 625032 590542 527846 419892 526713 503958 781453 323933 268914 511525 792490 457864 505240 531786
451054 447871 455359 280712 533919 407415 503645 212687 364093 267405 217206 365957 119406 516523 520171 528676 345555 508567 312884 558807 82993 634088 458746 523382 317296 999999999 451156 153133 384196 172355 215319 551232 428455 76074 477565 482478 124025 373789 289803 459233 404259 430842 497342 145045 196058 444717 549911 70696 236929 406914 109481 298368 356547 434821 472371 164615 508134 186684 179877 411261 335853 267310 454377 520837 119994 248114 215235 482965 238364 327062 53353 473201 283904 396198 214000 310584 471905 449997 617469 247881 359153 397085 451539 494262 362266 556387 323422 291710 592185 358805 414054 484249 535430 340266 556191 305197 542582 145904 393659 539487
438716 271206 597481 440561 916770 516849 776909 650729 766495 718225 643916 581790 444456 884884 647952 122673 613776 957752 483469 838515 517181 1065146 801307 234447 697442 451156 999999999 584270 729616 620962 358741 863823 66517 457605 719475 162740 400252 655184 661848 906045 51211 758229 188921 400746 255189 551547 988854 388022 614824 521361 500003 737796 756942 382718 769240 360138 958498 575141 334639 648415 589482 603878 613902 843082 352937 688295 244095 750123 674228 565373 431868 185718 723582 840848 646728 395399 269936 240689 1050418 448661 524037 843506 445092 826150 806640 853906 209278 211813 586946 370817 286459 914642 85333 466319 840210 190638 95152 422060 795507 487025
594168 600987 568782 415035 521842 534265 563826 186399 354463 156176 212215 306937 152476 517882 630916 672341 431548 378187 296944 440390 71209 564306 485366 613120 339091 153133 584270 999999999 420029 127671 273779 585914 570082 127063 554751 631940 271057 277309 156288 323741 540918 303074 647985 201803 335194 568022 471665 223168 111500 385943 90114 153546 205412 472755 354087 315689 400433 74293 332541 499239 264753 164533 563055 552999 231621 104550 340360 376679 208056 428977 153403 570953 232644 257521 63001 453980 547900 532875 545714 378969 328630 261455 593897 359983 286237 431298 422829 397660 725702 506126 566881 334448 665825 472235 605609 454795 671002 185521 241600 682272
442085 571470 288505 305477 192758 320690 154162 239548 121392 350727 209336 721671 497701 155933 322297 753861 141797 496326 688926 846389 405368 394814 75877 873364 82805 384196 729616 420029 999999999 294652 598460 168564 679486 450772 175604 675442 346357 697001 565543 485806 678563 706042 675383 529160 511679 325481 358634 398869 529468 783279 459844 440197 566168 817342 763265 374864 418747 493545 398764 168268 682191 584556 268566 137059 493312 418594 553921 792288 225613 190684 437187 817107 235602 462804 431433 365135 836697 810427 387507 285902 730659 451738 436911 750178 277905 830670 677955 642870 484597 418679 530158 578597 811671 313774 186313 539875 823733 528245 586764 503247
535623 579801 475363 351152 397290 454879 442221 58920 227928 110751 85422 434275 244269 391098 533680 690834 324682 350052 417102 554803 137725 465924 358158 691337 212706 172355 620962 127671 294652 999999999 364806 459031 593539 201827 439511 636084 244444 402825 271615 307664 572831 414765 647589 288880 366088 483672 379125 233152 234995 508796 189461 178384 287055 578222 470354 293627 337678 201964 316843 390796 392406 291182 466043 425995 288542 139327 387590 497865 82133 332591 208224 643045 117102 252487 139520 401827 634728 615241 448629 313895 452598 249148 533949 463981 190458 541480 492672 462223 648963 459883 541269 358895 705790 401722 480883 461945 713487 279135 315166 620781
561199 484998 624173 432946 747622 559958 709984 416241 576769 428806 427109 239634 122956 731552 688964 470096 544369 646987 147891 489677 228344 829025 673471 340289 532598 215319 358741 273779 598460 364806 999999999 764238 369385 162998 676416 460303 282477 300078 308879 590142 328415 399890 483319 75929 183458 600370 739241 209809 267058 225648 184618 418085 408273 219506 414809 289913 674187 237042 284467 605789 236643 246983 628793 734496 111874 373865 146777 401853 442120 515823 164122 301651 481901 523173 327963 435658 274280 259326 811183 410872 197938 529372 564184 468064 550454 501227 161686 147795 719661 462134 465921 576804 429348 489738 765493 308983 430658 88514 445920 644111
512292 670241 325977 424209 172703 389218 102629 401782 249569 500463 373796 889438 665895 129656 326484 871100 250088 598760 857453 1003994 573826 402311 101438 1025550 246903 551232 863823 585914 168564 459031 764238 999999999 808169 619008 170014 787207 501577 861779 727141 602140 813742 864035 782471 696272 664594 375890 406276 560670 693838 951824 628364 589375 718123 982231 922691 522853 504035 659900 544562 224838 849391 750130 302910 33278 657093 574468 709531 954163 384346 298861 604448 968122 382599 593140 592311 476126 994215 966734 403227 415765 899203 580350 505852 903852 399656 986102 834283 798971 500812 519303 631327 704685 942310 411052 58811 673434 955500 696035 734680 550505
372512 205134 534205 383967 868957 453584 718953 618308 723874 695346 608575 602441 439366 835319 583372 103306 558711 936999 504731 857311 500626 1026396 749617 297885 652527 428455 66517 570082 679486 593539 369385 808169 999999999 445733 660031 106284 361828 669386 661711 887376 46041 767997 132907 399805 234955 487448 953377 361225 612320 552606 490347 722586 752985 427098 784099 317964 930779 569436 292095 589948 605196 607858 551219 788626 342892 672468 237169 769010 640728 509309 416701 246099 690642 823493 633064 335510 325692 294922 1012371 395300 548700 825042 378938 836410 774888 870224 237326 229952 520479 307198 220008 903800 134260 405675 782313 141007 147963 421364 791722 420701
517296 495612 530878 353038 588456 480965 576162 253763 417091 273270 266560 289883 46962 575155 595807 548594 420682 504417 239751 488959 66967 666740 523867 494183 379036 76074 457605 127063 450772 201827 162998 619008 445733 999999999 552302 513228 192986 300830 231710 450597 415019 365778 530964 87096 211998 518873 577898 123618 178546 334195 46445 280518 311739 378659 403273 226445 519797 129892 236307 486791 260289 198671 530243 587831 104696 231570 213538 410695 279549 403104 35273 449023 318912 384539 189151 377953 434151 416057 649085 321554 284648 388197 518318 431385 388763 488775 299316 272370 662856 422102 465171 458263 538832 412825 627066 337810 543943 79548 350223 605433
343678 507369 155972 281532 312171 222455 67472 392345 296901 514303 359384 839211 596965 265154 162959 714569 132488 671918 790290 993134 522703 540452 178998 900070 247350 477565 719475 554751 175604 439511 676416 170014 660031 552302 999999999 628641 396295 829381 708543 660707 671025 853616 621737 617292 547423 206220 521203 466612 666237 883983 573401 602294 723544 886602 907700 404323 592481 624084 421765 73566 804328 716110 132914 167098 564844 574208 595734 931372 384722 164793 529711 841567 404461 634834 578962 324527 878555 849077 537067 283877 836672 624385 337100 903391 453189 980823 718867 683856 336630 360193 469984 751098 794027 254879 127023 532104 807983 622012 747733 380743
309068 129318 488835 370288 867994 410302 691855 652078 736337 743119 637362 697726 514599 830504 529696 88243 543657 985297 601147 949978 560895 1043403 740479 396783 661256 482478 162740 631940 675442 636084 460303 787207 106284 513228 628641 999999999 393306 759415 738529 939118 151859 853570 26665 480192 302822 438600 977220 412089 687218 654283 559346 780816 824730 533142 873968 344906 968308 641447 320284 563284 696893 689401 508443 771398 415863 730533 318661 862119 672179 492514 481074 348273 722209 877685 694540 312778 430575 400247 1030857 390874 646886 877662 316017 922026 807308 960886 340348 329032 441679 268626 160255 965983 194939 376230 754611 177340 210688 501454 863316 340119
327029 337473 345885 160907 523639 289784 435290 259251 367046 353827 247102 476159 226896 496391 411132 453590 265846 594494 409456 681336 204578 665356 421784 527008 301103 124025 400252 271057 346357 244444 282477 501577 361828 192986 396295 393306 999999999 493787 413667 551132 349485 554726 403722 232183 165404 328684 591575 76100 360907 499776 232391 403774 476434 490353 595222 49191 575135 310679 73022 324483 450794 390091 348469 474956 170696 355012 208206 603681 280350 233754 160069 470842 330461 492867 327776 186579 492644 465380 650984 132155 458951 491139 327528 618287 415356 679826 332841 297567 469896 235600 300499 591007 485267 220655 494140 223534 495337 242364 512568 415464
815825 772248 827512 653731 783631 781146 840897 460147 623365 384871 488208 94302 271074 785702 891769 769503 702718 505104 179841 193325 309336 777686 760716 577832 615479 373789 655184 277309 697001 402825 300078 861779 669386 300830 829381 759415 493787 999999999 143524 447503 627848 111843 781791 287766 467736 818487 682126 422229 167972 205497 265060 314923 214700 368810 114731 524821 575524 205459 531254 770438 66667 113355 824956 828687 360468 303608 441734 110196 479077 693588 334124 559366 492654 391200 273643 677715 496737 498312 758041 621598 159709 403774 817227 174976 521094 201483 448471 443598 963550 718880 747546 382755 719644 713480 882828 599814 718686 268812 236554 903407
740558 727255 724725 565794 641727 687960 713794 326182 484434 241750 356372 209968 223940 645531 787095 764897 587229 378798 250885 284775 210472 636453 625723 635066 483003 289803 661848 156288 565543 271615 308879 727141 661711 231710 708543 738529 413667 143524 999999999 319865 625580 146790 757820 262125 435833 722619 540810 352696 53337 315557 186004 172749 101743 451192 199188 453478 439089 103400 466067 654798 164096 68349 719266 693892 322677 160529 424576 227040 342811 585250 266741 604559 352005 258168 134853 599964 559058 552632 616865 530661 258664 269397 740862 205682 377580 275014 470518 455042 877702 648525 696809 277544 736423 624154 751849 566162 738541 240586 137835 828992
834821 887427 743374 651727 457915 740897 635167 312146 366376 197334 340076 527754 473773 483528 792363 987909 580802 59023 567627 493543 388882 357695 511727 930050 416285 459233 906045 323741 485806 307664 590142 602140 887376 450597 660707 939118 551132 447503 319865 999999999 861161 378859 952099 522732 653249 763289 269124 528247 337155 635327 412498 172240 232901 765071 437641 600272 141992 354461 622660 636467 482695 385413 728848 571741 554704 219253 662983 485763 303382 605853 474260 891174 265389 66973 263679 705960 859924 848329 338577 615080 578516 62541 832407 381935 208143 463834 744990 720953 931745 765019 848924 109695 988538 696890 647339 762722 994130 504453 217566 916864
399940 241066 552224 391149 865569 471733 727694 601301 715456 671646 593857 559023 405115 833764 604406 141695 563655 912101 461043 814573 472720 1014630 750415 261364 646259 404259 51211 540918 678563 572831 328415 813742 46041 415019 671025 151859 349485 627848 625580 861161 999999999 728032 178377 363491 208322 507427 938912 339682 577193 507143 458543 694195 718707 381291 742457 308997 910504 535769 283466 599526 563125 569912 567982 792691 310832 644383 202780 726192 624571 515599 387779 206973 674082 796445 603691 347741 283020 251757 1000014 398265 504320 798662 406059 796325 757470 828198 191752 186080 552449 326617 250378 873123 135783 418968 790935 140308 146253 385010 757398 454171
881538 855601 871370 709835 765648 833383 856394 466746 617161 366686 498154 205112 346918 774396 933852 869595 733589 432797 290649 140349 354663 727570 762735 689448 623239 430842 758229 303074 706042 414765 399890 864035 767997 365778 853616 853570 554726 111843 146790 378859 728032 999999999 874795 374269 555130 868526 633549 489280 195960 313998 322828 282478 156974 480297 61469 591772 516315 245275 602046 801054 176993 168296 866037 830768 443453 289651 534967 106949 480965 732040 400947 669900 483112 332752 275437 741281 608485 609598 707941 675278 271206 346802 882193 68485 493181 128224 554190 546497 1021907 787522 827808 296640 825604 768678 891908 687650 825355 353490 161635 969913
295525 116376 478899 369914 868129 401523 685831 661429 740189 755538 645570 721405 534048 829761 517267 104243 541422 997371 625174 972862 576813 1047686 738899 422607 664452 497342 188921 647985 675383 647589 483319 782471 132907 530964 621737 26665 403722 781791 757820 952099 178377 874795 999999999 500884 322031 428045 983309 426715 706151 679536 577252 795641 842691 559615 896214 354848 977778 659810 330870 557923 719724 709873 499095 767663 435241 745429 340357 885161 680897 490161 498258 374576 730789 891360 710326 310869 457162 426877 1035528 392625 671294 890958 302548 943205 815858 983270 366122 354032 422572 263173 151753 981455 216722 371596 748232 193431 232427 522013 881187 321016
536444 484625 578061 390582 673574 519570 646811 340620 502421 355122 352298 250025 49333 658717 643302 502894 484804 578557 177273 481090 152599 753272 603499 411569 460747 145045 400746 201803 529160 288880 75929 696272 399805 87096 617292 480192 232183 287766 262125 522732 363491 374269 500884 999999999 181160 559235 663795 156156 214095 268386 111711 350568 356212 292801 399878 250663 601261 175810 251629 548534 232788 209260 580431 665869 73414 304352 162982 396321 366461 460620 91997 369273 405977 455863 259126 402994 348660 331967 735489 364150 226940 461129 538572 442560 474861 487305 222304 199937 690358 437830 459867 517621 477624 449487 700464 313750 480917 21560 394761 622500
381101 305102 467231 276640 687815 395495 592792 398456 527369 463371 394659 419641 212017 661538 529890 337186 422071 703838 331149 660870 265697 817388 586975 361820 464836 196058 255189 335194 511679 366088 183458 664594 234955 211998 547423 302822 165404 467736 435833 653249 208322 555130 322031 181160 999999999 436047 737783 134099 384396 406543 257540 487647 522439 351598 580692 143513 703422 338875 126149 473977 409607 388698 475845 638885 113211 437558 49824 574935 422748 382666 181898 305446 471330 588925 398191 264736 331633 302960 801853 264715 381378 590804 384575 623281 553242 668125 171546 136443 541391 282803 283379 669229 339762 327218 653484 132593 347415 201664 561104 462100
138756 311744 51859 168660 502038 40630 273638 456778 433646 584221 425775 804833 555344 456739 97517 526530 190432 788150 735976 1001229 514459 719291 363697 756770 361530 444717 551547 568022 325481 483672 600370 375890 487448 518873 206220 438600 328684 818487 722619 763289 507427 868526 428045 559235 436047 999999999 682679 404347 672627 823862 553646 661842 764935 787620 914401 310763 727558 623998 316720 162294 778657 710472 74071 369633 492256 621877 485651 927408 461043 157495 487661 698322 498368 722155 611015 172715 750592 719122 712676 197385 786070 714889 131950 927773 569203 996143 597961 565394 168470 180857 278463 835868 617936 110633 331853 378106 632841 570658 796238 179589
790069 893653 647129 627728 235822 673839 473572 339422 252693 317050 345101 748039 616452 276623 678412 1043826 493722 235840 762914 757581 511311 95643 343934 1070322 329635 549911 988854 471665 358634 379125 739241 406276 953377 577898 521203 977220 591575 682126 540810 269124 938912 633549 983309 663795 737783 682679 999999999 603808 537076 845083 556150 368079 477917 944410 694454 636753 129736 532180 662497 526798 701901 595206 627128 383409 667601 390740 764161 739539 315063 536325 587206 1022138 266718 301380 433167 689014 1012044 993567 76083 597405 786553 287079 785644 646167 189200 729567 871787 841120 843221 747992 852071 377380 1074187 653562 461970 814567 1083207 651303 473699 857992
394072 378569 421963 236037 564513 365142 501388 264416 399435 334359 261723 400806 152597 541980 487215 460221 334655 576451 333414 611990 152253 684209 474721 482224 342336 70696 388022 223168 398869 233152 209809 560670 361225 123618 466612 412089 76100 422229 352696 528247 339682 489280 426715 156156 134099 404347 603808 999999999 299369 424093 167164 368931 424810 423058 526613 102952 570830 249424 113380 396090 376737 322268 424303 532276 98384 318714 163589 532397 288860 306581 88762 428791 337264 465906 284544 255489 439192 414217 668438 208232 382854 466354 395260 554528 419206 612331 282895 248721 541936 298493 345782 554943 473034 295538 558185 234944 481113 166372 462365 482063
687906 674154 676247 514225 618753 637424 674840 292176 456195 225769 320413 212934 173202 619033 739187 715608 542442 395958 232019 330459 158816 632348 592749 600501 447700 236929 614824 111500 529468 234995 267058 693838 612320 178546 666237 687218 360907 167972 53337 337155 577193 195960 706151 214095 384396 672627 537076 299369 999999999 308468 132703 174002 142340 427926 243754 400292 444748 50261 412745 610197 167440 59933 671532 660734 271487 146795 375214 265182 311293 538016 213502 566790 327077 271890 109146 547356 526917 518076 612996 479447 250009 281140 688297 257572 363736 323568 428375 410691 826276 595486 643545 310539 690974 572893 715522 514020 693710 192767 180748 776345
786478 699505 845156 655565 906059 783677 910157 567187 736312 530446 587693 112117 288035 898714 910295 643114 751628 694188 94489 339823 379357 940101 854955 393740 708424 406914 521361 385943 783279 508796 225648 951824 552606 334195 883983 654283 499776 205497 315557 635327 507143 313998 679536 268386 406543 823862 845083 424093 308468 999999999 324491 481536 408106 173486 293946 513144 751945 316264 509393 816196 153831 252463 848243 920168 331653 454343 364200 257072 590906 728878 354319 387748 618570 573501 412785 661033 311765 321079 920851 631084 58530 584347 789576 368992 667388 364240 315398 325673 945278 687512 684605 582699 570417 713373 961221 523984 566073 262020 435746 868579
558799 541693 562612 390192 584886 516658 592522 245981 413944 244190 264042 265956 62410 575236 627041 593411 443491 467675 230839 449366 54867 647199 530721 523180 383994 109481 500003 90114 459844 189461 184618 628364 490347 46445 573401 559346 232391 265060 186004 412498 458543 322828 577252 111711 257540 553646 556150 167164 132703 324491 999999999 240848 265445 390410 363011 269096 489857 83560 280489 510649 231507 157884 560518 596402 147746 193442 256114 373769 270859 430419 80902 480846 305000 345856 149003 418729 458892 443207 629017 357187 270874 350520 559546 387510 368213 447438 332957 308461 701564 464793 510852 414720 580153 449732 640569 384177 584683 96105 303985 647140
711439 740611 651999 527257 483253 633262 594045 211760 340023 89571 244925 380780 301712 493317 708764 824387 497088 228959 405716 419305 221962 463721 489160 758196 358776 298368 737796 153546 440197 178384 418085 589375 722586 280518 602294 780816 403774 314923 172749 172240 694195 282478 795641 350568 487647 661842 368079 368931 174002 481536 240848 999999999 129341 598981 343582 451740 270765 183700 471769 561064 334611 229308 641611 556344 385149 50313 493906 383037 217599 509330 306426 718950 207054 105309 91850 575055 688942 676665 444145 489968 423283 111397 710092 315211 211102 398553 572861 549217 827348 631501 704230 187297 819343 579340 622449 603498 824428 332214 146570 797510
798798 803321 760486 617970 611444 733228 719259 331254 469045 217661 364160 297938 313726 622498 819999 856285 611727 290409 350449 290718 273564 572534 617569 736773 483911 356547 756942 205412 566168 287055 408273 718123 752985 311739 723544 824730 476434 214700 101743 232901 718707 156974 842691 356212 522439 764935 477917 424810 142340 408106 265445 129341 999999999 551220 218425 520535 364297 183727 536409 677614 254283 169689 752172 685017 410617 149347 516250 261802 341139 618076 344975 705778 335529 179276 154089 658937 660778 654327 552864 581336 353289 192732 798333 185919 337696 269243 569901 552896 926364 711515 770377 176862 833313 673887 749939 649534 836028 334976 38738 886671
722771 603522 818253 626661 966369 747085 924196 632125 795215 628268 644979 275272 334150 950957 881326 504946 755977 823882 200809 513057 440499 1036663 892570 221778 752104 434821 382718 472755 817342 578222 219506 982231 427098 378659 886602 533142 490353 368810 451192 765071 381291 480297 559615 292801 351598 787620 944410 423058 427926 173486 390410 598981 551220 999999999 465899 486743 866919 417223 474528 814422 307342 383003 825958 952918 325384 562025 301975 430479 657772 723152 383391 223738 694841 699685 516514 615842 140701 155605 1018224 610676 209120 708517 727146 539106 757877 537722 202603 228596 884199 627803 597869 728067 416970 678703 981238 438371 410237 299565 583563 796608
920564 884390 919536 752930 826564 878331 912549 523725 676690 426941 554600 194653 378755 834734 982733 884083 785634 490433 289651 86878 400077 788242 821299 681692 680524 472371 769240 354087 763265 470354 414809 922691 784099 403273 907700 873968 595222 114731 199188 437641 742457 61469 896214 399878 580692 914401 694454 526613 243754 293946 363011 343582 218425 465899 999999999 629562 576218 290793 637905 853314 179759 205148 915153 889413 471684 348930 555983 51043 538876 781757 437853 667229 542761 393356 331865 781104 599810 604156 768634 719289 260407 407505 921587 78660 554450 87435 561759 557879 1064552 824920 858605 350876 832419 812288 949411 713082 831009 380172 221479 1008657
291163 288959 334742 143054 557968 270533 449328 307191 406687 402984 293526 499662 254280 528125 399281 407203 278621 643673 426115 714923 247219 708468 449053 502730 337406 164615 360138 315689 374864 293627 289913 522853 317964 226445 404323 344906 49191 524821 453478 600272 308997 591772 354848 250663 143513 310763 636753 102952 400292 513144 269096 451740 520535 486743 629562 999999999 623405 350086 25871 331019 477815 425114 340526 498090 181697 402640 191412 635015 327636 239534 191709 445280 377738 541783 373925 153396 475145 446349 694565 123934 476526 540182 292434 656580 462783 715219 315033 279862 440713 195754 252651 639035 444475 200230 510218 177940 455249 264114 557212 379113
