NAME : synthetic_000015
TYPE : CTSP-D
DIMENSION : 100
GROUPS : 8
RELAXATION_LEVEL : 1
EDGE_WEIGHT_TYPE : EXPLICIT
EDGE_WEIGHT_FORMAT : FULL_MATRIX
EDGE_WEIGHT_SECTION
999999999 1003341 421908 500372 696721 701885 208172 575982 228873 50717 239132 560188 323805 702457 961945 270146 789771 382498 475414 611860 595720 549584 861315 722835 734131 361957 949528 280744 438251 491713 765316 636210 333879 446717 608600 611586 206917 592237 625724 623259 559877 519524 632104 1016451 507492 697341 253292 315045 115121 687363 295965 144815 231456 387688 965062 1073504 864673 208620 331601 559460 1067576 661591 204616 695211 243965 232953 466573 740749 622352 790534 680482 650537 788624 699683 386974 765583 760966 807207 476636 54144 848064 810223 203950 322925 252599 620439 818304 236428 758800 777313 682556 431791 300445 366802 462691 873896 853554 730494 808389 734486
1003341 999999999 690391 554285 375912 660622 949228 453473 936125 1033187 766192 704933 852520 392536 42510 888151 237657 915982 603807 740111 662124 530457 491894 564536 551221 677814 170642 1010115 671281 677376 640658 381550 704584 563748 402184 624280 865242 919684 413484 414797 921723 630362 703115 144500 536995 534603 930233 759138 1093769 970573 840103 883239 799590 722361 126761 132054 275328 882025 823608 764081 222005 640995 861839 806652 759564 1084812 536821 515375 711032 273079 440813 600019 222565 559695 969166 705415 612183 565859 938814 1014927 766686 363624 1169052 761623 1187088 479566 216342 1004965 244712 530478 382123 660429 1034447 791699 737593 323313 272732 449892 198092 301737
421908 690391 999999999 411589 324435 289495 281025 241837 513088 426385 282711 615280 163817 542728 654913 207932 539389 228970 435796 683527 619127 162196 765056 300932 312296 102907 588322 602417 462100 527725 757695 315273 358320 193919 385630 191415 425422 318651 277039 275853 301305 97805 231543 659026 158897 634754 526364 106867 536359 410721 482212 383414 358905 456597 698687 723734 483785 229065 499237 191712 692347 245239 221730 789336 263271 614347 262366 320601 674699 570364 552237 630397 469675 652586 281974 792047 341691 754631 276125 461227 888066 412160 625183 425722 669224 226186 477312 569292 463295 355817 505938 32303 630613 101349 86891 694377 475358 615793 496857 509696
500372 554285 411589 999999999 396039 625312 535284 291234 385234 542131 271836 227880 508318 202805 511896 510013 318782 601515 53610 292926 216625 364144 380141 575364 575899 321589 562495 456016 121414 154774 346284 291100 167825 223833 167272 523415 324001 730220 325357 322602 711907 442801 601933 614779 307602 229588 377358 394428 568077 821511 286427 360480 271332 168461 486439 655690 526527 465712 269420 594412 686666 579012 438509 396900 276350 534846 157255 556866 276819 302807 181265 218836 379733 244032 646715 381571 639194 350831 674568 495678 477567 522615 632922 210021 642625 399666 429004 452979 332326 599418 187891 384564 480167 476811 497995 373615 512930 236560 386522 255866
696721 375912 324435 396039 999999999 315355 599086 126772 700467 715608 482023 619437 488225 388236 345184 530410 293870 543734 447036 679859 597451 162443 606780 229489 222030 338884 264284 787859 508265 550803 673603 105940 473795 259883 248920 254829 614514 548468 77708 80617 548146 255179 339541 334835 190017 537158 703524 409278 802326 608273 626738 606268 540141 538523 412073 399299 167993 537900 625270 390994 373892 283715 522548 777938 468691 835775 277215 190971 658673 346479 424406 569901 171078 562780 596623 727800 292295 634626 562917 721930 817100 129337 886949 547770 918689 103830 159609 768403 191873 227088 349800 297488 815791 424900 362815 479150 157201 478213 200183 301026
701885 660622 289495 625312 315355 999999999 527445 347924 801212 698303 568183 850196 392483 683778 638505 449559 608686 389517 664767 917046 841870 261280 909898 96352 110650 382528 507535 891004 708460 767542 951011 391251 624889 410353 525937 105996 712716 284530 338306 339821 299039 203154 78177 571735 318407 816372 813432 392244 816996 313741 762435 672889 643517 716784 719919 638743 390447 496461 775236 167349 569570 47571 497301 1021921 549118 903291 469921 145950 902091 659419 711499 833277 482829 839499 430760 997529 73856 925639 354452 745217 1091671 299388 905730 697986 953070 242341 457107 858583 507222 143402 643968 293170 919327 337607 240197 792683 390184 771274 511237 609522
208172 949228 281025 535284 599086 527445 999999999 496777 404805 184482 275099 666710 134979 719922 910778 78227 765842 175059 530835 728580 690734 437748 915366 566870 580313 271651 863026 475180 519266 584267 855360 567722 396480 392442 589148 451349 345474 385099 540924 539105 352458 373627 452225 933223 415016 759913 427074 191024 313938 479377 435030 274752 322203 483425 937263 996151 762625 71195 466799 370855 971108 492988 97272 824948 264360 440408 440166 594454 731460 782218 711722 729623 726787 769369 180282 870192 593705 879114 268494 261657 961027 693107 397913 424675 453107 505461 743687 432125 709465 625335 690753 303378 498356 194349 290038 888789 753551 770746 751407 721501
575982 453473 241837 291234 126772 347924 496777 999999999 573876 597967 356088 519018 400572 339923 416219 434688 301732 470733 338243 583129 503761 100359 567869 286546 285833 227016 374379 661566 394417 443488 603481 73531 349103 133566 179035 256354 487751 521924 50366 47703 513995 207677 343184 442639 84029 468492 577284 306055 679153 597685 501943 480403 413369 419359 456919 502750 291405 431114 502146 366200 491616 304957 412729 685438 343356 709096 154517 265658 564995 339425 364396 488103 230992 491824 523795 651493 351380 578368 509198 598627 744857 253911 762754 423876 793154 109827 247880 641693 221459 308186 300198 210359 689591 341847 304368 469687 279527 425290 256965 281484
228873 936125 513088 385234 700467 801212 404805 573876 999999999 278765 234542 362389 481550 579719 893615 441245 703196 562819 341792 403001 405629 587450 692990 795142 802797 419768 921601 90431 282491 314118 570617 613938 234895 443032 536011 698550 89464 762347 622951 620079 732553 599759 744103 981312 531299 530082 24478 419280 224557 861375 103477 137963 163284 225895 871551 1029043 860034 371145 133352 689944 1045621 755422 351908 475727 252973 149632 427711 799159 418793 687389 545528 471101 743494 525649 581761 560026 846288 625679 658515 186654 635225 827314 262801 175264 260778 652403 785195 69489 702358 840621 571408 508285 119014 500399 581442 741769 847229 582424 756299 640873
50717 1033187 426385 542131 715608 698303 184482 597967 278765 999999999 275276 609851 311183 743160 992222 254935 824317 359044 519703 662138 644698 563639 907258 725894 737943 377389 972339 326308 485214 540108 814316 661108 377326 472086 642719 612572 256808 568886 646977 644633 536039 524090 626044 1040238 525607 743709 303227 320666 130043 661735 346448 192384 276504 435733 999663 1098767 883481 201939 382051 549261 1088475 660003 204742 745897 277361 268827 497753 746949 672289 827716 722998 698368 815987 746784 357331 815490 760317 854806 450642 96628 898416 824982 213599 370956 268746 634451 843147 282033 788484 781921 721765 439794 344370 360780 458107 914956 872804 774409 836842 770605
239132 766192 282711 271836 482023 568183 275099 356088 234542 275276 999999999 394299 291425 469729 724488 271152 550643 384548 258877 458336 416061 355885 647744 560704 568554 185787 722618 324944 244326 310034 580281 408150 121381 222548 369506 464651 145212 561671 406412 403692 535262 365859 514179 787378 302339 488500 245411 200596 328963 660639 201854 124315 76257 212209 725946 841781 647363 211525 223464 467546 843774 521941 184297 558481 19539 356045 229952 565872 458917 552495 452909 454959 554913 496321 418878 595895 611844 606168 474006 249206 687748 604755 409026 160583 437156 423090 588488 296642 522300 606935 446962 275028 353504 289796 357787 641633 635298 507857 573135 495748
560188 704933 615280 227880 619437 850196 666710 519018 362389 609851 394299 999999999 678421 312454 665112 664569 472563 773201 185481 68263 49710 589917 342816 803023 803731 515857 752629 391566 155525 88064 208386 513544 275846 441937 376018 746710 353294 928923 551541 548857 906896 661005 821836 794537 531793 193289 342414 572340 585256 1024368 267928 419148 347272 183296 607266 823583 736114 605656 232861 804979 872912 803371 578550 174216 408464 493330 380294 784676 64751 431906 264213 123033 573932 179165 811199 206245 866605 266761 857132 533441 294427 743012 622841 244401 610608 627534 627638 411101 522350 827156 327877 592312 405225 661787 701883 433475 722546 269351 572972 411077
323805 852520 163817 508318 488225 392483 134979 400572 481550 311183 291425 678421 999999999 670748 816253 57238 689926 94895 517539 744642 693419 326005 882663 433799 447631 196665 751944 562797 523608 591276 848351 473942 403046 321850 523700 318181 405697 280822 439121 437750 251131 247093 317563 822681 316543 737904 500631 114555 436584 379834 484793 343651 359229 500586 854777 887521 646105 116792 511126 238168 854412 358245 130461 847100 274254 546841 382517 463596 742055 714947 671579 719813 630817 751669 138591 872847 458898 859148 182857 373418 967275 571304 523606 452003 575723 388989 640583 522793 620893 492797 637104 192327 588743 64648 155854 832275 638080 733874 657367 653618
702457 392536 542728 202805 388236 683778 719922 339923 579719 743160 469729 312454 670748 999999999 352675 683414 162490 758566 238441 351120 270712 438179 228057 610554 605744 474342 451885 642167 298760 290403 291791 293839 370630 351914 162286 596168 525013 851530 345922 344246 839256 540336 683101 486909 398847 159892 568840 557081 770463 933201 477420 563276 474132 354579 300855 512090 458534 648889 454204 700503 567515 642951 622758 428969 471578 728723 288248 577446 323057 119776 49291 214260 285172 186893 808070 351330 675460 246397 818395 698478 434506 490083 833341 406891 839815 441439 340288 645097 233702 615124 39841 511322 663742 627273 622275 171914 445689 90032 276406 106618
961945 42510 654913 511896 345184 638505 910778 416219 893615 992222 724488 665112 816253 352675 999999999 850758 195931 881616 561563 701656 622911 496234 463510 543034 530340 639175 168389 967673 629129 636016 607171 343622 662124 523717 359808 596771 822810 892030 377902 379060 892907 598000 677496 160170 500064 497624 887740 721159 1051800 945955 797639 841157 757313 680036 108903 163499 260632 843124 781253 735432 242241 616499 822574 770381 718077 1042307 495373 494472 672776 233813 401298 561962 185436 523098 934844 671809 593473 534319 907176 973073 735882 345351 1126832 719123 1144673 448149 186195 962458 203887 512508 340939 624545 992045 756074 704726 294643 256085 413108 159483 259964
270146 888151 207932 510013 530410 449559 78227 434688 441245 254935 271152 664569 57238 683414 850758 999999999 715150 121610 513286 729283 683416 368096 888624 488896 502449 216735 794691 519156 511854 578896 843048 507176 389057 342155 543247 373322 370604 325720 476350 474738 294384 297644 374794 865224 351288 738697 461596 131503 381586 423315 454436 304580 332194 483300 883518 929148 691592 70105 483084 295005 900180 414784 91722 829599 256149 496871 397201 517182 728951 736154 680148 715245 665673 750638 148189 863520 515513 859460 217298 321108 956689 619595 467969 430100 520961 433973 679065 477916 652049 547524 651684 232965 544253 116602 211814 848821 682996 741224 691326 674909
789771 237657 539389 318782 293870 608686 765842 301732 703196 824317 550643 472563 689926 162490 195931 715150 999999999 767498 367014 513516 432492 399451 331479 522963 514645 498424 292060 774666 434061 440201 441837 232721 475609 373830 181629 538226 636412 820515 283369 283009 814380 507793 625765 324443 381042 318103 696027 583697 872439 890623 605207 661196 574622 485950 175361 351078 315672 695485 587340 662949 405353 574612 672139 590230 547022 852584 329554 481832 485542 59461 211773 376481 144267 344828 819962 504523 584574 381153 810666 795512 580355 365762 943701 528011 957914 376551 195346 771425 103515 513516 145660 507175 798477 636051 606046 186394 304055 237349 126056 64082
382498 915982 228970 601515 543734 389517 175059 470733 562819 359044 384548 773201 94895 758566 881616 121610 767498 999999999 612006 839295 788303 385539 973594 449465 464643 284892 803290 640016 618473 686128 942762 544086 497674 407179 607450 337592 491677 210041 504103 503126 177449 290232 311354 873944 387813 830984 583206 207101 488833 305063 574089 426165 450040 594820 927635 940254 692335 191683 601725 222717 898209 364639 212522 941478 367882 613336 470735 486662 836897 796230 761667 814170 696958 845250 53236 967684 461452 952251 95992 435369 1062157 611225 571841 545022 627789 440766 700916 598346 692160 509328 723828 260836 664757 132278 183629 916953 685733 824410 724579 735125
475414 603807 435796 53610 447036 664767 530835 338243 341792 519703 258877 185481 517539 238441 561563 513286 367014 612006 999999999 252835 183406 404816 389680 619346 620683 340030 615837 408401 68411 105261 330819 342803 142700 256806 220831 561237 287898 752936 374876 372066 732812 476307 636883 667539 346389 229665 332004 405845 534804 846453 240498 332186 243976 119116 531050 707492 579886 463287 220496 623139 739911 617903 435740 358474 267001 491186 194956 603132 240463 346380 208106 202367 433063 238579 654685 358106 682415 348281 689853 465622 453788 574392 595296 168477 601465 445071 482560 408146 385266 645952 230067 410985 431697 492106 522687 404714 566297 255110 439344 303340
611860 740111 683527 292926 679859 917046 728580 583129 403001 662138 458336 68263 744642 351120 701656 729283 513516 839295 252835 999999999 83855 656364 336633 868214 868523 583974 799570 419040 223078 156040 178133 573948 341621 509586 433499 813928 405592 996887 613875 611251 974671 728873 889610 837717 598672 209906 381140 639530 627546 1092480 316204 474048 407187 246184 635562 862693 790025 669065 280520 873233 917660 870358 642183 105991 473188 523222 447170 848641 29983 467965 301841 140596 624019 188749 876443 157141 932118 251611 924053 581359 236402 801488 657708 304159 639879 692204 678511 444198 571962 890891 372179 660569 428678 729221 770112 450815 776544 293256 620742 454540
595720 662124 619127 216625 597451 841870 690734 503761 405629 644698 416061 49710 693419 270712 622911 683416 432492 788303 183406 83855 999999999 580632 294001 789814 789565 522401 716720 439016 171884 106866 169618 491649 295137 438291 350257 740003 389622 935769 532748 530174 915097 657983 817872 756095 524204 143862 386590 584362 626688 1029699 308049 452699 376027 210960 561636 782798 706170 627324 273885 806407 835517 795628 599916 181712 428671 539854 373381 768715 61395 389155 221704 73330 540433 129490 828426 180124 854151 220444 869382 571788 273858 718248 667436 274919 657054 613316 594835 456935 488427 810688 289669 594376 453467 672395 706017 384838 692689 221618 537597 372468
549584 530457 162196 364144 162443 261280 437748 100359 587450 563639 355885 589917 326005 438179 496234 368096 399451 385539 404816 656364 580632 999999999 666225 218403 222475 187647 426653 677536 452139 508672 692779 166980 382101 156500 276122 161940 498329 422001 120371 119849 414962 108342 246361 497259 60471 559742 594913 249575 659552 497386 529964 476456 424192 466580 547687 561663 325080 378560 536711 265868 533417 215440 365103 760941 339458 711074 209953 213206 640962 439214 459826 572984 312218 581878 438739 737496 279143 672810 415051 580227 832182 261344 746536 457633 783439 70896 315923 651914 312605 255717 398678 135131 706084 263126 210251 569942 315825 521803 340340 381726
861315 491894 765056 380141 606780 909898 915366 567869 692990 907258 647744 342816 882663 228057 463510 888624 331479 973594 389680 336633 294001 666225 999999999 833535 827662 688939 608137 732455 423824 379275 174927 518735 532039 571686 390202 823956 662689 1077519 571592 570095 1064141 767792 911047 621463 625818 164572 675766 768110 907933 1160545 591401 716633 630766 477374 367630 623888 646815 845848 559646 927855 704560 869919 818649 358213 654396 832045 504634 797679 308424 272077 212909 223164 475394 167496 1021162 234955 897830 90157 1038910 845700 277766 695014 955788 540886 948915 667834 526722 748338 430150 833319 267686 734337 747414 844345 846753 168902 635397 149497 457201 306365
722835 564536 300932 575364 229489 96352 566870 286546 795142 725894 560704 803023 433799 610554 543034 488896 522963 449465 619346 868214 789814 218403 833535 999999999 15949 377604 411407 885572 669513 724142 887017 316900 599395 374869 458173 115623 705695 373986 266118 268131 384818 203556 154384 476172 278873 750945 804743 407800 837259 409563 744853 674567 633190 684982 626527 543377 294175 525453 753424 237758 477182 89809 521293 971344 542662 908941 425929 49643 850905 575963 642133 774191 392045 775228 495729 936906 65294 855536 429905 761626 1029404 203080 926054 674586 969336 176720 363241 856679 420141 59884 571104 294070 914149 372539 278185 708594 293831 699633 419920 529310
734131 551221 312296 575899 222030 110650 580313 285833 802797 737943 568554 803731 447631 605744 530340 502449 514645 464643 620683 868523 789565 222475 827662 15949 999999999 386453 396889 893222 671976 725683 884112 312632 604353 378891 455064 129574 713333 389727 262793 264928 400715 214608 170305 461245 282852 747849 812002 419110 848359 424282 750831 683483 640465 688698 615078 528364 279880 537930 758713 253623 461497 105756 533242 971213 550704 918122 428111 35881 850763 568311 638243 772486 382020 772370 511151 934708 70284 851229 445772 772334 1026779 188906 937092 679741 979847 176326 351743 864864 411519 45208 566450 304213 921809 385966 292243 700610 279888 695104 409618 522710
361957 677814 102907 321589 338884 382528 271651 227016 419768 377389 185787 515857 196665 474342 639175 216735 498424 284892 340030 583974 522401 187647 688939 377604 386453 999999999 599085 509985 361517 427939 667140 296556 255455 125969 327865 278891 330755 413499 273591 271501 392803 180088 331050 668292 149124 549499 431190 85405 472162 508511 381696 297033 260999 353971 667467 729393 506447 204405 397386 294443 712589 336169 185754 689476 166914 531744 186130 387123 576448 520157 476800 538812 455558 565355 333760 698000 426711 670538 353137 393198 793783 448429 559511 323094 597981 258483 474886 479609 437945 426701 440455 89663 538469 155937 187310 635773 496014 539638 479869 458836
949528 170642 588322 562495 264284 507535 863026 374379 921601 972339 722618 752629 751944 451885 168389 794691 292060 803290 615837 799570 716720 426653 608137 411407 396889 599085 999999999 1003566 683906 706372 733188 314562 686919 503258 395581 487262 841655 779100 325815 328049 785001 513059 558667 70786 450305 609848 920153 672682 1050155 820944 834785 845776 770086 727556 276106 137214 117652 800791 825103 628587 124597 494264 784339 880854 712093 1065301 497100 361779 772675 347486 500559 665798 182773 636669 855579 796301 452610 668680 812811 969702 869798 208636 1131637 753994 1157810 363650 136420 991034 231919 370541 427437 561753 1030060 688202 620161 442951 120423 529353 179726 345876
280744 1010115 602417 456016 787859 891004 475180 661566 90431 326308 324944 391566 562797 642167 967673 519156 774666 640016 408401 419040 439016 677536 732455 885572 893222 509985 1003566 999999999 343781 361377 594758 699034 317449 531776 613560 788655 179891 843284 710204 707312 812766 689888 833010 1061700 621036 573867 84371 506810 237316 941801 170261 222429 253369 289336 939132 1107404 945665 449349 188255 776941 1127944 845374 432368 474612 343298 104721 513158 889458 439824 754341 604174 509402 823758 565599 654788 574500 936598 658310 736006 229682 639951 915349 243419 250288 220841 742059 867202 44334 780864 930977 637962 598278 28590 585676 669081 797696 932715 634552 835116 711357
438251 671281 462100 121414 508265 708460 519266 394417 282491 485214 244326 155525 523608 298760 629129 511854 434061 618473 68411 223078 171884 452139 423824 669513 671976 361517 683906 343781 999999999 67723 336820 405572 123254 298154 288547 603384 239547 773937 434176 431305 751596 513681 674696 735921 392215 259407 270411 416838 486423 869839 179331 293436 210123 56662 595599 775827 645682 455455 155573 652907 808077 661094 428036 328114 256789 430585 243938 656625 218505 410816 263076 214434 501146 261570 657491 351951 731244 369936 701713 422014 444845 636665 541231 117313 543258 498198 550217 346624 453591 699681 294518 440490 366141 506271 548301 459316 632128 301697 507707 370156
491713 677376 527725 154774 550803 767542 584267 443488 314118 540108 310034 88064 591276 290403 636016 578896 440201 686128 105261 156040 106866 508672 379275 724142 725683 427939 706372 361377 67723 999999999 275281 445830 189861 357733 316545 663245 287240 840890 479574 476787 818833 575732 736755 753869 449609 215964 297867 484499 529501 936442 212126 347761 269397 104717 591258 788914 678434 521523 180852 717867 829219 720430 494209 261638 323264 456509 298770 708365 150794 408526 247567 159910 524417 212482 724883 285951 786933 316729 769416 470507 377922 677267 576787 169281 572353 550242 576109 372123 474455 751200 295300 505219 380146 573812 614216 437197 664815 273249 527391 376397
765316 640658 757695 346284 673603 951011 855360 603481 570617 814316 580281 208386 848351 291791 607171 843048 441837 942762 330819 178133 169618 692779 174927 887017 884112 667140 733188 594758 336820 275281 999999999 572736 458913 567305 429059 854719 559050 1076344 621326 619185 1058191 782473 937737 758175 641988 136539 550286 736293 793634 1166862 475874 622278 544573 379949 522642 770571 749671 790119 441048 937888 841074 906921 762567 183301 591490 698162 498768 858546 154991 385762 249965 128649 575642 111797 985429 64779 952307 84799 1019302 740728 143543 781049 830051 444259 815270 711938 630451 617312 524820 898181 326780 730143 605695 821353 843863 323491 736976 205426 564300 395958
636210 381550 315273 291100 105940 391251 567722 73531 613938 661108 408150 513544 473942 293839 343622 507176 232721 544086 342803 573948 491649 166980 518735 316900 312632 296556 314562 699034 405572 445830 572736 999999999 381947 189502 144681 310091 531002 587853 53304 52192 581728 275262 398046 380374 157458 436230 614784 377630 735656 659522 533902 531615 458089 438936 383721 437682 246795 500946 529466 430498 435835 352266 481478 672362 397537 754413 186232 285903 552913 275139 325656 465677 159066 461265 597184 625259 381969 538678 580648 655237 715914 231595 817130 453678 844121 149941 182151 682910 148089 325507 254276 283872 726425 415379 375573 407635 233741 382737 184157 220562
333879 704584 358320 167825 473795 624889 396480 349103 234895 377326 121381 275846 403046 370630 662124 389057 475609 497674 142700 341621 295137 382101 532039 599395 604353 255455 686919 317449 123254 189861 458913 381947 999999999 226901 302767 518907 160929 661250 396165 393242 637286 423481 582049 746418 322141 370435 233498 299957 400869 758693 152950 192689 103540 99649 647984 794542 628729 332211 154909 549887 811089 577374 304784 444327 133547 381259 196942 594581 340012 466879 346694 333981 508627 376763 535368 475181 657223 486478 583149 327857 567755 602553 468511 75749 482802 439602 550499 304383 468041 637419 354174 341249 344606 390432 442056 541127 615687 397084 521792 415376
446717 563748 193919 223833 259883 410353 392442 133566 443032 472086 222548 441937 321850 351914 523717 342155 373830 407179 256806 509586 438291 156500 571686 374869 378891 125969 503258 531776 298154 357733 567305 189502 226901 999999999 201969 305586 355771 510835 183867 181144 494863 219717 380083 569767 96049 441712 447866 211257 547252 599739 377283 346862 281121 310159 544861 627040 424828 322634 381809 370914 622854 363048 300406 615280 210156 576015 68870 367863 496856 394218 358778 441590 344258 460357 457475 605199 434871 561076 467421 466732 701120 384732 629993 302645 659672 212953 371634 510077 320190 410791 316682 164259 560060 275471 278094 510532 412810 422269 366103 332911
608600 402184 385630 167272 248920 525937 589148 179035 536011 642719 369506 376018 523700 162286 359808 543247 181629 607450 220831 433499 350257 276122 390202 458173 455064 327865 395581 613560 288547 316545 429059 144681 302767 201969 999999999 435270 463155 690189 192272 190149 678760 378169 521690 449625 237188 292805 531731 412967 693693 771026 443451 482543 397698 332351 356947 493844 362046 518236 431134 538354 519958 483725 494001 529658 365480 683780 149492 429731 411118 193222 185582 321136 212983 317350 658465 480718 523465 399711 661729 615873 571902 368006 767350 363347 784932 284391 261733 605282 167484 469887 123175 353672 639119 475220 462535 309547 348427 246274 221848 132354
611586 624280 191415 523415 254829 105996 451349 256354 698550 612572 464651 746710 318181 596168 596771 373322 538226 337592 561237 813928 740003 161940 823956 115623 129574 278891 487262 788655 603384 663245 854719 310091 518907 305586 435270 999999999 609635 295420 257037 257941 298425 98805 87957 556066 215816 721533 710062 297464 726462 354010 657204 572613 539466 610903 666876 623645 370794 411353 669527 141349 569393 58469 408495 919187 445803 805088 366923 149082 799772 584530 620231 734568 425763 743788 385786 899145 150281 833808 328666 652230 993980 283077 815357 592116 860318 161706 410731 757339 441179 174781 556391 190521 817090 257073 162670 717475 366850 681537 454909 530638
206917 865242 425422 324001 614514 712716 345474 487751 89464 256808 145212 353294 405697 525013 822810 370604 636412 491677 287898 405592 389622 498329 662689 705695 713333 330755 841655 179891 239547 287240 559050 531002 160929 355771 463155 609635 999999999 685246 537288 534445 656470 510829 656825 903045 442618 498117 100944 334630 247432 784588 92248 71848 74719 185359 808219 952968 775955 301419 126957 605270 965061 666714 279162 492274 163845 223670 345164 709792 415491 626068 495942 447023 666019 498112 515825 558706 757053 603907 586251 183403 641976 740478 308937 122282 321916 563768 705515 154381 627169 751200 511868 419602 208477 418690 496104 692612 763336 539796 680497 575782
592237 919684 318651 730220 548468 284530 385099 521924 762347 568886 561671 928923 280822 851530 892030 325720 820515 210041 752936 996887 935769 422001 1077519 373986 389727 413499 779100 843284 773937 840890 1076344 587853 661250 510835 690189 295420 685246 999999999 537596 537776 33197 314311 221002 846416 453006 952539 781249 362654 698782 99370 760879 624417 634002 760888 959253 914006 661616 394533 784892 158238 851147 286136 411003 1102029 542989 822029 579688 421957 989900 861204 865769 948996 718275 970867 219332 1110200 355681 1071753 121050 644767 1206166 571433 781181 719773 837578 449287 705885 802790 728769 427214 813134 346715 868946 272218 232791 991469 658958 929249 747421 803337
625724 413484 277039 325357 77708 338306 540924 50366 622951 646977 406412 551541 439121 345922 377902 476350 283369 504103 374876 613875 532748 120371 571592 266118 262793 273591 325815 710204 434176 479574 621326 53304 396165 183867 192272 257037 537288 537596 999999999 2932 532596 227266 344990 394736 125923 485060 625860 349902 729359 607536 549114 530727 463049 462461 427360 455990 241040 476635 548008 379745 441892 298999 459216 714245 393721 759027 199799 237996 594143 327671 376097 511081 192870 509598 557337 672384 331380 589774 535380 648842 764078 206517 813081 470301 843502 96647 202876 691016 192645 278944 306205 246947 738116 378278 330621 460468 229174 434274 220545 273754
623259 414797 275853 322602 80617 339821 539105 47703 620079 644633 403692 548857 437750 344246 379060 474738 283009 503126 372066 611251 530174 119849 570095 268131 264928 271501 328049 707312 431305 476787 619185 52192 393242 181144 190149 257941 534445 537776 2932 999999999 532596 227039 345898 396881 124089 482951 622967 348081 726782 608074 546191 528006 460219 459542 427838 457994 243725 474680 545076 380000 444334 300300 457164 711691 391044 756220 196868 240327 591569 326934 374170 508719 193914 507444 556357 670123 333405 587912 534899 646262 761893 209448 810452 467372 840796 97929 204623 688157 192918 281363 304507 245643 735220 377050 330065 459640 231825 432490 221464 272746
559877 921723 301305 711907 548146 299039 352458 513995 732553 536039 535262 906896 251131 839256 892907 294384 814380 177449 732812 974671 915097 414962 1064141 384818 400715 392803 785001 812766 751596 818833 1058191 581728 637286 494863 678760 298425 656470 33197 532596 532596 999999999 306641 230489 853139 442052 936059 751757 337678 665980 129039 733392 594721 606743 736822 957011 920772 667922 363608 758062 157648 860998 295592 380808 1079467 516809 790116 563532 431638 968428 853357 851796 930388 716615 953783 186228 1090644 371689 1055866 87911 612571 1186497 578554 748177 694210 804687 447132 706745 771992 724757 439987 801284 330675 838233 247033 217416 982550 664610 915357 745683 794743
519524 630362 97805 442801 255179 203154 373627 207677 599759 524090 365859 661005 247093 540336 598000 297644 507793 290232 476307 728873 657983 108342 767792 203556 214608 180088 513059 689888 513681 575732 782473 275262 423481 219717 378169 98805 510829 314311 227266 227039 306641 999999999 161058 583723 142459 652626 611269 204521 633789 392867 559297 474462 440778 517486 654195 650035 402838 325666 572487 160185 609982 156320 319371 834699 346998 707648 285707 223139 716540 547080 558284 658789 416257 673235 342630 823099 247662 768848 309479 558083 918763 324822 722553 495697 765857 151441 414142 658786 419911 258013 501341 92083 718335 182564 107707 677161 395844 621215 444898 489029
632104 703115 231543 601933 339541 78177 452225 343184 744103 626044 514179 821836 317563 683101 677496 374794 625765 311354 636883 889610 817872 246361 911047 154384 170305 331050 558667 833010 674696 736755 937737 398046 582049 380083 521690 87957 656825 221002 344990 345898 230489 161058 999999999 625585 296030 805623 757766 328285 747009 269069 712673 612420 590311 677408 751250 693145 441062 424862 728176 89318 630759 65245 427705 995353 494768 839415 444693 201325 876837 672430 706080 815946 510576 827338 352789 980532 151007 919170 278781 677111 1075819 350600 835440 652762 884254 249438 492311 798809 527961 210695 643382 241922 861050 265652 169593 805411 438822 767806 539635 618588
1016451 144500 659026 614779 334835 571735 933223 442639 981312 1040238 787378 794537 822681 486909 160170 865224 324443 873944 667539 837717 756095 497259 621463 476172 461245 668292 70786 1061700 735921 753869 758175 380374 746418 569767 449625 556066 903045 846416 394736 396881 853139 583723 625585 999999999 519818 640960 978867 742696 1115698 885475 892107 909845 832421 781791 267177 67633 185301 870573 880728 697258 83244 560797 853780 913942 777472 1126424 559946 426742 809910 374713 536172 700881 237959 667336 926178 822299 513750 688767 882522 1035364 890678 274992 1196275 811527 1221026 434436 198890 1050801 282539 432118 466801 632322 1087756 758970 690730 453062 189642 558041 228261 383710
507492 536995 158897 307602 190017 318407 415016 84029 531299 525607 302339 531793 316543 398847 500064 351288 381042 387813 346389 598672 524204 60471 625818 278873 282852 149124 450305 621036 392215 449609 641988 157458 322141 96049 237188 215816 442618 453006 125923 124089 442052 142459 296030 519818 999999999 510932 537875 223992 614706 534761 470939 424897 368090 406110 540044 581704 357885 350899 476912 302124 563502 271702 334034 703687 286939 658371 151516 272515 584079 414321 415851 519945 314707 532032 440727 684547 339345 626549 430480 534623 779791 304668 700462 397778 734875 121151 328692 596749 305000 315292 360215 127002 649519 258117 227392 541319 347217 478850 340926 354438
697341 534603 634754 229588 537158 816372 759913 468492 530082 743709 488500 193289 737904 159892 497624 738697 318103 830984 229665 209906 143862 559742 164572 750945 747849 549499 609848 573867 259407 215964 136539 436230 370435 441712 292805 721533 498117 952539 485060 482951 936059 652626 805623 640960 510932 999999999 513624 623937 743542 1040799 427826 552566 467406 312808 426407 660386 618067 691636 396801 810002 722788 772801 664171 273244 496561 671435 372852 722078 180002 266456 114783 71308 445023 27003 876299 192466 816240 121267 902582 681153 279953 645956 792712 376352 787774 576353 500160 587267 393414 761651 192215 605863 590526 705280 719767 242062 605127 84746 436044 266267
253292 930233 526364 377358 703524 813432 427074 577284 24478 303227 245411 342414 500631 568840 887740 461596 696027 583206 332004 381140 386590 594913 675766 804743 812002 431190 920153 84371 270411 297867 550286 614784 233498 447866 531731 710062 100944 781249 625860 622967 751757 611269 757766 978867 537875 513624 999999999 434789 246921 880414 91529 157220 171555 214264 862849 1025425 861365 391558 117377 705551 1044433 767308 371588 452228 264339 160263 428836 807351 397671 678314 533299 453257 740912 508287 603225 538264 856966 606946 678712 211041 612424 831109 280857 168688 274694 658749 783747 76257 698718 849127 562057 520270 112315 517431 596604 728913 848432 568255 752860 633221
315045 759138 106867 394428 409278 392244 191024 306055 419280 320666 200596 572340 114555 557081 721159 131503 583697 207101 405845 639530 584362 249575 768110 407800 419110 85405 672682 506810 416838 484499 736293 377630 299957 211257 412967 297464 334630 362654 349902 348081 337678 204521 328285 742696 223992 623937 434789 999999999 429513 461109 402059 284945 275233 399328 752120 805303 574459 128986 423950 270769 782481 349597 117057 743511 181452 511505 269126 426603 635072 605475 557135 607649 536581 638157 253106 762859 447529 745203 285092 354766 857889 509049 518353 357167 562857 319083 552671 471314 521295 462463 524036 119515 534513 90645 162273 720164 564909 619353 561679 544167
115121 1093769 536359 568077 802326 816996 313938 679153 224557 130043 328963 585256 436584 770463 1051800 381586 872439 488833 534804 627546 626688 659552 907933 837259 848359 472162 1050155 237316 486423 529501 793634 735656 400869 547252 693693 726462 247432 698782 729359 726782 665980 633789 747009 1115698 614706 743542 246921 429513 999999999 791776 318750 211268 298584 431184 1046606 1170669 969807 322783 352868 673451 1170090 776684 319707 698237 338226 154320 558744 854226 642944 867251 742903 689026 883876 741900 487100 784532 875976 845235 580684 80537 859315 918908 88897 369477 139447 730173 916870 197044 850648 891281 755041 545207 247484 481529 577686 939304 958293 787212 901907 814144
687363 970573 410721 821511 608273 313741 479377 597685 861375 661735 660639 1024368 379834 933201 945955 423315 890623 305063 846453 1092480 1029699 497386 1160545 409563 424282 508511 820944 941801 869839 936442 1166862 659522 758693 599739 771026 354010 784588 99370 607536 608074 129039 392867 269069 885475 534761 1040799 880414 461109 791776 999999999 860149 723485 733232 858336 1020213 952470 703568 492636 883966 232706 881251 329611 509760 1197916 641871 918372 668509 459172 1084698 934587 950270 1040299 779351 1059992 306342 1202581 376176 1158912 211123 740397 1298617 612435 872503 818267 929838 514640 761196 901022 794954 455247 894192 436947 967269 370939 323874 1066500 702687 1013457 808451 878436
295965 840103 482212 286427 626738 762435 435030 501943 103477 346448 201854 267928 484793 477420 797639 454436 605207 574089 240498 316204 308049 529964 591401 744853 750831 381696 834785 170261 179331 212126 475874 533902 152950 377283 443451 657204 92248 760879 549114 546191 733392 559297 712673 892107 470939 427826 91529 402059 318750 860149 999999999 163832 127043 122926 771430 937267 780642 386699 35685 669147 959302 715385 362753 400419 221298 251353 349751 743150 328116 586844 442399 370757 654258 424448 601480 471178 800324 526600 667179 265832 552184 755494 365048 80821 364162 590184 698578 167749 610845 785662 470562 471207 195700 490221 559391 638439 767502 478968 665142 542194
144815 883239 383414 360480 606268 672889 274752 480403 137963 192384 124315 419148 343651 563276 841157 304580 661196 426165 332186 474048 452699 476456 716633 674567 683483 297033 845776 222429 293436 347761 622278 531615 192689 346862 482543 572613 71848 624417 530727 528006 594721 474462 612420 909845 424897 552566 157220 284945 211268 723485 163832 999999999 89151 243350 835499 963112 771666 234648 197968 554600 967428 628163 214369 562899 138090 235051 350387 683338 482399 656912 538830 506046 675736 554896 447636 625291 722122 662591 521559 135467 710357 728409 286839 178573 312907 544928 711030 186427 640897 723453 545871 382379 249808 363394 447102 733777 759580 587208 692780 603165
231456 799590 358905 271332 540141 643517 322203 413369 163284 276504 76257 347272 359229 474132 757313 332194 574622 450040 243976 407187 376027 424192 630766 633190 640465 260999 770086 253369 210123 269397 544573 458089 103540 281121 397698 539466 74719 634002 463049 460219 606743 440778 590311 832421 368090 467406 171555 275233 298584 733232 127043 89151 999999999 165162 748304 883660 702259 266814 151900 543512 893046 597045 241309 502748 95776 296476 273004 636152 411785 568690 449914 424455 596265 471241 480233 552872 685695 579997 541999 224441 641461 665850 369670 103096 389110 489223 634269 229100 559101 677782 457029 350537 281934 363178 433780 644652 689730 499079 611847 515726
387688 722361 456597 168461 538523 716784 483425 419359 225895 435733 212209 183296 500586 354579 680036 483300 485950 594820 119116 246184 210960 466580 477374 684982 688698 353971 727556 289336 56662 104717 379949 438936 99649 310159 332351 610903 185359 760888 462461 459542 736822 517486 677408 781791 406110 312808 214264 399328 431184 858336 122926 243350 165162 999999999 649876 823883 682974 422947 101404 648305 852074 669216 396016 346729 227453 374278 265200 675981 248042 465111 319633 262863 545246 312943 630771 388001 744882 419625 681644 368619 477692 667763 484745 64786 486640 518360 592514 290520 499294 719080 348729 438174 312598 489887 541024 515965 669535 358057 553648 422382
965062 126761 698687 486439 412073 719919 937263 456919 871551 999663 725946 607266 854777 300855 108903 883518 175361 927635 531050 635562 561636 547687 367630 626527 615078 667467 276106 939132 595599 591258 522642 383721 647984 544861 356947 666876 808219 959253 427360 427838 957011 654195 751250 267177 540044 426407 862849 752120 1046606 1020213 771430 835499 748304 649876 999999999 258202 358446 867452 750904 801152 347482 693322 844753 694312 722381 1021183 504102 579603 605872 184797 345506 495039 241174 449962 980660 587342 681229 444947 962734 970164 644176 436949 1116494 696434 1128711 510088 263337 938832 235695 602163 301170 667005 961739 798035 757870 200571 351854 342322 212011 232653
1073504 132054 723734 655690 399299 638743 996151 502750 1029043 1098767 841781 823583 887521 512090 163499 929148 351078 940254 707492 862693 782798 561663 623888 543377 528364 729393 137214 1107404 775827 788914 770571 437682 794542 627040 493844 623645 952968 914006 455990 457994 920772 650035 693145 67633 581704 660386 1025425 805303 1170669 952470 937267 963112 883660 823883 258202 999999999 252915 932586 924002 764860 104875 628314 915120 933415 832711 1175616 612728 494022 834120 395001 561198 723685 287486 686071 992626 835239 579831 696987 949861 1090591 898178 342573 1249920 857178 1272756 500103 255638 1098463 326730 498469 496470 696492 1132895 824077 757256 455198 257041 576072 272758 413582
