NAME : synthetic_000583
TYPE : CTSP-D
DIMENSION : 100
GROUPS : 8
RELAXATION_LEVEL : 1
EDGE_WEIGHT_TYPE : EXPLICIT
EDGE_WEIGHT_FORMAT : FULL_MATRIX
EDGE_WEIGHT_SECTION
999999999 727664 253780 623903 556926 1028980 36651 868883 741825 867003 627907 471977 495751 790976 668250 778802 662275 1089834 568485 724342 748898 856899 80438 737685 162283 696185 839350 1056736 581808 112620 125450 745297 938042 449773 333586 689119 783907 347644 979773 385072 280395 394207 740508 1046786 1154582 281774 789854 906220 995014 968214 934759 842245 571481 233855 716350 735347 882049 700827 832236 235253 122223 1149492 382439 439009 789827 11403 398865 1084292 1073426 626784 1015752 585586 663448 677930 790631 329400 475535 702429 627256 1050010 622975 593578 897320 702466 693683 951702 781272 353391 219250 731000 243556 571106 673284 476727 740816 775240 790413 306923 782231 713023
727664 999999999 515555 303315 624657 316651 736695 562296 806049 773829 323737 697323 732510 65001 398477 51380 815390 418402 769602 752337 515034 874712 648710 445574 568241 321352 171458 350260 271600 690033 644152 46468 404542 310625 477099 49593 483494 441509 591364 375840 656769 419947 386092 542811 552351 461379 440925 180576 427814 282671 465530 445480 370277 727718 731984 799294 174390 192896 143772 492480 677195 499601 565221 516693 398793 721107 330984 453186 521563 375062 306526 456452 739082 130244 537517 400774 394389 91341 121112 454358 340755 674995 170134 511068 545603 312506 740139 395663 542739 63250 748095 377852 144960 416537 223885 196599 708824 571890 89580 723426
253780 515555 999999999 507565 356809 797019 247189 623806 568236 659340 519477 321475 356645 580552 416343 564433 512407 845578 425627 536862 505559 679083 196432 487716 157534 442519 654326 821864 451474 180577 138902 523695 684801 308397 297494 485740 535511 281864 730777 269030 171358 323680 642279 793173 902185 195312 701899 695883 742376 729627 681181 745120 318263 219958 524065 560950 652653 542365 639785 112265 278736 901150 178349 210485 687409 252419 193778 834781 819812 373889 782800 340649 484181 442525 547648 178937 222292 513358 402259 798200 369214 405425 679514 461165 458530 705805 579582 119895 34537 533979 241083 487977 435597 225392 588725 530668 579167 114998 585058 518738
623903 303315 507565 999999999 766559 588203 646767 822542 977145 992191 21313 792995 830678 329345 620189 337063 956782 710195 887423 929528 747257 1067437 546209 686040 468951 565722 285487 625270 60549 635266 590424 349025 703229 199232 296003 257452 732759 276493 873585 247582 678415 231311 136946 842120 854375 348928 199474 407349 730378 576054 756675 238028 550215 721380 910853 969743 465024 129615 299307 424004 530993 795123 639487 620864 179992 614066 332849 753624 824357 581821 582410 634887 898029 386823 779247 330973 518755 214913 325597 757570 549431 821706 427036 727800 753096 614969 938882 413825 518301 252115 742310 85992 397582 542546 142780 488475 917125 608483 279957 902983
556926 624657 356809 766559 999999999 793899 532386 369030 217379 310287 784253 129202 144894 679377 272252 656419 193351 779334 150594 180518 259391 323736 530310 294719 512328 354536 795275 804080 706045 446411 434916 604773 552950 585849 639112 622856 316744 614885 490581 577778 281985 647195 901357 607229 761935 537837 964741 774473 614816 707679 506514 995341 255610 357388 167256 209886 680798 745736 768418 464639 622812 802116 181315 155482 937724 561087 444365 732700 659815 267994 777629 176182 134005 499863 291689 493920 249088 672875 509815 676119 296935 55216 740297 214649 183186 647488 225901 376205 379804 673290 363484 778407 485812 224932 793206 516464 233688 256465 713598 162035
1028980 316651 797019 588203 793899 999999999 1033721 569225 920592 826487 605570 898448 927915 266080 522737 267538 962286 143929 944123 865529 589223 954384 952281 523944 874087 439397 320713 37626 572640 977175 933346 287621 315547 627252 793750 364509 533911 758109 530254 692031 911381 736079 623624 408707 321312 773717 660220 186649 286930 88544 399523 639671 555625 991664 845610 915343 147324 459378 295919 795034 988871 230761 797821 735279 614108 1023497 630691 221658 351118 527836 16294 619497 875314 354494 589166 709562 622071 382769 401844 266046 503381 832407 161173 611213 651615 167223 826473 680923 828133 344294 1010458 671665 361827 637832 463030 283663 785566 826523 308500 837289
36651 736695 247189 646767 532386 1033721 999999999 852778 712636 841772 651695 442713 465145 800623 656649 787543 631214 1090042 537476 696861 732450 827701 100713 724436 179465 688807 854001 1060576 602633 86034 110742 752232 931573 467448 360245 699743 769609 371659 965409 404465 252762 418913 766130 1037116 1149310 300682 816759 916251 989458 970647 925073 868455 561670 200374 689532 706278 887305 718896 845557 245344 157780 1147544 361392 420915 815258 47382 406110 1081560 1065998 616350 1020164 570507 635334 680858 773909 342571 466136 715741 632848 1045389 614511 567068 905630 685472 674868 951018 755454 354224 212961 743045 208913 597064 675465 465519 760010 775007 766074 287186 794483 686492
868883 562296 623806 822542 369030 569225 852778 999999999 389283 260085 843665 498154 509509 587730 222318 565186 462267 498048 486794 340226 120472 394299 819989 146282 773477 257055 716704 563417 769844 769455 743871 521313 258931 705288 827204 589644 95035 792871 121558 732796 624095 805805 934806 253771 423855 744309 994385 636057 308151 483259 181172 1005351 321077 708329 324093 386182 515367 744683 683188 701491 900585 490132 497062 432636 955305 869864 594319 427274 318238 268384 554166 283701 376255 443078 80086 678687 409461 645702 497742 362471 291126 374889 591978 168220 188029 402018 280213 570531 656565 625253 718552 870328 430195 400489 782795 373315 236283 566978 642499 317556
741825 806049 568236 977145 217379 920592 712636 389283 999999999 180111 995521 269943 249974 854056 414773 830380 101377 874776 182834 55393 331945 115082 727857 396980 720077 500231 977274 923023 916888 629206 627330 778994 634200 801240 855675 812156 389943 832024 496165 795015 461760 864574 1110207 641895 813108 753916 1173630 936541 690227 832053 565693 1201297 440426 518361 75796 7505 829637 945979 947780 678425 822226 876584 389915 372804 1144392 747772 660306 811268 707512 431367 904496 352226 84292 676430 339184 711261 458664 865346 699585 747844 465410 164139 897736 311219 271368 759385 112117 593534 587895 860406 517167 993235 661757 435177 992395 664910 155121 460179 895561 84367
867003 773829 659340 992191 310287 826487 841772 260085 180111 999999999 1012209 410326 401618 811239 378586 787655 279276 757850 346494 159461 259225 138164 839734 329756 816716 452575 939722 822380 934111 755967 745187 738922 518963 838216 923179 790733 300689 894400 344252 846456 589749 919540 1117756 496597 670182 826183 1180211 876018 567425 739317 440500 1200062 442726 659184 158791 181441 759421 938150 907600 761343 931373 745515 489729 449239 1145806 871301 704769 685052 566495 411914 811093 362471 222167 645011 243528 772330 495633 846710 684314 619745 445642 276299 833583 266434 239118 659740 87919 652994 685341 833889 661955 1023113 630558 476012 981358 603567 80782 565740 860581 159428
627907 323737 519477 21313 784253 605570 651695 843665 995521 1012209 999999999 808558 846226 348306 640785 356619 973967 728865 903721 948217 767897 1086513 551004 706918 474907 586799 299391 642758 78759 642895 598496 369586 724251 211925 297394 278235 753754 280295 894898 256259 690643 233947 122905 863134 874248 355894 184092 423563 751066 595060 777924 225730 569993 731661 929636 988107 484084 146235 314792 433017 532148 814094 654752 637607 168450 617881 348168 773244 845006 602171 600089 654311 916071 408135 800061 341799 536943 234765 346844 777829 569912 839436 444483 748091 773094 635007 958326 428471 529065 271596 752507 74423 418891 560636 154172 509620 936909 622025 297814 921805
471977 697323 321475 792995 129202 898448 442713 498154 269943 410326 808558 999999999 37686 756752 385753 734935 195178 895290 104517 257076 387964 385021 461466 418632 462508 461902 863639 911727 732994 359378 359577 684398 675194 599791 618646 687319 444256 600841 619712 577130 192456 639713 929888 735319 887407 516076 992374 859688 737440 814468 632925 1028760 344603 250692 252605 263565 776132 792832 839790 433651 556151 923163 154350 181862 970438 478076 460394 853440 786357 371650 882323 281875 194046 580885 420868 487395 303332 732294 577423 798818 395097 136765 829247 342283 312206 759965 322414 381307 334078 738886 252007 790823 567907 280801 841003 616070 342038 206757 783584 251076
495751 732510 356645 830678 144894 927915 465145 509509 249974 401618 846226 37686 999999999 791428 411348 769430 166813 920690 73293 244367 403498 364368 489771 439195 494650 489818 899467 940269 770680 383568 387193 718667 697091 637352 654090 723348 461464 636912 630833 614158 219281 676224 967573 751459 906823 551664 1030053 893320 759112 843195 651389 1066438 376189 268650 242826 244141 807766 830115 875281 468594 584398 945921 191861 218367 1008116 502413 498059 876357 804659 400210 911735 309177 180560 614761 434062 524249 339124 768796 612974 820460 425132 137663 862206 359418 326745 786698 314044 418854 367820 774868 267207 828240 601593 316258 878278 646478 337980 241669 819172 242565
790976 65001 580552 329345 679377 266080 800623 587730 854056 811239 348306 756752 791428 999999999 441710 23770 868320 380996 826071 799680 552092 917655 711712 481491 630876 360141 129266 301683 307871 754802 708849 75179 404278 366287 531539 103473 515176 496890 604149 432920 721045 471976 391239 539383 528532 521919 440406 115832 418225 246755 473183 436605 423863 792506 779207 847484 135801 205645 96428 555982 737567 465803 627467 577110 395873 784234 395347 426243 509907 422945 257937 508054 789896 179671 570890 463041 454831 117401 184127 436406 389396 728434 110396 552805 589077 292034 782962 460659 607665 78800 812842 409913 193969 476388 224018 214518 749659 636003 59469 770604
668250 398477 416343 620189 272252 522737 656649 222318 414773 378586 640785 385753 411348 441710 999999999 417943 442423 509592 421768 359751 127215 476479 612120 76265 559057 86218 567701 531981 564102 577590 545967 367251 295211 486856 604892 412567 127512 570649 316890 511231 453521 584537 741762 382333 513558 522789 803663 521834 357398 435889 270944 821938 100886 540266 339226 408513 417586 559761 536895 484088 687603 539482 324060 254588 768209 667821 372064 469665 419268 46166 506445 105386 357791 268439 162082 456566 194881 468348 305873 418290 71823 309753 483525 112911 147448 375616 341807 350684 450398 456947 554552 659744 253789 191523 602774 251903 310613 381575 486913 330611
778802 51380 564433 337063 656419 267538 787543 565186 830380 787655 356619 734935 769430 23770 417943 999999999 845058 375677 803415 775979 528483 893891 699945 457922 619554 336411 152451 301998 311582 739921 694198 51752 386293 360567 526726 97063 491926 491459 583624 426317 702398 468557 405859 522448 517929 512679 456692 131727 402770 240292 453529 454953 400841 774854 755503 823817 129658 216954 119945 543579 728494 459042 607007 555747 412677 772303 381601 416626 495243 399333 258152 484721 766416 156570 547525 452139 433570 122438 165074 423596 365850 705264 118766 529044 565308 279616 759197 444634 592181 85035 795070 415633 170754 454870 239215 192281 725928 617166 78725 746899
662275 815390 512407 956782 193351 962286 631214 462267 101377 279276 973967 195178 166813 868320 442423 845058 999999999 929850 93790 127760 384691 206413 656024 441549 657221 528398 986527 968345 896234 550261 553673 793306 692427 771472 807360 815332 445332 787043 576164 757033 385836 823291 1092345 715885 883668 704666 1155626 959261 751305 874308 630697 1187403 445133 432950 139932 98562 859536 939008 958954 624539 750704 939660 336805 337211 1129598 669072 629740 872359 778220 448845 946019 360434 88701 688685 401213 669521 441682 865872 702152 810854 480692 140571 923091 353434 313368 806697 202137 556239 527549 865448 429412 964263 674352 417466 986521 693838 240582 399201 904690 145505
1089834 418402 845578 710195 779334 143929 1090042 498048 874776 757850 728865 895290 920690 380996 509592 375677 929850 999999999 925714 821339 545775 892126 1016824 489788 942608 436661 457079 111120 687259 1025559 984366 379746 241103 721125 886886 467995 485850 849994 433722 781884 938212 833961 758153 293611 179021 853033 798066 323631 190892 135749 317415 780222 566582 1022427 802502 870404 246064 584247 429371 861519 1064042 88118 815806 748764 751952 1085623 699494 87460 226981 527020 140870 613761 841227 415584 535687 785098 647580 497509 475936 147233 510268 810234 290201 577319 616868 140794 772173 736528 878699 459210 1039700 790741 418216 658908 593921 315071 729126 856215 431998 794672
568485 769602 425627 887423 150594 944123 537476 486794 182834 346494 903721 104517 73293 826071 421768 803415 93790 925714 999999999 187033 391266 295349 563034 437090 566710 504899 939019 953733 827061 456491 460482 751977 694812 697250 722440 764509 451539 703895 606228 677916 292572 741929 1023956 735994 897576 619778 1086868 923441 755857 857609 641710 1121292 403694 339605 190119 177735 831226 879214 913252 537869 657672 944249 254460 267504 1063118 575292 556397 875391 793487 418566 927843 326679 125536 647157 416332 588885 382260 812422 652325 816756 447137 116302 889961 351776 314773 795897 261103 479495 438595 815596 336705 889341 633368 358367 927205 667044 291227 311127 857785 191929
724342 752337 536862 929528 180518 865529 696861 340226 55393 159461 948217 257076 244367 799680 359751 775979 127760 821339 187033 999999999 277327 143599 704779 341768 691408 445051 923405 868262 869484 612019 606232 724682 581158 757095 818798 759402 335890 793739 450877 753955 444202 824589 1061666 593800 763809 717928 1125043 881411 637902 776999 514240 1151613 388575 507749 20525 49820 774265 895007 893689 645149 798430 824947 359780 334745 1095000 729581 617072 759067 658164 377365 849416 300365 63809 622505 286297 672137 412354 812982 647152 696076 411583 132707 842487 255835 215975 704746 75654 553324 558794 807271 508804 948277 607811 389359 941120 609596 112837 433011 841780 29141
748898 515034 505559 747257 259391 589223 732450 120472 331945 259225 767897 387964 403498 552092 127215 528483 384691 545775 391266 277327 999999999 371466 701300 70921 657212 193692 680500 591089 691307 649008 623756 479706 307771 611691 722264 533691 60863 689248 237982 632426 504404 706120 867826 347964 506345 635033 929410 620091 367167 500694 250444 946251 214799 589150 257867 326985 506533 683807 648421 587295 783369 555794 376811 312164 893220 750043 491231 487974 402607 168914 573202 164915 295990 386975 42094 571727 296015 589947 430329 427331 198763 275402 578665 48237 77030 427451 239170 459396 537880 575628 599916 786722 372688 284678 725739 346472 201010 446508 601427 249792
856899 874712 679083 1067437 323736 954384 827701 394299 115082 138164 1086513 385021 364368 917655 476479 893891 206413 892126 295349 143599 371466 999999999 842225 441788 832484 557869 1044166 952373 1007761 744280 742042 843543 651891 898650 962387 886045 421733 937309 482416 897018 576784 967911 1198026 634676 808259 861440 1261250 990984 702448 866407 575454 1285782 520647 632980 159525 121585 877985 1026736 1013205 788091 936456 882500 501239 478329 1229818 862822 759334 821119 704373 501598 938698 433554 196100 744500 365509 815645 552946 940843 775498 756000 536222 273678 949942 364870 329127 788774 134707 696702 700002 932165 631327 1089032 729798 530449 1071939 717199 170502 573014 963365 166585
80438 648710 196432 546209 530310 952281 100713 819989 727857 839734 551004 461466 489771 711712 612120 699945 656024 1016824 563034 704779 701300 842225 999999999 684039 81865 633213 758922 980666 502753 122344 102924 667437 872977 369522 260272 609540 731943 270948 927150 305264 270578 318242 665531 986085 1087557 201705 716538 826751 928618 893340 874366 767980 513062 248848 694767 721007 805119 620730 751931 157267 94691 1078599 350038 398306 714620 72688 321594 1014338 1009394 568966 939296 536508 646464 603098 743354 249393 417420 622148 550446 982333 562037 572242 818595 656287 651466 879746 756211 282497 163442 650969 263948 496583 599122 421689 661071 703156 761097 274016 702135 690588
737685 445574 487716 686040 294719 523944 724436 146282 396980 329756 706918 418632 439195 481491 76265 457922 441549 489788 437090 341768 70921 441788 684039 999999999 633186 124916 610084 527824 631411 643589 614120 409467 258381 560386 680984 465869 51300 646594 243162 586632 510636 659746 803718 323642 468885 599005 864744 549376 320117 435458 216063 879948 176409 597060 321747 391587 436584 617571 577867 559149 761355 507780 380689 312198 827657 737759 448056 438605 369010 122430 507795 157062 353399 318578 93780 532827 268283 522241 365202 381403 145185 321056 508156 88124 128377 365329 308683 426439 521376 506693 609887 729483 304510 262351 658622 275668 271504 444009 531365 313392
162283 568241 157534 468951 512328 874087 179465 773477 720077 816716 474907 462508 494650 630876 559057 619554 657221 942608 566710 691408 657212 832484 81865 633186 999999999 571829 677067 903134 423475 173262 134622 588188 807964 288247 193263 528407 682615 197238 875873 225040 282172 245148 591832 925602 1019827 121264 644928 745674 861938 817208 814633 694980 458453 285280 679382 712924 726787 539648 670106 81479 129056 1006631 331629 368020 640484 154435 244072 943504 945144 514367 861374 492803 636651 527546 699243 167999 364929 540341 472620 914090 503738 559104 738290 614288 614022 806910 736371 215579 132617 569371 303727 424211 524395 373028 580553 630589 736631 259979 620474 674349
696185 321352 442519 565722 354536 439397 688807 257055 500231 452575 586799 461902 489818 360141 86218 336411 528398 436661 504899 445051 193692 557869 633213 124916 571829 999999999 487760 450525 512790 614590 578587 286780 243222 454466 589382 340962 167752 553270 324571 489150 507127 560258 680509 353773 462486 517701 741086 436385 302717 353634 243099 755374 133038 593019 424539 494074 331381 493122 456131 492676 700740 475170 381257 313107 703461 694394 358574 405939 377300 90645 423135 180662 444001 193679 218253 448224 224116 397340 242024 361170 76408 394519 397602 193105 230622 298821 423276 356738 477051 382029 609039 613711 179595 229916 533816 165686 389518 428752 408100 415934
839350 171458 654326 285487 795275 320713 854001 716704 977274 939722 299391 863639 899467 129266 567701 152451 986527 457079 939019 923405 680500 1044166 758922 610084 677067 487760 999999999 358292 288811 819014 772333 200981 523644 392405 545019 176777 644371 514932 729353 459916 807730 480239 302953 654699 621784 559522 341008 134183 530002 334204 596567 326194 541526 872557 903016 970551 233778 158935 33998 609742 769412 545090 726166 682026 294910 831324 461267 517716 618066 546041 318746 627898 910534 300902 699960 511478 560362 140988 286840 539196 511874 846050 168396 679645 715127 396911 909473 536482 677398 125167 893444 371478 315600 583272 147286 343389 877027 724695 81901 894444
1056736 350260 821864 625270 804080 37626 1060576 563417 923023 822380 642758 911727 940269 301683 531981 301998 968345 111120 953733 868262 591089 952373 980666 527824 903134 450525 358292 999999999 608901 1002318 958970 319138 306164 660501 827122 398664 534201 791229 516846 724707 931718 770147 661220 388766 290030 804646 697583 224262 271097 97401 389297 676565 571015 1013029 848579 917997 178045 496611 333536 823550 1019322 196012 815863 752077 651480 1051498 659283 193536 327772 540183 43852 631176 880741 379941 588347 739663 641235 418747 430514 243389 517437 840785 198275 615710 656093 163969 826366 706955 853470 380196 1031516 708501 386283 656036 500618 300971 784753 847314 345416 840366
581808 271600 451474 60549 706045 572640 602633 769844 916888 934111 78759 732994 770680 307871 564102 311582 896234 687259 827061 869484 691307 1007761 502753 631411 423475 512790 288811 608901 999999999 585862 540331 315312 662461 143666 263187 222963 678931 238165 825308 198840 621673 197243 196962 801190 823566 302307 259815 398798 693282 551798 711887 296601 491660 667333 850887 909479 441220 130982 295936 372840 495867 770181 579708 560384 238288 572419 273229 724786 787428 524792 565340 575683 837614 340150 724178 277194 458388 190471 275833 724139 492906 761200 412445 670525 694998 583701 879692 354683 463868 229071 688365 107609 349818 482138 162148 446545 858534 550255 265909 843052
112620 690033 180577 635266 446411 977175 86034 769455 629206 755967 642895 359378 383568 754802 577590 739921 550261 1025559 456491 612019 649008 744280 122344 643589 173262 614590 819014 1002318 585862 999999999 46704 701191 857810 444629 366490 656775 687762 369268 883288 387864 167879 417121 761938 959373 1076706 287164 816421 870588 916761 910204 847478 865439 484997 127990 604307 622726 832272 693411 807524 213819 210565 1079610 275965 336938 810069 118860 360388 1012601 990793 538704 963062 488390 550932 622730 690239 312452 390597 678657 580132 973838 539233 481670 856464 601717 590070 885490 669814 297049 149096 702849 141933 595755 616036 387767 737108 710872 680097 202690 754365 601127
125450 644152 138902 590424 434916 933346 110742 743871 627330 745187 598496 359577 387193 708849 545967 694198 553673 984366 460482 606232 623756 742042 102924 614120 134622 578587 772333 958970 540331 46704 999999999 655997 821556 398624 327061 610475 659697 327369 855562 342857 167912 375012 718205 926390 1039715 243434 773407 824663 879795 867489 814350 821802 450974 152120 597090 620586 787997 646947 760943 167755 197301 1039980 257921 313559 766077 127731 314082 973471 955635 505610 919375 460911 546822 579112 665422 266072 355535 632013 535159 936161 504025 474230 811032 577177 568242 844680 660344 252543 105777 656359 169735 552980 572798 354782 690802 669380 667706 181969 707887 593303
745297 46468 523695 349025 604773 287621 752232 521313 778994 738922 369586 684398 718667 75179 367251 51752 793306 379746 751977 724682 479706 843543 667437 409467 588188 286780 200981 319138 315312 701191 655997 999999999 358110 342923 509455 92428 445158 473110 546666 406004 656781 454714 432231 496345 508281 486107 486526 177633 381618 244640 419809 489656 349175 730918 704220 772403 141102 239221 169665 510299 701390 458929 558462 505881 443985 739297 346496 410247 475465 347803 276035 432971 714724 104914 500127 422465 383949 137804 121467 409225 314219 653528 155965 478835 514691 268455 708836 404489 552599 107898 750900 422202 119027 404851 269005 151934 676090 571315 122113 695621
938042 404542 684801 703229 552950 315547 931573 258931 634200 518963 724251 675194 697091 404278 295211 386293 692427 241103 694812 581158 307771 651891 872977 258381 807964 243222 523644 306164 662461 857810 821556 358110 999999999 646511 799747 446625 247103 762378 217665 694550 746114 759672 789852 138898 219866 741328 842552 416673 62368 234143 84061 840865 374580 832622 562600 629968 295254 597272 489898 727324 935959 249479 617757 548424 798864 935869 579912 180663 137538 324590 301422 400053 603733 327287 295019 670781 467309 495871 395877 123677 318967 578552 371780 343222 381513 150488 531070 592542 719286 464791 847753 769910 321079 472204 624682 216010 488042 670149 463700 554909
449773 310625 308397 199232 585849 627252 467448 705288 801240 838216 211925 599791 637352 366287 486856 360567 771472 721125 697250 757095 611691 898650 369522 560386 288247 454466 392405 660501 143666 444629 398624 342923 646511 999999999 166649 263700 610831 130904 778491 67940 479184 114395 334809 781168 833597 168140 395635 475668 688121 587015 680651 437087 399738 523667 739591 793749 483196 251448 389023 230872 377555 796952 445498 434326 379189 441177 141782 742465 780408 442940 616888 475750 719453 322139 648767 133765 346042 261544 253894 729049 415525 640928 476674 583310 601775 599263 775873 218502 320204 295183 544702 192822 326321 368218 293261 436566 759671 410183 343986 732220
333586 477099 297494 296003 639112 793750 360245 827204 855675 923179 297394 618646 654090 531539 604892 526726 807360 886886 722440 818798 722264 962387 260272 680984 193263 589382 545019 827122 263187 366490 327061 509455 799747 166649 999999999 429700 732283 37522 912608 106188 457688 65949 407055 930860 994251 102720 456548 638544 845031 753225 826027 508664 507951 474904 803750 848235 649840 392009 546147 186330 234998 961523 470618 484059 456455 323109 233048 905505 935735 558890 783486 568952 771461 481836 762318 151642 431613 422740 415186 888885 537326 691537 641879 686792 697395 762708 851092 270229 290559 458250 494228 237586 484187 448827 425288 595595 842562 412489 505196 797416
689119 49593 485740 257452 622856 364509 699743 589644 812156 790733 278235 687319 723348 103473 412567 97063 815332 467995 764509 759402 533691 886045 609540 465869 528407 340962 176777 398664 222963 656775 610475 92428 446625 263700 429700 999999999 506858 394548 626317 329857 633725 371579 348860 585398 600605 418524 406247 217272 472963 332262 503799 415779 372404 701372 739267 805214 223696 155937 156245 454596 634121 549083 549460 505568 365984 682159 296397 502057 566988 384452 354851 460229 742062 147549 559100 360428 384259 56400 113221 501615 349827 674780 213452 525432 557958 360737 752066 366271 511230 51636 722044 329774 161392 407433 193365 233965 722838 549880 100120 730796
783907 483494 535511 732759 316744 533911 769609 95035 389943 300689 753754 444256 461464 515176 127512 491926 445332 485850 451539 335890 60863 421733 731943 51300 682615 167752 644371 534201 678931 687762 659697 445158 247103 610831 732283 506858 999999999 697877 195877 637775 549852 710820 848245 291230 446455 650104 908717 575479 306313 445573 190483 922213 227173 635689 316808 385273 458836 660266 611535 609270 810458 494933 420525 353296 870791 784310 499349 427163 343348 173659 518045 199384 356645 359331 57173 584071 317753 563235 409770 366477 196148 335453 532909 102104 136783 370261 292565 477124 568870 545588 647570 778097 345728 310563 700155 304054 251926 486687 567254 308903
347644 441509 281864 276493 614885 758109 371659 792871 832024 894400 280295 600841 636912 496890 570649 491459 787043 849994 703895 793739 689248 937309 270948 646594 197238 553270 514932 791229 238165 369268 327369 473110 762378 130904 37522 394548 697877 999999999 876907 68710 447206 47919 395020 893728 956743 88290 447691 605085 807534 716558 789186 497937 474600 471131 778215 824554 613723 364443 514683 174384 257799 924324 450420 459440 443923 337688 198597 868122 898294 524772 747658 537903 747998 444343 728977 122258 400824 389716 377781 851366 502463 668026 607283 654672 666443 725379 823781 241898 279094 424582 491063 226976 446666 418898 399994 558077 813959 396209 472289 771682
979773 591364 730777 873585 490581 530254 965409 121558 496165 344252 894898 619712 630833 604149 316890 583624 576164 433722 606228 450877 237982 482416 927150 243162 875873 324571 729353 516846 825308 883288 855562 546666 217665 778491 912608 626317 195877 876907 999999999 813496 742122 884818 975171 153132 326411 836212 1031795 630830 246244 451389 135428 1036303 417713 827086 436467 493979 508416 781946 695355 800865 1004270 407491 613839 547746 990120 980132 680279 352916 224368 362118 516853 394967 492264 486816 200193 768194 511193 680303 549477 287983 377564 495611 585811 286214 309058 367783 384361 666775 764325 654310 837893 929848 476067 505471 815249 394831 341045 681688 662347 430661
385072 375840 269030 247582 577778 692031 404465 732796 795015 846456 256259 577130 614158 432920 511231 426317 757033 781884 677916 753955 632426 897018 305264 586632 225040 489150 459916 724707 198840 387864 342857 406004 694550 67940 106188 329857 637775 68710 813496 999999999 439957 73796 377536 826617 888072 103784 435234 543163 739186 648805 722921 481133 417749 476077 737497 787513 546910 316016 456927 176759 309704 855814 423552 422945 424512 376120 142349 799440 830189 465807 681266 486213 711733 375649 671316 90735 350834 329436 309091 782737 441705 632088 543218 600016 614399 656740 779150 201698 274778 362787 496808 218985 378069 370781 355808 489448 766601 378471 411829 730570
280395 656769 171358 678415 281985 911381 252762 624095 461760 589749 690643 192456 219281 721045 453521 702398 385836 938212 292572 444202 504404 576784 270578 510636 282172 507127 807730 931718 621673 167879 167912 656781 746114 479184 457688 633725 549852 447206 742122 439957 999999999 491287 813494 833451 965754 358995 873244 833678 807474 835654 723355 916187 374167 86750 436774 455201 773551 706768 789883 272876 365155 982060 130011 199182 858364 286074 356174 913005 872789 421561 896122 353802 383061 563410 544024 350219 291304 667972 537325 867209 430979 314407 811598 456214 438845 797642 503044 274895 168117 684131 101913 658934 553496 279365 753960 631390 515161 85584 733833 433784
394207 419947 323680 231311 647195 736079 418913 805805 864574 919540 233947 639713 676224 471976 584537 468557 823291 833961 741929 824589 706120 967911 318242 659746 245148 560258 480239 770147 197243 417121 375012 454714 759672 114395 65949 371579 710820 47919 884818 73796 491287 999999999 347382 893422 947992 133912 399780 576793 802121 699299 791349 450162 491491 517786 808463 857080 593868 326339 482328 219257 300083 910644 487643 491854 396394 384078 216066 856670 894142 539242 726366 559791 780918 436362 744898 153870 424044 360813 368243 843413 514680 701060 581998 673812 688056 713419 851398 271286 323312 397145 537862 179080 440228 443615 359340 550777 839536 436915 442926 801672
740508 386092 642279 136946 901357 623624 766130 934806 1110207 1117756 122905 929888 967573 391239 741762 405859 1092345 758153 1023956 1061666 867826 1198026 665531 803718 591832 680509 302953 661220 196962 761938 718205 432231 789852 334809 407055 348860 848245 395020 975171 377536 813494 347382 999999999 927355 917033 474854 63434 436993 808629 630421 851413 103657 678343 853542 1042688 1102848 522764 193483 328863 554074 638432 845785 776429 757084 49553 730110 469794 813544 900926 705909 621275 764559 1032010 492244 897475 464289 652778 295433 438607 827423 672508 956404 467957 851834 879259 683030 1067932 550687 651379 325061 874312 169484 504750 676755 167279 581772 1044340 744820 333117 1034689
1046786 542811 793173 842120 607229 408707 1037116 253771 641895 496597 863134 735319 751459 539383 382333 522448 715885 293611 735994 593800 347964 634676 986085 323642 925602 353773 654699 388766 801190 959373 926390 496345 138898 781168 930860 585398 291230 893728 153132 826617 833451 893422 927355 999999999 173585 867246 979139 539834 126821 341352 112054 975607 475511 920067 577851 639106 422143 735268 621392 846306 1054500 256637 703445 634404 935031 1045591 706158 208123 71962 420848 397487 479723 629340 464627 319672 796948 571323 634148 532869 146864 424189 621476 495853 393042 424783 262741 531283 710415 827647 602410 933266 908579 457634 571830 761500 354648 487430 763750 598832 571326
1154582 552351 902185 854375 761935 321312 1149310 423855 813108 670182 874248 887407 906823 528532 513558 517929 883668 179021 897576 763809 506345 808259 1087557 468885 1019827 462486 621784 290030 823566 1076706 1039715 508281 219866 833597 994251 600605 446455 956743 326411 888072 965754 947992 917033 173585 999999999 945203 961278 491699 159952 287674 255980 947738 594373 1052325 747173 810037 394405 734077 591585 938574 1146528 104897 837078 767660 915449 1151988 784992 104075 105646 544350 315983 617456 796088 512465 483342 874966 686549 639498 579893 106105 538549 781733 453460 547878 583118 239878 703296 805542 936562 602909 1067295 930187 510248 691943 750254 398776 659358 890013 584703 740325
281774 461379 195312 348928 537837 773717 300682 744309 753916 826183 355894 516076 551664 521919 522789 512679 704666 853033 619778 717928 635033 861440 201705 599005 121264 517701 559522 804646 302307 287164 243434 486107 741328 168140 102720 418524 650104 88290 836212 103784 358995 133912 474854 867246 945203 999999999 530049 635067 790985 723249 759159 578416 423243 383960 703259 746494 626792 419060 554364 86125 215816 922289 367964 383317 522908 273070 161436 862277 878704 476643 761907 477137 669650 438615 675982 70549 340249 425214 377323 839118 458659 589800 631156 597085 604803 721848 752283 176319 190919 456248 404119 309871 438012 355401 459463 548320 745423 310211 506645 697097
789854 440925 701899 199474 964741 660220 816759 994385 1173630 1180211 184092 992374 1030053 440406 803663 456692 1155626 798066 1086868 1125043 929410 1261250 716538 864744 644928 741086 341008 697583 259815 816421 773407 486526 842552 395635 456548 406247 908717 447691 1031795 435234 873244 399780 63434 979139 961278 530049 999999999 474685 858627 673711 906333 56826 741369 911137 1106045 1166273 568427 250320 369884 611002 683981 886094 838713 820156 46133 779223 532068 857358 949993 768304 659170 827742 1095441 551369 958524 523328 716201 351528 499547 874571 734757 1019799 508921 914117 941904 730452 1130975 612558 709854 378688 931778 220740 564196 740171 217908 637407 1107105 805814 381280 1098036
906220 180576 695883 407349 774473 186649 916251 636057 936541 876018 423563 859688 893320 115832 521834 131727 959261 323631 923441 881411 620091 990984 826751 549376 745674 436385 134183 224262 398798 870588 824663 177633 416673 475668 638544 217272 575479 605085 630830 543163 833678 576793 436993 539834 491699 635067 474685 999999999 413204 206134 495571 456991 519786 906545 860894 930325 122515 277735 109960 671414 850232 411739 735998 682514 428553 899345 511165 387786 496604 510443 184602 599712 877616 278900 632568 577700 560963 215984 296529 414817 478787 821034 45019 628240 666684 277391 857178 576023 723286 180541 926735 492365 291783 581409 277265 273784 820864 748334 134212 852285
995014 427814 742376 730378 614816 286930 989458 308151 690227 567425 751066 737440 759112 418225 357398 402770 751305 190892 755857 637902 367167 702448 928618 320117 861938 302717 530002 271097 693282 916761 879795 381618 62368 688121 845031 472963 306313 807534 246244 739186 807474 802121 808629 126821 159952 790985 858627 413204 999999999 215204 127010 852881 434989 893883 619733 686254 296607 618324 497009 780898 989265 188666 679429 610168 813976 992544 629953 121211 94147 385926 274595 462346 662687 366185 351696 720502 526691 518603 434847 61380 378920 639558 369410 404090 441870 135943 585096 647064 776780 485016 909203 800870 361896 532422 641820 251959 541614 730837 477403 612213
968214 282671 729627 576054 707679 88544 970647 483259 832053 739317 595060 814468 843195 246755 435889 240292 874308 135749 857609 776999 500694 866407 893340 435458 817208 353634 334204 97401 551798 910204 867489 244640 234143 587015 753225 332262 445573 716558 451389 648805 835654 699299 630421 341352 287674 723249 673711 206134 215204 999999999 318017 660317 473638 917528 757091 826811 111048 451543 303925 736783 936198 219070 718903 654840 627837 963393 573187 183666 292393 443022 72517 534211 787158 290318 501030 656472 544784 362461 346170 209254 420048 745254 166092 522823 563231 83660 738109 616456 761771 324364 935815 655785 295184 559197 464334 204335 697344 751553 299986 748776
934759 465530 681181 756675 506514 399523 925073 181172 565693 440500 777924 632925 651389 473183 270944 453529 630697 317415 641710 514240 250444 575454 874366 216063 814633 243099 596567 389297 711887 847478 814350 419809 84061 680651 826027 503799 190483 789186 135428 722921 723355 791349 851413 112054 255980 759159 906333 495571 127010 318017 999999999 908070 363458 810067 496606 561984 373249 657956 562602 735734 943621 310895 593441 524177 863675 933600 598660 246492 153432 308854 385463 370174 542496 371878 229490 689144 459276 555997 438311 182279 312352 525785 450553 292103 327145 234407 459203 599785 715646 527682 823686 818334 363033 459849 688737 269869 415536 652518 532038 489340
842245 445480 745120 238028 995341 639671 868455 1005351 1201297 1200062 225730 1028760 1066438 436605 821938 454953 1187403 780222 1121292 1151613 946251 1285782 767980 879948 694980 755374 326194 676565 296601 865439 821802 489656 840865 437087 508664 415779 922213 497937 1036303 481133 916187 450162 103657 975607 947738 578416 56826 456991 852881 660317 908070 999999999 765135 957071 1132287 1194008 558667 262453 357542 657715 738000 868323 875942 853906 58352 831730 569742 843665 942643 788651 639955 852493 1124530 563017 973575 567509 746265 359648 516145 864924 754588 1050138 494300 933628 963030 721796 1154160 651282 754723 382283 977862 271398 576493 770409 222574 641570 1128611 846466 377166 1124142
571481 370277 318263 550215 255610 555625 561670 321077 440426 442726 569993 344603 376189 423863 100886 400841 445133 566582 403694 388575 214799 520647 513062 176409 458453 133038 541526 571015 491660 484997 450974 349175 374580 399738 507951 372404 227173 474600 417713 417749 374167 491491 678343 475511 594373 423243 741369 519786 434989 473638 363458 765135 999999999 459985 368754 433385 431635 506749 513823 383205 587156 607929 249309 182400 709265 570543 276436 538838 505955 56009 539640 88236 369754 244273 254398 358163 95984 425021 259430 493954 56825 304839 486970 183589 203862 426954 389606 250029 352615 421570 476079 580903 230203 97693 552621 272211 366919 295904 459650 360422
233855 727718 219958 721380 357388 991664 200374 708329 518361 659184 731661 250692 268650 792506 540266 774854 432950 1022427 339605 507749 589150 632980 248848 597060 285280 593019 872557 1013029 667333 127990 152120 730918 832622 523667 474904 701372 635689 471131 827086 476077 86750 517786 853542 920067 1052325 383960 911137 906545 893883 917528 810067 957071 459985 999999999 502713 512352 851865 762167 856718 300366 338554 1067612 216646 285911 900110 242094 413464 998709 959532 508035 976612 440362 444699 640864 628250 390475 374863 731792 610172 953482 516738 383007 886568 540914 521926 881711 571514 336076 203497 750729 21150 692560 631671 364280 808313 713599 587511 166311 801309 500707
716350 731984 524065 910853 167256 845610 689532 324093 75796 158791 929636 252605 242826 779207 339226 755503 139932 802502 190119 20525 257867 159525 694767 321747 679382 424539 903016 848579 850887 604307 597090 704220 562600 739591 803750 739267 316808 778215 436467 737497 436774 808463 1042688 577851 747173 703259 1106045 860894 619733 757091 496606 1132287 368754 502713 999999999 69982 753844 875336 873260 631513 788057 807100 347914 319944 1075764 721322 599950 740933 641550 356977 829483 280591 64585 602115 268037 656401 394349 792943 627110 678194 391229 122889 821992 235558 195616 685162 71486 537312 546793 787043 504602 930445 587418 371556 921360 589126 102767 422011 821410 8617
735347 799294 560950 969743 209886 915343 706278 386182 7505 181441 988107 263565 244141 847484 408513 823817 98562 870404 177735 49820 326985 121585 721007 391587 712924 494074 970551 917997 909479 622726 620586 772403 629968 793749 848235 805214 385273 824554 493979 787513 455201 857080 1102848 639106 810037 746494 1166273 930325 686254 826811 561984 1194008 433385 512352 69982 999999999 823723 938804 941117 671081 815345 872849 382644 365318 1137084 741244 652807 807345 704416 424715 899232 345204 76908 669734 334961 703775 451234 858341 692599 744058 458708 156704 891628 305540 265582 754433 110595 586035 580706 853528 511347 985754 655067 427734 985250 658888 153027 453056 888819 78484
