NAME : synthetic_000080
TYPE : CTSP-D
DIMENSION : 100
GROUPS : 8
RELAXATION_LEVEL : 1
EDGE_WEIGHT_TYPE : EXPLICIT
EDGE_WEIGHT_FORMAT : FULL_MATRIX
EDGE_WEIGHT_SECTION
999999999 496481 228380 371001 118255 668109 803795 410423 361643 362220 462725 491737 657482 391457 655518 577089 513661 418890 541246 570965 427991 705122 514853 443219 648924 230406 445400 469470 450045 341418 523645 180156 395115 588084 304823 402766 319046 676427 151440 490895 251262 361861 581194 337796 681262 329766 613246 373380 223595 591476 191642 463578 598583 465730 257612 575353 555031 373349 429107 544816 379638 259911 98574 67337 502466 666417 271042 250456 523771 594076 300661 361004 467514 349232 296691 336825 720688 360923 434027 282292 186694 426128 61279 445061 504951 357710 203505 577058 232669 325822 573711 119913 653858 549383 533316 393227 559211 532760 106219 479941
496481 999999999 628290 767708 445989 523569 368393 886974 749860 753311 664934 333049 214730 564318 207599 305474 782171 515851 597683 635660 772302 477157 908075 901312 276825 392453 415837 663450 320730 642262 780636 666029 264750 465208 349507 415783 712978 194292 345435 151842 732761 643902 99001 417457 593322 743001 638287 151373 431368 105196 393302 656854 378825 882308 301956 984768 957546 345745 867982 681798 769947 410057 398332 452827 360975 526454 738782 745062 925485 158694 773403 810597 119115 180732 791023 654802 235113 578842 594156 263415 310094 568913 556687 313629 922523 555654 697546 377141 464895 781587 691450 614973 157796 458954 563283 847212 955831 581936 541735 801844
228380 628290 999999999 526551 191009 604781 975362 280332 136549 138088 679086 704712 735284 616128 736392 778663 296586 311979 412264 430622 604721 672876 296321 277361 833944 455148 397787 289584 663269 546652 309199 152886 431661 533942 315619 354645 486478 777354 317148 567434 337385 164159 692112 293902 589216 481224 482513 480508 208369 732445 415217 285503 586691 258073 463588 365600 341413 368813 239746 375844 537983 486673 290305 293055 486231 601326 377613 226830 309106 678796 177295 186352 559074 525023 319423 537181 863299 582116 283185 367536 345849 288531 222005 657391 298714 217903 265048 562221 460819 434964 407998 187599 775088 491212 419920 223323 343052 409776 312781 253005
371001 767708 526551 999999999 489189 1038098 970373 504866 618376 615977 273048 586760 966066 298065 961637 696358 818191 785687 905649 932576 93925 1069267 723332 573336 803371 376562 815886 811155 555811 159687 832376 380738 749271 957747 672149 773615 56070 961864 478203 814759 205726 689118 865282 708797 1052138 45339 978152 689202 594250 837125 375237 806259 959469 658364 465931 750421 743333 740225 600009 894029 12689 365833 427691 362202 867302 1036578 161999 347976 720227 901897 457079 538506 782627 587943 276981 139063 948904 253744 789093 627671 504784 785588 330324 556251 685659 713835 270938 939401 305818 123875 925031 340295 918447 919735 900943 549738 753710 898467 269212 758953
118255 445989 191009 489189 999999999 551086 785444 441601 324741 326994 564716 521054 578426 483905 577886 589741 434884 302942 426180 457335 545224 592244 485982 456131 642936 291014 328122 369672 480216 452491 441990 229819 293835 471432 192417 285029 437280 609205 127817 408576 355478 277645 518528 219665 563009 447646 497643 304560 105464 548320 251232 363301 488522 448980 280265 556562 532048 260402 426631 438690 497884 326331 114754 150408 390166 549245 381240 316034 499681 517502 328194 366031 392206 334018 383977 449902 679535 459601 326073 197002 154940 315222 166205 473846 489614 250877 296157 466115 318081 438095 465956 197208 598151 432131 416476 402274 533167 416985 223280 417711
668109 523569 604781 1038098 551086 999999999 844983 869703 642703 647981 1060178 831281 416086 962970 424865 826398 524084 294864 238369 253521 1085908 106432 745293 840800 795972 748362 222998 397880 806135 977238 511036 738689 320486 80675 367132 266731 984615 499514 576515 371967 899954 485661 488687 333323 84898 997713 212404 445760 448926 591748 721377 395482 147104 759976 676507 822816 792945 300634 783791 343316 1046092 782428 617840 680092 186582 5732 929759 824090 768910 413065 779673 762528 408178 611130 910141 979742 671121 955372 351547 436637 561390 333590 716464 798161 789375 392667 833735 146453 808184 987575 326882 734282 555756 119103 208758 794670 783545 229693 769131 592954
803795 368393 975362 970373 785444 844983 999999999 1212887 1104114 1107093 771963 386394 435704 692254 426040 277171 1150021 883423 958696 995834 940452 770877 1264693 1237986 167116 620481 778567 1031798 414661 816216 1148799 983495 631429 802758 716767 782438 923640 352488 665748 500137 1002676 1008837 360758 785778 924365 960474 992253 516705 790920 268768 642940 1025215 699142 1233151 553646 1338941 1312947 713497 1211895 1047614 968068 616643 708428 745043 710856 849081 995516 1051403 1280598 432189 1100831 1149575 478789 456101 1076209 834870 176269 727611 962411 623916 633199 937056 857470 414125 1273760 923337 986662 705745 678229 1023977 1055417 922515 289432 806008 922785 1185010 1312468 942876 813129 1166617
410423 886974 280332 504866 441601 869703 1212887 999999999 235587 230392 742924 894290 1011585 715318 1012129 985306 431905 575226 653926 661948 598495 945810 246164 72822 1059329 625356 673671 501426 853073 601072 449767 230332 710510 804043 594852 631793 492040 1048708 549106 842339 308177 387749 959613 573270 841883 466237 716866 745693 486300 988047 591285 500404 864705 182008 667237 251060 250290 649143 122422 585846 517499 646615 504459 473382 764929 865693 348079 182038 234782 953266 113577 108376 830432 756941 228017 583795 1119087 671327 524679 635411 583196 538462 362327 848891 195167 477243 269368 840125 599259 381922 617342 295743 1039746 761485 670758 83212 262980 655657 431751 349680
361643 749860 136549 618376 324741 642703 1104114 235587 999999999 5310 799028 841217 836616 742851 838862 914113 210958 352130 420082 426655 703847 725391 161403 198148 966438 590501 462053 265841 799793 661952 227711 240381 530749 582010 416734 424110 585825 886273 452112 673521 415708 157046 806129 375100 609402 573627 481630 599430 319316 854882 550775 264881 654372 134591 600022 235158 208838 457323 141900 350567 630592 621286 426834 427647 558332 638364 459221 279295 176484 784172 181503 128065 670493 657889 370695 650185 984696 706341 292789 486511 479475 309141 345902 793892 173710 255888 347456 629833 592344 511588 382283 297387 890922 540238 439176 154772 208886 422770 436611 141177
362220 753311 138088 615977 326994 647981 1107093 230392 5310 999999999 798092 842795 840952 742496 843162 916157 214976 357319 425384 431910 701730 730587 158995 192858 969004 591366 467043 271047 801343 660752 231827 238590 535049 587218 420888 428998 583794 890354 454221 677655 412992 162321 809981 379724 614711 571287 486889 602984 322995 858301 551702 270112 659386 130477 601671 231974 205949 461858 136733 355683 628219 621978 428382 428396 563249 643645 456562 276067 173563 788362 177454 122978 674421 660371 367166 648846 988198 705775 298096 490007 481813 314425 345592 795475 169842 261000 345039 634842 592560 508678 387371 296334 894707 545429 444484 149491 206319 428079 436175 144133
462725 664934 679086 273048 564716 1060178 771963 742924 799028 798092 999999999 391460 879041 101630 872298 496516 973271 861899 985435 1018794 198810 1064276 931298 804454 611480 312051 852701 931086 374837 142122 984256 563811 742756 980820 703669 817490 259421 851840 489741 758655 435883 824177 762612 762214 1094977 294154 1054806 640466 662837 704598 339630 925019 950888 870673 391549 972964 960454 763980 818155 1003226 263700 279201 461087 414386 875126 1060132 399645 566308 933252 819305 669955 750388 720221 492818 521013 159206 792568 106482 890768 623561 499853 879570 457084 378736 903834 815277 478062 935728 254640 385273 1030672 501827 793426 949881 970456 770298 968604 974646 366486 930940
491737 333049 704712 586760 521054 831281 386394 894290 841217 842795 391460 999999999 539476 306480 530947 109807 947347 735074 844415 882671 554059 800892 1000265 933472 221629 269321 671719 856881 41712 430612 951791 666527 523691 762057 548514 653065 542481 492526 394361 469383 643668 791087 417597 623351 889912 580286 900666 388297 573012 335967 303229 849989 694672 955326 241363 1064966 1043180 582562 920778 902757 583744 252739 414417 425010 650659 833152 629400 718434 1011322 489914 789300 852719 429766 228710 724339 449704 405104 341229 795902 442204 374402 775351 532615 47330 995130 734066 641917 687626 310023 650485 921432 598977 425055 744588 816848 884538 1046172 829938 466948 938105
657482 214730 735284 966066 578426 416086 435704 1011585 836616 840952 879041 539476 999999999 778090 9975 490343 814238 530768 571110 604343 978379 335592 983363 1012255 422970 596861 409495 682863 531907 849643 808018 808192 305981 386882 421334 431621 910392 84012 509539 169953 905946 702956 121880 464895 498780 937613 588294 284951 526916 216838 591533 677246 275894 971034 505831 1063466 1034237 381576 969400 673421 969464 618192 565224 627438 319031 420673 918374 893542 1003801 64440 900420 921533 190032 389362 953209 860817 259518 790788 614289 381703 476163 588111 718688 525178 1009173 601548 860655 288315 669506 966190 672942 768488 149961 400934 533110 958446 1029626 555885 722365 854311
391457 564318 616128 298065 483905 962970 692254 715318 742851 742496 101630 306480 778090 999999999 771457 415085 905106 774822 897765 932132 250052 964492 884059 771370 528102 215024 758746 853271 284263 139135 914929 516502 644270 884106 610598 724994 265741 752522 397993 657111 417798 752241 662347 672063 1000255 304391 965949 539430 577536 607338 246130 846979 851169 826496 290934 932311 917181 668985 777853 921862 292226 180549 374969 335799 777263 963094 388673 534036 888371 718049 630952 708589 618621 391262 504810 160246 700214 46697 808931 526528 405015 796094 396954 287167 861966 734508 445982 836464 166288 389469 948185 450158 695594 854243 880940 732270 924109 886362 306407 869120
655518 207599 736392 961637 577886 424865 426040 1012129 838862 843162 872298 530947 9975 771457 999999999 480982 818858 535482 577562 611041 973112 345094 986314 1013513 413100 591603 414572 687781 523804 844172 812821 807555 308114 394638 423064 435884 906029 74804 507052 169910 903491 706240 113470 467957 507348 933520 595616 282515 528045 207229 586859 682113 284003 973345 500530 1066333 1037171 384661 971095 679407 964921 612521 562718 624569 325003 429413 915474 892638 1006632 61481 900727 922702 188033 383395 951519 855523 249901 784593 619027 380985 473455 592820 716761 517123 1011620 605170 858826 295967 664281 962943 679304 767143 140009 408012 539599 959638 1032688 562281 719216 858127
577089 305474 778663 696358 589741 826398 277171 985306 914113 916157 496516 109807 490343 415085 480982 999999999 1002201 769414 870217 908798 663516 782566 1074923 1020272 115391 366041 691182 901859 142561 540419 1004920 755579 537855 763541 584222 679218 651539 430790 462050 455018 746387 848808 371557 659492 892378 689135 920496 401069 626594 274859 395823 894963 683336 1033879 319766 1142988 1119774 606926 1003293 938998 693453 354599 491471 512211 654753 828967 734293 813119 1087565 450185 877478 936610 418223 265634 825092 559491 315577 450796 837234 478098 436358 814778 623085 143903 1074188 781607 740025 680128 414199 757609 954583 689659 358356 751907 839540 969786 1121708 855054 564337 1000984
513661 782171 296586 818191 434884 524084 1150021 431905 210958 214976 973271 947347 814238 905106 818858 1002201 999999999 283517 285735 274988 899463 622415 233853 376490 1032939 725157 405667 133670 907839 842795 17973 437603 526557 483704 433348 383545 780965 878966 555429 671038 620060 157405 814929 365389 469207 772940 326504 633601 375843 885296 685057 138470 580545 269597 710806 304964 276205 443381 315477 184668 830026 759786 549441 571898 501318 518827 662769 488108 257547 773335 392426 331479 680540 736679 580722 833663 1007559 873843 200120 531455 572971 226196 517202 900923 287127 226710 549423 557986 743902 717285 209720 483178 900929 448048 317688 348815 264971 295284 606969 84319
418890 515851 311979 785687 302942 294864 883423 575226 352130 357319 861899 735074 530768 774822 535482 769414 283517 999999999 123699 157327 846843 373279 472586 549183 781431 566221 122671 152855 699741 754999 277381 453055 252137 230032 186667 102310 736019 596717 379307 392193 625230 196473 537238 111784 278418 742394 194703 375625 199699 615269 530402 146938 307784 476635 521144 552800 522726 170110 494022 169648 795230 602845 400887 451048 220022 291048 659427 535569 495175 491155 485237 468569 406244 508916 624899 752798 732338 755638 83551 293375 381058 57344 455492 692060 509705 97986 555528 283808 609171 718149 186369 459379 622516 188111 115369 501493 515604 114043 525045 330034
541246 597683 412264 905649 426180 238369 958696 653926 420082 425384 985435 844415 571110 897765 577562 870217 285735 123699 999999999 38583 968844 337738 509110 616947 871215 687935 181975 161740 810791 878500 272916 560818 335562 203849 299037 191669 856907 645990 501125 458737 738627 266641 601674 228345 190361 861878 72532 469898 323390 690400 652749 160276 310380 528323 638966 585625 555911 263486 557765 108668 915478 724504 524360 574699 253711 233140 774609 639065 532875 543282 575972 545552 481156 616109 731037 876077 797733 879123 130826 403079 500738 124100 575379 802966 555426 196528 667613 290745 732377 833339 102053 574308 683456 174787 38081 574723 546121 15821 647464 355786
570965 635660 430622 932576 457335 253521 995834 661948 426655 431910 1018794 882671 604343 932132 611041 908798 274988 157327 38583 999999999 997693 356701 504170 621293 909514 723310 220192 161913 848885 909809 260593 581288 373973 229607 336558 230143 884699 680325 536397 495726 761396 277847 638077 264921 194232 888459 55013 508465 356028 727750 687680 162092 339279 528038 675859 578727 549408 302041 561215 90808 942639 759918 557965 606744 288713 248006 798356 657179 528035 578339 589082 553750 518805 654455 750044 906847 833924 912626 147574 441089 536993 147116 602759 841073 552915 219555 689845 320877 766409 856983 74162 598438 719282 204892 73096 581328 538886 53970 677098 350151
427991 772302 604721 93925 545224 1085908 940452 598495 703847 701730 198810 554059 978379 250052 973112 663516 899463 846843 968844 997693 999999999 1109131 814140 666553 774967 381520 866082 884100 527966 130721 913019 464109 785422 1005237 718812 825399 118515 966097 513869 835853 296424 764796 871152 762535 1106081 133572 1041013 710789 650578 831998 390033 878873 997360 749600 472582 843122 835414 785578 691857 964858 81476 362348 468447 405920 909355 1084813 253313 438427 811735 915109 547482 629212 801196 591687 370503 117616 935921 212887 857171 662449 536043 851590 396527 529720 777742 781107 357867 978632 308882 217789 995158 417125 916896 968992 961290 641735 845538 960625 322010 843496
705122 477157 672876 1069267 592244 106432 770877 945810 725391 730587 1064276 800892 335592 964492 345094 782566 622415 373279 337738 356701 1109131 999999999 837811 922339 739101 753232 275906 492814 780188 993714 610265 796767 324621 143568 400509 320168 1014377 419494 595262 331599 947089 569192 425320 385409 188029 1031096 318168 429220 496708 530481 730814 489715 113407 847896 673833 916547 886502 332063 867267 445049 1076275 785106 642359 707256 202662 112163 973433 884075 861149 345631 849926 840419 371128 592279 965866 998434 594924 962031 440140 447467 574586 419370 758229 772371 879227 470431 884331 130517 818104 1029926 430665 784123 482399 185178 304736 874043 877794 327242 800697 687483
514853 908075 296321 723332 485982 745293 1264693 246164 161403 158995 931298 1000265 983363 884059 986314 1074923 233853 472586 509110 504170 814140 837811 999999999 175602 1127822 745184 591771 347679 958709 790711 250812 368285 679418 695162 568469 558777 699560 1037410 613110 824359 517864 281784 960501 518487 697562 680741 557422 757041 476708 1013246 706019 349843 780368 66165 759502 80564 50896 601802 127298 415787 735967 774472 586000 581897 689935 740350 561385 375714 23869 933771 266702 184929 824208 819291 452568 776638 1142358 844778 398141 644740 640806 420449 490707 952982 58186 385435 458970 756374 741050 605865 442705 433915 1045962 655776 536538 177010 47809 516108 578840 154021
443219 901312 277361 573336 456131 840800 1237986 72822 198148 192858 804454 933472 1012255 771370 1013513 1020272 376490 549183 616947 621293 666553 922339 175602 999999999 1088577 666518 655285 459422 891911 662335 394464 267547 707605 779215 591533 615370 557624 1054597 572250 844754 373004 355149 968529 561121 806820 533552 676279 755816 485508 1004295 630532 459258 847678 114030 700609 178911 177469 640551 61223 540710 586010 690375 532166 508905 749711 836482 414361 238443 162753 956124 144795 91186 836215 782332 296527 645850 1135494 728463 490778 643462 604977 507273 401649 887255 122736 451963 326994 823060 646704 451297 571279 336213 1050735 737178 637067 54241 190216 620229 478670 292548
648924 276825 833944 803371 642936 795972 167116 1059329 966438 969004 611480 221629 422970 528102 413100 115391 1032939 781431 871215 909514 774967 739101 1127822 1088577 999999999 455794 689328 922992 247897 649779 1033699 829076 535811 741018 602807 684747 756524 352265 518473 427187 838540 884753 314450 676124 868446 793374 914342 405821 662639 209439 480259 916193 649388 1091808 394001 1199467 1174670 612823 1066328 950110 801170 450396 556466 587565 637792 799218 830079 893296 1142274 394975 948656 1001903 395940 308924 913745 668241 211248 562092 855449 501499 488199 831344 700079 247143 1132423 807557 825471 650278 511787 857477 962143 765972 278077 735755 837778 1036496 1175308 855585 650752 1040804
230406 392453 455148 376562 291014 748362 620481 625356 590501 591366 312051 269321 596861 215024 591603 366041 725157 566221 687935 723310 381520 753232 745184 666518 455794 999999999 544096 657438 228546 253318 732744 399001 430785 669271 396624 511191 322878 586730 186920 458196 382775 568297 490852 460471 785302 355313 754708 335167 373425 461086 40272 650853 639833 695859 91097 805388 785374 454048 657351 719988 378162 36637 176326 163293 563090 748401 375262 449155 754165 533669 521872 588372 422020 211908 459457 263961 576540 208802 607283 311747 190444 592157 264872 224955 734827 535370 374062 624150 72705 407070 744569 330739 541890 639219 669271 618873 789617 675912 198437 701714
445400 415837 397787 815886 328122 222998 778567 673671 462053 467043 852701 671719 409495 758746 414572 691182 405667 122671 181975 220192 866082 275906 591771 655285 689328 544096 999999999 273473 640231 761247 398817 521704 154119 143943 149519 44684 762812 477927 363476 280058 677986 311440 424692 111295 242659 775137 229687 290117 226267 509884 513299 267962 192471 591274 482446 672260 642292 91720 603142 270635 824091 579703 400056 460325 98215 221123 707102 608634 613898 372846 575062 570246 300058 443121 691842 762462 620942 746634 205576 238562 353744 179656 493493 632288 626031 207718 612815 167879 598349 764777 276859 512923 508483 104014 148834 605029 635757 166293 547330 452060
469470 663450 289584 811155 369672 397880 1031798 501426 265841 271047 931086 856881 682863 853271 687781 901859 133670 152855 161740 161913 884100 492814 347679 459422 922992 657438 273473 999999999 819127 810105 125487 442434 402386 352159 320292 254787 767442 749546 476089 544466 626852 126390 689303 247204 351522 766075 216870 518555 287347 764663 618571 6906 447044 367172 628682 424939 395066 319239 399301 87551 822091 693553 482192 517952 368126 392870 666562 511212 371389 643999 434257 393599 556943 637097 605296 804093 883777 827306 69957 424364 487121 96068 488593 811790 393713 123559 554516 424379 687710 724271 120022 471106 774834 315355 189214 420147 385729 168438 572111 195126
450045 320730 663269 555811 480216 806135 414661 853073 799793 801343 374837 41712 531907 284263 523804 142561 907839 699741 810791 848885 527966 780188 958709 891911 247897 228546 640231 819127 999999999 401941 912540 625066 494508 735244 513534 619935 509892 490732 353920 449756 605255 751306 410434 587957 862379 547231 868385 361002 534256 336697 261861 812245 672165 913641 200189 1023286 1001542 550212 879074 866665 553411 213560 372964 383355 623590 807785 592172 677687 969698 479216 747803 811035 409724 197697 685152 420345 417733 315393 758952 407836 334922 738828 491223 8003 953433 696037 601879 663922 272168 615048 885973 557636 426355 716143 784052 842898 1004572 796514 426612 897546
341418 642262 546652 159687 452491 977238 816216 601072 661952 660752 142122 430612 849643 139135 844172 540419 842795 754999 878500 909809 130721 993714 790711 662335 649779 253318 761247 810105 401941 999999999 854653 424382 669098 896724 612084 722620 127699 835824 400881 710518 294853 697796 741195 662649 1003437 165937 949611 586274 555589 701294 265928 804346 880982 729503 343988 831172 819026 676830 676438 886234 154819 232212 361291 304439 796695 976545 260366 424201 792141 786725 528250 608968 674941 461848 380789 21152 806050 94093 775254 546312 419175 766541 325841 403121 762245 698990 336014 863336 181356 253427 915059 364715 786199 862399 867222 628382 827381 868944 238221 796325
523645 780636 309199 832376 441990 511036 1148799 449767 227711 231827 984256 951791 808018 914929 812821 1004920 17973 277381 272916 260593 913019 610265 250812 394464 1033699 732744 398817 125487 912540 854653 999999999 452041 523205 472531 432654 378394 794561 873816 561022 666997 635071 164451 811302 363294 454653 787090 311400 632855 379316 883291 692739 130858 570932 287432 716309 320918 292410 439912 333449 169924 844149 767625 556708 580916 493584 505725 677620 504009 274430 768199 409213 349034 677516 739296 596875 845824 1004634 884247 193835 532270 577623 220082 528868 905548 304532 226307 564178 548649 752998 732441 193914 496324 897165 437628 305753 366654 280909 283027 618227 102237
180156 666029 152886 380738 229819 738689 983495 230332 240381 238590 563811 666527 808192 516502 807555 755579 437603 453055 560818 581288 464109 796767 368285 267547 829076 399001 521704 442434 625066 424382 452041 999999999 519690 663656 409911 477085 345813 836965 322858 638381 185107 316660 744515 411360 731395 335567 632101 531405 303304 764662 363346 438386 701164 310005 436997 416594 400724 473505 263297 528713 392676 423018 275506 243380 600292 735757 226421 88221 371906 746997 122881 193571 621227 528063 171953 411539 895078 476608 433743 426571 357726 436728 134136 620591 345949 364451 112998 677450 381212 282902 560835 69050 821533 621498 565220 221168 407624 557083 214238 379395
395115 264750 431661 749271 293835 320486 631429 710510 530749 535049 742756 523691 305981 644270 308114 537855 526557 252137 335562 373973 785422 324621 679418 707605 535811 430785 154119 402386 494508 669098 523205 519690 999999999 244259 116107 151124 693786 358409 272007 146009 644986 401472 288441 163526 368906 712844 382696 137190 224233 363135 406716 395991 212051 665244 356188 759124 730186 83309 663674 417049 755648 463873 321679 387487 133904 321137 666138 607440 699349 254354 601425 617302 154562 296914 677805 673967 481570 639219 332515 123023 250027 306722 452964 486509 703607 303844 589188 194351 494042 720260 427092 490954 374542 221836 302953 654082 726169 320005 483112 556631
588084 465208 533942 957747 471432 80675 802758 804043 582010 587218 980820 762057 386882 884106 394638 763541 483704 230032 203849 229607 1005237 143568 695162 779215 741018 669271 143943 352159 735244 896724 472531 663656 244259 999999999 286481 188309 904152 467442 496107 313851 821902 425664 442423 255075 128843 917535 203732 374256 370203 541992 641678 348655 112490 704385 599051 774255 744171 220003 723854 312508 965674 703637 537172 599436 111695 79822 851002 749899 718394 372178 710288 698049 347022 538730 834507 899134 632450 875756 297112 357578 481530 275927 637153 727246 735923 327572 756474 98777 728316 908614 303108 656692 516256 42743 167789 731330 735755 191293 688698 545876
304823 349507 315619 672149 192417 367132 716767 594852 416734 420888 703669 548514 421334 610598 423064 584222 433348 186667 299037 336558 718812 400509 568469 591533 602807 396624 149519 320292 513534 612084 432654 409911 116107 286481 999999999 114583 618155 469689 214095 256798 547893 295743 392471 75376 392173 632667 361457 200262 109139 453603 364673 313471 296146 551324 340810 647488 618978 68527 548069 355448 679819 432641 251248 312960 198012 366001 573137 498100 587686 367512 486509 501196 256011 322351 573032 613688 579038 597469 253659 106775 206324 230647 357898 505806 590165 206639 487529 273703 449147 629442 373023 387689 478312 250546 275779 537982 615693 285483 402937 453341
402766 415783 354645 773615 285029 266731 782438 631793 424110 428998 817490 653065 431621 724994 435884 679218 383545 102310 191669 230143 825399 320168 558777 615370 684747 511191 44684 254787 619935 722620 378394 477085 151124 188309 114583 999999999 720904 495476 327755 289887 633620 277120 434929 66767 281036 732514 249278 280258 182195 513945 478953 248700 232968 555033 454049 639339 609545 72427 564373 266112 781997 547224 361392 420201 134423 264643 663049 564097 580419 389847 531929 529315 304439 424581 647161 723211 630117 711159 184983 213163 320905 158754 449863 612071 590708 173346 568238 208366 562859 720844 277451 468399 520225 147634 164240 564488 603665 176954 505574 423534
319046 712978 486478 56070 437280 984615 923640 492040 585825 583794 259421 542481 910392 265741 906029 651539 780965 736019 856907 884699 118515 1014377 699560 557624 756524 322878 762812 767442 509892 127699 794561 345813 693786 904152 618155 720904 999999999 907010 422459 758713 184640 647195 810295 656553 1000216 38848 929315 633165 542636 783907 320043 762334 904278 635718 411511 732004 722848 686044 579132 849076 61910 314091 372376 307128 812644 983189 144051 324531 698168 846182 432996 514859 726660 533627 265528 106716 897224 219534 742562 571986 448806 738020 281997 509853 665286 666826 241256 884371 253206 126578 879694 298932 864483 866513 851057 529445 732469 849289 215508 725200
676427 194292 777354 961864 609205 499514 352488 1048708 886273 890354 851840 492526 84012 752522 74804 430790 878966 596717 645990 680325 966097 419494 1037410 1054597 352265 586730 477927 749546 490732 835824 873816 836965 358409 467442 469689 495476 907010 999999999 525416 213069 919560 759801 97210 521418 581736 936638 667007 305599 570270 157435 587099 743654 357720 1020830 496235 1116832 1088092 438901 1014939 745857 964188 603750 580376 638981 392380 504024 928127 919905 1057026 105632 936068 963444 218497 374913 973051 848699 176224 769839 680119 413342 490582 653850 737560 484698 1059816 660836 879674 368664 659126 972742 747250 791833 74204 478885 608227 1000435 1084332 630522 730855 914123
151440 345435 317148 478203 127817 576515 665748 549106 452112 454221 489741 394361 509539 397993 507052 462050 555429 379307 501125 536397 513869 595262 613110 572250 518473 186920 363476 476089 353920 400881 561022 322858 272007 496107 214095 327755 422459 525416 999999999 346113 396439 398296 429882 274211 606095 443175 568371 224589 189152 442126 151985 469357 483643 574073 155382 682477 658559 276583 547940 534835 484210 223539 55688 119835 396221 575919 409690 399811 626253 445582 436152 484238 319681 210345 447707 404158 572288 383447 422646 149579 35343 406455 212301 347332 614618 352822 354280 464763 235127 459665 558647 269557 502575 462691 483142 519405 660089 489246 216580 543748
490895 151842 567434 814759 408576 371967 500137 842339 673521 677655 758655 469383 169953 657111 169910 455018 671038 392193 458737 495726 835853 331599 824359 844754 427187 458196 280058 544466 449756 710518 666997 638381 146009 313851 256798 289887 758713 213069 346113 999999999 741034 547375 145156 309517 441639 783400 493254 125605 359330 232735 445824 538274 228409 808107 369917 903762 875029 228088 803518 550587 819221 484783 401558 465597 212602 374765 755747 724001 843957 111374 730830 753785 40168 269460 785327 719408 341071 662457 474538 212156 314410 448402 551845 442032 846957 449690 693284 225516 529225 805561 556504 599808 230369 309894 422662 790757 871316 442920 561867 702621
251262 732761 337385 205726 355478 899954 1002676 308177 415708 412992 435883 643668 905946 417798 903491 746387 620060 625230 738627 761396 296424 947089 517864 373004 838540 382775 677986 626852 605255 294853 635071 185107 644986 821902 547893 633620 184640 919560 396439 741034 999999999 501485 822968 566863 901247 162907 810704 621014 451905 820141 360351 622626 843990 453186 452864 547678 539209 615729 395557 712598 218305 391857 340776 280603 745467 897586 43882 142274 515314 842021 251398 332956 715998 567333 87014 276722 944746 371986 614426 533543 430266 615142 192038 602952 481560 542400 72339 821579 333729 97813 744534 166312 890338 781043 739692 345563 549190 733622 193004 556829
361861 643902 164159 689118 277645 485661 1008837 387749 157046 162321 824177 791087 702956 752241 706240 848808 157405 196473 266641 277847 764796 569192 281784 355149 884753 568297 311440 126390 751306 697796 164451 316660 401472 425664 295743 277120 647195 759801 398296 547375 501485 999999999 687162 238561 454166 643866 332074 492976 222765 748595 528288 122927 502300 280510 553671 362324 332620 321679 298479 213665 700328 603180 392316 417299 409270 481333 541756 384913 303303 655204 311301 279473 550805 583944 478949 690273 874754 722768 136938 385399 416741 152135 372696 744475 314626 103940 429160 477968 589346 599110 246092 348900 773254 384229 283198 309960 327181 267933 459870 157951
581194 99001 692112 865282 518528 488687 360758 959613 806129 809981 762612 417597 121880 662347 113470 371557 814929 537238 601674 638077 871152 425320 960501 968529 314450 490852 424692 689303 410434 741195 811302 744515 288441 442423 392471 434929 810295 97210 429882 145156 822968 687162 999999999 451286 565756 839680 632146 213982 487482 105214 490288 683062 341686 940261 400076 1039027 1010827 371548 931139 695326 867765 508983 484505 542365 350946 492426 831113 826382 979289 80604 846476 877360 136473 279473 877569 753616 196298 677609 619351 325115 394845 593268 642178 403804 979818 591824 784108 346339 563411 875553 700486 697574 86195 445345 565003 914290 1007878 585893 633829 843737
337796 417457 293902 708797 219665 333323 785778 573270 375100 379724 762214 623351 464895 672063 467957 659492 365389 111784 228345 264921 762535 385409 518487 561121 676124 460471 111295 247204 587957 662649 363294 411360 163526 255075 75376 66767 656553 521418 274211 309517 566863 238561 451286 999999999 343773 667302 294246 271354 115742 520024 426191 240470 293271 508509 410966 598663 569369 83319 512704 280095 717387 496943 302586 358788 192474 331137 596445 498722 539061 416666 470656 473186 315807 397661 580916 662371 642446 655732 179353 182108 272424 155716 383664 580276 545766 140539 501520 268950 507888 654321 298089 401647 537476 214270 208931 509082 564745 215745 441621 393106
681262 593322 589216 1052138 563009 84898 924365 841883 609402 614711 1094977 889912 498780 1000255 507348 892378 469207 278418 190361 194232 1106081 188029 697562 806820 868446 785302 242659 351522 862379 1003437 454653 731395 368906 128843 392173 281036 1000216 581736 606095 441639 901247 454166 565756 343773 999999999 1010204 144497 501703 457910 667230 755398 350404 225339 718549 719549 772755 743336 331271 747910 284728 1060892 820516 642145 701212 239326 79642 933904 813885 721402 492210 759243 733637 475539 665263 903283 1004216 751659 989046 317230 475683 595398 304389 724726 854376 745081 371669 832495 219531 840819 992416 263189 734959 635810 147704 171323 763702 732964 186635 785393 543658
329766 743001 481224 45339 447646 997713 960474 466237 573627 571287 294154 580286 937613 304391 933520 689135 772940 742394 861878 888459 133572 1031096 680741 533552 793374 355313 775137 766075 547231 165937 787090 335567 712844 917535 632667 732514 38848 936638 443175 783400 162907 643866 839680 667302 1010204 999999999 934401 658125 552331 816251 349709 761209 922049 616090 442554 709705 701849 700965 558285 849137 57109 348625 391261 325366 828768 996083 119751 305054 678186 873265 414164 495817 752320 564628 238344 144841 931104 258277 744591 592118 471159 741407 286905 547026 644178 669498 226328 901600 287179 91372 880210 295102 895754 879096 857719 508169 711966 854891 230417 714062
613246 638287 482513 978152 497643 212404 992253 716866 481630 486889 1054806 900666 588294 965949 595616 920496 326504 194703 72532 55013 1041013 318168 557422 676279 914342 754708 229687 216870 868385 949611 311400 632101 382696 203732 361457 249278 929315 667007 568371 493254 810704 332074 632146 294246 144497 934401 999999999 519491 394084 725968 720310 217103 316137 582511 702262 631127 602012 318199 616158 141945 987960 791162 593815 645474 281397 206710 846906 709311 581290 567777 643081 608635 519760 671957 801746 947499 826441 948388 199492 462428 566036 195640 647865 860483 606860 268340 739531 300550 801117 905623 118754 646644 710749 188280 85710 636321 591196 80674 719453 403453
373380 151373 480508 689202 304560 445760 516705 745693 599430 602984 640466 388297 284951 539430 282515 401069 633601 375625 469898 508465 710789 429220 757041 755816 405821 335167 290117 518555 361002 586274 632855 531405 137190 374256 200262 280258 633165 305599 224589 125605 621014 492976 213982 271354 501703 658125 519491 999999999 280407 256523 320899 511824 317322 732457 249172 834075 806664 207896 720157 544548 693625 363485 280273 342819 262636 447230 633697 614411 774675 221035 632509 664738 95292 165466 669841 594671 385374 541714 450288 113227 191374 425856 434657 353006 772510 406898 576856 306223 405265 682305 557525 486890 294923 356400 438603 701586 804768 454580 438374 650923
223595 431368 208369 594250 105464 448926 790920 486300 319316 322995 662837 573012 526916 577536 528045 626594 375843 199699 323390 356028 650578 496708 476708 485508 662639 373425 226267 287347 534256 555589 379316 303304 224233 370203 109139 182195 542636 570270 189152 359330 451905 222765 487482 115742 457910 552331 394084 280407 999999999 536545 335801 280568 398164 452986 341440 553695 526260 170231 444670 346563 603086 409940 202594 251398 297567 446807 480869 391480 494270 470702 377435 394656 352704 361360 469777 553843 665781 556775 233915 168122 200231 219046 267954 527118 492771 163859 387746 374662 411362 538651 371480 287579 571862 329829 311844 431595 524464 313445 328710 378174
591476 105196 732445 837125 548320 591748 268768 988047 854882 858301 704598 335967 216838 607338 207229 274859 885296 615269 690400 727750 831998 530481 1013246 1004295 209439 461086 509884 764663 336697 701294 883291 764662 363135 541992 453603 513945 783907 157435 442126 232735 820141 748595 105214 520024 667230 816251 725968 256523 536545 999999999 469092 758154 444651 987116 374648 1089851 1062681 445678 971994 778872 838116 472285 492901 543118 444985 595310 822735 841540 1030603 185588 874500 913818 210021 254090 882691 715898 131215 628704 695018 368540 407033 669454 650557 331121 1027383 659129 789581 447765 531333 862101 786707 711001 89658 541578 654787 950299 1061008 674582 627421 906497
191642 393302 415217 375237 251232 721377 642940 591285 550775 551702 339630 303229 591533 246130 586859 395823 685057 530402 652749 687680 390033 730814 706019 630532 480259 40272 513299 618571 261861 265928 692739 363346 406716 641678 364673 478953 320043 587099 151985 445824 360351 528288 490288 426191 755398 349709 720310 320899 335801 469092 999999999 612022 617615 657368 94673 766979 746632 424350 619828 682238 378170 75138 136736 124320 537374 721182 356938 417320 715301 527605 486172 551124 411342 215632 433544 273787 588885 234100 569389 285391 160277 554799 229385 257606 696531 496901 345563 600938 87326 393360 707248 295775 546575 610295 635121 582185 750680 641038 170493 661454
463578 656854 285503 806259 363301 395482 1025215 500404 264881 270112 925019 849989 677246 846979 682113 894963 138470 146938 160276 162092 878873 489715 349843 459258 916193 650853 267962 6906 812245 804346 130858 438386 395991 348655 313471 248700 762334 743654 469357 538274 622626 122927 683062 240470 350404 761209 217103 511824 280568 758154 612022 999999999 442663 368145 621876 427476 397548 312810 399331 90743 817156 686987 475685 511743 362972 390519 662179 507838 373499 638087 431925 392422 550552 630192 601859 798433 877437 821153 63742 417486 480298 89946 483184 804906 395230 116751 550301 419883 681362 719971 123166 466323 768637 311475 186728 419400 388396 166386 566416 197859
598583 378825 586691 959469 488522 147104 699142 864705 654372 659386 950888 694672 275894 851169 284003 683336 580545 307784 310380 339279 997360 113407 780368 847678 649388 639833 192471 447044 672165 880982 570932 701164 212051 112490 296146 232968 904278 357720 483643 228409 843990 502300 341686 293271 225339 922049 316137 317322 398164 444651 617615 442663 999999999 782713 560610 860549 830465 228946 795588 418021 966186 671709 531915 597267 101071 150752 868553 789193 802946 266953 763754 762181 266375 481550 867618 886000 526353 848633 385209 335069 462048 361146 653452 664275 816760 399235 783398 24624 704878 924270 411646 683368 410471 135695 272799 797193 823180 296485 691698 635980
465730 882308 258073 658364 448980 759976 1233151 182008 134591 130477 870673 955326 971034 826496 973345 1033879 269597 476635 528323 528038 749600 847896 66165 114030 1091808 695859 591274 367172 913641 729503 287432 310005 665244 704385 551324 555033 635718 1020830 574073 808107 453186 280510 940261 508509 718549 616090 582511 732457 452986 987116 657368 368145 782713 999999999 715953 109687 90779 591139 61279 443095 671018 723799 542722 533065 688582 755301 496540 311341 62679 918758 202797 121017 804820 782895 386649 714924 1117358 786282 408715 619314 603612 428556 436783 908213 40641 383614 395904 758332 687527 540254 472213 377278 1024839 663581 552388 110850 97950 533544 522991 185383
257612 301956 463588 465931 280265 676507 553646 667237 600022 601671 391549 241363 505831 290934 500530 319766 710806 521144 638966 675859 472582 673833 759502 700609 394001 91097 482446 628682 200189 343988 716309 436997 356188 599051 340810 454049 411511 496235 155382 369917 452864 553671 400076 410966 719549 442554 702262 249172 341440 374648 94673 621876 560610 715953 999999999 825419 803039 390833 683850 682997 468018 114867 173532 194050 490000 676998 451088 499296 771036 442755 558253 616907 332875 122134 523228 354997 494302 292782 572265 244283 141843 554219 306324 194043 756038 505126 433057 546460 163801 488032 704957 372510 453207 572075 616589 650020 805679 625829 260777 697890
575353 984768 365600 750421 556562 822816 1338941 251060 235158 231974 972964 1064966 1063466 932311 1066333 1142988 304964 552800 585625 578727 843122 916547 80564 178911 1199467 805388 672260 424939 1023286 831172 320918 416594 759124 774255 647488 639339 732004 1116832 682477 903762 547678 362324 1039027 598663 772755 709705 631127 834075 553695 1089851 766979 427476 860549 109687 825419 999999999 30115 681958 154890 489183 763109 833089 652082 642690 770438 817793 590039 408370 59807 1013454 303038 223733 902891 890570 474343 815778 1219440 891282 477519 721358 711446 500209 545379 1017837 70848 465998 495510 836608 795971 629256 514667 484695 1124275 735211 614135 203051 40009 593242 630499 229901
