NAME : synthetic_000784
TYPE : CTSP-D
DIMENSION : 100
GROUPS : 8
RELAXATION_LEVEL : 1
EDGE_WEIGHT_TYPE : EXPLICIT
EDGE_WEIGHT_FORMAT : FULL_MATRIX
EDGE_WEIGHT_SECTION
999999999 81206 585337 556710 436865 328304 127377 430210 164482 509384 372788 381824 539858 788183 701047 215103 405160 383729 547018 660305 574257 777584 949218 767503 508168 374774 483559 806757 573196 692760 288487 270775 835360 633149 873456 488307 817695 104226 639684 166958 585426 773316 427723 704901 881668 868060 806918 497515 309686 203797 676596 267074 174947 329835 315113 478856 560786 567056 464559 794415 231305 405049 681546 582358 816195 574091 720901 438634 483951 797894 748421 423636 292035 422590 81512 560271 99325 601593 600246 142925 374378 877669 850161 909671 854861 546291 811009 924068 535048 912483 717834 295861 944702 199743 495058 99260 469851 647896 350311 342153
81206 999999999 666030 619745 495079 409413 193234 441160 224125 547292 432725 373531 580376 865515 782098 175330 431580 442346 614430 732101 603682 858777 1022478 842564 582680 376835 528344 876629 652548 772191 307770 338801 915056 711256 950960 516862 882647 28162 713054 238452 666619 854319 479320 786008 957294 945088 887897 568726 330630 206589 731965 304573 246034 391176 346989 525683 641859 631710 538298 873145 290751 485141 757053 663375 893208 653029 782995 492975 487444 863839 812661 504309 314537 465895 155427 612516 83875 674181 681443 222369 383000 949617 930761 983248 935738 614163 886882 997359 612168 987360 798244 369464 1015197 168481 567329 119670 548211 716740 425779 392037
585337 666030 999999999 342301 383452 268161 492150 752921 482613 545247 381267 726665 537166 246041 165676 755350 583561 480045 288871 394916 628282 204100 444464 396296 189880 756015 490242 372647 201341 241565 656502 435336 335985 254934 423108 597568 582751 689422 219476 472736 58880 228878 535497 162774 467802 429074 223417 241136 657857 671816 466204 522058 438472 386241 616810 582969 41659 455486 325241 331701 443386 182759 199800 27730 275544 77792 416386 517973 729331 556929 406726 161721 580450 490476 526868 572755 656685 221344 81642 444285 656305 527877 317132 405605 270148 282921 288581 542141 133523 505918 133712 382709 601442 731662 345422 617646 241581 433520 270940 534010
556710 619745 342301 999999999 131021 397752 429692 893279 395745 230824 187903 495183 210740 351208 503196 769875 321365 673343 53431 712656 301178 507065 436262 735305 159857 867512 184673 273924 519735 583152 761789 571544 671629 585245 763920 296864 907593 647844 174277 541103 396536 555694 738232 498280 810056 770684 494919 114987 773267 726711 146282 345743 383579 228577 747315 796665 365074 732085 579294 673255 329017 297329 237070 366695 367609 265992 164288 729327 450273 881650 193125 317120 381304 219736 542899 821644 654001 141624 421586 433789 416419 868151 641381 402080 522657 59381 343334 884323 210123 848165 395288 532529 942354 751805 611698 635196 504306 741278 246893 697265
436865 495079 383452 131021 999999999 343262 309644 802187 272970 166923 64743 375934 169517 458994 548972 651783 209970 609173 148041 706857 254408 574402 564508 752080 198073 768954 111553 403996 525224 610385 664883 494912 719064 595784 801718 214153 902309 523240 279184 445852 427427 611094 674005 546224 840276 805698 573510 149857 678772 618214 240258 214732 269296 108236 658264 733997 393179 700269 546600 709564 205755 271587 339998 402102 479458 318167 289357 668844 351614 876815 322172 299028 252421 109517 433444 772696 535678 239235 452677 326132 298183 885366 699243 529065 608403 151025 459648 909533 255449 878082 470116 464269 960469 635181 581939 521608 483077 727181 183098 621093
328304 409413 268161 397752 343262 999999999 261990 515349 269271 498840 296899 564665 509849 498400 372779 487241 472658 275686 359338 393985 586387 450790 683753 473939 268803 505214 447599 570761 256248 373019 401185 185531 512916 323752 562843 523222 582206 430422 391523 204705 259159 445123 340499 376599 581676 560244 483478 290787 406438 405116 543832 358020 218576 270286 371064 398973 237732 360737 210242 477718 262510 115196 412150 260080 528042 279451 542623 331818 610098 557978 553868 116470 418240 413587 262107 430041 390910 364268 272495 197486 511468 599032 523293 643418 532403 355330 531897 636419 264468 616137 401686 138782 672114 463509 246770 350282 168401 402487 160567 305492
127377 193234 492150 429692 309644 261990 999999999 525410 40278 392839 245444 329229 420844 676899 625223 342139 303073 411148 421786 639025 464459 692275 829674 731548 391144 479590 362054 683453 518197 634736 382247 284754 773422 584868 824683 381096 814256 220809 520486 191154 502217 697685 467116 627612 841681 821757 715557 375568 400377 316596 549612 160237 55015 202458 392910 524612 473692 570408 442570 739645 104614 309484 566076 493780 703980 469412 593774 471934 407694 792054 621842 333078 203323 302984 138605 592617 226039 481308 520466 72580 297525 851966 779678 790596 761743 421356 696095 892942 424071 875298 620781 287080 923056 325777 477349 215110 424945 636687 236357 390477
430210 441160 752921 893279 802187 515349 525410 999999999 565050 915177 739695 809225 940239 997924 782204 305257 827193 280064 863685 566610 989625 879675 1191891 696323 782635 74808 878581 1086001 617807 713948 143429 329835 841982 637285 827056 906487 626360 428871 906809 356353 718577 840097 243303 790488 803220 813856 928109 797962 125284 234577 1033949 684708 544338 698033 146159 231818 713299 423952 453753 782854 619783 630535 924113 734564 1027657 786134 1049452 266852 914160 618374 1064980 628286 719059 823556 386862 319023 357429 879264 718072 481883 804418 750761 885462 1151912 976754 860566 1036978 808500 779183 819526 874926 378465 793928 294187 454811 332902 524422 524208 647049 218979
164482 224125 482613 395745 272970 269271 40278 565050 999999999 352570 209486 304433 380606 656340 622460 379573 264872 441673 390929 655286 424615 685000 803205 742678 368251 519785 322018 654080 524504 638885 422028 314753 775273 592908 831047 341697 834602 252175 495098 225979 497302 694542 499400 624217 850947 828986 705391 348574 439909 356765 512266 122473 50732 167296 431321 557661 467295 593937 460611 744312 67245 301489 543237 486467 682756 453951 559313 503014 374940 811842 588566 327184 170265 262743 178482 622660 263742 455210 516889 98837 265973 865733 778198 764545 750544 390881 673166 904860 405163 885343 608339 311894 937782 363954 496160 254865 436049 655857 218337 424984
509384 547292 545247 230824 166923 498840 392839 915177 352570 999999999 201949 299781 37579 581518 710832 719013 131968 752090 275393 872429 88273 728273 644044 918958 356000 872185 55580 479048 692114 776267 773025 630882 881166 762706 966352 69981 1067484 574171 404964 564172 591938 770187 815711 707439 1006203 970851 721220 305014 789910 708603 238543 243573 371289 232545 776851 875920 557922 859204 706701 874275 295462 437279 467828 565489 596726 475545 328838 813288 226440 1042119 370989 465269 240400 92142 530430 922988 606922 370485 617321 434312 225794 1052271 857786 614435 751461 280567 570515 1076058 413553 1044094 619409 607823 1127371 706914 742636 605304 647009 891164 342872 754043
372788 432725 381267 187903 64743 296899 245444 739695 209486 201949 999999999 351329 214521 490483 544115 587521 202963 554827 192161 674860 289684 580310 611963 729920 210279 705209 151437 455261 501188 595132 601524 437340 712367 572775 789251 232315 868895 460872 314412 383411 418416 610042 619221 542529 823716 791809 585606 170881 615822 553550 304937 166419 204562 43493 596486 679408 384104 657299 505055 697360 142276 242844 371597 396279 513305 324866 350307 615352 349052 843769 380992 272182 214027 120139 368816 722640 471393 273340 442928 261855 277314 862224 698223 575110 624040 193582 496943 890000 263721 861062 482299 409863 937227 570712 541121 456887 447691 691351 142705 562842
381824 373531 726665 495183 375934 564665 329229 809225 304433 299781 351329 999999999 336726 834870 884416 543006 175852 739142 523096 956781 306286 928880 929376 1037036 561514 748557 321084 764760 812280 919970 669422 613471 1048126 883049 1115065 235496 1138612 392532 655110 515609 756759 953311 792784 884055 1141167 1115023 936494 519656 691055 576351 537542 210031 352924 340462 696403 848572 723341 898212 763972 1025146 303133 564169 715772 738396 855339 675309 623397 799199 125063 1115623 664118 593561 149041 275477 444423 920631 454627 615114 779770 400650 78780 1163623 1040711 896512 975355 526481 834808 1199721 614824 1176895 833371 615500 1236777 540231 799831 476523 733057 959470 461234 712184
539858 580376 537166 210740 169517 509849 420844 940239 380606 37579 214521 336726 999999999 558467 702136 750990 169475 768834 258876 875916 91627 714690 612777 917323 347286 899099 63448 448229 692162 771847 798781 649554 872256 761985 959821 103861 1071518 607498 384616 587075 586101 759358 832981 698257 1001545 964993 704981 296032 815105 737324 202991 275910 395913 249507 800409 893204 552487 868774 715418 867976 320887 440855 447128 558627 572361 465153 295512 829590 258581 1045971 338074 467885 276325 117863 557316 937097 638034 352171 611547 458460 263239 1050827 846385 584150 733380 264378 544971 1072716 404159 1039563 604280 624012 1125841 738298 750959 634685 652593 896683 351158 773913
788183 865515 246041 351208 458994 498400 676899 997924 656340 581518 490483 834870 558467 999999999 301473 977172 666536 726085 313473 601825 645651 239639 200768 560488 289165 998164 535632 187362 425929 410285 896646 676010 425887 457823 530617 648072 769257 891390 180210 700479 289790 310373 781166 291872 590657 543628 197348 319925 899499 902326 403961 655425 622048 515383 859877 827487 286992 687770 568434 456589 601195 391646 119227 267385 29807 219571 314462 763227 800726 744866 281819 382425 704333 563907 742086 811183 870863 219762 299613 645619 757158 675608 373107 163881 200851 309527 50559 670088 253350 625619 150833 623988 740754 954556 585312 836797 485903 647869 440613 779255
701047 782098 165676 503196 548972 372779 625223 782204 622460 710832 544115 884416 702136 301473 999999999 844447 746994 502368 450073 305581 793439 98372 493778 261097 355080 800764 655887 474398 164457 108965 711487 499280 170335 166644 261216 763120 467859 802628 359065 563781 127725 72573 544192 10049 311355 269143 151264 406296 707521 749368 617448 676679 574641 545467 661906 578742 161144 411166 328469 172422 592029 323782 318127 147871 324244 237778 554769 522523 893019 443401 536769 296129 736475 655461 632324 541648 758386 372190 105859 567519 816348 383814 156747 461055 197118 444157 351991 388884 297977 349056 151832 448544 453961 819865 331422 714587 263869 354526 423638 568780
215103 175330 755350 769875 651783 487241 342139 305257 379573 719013 587521 543006 750990 977172 844447 999999999 606252 411053 757175 728544 778111 931389 1148917 851376 708367 232184 696509 1012917 695456 812203 205410 350940 954546 742359 971979 691329 848162 151934 840967 283449 743132 913931 424885 850126 966655 963086 968300 703676 226825 108322 891661 475446 386337 544373 263237 455231 724351 605224 552604 904750 446379 585855 877449 746832 1006163 758363 934162 444652 660384 833317 960375 598206 489428 634769 236396 550254 116130 804662 752985 341465 557647 940810 981154 1108853 1017679 756020 1004822 993838 727710 992046 888926 398050 998799 24746 573295 140696 587750 701636 551012 343303
405160 431580 583561 321365 209970 472658 303073 827193 264872 131968 202963 175852 169475 666536 746994 606252 999999999 697295 353122 863748 172219 780373 753912 927590 405285 777596 145434 589123 698834 796700 683772 571283 915323 770625 991338 85473 1054525 457202 486330 489757 621366 812439 757946 745294 1024290 993470 782164 359068 702612 608599 364606 142847 297814 209366 695949 817296 587063 828998 682341 899616 224897 441030 548204 599132 685576 523841 448026 759151 146092 1030056 488467 470843 117164 102661 440740 875450 498582 447399 645829 359377 97846 1058711 900683 721459 817979 357009 663413 1088879 461513 1061354 678632 558290 1133407 596543 718943 503975 635372 875010 336947 687467
383729 442346 480045 673343 609173 275686 411148 280064 441673 752090 554827 739142 768834 726085 502368 411053 697295 999999999 634704 319937 836409 599666 923501 446538 540044 302017 705419 830496 338129 438768 227361 126941 572794 362715 572611 763140 443336 447823 653612 224794 441557 561597 65097 510561 560415 561797 648087 565901 216722 302812 819282 560611 400830 519844 169122 124829 439298 195071 174223 516506 472423 384363 662225 459725 755568 521813 816699 61862 816529 426308 825555 374565 611934 661538 305026 181525 375688 631466 439474 342846 707538 529837 611568 884087 696693 630564 767661 583350 525186 583659 597486 145024 588163 387648 179813 328426 245284 290632 431504 72719
547018 614430 288871 53431 148041 359338 421786 863685 390929 275393 192161 523096 258876 313473 450073 757175 353122 634704 999999999 661347 350206 456232 419870 682136 108327 841654 225328 264085 467734 529757 735620 538078 618808 532627 710653 338442 855902 642273 133346 515968 343201 503397 699222 445272 756634 717336 446316 69059 745845 707276 191339 357430 372147 227576 717527 756881 311910 684847 532999 619904 326169 253530 195748 313293 332620 212667 185777 689214 488337 829944 204921 270952 399510 250469 525630 777933 642188 95808 368216 417019 444852 814895 589507 383308 476078 5950 311801 830897 156839 794745 345409 496479 889045 737988 564597 619840 456244 690983 217566 662584
660305 732101 394916 712656 706857 393985 639025 566610 655286 872429 674860 956781 875916 601825 305581 728544 863748 319937 661347 999999999 960599 394963 798153 129833 553089 607949 817868 760945 195537 199992 546053 394055 289599 144513 260472 906919 195874 743611 614103 494156 336298 331645 328249 315624 240978 247336 450806 598823 533258 620930 849916 751828 605202 656363 486107 336617 359441 143203 197450 227457 656175 435306 591444 367187 626644 468820 809638 304492 1003463 170161 801574 408041 811732 794935 579142 268187 678409 611812 316489 567114 905414 217525 344638 764207 490263 655666 651670 266689 508913 263815 451179 364589 285151 704586 165267 630081 228401 52022 532242 391767
574257 603682 628282 301178 254408 586387 464459 989625 424615 88273 289684 306286 91627 645651 793439 778111 172219 836409 350206 960599 999999999 806222 687010 1005838 438431 943415 142902 524538 779530 861786 846641 713836 963628 849890 1050611 86820 1155715 629402 474213 642771 676549 850952 899547 789650 1091639 1055555 795966 387182 864426 776574 268861 307656 448742 318401 853908 959678 642765 946956 794683 958673 372644 525374 536355 649412 658221 556663 367147 897860 202911 1130335 410209 553223 289382 174993 603043 1008874 669315 442798 701983 511924 244991 1139250 938009 660807 823652 355759 629570 1162206 495490 1129608 695592 692748 1214327 767938 830679 672247 735282 979437 431067 835616
777584 858777 204100 507065 574402 450790 692275 879675 685000 728273 580310 928880 714690 239639 98372 931389 780373 599666 456232 394963 806222 999999999 416764 329543 376332 896720 675030 424555 262389 194989 805699 590608 186697 261908 291164 786111 541930 880663 344168 648735 192159 72016 642381 89487 351044 303995 55872 425488 802547 839107 603431 725724 639534 588559 757415 677094 218640 507620 426146 218652 647393 383599 291114 198630 256540 256613 528722 620801 925001 518813 504111 359200 783646 683559 712788 638678 840860 367285 178842 639768 857132 437660 139270 387802 98881 450595 288971 430464 319193 386016 113591 538953 501437 906990 429771 798540 358602 445495 475038 665179
949218 1022478 444464 436262 564508 683753 829674 1191891 803205 644044 611963 929376 612777 200768 493778 1148917 753912 923501 419870 798153 687010 416764 999999999 746036 441382 1188122 610366 165199 626321 602399 1084821 866049 593564 655218 697248 714013 957831 1049579 309561 880292 490356 488560 979877 483838 760288 712321 364399 454642 1089242 1081825 418824 777127 776462 645720 1051413 1027229 485905 888211 768586 634249 741464 571504 272877 467076 173157 406127 319873 962434 870466 934232 276820 567469 816775 654445 912527 1011950 1038220 348368 500353 809744 850682 851946 533408 40373 344617 418389 155924 838574 423277 792389 348078 814970 911811 1127396 785989 1008323 685599 845442 599476 974110
767503 842564 396296 735305 752080 473939 731548 696323 742678 918958 729920 1037036 917323 560488 261097 851376 927590 446538 682136 129833 1005838 329543 746036 999999999 577009 737600 863452 735467 228869 157163 673621 508958 180266 157157 131186 961105 212798 856189 610800 604297 339437 258415 457884 270106 115584 117535 383580 626650 661544 744617 862497 828128 691953 718230 614188 465838 370235 272519 304797 121138 733907 487308 576036 370125 581383 474079 808565 434085 1071313 190564 793796 457779 889062 849156 687625 393033 794427 617197 314971 661696 979539 133527 242633 715970 414316 676221 611014 162685 525325 145003 412591 473168 208521 827114 279111 746296 306798 174381 590698 518962
508168 582680 189880 159857 198073 268803 391144 782635 368251 356000 210279 561514 347286 289165 355080 708367 405285 540044 108327 553089 438431 376332 441382 577009 999999999 767324 301385 308343 359878 426992 661646 453228 525361 425692 612722 410694 747819 609413 132610 447270 240211 414488 603607 351500 655791 618241 377002 51256 669504 646189 298773 370111 336948 228897 637217 659840 207484 578541 427959 521035 312033 155733 175075 211782 314866 120301 277815 591970 549041 721869 285645 168086 422700 307285 472207 675415 596937 98199 265595 368388 486670 710226 502362 401648 414143 102723 305095 728530 57715 693890 273461 407579 784757 687273 458602 568050 349521 582716 158097 574243
374774 376835 756015 867512 768954 505214 479590 74808 519785 872185 705209 748557 899099 998164 800764 232184 777596 302017 841654 607949 943415 896720 1188122 737600 767324 999999999 838654 1074143 637690 740780 106057 322319 873935 664707 867032 858864 684156 362312 895111 326411 726673 862269 279717 808496 847660 854804 942766 778039 98880 172486 1004856 636330 504547 662557 139938 282336 717905 467821 475051 816577 578379 619610 917283 739830 1027971 782238 1027032 303520 857109 674347 1045277 620911 666449 781519 341831 375168 294114 865128 728778 443869 748491 801489 913580 1147865 992036 838971 1034752 858467 769367 866372 882517 374177 848643 222767 481640 275678 538281 569044 624091 232306
483559 528344 490242 184673 111553 447599 362054 878581 322018 55580 151437 321084 63448 535632 655887 696509 145434 705419 225328 817868 142902 675030 610366 863452 301385 838654 999999999 445255 636769 720710 737600 586138 826217 707274 910959 113116 1013121 555899 357111 524604 536522 715820 769543 652615 950647 915383 669414 250623 753578 678596 221897 224573 334551 186079 738085 829767 502470 807229 654222 818865 260333 382581 419993 510231 552280 421272 302621 766214 265684 987696 343058 410337 235417 62716 497186 874071 582400 321068 561892 396700 243275 996789 803574 578881 700836 230201 527626 1020480 359042 988532 567078 560627 1071885 682889 689966 576811 593092 837291 289924 710601
806757 876629 372647 273924 403996 570761 683453 1086001 654080 479048 455261 764760 448229 187362 474398 1012917 589123 830496 264085 760945 524538 424555 165199 735467 308343 1074143 445255 999999999 572212 580539 968826 756271 611252 616907 715571 548993 939147 904262 179250 755607 428435 493628 891166 465536 774358 727916 384600 309514 975841 954195 258703 618245 632062 491652 941756 943459 413040 827934 692098 638064 590008 455579 173204 399459 179730 312079 159216 876382 705488 914018 117226 458631 655228 490315 777863 942430 899515 210180 445546 671479 686144 855889 560043 136292 386240 263598 143779 853756 307085 810040 323735 707930 923134 992562 715563 873447 607984 802972 462541 872805
573196 652548 201341 519735 525224 256248 518197 617807 524504 692114 501188 812280 692162 425929 164457 695456 698834 338129 467734 195537 779530 262389 626321 228869 359878 637690 636769 572212 999999999 119653 550929 345341 262799 71791 306656 732706 388355 670242 419438 421936 143874 224915 380069 172944 328888 304541 312911 407188 545774 596082 655085 602540 474025 489504 499572 416565 164299 261890 164055 222218 509588 258464 400367 173780 453175 273614 614260 358688 842862 362386 607030 229006 663610 620637 498152 387543 618278 416293 127721 452097 752618 361092 285750 589794 360476 461973 473833 390190 313843 364817 280277 297515 436146 670716 168419 572237 107739 232214 361897 405423
692760 772191 241565 583152 610385 373019 634736 713948 638885 776267 595132 919970 771847 410285 108965 812203 796700 438768 529757 199992 861786 194989 602399 157163 426992 740780 720710 580539 119653 999999999 659594 461318 143336 76687 195323 822803 359472 789877 453829 541108 186881 134360 471309 118764 229937 196770 250819 477603 652501 711093 707057 709969 588819 588979 605413 498188 219669 318168 267335 105587 619230 357387 419100 216467 433209 319205 651514 448305 942262 334801 636660 327578 770930 712029 617790 450027 737362 461279 161639 570017 857025 286657 172963 569956 291082 523813 460764 301542 373167 267843 260081 415133 359908 787458 259604 691039 226065 250574 461945 509396
288487 307770 656502 761789 664883 401185 382247 143429 422028 773025 601524 669422 798781 896646 711487 205410 683772 227361 735620 546053 846641 805699 1084821 673621 661646 106057 737600 968826 550929 659594 999999999 221180 797085 584950 799962 763241 648670 299631 789937 220758 630195 775721 226013 718716 786963 789141 849750 671994 23148 106953 899772 541327 403050 559212 61098 250600 619383 413272 392282 742196 477952 514989 813298 641579 926435 679481 921038 247777 772067 635366 939221 517352 575843 681682 243645 346160 224365 759552 634009 341299 661988 751166 832390 1044508 899294 732925 932175 806263 664756 809104 785059 273803 804915 186417 404510 193414 447631 513072 518055 154713
270775 338801 435336 571544 494912 185531 284754 329835 314753 630882 437340 613471 649554 676010 499280 350940 571283 126941 538078 394055 713836 590608 866049 508958 453228 322319 586138 756271 345341 461318 221180 999999999 603615 391668 624539 638771 546986 349578 577044 104491 410418 566763 186741 505761 624469 616753 632339 470965 223533 250873 715550 433823 274180 400061 185867 246441 398459 296634 204865 554413 346635 300726 596022 420740 705814 460016 723312 188489 689589 527121 736917 299544 485007 539510 189433 308039 285498 549511 415714 215919 580662 611388 631037 825837 682003 534584 712449 660249 449698 652723 564436 52759 676417 326202 230509 237339 238003 378063 324987 126490
835360 915056 335985 671629 719064 512916 773422 841982 775273 881166 712367 1048126 872256 425887 170335 954546 915323 572794 618808 289599 963628 186697 593564 180266 525361 873935 826217 611252 262799 143336 797085 603615 999999999 212969 104866 933213 385877 932993 520017 684444 293963 120068 598770 174008 166807 118934 231509 576554 788703 852523 780235 838943 725828 711455 741261 618281 328263 428189 405733 62238 751003 484171 472090 317184 441255 407368 710875 575142 1061415 366164 688391 455099 899419 825069 760899 557147 880688 537371 269690 710384 981986 260152 64407 567955 250325 612927 474641 245631 468140 200211 294231 558132 318314 929812 393152 834313 369371 340699 587027 644708
633149 711256 254934 585245 595784 323752 584868 637285 592908 762706 572775 883049 761985 457823 166644 742359 770625 362715 532627 144513 849890 261908 655218 157157 425692 664707 707274 616907 71791 76687 584950 391668 212969 999999999 240890 804086 327818 727575 474268 476551 196081 207918 394624 176594 258464 237010 316767 474194 577279 639731 717477 673506 542263 561294 530034 422135 222820 245846 192944 163099 580103 330156 448447 227388 483073 331101 671303 371638 914623 301996 661067 300623 734553 692084 555988 377276 671915 475160 174431 517217 824009 289779 248899 620693 360220 526784 507490 318444 376833 293853 307483 347837 364881 717648 183197 624872 163341 190237 433686 433770
873456 950960 423108 763920 801718 562843 824683 827056 831047 966352 789251 1115065 959821 530617 261216 971979 991338 572611 710653 260472 1050611 291164 697248 131186 612722 867032 910959 715571 306656 195323 799962 624539 104866 240890 999999999 1015159 304667 966518 618459 714641 374446 222554 587487 266983 64188 18186 336279 663920 788809 866477 877948 905038 780627 784078 741281 596912 408584 403519 419997 92157 813758 552683 573039 401209 546122 498003 811669 563633 1137078 288826 790496 522888 966039 905124 795544 523739 908441 633224 349107 757765 1052348 163087 164149 672293 353016 704720 579475 141326 556621 95424 396382 584329 214920 947476 399036 860799 404044 305476 657206 645309
488307 516862 597568 296864 214153 523222 381096 906487 341697 69981 232315 235496 103861 648072 763120 691329 85473 763140 338442 906919 86820 786111 714013 961105 410694 858864 113116 548993 732706 822803 763241 638771 933213 804086 1015159 999999999 1100478 542596 470051 563135 641196 824831 825306 760327 1052398 1018755 781805 360715 781471 691118 306852 222540 369183 252973 772549 885189 606878 883455 733268 923007 293638 474801 532953 616197 664107 530983 398536 824894 156518 1075475 440810 503876 202607 112222 519628 938469 582848 434183 666358 432062 166078 1093789 912876 684291 813738 343298 638607 1120265 468380 1090033 679161 621101 1168852 681277 769675 586637 679279 922272 374697 758411
817695 882647 582751 907593 902309 582206 814256 626360 834602 1067484 868895 1138612 1071518 769257 467859 848162 1054525 443336 855902 195874 1155715 541930 957831 212798 747819 684156 1013121 939147 388355 359472 648670 546986 385877 327818 304667 1100478 999999999 889965 802013 651306 523898 471115 423585 477397 248483 286504 596270 794157 630930 740366 1043343 937508 785688 848760 587895 403144 549882 250973 375104 331473 841885 630724 774081 555201 791328 658715 999118 403517 1192049 25969 988514 603728 996374 988773 736418 308989 818856 802638 501977 741678 1091302 155706 450083 926997 626877 850170 819800 210455 702079 242176 619485 529443 172324 825910 338932 771307 421235 179879 726191 505735
104226 28162 689422 647844 523240 430422 220809 428871 252175 574171 460872 392532 607498 891390 802628 151934 457202 447823 642273 743611 629402 880663 1049579 856189 609413 362312 555899 904262 670242 789877 299631 349578 932993 727575 966518 542596 889965 999999999 740085 252151 688562 874662 481500 806760 971258 960223 910700 596107 322719 195325 760057 331862 273140 419284 342681 525637 664429 639347 551470 889965 318868 509274 783557 686109 919216 678060 811134 496257 508655 871719 840734 527751 340050 493387 172094 614375 76607 701359 702838 246936 405768 960965 950108 1010277 958771 641964 913293 1009571 638088 1000725 822022 383188 1025558 147699 579469 120112 564990 726484 452184 394125
639684 713054 219476 174277 279184 391523 520486 906809 495098 404964 314412 655110 384616 180210 359065 840967 486330 653612 133346 614103 474213 344168 309561 610800 132610 895111 357111 179250 419438 453829 789937 577044 520017 474268 618459 470051 802013 740085 999999999 578165 278343 400626 715202 352286 670403 627535 325319 147540 796723 778031 260297 480658 467020 343164 762505 768791 255195 664796 522438 531399 435137 276335 62911 247162 200328 146395 197862 701293 621349 776232 187593 280129 527071 383710 604815 773384 729329 41103 300077 500721 577202 739673 482274 270196 349854 129324 182537 747834 128574 708032 230584 528902 811543 819881 548598 700659 439186 651393 290357 694183
166958 238452 472736 541103 445852 204705 191154 356353 225979 564172 383411 515609 587075 700479 563781 283449 489757 224794 515968 494156 642771 648735 880292 604297 447270 326411 524604 755607 421936 541108 220758 104491 684444 476551 714641 563135 651306 252151 578165 999999999 459743 634392 277244 568998 719223 708158 684919 453673 233265 201975 679215 348251 194113 342044 213581 333878 441026 401111 299856 639410 270141 309642 607416 463532 729904 480908 700986 283859 598834 631230 720261 318452 394438 472043 85446 405707 196358 545461 470050 131075 488532 711663 705504 839941 734262 513473 731466 758978 457068 749005 606069 131133 778096 259404 329111 151007 315149 480944 298658 199339
585426 666619 58880 396536 427427 259159 502217 718577 497302 591938 418416 756759 586101 289790 127725 743132 621366 441557 343201 336298 676549 192159 490356 339437 240211 726673 536522 428435 143874 186881 630195 410418 293963 196081 374446 641196 523898 688562 278343 459743 999999999 198190 493775 128005 415689 379018 225175 290999 629672 654301 523618 548961 450427 418228 586783 538354 34390 401757 278962 282343 464830 196866 256513 31327 318396 135541 475222 474998 767458 498068 465511 170126 608755 531960 521264 522231 649890 279601 25446 447960 689071 471801 284376 452512 274561 337267 335518 488407 186428 453769 156360 357768 545850 718958 295680 608393 197600 375636 295914 499904
773316 854319 228878 555694 611094 445123 697685 840097 694542 770187 610042 953311 759358 310373 72573 913931 812439 561597 503397 331645 850952 72016 488560 258415 414488 862269 715820 493628 224915 134360 775721 566763 120068 207918 222554 824831 471115 874662 400626 634392 198190 999999999 599242 70354 280763 234353 125165 465223 770690 817446 660923 746465 646925 613488 724444 629502 230508 452345 387485 146734 663016 394994 352032 214941 328176 294646 590811 576798 958197 448343 568471 367780 805893 718882 704043 584168 829537 419366 177654 640085 884177 365840 88274 459812 159242 497580 360122 360189 356793 316476 174235 516826 430393 889287 385806 785343 329423 383090 493456 629964
427723 479320 535497 738232 674005 340499 467116 243303 499400 815711 619221 792784 832981 781166 544192 424885 757946 65097 699222 328249 899547 642381 979877 457884 603607 279717 769543 891166 380069 471309 226013 186741 598770 394624 587487 825306 423585 481500 715202 277244 493775 599242 999999999 552896 568319 575124 692751 630342 209830 317588 884231 619753 460516 583746 164941 60229 494238 189499 217703 539940 533371 448099 721649 513894 810419 581001 880688 23871 874207 409612 888873 437247 669464 724841 352351 133223 406585 694068 489508 400928 764504 526605 642330 940790 740538 695025 823955 582502 587056 588016 648426 209739 579020 403017 213493 361444 296177 290552 496600 87386
704901 786008 162774 498280 546224 376599 627612 790488 624217 707439 542529 884055 698257 291872 10049 850126 745294 510561 445272 315624 789650 89487 483838 270106 351500 808496 652615 465536 172944 118764 718716 505761 174008 176594 266983 760327 477397 806760 352286 568998 128005 70354 552896 999999999 318190 275398 141740 402650 714969 755578 611148 676737 576683 544678 669489 587849 160774 420929 336826 179148 592806 324703 310368 146344 314476 233404 547491 531319 891254 452999 529012 297427 736350 653114 636784 551307 763239 366242 107335 570628 815524 391956 156659 451201 188007 439370 342408 396058 294178 355755 142563 454796 461704 825574 340337 719685 271099 364572 423675 576636
881668 957294 467802 810056 840276 581676 841681 803220 850947 1006203 823716 1141167 1001545 590657 311355 966655 1024290 560415 756634 240978 1091639 351044 760288 115584 655791 847660 950647 774358 328888 229937 786963 624469 166807 258464 64188 1052398 248483 971258 670403 719223 415689 280763 568319 318190 999999999 47994 398038 706677 774231 859697 928521 931412 800248 815596 727082 571538 449079 380068 420096 139047 838394 583461 627566 444193 607109 544341 865487 544700 1169320 235315 845859 553597 992485 941336 802158 492243 909906 682829 390261 772780 1081059 100232 227857 734740 416464 750685 639973 79443 600912 38120 452860 588102 151525 942439 394694 861800 417006 279129 687983 632533
868060 945088 429074 770684 805698 560244 821757 813856 828986 970851 791809 1115023 964993 543628 269143 963086 993470 561797 717336 247336 1055555 303995 712321 117535 618241 854804 915383 727916 304541 196770 789141 616753 118934 237010 18186 1018755 286504 960223 627535 708158 379018 234353 575124 275398 47994 999999999 350338 669353 777617 857177 886525 905006 778453 785647 730147 583257 412934 390012 411947 97432 813136 553829 583248 406484 559708 504693 821626 551297 1139017 270774 801154 523977 966055 908329 789666 508839 901252 641320 353595 754219 1053114 145505 179926 686887 368473 711393 592765 126767 562563 82127 407436 577506 199492 938644 389817 853465 399453 291168 658448 634431
806918 887897 223417 494919 573510 483478 715557 928109 705391 721220 585606 936494 704981 197348 151264 968300 782164 648087 446316 450806 795966 55872 364399 383580 377002 942766 669414 384600 312911 250819 849750 632339 231509 316767 336279 781805 596270 910700 325319 684919 225175 125165 692751 141740 398038 350338 999999999 423654 847537 878670 580137 737338 661787 597836 803059 729053 246402 562140 475587 269866 663543 406166 267329 224593 210348 261297 499843 671554 925125 573422 472039 384251 793712 683023 745271 692852 874382 353375 216755 666874 862870 487798 176015 337093 49672 440955 244534 477097 321903 431687 103543 580102 549328 944110 481139 833355 404708 501266 490845 712135
497515 568726 241136 114987 149857 290787 375568 797962 348574 305014 170881 519656 296032 319925 406296 703676 359068 565901 69059 598823 387182 425488 454642 626650 51256 778039 250623 309514 407188 477603 671994 470965 576554 474194 663920 360715 794157 596107 147540 453673 290999 465223 630342 402650 706677 669353 423654 999999999 681452 648395 259145 335549 323192 196287 651878 687897 257949 617402 464983 572189 287718 184554 201506 262869 343411 170650 252409 620208 501471 768247 267351 202728 384909 259371 469378 709101 590020 106954 316419 362220 443529 760014 552951 415996 458913 64690 329023 779086 108552 744763 320270 428437 834680 683588 497043 564649 389371 626626 155542 594838
309686 330630 657857 773267 678772 406438 400377 125284 439909 789910 615822 691055 815105 899499 707521 226825 702612 216722 745845 533258 864426 802547 1089242 661544 669504 98880 753578 975841 545774 652501 23148 223533 788703 577279 788809 781471 630930 322719 796723 233265 629672 770690 209830 714969 774231 777617 847537 681452 999999999 129998 912363 559966 419193 573839 47601 230897 620077 398455 385293 733014 494543 520981 818450 642111 929305 683376 931494 232258 792781 618165 948801 522049 595618 698325 261958 326691 247337 767133 632562 356906 682523 736170 825447 1048985 896971 743002 935916 791702 670703 795618 785162 275574 788739 208456 395602 215585 443993 498852 528391 144176
203797 206589 671816 726711 618214 405116 316596 234577 356765 708603 553550 576351 737324 902326 749368 108322 608599 302812 707276 620930 776574 839107 1081825 744617 646189 172486 678596 954195 596082 711093 106953 250873 852523 639731 866477 691118 740366 195325 778031 201975 654301 817446 317588 755578 859697 857177 878670 648395 129998 999999999 857664 468919 349170 510140 159177 350871 638271 496903 448350 801305 419231 511605 808977 660824 931788 682769 889731 336886 684706 725272 912180 520057 495817 619467 184820 444947 122871 744121 662098 293356 576349 832630 881643 1041496 928293 705367 933422 885844 658551 884607 804344 300826 890477 85545 467452 104642 488869 593433 492959 235088
676596 731965 466204 146282 240258 543832 549612 1033949 512266 238543 304937 537542 202991 403961 617448 891661 364606 819282 191339 849916 268861 603431 418824 862497 298773 1004856 221897 258703 655085 707057 899772 715550 780235 717477 877948 306852 1043343 760057 260297 679215 523618 660923 884231 611148 928521 886525 580137 259145 912363 857664 999999999 436602 509292 348410 888462 942797 494759 876164 724085 789818 445291 443093 313197 492607 410443 388436 99550 875521 460344 1017375 142292 461858 455868 280752 672851 967660 775620 245994 547661 564675 461719 993703 742108 394246 598038 196598 378075 1005090 341266 966366 489960 677789 1066760 875318 755886 761811 647577 881054 390595 841682
267074 304573 522058 345743 214732 358020 160237 684708 122473 243573 166419 210031 275910 655425 676679 475446 142847 560611 357430 751828 307656 725724 777127 828128 370111 636330 224573 618245 602540 709969 541327 433823 838943 673506 905038 222540 937508 331862 480658 348251 548961 746465 619753 676737 931412 905006 737338 335549 559966 468919 436602 999999999 159897 141266 553138 678529 516001 703341 562503 815195 95713 354774 536997 532013 678878 476664 500499 622295 257766 913855 535452 383977 61077 161880 298025 740592 363673 439561 571474 219095 153809 955788 833311 740738 778614 359238 663189 990770 418944 967290 635435 425657 1029407 463451 598875 364634 525898 757695 253065 546899
174947 246034 438472 383579 269296 218576 55015 544338 50732 371289 204562 352924 395913 622048 574641 386337 297814 400830 372147 605202 448742 639534 776462 691953 336948 504547 334551 632062 474025 588819 403050 274180 725828 542263 780627 369183 785688 273140 467020 194113 450427 646925 460516 576683 800248 778453 661787 323192 419193 349170 509292 159897 999999999 161087 405677 519647 421192 546778 411175 694168 76126 256124 511701 440913 649218 414486 547854 462572 417037 762726 574266 280624 213880 279390 164737 580697 270632 428219 469373 63197 310034 815176 729903 737214 707686 371367 641683 854155 369117 834618 566375 266510 887340 368280 446940 252722 385350 606610 181448 389922
329835 391176 386241 228577 108236 270286 202458 698033 167296 232545 43493 340462 249507 515383 545467 544373 209366 519844 227576 656363 318401 588559 645720 718230 228897 662557 186079 491652 489504 588979 559212 400061 711455 561294 784078 252973 848760 419284 343164 342044 418228 613488 583746 544678 815596 785647 597836 196287 573839 510140 348410 141266 161087 999999999 555469 643974 384368 630771 480296 692751 100440 232137 397601 398577 539462 336651 392018 580896 353730 823959 421588 262005 195886 143920 325449 690596 428244 302155 441925 218879 270882 849392 701208 608152 638313 228279 525228 879612 278024 852504 495378 375355 924129 527410 516712 413404 428075 669994 127703 524717
315113 346989 616810 747315 658264 371064 392910 146159 431321 776851 596486 696403 800409 859877 661906 263237 695949 169122 717527 486107 853908 757415 1051413 614188 637217 139938 738085 941756 499572 605413 61098 185867 741261 530034 741281 772549 587895 342681 762505 213581 586783 724444 164941 669489 727082 730147 803059 651878 47601 159177 888462 553138 405677 555469 999999999 192122 578388 352352 338367 685459 481740 486194 781840 600227 889679 645287 903295 186690 793263 574403 918981 485396 592749 684814 257044 287023 266108 734202 588851 342559 682485 690232 778375 1011256 852387 714414 897338 745465 635454 748780 742708 236446 743818 242792 348125 228084 398830 452373 500941 96616
478856 525683 582969 796665 733997 398973 524612 231818 557661 875920 679408 848572 893204 827487 578742 455231 817296 124829 756881 336617 959678 677094 1027229 465838 659840 282336 829767 943459 416565 498188 250600 246441 618281 422135 596912 885189 403144 525637 768791 333878 538354 629502 60229 587849 571538 583257 729053 687897 230897 350871 942797 678529 519647 643974 192122 999999999 541410 193425 259473 557729 592919 504768 772734 560219 856437 632132 937374 67871 932138 392378 944552 492621 727453 785010 405906 95852 449590 748932 532070 459497 822136 520046 665893 988549 775842 752583 871462 577466 641166 587739 690987 269786 566317 434911 248160 406433 341644 292744 556046 137047
