NAME : synthetic_000193
TYPE : CTSP-D
DIMENSION : 100
GROUPS : 8
RELAXATION_LEVEL : 1
EDGE_WEIGHT_TYPE : EXPLICIT
EDGE_WEIGHT_FORMAT : FULL_MATRIX
EDGE_WEIGHT_SECTION
999999999 530429 318842 110118 530040 313867 290377 269672 518287 281678 362808 421939 456981 486181 325070 498933 303260 463618 805969 454861 360520 534916 440345 797986 590877 227667 527446 70592 249406 593924 148603 778005 598131 457305 305387 265625 400409 392583 749613 403750 305408 227184 381022 34760 354146 282928 891840 269434 208121 155731 269085 538532 763252 584071 443370 417806 244789 496014 522478 350677 287828 610563 944962 328197 397146 553043 297015 606851 197139 321764 168725 260334 690548 587742 96116 227712 54392 591251 206525 290113 460959 397600 554065 155643 604308 236055 572722 658403 234879 260947 833256 583868 409358 84858 200652 87406 327034 525603 394439 579860
530429 999999999 245323 587642 389557 840303 689567 271715 1011658 249075 431002 593182 394987 523435 699395 57739 788400 966028 729234 753472 698322 310210 615707 297688 724319 361159 996424 503485 650568 986200 623754 285924 851836 430473 462396 334808 891758 540204 609652 225673 527590 739003 854908 498958 256840 522621 833303 558943 357480 617077 490547 996951 279066 87137 811044 688599 614372 411985 947834 205041 817650 164378 933066 422336 873516 556660 793642 812288 548263 772792 681052 583332 203937 497106 593234 486447 507206 462879 466515 659111 654350 163233 644626 660051 299382 712289 784923 649207 315789 600271 700855 76722 482391 471447 449679 471512 383719 1018242 266939 108345
318842 245323 999999999 353198 464757 631892 548288 154643 831904 88870 217257 544017 426357 528901 570098 239160 610541 779601 811104 662973 585366 417302 567805 541156 707745 116739 831842 275188 504815 862516 443414 527199 788556 450955 228499 247341 712082 493450 712661 263298 441810 505358 684952 284369 244785 282141 912654 315745 118733 377692 249297 838493 517809 322044 692380 455245 477984 460154 806218 40283 602933 379121 995874 196898 702540 584082 609152 768927 408187 612332 449579 338875 441204 563914 400873 371252 282761 544328 342998 528364 602829 196138 640543 467717 452005 536668 736563 693219 186775 474991 806641 279225 461242 285925 324084 243905 339219 839037 289720 266838
110118 587642 353198 999999999 634329 304911 373990 348372 537706 342283 326948 530001 563103 596252 411904 564678 345382 478361 916054 547949 452538 632843 547663 869922 697104 241291 562376 87257 337529 657686 225708 851792 691998 565270 260538 363737 428583 502202 858263 492833 414515 152238 422793 116642 445375 216650 1001863 189567 234494 45643 214934 578574 838603 651237 522480 320341 341402 602421 578149 390835 267409 687632 1053942 296117 436026 663112 330751 706547 302546 381864 97138 171354 763735 696102 175692 337742 89975 698078 316563 381767 566401 473674 662987 208047 698355 293803 672711 768488 321771 361494 942671 631213 519312 191741 310115 117980 433248 545225 489121 619969
530040 389557 464757 634329 999999999 756308 498870 331586 839130 386126 677436 289542 78428 170629 486018 333856 643667 812672 350727 469922 459023 86005 304209 444022 361911 523897 795949 554906 478542 719567 524519 417489 522103 99547 670017 274770 733786 251656 248151 203237 304527 751576 683019 517689 223052 701764 454363 718565 498852 678597 670653 785291 396630 348372 558555 878187 437798 49883 712887 444206 754345 292476 547707 651303 700772 177288 661682 465951 404121 597392 695740 728519 362141 108010 528496 333378 546774 79958 339413 458874 338577 280494 279719 575015 151617 579238 446127 259948 332261 409991 341953 462535 183309 445186 337285 532863 204083 843896 175620 497900
313867 840303 631892 304911 756308 999999999 291712 571762 244025 593440 631382 536154 677881 649928 325563 804408 149443 182805 943416 450567 374013 787691 542281 1093721 660227 532378 289131 361249 290966 438316 235127 1071841 575956 663281 564171 539069 161240 538199 926323 685270 459341 199632 189114 347851 634673 513505 1006549 478178 517490 310788 517226 313128 1055359 887199 373335 561163 327150 711492 347269 664480 44638 903165 1026878 600987 191159 709913 121680 620238 352299 217525 220196 451759 986332 778170 250104 424444 350983 796355 424462 327459 540109 696898 662719 187837 865449 183800 592212 791886 530842 357162 993080 896666 588963 370055 432604 390426 561870 251408 664856 893652
290377 689567 548288 373990 498870 291712 999999999 427012 342874 476420 647447 247188 422777 368489 39860 640832 152229 313804 651982 179650 87848 548404 251362 892519 371639 492799 311244 360742 43906 314952 148290 867930 322003 400156 593981 354968 234980 257955 640932 487372 195343 389680 184494 315994 442028 572992 715327 556471 466015 411267 559334 308546 849051 711653 153319 694135 75199 450274 260548 566780 308508 704717 740214 612309 202585 424117 175829 348381 143248 98530 359694 543141 789481 500906 199810 204379 344420 524817 223087 40239 248541 527866 371065 176477 629119 113542 316670 500873 382158 93871 703583 759489 318548 270757 240325 371391 332730 348194 455237 770257
269672 271715 154643 348372 331586 571762 427012 999999999 740673 65773 350606 390918 281508 375857 442276 232668 517131 694399 668035 520170 449916 303084 414770 528314 553194 192317 728393 261201 385792 734683 352039 508423 639806 302220 338568 93421 620546 339653 578237 149982 294014 491920 585059 242377 110708 371639 767642 391820 167912 386581 339947 730683 493915 315952 560784 549196 352692 318119 687504 154601 551935 341508 846657 322205 603546 433172 521956 616690 283798 504672 432678 405323 420886 422546 322779 232071 259641 408519 206959 400704 450555 127937 486063 389035 357924 441012 584829 543461 45110 343475 670986 336011 306814 201707 188452 231822 184734 747341 159388 343668
518287 1011658 831904 537706 839130 244025 342874 740673 999999999 777265 863573 566821 764309 695912 353186 967595 223734 61222 937265 415002 384984 891207 562458 1232659 632391 745821 79789 578507 372090 269395 391027 1208491 491259 739727 798058 683711 120437 591129 953566 823762 537805 443561 159945 552854 776056 751961 977658 718777 726108 550177 752599 110000 1189965 1043671 313007 804869 412751 789848 190377 859316 288371 1043353 970846 831450 141271 742305 222752 555484 469650 246444 461317 693515 1128242 829370 431033 540134 565387 857851 552839 381846 543730 854978 664779 364521 971941 299761 537745 796304 696074 436070 1001649 1076360 656547 548954 567289 603632 674144 7522 794264 1080536
281678 249075 88870 342283 386126 593440 476420 65773 777265 999999999 291467 455949 341966 440771 494940 222400 553751 728092 728195 580279 506326 347666 479776 528019 618933 145858 770518 256361 433865 788045 386244 510512 702842 364800 286964 158742 656831 405018 634139 191028 356251 492064 625051 249901 163207 327926 828791 353496 128142 375405 295186 774812 498097 308954 615601 505830 403674 377203 736556 92506 569344 349444 909824 265311 643199 497012 555708 681359 333801 547931 433543 370947 422497 481557 350079 289483 258944 464704 262451 453117 515200 140885 551742 417596 393051 478168 649254 606783 100905 397537 727616 303376 372458 228956 243525 224660 250403 784164 210686 303584
362808 431002 217257 326948 677436 631382 647447 350606 863573 291467 999999999 711427 631998 721471 678516 441857 660915 804785 1018566 795851 706629 634032 734220 725761 882674 170687 883316 293590 604398 956265 511238 716052 933468 652481 68469 432480 751470 666001 925535 478792 597341 455218 739296 332995 454666 132885 1118211 176996 200688 324069 116890 896966 709987 516328 800481 262812 590024 668074 885129 248284 592413 583652 1195568 35193 754241 781617 650371 927030 526800 684437 414643 208413 634867 772529 458917 516457 309073 756165 486902 639701 764935 413376 824016 514318 668767 597898 893179 892526 366044 597350 1019073 435726 647927 381686 470065 277074 528190 871077 501841 405474
421939 593182 544017 530001 289542 536154 247188 390918 566821 455949 711427 999999999 227618 129785 221078 536536 399286 549608 409246 180541 182221 360573 23866 725151 172813 540803 515418 478237 246253 430237 338040 698931 258704 194008 676564 297502 473399 53375 394221 367607 118448 597680 419464 429587 340939 680243 481763 679015 510776 574671 656660 501873 678467 585457 270897 835492 215171 240179 425670 545027 547755 553044 524640 677876 435493 177965 422940 226265 228841 340221 553500 676212 632891 262719 368906 201128 463871 293207 229037 209157 61520 436249 134852 385479 437723 352853 195456 256919 357877 186036 456993 669636 116097 354314 243733 471905 215080 570724 326614 693373
456981 394987 426357 563103 78428 677881 422777 281508 764309 341966 631998 227618 999999999 129432 411786 337321 566136 736396 386568 407254 387583 133389 245570 497533 330884 471354 723456 486127 401099 656434 446267 471318 474996 36656 618172 211228 657390 183445 301728 180348 227692 676187 607213 446723 182133 644602 486827 658233 444523 607906 614525 713992 450874 370382 490878 818928 360187 39535 644127 411605 676065 328713 570212 603672 625148 165209 583784 425891 325705 521183 621040 666060 406467 141784 451279 255204 477005 135425 262232 383016 282607 260146 250092 496833 212348 501069 402056 269200 273815 332770 392368 471053 113727 372359 261143 465940 129981 769246 142463 501766
486181 523435 528901 596252 170629 649928 368489 375857 695912 440771 721471 129785 129432 999999999 346718 465700 520175 676857 319813 305336 310934 251035 139134 614298 201464 553531 645203 530561 359566 553596 434314 587790 351900 93159 697969 289009 599709 111795 277119 303653 195067 686414 546345 485067 294022 714082 408749 720702 524527 641889 686648 631519 566974 499530 399743 881231 322866 125331 554395 520290 656640 454552 475461 690446 562874 66862 542133 298478 313919 464730 636577 723384 529151 133583 454289 259868 518440 163568 279695 328770 170235 381626 121228 484567 322214 466400 276675 175398 355431 292807 351546 599768 77903 407016 287345 516902 193291 699945 263160 629472
325070 699395 570098 411904 486018 325563 39860 442276 353186 494940 678516 221078 411786 346718 999999999 648946 181117 330328 620564 139804 49213 540639 222352 891125 335211 520697 313043 394981 75679 293108 186369 866109 282443 386567 626694 364881 252999 238834 615125 490906 187974 429453 199747 349093 447652 607997 681077 592738 493165 449879 593316 306469 846830 716762 123316 732221 92198 436674 248667 586412 344785 705280 703221 643328 216614 399036 206663 308702 161920 119233 399473 580197 789677 480123 236846 213166 378645 506399 235608 41835 215452 536601 339358 216246 621335 151678 277187 470503 398028 99364 674624 770884 303377 298754 253875 403896 332153 357889 456682 783726
498933 57739 239160 564678 333856 804408 640832 232668 967595 222400 441857 536536 337321 465700 648946 999999999 745180 923616 676679 698701 645956 256540 558910 306549 666585 349997 949535 478656 602872 933644 582673 290402 795077 372753 465257 286069 848255 483712 559130 168947 474030 714213 809689 469058 203042 521225 780882 554644 341633 597151 488434 949029 279685 86599 758637 692625 565690 354856 897607 200280 783975 141859 879232 428757 828382 499376 751807 754884 501014 726411 655505 576901 203139 441708 555346 436779 480687 408503 418384 609193 597575 113104 586895 621283 254025 669242 727708 593015 274763 550240 651314 134308 425127 434362 402246 447029 328762 974038 209984 165015
303260 788400 610541 345382 643667 149443 152229 517131 223734 553751 660915 399286 566136 520175 181117 745180 999999999 178959 801680 301213 228010 686333 402568 1016499 512963 530069 224193 368663 165136 319580 167745 992949 427755 546436 598702 463159 103423 409038 793160 605797 339441 300728 78382 336930 556997 561494 861000 534528 508406 369524 556406 236103 974999 822580 226171 647702 205952 596179 234810 636799 177743 826133 878348 627239 93898 576344 27920 470812 252535 68082 292675 513832 910872 651969 211009 325434 354111 674451 334508 191457 396491 632968 520473 147723 766406 76122 442806 651453 472659 233823 855074 852672 466886 325987 347600 390453 463184 230533 578716 856873
463618 966028 779601 478361 812672 182805 313804 694399 61222 728092 804785 549608 736396 676857 330328 923616 178959 999999999 933263 411233 367752 860294 547757 1194984 631108 690561 120879 521954 337662 302623 342654 1171278 503230 713906 738876 642117 79101 568954 941300 784531 508732 382344 130584 498333 735881 691855 979718 658243 671734 489761 693090 150180 1153171 1001446 312150 743689 378899 764042 215342 808170 227155 1004797 979931 772979 114114 727073 172595 562982 430671 215281 400548 632752 1089583 810360 379295 502903 509276 836587 513138 353859 532843 811636 656214 312006 940795 254471 542108 788558 650269 404438 994321 1029069 631862 499171 526487 547916 639475 68607 756848 1031673
805969 729234 811104 916054 350727 943416 651982 668035 937265 728195 1018566 409246 386568 319813 620564 676679 801680 933263 999999999 522783 574556 420291 401256 686234 305671 856711 871455 849535 655200 726877 744683 662213 473324 368079 1003343 592622 862740 420146 128775 553186 508794 1001763 808201 804587 566386 1025913 104235 1035722 829171 961688 996957 850088 642973 672325 624304 1196734 624199 351112 763337 793196 956694 599812 208249 990096 821670 252965 826951 400152 628287 737957 953869 1040190 643273 247227 769984 579135 837756 271318 599506 616095 405392 631180 281210 793378 439350 761157 407445 152392 657710 594727 81956 797180 397134 726584 606924 834581 500271 939520 521971 836190
454861 753472 662973 547949 469922 450567 179650 520170 415002 580279 795851 180541 407254 305336 139804 698701 301213 411233 522783 999999999 95427 540553 166503 904389 220006 631169 352786 522920 210823 249699 323933 878288 144049 374354 748835 431471 343722 225081 542064 531294 228266 568803 289986 475074 496701 736245 569454 724262 602113 587337 719001 334681 857946 755209 102345 868022 210246 420684 252439 672708 475344 728824 578509 760796 301713 338558 328891 171080 269112 233187 539228 713722 810157 433165 372258 291725 506740 467729 320257 166201 137048 591581 251191 356008 618179 288553 141721 381682 479500 198717 586726 828618 294042 414666 339075 527694 369941 417558 492015 847824
360520 698322 585366 452538 459023 374013 87848 449916 384984 506326 706629 182221 387583 310934 49213 645956 228010 367752 574556 95427 999999999 519121 180180 875638 286333 544718 337071 429228 115485 287885 228668 850182 239470 359621 657540 366758 292465 207917 573946 483318 173991 477054 238127 381908 443076 642693 633117 629720 516282 491943 626322 326484 830484 709719 112724 772662 117148 409216 258589 598655 393895 692746 654098 671468 253685 359328 254223 261059 181189 163404 445312 618701 776381 444434 276846 217846 412973 473100 243904 70867 169202 535093 293653 262357 599342 200773 229011 425559 406961 111205 630532 771516 275773 324971 262809 435404 321639 389065 446865 786982
534916 310210 417302 632843 86005 787691 548404 303084 891207 347666 634032 360573 133389 251035 540639 256540 686333 860294 420291 540553 519121 999999999 377738 365090 446683 491833 853422 549022 522808 789816 552786 338738 602659 166781 634607 269673 781204 316755 305580 156639 353528 761215 732626 517427 193151 673366 524522 694853 469797 675274 641126 844988 318145 263517 623845 851338 481546 125707 776607 391395 781055 206592 622921 610825 750887 263193 701849 548915 437708 646009 703439 708216 278237 189072 548614 364296 543201 152864 363453 509408 413993 223200 364396 601813 80751 617500 527710 343256 315316 456001 399166 381074 247071 451222 356928 523586 225894 896416 145586 418128
440345 615707 567805 547663 304209 542281 251362 414770 562458 479776 734220 23866 245570 139134 222352 558910 402568 547757 401256 166503 180180 377738 999999999 742743 151752 563657 508472 497947 254476 415659 350844 716436 236168 210965 698689 321357 472623 76818 393770 390053 139302 610993 418307 449116 364188 701370 469985 699387 533625 592044 678157 493716 695875 606611 261054 855194 226051 255455 415507 568893 555674 572602 508757 700561 433767 179867 427030 202428 245486 341449 568148 695998 651748 269573 383991 222193 483366 302326 250548 214861 38676 459383 122285 397178 453813 359938 171780 249625 381588 197833 452507 692234 136275 374565 265709 492446 238672 566092 348928 716347
797986 297688 541156 869922 444022 1093721 892519 528314 1232659 528019 725761 725151 497533 614298 891125 306549 1016499 1194984 686234 904389 875638 365090 742743 999999999 802725 655084 1203096 783301 860634 1152800 863340 26548 966088 531790 759892 556226 1116960 679528 557888 411061 703733 1018032 1072716 770072 460788 820269 780184 856190 647977 903342 788111 1197594 47469 220355 983873 985504 820257 489580 1134226 501070 1077450 190896 891733 719107 1091411 615274 1027326 909282 764326 986435 958993 879992 107607 523465 843787 692662 784320 480987 681994 855840 779081 400400 721352 906776 292661 942542 890118 668931 565321 798657 628418 295696 610348 726615 669411 751989 559867 1238491 438432 334496
590877 724319 707745 697104 361911 660227 371639 553194 632391 618933 882674 172813 330884 201464 335211 666585 512963 631108 305671 220006 286333 446683 151752 802725 999999999 711990 565804 649490 386407 426698 491933 776209 181610 294594 849085 460561 563429 216850 345416 502244 290919 751220 509396 600578 486665 852968 349847 851127 682008 740981 829474 544477 755273 700594 319946 1006663 365399 322658 457931 704821 679867 652710 368794 849438 521572 187520 539778 112068 394584 446259 711845 847538 724049 283064 529598 373771 634793 324918 401840 341941 131195 578277 82289 534960 510789 485058 106576 177414 524041 339945 374840 800801 250057 526305 416477 644197 369855 634453 461085 829684
227667 361159 116739 241291 523897 532378 492799 192317 745821 145858 170687 540803 471354 553531 520697 349997 530069 690561 856711 631169 544718 491833 563657 655084 711990 999999999 754142 171129 448989 806528 368295 640083 766406 488838 146820 265504 628064 495347 770177 335519 427283 392449 607216 193368 302213 182116 954619 208575 30033 262412 149499 764054 629682 434983 643880 360111 429845 508938 741713 156698 500077 486267 1028682 137766 623786 615098 524645 757567 363576 542407 338404 228111 553122 613045 319639 347177 182086 600521 317541 480403 594710 285304 653906 382945 538909 460146 723859 726265 199411 434007 862576 395443 478891 222152 300286 142896 360720 753156 350852 380691
527446 996424 831842 562376 795949 289131 311244 728393 79789 770518 883316 515418 723456 645203 313043 949535 224193 120879 871455 352786 337071 853422 508472 1203096 565804 754142 999999999 592296 346858 189606 388673 1178299 416962 696459 819898 663572 134705 544974 894662 798535 500977 486242 147182 561103 752712 778912 907476 748797 732111 580618 776279 30476 1159202 1022169 250691 846953 385324 746192 113322 856347 333472 1015844 896630 850026 130360 687270 232952 483360 448529 223785 495441 725573 1100554 777717 434695 514888 577976 808496 531276 347256 486180 836433 603976 371854 934048 295426 467746 734034 683319 404828 938294 1064063 612642 546014 547301 614591 643276 78077 766418 1071444
70592 503485 275188 87257 554906 361249 360742 261201 578507 256361 293590 478237 486127 530561 394981 478656 368663 521954 849535 522920 429228 549022 497947 783301 649490 171129 592296 999999999 319395 664112 218849 764946 665566 491332 234991 281499 462716 444383 784833 406552 360055 235763 446922 49134 359755 213467 938912 203297 157655 126600 198597 604690 751604 565120 513847 357271 312687 525646 591627 310972 329444 600460 997236 259321 462421 597068 360042 671443 260010 390992 177567 198053 676906 622430 165963 278717 16337 621544 253647 359230 521146 386450 607521 221275 612903 304311 637222 705102 235809 326797 871469 550085 452750 124897 243624 32003 357362 585923 404415 541406
249406 650568 504815 337529 478542 290966 43906 385792 372090 433865 604398 246253 401099 359566 75679 602872 165136 337662 655200 210823 115485 522808 254476 860634 386407 448989 346858 319395 999999999 358811 113197 836412 354778 381383 551667 316818 258647 247776 635461 452789 174367 366141 212162 273821 406188 532330 723668 517181 422139 376524 517823 346388 817875 675428 196084 657833 41262 431070 302692 523812 301530 671665 754856 569236 230820 418952 184254 374718 102420 125826 331301 504971 756546 489545 161969 168676 303058 510464 184494 46054 258289 489774 376513 149713 603219 107166 341845 503024 340785 68787 702572 719599 302547 226902 200901 328904 302357 377869 422335 729381
593924 986200 862516 657686 719567 438316 314952 734683 269395 788045 956265 430237 656434 553596 293108 933644 319580 302623 726877 249699 287885 789816 415659 1152800 426698 806528 189606 664112 358811 999999999 445326 1126826 254579 623930 899081 654078 279354 473392 770483 769764 460190 618346 252244 623304 730651 869951 748873 846993 780297 686083 860650 159545 1106607 995848 175181 966729 384771 670378 91452 879478 478830 974541 725354 921396 247398 580661 341608 327066 454729 275939 612139 828573 1056922 677862 498158 503566 648160 714284 527726 334937 383519 822974 482809 450205 867781 364182 320843 603398 690743 391231 800136 1059345 542876 585071 546271 679228 607515 267426 732259 1074261
148603 623754 443414 225708 524519 235127 148290 352039 391027 386244 511238 338040 446267 434314 186369 582673 167745 342654 744683 323933 228668 552786 350844 863340 491933 368295 388673 218849 113197 445326 999999999 840776 467778 434676 453840 307129 270600 325750 710743 452930 239249 260217 241607 178820 402708 427835 819803 409290 344766 263627 416358 396677 823734 662456 298430 545928 126534 481405 374818 469120 229837 672448 858213 476506 259127 498529 170068 487224 122299 174456 220386 395137 756458 555847 53171 191176 202847 569902 189389 158763 361350 471804 472458 50914 630338 93280 454049 592555 308296 153151 784987 686424 366024 158261 197646 234578 327154 397945 430660 689621
778005 285924 527199 851792 417489 1071841 867930 508423 1208491 510512 716052 698931 471318 587790 866109 290402 992949 1171278 662213 878288 850182 338738 716436 26548 776209 640083 1178299 764946 836412 1126826 840776 999999999 939564 505474 748208 533664 1093123 653498 533695 388054 678564 999152 1048548 750574 438073 807579 756905 842769 632003 885902 775207 1172566 20936 205233 958169 974520 795928 463113 1108768 487328 1056169 168693 868205 708223 1067225 588769 1004095 882735 740612 962175 940030 866020 88061 497118 822085 668685 765566 454646 658505 831067 752715 380511 694819 884642 266114 919231 863578 642976 544589 774060 605523 290525 584250 705621 646193 733813 535210 1214280 414481 330905
598131 851836 788556 691998 522103 575956 322003 639806 491259 702842 933468 258704 474996 351900 282443 795077 427755 503230 473324 144049 239470 602659 236168 966088 181610 766406 416962 665566 354778 254579 467778 939564 999999999 438765 888778 547622 448006 311887 526207 626203 346769 708691 398723 617331 599121 878548 495128 867557 736869 731298 860431 391503 918719 841546 202942 1012046 353344 477082 303962 794269 605254 803700 479752 898612 405911 358746 455637 73336 408711 360658 681504 857471 880305 457247 516308 420839 649471 497655 450330 310243 197502 694610 252413 498388 673670 426828 77771 358129 602254 339373 548262 928324 371296 554183 468533 669059 472281 491817 585096 951919
457305 430473 450955 565270 99547 663281 400156 302220 739727 364800 652481 194008 36656 93159 386567 372753 546436 713906 368079 374354 359621 166781 210965 531790 294594 488838 696459 491332 381383 623930 434676 505474 438765 999999999 635350 224627 635136 152809 293519 212837 207017 672101 584014 449765 209164 658457 465992 669872 461132 610530 629154 686004 484910 407003 460410 830897 341066 50163 614375 438492 663735 364968 545065 623166 601672 134444 565253 389248 312735 498679 618265 676091 442083 131110 443889 245369 481218 136085 256365 360049 247453 291980 214190 485544 243851 483877 365544 242270 289659 312625 381009 506721 83848 373576 257935 473075 134627 744456 173405 536834
305387 462396 228499 260538 670017 564171 593981 338568 798058 286964 68469 676564 618172 697969 626694 465257 598702 738876 1003343 748835 657540 634607 698689 759892 849085 146820 819898 234991 551667 899081 453840 748208 888778 635350 999999999 411389 687244 633807 916755 477975 560037 386750 677028 277988 447564 68580 1100872 112441 174263 255869 48438 834392 740492 544806 747299 227368 540415 655739 825690 265433 524764 606489 1173424 47188 691517 760438 587036 886661 480191 625344 346629 143321 664320 759864 400924 477687 251028 747054 448607 589099 727446 420360 794773 453305 676767 537976 852555 871624 345710 550197 1009294 476903 622316 334599 432984 222799 505991 805572 495989 450685
265625 334808 247341 363737 274770 539069 354968 93421 683711 158742 432480 297502 211228 289009 364881 286069 463159 642117 592622 431471 366758 269673 321357 556226 460561 265504 663572 281499 316818 654078 307129 533664 547622 224627 411389 999999999 565372 246296 512951 146202 203595 492531 524866 247863 95678 434075 689509 447006 237157 406856 404561 662978 516735 359965 479065 607741 279778 250339 613103 247710 525966 365330 763455 401696 543607 349665 472245 523356 215185 440787 434333 455129 449470 352325 290713 151740 274565 345360 132324 324366 357255 172991 395182 351401 338967 388025 491612 460802 66445 265608 603304 406038 216671 183002 116584 258318 95719 689984 129643 420245
400409 891758 712082 428583 733786 161240 234980 620546 120437 656831 751470 473399 657390 599709 252999 848255 103423 79101 862740 343722 292465 781204 472623 1116960 563429 628064 134705 462716 258647 279354 270600 1093123 448006 635136 687244 565372 999999999 491059 866391 706894 429708 353656 54611 434745 658573 644881 913135 614285 607580 445984 643021 154830 1074906 925139 249095 713250 299866 685253 187905 739120 204093 927001 918883 718611 42437 651235 103465 502845 352705 136466 360830 590901 1011839 733060 311362 424511 449011 758637 435509 275117 459680 735871 583789 245499 861716 179535 479471 716187 576048 325338 921771 956087 553329 428599 449307 486643 560661 127348 678644 960104
392583 540204 493450 502202 251656 538199 257955 339653 591129 405018 666001 53375 183445 111795 238834 483712 409038 568954 420146 225081 207917 316755 76818 679528 216850 495347 544974 444383 247776 473392 325750 653498 311887 152809 633807 246296 491059 999999999 388363 314766 88908 581621 438395 396610 287566 641035 500683 642318 465399 547508 616216 533748 633239 534113 307725 800622 211267 201775 461568 493286 545503 504216 553040 632930 455428 173228 430624 278945 208155 355218 534109 641402 585153 242999 349899 165816 430788 267633 191196 217943 114895 382898 163417 375386 395642 354617 248585 269013 308167 181183 459464 616589 69725 319514 203666 435326 161863 595543 273941 640077
749613 609652 712661 858263 248151 926323 640932 578237 953566 634139 925535 394221 301728 277119 615125 559130 793160 941300 128775 542064 573946 305580 393770 557888 345416 770177 894662 784833 635461 770483 710743 533695 526207 293519 916755 512951 866391 388363 999999999 450052 471685 959247 812069 743131 470954 945738 228273 959948 744275 903646 915286 876656 514355 548543 643972 1120581 599622 262707 792942 690981 933725 474057 336525 899137 827421 216884 816235 454160 589414 734344 907332 967664 514951 162409 727923 529976 774724 169725 545411 602095 409837 524805 291215 761223 314689 742570 451955 168106 574798 569536 94177 675193 346023 666528 549172 766167 427700 956766 423767 715279
403750 225673 263298 492833 203237 685270 487372 149982 823762 191028 478792 367607 180348 303653 490906 168947 605797 784531 553186 531294 483318 156639 390053 411061 502244 335519 798535 406552 452789 769764 452930 388054 626203 212837 477975 146202 706894 314766 450052 999999999 309667 630478 664034 381176 50722 517355 656265 540051 314230 533002 484954 795472 370822 226418 595471 695399 413351 207002 738786 241069 671755 220383 745778 454756 682784 345547 616282 587140 354273 578430 571495 554661 305075 306889 436609 284113 402976 283193 271411 452891 428705 79997 424439 497594 208022 531551 559415 447959 171124 394318 544181 302273 257083 324868 258397 378717 162314 829791 41448 328175
305408 527590 441810 414515 304527 459341 195343 294014 537805 356251 597341 118448 227692 195067 187974 474030 339441 508732 508794 228266 173991 353528 139302 703733 290919 427283 500977 360055 174367 460190 239249 678564 346769 207017 560037 203595 429708 88908 471685 309667 999999999 493142 379835 311578 271030 562079 589454 560567 397293 459637 538900 494159 659161 535965 285820 717236 134204 256745 431524 448035 463322 519301 639563 563312 397911 259699 358343 330756 119628 293588 445240 557932 603266 319139 261197 82890 345865 337360 111468 155961 167675 364802 248660 289573 434279 277817 297376 357898 255530 105618 546087 601964 129628 235903 127381 353462 147684 542951 272882 620017
227184 739003 505358 152238 751576 199632 389680 491920 443561 492064 455218 597680 676187 686414 429453 714213 300728 382344 1001763 568803 477054 761215 610993 1018032 751220 392449 486242 235763 366141 618346 260217 999152 708691 672101 386750 492531 353656 581621 959247 630478 493142 999999999 366980 250030 581149 328269 1079256 288820 386693 134102 338361 508352 985274 800580 516645 361589 386300 714329 530210 543073 155191 833274 1118283 428649 374783 752238 276981 738023 373533 357962 59247 259939 911218 799831 232160 429308 233738 807920 415743 411858 621147 619186 732357 216526 831404 282014 706044 850254 460413 413368 1037897 783434 613488 309997 415122 267633 547494 450915 621587 772048
381022 854908 684952 422793 683019 189114 184494 585059 159945 625051 739296 419464 607213 546345 199747 809689 78382 130584 808201 289986 238127 732626 418307 1072716 509396 607216 147182 446922 212162 252244 241607 1048548 398723 584014 677028 524866 54611 438395 812069 664034 379835 366980 999999999 414413 616581 639205 859196 611494 584989 445328 634561 157771 1030034 884765 197540 720574 252913 634173 163231 709967 227566 883475 866453 705606 18759 597174 93143 451253 310201 86744 365339 590113 968366 679820 287638 380244 432276 706025 393460 224216 405081 696810 529179 225773 813294 148329 427003 661577 540146 276804 867166 921069 501651 399301 408303 468338 514349 165813 634331 927064
34760 498958 284369 116642 517689 347851 315994 242377 552854 249901 332995 429587 446723 485067 349093 469058 336930 498333 804587 475074 381908 517427 449116 770072 600578 193368 561103 49134 273821 623304 178820 750574 617331 449765 277988 247863 434745 396610 743131 381176 311578 250030 414413 999999999 332478 261235 892808 252371 173403 161183 244514 571694 736252 554693 469312 406091 265008 486101 553592 316649 320768 583882 949635 298092 430752 551773 331304 622459 210994 353033 190820 246991 662852 580793 127701 230800 34289 581854 206584 312382 472067 370110 559497 189594 584558 268429 588230 659005 210541 278237 828579 551045 407470 78061 197722 55925 317011 560158 374755 546252
354146 256840 244785 445375 223052 634673 442028 110708 776056 163207 454666 340939 182133 294022 447652 203042 556997 735881 566386 496701 443076 193151 364188 460788 486665 302213 752712 359755 406188 730651 402708 438073 599121 209164 447564 95678 658573 287566 470954 50722 271030 581149 616581 332478 999999999 482300 667879 502316 278520 486353 450505 750538 421071 269633 555709 659902 367417 215370 696185 229619 621034 269915 752327 428257 635340 343557 566916 564790 306417 531454 522296 515163 354301 319274 385897 237830 355404 301499 223223 408700 402459 95600 412177 447057 253149 482366 535540 450688 124016 349823 564409 331978 237091 274512 209398 332847 127520 782181 48707 353063
282928 522621 282141 216650 701764 513505 572992 371639 751961 327926 132885 680243 644602 714082 607997 521225 561494 691855 1025913 736245 642693 673366 701370 820269 852968 182116 778912 213467 532330 869951 427835 807579 878548 658457 68580 434075 644881 641035 945738 517355 562079 328269 639205 261235 482300 999999999 1121002 44224 203798 202717 33086 795220 798988 603014 725537 178050 526064 683186 792809 321087 472417 661116 1188449 115768 652624 778443 547376 882087 471150 594261 293554 75556 722499 786173 374747 479202 229739 776709 451290 572662 727513 466441 803955 420143 720947 506055 847846 889197 370948 539321 1036970 541354 636948 328479 437511 210656 525722 759482 531003 516658
891840 833303 912654 1001863 454363 1006549 715327 767642 977658 828791 1118211 481763 486827 408749 681077 780882 861000 979718 104235 569454 633117 524522 469985 780184 349847 954619 907476 938912 723668 748873 819803 756905 495128 465992 1100872 689509 913135 500683 228273 656265 589454 1079256 859196 892808 667879 1121002 999999999 1129018 926613 1047360 1092703 883816 738209 775483 667653 1289741 695981 452546 796109 895655 1023318 702023 112621 1089135 871167 343012 887340 424955 707590 795057 1033814 1132106 742618 349576 849125 664131 926464 375235 686424 681944 466883 734632 347735 866950 542025 827284 440004 233820 755243 667415 152920 900887 486645 814782 695336 925650 595659 979183 624236 940110
269434 558943 315745 189567 718565 478178 556471 391820 718777 353496 176996 679015 658233 720702 592738 554644 534528 658243 1035722 724262 629720 694853 699387 856190 851127 208575 748797 203297 517181 846993 409290 842769 867557 669872 112441 447006 614285 642318 959948 540051 560567 288820 611494 252371 502316 44224 1129018 999999999 226177 168706 70252 766186 833551 637725 707717 161059 514220 697280 767703 355453 436196 693206 1193006 159551 624185 786009 518904 874709 463304 571070 258048 31458 756948 799105 356787 478120 218958 791856 451283 559099 723716 493733 805713 396894 745833 482872 840493 896100 386336 529629 1050113 580731 643024 324823 438867 207188 535859 726286 550826 557293
208121 357480 118733 234494 498852 517490 466015 167912 726108 128142 200688 510776 444523 524527 493165 341633 508406 671734 829171 602113 516282 469797 533625 647977 682008 30033 732111 157655 422139 780297 344766 632003 736869 461132 174263 237157 607580 465399 744275 314230 397293 386693 584989 173403 278520 203798 926613 226177 999999999 260276 172039 741250 620783 427628 616442 381596 401946 482446 716830 156596 486839 474833 999837 167587 601846 586474 504119 727641 335094 518263 330858 242837 544469 586299 297451 317332 166600 574776 287690 452611 564695 269010 624191 362094 519661 437288 693956 697661 171474 405385 836320 397111 449575 195285 270358 127213 332013 733389 327226 385566
155731 617077 377692 45643 678597 310788 411267 386581 550177 375405 324069 574671 607906 641889 449879 597151 369524 489761 961688 587337 491943 675274 592044 903342 740981 262412 580618 126600 376524 686083 263627 885902 731298 610530 255869 406856 445984 547508 903646 533002 459637 134102 445328 161183 486353 202717 1047360 168706 260276 999999999 207973 598618 873287 683731 557155 283896 382845 647279 604054 416567 269940 723317 1098884 296058 457298 708749 352302 747961 346660 411454 91095 145062 797872 741430 215852 383270 132291 743012 362203 421462 610079 510046 707957 240171 739502 324392 714279 814038 362394 403992 988228 656888 564955 237133 355719 154762 478162 557691 530911 643102
269085 490547 249297 214934 670653 517226 559334 339947 752599 295186 116890 656660 614525 686648 593316 488434 556406 693090 996957 719001 626322 641126 678157 788111 829474 149499 776279 198597 517823 860650 416358 775207 860431 629154 48438 404561 643021 616216 915286 484954 538900 338361 634561 244514 450505 33086 1092703 70252 172039 207973 999999999 791493 766460 570495 712436 210646 509288 652920 785469 288403 477385 628169 1161585 93071 648631 750541 543743 861705 451999 585757 298919 99166 689937 756224 363201 456043 214915 746044 427652 556896 705259 433446 778669 412488 688141 497880 827491 861484 340714 521079 1006827 510777 609855 307647 413207 191385 497097 760120 499211 487059
538532 996951 838493 578574 785291 313128 308546 730683 110000 774812 896966 501873 713992 631519 306469 949029 236103 150180 850088 334681 326484 844988 493716 1197594 544477 764054 30476 604690 346388 159545 396677 1172566 391503 686004 834392 662978 154830 533748 876656 795472 494159 508352 157771 571694 750538 795220 883816 766186 741250 598618 791493 999999999 1153256 1020171 233581 868038 383475 735436 87748 861857 357088 1011424 870744 863335 142886 671448 247882 459104 448710 226892 514945 743680 1095942 763284 444453 512917 590015 795055 530717 342743 469765 835969 585544 383501 925421 303982 444768 714612 685574 401155 918089 1065631 602169 552613 547288 625904 638351 107881 762364 1074239
763252 279066 517809 838603 396630 1055359 849051 493915 1189965 498097 709987 678467 450874 566974 846830 279685 974999 1153171 642973 857946 830484 318145 695875 47469 755273 629682 1159202 751604 817875 1106607 823734 20936 918719 484910 740492 516735 1074906 633239 514355 370822 659161 985274 1030034 736252 421071 798988 738209 833551 620783 873287 766460 1153256 999999999 195973 938225 967247 777299 442361 1089055 478181 1040212 152857 849303 701199 1048694 567834 986429 861818 722557 943587 926097 856330 76624 476247 805812 650404 751879 433779 640676 812019 732083 366173 673886 867971 245217 901506 842701 622341 529303 755184 587158 289143 563925 690012 628616 720639 516327 1195715 396329 330589
584071 87137 322044 651237 348372 887199 711653 315952 1043671 308954 516328 585457 370382 499530 716762 86599 822580 1001446 672325 755209 709719 263517 606611 220355 700594 434983 1022169 565120 675428 995848 662456 205233 841546 407003 544806 359965 925139 534113 548543 226418 535965 800580 884765 554693 269633 603014 775483 637725 427628 683731 570495 1020171 195973 999999999 821784 771811 636965 379487 964967 282286 867887 81649 879028 506154 903513 523288 830493 795777 574738 800277 741800 660807 119550 452353 637459 507379 566959 414519 491511 678182 645107 190762 618969 702658 233888 747017 770803 606710 356412 619363 637020 129614 470495 517339 476473 533537 388375 1049949 263713 172554
443370 811044 692380 522480 558555 373335 153319 560784 313007 615601 800481 270897 490878 399743 123316 758637 226171 312150 624304 102345 112724 623845 261054 983873 319946 643880 250691 513847 196084 175181 298430 958169 202942 460410 747299 479065 249095 307725 643972 595471 285820 516645 197540 469312 555709 725537 667653 707717 616442 557155 712436 233581 938225 821784 999999999 841037 215230 508747 154774 707558 403906 802904 669876 765319 206658 437916 253883 253829 284432 160670 496253 693091 886035 530463 351139 329063 497540 563238 353971 164465 236185 647814 353393 317308 703218 236760 230659 484023 517246 218066 688977 884170 377346 421817 372696 524690 433448 315416 558520 899303
417806 688599 455245 320341 878187 561163 694135 549196 804869 505830 262812 835492 818928 881231 732221 692625 647702 743689 1196734 868022 772662 851338 855194 985504 1006663 360111 846953 357271 657833 966729 545928 974520 1012046 830897 227368 607741 713250 800622 1120581 695399 717236 361589 720574 406091 659902 178050 1289741 161059 381596 283896 210646 868038 967247 771811 841037 999999999 660070 857876 882266 492707 516621 833801 1352495 266397 730602 946734 627759 1024255 614759 693943 355316 159314 891248 959976 495902 635460 371871 952170 609432 701826 877808 643623 964004 524020 898737 607677 990198 1056614 546295 678233 1210987 698064 803459 481502 597814 365578 696918 812181 708580 668287
