NAME : synthetic_000181
TYPE : CTSP-D
DIMENSION : 100
GROUPS : 8
RELAXATION_LEVEL : 1
EDGE_WEIGHT_TYPE : EXPLICIT
EDGE_WEIGHT_FORMAT : FULL_MATRIX
EDGE_WEIGHT_SECTION
999999999 744827 852115 971517 943913 619175 934253 701167 406888 766532 890517 153983 311851 548260 959985 541538 441928 297809 235146 168643 602934 167751 928313 153285 552522 482734 869367 407361 244806 651472 655195 651141 904162 638178 785006 485079 883350 172567 632973 505367 275623 407133 474033 752126 77311 113839 826616 596098 987198 439145 637898 429230 478640 103987 717565 281318 578464 764468 692232 429843 214487 424227 861790 285316 835317 403120 865245 843655 333150 336606 311443 180062 641529 777877 495942 238615 386548 963029 154500 460079 518585 308193 637725 423235 603189 900625 737045 342963 320464 835677 836345 888635 447955 79581 532277 470670 304094 872990 722972 512990
744827 999999999 866453 490347 688311 850645 611533 158585 504288 785193 842036 597656 774084 715110 426170 1070598 444466 894563 681251 583586 367562 624921 807759 690148 814034 923434 780100 337521 511579 960426 342948 725492 351918 845353 881760 749203 354835 707720 850334 284979 829369 654757 959562 47076 671593 631191 396937 842541 242537 315224 287874 315614 266188 657255 243912 809293 893195 383223 657735 338613 763988 330565 584947 555919 710761 472950 476729 395561 882368 690750 701821 817698 140079 807911 446768 738994 358640 459461 603465 476175 936481 465750 198483 352670 149733 260568 270837 522036 574437 487559 287725 150684 452840 768031 395360 946783 539663 383674 26841 391532
852115 866453 999999999 570430 310594 272913 387748 978552 515868 93863 73194 762425 564225 303866 630750 618567 1014629 676984 616969 840416 508329 910002 157038 698926 326285 495682 123378 771464 844157 341062 523767 205016 649348 246981 98175 373625 623753 680613 256536 661592 637737 446949 546918 910954 846217 817219 528419 294086 991013 719656 580839 775275 783125 868668 628528 616626 355370 505586 217225 870407 657481 716472 347670 607566 180486 1004143 472422 543100 623393 1109117 542261 729226 906080 76396 488271 623337 786438 595687 748795 490714 468388 674649 964319 668165 854039 751211 608084 991576 557914 436679 651918 898985 1027640 791602 512694 535684 597743 581838 842948 528835
971517 490347 570430 999999999 278778 711144 189291 647034 575449 530884 512964 823221 826873 613939 76493 1045009 862158 970994 792705 859720 368606 925543 443014 848546 714319 888196 449584 646058 813972 824279 317806 549337 140898 692032 635671 691327 135662 849744 701424 501409 906923 660302 939582 535108 920871 877955 145668 717295 490929 587350 348178 632996 603031 923960 296602 881521 788876 207079 448539 714230 874537 596943 224689 692385 390974 875838 122255 130505 933412 1067468 761198 950731 604970 549810 480965 837392 672113 34710 818958 520808 881176 670333 672551 572627 577391 253707 266335 901665 671791 163000 203869 433060 873860 953246 439452 925375 672362 115067 480432 458527
943913 688311 310594 278778 999999999 514693 90258 829843 541634 299509 244364 815793 720623 460306 349665 871191 964383 858466 725809 875495 407166 946907 166978 798779 539993 724598 187592 720570 851805 615191 386995 364560 389766 490833 392505 546057 369664 790479 501221 579278 802891 560545 778370 735384 912651 874150 294775 527887 750527 659924 443858 715369 703114 925502 448207 777990 600585 307333 276119 810153 793614 663557 106966 661297 151460 966591 217440 301147 811305 1123214 670399 872179 769876 312519 465874 755332 742978 309567 806531 492970 707701 683084 836245 623327 727547 504266 418809 974430 623462 200770 419339 675099 977272 903988 454223 764935 644251 328544 670435 475954
619175 850645 272913 711144 514693 999999999 563329 924497 381409 223117 335983 561660 311871 136230 750762 358126 872479 408480 391151 646178 489895 709408 406827 471138 66794 223481 351510 653122 670160 116356 530885 161817 742149 26129 182236 142383 714265 447727 16425 588013 376380 250710 275739 888312 629659 609206 616644 23501 1030135 616323 572806 664101 688212 657076 648365 358051 86845 569381 262690 748549 410027 607760 497961 426777 363645 852622 591952 635670 354184 913576 311881 474258 846983 219166 407270 381028 659905 726144 546133 386213 198817 520479 892542 560642 791535 818024 639992 825092 376731 550574 716544 926441 884701 549813 455589 263899 424897 678077 824241 461628
934253 611533 387748 189291 90258 563329 999999999 757787 527485 361176 326333 798063 736004 489631 259422 913749 914752 877675 727029 851013 363772 921400 253919 795029 579525 761988 264870 676067 820142 670381 333340 405054 300938 541235 461490 573749 281952 789909 551323 530924 818436 570768 815305 658522 896293 855942 214681 573650 662122 614903 385995 668510 651051 906108 376896 793075 646767 238894 307395 760763 800711 620347 74564 649015 213496 920273 135028 218134 833608 1088475 679359 879290 701662 377504 442723 762358 699894 219488 790320 475211 748876 656769 768955 584000 662543 416275 346153 933450 616360 129500 335143 589398 927408 901244 420683 801452 630622 241734 595231 442476
701167 158585 978552 647034 829843 924497 757787 999999999 552082 891856 962459 568856 794622 788612 584318 1098799 328167 898106 689544 532810 470228 557857 936892 679436 879220 962220 903440 316846 456701 1027196 460605 817710 509782 923283 981403 807304 511373 701709 926766 336487 836943 702703 991475 119651 624270 588983 545007 912976 340185 324285 401311 296772 254345 603322 381783 820246 954551 522514 763391 271366 764798 337262 724160 570554 835462 363699 624385 545921 895493 581058 726738 805909 77743 914168 518763 746453 328440 616812 578441 538495 980726 467399 66891 376264 133207 418395 411876 422381 601248 630555 443418 281414 333470 739704 476836 979862 558346 537946 166662 466400
406888 504288 515868 575449 541634 381409 527485 552082 999999999 422164 533073 274274 281793 250845 575516 567636 503805 418492 219812 338872 215772 410614 551171 273608 329873 419163 496345 272580 330497 477199 271976 315934 531163 385070 481519 255633 506627 274383 386537 221559 351412 151763 455995 534678 371074 332648 434431 366883 719114 235474 277658 282787 307838 384248 366182 327627 403003 371513 315529 369723 304851 226432 455453 121572 449321 490123 463056 453040 393847 600519 208485 378040 474418 440115 94958 270027 281549 571651 264913 54716 433212 158979 514625 179926 419183 559443 375036 475720 96838 431123 474193 611978 516592 379215 145300 442989 103234 487704 477510 133510
766532 785193 93863 530884 299509 223117 361176 891856 422164 999999999 125541 671739 488019 220111 583816 580823 920874 609461 531789 748674 422251 818679 185171 613271 263342 443992 128467 678109 750937 316301 442459 115488 593003 197618 106520 297143 566241 596362 208069 570703 564953 359637 497181 828790 757343 727189 468285 240222 922622 626868 497790 682253 691144 778909 551789 542528 309906 437404 128506 777112 577934 623389 306734 515810 149240 910282 422129 484735 557249 1016835 459377 652010 818351 22759 395367 542476 692833 552299 658421 396963 421575 581024 875311 574970 765601 688172 533764 897884 466653 383174 586896 827046 933877 708858 421866 484739 505407 525497 760987 437296
890517 842036 73194 512964 244364 335983 326333 962459 533073 125541 999999999 791228 613381 345505 576986 687359 1022396 732875 656213 866030 494928 936763 84378 737377 383881 559449 65536 776279 863555 411794 502648 239732 601751 309854 169735 422349 577277 721059 319890 657022 689795 483384 611622 887610 878952 847507 485189 355752 951272 721540 561447 778034 781270 899490 600112 667612 420793 469786 219579 874367 703461 719900 295092 633842 134132 1014771 422842 498253 680103 1132364 584577 777513 892357 119907 492825 667925 793219 540129 778407 501339 533923 691674 953134 672560 842082 708031 577112 1006804 585847 390075 611283 863173 1035489 833913 509542 599879 622106 534950 819674 527593
153983 597656 762425 823221 815793 561660 798063 568856 274274 671739 791228 999999999 292065 464081 808706 579334 358194 347961 180441 85471 455088 148880 818745 125495 496106 480316 761744 261287 135015 619728 505696 557455 751474 575904 708177 419609 731165 153520 572953 351406 298220 319881 488804 608416 98567 58375 677759 540383 839142 287212 485465 283249 332476 110219 564017 290280 541681 616278 580827 302425 221216 272065 727449 158434 719898 326183 720496 694260 361786 352386 255403 241789 503551 686249 355528 220334 243477 813278 16170 323650 511189 155038 508877 269260 460821 746653 584053 280886 205389 693071 682979 738777 367631 171817 386027 481235 173011 722219 574814 365766
311851 774084 564225 826873 720623 311871 736004 794622 281793 488019 613381 292065 999999999 270803 839405 304791 644313 144129 114626 375804 490523 427288 665723 175798 246481 188323 605754 481169 422475 340538 546244 377880 803156 333048 486505 191157 777218 148118 326672 489607 82500 167208 202199 799163 335532 325620 695302 288425 997713 471914 558543 499538 540289 366497 647060 57373 266632 634052 446488 557152 98608 458120 661604 224074 587857 615252 706820 714881 112141 627960 73490 165045 719744 494774 368709 75799 475882 829162 276000 327897 219405 328562 745094 424634 667455 839905 653946 572817 199689 669106 751362 890821 654737 238988 423934 192754 237186 753167 747781 414600
548260 715110 303866 613939 460306 136230 489631 788612 250845 220111 345505 464081 270803 999999999 644494 431096 750705 401025 313120 545236 357474 612832 394929 395060 105893 274993 334953 523396 558790 246192 401597 107214 627360 135441 244237 85794 599556 377030 138256 452145 350451 144658 327402 752372 544012 516991 504600 127599 899455 483552 440147 533077 554837 567742 518640 326848 186485 452063 184618 620448 358172 475762 417802 315307 320049 733769 491956 524226 351997 815012 239372 433170 711180 229926 271040 322426 532084 624437 449689 250852 267444 398982 757677 427948 655770 694815 512681 711721 264327 450944 594765 794755 763249 488941 319804 313333 309327 566240 688626 325444
959985 426170 630750 76493 349665 750762 259422 584318 575516 583816 576986 808706 839405 644494 999999999 1073548 817329 982898 795157 838164 361340 901391 510823 845146 747798 915653 512435 613011 787235 865754 306425 589964 75032 733330 689898 717495 82452 848928 742266 472675 917424 675152 965657 469538 904825 861422 144237 754848 414483 556686 324299 598084 563918 905208 257726 892307 824852 205597 490502 673552 879212 567672 283141 687564 450277 833841 161956 124552 948531 1032387 770904 953497 547575 603873 480656 843074 639393 41957 805901 521806 911547 653993 614360 548845 524652 179856 230819 864073 672331 202245 148184 358960 828568 947913 433321 951417 667322 87904 418688 450297
541538 1070598 618567 1045009 871191 358126 913749 1098799 567636 580823 687359 579334 304791 431096 1073548 999999999 937466 243829 415515 656425 755129 693429 762659 454011 334311 158157 708856 785959 714096 280038 807347 509080 1051064 383271 520853 356327 1023616 425815 372804 785798 281418 422197 112204 1098388 593627 598348 931619 343428 1285535 775216 831937 804272 844481 626854 918421 289809 271356 875713 606712 860451 358208 761760 844546 528441 720897 905246 922955 951429 217799 878129 372348 362137 1023415 575101 640786 363057 780398 1054949 564224 603802 164974 633350 1049856 726139 970503 1106315 919441 856254 499303 882009 1010446 1178413 946965 462785 697345 125875 540516 992826 1043953 692984
441928 444466 1014629 862158 964383 872479 914752 328167 503805 920874 1022396 358194 644313 750705 817329 937466 999999999 704231 529748 286199 557361 276030 1023919 483666 812432 831682 976005 247469 223391 950776 581437 819012 744443 880609 985300 733347 735483 511683 880365 385190 656409 622295 844720 426254 367889 347755 728733 854402 665240 306066 530282 249629 264055 338073 565601 648025 872190 682494 803287 154283 579410 304868 859612 448711 917523 40972 798058 737811 719980 252892 594634 592217 305501 940190 529585 576429 229195 839233 373243 523917 859874 352322 262819 350577 303106 685219 596260 105920 496957 787610 669505 591944 13112 503051 519333 836345 448170 747193 434951 499155
297809 894563 676984 970994 858466 408480 877675 898106 418492 609461 732875 347961 144129 401025 982898 243829 704231 999999999 213321 419252 631224 451295 792026 223995 350706 211366 732554 581266 482455 398449 687271 505650 945271 433124 590463 316138 919619 198444 424705 613796 67145 311163 186149 915657 351106 359254 838909 385663 1124857 583339 696120 601594 646601 384328 784610 91152 340251 777399 582685 643458 133317 568556 803485 338859 721055 669979 850928 858431 54518 634347 212585 118377 826339 612977 508876 155652 570881 973119 334114 467574 248660 433101 843326 541900 776854 977912 793215 617866 328248 813120 891666 1018703 712925 218957 562966 186754 355944 896380 868894 551999
235146 681251 616969 792705 725809 391151 727029 689544 219812 531789 656213 180441 114626 313120 795157 415515 529748 213321 999999999 265525 435448 322331 696961 82102 324479 302212 637507 373485 308349 440683 491572 416561 750665 408150 551116 252562 726331 65630 403880 401025 148616 173431 316269 702747 238527 220576 653418 368791 912143 371019 492809 392905 436179 266522 580520 130709 363266 590612 463638 444942 86507 356455 652826 125656 607622 501025 677342 672243 205971 525875 79272 158376 616252 542822 314514 57804 366003 790335 164271 273381 331750 222272 637424 328601 565608 773488 592066 459975 123395 642955 692060 806280 540232 180018 364340 307207 143330 707403 655573 350406
168643 583586 840416 859720 875495 646178 851013 532810 338872 748674 866030 85471 375804 545236 838164 656425 286199 419252 265525 999999999 496490 71771 889249 204036 580903 563650 833421 249165 76182 705195 542788 635488 776278 659906 789461 503926 758149 232778 657202 368058 375181 401976 569779 587802 91489 61844 714219 625108 826033 291006 514188 270313 318882 73739 585615 369791 627150 654706 652140 261446 299051 277368 782656 232883 788134 250868 763798 729402 438706 269777 340874 306057 474673 764054 410060 302550 225789 846720 101546 383253 595193 194310 469124 289375 438726 758705 608894 199896 282678 739601 704719 730321 294287 218666 431770 562827 243929 753739 563036 410355
602934 367562 508329 368606 407166 489895 363772 470228 215772 422251 494928 455088 490523 357474 361340 755129 557361 631224 435448 496490 999999999 564862 478779 483833 461351 598839 438812 313843 458907 603306 56254 358015 315422 482108 515407 407117 290884 487776 487910 172770 564536 335592 643280 409210 553129 510549 223824 484480 542228 252951 82914 308204 298088 557772 163952 540072 542192 161536 293769 403238 520615 257304 303419 326341 373513 559598 267312 241305 602203 725108 418887 593437 398173 444729 122415 485524 336927 360793 450468 163868 603903 303858 458214 220312 347209 352087 164909 570003 312131 244455 260847 437283 570285 587027 71986 629374 306119 273450 342219 89980
167751 624921 910002 925543 946907 709408 921400 557857 410614 818679 936763 148880 427288 612832 901391 693429 276030 451295 322331 71771 564862 999999999 960782 251646 643466 612676 904791 299726 117046 762869 609735 704990 837762 724190 856989 567715 820614 279908 721014 429160 415277 468744 613835 624452 100293 101984 780370 687828 865990 348161 578477 319435 365761 67228 646624 413630 685595 721667 723512 290631 342114 335624 853497 303034 859838 236434 831963 795060 477658 204189 400211 333795 506748 833704 481251 352023 274371 911467 163791 454923 645823 264726 492029 353205 476693 814238 671123 175280 352110 808673 765152 774053 281316 236628 501434 608100 314881 818010 606153 479865
928313 807759 157038 443014 166978 406827 253919 936892 551171 185171 84378 818745 665723 394929 510823 762659 1023919 792026 696961 889249 478779 960782 999999999 776403 448374 628913 60004 776462 879649 490575 477094 287891 542622 380933 251138 476953 519750 762508 391272 647924 744772 523694 681933 854218 910272 876246 432983 424867 898747 718995 536651 775829 773707 928456 563882 721533 493165 427125 237959 872602 751368 719157 236007 660312 106462 1019644 363906 443817 740535 1151191 629630 827513 870034 187802 497614 714575 795480 472183 806968 512794 605642 706869 933284 673578 822227 653102 538199 1017040 614913 335777 560320 815609 1037025 876608 505021 669629 646598 477459 786910 524837
153285 690148 698926 848546 798779 471138 795029 679436 273608 613271 737377 125495 175798 395060 845146 454011 483666 223995 82102 204036 483833 251646 776403 999999999 404349 361410 717206 363929 260495 514098 538903 497907 795737 488882 633082 334003 772721 28762 484276 421038 172749 254036 365765 706571 160761 150374 706219 448470 927415 374965 532062 385106 432263 190973 617422 165829 438088 643302 541448 420213 95804 359660 721436 157711 685105 451249 736633 724387 236344 452363 160058 127833 609991 624602 367600 100377 351009 843589 110819 328310 394221 224757 622543 341950 562993 807996 632410 403647 179274 704222 732955 823547 493020 106283 411847 358973 177969 757272 665604 395135
552522 814034 326285 714319 539993 66794 579525 879220 329873 263342 383881 496106 246481 105893 747798 334311 812432 350706 324479 580903 461351 643466 448374 404349 999999999 184679 390445 598701 606945 147984 506780 175708 732557 86568 241806 79121 704716 380955 80552 543639 314004 190353 238469 849788 563004 542982 609118 44391 1003578 565276 543623 610851 637703 590585 623512 294534 80929 557486 272402 692489 344199 555808 510286 364786 391892 791381 592966 628642 297148 847655 245209 410050 801493 264221 367426 314578 603944 726353 480475 341645 169366 461535 844150 509788 746014 800691 618202 762084 315553 551677 700650 898383 824484 483644 419242 225187 364263 670805 787362 422602
482734 923434 495682 888196 724598 223481 761988 962220 419163 443992 559449 480316 188323 274993 915653 158157 831682 211366 302212 563650 598839 612676 628913 361410 184679 999999999 572245 655865 610530 188246 650378 360108 892926 249610 401883 198233 865468 332894 239655 640070 207885 269617 53790 953457 517732 511779 773534 204158 1133022 638056 676797 672558 709284 549792 762536 201959 141268 717558 454643 737964 272209 625540 691419 398034 576489 803236 766016 793351 159605 810421 240980 309398 885564 441918 486782 261369 653674 897521 464276 451250 37411 504514 917206 586331 831453 949258 762657 761125 361521 725235 852825 1026065 842297 404290 543090 40770 406857 834705 896645 540049
869367 780100 123378 449584 187592 351510 264870 903440 496345 128467 65536 761744 605754 334953 512435 708856 976005 732554 637507 833421 438812 904791 60004 717206 390445 572245 999999999 728867 825981 440513 442901 227968 536284 325895 207283 417203 511757 703012 336323 604574 684911 464154 625528 825967 852486 819005 419737 368658 885948 672557 502129 729323 729793 871199 537359 661616 438239 405414 181282 826018 691408 671890 229970 603385 69674 970297 357459 432728 681279 1096843 569772 767513 834486 134470 447409 654658 746998 476068 749711 460074 550041 653283 896302 625439 785133 642527 513678 965570 557321 324539 545982 798379 989116 817028 459000 613007 590148 469436 758155 478043
407361 337521 771464 646058 720570 653122 676067 316846 272580 678109 776279 261287 481169 523396 613011 785959 247469 581266 373485 249165 313843 299726 776462 363929 598701 655865 728867 999999999 182714 743951 344482 580798 545571 657542 748549 521533 530883 385345 658791 146797 520281 410971 680983 347136 334864 293866 504734 637613 579837 61169 300106 21983 71399 322750 355360 504049 667307 451988 557857 99081 447964 57520 617261 258473 670058 246123 567254 516782 579405 421459 416218 491284 246069 698136 283831 429998 26432 627860 268364 282685 677766 152623 264107 103726 200154 514938 382659 258466 295710 551937 471382 482010 260572 432801 271959 670061 249058 533800 315660 251688
244806 511579 844157 813972 851805 670160 820142 456701 330497 750937 863555 135015 422475 558790 787235 714096 223391 482455 308349 76182 458907 117046 879649 260495 606945 610530 825981 182714 999999999 739103 500663 640956 722497 681376 801183 528246 705985 288367 679789 314560 433173 420410 621858 513930 167667 135098 669505 650377 753616 231947 465947 202620 249583 147540 531329 424642 660420 612190 645732 185362 356144 219940 754657 244271 775932 192791 724421 683509 496700 272416 377166 373312 399417 767922 387437 353331 157527 798678 149883 367126 639879 172782 392942 241776 365084 697231 556553 155199 295159 703353 649412 659661 233128 291396 399717 613759 249544 704877 491892 377868
651472 960426 341062 824279 615191 116356 670381 1027196 477199 316301 411794 619728 340538 246192 865754 280038 950776 398449 440683 705195 603306 762869 490575 514098 147984 188246 440513 743951 739103 999999999 645780 275816 858293 132467 242891 222527 830418 487524 123514 691589 385078 333183 228557 996823 674815 660948 732633 118827 1144700 712317 686106 756808 784850 704880 763195 373069 78721 685724 376014 836220 436989 702505 607776 502144 463912 927530 706121 751576 345239 965813 364375 487700 949465 306290 514410 415881 747983 840279 603654 489520 152153 602982 991755 656971 893989 934259 755535 894004 455053 664828 832848 1040459 962497 576024 565131 221207 504071 793982 933836 569442
655195 342948 523767 317806 386995 530885 333340 460605 271976 442459 502648 505696 546244 401597 306425 807347 581437 687271 491572 542788 56254 609735 477094 538903 506780 650378 442901 344482 500663 645780 999999999 390526 259190 521174 540632 456467 234795 543398 527651 198179 620641 389679 695797 387191 603140 560170 172170 527177 499308 283439 59557 335769 317972 606235 117481 596123 587698 111949 315659 427423 576828 290252 280493 381240 374873 587240 224261 188594 657764 762396 474844 649464 392945 465201 178600 541776 369110 307847 501852 220080 654015 352528 456648 259147 345888 298968 112423 602848 368215 207504 205458 396448 594116 641490 127509 681804 360988 218687 319197 143877
651141 725492 205016 549337 364560 161817 405054 817710 315934 115488 239732 557455 377880 107214 589964 509080 819012 505650 416561 635488 358015 704990 287891 497907 175708 360108 227968 580798 640956 275816 390526 999999999 584415 143368 167972 189635 556621 481334 152404 486529 456974 244160 413859 766500 642126 612463 458259 169361 887172 533459 439357 587103 601189 664045 506676 433649 242220 414402 100897 679744 465074 528271 337577 402699 218275 806050 430434 476913 455247 904421 345083 540355 741915 128797 304501 428980 593365 564624 543902 298217 344509 473395 794679 479510 687545 665916 494380 790233 352917 389100 563763 786205 831885 594237 340962 400387 393297 519270 699964 352840
904162 351918 649348 140898 389766 742149 300938 509782 531163 593003 601751 751474 803156 627360 75032 1051064 744443 945271 750665 776278 315422 837762 542622 795737 732557 892926 536284 545571 722497 858293 259190 584415 999999999 726771 699488 695074 27895 801495 735106 408674 878921 642410 941263 395820 846173 802617 126374 743915 361232 490852 266297 529765 493757 844821 191177 854193 811605 175597 488289 602379 836014 502558 307563 638129 470202 761878 179182 108580 913922 962919 732686 908367 472552 614240 437521 800924 572002 108211 749678 479027 891794 596437 539331 487213 450131 116405 167711 793778 627277 212686 75200 294349 755528 896560 386349 927070 617893 67647 343880 401264
638178 845353 246981 692032 490833 26129 541235 923283 385070 197618 309854 575904 333048 135441 733330 383271 880609 433124 408150 659906 482108 724190 380933 488882 86568 249610 325895 657542 681376 132467 521174 143368 726771 999999999 157339 156559 698923 466162 10473 586962 399510 260988 301847 883839 646354 624648 600864 47535 1020403 618783 564956 667768 690206 673170 638575 380597 112353 555152 243610 753880 430714 610770 476911 437314 339555 861779 573665 619689 378949 928209 329028 496413 845979 193201 404827 400711 665314 707833 560565 386172 224768 528293 893031 563141 790630 805127 629061 835943 386771 532366 703318 917418 892959 569982 451278 290026 434306 662082 819109 458496
785006 881760 98175 635671 392505 182236 461490 981403 481519 106520 169735 708177 486505 244237 689898 520853 985300 590463 551116 789461 515407 856989 251138 633082 241806 401883 207283 748549 801183 242891 540632 167972 699488 157339 999999999 300209 672683 612454 165894 653026 555810 388366 452089 924337 786180 760522 574612 204816 1026664 701423 593901 755043 768943 810853 652691 536142 260738 542413 225285 847418 582684 696227 411049 558847 248016 971153 528378 591173 536268 1059239 473575 651070 906397 86046 471971 550623 760710 657850 693659 466103 373083 637009 960644 647466 852533 793876 636096 952705 507995 489610 692331 929788 998103 720161 505940 441338 551760 631999 856948 519012
485079 749203 373625 691327 546057 142383 573749 807304 255633 297143 422349 419609 191157 85794 717495 356327 733347 316138 252562 503926 407117 567715 476953 334003 79121 198233 417203 521533 528246 222527 456467 189635 695074 156559 300209 999999999 667545 312524 153344 473514 268082 111564 248450 783213 490210 468090 575303 122130 947201 490129 487561 534282 562718 516727 570980 245404 147370 519584 270188 614478 284044 480116 501221 285705 405399 712270 569073 595119 266448 771794 173980 355857 729579 303617 303324 250796 526049 699842 404185 273386 197806 382720 770150 434947 674210 754439 568871 683320 236438 528588 656690 840977 745384 420145 357720 234219 285179 636500 722400 358388
883350 354835 623753 135662 369664 714265 281952 511373 506627 566241 577277 731165 777218 599556 82452 1023616 735483 919619 726331 758149 290884 820614 519750 772721 704716 865468 511757 530883 705985 830418 234795 556621 27895 698923 672683 667545 999999999 777929 707245 391538 853401 615871 913942 399872 826510 783006 98806 716020 380967 474970 245720 515782 481468 825960 175524 828594 783732 147976 460687 591174 811425 486198 284045 615025 445122 751611 155845 81511 887769 949976 707048 884258 470325 587587 412588 776089 557284 106454 728959 454074 864151 576173 537690 468794 444891 134611 149493 781622 602996 187444 68610 308731 746810 874180 362252 899743 594771 42384 344782 377764
172567 707720 680613 849744 790479 447727 789909 701709 274383 596362 721059 153520 148118 377030 848928 425815 511683 198444 65630 232778 487776 279908 762508 28762 380955 332894 703012 385345 288367 487524 543398 481334 801495 466162 612454 312524 777929 999999999 461214 434738 144858 238866 337010 725521 187506 178915 708664 424845 943437 393057 539654 406198 452593 218388 626043 137179 412054 645722 529244 445016 67825 377873 715919 164525 673214 479568 736115 727137 208337 479848 138944 111162 631290 606941 369212 72375 373600 845954 138496 328951 365923 242040 645771 357247 583337 817726 639791 432329 178008 702701 740266 838888 521151 114406 415926 330213 184495 761029 682827 400241
632973 850334 256536 701424 501221 16425 551323 926766 386537 208069 319890 572953 326672 138256 742266 372804 880365 424705 403880 657202 487910 721014 391272 484276 80552 239655 336323 658791 679789 123514 527651 152404 735106 10473 165894 153344 707245 461214 999999999 590333 392057 259635 291746 888527 642275 621155 609307 39179 1026948 620805 570801 669321 692424 669379 645102 373480 101949 563114 252914 754777 424619 612573 486767 435962 349966 861099 582826 628194 370442 925120 324658 489532 849375 203511 408662 395127 666165 717011 557525 389087 214495 528124 895861 565135 793981 812698 635970 834533 385611 541500 710984 923715 892662 564176 455824 280005 433435 670596 824029 462610
505367 284979 661592 501409 579278 588013 530924 336487 221559 570703 657022 351406 489607 452145 472675 785798 385190 613796 401025 368058 172770 429160 647924 421038 543639 640070 604574 146797 314560 691589 198179 486529 408674 586962 653026 473514 391538 434738 590333 999999999 547694 373243 675017 313388 441856 398361 358753 576662 511128 86384 153849 137632 125908 437869 217672 526705 620163 305222 444424 230914 485888 95562 474441 275475 541766 389352 420458 371451 598818 567319 417045 545896 259041 592193 183367 458281 172066 484759 352432 202211 654758 200170 308320 82180 203668 395264 242055 405233 289934 405666 336670 405337 398043 511017 148910 662373 257869 390772 258470 134063
275623 829369 637737 906923 802891 376380 818436 836943 351412 564953 689795 298220 82500 350451 917424 281418 656409 67145 148616 375181 564536 415277 744772 172749 314004 207885 684911 520281 433173 385078 620641 456974 878921 399510 555810 268082 853401 144858 392057 547694 999999999 248833 199665 851309 316912 317900 773604 352968 1058585 519612 629014 540172 584236 349844 717493 25507 318303 711846 528330 586621 77039 505009 744013 273451 669035 623874 787442 793054 63629 607460 146535 102688 764253 570405 442142 90896 511224 908350 283333 400781 244419 370317 783527 476868 713991 910804 726233 575071 261229 750126 824821 952291 665763 196665 496018 195399 290032 830671 803558 484909
407133 654757 446949 660302 560545 250710 570768 702703 151763 359637 483384 319881 167208 144658 675152 422197 622295 311163 173431 401976 335592 468744 523694 254036 190353 269617 464154 410971 420410 333183 389679 244160 642410 260988 388366 111564 615871 238866 259635 373243 248833 999999999 309993 686065 399588 372357 530916 232132 863832 382121 410274 424361 454702 423089 497494 223335 256346 470594 292193 503146 233199 371403 496228 176347 436134 601943 539863 550636 273565 671577 109857 311667 625184 371768 218675 195043 414825 663455 305296 181843 281809 271198 662948 327620 570147 687674 500501 574968 126033 501957 594895 756788 634415 352917 275277 296430 174275 589816 627931 270913
474033 959562 546918 939582 778370 275739 815305 991475 455995 497181 611622 488804 202199 327402 965657 112204 844720 186149 316269 569779 643280 613835 681933 365765 238469 53790 625528 680983 621858 228557 695797 413859 941263 301847 452089 248450 913942 337010 291746 675017 199665 309993 999999999 988021 516240 514821 822995 257067 1173433 667327 719808 698635 737463 549020 806416 200454 191578 766218 508041 759082 271915 654213 744486 422565 630266 814456 817343 842839 141318 807119 265042 295628 915527 494659 528589 268616 676900 948292 473091 491624 79291 528533 944133 617199 862111 994747 807757 769116 390534 776719 899383 1066323 854838 394543 585155 14241 433408 883939 932869 580798
752126 47076 910954 535108 735384 888312 658522 119651 534678 828790 887610 608416 799163 752372 469538 1098388 426254 915657 702747 587802 409210 624452 854218 706571 849788 953457 825967 347136 513930 996823 387191 766500 395820 883839 924337 783213 399872 725521 888527 313388 851309 686065 988021 999999999 677425 638290 443893 879480 243247 332735 331012 325188 276152 661018 290530 832042 928299 430157 700969 334534 783887 347785 631961 578293 756727 457476 523676 442307 905921 676376 727708 834400 122199 851474 482434 760548 365988 503749 615345 509828 967819 483790 169542 375002 149099 299856 317759 510261 600097 534634 333337 166872 433596 779895 432749 975494 562970 429644 68031 427385
77311 671593 846217 920871 912651 629659 896293 624270 371074 757343 878952 98567 335532 544012 904825 593627 367889 351106 238527 91489 553129 100293 910272 160761 563004 517732 852486 334864 167667 674815 603140 642126 846173 646354 786180 490210 826510 187506 642275 441856 316912 399588 516240 677425 999999999 43586 775297 607317 914124 370814 580872 356524 405723 33236 657290 316884 598833 714084 672428 352905 245698 356306 825401 252204 813177 329965 818916 791569 378660 292847 317795 233502 565515 770604 453940 259734 312955 910343 106201 421458 551829 250993 560606 360455 528344 836348 678494 272067 295403 791629 776540 816867 374574 137066 484426 511075 268507 818770 650326 464037
113839 631191 817219 877955 874150 609206 855942 588983 332648 727189 847507 58375 325620 516991 861422 598348 347755 359254 220576 61844 510549 101984 876246 150374 542982 511779 819005 293866 135098 660948 560170 612463 802617 624648 760522 468090 783006 178915 621155 398361 317900 372357 514821 638290 43586 999999999 732339 587372 873634 328051 537398 315676 365041 52210 613705 314369 583782 671289 638290 318101 242974 313425 785533 216154 777832 311874 776749 748505 381085 305334 298866 244863 528154 741224 413267 250643 272759 867175 69294 381863 544517 207786 526324 316897 489371 793001 634932 258627 261912 749937 732954 775589 355615 157002 442306 508549 231207 775464 609525 421734
826616 396937 528419 145668 294775 616644 214681 545007 434431 468285 485189 677759 695302 504600 144237 931619 728733 838909 653418 714219 223824 780370 432983 706219 609118 773534 419737 504734 669505 732633 172170 458259 126374 600864 574612 575303 98806 708664 609307 358753 773604 530916 822995 443893 775297 732339 999999999 618997 466537 445081 204907 492878 466265 778293 168589 748432 687491 62946 361918 577875 736766 453967 197981 549269 351695 739714 79796 19857 804303 925987 627131 811782 492322 489829 339493 700287 530480 137370 673690 380186 770659 524683 560135 427845 457198 223081 136917 762086 531216 97346 127344 383220 740839 810205 295285 808762 529128 61691 381116 313797
596098 842541 294086 717295 527887 23501 573650 912976 366883 240222 355752 540383 288425 127599 754848 343428 854402 385663 368791 625108 484480 687828 424867 448470 44391 204158 368658 637613 650377 118827 527177 169361 743915 47535 204816 122130 716020 424845 39179 576662 352968 232132 257067 879480 607317 587372 618997 999999999 1025943 602251 567287 649111 674411 634958 644542 334567 73137 570128 269893 732341 386632 593298 506895 407590 377471 833933 597225 638221 331452 892017 289529 450759 835344 237766 397428 357831 643710 731299 524776 374493 181616 502841 879719 546612 779858 817095 637282 805444 357924 555814 716047 921638 866540 526488 447184 244819 406391 680593 816018 452210
987198 242537 991013 490929 750527 1030135 662122 340185 719114 922622 951272 839142 997713 899455 414483 1285535 665240 1124857 912143 826033 542228 865990 898747 927415 1003578 1133022 885948 579837 753616 1144700 499308 887172 361232 1020403 1026664 947201 380967 943437 1026948 511128 1058585 863832 1173433 243247 914124 873634 466537 1025943 999999999 554118 460170 557977 508594 899666 381847 1037210 1084406 485888 803233 577143 996742 569502 662799 786549 817358 698302 535855 454941 1108324 917184 924403 1054221 365001 945044 646441 969398 601170 456253 844413 681989 1141695 702699 402956 586210 389300 246396 392854 752745 799014 563200 339994 107152 671584 1008680 590505 1160046 768982 422611 264383 592997
439145 315224 719656 587350 659924 616323 614903 324285 235474 626868 721540 287212 471914 483552 556686 775216 306066 583339 371019 291006 252951 348161 718995 374965 565276 638056 672557 61169 231947 712317 283439 533459 490852 618783 701423 490129 474970 393057 620805 86384 519612 382121 667327 332735 370814 328051 445081 602251 554118 999999999 240199 56834 72617 363064 299800 501147 637275 391484 504359 153609 451227 15388 556329 248285 612533 306678 506549 457600 575750 480943 402896 502612 248242 647421 231507 428724 85797 570068 291211 236128 657194 151099 280935 55682 195546 467706 325885 319412 276967 490846 417513 452214 319114 454848 213976 655635 234835 475999 290930 194516
637898 287874 580839 348178 443858 572806 385995 401311 277658 497790 561447 485465 558543 440147 324299 831937 530282 696120 492809 514188 82914 578477 536651 532062 543623 676797 502129 300106 465947 686106 59557 439357 266297 564956 593901 487561 245720 539654 570801 153849 629014 410274 719808 331012 580872 537398 204907 567287 460170 240199 999999999 289017 266236 580909 88550 605285 624375 152762 369994 377208 579167 249109 336986 375252 434286 538421 268499 217892 670679 721137 485632 648521 333388 520467 191917 545970 325710 332999 483434 231292 683362 330458 397206 225290 286573 281792 100370 558050 370223 257660 200902 354765 542762 631323 135431 706062 355182 239613 263290 144163
429230 315614 775275 632996 715369 664101 668510 296772 282787 682253 778034 283249 499538 533077 598084 804272 249629 601594 392905 270313 308204 319435 775829 385106 610851 672558 729323 21983 202620 756808 335769 587103 529765 667768 755043 534282 515782 406198 669321 137632 540172 424361 698635 325188 356524 315676 492878 649111 557977 56834 289017 999999999 49444 343979 340374 523576 680633 441552 560479 96775 468341 58936 611226 276113 669367 251844 557139 504345 598876 434781 433652 512594 225094 702607 287009 449698 45093 613991 290245 288982 693795 171150 245608 107646 178447 496235 368376 269210 311565 543209 455238 460426 262643 454724 270810 687538 265774 520031 293870 251299
478640 266188 783125 603031 703114 688212 651051 254345 307838 691144 781270 332476 540289 554837 563918 844481 264055 646601 436179 318882 298088 365761 773707 432263 637703 709284 729793 71399 249583 784850 317972 601189 493757 690206 768943 562718 481468 452593 692424 125908 584236 454702 737463 276152 405723 365041 466265 674411 508594 72617 266236 49444 999999999 392611 307348 566843 709885 418597 566524 111610 513588 83868 597470 316216 667476 273460 534256 476314 641921 469256 472559 559981 180074 712159 297151 493464 93096 582220 339199 305769 729005 213944 208567 127916 130764 453585 336820 300167 347809 523598 418705 411484 276570 503781 271766 725990 304127 488817 244602 254453
103987 657255 868668 923960 925502 657076 906108 603322 384248 778909 899490 110219 366497 567742 905208 626854 338073 384328 266522 73739 557772 67228 928456 190973 590585 549792 871199 322750 147540 704880 606235 664045 844821 673170 810853 516727 825960 218388 669379 437869 349844 423089 549020 661018 33236 52210 778293 634958 899666 363064 580909 343979 392611 999999999 654811 349376 628454 717791 690499 332357 278039 349076 836107 268339 829993 299530 824630 794070 411749 261463 345592 266649 546956 792761 463402 290757 299515 912244 121495 432844 583627 253965 538819 357689 512001 830440 677160 240455 314044 798622 774083 804059 344303 169521 490559 543708 283223 819909 636766 469678
717565 243912 628528 296602 448207 648365 376896 381783 366182 551789 600112 564017 647060 518640 257726 918421 565601 784610 580520 585615 163952 646624 563882 617422 623512 762536 537359 355360 531329 763195 117481 506676 191177 638575 652691 570980 175524 626043 645102 217672 717493 497494 806416 290530 657290 613705 168589 644542 381847 299800 88550 340374 307348 654811 999999999 693805 704440 140953 427469 418067 666964 311391 343079 461518 467814 579440 245612 174354 759191 774863 574177 735504 325021 574524 279793 634094 381761 274889 563208 319601 767855 409385 392582 297182 288622 193336 31687 607148 458288 248857 119294 279546 577357 714984 223559 792582 441605 181803 223770 232704
281318 809293 616626 881521 777990 358051 793075 820246 327627 542528 667612 290280 57373 326848 892307 289809 648025 91152 130709 369791 540072 413630 721533 165829 294534 201959 661616 504049 424642 373069 596123 433649 854193 380597 536142 245404 828594 137179 373480 526705 25507 223335 200454 832042 316884 314369 748432 334567 1037210 501147 605285 523576 566843 349376 693805 999999999 303786 686747 503723 573138 71523 486723 718636 253754 644804 616463 761980 767903 75394 609068 121559 116671 746916 548479 417727 74430 495981 883057 274915 376436 237376 352969 767836 457192 696076 887066 702161 569475 238802 724636 800533 930739 657710 203827 471893 194472 269631 805631 783344 461131
