NAME : synthetic_000627
TYPE : CTSP-D
DIMENSION : 100
GROUPS : 8
RELAXATION_LEVEL : 1
EDGE_WEIGHT_TYPE : EXPLICIT
EDGE_WEIGHT_FORMAT : FULL_MATRIX
EDGE_WEIGHT_SECTION
999999999 1177895 718319 638915 806372 860251 593855 665625 62927 310018 821205 616440 999973 651027 813604 641576 892785 555689 674180 804822 763839 211935 546256 745412 459920 846824 779054 754747 841062 867817 1147971 208733 403541 320668 396309 877195 527496 833992 909240 724781 389062 796928 1281850 451247 566860 936824 953527 299261 667906 898950 895932 1169862 1045997 855257 997128 958378 227119 640895 1157985 307727 773132 872681 1085536 925244 1053894 268008 224992 293997 617449 368699 697570 437959 393960 612213 524195 830067 756265 783584 930302 56518 381302 626754 312238 559685 197302 226130 193191 585594 1005979 354987 778427 196748 836599 806365 524187 860480 637850 596398 593637 1121546
1177895 999999999 715574 724071 517291 318349 884519 556556 1137941 985224 868803 687361 400796 564104 649869 594137 287931 650463 576920 458240 708552 1037163 729992 655528 732820 625338 599730 638719 647923 638338 249960 1020872 776368 993520 862123 832482 943626 842578 573090 614885 876233 594633 147415 959371 901968 311899 224700 960593 510004 319042 627328 199912 138340 567914 320945 468917 997760 600652 236398 874903 428630 440175 186244 284872 144154 1065505 1094383 897799 610679 895127 495710 766261 797694 573346 718698 418571 746809 726710 859584 1148515 841332 773178 957671 739592 1032052 1059869 1003388 780547 175809 959311 818421 1073114 561501 454931 803731 366640 648465 636865 587413 72710
718319 715574 999999999 752561 198325 504850 185640 252575 714581 731708 199846 136154 816237 559356 844828 223422 480267 540531 620978 265286 46164 709468 194593 788646 519271 138973 769956 77185 127005 153913 556320 684886 420705 413442 323956 212540 261554 187845 865904 109577 329754 125727 749236 311516 210940 403701 538470 691990 418986 620113 895719 600414 585877 173261 752119 297889 491223 605258 571730 537777 342437 276892 742859 618864 664313 487105 531137 575559 582667 676288 330435 555573 383915 342057 613384 640617 875688 72183 268873 722688 609140 94800 700771 687245 689422 509897 637364 758807 559070 741066 948062 536102 791673 651354 724370 620140 150596 591864 451972 697674
638915 724071 752561 999999999 669062 455582 786230 515291 579041 344053 947566 621057 405845 214851 174782 533797 516057 212641 166057 607228 787708 433912 586791 108882 266041 798037 154701 722132 809590 825915 825715 431548 399095 666400 580780 964602 783096 939511 275635 669088 591781 726827 864461 737580 779152 642502 543882 342531 362473 405903 257186 817335 633246 762585 439093 788463 586089 162024 826813 377967 508440 677033 566550 440380 579928 699250 697030 367928 176264 270475 461651 251447 454061 414993 155800 305546 136542 818582 1019834 588239 269150 718327 331342 86843 443521 663015 449161 63791 598552 302156 198034 655392 213901 269141 116973 358427 601996 161867 303422 652558
806372 517291 198325 669062 999999999 329245 372240 167938 787789 740528 369403 202144 648681 456932 725282 173690 293624 471832 514874 78385 196005 744628 266705 679591 487615 142998 649399 121834 161680 168372 373694 721508 435339 540438 420836 351371 438887 347446 725608 103013 432006 84064 557021 470204 392783 205395 346702 703205 307209 449118 762984 412485 388036 95263 576793 153128 586975 508786 387777 561146 179243 81913 551973 441691 470444 617046 655845 596890 492836 667436 207526 528757 421486 266899 555601 489975 775464 219201 395175 797305 598057 262775 708330 621421 728982 627349 682411 691207 362571 737801 852807 648849 658860 508591 671635 458786 171678 509510 371693 500285
860251 318349 504850 455582 329245 999999999 639577 280299 819641 673547 694257 429628 319798 261339 445417 320219 62002 338447 291612 250917 516672 720535 453172 420693 415768 470843 374895 438138 490540 494334 370137 703611 460652 695778 565166 680463 683471 674248 417433 395318 579688 411978 436065 683099 650325 202917 97823 646682 192757 120274 462492 364164 193889 416962 248403 385520 687304 306820 371497 556558 162882 289306 254286 114060 198317 763961 788916 579672 309600 584197 202730 450663 486349 265637 413748 183822 521187 543451 724120 830218 526863 532020 644791 448429 714637 753378 685127 502006 154394 651057 600045 764194 364396 213893 511872 138789 391337 335401 269159 261956
593855 884519 185640 786230 372240 639577 999999999 361007 603890 680324 227511 210186 930914 624537 908494 321884 627761 577956 684278 426398 217121 634738 207506 844586 525991 320816 837857 258683 304919 330264 739910 610458 400225 273406 238879 284351 80155 240539 949684 270636 236214 309445 928982 147308 29229 574440 690742 641124 508195 744924 970755 782365 750239 358900 877561 483520 375740 661119 755002 490012 479571 453812 889675 750464 817609 336928 383031 525416 634557 645561 442505 553321 348756 417702 633538 743992 919239 222351 336508 610272 586440 111404 652716 708737 611888 370375 558488 777225 719548 700422 983997 399217 870610 746584 731111 735045 248242 636229 510887 859161
665625 556556 252575 515291 167938 280299 361007 999999999 640035 574225 452337 150988 573233 311377 594067 39955 277498 310024 372463 140678 279802 583663 175578 540420 319717 283422 518725 208489 294327 311354 483182 561259 275693 438724 308171 457470 403250 438720 613446 155499 321851 212201 633931 406788 370444 274993 343106 537490 166771 384048 643262 508671 418222 253598 516836 315138 458632 360151 493893 400029 128597 213404 533436 389694 467573 512509 544834 434498 340292 499752 82094 360825 272081 102012 391730 391306 631171 310432 510326 650011 430451 256911 542043 460429 569489 512103 525480 531358 382064 570279 706070 528993 539133 399823 507514 376433 114590 353549 212279 518307
62927 1137941 714581 579041 787789 819641 603890 640035 999999999 247283 831108 604637 946201 601380 753821 618974 855155 506085 621230 780417 760589 149345 534275 686184 412120 838406 721253 745072 834282 860690 1119453 147649 370108 334879 390636 884130 542812 841876 850824 711519 385511 784789 1246148 466600 578231 907198 914395 237853 628542 852279 836216 1138880 1008069 842595 946494 940712 228607 588208 1128789 263266 741580 850475 1039009 879616 1010875 294113 255699 244392 565740 308566 665533 387017 368446 579089 469267 779945 694661 782202 938640 10589 325963 625722 250486 501200 135883 248092 139445 524683 967906 292303 715826 219698 779265 754958 463617 812494 622684 543780 551130 1079696
310018 985224 731708 344053 740528 673547 680324 574225 247283 999999999 892287 599923 735140 422232 517207 568187 721235 335394 423021 708995 776433 98182 537135 452915 266611 829423 494535 736854 831993 855624 1016368 106814 313447 459905 441445 931834 642689 895093 619617 691377 444780 764093 1109599 574735 661550 806619 771370 39847 500086 676526 599318 1024808 867435 816402 749870 889299 349007 393216 1022573 194661 641233 784422 859248 707907 847487 457825 436825 157211 377687 90218 568581 226873 348188 485432 269788 589941 450454 803858 989266 255033 149778 660350 32198 276614 116044 411633 149786 284930 827848 45090 468608 392480 553937 559422 227145 631778 602597 352122 414341 919908
821205 868803 199846 947566 369403 694257 227511 452337 831108 892287 999999999 326509 1010284 758423 1044369 422963 662720 734947 820074 445641 178002 854930 368658 987448 704421 243490 969637 256494 220910 231885 672654 830382 592748 500581 455759 67988 297107 29422 1065412 303551 455917 285373 876587 371701 254391 564088 715771 852539 618831 812185 1095551 723524 749043 301236 942652 407940 602679 803462 689320 698290 534443 434153 920921 808031 838072 561305 607423 735262 780185 847516 529244 737908 547719 540872 803985 838406 1073040 150903 110610 837611 783485 236105 863015 878822 832769 596908 779357 949978 727743 907749 1144257 625956 991468 850273 911654 815476 348177 788140 649650 862003
616440 687361 136154 621057 202144 429628 210186 150988 604637 599923 326509 999999999 723092 436014 722902 112439 420442 408442 497480 233217 178257 584149 70394 663592 383215 235561 649353 141438 234562 259752 573226 559828 287081 338452 222785 347633 257740 319268 753203 108861 232755 180538 747124 274386 221034 384626 484616 560436 305714 535036 778860 608594 550477 238817 667809 347038 392073 478915 586590 407536 271032 280437 680860 540278 611020 415075 454481 445251 454822 541532 232828 419421 254794 219746 478806 538559 747191 207417 404476 613515 473869 107546 568567 553200 565352 426972 514700 624601 517387 607300 817856 449586 676186 544037 588801 526573 39263 461917 324885 656385
999973 400796 816237 405845 648681 319798 930914 573233 946201 735140 1010284 723092 999999999 358469 274869 610706 365218 450186 326041 570295 832282 813549 729047 307214 547491 790617 252855 753831 810190 814110 596671 805043 650965 924713 804244 999403 961848 991470 178776 707880 818471 730739 547437 945459 936711 502675 337426 723893 426015 199603 232458 564305 379090 736659 87018 695500 882362 359489 589881 699495 475867 607029 214713 211710 278005 980788 994256 706833 384307 650138 491214 563161 695131 517973 477152 191253 377368 860101 1043780 956357 620368 829980 715712 458854 817287 957642 807444 469566 365327 697593 438308 960092 197076 201509 514641 196879 687792 403910 452692 331701
651027 564104 559356 214851 456932 261339 624537 311377 601380 422232 758423 436014 358469 999999999 286890 336068 317053 95372 61653 392895 590179 482392 417260 229418 191856 589976 213930 519841 603071 617639 626255 469204 294238 571944 458623 768088 638494 747112 327924 466876 472196 519212 693148 608952 623456 432862 357407 400141 149827 255371 346227 624541 452453 551392 346302 573612 524035 52831 629264 345141 293593 462198 440691 285955 425285 624364 636246 357408 48270 332015 249625 214569 341506 217573 154692 179083 320347 620991 821521 611838 283594 540516 395888 188849 481078 599676 462067 248889 414164 395214 396518 601660 247492 157957 251315 212530 410413 74139 113651 497854
813604 649869 844828 174782 725282 445417 908494 594067 753821 517207 1044369 722902 274869 286890 999999999 621438 506783 336133 225546 653359 873868 608428 702143 70902 415124 864482 75954 801174 879534 891510 799802 606325 545265 821856 723991 1051467 916624 1032215 109805 748764 736313 795210 796578 879459 905614 647779 513385 517159 427692 355473 82414 780100 588240 820497 334380 820107 750176 247406 797318 544587 549002 713420 472231 387298 510164 861204 862605 538317 274388 445257 524128 410636 598892 504035 310982 263081 102513 904486 1103711 763020 440305 827200 505757 256290 618290 827658 623255 232405 560703 474276 168585 822189 88703 231538 291063 314933 696817 276299 399279 577301
641576 594137 223422 533797 173690 320219 321884 39955 618974 568187 422963 112439 610706 336068 621438 999999999 316903 324397 397652 163943 254797 570997 136449 565453 322181 271870 546680 188955 280035 299594 511181 547955 261689 403672 274230 432579 363299 411067 645450 136356 287524 201883 667915 367505 330797 306562 382364 530444 197144 423045 673478 539221 455886 249766 555687 325862 429724 382747 522605 387464 167453 231541 573385 429282 507190 478287 511980 423220 361083 497711 120621 362363 250715 119494 402945 426959 653735 285694 486853 628746 428242 219393 536013 474117 555556 480032 509568 545596 420270 567378 727273 498073 569850 433776 517657 414140 78082 372072 230785 557169
892785 287931 480267 516057 293624 62002 627761 277498 855155 721235 662720 420442 365218 317053 506783 316903 999999999 388180 351185 217293 487017 763052 453076 482695 459020 431369 436710 409308 452114 453198 310307 745044 489889 708562 577109 643827 677725 641067 475160 371266 591410 377646 392149 684285 641053 143496 65894 692668 227388 169912 521522 307759 153220 375381 287171 331663 709836 364546 312544 593476 149892 242739 263229 153577 190678 779381 807213 619000 365206 632794 209414 495894 509816 285421 466718 244372 583186 512033 684684 865684 572881 517752 691678 505478 755708 772453 723311 561051 113310 700957 662032 785321 424844 275391 568350 196613 381280 390551 310033 242087
555689 650463 540531 212641 471832 338447 577956 310024 506085 335394 734947 408442 450186 95372 336133 324397 388180 999999999 128680 418914 576612 389495 375476 268840 97409 593237 272197 513350 603236 621166 690738 375375 212971 492577 388413 752862 581380 727118 398449 460627 401039 522097 774364 543400 572894 487125 436228 310172 179517 348392 406885 694654 532263 562376 441507 604178 435620 96529 695476 250371 330893 492992 534618 377690 514668 539902 548633 262038 68462 245786 269550 119643 264780 208061 85536 274379 341863 607416 808473 516555 191438 506161 307283 150406 387120 512294 366836 221498 492837 312919 409989 512378 317700 251786 200671 306938 390132 59838 100509 586350
674180 576920 620978 166057 514874 291612 684278 372463 621230 423021 820074 497480 326041 61653 225546 397652 351185 128680 999999999 448539 651588 493098 477339 167991 223973 649603 153581 580819 663129 677160 661389 482624 340265 619840 511186 829485 695983 808713 272863 527928 524375 579079 712091 663724 682456 476486 383105 406107 208957 259325 287289 655227 475356 609740 328243 626551 564180 33517 663073 374139 347014 515790 437338 292700 434392 668453 677255 380801 60278 334110 308386 237161 390458 279225 154951 167221 260735 682378 882750 631485 296392 601660 399748 162679 494786 640943 482081 210526 438946 390869 337967 640713 191850 136603 226858 212543 472061 77869 173903 507710
804822 458240 265286 607228 78385 250917 426398 140678 780417 708995 445641 233217 570295 392895 653359 163943 217293 418914 448539 999999999 269762 722979 286431 610506 447804 220927 577725 192381 239997 245584 348012 700881 416046 561578 434892 429572 486223 424511 649641 158657 447543 161350 514120 507603 443778 151422 273386 673291 245336 370736 688194 378662 324119 169862 498702 185402 593502 445508 359955 539650 104422 75681 478265 363638 399027 637365 672952 573462 432044 630854 149364 489277 412121 224347 504156 413251 707926 294837 473541 790345 562334 315010 676947 565873 709342 641937 665919 633992 294972 701877 786054 660887 584481 433133 619560 380826 195860 450800 318598 434339
763839 708552 46164 787708 196005 516672 217121 279802 760589 776433 178002 178257 832282 590179 873868 254797 487017 576612 651588 269762 999999999 755292 239632 819563 559801 104131 798508 78567 87885 113774 536093 730727 464640 457007 369953 177912 295839 160520 890258 126667 375565 114160 733324 350856 244365 398167 542217 736769 446411 634269 922005 582484 582605 149130 765002 272422 536800 637482 551975 582809 356449 268474 747449 630584 666425 529895 574343 620598 615847 719688 353695 596846 429023 374290 651460 661331 908525 30904 232177 768660 652122 138280 745359 724654 735345 553940 683364 796286 558303 785049 981964 580462 817601 674218 763615 637582 187211 626308 485389 695284
211935 1037163 709468 433912 744628 720535 634738 583663 149345 98182 854930 584149 813549 482392 608428 570997 763052 389495 493098 722979 755292 999999999 516819 542118 304778 818800 580248 724805 818705 843697 1046584 24664 309309 392451 399171 899941 588059 860775 708058 683532 399484 757474 1154839 515940 613152 834299 817737 91531 536572 737503 690814 1059832 913346 812640 821264 896678 277823 461247 1054176 183733 667020 796976 923065 767165 903652 378605 352310 149679 441823 165132 591732 271194 329834 505395 338261 657258 546102 780764 956717 157405 198821 630157 102723 359875 24234 331064 76440 377521 873255 143066 566509 308795 639095 629285 317392 694840 593177 417780 453057 974767
546256 729992 194593 586791 266705 453172 207506 175578 534275 537135 368658 70394 729047 417260 702143 136449 453076 375476 477339 286431 239632 516819 999999999 639318 336113 305137 630859 211225 302990 328680 632421 492360 227345 275837 154358 398966 233393 366010 742216 178571 165303 250879 799069 231213 208917 435958 518664 497405 303606 549564 763413 664993 591872 309072 680731 415027 322573 455053 645104 343217 303877 341638 707292 559028 643031 352116 389652 381004 429027 483449 250572 369255 189394 212003 438263 540042 717287 266725 456486 543135 417386 133291 506261 513597 497479 360676 446262 584039 556584 547159 784773 382230 663105 540767 543555 535121 95063 432380 303648 693616
745412 655528 788646 108882 679591 420693 844586 540420 686184 452915 987448 663592 307214 229418 70902 565453 482695 268840 167991 610506 819563 542118 639318 999999999 344972 816198 56797 748706 830201 843606 785082 539001 475848 751603 655400 997465 850194 976447 166759 695856 667521 746001 800122 811324 840720 619579 498143 450624 376012 346196 151453 770019 580109 774775 352168 783363 679283 184836 784072 473751 507018 674360 486301 379975 512525 790403 791703 467900 210292 377905 474703 339780 529797 446643 240127 246911 100608 850360 1050729 695535 370174 766426 439730 186521 551060 756760 554257 170538 549176 411003 179746 751310 110458 211349 225786 301289 639285 209283 338735 582919
459920 732820 519271 266041 487615 415768 525991 319717 412120 266611 704421 383215 547491 191856 415124 322181 459020 97409 223973 447804 559801 304778 336113 344972 999999999 593316 358093 505894 599892 620804 749949 288052 133102 406736 314764 730589 517997 700335 487732 455520 325908 523949 850333 471570 516737 540018 512974 234992 234386 440163 490776 759522 608646 571140 538095 631339 341424 190778 756378 153287 375025 523483 626891 467791 601215 448724 454694 167824 164005 183633 303560 41475 188039 223607 110255 370826 402321 589780 787608 422662 116913 469383 235587 183883 299255 418666 273755 251255 568590 254698 461112 417233 407973 349093 207471 400706 373894 148417 149259 671477
846824 625338 138973 798037 142998 470843 320816 283422 838406 829423 243490 235561 790617 589976 864482 271870 431369 593237 649603 220927 104131 818800 305137 816198 593316 999999999 788528 94153 22585 27934 437876 794609 516239 549343 450516 213613 398845 217741 867997 138605 458169 71249 638582 450484 347594 322068 479357 790454 440647 591022 904556 486294 506533 58196 717151 171775 620192 640575 454124 639871 321886 193475 683244 582132 598583 623998 667365 677303 622278 764746 341496 632922 488975 385202 673854 632807 910174 108949 253524 847035 695628 232844 797589 743610 800413 644576 750090 814685 486874 832988 986431 669919 800212 650811 789084 601700 226939 636573 495612 619380
779054 599730 769956 154701 649399 374895 837857 518725 721253 494535 969637 649353 252855 213930 75954 546680 436710 272197 153581 577725 798508 580248 630859 56797 358093 788528 999999999 725515 803596 815558 735134 575264 484483 763373 660349 975994 848808 957148 131525 673191 673115 719272 744786 814520 835949 576164 447992 488848 352161 293346 134874 718304 527509 744628 295422 745773 698023 178871 733537 496599 473425 638470 429560 326645 457142 806748 811152 494722 206899 415136 448250 359331 536919 429974 261194 196007 149939 829077 1028059 730898 399335 754333 478884 220478 587458 775538 586407 218391 497687 454157 226998 772112 59533 161924 268508 249764 622518 212953 327275 527064
754747 638719 77185 722132 121834 438138 258683 208489 745072 736854 256494 141438 753831 519841 801174 188955 409308 513350 580819 192381 78567 724805 211225 748706 505894 94153 725515 999999999 95220 119063 481271 700581 423436 462985 358719 251310 331141 238111 814334 53110 367043 51159 672559 373444 282068 326946 465581 697711 373548 555715 847194 524393 509853 106302 686448 227950 528682 568531 496442 546412 277967 199708 670612 552079 590598 538682 580946 583936 548152 673976 278401 544694 395020 307142 591398 584008 839621 106607 302544 753798 605170 155720 705139 663006 706325 556534 655944 734517 483928 741556 914260 581057 742668 597767 705504 559392 134490 560276 418733 622005
841062 647923 127005 809590 161680 490540 304919 294327 834282 831993 220910 234562 810190 603071 879534 280035 452114 603236 663129 239997 87885 818705 302990 830201 599892 22585 803596 95220 999999999 27016 459414 794389 518553 539971 444977 192076 383723 195242 885039 144424 452021 84328 660599 437710 332249 344361 500864 792808 454265 610593 920911 508169 528935 80574 737383 193069 614084 653193 475728 641165 339578 215433 705003 602304 620564 613974 657821 678752 634257 769100 355724 639041 489176 395521 682893 650492 923412 88604 233590 842746 700227 221767 800305 753446 799885 635954 749059 824728 509025 836764 999240 661761 816462 667781 797690 620350 229707 647875 506550 641807
867817 638338 153913 825915 168372 494334 330264 311354 860690 855624 231885 259752 814110 617639 891510 299594 453198 621166 677160 245584 113774 843697 328680 843606 620804 27934 815558 119063 27016 999999999 442833 819434 542285 566980 471655 195645 409409 204706 893935 165646 478807 99172 645566 464248 357864 339212 499354 816559 468218 614600 930929 492691 522600 77817 739696 176743 640881 668323 459330 665468 347599 212738 702303 604842 616875 640947 684821 702980 650119 791623 368936 660306 513981 413134 701733 658321 937779 110878 231765 869196 722580 248700 823849 771537 825064 662968 774442 842617 504506 859668 1014124 688763 826662 676847 816926 626349 253029 664475 523537 635140
1147971 249960 556320 825715 373694 370137 739910 483182 1119453 1016368 672654 573226 596671 626255 799802 511181 310307 690738 661389 348012 536093 1046584 632421 785082 749949 437876 735134 481271 459414 442833 999999999 1026322 749884 908246 782744 625676 810486 644264 747454 476189 795235 430838 205611 843889 762652 212751 287149 984693 516563 444481 799081 54901 218161 386968 509753 266423 940817 674638 16875 867489 379943 293011 401262 413748 320868 984404 1020698 897882 674127 930505 455847 789531 754014 542765 772501 539132 884462 546482 643162 1129652 866600 633740 985527 815055 1035960 989910 997158 871357 239763 1000410 962132 1008870 713035 573902 877406 485594 538882 699007 602374 288422
208733 1020872 684886 431548 721508 703611 610458 561259 147649 106814 830382 559828 805043 469204 606325 547955 745044 375375 482624 700881 730727 24664 492360 539001 288052 794609 575264 700581 794389 819434 1026322 999999999 286346 370152 374624 875295 564397 836159 704160 659562 375045 733536 1137073 492635 589025 813849 800529 90547 518108 723755 688733 1040313 895925 788857 810337 873748 255885 450318 1034119 161251 646526 774644 909784 752926 888461 358873 334293 128499 429898 161126 571009 256187 305694 484448 328360 645417 547538 756154 932082 156709 186576 605493 103791 354840 12260 311631 52805 377079 855781 150063 571283 290367 633706 618273 315969 681727 569180 406423 435326 959191
403541 776368 420705 399095 435339 460652 400225 275693 370108 313447 592748 287081 650965 294238 545265 261689 489889 212971 340265 416046 464640 309309 227345 475848 133102 516239 484483 423436 518553 542285 749884 286346 999999999 279675 181686 626081 386554 592069 611419 378612 192832 451875 878314 338486 388577 537367 551675 274280 268063 514604 618702 768772 643077 505556 628358 587412 233845 309161 758957 125879 371472 489012 697889 536795 657374 330172 343912 162264 280790 256111 295432 154093 54985 209169 243295 464032 535420 492843 683632 380427 190755 356876 281828 315996 294174 307274 249879 381113 603190 320415 593339 312147 530636 449456 331772 482475 289311 271558 204428 722603
320668 993520 413442 666400 540438 695778 273406 438724 334879 459905 500581 338452 924713 571944 821856 403672 708562 492577 619840 561578 457007 392451 275837 751603 406736 549343 763373 462985 539971 566980 908246 370152 279675 999999999 131476 557384 208074 513847 891003 444832 117289 510587 1071563 131759 246205 709449 774261 424672 514802 771875 897029 940218 855343 568576 894274 683875 114952 588836 920862 299542 565144 617137 946737 788970 893047 76623 118061 324706 560464 453682 499154 415036 230465 430713 513249 734797 802438 473117 609912 340367 413251 318876 438533 580071 368297 97984 317686 636935 817963 490896 852347 126191 810275 723909 579464 745980 370059 550740 472163 950478
396309 862123 323956 580780 420836 565166 238879 308171 390636 441445 455759 222785 804244 458623 723991 274230 577109 388413 511186 434892 369953 399171 154358 655400 314764 450516 660349 358719 444977 471655 782744 374624 181686 131476 999999999 501936 209121 461998 784048 331634 14583 402195 941848 156806 220831 580744 642829 402270 387343 644578 795169 812825 723988 460705 769337 569263 169982 482226 794842 252319 433899 494318 817063 660391 762034 204338 238094 286987 453874 409688 367712 333656 126725 300959 424980 613238 717080 391883 558296 398735 354413 236095 413959 497413 377090 207377 323721 561335 686524 462174 774618 228031 703032 605182 509471 620829 249182 448133 352516 819062
877195 832482 212540 964602 351371 680463 284351 457470 884130 931834 67988 347633 999403 768088 1051467 432579 643827 752862 829485 429572 177912 899941 398966 997465 730589 213613 975994 251310 192076 195645 625676 875295 626081 557384 501936 999999999 358117 44703 1065546 302940 503589 268664 830905 430989 312535 534711 692913 891988 623833 800034 1098465 677932 718237 271422 928162 365421 655563 815320 642493 737191 525123 407007 896841 793057 811971 620920 667064 774648 793491 882134 529675 766031 584402 552039 825873 834171 1086298 147109 57563 891036 816351 271495 901787 899785 878393 654658 825198 971344 699901 944677 1159456 683411 993952 848791 936432 807258 362732 803514 662918 830728
527496 943626 261554 783096 438887 683471 80155 403250 542812 642689 297107 257740 961848 638494 916624 363299 677725 581380 695983 486223 295839 588059 233393 850194 517997 398845 848808 331141 383723 409409 810486 564397 386554 208074 209121 358117 999999999 313600 966280 335938 201902 382292 995462 76376 51605 636685 742204 604521 535904 782698 983206 851156 807459 434167 914085 558280 318078 670146 825190 459256 527955 520798 936570 791311 868395 264390 310453 492291 642543 617551 482031 540397 332138 443962 627875 772091 918421 302303 407594 548415 563495 176746 617069 701842 564470 301689 511692 767665 774911 666980 979105 330995 885985 771024 717391 768452 297002 640934 525863 914055
833992 842578 187845 939511 347446 674248 240539 438720 841876 895093 29422 319268 991470 747112 1032215 411067 641067 727118 808713 424511 160520 860775 366010 976447 700335 217741 957148 238111 195242 204706 644264 836159 592069 513847 461998 44703 313600 999999999 1050565 287147 463065 263430 848470 386799 268480 539352 692985 855273 605487 792822 1081777 695377 724103 275801 922605 380098 613269 793097 660960 700634 515706 409793 897915 787740 814448 576735 622884 737895 770409 847705 513992 734788 548729 529895 797995 821810 1063430 131520 96811 848648 782742 235515 865391 872465 838961 610912 785652 943847 703568 909168 1135504 639750 977477 834694 907068 797453 338095 779253 639720 837006
909240 573090 865904 275635 725608 417433 949684 613446 850824 619617 1065412 753203 178776 327924 109805 645450 475160 398449 272863 649641 890258 708058 742216 166759 487732 867997 131525 814334 885039 893935 747454 704160 611419 891003 784048 1065546 966280 1050565 999999999 763628 797220 801520 720481 936239 949984 618656 467950 616527 448341 309238 54304 721541 530425 819431 252148 802356 828550 302510 742917 628031 546371 701516 389166 336031 440381 936374 941770 626187 330949 543332 536580 490528 662690 534184 392690 237236 208540 920143 1115097 860338 530441 860064 605928 349646 716292 906001 716984 336819 508382 577758 261734 903077 81021 217265 392472 278837 723108 340567 440531 501838
724781 614885 109577 669088 103013 395318 270636 155499 711519 691377 303551 108861 707880 466876 748764 136356 371266 460627 527928 158657 126667 683532 178571 695856 455520 138605 673191 53110 144424 165646 476189 659562 378612 444832 331634 302940 335938 287147 763628 999999999 341462 74054 659674 368182 290293 303958 430454 652564 321073 511038 795708 515490 482276 131099 642804 239106 500884 515452 490469 503066 233105 184890 634218 509352 556816 521346 561758 540281 495042 626141 227115 494810 354083 254096 539209 534935 786559 156572 355039 720569 557026 160235 659470 610461 665839 535042 616473 681921 453626 694448 861153 558074 691244 547556 653661 512338 90420 507226 365675 592941
389062 876233 329754 591781 432006 579688 236214 321851 385511 444780 455917 232755 818471 472196 736313 287524 591410 401039 524375 447543 375565 399484 165303 667521 325908 458169 673115 367043 452021 478807 795235 375045 192832 117289 14583 503589 201902 463065 797220 341462 999999999 411318 955324 146096 216771 593922 657151 405871 401895 659138 807893 825725 738065 469839 783814 579657 162080 495202 807443 257723 447901 506174 831633 674974 776497 190787 225463 291589 466821 415764 382032 343667 138065 315538 436013 627509 728185 396708 559608 393368 361931 240251 417861 507988 377043 195496 323599 571270 700676 466738 785003 217021 716199 619255 518718 635306 260340 460686 366558 833393
796928 594633 125727 726827 84064 411978 309445 212201 784789 764093 285373 180538 730739 519212 795210 201883 377646 522097 579079 161350 114160 757474 250879 746001 523949 71249 719272 51159 84328 99172 430838 733536 451875 510587 402195 268664 382292 263430 801520 74054 411318 999999999 623740 424014 333116 284008 430515 725460 370152 531393 836931 474687 468508 58522 660007 177060 572012 569613 446149 576682 257246 154460 635747 524968 553641 586653 628305 613792 551130 697328 271432 563901 428117 314042 602981 567706 839507 135531 314607 793758 628016 206768 732106 672488 739856 602965 690527 743515 444671 766159 915566 626865 732443 584263 718359 539053 164464 565333 424366 581248
1281850 147415 749236 864461 557021 436065 928982 633931 1246148 1109599 876587 747124 547437 693148 796578 667915 392149 774364 712091 514120 733324 1154839 799069 800122 850333 638582 744786 672559 660599 645566 205611 1137073 878314 1071563 941848 830905 995462 848470 720481 659674 955324 623740 999999999 1021404 949802 363205 338244 1082590 619502 458626 774728 153106 242180 585132 468333 468856 1089106 733493 188737 985303 512548 475232 332730 424135 287645 1146110 1178736 1011144 740821 1020150 586205 886231 892816 670003 847494 559362 892722 746141 848752 1256639 962728 819772 1080837 874332 1147792 1145744 1115304 919116 281951 1086501 965040 1161718 708059 595986 938555 506038 709979 767008 701817 219445
451247 959371 311516 737580 470204 683099 147308 406788 466600 574735 371701 274386 945459 608952 879459 367505 684285 543400 663724 507603 350856 515940 231213 811324 471570 450484 814520 373444 437710 464248 843889 492635 338486 131759 156806 430989 76376 386799 936239 368182 146096 424014 1021404 999999999 118567 659005 749844 537328 521061 774687 949390 881400 821621 479292 903722 601032 243009 635825 857860 396917 534950 551194 937385 786499 874197 189938 236087 428029 607649 555422 480411 489744 283532 429959 581781 754343 873886 361897 481844 472126 505218 218707 550342 654034 492120 225670 439833 717304 786994 601240 931096 254912 855350 749733 664312 756052 312225 603232 499115 924556
566860 901968 210940 779152 392783 650325 29229 370444 578231 661550 254391 221034 936711 623456 905614 330797 641053 572894 682456 443778 244365 613152 208917 840720 516737 347594 835949 282068 332249 357864 762652 589025 388577 246205 220831 312535 51605 268480 949984 290293 216771 333116 949802 118567 999999999 593118 704739 622621 512152 753283 969522 804243 766784 383976 885535 508367 350646 658267 777556 473061 491964 474623 901892 760078 831416 308423 354557 507800 631275 629808 451070 542430 335847 420811 625339 748504 913123 250740 364007 584416 572244 130064 634530 700228 590056 342659 536765 767875 735257 682996 976485 371635 870384 749677 720264 741642 259948 631749 509935 874754
936824 311899 403701 642502 205395 202917 574440 274993 907198 806619 564088 384626 502675 432862 647779 306562 143496 487125 476486 151422 398167 834299 435958 619579 540018 322068 576164 326946 344361 339212 212751 813849 537367 709449 580744 534711 636685 539352 618656 303958 593922 284008 363205 659005 593118 999999999 168052 774074 309153 312184 664855 233825 185053 263875 420518 194008 733556 484115 221599 654774 167325 130245 364781 292123 278194 784563 818535 685370 479137 722106 243114 580224 543136 330021 571070 386736 720158 418021 569162 917437 656916 463463 775443 620336 823403 786407 784408 681649 165358 792583 799324 803830 567314 416316 680563 340047 347050 502574 394409 298022
953527 224700 538470 543882 346702 97823 690742 343106 914395 771370 715771 484616 337426 357407 513385 382364 65894 436228 383105 273386 542217 817737 518664 498143 512974 479357 447992 465581 500864 499354 287149 800529 551675 774261 642829 692913 742204 692985 467950 430454 657151 430515 338244 749844 704739 168052 999999999 744434 285904 159572 517647 273662 96066 421985 253524 362043 773959 400926 285940 651768 215030 286628 205274 132260 126915 844838 872266 675852 405540 681996 275119 548271 573513 349516 510778 251986 597342 565897 731001 924955 624594 580204 742600 542718 811456 837354 780949 593409 56810 748713 674989 849814 427482 286844 606571 198629 445379 431544 365423 176255
299261 960593 691990 342531 703205 646682 641124 537490 237853 39847 852539 560436 723893 400141 517159 530444 692668 310172 406107 673291 736769 91531 497405 450624 234992 790454 488848 697711 792808 816559 984693 90547 274280 424672 402270 891988 604521 855273 616527 652564 405871 725460 1082590 537328 622621 774074 744434 999999999 469344 655412 599565 994482 840454 778119 734234 852627 315516 375049 991278 154815 607960 748547 839698 686050 824449 426337 407840 117380 357376 73995 534529 196793 308384 450451 251282 571852 457004 764130 949422 246639 119874 620505 14724 268595 102020 380983 122957 286927 800645 67347 481506 363391 547782 542679 226260 611589 563559 332498 383945 896394
667906 510004 418986 362473 307209 192757 508195 166771 628542 500086 618831 305714 426015 149827 427692 197144 227388 179517 208957 245336 446411 536572 303606 376012 234386 440647 352161 373548 454265 468218 516563 518108 268063 514802 387343 623833 535904 605487 448341 321073 401895 370152 619502 521061 512152 309153 285904 469344 999999999 257277 476756 525140 379718 401569 383207 428847 496949 201591 522522 366257 151771 317144 433988 274531 389427 579301 601332 391657 186772 413959 99799 273227 296466 91960 264734 236436 469575 476940 676053 639096 350437 413102 469534 321824 528642 565292 495951 388979 339521 484034 546224 574503 372866 238732 377997 235088 274782 205651 85815 454682
898950 319042 620113 405903 449118 120274 744924 384048 852279 676526 812185 535036 199603 255371 355473 423045 169912 348392 259325 370736 634269 737503 549564 346196 440163 591022 293346 555715 610593 614600 444481 723755 514604 771875 644578 800034 782698 792822 309238 511038 659138 531393 458626 774687 753283 312184 159572 655412 257277 999999999 358258 425233 234165 537234 132932 501488 747886 285260 441845 591223 278059 408785 186732 34491 175468 835197 855248 607964 298842 586433 302435 467873 549849 345558 406998 100919 443283 661651 844184 862823 538812 640297 650867 421608 735512 818873 713746 461574 205242 647336 519630 826079 268583 137572 485547 47614 498103 324532 310570 248753
895932 627328 895719 257186 762984 462492 970755 643262 836216 599318 1095551 778860 232458 346227 82414 673478 521522 406885 287289 688194 922005 690814 763413 151453 490776 904556 134874 847194 920911 930929 799081 688733 618702 897029 795169 1098465 983206 1081777 54304 795708 807893 836931 774728 949390 969522 664855 517647 599565 476756 358258 999999999 774140 582653 857508 306401 845765 828624 313658 794888 624349 584157 742910 443468 386369 494037 938670 941410 619248 341752 527655 568795 488972 671457 559120 389542 279650 167681 952232 1149110 845425 521624 884823 588132 337901 700701 906169 705346 314402 559603 556183 212178 901496 104562 255371 373432 324945 750416 347420 459877 555990
1169862 199912 600414 817335 412485 364164 782365 508671 1138880 1024808 723524 608594 564305 624541 780100 539221 307759 694654 655227 378662 582484 1059832 664993 770019 759522 486294 718304 524393 508169 492691 54901 1040313 768772 940218 812825 677932 851156 695377 721541 515490 825725 474687 153106 881400 804243 233825 273662 994482 525140 425233 774140 999999999 192055 433715 478036 315949 967298 670959 38724 883270 397304 330724 361825 392822 286368 1015901 1050887 912278 672764 937538 473354 798140 776547 559979 774308 523113 868197 594312 696631 1149197 875390 674622 994512 812453 1050325 1019233 1013466 865753 220850 1006607 944851 1037138 692274 558835 875674 468810 572933 698226 610631 245307
1045997 138340 585877 633246 388036 193889 750239 418222 1008069 867435 749043 550477 379090 452453 588240 455886 153220 532263 475356 324119 582605 913346 591872 580109 608646 506533 527509 509853 528935 522600 218161 895925 643077 855343 723988 718237 807459 724103 530425 482276 738065 468508 242180 821621 766784 185053 96066 840454 379718 234165 582653 192055 999999999 448365 292079 364191 861480 494702 212659 745970 290327 315278 196351 201169 108990 927560 956896 770741 500435 778041 358274 644201 662101 437644 606291 333503 677444 602968 750441 1018609 720603 638841 838659 636304 906775 922585 875520 684833 40207 844640 753581 936324 500285 369733 700358 279013 511427 526532 460627 112973
855257 567914 173261 762585 95263 416962 358900 253598 842595 816402 301236 238817 736659 551392 820497 249766 375381 562376 609740 169862 149130 812640 309072 774775 571140 58196 744628 106302 80574 77817 386968 788857 505556 568576 460705 271422 434167 275801 819431 131099 469839 58522 585132 479292 383976 263875 421985 778119 401569 537234 857508 433715 448365 999999999 661929 124693 630497 602974 402878 630943 273363 135616 625478 527122 540577 644499 686398 667774 586328 747412 301770 611690 483989 355185 645042 583110 870416 161221 309477 851625 677957 260875 784308 712552 795433 661300 746604 782906 428734 816888 947583 685303 753537 602724 760949 549890 220877 602248 462957 561233
997128 320945 752119 439093 576793 248403 877561 516836 946494 749870 942652 667809 87018 346302 334380 555687 287171 441507 328243 498702 765002 821264 680731 352168 538095 717151 295422 686448 737383 739696 509753 810337 628358 894274 769337 928162 914085 922605 252148 642804 783814 660007 468333 903722 885535 420518 253524 734234 383207 132932 306401 478036 292079 661929 999999999 614222 862085 360077 503116 691372 409706 529907 138221 135110 192161 954710 971908 703241 380978 661794 435070 559589 668043 473767 483193 167275 434831 791853 970675 956882 623799 773213 727565 478418 822446 935311 807050 501271 278779 715526 502354 940356 248249 192064 538782 148509 630991 403930 424732 249933
958378 468917 297889 788463 153128 385520 483520 315138 940712 889299 407940 347038 695500 573612 820107 325862 331663 604178 626551 185402 272422 896678 415027 783363 631339 171775 745773 227950 193069 176743 266423 873748 587412 683875 569263 365421 558280 380098 802356 239106 579657 177060 468856 601032 508367 194008 362043 852627 428847 501488 845765 315949 364191 124693 614222 999999999 737236 626441 282814 713007 280037 111713 554623 484077 466647 760339 800862 748334 614737 813498 334677 672788 574606 407827 689493 566154 882604 280669 390667 950182 744500 383660 857127 750397 881410 773941 835250 817800 353549 884331 961482 796598 744774 591841 804764 524250 321107 634459 503950 473877
