NAME : synthetic_000946
TYPE : CTSP-D
DIMENSION : 100
GROUPS : 8
RELAXATION_LEVEL : 1
EDGE_WEIGHT_TYPE : EXPLICIT
EDGE_WEIGHT_FORMAT : FULL_MATRIX
EDGE_WEIGHT_SECTION
999999999 197335 457361 684550 636728 594252 633339 528575 593811 474004 647612 362486 375166 303701 393414 541155 244039 679998 224874 538185 381624 487591 223693 674086 669585 429086 640502 563751 686105 385041 649171 819570 596180 301917 581775 344854 696064 678463 55643 506488 442118 363500 240181 223087 609941 330414 754266 628397 753455 539206 34814 240460 323058 179169 686404 667881 335607 475789 449661 555734 225267 260321 459383 443112 342694 440047 196319 415870 258293 477814 117809 447621 528311 339936 457885 717746 485872 647283 246797 323428 335680 456493 354861 544224 595053 556084 431517 165476 351895 579616 451639 52671 448718 198868 283727 497762 669937 348547 616046 397197
197335 999999999 323461 691861 666680 780100 811283 620115 785836 666503 611696 440914 218933 218016 444506 650365 427566 829205 248863 686027 524746 657709 325390 833924 730059 241735 823259 493603 875993 507246 837237 992544 699942 338617 688778 531356 880470 854595 182362 703753 254294 508550 361408 402144 795198 249135 762622 747792 781586 611206 177702 437300 176936 109095 804312 668161 412655 298134 303845 741240 264764 290919 656603 596185 488191 620407 190720 278858 228274 295839 96828 395344 725515 527516 265466 871370 288549 722262 354818 519861 526244 632001 527309 735629 624370 688086 537658 150172 159056 645820 254333 209239 601957 394402 165776 300650 854949 534282 770710 592211
457361 323461 999999999 496863 511309 913393 916800 576540 943855 913890 366281 432004 449615 517705 390936 631242 699673 861983 300541 733822 831302 758629 642024 890306 612978 184725 942733 221783 1018666 544988 974726 1070547 662052 661841 658608 796770 1001535 951324 409627 908295 385668 585504 673729 569452 925256 148457 559254 730862 605481 536648 457917 673639 146692 278948 776962 466412 735296 141757 35165 876505 588028 308524 874269 897538 571243 752434 514129 44615 546997 161444 346007 193211 927136 790927 365348 909819 307013 630686 670855 754293 701625 913007 653965 894200 476655 704192 857395 473356 227970 553831 285615 494817 674544 641588 174377 324746 979847 693089 821934 831762
684550 691861 496863 999999999 85543 768622 727699 300378 831192 963578 156228 350035 890784 908811 299078 359344 848525 577567 466896 515992 1030742 612396 907627 633389 190142 674272 768911 289206 864805 421685 821916 807454 343275 980594 353918 907497 816990 740261 631683 881801 860555 491132 918753 612964 772360 455973 71006 414616 111061 239598 709697 769869 566830 587436 429026 31624 1020022 638619 531156 744772 900668 426734 878774 1071360 495303 656487 847604 515306 902584 658284 639719 316734 891201 899215 846925 621480 799511 240783 928921 820653 692419 1032699 593307 794850 107558 450329 1105880 804322 688030 211506 773731 737219 522175 766846 542801 817707 805980 662277 577045 885649
636728 666680 511309 85543 999999999 683466 642156 215444 746610 887272 215002 285932 874245 880212 243624 273829 784272 494057 428758 430514 968882 528147 857343 548903 117766 679371 683385 324288 779321 344305 736499 724379 258723 936929 268839 837740 731475 654921 586159 800904 855296 413200 865211 544354 687045 445576 132643 331182 117121 155618 664293 701677 559764 559037 349262 100858 970117 651608 543892 660048 857912 386590 800011 1005811 419029 574175 809896 522784 867235 670614 604900 320486 809647 829359 844745 538664 804370 161576 877006 748136 615793 961878 514845 710952 42555 364803 1049230 767628 682451 125975 776076 689156 438874 702057 529034 822730 720439 584523 491842 810790
594252 780100 913393 768622 683466 999999999 80787 468276 75287 363758 852570 504224 968704 881666 563303 410806 481937 271984 618559 254901 621038 163823 675721 212892 610641 974059 54374 873707 105904 387717 61372 252166 440292 789989 425235 435720 102368 119993 597761 216891 1033080 332020 647206 378087 16559 766781 807153 389377 751360 529738 624997 398581 835598 710430 416013 777357 752120 997715 925711 38886 747529 604980 263017 602297 343690 163472 762911 888423 818043 1007399 684527 776884 207100 429673 1045565 267743 1060231 555247 671112 351339 260165 500641 262453 79358 666345 324553 737930 747223 914447 557968 1024644 611664 257945 442401 784358 1074709 75874 246226 223180 341637
633339 811283 916800 727699 642156 80787 999999999 430103 153310 443212 823385 494024 1008348 928537 549318 368591 545437 197558 629833 213069 693465 159399 734611 135305 559897 991968 44495 857552 140517 376437 103333 189298 389762 848939 376401 507659 90712 46884 630283 297063 1065524 331525 708746 411430 70185 773103 760788 330856 700621 492487 665713 456685 850681 733547 350104 739236 816629 1010373 931949 99874 801656 611085 341111 678357 346970 193352 811009 895225 868200 1021411 714635 767804 287819 501153 1075825 188402 1084797 503782 732256 418409 308944 578705 284175 158480 629331 277498 809761 791874 937563 516235 1049145 656147 243898 498157 799385 1100042 78601 287267 159099 416428
528575 620115 576540 300378 215444 468276 430103 999999999 531210 688782 396657 179211 838893 812898 191322 64384 620898 304353 372998 217139 808162 313096 731551 349993 166566 708896 470189 454635 565419 159924 522121 532104 86159 826913 82278 657510 520321 446783 488697 591711 849612 220028 730036 376958 472239 461328 342696 155385 297027 62403 561393 529062 569395 513135 200815 309685 842131 701760 602077 444609 753039 333240 595941 834498 232075 362797 720905 571031 782282 717955 536772 392697 598980 648997 847265 352187 826215 125716 746029 561703 419903 777023 315563 496193 199278 156222 901226 683447 685534 91582 793171 577018 225949 539647 525143 844105 507769 385851 286989 616872
593811 785836 943855 831192 746610 75287 153310 531210 999999999 303513 907668 549322 964121 869476 610263 476359 452349 347224 644942 322789 575014 219238 650147 287523 678869 991324 116435 919730 96518 435866 75501 302321 509306 763370 493642 392730 137623 185926 604270 156198 1035780 374310 618238 388974 83136 795834 872560 461668 819131 591616 622305 378863 856386 724857 490260 838285 717969 1019650 953695 86917 727544 635957 209465 549216 382737 194325 750192 916154 802404 1028060 692347 818246 141978 387655 1050436 341629 1070693 624030 642466 319163 259631 443447 290441 50684 727161 393255 692210 738676 927149 622032 1035350 604881 312235 424747 805615 1084349 114306 256077 297768 294651
474004 666503 913890 963578 887272 363758 443212 688782 303513 999999999 995191 623363 792886 676104 683877 653474 244036 613355 626120 532742 290751 414202 425751 564600 854430 903009 415319 961657 387272 542967 378549 605765 702281 526905 684472 143108 440600 483584 510632 147720 887955 474302 384882 368721 377600 771204 1019903 680332 984249 737600 488931 240332 791789 646685 724539 960979 460222 948923 912426 346289 516270 637554 104909 250660 468467 342551 563399 876302 601038 951590 591337 845696 162146 144191 910127 621555 950995 806692 407936 160560 271478 141006 373877 284789 856288 596834 404702 568519 824418 776920 918367 457941 472569 276049 747293 960805 417818 303557 549977 83595
647612 611696 366281 156228 215002 852570 823385 396657 907668 995191 999999999 373917 791883 829017 312044 460786 845185 695916 422804 610914 1017626 689947 869607 745701 332544 549987 861461 145807 954344 474993 909946 926068 460217 927364 466731 918382 914065 842752 592144 934028 746108 542197 887708 628961 858852 363245 202683 535423 265168 335136 666793 779349 462517 517174 560280 125586 979070 505859 401432 823932 847176 390359 921445 1067416 540366 720512 785513 392754 834891 525871 578787 216378 946597 910560 728658 742378 673280 375099 894033 841908 730934 1044703 641920 866094 205843 552875 1078815 741397 577492 322881 650933 698931 595879 767035 450029 691027 899670 705879 683621 913375
362486 440914 432004 350035 285932 504224 494024 179211 549322 623363 373917 999999999 659682 636343 62553 215298 499190 431681 194260 301987 683081 341581 577163 458309 307108 542622 524891 370450 609779 117690 564827 639112 260683 664277 251102 558149 582344 524720 317425 561087 672691 175165 582074 263627 513591 299556 414129 316324 399231 177545 393316 420030 400061 334040 369998 342377 689695 543957 452214 470869 587558 155864 547539 721610 169362 356229 549148 417731 609696 558440 358753 273929 574459 549934 671758 479073 655503 287630 595151 474146 357061 683842 270169 503962 247509 275008 763987 509970 511829 217260 621561 413505 250381 417220 353016 673044 563138 332233 389936 542713
375166 218933 449615 890784 874245 968704 1008348 838893 964121 792886 791883 659682 999999999 130432 660835 869125 550065 1042032 466726 898710 579418 860286 379762 1042647 944547 284298 1015544 658322 1058115 724256 1022541 1193837 918872 321422 907656 650008 1070758 1053251 382686 860661 118273 720814 423301 597258 984538 435134 960430 966092 986669 828466 343719 592060 329366 326221 1022828 864717 413888 352703 418390 930359 288340 508138 807378 655849 700111 815137 229738 410896 204049 338410 309030 579606 883186 648700 150449 1082789 225835 939223 405358 668073 709031 722974 727810 915502 832538 904564 546071 228122 221645 862026 212524 359274 812337 545680 347985 223804 1044508 723542 981402 730541
303701 218016 517705 908811 880212 881666 928537 812898 869476 676104 829017 636343 130432 999999999 649822 834212 437067 983696 454066 841732 450430 788526 254761 976932 936257 378612 931113 706945 965116 681472 932267 1116845 887302 191231 874236 533068 984010 974603 328767 755158 246662 666089 298127 524078 897918 465841 979699 926092 996114 812190 269077 491456 378782 321791 983904 885616 283582 447200 491111 844240 162323 496893 699783 526818 645207 735821 119285 474774 76291 436413 278776 612659 777751 532604 277503 1021295 347224 923237 278668 562047 622010 597931 656236 822563 837706 857120 416046 138485 300297 849316 327561 272811 752406 445136 380004 348065 957410 641273 919627 618996
393414 444506 390936 299078 243624 563303 549318 191322 610263 683877 312044 62553 660835 649822 999999999 241190 550383 472018 196434 350180 731729 399898 613737 504278 286529 517574 581794 310406 668480 175587 623500 686908 277339 694390 271392 614185 638567 577905 343788 623591 662751 236745 622200 320689 572122 270065 366084 341970 360088 168297 421674 475345 378517 335496 391331 288211 726507 511658 414316 530723 615899 153805 609508 773577 231734 417818 571186 381903 630105 527462 371208 220139 637009 606086 658783 520096 635321 278471 633598 532792 418963 740314 332697 565437 202498 314091 807717 530029 496082 201338 602561 445725 307139 469199 335415 653283 620199 394620 436218 602650
541155 650365 631242 359344 273829 410806 368591 64384 476359 653474 460786 215298 869125 834212 241190 999999999 607561 240854 408057 156755 793873 261333 733475 285610 205498 755759 409570 517653 505512 157093 462842 467843 56548 833711 40712 634466 458340 383570 506272 547624 887295 201603 728136 367570 413739 509682 396466 101461 343855 125794 575085 512374 614210 545953 154906 370728 841869 752577 655361 389449 762615 370986 556840 814655 217993 318218 736469 623091 798353 768107 562593 451311 553148 625977 886904 288904 870332 154030 745661 536104 390109 750089 285855 444137 261420 92432 891996 701195 727107 147860 836581 586940 181936 528271 567953 887966 446725 354546 222861 585528
244039 427566 699673 848525 784272 481937 545437 620898 452349 244036 845185 499190 550065 437067 550383 607561 999999999 660172 436351 538337 187278 442674 198753 631326 783585 667564 535609 783807 548692 460990 522617 732346 663379 311114 646052 104001 580652 592083 290154 321765 643918 406002 165989 244322 498447 566088 913319 668298 894644 653646 252257 98426 567095 422912 722724 838593 271203 717890 693293 449048 282255 459563 264685 223317 390624 371696 321470 658982 363857 718727 361068 665585 344184 100846 666221 685066 708692 746583 190169 133228 249550 213434 335030 411061 746635 583823 286699 324583 586528 695865 676647 218469 453265 82332 527074 717994 554202 282783 591253 181941
679998 829205 861983 577567 494057 271984 197558 304353 347224 613355 695916 431681 1042032 983696 472018 240854 660172 999999999 607956 143334 830142 217771 828866 65095 394550 970358 241207 758503 332379 329386 299994 230573 236337 940005 229205 648260 268658 185643 660721 474946 1078921 321233 811393 464200 265364 730906 598677 162959 531255 362686 714669 562836 826696 734675 162006 594752 924998 975285 883491 273831 880424 577922 508453 828691 341921 291190 873036 849340 934015 989357 734210 688729 470373 640616 1083326 48283 1077529 339345 833000 549839 410772 739368 336166 339504 491412 157930 942008 845405 930590 373676 1042571 715229 231309 595465 777354 1094373 268646 377590 68919 569612
224874 248863 300541 466896 428758 618559 629833 372998 644942 626120 422804 194260 466726 454066 196434 408057 436351 607956 999999999 468465 598770 470437 447714 623790 482875 365183 651768 347567 722784 278579 679566 796332 454896 514039 444936 522677 710776 667955 169567 609134 479288 300997 464905 269978 631305 152121 537591 507995 545623 362358 245708 389422 221997 140507 562953 447817 558439 380580 308773 580838 433949 42831 577694 653531 283693 455826 381696 271218 438498 391653 176411 229409 627529 515767 479740 653329 469591 473459 471551 465585 401303 646071 356695 594929 386229 457150 656040 339045 323022 397408 434714 276548 395168 365404 171176 486512 687798 392675 556796 542724
538185 686027 733822 515992 430514 254901 213069 217139 322789 532742 610914 301987 898710 841732 350180 156755 538337 143334 468465 999999999 716517 119531 696104 156882 356188 832734 253141 652126 348813 191456 306093 337272 186592 805308 170860 541439 303508 232755 517631 411140 936306 177901 681737 326296 257212 597557 552461 148225 496697 279485 572943 439918 689019 592463 192744 526620 796257 841109 753129 236157 742936 440696 430371 724242 198608 190524 732346 717921 793669 854389 590906 570267 413209 533290 941251 185910 937425 301241 702392 440980 294248 645311 204647 294864 416415 70626 824210 703661 790056 304577 902272 574970 90513 467766 638996 954048 290634 258410 88787 475213
381624 524746 831302 1030742 968882 621038 693465 808162 575014 290751 1017626 683081 579418 450430 731729 793873 187278 830142 598770 716517 999999999 612997 205575 794641 970756 763510 675322 943906 666655 648262 649990 872571 849415 269169 831961 185812 711496 738489 435924 423046 690352 592537 164790 431552 636840 711558 1096698 851237 1080379 840569 374536 281721 688894 553617 904488 1019333 184700 822719 818840 593755 292213 627674 366245 76431 577571 538955 361588 787975 375380 819479 485509 826683 442355 192471 718274 850297 776334 933837 177067 280559 422622 166486 516636 543461 930492 766086 117213 386324 678355 882817 748915 337763 634590 269069 657211 781677 686415 458150 761666 280620
487591 657709 758629 612396 528147 163823 159399 313096 219238 414202 689947 341581 860286 788526 399898 261333 442674 217771 470437 119531 612997 999999999 616021 192268 466436 832960 184552 710228 268592 224423 223613 334840 300728 728663 283814 432725 243066 198819 478811 291975 911890 173186 596309 264733 172224 614177 655504 267754 605166 372809 521222 345816 691405 576259 310339 619094 709135 850975 773144 134052 673292 452041 311195 614559 187827 75021 673581 736299 733010 862031 560881 615113 294896 424878 920916 243457 927369 413230 618448 333305 193139 530630 132736 183220 507982 187490 724329 650352 779846 404421 891740 516089 94279 380249 640128 942870 222337 160817 148947 360012
223693 325390 642024 907627 857343 675721 734611 731551 650147 425751 869607 577163 379762 254761 613737 733475 198753 828866 447714 696104 205575 616021 999999999 808134 882078 560428 728566 778184 746626 577146 719181 923324 789919 114377 773946 284091 775995 781493 278272 519808 487201 538167 43548 372443 692280 535634 977021 809818 973463 750294 202896 278000 496485 371620 866970 891399 112778 621468 626181 641173 92445 483980 462125 280943 519045 550865 156290 597780 178496 617147 302945 664772 542090 284866 514253 859051 570875 854647 29501 331610 428219 343481 493129 607503 816144 729771 216207 181637 475036 791827 543340 171320 606348 237298 470726 576470 749379 456306 760679 376617
674086 833924 890306 633389 548903 212892 135305 349993 287523 564600 745701 458309 1042647 976932 504278 285610 631326 65095 623790 156882 794641 192268 808134 999999999 453785 988643 177956 800049 267606 348160 236360 183537 290190 920911 280709 610416 203564 120551 659968 422521 1086337 326898 787697 453195 204682 754432 657816 220392 592064 410671 708311 535908 845006 744206 225997 649044 899873 997887 909913 219814 865227 597099 460138 788213 346626 259679 863428 874775 923452 1011053 737701 723684 416113 603118 1092678 56999 1091638 397974 810074 514309 382596 694716 321512 284735 543215 195453 908508 838471 943982 425909 1056324 705519 232280 571859 794719 1108027 203965 352143 68373 526790
669585 730059 612978 190142 117766 610641 559897 166566 678869 854430 332544 307108 944547 936257 286529 205498 783585 394550 482875 356188 970756 466436 882078 453785 999999999 772186 603030 438414 699844 323828 659026 622234 170600 971302 185421 823528 646432 566508 623958 752767 937287 386368 884206 539273 611900 529657 204158 233466 140885 131963 700333 693544 644055 620967 240442 213518 994093 750601 643986 592079 894656 440137 760079 999445 397629 523244 854693 619551 914539 768955 657534 419814 758582 815019 929693 436354 895766 56210 898688 728162 586335 943513 481867 648639 139664 286096 1060465 814491 766079 90263 865629 720441 386336 701712 607677 914108 638428 552052 403283 783264
429086 241735 184725 674272 679371 974059 991968 708896 991324 903009 549987 542622 284298 378612 517574 755759 667564 970358 365183 832734 763510 832960 560428 988643 772186 999999999 1011145 406323 1075672 641686 1034012 1161360 794865 550386 788331 770860 1069933 1031428 397972 927231 203505 665825 598987 602581 987832 247836 739082 857218 780440 679260 415546 668010 143736 267272 908405 644696 634973 69039 149775 935514 487547 392472 884204 836211 647984 810654 411425 159048 426496 58319 312592 359813 948160 766618 181117 1016535 125347 782067 589880 751284 734663 873646 712186 940644 641607 816240 765492 379082 85428 703238 100987 449230 760271 627809 194016 143635 1045942 735266 921329 826034
640502 823259 942733 768911 683385 54374 44495 470189 116435 415319 861461 524891 1015544 931113 581794 409570 535609 241207 651768 253141 675322 184552 728566 177956 603030 1011145 999999999 891301 96819 407255 58949 197811 432647 842902 418924 490067 59011 69518 641255 267769 1076995 357605 700607 421332 38533 797568 803232 374895 743846 532460 671940 450965 871121 749784 394598 779758 806062 1032135 956632 87603 799181 635370 315972 655854 371503 202954 812696 919616 868540 1042530 727089 798777 256178 484037 1088533 229084 1100610 546988 724445 405451 309111 553279 299399 132656 669450 319330 792247 795789 954029 557410 1064969 660022 274744 494216 819792 1115456 38496 292003 203392 395692
563751 493603 221783 289206 324288 873707 857552 454635 919730 961657 145807 370450 658322 706945 310406 517653 783807 758503 347567 652126 943906 710228 778184 800049 438414 406323 891301 999999999 978819 485992 933841 983509 532014 822937 534047 867722 947454 883693 508566 921454 605142 545442 801596 593770 882440 246905 345114 606910 400239 400030 577047 731519 331098 410683 642255 257643 883292 360274 256924 841015 743948 326607 900047 1000642 538124 726248 676923 251475 721221 380301 477329 118228 936783 860507 586267 806544 528600 469881 804641 802773 711833 992304 636564 873995 299278 604748 992573 633138 439806 402404 507292 611944 617080 711260 327980 546203 929770 692657 733770 878190
686105 875993 1018666 864805 779321 105904 140517 565419 96518 387272 954344 609779 1058115 965116 668480 505512 548692 332379 722784 348813 666655 268592 746626 267606 699844 1075672 96819 978819 999999999 492952 44980 226705 529437 859766 515628 486458 69211 148164 693818 243950 1127394 437920 714507 475780 96398 871732 899853 471372 840664 627524 715398 475055 938391 810617 489253 875104 813367 1100990 1030532 142171 823983 710164 300466 636667 449528 266959 845851 993171 898502 1110266 781447 882684 226031 481740 1141185 313610 1158876 643807 738751 415472 350534 528273 366120 142755 764516 415818 783639 833507 1014065 653367 1123387 699128 362125 520780 887263 1172949 63790 342430 299527 387565
385041 507246 544988 421685 344305 387717 376437 159924 435866 542967 474993 117690 724256 681472 175587 157093 460990 329386 278579 191456 648262 224423 577146 348160 323828 641686 407255 485992 492952 999999999 447973 526003 213172 676646 197795 500440 464655 407882 352718 462692 752654 69528 573187 217069 396625 406505 476939 244620 444283 197491 419252 369766 497951 408023 302457 421446 686332 649727 563034 355313 605611 249362 457163 675618 75252 245687 580946 527410 642916 662939 415404 391618 473753 491947 755633 375001 748167 285635 590089 406881 271488 622029 171785 392286 314140 181012 741752 546761 601377 238763 713251 430094 132693 379736 448238 765054 445537 240622 280239 466950
649171 837237 974726 821916 736499 61372 103333 522121 75501 378549 909946 564827 1022541 932267 623500 462842 522617 299994 679566 306093 649990 223613 719181 236360 659026 1034012 58949 933841 44980 447973 999999999 227263 488447 832968 474236 466949 62148 122091 654897 231561 1089488 393186 688588 435893 51449 828034 858041 432519 799909 584085 679163 444566 896053 769677 453356 831764 790252 1058382 986932 98788 794180 666288 284865 624717 405024 223988 813149 949621 866968 1067900 742149 837807 216573 461645 1102639 286178 1118805 603141 712726 389931 313633 518758 323147 111680 721025 373990 767202 799267 973465 610618 1083260 664229 317197 489611 844856 1133088 40415 302979 261617 369433
819570 992544 1070547 807454 724379 252166 189298 532104 302321 605765 926068 639112 1193837 1116845 686908 467843 732346 230573 796332 337272 872571 334840 923324 183537 622234 1161360 197811 983509 226705 526003 227263 999999999 466904 1037692 459405 687618 165428 142610 813341 458499 1246696 495558 896649 596678 236047 932146 825701 393205 755816 591862 852476 645324 1018322 909445 383338 825150 1003211 1174185 1089035 283315 990951 772552 510313 850724 513733 381024 999702 1053366 1057216 1186611 895716 906674 443836 681684 1255431 186049 1259848 567926 920317 603015 498236 745742 466345 329124 721916 378781 989619 979711 1112074 604186 1224293 844173 401178 687246 967451 1275685 188087 475899 250863 592366
596180 699942 662052 343275 258723 440292 389762 86159 509306 702281 460217 260683 918872 887302 277339 56548 663379 236337 454896 186592 849415 300728 789919 290190 170600 794865 432647 532014 529437 213172 488447 466904 999999999 889789 17907 688204 477150 398426 560114 591199 933136 257647 784683 423994 441343 547395 371358 75604 311483 132016 629923 567769 654972 594194 114917 359030 898403 787891 687927 422743 818310 416234 603802 869037 274362 363133 791030 657080 852835 804110 613899 476539 595299 679736 931515 282255 911735 114957 802191 589263 442338 802392 338783 480870 255163 116051 948166 755201 770339 137466 878519 642478 229752 584394 610203 929573 468351 406399 234816 636410
301917 338617 661841 980594 936929 789989 848939 826913 763370 526905 927364 664277 321422 191231 694390 833711 311114 940005 514039 805308 269169 728663 114377 920911 971302 550386 842902 822937 859766 676646 832968 1037692 889789 999999999 874389 388886 890087 895823 350780 629920 437793 642692 146047 479628 806547 576134 1051056 914068 1053932 840536 272727 392369 515519 412727 971661 961855 92546 616518 640740 755530 80333 553871 571750 344271 622948 664491 148026 617282 125141 608660 348649 715299 651967 390785 468297 971216 535488 947660 121802 444337 542127 427992 603857 721293 894909 835810 224839 190607 466569 881226 513089 250913 715084 351283 500365 537581 863493 569594 872161 484829
581775 688778 658608 353918 268839 425235 376401 82278 493642 684472 466731 251102 907656 874236 271392 40712 646052 229205 444936 170860 831961 283814 773946 280709 185421 788331 418924 534047 515628 197795 474236 459405 17907 874389 999999999 670393 464456 386569 546544 573886 923785 240529 768286 407180 426666 541285 384389 73376 326140 134604 615663 550283 647715 583653 120074 368520 882137 782834 683855 406948 803326 406944 586126 851302 257516 345595 776983 652461 838847 798795 601822 474895 578171 661927 922712 275998 904298 130410 785951 571408 424444 784493 320931 464521 262764 100682 931038 741539 762096 145233 870851 627641 211920 567253 602313 922055 454997 388497 223160 618510
344854 531356 796770 907497 837740 435720 507659 657510 392730 143108 918382 558149 650008 533068 614185 634466 104001 648260 522677 541439 185812 432725 284091 610416 823528 770860 490067 867722 486458 500440 466949 687618 688204 388886 670393 999999999 527908 552754 387661 246104 746401 437561 244429 294590 451651 659453 969228 681680 943397 697640 355321 139136 667353 522441 732563 900518 330108 820194 792023 407976 373734 541196 187660 182838 425952 357891 420410 757035 458160 821483 462543 749787 267190 8514 769248 666473 812592 781579 268080 100500 248438 126359 349640 358787 802551 596044 302302 426622 690232 739165 780621 322144 464622 157445 625748 821776 502434 284821 580331 99355
696064 880470 1001535 816990 731475 102368 90712 520321 137623 440600 914065 582344 1070758 984010 638567 458340 580652 268658 710776 303508 711496 243066 775995 203564 646432 1069933 59011 947454 69211 464655 62148 165428 477150 890087 464456 527908 999999999 83033 698276 293706 1133915 416234 746433 478341 86272 856508 848507 414938 786752 582723 727038 499700 930049 808151 428289 829068 849500 1091128 1015565 140402 849073 694307 346833 686826 430351 260770 865220 978569 920173 1101492 784512 856273 278542 522437 1145863 246536 1158788 590225 770475 448631 362500 580887 357962 170182 719438 366680 828706 849576 1012381 605685 1123157 713992 331974 543976 878722 1173537 26706 347637 243250 430878
678463 854595 951324 740261 654921 119993 46884 446783 185926 483584 842752 524720 1053251 974603 577905 383570 592083 185643 667955 232755 738489 198819 781493 120551 566508 1031428 69518 883693 148164 407882 122091 142610 398426 895823 386569 552754 83033 999999999 674164 336352 1108888 367778 755558 456043 106060 809061 769462 333928 706349 509037 711066 503560 889468 774952 345467 753563 863251 1048093 967514 144867 848418 647513 382962 721751 384315 238926 857267 931071 914651 1059572 757836 797546 325365 546382 1118658 165611 1126126 510321 779087 464540 355666 620617 327304 199333 644946 291191 855010 837712 978643 529662 1090490 702059 276785 545028 838257 1141570 85487 333444 163611 460373
55643 182362 409627 631683 586159 597761 630283 488697 604270 510632 592144 317425 382686 328767 343788 506272 290154 660721 169567 517631 435924 478811 278272 659968 623958 397972 641255 508566 693818 352718 654897 813341 560114 350780 546544 387661 698276 674164 999999999 529652 435744 340187 295778 219950 612896 277927 701723 597335 703152 494944 78204 271863 281225 136055 655168 614346 389522 439277 404379 558908 272114 206013 486271 495817 319323 438577 232328 369421 293586 443150 88291 392171 550812 382081 447821 700653 466873 604420 301991 354937 344663 503576 347083 553909 544181 529039 487142 195115 326075 534509 431730 107001 430168 234902 238150 480215 672685 351929 599102 431029
506488 703753 908295 881801 800904 216891 297063 591711 156198 147720 934028 561087 860661 755158 623591 547624 321765 474946 609134 411140 423046 291975 519808 422521 752767 927231 267769 921454 243950 462692 231561 458499 591199 629920 573886 246104 293706 336352 529652 999999999 943777 393579 483898 339163 230293 760624 932162 559061 888471 646451 529722 269690 802067 661231 598182 883470 575960 964542 912522 202725 603748 610605 58545 393573 393780 229530 637042 875180 683818 970208 616867 810726 22596 242337 962086 479135 992295 701450 508120 193194 210421 287250 292301 138822 774518 479393 539870 632543 855242 682741 957895 505640 366602 315564 753522 1004246 270429 229436 414918 146849
442118 254294 385668 860555 855296 1033080 1065524 849612 1035780 887955 746108 672691 118273 246662 662751 887295 643918 1078921 479288 936306 690352 911890 487201 1086337 937287 203505 1076995 605142 1127394 752654 1089488 1246696 933136 437793 923785 746401 1133915 1108888 435744 943777 999999999 759870 530382 655670 1048360 409829 927923 987246 962666 830628 415234 674154 295552 344661 1042201 832353 529930 265846 351436 994278 398140 516918 893029 766630 739840 874298 332156 353813 316947 248382 351082 543923 966040 744265 32986 1122137 112995 939028 514229 753804 776905 827787 781599 986002 815156 933430 662631 319835 172977 860269 110295 438189 854077 628693 329702 107659 1108226 786912 1022195 820800
363500 508550 585504 491132 413200 332020 331525 220028 374310 474302 542197 175165 720814 666089 236745 201603 406002 321233 300997 177901 592537 173186 538167 326898 386368 665825 357605 545442 437920 69528 393186 495558 257647 642692 240529 437561 416234 367778 340187 393579 759870 999999999 529851 167387 342502 441639 545770 271693 511045 263951 398309 311408 522965 417312 329060 490958 644266 680464 600430 297325 575713 279801 387663 615517 20896 181103 559218 563748 620987 692211 413127 445246 405053 429047 765821 362822 765601 344167 548383 341818 202977 557190 102257 328807 383576 193830 690525 528630 617817 304254 730173 403446 95010 326747 471986 781786 395121 171350 262349 399324
240181 361408 673729 918753 865211 647206 708746 730036 618238 384882 887708 582074 423301 298127 622200 728136 165989 811393 464905 681737 164790 596309 43548 787697 884206 598987 700607 801596 714507 573187 688588 896649 784683 146047 768286 244429 746433 755558 295778 483898 530382 529851 999999999 362633 663745 561910 987409 800620 980490 752243 224595 252963 529299 399550 857192 903799 114756 658862 659306 613628 135818 499094 425777 239202 511481 528816 198861 629802 221838 655210 330677 686631 505975 245800 557199 839763 612847 854351 24287 299076 405634 299961 477425 577004 824607 719008 191425 221588 513747 794157 584831 189889 592916 216098 500915 618765 719935 435640 742786 339126
223087 402144 569452 612964 544354 378087 411430 376958 388974 368721 628961 263627 597258 524078 320689 367570 244322 464200 269978 326296 431552 264733 372443 453195 539273 602581 421332 593770 475780 217069 435893 596678 423994 479628 407180 294590 478341 456043 219950 339163 655670 167387 362633 999999999 393088 421540 675243 438086 652396 409633 256518 157325 469717 335885 494895 605999 477188 633185 574784 339207 416735 273550 309249 462359 149665 218863 410295 537292 470626 640691 306442 478977 357719 286346 667577 499177 683104 502673 381524 212952 133445 420219 132178 338297 508405 357341 525148 385757 538518 451793 647608 252338 235832 162707 419652 697255 452807 133415 398031 285727
609941 795198 925256 772360 687045 16559 70185 472239 83136 377600 858852 513591 984538 897918 572122 413739 498447 265364 631305 257212 636840 172224 692280 204682 611900 987832 38533 882440 96398 396625 51449 236047 441343 806547 426666 451651 86272 106060 612896 230293 1048360 342502 663745 393088 999999999 778972 809654 388235 752744 534015 640819 415126 848977 724680 412742 781723 768568 1010858 937977 54207 764034 617006 277672 617397 354798 177217 779206 900749 834432 1020714 699483 786752 219550 445664 1060652 258503 1074764 556258 687655 367739 276251 515124 275817 94186 670852 326085 753790 763335 928785 561303 1039161 627731 265748 458910 797704 1089324 59997 261677 219808 357159
330414 249135 148457 455973 445576 766781 773103 461328 795834 771204 363245 299556 435134 465841 270065 509682 566088 730906 152121 597557 711558 614177 535634 754432 529657 247836 797568 246905 871732 406505 828034 932146 547395 576134 541285 659453 856508 809061 277927 760624 409829 441639 561910 421540 778972 999999999 525360 611015 554494 431764 338258 531754 114635 164816 661310 429606 638320 244418 159072 729572 497381 162201 727755 773399 426361 605095 430032 122127 475251 258990 232834 147057 779252 653149 400445 778018 368034 536039 562977 610905 553355 779165 506339 746056 405327 574563 751406 386233 237248 457021 336711 374505 532870 502578 87672 386246 834313 544636 686277 688401
754266 762622 559254 71006 132643 807153 760788 342696 872560 1019903 202683 414129 960430 979699 366084 396466 913319 598677 537591 552461 1096698 655504 977021 657816 204158 739082 803232 345114 899853 476939 858041 825701 371358 1051056 384389 969228 848507 769462 701723 932162 927923 545770 987409 675243 809654 525360 999999999 437429 77321 285731 779815 832515 635244 658397 442737 95842 1089542 700737 593961 785697 971204 497196 932262 1135612 551667 704473 918504 580051 973570 720571 710684 384117 940406 960878 913500 640072 864030 259845 997975 880376 748426 1093739 647281 838708 166901 484091 1173748 875258 755802 251156 839128 806933 568252 831327 612485 882126 839385 717058 605912 943395
628397 747792 730862 414616 331182 389377 330856 155385 461668 680332 535423 316324 966092 926092 341970 101461 668298 162959 507995 148225 851237 267754 809818 220392 233466 857218 374895 606910 471372 244620 432519 393205 75604 914068 73376 681680 414938 333928 597335 559061 987246 271693 800620 438086 388235 611015 437429 999999999 372544 206964 662869 570545 715634 644730 58007 431946 915247 853599 755617 376953 845834 471682 578418 864286 291159 337786 824652 723752 886642 869263 658162 548080 560523 673360 987407 207707 971655 177585 819601 581345 433247 789790 334633 438867 329990 85635 954935 791138 828114 212542 937829 671688 217256 592675 669222 989258 408738 396860 172063 620575
753455 781586 605481 111061 117121 751360 700621 297027 819131 984249 265168 399231 986669 996114 360088 343855 894644 531255 545623 496697 1080379 605166 973463 592064 140885 780440 743846 400239 840664 444283 799909 755816 311483 1053932 326140 943397 786752 706349 703152 888471 962666 511045 980490 652396 752744 554494 77321 372544 999999999 247106 781255 809290 667494 674555 372513 142673 1086239 747160 639413 732266 974982 503570 892755 1114744 519514 659188 926937 621923 984121 766683 721591 420968 895239 934944 950446 571023 905786 196858 992726 851099 713715 1066055 610375 787957 159496 426815 1163213 884592 789718 207345 879035 805807 522055 812313 639742 924064 779110 680720 543506 910358
539206 611206 536648 239598 155618 529738 492487 62403 591616 737600 335136 177545 828466 812190 168297 125794 653646 362686 362358 279485 840569 372809 750294 410671 131963 679260 532460 400030 627524 197491 584085 591862 132016 840536 134604 697640 582723 509037 494944 646451 830628 263951 752243 409633 534015 431764 285731 206964 247106 999999999 570518 565283 543434 502523 244238 247709 862219 666829 564160 505270 764456 320416 647614 871294 272619 418906 726670 535113 787122 683864 533677 347755 654709 689159 825970 409999 799527 111224 766758 604353 466733 819520 363801 555425 137005 218149 928964 687301 662774 42280 767519 589625 283275 571530 502227 817661 570097 434054 348636 663274
34814 177702 457917 709697 664293 624997 665713 561393 622305 488931 666793 393316 343719 269077 421674 575085 252257 714669 245708 572943 374536 521222 202896 708311 700333 415546 671940 577047 715398 419252 679163 852476 629923 272727 615663 355321 727038 711066 78204 529722 415234 398309 224595 256518 640819 338258 779815 662869 781255 570518 999999999 261124 318819 179291 720872 692080 312777 465858 447605 586640 194542 283514 480805 439627 377499 472361 161783 415249 223773 466477 112210 462530 551805 351086 432504 752252 464700 679195 228147 342986 365537 461555 388549 573101 622349 590826 415570 130744 335600 610576 431137 36910 483410 217242 283541 475775 700792 379961 650570 414610
240460 437300 673639 769869 701677 398581 456685 529062 378863 240332 779349 420030 592060 491456 475345 512374 98426 562836 389422 439918 281721 345816 278000 535908 693544 668010 450965 731519 475055 369766 444566 645324 567769 392369 550283 139136 499700 503560 271863 269690 674154 311408 252963 157325 415126 531754 832515 570545 809290 565283 261124 999999999 552384 407635 624655 762229 364016 711112 672137 363445 349626 405010 219682 306032 297269 276409 372272 635974 423556 714683 355420 614012 292036 131229 692821 588904 725460 654402 276082 83277 153312 265492 236741 333394 665649 485831 384872 364226 592197 607248 691561 235974 355007 46503 507246 736797 473008 185251 493935 159300
323058 176936 146692 566830 559764 835598 850681 569395 856386 791789 462517 400061 329366 378782 378517 614210 567095 826696 221997 689019 688894 691405 496485 845006 644055 143736 871121 331098 938391 497951 896053 1018322 654972 515519 647715 667353 930049 889468 281225 802067 295552 522965 529299 469717 848977 114635 635244 715634 667494 543434 318819 552384 999999999 145234 767706 539420 588633 163475 130042 797319 441349 248778 762682 756910 505454 672155 367656 102084 402414 171876 206903 251709 822247 662130 285820 872819 256829 649218 525507 635039 603006 779121 573183 805817 519765 672910 711336 326679 122710 570176 224167 355378 617150 516120 51332 274767 906476 600652 777634 711684
179169 109095 278948 587436 559037 710430 733547 513135 724857 646685 517174 334040 326221 321791 335496 545953 422912 734675 140507 592463 553617 576259 371620 744206 620967 267272 749784 410683 810617 408023 769677 909445 594194 412727 583653 522441 808151 774952 136055 661231 344661 417312 399550 335885 724680 164816 658397 644730 674555 502523 179291 407635 145234 999999999 700557 564886 473504 304144 270495 671666 333372 182110 619972 618817 397766 547618 268543 236884 318323 309049 68884 303009 681886 517118 348795 778373 351251 613478 399378 490523 467479 635649 450472 674178 516611 588886 587724 224431 204245 536831 315602 216193 512130 370911 104736 366619 783530 469021 679104 566899
686404 804312 776962 429026 349262 416013 350104 200815 490260 724539 560280 369998 1022828 983904 391331 154906 722724 162006 562953 192744 904488 310339 866970 225997 240442 908405 394598 642255 489253 302457 453356 383338 114917 971661 120074 732563 428289 345467 655168 598182 1042201 329060 857192 494895 412742 661310 442737 58007 372513 244238 720872 624655 767706 700557 999999999 449623 971885 902496 802816 408335 903688 525798 621334 915378 348714 383045 882654 771845 944645 918585 715277 590920 597942 724321 1041729 198794 1024212 188335 876393 632073 484345 837992 388075 472342 354783 138962 1009421 849082 881614 240869 990675 729652 269917 648057 722077 1041937 425606 448075 192962 667955
667881 668161 466412 31624 100858 777357 739236 309685 838285 960979 125586 342377 864717 885616 288211 370728 838593 594752 447817 526620 1019333 619094 891399 649044 213518 644696 779758 257643 875104 421446 831764 825150 359030 961855 368520 900518 829068 753563 614346 883470 832353 490958 903799 605999 781723 429606 95842 431946 142673 247709 692080 762229 539420 564886 449623 999999999 1003485 608141 500837 752292 881739 408594 878346 1061781 493808 660159 827128 485662 881300 627856 618842 288450 893595 892309 818231 639492 769840 261446 913297 815556 690532 1026202 593198 800630 111133 462647 1091986 783613 660101 223947 744428 720497 527513 757359 516821 788000 817190 661374 590991 882063
