NAME : synthetic_000727
TYPE : CTSP-D
DIMENSION : 100
GROUPS : 8
RELAXATION_LEVEL : 1
EDGE_WEIGHT_TYPE : EXPLICIT
EDGE_WEIGHT_FORMAT : FULL_MATRIX
EDGE_WEIGHT_SECTION
999999999 686215 662055 860434 909633 918228 813086 1014578 777313 363571 424255 733314 683606 764825 794445 584640 677922 757806 420095 460550 172534 285679 211289 527098 169918 896855 993766 91596 1002929 773402 874005 133691 615727 264352 535950 298113 815442 967205 409220 32385 753813 888983 99534 451616 491011 681158 540006 910398 939497 546196 242828 352079 629407 292592 48038 980468 747988 670379 800403 875049 1041231 893673 671606 516337 1074904 721528 852610 939914 749069 517941 934514 539164 276092 748557 528603 495345 995481 944304 790891 639569 712465 771890 1041021 610248 358980 382262 530852 665116 970302 375080 236094 871821 734882 833535 336991 870952 460854 336805 503051 874059
686215 999999999 24572 746689 532891 476168 497115 610933 102977 828687 307083 243381 386435 733481 279193 263581 606989 815056 342012 439208 788376 616166 701785 220186 607168 378587 689805 768248 579181 811374 280569 717019 629353 703441 381131 475434 975473 573653 284279 691297 535663 631310 692754 282453 384807 186117 209961 502682 405347 204481 798276 347975 64358 441010 679489 683693 107038 99778 126220 778071 700036 465740 586204 401683 560608 654602 232135 659651 775210 445341 598257 651519 522652 142344 301288 388732 639683 655400 1002376 173542 787786 248886 732136 851256 572608 755344 156762 968948 614027 706492 467108 581980 265762 500895 467627 325271 601758 375938 478679 381155
662055 24572 999999999 736002 531480 477896 491291 612479 126413 805015 283263 240765 375894 719593 281167 254991 592378 799349 323312 418375 763806 592385 677412 198527 584750 384100 686888 744380 581511 796212 291243 694127 612320 679388 362866 454682 958329 574010 259708 666952 525651 625173 669506 258956 364697 179346 194896 502626 412840 189799 773864 325286 47131 419263 655072 680325 118227 92726 149882 767145 699208 466252 571696 382660 568866 640737 245021 655095 759989 426441 595677 632107 498562 148770 288740 368819 638848 651217 984115 161473 771240 258684 730010 831223 549774 732297 132247 948440 612833 683593 443979 576588 262383 496133 444042 331965 580829 351448 459246 384547
860434 746689 736002 999999999 322135 404357 278032 365405 823945 645686 596191 519999 360276 111486 519502 939168 188547 199134 885834 442112 800871 578358 683484 585243 937871 504074 241238 942070 388006 177077 606397 982638 245121 634454 421272 919099 353098 343823 670957 836380 211577 175795 944605 591791 452504 562398 850530 361164 526554 850236 737837 796689 760958 869571 816630 229064 679740 647074 838880 32320 300525 388589 201248 419777 529896 139635 645097 201710 166292 389243 270074 330448 594190 638898 936771 445949 302063 212554 415723 574547 222084 994650 266216 405749 501456 555454 700303 497645 297727 527652 828045 220534 496840 287878 551782 541528 401025 639123 383644 473333
909633 532891 531480 322135 999999999 84778 100580 105070 582483 818285 525181 290819 229491 386137 257682 776148 329726 493622 779296 450824 911073 671523 789874 459067 929579 197477 160574 1000501 97364 476344 314572 1006496 408491 754809 374548 860095 664004 57591 584915 894906 191443 148006 970534 506453 419606 356458 697095 41068 210243 694443 870788 717332 570003 810817 875898 157428 439180 439728 591279 351863 168095 76819 317798 393297 220347 334916 363336 146616 450639 395897 70160 496017 637427 397150 793729 414880 107973 138423 720052 389104 496404 774911 199756 656797 588203 720904 552741 769599 81420 677373 792259 102343 269947 78418 572993 246429 522359 601458 418929 173525
918228 476168 477896 404357 84778 999999999 150748 134769 515555 859724 514658 242672 236964 461063 196997 729003 390206 568352 748448 468411 935267 697952 815873 435537 922556 116511 237526 1009757 104147 552273 236465 1006586 464779 785192 384282 840739 740663 101141 566711 906238 249927 232044 971817 492747 428500 311933 654587 43850 125514 651297 901480 696011 519568 792696 887843 236753 376431 389085 522295 434699 230614 25860 375491 406788 165994 403335 287778 230476 524623 418275 152147 546838 652686 335734 752028 424770 172204 221747 794473 349906 567440 711379 270454 719513 616587 762961 516974 835343 150844 717066 780985 183853 225508 130841 585612 169244 562261 596532 446347 98604
813086 497115 491291 278032 100580 150748 999999999 203027 561912 718867 441249 256412 143552 316825 244716 723111 239476 422951 708807 352963 810840 571200 689519 387190 840247 229921 206456 903561 197911 408401 328368 913230 314920 654234 280877 779288 596674 156577 505854 797467 99188 134270 876808 425196 325612 311946 639633 118156 258257 637750 770208 639174 524585 729408 778301 196908 415919 398702 574334 310146 238276 127619 225072 297550 311263 254262 368064 165957 378746 297000 125951 399419 539404 373733 734163 320472 185255 163792 647861 336269 418982 745139 254037 568781 487770 621553 490491 684703 158778 577496 706193 85647 233148 22379 476099 263821 422354 512872 318867 197703
1014578 610933 612479 365405 105070 134769 203027 999999999 648514 913522 628349 375524 334209 449257 331751 862742 415403 554572 876004 555339 1013406 773673 891884 558168 1033826 243535 140634 1105377 36707 534949 363338 1111471 496367 855443 479618 961454 717844 47517 686219 999647 284114 195421 1075555 608828 524676 444090 786974 114917 237174 783883 971033 817867 653762 912501 980588 147168 510853 523118 654285 390633 108294 147476 406394 498261 170510 410977 416610 164247 514055 499886 102547 587102 741928 470383 884261 519944 66583 153356 778517 480286 564426 845165 155689 734774 690020 816174 646483 842662 68328 774152 895654 171707 357013 181670 677827 298793 619920 705745 521756 231824
777313 102977 126413 823945 582483 515555 561912 648514 999999999 931428 409665 306104 466539 819631 325088 288872 695492 905564 405412 540439 886435 718787 802708 322608 685959 406383 742637 856494 614267 900546 291915 798259 723403 805576 478535 546131 1069120 616236 382783 784391 612462 695477 776498 385315 485160 263471 265037 548020 423968 258594 898912 430816 148549 517405 773540 738148 145996 185947 23711 855869 745329 509832 674554 500306 571698 741012 237643 718365 864623 543612 650950 750268 624720 188277 340096 488793 685688 712906 1098472 262786 880354 198379 781784 950898 675542 858317 254749 1069314 661646 809439 551302 644276 329502 562268 570440 350786 702953 476184 577767 417098
363571 828687 805015 645686 818285 859724 718867 913522 931428 999999999 521816 761468 635855 535010 811674 835427 504379 484537 688354 423475 211811 212913 166998 614295 522908 885719 844394 402017 915163 505553 911941 492670 423463 134799 511290 611822 486750 870784 560208 331207 629462 740558 462082 546291 480262 737885 763339 835387 927480 767930 129709 589801 791035 583710 318754 830198 846680 769955 954855 648310 901809 833977 509619 484211 1025598 526580 912205 790277 494044 455558 815395 329790 309855 828787 792480 479981 872799 798099 448223 708487 443041 996290 884917 286496 265694 97402 682264 309334 853335 143081 516885 745058 751825 741229 361107 881814 297473 464792 421558 854891
424255 307083 283263 596191 525181 514658 441249 628349 409665 521816 999999999 309868 298131 541406 371431 370763 415674 594525 289918 173154 494193 309123 398168 104958 407918 477068 644283 514468 609630 598079 450075 495827 401778 396707 176585 338545 731842 581366 75315 420192 417994 551194 462791 28094 144327 257257 282982 515979 518991 285159 495115 203026 270915 288465 404623 633100 338536 259223 433141 622218 679516 492187 398684 176597 661478 468996 431469 596546 562929 211833 567056 389687 216295 331189 352850 150849 625078 597463 744955 216591 557552 492911 692695 575962 271255 451407 164028 686888 597938 403747 267342 517685 313212 457629 161221 447728 321928 87510 230648 457080
733314 243381 240765 519999 290819 242672 256412 375524 306104 761468 309868 999999999 172443 526229 61829 487375 409679 620427 509589 338027 785606 565982 675780 212795 709107 171952 446501 823975 346762 612220 150918 803501 454459 658565 250880 611654 790891 334995 345217 727448 309595 390505 771488 283452 282044 69612 411918 263271 211827 408655 770134 466701 279476 565718 710951 440313 160430 148950 319638 552154 458735 228121 388994 277941 362452 449390 155490 416709 577395 311835 355078 505015 494958 118979 509356 281808 398412 412223 829079 110420 601594 489601 489279 704671 496842 672113 276760 826065 372218 622060 563694 340101 23399 258425 426865 137863 482874 397246 348235 159348
683606 386435 375894 360276 229491 236964 143552 334209 466539 635855 298131 172443 999999999 355197 197101 591287 237269 448009 566914 231658 698958 463016 580342 246327 700256 250574 348968 774930 319806 440071 300537 777441 286115 551956 147896 635828 618598 286732 362334 670522 149919 264168 741712 281656 192642 203282 505287 226830 291803 503982 667918 495663 402613 586003 651913 338651 325422 286906 482904 391638 381581 211644 216635 169832 400054 277600 321355 304597 405082 183891 269036 347043 415826 286901 597687 188532 326994 304067 657914 214587 429493 634454 396979 541542 383271 541048 354426 662649 299917 492887 564112 223888 151813 159502 349096 254607 341858 372173 215120 219156
764825 733481 719593 111486 386137 461063 316825 449257 819631 535010 541406 526229 355197 999999999 538688 900688 129093 107508 830009 374977 695552 479949 580255 549271 853641 546003 339495 843614 466163 91585 634820 890475 153170 529790 375354 848405 280008 419760 616660 739308 225780 253867 852528 541869 397859 556410 811186 420773 575027 811720 630169 735223 738349 799992 719727 326149 680419 636071 836899 114408 399725 441031 148962 367114 604212 78880 666461 292486 64955 329574 348010 227336 506714 642091 891451 391469 390901 302691 333949 560106 116575 976607 370552 297232 407435 445998 664788 395972 381059 420483 753217 285567 504341 332849 472223 574819 304132 571711 314902 513159
794445 279193 281167 519502 257682 196997 244716 331751 325088 811674 371431 61829 197101 538688 999999999 533789 430048 637745 566292 389508 843471 620457 732037 274554 770766 111881 417580 885243 300362 627507 103979 865328 483154 712784 300557 671697 810593 294974 406772 788138 314973 374928 833283 345159 335324 126777 462484 224744 150486 458760 825540 526975 323692 626227 771464 413079 181622 194142 334804 551819 422631 187166 410055 327578 303103 464595 127774 394248 593859 357789 325865 541775 552679 139885 559882 334410 362482 388398 852775 169703 622895 517487 457334 738292 548734 720477 333427 859516 337654 670779 625246 322805 61430 241352 484245 76531 527050 458719 393479 104486
584640 263581 254991 939168 776148 729003 723111 862742 288872 835427 370763 487375 591287 900688 533789 999999999 771951 962422 164746 543418 729615 632460 679029 354028 453088 638861 926065 647101 833089 964410 544145 566866 769125 700698 525336 302186 1102603 822272 301654 601408 737897 853441 554210 363072 506299 419848 89522 750511 667777 89111 766035 247730 210299 293140 596561 918116 370588 339992 303743 968206 944154 715456 752942 534979 823629 824422 495018 889064 928657 575654 836662 760237 534683 403710 60974 512345 884120 886550 1114564 388258 926897 192110 971268 941679 622922 786788 238953 1047542 857396 745009 349658 808511 506854 731591 507525 586955 689699 384730 599131 637988
677922 606989 592378 188547 329726 390206 239476 415403 695492 504379 415674 409679 237269 129093 430048 771951 999999999 211251 705321 254865 633388 401220 512737 420183 749693 455779 340723 762059 422570 205067 530727 797277 81497 467662 246696 731872 381421 376260 490978 655364 140403 236197 759275 414625 271431 433472 682479 356044 490161 682930 578142 612890 609967 682617 635545 326539 559079 510670 713521 210311 397523 366652 20962 239855 548649 53322 556764 286234 169267 204718 314365 174625 407701 522264 763750 264944 369730 293826 422948 434165 192869 848579 382971 329307 320503 408114 535725 445925 351900 371038 639846 244018 388995 260074 363347 476024 226535 452479 195669 422204
757806 815056 799349 199134 493622 568352 422951 554572 905564 484537 594525 620427 448009 107508 637745 962422 211251 999999999 876660 421911 666094 473652 559063 618322 865046 651140 438774 829639 572638 23182 736129 888334 193297 505715 442394 878304 174184 526439 668400 729701 329264 359283 850994 599518 456276 644371 873175 528238 681179 874389 593682 777376 813828 831907 710787 426021 770224 720128 923976 186601 498621 548042 232162 428849 711364 173402 765235 394913 44375 387023 454131 227452 520293 733514 947374 450339 494588 405428 226442 643340 45341 1052980 465347 216131 413494 405711 731925 298875 486251 391494 779290 392824 599382 439589 499062 677857 311203 610687 363958 618044
420095 342012 323312 885834 779296 748448 708807 876004 405412 688354 289918 509589 566914 830009 566292 164746 705321 876660 999999999 456473 568499 495186 526808 321757 291938 677792 915229 482851 851024 882169 605040 406223 686309 553948 464945 143514 1001279 831490 214889 437552 701113 829470 391282 294809 434204 440393 140692 761097 713406 147232 609624 103978 277704 128463 433469 905306 438325 381027 425412 912089 943144 730333 688545 466503 868821 758634 564147 871465 847832 500868 831319 659857 401554 459675 109241 440737 885223 870961 1004963 399560 837207 354758 962804 825248 500835 649497 232956 923180 857829 611881 186240 790801 523924 721754 389832 632502 582032 268516 516156 668764
460550 439208 418375 442112 450824 468411 352963 555339 540439 423475 173154 338027 231658 374977 389508 543418 254865 421911 456473 999999999 467419 233707 349644 220397 504467 471677 536151 550717 545838 426263 488665 565854 230030 324885 89631 477103 559735 508210 246498 444505 296422 433373 528625 181421 58113 317483 454988 455076 514513 456792 439593 360286 419592 427765 425345 523258 434016 362344 562472 465106 581568 442917 240866 63459 631591 307358 489277 483348 391579 58454 474010 219530 186606 410994 525725 56844 534957 486882 575783 292914 384453 653714 584078 413976 159228 335514 322978 530163 509757 285254 386536 412289 329003 373783 123949 461671 162559 197674 60075 443170
172534 788376 763806 800871 911073 935267 810840 1013406 886435 211811 494193 785606 698958 695552 843471 729615 633388 666094 568499 467419 999999999 239750 121949 598511 342291 935337 969005 191596 1007854 684854 934271 289268 559506 166553 554742 461135 692612 967394 504147 143283 735513 862692 263291 522128 513294 744848 673010 919548 978438 678687 82107 484854 738422 446558 139697 955044 832468 753129 910087 809695 1022069 909628 632356 530208 1098986 668211 922118 914065 666644 517409 923267 470447 290792 824842 677624 515731 983655 920204 658183 707383 621753 909465 1013718 488011 323575 262446 632118 521140 960767 276188 382830 855575 782082 832736 359286 918914 406906 414162 492184 908355
285679 616166 592385 578358 671523 697952 571200 773673 718787 212913 309123 565982 463016 479949 620457 632460 401220 473652 495186 233707 239750 999999999 118377 403824 398104 705362 731718 363955 768439 488516 716782 414781 333284 92646 323098 444614 547952 727723 348530 259413 496367 625442 377359 334022 285212 534971 556234 680808 748216 560462 205904 392604 578143 407089 239900 717876 638264 560485 742262 591355 783756 672194 397908 297166 862677 441002 711758 676877 463522 279719 683780 253568 98699 623010 594062 286468 744292 682628 534929 502590 428379 786432 777190 349907 83975 154721 469427 433270 721201 118107 343278 616473 559283 593147 149271 693979 177335 253830 252879 676841
211289 701785 677412 683484 789874 815873 689519 891884 802708 166998 398168 675780 580342 580255 732037 679029 512737 559063 526808 349644 121949 118377 999999999 499613 359863 820302 847277 271847 886811 576486 825868 344837 440328 54236 438247 444974 605204 846015 421554 179773 613572 740955 310572 425244 398375 639725 612011 799118 863301 617067 96959 431495 657185 418018 163535 833338 735417 656415 826406 693779 900173 790148 511134 412945 980289 549036 817334 792349 555645 397608 801373 353436 183908 724005 632998 400266 861730 798415 579606 604545 514006 847897 892162 399593 201873 170993 548543 455612 838900 168505 351154 733629 670634 711489 249776 806591 286240 326708 371248 792439
527098 220186 198527 585243 459067 435537 387190 558168 322608 614295 104958 212795 246327 549271 274554 354028 420183 618322 321757 220397 598511 403824 499613 999999999 496394 383843 593645 616525 535483 617965 347082 591265 426624 494127 175958 405227 770005 512615 133062 524227 387082 510262 559836 76867 168829 154490 265293 443502 424479 265018 596499 260502 200141 357471 508996 583902 235831 157083 345290 614183 621621 415261 400627 191055 572427 471972 326711 550741 581791 234581 509631 436881 316055 226407 353747 173607 564087 549873 791615 112472 586411 437393 641112 634151 354015 537255 115737 750531 536676 487904 351253 469859 220013 400000 254663 349737 382569 190890 264849 367307
169918 607168 584750 937871 929579 922556 840247 1033826 685959 522908 407918 709107 700256 853641 770766 453088 749693 865046 291938 504467 342291 398104 359863 496394 999999999 880149 1036016 201474 1016570 877651 835064 114291 700541 407497 560429 151048 945624 986506 364098 199421 798649 935817 103357 430685 516731 647404 428003 922798 920867 434568 409135 259642 544755 168816 207059 1023702 687103 615500 707587 957040 1076979 899939 739184 547498 1067590 798696 804352 984721 849169 562412 965799 638379 347226 697051 393186 522435 1025497 987356 929032 603824 820361 645028 1084412 744668 451690 524914 463114 813427 998860 506725 146099 909930 716036 858466 386616 845272 555091 328121 558246 862507
896855 378587 384100 504074 197477 116511 229921 243535 406383 885719 477068 171952 250574 546003 111881 638861 455779 651140 677792 471677 935337 705362 820302 383843 880149 999999999 353960 988144 208422 637446 120504 972623 521476 796388 382310 783358 825250 216451 516706 888784 322253 338913 939852 451758 422208 238653 570943 157152 43121 566927 911262 638513 428719 737625 871500 352842 273902 301992 411228 535583 345383 121031 437982 408239 191239 479623 173141 344012 606785 430991 267031 593017 645685 236262 668011 420086 288074 335898 874298 281434 643898 604095 386585 780039 628885 791401 445072 899439 267327 742945 735084 287607 164268 216769 577033 55602 592427 563552 464212 33581
993766 689805 686888 241238 160574 237526 206456 140634 742637 844394 644283 446501 348968 339495 417580 926065 340723 438774 915229 536151 969005 731718 847277 593645 1036016 353960 999999999 1082174 172875 417409 473229 1101997 420999 805038 476324 982828 592987 141957 710900 974984 240096 106323 1064770 629704 519390 509078 844057 198004 359195 841919 917463 844197 723400 932736 955347 14197 598653 594388 751730 261957 60235 236054 338246 488557 310973 320359 523128 54953 402008 477774 91825 514773 717676 556428 939326 513616 74743 49467 656696 537855 455956 933921 48515 635243 648179 748598 695949 735027 87782 711643 906194 126748 424524 195026 659726 405347 563595 711511 490730 332794
91596 768248 744380 942070 1000501 1009757 903561 1105377 856494 402017 514468 823975 774930 843614 885243 647101 762059 829639 482851 550717 191596 363955 271847 616525 201474 988144 1082174 999999999 1094078 846396 963603 108922 696951 326016 627186 348859 874283 1058050 495749 107257 842513 976971 99108 541594 582298 770860 610884 1001678 1030732 617268 272987 426826 709704 354575 126998 1068763 834109 757226 879246 955308 1130413 985169 756728 607261 1166491 804032 941028 1028073 823943 607721 1024385 616575 365136 836227 588654 586560 1085383 1032709 844169 728924 784411 837532 1129163 668461 441682 439099 614440 710678 1060387 440306 306960 961053 825894 924151 427564 961716 541134 426958 591582 965515
1002929 579181 581511 388006 97364 104147 197911 36707 614267 915163 609630 346762 319806 466163 300362 833089 422570 572638 851024 545838 1007854 768439 886811 535483 1016570 208422 172875 1094078 999999999 553754 327698 1096781 502548 852083 467010 940047 738665 46851 665137 989011 286780 214148 1061271 589098 512010 415916 758676 93780 200664 755411 968099 795828 623518 891488 970158 177870 477938 493130 619581 414638 144721 120705 411944 487017 142352 422666 381233 189619 531118 491775 118771 591492 732276 437942 856102 507591 98155 178883 797920 453377 579933 811380 191509 746404 685258 817764 620232 856605 91761 774514 876883 182586 329244 175670 667021 263898 619578 688930 515673 198622
773402 811374 796212 177077 476344 552273 408401 534949 900546 505553 598079 612220 440071 91585 627507 964410 205067 23182 882169 426263 684854 488516 576486 617965 877651 637446 417409 846396 553754 999999999 724830 903292 196346 523433 442066 887394 188487 507765 672435 745667 316500 339948 865813 602007 458137 638444 875014 511638 666611 876056 613247 783757 811968 840531 726621 404795 763777 715571 918582 163677 477113 532466 226019 429788 693151 163131 755195 374368 36275 388774 435078 239283 531836 726454 950789 452067 474316 384957 244256 638951 63201 1051042 443242 239123 425973 425354 732263 321555 466623 409554 789016 374986 590823 424396 507985 665574 322800 617441 367490 604535
874005 280569 291243 606397 314572 236465 328368 363338 291915 911941 450075 150918 300537 634820 103979 544145 530727 736129 605040 488665 934271 716782 825868 347082 835064 120504 473229 963603 327698 724830 999999999 935206 586227 809390 400803 723539 909734 336898 473263 870216 409260 449637 905043 422475 432936 192861 485250 275389 132152 480448 920595 581874 338096 681289 854418 471445 173652 224834 294476 638510 465886 237824 511103 427901 282208 562728 54426 459938 691964 459960 384689 645753 644126 145519 579972 432622 408448 452437 953665 234780 723220 490290 506872 842013 647641 821853 378601 963172 387235 771939 689007 397329 160551 320010 576451 68160 630025 537305 495969 141080
133691 717019 694127 982638 1006496 1006586 913230 1111471 798259 492670 495827 803501 777441 890475 865328 566866 797277 888334 406223 565854 289268 414781 344837 591265 114291 972623 1101997 108922 1096781 903292 935206 999999999 739423 398038 632529 264683 949092 1063957 461947 165109 862212 998933 38033 520867 587652 744790 541933 1003217 1014239 548487 367183 369116 655428 282305 181706 1089110 793039 719377 820145 998857 1146541 983019 789295 616114 1157044 843101 907260 1049137 877878 624264 1037273 666895 389854 800423 506695 592758 1097832 1052736 924415 701563 843028 758916 1149927 743939 483050 515829 569336 797263 1071834 508444 250523 977643 808464 932642 442601 940927 586552 410733 614130 952894
615727 629353 612320 245121 408491 464779 314920 496367 723403 423463 401778 454459 286115 153170 483154 769125 81497 193297 686309 230030 559506 333284 440328 426624 700541 521476 420999 696951 502548 196346 586227 739423 999999999 393045 251278 697336 346121 456508 476089 591356 217333 317226 701414 406256 263030 467390 679883 432742 558112 681115 501070 588782 624055 649438 571625 406802 594038 537479 742962 259516 478373 440434 90703 236167 625867 108737 606912 366814 161556 193864 395673 93788 353811 560282 754560 257137 451228 374670 376682 460744 159809 862983 462222 258569 256879 327642 539345 378478 433282 292265 601105 325255 435784 336319 319642 536230 155957 423262 171152 488013
264352 703441 679388 634454 754809 785192 654234 855443 805576 134799 396707 658565 551956 529790 712784 700698 467662 505715 553948 324885 166553 92646 54236 494127 407497 796388 805038 326016 852083 523433 809390 398038 393045 999999999 414492 482619 551378 810217 429297 233217 574453 698846 363242 422559 377464 627402 629292 766214 839123 633982 116311 455026 662666 451929 216383 790999 729306 651114 829170 643725 859063 759359 467391 388227 950561 501720 804318 750090 503299 368082 762751 304006 180862 714904 657727 378535 822629 756550 526896 594573 460767 863116 849159 345950 168762 118535 553650 405990 800515 114551 385370 694114 651678 676421 239676 786024 241629 333579 338851 767435
535950 381131 362866 421272 374548 384282 280877 479618 478535 511290 176585 250880 147896 375354 300557 525336 246696 442394 464945 89631 554742 323098 438247 175958 560429 382310 476324 627186 467010 442066 400803 632529 251278 414492 999999999 511037 596270 432124 250336 522630 243370 378880 596291 170521 45064 237789 435839 374497 425222 436371 529001 379397 372851 460784 504018 464344 360091 294409 499318 448280 516578 359194 228009 27098 545502 299431 404244 426204 405920 65857 405767 272184 268585 332843 517658 40644 465914 428156 621304 219949 411054 611709 524818 473684 248479 421243 290386 593472 439633 371225 430271 349836 240538 300114 201339 372169 235182 235365 101809 354192
298113 475434 454682 919099 860095 840739 779288 961454 546131 611822 338545 611654 635828 848405 671697 302186 731872 878304 143514 477103 461135 444614 444974 405227 151048 783358 982828 348859 940047 887394 723539 264683 697336 482619 511037 999999999 982822 915163 275258 321091 754371 889004 253243 354311 472086 545150 283112 847369 821787 289696 514956 145134 411415 50258 321593 971632 564552 499191 566800 942170 1017403 820201 717902 504981 974101 784036 687266 934906 855451 530496 904841 652428 365804 580417 242148 478477 962137 935950 976591 501994 835674 494236 1031234 792208 473980 591491 344964 877293 934858 562104 101811 856223 622403 795068 379410 742779 569555 280178 536278 769975
815442 975473 958329 353098 664004 740663 596674 717844 1069120 486750 731842 790891 618598 280008 810593 1102603 381421 174184 1001279 559735 692612 547952 605204 770005 945624 825250 592987 874283 738665 188487 909734 949092 346121 551378 596270 982822 999999999 693258 802510 784559 503448 524542 913666 741110 602703 810778 1014568 699806 854927 1016470 612488 898665 968931 939897 767406 581380 937290 883176 1088383 331100 651088 720950 401968 578987 879263 347205 937783 554725 218559 535435 619928 342930 617038 901843 1081435 597361 655114 565541 69431 806340 189635 1207330 612429 205849 508956 435292 880176 206963 649772 441402 881296 562170 770383 612857 612526 851926 419322 732805 506807 792189
967205 573653 574010 343823 57591 101141 156577 47517 616236 870784 581366 334995 286732 419760 294974 822272 376260 526439 831490 508210 967394 727723 846015 512615 986506 216451 141957 1058050 46851 507765 336898 1063957 456508 810217 432124 915163 693258 999999999 639905 952402 241610 168843 1028038 562115 477184 402682 745128 71766 217895 742211 926007 771866 614245 866083 933373 144016 475902 483531 623281 371233 129474 107915 366012 450871 186222 375823 388726 148911 484711 453018 73750 546002 694814 434668 842208 472467 71747 138552 752001 437609 533255 811433 170360 699587 644211 773385 603016 809772 54515 730666 848616 135743 315534 134886 630523 270155 576011 658403 475440 199669
409220 284279 259708 670957 584915 566711 505854 686219 382783 560208 75315 345217 362334 616660 406772 301654 490978 668400 214889 246498 504147 348530 421554 133062 364098 516706 710900 495749 665137 672435 473263 461947 476089 429297 250336 275258 802510 639905 999999999 410938 489265 620566 432032 81751 219589 283545 216426 572251 557043 219479 517050 133332 235856 226366 397872 700183 338769 261478 406481 697218 743440 545655 473923 251698 705488 544299 446653 664629 637457 287091 630873 459648 250409 340854 279533 226100 687535 664981 813040 240066 630744 438825 759090 640368 325369 498539 128079 747965 660201 453319 218480 584853 353055 520917 210126 481180 388048 95721 304970 500358
32385 691297 666952 836380 894906 906238 797467 999647 784391 331207 420192 727448 670522 739308 788138 601408 655364 729701 437552 444505 143283 259413 179773 524227 199421 888784 974984 107257 989011 745667 870216 165109 591356 233217 522630 321091 784559 952402 410938 999999999 735402 869735 131719 447948 477964 677441 552910 896997 931621 558968 211141 363933 636014 311568 19821 961557 749084 670803 807678 850274 1023416 881425 649762 501994 1064527 697933 850709 920852 721961 501154 917744 512904 258387 747818 546600 481991 978751 925522 759311 636547 684368 786711 1021936 579161 335287 350752 535046 632923 953891 344893 251756 854093 728001 818220 322003 864662 435869 333337 484478 865128
753813 535663 525651 211577 191443 249927 99188 284114 612462 629462 417994 309595 149919 225780 314973 737897 140403 329264 701113 296422 735513 496367 613572 387082 798649 322253 240096 842513 286780 316500 409260 862212 217333 574453 243370 754371 503448 241610 489265 735402 999999999 137202 824896 407622 284044 350896 650655 215828 353952 649756 689222 620875 552423 704114 715821 227002 468648 435937 627627 243415 288405 226684 126811 252011 408753 157432 442509 186930 284889 237977 188335 304766 477728 428177 740811 277933 248255 190690 552115 364469 322035 784066 287774 469658 412407 532094 499476 585551 226181 490148 672677 120106 286678 119684 419748 349099 336392 477822 250931 288995
888983 631310 625173 175795 148006 232044 134270 195421 695477 740558 551194 390505 264168 253867 374928 853441 236197 359283 829470 433373 862692 625442 740955 510262 935817 338913 106323 976971 214148 339948 449637 998933 317226 698846 378880 889004 524542 168843 620566 869735 137202 999999999 961523 538845 420551 445875 768533 188262 356644 766986 811533 753244 657628 838763 850056 92434 549506 532693 707387 204536 161384 219228 232572 388832 355046 221130 493812 51435 318637 374920 95387 410773 612995 507202 861657 414537 138602 57844 583944 468678 369371 879408 152251 542641 541958 644287 618114 648198 127192 606437 808986 52459 367298 133675 556342 382282 457510 614043 386042 310711
99534 692754 669506 944605 970534 971817 876808 1075555 776498 462082 462791 771488 741712 852528 833283 554210 759275 850994 391282 528625 263291 377359 310572 559836 103357 939852 1064770 99108 1061271 865813 905043 38033 701414 363242 596291 253243 913666 1028038 432032 131719 824896 961523 999999999 488311 551343 713853 523860 967799 981685 530358 338724 345880 632044 264516 147037 1051840 765874 691220 798725 960838 1109623 948087 751344 579490 1123348 805069 878340 1011804 840223 586999 1000603 629149 351915 771873 494847 556368 1061231 1015478 890058 670834 805704 745705 1112646 708837 445095 481437 542844 764629 1035320 472596 225737 940618 775869 896356 405187 909139 548654 376919 576483 919586
451616 282453 258956 591791 506453 492747 425196 608828 385315 546291 28094 283452 281656 541869 345159 363072 414625 599518 294809 181421 522128 334022 425244 76867 430685 451758 629704 541594 589098 602007 422475 520867 406256 422559 170521 354311 741110 562115 81751 447948 407622 538845 488311 999999999 144296 229616 274126 495676 493420 275703 522203 214625 249396 304666 432494 618863 310837 231571 408664 618668 663163 470757 396828 174836 637341 467827 403440 583085 566468 213482 550588 400480 242679 303115 349683 150577 607845 583551 756604 188667 563835 476145 677969 590557 292229 473832 145094 703225 580582 425576 288240 503479 287615 440768 185191 421285 336310 114835 236070 432547
491011 384807 364697 452504 419606 428500 325612 524676 485160 480262 144327 282044 192642 397859 335324 506299 271431 456276 434204 58113 513294 285212 398375 168829 516731 422208 519390 582298 512010 458137 432936 587652 263030 377464 45064 472086 602703 477184 219589 477964 284044 420551 551343 144296 999999999 259440 416958 419390 465277 418119 490677 344400 368968 421926 459440 507205 376174 305294 506888 478131 560624 403550 254359 33020 588808 324746 431993 468613 422460 69363 450184 268115 225239 352882 493951 6555 510484 470915 622914 235001 421814 605648 567833 466535 214963 393287 277565 584237 484308 343009 388635 393200 274280 345016 157350 408822 218442 193838 96208 395073
681158 186117 179346 562398 356458 311933 311946 444090 263471 737885 257257 69612 203282 556410 126777 419848 433472 644371 440393 317483 744848 534971 639725 154490 647404 238653 509078 770860 415916 638444 192861 744790 467390 627402 237789 545150 810778 402682 283545 677441 350896 445875 713853 229616 259440 999999999 342906 330924 276641 339792 735638 400637 214328 500053 661758 502058 126664 86838 280495 594069 524542 296617 412509 263525 429846 477939 177633 476009 602737 303032 418465 506121 456380 95200 440260 260799 464403 472337 844067 43630 621265 434977 553121 707877 472238 652561 207454 828632 437807 602284 501448 397266 87162 317048 390072 198405 472814 344444 339421 228378
540006 209961 194896 850530 697095 654587 639633 786974 265037 763339 282982 411918 505287 811186 462484 89522 682479 873175 140692 454988 673010 556234 612011 265293 428003 570943 844057 610884 758676 875014 485250 541933 679883 629292 435839 283112 1014568 745128 216426 552910 650655 768533 523860 274126 416958 342906 999999999 673447 602820 6589 702477 189198 147766 259757 545615 835641 313053 268972 284778 879380 864603 639510 663515 445494 759309 734994 439904 805487 839232 486297 755666 672665 457665 340690 97486 422974 804937 803384 1027753 307992 837915 236790 889935 856596 540832 709432 151187 964307 777942 666047 304749 724663 429963 649118 425271 521368 603595 304345 510173 566936
910398 502682 502626 361164 41068 43850 118156 114917 548020 835387 515979 263271 226830 420773 224744 750511 356044 528238 761097 455076 919548 680808 799118 443502 922798 157152 198004 1001678 93780 511638 275389 1003217 432742 766214 374497 847369 699806 71766 572251 896997 215828 188262 967799 495676 419390 330924 673447 999999999 169202 670503 882482 703481 542603 798612 878268 196075 406221 411907 555973 391307 197890 38332 342524 395226 193165 365722 325149 187431 484793 402315 109882 517543 641066 364628 770571 415133 137823 179000 754605 366091 528928 742056 234114 684899 598312 738217 531867 799411 113751 693412 783277 140652 243772 96435 575173 207399 538218 595155 428023 134791
939497 405347 412840 526554 210243 125514 258257 237174 423968 927480 518991 211827 291803 575027 150486 667777 490161 681179 713406 514513 978438 748216 863301 424479 920867 43121 359195 1030732 200664 666611 132152 1014239 558112 839123 425222 821787 854927 217895 557043 931621 353952 356644 981685 493420 465277 276641 602820 169202 999999999 598548 954106 677237 458476 776577 914388 359777 298922 334681 426576 557485 343364 138045 473002 451061 156490 511236 186569 355774 636940 473223 277094 631803 688806 264075 699366 463120 289180 346846 905674 319926 675963 622346 387449 816460 671447 832850 481331 935208 271437 784595 775518 307036 205816 242677 620154 81473 633422 605699 506127 72654
546196 204481 189799 850236 694443 651297 637750 783883 258594 767930 285159 408655 503982 811720 458760 89111 682930 874389 147232 456792 678687 560462 617067 265018 434568 566927 841919 617268 755411 876056 480448 548487 681115 633982 436371 289696 1016470 742211 219479 558968 649756 766986 530358 275703 418119 339792 6589 670503 598548 999999999 707749 195164 142676 266294 551584 833589 308009 265032 278277 879196 862056 636408 663879 446401 755030 735357 434819 803649 840230 487424 753337 674777 461847 336088 101138 424094 802325 801462 1030070 305363 839344 231369 887683 859371 544257 713479 150338 967442 775366 669901 311043 722872 426904 647036 428723 517117 606168 308198 511657 563234
242828 798276 773864 737837 870788 901480 770208 971033 898912 129709 495115 770134 667918 630169 825540 766035 578142 593682 609624 439593 82107 205904 96959 596499 409135 911262 917463 272987 968099 613247 920595 367183 501070 116311 529001 514956 612488 926007 517050 211141 689222 811533 338724 522203 490677 735638 702477 882482 954106 707749 999999999 518445 752878 494034 202080 903358 832319 753345 922619 744577 972307 875650 579247 503046 1066797 608990 913162 862574 597133 484113 877553 409194 280601 820597 717511 492133 937145 869345 576722 700940 550049 939049 960843 408859 284950 187972 644473 439043 915398 210221 427938 808533 764234 792429 345576 899487 354178 422734 455149 882661
352079 347975 325286 796689 717332 696011 639174 817867 430816 589801 203026 466701 495663 735223 526975 247730 612890 777376 103978 360286 484854 392604 431495 260502 259642 638513 844197 426826 795828 783757 581874 369116 588782 455026 379397 145134 898665 771866 133332 363933 620875 753244 345880 214625 344400 400637 189198 703481 677237 195164 518445 999999999 286388 99608 356422 833435 428362 358984 453233 821735 876658 675733 597100 377320 829112 666004 547986 797706 749944 408306 764106 558167 297980 440644 202740 350945 820537 798166 901398 357319 737130 424791 892405 721347 396890 547214 205005 819327 793179 508699 120499 718074 477279 654128 286497 598673 479346 166929 420346 624868
629407 64358 47131 760958 570003 519568 524585 653762 148549 791035 270915 279476 402613 738349 323692 210299 609967 813828 277704 419592 738422 578143 657185 200141 544755 428719 723400 709704 623518 811968 338096 655428 624055 662666 372851 411415 968931 614245 235856 636014 552423 657628 632044 249396 368968 214328 147766 542603 458476 142676 752878 286388 999999999 377808 625035 716302 165335 130724 172033 791605 738052 506858 589595 390227 614732 659770 292150 689624 775694 433998 632755 637002 482098 194700 241919 373703 677773 686233 991633 189283 783737 239152 767382 833561 541526 722323 109018 948938 651421 674544 406321 610193 300066 530813 431876 377332 580748 330552 464927 427757
292592 441010 419263 869571 810817 792696 729408 912501 517405 583710 288465 565718 586003 799992 626227 293140 682617 831907 128463 427765 446558 407089 418018 357471 168816 737625 932736 354575 891488 840531 681289 282305 649438 451929 460784 50258 939897 866083 226366 311568 704114 838763 264516 304666 421926 500053 259757 798612 776577 266294 494034 99608 377808 999999999 308997 921504 525836 457914 538903 892870 967582 771882 668437 454842 927983 734932 646736 884717 808236 480736 855037 606857 323785 539495 236116 428328 912499 885796 935665 456658 789656 482965 981156 751923 431027 557044 303621 840356 885245 525135 66867 806106 575776 745327 332864 698196 524489 230471 487145 723433
48038 679489 655072 816630 875898 887843 778301 980588 773540 318754 404623 710951 651913 719727 771464 596561 635545 710787 433469 425345 139697 239900 163535 508996 207059 871500 955347 126998 970158 726621 854418 181706 571625 216383 504018 321593 767406 933373 397872 19821 715821 850056 147037 432494 459440 661758 545615 878268 914388 551584 202080 356422 625035 308997 999999999 941907 735351 656825 796915 830595 1003889 862971 629944 483157 1046530 678148 835654 901189 702721 481842 898372 493442 239053 733290 542688 463391 959381 905887 743063 621160 665448 780386 1002267 562239 315490 334429 522960 618143 934573 327098 247238 834589 711155 799108 303144 847968 416191 318184 464909 847585
980468 683693 680325 229064 157428 236753 196908 147168 738148 830198 633100 440313 338651 326149 413079 918116 326539 426021 905306 523258 955044 717876 833338 583902 1023702 352842 14197 1068763 177870 404795 471445 1089110 406802 790999 464344 971632 581380 144016 700183 961557 227002 92434 1051840 618863 507205 502058 835641 196075 359777 833589 903358 833435 716302 921504 941907 999999999 593707 587715 747638 250571 73822 233741 324128 476205 317660 306249 520710 41001 388907 464850 87528 500577 704390 551398 930639 501387 80603 36398 644730 530062 442667 928564 60833 621599 634378 734403 687101 721852 89505 697472 894406 115429 418108 186571 646731 403400 549529 699633 477417 330620
