NAME : synthetic_000514
TYPE : CTSP-D
DIMENSION : 100
GROUPS : 8
RELAXATION_LEVEL : 1
EDGE_WEIGHT_TYPE : EXPLICIT
EDGE_WEIGHT_FORMAT : FULL_MATRIX
EDGE_WEIGHT_SECTION
999999999 62207 257232 403105 285706 600227 537716 355833 407758 616367 698358 405699 239162 408348 165502 424902 651024 420957 355031 497354 486820 458767 477191 483881 544199 391805 358950 308522 560818 494042 166266 641963 111885 595830 662988 270437 132481 306757 279721 434050 258401 365959 127600 383521 350725 70156 162286 211392 508571 242653 365826 378674 232623 596968 229788 535256 252515 273189 391021 475499 310120 252227 105892 237639 394875 537737 326137 326898 254929 445486 641892 413121 420123 506712 273957 238869 565130 142166 520528 570719 543876 162376 461979 341064 195859 538862 321779 211483 232662 449960 425133 436751 175892 118471 509551 568081 541516 501844 533856 674032
62207 999999999 280457 462212 281229 570341 588207 414633 462825 632983 659425 344145 212921 453958 150558 396688 618471 369271 310332 466939 498028 434787 418131 422203 485965 434851 334912 246319 589639 549638 228463 602058 53559 610495 623380 235660 71010 358241 220772 381618 201305 309628 163566 350675 411688 69684 137122 206120 447713 290154 425854 418580 268959 650136 271278 508362 251182 230122 444443 536887 288167 272595 162941 299825 455564 549081 282814 369553 262937 487095 676860 455388 409651 444658 335612 225455 515178 112775 568025 610583 565382 197535 407958 403164 139987 588597 259582 273565 294668 507340 362988 494492 206039 116469 568615 580579 599970 494857 473009 634365
257232 280457 999999999 330713 542372 464476 365559 290781 288610 359699 595802 509635 200772 581646 421481 676539 522166 633845 339871 747293 235958 713134 653109 581115 586389 192208 244942 453469 309635 604754 262934 549328 283790 340233 566855 516117 330635 467456 469965 445061 459638 563458 364130 300857 322927 326340 414193 468532 587335 128575 316370 165518 64951 716376 91422 394364 508710 282779 528604 432308 208213 494140 196928 293735 463739 285696 313896 518977 67424 233172 401572 598100 677283 639877 289344 495761 539172 391168 331658 345561 286824 101516 665446 352956 306249 361799 460220 272280 278905 346947 545050 340157 412614 375675 585563 314423 621283 291906 609860 577229
403105 462212 330713 999999999 599054 788800 199172 47857 72207 526767 924368 786231 511064 437370 531824 778772 846800 819635 657183 851800 475032 798827 880104 863611 894485 205491 575438 702126 401451 372330 250811 879376 500427 524975 896467 650229 533003 347968 682596 759546 661482 768714 411898 630053 69860 456402 542698 547354 879600 210833 42522 230576 273084 473749 249225 719536 566760 587108 351862 102995 536331 500685 299388 191215 227635 506442 628635 423598 396495 233469 412211 466958 724863 901368 144099 584529 865268 530494 216433 319963 443192 309616 862848 119554 565333 207397 713590 206922 186740 58491 813234 43766 437116 483217 319690 519635 352432 589546 904029 906684
285706 281229 542372 599054 999999999 835365 774062 559452 630789 901910 905346 484907 489791 336717 131799 185987 878459 314040 556163 256131 772173 200022 428413 547146 653091 654699 610395 378536 840528 489075 358140 846929 312940 881532 868460 141272 277971 310537 296087 595322 269541 317228 195333 616553 531406 219308 152488 75390 586884 504260 556588 647694 511033 554959 502539 778249 34585 486202 385115 633955 565851 111876 362820 408024 474087 823166 533958 260751 538631 709503 913671 317595 136089 517322 455229 63696 730585 176623 767725 835245 828265 444354 363359 495195 376862 777976 393503 395760 414048 655784 477968 640977 162059 168628 543935 853687 563336 776072 609453 879029
600227 570341 464476 788800 835365 999999999 760768 752605 735345 456726 144633 467333 361085 1002408 706197 882764 58000 733288 285364 933410 371051 930242 668481 483850 387925 606597 243394 515711 547706 1056309 698806 123226 526877 429588 129487 734226 557525 892921 593532 300350 607069 655762 727091 220039 787214 640025 683119 765079 453888 592991 779168 575685 528560 1166843 555085 70218 810798 349174 967785 891728 292737 842926 612863 746968 922666 380842 303223 925015 406591 616071 652626 1010743 944358 579057 750515 772626 244607 659648 715277 662388 472982 529937 734091 816653 458945 752405 507668 721910 733202 793687 507699 790137 773658 684536 1045619 399609 1081152 225952 459530 136289
537716 588207 365559 199172 774062 760768 999999999 223219 145251 398265 904353 872204 566330 636530 688562 945821 817058 957265 702851 1019495 399535 970994 998699 945348 950637 173672 591076 805673 262501 562111 415962 868697 613760 406368 882412 803728 654648 545330 804931 808136 788313 896535 580021 651009 266147 601765 693890 714457 952764 298452 236971 202582 335173 656058 323247 697017 740316 648310 550598 250286 564720 683920 433150 372471 423528 412449 678127 620409 429916 146094 232963 666105 905215 999170 327039 750232 890705 677256 47110 147121 326971 399188 996002 318309 659393 11573 814497 379780 363501 144683 905617 157432 613166 638147 500251 413713 529252 539074 975395 891447
355833 414633 290781 47857 559452 752605 223219 999999999 79516 515177 886265 738582 466006 420495 487554 737210 810554 773394 612265 810499 451745 758677 832637 816035 848136 189110 534410 654269 395920 373292 206654 840107 452585 510798 857607 605711 485363 323602 635143 714033 614233 721642 369644 587937 50635 410249 497568 505329 832331 167033 28157 209737 230756 479334 205947 682915 526612 541150 338799 142247 494015 464149 251739 152078 224227 486616 583488 398030 355282 226632 419459 448473 687440 853512 105273 542260 821616 484734 231365 327800 430326 263258 816256 103867 517657 229706 665735 164420 145421 97395 765437 83013 397414 438481 329212 502379 363603 559097 856816 867953
407758 462825 288610 72207 630789 735345 145251 79516 999999999 455133 873711 770666 480684 499204 550763 805171 793245 828625 625030 878750 408885 828791 879638 846701 867773 137839 532350 693737 329244 443130 273493 831033 494979 454014 847282 667657 532057 403115 683068 729274 664116 772383 437976 589272 126928 467859 558244 573238 859316 184551 98484 165495 238843 545612 218878 667017 597341 559979 416245 165842 496815 538978 301867 227244 296529 437951 597578 477461 355959 161547 343084 527541 760928 891437 181853 609566 827735 543311 151975 250939 371988 289047 869613 180778 551552 151014 704076 235395 218526 58833 800541 55159 469302 500747 391839 449834 424639 529316 883154 857227
616367 632983 359699 526767 901910 456726 398265 515177 455133 999999999 596147 767319 476806 906033 779041 1028812 502734 958254 549831 1097454 141387 1067750 948729 820789 773315 326228 412772 750062 135771 887024 598681 579453 624407 29319 586019 866184 671617 794462 791419 637926 788106 881435 722022 463191 564843 684628 769524 827750 809422 431943 542195 309401 399760 994375 416003 413918 868351 541851 836956 616912 422435 851287 550821 602917 737283 95868 539381 856707 371161 293690 211479 927928 1036437 902171 577016 853900 662595 745603 352886 258500 85331 459650 981333 614578 616787 387056 751519 590829 588101 499113 809272 503885 769637 734544 843863 64844 877706 247195 825473 592161
698358 659425 595802 924368 905346 144633 904353 886265 873711 596147 999999999 478018 463501 1106225 781801 925283 93413 754331 351692 967324 515622 973544 669171 470721 352819 747615 358863 552108 691688 1173015 814513 58417 610679 569884 36908 789765 633178 1000482 636560 320548 655246 682104 821669 317874 918205 728024 756384 839928 432240 723196 912137 716544 658306 1282092 684529 207912 884592 429476 1079437 1026923 405886 928310 726511 868007 1045027 523997 377340 1025196 533905 759191 795696 1111435 1001780 564361 875940 841665 207737 734766 859118 806990 616707 650982 745554 944177 532355 896153 540854 841851 854942 932360 512379 928102 865463 767917 1168095 541272 1203287 370540 429785 26711
405699 344145 509635 786231 484907 467333 872204 738582 770666 767319 478018 999999999 313348 769489 390735 457918 487829 276468 220271 492613 629081 505899 201577 78348 168672 700703 355267 109618 783250 885402 570578 423519 294698 738754 443091 348459 279069 689226 188885 167097 215525 207170 485877 311867 744892 388373 362863 438452 106674 586183 754593 675065 538233 979507 553863 440407 475364 233778 777178 870963 347574 546686 494264 641355 799480 671454 227942 682433 451508 742650 889315 762780 551303 135361 673212 425003 274685 350881 840747 849006 730408 481618 269176 743166 220950 869432 94094 614254 634662 822913 42936 811933 512574 403478 910536 703170 940829 541354 131527 451766
239162 212921 200772 511064 489791 361085 566330 466006 480684 476806 463501 313348 999999999 644012 358028 575295 412092 482179 146283 638337 335420 619036 475906 382073 387469 392911 122001 274994 473913 711505 354307 408722 177241 450162 429176 413794 217917 537090 315909 248901 315359 404765 366078 145891 485941 282033 338709 415994 386716 300500 487576 365549 241841 819602 263046 296794 461707 82101 616124 607121 76072 484391 265620 413421 589891 383390 117578 564869 138765 431575 577875 650882 611344 446737 429451 430045 358505 313918 531904 535669 427398 205076 504543 500789 141753 562520 278092 386131 401748 537177 351282 528401 413023 329207 712035 416107 746558 293884 409112 440209
408348 453958 581646 437370 336717 1002408 636530 420495 499204 906033 1106225 769489 644012 999999999 381508 507668 1055282 648563 762572 566349 808463 502598 756606 842074 928028 590732 759032 660287 802975 161324 318713 1050128 506750 894871 1071072 465274 500652 114202 592892 834751 564479 639774 291397 789767 372460 391254 408673 344900 876112 476773 401395 600333 522704 219009 500359 935025 324328 681040 89750 416662 709677 234802 394859 303131 222436 853887 734056 87061 616078 638288 838928 32981 402847 832041 333002 372403 969053 418690 650961 747836 821502 488244 698150 318976 592659 644716 675741 316422 317934 493108 774510 479542 257432 366679 231450 877486 240812 870220 900720 1082122
165502 150558 421481 531824 131799 706197 688562 487554 550763 779041 781801 390735 358028 381508 999999999 260936 750702 298362 430594 334127 646338 293371 387187 461397 554099 552826 478837 281117 726320 511175 281066 723494 181426 757519 745044 118557 149292 315141 211485 479411 183111 268031 126878 486670 469513 95432 27968 58882 496842 401826 490745 541772 397747 596518 393314 647853 104657 357583 401677 585469 434078 156601 258879 344632 456424 697423 406878 294961 411544 607182 806336 372728 259380 452003 389862 75234 615814 47051 676018 733012 708296 327863 345878 444145 249889 690959 296642 325311 346194 584841 393346 570565 131305 50509 550126 728518 576006 644885 521064 755781
424902 396688 676539 778772 185987 882764 945821 737210 805171 1028812 925283 457918 575295 507668 260936 999999999 916983 203559 597745 73679 891925 48290 327909 498793 620887 813722 685748 373239 984414 665787 531884 868082 406529 1005616 888920 163128 360555 495088 290240 604741 275760 252463 367664 675735 712502 354949 263138 232028 542596 662638 736572 802619 657501 720477 654002 835669 214483 545397 565754 818528 648487 297054 519519 587701 659824 942725 582983 439763 657741 868110 1066742 483693 124076 439505 634697 195652 729679 285469 935348 993948 962069 586831 243147 678771 439047 948802 384493 572794 592260 834362 435149 819704 343318 311038 725207 974723 742395 869121 560519 898586
651024 618471 522166 846800 878459 58000 817058 810554 793245 502734 93413 487829 412092 1055282 750702 916983 999999999 759442 323582 964793 424704 964846 686789 495425 389499 664117 297206 546109 599489 1112052 754093 92341 573242 476498 89429 772381 601493 946590 626800 321629 642194 683461 777208 268066 844988 688063 726825 809512 461781 650629 837084 633254 586112 1222349 612616 127810 855017 393166 1022439 949726 346295 890670 667589 803341 979362 431306 344513 976910 463683 672757 702828 1062852 983687 590891 807610 815269 241285 703855 771344 716024 524317 586092 756747 874063 501625 808550 536848 778062 789689 851551 526346 848062 823098 731338 1102379 448067 1137869 279993 464294 92653
420957 369271 633845 819635 314040 733288 957265 773394 828625 958254 754331 276468 482179 648563 298362 203559 759442 999999999 458308 220859 817017 247478 124857 303175 428568 802730 571870 221987 940248 794802 570782 699328 351139 932030 719166 187145 305970 604393 166955 438285 174209 79692 425163 546610 761260 363234 280979 310893 347257 659422 780141 784660 634666 867507 639494 696479 324346 428071 687051 880806 545134 415088 526803 638333 753758 865487 451748 568046 596275 853874 1035415 631102 319965 236555 681683 278283 550761 289845 937193 975257 903467 564287 49609 740070 341470 957805 227333 616614 638042 869213 245557 855587 424336 341372 841645 898205 864949 763618 362914 727996
355031 310332 339871 657183 556163 285364 702851 612265 625030 549831 351692 220271 146283 762572 430594 597745 323582 458308 999999999 650074 414084 645073 414629 271241 248129 529349 137211 236589 577278 844378 491911 293611 259951 520954 315118 449299 281628 661536 309665 105327 321985 378998 473776 92138 631889 377791 405654 489009 263840 446461 633842 500350 386583 950009 408646 239708 534043 81963 744513 753394 141858 576809 403781 554666 729523 454082 29970 679284 273492 562924 685982 765341 660221 353446 573545 492699 214922 383545 665636 656399 518900 350995 466564 645193 180795 698123 231172 527009 543779 682105 263075 673700 515862 416407 850442 485262 884344 321166 282912 325974
497354 466939 747293 851800 256131 933410 1019495 810499 878750 1097454 967324 492613 638337 566349 334127 73679 964793 220859 650074 999999999 959625 64072 337544 524001 649117 886948 745372 418684 1055837 726338 605402 911024 473559 1073799 931449 231550 426830 561911 340410 647613 330238 285751 441086 731545 785230 427594 335206 305535 568091 735942 809537 875521 729800 774703 726790 889454 286188 603059 629244 889962 710122 365468 592896 660643 727967 1010234 637507 503132 726309 941269 1139234 540489 166319 454291 707702 269298 767097 356898 1008983 1067041 1032021 658900 249038 750708 499531 1022481 428256 646081 665423 907581 464873 892898 415625 384371 788541 1042420 804111 931453 583679 940741
486820 498028 235958 475032 772173 371051 399535 451745 408885 141387 515622 629081 335420 808463 646338 891925 424704 817017 414084 959625 999999999 931925 807986 685265 646138 271051 277054 608878 179630 810463 492207 487789 486074 115153 498384 728918 532991 694703 650246 506975 647349 740080 599457 331185 497462 553264 635112 697250 676443 332944 479891 244466 287278 920926 308300 314617 739277 401331 747319 574567 282456 729604 432644 509274 662348 51087 401547 750996 235097 262159 288527 827342 905209 764296 491809 721528 547003 610788 352696 291394 109207 337428 839946 541390 475582 390064 610546 492659 494078 462400 670634 463040 648221 603745 777510 82806 812695 145101 693758 506271
458767 434787 713134 798827 200022 930242 970994 758677 828791 1067750 973544 505899 619036 502598 293371 48290 964846 247478 645073 64072 931925 999999999 370612 545614 668279 844019 730938 421476 1019500 662827 555380 916318 448013 1045050 937169 205345 402819 500992 338231 653007 323174 299966 391007 722203 731376 388614 298964 257172 589515 692775 756397 834237 691114 710634 686236 882547 232112 591453 566613 833220 692840 306396 549584 607672 667739 982860 629862 440615 697160 898650 1099368 476536 102440 484018 654864 223025 777913 322378 962484 1024642 999486 621138 284074 695030 484270 974450 432773 594539 613275 855311 482567 840536 361712 342337 725739 1014657 740829 912910 607056 946846
477191 418131 653109 880104 428413 668481 998699 832637 879638 948729 669171 201577 475906 756606 387187 327909 686789 124857 414629 337544 807986 370612 999999999 200539 326084 834994 543386 201478 948546 896283 638696 617340 385455 921002 635803 291587 347855 701680 197510 368145 219774 119158 509764 506681 827252 431524 364512 412552 242856 701216 843004 813334 666135 975299 675663 641690 433703 406911 787165 950813 526576 521808 581056 709104 841187 853522 416203 673217 605171 882790 1049888 741647 444691 117892 749173 384343 461705 366131 973555 998669 903212 599581 88569 812790 347071 997841 197873 684927 706479 925367 160828 912597 518148 422102 937307 885933 962890 733985 253840 643650
483881 422203 581115 863611 547146 483850 945348 816035 846701 820789 470721 78348 382073 842074 461397 498793 495425 303175 271241 524001 685265 545614 200539 999999999 126342 772980 408442 182612 845506 961165 648901 420716 373017 791815 438335 407448 356349 764568 253079 191606 281111 247301 561298 358612 822944 464807 433807 506126 44094 662150 832360 746603 612633 1053860 629106 467740 540599 300553 852569 948992 407758 615944 572496 719699 877291 725142 285237 755119 520837 813399 953005 834123 601393 95502 751498 489565 262999 423610 912749 916665 789367 557782 283132 821501 298677 942224 167440 692601 713005 899511 69214 888720 586086 477484 987651 756108 1017654 586664 62877 445677
544199 485965 586389 894485 653091 387925 950637 848136 867773 773315 352819 168672 387469 928028 554099 620887 389499 428568 248129 649117 646138 668279 326084 126342 999999999 777018 374436 275240 817478 1035170 702313 307227 432991 743997 322863 517131 428874 841431 357353 143564 383550 368426 639432 316231 862216 539669 526133 604255 83229 685680 867603 748258 629029 1133405 649292 386379 642491 307960 928745 986703 389048 710681 618974 770684 937914 679867 272597 841129 520818 811050 927238 923422 718676 214176 796754 592559 148699 511864 913733 902644 754303 584916 409471 868355 348594 946057 259985 742913 761941 923698 185738 914408 670644 561530 1053749 708691 1085595 529045 76993 329056
391805 434851 192208 205491 654699 606597 173672 189110 137839 326228 747615 700703 392911 590732 552826 813722 664117 802730 529349 886948 271051 844019 834994 772980 777018 999999999 420609 638616 212373 561020 307290 708043 453399 321772 723126 662221 497012 483476 644752 634662 630471 737674 460208 480026 238615 460244 553420 587770 779540 151245 216441 31169 169109 668149 163575 539798 620141 474962 516125 303604 392055 579391 294465 291095 411333 300966 504477 552019 256251 54805 261277 615407 790040 829352 257760 620999 720152 533965 140118 180724 241248 238467 838682 288763 491376 169610 646608 285742 277503 192253 735112 192126 501198 502699 518229 314553 552430 394520 802022 732679
358950 334912 244942 575438 610395 243394 591076 534410 532350 412772 358863 355267 122001 759032 478837 685748 297206 571870 137211 745372 277054 730938 543386 408442 374436 420609 999999999 352281 443490 815881 457472 308425 297458 383979 327256 526965 335232 649620 411130 232251 416263 492353 486436 60312 562862 404017 458543 537135 399628 368454 559093 390026 303856 925774 329406 176571 582933 144197 725265 676465 49366 606213 370503 509257 686200 316967 127873 682070 179133 446784 553018 767637 729341 489658 517430 549805 299692 433971 550583 529819 382778 292121 586801 586314 246714 585091 350589 483278 496111 591011 397627 584729 533974 451133 809284 348313 844522 192121 417501 338007
308522 246319 453469 702126 378536 515711 805673 654269 693737 750062 552108 109618 274994 660287 281117 373239 546109 221987 236589 418684 608878 421476 201478 182612 275240 638616 352281 999999999 747072 778706 474783 494844 202045 722759 515699 246069 177251 582006 86182 231640 109703 142475 378802 324679 655730 283197 253246 329376 215943 511324 667944 615682 470902 871316 482750 475620 367254 210353 670009 781549 329789 437145 404464 546137 698075 655446 229944 573253 403900 684869 848588 653257 454830 199404 581108 317441 360193 241597 778165 798793 702378 407463 234557 649353 147466 804090 15525 519765 540756 742981 118080 731087 403747 294947 806478 688038 836025 544402 240443 525404
560818 589639 309635 401451 840528 547706 262501 395920 329244 135771 691688 783250 473913 802975 726320 984414 599489 940248 577278 1055837 179630 1019500 948546 845506 817478 212373 443490 747072 999999999 769135 510402 666326 592507 145900 676171 825153 639668 694885 774461 675741 766351 867399 651112 501273 446470 630936 721350 769136 841088 344014 421602 204439 329655 873925 338710 493681 806124 549880 728314 486720 437767 776510 478810 502056 620115 169192 560435 761975 344874 169360 110092 827310 976585 918241 470083 799060 724955 699030 217309 125305 75511 398473 969243 498479 603883 251284 751291 494419 488022 368713 823055 374767 695923 678407 720937 160077 753880 322829 860017 683695
494042 549638 604754 372330 489075 1056309 562111 373292 443130 887024 1173015 885402 711505 161324 511175 665787 1112052 794802 844378 726338 810463 662827 896283 961165 1035170 561020 815881 778706 769135 999999999 358557 1119544 603034 880899 1139628 608380 607691 197103 720260 927945 692336 777605 399906 855670 322892 497264 536301 484879 991570 482485 347632 578293 540509 111628 514846 986699 472055 762681 109532 317134 767688 380667 446567 311477 149746 850511 814683 228370 652894 599782 784290 190851 563783 962013 319463 516519 1057514 541177 586794 692103 801804 526611 844316 272471 689002 572000 793759 335081 326056 418912 895984 407991 380125 485350 79166 869481 79965 895953 1016700 1150609
166266 228463 262934 250811 358140 698806 415962 206654 273493 598681 814513 570578 354307 318713 281066 531884 754093 570782 491911 605402 492207 555380 638696 648901 702313 307290 457472 474783 510402 358557 999999999 761310 275885 584663 781277 399423 298432 204532 442264 582419 418923 523981 164482 497443 190487 208566 292141 299869 671930 167623 210078 307138 205067 468317 184398 629574 324355 411511 270250 312193 409153 273271 88702 71398 237925 539124 461956 259114 300325 361176 568470 335665 490327 672847 111075 336424 706699 280969 410408 484618 516314 171940 615162 175108 354974 419839 487975 46254 67825 304033 591175 289653 198117 232445 358578 564448 392701 552409 697142 792242
641963 602058 549328 879376 846929 123226 868697 840107 831033 579453 58417 423519 408722 1050128 723494 868082 92341 699328 293611 911024 487789 916318 617340 420716 307227 708043 308425 494844 666326 1119544 761310 999999999 552952 552048 21552 731613 574962 945138 578957 263590 597338 626229 764625 263884 870467 670454 698028 781581 383935 675579 865506 676879 610714 1228147 636681 173560 826214 371970 1024836 981484 354104 870372 672997 816267 993423 501347 319604 968634 485857 722834 772687 1054872 943651 515356 825763 783248 159007 676465 824236 777888 592337 599880 692010 894735 474159 860938 483845 789815 803463 889833 459080 884956 808082 709967 1116376 521422 1151416 343500 383611 32368
111885 53559 283790 500427 312940 526877 613760 452585 494979 624407 610679 294698 177241 506750 181426 406529 573242 351139 259951 473559 486074 448013 385455 373017 432991 453399 297458 202045 592507 603034 275885 552952 999999999 600394 574374 243409 47446 411786 191551 328311 177479 284276 215681 306863 453795 117910 161468 239924 396831 315821 465921 434141 284503 703695 291553 467113 285774 181444 497992 579712 253282 318076 202442 346761 506759 536678 233355 421866 253780 503553 685056 507436 434534 401448 379888 252807 462316 136704 590188 624182 561726 215489 385432 449064 86453 613239 214172 319805 340423 542533 316240 530306 256114 158135 621001 568865 652645 468078 422105 585310
595830 610495 340233 524975 881532 429588 406368 510798 454014 29319 569884 738754 450162 894871 757519 1005616 476498 932030 520954 1073799 115153 1045050 921002 791815 743997 321772 383979 722759 145900 880899 584663 552048 600394 999999999 559007 842774 647464 782577 765312 608686 762502 854918 703819 434052 559861 663533 747332 807062 780251 419042 538212 302620 383417 989139 400929 385561 848185 514092 827646 617563 394510 833484 533582 592076 731212 67511 510814 843384 347932 293554 232047 916027 1015579 873511 568065 832542 633556 723237 360171 270958 82351 441023 954532 608516 590641 395391 723998 578854 577118 500313 780786 504254 751834 713689 839985 35708 874196 218129 796239 565332
662988 623380 566855 896467 868460 129487 882412 857607 847282 586019 36908 443091 429176 1071072 745044 888920 89429 719166 315118 931449 498384 937169 635803 438335 322863 723126 327256 515699 676171 1139628 781277 21552 574374 559007 999999999 752932 596500 965837 599983 284266 618521 646448 785856 283996 888535 691836 719580 803133 400807 693563 883180 691983 628670 1248394 654737 185708 847764 393323 1045293 998752 373465 891853 693061 835734 1012861 510031 341020 989722 503928 736750 781731 1075962 964959 532599 844686 804777 175670 698015 837654 789172 601756 619088 711215 913408 495693 874490 504576 809382 822839 906041 478134 901386 829413 731450 1135862 529091 1170956 353545 399584 11052
270437 235660 516117 650229 141272 734226 803728 605711 667657 866184 789765 348459 413794 465274 118557 163128 772381 187145 449299 231550 728918 205345 291587 407448 517131 662221 526965 246069 825153 608380 399423 731613 243409 842774 752932 999999999 197645 417250 160538 472534 136787 176989 243741 521488 588067 202639 109847 123802 448057 512479 609246 648854 501189 684162 500011 683105 142298 389801 500231 703515 487921 230535 371310 463134 568102 779680 431387 382812 495028 715914 910604 450070 212058 376220 508419 92872 604905 128276 789246 841026 800480 429841 236367 562121 280925 805683 260228 443841 464747 702902 338467 688698 238007 167280 654501 811723 677916 707633 470066 763128
132481 71010 330635 533003 277971 557525 654648 485363 532057 671617 633178 279069 217917 500652 149292 360555 601493 305970 281628 426830 532991 402819 347855 356349 428874 497012 335232 177251 639668 607691 298432 574962 47446 647464 596500 197645 999999999 412787 151038 337281 133794 241889 210611 338596 482678 110831 125596 208035 384426 356201 496828 478690 328705 704588 334161 500420 253534 208513 500369 607792 293280 297129 233625 369827 521294 583493 257597 414235 301169 547920 731549 498270 394154 374427 406383 215786 473376 102366 632579 669473 609171 258559 341966 473432 100838 654560 191130 343897 365123 577541 294909 564838 244478 137976 631467 615754 661828 511036 409656 607294
306757 358241 467456 347968 310537 892921 545330 323602 403115 794462 1000482 689226 537090 114202 315141 495088 946590 604393 661536 561911 694703 500992 701680 764568 841431 483476 649620 582006 694885 197103 204532 945138 411786 782577 965837 417250 412787 999999999 523275 739464 495421 582662 203353 682958 279301 301982 339727 293545 795614 363798 308426 491062 408598 292141 386462 824898 287797 579596 88003 349138 600371 198663 282306 192890 167641 740477 632405 75933 502726 532930 736756 133475 410275 765067 227690 327553 871679 344100 554768 646924 710339 374618 653571 228780 498227 552525 597129 203731 207192 405931 699071 391534 183837 288253 237274 764493 261297 756389 820669 976886
279721 220772 469965 682596 296087 593532 804931 635143 683068 791419 636560 188885 315909 592892 211485 290240 626800 166955 309665 340410 650246 338231 197510 253079 357353 644752 411130 86182 774461 720260 442264 578957 191551 765312 599983 160538 151038 523275 999999999 316622 28429 93517 323405 392335 630062 237197 184834 253238 291416 506625 645547 624896 475708 807816 483097 549110 287740 267025 610786 754061 381114 363621 383631 513085 652133 698917 297719 506439 429956 694405 871109 583194 368656 241806 552324 236909 446327 179382 781738 813732 736643 407040 195481 616942 174672 804582 99855 488410 509920 728110 184051 715256 340596 235811 754330 731630 782053 601468 314568 609849
434050 381618 445061 759546 595322 300350 808136 714033 729274 637926 320548 167097 248901 834751 479411 604741 321629 438285 105327 647613 506975 653007 368145 191606 143564 634662 232251 231640 675741 927945 582419 263590 328311 608686 284266 472534 337281 739464 316622 999999999 336535 363512 543372 175790 731499 443859 452358 535280 172576 549272 734821 605608 490525 1030775 511945 277285 578059 173868 824824 854354 245508 633138 495875 648000 820221 543206 131707 749297 378804 667833 785224 834292 683892 283969 670055 531913 136446 433387 770724 759203 614185 451336 435282 741887 242111 803356 220317 620168 638004 786006 207417 777297 580976 475219 939348 573086 972476 398318 187560 293857
258401 201305 459638 661482 269541 607069 788313 614233 664116 788106 655246 215525 315359 564479 183111 275760 642194 174209 321985 330238 647349 323174 219774 281111 383550 630471 416263 109703 766351 692336 418923 597338 177479 762502 618521 136787 133794 495421 28429 336535 999999999 108374 296250 401402 607663 212263 156576 225045 318996 489865 623851 611582 461810 779518 467871 560279 260164 273089 582836 731045 383548 335280 363363 489391 625820 696631 307760 478051 423002 680958 861206 554771 347370 269680 529432 209558 468191 151878 766358 801594 730955 392120 208244 593135 173698 788302 124303 465153 486705 708014 212193 694953 312502 208438 727067 729293 754560 604830 342351 628555
365959 309628 563458 768714 317228 655762 896535 721642 772383 881435 682104 207170 404765 639774 268031 252463 683461 79692 378998 285751 740080 299966 119158 247301 368426 737674 492353 142475 867399 777605 523981 626229 284276 854918 646448 176989 241889 582662 93517 363512 108374 999999999 390967 466980 713674 315682 245482 294995 290770 598085 730604 718134 568732 858051 575542 617630 319021 348718 668374 836094 466302 405240 471315 593701 722437 788132 372087 555612 522661 787617 964505 625932 354964 201048 634908 268629 481385 247968 874157 907205 828432 499612 102012 697030 265289 896435 148501 570224 591795 815871 182689 802706 399045 303539 818155 820846 843820 684209 309685 655587
127600 163566 364130 411898 195333 727091 580021 369644 437976 722022 821669 485877 366078 291397 126878 367664 777208 425163 473776 441086 599457 391007 509764 561298 639432 460208 486436 378802 651112 399906 164482 764625 215681 703819 785856 243741 210611 203353 323405 543372 296250 390967 999999999 509251 347102 100142 145832 135690 592294 310678 369998 454521 324078 494323 312472 662595 161032 393101 291326 460028 437686 130170 172663 221719 331471 649635 445981 206184 374427 514978 720202 291855 329928 564792 268183 172673 677923 144571 572591 640483 644689 262848 472412 318622 301312 583595 393872 205298 225158 466906 496154 452307 49484 87998 430932 678553 458977 626158 617334 796870
383521 350675 300857 630053 616553 220039 651009 587937 589272 463191 317874 311867 145891 789767 486670 675735 268066 546610 92138 731545 331185 722203 506681 358612 316231 480026 60312 324679 501273 855670 497443 263884 306863 434052 283996 521488 338596 682958 392335 175790 401402 466980 509251 999999999 614180 420336 464100 545535 346271 421136 611916 449588 357242 964407 382093 162193 591323 131896 761563 730179 93971 623155 409114 553258 730402 368020 95040 710084 233899 506953 611101 796204 729068 443881 564819 554261 240150 440341 610739 589730 438570 338196 556990 634859 241937 645124 320587 526556 540747 647744 354761 641003 555031 464510 853189 398369 888094 229592 362839 294995
350725 411688 322927 69860 531406 787214 266147 50635 126928 564843 918205 744892 485941 372460 469513 712502 844988 761260 631889 785230 497462 731376 827252 822944 862216 238615 562862 655730 446470 322892 190487 870467 453795 559861 888535 588067 482678 279301 630062 731499 607663 713674 347102 614180 999999999 398827 482052 481879 841682 195014 29187 257809 259912 429535 233801 717179 499543 557713 289393 126091 520309 431619 251413 125386 173645 533827 602553 354650 384624 277225 469163 401138 655972 855058 79742 519249 843922 471428 278502 377262 479823 280906 805599 53904 524420 273606 667963 144742 123484 128345 769452 113571 369825 421962 280858 550522 315681 599831 866497 899048
70156 69684 326340 456402 219308 640025 601765 410249 467859 684628 728024 388373 282033 391254 95432 354949 688063 363234 377791 427594 553264 388614 431524 464807 539669 460244 404017 283197 630936 497264 208566 670454 117910 663533 691836 202639 110831 301982 237197 443859 212263 315682 100142 420336 398827 999999999 93206 144090 494349 310000 417032 448004 302708 593762 299209 577929 187307 298549 389638 520471 356809 202916 168806 278020 416494 604309 350891 305461 319338 514255 711794 390500 352086 474897 319630 169439 578908 75565 586635 639789 613157 232524 406865 381445 202135 603476 297885 254747 276305 506414 401222 492644 138227 50704 523286 635081 552912 559604 519508 702796
162286 137122 414193 542698 152488 683119 693890 497568 558244 769524 756384 362863 338709 408673 27968 263138 726825 280979 405654 335206 635112 298964 364512 433807 526133 553420 458543 253246 721350 536301 292141 698028 161468 747332 719580 109847 125596 339727 184834 452358 156576 245482 145832 464100 482052 93206 999999999 83592 469036 403194 502215 540892 394594 622988 392023 625761 128395 334055 426769 600162 414749 184559 261555 358081 477157 686174 382548 321954 400015 607375 804059 400345 274052 426026 402313 91342 588704 24972 679525 732820 700543 323745 327403 459213 225338 695836 268770 337349 358573 594516 365915 580446 156192 60435 573478 717618 599988 628168 493305 730275
211392 206120 468532 547354 75390 765079 714457 505329 573238 827750 839928 438452 415994 344900 58882 232028 809512 310893 489009 305535 697250 257172 412552 506126 604255 587770 537135 329376 769136 484879 299869 781581 239924 807062 803133 123802 208035 293545 253238 535280 225045 294995 135690 545535 481879 144090 83592 999999999 543417 436647 505319 579147 439491 563058 432385 706645 45857 416426 376507 591700 491975 111248 293839 356659 446951 748275 465549 260701 463420 642509 844945 332238 208751 488292 403428 37521 671494 105672 705339 768492 754927 371610 360166 450733 308444 717696 344807 340956 360657 602569 437237 587953 117572 93506 530818 778929 554113 700961 567084 813837
508571 447713 587335 879600 586884 453888 952764 832331 859316 809422 432240 106674 386716 876112 496842 542596 461781 347257 263840 568091 676443 589515 242856 44094 83229 779540 399628 215943 841088 991570 671930 383935 396831 780251 400807 448057 384426 795614 291416 172576 318996 290770 592294 346271 841682 494349 469036 543417 999999999 675049 849759 752256 622863 1086109 640719 442923 579117 304618 883530 967455 404262 652394 592885 742121 903246 714285 281856 789061 524854 817864 949622 869190 644234 132239 772078 528324 225146 457458 918611 917323 782319 571451 326609 842783 318037 949131 200447 714720 734720 913305 110019 903002 619246 510150 1015547 744587 1046180 570891 25296 407693
242653 290154 128575 210833 504260 592991 298452 167033 184551 431943 723196 586183 300500 476773 401826 662638 650629 659422 446461 735942 332944 692775 701216 662150 685680 151245 368454 511324 344014 482485 167623 675579 315821 419042 693563 512479 356201 363798 506625 549272 489865 598085 310678 421136 195014 310000 403194 436647 675049 999999999 190812 143866 64900 593936 39076 522848 469677 377764 414472 309232 327174 433276 143230 176372 338172 377297 418068 424765 189737 205902 409586 497155 639933 707992 163640 469757 654711 384438 278263 331902 348967 104651 697646 224675 367631 298533 521148 160353 161170 238474 616466 228775 353488 351600 458849 400745 494574 414575 699007 704060
365826 425854 316370 42522 556588 779168 236971 28157 98484 542195 912137 754593 487576 401395 490745 736572 837084 780141 633842 809537 479891 756397 843004 832360 867603 216441 559093 667944 421602 347632 210078 865506 465921 538212 883180 609246 496828 308426 645547 734821 623851 730604 369998 611916 29187 417032 502215 505319 849759 190812 999999999 237642 255237 452750 229884 709372 524354 561456 317819 119568 517947 458217 263759 148895 199359 514613 604827 383706 380087 252247 441342 430205 682360 867342 101899 542552 844305 490601 249634 349290 457498 283495 823830 82491 533697 244419 679787 165480 144945 100480 780398 85604 394685 442479 301801 530160 336010 586894 874400 893577
378674 418580 165518 230576 647694 575685 202582 209737 165495 309401 716544 675065 365549 600333 541772 802619 633254 784660 500350 875521 244466 834237 813334 746603 748258 31169 390026 615682 204439 578293 307138 676879 434141 302620 691983 648854 478690 491062 624896 605608 611582 718134 454521 449588 257809 448004 540892 579147 752256 143866 237642 999999999 150048 686621 148886 508756 613110 447650 528436 330523 362259 576631 285331 298178 428594 277077 475882 557574 227924 69540 265981 623904 783519 804709 268613 611468 689658 520637 166355 192258 224071 221102 819541 305897 468238 197799 623230 289982 283943 221383 710124 220379 497211 492070 538560 292756 573174 364711 774513 701547
232623 268959 64951 273084 511033 528560 335173 230756 238843 399760 658306 538233 241841 522704 397747 657501 586112 634666 386583 729800 287278 691114 666135 612633 629029 169109 303856 470902 329655 540509 205067 610714 284503 383417 628670 501189 328705 408598 475708 490525 461810 568732 324078 357242 259912 302708 394594 439491 622863 64900 255237 150048 999999999 652136 26563 458377 476697 321452 466504 372971 263380 452263 151641 230120 398862 334805 358866 463719 124922 219216 409537 540604 647040 664063 224407 469744 592388 373382 307542 341672 320829 71521 669919 288302 324267 333275 479457 209806 215140 295538 570792 287182 370745 349195 520616 361146 556337 355524 646311 639162
596968 650136 716376 473749 554959 1166843 656058 479334 545612 994375 1282092 979507 819602 219009 596518 720477 1222349 867507 950009 774703 920926 710634 975299 1053860 1133405 668149 925774 871316 873925 111628 468317 1228147 703695 989139 1248394 684162 704588 292141 807816 1030775 779518 858051 494323 964407 429535 593762 622988 563058 1086109 593936 452750 686621 652136 999999999 626458 1097369 543331 868105 205961 406381 877339 453629 555687 423007 258733 960317 920503 302577 764167 704720 883076 237951 608684 1048390 430688 591294 1161944 630713 684339 791328 909350 637509 917082 380933 790088 666487 886610 446334 437633 515948 987304 506291 468049 576378 155847 978648 128419 1007567 1111035 1259399
229788 271278 91422 249225 502539 555085 323247 205947 218878 416003 684529 553863 263046 500359 393314 654002 612616 639494 408646 726790 308300 686236 675663 629106 649292 163575 329406 482750 338710 514846 184398 636681 291553 400929 654737 500011 334161 386462 483097 511945 467871 575542 312472 382093 233801 299209 392023 432385 640719 39076 229884 148886 26563 626458 999999999 484896 468036 341355 442332 348183 288138 438997 140120 205155 372619 354774 380501 443511 150826 216258 413133 519047 638622 677785 198067 463855 616072 371772 298648 341017 335290 76135 676104 261740 337295 322185 491931 185807 190078 274414 585308 265384 357888 343902 494223 380100 529948 381109 664444 665256
535256 508362 394364 719536 778249 70218 697017 682915 667017 413918 207912 440407 296794 935025 647853 835669 127810 696479 239708 889454 314617 882547 641690 467740 386379 539798 176571 475620 493681 986699 629574 173560 467113 385561 185708 683105 500420 824898 549110 277285 560279 617630 662595 162193 717179 577929 625761 706645 442923 522848 709372 508756 458377 1097369 484896 999999999 752487 294005 898943 822401 225842 780725 544110 677038 852579 330885 252693 858563 336409 551575 600954 944041 891216 561151 680318 716186 255568 601803 652088 604337 420322 460173 701503 746441 404113 688990 469203 652102 663217 725516 482399 721658 709789 623682 975505 353206 1011053 171388 452285 194499
