NAME : synthetic_000142
TYPE : CTSP-D
DIMENSION : 100
GROUPS : 8
RELAXATION_LEVEL : 1
EDGE_WEIGHT_TYPE : EXPLICIT
EDGE_WEIGHT_FORMAT : FULL_MATRIX
EDGE_WEIGHT_SECTION
999999999 287646 1011285 690673 307303 711079 1041488 736344 80920 621334 609520 728436 1137155 1063409 714410 605624 877392 377696 406701 219669 772826 238956 225913 370108 281364 882994 712433 1152587 918065 586417 471890 548110 372891 753964 385907 904670 1166102 592478 162354 629125 786752 843665 841982 796399 773643 904578 493882 138859 600898 845434 400294 496880 637272 1059973 883541 1071123 897626 420526 647618 98590 394534 272918 828356 950259 560292 1036017 381648 565870 974210 475263 315880 880284 885968 890474 956273 555951 796630 737318 784510 602816 326955 272075 718116 990004 470558 534007 862225 197946 96661 353263 786119 862999 844242 1015552 266741 479195 569869 226103 986352 339757
287646 999999999 771751 441762 381988 651883 770617 493199 352009 355770 534102 630422 875729 785904 475180 348376 638989 92757 210901 251544 678087 53042 309249 245965 217593 597387 440638 897987 630466 395354 457043 346558 352600 730419 98478 640420 915546 376458 132992 444053 506656 557787 706364 517371 714971 666684 239215 200043 323022 581730 256129 385686 571458 792164 689045 813757 610333 269529 472425 362246 287522 57585 571601 694435 338551 807952 270966 278243 731607 236493 401967 635805 620474 636343 748043 270540 551210 542660 596145 355518 359207 59549 431605 727083 419625 539180 605062 124401 198030 193690 502376 630104 606636 776323 73997 287940 320897 255220 750903 411448
1011285 771751 999999999 330072 852139 624284 216611 278859 1040774 727439 594334 528979 186598 288581 844738 759409 910833 722669 869281 825599 536119 822370 1080107 655529 970863 573478 698461 165753 501904 935715 719903 898373 733369 722183 693092 190120 165334 878381 857294 407539 361635 413772 419734 347714 632990 925963 767603 875011 476804 225903 622677 580908 609972 194556 226271 123422 523949 602932 405465 1040057 989041 821928 213586 117489 855501 68787 653828 579221 42289 541482 867322 136560 208030 841112 155814 630122 220648 310568 291260 792744 800815 755306 469531 149925 667546 752639 814052 815722 916492 659636 599838 149335 899360 4749 838233 896739 784171 821614 31784 849561
690673 441762 330072 999999999 580131 514528 364214 53817 728126 455544 427809 434942 447535 403529 594953 482146 704733 394965 550973 523698 469633 492672 750053 358182 642570 436077 460523 462074 404761 646447 494873 603096 467954 622748 364310 221200 476814 593509 532616 188819 191537 286428 415602 189157 555289 726439 461873 558238 166855 164286 326039 337888 460292 376940 297986 380544 407484 308943 214774 729827 668669 491950 139148 259679 564250 369840 364435 278309 289859 215625 598680 194067 205489 652330 330344 332426 109453 193214 238827 513881 529598 427705 239770 302709 434366 555319 619416 493014 594502 347808 404650 193073 684012 334666 508310 588959 496692 520906 310188 586820
307303 381988 852139 580131 999999999 418168 942702 609382 273496 724133 333103 454550 1010531 983503 853979 722717 1016021 459943 585203 133057 493927 370460 518564 229551 521732 911489 798579 1011367 919697 774268 179109 726621 118851 449094 443677 799199 1016751 758344 288734 444624 736573 817900 585034 741356 477865 1043598 618287 221453 568120 744039 258324 272781 352452 952207 676129 939599 908240 272926 448857 260651 627933 415314 714322 823646 720519 858473 217428 591926 822485 403446 21204 739232 784903 1005443 758744 610313 665736 545563 580050 733922 51504 325392 708797 875186 202213 228797 972587 266396 275065 264655 830717 705551 984303 855654 422560 664366 699546 128258 822647 33819
711079 651883 624284 514528 418168 999999999 794623 504503 689816 887480 118203 95344 809725 857051 1034920 902019 1174640 683673 854924 495185 100602 672601 894744 406215 854880 947921 927512 787962 919180 1019793 240760 969677 339626 108473 652291 669486 780072 983113 631087 328065 705718 800651 225558 702237 64106 1199624 829356 591215 619321 634860 397321 268835 80466 788904 399987 741516 921776 387101 299817 678083 938991 706025 593696 654822 945843 598659 381806 705964 612730 495282 419102 567019 665530 1136482 482111 750259 533064 350592 342463 926080 386195 596533 741561 714556 245137 201724 1102234 589919 650916 458487 902921 514531 1148347 625911 720137 924624 897155 488476 592703 392999
1041488 770617 216611 364214 942702 794623 999999999 334057 1085673 626536 740899 700729 129954 71999 717485 660709 751946 700893 815275 886884 717293 823633 1064682 722391 941515 404965 573760 179790 324561 838346 840981 809467 828213 899075 678000 143510 212140 779315 879853 516729 273416 274319 612471 260333 814418 762832 699334 914521 448096 200222 690236 687746 764365 34034 418919 115377 352262 672960 527943 1088781 934542 811289 228541 140096 764374 281830 728302 523255 201544 570463 960718 227942 158861 676296 365216 564236 281435 448883 452451 693087 891723 770818 376917 80481 782682 889456 653809 844141 944853 709690 459029 280186 746318 218593 825969 823941 693563 884325 238189 947475
736344 493199 278859 53817 609382 504503 334057 999999999 770752 503462 427559 419542 406573 380675 640308 531067 743880 448419 604725 561955 450254 543576 801999 393666 695765 459237 502764 416947 419199 697610 510406 654884 494240 612940 417496 191046 429758 643974 580022 190412 207462 300834 384005 201479 540169 764682 514548 602115 218604 140402 360898 355149 457156 342849 250457 337684 425736 342578 209689 771596 722484 544192 105671 217723 615455 316517 397139 329568 239551 263227 627105 144327 178972 688219 277682 383558 60328 164404 202528 563204 558216 476757 275110 266165 451011 564964 655966 539384 640670 388870 438053 139350 724497 283382 560641 642031 547169 558739 257780 613502
80920 352009 1040774 728126 273496 689816 1085673 770752 999999999 695424 596354 717497 1175638 1111783 792750 681176 956230 444202 486028 221146 759764 307229 298211 387629 362198 949386 785343 1187617 980495 667044 449119 628257 360621 721888 448435 946187 1199165 672110 220061 646836 838516 900688 839135 847324 750538 983514 569033 171261 652977 887218 419849 499655 620319 1102298 898265 1107996 961354 440025 661725 19273 475225 345067 867078 987337 639397 1060723 394181 627988 1005316 515414 277061 913171 928274 967461 974616 622502 830984 754952 799075 679770 304372 326518 776612 1030184 458170 501937 938673 245750 153980 382069 854101 891552 923086 1044877 340712 559391 646413 226453 1014440 302773
621334 355770 727439 455544 724133 887480 626536 503462 695424 999999999 774415 833142 754253 608871 147651 34323 296110 266895 241742 600673 876830 391026 529833 530965 396212 298778 93779 795753 363079 212166 753229 184433 665387 985651 280456 544602 823270 153298 485104 584800 369050 354122 854590 383357 943062 323095 128535 555448 292887 501555 520648 630028 813373 657629 753260 712933 334023 521614 618527 708352 341572 350553 518241 616939 139177 785936 555177 186264 685755 393056 745057 603342 524264 281842 776779 137466 537301 638785 689678 66702 691858 403938 259075 620157 700964 834895 249768 479931 544812 478206 199620 628362 266377 732092 354895 214128 72809 603265 720064 749882
609520 534102 594334 427809 333103 118203 740899 427559 596354 774415 999999999 121646 773915 798127 921453 787740 1064224 565680 736721 390525 163643 556011 783761 288843 738926 852698 818393 760080 830519 902275 156574 852114 237098 211345 534490 606811 757203 866367 518583 239339 618673 713126 254886 616919 180869 1089642 712541 483693 514535 565029 279155 150735 39135 739888 383384 703298 830387 268946 218005 586465 821413 588609 525589 604109 828920 581463 264841 595310 575355 381383 338752 514328 599675 1029019 469165 637724 465870 292924 303074 811014 293111 479248 643089 662862 139065 160496 994677 476313 543006 340543 801106 466304 1037196 596765 602920 806544 781526 383936 562651 313895
728436 630422 528979 434942 454550 95344 700729 419542 717497 833142 121646 999999999 714381 764001 980723 850458 1113926 649772 824753 508859 47671 657909 895287 391191 841720 870846 865731 692837 837590 979715 276858 930119 357396 198591 616813 577872 685334 939139 629358 255283 624290 718917 141374 619796 120688 1138103 786563 599731 554156 545679 375037 247165 107175 694358 305106 646222 841973 360893 223698 707851 917304 686766 504176 560750 902858 504284 369462 648333 517473 447356 459669 473571 574854 1071372 387973 695785 443707 260608 248279 876518 414697 579042 668469 620496 259434 264003 1037376 585743 658450 438093 832052 420543 1089011 530630 701964 890202 849475 502372 497383 434516
1137155 875729 186598 447535 1010531 809725 129954 406573 1175638 754253 773915 714381 999999999 176569 847389 788294 879920 811891 935628 968527 722588 928382 1176125 799983 1056362 533023 703419 57365 451696 966334 891094 936284 893010 908537 786720 235369 91180 907345 977443 569803 393948 403685 606107 380125 819539 890037 822064 1005719 557380 294032 767123 744752 791923 97081 412846 71471 480234 748477 573781 1177146 1055569 919820 308897 188852 891349 230639 802383 641549 198675 662023 1027171 271424 255598 803490 339965 685356 347279 483575 472247 820915 959044 870115 501080 148660 835890 929894 781886 939224 1040677 794624 588984 310585 875100 185623 935118 948192 820183 965303 217619 1011443
1063409 785904 288581 403529 983503 857051 71999 380675 1111783 608871 798127 764001 176569 999999999 687364 643189 707864 710654 811813 919808 782508 838860 1071612 759132 944998 362503 547438 232536 280179 818488 890972 793230 871318 962585 690485 191796 266330 759604 901099 568454 279649 255586 680493 268553 879281 716773 692690 940602 463513 241008 727714 735773 823264 98101 488070 182230 310010 711434 582445 1116040 929345 822803 275875 206544 747955 353408 767084 525865 272894 599547 1002166 290555 201732 630369 436677 561812 333380 508416 516169 674559 933088 791424 372211 148690 831685 943143 610249 867680 967152 741827 428727 344449 704852 290517 836723 813530 678568 917697 310053 990299
714410 475180 844738 594953 853979 1034920 717485 640308 792750 147651 921453 980723 847389 687364 999999999 135346 164648 394317 308862 726074 1024285 501034 581667 671877 455910 335504 146510 893911 414925 171336 895244 182152 803738 1132565 414061 656524 923727 131702 595974 731629 483220 444773 999749 497052 1090679 192293 236123 669434 436596 620484 663713 776123 960464 750460 890758 814746 383764 665850 765302 807634 369326 456776 642612 730063 156195 906776 696640 333066 804167 540091 874516 728151 637360 182392 908185 285116 668706 782018 831826 120060 825298 529089 377967 724390 844511 977488 161228 598625 649292 617910 258995 758391 131832 849254 456769 245848 154525 729373 840860 881513
605624 348376 759409 482146 722717 902019 660709 531067 681176 34323 787740 850458 788294 643189 135346 999999999 293447 262985 216417 596845 894771 379937 504269 536676 371313 329874 119974 829532 395962 178386 759954 150160 669142 998595 280386 577499 856892 119750 474791 604729 402081 388434 876498 416399 958638 320959 112260 546568 317542 533629 528370 641538 826815 691727 780125 746533 366598 530619 638509 694737 311144 337784 549335 649595 104929 817276 561377 208123 717606 406748 743457 634178 557064 288555 805747 156170 566670 662649 714215 33346 692426 399493 291999 653661 709177 842160 258260 472753 532431 482889 231784 657929 262147 764077 340628 182456 41790 599786 751485 749459
877392 638989 910833 704733 1016021 1174640 751946 743880 956230 296110 1064224 1113926 879920 707864 164648 293447 999999999 556103 470842 889255 1155524 665651 733857 827075 613061 347004 248263 931735 428328 309387 1049174 335056 961224 1275485 573720 720981 963886 286924 760612 860213 560036 497136 1118819 572318 1227730 27700 399778 834013 560394 696179 816425 922848 1102850 785959 990793 859769 399761 816812 893266 971369 517975 621424 725378 793411 317188 976912 851263 468962 872966 684506 1036710 808842 704239 79917 996062 428193 761810 897173 943429 283487 985823 691976 469249 775768 996368 1130642 98159 762770 813756 774209 313513 846813 33150 915030 621335 402716 318112 892389 912375 1042898
377696 92757 722669 394965 459943 683673 700893 448419 444202 266895 565680 649772 811891 710654 394317 262985 556103 999999999 176190 334127 696885 138793 364306 289073 248217 505603 349189 838350 541253 338415 511218 288185 413458 770655 34249 577129 858230 309053 225731 435916 431207 474371 708719 442947 744842 583697 160023 291833 254514 519807 289009 414955 604378 724565 665750 753152 520160 296982 467412 454777 282263 112954 515043 636316 270660 764805 314737 191391 681326 216200 480609 586141 556537 548622 716458 178475 503014 524286 578800 274359 431186 137058 347735 663641 466271 594165 516660 214400 290283 233609 409910 587686 524362 727350 126161 241129 240233 336931 704528 487205
406701 210901 869281 550973 585203 854924 815275 604725 486028 241742 736721 824753 935628 811813 308862 216417 470842 176190 999999999 452292 872041 214912 288156 452551 154897 536963 335017 968824 593954 190062 667727 145151 563470 937847 210175 706784 992047 186252 304302 611038 542335 559148 884676 555877 916971 497949 122297 378719 392544 653381 457764 586280 774959 842791 834144 883385 566934 468024 642918 501646 120352 169891 656508 772608 153656 917338 478086 294621 827143 391102 604182 734368 685701 488211 879344 251065 654646 695972 750497 204478 567123 270401 440018 790884 628626 750007 462125 318958 348828 398034 436247 743301 437699 874025 163559 79303 175642 456947 854435 616298
219669 251544 825599 523698 133057 495185 886884 561955 221146 600673 390525 508859 968527 919808 726074 596845 889255 334127 452292 999999999 553501 237457 404711 170085 392774 808118 679338 976711 824675 641605 260444 594243 155561 547151 321768 744656 986372 626961 157618 426754 657181 730783 623345 663979 558557 916917 489955 98416 477837 686721 202992 280009 419515 900620 677210 899380 810216 222667 440763 217117 496637 282434 662505 779675 589373 842476 173805 483265 791568 321541 151903 701533 728092 882515 754107 494794 621502 534568 578053 606127 124664 197362 613971 826077 251975 331819 850272 133374 157624 178004 721806 676296 857155 829566 289507 531507 571572 6732 798348 165000
772826 678087 536119 469633 493927 100602 717293 450254 759764 876830 163643 47671 722588 782508 1024285 894771 1155524 696885 872041 553501 999999999 705516 942090 438657 889324 905591 907261 697541 869405 1025938 315059 976440 400714 186273 663821 599721 687781 984812 676191 295429 656794 750903 126069 651557 97394 1179418 832545 645346 595218 571198 422696 294664 141852 708799 309941 656060 875043 408559 262781 749610 964935 734437 529468 577257 948714 505655 416752 691479 528266 493104 497840 492216 598200 1111489 388968 739644 469577 287666 267169 921227 455961 626689 705836 636817 302652 292690 1077623 632744 704279 485749 870109 438059 1131060 537370 749632 937119 894579 546960 504969 472285
238956 53042 822370 492672 370460 672601 823633 543576 307229 391026 556011 657909 928382 838860 501034 379937 665651 138793 214912 237457 705516 999999999 261299 267680 183812 644089 479199 950179 679797 404598 465562 357929 358015 745598 150047 693123 967417 393180 95086 484858 559534 609518 741182 570314 736332 693316 268151 168504 376061 634355 283273 411046 592222 845099 733339 866106 658922 298962 511823 318865 269826 45518 623662 746565 356484 857294 291187 328524 782498 284066 389310 686728 673237 668414 794596 317004 602044 586091 638943 383123 354503 79887 483118 779756 433998 546036 638135 104084 154319 220287 547614 679622 632861 826915 52505 294186 348719 242220 801019 401862
225913 309249 1080107 750053 518564 894744 1064682 801999 298211 529833 783761 895287 1176125 1071612 581667 504269 733857 364306 288156 404711 942090 261299 999999999 507399 133940 822751 623172 1201724 875338 425527 664808 400367 557765 951743 389961 941170 1220754 450342 265931 743586 793364 827157 991089 805595 958727 759300 406385 306339 618764 883494 529772 649942 816434 1088751 994037 1116748 849700 547805 769131 317457 216393 258342 876748 998933 427558 1117173 527015 546072 1039597 545046 530584 943832 920661 764050 1055895 515615 859459 846455 898822 489789 526931 337288 702185 1027768 649616 735978 741089 309936 247265 469292 721908 939303 701537 1084710 242276 336239 463050 411382 1059778 552226
370108 245965 655529 358182 229551 406215 722391 393666 387629 530965 288843 391191 799983 759132 671877 536676 827075 289073 452551 170085 438657 267680 507399 999999999 451229 687487 594314 807047 691711 627051 223666 576898 137844 485355 261940 579300 816385 597605 242914 259955 507195 588501 484332 512229 469582 854019 445745 231463 340105 522317 32971 144037 325751 734565 513640 730405 681395 52638 277511 385519 532781 299824 495896 611232 559298 673290 25710 376454 621523 174689 249810 531895 563606 805969 587863 403943 452711 368286 414514 554486 182897 190406 481496 659068 177300 306361 772098 197938 284123 55466 611756 506219 797098 659505 314077 525695 521997 166236 628375 243891
281364 217593 970863 642570 521732 854880 941515 695765 362198 396212 738926 841720 1056362 944998 455910 371313 613061 248217 154897 392774 889324 183812 133940 451229 999999999 688882 489717 1084772 742259 310535 640593 278087 531793 924472 278274 822720 1105395 326454 235562 661450 668668 697484 923119 681373 918786 639350 272476 300549 500331 766219 467013 594810 774664 966833 903995 999365 716319 482407 690008 379912 113615 160159 762890 883607 300018 1012282 474357 419332 929542 449751 537764 834322 801912 637641 959702 385363 751019 758659 812504 358327 516871 263107 573732 908816 613785 718595 613160 269473 252636 403977 588034 834774 580220 975541 143599 210605 330423 398783 952493 555150
882994 597387 573478 436077 911489 947921 404965 459237 949386 298778 852698 870846 533023 362503 335504 329874 347004 505603 536963 808118 905591 644089 822751 687487 688882 999999999 213256 584749 82442 487009 885193 473586 823595 1055382 501791 386964 616983 431006 729740 619859 252735 166732 842679 261002 990952 358167 416425 790344 351037 374277 664899 735109 888034 438986 686602 513795 52791 656880 648788 959291 640349 612091 410191 456473 430263 641279 706076 325845 538201 514701 932539 486959 372944 271751 676141 327135 458501 623372 660235 354935 868809 628658 211582 432485 825445 958244 248899 711195 795413 646884 100849 532471 342496 577403 621061 512315 371066 808685 578882 929978
712433 440638 698461 460523 798579 927512 573760 502764 785343 93779 818393 865731 703419 547438 146510 119974 248263 349189 335017 679338 907261 479199 623172 594314 489717 213256 999999999 748905 284920 275825 812639 260332 731253 1029351 357620 510035 778334 218612 572077 611961 337162 299880 872343 350892 979938 272438 221773 640637 312166 474731 580095 679782 856772 606355 752420 669010 254404 578343 645048 797736 430700 440322 498089 583585 217142 760899 617299 223984 658044 441468 819700 583483 490929 212591 765646 190430 527050 651546 699223 142149 763225 484897 233828 578245 757576 892688 178376 563587 633484 544148 120759 615621 224681 702961 445694 301337 161763 681423 695047 822608
1152587 897987 165753 462074 1011367 787962 179790 416947 1187617 795753 760080 692837 57365 232536 893911 829532 931735 838350 968824 976711 697541 950179 1201724 807047 1084772 584749 748905 999999999 504138 1007889 884081 976191 892990 883811 811763 262489 33921 949049 994599 567460 430512 449176 577645 416363 793640 942524 857738 1019016 584462 318608 774078 742109 775564 145789 388179 85541 532032 754885 568053 1188211 1089096 944140 326608 203655 931543 194844 807627 674203 189289 677698 1027241 275179 283491 855977 309700 720078 356660 474586 457008 862448 959890 888787 539552 178144 830704 918226 833599 955059 1056530 805601 636553 306008 925989 163428 959799 985079 860052 973147 197476 1010360
918065 630466 501904 404761 919697 919180 324561 419199 980495 363079 830519 837590 451696 280179 414925 395962 428328 541253 593954 824675 869405 679797 875338 691711 742259 82442 284920 504138 999999999 560716 877268 543546 824626 1027470 532557 320161 536696 503437 760524 592998 213508 118680 797543 217888 958264 438433 471805 816493 351681 316539 666375 723251 864156 358588 631681 435244 31161 656098 619525 989063 702587 651672 355486 386304 499202 570370 708079 352588 468659 517030 940438 426181 308557 351878 613714 365729 408935 583037 615098 423605 874550 655311 211208 357236 816662 946521 330424 737739 827222 656037 164925 475045 424681 505616 662188 576970 435873 824576 509782 935599
586417 395354 935715 646447 774268 1019793 838346 697610 667044 212166 902275 979715 966334 818488 171336 178386 309387 338415 190062 641605 1025938 404598 425527 627051 310535 487009 275825 1007889 560716 999999999 847560 50248 746203 1108738 368141 755378 1035277 59037 494268 746839 580172 565070 1022433 594492 1079924 334239 194104 568607 479601 710347 627304 751855 941201 869630 943062 924915 530104 634560 780263 683687 209166 359291 724180 827130 82199 992221 652754 368161 893720 533254 793491 808283 734834 348399 974711 314084 737533 817019 870291 145465 754295 454573 470073 832022 804350 930402 331070 508458 536560 571616 396405 828938 277700 940409 353586 110962 151858 646098 926682 804936
471890 457043 719903 494873 179109 240760 840981 510406 449119 753229 156574 276858 891094 890972 895244 759954 1049174 511218 667727 260444 315059 465562 664808 223666 640593 885193 812639 884081 877268 847560 999999999 797638 108876 286996 485226 700121 885054 820247 407823 324447 674889 765175 411224 676360 302246 1075923 669100 358556 534471 650673 232920 157047 173394 845058 523693 819642 871666 234542 317331 437635 735307 504954 615208 710941 781867 716155 198640 590719 695456 375539 182928 622235 689245 1025099 608854 623223 559601 409524 433647 778124 145602 397841 674077 767024 60901 82948 990977 371123 418026 278537 818577 580585 1019589 722888 516771 743464 745661 253729 688925 157660
548110 346558 898373 603096 726621 969677 809467 654884 628257 184433 852114 930119 936284 793230 182152 150160 335056 288185 145151 594243 976440 357929 400367 576898 278087 473586 260332 976191 543546 50248 797638 999999999 696648 1058494 317909 720765 1002790 50494 449007 698678 546532 538199 974417 560820 1029898 361267 145880 523504 436360 673876 577058 701663 891027 840061 898636 892440 513565 584326 732001 644412 187191 312456 685804 791680 45275 953482 602599 325443 856221 484069 746032 769154 700008 364326 932430 271756 696581 770683 824222 120133 705727 405570 436783 799269 754194 880507 343042 461407 493801 521454 378641 787867 302307 903090 307680 68938 116154 598601 888244 756995
372891 352600 733369 467954 118851 339626 828213 494240 360621 665387 237098 357396 893010 871318 803738 669142 961224 413458 563470 155561 400714 358015 557765 137844 531793 823595 731253 892990 824626 746203 108876 696648 999999999 395062 390146 684885 898075 721819 299047 325912 632921 718109 479470 636564 403019 988374 573081 252277 474153 630833 158769 154233 264458 836618 558966 821925 815648 168663 330098 351823 627436 398415 599674 706806 683410 739767 117549 514283 703977 309033 134275 621596 671318 942381 640921 540825 549517 426825 462162 684998 67949 293072 615783 759240 98072 188023 908651 262324 311997 187437 749314 587061 930739 736868 409666 640304 651694 148849 703824 119263
753964 730419 722183 622748 449094 108473 899075 612940 721888 985651 211345 198591 908537 962585 1132565 998595 1275485 770655 937847 547151 186273 745598 951743 485355 924472 1055382 1029351 883811 1027470 1108738 286996 1058494 395062 999999999 740632 776194 873845 1074775 693861 435652 814044 908982 309154 810649 91699 1300838 921010 645426 723504 742657 481691 358179 172637 892111 496126 841547 1029809 474272 407979 708018 1014858 782175 701367 759027 1037029 691654 459918 806535 713319 592595 444911 672124 772757 1239500 575035 849050 640762 457922 446680 1021407 427828 672916 848145 818761 311645 220352 1205184 655644 704774 539868 1008571 618927 1248528 723494 795266 1010136 991480 540456 690935 419116
385907 98478 693092 364310 443677 652291 678000 417496 448435 280456 534490 616813 786720 690485 414061 280386 573720 34249 210175 321768 663821 150047 389961 261940 278274 501791 357620 811763 532557 368141 485226 317909 390146 740632 999999999 551517 830941 335915 228393 401667 410859 459521 674580 422050 713083 601156 183874 289328 230068 493618 259568 383889 573323 700783 632216 726811 512956 266418 433182 457764 316293 133346 487131 609060 297709 734012 287427 180043 651989 181965 464610 556535 531131 561912 683810 177038 472929 490326 544822 294909 412115 128793 333218 638192 438490 568090 529263 210380 294788 206724 408763 556565 542532 697753 148409 273478 261552 323969 674331 469603
904670 640420 190120 221200 799199 669486 143510 191046 946187 544602 606811 577872 235369 191796 656524 577499 720981 577129 706784 744656 599721 693123 941170 579300 822720 386964 510035 262489 320161 755378 700121 720765 684885 776194 551517 999999999 285317 697173 744013 376871 175616 224315 506417 161340 695365 736472 597371 775382 322720 59247 547031 545769 632682 156238 323152 176949 339332 529614 390682 948685 827116 684528 85376 73580 676814 256014 584895 412240 152140 430868 817247 113140 21091 652029 294619 459285 141585 319191 332657 610793 748239 635972 285538 86718 641240 751385 624477 706806 808036 568036 409723 167342 709260 194426 699886 725578 605135 741955 192251 804137
1166102 915546 165334 476814 1016751 780072 212140 429758 1199165 823270 757203 685334 91180 266330 923727 856892 963886 858230 992047 986372 687781 967417 1220754 816385 1105395 616983 778334 33921 536696 1035277 885054 1002790 898075 873845 830941 285317 999999999 976546 1009249 572163 456408 478985 566049 442165 783094 974952 882330 1031495 605210 339589 783430 746004 771090 178109 380244 110378 564327 763974 570757 1199242 1112389 962740 344121 221923 958314 182222 815928 697548 195078 692153 1032156 286101 306408 888423 298820 744375 369486 475865 454574 889923 965360 904421 566009 203531 832876 916329 865732 969036 1070384 817144 667009 311670 957747 162208 978572 1010165 886722 982620 196129 1014625
592478 376458 878381 593509 758344 983113 779315 643974 672110 153298 866367 939139 907345 759604 131702 119750 286924 309053 186252 626961 984812 393180 450342 597605 326454 431006 218612 949049 503437 59037 820247 50494 721819 1074775 335915 697173 976546 999999999 486229 701467 521809 506047 976320 536128 1042196 313544 153833 560690 426954 652778 595146 716774 905450 810621 890955 866199 473002 600867 735098 687847 237680 347738 667451 769144 38416 935520 623178 315475 836471 491784 778172 751893 676699 313976 920411 261393 682374 767736 820506 86622 734889 434300 411716 773371 774395 903191 292548 495293 534210 542220 338768 773783 253956 883063 344719 115879 96825 630987 869857 787898
162354 132992 857294 532616 288734 631087 879853 580022 220061 485104 518583 629358 977443 901099 595974 474791 760612 225731 304302 157618 676191 95086 265931 242914 235562 729740 572077 994599 760524 494268 407823 449007 299047 693861 228393 744013 1009249 486229 999999999 490265 624454 682675 727242 634055 695184 788267 363163 74524 438576 684769 267577 384303 552032 898856 744567 912283 741293 286611 512891 229552 339293 139354 669092 791548 450062 885824 261512 407968 819164 317097 306035 724339 725047 763325 812679 403287 640045 596703 646868 478207 281334 109721 557750 829754 386526 484185 732888 45302 67084 210561 635254 710405 727786 861670 141570 383320 443805 163471 833543 321624
629125 444053 407539 188819 444624 328065 516729 190412 646836 584800 239339 255283 569803 568454 731629 604729 860213 435916 611038 426754 295429 484858 743586 259955 661450 619859 611961 567460 592998 746839 324447 698678 325912 435652 401667 376871 572163 701467 490265 999999999 380210 474980 275807 377959 373216 884020 552883 490266 299834 330208 228901 175002 271475 520654 254860 498401 594406 208634 33782 643783 716838 501308 292762 386977 666964 417338 252952 398625 378266 219941 460023 299064 367216 816300 327938 448646 235635 108334 156611 632721 393279 406578 414307 442620 267094 374996 782368 445346 539937 279901 577145 261457 836017 411085 517943 667466 608186 422056 378241 442900
786752 506656 361635 191537 736573 705718 273416 207462 838516 369050 618673 624290 393948 279649 483220 402081 560036 431207 542335 657181 656794 559534 793364 507195 668668 252735 337162 430512 213508 580172 674889 546532 632921 814044 410859 175616 456408 521809 624454 380210 999999999 94939 590058 14321 744933 578026 428140 668121 185908 137854 478478 518669 651648 300456 437167 346147 218362 465283 406175 843969 661982 543185 165408 248411 502237 423754 519884 249877 320947 336478 756559 249078 155488 496746 436151 291575 207261 371865 407537 435340 688512 514782 110101 252895 613989 740416 466542 593055 691047 480629 246669 287554 545111 366179 557189 554764 430577 655885 357943 748527
843665 557787 413772 286428 817900 800651 274319 300834 900688 354122 713126 718917 403685 255586 444773 388434 497136 474371 559148 730783 750903 609518 827157 588501 697484 166732 299880 449176 118680 565070 765175 538199 718109 908982 459521 224315 478985 506047 682675 474980 94939 999999999 680998 99362 839588 512237 438686 732554 252946 207582 561349 609814 746350 306603 520370 370376 126068 549561 501109 907628 675365 587254 243669 296308 492940 480294 603059 283513 376454 414680 838287 320495 208605 427718 509777 312127 293748 464950 498362 420280 771116 574269 126638 281600 704348 832447 400290 655234 749754 557256 189106 365765 486488 417942 599734 558088 423154 730059 416423 831745
841982 706364 419734 415602 585034 225558 612471 384005 839135 854590 254886 141374 606107 680493 999749 876498 1118819 708719 884676 623345 126069 741182 991089 484332 923119 842679 872343 577645 797543 1022433 411224 974417 479470 309154 674580 506417 566049 976320 727242 275807 590058 680998 999999999 582619 217696 1141116 828583 707860 563293 486863 461394 345896 247559 600647 195039 541911 806971 443795 242754 831057 987022 763911 445585 473954 942244 383909 466614 668694 416643 494244 592182 394544 508208 1067888 267946 720450 388986 222396 182652 905511 541614 661303 655209 532407 384170 405056 1034872 682248 764556 522801 819852 339659 1096899 420517 780066 942876 882189 617192 389446 567830
796399 517371 347714 189157 741356 702237 260333 201479 847324 383357 616919 619796 380125 268553 497052 416399 572318 442947 555877 663979 651557 570314 805595 512229 681373 261002 350892 416363 217888 594492 676360 560820 636564 810649 422050 161340 442165 536128 634055 377959 14321 99362 582619 999999999 740481 590030 442048 676689 195558 124614 483081 519798 649415 286974 427056 331926 224604 469449 403131 852528 675618 554655 153620 234214 516540 410129 524329 262949 307153 342768 761212 236542 141271 508312 424232 305267 197728 365671 399982 449656 692953 524341 124421 238667 615466 740847 478389 602081 700508 486961 258823 276173 557767 352245 568799 568826 444877 662556 344378 752731
773643 714971 632990 555289 477865 64106 814418 540169 750538 943062 180869 120688 819539 879281 1090679 958638 1227730 744842 916971 558557 97394 736332 958727 469582 918786 990952 979938 793640 958264 1079924 302246 1029898 403019 91699 713083 695365 783094 1042196 695184 373216 744933 839588 217696 740481 999999999 1252346 888622 654897 669690 665027 459808 330704 144133 806147 406722 753282 962512 448947 342670 738357 1002259 769398 623400 674346 1005168 600872 445351 759999 625610 552392 477625 588817 693194 1187363 484395 805628 563120 380200 363358 983407 447846 659974 787396 733956 309113 255530 1153232 654020 714615 521397 950326 534877 1202052 634158 783623 985942 955064 551838 601950 451444
904578 666684 925963 726439 1043598 1199624 762832 764682 983514 323095 1089642 1138103 890037 716773 192293 320959 27700 583697 497949 916917 1179418 693316 759300 854019 639350 358167 272438 942524 438433 334239 1075923 361267 988374 1300838 601156 736472 974952 313544 788267 884020 578026 512237 1141116 590030 1252346 999999999 427474 861689 584200 713361 843111 948812 1128203 796866 1010628 871881 410680 843309 916957 998708 543188 649062 743433 808476 344302 992486 878140 494335 888591 710382 1064298 826350 720144 86555 1014174 454357 781167 919200 964916 311185 1013270 719627 489682 789128 1022896 1157284 112042 790469 841294 801282 331385 865307 60564 930103 648915 429206 345810 920041 928297 1070418
493882 239215 767603 461873 618287 829356 699334 514548 569033 128535 712541 786563 822064 692690 236123 112260 399778 160023 122297 489955 832545 268151 406385 445745 272476 416425 221773 857738 471805 194104 669100 145880 573081 921010 183874 597371 882330 153833 363163 552883 428140 438686 828583 442048 888622 427474 999999999 435538 296356 546540 442029 562962 751621 727863 755241 772697 445026 447298 586254 582509 236723 225596 554025 665710 116549 819625 471171 188511 725314 339525 638725 635252 576315 400343 792142 138187 559365 625376 679107 116305 590904 293094 322540 679613 621907 751962 370427 363087 420214 390589 315577 650054 367432 772348 228401 129139 81688 493279 755229 646272
138859 200043 875011 558238 221453 591215 914521 602115 171261 555448 483693 599731 1005719 940602 669434 546568 834013 291833 378719 98416 645346 168504 306339 231463 300549 790344 640637 1019016 816493 568607 358556 523504 252277 645426 289328 775382 1031495 560690 74524 490266 668121 732554 707860 676689 654897 861689 435538 999999999 483007 716337 261444 361974 514322 931401 744709 938606 798818 281670 508918 175849 408469 213414 696916 817802 524421 898251 243988 465525 838576 344515 237215 745406 757321 835068 817493 466277 662437 598467 645707 551130 221976 161740 609832 859716 346590 430135 804217 79149 59731 215600 698088 726269 801266 879218 216085 457646 516622 105066 849552 255056
600898 323022 476804 166855 568120 619321 448096 218604 652977 292887 514535 554156 557380 463513 436596 317542 560394 254514 392544 477837 595218 376061 618764 340105 500331 351037 312166 584462 351681 479601 534471 436360 474153 723504 230068 322720 605210 426954 438576 299834 185908 252946 563293 195558 669690 584200 296356 483007 999999999 265887 315465 386797 551914 470721 464011 499098 341554 306374 332881 658777 512238 363413 264679 383656 397402 525384 357037 111525 434718 165512 588815 341893 302066 517674 496272 165653 263537 345936 396872 348586 522890 328886 141635 409157 475074 608787 483549 407349 505140 305250 287577 353828 536469 481545 378342 424551 330191 477136 462021 583966
845434 581730 225903 164286 744039 634860 200222 140402 887218 501555 565029 545679 294032 241008 620484 533629 696179 519807 653381 686721 571198 634355 883494 522317 766219 374277 474731 318608 316539 710347 650673 673876 630833 742657 493618 59247 339589 652778 684769 330208 137854 207582 486863 124614 665027 713361 546540 716337 265887 999999999 490275 494995 592940 215080 315152 233345 330983 473228 347222 889849 773717 626406 41755 119323 630580 286305 528704 359577 184410 371832 762393 113418 41372 630721 302602 408389 101973 285071 307025 566972 693321 576771 243839 145465 591091 705115 601477 647581 748798 509723 382725 158765 682141 230547 641884 675351 559075 684130 220376 749961
400294 256129 622677 326039 258324 397321 690236 360898 419849 520648 279155 375037 767123 727714 663713 528370 816425 289009 457764 202992 422696 283273 529772 32971 467013 664899 580095 774078 666375 627304 232920 577058 158769 481691 259568 547031 783430 595146 267577 228901 478478 561349 461394 483081 459808 843111 442029 261444 315465 490275 999999999 129606 317222 702117 483276 697495 657008 20295 247895 418036 543619 311929 463416 578400 557065 640896 41747 359413 588584 150266 278132 498928 531522 792418 556547 390381 419845 337189 384328 547819 210081 204056 457100 626466 180851 314249 758350 222289 312423 63073 591858 473355 787020 626664 326982 528701 516114 199191 595608 270440
496880 385686 580908 337888 272781 268835 687746 355149 499655 630028 150735 247165 744752 735773 776123 641538 922848 414955 586280 280009 294664 411046 649942 144037 594810 735109 679782 742109 723251 751855 157047 701663 154233 358179 383889 545769 746004 716774 384303 175002 518669 609814 345896 519798 330704 948812 562962 361974 386797 494995 129606 999999999 189450 693490 405608 673371 718953 118289 176216 493552 673199 441211 460523 560977 679140 585704 122948 455800 552830 238503 286923 473757 534115 891939 486925 494758 406513 272845 308193 663654 222181 332645 523527 615557 96491 223475 857590 340006 418788 192155 673909 436214 894857 584292 456051 655813 633437 274174 550977 268655
637272 571458 609972 460292 352452 80466 764365 457156 620319 813373 39135 107175 791923 823264 960464 826815 1102850 604378 774959 419515 141852 592222 816434 325751 774664 888034 856772 775564 864156 941201 173394 891027 264458 172637 573323 632682 771090 905450 552032 271475 651648 746350 247559 649415 144133 1128203 751621 514322 551914 592940 317222 189450 999999999 761913 393387 721891 864737 307493 247669 609586 858529 625558 552868 626311 867982 592957 301350 633898 593278 420377 356026 536824 626486 1067136 478673 676603 492657 315483 319685 850135 315974 516068 679084 685531 167766 157670 1032806 510420 573896 378140 837987 487170 1075930 612156 639677 845132 820661 412850 578193 330439
1059973 792164 194556 376940 952207 788904 34034 342849 1102298 657629 739888 694358 97081 98101 750460 691727 785959 724565 842791 900620 708799 845099 1088751 734565 966833 438986 606355 145789 358588 869630 845058 840061 836618 892111 700783 156238 178109 810621 898856 520654 300456 306603 600647 286974 806147 796866 727863 931401 470721 215080 702117 693490 761913 999999999 405961 84282 386289 684364 529783 1104887 962388 834127 238710 135780 795050 257121 739377 549697 185186 586907 969831 225586 174121 710330 347145 591958 287373 447021 446480 724258 901000 790295 405943 78035 787539 890860 687818 862251 963314 724215 492251 275083 780248 195986 849048 853223 724029 897846 218871 955820
883541 689045 226271 297986 676129 399987 418919 250457 898265 753260 383384 305106 412846 488070 890758 780125 990793 665750 834144 677210 309941 733339 994037 513640 903995 686602 752420 388179 631681 943062 523693 898636 558966 496126 632216 323152 380244 890955 744567 254860 437167 520370 195039 427056 406722 1010628 755241 744709 464011 315152 483276 405608 393387 405961 999999999 347359 645391 463080 236626 894096 947384 745093 276831 282186 860906 199877 504409 575484 221615 454273 688357 210107 328591 931761 85801 629588 230237 147997 99236 811853 626622 656906 521748 339444 478633 543868 900444 699820 794794 534545 680596 157424 972633 227449 761896 879751 794202 672097 195345 667453
1071123 813757 123422 380544 939599 741516 115377 337684 1107996 712933 703298 646222 71471 182230 814746 746533 859769 753152 883385 899380 656060 866106 1116748 730405 999365 513795 669010 85541 435244 924915 819642 892440 821925 841547 726811 176949 110378 866199 912283 498401 346147 370376 541911 331926 753282 871881 772697 938606 499098 233345 697495 673371 721891 84282 347359 999999999 461562 678678 502323 1109126 1003675 859385 243280 120871 847946 178658 732297 588766 128931 595881 956128 200367 197951 785534 279222 634907 277882 412399 402380 779577 888103 805793 455657 93263 764422 858832 761665 873332 974833 726414 559084 239189 852386 123520 874967 900281 776361 896043 152579 940250
