NAME : synthetic_000551
TYPE : CTSP-D
DIMENSION : 100
GROUPS : 8
RELAXATION_LEVEL : 1
EDGE_WEIGHT_TYPE : EXPLICIT
EDGE_WEIGHT_FORMAT : FULL_MATRIX
EDGE_WEIGHT_SECTION
999999999 598015 545196 506773 124922 509916 205404 581166 61719 490855 280111 209446 363424 114673 418206 353903 207179 146215 535592 645021 71589 568191 448234 446639 707713 369036 614769 577655 397378 388426 624541 367147 177350 475843 339630 462150 364039 359395 137589 507388 506624 512765 456940 509712 410978 540164 323173 245865 182346 161879 369853 447907 381601 198586 519781 445098 379012 759511 205378 727117 444182 300331 666076 58778 493176 464778 476601 420419 432194 602643 343102 506964 590936 666550 91211 359866 420604 299418 336800 614604 302082 420305 501883 363339 666132 118453 396099 583749 638181 426796 578264 431987 447855 219001 251789 574922 316012 433057 228916 533737
598015 999999999 267555 1093658 715788 549214 707495 530195 646237 108236 550724 755170 945910 635862 184926 926673 593535 677947 773873 587227 526554 222518 276332 190550 948184 960460 114895 306070 832946 909339 747221 881893 753806 887331 312543 564186 645851 824400 690089 797820 202390 893663 147866 1099055 287952 758797 275448 810287 415712 436575 874717 909120 977680 794371 807931 280309 477140 291939 789400 237129 726462 334416 901063 562023 191000 162457 1063777 412056 694074 878107 633266 866097 19589 207055 595440 957011 1012292 615180 934798 356460 619485 1014491 496826 568546 596543 525132 241555 406574 803649 644822 450308 486208 180616 729344 707239 125296 813002 402515 370009 65301
545196 267555 999999999 979236 669704 294873 716174 724332 572154 257558 376891 744445 907693 626059 288711 806005 449157 566659 898522 319678 484363 51546 447720 347088 1084338 908767 173682 533721 883231 919594 909617 894852 721856 951905 412193 710572 738353 653522 671432 905189 407787 971899 284281 988342 134494 889147 283199 788856 392787 401127 892966 951641 914268 737659 917032 449930 265424 559426 750486 504680 829836 248314 1036457 534576 387479 326762 951191 188494 801283 997236 720310 951646 281418 471046 583514 872336 909867 433037 860901 589178 436512 955723 241686 360468 329326 436538 366395 139678 956416 420071 182774 633990 333700 736044 553868 371387 832384 560700 367065 237357
506773 1093658 979236 999999999 415052 805906 520089 1031743 451134 989405 608240 455563 311597 523815 920460 173250 530151 419111 856183 932075 576723 1016165 951681 952975 962388 263551 1090636 1076628 612181 478952 986438 489027 411889 666788 845226 890622 742314 370937 475294 800851 1013146 717494 958895 17470 857910 872609 819445 405365 684353 661255 506794 591446 219891 340198 809163 948274 732687 1265365 376475 1233842 776316 768093 938979 556657 999937 970122 30176 804686 785411 866308 728807 737909 1088894 1173228 547960 169254 90313 564516 209446 1107970 562424 228039 830442 654573 951526 569184 902856 961059 969844 649444 934100 890319 953646 506662 431954 1080943 516832 915971 732050 1028404
124922 715788 669704 415052 999999999 613853 145381 625644 110140 607814 378581 111994 238502 110004 533052 287350 293986 182000 512512 750944 192336 693111 540798 554384 666465 245769 737909 662673 324473 280679 622456 263592 59675 402491 438308 490863 360058 369482 71943 471894 607337 446313 571664 414842 535651 522321 443158 128694 301611 283415 270357 358787 262133 80107 483335 537173 489903 856212 80955 828262 421638 425248 629701 154121 596273 575010 385534 538191 418937 560573 342114 448608 707511 767447 133707 254147 325216 381328 224311 692989 382873 298802 611938 458871 772205 237132 501491 703137 623388 509501 694544 480097 557258 146674 292804 682646 227220 501124 345937 652394
509916 549214 294873 805906 613853 999999999 714227 906531 503724 503700 235567 716552 828287 620461 496217 639799 323051 451475 996351 137520 480494 346406 647144 562230 1181269 813799 467682 763204 904430 893465 1045652 874243 673382 981802 568266 848711 820558 440700 646898 984496 637492 1014698 511827 818649 280217 993658 426763 742489 447008 438140 878379 957774 805239 657756 997112 647654 138552 834752 689517 781725 912272 330326 1135477 531752 615621 552679 781941 152116 890685 1081565 799515 1003947 559413 739400 585171 742542 755716 250912 744979 818527 251637 848285 53232 160446 158773 394490 555531 190901 1079139 162062 147407 783099 551174 728786 382739 631026 825872 729698 453590 503414
205404 707495 716174 520089 145381 714227 999999999 513263 230396 600510 485502 65569 260412 94630 523209 418911 409940 317540 367837 848257 240522 730053 487448 527056 521988 291662 751573 592831 192282 205529 482231 179539 113283 271030 402117 370702 224795 514334 77865 326530 564070 310147 559630 516046 583008 378506 453929 123124 323899 315319 176798 244466 325076 189377 338012 483284 581034 798531 144518 778822 277679 468521 484567 187474 557823 551997 492667 615448 277612 415980 209637 308177 695767 719046 134634 350930 430637 501628 312014 613444 503931 348624 703563 568685 869247 319997 472524 774130 479628 630025 773713 377051 533288 21889 430652 649957 116686 417740 356440 648870
581166 530195 724332 1031743 625644 906531 513263 999999999 641457 475305 761140 578742 762473 516293 436274 912476 736473 725898 315562 1002929 538159 701529 276636 377925 449815 800116 635921 234033 505079 639570 232957 614267 619955 516835 338274 145979 304998 937231 558776 366541 330637 495848 441628 1028511 644157 293282 480665 634111 491542 511415 598614 576098 836496 693393 371000 274404 777800 413658 655375 428135 324474 576624 407371 522506 346763 400775 1003590 757348 296372 411033 312240 460474 510727 390128 504787 863187 941675 813505 825013 202745 817694 855749 867667 828657 1019269 614518 361473 849468 296187 913519 877652 149179 391444 529016 820820 408320 554009 177187 465827 512949
61719 646237 572154 451134 110140 503724 230396 641457 999999999 540330 268547 216343 338555 152394 469834 294107 185087 92022 580530 640805 126381 599437 508220 502163 747038 336683 655222 638473 420952 390271 676090 372198 169673 499841 398805 519765 413278 303499 153862 547866 564486 540392 508411 455062 439765 586796 370831 238821 233358 210665 377819 463023 343218 166137 559996 505180 380481 817904 187843 784269 488622 334516 707068 120079 550319 518995 420983 431308 479443 641220 392909 538269 640288 723909 142426 311606 366939 274492 293135 675988 276392 384032 502171 349326 662067 135623 452878 596889 686220 403191 586442 492320 502587 239164 203816 629910 330157 494748 280986 581339
490855 108236 257558 989405 607814 503700 600510 475305 540330 999999999 466420 647323 837682 527775 77301 824050 499872 576228 689668 565625 419299 227862 202062 101862 869242 852303 171348 276193 731402 803275 677477 775972 645570 788615 211623 485472 551042 732936 581916 708514 150587 797773 43244 994350 225284 676387 169961 702211 308523 329975 769271 806822 869809 686585 719207 205190 410408 336989 681187 287367 635376 241655 821551 453939 130972 75479 959418 355732 603713 792954 537004 771676 100091 238382 487245 850349 907005 531250 827492 331752 535693 906439 454196 495675 578266 422730 143548 393342 730168 576882 430347 406699 88899 622320 613185 128141 707398 325691 262317 49546
280111 550724 376891 608240 378581 235567 485502 761140 268547 466420 999999999 482976 594607 393738 423566 435627 88916 219248 794753 372987 264164 419057 539101 482060 974905 582621 513107 671024 677446 658734 862612 640136 438195 755797 437020 675616 618075 279691 414980 775045 559482 791722 453935 618649 271957 795354 322960 507116 270064 252104 644949 726841 577368 422991 787653 538047 126054 797691 453954 751379 706312 227263 930942 310929 539140 484631 581333 196489 688674 871885 596605 784083 553039 697604 362386 520870 545706 64840 518452 721629 69273 620397 239420 83358 394255 172749 453487 355482 887615 157019 334354 621586 475317 498547 177786 588146 594200 587155 297339 489135
209446 755170 744445 455563 111994 716552 65569 578742 216343 647323 482976 999999999 198855 121181 570256 361656 401346 293911 419680 852691 260622 762192 545829 579220 562450 227340 792336 654887 213753 179037 540005 157952 60427 291119 455580 435819 287303 476379 73418 373228 620555 336000 607616 451153 610123 432340 493559 59294 357144 344710 161974 247344 259775 132312 383923 541758 587895 858896 82948 837468 332075 496222 528080 209900 613097 603132 428484 629505 335654 457282 273282 340525 744426 777307 163702 286311 366507 490621 246925 677020 492399 284473 710723 564837 873882 327898 524716 791905 533032 619216 787544 442428 584564 51313 404691 704223 115253 481278 394663 694786
363424 945910 907693 311597 238502 828287 260412 762473 338555 837682 594607 198855 999999999 311296 761352 295634 505887 376859 551246 965601 429599 931606 744568 774780 650796 48190 974349 853092 303130 167472 685584 178037 192444 355191 652440 616851 459685 486554 256304 493606 818648 405901 799407 301491 773874 569233 677317 139768 536600 519995 196013 280245 91842 173203 501149 740515 714400 1057723 158838 1036186 477259 663748 627749 386344 810606 797796 291572 769189 491146 555199 450438 426668 936247 975946 350607 164666 237253 581545 127758 873669 581863 95036 833555 668460 986780 472658 720493 934956 663722 702586 922667 633660 779415 240605 463365 900978 215582 678043 578720 883887
114673 635862 626059 523815 110004 620461 94630 516293 152394 527775 393738 121181 311296 999999999 450992 396185 321756 244135 428188 754024 146258 642278 439444 463640 595739 331184 671185 557147 284220 293581 527004 269260 122814 362223 342343 383680 263233 452433 55311 396011 510146 398258 488757 522910 492164 434790 372410 174436 236413 225128 268694 339073 355845 184414 408236 435611 486656 754913 160762 729773 336265 377797 555158 93354 500952 486503 494532 520951 327841 490186 243552 392326 625663 669121 42793 359961 433670 413971 326765 585394 416574 387568 609083 477086 774977 225986 409474 680255 534628 541469 679251 370202 468136 111914 356170 590359 210354 392246 273488 574787
418206 184926 288711 920460 533052 496217 523209 436274 469834 77301 423566 570256 761352 450992 999999999 757467 445943 511669 625635 575219 346656 270892 160399 66029 808080 776789 240500 266988 656061 726076 624039 698807 569482 714764 139265 427336 480248 679417 505337 640844 142417 725587 38741 924800 217967 613709 106023 625400 236611 259250 692231 731046 795184 612269 651895 162226 386953 374978 605406 331071 566781 196664 760188 378953 120692 61211 890368 344294 535773 727807 465275 700453 174934 275029 410768 778071 836753 487654 754098 322361 492172 831293 450526 463911 590013 358350 79093 414084 673592 548232 444899 349272 55272 545019 557663 168083 630324 272870 189357 126059
353903 926673 806005 173250 287350 639799 418911 912476 294107 824050 435627 361656 295634 396185 757467 999999999 356902 249050 781011 769484 420242 843172 802072 794207 913730 254531 919473 931308 556231 448199 900812 448290 305728 624114 692904 778139 642629 220254 356990 732451 858235 674034 795483 183048 685301 793983 654415 327401 523605 499677 463679 557773 221351 229925 742545 798967 560630 1111817 279079 1077373 693707 597850 883246 408792 843637 809575 145735 631926 696152 810994 625988 686965 922818 1017224 411196 138410 117503 394224 168394 966938 392415 256538 661459 485217 789494 401598 746091 789573 894586 487625 763980 765876 793818 411406 260692 921001 452626 780375 571308 861375
207179 593535 449157 530151 293986 323051 409940 736473 185087 499872 88916 401346 505887 321756 445943 356902 999999999 130408 737448 460567 209554 487248 539380 497659 913137 493723 570517 673857 602141 574665 815929 557135 353634 680956 431014 637541 562476 233579 336267 712671 572314 719227 480310 539516 331586 740161 340370 421807 250614 227929 562905 647470 488906 334728 725163 537632 212829 819782 367308 777002 647053 259382 870622 248239 553491 505165 502293 278209 632332 808596 541079 714080 593162 720293 295536 434176 463161 92241 430358 721013 94975 531898 328330 165213 481812 122659 460961 441030 835682 220106 422113 591414 493123 421160 113706 613912 514538 568369 288820 529446
146215 677947 566659 419111 182000 451475 317540 725898 92022 576228 219248 293911 376859 244135 511669 249050 130408 999999999 672320 588745 192824 600466 572259 552590 837322 363406 671534 705433 504767 458006 767821 443219 239337 583291 461251 608364 505238 213204 239765 638742 620654 625754 549169 426324 440841 678762 407262 303766 282957 258300 451182 540719 358778 208131 650781 569635 342705 874020 246107 836600 580393 349112 797918 203985 604504 565914 389853 405073 571457 731369 484807 625583 674474 777239 233500 307175 344275 206239 300805 746473 207032 401713 458648 291623 609921 153586 507372 569559 778239 331764 552120 576819 551019 323852 113186 677396 409164 572469 329736 612669
535592 773873 898522 856183 512512 996351 367837 315562 580530 689668 794753 419680 551246 428188 625635 781011 737448 672320 999999999 1117347 531263 891620 497688 589021 187096 597037 861012 522260 250093 394735 139033 376366 477781 226655 489297 212701 176843 878352 441776 62296 576012 192029 647765 848346 785250 23556 617265 456985 550150 558233 358299 300554 639452 551978 60840 493645 857870 722173 501941 728679 91933 684935 139920 489219 583840 617067 832225 865868 106192 104435 198263 156626 756060 681917 444442 690993 771974 828296 649289 507077 831529 645255 971044 875726 1136777 622851 548134 998205 114076 950511 1013302 288360 601295 371362 784136 667996 339351 372307 552004 736658
645021 587227 319678 932075 750944 137520 848257 1002929 640805 565625 372987 852691 965601 754024 575219 769484 460567 588745 1117347 999999999 611743 366415 733465 640209 1303570 950540 487691 837995 1037241 1030122 1157779 1010544 810399 1113995 667658 958480 943212 562499 782398 1109110 710489 1145397 582955 945530 359378 1113179 523979 879622 567554 561679 1014312 1092371 941103 795257 1121667 734648 267580 879099 826930 824356 1035742 436911 1257100 663833 688978 625693 909299 252430 1012580 1205842 922530 1133228 600970 789800 717508 876767 886329 386442 880569 893929 386817 984097 147063 297261 21270 528284 643490 181510 1194965 282655 137083 888900 627865 863417 516143 687148 960987 828471 567366 553713
71589 526554 484363 576723 192336 480494 240522 538159 126381 419299 264164 260622 429599 146258 346656 420242 209554 192824 531263 611743 999999999 504232 383188 376252 710741 437999 545572 514831 425889 437931 606377 414465 239222 502275 273082 430324 355018 399900 187321 510938 438120 534224 385386 580109 349898 532720 252021 304835 110842 91195 414636 484451 452160 268796 523553 380289 344240 691601 270765 657926 442278 236684 666859 53057 423959 393801 546549 375003 425415 607850 333542 523795 519373 597540 106555 431425 491307 298179 408251 554423 301635 490248 465701 346338 632494 91629 326555 534043 626982 419271 533220 390073 377076 258162 282732 504302 356609 380168 157337 462390
568191 222518 51546 1016165 693111 346406 730053 701529 599437 227862 419057 762192 931606 642278 270892 843172 487248 600466 891620 366415 504232 999999999 425570 323825 1076053 935034 122961 501678 890789 934874 894928 909471 743245 957197 402487 697709 736507 697526 689863 901807 378102 974674 259986 1024727 160292 881023 284501 808945 406367 417482 906596 961126 942576 763613 913382 428177 312358 514133 773390 459134 826694 267975 1028116 552647 358820 300939 987730 236129 797144 992037 719333 952872 237749 428455 599502 904001 944621 477224 890693 556447 480861 983454 293226 407908 374783 464194 349936 184988 944032 469958 230470 619960 310283 750498 594583 332956 845354 543509 375614 200277
448234 276332 447720 951681 540798 647144 487448 276636 508220 202062 539101 545829 744568 439444 160399 802072 539380 572259 497688 733465 383188 425570 999999999 101791 672404 769184 369921 134680 578496 674982 476019 647067 562077 624695 111071 288063 378924 765470 494102 523568 82644 625801 165660 953124 374334 482466 224200 604800 293027 317561 636859 656092 795255 620226 533293 4430 527753 315627 600140 291641 453949 325936 625111 395290 86484 126585 921645 495317 421128 602008 369206 596352 258383 231619 407441 794883 863309 599420 764378 182653 603907 826042 604166 593532 748816 429500 91642 574472 530025 679499 604693 209889 115331 508812 642553 176248 577586 126384 250820 244523
446639 190550 347088 952975 554384 562230 527056 377925 502163 101862 482060 579220 774780 463640 66029 794207 497659 552590 589021 640209 376252 323825 101791 999999999 767704 793937 272496 200992 643409 725243 575832 697537 585244 696852 125447 383712 455522 730014 518873 609716 78088 703241 63870 956266 283845 575307 159352 636399 270745 294987 689386 719978 815426 634420 620155 104535 451641 323079 622339 284010 537419 257207 720067 401344 57136 28365 922801 410274 505335 692652 442740 675964 175190 224893 426004 804650 867243 545373 778070 256332 549904 849628 516521 526371 654690 401286 54558 476471 628310 611281 508817 304935 13543 548929 607306 128478 628157 223867 223231 147647
707713 948184 1084338 962388 666465 1181269 521988 449815 747038 869242 974905 562450 650796 595739 808080 913730 913137 837322 187096 1303570 710741 1076053 672404 767704 999999999 698891 1040191 677250 357573 483504 217967 474233 622815 295626 673605 384447 360744 1035947 599458 200467 747157 244895 828159 951998 972211 195201 803853 586882 736065 743250 456891 371651 742575 691869 187991 668597 1042718 862993 639933 877559 269323 871951 47937 665760 757192 795309 941895 1052444 290994 106034 381754 227073 929769 836710 617717 806678 885156 1004907 765261 652115 1007916 738433 1157034 1056813 1323122 802252 729722 1185251 153842 1129328 1200365 463065 780399 520037 950380 836522 461171 546023 738968 915050
369036 960460 908767 263551 245769 813799 291662 800116 336683 852303 582621 227340 48190 331184 776789 254531 493723 363406 597037 950540 437999 935034 769184 793937 698891 999999999 983484 881532 349989 215651 730412 225648 208747 403270 673507 655054 499382 454135 275925 540024 841218 454003 815201 253698 775941 614610 688801 168557 547307 529144 243522 328435 43685 171426 547808 765235 704947 1083809 171688 1060318 521327 668156 675558 398526 832132 815992 243382 763120 533966 602947 489003 474469 951631 999785 367950 119514 189480 564577 86539 904344 564540 57184 822039 653405 971603 472249 740059 928829 709920 682230 914141 668060 797847 273297 441414 921218 259374 708609 591152 897493
614769 114895 173682 1090636 737909 467682 751573 635921 655222 171348 513107 792336 974349 671185 240500 919473 570517 671534 861012 487691 545572 122961 369921 272496 1040191 983484 999999999 417808 894665 956710 845822 930021 782379 954825 379596 656058 720468 792569 722951 879440 305288 966088 213640 1097744 241243 847650 298777 843958 437865 454595 924807 968741 995964 813339 890228 373407 419419 398697 815666 343575 805974 323160 992562 588277 289990 244943 1061374 346464 774522 964288 705719 940845 133561 320006 628945 966025 1014030 575022 948220 469590 579004 1035057 414453 514668 494989 524518 314102 306282 899803 582984 352745 577296 259903 773008 682309 238500 862803 495375 397730 125441
577655 306070 533721 1076628 662673 763204 592831 234033 638473 276193 671024 654887 853092 557147 266988 931308 673857 705433 522260 837995 514831 501678 134680 200992 677250 881532 417808 999999999 653461 765923 464029 738309 678073 687278 245189 312635 444023 900099 610272 561349 127512 678954 255045 1077188 484296 502851 351027 714167 427570 452039 726028 730551 910519 740808 568900 136746 651069 211355 716196 207627 501130 452465 632575 522756 149047 212433 1046776 611266 468425 624802 440123 646111 286516 160055 529057 916382 987393 732229 883907 55937 736734 938705 717194 721970 851658 564041 217846 668991 525429 807617 704437 248932 212127 613209 777211 180923 670226 179339 385465 302629
397378 832946 883231 612181 324473 904430 192282 505079 420952 731402 677446 213753 303130 284220 656061 556231 602141 504767 250093 1037241 425889 890789 578496 643409 357573 349989 894665 653461 999999999 145053 387372 126419 273411 78907 520616 363003 210317 689668 267095 190865 660817 122304 688423 603231 753520 269580 607035 230113 493017 489670 108304 77686 393145 337405 198066 574067 769666 864769 285386 856600 187521 640398 328997 373454 660407 670960 589800 799276 210380 256229 213438 130765 818421 800775 319746 451487 531252 693681 409780 658058 695918 396154 891530 760711 1058086 509981 591390 953553 361164 822183 956748 406995 652523 181791 616889 753379 104218 475661 516300 780943
388426 909339 919594 478952 280679 893465 205529 639570 390271 803275 658734 179037 167472 293581 726076 448199 574665 458006 394735 1030122 437931 934874 674982 725243 483504 215651 956710 765923 145053 999999999 532396 27916 221042 188076 599803 494539 335984 613099 251996 334539 754994 238647 761707 468499 785745 414544 659413 154241 528508 518516 41020 112925 259314 258487 340782 670641 766338 976363 212769 962520 330639 671368 461551 385992 751135 751220 459001 808528 350538 389344 332854 260832 896824 904309 336080 327716 403728 661354 287529 777304 662725 256003 889071 739486 1051352 506873 671092 970670 504521 788944 966581 527504 732469 184569 562546 844295 97494 586622 561947 852069
624541 747221 909617 986438 622456 1045652 482231 232957 676090 677477 862612 540005 685584 527004 624039 900812 815929 767821 139033 1157779 606377 894928 476019 575832 217967 730412 845822 464029 387372 532396 999999999 512990 595141 365072 499014 200381 263840 978960 550528 201206 544832 327487 638710 979421 809578 117965 639123 582962 601311 614338 495051 439572 772131 670902 198218 472646 909068 645266 622953 661087 210138 720876 178276 571970 557312 602144 961508 905615 204669 200356 283525 293017 728228 622232 534555 819295 900476 903617 777907 435694 907246 780195 1014474 939992 1176075 695744 545001 1022345 64356 1019627 1043462 275629 589103 489564 876322 630465 471179 352227 592262 720501
367147 881893 894852 489027 263592 874243 179539 614267 372198 775972 640136 157952 178037 269260 698807 448290 557135 443219 376366 1010544 414465 909471 647067 697537 474233 225648 930021 738309 126419 27916 512990 999999999 204409 179011 572106 468921 310052 605239 229910 317252 727085 229796 734318 479346 761226 395479 633074 140807 503171 493727 18140 109551 269204 248630 324221 642725 745832 948660 200418 934668 308752 646774 449954 362159 723257 723571 467852 786509 327308 377309 306296 248883 869296 876426 311493 333037 410952 644914 291988 750057 646435 270012 868667 721483 1031745 485541 643422 947958 487548 772982 944718 500555 704821 158987 549738 816428 69602 559034 535905 824827
177350 753806 721856 411889 59675 673382 113283 619955 169673 645570 438195 60427 192444 122814 569482 305728 353634 239337 477781 810399 239222 743245 562077 585244 622815 208747 782379 678073 273411 221042 595141 204409 999999999 350072 464885 479934 337803 416309 68021 432692 632918 395715 607697 409168 587440 489648 484946 69647 344515 328619 211864 302080 233204 76113 443554 558213 548657 877399 38152 852579 388986 475375 588184 194118 623537 607487 383635 595408 390472 517561 322030 400854 744416 791933 159368 244069 321739 440620 207886 704288 442092 264868 670917 518545 831655 293362 531322 759823 590618 568585 752334 478834 589280 106456 348077 712471 172551 509525 386287 691559
475843 887331 951905 666788 402491 981802 271030 516835 499841 788615 755797 291119 355191 362223 714764 624114 680956 583291 226655 1113995 502275 957197 624695 696852 295626 403270 954825 687278 78907 188076 365072 179011 350072 999999999 576993 382903 246374 765690 345990 164441 707334 50809 745400 656514 823878 249226 672734 302051 564547 562680 162057 78539 446953 411054 166879 620280 846441 897249 359355 893505 192706 711726 273942 450243 708938 724875 646300 874173 222923 202328 255602 75401 871953 839836 396675 512013 589878 772547 470860 685821 774797 443755 967931 839104 1134765 587557 646502 1026549 327428 901021 1031119 438349 706789 260677 695170 800855 178142 513659 584982 838086
339630 312543 412193 845226 438308 568266 402117 338274 398805 211623 437020 455580 652440 342343 139265 692904 431014 461251 489297 667658 273082 402487 111071 125447 673605 673507 379596 245189 520616 599803 499014 572106 464885 576993 999999999 299024 340984 655128 397640 502234 169034 586661 168408 847303 312259 478538 143680 513370 182549 206914 564048 596609 696921 518324 513433 108606 440440 420155 502494 390052 427877 238471 625669 288761 158657 151686 815105 419603 397164 590453 326133 561252 298605 329237 306775 691398 757641 495244 662614 290205 499675 729751 529998 497300 684754 318956 71451 523826 544336 583156 547070 224179 132978 423964 532385 248661 502751 161569 142398 261097
462150 564186 710572 890622 490863 848711 370702 145979 519765 485472 675616 435819 616851 383680 427336 778139 637541 608364 212701 958480 430324 697709 288063 383712 384447 655054 656058 312635 363003 494539 200381 468921 479934 382903 299024 999999999 159150 821535 421633 248714 364385 369060 445012 886744 609197 195624 438751 490050 408666 424069 453532 436357 692030 554658 256371 284215 713338 518261 514277 520170 191536 521811 337067 405040 373347 411115 862930 706675 160070 316925 166429 335222 545967 471163 378576 721570 800907 721385 682683 304362 725275 710412 816041 750086 976571 515146 348317 821998 246323 831969 843162 78777 396574 385434 710377 455692 408077 161700 395261 530781
364039 645851 738353 742314 360058 820558 224795 304998 413278 551042 618075 287303 459685 263233 480248 642629 562476 505238 176843 943212 355018 736507 378924 455522 360744 499382 720468 444023 210317 335984 263840 310052 337803 246374 340984 159150 999999999 715486 288182 167927 461492 247885 507892 737266 619027 177763 455159 337767 375677 382506 294966 286795 537707 413892 180180 374524 682012 655120 368988 648731 92988 514457 314998 314729 463889 483821 715581 692729 70654 263311 21481 220656 629742 594176 273076 573139 653665 652728 533036 447755 656052 553923 796514 698906 962897 446490 407575 830324 274202 774072 842820 196690 466250 235999 615121 555172 249037 267927 381483 600039
359395 824400 653522 370937 369482 440700 514334 937231 303499 732936 279691 476379 486554 452433 679417 220254 233579 213204 878352 562499 399900 697526 765470 730014 1035947 454135 792569 900099 689668 613099 978960 605239 416309 765690 655128 821535 715486 999999999 437666 840571 803581 811959 713888 385180 551327 886300 573682 466588 472586 448250 617142 711697 429269 357045 852197 763354 390469 1052701 407474 1010425 786608 491647 998897 416803 785291 738358 349934 467143 780027 930042 695472 816749 824930 953428 445901 350371 336484 220490 369646 944765 217020 468725 471096 300709 581589 336207 691176 609508 986651 280694 576969 788447 725935 516030 123122 847438 587565 779233 515278 761011
137589 690089 671432 475294 71943 646898 77865 558776 153862 581916 414980 73418 256304 55311 505337 356990 336267 239765 441776 782398 187321 689863 494102 518873 599458 275925 722951 610272 267095 251996 550528 229910 68021 345990 397640 421633 288182 437666 999999999 402932 565325 386786 543266 473491 537040 451068 424413 121046 286080 272566 232271 311892 301217 135192 414613 490228 516602 809386 106158 784748 350546 423332 561491 137218 556235 541605 446462 556674 347159 493426 270409 385828 680151 724134 94737 309207 384981 427214 274470 637087 429325 332398 639473 497623 803535 255768 464743 718695 552057 555893 714839 415300 523273 85320 352831 645663 179241 442779 325393 628591
507388 797820 905189 800851 471894 984496 326530 366541 547866 708514 775045 373228 493606 396011 640844 732451 712671 638742 62296 1109110 510938 901807 523568 609716 200467 540024 879440 561349 190865 334539 201206 317252 432692 164441 502234 248714 167927 840571 402932 999999999 604176 131982 665835 792486 786875 84818 622155 406047 542100 547513 299121 238390 582852 505160 12636 519349 846026 765754 454130 768866 75375 682237 159202 465406 610043 638039 777566 859512 105080 97141 187590 96218 780657 719600 417264 637294 717942 804456 595502 550893 807457 586977 962178 857231 1128986 602313 565338 998246 170300 929079 1010459 318499 621376 327214 751555 697401 284840 401181 549335 756632
506624 202390 407787 1013146 607337 637492 564070 330637 564486 150587 559482 620555 818648 510146 142417 858235 572314 620654 576012 710489 438120 378102 82644 78088 747157 841218 305288 127512 660817 754994 544832 727085 632918 707334 169034 364385 461492 803581 565325 604176 999999999 708128 127561 1015556 357811 559868 236526 679063 337700 362384 717317 738365 865450 687341 613628 87064 529234 253729 670710 221091 535463 335229 700323 457302 21871 85170 982993 485921 502536 680446 451850 678415 183428 160301 475510 860356 926008 622497 831639 183449 627027 897709 590749 604459 724154 471624 113365 541973 601505 689350 576999 287674 87188 585672 680579 93781 657509 203785 291348 183064
512765 893663 971899 717494 446313 1014698 310147 495848 540392 797773 791722 336000 405901 398258 725587 674034 719227 625754 192029 1145397 534224 974674 625801 703241 244895 454003 966088 678954 122304 238647 327487 229796 395715 50809 586661 369060 247885 811959 386786 131982 708128 999999999 754547 707142 846166 215418 690430 350498 589252 589268 212764 127617 497687 458865 131203 621430 878209 886952 406954 886303 177952 735544 224381 483181 711289 731504 697085 902546 210531 153725 260801 35782 877616 834395 430191 562762 640685 811214 521570 673422 813625 494027 998787 875077 1165992 621614 654595 1051834 285014 939278 1058415 430952 713809 301952 738251 801906 225370 509797 606292 846987
456940 147866 284281 958895 571664 511827 559630 441628 508411 43244 453935 607616 799407 488757 38741 795483 480310 549169 647765 582955 385386 259986 165660 63870 828159 815201 213640 255045 688423 761707 638710 734318 607697 745400 168408 445012 507892 713888 543266 665835 127561 754547 999999999 963316 231629 634818 142290 663094 275266 297778 727368 763973 833797 650935 676597 168373 409283 343823 643746 297870 592521 226734 780395 417550 106027 42999 928815 361072 560959 750821 493786 728510 136906 243762 448800 816805 875345 518440 792828 310977 522938 869801 464224 489998 596727 395686 100568 415767 690406 573228 449812 366322 50329 581478 592675 134393 665566 286495 228073 92692
509712 1099055 988342 17470 414842 818649 516046 1028511 455062 994350 618649 451153 301491 522910 924800 183048 539516 426324 848346 945530 580109 1024727 953124 956266 951998 253698 1097744 1077188 603231 468499 979421 479346 409168 656514 847303 886744 737266 385180 473491 792486 1015556 707142 963316 999999999 866076 865077 824427 399758 688418 665551 497213 580694 210210 338742 800615 949667 743484 1267323 373166 1236430 769382 774902 929223 558560 1002648 973812 37317 814974 779137 856636 724145 728135 1094003 1175751 548195 165325 89839 576037 204312 1107785 574038 215723 842476 666435 965081 575243 905756 972187 961823 662875 945791 887965 957180 502055 443038 1084409 509075 915153 736041 1033848
410978 287952 134494 857910 535651 280217 583008 644157 439765 225284 271957 610123 773874 492164 217967 685301 331586 440841 785250 359378 349898 160292 374334 283845 972211 775941 241243 484296 753520 785745 809578 761226 587440 823878 312259 609197 619027 551327 537040 786875 357811 846166 231629 866076 999999999 777823 170497 654364 260929 267690 759707 820465 782700 604612 799018 375421 189392 560785 616338 509436 711617 114492 924636 400320 335961 272776 829214 130484 684621 880965 599994 827583 293915 463218 449747 743728 785114 334421 730488 539934 338489 823770 232950 280866 375248 304287 284113 213487 851774 357190 234841 536115 272236 602619 442035 353383 699467 471145 239983 232557
540164 758797 889147 872609 522321 993658 378506 293282 586796 676387 795354 432340 569233 434790 613709 793983 740161 678762 23556 1113179 532720 881023 482466 575307 195201 614610 847650 502851 269580 414544 117965 395479 489648 249226 478538 195624 177763 886300 451068 84818 559868 215418 634818 865077 777823 999999999 608989 471599 546831 555897 377484 322323 656746 564448 84219 478493 855335 701338 514979 708745 100826 679266 147310 492205 568316 603203 848289 861253 108029 122046 199217 179933 740795 662725 448959 706641 787735 830491 665025 486360 833811 663559 967246 875737 1132427 624120 535705 991092 101127 951593 1007225 272644 587762 383216 789976 651314 356043 356529 546670 722931
323173 275448 283199 819445 443158 426763 453929 480665 370831 169961 322960 493559 677317 372410 106023 654415 340370 407262 617265 523979 252021 284501 224200 159352 803853 688801 298777 351027 607035 659413 639123 633074 484946 672734 143680 438751 455159 573682 424413 622155 236526 690430 142290 824427 170497 608989 999999999 545458 141570 161368 628693 678462 704105 520696 634058 224076 303721 479569 519145 436758 546784 101857 756119 291024 216307 164825 789460 276707 518562 714772 437139 669233 269619 379950 330218 681611 737222 386061 659901 403727 390591 741822 387003 370951 541119 253686 133791 383734 681438 456662 404599 366267 153477 475161 451735 274061 566854 304837 99025 210748
245865 810287 788856 405365 128694 742489 123124 634111 238821 702211 507116 59294 139768 174436 625400 327401 421807 303766 456985 879622 304835 808945 604800 636399 586882 168557 843958 714167 230113 154241 582962 140807 69647 302051 513370 490050 337767 466588 121046 406047 679063 350498 663094 399758 654364 471599 545458 999999999 406763 392448 151095 245140 202557 109705 415812 600748 618273 918117 59708 896419 373096 541515 555853 256962 671270 659897 379405 664875 380436 483664 325397 360745 799995 836190 215577 236818 317919 507519 195936 736044 508812 225581 740480 586942 900885 362681 581979 829099 571039 634856 821918 499908 641409 105330 409062 762017 125922 540295 446438 749179
182346 415712 392787 684353 301611 447008 323899 491542 233358 308523 270064 357144 536600 236413 236611 523605 250614 282957 550150 567554 110842 406367 293027 270745 736065 547307 437865 427570 493017 528508 601311 503171 344515 564547 182549 408666 375677 472586 286080 542100 337700 589252 275266 688418 260929 546831 141570 406763 999999999 24760 500635 559539 562613 379196 554608 290831 309012 591110 378096 554476 468320 147382 689736 150415 321661 286162 654224 317444 445074 638569 355072 572969 408611 494753 193637 541917 600194 322282 519091 472494 326530 600252 420975 341705 587219 136476 224421 462592 632498 424678 470315 351730 270222 344184 349849 397464 439756 319451 47764 351597
161879 436575 401127 661255 283415 438140 315319 511415 210665 329975 252104 344710 519995 225128 259250 499677 227929 258300 558233 561679 91195 417482 317561 294987 743250 529144 454595 452039 489670 518516 614338 493727 328619 562680 206914 424069 382506 448250 272566 547513 362384 589268 297778 665551 267690 555897 161368 392448 24760 999999999 492026 554251 543233 359925 560088 315321 299638 615728 361201 578847 474548 153202 697352 135513 346238 309907 631150 313950 452550 644367 361551 574356 430033 519214 182467 520475 577601 302122 498538 496623 306294 581435 414690 326239 581667 112049 249076 463976 643551 407962 469147 369756 294196 334978 325643 421326 431817 340836 71758 372068
369853 874717 892966 506794 270357 878379 176798 598614 377819 769271 644949 161974 196013 268694 692231 463679 562905 451182 358299 1014312 414636 906596 636859 689386 456891 243522 924807 726028 108304 41020 495051 18140 211864 162057 564048 453532 294966 617142 232271 299121 717317 212764 727368 497213 759707 377484 628693 151095 500635 492026 999999999 95223 287032 260134 306081 632498 748855 936685 210777 923491 291313 645215 432200 361971 713951 715673 485440 787984 310375 359514 291958 231176 861836 865536 310411 350012 428272 651451 308809 736819 653082 288143 871726 726735 1035480 487983 635457 948606 469416 779792 946293 486781 696935 157171 558876 807218 62017 546692 532150 818290
447907 909120 951641 591446 358787 957774 244466 576098 463023 806822 726841 247344 280245 339073 731046 557773 647470 540719 300554 1092371 484451 961126 656092 719978 371651 328435 968741 730551 77686 112925 439572 109551 302080 78539 596609 436357 286795 711697 311892 238390 738365 127617 763973 580694 820465 322323 678462 245140 559539 554251 95223 999999999 372061 354674 242310 651664 825354 941785 304547 934092 253253 706542 351927 431423 737773 747391 571817 859431 279757 280692 290803 153792 894821 878390 377987 440262 516640 737515 399743 734125 739390 366785 947963 809511 1113403 564118 667617 1016674 404658 866203 1017566 483393 728890 229001 650153 830815 132932 553082 585678 856332
381601 977680 914268 219891 262133 805239 325076 836496 343218 869809 577368 259775 91842 355845 795184 221351 488906 358778 639452 941103 452160 942576 795255 815426 742575 43685 995964 910519 393145 259314 772131 269204 233204 446953 696921 692030 537707 429269 301217 582852 865450 497687 833797 210210 782700 656746 704105 202557 562613 543233 287032 372061 999999999 183417 590780 791401 701480 1110602 195115 1085509 562646 677394 719148 416249 855514 836620 199787 762564 574425 646513 526542 518064 969583 1024810 390185 83118 146934 554676 61294 935108 554294 43077 816250 644884 962014 478423 762030 927753 752566 668482 910890 702127 818718 307880 427508 943350 300957 739604 607684 914027
198586 794371 737659 340198 80107 657756 189377 693393 166137 686585 422991 132312 173203 184414 612269 229925 334728 208131 551978 795257 268796 763613 620226 634420 691869 171426 813339 740808 337405 258487 670902 248630 76113 411054 518324 554658 413892 357045 135192 505160 687341 458865 650935 338742 604612 564448 520696 109705 379196 359925 260134 354674 183417 999999999 515683 616555 541529 935769 52052 908210 463991 496796 658840 233668 676362 654895 311286 596028 466254 587419 397983 467265 786441 847398 212789 175645 249899 414361 144323 769781 415100 221721 661292 498832 816493 301325 581584 761812 665242 538943 749541 550475 637199 181509 305859 762713 233507 576524 424362 730638
519781 807931 917032 809163 483335 997112 338012 371000 559996 719207 787653 383923 501149 408236 651895 742545 725163 650781 60840 1121667 523553 913382 533293 620155 187991 547808 890228 568900 198066 340782 198218 324221 443554 166879 513433 256371 180180 852197 414613 12636 613628 131203 676597 800615 799018 84219 634058 415812 554608 560088 306081 242310 590780 515683 999999999 529095 858638 772428 464508 776289 87405 694576 147142 477962 619777 648459 786108 872007 116331 84506 199973 95794 790678 727506 429727 646180 726698 816970 604381 557416 819964 594168 974744 869852 1141534 614918 576147 1010497 163766 941649 1022841 327341 631893 338325 763642 706713 293802 410354 561643 767215
445098 280309 449930 948274 537173 647654 483284 274404 505180 205190 538047 541758 740515 435611 162226 798967 537632 569635 493645 734648 380289 428177 4430 104535 668597 765235 373407 136746 574067 670641 472646 642725 558213 620280 108606 284215 374524 763354 490228 519349 87064 621430 168373 949667 375421 478493 224076 600748 290831 315321 632498 651664 791401 616555 529095 999999999 527734 319380 596286 295725 449657 325718 621277 391971 90694 129716 918247 495904 416847 597948 364786 592007 262415 235766 403766 791279 859845 598185 760682 183956 602667 822109 604897 592963 750083 427306 92140 576221 526458 678947 606177 205960 118059 504633 640478 180648 573251 122578 248954 247984
