NAME : synthetic_000019
TYPE : CTSP-D
DIMENSION : 100
GROUPS : 8
RELAXATION_LEVEL : 1
EDGE_WEIGHT_TYPE : EXPLICIT
EDGE_WEIGHT_FORMAT : FULL_MATRIX
EDGE_WEIGHT_SECTION
999999999 805436 549542 272084 648027 452712 347799 438994 430518 626861 907956 411305 909307 614884 784554 478259 861693 486990 613037 627899 392153 648042 72743 659028 818643 224319 443531 285993 753027 577481 658869 318148 302953 939661 611163 1017311 648278 628905 153948 436552 640861 275719 858326 454231 549277 396820 325112 136945 188577 119477 603280 161623 533085 181370 887570 1011443 651617 626267 430524 627116 773204 756705 450361 436506 648110 765909 412860 745246 394571 344821 787951 445725 407670 516251 408070 507523 799811 749596 837179 272660 284077 363933 508937 370594 594319 173056 707702 820134 516367 112883 656473 844165 703101 574520 995047 932342 923107 949145 664889 783099
805436 999999999 792791 605190 844694 622271 645722 424985 658622 219726 227200 606249 526637 578353 666211 455902 170756 405474 908474 285395 778899 377009 733377 739956 402875 615279 373356 710969 192013 644846 745806 818160 867621 413734 197373 638393 268051 609734 753938 850427 306938 725194 206548 701388 298595 444240 550439 668593 651526 770786 475719 671856 302626 835804 515630 644618 452836 191180 704499 621911 49128 432188 405290 918792 501640 154280 392751 68191 588764 910091 83627 507094 612617 289332 592072 427385 262632 277162 221368 774866 571018 902139 375638 839439 474685 747538 582642 244458 841024 878638 156998 220437 416349 845401 463167 541533 639784 502915 522423 545197
549542 792791 999999999 670463 99642 186727 242376 700425 864771 577150 996088 817407 543929 240807 320728 349741 936036 405267 116947 810513 159623 893008 536807 144238 531373 615479 503863 269143 628272 160827 140446 248134 294596 652269 679996 605504 819634 221360 665534 151595 840063 762250 956413 120206 720179 657277 681390 510927 415932 642937 328322 597940 517611 392103 526693 594708 368967 620195 136176 209599 792495 456086 431909 216601 325818 857870 562071 726611 252547 887039 725685 307056 817948 607934 240114 788435 950319 919950 952095 783516 647970 265673 745142 208057 326452 377139 303194 954216 71862 500431 652035 956064 428556 52966 686415 560960 491241 605002 318587 398935
272084 605190 670463 999999999 767645 510851 428497 188932 195189 479202 663450 154786 858602 633313 808109 440048 624295 416506 764967 377369 540396 380656 210694 735756 742226 59046 313430 415912 610976 630003 737920 502564 514829 844716 409591 979979 399175 658539 157836 607461 384136 131796 614021 552647 315025 161050 59297 183681 262945 184554 578025 111789 401054 410972 837535 977636 613164 457012 534419 662088 564376 699322 365578 635682 630278 530964 243150 556417 436562 317948 611181 436869 153501 331246 451918 240859 544928 492705 589459 178309 37788 574875 255560 552465 569095 347135 714076 568278 664654 381468 478808 596845 645692 711225 904029 881815 908118 881939 653661 762832
648027 844694 99642 767645 999999999 270352 339157 788820 961340 635512 1056277 912961 530433 269407 289098 420862 995934 475989 97217 887950 256380 974730 636401 119001 542422 713323 583650 368772 669430 200185 112787 340862 382062 654608 749188 572436 895535 241085 765176 232376 918406 861396 1019056 215070 799546 747040 776474 610284 515057 742509 369636 697120 586231 486624 515973 560436 400763 682362 233602 228339 849397 470776 508834 282576 353082 922686 647006 780660 341624 986495 772489 384364 913719 683996 327875 875931 1020011 992849 1017138 883056 744130 344214 829988 295901 370141 476087 303607 1021719 142519 594726 712439 1020595 454009 81521 681112 544298 457462 594095 339026 392659
452712 622271 186727 510851 270352 999999999 105039 518517 700762 403078 816735 649748 486820 167563 331926 168324 757160 222808 302072 623803 169826 706804 418430 225164 430813 460625 317145 179305 474056 126385 227145 241929 300584 558681 496066 580409 633068 177011 537145 232652 653339 617312 775457 79153 533488 477137 512880 375598 281233 521633 198701 456574 335161 343391 466052 572754 250103 441792 84663 174516 617071 356501 245631 305708 224635 675836 377090 554672 74454 764334 561845 121577 651052 421502 59382 605586 765435 733961 769609 646076 483742 310235 560230 239794 192544 288204 260752 770351 220968 441640 474833 773879 312799 238416 604432 508245 477861 538170 232815 346687
347799 645722 242376 428497 339157 105039 999999999 467424 622478 427850 821226 575094 582574 270517 436958 199578 763461 242158 343696 599260 141487 671089 315919 319641 513971 374380 298399 81918 521213 229987 320553 174591 228920 641450 493519 681194 611741 281887 438083 217474 626184 525516 776667 124307 506494 422179 439311 277788 181882 420477 282067 362159 344532 246199 561333 674066 334111 456473 106209 279556 632607 442761 242938 277386 317568 675604 339391 577584 65300 664521 595749 148360 575592 406709 71902 556273 754079 716922 766730 550866 405594 256753 518667 194327 274265 184087 363963 762997 246677 339583 490830 771821 394161 285764 690792 604666 580995 630498 329674 446378
438994 424985 700425 188932 788820 518517 467424 999999999 253559 338914 475689 195472 756804 596351 759551 392842 435434 349535 809163 190612 602743 217813 368600 729488 629867 217748 225930 487742 463411 617185 733087 592547 620811 715174 236501 881582 211909 626702 346063 677315 201868 300661 426098 580833 128097 47906 130263 317324 355667 370178 516664 281246 285948 539295 737254 881613 538089 302862 568832 633609 381475 602897 300916 722631 568039 342065 147910 383169 448119 485143 442441 412411 200839 182750 461269 88888 361425 310689 402447 350361 161354 674825 69948 635098 508932 458752 660753 382987 713908 538307 316699 409720 553806 748593 774631 779017 827553 768346 593643 687246
430518 658622 864771 195189 961340 700762 622478 253559 999999999 592375 648750 58777 1005118 811806 983547 611384 625244 578241 960145 382035 735434 330969 384857 924422 880460 252836 460403 610880 716505 816209 926935 694713 702749 968590 483905 1129310 403174 839123 280522 801780 372056 163303 603256 746275 364466 264527 189442 373477 457674 316109 745598 290187 533900 592267 985020 1128578 774295 555867 728614 843848 611398 848619 526786 827231 798082 544414 380460 626378 626316 286271 688094 616732 54495 436024 641433 231541 517031 464891 573857 194321 217412 763786 284676 745460 737107 536817 886774 545500 859843 543336 567681 581464 797454 906148 1028083 1027713 1068407 1019698 822764 925051
626861 219726 577150 479202 635512 403078 427850 338914 592375 999999999 420779 534017 429775 376871 496053 236190 360447 186262 693656 307966 559397 413106 558061 537811 298503 470332 183871 496287 132170 435573 543294 601505 652677 376262 142969 554287 305096 409603 607012 630708 340254 610079 384186 482231 252064 333844 435981 491753 455645 616102 273994 516376 94579 630945 412059 556094 265305 54171 484877 420915 215346 288832 192653 699326 310816 290718 237051 151766 369547 797117 170094 287403 539149 156427 372486 386781 396291 380474 384471 657487 441586 684600 324900 620782 270856 544041 401896 392939 622758 685685 77803 387301 251204 630036 435720 450655 517992 433452 335023 392475
907956 227200 996088 663450 1056277 816735 821226 475689 648750 420779 999999999 609239 749699 794958 892294 648538 60356 594002 1112936 286159 960734 318733 835662 956696 628905 692305 525906 875389 419096 856260 962339 985729 1029111 626776 328081 856777 264278 827184 821213 1035305 283571 759707 49704 895254 358709 512955 604176 776961 785548 845867 691611 755135 482145 976347 739912 863977 673980 375901 894671 838954 208812 659260 579526 1098596 722246 147465 512594 280739 771727 929080 310611 696326 616004 420374 777927 433788 133043 183961 75437 807727 637027 1071438 407892 1014636 689432 888711 806570 103611 1037702 998273 344341 67816 641556 1049053 670178 763239 865233 720845 744258 772250
411305 606249 817407 154786 912961 649748 575094 195472 58777 534017 609239 999999999 946395 756482 927356 555137 582023 520834 915484 334828 692773 295626 358337 872320 821684 213832 402214 568698 658798 763190 875007 657265 669282 910162 427869 1070626 356526 784266 269164 761079 328150 165586 562441 698137 309808 205829 136877 338114 416552 303683 688499 260166 475135 563201 926322 1069940 716462 498189 681289 789302 559681 790018 469491 790429 740931 497898 322108 571674 575431 319868 632862 562214 6768 377613 590367 181862 479418 426524 533884 207305 170039 729522 230810 706941 680079 501782 830212 506950 815626 523797 510792 541515 738981 860117 969679 968976 1010272 960933 765749 867165
909307 526637 543929 858602 530433 486820 582574 756804 1005118 429775 749699 946395 999999999 324910 245858 435624 696465 444618 624977 732749 640135 838684 857192 413965 132298 830418 548171 663145 345878 397568 419797 724570 783032 150010 569226 124966 726429 330595 949041 678108 764155 988496 733156 534151 681762 740593 829466 798079 721281 945617 306235 856362 471522 828242 21768 126326 257988 479615 554018 340165 560065 159414 494087 751880 265096 667841 626106 492200 522905 1166312 444044 463604 950697 577201 512146 814345 781262 781916 747089 1030427 821805 780622 752656 710607 315107 763320 242242 767472 615119 920816 486471 746647 213642 580545 155359 23394 123183 64344 254032 146117
614884 578353 240807 633313 269407 167563 270517 596351 811806 376871 794958 756482 324910 999999999 176019 203715 734688 249187 345722 656226 315390 752457 574228 161843 291938 590370 371949 346867 400117 80304 167591 399983 458307 415739 503598 413212 660051 33014 684981 357837 688238 751555 760434 209346 575245 563016 622763 524348 434819 673583 103348 598259 345560 510663 305033 405345 131700 427421 229143 44062 586506 216099 295580 432841 85581 667492 448465 516076 220813 911478 504168 196452 758976 455414 206890 676188 770783 749518 761342 785646 601282 456500 621792 386129 106016 454599 93447 769173 306601 609077 454674 764140 188434 288033 454721 345282 310545 380459 78644 181106
784554 666211 320728 808109 289098 331926 436958 759551 983547 496053 892294 927356 245858 176019 999999999 372224 833581 410185 385646 796452 447756 897727 747458 179026 291491 766084 533628 507116 474808 209994 184058 539258 594628 382886 635220 285908 796964 156244 860387 467766 828982 927403 864519 348664 723080 729578 795276 699355 608415 848170 243230 774173 490154 665603 234241 274645 232516 550017 372168 157439 685567 237311 460079 536835 193383 780282 612824 612921 393745 1087139 584467 371557 930159 604211 379105 835104 890069 876509 870746 961665 775431 578741 777827 513028 250711 619031 99046 883725 392286 768882 570925 872303 251240 348422 400306 257410 170975 310197 167488 128571
478259 455902 349741 440048 420862 168324 199578 392842 611384 236190 648538 555137 435624 203715 372224 999999999 588890 55578 466591 467881 324172 558315 422562 342786 340535 403328 170135 276289 321649 230670 347078 373832 428460 463365 330354 550587 474850 233863 514650 394629 498816 564584 607650 247218 381409 359385 423555 362514 289800 510122 138438 422803 167901 429796 413887 546569 178935 273482 248796 240961 449054 279481 92987 464037 190361 508484 244933 387945 136673 735571 399704 52205 557938 263811 137465 473870 600982 572237 602560 603010 405855 454050 421180 387804 129381 350589 275583 604488 389234 506085 306635 606645 225333 402542 517552 458959 470094 471700 213624 324669
861693 170756 936036 624295 995934 757160 763461 435434 625244 360447 60356 582023 696465 734688 833581 588890 999999999 534539 1052855 250325 902485 301119 789107 896404 573611 649610 469626 819082 361668 795908 902039 929224 973498 577854 271459 806000 228111 766946 781434 976810 253890 726601 40460 835794 313472 469768 565312 728993 733330 804634 631340 711700 422980 923746 685934 812746 614121 315922 835524 778695 148897 601567 521222 1040725 662296 95831 460577 221179 713088 900720 254365 637005 588778 365547 719026 402498 127800 168901 67266 775363 596006 1014836 369921 957215 629123 835761 747125 99465 978114 949238 284136 62305 582592 988999 623594 710756 810453 670121 684454 714464
486990 405474 405267 416506 475989 222808 242158 349535 578241 186262 594002 520834 444618 249187 410185 55578 534539 999999999 522085 413823 373452 506020 426006 395069 337326 385876 123694 313651 284302 283727 399586 416443 468973 453945 274781 564261 420237 280811 506430 445567 445044 544881 552675 301262 328736 319834 393507 362586 301462 505757 168147 413209 112526 458513 423208 561523 197261 219982 301485 289038 396298 285377 51600 513324 220341 453250 202677 337303 183327 721707 353606 102721 524127 210032 186810 427382 545410 516909 547229 586023 380612 498816 372605 434544 160032 375106 311617 548949 443748 526392 253636 551375 230977 458039 510592 467981 492524 473983 245487 347832
613037 908474 116947 764967 97217 302072 343696 809163 960145 693656 1112936 915484 624977 345722 385646 466591 1052855 522085 999999999 925428 227608 1005983 612107 211112 629394 708076 618544 351248 740861 268719 205212 295566 325247 745163 796742 669581 935020 321291 742544 177537 954617 846978 1073352 229825 834516 764828 781090 595739 504114 716576 439721 683540 634484 440315 609843 657616 476852 737062 240334 308700 908976 555877 547695 207205 431234 974809 673988 842627 363997 956888 840125 423190 915524 723557 352686 897711 1066889 1035997 1069022 863555 745445 277352 856549 244495 438671 446914 392831 1071012 100626 545793 768798 1073003 533895 64050 774038 639516 554563 688229 420460 484793
627899 285395 810513 377369 887950 623803 599260 190612 382035 307966 286159 334828 732749 656226 796452 467881 250325 413823 925428 999999999 740409 105936 556551 808370 600453 408276 306893 637590 395903 697508 813032 747135 783035 655330 165052 855681 22217 688995 535182 816454 32555 476280 236878 696536 92913 231099 318078 501511 524751 560361 559970 471652 310732 714333 716289 858666 563989 254982 689802 698534 236459 596755 379369 870940 604926 163078 262040 269708 563352 651558 333015 504376 341520 204084 573470 153347 172162 124132 212144 525051 351775 832181 121854 783795 554402 629495 699130 192502 837582 723772 246516 219501 558127 862083 711817 752446 825681 728117 630478 699404
392153 778899 159623 540396 256380 169826 141487 602743 735434 559397 960734 692773 640135 315390 447756 324172 902485 373452 227608 740409 999999999 810248 385519 288031 596777 482707 439675 124611 640822 245331 286097 92516 146913 724069 633658 721231 753104 311554 515750 76050 767013 619383 916743 106051 647569 556323 560565 368313 277962 490764 367055 456099 480987 232858 620400 711973 417495 592111 88166 303722 768717 521377 381267 139936 386903 815775 479732 710742 190427 733092 723774 272258 692422 548006 186951 691552 895492 858393 907421 636271 523109 142170 656933 71258 361429 221667 401324 904166 127347 341135 626212 912405 480521 182777 767194 660147 611323 695659 390264 495163
648042 377009 893008 380656 974730 706804 671089 217813 330969 413106 318733 295626 838684 752457 897727 558315 301119 506020 1005983 105936 810248 999999999 580184 900892 706388 423724 391154 700028 501005 788980 905289 806994 837447 759774 270488 961591 114635 784913 534737 885841 75149 454729 274930 776165 177362 265437 323839 533069 573006 564294 658769 486808 408762 757009 822198 964599 665679 360529 767209 793914 328070 701926 466961 935212 705212 234398 332495 370375 642009 614422 432893 590458 302306 297050 653414 140551 186261 134931 244686 500394 364008 890335 154352 847563 652743 676459 799741 215157 914621 751768 352416 252207 662333 943501 815744 858375 931064 833732 730945 803437
72743 733377 536807 210694 636401 418430 315919 368600 384857 558061 835662 358337 857192 574228 747458 422562 789107 426006 612107 556551 385519 580184 999999999 634406 761168 157941 374273 267721 685674 544761 634914 324447 322373 879919 538693 968543 576724 591215 130474 440063 570305 242536 786061 431968 476954 325490 259683 66308 139450 106199 552775 99141 464937 207712 835424 963360 599255 555592 409320 590732 700743 702042 386412 452286 599862 693306 340656 673695 353821 350871 717382 394882 355482 444082 368356 439986 728624 678795 765177 252345 217542 384147 438446 377250 543663 165758 665625 748546 512638 172148 585345 772124 647852 567608 936240 880421 878402 894212 618297 736029
659028 739956 144238 735756 119001 225164 319641 729488 924422 537811 956696 872320 413965 161843 179026 342786 896404 395069 211112 808370 288031 900892 634406 999999999 423733 685786 512209 373121 559417 112577 6292 380409 431837 535719 660706 464928 813769 130247 757723 294909 839848 841936 921790 204863 723727 691423 735695 597135 501430 739679 265128 680150 499712 517825 398731 453653 289535 587471 228754 118057 748320 352819 435183 360720 240831 828035 583002 677912 299221 984040 664927 317077 873914 605018 283842 813631 929771 906491 922121 869484 707968 408307 762987 346746 267326 486805 184694 929133 214705 625038 615552 925069 339126 169491 563134 428864 349980 477125 224176 274145
818643 402875 531373 742226 542422 430813 513971 629867 880460 298503 628905 821684 132298 291938 291491 340535 573611 337326 629394 600453 596777 706388 761168 423733 999999999 718554 429067 595883 216364 372084 430009 672648 731214 127949 437065 255972 594177 310267 843260 647010 631859 873419 608963 492584 550552 616424 709273 698996 630300 843082 233085 749892 346949 758791 116639 258348 181027 347614 508611 322386 433014 76083 383305 722339 210977 539120 504478 363425 449985 1054859 319346 378233 826243 448616 442082 684416 652568 651296 621097 917121 704859 738886 622596 667968 240276 685846 239212 640040 598432 843180 354188 621115 119821 575960 177793 152365 237078 139943 213332 163005
224319 615279 615479 59046 713323 460625 374380 217748 252836 470332 692305 213832 830418 590370 766084 403328 649610 385876 708076 408276 482707 423724 157941 685786 718554 999999999 294468 358115 602437 582109 687688 443574 455958 826192 417938 949906 429379 614187 139154 549056 418920 161636 642618 498687 336451 179842 101744 124982 204847 156382 541752 63682 385774 353451 809051 946860 579955 454550 479765 616989 577341 671064 336544 576661 593413 554683 234075 561982 386870 336390 613237 394708 212503 331526 402339 283207 579057 527932 619722 200258 59831 515897 287394 493601 532670 288173 673992 600720 607608 330063 479531 626923 616791 655196 884997 853764 873361 857404 615915 727904
443531 373356 503863 313430 583650 317145 298399 225930 460403 183871 525906 402214 548171 371949 533628 170135 469626 123694 618544 306893 439675 391154 374273 512209 429067 294468 999999999 349520 313284 399732 516317 459823 504033 532343 198168 671227 317033 403020 427550 515429 336204 444984 480109 389747 216389 198186 281298 307968 278626 434343 290878 335413 92548 462874 527512 669828 314814 185427 383682 410634 349923 389877 77172 575034 342524 379069 80449 308539 257153 628618 345735 199313 405957 108331 266778 304253 455920 420277 468919 489763 275921 545539 251059 489805 283062 374469 434868 464608 531280 507389 217876 474197 337692 555257 591416 571165 608059 568927 368010 465257
285993 710969 269143 415912 368772 179305 81918 487742 610880 496287 875389 568698 663145 346867 507116 276289 819082 313651 351248 637590 124611 700028 267721 373121 595883 358115 349520 999999999 596528 297316 372896 110559 156660 723330 547639 759488 652098 354839 396490 193239 662219 496362 829300 168268 544911 440441 437540 244728 153352 373896 363911 332494 408344 165097 642023 751961 415986 520070 144532 350986 694237 524615 305691 235216 398459 728370 375643 643237 146484 618290 665842 226757 568230 455820 153820 575957 799256 758772 817041 515299 399360 196343 545749 147566 356153 113885 440004 810613 250628 262622 554459 822576 476069 302055 772699 685045 657051 711868 409571 525243
753027 192013 628272 610976 669430 474056 521213 463411 716505 132170 419096 658798 345878 400117 474808 321649 361668 284302 740861 395903 640822 501005 685674 559417 216364 602437 313284 596528 999999999 472661 565472 695431 750029 260217 240592 464838 386778 429767 738796 706706 425858 741516 395288 550968 361687 462795 566576 619489 576093 747194 301249 647727 221125 742374 332273 469219 269882 160638 558684 442334 217474 240181 306984 779248 318649 322756 369200 147083 457927 928777 109660 373334 664236 283963 457117 500867 436207 436122 405803 789185 573434 774793 439817 707245 302213 657775 393945 423912 683606 805254 153293 406173 226768 679593 317947 363412 452793 333672 337202 353187
577481 644846 160827 630003 200185 126385 229987 617185 816209 435573 856260 763190 397568 80304 209994 230670 795908 283727 268719 697508 245331 788980 544761 112577 372084 582109 399732 297316 472661 999999999 116587 334168 391324 495144 552782 475989 703510 66990 663195 280896 728771 740670 819457 141380 611987 579590 626982 501562 407550 647997 171435 581422 390579 455943 378623 466883 208745 483136 163957 58401 649219 296340 322775 355310 164991 723781 470500 580539 196313 890448 573734 204854 765009 493746 180858 701102 823013 797934 818175 770819 600850 383767 650432 314509 171046 409827 156448 823663 226356 558888 512728 821473 267752 209226 532595 416744 367100 455563 158759 251612
658869 745806 140446 737920 112787 227145 320553 733087 926935 543294 962339 875007 419797 167591 184058 347078 902039 399586 205212 813032 286097 905289 634914 6292 430009 687688 516317 372896 565472 116587 999999999 378369 429380 541885 665771 469960 818542 136152 758610 291491 844467 843502 927324 204639 728174 694810 738326 598201 502411 740310 270822 681489 504610 516457 404649 458621 295591 592831 228414 123896 754007 359111 439342 356719 246916 833436 586765 683665 301358 984770 670890 320703 876558 609579 286020 817418 934977 911508 927551 870752 710341 405085 766997 344053 272928 486468 190953 934451 210492 623831 621017 930524 345345 164365 569153 434590 354953 483019 230375 280228
318148 818160 248134 502564 340862 241929 174591 592547 694713 601505 985729 657265 724570 399983 539258 373832 929224 416443 295566 747135 92516 806994 324447 380409 672648 443574 459823 110559 695431 334168 378369 999999999 58724 800555 657841 809837 761970 399263 454181 118441 771255 565525 939760 192851 654626 544832 531456 321313 243392 425815 439998 406921 515803 146243 704342 800929 491752 627814 171216 392268 802891 598427 413241 133317 465871 838796 485453 750177 237635 662774 770018 322123 656064 566349 239834 679904 909617 868767 927594 576598 491098 85790 652651 52942 433384 159823 488739 921130 201918 253967 662234 933121 554159 262459 846222 745204 701176 778176 471965 580953
302953 867621 294596 514829 382062 300584 228920 620811 702749 652677 1029111 669282 783032 458307 594628 428460 973498 468973 325247 783035 146913 837447 322373 431837 731214 455958 504033 156660 750029 391324 429380 58724 999999999 859137 702120 867271 798829 456885 448458 150519 805787 564815 982412 250341 691273 572905 549151 331189 265713 417469 498450 412617 564999 121828 762862 858207 550271 676681 229270 449590 850516 657084 462350 133715 524595 881778 523072 799897 293235 646316 821977 377233 667508 608796 296428 706574 948342 905861 969029 570847 507498 61823 683573 86674 491753 167997 546507 961133 239897 221780 711060 974780 612587 301369 904928 803580 757963 836830 530618 639158
939661 413734 652269 844716 654608 558681 641450 715174 968590 376262 626776 910162 150010 415739 382886 463365 577854 453945 745163 655330 724069 759774 879919 535719 127949 826192 532343 723330 260217 495144 541885 800555 859137 999999999 500399 232363 645198 431110 955368 772749 684683 976509 616598 619419 620655 708218 806867 816426 752060 957548 361016 862027 443798 885707 153104 241088 308975 416627 635919 442691 453979 202694 496310 847991 337429 564277 602571 393952 577182 1160948 336632 503620 915226 532567 569602 759122 675706 684377 634330 1021941 806975 866230 697590 795305 368139 811491 352359 658192 720836 968389 413222 632806 247415 694635 59608 153069 272231 99287 337308 262593
611163 197373 679996 409591 749188 496066 493519 236501 483905 142969 328081 427869 569226 503598 635220 330354 271459 274781 796742 165052 633658 270488 538693 660706 437065 417938 198168 547639 240592 552782 665771 657841 702120 500399 999999999 692871 162483 536609 556702 708703 197292 532807 283154 573232 121904 249460 356491 474855 467032 573424 403763 474614 163016 655934 552313 695410 402888 90049 570717 546984 162051 431707 253424 770893 445845 182124 198850 147482 445976 719427 205944 374519 433776 96967 453191 261422 270882 245963 274381 582255 374677 743498 201458 686620 399075 567550 539112 274328 716124 689546 87302 279080 393696 732710 558480 589371 660655 567640 470971 535027
1017311 638393 605504 979979 572436 580409 681194 881582 1129310 554287 856777 1070626 124966 413212 285908 550587 806000 564261 669581 855681 721231 961591 968543 464928 255972 949906 671227 759488 464838 475989 469960 809837 867271 232363 692871 999999999 848713 410613 1065236 749475 886829 1109095 843893 617023 806343 864797 952355 911407 830790 1060118 415892 973211 596071 923772 144372 13665 371660 603559 638815 417682 674865 281361 614589 820429 369238 784049 749743 609294 625257 1284913 557540 573663 1074856 702164 613158 939271 897075 900471 859750 1150148 943479 857713 877562 789649 425041 864602 321524 881744 677304 1020766 609175 858790 334358 634317 203789 103637 115143 135943 352960 235028
648278 268051 819634 399175 895535 633068 611741 211909 403174 305096 264278 356526 726429 660051 796964 474850 228111 420237 935020 22217 753104 114635 576724 813769 594177 429379 317033 652098 386778 703510 818542 761970 798829 645198 162483 848713 999999999 692933 556955 829148 39974 498496 214909 706708 107556 251490 339898 521007 542035 581911 562497 492648 314632 732073 710398 852027 564464 251388 700627 702733 218950 593243 387839 884714 606390 141431 276517 256309 574092 673599 319208 512899 363231 211827 583804 175279 152772 107040 190560 547260 373209 847230 143615 797784 557223 646746 700232 171856 848291 743293 240048 197863 556122 871479 701110 745755 821577 719945 631774 697449
628905 609734 221360 658539 241085 177011 281887 626702 839123 409603 827184 784266 330595 33014 156244 233863 766946 280811 321291 688995 311554 784913 591215 130247 310267 614187 403020 354839 429767 66990 136152 399263 456885 431110 536609 410613 692933 999999999 704833 347686 720971 774866 792951 206545 607643 592574 649825 543558 452210 692128 135769 619557 378387 516590 311725 401871 160104 460317 228204 12757 618613 235470 326322 421872 112023 700274 478795 547933 237551 931827 534778 222516 786612 487865 222866 707251 803748 782531 794062 807832 627190 450635 653328 381169 138805 465146 89772 802044 289825 617440 487405 796818 213367 265914 466943 349761 303596 388861 99173 184622
153948 753938 665534 157836 765176 537145 438083 346063 280522 607012 821213 269164 949041 684981 860387 514650 781434 506430 742544 535182 515750 534737 130474 757723 843260 139154 427550 396490 738796 663195 758610 454181 448458 955368 556702 1065236 556955 704833 999999999 570368 541749 121943 771746 557804 470304 313962 217132 161661 256418 35638 650913 93417 519893 329489 927403 1061157 693578 593142 535795 705595 715305 790714 460142 580204 700714 687557 372162 701111 468192 227282 752286 495976 264587 470629 483367 396562 702493 650100 747288 122605 185922 510227 413348 507081 641719 296161 773810 726048 642963 265248 618539 754670 736106 697503 1013518 972432 981605 980410 721255 837042
436552 850427 151595 607461 232376 232652 217474 677315 801780 630708 1035305 761079 678108 357837 467766 394629 976810 445567 177537 816454 76050 885841 440063 294909 647010 549056 515429 193239 706706 280896 291491 118441 150519 772749 708703 749475 829148 347686 570368 999999999 843016 679055 991651 157569 723609 630610 630716 430627 344590 542915 423004 517813 554550 262810 659401 739288 471369 665088 148033 337944 841657 570975 455803 75344 436048 890767 555676 782378 263796 781066 793047 343361 760414 623754 258812 766018 971318 934396 982703 692388 592215 114207 732323 66983 418370 274331 436071 979777 89858 368813 699012 987621 534190 151194 812546 696823 636572 736459 435667 532000
640861 306938 840063 384136 918406 653339 626184 201868 372056 340254 283571 328150 764155 688238 828982 498816 253890 445044 954617 32555 767013 75149 570305 839848 631859 418920 336204 662219 425858 728771 844467 771255 805787 684683 197292 886829 39974 720971 541749 843016 999999999 476141 235485 725389 120240 245503 325012 517346 545360 568338 592284 482575 342850 733842 747855 889954 596527 287096 718146 730435 257810 628979 409607 896295 637386 173772 287535 296283 591853 647212 359173 534460 334908 235061 602277 150223 160801 109023 208279 524186 361015 855957 131924 808945 586663 650012 731620 184685 865950 739207 277714 215857 590585 891428 740762 783704 857794 758670 662953 731876
275719 725194 762250 131796 861396 617312 525516 300661 163303 610079 759707 165586 988496 751555 927403 564584 726601 544881 846978 476280 619383 454729 242536 841936 873419 161636 444984 496362 741516 740670 843502 565525 564815 976509 532807 1109095 498496 774866 121943 679055 476141 999999999 711378 648961 428568 283852 176836 251743 346343 157253 703019 164316 532843 448101 967298 1106400 740345 585893 628505 777325 682117 829097 494578 694653 754818 636850 374738 680283 544544 187628 737034 556213 159724 459840 560037 325955 633680 580517 684409 49701 169559 626617 358643 617992 693963 405760 835606 659740 746523 387171 606093 691994 775161 798204 1035814 1011771 1034396 1012993 777454 888936
858326 206548 956413 614021 1019056 775457 776667 426098 603256 384186 49704 562441 733156 760434 864519 607650 40460 552675 1073352 236878 916743 274930 786061 921790 608963 642618 480109 829300 395288 819457 927324 939760 982412 616598 283154 843893 214909 792951 771746 991651 235485 711378 999999999 853605 309119 463251 554763 727524 737156 796270 657184 705434 440326 928040 722157 850430 642315 336887 852288 804494 179095 634357 535954 1054031 690056 101098 464305 251693 728470 882106 289709 654506 569208 373669 735137 385644 93411 140238 31087 759595 587418 1025524 358487 969565 654535 840573 776491 63625 996320 948971 306742 24320 613287 1009363 662978 747869 846007 708115 712762 747003
454231 701388 120206 552647 215070 79153 124307 580833 746275 482231 895254 698137 534151 209346 348664 247218 835794 301262 229825 696536 106051 776165 431968 204863 492584 498687 389747 168268 550968 141380 204639 192851 250341 619419 573232 617023 706708 206545 557804 157569 725389 648961 853605 999999999 605194 537347 561839 399454 303484 537875 265761 485105 413307 318051 514370 608081 314861 520685 24165 199417 696148 416856 321074 232316 281994 753696 444204 633815 134173 782646 640412 199103 698816 495945 123112 669067 841626 808887 847229 672932 529106 247645 626914 176980 260932 281956 296185 847278 142892 423447 553834 851617 377863 167929 661700 554262 508474 589624 284467 389397
549277 298595 720179 315025 799546 533488 506494 128097 364466 252064 358709 309808 681762 575245 723080 381409 313472 328736 834516 92913 647569 177362 476954 723727 550552 336451 216389 544911 361687 611987 728174 654626 691273 620655 121904 806343 107556 607643 470304 723609 120240 428568 309119 605194 999999999 156783 257379 418724 435206 492105 482571 398264 232983 625642 663830 808060 492044 204871 597910 616584 253995 536931 290837 778062 529971 218260 169274 261967 471615 612029 323680 415258 315972 119894 482082 139522 258716 214591 288958 478253 284382 739806 80117 690955 476311 539830 624604 274921 745714 640613 208741 295730 493732 771409 679134 702715 766195 684409 555808 633680
396820 444240 657277 161050 747040 477137 422179 47906 264527 333844 512955 205829 740593 563016 729578 359385 469768 319834 764828 231099 556323 265437 325490 691423 616424 179842 198186 440441 462795 579590 694810 544832 572905 708218 249460 864797 251490 592574 313962 630610 245503 283852 463251 537347 156783 999999999 107128 271910 307797 335323 487956 242230 269565 492025 720497 864128 512984 304237 524622 598887 403356 584253 269500 675160 539995 374905 117749 396795 405610 471120 453182 374850 210108 178856 419169 135533 403134 353507 441022 333100 128246 626976 114586 587677 479865 411026 631305 423340 668842 493709 322729 448124 533465 704794 767825 763204 805569 755943 565274 663314
325112 550439 681390 59297 776474 512880 439311 130263 189442 435981 604176 136877 829466 622763 795276 423555 565312 393507 781090 318078 560565 323839 259683 735695 709273 101744 281298 437540 566576 626982 738326 531456 549151 806867 356491 952355 339898 649825 217132 630716 325012 176836 554763 561839 257379 107128 999999999 222122 288224 243376 559345 163498 363790 451851 808779 950749 590663 409634 545403 654456 508600 671000 341915 664693 611875 472281 205000 503885 438555 364312 560246 427368 138238 283636 453499 183432 485813 433701 530162 225988 42774 607687 196284 579414 550677 381365 699137 509034 681715 431792 429311 537550 618360 724825 866412 852462 885808 849214 636158 741332
136945 668593 510927 183681 610284 375598 277788 317324 373477 491753 776961 338114 798079 524348 699355 362514 728993 362586 595739 501511 368313 533069 66308 597135 698996 124982 307968 244728 619489 501562 598201 321313 331189 816426 474855 911407 521007 543558 161661 430627 517346 251743 727524 399454 418724 271910 222122 999999999 96041 149676 495631 87801 398676 229731 776330 906687 540628 489622 378250 544125 636822 641633 321556 453764 544103 633171 276232 608304 306605 388943 651381 338634 336422 379535 321745 394534 673603 624891 707650 273478 179479 391455 386327 372435 486459 163778 614105 692359 495177 222286 519621 714449 587207 546463 873174 821392 824221 833325 563651 680579
188577 651526 415932 262945 515057 281233 181882 355667 457674 455645 785548 416552 721281 434819 608415 289800 733330 301462 504114 524751 277962 573006 139450 501430 630300 204847 278626 153352 576093 407550 502411 243392 265713 752060 467032 830790 542035 452210 256418 344590 545360 346343 737156 303484 435206 307797 288224 96041 999999999 240512 415652 182069 361112 190948 699526 825315 463398 463866 282468 452043 625599 568148 269413 376525 461672 638650 272969 587152 214670 483318 622749 257755 415833 370158 229392 440904 693922 648710 720600 369480 248421 321765 419896 291281 406621 104744 526183 709325 403514 230041 496502 726881 514525 452915 807011 744385 739322 760590 479544 597506
119477 770786 642937 184554 742509 521633 420477 370178 316109 616102 845867 303683 945617 673583 848170 510122 804634 505757 716576 560361 490764 564294 106199 739679 843082 156382 434343 373896 747194 647997 740310 425815 417469 957548 573424 1060118 581911 692128 35638 542915 568338 157253 796270 537875 492105 335323 243376 149676 240512 999999999 644637 100130 526888 297438 923904 1055607 688823 605197 515354 692284 733454 788186 461277 549968 693500 710113 384121 716140 454678 244783 765588 488090 299259 484756 469596 425132 729129 677076 772461 153914 208862 479095 438576 478756 635451 269666 763678 752058 617588 229969 631819 779775 733613 673189 1015187 968976 973816 979037 713240 829984
603280 475719 328322 578025 369636 198701 282067 516664 745598 273994 691611 688499 306235 103348 243230 138438 631340 168147 439721 559970 367055 658769 552775 265128 233085 541752 290878 363911 301249 171435 270822 439998 498450 361016 403763 415892 562497 135769 650913 423004 592284 703019 657184 265761 482571 487956 559345 495631 415652 644637 999999999 559852 250011 527969 284546 411056 52175 325220 279319 147371 483192 160706 219095 498015 52532 564711 370613 412928 219379 873265 402872 157978 691657 362946 210260 591912 668993 649211 658389 741323 543400 508527 534940 437807 9195 458785 144225 666726 387374 616554 351777 661102 114170 378941 408946 329161 331813 349851 77344 186516
161623 671856 597940 111789 697120 456574 362159 281246 290187 516376 755135 260166 856362 598259 774173 422803 711700 413209 683540 471652 456099 486808 99141 680150 749892 63682 335413 332494 647727 581422 681489 406921 412617 862027 474614 973211 492648 619557 93417 517813 482575 164316 705434 485105 398264 242230 163498 87801 182069 100130 559852 999999999 427922 303268 834756 969346 601604 505068 464409 621068 635345 697805 366733 538436 610207 616492 284013 616478 385196 314021 665532 406490 257614 384965 400608 346257 642633 591581 682841 189502 122868 473787 350981 458631 550666 247679 685596 664137 582976 269760 531784 690009 643208 634075 920133 879755 891205 887186 631309 746264
533085 302626 517611 401054 586231 335161 344532 285948 533900 94579 482145 475135 471522 345560 490154 167901 422980 112526 634484 310732 480987 408762 464937 499712 346949 385774 92548 408344 221125 390579 504610 515803 564999 443798 163016 596071 314632 378387 519893 554550 342850 532843 440326 413307 232983 269565 363790 398676 361112 526888 250011 427922 999999999 537951 451699 595855 259910 112051 412555 388110 288126 316965 102670 620222 296989 340738 158936 234951 290797 718060 262811 214243 479571 114351 296185 350653 433898 407365 434705 578714 363284 600174 290847 538810 244078 450593 391623 436725 555994 591146 146463 438852 268569 570434 503212 493977 542788 486640 322829 405074
181370 835804 392103 410972 486624 343391 246199 539295 592267 630945 976347 563201 828242 510663 665603 429796 923746 458513 440315 714333 232858 757009 207712 517825 758791 353451 462874 165097 742374 455943 516457 146243 121828 885707 655934 923772 732073 516590 329489 262810 733842 448101 928040 318051 625642 492025 451851 229731 190948 297438 527969 303268 537951 999999999 807113 916008 579865 645717 294095 511742 812491 688543 438732 255540 563499 829314 463763 769930 308924 524526 800625 383891 560804 559419 317754 620846 884306 838440 911544 451276 409203 182564 605995 195830 519999 88481 603326 900084 348137 108327 679287 917829 639036 408679 936127 850136 819919 876692 574627 689947
887570 515630 526693 837535 515973 466052 561333 737254 985020 412059 739912 926322 21768 305033 234241 413887 685934 423208 609843 716289 620400 822198 835424 398731 116639 809051 527512 642023 332273 378623 404649 704342 762862 153104 552313 144372 710398 311725 927403 659401 747855 967298 722157 514370 663830 720497 808779 776330 699526 923904 284546 834756 451699 807113 999999999 144635 236222 462500 534007 321578 547806 138221 472811 733410 243787 654845 605691 479096 501457 1144868 432589 441859 930577 558196 490786 795700 768311 767796 735382 1009104 800796 761171 734088 691013 293404 741853 224117 755140 597638 899389 470350 735130 192263 564257 166216 45073 127163 78531 233239 127919
1011443 644618 594708 977636 560436 572754 674066 881613 1128578 556094 863977 1069940 126326 405345 274645 546569 812746 561523 657616 858666 711973 964599 963360 453653 258348 946860 669828 751961 469219 466883 458621 800929 858207 241088 695410 13665 852027 401871 1061157 739288 889954 1106400 850430 608081 808060 864128 950749 906687 825315 1055607 411056 969346 595855 916008 144635 999999999 367764 605879 630044 408669 680468 280061 612097 809946 363643 789365 748666 614297 618752 1281475 563344 568561 1074102 702825 606468 940311 902527 905176 865907 1147118 941276 847945 878678 780121 420228 857694 313149 887557 666462 1013564 612242 865054 332422 622941 214750 106274 103673 143412 346683 228509
