NAME : synthetic_000638
TYPE : CTSP-D
DIMENSION : 100
GROUPS : 8
RELAXATION_LEVEL : 1
EDGE_WEIGHT_TYPE : EXPLICIT
EDGE_WEIGHT_FORMAT : FULL_MATRIX
EDGE_WEIGHT_SECTION
999999999 752244 747700 832814 385219 98500 900481 420732 201855 832492 605757 846209 519211 381176 1039569 693226 401118 872124 1010851 291987 941661 823966 840386 249155 921639 811963 171463 935315 238234 787816 792375 123318 838626 61433 624404 791794 459999 430796 357133 665991 238024 251753 705338 1029426 550315 40264 202076 606732 978013 315725 658472 1132319 897353 826157 783099 803880 648597 490918 735152 863614 833144 759544 83344 366307 933593 307408 382659 1070870 765526 159233 680903 723584 111646 369346 570394 879628 1088584 708058 408389 717668 68299 866939 769741 551216 829209 807884 828935 825223 604949 234565 728545 783033 573575 1064246 291406 543903 585754 935537 672345 298212
752244 999999999 358467 105919 636654 767677 237016 331652 689402 409805 249551 336269 307753 665178 288973 68993 387186 216901 260007 639868 196691 584708 398966 591414 175333 555804 722054 202764 515504 329160 472470 718800 501939 809550 499633 262538 434841 331743 609858 231683 701673 518774 314015 282888 342433 783014 599358 180870 410410 491891 411093 412982 434844 469511 528223 216780 142208 361703 107307 307141 152442 572696 678501 495913 400842 589535 580193 394983 578139 732814 382813 454548 771311 529944 216276 344721 336346 80247 629461 547114 785755 447286 555690 475186 191386 55647 346009 137022 221213 639241 325147 661992 629571 362427 485522 248444 302543 189667 578358 456346
747700 358467 999999999 321691 813415 716103 260220 428778 781327 758516 532867 691921 539308 837541 488302 314149 542071 242837 469956 775064 491989 226283 749781 701510 473508 197363 798367 366429 562941 676415 114459 773188 843247 788906 203560 119663 648609 370095 452726 547646 809309 599581 57260 460574 600514 763189 680781 447661 767622 620429 110969 708040 790246 811688 854687 573704 257587 584847 251199 665234 265030 887788 701841 386499 759297 731625 758918 725917 225906 802698 75444 774061 713456 396681 265439 149308 551146 414135 816571 205762 804470 128457 201328 234313 220023 377144 698953 273357 499626 746486 658395 970841 879812 680679 586238 479561 578210 484642 867984 524270
832814 105919 321691 999999999 740508 839210 137465 416653 784712 492406 355376 411038 412314 768889 212351 142451 485055 122902 185300 739937 171553 543179 479553 687740 152239 514480 815603 103603 599922 415187 429566 808992 588784 888022 495106 207391 539667 403479 652058 334543 799190 609132 290772 197727 448348 861211 691688 285579 460582 588825 399161 392610 507744 556304 622191 293174 188230 466401 106937 374661 63703 669927 762775 544881 461741 689776 683797 404248 547594 825570 365328 551953 841591 574780 269978 267947 269452 185330 733960 524423 871050 384863 522914 486847 112515 76364 425205 50661 327110 735919 420054 760069 735143 359577 578173 351617 408332 164042 680818 542373
385219 636654 813415 740508 999999999 475165 854309 384639 186142 526385 401065 571652 329131 28847 908862 605773 273893 828145 880697 93483 781361 974097 539349 160232 766311 952698 224800 839306 305542 511300 900713 265771 500605 436505 783563 799777 203749 446363 612134 447984 158025 250255 757641 910659 309067 423953 212514 455853 696928 198297 767668 918661 590219 497584 431931 579661 603392 275649 676818 604294 770233 394643 317192 542119 646405 99537 57109 830802 928794 240514 772045 393704 487655 571559 556253 900149 940642 563788 24157 879118 355296 941519 921931 709150 789305 684608 548293 757042 421421 152713 453539 403035 190037 843211 242557 388912 354554 777581 301287 310825
98500 767677 716103 839210 475165 999999999 892849 442519 296215 892306 649911 897640 566230 473619 1049904 704413 448018 864819 1021699 381734 961892 767367 898719 328511 941152 758144 268743 939407 274081 841217 747727 219948 907014 89055 572175 773829 525315 436969 291590 709991 333817 304561 679198 1036936 605801 74652 276709 638469 1028482 377563 618836 1162309 956218 892091 856153 844028 651485 545617 736862 910785 832033 837239 158893 329688 986475 390406 466445 1108850 707049 257176 645244 791864 13161 322527 570436 855378 1102308 732580 497596 661155 160372 828945 714090 503220 822323 823000 882314 825747 644367 322582 783327 866760 660745 1097344 343618 581122 636922 955337 753182 331243
900481 237016 260220 137465 854309 892849 999999999 502290 878376 628767 483853 545817 531417 882065 230555 249346 588258 28390 215476 843888 267618 457394 615500 784545 254700 430231 905585 116503 678281 552308 348236 892988 725762 951544 459584 144440 658257 472385 669491 468650 897099 696709 254003 201447 574265 924697 781112 407446 584395 688278 362037 463762 641263 693313 759624 429324 260249 585263 178460 507539 86010 806958 837510 575939 590851 794610 797208 502340 475424 913968 324647 688886 893312 598936 331745 153597 292966 317114 850001 463490 945868 280738 449111 472954 71315 213716 561051 100825 453539 832805 557319 896923 863976 450136 670238 468265 536791 261523 815350 624782
420732 331652 428778 416653 384639 442519 502290 999999999 376415 504052 233560 484353 173156 408890 619791 274858 116722 474260 590950 351561 521727 599291 505107 284820 501443 575902 403380 520153 184058 435904 518443 393114 551638 478603 421850 423366 236827 69335 359029 288458 397081 194633 373141 611044 237278 452249 278862 199343 608976 194305 389059 719892 561244 527253 528794 410587 242084 192637 326700 487564 426000 539067 347194 245426 573580 305477 330421 670300 559971 412092 389686 448094 447612 284992 177757 522465 667929 290202 388241 511979 454991 556937 549504 354648 432161 387265 474770 415911 217085 332615 386209 605904 469556 655831 168735 154378 244612 515447 489626 125737
201855 689402 781327 784712 186142 296215 878376 376415 999999999 677004 491334 706465 405417 179670 976338 642574 302996 850452 947377 95926 861284 905752 687518 98745 843363 888357 42089 887957 219220 645881 850571 79887 667379 250651 706105 795487 309689 417642 484911 548253 39745 184232 730211 972191 415081 239381 100673 518909 837105 198159 713188 1027790 742291 659496 604655 687940 618150 362391 701544 731733 800422 573801 145674 444710 789014 128544 195012 952019 853304 57896 726345 554759 309153 464623 552317 892430 1017269 628772 209988 803318 169489 908531 851501 629522 808499 742990 685866 789499 500776 54056 585815 588467 376112 955028 208164 449533 457524 856226 482754 259511
832492 409805 758516 492406 526385 892306 628767 504052 677004 999999999 272412 89940 337293 551288 544612 444411 448891 615212 524475 588141 410272 981479 17778 591932 408467 953040 718922 545970 622686 82120 872744 742688 100057 893439 859673 671750 373356 557628 862958 227446 665480 587780 707645 562964 287353 871954 631921 337197 176713 517257 787208 443493 65347 69536 159327 199446 505929 347379 513375 136106 552986 221320 749289 747787 125092 548470 490097 336778 965287 734368 766732 139102 901307 787437 536100 753467 545316 344572 506008 927143 832579 856272 945703 812557 597630 416299 68900 537822 296275 624657 118037 306853 398242 369523 548726 352308 263021 411476 284450 572628
605757 249551 532867 355376 401065 649911 483853 233560 491334 272412 999999999 252366 87471 429910 508248 241956 204642 461247 480319 422934 380578 744145 272301 393917 365262 716928 529713 447217 375869 202347 642853 539580 331538 666999 601098 472750 197816 285218 591425 60304 493928 354050 477132 511378 94573 642767 418732 85561 380417 299293 538934 536655 327925 303754 326621 199142 276867 130585 320493 261087 397918 355223 523613 475620 341965 373691 347053 466205 719245 543132 524574 244250 657263 515248 281326 568692 539766 170475 390419 676983 621186 647571 702479 547741 429060 290456 241466 383035 33388 437616 154472 438171 380306 464649 314563 80002 53029 376645 339991 319432
846209 336269 691921 411038 571652 897640 545817 484353 706465 89940 252366 999999999 331751 598318 454672 379200 449622 533862 434615 623030 320559 917138 73498 615491 319293 888405 747631 458813 624056 60822 806369 766283 189754 907624 808017 598596 396925 529838 838754 195950 699676 595986 643570 473142 296414 884632 650064 298070 131890 531452 729904 365111 98584 159454 246550 119745 446340 355319 442570 46521 473042 307025 762984 721409 89618 579329 529166 264450 905114 762500 706649 209500 905638 760705 487214 675847 456100 279822 553336 869482 853452 783295 884291 766724 519181 335879 25935 458193 267672 652823 120675 394664 464952 289501 556207 330037 261031 321915 360296 569598
519211 307753 539308 412314 329131 566230 531417 173156 405417 337293 87471 331751 999999999 357764 582387 282240 118639 506500 553877 340979 459725 737329 340491 307461 443047 711486 443228 510250 292374 276910 643372 452227 378859 580545 577113 497447 127430 236144 530130 147164 409795 267474 482147 582664 66570 556590 331278 126888 462261 211940 527232 623474 397803 355247 356552 286604 295835 54126 357634 345154 445992 370992 436773 418268 420996 291022 273014 553606 705814 456425 518768 275250 574043 457722 275139 596875 617969 235016 321731 660529 533750 661239 691708 516222 470119 355567 317651 432096 96177 351991 221659 444025 343441 551873 227813 63947 74273 455214 333038 238165
381176 665178 837541 768889 28847 473619 882065 408890 179670 551288 429910 598318 357764 999999999 937699 633746 299793 855799 909529 94643 810190 995027 564567 169856 795154 974025 215660 867864 320104 538125 923385 259466 522432 429984 803047 825939 232576 469341 623881 476697 147321 265788 782031 939454 337845 419033 219821 484419 722812 219524 789623 946678 614736 520564 452251 607997 630306 304366 704389 631521 798159 412418 317351 558057 672095 114151 85113 858193 948836 230910 794866 417287 486336 586320 581837 926236 969473 592505 45292 899025 346634 965793 942537 728148 816772 713287 574741 785043 450227 153993 480716 415332 201513 871147 261647 417272 383321 806417 318192 329792
1039569 288973 488302 212351 908862 1049904 230555 619791 976338 544612 508248 454672 582387 937699 999999999 346567 673374 245472 29002 921852 137647 686809 527947 877885 146713 660043 1009914 124549 803841 485766 578666 1007640 644229 1095999 682291 369343 705137 613150 862268 467703 986724 807688 473783 32067 602024 1069305 887833 459368 441580 778266 584227 245714 533700 614116 698147 365248 400298 634295 318639 408744 238543 755549 966959 756740 465919 871530 853981 312394 705976 1020992 547595 644710 1052629 785886 482100 379214 62868 348846 898659 693127 1074482 506605 679665 685616 272876 234019 477183 238299 487770 925278 515216 845485 868976 254411 774065 529114 557381 138649 790425 744975
693226 68993 314149 142451 605773 704413 249346 274858 642574 444411 241956 379200 282240 633746 346567 999999999 344375 224262 318006 600067 264516 538246 435648 545944 243012 509602 673203 246030 458640 362336 428480 666650 530676 749444 438491 234644 408919 267479 540903 241134 657727 466720 264442 336431 328025 722741 549242 160402 465986 447390 353774 481961 477061 498794 547723 263057 75052 335980 78554 355825 164504 586551 621718 427232 451291 550153 548726 462088 526337 683126 328369 469683 707582 461045 147333 327699 397896 100024 600937 492205 729753 415947 505192 409772 188733 120753 385145 151309 209681 594193 347320 673527 618737 430962 435766 218931 293749 257330 581013 400576
401118 387186 542071 485055 273893 448018 588258 116722 302996 448891 204642 449622 118639 299793 673374 344375 999999999 561202 644423 255932 559446 715993 453761 204522 541116 692621 337507 587551 174787 393554 634448 340620 478320 462359 536576 526158 124589 184774 438188 264896 314552 149461 485670 669634 162113 438191 218931 216724 580567 104897 505765 735871 511356 458291 443040 403044 332096 103566 409799 463793 506536 443847 319117 335433 538533 206379 217968 670199 676174 349384 505806 367039 456065 373130 282410 626444 714551 325976 275077 627892 418485 669569 666056 467323 520910 440269 434571 494442 205488 252122 336473 502970 354211 665826 110183 148344 189147 554183 384436 124160
872124 216901 242837 122902 828145 864819 28390 474260 850452 615212 461247 533862 506500 855799 245472 224262 561202 999999999 227799 816663 268028 447651 602437 756837 253308 419934 877492 125144 649949 537555 336617 864716 711234 923258 439217 124335 633025 444006 643436 448384 869403 668606 231966 217950 550723 896407 753040 383452 578456 660812 341287 471978 630308 678735 742802 416059 232304 560193 151564 496955 64468 788917 809123 548742 582494 767495 771036 504418 462301 885816 304138 670756 865353 572237 303370 151292 308310 296411 824160 447810 917479 275676 436245 449593 42929 198929 548102 79931 430438 805077 539996 878534 840922 453853 642343 443095 514048 261476 794854 596553
1010851 260007 469956 185300 880697 1021699 215476 590950 947377 524475 480319 434615 553877 909529 29002 318006 644423 227799 999999999 893126 114763 672862 508071 848938 121347 645698 980923 103686 774991 463432 563398 978645 624366 1067381 661484 350473 676953 584846 836472 440642 957848 778701 452941 38761 574269 1040701 858831 430587 428616 749318 563522 251458 516256 593855 676514 341498 372765 605929 292007 389117 215270 733215 938098 730129 450342 842795 825697 308337 689890 991994 527212 621348 1024510 759696 454554 366973 85120 320077 870674 675397 1045581 494632 663734 662649 252219 205020 456520 213897 459458 896352 491012 823421 842911 251363 745064 500318 529766 114730 766094 716083
291987 639868 775064 739937 93483 381734 843888 351561 95926 588141 422934 623030 340979 94643 921852 600067 255932 816663 893126 999999999 800703 920141 599473 80552 783949 900413 136985 841730 234612 562214 854542 174109 573914 344289 724679 774710 230442 405026 532617 476629 77340 183559 721086 920399 339069 330965 126502 462606 752258 157515 718721 955450 653181 567266 509783 614413 586128 292362 665460 651095 762461 477982 224072 472923 703173 50373 100296 874600 871532 152972 727103 462429 394259 499051 528940 874010 958833 573065 116407 821485 265129 903479 866831 648822 775974 691314 601364 750365 437076 59724 502561 493249 281917 881365 189124 392985 383503 796180 386831 254451
941661 196691 491989 171553 781361 961892 267618 521727 861284 410272 380578 320559 459725 810190 137647 264516 559446 268028 114763 800703 999999999 710313 394056 762544 21577 681902 896837 156622 703567 348713 597210 898755 510269 1000160 665771 375082 578393 527569 804080 335473 868596 700678 462322 152885 472628 973899 777477 342725 326093 663526 570400 223112 404783 479535 561755 227604 332931 509606 267943 275500 227610 618519 865338 691492 342169 750716 727630 236718 717736 908829 536828 507126 965960 724674 411250 419015 159300 234787 769864 695710 970952 543449 692698 653675 275271 144240 342071 218632 363665 808919 377633 708680 733098 188749 664815 411780 427364 7631 652845 643700
823966 584708 226283 543179 974097 767367 457394 599291 905752 981479 744145 917138 737329 995027 686809 538246 715993 447651 672862 920141 710313 999999999 973412 841213 693016 28938 913699 572318 689821 899384 113678 879392 1063429 851563 201104 335905 833405 531885 476309 765362 939198 736926 273933 656464 801939 828869 809230 660750 993789 775864 211124 919628 1015230 1032347 1069864 799447 476255 777048 477469 891255 483043 1098681 798611 465254 985500 882903 923602 946370 62117 914419 219725 988037 761029 455296 464670 308635 748323 638184 981405 106416 888600 184676 54571 277160 435043 602443 923371 493313 711596 881016 877914 1178370 1067175 898682 733946 682458 785474 703210 1070249 666472
840386 398966 749781 479553 539349 898719 615500 505107 687518 17778 272301 73498 340491 564567 527947 435648 453761 602437 508071 599473 394056 973412 999999999 601311 392666 944889 729350 531177 628063 75181 864127 752254 116309 901464 854509 661297 382214 557179 863632 224582 676786 594375 699487 546616 293040 879692 640395 333707 160969 524818 780705 425826 57605 86603 177090 186379 498579 353217 503376 119231 540593 239096 757103 747908 109336 559056 501983 319380 958218 744711 759567 154918 907541 787529 531184 741844 528041 335646 519275 920645 841746 845960 938329 808648 585694 403648 54467 525509 294656 634886 119222 324542 414267 351784 555114 352302 266370 395400 301496 577083
249155 591414 701510 687740 160232 328511 784545 284820 98745 591932 393917 615491 307461 169856 877885 545944 204522 756837 848938 80552 762544 841213 601311 999999999 744619 821904 135801 790761 154104 555357 777873 151087 591294 307560 644942 707419 219463 332689 454068 451564 112573 104352 648504 874058 321024 289415 53661 420175 746924 99626 641448 930572 657245 580364 534146 591520 524749 266226 606892 638648 705322 510721 170497 392372 699920 63723 138987 856733 791963 149343 651150 476703 340189 418697 462362 805723 918559 530098 178960 741887 240758 829683 787699 568919 715292 644744 595890 694025 402447 48324 495261 538307 334899 858269 116741 350788 362167 757481 424948 177783
921639 175333 473508 152239 766311 941152 254700 501443 843363 408467 365262 319293 443047 795154 146713 243012 541116 253308 121347 783949 21577 693016 392666 744619 999999999 664507 878607 147468 683641 343931 579708 879917 508517 979983 645511 357360 562986 506481 782503 322042 851240 681484 442784 157948 458059 953678 758778 324509 333471 645429 550442 244182 406433 477351 557596 220663 311361 493527 246915 275192 209979 613350 845635 669937 346494 733860 712194 253368 699377 890463 517136 500565 945144 703099 389691 404583 174934 215715 755249 676660 951495 528004 674490 632689 258207 122671 339817 200310 347210 791201 369782 703807 722271 207345 645885 393848 413000 14335 644789 623826
811963 555804 197363 514480 952698 758144 430231 575902 888357 953040 716928 888405 711486 974025 660043 509602 692621 419934 645698 900413 681902 28938 944889 821904 664507 999999999 897379 544772 671416 870935 84915 864040 1035341 841308 187567 307282 809108 509040 468204 737475 921253 717556 245411 629880 775817 818160 791098 633278 964851 754633 186917 891878 986533 1004196 1042369 770634 448076 751873 448556 862400 454529 1071693 784085 450458 956609 862394 901668 917842 65559 898522 193047 960655 752228 442673 438100 282761 721757 609568 959547 98818 875887 161085 46448 262179 406657 573530 894744 464685 684282 862398 849865 1151803 1042861 870354 713430 656038 758715 674778 1044240 646297
171463 722054 798367 815603 224800 268743 905585 403380 42089 718922 529713 747631 443228 215660 1009914 673203 337507 877492 980923 136985 896837 913699 729350 135801 878607 897379 999999999 919078 235805 687118 863170 49034 709407 215211 713072 818035 350722 439811 479545 587219 68564 208892 748604 1004938 455270 206648 124535 554137 878455 233414 725746 1066364 784222 701583 646414 727107 645449 401618 729844 772376 829027 614922 129957 449566 830532 170526 236702 991856 859746 15987 740810 596843 281868 466242 577028 913782 1051991 663431 248870 809990 130984 924627 859231 636643 835221 776145 727216 818529 537999 94821 627024 627793 414740 993979 237438 485168 497216 891633 523412 282284
935315 202764 366429 103603 839306 939407 116503 520153 887957 545970 447217 458813 510250 867864 124549 246030 587551 125144 103686 841730 156622 572318 531177 790761 147468 544772 919078 999999999 703215 475038 461702 912593 645347 990023 558143 246866 637026 505164 741105 418645 901957 712732 349582 101858 541495 963176 795232 383453 480937 691656 460123 347633 549972 613410 687782 349393 288051 564060 202707 416869 114847 739921 865940 638055 492942 791468 782913 387537 587388 929108 423687 623555 941393 665820 369008 270085 186946 277398 831797 572005 974292 397193 561366 561185 148696 156771 477119 116495 421253 838879 490517 830702 823542 334341 681667 451185 499507 151461 760220 645849
238234 515504 562941 599922 305542 274081 678281 184058 219220 622686 375869 624056 292374 320104 803841 458640 174787 649949 774991 234612 703567 689821 628063 154104 683641 671416 235805 703215 999999999 568319 631563 215762 646064 297616 492069 583837 268578 206909 309098 436003 250161 55986 512820 794992 335336 271902 119896 369363 754604 128689 494266 895112 685667 628213 603225 571023 420347 275418 506535 636704 605692 594339 163140 238510 713141 206459 268199 836945 639315 241197 507130 532228 281692 266252 346838 678615 851597 469824 319963 589216 271148 689714 635940 415770 607201 571063 609313 596512 371252 191252 511198 639881 455960 827994 81551 308667 363922 697494 520993 59989
787816 329160 676415 415187 511300 841217 552308 435904 645881 82120 202347 60822 276910 538125 485766 362336 393554 537555 463432 562214 348713 899384 75181 555357 343931 870935 687118 475038 568319 999999999 790629 706270 173696 849191 779331 590497 336482 485491 793220 151050 638882 538432 625535 501215 237523 826482 590684 259255 191567 472539 705725 418945 126768 141190 213810 125655 423990 297023 431831 95939 474604 269816 704514 676778 145783 518609 468424 322087 883495 702038 684888 161562 849488 716317 456043 673534 493843 262563 493237 845669 793850 774852 863783 733754 518326 338831 41160 459303 222190 592300 60119 360009 410276 342808 498735 281907 204407 348839 311806 515051
792375 472470 114459 429566 900713 747727 348236 518443 850571 872744 642853 806369 643372 923385 578666 428480 634448 336617 563398 854542 597210 113678 864127 777873 579708 84915 863170 461702 631563 790629 999999999 833228 956792 827052 182254 222410 746849 454378 465156 660205 881446 673945 166450 548981 706340 802633 751330 558225 880750 704109 137451 808229 904703 925360 966573 688065 369973 686351 365163 779444 369739 998076 756507 426170 873291 813932 847930 833015 128679 865719 128796 885443 743168 425836 368277 205445 640795 528492 905888 130351 853613 98492 102079 244633 322043 488970 813391 379799 609835 820558 771659 1079858 979922 785751 665752 585668 686572 590060 974696 600354
123318 718800 773188 808992 265771 219948 892988 393114 79887 742688 539580 766283 452227 259466 1007640 666650 340620 864716 978645 174109 898755 879392 752254 151087 879917 864040 49034 912593 215762 706270 833228 999999999 738822 170794 678350 799312 370550 422620 436626 598421 114745 200132 725086 1001128 471015 159850 121695 556593 897830 240292 696113 1075280 808024 729263 678497 738409 633841 414739 719385 788637 818719 650053 85008 414183 850971 198831 270535 1004745 824261 40031 713053 624993 233053 428157 562126 893325 1051891 664207 289487 774791 92096 898129 824833 602285 822094 773630 746872 808907 544931 121677 646197 667356 455561 1004082 234088 488920 511056 893254 560100 268420
838626 501939 843247 588784 500605 907014 725762 551638 667379 100057 331538 189754 378859 522432 644229 530676 478320 711234 624366 573914 510269 1063429 116309 591294 508517 1035341 709407 645347 646064 173696 956792 738822 999999999 898278 931207 761925 381758 611389 908745 298962 650320 604647 790650 662895 318577 878751 636574 407319 250820 529611 864116 530856 126155 32511 78387 297214 587300 374820 602804 235487 648291 139386 756691 797016 203049 540330 473649 420638 1043727 725273 846107 115212 917010 836520 608602 846618 643379 432184 478126 1003572 830530 945665 1025291 879238 691814 512448 168786 632982 360471 617729 185573 215565 345914 459197 567474 408092 307448 511517 221870 601845
61433 809550 788906 888022 436505 89055 951544 478603 250651 893439 666999 907624 580545 429984 1095999 749444 462359 923258 1067381 344289 1000160 851563 901464 307560 979983 841308 215211 990023 297616 849191 827052 170794 898278 999999999 654393 838921 520638 484873 377531 727252 283677 313071 748910 1085140 611678 26891 262191 666771 1039435 376965 695542 1192498 958364 886285 841666 864958 702501 552324 788895 925028 886206 816612 144677 403514 994963 363822 438148 1131869 791821 200893 720020 783366 99402 401323 623238 924336 1145842 767107 460143 745176 87631 905241 797877 583468 880419 865194 890304 878765 665853 288926 789881 837249 626117 1124776 352762 604530 647186 993949 728252 357568
624404 499633 203560 495106 783563 572175 459584 421850 706105 859673 601098 808017 577113 803047 682291 438491 536576 439217 661484 724679 665771 201104 854509 644942 645511 187567 713072 558143 492069 779331 182254 678350 931207 654393 999999999 315289 658670 352562 284874 633901 740235 541121 208562 656388 643548 630988 610726 524296 903892 585609 98076 887716 902625 901977 926128 697701 365186 609851 401519 790421 448046 947124 597521 264177 886182 689709 735351 890439 147319 713557 135081 843412 566732 255106 323624 349628 744986 531842 792601 97251 688369 275641 146532 76583 409471 533820 809274 452624 570940 683235 747575 1020938 890768 851135 541421 529951 634990 658169 907631 473259
791794 262538 119663 207391 799777 773829 144440 423366 795487 671750 472750 598596 497447 825939 369343 234644 526158 124335 350473 774710 375082 335905 661297 707419 357360 307282 818035 246866 583837 590497 222410 799312 761925 838921 315289 999999999 617558 378260 533858 475777 818976 611261 110283 342237 552108 812375 695438 387978 663269 617222 217614 588998 697116 729694 782047 478914 201625 548067 159203 567720 147476 821143 735911 448553 659440 727775 743317 610622 343455 824551 180264 704321 773012 467400 245770 100476 432211 330083 799388 325411 842650 184748 318046 330126 100800 270341 608526 157408 439601 754682 580636 907786 840640 563774 590720 434080 522647 367874 812730 536258
459999 434841 648609 539667 203749 525315 658257 236827 309689 373356 197816 396925 127430 232576 705137 408919 124589 633025 676953 230442 578393 833405 382214 219463 562986 809108 350722 637026 268578 336482 746849 370550 381758 520638 658670 617558 999999999 306112 557319 247793 305242 223552 591444 706970 108965 499769 258691 254112 527954 147857 622359 725270 438541 367094 334889 384248 416627 73304 483182 422303 573051 327043 377126 458484 480571 183838 149238 644462 796034 365576 619205 266707 535257 495484 383547 717746 737574 360570 194819 748421 459560 773861 784712 590699 595925 481591 376771 559278 217717 255933 276368 380407 233772 650999 187813 189993 154032 574447 261253 233219
430796 331743 370095 403479 446363 436969 472385 69335 417642 557628 285218 529838 236144 469341 613150 267479 184774 444006 584846 405026 527569 531885 557179 332689 506481 509040 439811 505164 206909 485491 454378 422620 611389 484873 352562 378260 306112 999999999 309040 335008 442618 233503 316151 600990 301909 458019 317326 234142 649741 250766 322604 735859 612045 585682 592672 445191 217815 260614 304358 528062 402512 605507 365190 191588 617848 361700 393698 695941 491403 446563 325683 511110 440109 230981 140659 474789 665365 306241 451664 443151 473645 498540 481500 285473 401140 386692 522758 394431 263361 378822 439673 673994 538528 676058 216545 205437 304145 520771 558276 158150
357133 609858 452726 652058 612134 291590 669491 359029 484911 862958 591425 838754 530130 623881 862268 540903 438188 643436 836472 532617 804080 476309 863632 454068 782503 468204 479545 741105 309098 793220 465156 436626 908745 377531 284874 533858 557319 309040 999999999 643462 523565 365050 427641 842847 590880 356319 406514 542847 958429 434345 346060 1022827 919315 885356 879930 752472 471281 538189 545173 836837 626731 881912 351633 118120 926884 512606 577234 995069 415645 475674 377845 801642 284846 80488 393582 600127 921237 603915 627954 370406 424627 552985 423493 222876 604015 659906 831127 624782 571641 479074 745010 937391 763460 969463 385058 511492 603063 796700 818006 325799
665991 231683 547646 334543 447984 709991 468650 288458 548253 227446 60304 195950 147164 476697 467703 241134 264896 448384 440642 476629 335473 765362 224582 451564 322042 737475 587219 418645 436003 151050 660205 598421 298962 727252 633901 475777 247793 335008 643462 999999999 549160 414258 493762 473809 139284 703054 477958 109937 321746 358285 565165 479723 277816 268761 307539 140037 290255 185921 318162 201526 383993 345506 583763 526527 285125 428151 395916 406593 744785 600904 547374 228587 717252 565979 310455 567612 494527 152036 435361 704691 680797 656021 726498 585272 420316 263488 187753 368625 71846 494332 113836 433121 405342 406791 374721 134295 93835 332308 346703 379243
238024 701673 809309 799190 158025 333817 897099 397081 39745 665480 493928 699676 409795 147321 986724 657727 314552 869403 957848 77340 868596 939198 676786 112573 851240 921253 68564 901957 250161 638882 881446 114745 650320 283677 740235 818976 305242 442618 523565 549160 999999999 209813 757266 983821 413052 274357 130268 527690 829223 210374 744266 1028732 730520 644195 585048 687914 637320 363617 719373 727051 817693 551061 185246 480246 780281 121485 176861 949683 887538 83608 756195 539374 346841 501345 574368 916833 1025786 638116 182182 837486 199394 937030 885103 663683 827864 754398 678221 806290 505882 64469 579100 560868 347377 955120 228492 457945 456819 863802 458549 285340
251753 518774 599581 609132 250255 304561 696709 194633 184232 587780 354050 595986 267474 265788 807688 466720 149461 668606 778701 183559 700678 736926 594375 104352 681484 717556 208892 712732 55986 538432 673945 200132 604647 313071 541121 611261 223552 233503 365050 414258 209813 999999999 547459 801002 301784 289221 84599 360154 727550 77377 537321 883716 651819 588531 558024 552472 436622 241707 521300 612175 620570 545842 169680 292285 684108 151721 212216 819600 687988 217464 547636 489890 313771 321310 368595 708267 852577 465893 264200 637935 271070 727436 683475 465307 626330 573719 579591 610317 354242 147059 479863 588070 400887 814431 39808 294624 335016 694993 469722 75589
705338 314015 57260 290772 757641 679198 254003 373141 730211 707645 477132 643570 482147 782031 473783 264442 485670 231966 452941 721086 462322 273933 699487 648504 442784 245411 748604 349582 512820 625535 166450 725086 790650 748910 208562 110283 591444 316151 427641 493762 757266 547459 999999999 448165 543582 722806 629548 392195 724420 565697 110589 682397 741502 759327 800188 526507 203559 527588 208087 618784 240249 832280 655931 350193 713624 677021 702873 692487 264148 753504 74900 719182 677373 365006 208187 176238 536446 364301 760428 235338 760153 183940 241780 219905 200924 338510 649487 245821 443989 694023 605383 914798 822555 649903 532669 422630 521856 454801 811276 471936
1029426 282888 460574 197727 910659 1036936 201447 611044 972191 562964 511378 473142 582664 939454 32067 336431 669634 217950 38761 920399 152885 656464 546616 874058 157948 629880 1004938 101858 794992 501215 548981 1001128 662895 1085140 656388 342237 706970 600990 842847 473809 983821 801002 448165 999999999 605704 1058365 882102 457953 466727 774468 558323 277736 555017 632303 714523 378589 385759 635308 302054 427731 216676 770907 958105 739115 488975 870028 855241 342325 676642 1015650 521439 658500 1039300 767309 467363 348432 91877 347844 901236 664783 1066035 475628 650261 662029 247731 229423 494900 218077 489254 921756 527635 861222 877396 284639 768257 527436 561613 152385 802483 736636
550315 342433 600514 448348 309067 605801 574265 237278 415081 287353 94573 296414 66570 337845 602024 328025 162113 550723 574269 339069 472628 801939 293040 321024 458059 775817 455270 541495 335336 237523 706340 471015 318577 611678 643548 552108 108965 301909 590880 139284 413052 301784 543582 605704 999999999 589065 353737 167633 428300 235078 592369 616412 350609 297075 291519 275369 351529 60189 405744 317670 488265 304449 467002 481026 383286 291589 256634 537075 771404 469622 582862 211244 614537 520240 338248 650324 631926 264308 297244 726435 557273 720498 756918 582783 516680 384789 278626 473686 121284 361036 178310 377903 290723 542317 262317 120955 45521 469025 268500 286249
40264 783014 763189 861211 423953 74652 924697 452249 239381 871954 642767 884632 556590 419033 1069305 722741 438191 896407 1040701 330965 973899 828869 879692 289415 953678 818160 206648 963176 271902 826482 802633 159850 878751 26891 630988 812375 499769 458019 356319 703054 274357 289221 722806 1058365 589065 999999999 242177 641225 1016363 354890 670567 1166981 936739 866139 823358 840376 675627 529478 762014 901395 859315 799741 122693 378301 972264 347457 422557 1107140 769445 193336 694657 763683 86783 377190 596347 898099 1119275 741057 447291 722454 87274 880087 775019 559474 853564 838653 867622 851879 641058 274091 767359 822727 612788 1099532 329001 579449 623917 967662 712375 331784
202076 599358 680781 691688 212514 276709 781112 278862 100673 631921 418732 650064 331278 219821 887833 549242 218931 753040 858831 126502 777477 809230 640395 53661 758778 791098 124535 795232 119896 590684 751330 121695 636574 262191 610726 695438 258691 317326 406514 477958 130268 84599 629548 882102 353737 242177 999999999 435087 781915 119805 614089 953848 697014 624151 581928 617790 520942 295967 605316 670531 704512 560853 120565 352750 736139 117378 192473 884527 758044 133885 626449 521512 288109 376302 453173 792058 931220 543123 232010 707961 203670 808120 755218 534243 710818 653847 631609 694061 423382 73824 530877 590814 388470 882923 113844 367247 392199 772042 476527 159194
606732 180870 447661 285579 455853 638469 407446 199343 518909 337197 85561 298070 126888 484419 459368 160402 216724 383452 430587 462606 342725 660750 333707 420175 324509 633278 554137 383453 369363 259255 558225 556593 407319 666771 524296 387978 254112 234142 542847 109937 527690 360154 392195 457953 167633 641225 435087 999999999 415629 320921 457618 525757 385553 377751 409115 212186 191312 180890 238326 293994 321566 440140 527659 424940 384825 412255 399506 471308 637728 566105 441593 327428 644333 463912 201283 484766 498429 110524 448614 596640 631211 562022 620209 475383 349051 229523 293595 307258 52174 466971 223311 523665 458335 459090 323190 69769 134731 337497 424944 309652
978013 410410 767622 460582 696928 1028482 584395 608976 837105 176713 380417 131890 462261 722812 441580 465986 580567 578456 428616 752258 326093 993789 160969 746924 333471 964851 878455 480937 754604 191567 880750 897830 250820 1039435 903892 663269 527954 649741 958429 321746 829223 727550 724420 466727 428300 1016363 781915 415629 999999999 663342 819471 283977 124991 231493 325538 209129 538709 487168 516916 121725 524254 388342 894812 840442 51649 709487 656845 171893 988549 893437 792611 315741 1036291 879251 591081 727917 424748 372949 677572 956928 985244 844858 966033 869505 573046 392935 151241 510944 392088 783635 251668 465996 574954 217297 687753 455693 392534 330320 459727 699364
315725 491891 620429 588825 198297 377563 688278 194305 198159 517257 299293 531452 211940 219524 778266 447390 104897 660812 749318 157515 663526 775864 524818 99626 645429 754633 233414 691656 128689 472539 704109 240292 529611 376965 585609 617222 147857 250766 434345 358285 210374 77377 565697 774468 235078 354890 119805 320921 663342 999999999 570102 835204 581922 514559 481314 498207 429472 176530 510104 551028 607971 468470 232388 350981 618244 111375 150509 764801 730557 245828 575741 414559 387425 383581 371453 716614 819166 430632 207134 680928 323304 748873 723638 511628 619731 545133 513598 596346 305315 147359 413038 511466 329117 763810 49335 251781 272587 658379 392821 115011
658472 411093 110969 399161 767668 618836 362037 389059 713188 787208 538934 729904 527232 789623 584227 353774 505765 341287 563522 718721 570400 211124 780705 641448 550442 186917 725746 460123 494266 705725 137451 696113 864116 695542 98076 217614 622359 322604 346060 565165 744266 537321 110589 558323 592369 670567 614089 457618 819471 570102 999999999 791578 826307 833835 865542 616207 283591 566100 309309 709117 350547 891621 620070 292437 804771 679060 715925 797748 180312 728377 37509 783162 615179 296485 257652 260166 646935 450734 773867 139944 718532 210109 164557 124543 311436 441627 733196 355585 507113 683670 678836 969707 856130 756914 530404 473894 577923 562828 860270 464294
1132319 412982 708040 392610 918661 1162309 463762 719892 1027790 443493 536655 365111 623474 946678 245714 481961 735871 471978 251458 955450 223112 919628 425826 930572 244182 891878 1066364 347633 895112 418945 808229 1075280 530856 1192498 887716 588998 725270 735859 1022827 479723 1028732 883716 682397 277736 616412 1166981 953848 525757 283977 835204 791578 999999999 405212 507593 601456 341044 553312 665623 491048 323143 443471 664137 1052548 908394 328101 907513 870203 112459 932276 1079772 757229 574469 1167504 942841 629251 616887 196857 430787 902958 913372 1154249 744392 906617 876785 488212 364589 391030 436697 530543 973939 470337 746250 829088 76209 845464 589122 572036 230739 724914 835347
897353 434844 790246 507744 590219 956218 641263 561244 742291 65347 327925 98584 397803 614736 533700 477061 511356 630308 516256 653181 404783 1015230 57605 657245 406433 986533 784222 549972 685667 126768 904703 808024 126155 958364 902625 697116 438541 612045 919315 277816 730520 651819 741502 555017 350609 936739 697014 385553 124991 581922 826307 405212 999999999 106949 200650 218204 543018 410776 541133 133812 570241 263395 814107 803169 77114 613751 554866 294571 1002385 799680 803780 199128 965073 842745 580234 773589 526965 377343 569500 966087 897866 881789 981831 858935 616830 433214 93352 555538 348864 689986 176237 341681 455642 334532 612603 407823 323769 407171 337183 634629
826157 469511 811688 556304 497584 892091 693313 527253 659496 69536 303754 159454 355247 520564 614116 498794 458291 678735 593855 567266 479535 1032347 86603 580364 477351 1004196 701583 613410 628213 141190 925360 729263 32511 886285 901977 729694 367094 585682 885356 268761 644195 588531 759327 632303 297075 866139 624151 377751 231493 514559 833835 507593 106949 999999999 94307 264947 556120 354760 570610 205634 615781 157214 743703 772658 181743 531593 467346 398645 1013236 717347 815388 104837 901808 812242 578949 814170 614639 400091 475740 973432 820562 913537 994595 850972 659317 479963 137554 600471 331840 608853 154999 239374 351944 434818 550710 381374 282645 480625 231135 582281
783099 528223 854687 622191 431931 856153 759624 528794 604655 159327 326621 246550 356552 452251 698147 547723 443040 742802 676514 509783 561755 1069864 177090 534146 557596 1042369 646414 687782 603225 213810 966573 678497 78387 841666 926128 782047 334889 592672 879930 307539 585048 558024 800188 714523 291519 823358 581928 409115 325538 481314 865542 601456 200650 94307 999999999 338996 597101 341742 623329 293032 678754 62908 702493 771998 276036 479726 409716 492879 1045851 662378 850615 82715 866703 811011 607947 871360 702380 453130 408801 1003522 770564 963357 1028918 869487 719608 546192 222243 663273 358573 556846 203082 148123 269498 528209 522700 396468 291666 562161 144339 563786
803880 216780 573704 293174 579661 844028 429324 410587 687940 199446 199142 119745 286604 607997 365248 263057 403044 416059 341498 614413 227604 799447 186379 591520 220663 770634 727107 349393 571023 125655 688065 738409 297214 864958 697701 478914 384248 445191 752472 140037 687914 552472 526507 378589 275369 840376 617790 212186 209129 498207 616207 341044 218204 264947 338996 999999999 333153 325561 323496 92918 354381 393241 722149 634352 188653 566595 529950 267177 789314 740862 591418 279912 850692 672747 382136 556478 379725 165908 565044 755113 820324 663586 767920 661051 399963 217322 132069 339372 199775 633960 150229 483901 509995 267238 513198 262945 231100 226867 425353 512827
