NAME : synthetic_000643
TYPE : CTSP-D
DIMENSION : 100
GROUPS : 8
RELAXATION_LEVEL : 1
EDGE_WEIGHT_TYPE : EXPLICIT
EDGE_WEIGHT_FORMAT : FULL_MATRIX
EDGE_WEIGHT_SECTION
999999999 232890 151471 199750 864190 351485 748405 15389 316058 508272 703261 496857 321434 624137 219050 186738 338204 623620 359551 275973 214086 770415 572027 290693 630675 432682 751259 249312 645687 600982 302567 204439 702582 261297 266152 468215 511715 755254 706995 767084 359870 601737 528201 451319 71276 485996 632508 743806 394264 249211 710672 430990 432237 672345 360884 445380 487102 25000 341100 28882 467666 420239 611215 646455 396828 652761 689165 75469 257507 575164 328987 265430 380937 730210 378467 411605 229096 62890 351375 601830 761096 309640 299635 643642 585586 692336 234434 551983 510044 331605 882400 616619 633467 341914 250869 256337 413116 563300 425594 303885
232890 999999999 81622 91012 641210 538339 547488 221063 473267 320965 493911 481813 220425 662873 313347 414378 498393 653816 236929 249063 305017 537538 630887 62753 406704 489334 532380 475911 463444 471519 382436 334584 487174 444326 49271 245627 451289 584971 519989 556441 545732 368948 441261 556100 189822 347949 399978 586095 350937 256665 499177 330427 520435 535458 571688 497103 585836 207935 168313 251472 348266 282492 509255 456015 166933 457084 514794 186406 28530 356215 462628 179199 270230 530046 546330 180554 217413 242318 313153 471710 589733 529050 502077 473943 661760 460098 464832 336133 604664 551131 669907 633549 518513 271014 472640 23693 231496 350373 398079 368811
151471 81622 999999999 79479 717148 470838 612818 140088 407024 377968 562980 469665 239718 635499 257441 334744 438050 629200 259325 229118 257257 619090 596354 141649 485463 452599 606156 396746 525661 504547 342929 277400 562808 376599 120031 320461 455551 643351 578821 626329 478596 450272 464684 505906 111423 382162 481056 639565 344843 233067 569291 355932 474526 572546 497494 462183 537983 126584 219589 169923 374101 322231 531446 521509 246010 519494 574266 108526 106184 432841 402269 177713 288884 594952 484473 260464 187123 163271 302972 505022 642101 452150 429804 531164 622093 540955 383318 411384 558374 474278 740924 613178 554456 271729 392377 104918 283719 424472 387875 333512
199750 91012 79479 999999999 667147 539967 548992 192812 390190 309803 503573 398966 301506 574375 225820 386202 512167 566165 180073 161167 336213 592006 540682 148015 481830 398651 552990 448774 553058 425763 422373 354004 567356 446282 140115 274158 378562 675321 509848 567418 547983 421990 525794 465653 136857 303987 450240 677034 270791 310824 511126 415272 429530 494333 558882 406669 495047 177600 258918 208960 294788 371631 451986 544470 213422 453756 605007 132503 95454 435939 375823 99995 209405 530844 557518 229888 126660 185986 230387 426280 568924 509201 494368 564592 570922 507915 414775 417975 513737 531214 682780 547404 607426 194719 413284 102807 214515 433418 315879 412961
864190 641210 717148 667147 999999999 1176039 194271 855002 989128 387822 187498 736363 743685 923439 828464 1050577 1128333 901184 563955 690602 926842 231169 942614 598739 417062 860883 117470 1112992 622201 476644 984857 965577 468481 1082942 627253 396690 640999 703704 269911 137527 1183030 309456 845741 973202 803990 485634 277412 746986 664821 850800 174645 776353 925865 451505 1212898 856942 983023 840399 645776 875877 525647 703752 550754 590102 475249 266578 663521 799620 613392 464370 952567 639528 568366 206067 1177392 463509 709890 851867 672512 474789 325110 1169259 1142989 667162 993870 225969 1079482 486374 988613 1191382 100213 863278 829297 629814 1070824 617959 470068 496691 695098 965030
351485 538339 470838 539967 1176039 999999999 1083417 353061 542135 848249 1031907 827498 475827 915161 536555 207645 77735 920776 709949 624586 259173 1041262 852238 577309 863852 731171 1069879 177075 795091 952460 243931 213492 907845 94273 548795 783422 856037 868840 1048996 1094683 8579 884387 567304 706101 422744 836624 917555 838140 739330 350323 1037435 526117 706215 1023767 91560 745520 741987 368030 555834 357362 819123 564892 961084 809515 701369 990330 818919 426891 566814 801378 580812 616266 732285 1065624 58854 712585 578747 398983 697573 953303 1108529 127083 67225 773194 849202 978227 304612 774430 765554 128543 1208235 922984 682728 692646 361086 560695 753369 778492 764965 267311
748405 547488 612818 548992 194271 1083417 999999999 741803 826580 241315 68366 548837 699633 731186 674752 933947 1045878 708624 411675 536036 850417 342463 753207 520799 464784 680142 115504 996334 671655 284232 920912 882041 544154 989144 547929 311819 452790 775599 75827 59516 1091077 317138 847799 794040 681841 311829 297567 811360 490334 787735 74420 759768 746825 257493 1107667 674935 800974 726589 601491 754873 350088 686287 356994 641658 397412 96908 721997 677363 519030 491173 786219 498654 407924 18342 1093728 391675 563492 724605 504695 282357 142419 1058042 1041892 712978 805000 280556 945521 505215 804851 1080010 149415 670483 858072 468621 929348 526563 335640 520815 515104 903980
15389 221063 140088 192812 855002 353061 741803 999999999 330266 502278 695695 502630 306100 633662 228494 195587 336374 632671 356943 278114 203985 758356 582459 277938 616863 442318 742590 257997 630416 599819 293266 197455 688155 261599 252966 458640 514717 739874 701643 759456 361361 590009 513519 463651 71331 483592 620991 728424 397340 235437 702874 415883 443626 670919 366265 454814 499273 15291 326070 43968 466422 404852 612016 631300 386000 646491 673813 75104 246272 561037 342163 263211 379410 723655 377815 400546 230864 73655 354222 600625 757218 316591 303258 628275 596960 680986 248278 537704 522093 338650 874666 624896 618435 342451 265832 244631 407009 548867 430020 293640
316058 473267 407024 390190 989128 542135 826580 330266 999999999 601327 804765 356736 629311 380808 169362 337831 570241 390366 425803 300063 518731 963446 314269 535135 871362 218294 871866 367787 932593 585911 599576 493556 957528 484272 520836 633355 427873 1050087 763318 864957 550140 796662 843197 164336 302819 515476 820927 1044588 342856 565131 816301 742826 172277 653127 495234 232498 199910 329839 626386 287572 479031 722833 554813 927625 594064 732838 981221 304159 484633 826104 50412 363420 421317 808902 592190 611017 291216 261767 322227 587503 782593 432848 474974 937810 307199 873501 243448 807758 223430 446193 975247 400732 945701 359803 190392 490396 525541 822782 335075 606348
508272 320965 377968 309803 387822 848249 241315 502278 601327 999999999 205666 384279 505365 586741 441599 693147 815330 567864 176462 303145 625765 402297 589525 308737 409858 486883 270545 755436 582791 201772 702779 652845 506911 754143 332521 137448 299328 704276 200854 268292 856115 269327 690060 595131 440918 121827 276754 727633 286632 573666 216222 588228 548209 243877 868534 485315 609233 487008 414368 513902 159051 519213 270971 559054 203084 144796 638831 436440 293552 403851 565370 258348 181368 222992 862207 206196 325565 483291 287705 200920 269365 817810 804092 615205 637328 309657 704988 404976 617993 839708 382658 533832 728725 242498 690662 302858 95293 423872 324632 688189
703261 493911 562980 503573 187498 1031907 68366 695695 804765 205666 999999999 551019 636429 742114 647001 889769 991564 720475 381794 508293 794043 288256 758037 462872 397725 673470 77286 952335 603869 298721 862041 827523 479147 937729 490570 252492 456417 709066 111453 63885 1039397 249021 780283 785704 638808 298140 230388 744152 477423 728222 14239 693468 738368 287908 1060012 669667 795692 680630 537826 711725 338150 619854 375734 574054 338010 80786 654598 634351 465384 422957 767012 462963 383448 59419 1039835 330868 531123 683854 486101 296944 197619 1012265 992782 644962 808829 218111 908373 436858 801551 1034337 179333 683168 789714 444966 895671 472143 294942 452500 507708 844479
496857 481813 469665 398966 736363 827498 548837 502630 356736 384279 551019 999999999 699998 204098 290969 624297 829816 187414 271557 240586 700569 786543 207496 521089 770616 149657 627398 673956 906102 269350 791024 699983 868004 747069 525828 486272 96132 1031867 475207 600000 836066 646239 922968 260822 434688 263653 658253 1043666 132026 699838 564817 812144 217109 323387 806011 139335 259046 491372 645640 480751 225233 762238 214451 889383 498533 470468 961895 431986 471890 747876 306591 302645 240685 533808 865187 512288 284776 437619 168877 271216 465970 743890 764994 927977 257826 693926 569330 740153 259146 761823 695283 158255 997417 213374 527389 482998 360796 758788 83773 787370
321434 220425 239718 301506 743685 475827 699633 306100 629311 505365 636429 699998 999999999 873830 493702 442013 411434 866606 455567 462417 218957 577438 835980 200962 390008 692283 652715 491046 337446 679966 248912 268779 432718 395048 184025 390119 671672 437630 690245 692591 480820 435958 225219 742634 327726 558152 469095 423111 570221 125666 637503 116370 713108 739012 540324 701743 775634 302722 99020 349965 563622 101757 724469 345116 306925 621668 374563 326992 236711 327189 632392 397900 489341 684240 459646 309615 424201 368134 531140 679917 770831 519638 466972 328000 861653 527172 535579 300023 796550 539260 796588 848728 317510 491043 564847 225111 429912 303019 616544 226855
624137 662873 635499 574375 923439 915161 731186 633662 380808 586741 742114 204098 873830 999999999 405188 707658 933351 24253 471517 413826 837638 988411 69623 708964 973980 191474 819307 745053 1103380 447024 926690 826779 1071166 847282 709787 690138 289286 1228999 655625 785939 923449 850262 1098990 221471 574698 465208 861866 1238294 327788 854240 756215 988972 209828 484109 874690 178858 192173 625678 830493 601718 427940 945344 376000 1088054 698831 661406 1158648 573162 657342 949587 336423 486507 442358 717819 961260 713183 449647 561285 355881 448892 628440 811945 848745 1123004 106918 896207 623525 940805 173614 826172 872168 62666 1181357 406791 571195 667808 564343 959243 279233 927198
219050 313347 257441 225820 828464 536555 674752 228494 169362 441599 647001 290969 493702 405188 999999999 333974 541290 404604 265212 138909 432479 794426 354809 373372 704076 213826 710995 385927 776621 459892 521535 422619 791915 457379 362247 464582 328836 897196 616537 708787 545121 627342 716182 248979 173083 369750 651812 895705 219031 454374 657802 609907 220877 531037 517234 226366 282047 220900 474900 197671 337785 579638 446788 769301 425031 578957 827338 172323 321254 660652 150039 194892 267016 656670 575121 441984 122380 156306 184677 461228 647608 455868 474123 785518 372756 704885 293017 643393 303335 474720 821492 398544 810605 207484 262858 328155 360448 659069 233529 522104
186738 414378 334744 386202 1050577 207645 933947 195587 337831 693147 889769 624297 442013 707658 333974 999999999 233201 713137 537081 436390 247128 949137 645196 467792 796636 523677 937940 62583 779419 770709 301088 202395 859647 148351 441093 654216 659644 876173 890359 953619 216007 782271 606851 500693 252244 661632 813833 856013 544878 330372 897300 531011 499039 842739 185085 538062 536910 210197 491703 179367 639020 543325 770971 785912 580634 837891 815577 256720 440599 737756 374298 443175 554506 915698 254763 594783 393559 213972 504871 771744 940436 126972 142055 768806 643804 874205 118665 712741 560606 148129 1068981 715504 721722 507704 170772 438070 598327 721579 566091 315911
338204 498393 438050 512167 1128333 77735 1045878 336374 570241 815330 991564 829816 411434 933351 541290 233201 999999999 937019 688102 614109 202070 983820 873160 531148 801301 745266 1025206 222104 723141 933461 170609 164044 840850 86327 502804 740426 849757 793685 1015995 1053461 78775 831054 490558 731846 407698 814373 864413 762101 732319 287586 996224 453485 727074 1003754 167303 759251 768286 350328 496753 350139 800266 496135 948280 738709 656502 954820 745159 411469 526866 738532 604482 596259 713035 1028410 49204 666500 567055 393225 689533 934167 1080070 189830 118716 699792 874651 924686 344679 711400 792043 197010 1165614 936044 605639 678695 400240 519591 721636 714337 762141 194284
623620 653816 629200 566165 901184 920776 708624 632671 390366 567864 720475 187414 866606 24253 404604 713137 937019 999999999 457241 405131 836470 969011 86429 698494 958028 192301 797715 752124 1090519 424601 925926 827059 1055397 851159 700211 673612 269393 1216226 632987 763662 929118 832587 1091581 234361 572143 446135 843587 1226366 314236 850426 734604 981291 218259 460634 882451 178828 207230 624191 820895 601939 409422 936270 352911 1074666 684627 639835 1145989 570432 647336 934779 344578 476333 427346 695418 965939 698721 442572 560910 344320 426463 604816 819596 854661 1110909 128816 877033 631966 926532 190189 834290 849084 38742 1172272 394216 580470 657965 548210 945066 265313 925814
359551 236929 259325 180073 563955 709949 411675 356943 425803 176462 381794 271557 455567 471517 265212 537081 688102 457241 999999999 126698 516281 551892 457611 261178 505159 334885 446530 598104 634623 246134 602190 532784 601490 617787 272371 227813 220135 760383 358315 443746 718218 394761 670374 434633 288610 126693 413128 772940 144102 486718 392611 560405 389245 315721 718521 336660 453683 341924 386633 359145 114790 503301 273870 617848 227394 315140 690500 284286 218885 478201 391678 94284 34146 393434 732071 241670 152090 323253 126155 246724 403360 663782 659149 657192 499761 459273 535979 469341 465911 685173 557013 429772 735118 73492 517803 230491 104636 487840 192287 592194
275973 249063 229118 161167 690602 624586 536036 278114 300063 303145 508293 240586 462417 413826 138909 436390 614109 405131 126698 999999999 466236 668345 383359 297403 598375 244710 573158 494733 699491 335065 556262 471378 691178 536568 296335 338637 237187 824000 478967 569926 633092 505123 686940 328067 206930 234293 526935 829575 120534 459737 519230 576439 286278 407123 621145 250927 352598 264805 416947 267234 205868 531518 336561 687400 313981 440099 753397 203410 244795 562220 268474 77726 128944 517919 654246 330468 47487 225957 77161 336180 514559 562995 568048 715314 417302 576976 419512 548680 368523 583531 682590 386318 767530 72690 396438 254866 225668 565963 159617 550901
214086 305017 257257 336213 926842 259173 850417 203985 518731 625765 794043 700569 218957 837638 432479 247128 202070 836470 516281 466236 999999999 783094 786108 331584 604834 646303 824971 285077 549484 761796 90461 50705 651616 176099 303583 541869 702216 636901 824988 855177 264809 629039 359730 663157 266647 639348 662386 613364 586681 93878 798076 288909 645888 829696 321452 658784 699303 212363 296793 238745 630941 313800 786715 560485 457068 761569 580030 269036 332944 542470 538265 430601 544979 833285 251272 466308 419184 276908 543361 762275 893866 304035 248262 533317 799178 722713 358147 515604 722506 322700 966274 827959 474841 521278 400396 324540 534543 520169 624111 89805
770415 537538 619090 592006 231169 1041262 342463 758356 963446 402297 288256 786543 577438 988411 794426 949137 983820 969011 551892 668345 783094 999999999 991570 481414 203573 883135 228046 1009369 397330 567309 826190 827810 238751 952289 508083 330266 699671 472827 399707 289909 1047317 170065 639104 986340 722685 523280 142771 516822 683689 696916 275842 584980 940549 570698 1091830 883017 1004083 745445 487104 788477 561314 516657 645300 365172 378708 354655 435163 718768 513791 261355 936198 600090 569527 342233 1032822 362508 672239 774645 676526 565749 483436 1056838 1018940 442737 1038801 93205 1001333 287263 1014815 1078519 325312 934117 608909 625220 1004605 514177 447257 292383 724947 804290
572027 630887 596354 540682 942614 852238 753207 582459 314269 589525 758037 207496 835980 69623 354809 645196 873160 86429 457611 383359 786108 991570 999999999 680760 962769 143893 834618 680502 1081086 470147 874170 772486 1058992 786892 678995 682399 301707 1206153 678571 805741 860448 846290 1061038 152727 527108 470181 860404 1212773 314304 808261 771905 951970 146222 515161 809234 134319 122584 575531 799197 548266 431013 912196 404909 1067515 682569 677359 1135579 525968 628094 934297 271702 459277 431485 738763 899563 697729 414191 509207 335154 472034 660056 746661 785502 1098237 52607 898612 557607 923676 104173 760375 897721 114400 1147683 388221 504513 638022 556087 941723 268673 875896
290693 62753 141649 148015 598739 577309 520799 277938 535135 308737 462872 521089 200962 708964 373372 467792 531148 698494 261178 297403 331584 481414 680760 999999999 344335 541126 494064 528349 405485 479021 400172 367534 424440 484397 28514 210436 480879 528543 501377 523659 584291 314869 409334 613052 251825 357510 346903 532390 389083 267685 466617 299789 575895 538361 617393 548016 641776 265711 125643 311024 364763 242558 524959 396465 125505 435160 458057 248535 53350 293462 523158 222488 295324 504073 579947 135490 271067 304201 354599 478964 577300 578178 546106 418671 713905 407601 524302 273475 659905 600105 634781 676034 476515 307778 533978 45240 229208 287907 437559 383665
630675 406704 485463 481830 417062 863852 464784 616863 871362 409858 397725 770616 390008 973980 704076 796636 801301 958028 505159 598375 604834 203573 962769 344335 999999999 836394 369228 853700 209344 607771 637737 652484 97805 779020 365827 285323 698287 311774 497582 428178 869241 153070 435696 926442 596146 525224 167338 346587 648819 514142 390364 383842 884149 634474 922434 839630 950272 606027 310137 653084 555708 318217 680256 178195 284432 433981 257493 592870 389792 62856 853245 521887 532206 457104 849630 268103 588114 648472 629191 606657 589083 893903 848809 252942 1004404 195994 865090 90075 965016 914872 498670 927532 412254 575655 877649 386067 409824 90650 695995 615000
432682 489334 452599 398651 860883 731171 680142 442318 218294 486883 673470 149657 692283 191474 213826 523677 745266 192301 334885 244710 646303 883135 143893 541126 836394 999999999 747548 565691 944197 410248 735245 635390 931121 659602 537885 562694 237798 1068627 609232 727352 739586 729442 917268 114595 384581 375824 746755 1073510 200340 665272 686640 808362 68448 469432 697249 14622 122578 434570 657543 410290 335613 769629 362419 931989 552970 594733 998027 383259 488052 803881 168268 322072 313880 663955 775067 568822 271993 369821 208752 412050 609379 634325 665639 959620 172780 789983 450023 791570 131680 650194 828850 191827 1004770 262024 402030 497617 438092 809179 165795 735927
751259 532380 606156 552990 117470 1069879 115504 742590 871866 270545 77286 627398 652715 819307 710995 937940 1025206 797715 446530 573158 824971 228046 834618 494064 369228 747548 999999999 1000472 578518 375861 887624 861557 440573 976195 522446 286753 533149 675375 181069 62411 1077086 233727 776907 859025 689642 371728 207164 713907 549996 753213 63116 697797 811733 362226 1103300 744171 869984 727806 553758 761945 411936 624138 452642 547412 368878 157901 625982 685240 504158 404629 835658 522401 451426 118258 1074009 358752 592549 736784 556227 374074 257817 1058085 1034343 621638 885220 175757 963766 422484 876401 1080212 143901 760438 774875 512800 954173 509555 352928 436012 582002 868781
249312 475911 396746 448774 1112992 177075 996334 257997 367787 755436 952335 673956 491046 745053 385927 62583 222104 752124 598104 494733 285077 1009369 680502 528349 853700 565691 1000472 999999999 828095 829638 324422 236308 914210 147474 501326 716542 713905 920793 952287 1016188 184588 843113 642287 532120 314524 722059 874859 898301 600465 374032 959879 573441 535289 901703 132227 580245 567589 272683 546633 241540 698585 591327 827561 836079 642439 900205 862061 319002 502387 794120 408885 504445 614734 978076 231733 656431 452934 274861 561356 830714 1001423 69988 110429 815243 674898 935342 127572 768728 590989 89158 1131554 757008 758355 566596 184033 499601 660698 776911 619301 342305
645687 463444 525661 553058 622201 795091 671655 630416 932593 582791 603869 906102 337446 1103380 776621 779419 723141 1090519 634623 699491 549484 397330 1081086 405485 209344 944197 578518 828095 999999999 784563 552532 600187 164115 723318 414393 446582 847170 125765 699050 637072 798753 355203 271662 1018522 633450 685971 374523 145054 776313 456310 597372 269781 981202 820800 868330 950213 1047180 623781 307415 672712 709822 236810 851449 32183 409393 632623 56461 631370 458781 183965 925289 622368 666389 662935 767738 397295 676261 681588 747945 783710 790637 853410 796276 45446 1116746 404998 870015 178101 1065086 872182 706983 1064200 214024 696592 895250 450425 556523 159472 825313 528860
600982 471519 504547 425763 476644 952460 284232 599819 585911 201772 298721 269350 679966 447024 459892 770709 933461 424601 246134 335065 761796 567309 470147 479021 607771 410248 375861 829638 784563 999999999 846684 778916 703602 861402 497425 338627 173913 905868 208887 339118 960834 460869 879480 524732 529717 123641 461537 929388 244894 727158 312958 773695 478553 72067 954894 402886 526991 585102 597065 597139 133401 708207 78134 760734 394582 219389 840598 525573 448522 605135 539969 337268 220548 270819 976800 401006 377198 557985 275224 1887 199473 897556 899071 816738 522299 480456 751335 606727 528303 918275 427578 386636 925816 263061 722620 459642 251384 625605 253097 835728
302567 382436 342929 422373 984857 243931 920912 293266 599576 702779 862041 791024 248912 926690 521535 301088 170609 925926 602190 556262 90461 826190 874170 400172 637737 735245 887624 324422 552532 846684 999999999 106303 672555 186757 373451 609717 791789 625108 899925 921714 246986 680642 327101 748235 357031 723608 714016 595350 676615 134412 865072 282902 732753 913594 324077 747899 784600 302265 341477 325936 716980 327186 874075 568269 524076 834783 575096 359459 409330 574891 622117 518514 631729 904238 215963 531468 509325 365445 633337 847092 971953 324228 257122 529514 885808 773188 418510 547667 807990 338949 1030482 917912 443587 610146 466150 399924 613838 549227 714412 23695
204439 334584 277400 354004 965577 213492 882041 197455 493556 652845 827523 699983 268779 826779 422619 202395 164044 827059 532784 471378 50705 827810 772486 367534 652484 635390 861557 236308 600187 778916 106303 999999999 701123 126741 339117 576448 708544 687134 853215 889427 219715 671264 406373 643731 266029 657894 704494 663003 591712 144336 832186 339031 629749 848124 271627 648418 680205 208696 343198 225131 646594 364409 799194 611090 492729 791399 630611 269089 363015 590369 517066 443562 559710 864625 212534 502996 423903 266499 548353 779508 919021 253345 198198 583917 782393 765087 316969 563645 703703 272002 1001685 820846 522195 530929 362357 355610 559847 568734 626370 116308
702582 487174 562808 567356 468481 907845 544154 688155 957528 506911 479147 868004 432718 1071166 791915 859647 840850 1055397 601490 691178 651616 238751 1058992 424440 97805 931121 440573 914210 164115 703602 672555 701123 999999999 827650 442925 383090 796086 236252 583603 501945 912550 244491 427181 1018984 674223 622910 252130 278508 745396 558324 470291 399911 977397 727840 972745 934736 1043661 678482 367944 726644 653512 345419 776807 133058 378190 522755 196765 671244 473187 131426 941719 614069 629088 538378 887926 362306 678444 725925 724750 702442 674396 949262 899245 209124 1100025 265085 935865 151423 1058923 969538 558602 1025097 378132 671286 952357 468151 507272 139289 792836 649102
261297 444326 376599 446282 1082942 94273 989144 261599 484272 754143 937729 747069 395048 847282 457379 148351 86327 851159 617787 536568 176099 952289 786892 484397 779020 659602 976195 147474 723318 861402 186757 126741 827650 999999999 455904 689608 770461 805184 954930 1000560 102000 793471 512975 645589 332207 744472 826507 778084 653226 269815 943321 457939 640782 932420 145466 673650 682048 276307 469372 270044 728001 488962 872430 735453 607957 896092 751271 336227 472774 716996 518178 524517 640939 971352 118346 619433 490076 312677 610876 862199 1015096 137471 73018 704852 788355 887284 263145 690313 705810 152727 1114228 850654 629605 603211 317692 466801 659340 695474 681232 207613
266152 49271 120031 140115 627253 548795 547929 252966 520836 332521 490570 525828 184025 709787 362247 441093 502804 700211 272371 296335 303583 508083 678995 28514 365827 537885 522446 501326 414393 497425 373451 339117 442925 455904 999999999 238287 490455 535720 527022 551594 555777 342337 399223 605371 231359 374882 374565 536920 394217 241841 494497 288707 569628 558380 589191 545438 635073 241261 120710 287546 379599 236538 540480 407426 153719 461381 465569 228334 54274 312812 511245 224170 306355 531077 551568 163968 266169 283301 357845 497452 601647 550434 517783 424673 710445 435328 500357 291519 653845 572326 662977 679072 472275 313391 511828 42906 249781 304942 442068 357424
468215 245627 320461 274158 396690 783422 311819 458640 633355 137448 252492 486272 390119 690138 464582 654216 740426 673612 227813 338637 541869 330266 682399 210436 285323 562694 286753 716542 446582 338627 609717 576448 383090 689608 238287 999999999 413066 569236 300704 313316 790698 167383 559194 660968 410452 242193 188323 591127 368298 476150 256211 461367 616221 380413 816850 564299 681122 444172 293626 481195 270792 390036 404959 423801 85678 231665 502832 406184 217432 270754 606017 269935 251079 295645 788970 80522 342251 460142 353965 337856 384311 772591 747636 478123 726176 240338 688922 269507 693673 794717 425283 642564 592562 300977 685634 222843 126335 288528 414009 592425
511715 451289 455551 378562 640999 856037 452790 514717 427873 299328 456417 96132 671672 289286 328836 659644 849757 269393 220135 237187 702216 699671 301707 480879 698287 237798 533149 713905 847170 173913 791789 708544 796086 770461 490455 413066 999999999 972510 379076 504342 864601 566544 889495 351820 443794 177528 575878 988035 117451 688605 470328 779139 306245 231747 844288 229670 353122 501705 606484 500438 142958 723280 127288 828136 437888 375697 903494 440380 436333 681002 379394 278570 186118 437870 888645 449936 284673 457829 160502 175761 372044 783663 796713 872423 352876 607855 619811 675896 354483 802942 599157 234620 955189 183926 583533 447883 291883 694835 96396 785314
755254 584971 643351 675321 703704 868840 775599 739874 1050087 704276 709066 1031867 437630 1228999 897196 876173 793685 1216226 760383 824000 636901 472827 1206153 528543 311774 1068627 675375 920793 125765 905868 625108 687134 236252 805184 535720 569236 972510 999999999 809195 736103 871524 464130 309314 1140962 748731 809906 478837 50672 902037 546842 701247 348128 1104396 939348 947894 1074873 1170184 734496 423774 783053 834552 336235 974118 145442 534913 744782 70604 746944 581891 301082 1044905 747124 792109 768483 835075 522574 799608 795202 873442 904950 900756 939466 877972 112315 1241300 499621 973117 299729 1188441 956945 794785 1189963 209589 822226 1002029 573127 681459 280713 951046 601999
706995 519989 578821 509848 269911 1048996 75827 701643 763318 200854 111453 475207 690245 655625 616537 890359 1015995 632987 358315 478967 824988 399707 678571 501377 497582 609232 181069 952287 699050 208887 899925 853215 583603 954930 527022 300704 379076 809195 999999999 133431 1056885 345168 854392 723537 638394 248163 331819 841781 423452 768830 124179 760417 676489 182889 1067785 603473 729227 686353 594309 711023 284418 688017 281169 670442 383471 69947 751671 633931 492072 515582 721428 449298 350022 64797 1062984 380900 510142 678249 441169 207006 91641 1015925 1004181 738258 730528 327228 894291 526178 732385 1037693 220193 594795 874754 409114 874916 500760 295651 543142 445208 884390
767084 556441 626329 567418 137527 1094683 59516 759456 864957 268292 63885 600000 692591 785939 708787 953619 1053461 763662 443746 569926 855177 289909 805741 523659 428178 727352 62411 1016188 637072 339118 921714 889427 501945 1000560 551594 313316 504342 736103 133431 999999999 1102126 287282 827478 840505 702693 354203 263349 773909 533825 787593 57272 744487 793179 316158 1123540 722849 849017 744405 593657 775609 393660 670724 413469 606282 398333 133301 685492 698236 527932 460484 826292 526200 443897 68864 1101868 390261 593846 747691 544794 337264 200335 1076006 1056094 679656 857179 236865 971981 476937 853868 1098083 115451 725751 830216 505308 958819 534432 358604 491311 561664 903738
359870 545732 478596 547983 1183030 8579 1091077 361361 550140 856115 1039397 836066 480820 923449 545121 216007 78775 929118 718218 633092 264809 1047317 860448 584291 869241 739586 1077086 184588 798753 960834 246986 219715 912550 102000 555777 790698 864601 871524 1056885 1102126 999999999 890845 569198 714157 431121 844899 924037 840438 747884 355442 1044871 529547 714449 1032121 93979 753940 750012 376311 561576 365864 827489 569196 969581 813451 708492 998088 822081 435261 574220 806713 588979 624571 740630 1073300 54334 719621 587230 407515 706115 961674 1116618 132944 75166 776459 857244 984680 312158 779733 773567 133261 1215598 931402 684386 701104 368622 568025 761273 783633 773542 270475
601737 368948 450272 421990 309456 884387 317138 590009 796662 269327 249021 646239 435958 850262 627342 782271 831054 832587 394761 505123 629039 170065 846290 314869 153070 729442 233727 843113 355203 460869 680642 671264 244491 793471 342337 167383 566544 464130 345168 287282 890845 999999999 543519 828350 552815 389656 33413 496852 533248 547792 243254 468025 783556 483350 930253 730673 848349 576819 339407 619174 423918 394948 535503 325865 208647 280935 406874 548871 344517 174126 771277 434173 416466 307863 880256 192455 505670 604689 520865 459635 436785 892722 858066 395960 891190 93840 831724 189658 860651 914583 373943 799896 543003 468108 834552 345418 291553 204316 577633 659987
528201 441261 464684 525794 845741 567304 847799 513519 843197 690060 780283 922968 225219 1098990 716182 606851 490558 1091581 670374 686940 359730 639104 1061038 409334 435696 917268 776907 642287 271662 879480 327101 406373 427181 512975 399223 559194 889495 309314 854392 827478 569198 543519 999999999 964530 546529 761864 572390 273107 792184 284120 777829 110834 936519 932305 650738 926848 998176 513358 284749 557043 772733 171334 931435 297939 487372 784452 273493 546344 453476 382080 850611 620331 704505 834970 529533 483987 649344 581823 754164 879177 941668 650138 584145 234620 1086037 619790 715840 359374 1019499 665629 917236 1073188 116642 711960 754227 442009 628599 349829 839278 305436
451319 556100 505906 465653 973202 706101 794040 463651 164336 595131 785704 260822 742634 221471 248979 500693 731846 234361 434633 328067 663157 986340 152727 613052 926442 114595 859025 532120 1018522 524732 748235 643731 1018984 645589 605371 660968 351820 1140962 723537 840505 714157 828350 964530 999999999 418708 487594 847657 1141702 309300 697220 798693 858777 47342 583081 659222 122201 36635 459408 721311 424934 447556 828085 475095 1008986 642040 707573 1070660 418589 559802 889463 127854 404914 417636 777697 755418 658493 343189 390327 310048 526540 723717 596989 639004 1030041 143144 893507 407404 874967 60378 609959 942942 251799 1059578 361186 353332 568111 539196 891815 279003 752521
71276 189822 111423 136857 803990 422744 681841 71331 302819 440918 638808 434688 327726 574698 173083 252244 407698 572143 288610 206930 266647 722685 527108 251825 596146 384581 689642 314524 633450 529717 357031 266029 674223 332207 231359 410452 443794 748731 638394 702693 431121 552815 546529 418708 999999999 414913 582345 742028 326521 281347 646770 442686 393533 601069 430553 396267 453051 57911 326074 73043 396392 420022 540774 630701 344846 585681 680514 4478 210114 544141 304797 194386 309671 663574 448905 360579 159603 52527 283300 530562 690823 377545 370574 636421 545816 641113 279451 522800 474994 399299 818139 562107 645088 271253 283181 211656 346202 535877 360342 354893
485996 347949 382162 303987 485634 836624 311829 483592 515476 121827 298140 263653 558152 465208 369750 661632 814373 446135 126693 234293 639348 523280 470181 357510 525224 375824 371728 722059 685971 123641 723608 657894 622910 744472 374882 242193 177528 809906 248163 354203 844899 389656 761864 487594 414913 999999999 398376 829438 179635 603524 311100 654646 440264 190395 844071 372625 498291 468594 477902 484741 40242 591078 170240 664553 283134 220904 742416 410623 325251 512875 474459 220566 107505 294479 858585 292058 270482 447676 193254 123897 280730 788543 785481 714897 518993 430999 653439 510555 505105 809750 461092 412005 813899 162554 630494 336453 134403 529609 210421 712379
632508 399978 481056 450240 277412 917555 297567 620991 820927 276754 230388 658253 469095 861866 651812 813833 864413 843587 413128 526935 662386 142771 860404 346903 167338 746755 207164 874859 374523 461537 714016 704494 252130 826507 374565 188323 575878 478837 331819 263349 924037 33413 572390 847657 582345 398376 999999999 513830 548905 581201 223161 499189 802372 479116 962951 747418 866645 607640 372732 649441 434177 426401 537554 344233 237549 270752 424434 578343 375047 197523 794260 457701 432968 289770 913616 221788 529713 633979 538781 460203 422974 924998 890872 416580 906218 60849 861570 215546 878276 946890 344950 810118 567736 486620 863332 376368 308863 228849 592118 693329
743806 586095 639565 677034 746986 838140 811360 728424 1044588 727633 744152 1043666 423111 1238294 895705 856013 762101 1226366 772940 829575 613364 516822 1212773 532390 346587 1073510 713907 898301 145054 929388 595350 663003 278508 778084 536920 591127 988035 50672 841781 773909 840438 496852 273107 1141702 742028 829438 513830 999999999 912784 525663 736941 325116 1106530 965838 919235 1080369 1171864 724026 420808 772053 852241 323677 995745 171583 550340 776094 90215 740522 585480 328293 1041834 753588 805394 803475 802138 539092 802704 786804 882417 928551 933422 913680 850476 115752 1246284 538470 956360 323148 1190758 930511 836511 1201292 166225 832203 987624 576086 698761 304523 961852 572655
394264 350937 344843 270791 664821 739330 490334 397340 342856 286632 477423 132026 570221 327788 219031 544878 732319 314236 144102 120534 586681 683689 314304 389083 648819 200340 549996 600465 776313 244894 676615 591712 745396 653226 394217 368298 117451 902037 423452 533825 747884 533248 792184 309300 326521 179635 548905 912784 999999999 577396 490180 681355 262128 314516 729872 199419 322602 384424 513771 383182 140360 630466 227958 760475 371121 400530 831850 323161 340157 622263 298865 172331 117234 473294 771352 385644 167897 340711 43385 246387 439834 669912 680665 797190 358012 590487 512045 613080 331753 689619 639748 288559 865476 81350 479973 351339 242114 631484 49068 670919
249211 256665 233067 310824 850800 350323 787735 235437 565131 573666 728222 699838 125666 854240 454374 330372 287586 850426 486718 459737 93878 696916 808261 267685 514142 665272 753213 374032 456310 727158 134412 144336 558324 269815 241841 476150 688605 546842 768830 787593 355442 547792 284120 697220 281347 603524 581201 525663 577396 999999999 731052 200646 674290 791948 415244 676575 732332 238088 209996 277564 600780 220132 760559 466790 390472 702844 488287 282338 281983 451488 577392 410425 518183 771235 336312 397444 415115 307456 535074 727421 843011 397160 342127 441486 826968 640804 434026 424443 754740 416161 896104 837775 395402 504738 470523 271803 487349 428192 619296 116276
710672 499177 569291 511126 174645 1037435 74420 702874 816301 216222 14239 564817 637503 756215 657802 897300 996224 734604 392611 519230 798076 275842 771905 466617 390364 686640 63116 959879 597372 312958 865072 832186 470291 943321 494497 256211 470328 701247 124179 57272 1044871 243254 777829 798693 646770 311100 223161 736941 490180 731052 999999999 692355 751364 301809 1066607 682947 808926 687857 538709 719601 351181 618656 389971 567304 341390 94825 647595 642322 470669 417377 778893 472647 395036 68461 1044616 333618 541299 692282 498259 311181 208680 1019357 999011 638855 822638 207868 917403 431996 814930 1041446 171808 697322 785210 456558 905354 477161 304062 447303 520915 847252
430990 330427 355932 415272 776353 526117 759768 415883 742826 588228 693468 812144 116370 988972 609907 531011 453485 981291 560405 576439 288909 584980 951970 299789 383842 808362 697797 573441 269781 773695 282902 339031 399911 457939 288707 461367 779139 348128 760417 744487 529547 468025 110834 858777 442686 654646 499189 325116 681355 200646 692355 999999999 829465 828547 601795 817686 891896 414042 176764 459827 664139 73765 823603 286860 385186 690607 293517 442154 342913 323700 747479 509503 594506 745887 497961 383542 539383 481098 643351 773467 845616 591447 530902 247360 977970 551849 633276 297763 912869 609137 840572 962596 202890 601172 667189 331415 522344 293346 728448 259264
432237 520435 474526 429530 925865 706215 746825 443626 172277 548209 738368 217109 713108 209828 220877 499039 727074 218259 389245 286278 645888 940549 146222 575895 884149 68448 811733 535289 981202 478553 732753 629749 977397 640782 569628 616221 306245 1104396 676489 793179 714449 783556 936519 47342 393533 440264 802372 1106530 262128 674290 751364 829465 999999999 537863 664880 77784 66362 438017 687092 407183 400218 795887 430630 970788 599745 660235 1033941 392974 522548 848472 126612 363730 371387 730447 753346 616051 304943 369973 264030 480349 677761 602121 639575 994024 153352 847617 413901 834629 84259 616440 895781 229022 1028979 315753 362214 531283 493654 851728 231742 735635
672345 535458 572546 494333 451505 1023767 257493 670919 653127 243877 287908 323387 739012 484109 531037 842739 1003754 460634 315721 407123 829696 570698 515161 538361 634474 469432 362226 901703 820800 72067 913594 848124 727840 932420 558380 380413 231747 939348 182889 316158 1032121 483350 932305 583081 601069 190395 479116 965838 314516 791948 301809 828547 537863 999999999 1026860 460887 582415 656125 652744 668884 204715 761067 110489 795329 445022 216061 876156 596896 511338 638464 606288 407966 291511 247686 1047442 449450 449203 629902 346394 70998 144922 969599 970759 855297 567753 489270 822925 642799 581700 990331 390008 421944 972562 335119 793549 522184 309157 661331 318454 901980
360884 571688 497494 558882 1212898 91560 1107667 366265 495234 868534 1060012 806011 540324 874690 517234 185085 167303 882451 718521 621145 321452 1091830 809234 617393 922434 697249 1103300 132227 868330 954894 324077 271627 972745 145466 589191 816850 844288 947894 1067785 1123540 93979 930253 650738 659222 430553 844071 962951 919235 729872 415244 1066607 601795 664880 1026860 999999999 711829 694059 381543 612349 359396 822695 634380 956051 880792 738051 1012637 895310 434963 599576 860728 538270 624265 737432 1089571 147877 750656 577726 397039 689955 955895 1121333 62935 73653 849056 801178 1023799 251825 834209 717159 50144 1238328 888239 766918 692094 306471 594968 773255 839840 750236 346589
445380 497103 462183 406669 856942 745520 674935 454814 232498 485315 669667 139335 701743 178858 226366 538062 759251 178828 336660 250927 658784 883017 134319 548016 839630 14622 744171 580245 950213 402886 747899 648418 934736 673650 545438 564299 229670 1074873 603473 722849 753940 730673 926848 122201 396267 372625 747418 1080369 199419 676575 682947 817686 77784 460887 711829 999999999 126168 446836 665401 423288 332383 778037 353136 937581 556766 590547 1004269 394848 495093 808048 182580 327849 314469 658927 789251 572462 280070 382562 210845 404704 601659 648907 680045 966224 166626 789824 464645 796162 132744 664797 823354 177466 1013431 264354 416608 504824 439140 813894 162206 748340
