NAME : synthetic_000377
TYPE : CTSP-D
DIMENSION : 100
GROUPS : 8
RELAXATION_LEVEL : 1
EDGE_WEIGHT_TYPE : EXPLICIT
EDGE_WEIGHT_FORMAT : FULL_MATRIX
EDGE_WEIGHT_SECTION
999999999 432895 557680 669814 348916 450514 718936 572771 743637 891880 283266 493236 744330 167596 336735 281266 715682 353023 709628 599804 288831 880669 638622 155542 72120 621951 967123 802251 732914 897665 925331 443156 950272 841007 527979 393535 359183 805185 358349 970291 637947 321021 254233 810502 523649 594847 370864 60165 786914 971785 206367 540362 573603 46784 433544 651124 734792 706489 893554 555904 1034151 296758 921607 424836 907653 108919 350991 334287 407511 422813 617867 990739 349261 196729 229053 936403 740336 363558 325186 386139 663843 590173 567553 224324 110345 466430 253630 519627 438554 999045 326124 526993 58995 435760 110549 260334 695374 848979 921900 863938
432895 999999999 164792 349818 85555 18359 290323 688617 414293 619435 551715 415820 418813 323118 419108 579931 717377 665158 283773 399119 176000 451945 205894 324618 465372 728512 672873 369902 333208 465035 765552 549665 808083 627530 378861 268767 221279 739271 404046 715357 266669 208597 182796 387628 124661 759008 632918 393703 736845 694703 328132 604974 506135 419469 60587 595617 329381 585392 709418 252419 831607 634363 515069 599507 533105 413880 673010 207304 432767 53626 187603 559708 107708 528948 375792 686720 373968 690977 181692 478373 238279 172755 651749 495546 521567 561335 488978 141191 207454 818032 606739 101327 378930 410316 328800 377361 650817 754855 490719 533823
557680 164792 999999999 435072 238366 149320 252739 851941 483235 699829 710967 570684 489661 474991 439538 737114 869784 822888 257956 529102 270206 333789 145896 474209 574610 890899 738131 297382 349537 381325 881131 714063 927094 732624 524364 260901 243384 879564 414513 797753 331147 260371 305910 257353 40245 923475 794478 529054 880287 767662 486143 766643 656852 553854 130149 743730 177358 720908 819948 367530 929769 788260 497524 764189 551704 512295 829756 250753 425238 213565 110955 483144 270788 680112 437247 773208 420224 847392 243861 643060 225774 208538 813850 652403 657080 725272 648810 245764 175398 924433 766347 82204 510334 571246 464799 426904 798420 888470 380685 588221
669814 349818 435072 999999999 384204 346900 275765 604376 73911 270420 636498 306833 75348 507399 761336 675208 531656 743979 256236 169859 504155 488489 324104 517514 726712 624847 324153 351918 169208 419009 453343 513720 501758 299884 229530 618579 570147 495078 749654 367425 107225 552143 481711 478144 411959 693733 682478 613094 505326 344887 479658 509194 342414 636211 405955 400581 496394 336513 389203 115319 494704 741822 307173 594517 248713 697754 757719 553200 781325 311783 349042 463201 353205 666971 699618 340529 101796 775663 524604 472133 247473 227811 554115 608578 717929 510219 581585 209082 552791 490673 679221 358802 611112 355807 561524 708529 446081 486912 494052 196283
348916 85555 238366 384204 999999999 103807 370769 632319 454422 646681 472611 381974 457730 239195 378528 499165 681872 584825 362454 396811 120073 537482 290988 239992 384969 674800 707481 453354 399178 548831 766304 489561 805542 638559 360172 257290 201889 718109 369400 739543 318352 173954 105795 472486 198704 697309 556440 308356 712278 724716 247824 554109 476294 334156 110270 567500 410276 571693 714903 274173 844070 551790 585615 531923 591605 337842 592007 178218 405627 80196 273134 642029 46296 445196 317175 708928 426789 609776 147156 416440 316593 245439 599349 414495 436072 503583 410455 189479 221100 824945 527982 185446 294085 364331 243559 324524 622475 740216 576182 577087
450514 18359 149320 346900 103807 999999999 274474 702915 409589 617126 569557 426775 414388 341456 427704 597961 727921 683124 268580 404104 189567 433675 188121 342976 482088 742329 668736 352812 321923 447765 768791 564744 811950 628834 387208 272586 227451 747026 411503 713552 259936 217931 199463 369274 109528 774159 650398 411777 745272 691599 346192 618442 516049 437526 59140 604981 311641 591970 711747 253499 832232 652575 501991 615710 523310 429686 691053 215625 438539 65016 169327 542953 125325 547263 388182 685417 366189 709041 191568 493842 223368 160414 665420 513623 539721 576019 506771 137845 206854 819879 624524 83159 396820 423385 346839 388602 660114 761287 472631 527917
718936 290323 252739 275765 370769 274474 999999999 838846 290633 499258 788722 532401 298468 589422 679824 822798 797330 903540 19712 428976 462600 220332 107193 594251 755143 867445 519377 93184 123337 185952 720459 723052 770312 563487 462723 505720 476360 770130 657901 594384 179318 479879 472919 202416 255299 923286 856414 674798 779171 555292 581279 744468 594064 700623 312614 664993 234389 610318 654014 281042 740719 884273 244930 793103 306594 704115 914261 474091 673816 296720 141912 272294 372160 787717 656944 575868 211394 932724 456310 664173 56866 133218 792030 742632 799817 726378 726584 218437 422117 747241 840251 217905 662776 561023 611207 653399 714226 762584 238482 367438
572771 688617 851941 604376 632319 702915 838846 999999999 648536 644408 304364 306682 643079 469922 880268 327502 200377 320279 820216 435691 691654 1058167 828559 481049 641816 49202 726213 929518 764280 1011199 516556 145461 513943 532350 379885 852739 798031 328932 892126 670858 666552 756380 634339 1022235 812420 90807 249975 527352 299933 703712 430652 95420 265955 527696 737659 248871 997199 349734 525434 558208 647905 368220 907636 150893 823750 674979 336058 767595 941384 638376 832888 1066135 589858 399436 772338 640504 705969 344356 739705 219073 789339 725012 51556 351255 515874 128904 319292 641504 845431 595226 288912 776534 548536 284143 541501 800462 246298 388839 1076337 715736
743637 414293 483235 73911 454422 409589 290633 648536 999999999 216990 702710 361964 7992 580827 829743 741777 555357 808077 272488 214906 573952 487886 359027 591068 800618 664634 259441 352303 169517 405012 430656 568920 480895 273372 285430 682173 635532 501814 816937 314825 153547 619679 553613 489858 464270 738967 744390 686779 516088 285259 552378 554536 382864 709782 468052 428339 522145 350838 363802 189043 453491 808633 260034 651606 182854 771313 822233 620029 847021 379809 387967 433540 425167 736910 770887 291766 81204 839960 592188 532845 275993 275025 597384 677495 790572 563244 649366 273218 612943 457070 743601 411530 684963 415856 635427 778940 468266 484757 485675 123184
891880 619435 699829 270420 646681 617126 499258 644408 216990 999999999 786952 429138 210300 724311 1025198 826407 493306 877089 482508 293906 766439 675525 575179 736378 955985 644343 83644 546410 375933 577763 255975 611607 305878 123123 370912 888085 838546 396310 1015432 97924 368969 818246 737481 690875 679648 732930 805201 832216 420330 80162 687920 562363 398388 852216 676231 396018 733416 295679 191233 372647 242515 892269 383040 696034 263429 937901 892894 820208 1048987 578791 604716 575739 610791 842548 955939 76691 289190 908896 790769 600906 491162 491349 594163 778523 917897 598051 744759 479285 823209 257353 816513 626636 835612 493007 790522 967776 412512 356697 662833 144620
283266 551715 710967 636498 472611 569557 788722 304364 702710 786952 999999999 358513 700323 242530 613400 39631 477470 115064 773753 504617 482664 989494 740218 247566 346975 352263 869668 881245 756825 974460 745580 205166 758505 703383 425589 629297 581497 588684 631185 844670 651257 538545 427640 933887 671287 313423 92062 251086 564717 861379 224858 299499 401414 243082 581829 452349 881083 534599 731295 543477 869440 106494 934568 153798 884531 391293 125609 551587 681144 515299 731641 1052172 444304 95393 503667 810744 730457 144082 530252 187436 732344 656903 312284 65134 212199 227802 63040 570308 647412 824615 55511 652514 275447 295588 288592 534163 482638 641889 1020650 805893
493236 415820 570684 306833 381974 426775 532401 306682 361964 429138 358513 999999999 357990 331911 714007 398098 301764 454420 513670 150364 475425 752108 528016 345285 563333 335618 511450 622847 459732 704952 432945 207271 460941 354980 77326 633385 576626 341326 715666 492488 360220 540709 425223 718904 533223 392853 386501 433527 332415 504939 288853 212067 95339 448828 472412 186526 701167 215373 400676 251556 541500 464488 613965 289659 544186 563667 469566 548814 760118 362394 535909 762933 335705 414814 619823 458249 408212 486495 517633 175577 483739 422143 259687 350311 498732 203462 315881 342164 602902 505843 391615 490672 443514 64087 408758 640916 241019 372265 769671 453148
744330 418813 489661 75348 457730 414388 298468 643079 7992 210300 700323 357990 999999999 581049 833597 739459 548428 805221 280278 210214 577409 495863 366214 591408 801763 658776 254384 360293 177473 412799 422708 564748 472933 265435 281715 686939 639980 494168 821043 308193 159458 623697 556370 497805 470326 733578 741150 687256 508576 279397 552120 549246 377282 710123 472973 421741 529796 343582 355878 190662 446133 806352 266123 647647 186314 773102 819455 624195 851449 383633 394960 440702 427878 735483 773908 284782 89195 837134 596189 529503 283384 281316 591869 675783 790222 558797 647365 277653 618193 449380 740818 417511 685729 412510 636389 782247 461304 476890 493558 120944
167596 323118 474991 507399 239195 341456 589422 469922 580827 724311 242530 331911 581049 999999999 412289 264154 581516 350013 577427 432302 240944 773058 523684 13444 234000 518004 799840 678275 585723 773789 764791 326944 792396 674750 361339 393298 342582 657798 422589 802916 485736 299547 185221 710683 436214 514071 332142 107981 642409 804197 44529 416426 417874 129367 344866 500967 649121 547080 729990 395450 870092 313271 773335 338327 749766 232587 355803 312193 471624 296619 509564 860910 220724 206004 306874 769083 583673 373128 289072 257768 532741 456635 452244 179991 215012 347770 184571 377227 405404 836836 297726 424192 112896 278932 78745 333244 549176 697160 809208 699624
336735 419108 439538 761336 378528 427704 679824 880268 829743 1025198 613400 714007 833597 412289 999999999 616211 989605 689757 679699 765673 258877 763260 574915 400354 293408 928857 1085309 736115 747993 820689 1130875 738851 1166159 1012290 715509 179230 204021 1053944 32642 1117700 685481 210672 295033 682560 426288 916445 703864 362526 1042084 1103207 454578 828498 807889 371248 374783 896847 585684 923651 1084223 652685 1217349 633071 921051 741212 950810 229443 687561 212080 72867 449964 542340 922618 415802 532525 109783 1086749 793069 699708 237955 670011 638312 586031 864449 550156 439890 759968 572298 557739 264554 1194425 660263 462646 338587 673966 338773 80017 948664 1086109 813016 951124
281266 579931 737114 675208 499165 597961 822798 327502 741777 826407 39631 398098 739459 264154 616211 999999999 507598 85911 808154 544227 501256 1021294 771586 267501 340198 374096 909174 915027 793562 1008690 781815 239484 793636 742125 465177 643127 597253 621668 635690 883594 688109 554579 447664 964210 697752 326529 91214 256932 597017 900677 251818 331202 439686 245146 607369 488287 908926 572182 768795 581007 906463 66986 972281 179674 923420 390181 93118 567816 685463 545482 761889 1087602 473108 84829 506987 849711 768622 111251 548037 226395 766244 690491 340186 84712 197569 261416 96594 604386 665890 861051 45453 681093 281755 335216 301522 537927 516798 675816 1053368 845390
715682 717377 869784 531656 681872 727921 797330 200377 555357 493306 477470 301764 548428 581516 989605 507598 999999999 514806 777697 368374 767407 1016144 812982 594432 787531 175180 569560 880821 700732 950633 324015 277061 315993 372065 347516 928252 871550 130196 995788 499760 618021 833455 713681 994899 833161 269233 441246 662319 100382 540043 537516 179031 213061 668938 774176 132340 989721 208384 344068 524574 455094 557193 811980 329074 711758 807691 531054 842644 1042757 663856 825534 988541 635815 567755 887376 472953 626700 540949 812090 329800 756217 705080 169643 510093 679628 253369 473695 633020 902950 400627 474849 788702 679624 321401 659543 912277 87213 190725 1025027 592563
353023 665158 822888 743979 584825 683124 903540 320279 808077 877089 115064 454420 805221 350013 689757 85911 514806 999999999 888442 603884 586255 1104503 855132 353155 404979 361570 960543 996145 869379 1089193 809357 270055 816035 785138 526122 725739 680976 636989 710895 927603 763720 638497 533115 1048495 783468 295588 75461 336186 610156 948737 337219 348301 481917 321599 693207 517366 994333 608514 803121 654828 937385 61404 1045052 191971 990681 461130 16560 651804 760301 629785 846198 1166137 558071 159466 581633 894255 839856 32078 632702 278847 847227 771875 345318 170561 256256 288230 177931 685168 750707 889128 64889 766208 361007 394354 384705 612838 537989 694162 1135711 906795
709628 283773 257956 256236 362454 268580 19712 820216 272488 482508 773753 513670 280278 577427 679699 808154 777697 888442 999999999 409334 457687 239602 112205 582593 747336 848530 504518 110255 106825 200781 701837 705286 751599 544987 443618 507122 475836 750473 658498 578080 159676 477585 465709 221908 257472 904915 840499 664493 759472 539777 568140 725728 574688 690277 309622 645363 250919 590625 635518 262185 723556 870044 242137 775916 296547 697562 899341 472303 675804 286866 147145 283489 361660 774423 653670 559034 193925 917811 453440 647006 45865 120834 773236 728476 788806 708341 711808 203928 424359 729387 824952 217059 653031 543050 601287 651055 694544 743106 256513 352378
599804 399119 529102 169859 396811 404104 428976 435691 214906 293906 504617 150364 210214 432302 765673 544227 368374 603884 409334 999999999 510073 647896 451111 444710 665502 455073 372861 512994 335832 586094 369600 355328 410020 248599 79331 653158 598497 352716 761051 370749 249659 569898 470899 627481 497016 525619 536742 539853 356844 373103 394690 340926 172555 559200 459694 236055 628670 192311 318922 163842 452236 611075 472254 438968 395488 652427 618802 574893 800377 348038 467715 633058 353752 552359 684578 337061 270757 635958 543622 325348 389065 343759 385038 489302 624150 348716 457219 283466 604462 429161 540503 447016 544540 209790 501438 700453 285683 359426 658087 302999
288831 176000 270206 504155 120073 189567 462600 691654 573952 766439 482664 475425 577409 240944 258877 501256 767407 586255 457687 510073 999999999 599335 368555 235110 305089 737396 827553 535978 508471 629067 878073 546205 915471 754953 465693 162048 106430 816357 251400 858826 434660 66100 57637 525977 238484 746047 572967 266647 807789 844649 268937 623336 570757 289983 153755 661778 446625 676778 828988 394122 960331 543052 691065 572638 705918 245738 590258 76206 290487 195455 342593 727103 157397 432436 200701 827923 543186 606666 48664 472642 412753 348738 665358 418815 392077 563748 425516 305442 164780 939220 537406 251585 245530 446010 205866 205388 715747 843128 643309 696334
880669 451945 333789 488489 537482 433675 220332 1058167 487886 675525 989494 752108 495863 773058 763260 1021294 1016144 1104503 239602 647896 599335 999999999 250012 775528 904259 1087453 675202 136734 321525 111857 915481 939277 966218 758557 683019 584740 575496 983019 735322 763318 398656 594159 626490 81346 361178 1141734 1062620 844911 993803 716747 772535 964114 814269 870551 447832 883898 181729 825001 847958 501122 916873 1079662 322955 1006496 433322 844201 1114029 584459 736548 477474 264349 192252 552582 977519 770502 751121 406949 1132364 577074 877805 269052 338191 1011795 938565 973133 943715 926574 425605 500942 931860 1042790 353953 828985 778365 779876 758764 932193 971045 51562 532494
638622 205894 145896 324104 290988 188121 107193 828559 359027 575179 740218 528016 366214 523684 574915 771586 812982 855132 112205 451111 368555 250012 999999999 526577 668625 861963 605473 167474 209214 260889 777446 701778 825732 623346 467158 399461 372380 802693 552216 672496 216987 379051 386529 196414 148971 908311 814992 599339 807905 638049 522523 736961 602338 625144 215228 681883 177563 641510 713107 288948 812157 829672 352117 764439 407668 613481 864433 372278 567057 227547 34959 358613 302988 727657 557496 650640 287803 882733 356894 636782 85289 107935 784990 688653 726871 708518 677226 187055 315363 812691 793873 117450 584817 544837 534537 552028 734329 802914 285775 453686
155542 324618 474209 517514 239992 342976 594251 481049 591068 736378 247566 345285 591408 13444 400354 267501 594432 353155 582593 444710 235110 775528 526577 999999999 221186 529282 811614 682527 593052 778135 778141 338576 805812 687608 374160 385270 335355 671157 411152 815396 493788 292303 180355 712228 435767 523848 338000 96405 655698 816313 57878 428710 431318 118717 344073 514358 649104 560479 743178 405029 883228 314478 780972 347928 759018 219144 358366 305115 460339 300122 511645 866064 223995 205925 294455 781597 592615 375448 282855 269955 537686 461759 464095 184049 207727 359614 191101 383466 399846 850106 302430 425367 100044 292374 65460 321115 562490 710590 812283 710284
72120 465372 574610 726712 384969 482088 755143 641816 800618 955985 346975 563333 801763 234000 293408 340198 787531 404979 747336 665502 305089 904259 668625 221186 999999999 690920 1029874 834775 778793 929357 995925 514277 1021464 908750 595327 381287 356244 877266 319084 1036251 687637 323154 282630 831019 543573 660196 431168 130053 859033 1036062 275040 611774 644928 118867 457033 723043 749668 777264 963080 611820 1103465 345701 967083 492743 959906 70705 400740 335580 366084 462739 645085 1025029 392834 255608 193677 1002526 792350 411299 333194 458126 701490 630036 638118 291330 149402 537652 322585 565100 438251 1069143 385619 553621 121142 506731 166104 223979 767465 920862 947671 922140
621951 728512 890899 624847 674800 742329 867445 49202 664634 644343 352263 335618 658776 518004 928857 374096 175180 361570 848530 455073 737396 1087453 861963 529282 690920 999999999 724683 957057 787948 1036560 498230 192042 491132 528396 405464 898835 843822 305358 940428 663669 692733 802423 680260 1054206 851668 94272 293723 576517 275410 699548 478237 125186 282734 576896 778870 249398 1032591 348732 513172 586405 629586 411996 924587 199343 836157 724161 376910 813467 989597 677512 867738 1087911 631630 447522 821100 634587 725773 383881 785240 264929 819329 757114 77295 400195 564132 173647 368437 675114 889628 575521 334291 814334 597643 320311 590130 849105 235912 365900 1103818 724532
967123 672873 738131 324153 707481 668736 519377 726213 259441 83644 869668 511450 254384 799840 1085309 909174 569560 960543 504518 372861 827553 675202 605473 811614 1029874 724683 999999999 553459 398414 571044 303953 695251 350214 197613 451016 941243 893816 465490 1073807 99211 412314 876295 802172 700155 721654 814187 888774 907819 491287 45061 764683 645272 482013 928457 727357 477444 752864 376704 246675 434132 252665 975187 364140 779674 244647 1008904 976316 877298 1105178 635936 637159 554305 674205 923786 1020786 106934 318431 992373 848757 683990 520221 531795 676278 860012 996789 681664 826622 531686 872364 283773 899792 669367 910170 575127 863932 1031037 491056 420508 656364 152205
802251 369902 297382 351918 453354 352812 93184 929518 352303 546410 881245 622847 360293 678275 736115 915027 880821 996145 110255 512994 535978 136734 167474 682527 834775 957057 553459 999999999 184884 95715 781542 815517 832123 624314 551685 558093 536001 846290 711710 637215 265049 545301 552219 146850 311059 1014658 949492 760356 857174 593147 671876 834800 681091 786216 382697 748723 216091 688419 714183 371313 788789 976058 226343 886091 319413 780619 1006720 537959 722189 382966 196046 191140 459058 878366 724045 622735 271150 1025175 523789 757170 148928 224576 882151 834384 886595 818446 818959 310996 472682 800974 933010 284854 747180 653207 696108 717527 796419 834535 146827 405915
732914 333208 349537 169208 399178 321923 123337 764280 169517 375933 756825 459732 177473 585723 747993 793562 700732 869379 106825 335832 508471 321525 209214 593052 778793 787948 398414 184884 999999999 250347 600170 661729 650405 442869 384523 582908 544923 661798 729781 471281 105666 539537 504963 320355 340874 852069 814672 682322 673260 433115 568545 668875 507339 707498 373238 569360 357550 504804 533256 216314 617427 858208 188693 738156 204875 736318 881682 536440 752125 319050 242532 303594 385960 770647 708866 452533 88840 900061 513434 610950 124492 162006 715130 718659 800654 661435 697200 213744 504168 624649 804718 292922 674455 499293 622465 710397 615282 649671 324942 246210
897665 465035 381325 419009 548831 447765 185952 1011199 405012 577763 974460 704952 412799 773789 820689 1008690 950633 1089193 200781 586094 629067 111857 260889 778135 929357 1036560 571044 95715 250347 999999999 824134 901863 875042 668705 631562 641674 623448 906377 795025 661990 344732 635306 646980 171329 399446 1097760 1041091 856036 919579 613643 766835 915991 757143 881896 475391 819537 265730 752165 756533 454788 816817 1070224 212855 974437 327035 874297 1100032 627331 802267 478673 286982 102106 554752 973323 814101 652077 326784 1118500 614753 845701 242702 318927 962808 928580 982311 903626 912422 404304 556185 835089 1025732 377489 842759 739051 791747 806220 864806 889442 85411 433335
925331 765552 881131 453343 766304 768791 720459 516556 430656 255975 745580 432945 422708 764791 1130875 781815 324015 809357 701837 369600 878073 915481 777446 778141 995925 498230 303953 781542 600170 824134 999999999 543280 50911 157338 415835 1022747 968071 196322 1128015 210269 560498 938948 836001 920513 853279 592502 733896 865943 226491 262572 721789 461947 354113 880260 826017 293609 948462 219021 67620 516963 131458 841045 637367 617391 518784 995981 825916 944232 1168555 715934 801812 829658 722789 822715 1044094 197216 511586 838668 912886 564413 699486 678614 475016 758710 920666 522776 721453 638763 972366 79787 758600 801003 876424 489753 841142 1062429 273334 137813 908053 396848
443156 549665 714063 513720 489561 564744 723052 145461 568920 611607 205166 207271 564748 326944 738851 239484 277061 270055 705286 355328 546205 939277 701778 338576 514277 192042 695251 815517 661729 901863 543280 999999999 554174 515701 284502 707290 652575 383719 749525 658245 559024 610924 488879 897538 674157 209432 195646 393088 360292 681134 286452 98334 213619 396805 596446 249736 865497 338520 533725 447620 669465 297792 820887 84928 750655 540592 286435 622134 798475 501016 702986 965287 448222 291721 632015 625123 614729 300967 594289 73822 670674 601993 126096 233045 402580 23708 196678 515862 700665 622780 215632 641014 412625 162886 400765 659391 277530 436742 961525 655093
950272 808083 927094 501758 805542 811950 770312 513943 480895 305878 758505 460941 472933 792396 1166159 793636 315993 816035 751599 410020 915471 966218 825732 805812 1021464 491132 350214 832123 650405 875042 50911 554174 999999999 207811 450743 1062563 1007431 185800 1164327 254068 608748 977251 871842 970700 898512 584994 740726 891423 215740 307629 748807 467754 376727 904644 868644 307045 997528 245601 118514 561472 147729 850851 687878 624454 569037 1024539 832575 982961 1205732 757737 849572 880265 761388 838955 1077130 244277 561922 844495 951520 581398 748469 725916 475759 775693 940211 532657 738255 683622 1014266 91185 767961 846516 903007 514791 869646 1096363 278169 125331 958944 447458
841007 627530 732624 299884 638559 628834 563487 532350 273372 123123 703383 354980 265435 674750 1012290 742125 372065 785138 544987 248599 754953 758557 623346 687608 908750 528396 197613 624314 442869 668705 157338 515701 207811 999999999 313467 891208 838224 273367 1006353 142548 406993 812512 718231 763223 706853 619030 711288 780843 297207 171415 634643 455786 303495 798424 687273 283824 792619 183270 90531 375354 205510 806263 488174 598294 372713 899315 801351 816456 1044088 580616 648900 679000 597636 767998 933008 109772 354253 816396 785642 515976 543986 527183 483406 703187 853530 499623 667555 494630 834952 191970 727314 653996 787628 418337 746767 948434 293763 236170 752128 248550
527979 378861 524364 229530 360172 387208 462723 379885 285430 370912 425589 77326 281715 361339 715509 465177 347516 526122 443618 79331 465693 683019 467158 374160 595327 405464 451016 551685 384523 631562 415835 284502 450743 313467 999999999 617023 560948 360664 713638 443311 287300 528641 421108 653929 488906 467585 460211 467828 358075 449291 321759 284542 135281 486065 438199 219402 643035 211684 373289 182307 511554 532075 536643 366370 468028 586829 540843 535143 755448 325491 478384 687122 314620 473297 628460 409221 330991 558169 503624 248431 416432 359657 331247 410077 547277 280699 377890 285509 576999 482495 462379 442657 474193 131800 433559 646595 274066 380077 698399 380876
393535 268767 260901 618579 257290 272586 505720 852739 682173 888085 629297 633385 686939 393298 179230 643127 928252 725739 507122 653158 162048 584740 399461 385270 381287 898835 941243 558093 582908 641674 1022747 707290 1062563 891208 617023 999999999 56788 972870 153625 983711 531854 96425 218635 504359 250528 904810 721045 391668 965600 963465 426068 785359 728611 410344 214496 819895 408822 828683 969976 518617 1096349 676931 749248 730141 787559 310900 727644 85921 169316 311180 366031 743669 302420 567330 202215 954673 636457 742801 116166 633933 467708 422692 827203 564293 503754 725223 575878 409722 85531 1079670 682508 291534 367394 606948 341632 182224 874339 996797 634209 800080
359183 221279 243384 570147 201889 227451 476360 798031 635532 838546 581497 576626 639980 342582 204021 597253 871550 680976 475836 598497 106430 575496 372380 335355 356244 843822 893816 536001 544923 623448 968071 652575 1007431 838224 560948 56788 999999999 916253 184896 933500 487298 43053 163726 496852 224950 851628 672791 350521 908873 914751 373442 729558 671866 370975 171974 763142 406052 772632 916031 467425 1043583 634224 717039 677595 748555 287736 683706 30615 211492 259980 340655 724752 246510 523889 195579 903971 593560 699381 59495 579045 434292 383223 771742 516811 468246 670176 526447 362333 82310 1025905 635425 258791 326985 550288 296330 183553 817566 940532 623410 754978
805185 739271 879564 495078 718109 747026 770130 328932 501814 396310 588684 341326 494168 657798 1053944 621668 130196 636989 750473 352716 816357 983019 802693 671157 877266 305358 465490 846290 661798 906377 196322 383719 185800 273367 360664 972870 916253 999999999 1056518 385982 593552 881308 766549 971998 845879 399313 562243 748640 30292 431206 613281 290954 246374 758578 798813 157438 980039 161200 225944 516554 326347 675505 746696 447145 637476 889395 653435 889020 1101315 686035 820270 931949 671974 674450 956989 362809 579750 664428 857674 422729 736150 695937 293087 613411 781687 360883 576097 634945 936969 271218 592529 797364 763314 381233 736517 979469 109858 60556 985509 513995
358349 404046 414513 749654 369400 411503 657901 892126 816937 1015432 631185 715666 821043 422589 32642 635690 995788 710895 658498 761051 251400 735322 552216 411152 319084 940428 1073807 711710 729781 795025 1128015 749525 1164327 1006353 713638 153625 184896 1056518 999999999 1108837 670707 197515 292585 654404 403274 931030 722271 380131 1045527 1092866 463779 837505 810174 390573 356842 899854 556850 923159 1079947 642810 1211720 655107 900350 755318 933439 252941 709278 196983 49986 437871 519132 897068 408762 552705 129310 1078320 777637 721895 225054 679584 617909 568119 874599 567282 463642 770182 587897 544061 239118 1190191 679250 441736 355748 678010 351578 98062 952312 1087107 785365 937537
970291 715357 797753 367425 739543 713552 594384 670858 314825 97924 844670 492488 308193 802916 1117700 883594 499760 927603 578080 370749 858826 763318 672496 815396 1036251 663669 99211 637215 471281 661990 210269 658245 254068 142548 443311 983711 933500 385982 1108837 999999999 466867 912081 827687 782878 777467 755833 853820 910248 413727 54559 764585 597067 445803 929086 772689 423760 828763 324214 160510 466410 155621 948086 459001 740798 338521 1021880 943796 914463 1143337 673530 702308 650567 702262 907052 1045530 34259 385658 958896 884680 657244 588191 589271 622881 842371 989071 642133 807224 575797 919966 184576 869518 724430 915274 556419 871979 1058459 427758 335806 747392 231364
637947 266669 331147 107225 318352 259936 179318 666552 153547 368969 651257 360220 159458 485736 685481 688109 618021 763720 159676 249659 434660 398656 216987 493788 687637 692733 412314 265049 105666 344732 560498 559024 608748 406993 287300 531854 487298 593552 670707 466867 999999999 474812 422459 379086 310898 753044 709167 585286 601419 438790 466214 571427 416080 610032 317360 485688 390576 432903 496423 111683 599718 752931 288358 634157 273993 649834 776048 473941 698474 239425 241919 407075 297349 666614 634731 442061 108555 794422 447605 506418 142914 122639 618425 613762 700672 559775 591823 129258 460487 597369 699054 258053 579076 396202 527452 639824 534988 589506 411448 268237
321021 208597 260371 552143 173954 217931 479879 756380 619679 818246 538545 540709 623697 299547 210672 554579 833455 638497 477585 569898 66100 594159 379051 292303 323154 802423 876295 545301 539537 635306 938948 610924 977251 812512 528641 96425 43053 881308 197515 912081 474812 999999999 122213 517176 236181 809154 629789 309439 873124 895475 330721 689060 636047 330518 168233 727172 430155 740135 888447 445760 1018023 592271 716570 634902 741203 256600 641412 13479 231757 240360 349271 735639 216183 481809 178825 881866 582478 657208 27539 537531 434391 377616 730797 473908 429140 628805 483397 347198 117541 998568 592550 262451 286261 512054 254028 173527 781285 907172 640749 740691
254233 182796 305910 481711 105795 199463 472919 634339 553613 737481 427640 425223 556370 185221 295033 447664 713681 533115 465709 470899 57637 626490 386529 180355 282630 680260 802172 552219 504963 646980 836001 488879 871842 718231 421108 218635 163726 766549 292585 827687 422459 122213 999999999 556452 270400 688409 517316 223197 756949 816648 211595 566999 520334 247945 179479 610910 483233 630679 789241 368319 922929 491945 691319 515069 696253 232451 537775 133256 335423 185929 364312 742399 128509 381698 218652 795974 530535 554527 106249 415404 419961 350422 608595 364402 351182 506628 369558 294342 220415 899426 482683 273113 204569 392575 159356 230863 664363 795369 668136 676751
810502 387628 257353 478144 472486 369274 202416 1022235 489858 690875 933887 718904 497805 710683 682560 964210 994899 1048495 221908 627481 525977 81346 196414 712228 831019 1054206 700155 146850 320355 171329 920513 897538 970700 763223 653929 504359 496852 971998 654404 782878 379086 517176 556452 999999999 287599 1103237 1010285 777320 980430 739534 713404 929627 787883 802737 376989 862700 100724 811755 853606 472022 933389 1020653 365937 960837 465561 769501 1057272 507049 655240 418744 202322 265292 491909 916325 692258 767435 409070 1075461 501213 833076 238684 297241 977608 880530 905791 903740 870847 381796 421073 943633 988024 287098 760361 739339 712334 679697 913161 964998 132529 551849
523649 124661 40245 411959 198704 109528 255299 812420 464270 679648 671287 533223 470326 436214 426288 697752 833161 783468 257472 497016 238484 361178 148971 435767 543573 851668 721654 311059 340874 399446 853279 674157 898512 706853 488906 250528 224950 845879 403274 777467 310898 236181 270400 287599 999999999 883545 754496 493054 845850 749488 446527 727598 620456 518093 92078 708044 213816 688121 793151 337364 906114 749449 499474 723968 545220 483025 790495 227914 418559 174158 116057 500286 230558 641686 414811 751884 405707 808189 216950 603014 220289 189863 774692 613054 621359 685538 609031 215063 166930 898822 726630 53157 474952 532332 428469 406895 762910 856382 406158 573487
594847 759008 923475 693733 697309 774159 923286 90807 738967 732930 313423 392853 733578 514071 916445 326529 269233 295588 904915 525619 746047 1141734 908311 523848 660196 94272 814187 1014658 852069 1097760 592502 209432 584994 619030 467585 904810 851628 399313 931030 755833 753044 809154 688409 1103237 883545 999999999 237774 556074 369261 790422 478802 184695 356633 552275 805081 336913 1074061 437493 606764 643592 723854 351944 997790 176024 914531 701266 309388 821018 980842 710442 910839 1154593 656836 407363 807055 726216 795446 313069 794620 281140 872684 806463 142355 370657 523374 199997 344663 721564 904498 669738 282589 850322 579017 363972 579754 836453 328486 459868 1161363 806423
370864 632918 794478 682478 556440 650398 856414 249975 744390 805201 92062 386501 741150 332142 703864 91214 441246 75461 840499 536742 572967 1062620 814992 338000 431168 293723 888774 949492 814672 1041091 733896 195646 740726 711288 460211 721045 672791 562243 722271 853820 709167 629789 517316 1010285 754496 237774 999999999 342193 535686 875948 310450 272972 408566 332751 666421 442011 961883 533736 727961 598712 861977 118330 986384 116511 927242 479614 92021 642756 772189 593451 808715 1114486 525213 175566 594266 820623 780212 105489 620849 211785 800787 726594 271603 157180 288533 213159 147953 639117 737539 813667 45842 732760 366737 328695 380624 624947 462629 619119 1091463 839648
60165 393703 529054 613094 308356 411777 674798 527352 686779 832216 251086 433527 687256 107981 362526 256932 662319 336186 664493 539853 266647 844911 599339 96405 130053 576517 907819 760356 682322 856036 865943 393088 891423 780843 467828 391668 350521 748640 380131 910248 585286 309439 223197 777320 493054 556074 342193 999999999 731052 912064 146206 489019 514938 25860 401398 593737 706322 647232 833649 499909 974191 285405 870853 382581 853018 147779 336951 322917 430078 378105 580791 947079 302834 176778 252745 876340 686080 351601 308515 332562 618953 544129 518645 187643 128479 415945 211477 470164 425699 939369 299624 491157 24858 376679 65044 283111 638969 791423 884407 806406
786914 736845 880287 505326 712278 745272 779171 299933 516088 420330 564717 332415 508576 642409 1042084 597017 100382 610156 759472 356844 807789 993803 807905 655698 859033 275410 491287 857174 673260 919579 226491 360292 215740 297207 358075 965600 908873 30292 1045527 413727 601419 873124 756949 980430 845850 369261 535686 731052 999999999 457975 597887 265840 237082 740203 795901 146053 985445 168913 254256 520210 356633 649781 764386 421203 656979 873139 626555 881198 1090895 683383 824358 947970 666020 651746 943744 389718 592801 637232 849980 402604 743459 700600 265437 591447 760282 337152 554281 636827 932137 301503 566898 798168 746387 368215 721148 966835 93542 90702 997750 534151
971785 694703 767662 344887 724716 691599 555292 703712 285259 80162 861379 504939 279397 804197 1103207 900677 540043 948737 539777 373103 844649 716747 638049 816313 1036062 699548 45061 593147 433115 613643 262572 681134 307629 171415 449291 963465 914751 431206 1092866 54559 438790 895475 816648 739534 749488 790422 875948 912064 457975 999999999 767533 625902 467538 931918 750559 455030 789431 354266 208456 450544 207716 966081 408097 764871 288115 1018041 964722 897093 1125649 655492 668965 598796 689565 919351 1035213 68460 350248 980358 867960 674534 553056 559995 654587 855067 996555 666359 820819 553883 896777 239053 889131 696786 915628 568996 870649 1046671 464320 383681 699031 188344
206367 328132 486143 479658 247824 346192 581279 430652 552378 687920 224858 288853 552120 44529 454578 251818 537516 337219 568140 394690 268937 772535 522523 57878 275040 478237 764683 671876 568545 766835 721789 286452 748807 634643 321759 426068 373442 613281 463779 764585 466214 330721 211595 713404 446527 478802 310450 146206 597887 767533 999999999 373963 373761 164539 356992 456490 657137 503697 688055 370370 828428 307348 754568 304182 724919 276802 344880 342839 512419 295239 511209 850964 221628 206494 350203 730608 560377 362850 317587 215806 524413 448063 410921 167437 238274 306609 163141 365184 431313 794375 280297 429342 154686 234793 123274 375996 504648 652825 806558 669255
540362 604974 766643 509194 554109 618442 744468 95420 554536 562363 299499 212067 549246 416426 828498 331202 179031 348301 725728 340926 623336 964114 736961 428710 611774 125186 645272 834800 668875 915991 461947 98334 467754 455786 284542 785359 729558 290954 837505 597067 571427 689060 566999 929627 727598 184695 272972 489019 265840 625902 373963 999999999 173333 493825 656438 174472 907405 272858 460592 463578 591238 384646 813127 156815 731195 635970 364847 699536 885829 553510 742560 970735 510103 388819 723156 565322 610857 377039 670412 158818 695550 632431 48029 331172 500686 74640 294971 550043 771374 541721 301641 689597 507731 195517 492497 749656 189698 346631 981626 625584
573603 506135 656852 342414 476294 516049 594064 265955 382864 398388 401414 95339 377282 417874 807889 439686 213061 481917 574688 172555 570757 814269 602338 431318 644928 282734 482013 681091 507339 757143 354113 213619 376727 303495 135281 728611 671866 246374 810174 445803 416080 636047 520334 787883 620456 356633 408566 514938 237082 467538 373761 173333 999999999 527919 563904 91322 778316 135990 331639 315873 471575 503141 642454 297717 558051 650462 498062 644125 854948 452515 613628 805613 429998 471783 712138 412361 443087 513333 612922 214897 549684 494714 214629 407170 566783 199682 370373 420507 696884 430631 423827 575670 527146 138968 496027 733981 146181 280074 827208 452627
46784 419469 553854 636211 334156 437526 700623 527696 709782 852216 243082 448828 710123 129367 371248 245146 668938 321599 690277 559200 289983 870551 625144 118717 118867 576896 928457 786216 707498 881896 880260 396805 904644 798424 486065 410344 370975 758578 390573 929086 610032 330518 247945 802737 518093 552275 332751 25860 740203 931918 164539 493825 527919 999999999 426566 604760 731175 661306 849434 523482 990168 268588 895964 380714 877054 148997 321307 343986 440322 403940 606482 972908 328618 162461 261866 895089 710300 335251 330806 339361 644753 569876 521502 181787 103266 420012 209159 495588 447364 954398 289017 516737 44552 390520 90701 292782 648751 802646 910156 828916
433544 60587 130149 405955 110270 59140 312614 737659 468052 676231 581829 472412 472973 344866 374783 607369 774176 693207 309622 459694 153755 447832 215228 344073 457033 778870 727357 382697 373238 475391 826017 596446 868644 687273 438199 214496 171974 798813 356842 772689 317360 168233 179479 376989 92078 805081 666421 401398 795901 750559 356992 656438 563904 426566 999999999 653895 305894 645581 769623 311942 890971 658129 548385 641417 576598 399385 699881 163841 381765 112853 188849 573828 148253 549987 344331 744548 422414 717459 143825 523943 266177 211356 702614 522662 529804 609434 519995 196947 147883 878053 637286 97927 383717 463189 336675 341516 709128 815072 490656 585585
651124 595617 743730 400581 567500 604981 664993 248871 428339 396018 452349 186526 421741 500967 896847 488287 132340 517366 645363 236055 661778 883898 681883 514358 723043 249398 477444 748723 569360 819537 293609 249736 307045 283824 219402 819895 763142 157438 899854 423760 485688 727172 610910 862700 708044 336913 442011 593737 146053 455030 456490 174472 91322 604760 653895 999999999 858971 100866 286694 393089 420122 547528 687204 325837 592096 733003 533897 735332 945030 542001 695338 860050 521206 531917 799560 392645 497158 547298 704159 274722 624034 573947 199583 468785 634318 229614 431327 503891 787942 373049 465241 662058 607633 223798 579623 822127 55235 197902 893234 477171
