NAME : synthetic_000422
TYPE : CTSP-D
DIMENSION : 100
GROUPS : 8
RELAXATION_LEVEL : 1
EDGE_WEIGHT_TYPE : EXPLICIT
EDGE_WEIGHT_FORMAT : FULL_MATRIX
EDGE_WEIGHT_SECTION
999999999 568410 283513 687999 399138 998124 538123 836969 744633 1153646 585558 80385 520629 680235 627020 594964 709286 783558 258971 589720 274381 1175370 223114 462352 972812 661252 1178578 623849 378022 271429 110180 379980 465115 161131 522854 674087 885048 389149 60751 1023209 697270 937337 535299 881087 432140 607048 1053623 845720 225206 554158 148011 605440 594100 760110 450669 360801 997699 845236 787302 818099 377678 606398 820945 880181 1115688 521770 459883 69981 355892 526402 448318 713689 1101696 506488 187325 791533 297294 695431 749103 784452 579004 585030 406922 748360 369747 625271 499455 825251 425388 644351 816038 429088 724764 968228 393580 655677 566887 759828 102799 1042342
568410 999999999 672987 136006 528228 592847 647808 408111 397275 635093 142889 645175 279097 618346 256283 505897 284839 338979 486718 456644 298095 653671 416941 223413 623441 367099 659939 443670 210811 529846 515304 321438 284361 461420 374373 417302 466754 583309 593068 506449 282202 380912 103657 576738 142842 392527 560460 743406 415419 635921 619210 481355 224967 384070 588046 207747 504783 858286 765459 774115 518656 681106 290932 835701 579799 421791 275721 606628 366322 71035 458470 424467 590659 610796 452264 303092 459226 308239 205955 305473 586687 393038 360401 315406 283179 460034 155257 268654 143193 126449 285147 442887 720240 565585 635284 235780 230893 706645 636402 520110
283513 672987 999999999 757211 235227 926711 314017 801741 685785 1145588 743448 256850 498264 498810 616222 453569 698923 962406 187829 473543 400351 1168868 472104 483616 874360 600051 1169040 518564 544702 148347 215765 371622 679374 237397 448258 589977 836076 185288 337494 1023147 880381 985780 599625 773125 570507 838650 1032321 651018 261698 338927 136402 478253 778991 712160 246860 495297 981392 606663 568346 603588 223551 380288 852886 658388 1127024 420542 671354 219826 326166 658681 327841 633896 1090637 296327 233547 952143 223703 887763 877118 949049 393149 819520 646020 929303 396458 511813 547140 882963 549299 781626 849320 321088 508629 898949 153365 658771 566105 557981 199674 1045480
687999 136006 757211 999999999 580537 479812 676660 300520 324859 499154 243684 761948 294350 606414 216355 504031 202150 374767 569583 451354 413716 517668 550633 275870 524980 324452 523975 425449 345251 609534 623338 387598 413008 565737 386879 377117 357543 640582 717728 370936 346272 250233 159280 495825 275995 498920 427464 707096 511837 659524 721802 473546 324428 301926 631845 332641 372668 843387 748748 750876 575640 697415 155836 807675 444273 436214 405233 719582 434050 204416 496157 370154 455236 643361 552274 318237 534962 378483 192681 326926 598314 503869 493505 362509 361167 443263 210071 137524 270234 185033 150001 485727 712208 454723 695287 175219 225604 687046 747142 384213
399138 528228 235227 580537 999999999 692234 154107 575044 455578 921277 633227 418246 293574 284492 406014 220277 484097 854236 142669 238380 336005 944746 495119 309222 639261 371524 944073 283712 471129 130345 290148 207916 629733 255926 223554 356708 605528 62372 459650 802962 781217 786562 435445 538289 467588 793926 805729 448166 217584 161749 300803 243320 689512 484030 68079 405858 756843 454106 389363 419275 21896 216799 650313 482112 909066 188801 619752 365564 166470 537011 97275 400618 866111 116012 231261 828603 117553 796879 732287 829061 180554 779797 628706 824976 251496 276606 379341 692386 438640 650936 647543 98298 326880 664782 117683 452298 365400 360828 366384 825994
998124 592847 926711 479812 692234 999999999 681685 185170 253532 303355 721854 1051715 478284 500024 384674 484114 317456 832455 776775 454502 756625 324059 944467 547092 102008 338330 316849 408585 764386 796297 899233 618253 875788 840224 486883 337524 126685 748489 1047060 259113 820647 407029 535567 182764 699128 977908 197048 472823 774916 652787 962069 453830 803758 240213 699764 720029 193919 650895 573714 551558 703180 653837 351722 576091 344543 506978 866615 999028 646678 662781 599239 293921 258962 671428 816130 766325 731364 854019 643705 778838 575190 981625 944489 828263 631621 416917 538085 427344 677685 664328 356417 608340 579428 30053 797084 374732 443802 521234 1014330 277963
538123 647808 314017 676660 154107 681685 999999999 602364 478291 944574 765219 544047 382611 197798 476136 205673 541399 982832 291628 251225 487504 968052 648963 424433 609954 406842 965374 295272 617732 267831 432899 341246 778095 405931 290643 373249 619217 149085 598809 837784 914388 853533 547971 507838 606823 941456 825748 338148 371484 29600 419279 240318 827474 511938 89519 550837 783319 307118 255865 290252 174968 68770 717421 347571 945778 241976 767899 494621 307425 667181 189974 413080 890004 39688 382493 950900 271446 932664 845471 952993 106561 928328 781231 955535 388273 280618 493139 771656 576448 773675 715749 207900 195024 657722 160934 524232 451446 244633 488169 861629
836969 408111 801741 300520 575044 185170 602364 999999999 124092 346603 539502 896381 318952 454096 210946 396794 134996 665802 635255 352975 583561 370128 766074 376682 225744 203635 369113 307450 581133 661394 744085 461856 690654 683763 353659 229171 58653 635829 882318 235592 645806 298993 351715 218331 515012 795540 230821 490850 618958 576203 817693 362046 622057 91647 598067 539575 182579 657479 567413 556191 581519 592432 196999 598954 343591 386782 681459 845284 496695 477786 477908 190157 291435 582551 661457 602747 590675 678478 476840 613976 499189 798453 759592 657999 467232 321746 358559 276702 494512 485486 200056 481415 552881 157485 688888 192788 271462 506581 864018 259505
744633 397275 685785 324859 455578 253532 478291 124092 999999999 469141 538825 798493 225622 335973 148734 272777 122766 699370 526779 229126 508271 492691 700709 299035 242095 86608 491048 183393 534262 549316 645928 364724 664517 586762 238613 105080 150295 515436 793956 359535 664513 401212 315476 179754 474683 789132 351674 395690 521449 452231 711490 237977 621755 35498 475371 482279 305978 551812 459023 452394 463496 469651 277183 501659 467542 266779 654491 746004 393762 460260 359108 67648 414098 458602 562808 642765 481526 694808 516393 651740 375435 788264 722356 685583 379341 197680 302840 350957 448998 499246 277995 364710 438050 223707 567676 161734 201054 396892 762033 383409
1153646 635093 1145588 499154 921277 303355 944574 346603 469141 999999999 723602 1219637 652624 780805 535655 739193 451210 750411 973524 698005 885156 23550 1044765 693767 404888 550175 25117 651805 841989 1002651 1069843 792788 905848 1009199 698842 573480 325685 982291 1192571 131150 770831 283082 626398 478942 772199 960994 119122 774051 946272 917411 1151990 705109 793162 438162 944387 819467 164461 951546 870804 851071 927150 928289 345020 878645 82725 733312 899050 1170990 831927 703114 824041 531981 55177 926968 989208 680782 929979 804605 584230 696021 839483 971897 990197 759320 789057 664994 655041 377303 761707 650113 350686 826676 869956 313879 1035477 500256 592729 815187 1192900 115046
585558 142889 743448 243684 633227 721854 765219 539502 538825 723602 999999999 665745 413462 753905 399167 639669 423274 222064 565704 592286 344492 739549 392808 346288 759899 509842 747520 582744 208914 610339 558174 426470 186868 513456 506101 559718 597640 682739 596075 601564 149220 447912 241348 717752 173224 256106 665075 884022 482021 756471 666598 617334 83240 523862 697356 248236 612042 993046 901323 911759 620419 804707 393258 974269 658217 551398 182036 636422 466839 98396 575523 567353 685232 726753 511421 210054 547039 170172 175199 205854 713935 260226 276805 191793 381733 598592 285258 346346 197562 76323 387467 557402 853627 695896 730997 377091 371743 843707 669323 611160
80385 645175 256850 761948 418246 1051715 544047 896381 798493 1219637 665745 999999999 577793 702728 688391 627130 771835 863747 287847 628144 348634 1241692 299956 526043 1020347 713457 1244433 665607 457882 287963 152643 435109 544138 212636 569242 721587 942280 396325 98405 1089862 777426 1010275 607073 925662 510657 682961 1116982 865899 277678 563523 126060 641480 674334 816326 460798 438145 1061595 848801 798449 831156 398045 612803 891100 890933 1184461 562028 539169 54013 405145 605152 481267 762734 1166985 516413 235743 871910 331059 775218 828441 864837 598331 660530 482948 828523 431324 665103 568272 898737 502596 723886 886345 464239 736356 1022052 389397 719852 629019 776801 57613 1109580
520629 279097 498264 294350 293574 478284 382611 318952 225622 652624 413462 577793 999999999 340470 118160 226924 201942 617866 321055 178831 285890 675538 481929 84593 462772 147649 676756 173884 338500 352069 425318 142910 488830 365174 96172 178276 364744 355517 568793 527025 559532 493612 175446 382206 292883 635609 543912 476015 300170 366478 500279 203913 488384 239481 339459 276876 490201 579937 487878 498701 292528 407305 357987 561876 629437 145019 478194 526417 179395 317352 203486 207730 598338 349012 342555 578036 278098 583336 466116 581990 310197 629222 529908 594443 153734 188085 128502 399083 262267 404740 354947 195808 441285 448287 410945 161036 71921 430423 545130 548820
680235 618346 498810 606414 284492 500024 197798 454096 335973 780805 753905 702728 340470 999999999 390209 115804 431060 955704 421264 161779 552503 803860 740777 412848 419947 289534 799668 180965 653976 414777 570166 377507 813328 527789 249629 240930 457526 316176 740091 686403 899774 735269 514915 319874 622237 968235 661965 166132 475609 168498 584270 136993 827896 371470 252241 586381 626141 240034 147420 161361 304805 155497 605500 226731 793346 209976 802651 649919 365848 657358 240390 268703 727827 203877 501330 911778 384911 923805 793450 917051 106239 959561 838100 933577 422069 163165 468720 672213 590594 742584 605262 262679 106116 478875 347457 434257 391107 92661 650649 710313
627020 256283 616222 216355 406014 384674 476136 210946 148734 535655 399167 688391 118160 390209 999999999 290753 84449 577886 438860 237878 373345 558416 559854 165746 388923 112563 559979 209283 386393 470227 536852 257223 516232 476237 188168 164669 262854 468370 671562 409180 533296 381750 167591 327032 325990 644680 429069 495333 412212 455835 616356 258877 480987 147126 445487 336950 374394 627113 532505 535414 407045 488840 245033 593421 511279 234850 506137 638227 296587 315098 311624 168186 481710 446579 455067 527935 396186 561637 405897 534752 389058 642693 573728 559933 257507 227154 155540 295539 300659 368959 242620 307743 496133 354815 523681 48106 60517 470955 658658 430818
594964 505897 453569 504031 220277 484114 205673 396794 272777 739193 639669 627130 226924 115804 290753 999999999 344877 844347 339529 52879 442563 762694 634684 297200 422537 205243 760201 90846 539028 343295 485239 265933 697904 436852 134124 167881 414219 269547 653207 632312 786354 656393 402248 320483 506444 852441 620514 270345 379359 179475 516486 35109 712810 306740 216243 471696 577659 353387 262532 276959 236288 201624 522061 341993 740319 94918 687220 573266 259983 542643 146713 207431 684526 188902 410074 802637 298070 809758 686896 807253 103589 843842 724502 821296 308959 75185 354435 582566 474806 631118 520996 166164 214365 458515 314683 337453 282606 208142 579003 656185
709286 284839 698923 202150 484097 317456 541399 134996 122766 451210 423274 771835 201942 431060 84449 344877 999999999 576814 522967 293462 450604 473984 631199 246961 338795 141936 475531 255981 446987 553664 620652 341652 562423 559997 261877 190726 191479 546404 752511 325087 543893 312309 218192 296277 381783 677025 345182 512250 496241 518845 700804 310558 506512 101346 519012 404580 290172 659663 565383 562939 486613 546406 177187 616032 428101 304867 552882 722013 380897 351925 388024 173576 397274 514777 539135 520003 479996 574789 393686 528985 447346 677877 627961 563566 340558 273523 223743 241188 360291 379038 176153 386331 536636 288479 601384 57793 142816 502911 742802 346962
783558 338979 962406 374767 854236 832455 982832 665802 699370 750411 222064 863747 617866 955704 577886 844347 576814 999999999 787017 794398 562113 760566 571923 559608 891364 690233 771051 778335 419770 831692 769839 646769 327400 729197 713339 742549 719170 904543 784366 649999 86418 470640 442487 869836 394326 262580 725787 1073074 701868 972531 878449 818828 189538 676606 917584 467665 681828 1195729 1102284 1109170 841892 1018998 480805 1169296 672483 760719 329853 840386 688093 317250 792860 741226 725752 944909 729257 69771 769062 97160 189235 55057 925429 283380 410038 35386 602867 795277 493560 407951 419576 213236 476047 775675 1058531 811076 953036 544184 565131 1042540 874310 651528
258971 486718 187829 569583 142669 776775 291628 635255 526779 973524 565704 287847 321055 421264 438860 339529 522967 787017 999999999 341067 232148 996497 361665 297273 737813 440230 997556 380141 377456 44685 148964 186261 526347 114308 289906 441102 675286 150606 318944 848011 707599 800839 411800 640952 392717 690250 863521 586809 92123 303023 185371 353739 608965 549094 202110 320380 810579 595938 531947 561460 120798 357415 669531 624634 949705 276356 517177 233889 142773 476816 193421 483753 919092 255994 91398 771972 45417 718188 691799 769869 320618 673652 511024 755026 208642 378502 359544 696528 368803 598648 665723 176744 469496 747719 180819 478770 385206 501677 241977 869671
589720 456644 473543 451354 238380 454502 251225 352975 229126 698005 592286 628144 178831 161779 237878 52879 293462 794398 341067 999999999 415377 721550 610959 253923 401849 155785 719623 46730 501802 351587 481511 238820 658626 429244 92149 124563 375097 294009 646293 587700 737995 605503 353161 302117 464970 810464 580005 303522 368233 226827 523540 25227 666890 261773 248064 435516 535103 401642 309121 320211 250866 253134 470598 383978 695589 68819 647930 574136 241694 496052 150018 167095 643042 229602 402672 751602 297110 762102 635005 756493 153884 802769 689952 771958 277976 38424 307253 530147 433514 581194 469396 164392 264357 427523 343454 284649 230986 251737 582968 611454
274381 298095 400351 413716 336005 756625 487504 583561 508271 885156 344492 348634 285890 552503 373345 442563 450604 562113 232148 415377 999999999 906356 197847 209683 748151 433520 910218 434077 145834 276164 218662 177017 296192 169411 327553 460869 636188 370366 307866 754143 480130 662962 261737 667638 173598 460689 789816 712896 141910 488896 325255 437873 379371 516593 404073 97135 733229 768747 689199 711206 317569 543462 548139 777025 843777 349797 286640 308594 188779 266575 319201 493277 834420 448003 167204 554288 226511 488484 490827 550340 474802 445347 294101 528952 139149 442146 230748 550888 158244 389620 543100 296503 630457 726610 410046 394201 313260 643982 338361 772408
1175370 653671 1168868 517668 944746 324059 968052 370128 492691 23550 739549 1241692 675538 803860 558416 762694 473984 760566 996497 721550 906356 999999999 1064568 715959 425224 573685 12678 675344 861294 1025786 1092104 815474 922612 1031476 722249 597023 349088 1005784 1213919 152251 783244 296125 647063 500873 791539 974804 142465 795589 968683 940864 1174693 728626 808028 461696 967934 839750 187907 973239 892961 872925 950568 951579 364375 899847 88431 756818 915965 1193203 854794 721230 847504 555502 78693 950499 1011616 691098 953020 816874 597240 706448 862921 986125 1007545 770419 811329 688517 676482 393618 781551 665563 369981 850076 892623 335487 1058992 522604 615259 837600 1215282 134634
223114 416941 472104 550633 495119 944467 648963 766074 700709 1044765 392808 299956 481929 740777 559854 634684 631199 571923 361665 610959 197847 1064568 999999999 402131 942117 629101 1069846 631456 206197 396592 256471 372209 246610 252245 524677 658252 821136 512271 213273 914087 485652 797834 422047 864134 274691 383950 958695 904057 277535 656070 351257 632698 384801 706042 560353 227969 901858 945294 871414 896138 474009 711336 700324 961615 994396 544050 242768 289365 375305 358248 501786 689658 997064 611119 270978 588164 377580 480036 565995 579292 654989 362041 183861 536538 336875 639015 407516 685554 283059 461328 694783 479076 810721 914648 537697 573498 501509 830498 323796 929994
462352 223413 483616 275870 309222 547092 424433 376682 299035 693767 346288 526043 84593 412848 165746 297200 246961 559608 297273 253923 209683 715959 402131 999999999 540013 227963 718509 255684 254116 335346 376195 112196 406387 315613 163241 262350 427734 367349 505945 564470 494945 503843 126311 463594 211372 556544 591461 555826 253727 413068 463110 279097 416491 306962 366195 192354 535773 649645 559702 573339 302165 459535 374251 637632 661566 205936 395712 477244 158425 248084 235098 289551 640957 387394 296527 526487 260203 516214 424175 528592 367658 549038 445417 533549 95644 268607 70219 399397 180139 349283 370156 220052 509344 517060 421311 193823 105233 504586 499764 584697
972812 623441 874360 524980 639261 102008 609954 225744 242095 404888 759899 1020347 462772 419947 388923 422537 338795 891364 737813 401849 748151 425224 942117 540013 999999999 315464 417609 358906 775316 752305 869364 594897 900065 812354 451160 298969 173211 691741 1025043 357092 870990 491776 552160 102536 714065 1014962 298659 375275 747649 580512 922550 396135 842996 243332 638187 724325 290600 553360 479728 455472 652590 575391 416595 476583 446068 462032 890333 966762 617121 690670 551302 259334 360968 604227 787031 827771 692686 903425 702266 839249 504743 1016373 961837 883740 615501 363426 544205 495569 689465 709402 420477 563558 490727 100449 737028 391623 443108 430370 978976 377110
661252 367099 600051 324452 371524 338330 406842 203635 86608 550175 509842 713457 147649 289534 112563 205243 141936 690233 440230 155785 433520 573685 629101 227963 315464 999999999 572748 114952 475308 462782 561062 281447 615997 502357 152216 52711 236354 432196 711786 435061 645658 451507 272720 235636 421341 751367 434209 383507 437103 382606 625055 170370 590877 112530 395474 418118 385913 521307 426683 426924 378510 406703 318272 483223 542520 183150 605615 660705 308359 422550 274515 62368 494998 383576 478001 639371 394953 673726 516115 646538 308653 748071 666219 672486 300051 132143 246882 382812 393100 481496 317574 279020 395388 308786 485313 149251 144112 364444 676163 458588
1178578 659939 1169040 523975 944073 316849 965374 369113 491048 25117 747520 1244433 676756 799668 559979 760201 475531 771051 997556 719623 910218 12678 1069846 718509 417609 572748 999999999 673300 866997 1026421 1094531 817164 930115 1033880 721935 595062 346173 1004939 1217603 156261 792902 305419 651513 494850 797212 983872 139705 789012 970867 938036 1176335 726280 816578 460522 966413 844581 187651 966815 887142 866710 950177 948045 370016 892893 99641 755894 923375 1195705 856105 727837 846876 553238 78491 948284 1013802 701522 953912 826593 606631 716837 860016 994998 1014683 780579 813748 686247 680062 401336 786789 673799 375671 849786 887609 329184 1057952 524920 617253 832168 1217507 140016
623849 443670 518564 425449 283712 408585 295272 307450 183393 651805 582744 665607 173884 180965 209283 90846 255981 778335 380141 46730 434077 675344 631456 255684 358906 114952 673300 999999999 508721 393402 516989 260642 661965 462782 106949 78398 328471 340215 679211 542627 725873 566458 341543 260835 466375 809449 533640 302506 400090 269832 564136 55753 659863 216691 294792 444309 489224 419137 324864 330895 295311 291861 432902 392031 650597 103799 651300 611687 270657 488611 192621 120436 596900 275293 436532 732486 335430 751410 613028 738228 194433 803097 699083 757489 295013 17935 300631 495597 435472 565831 432055 204744 286850 381358 390044 253892 213401 264335 622009 566445
378022 210811 544702 345251 471129 764386 617732 581133 534262 841989 208914 457882 338500 653976 386393 539028 446987 419770 377456 501802 145834 861294 206197 254116 775316 475308 866997 508721 999999999 421708 350754 282412 161417 309657 409663 514546 638407 511099 393121 711942 336235 591656 229560 708724 69807 323737 760356 805323 287743 615396 459400 526422 234293 532835 538793 68178 703754 882612 797450 815271 454455 668379 496985 880701 789476 444181 150956 427537 310527 153808 437058 537676 795566 578060 311164 417975 368221 343129 371818 412471 589896 311197 191525 385887 235147 520664 231441 479465 86701 266695 491344 415522 742122 735239 553434 389678 334353 746637 460411 726985
271429 529846 148347 609534 130345 796297 267831 661394 549316 1002651 610339 287963 352069 414777 470227 343295 553664 831692 44685 351587 276164 1025786 396592 335346 752305 462782 1026421 393402 421708 999999999 165070 223290 569342 144794 310769 458998 698982 120357 332173 878588 752272 837526 452686 653565 437384 732919 891027 578418 135004 282824 173192 361455 653541 573487 179465 365034 838979 574705 516000 547197 110124 335585 704953 608876 981495 290684 560295 235221 177860 521153 201578 502402 947933 235161 126207 816405 75381 762772 735241 814387 310761 715978 551401 799710 249722 389785 399528 734642 413346 642750 701324 188881 453483 767678 141411 511806 418723 490396 236854 900613
110180 515304 215765 623338 290148 899233 432899 744085 645928 1069843 558174 152643 425318 570166 536852 485239 620652 769839 148964 481511 218662 1092104 256471 376195 869364 561062 1094531 516989 350754 165070 999999999 282535 470548 60672 418275 570408 789679 284961 169980 940663 685220 868645 465521 775859 391063 626406 965814 735772 125148 447385 108656 496538 581977 663691 344316 314948 910722 739685 679183 709418 268507 500541 745707 772020 1036970 414112 463269 101375 252950 484904 338532 611089 1016790 399785 83123 768087 187295 688803 709379 763019 469406 606538 431349 735529 280786 517619 422817 758495 376902 607511 741156 319669 616644 869537 296578 569615 477922 650387 124480 960814
379980 321438 371622 387598 207916 618253 341246 461856 364724 792788 426470 435109 142910 377507 257223 265933 341652 646769 186261 238820 177017 815474 372209 112196 594897 281447 817164 260642 282412 223290 282535 999999999 443801 222615 153765 298121 507173 261871 430457 665510 575131 614725 233701 506798 265640 604653 685793 536246 157432 335785 359222 260971 486353 381321 270919 214279 631495 600927 517603 537630 197310 387502 483308 603421 765626 172781 433298 383541 46513 329541 155242 335634 738926 302076 199670 620742 148049 592211 526667 621145 307581 593187 461281 617969 47610 267206 178666 511353 235204 443149 479476 134503 460844 588398 314177 294394 200808 469683 402344 686663
465115 284361 679374 413008 629733 875788 778095 690654 664517 905848 186868 544138 488830 813328 516232 697904 562423 327400 526347 658626 296192 922612 246610 406387 900065 615997 930115 661965 161417 569342 470548 443801 999999999 442275 566624 659577 749262 666487 459882 781041 241938 633545 349067 843240 196147 164524 840376 961740 434423 776398 576407 683548 146975 657208 697691 229522 785670 1043565 957701 974688 612242 829593 568112 1039888 842824 603352 10696 526912 471393 213526 598461 677770 865247 738407 449966 351229 522672 233792 357338 340574 751200 150236 91338 292138 396464 674984 369406 529062 226573 263188 562259 576876 902954 848000 705815 508442 471963 905932 561462 792176
161131 461420 237397 565737 255926 840224 405931 683763 586762 1009199 513456 212636 365174 527789 476237 436852 559997 729197 114308 429244 169411 1031476 252245 315613 812354 502357 1033880 462782 309657 144794 60672 222615 442275 999999999 361885 513453 729756 262995 217080 880080 645887 809789 407256 720070 342977 602746 905166 693913 65313 417065 157791 445633 543588 603932 316411 266526 850055 709879 644154 672734 234047 471614 685901 736570 976632 361021 434122 162016 195234 435362 290978 553516 956125 370195 26777 723426 143172 651861 658896 719197 430492 584250 413927 695488 220147 464444 363311 700153 326110 558659 681404 270704 581882 810456 285511 508960 417256 611317 184419 900282
522854 374373 448258 386879 223554 486883 290643 353659 238613 698842 506101 569242 96172 249629 188168 134124 261877 713339 289906 92149 327553 722249 524677 163241 451160 152216 721935 106949 409663 310769 418275 153765 566624 361885 999999999 152365 388570 285521 576754 579479 653384 569598 270892 358241 373500 719320 584424 395668 297815 272672 475242 116936 578727 263932 257748 343502 534395 487264 396644 410150 228343 311697 432827 474611 685513 49402 555928 515746 167170 408771 126593 194170 643732 259302 336229 674161 244490 676261 562024 678014 214088 711257 598100 689372 188755 114674 221158 482483 341955 500390 430584 127852 347533 457887 340101 236043 161280 341374 528935 602467
674087 417302 589977 377117 356708 337524 373249 229171 105080 573480 559718 721587 178276 240930 164669 167881 190726 742549 441102 124563 460869 597023 658252 262350 298969 52711 595062 78398 514546 458998 570408 298121 659577 513453 152365 999999999 250875 415037 726956 464535 696994 495453 320677 208711 463859 798411 455443 330883 448882 347352 626421 132972 640118 138867 372096 454607 410827 469759 375248 374640 366493 366472 364610 430569 572533 169592 649086 668110 318247 470702 262154 43937 518547 353691 488071 692008 395737 724695 568826 699105 270941 794356 706032 724476 323563 92706 290363 431837 434629 533234 364336 270816 346110 309269 466086 201900 190140 312868 681109 488387
885048 466754 836076 357543 605528 126685 619217 58653 150295 325685 597640 942280 364744 457526 262854 414219 191479 719170 675286 375097 636188 349088 821136 427734 173211 236354 346173 328471 638407 698982 789679 507173 749262 729756 388570 250875 999999999 664972 931853 231197 701768 328847 409262 185683 572746 853727 206645 473909 664605 591867 859295 380552 680041 126424 622954 595461 168778 646071 559198 544354 613726 602913 243495 581919 336592 416800 740049 890502 539529 536436 509285 208040 271582 602667 706696 655007 630218 734680 529948 666681 513871 856830 817833 712523 515930 340727 413841 322711 551724 542572 247308 514994 551112 98833 716662 249088 323009 500288 907954 254797
389149 583309 185288 640582 62372 748489 149085 635829 515436 982291 682739 396325 355517 316176 468370 269547 546404 904543 150606 294009 370366 1005784 512271 367349 691741 432196 1004939 340215 511099 120357 284961 261871 666487 262995 285521 415037 664972 999999999 449801 864683 829502 848759 493075 589927 513951 831009 866306 473806 238940 167205 272887 296064 735328 544566 65181 448186 817919 456124 402125 434983 65184 217645 712579 494660 970971 249071 656836 346110 217600 587953 158966 458797 927115 120180 241676 881547 143871 843635 788388 881390 209953 815672 657990 874449 302535 331642 437099 754010 486218 704331 709780 160632 340057 721514 55434 514588 427246 382600 341256 887782
60751 593068 337494 717728 459650 1047060 598809 882318 793956 1192571 596075 98405 568793 740091 671562 653207 752511 784366 318944 646293 307866 1213919 213273 505945 1025043 711786 1217603 679211 393121 332173 169980 430457 459882 217080 576754 726956 931853 449801 999999999 1061673 697980 967910 569312 934793 452886 591455 1095250 905747 279198 614908 201098 662674 596146 807915 511418 386029 1038941 905913 848006 878724 438133 667116 855820 940884 1151597 577971 455921 117882 409596 545464 506770 765711 1141414 567239 243741 797640 356269 693172 764546 789507 639305 568539 392463 748990 415991 681297 537558 855249 450143 659252 850732 487098 785466 1017073 453254 697676 611108 820219 143970 1080137
1023209 506449 1023147 370936 802962 259113 837784 235592 359535 131150 601564 1089862 527025 686403 409180 632312 325087 649999 848011 587700 754143 152251 914087 564470 357092 435061 156261 542627 711942 878588 940663 665510 781041 880080 579479 464535 231197 864683 1061673 999999999 661012 181331 495258 408135 642135 845191 79982 702506 817642 811756 1024620 597494 674338 325978 830476 688454 66937 876414 790280 774748 807476 827624 215563 809955 108008 616919 773860 1041646 705744 575337 705772 425687 84336 817251 860558 580370 805075 695136 473618 594968 734780 854634 863818 654861 659982 557204 524235 256724 631043 529981 221326 706772 781861 256883 918736 371668 464841 731485 1064108 23963
697270 282202 880381 346272 781217 820647 914388 645806 664513 770831 149220 777426 559532 899774 533296 786354 543893 86418 707599 737995 480130 783244 485652 494945 870990 645658 792902 725873 336235 752272 685220 575131 241938 645887 653384 696994 701768 829502 697980 661012 999999999 487774 385010 840019 316156 200679 733044 1025076 620928 905686 793732 762869 103590 645144 845854 387294 685016 1139457 1047073 1056233 767880 953809 473260 1117903 696633 699365 243975 754470 614747 247539 724733 700235 740749 875866 646906 117499 691719 34176 187438 103982 862562 217844 326592 51104 529888 742216 432226 408111 343285 165342 467965 706540 1000629 797174 876684 504716 512925 988626 788472 665634
937337 380912 985780 250233 786562 407029 853533 298993 401212 283082 447912 1010275 493612 735269 381750 656393 312309 470640 800839 605503 662962 296125 797834 503843 491776 451507 305419 566458 591656 837526 868645 614725 633545 809789 569598 495453 328847 848759 967910 181331 487774 999999999 403494 513221 523564 678733 259984 788900 752626 831151 963498 621726 513181 366170 827197 582802 224917 951868 859819 851438 786135 858012 136771 896749 211396 615006 627648 966553 659671 442639 693205 467207 255134 826156 794329 400875 762147 521588 301217 415770 759327 690303 721057 477527 596674 583586 447067 112845 519971 372564 139159 688326 838761 394700 904184 334545 422511 797886 993004 181000
535299 103657 599625 159280 435445 535567 547971 351715 315476 626398 241348 607073 175446 514915 167591 402248 218192 442487 411800 353161 261737 647063 422047 126311 552160 272720 651513 341543 229560 452686 465521 233701 349067 407256 270892 320677 409262 493075 569312 495258 385010 403494 999999999 494520 163591 478710 536797 642694 352588 534917 562763 377949 320023 308865 492300 194354 479943 754783 662132 671336 427915 578994 286510 733375 582406 318622 339083 563062 280083 150030 359933 332818 577069 511730 393206 404375 378931 409939 298266 407629 483766 475868 410338 419048 203172 357583 56109 292979 143171 229507 281422 345840 616598 506667 546618 161678 130993 603630 589731 512613
881087 576738 773125 495825 538289 182764 507838 218331 179754 478942 717752 925662 382206 319874 327032 320483 296277 869836 640952 302117 667638 500873 864134 463594 102536 235636 494850 260835 708724 653565 775859 506798 843240 720070 358241 208711 185683 589927 934793 408135 840019 513221 494520 999999999 651603 968830 364212 296146 656041 478455 824886 294969 800833 194935 535827 653214 341868 472854 392391 372144 552176 474933 414553 402598 507558 364597 833119 871842 525349 640010 452080 174476 429835 501710 694279 810086 596147 871048 683227 820166 402382 968018 898545 858330 531561 263810 477909 493973 624787 675303 417249 465371 396666 165860 634742 340969 374493 338715 882746 430591
432140 142842 570507 275995 467588 699128 606823 515012 474683 772199 173224 510657 292883 622237 325990 506444 381783 394326 392717 464970 173598 791539 274691 211372 714065 421341 797212 466375 69807 437384 391063 265640 196147 342977 373500 463859 572746 513951 452886 642135 316156 523564 163591 651603 999999999 345998 690842 767193 308920 601186 498506 490072 221924 470842 533561 76463 634294 856266 768151 783323 453244 652173 427207 848032 720049 412895 185560 475879 301685 94666 419937 483450 725769 567546 339333 381759 375574 329719 319123 378549 567473 337800 247812 362623 218582 479759 174488 411064 31673 216451 421573 399904 715490 670256 560581 325104 277867 714501 507376 657203
607048 392527 838650 498920 793926 977908 941456 795540 789132 960994 256106 682961 635609 968235 644680 852441 677025 262580 690250 810464 460689 974804 383950 556544 1014962 751367 983872 809449 323737 732919 626406 604653 164524 602746 719320 798411 853727 831009 591455 845191 200679 678733 478710 968830 345998 999999999 913067 1111524 598195 938988 729451 835628 174552 776596 861815 391079 861843 1201618 1114044 1129297 776603 991703 644151 1193926 889635 758799 174279 672862 634244 329583 759824 811447 927229 901780 612017 315224 687186 171889 378488 300354 910969 24230 200143 234243 557074 823603 510081 588619 377646 318098 638477 738610 1060829 952001 870071 628095 608303 1060477 707403 852193
1053623 560460 1032321 427464 805729 197048 825748 230821 351674 119122 665075 1116982 543912 661965 429069 620514 345182 725787 863521 580005 789816 142465 958695 591461 298659 434209 139705 533640 760356 891027 965814 685793 840376 905166 584424 455443 206645 866306 1095250 79982 733044 259984 536797 364212 690842 913067 999999999 660286 841278 798483 1044190 586576 740497 321746 827019 731150 56856 836969 754569 735968 812339 809169 272482 766103 147496 617241 832681 1067181 723167 630765 708655 413538 66162 808582 884136 656381 819382 767219 546191 670732 720508 921408 920479 729246 685665 546544 559145 325498 676907 595802 278327 712215 752056 202021 919041 397957 487983 698104 1087705 90002
845720 743406 651018 707096 448166 472823 338148 490850 395690 774051 884022 865899 476015 166132 495333 270345 512250 1073074 586809 303522 712896 795589 904057 555826 375275 383507 789012 302506 805323 578418 735772 536246 961740 693913 395668 330883 473909 473806 905747 702506 1025076 788900 642694 296146 767193 1111524 660286 999999999 641464 312146 745440 278966 961989 428117 408683 738910 636898 178157 113465 82232 469022 276677 671876 108210 803459 364162 951047 813582 528763 790810 405855 338776 725753 355511 667461 1022877 550985 1051643 899338 1029979 267658 1104681 993033 1054281 578680 287940 603130 746631 735941 862632 673028 427873 152159 460173 497686 532103 512580 93693 812769 725390
225206 415419 261698 511837 217584 774916 371484 618958 521449 946272 482021 277678 300170 475609 412212 379359 496241 701868 92123 368233 141910 968683 277535 253727 747649 437103 970867 400090 287743 135004 125148 157432 434423 65313 297815 448882 664605 238940 279198 817642 620928 752626 352588 656041 308920 598195 841278 641464 999999999 378736 210872 385757 520897 538706 283179 234221 786408 669274 598628 625405 196516 433973 626465 690173 915292 299576 425330 226346 130716 397246 235812 488627 892937 333587 42935 690457 100051 630092 617422 687460 382698 581535 419633 669198 158122 402562 305580 644310 287708 520421 622128 214312 537023 745145 272736 446094 353727 561934 246649 838134
554158 635921 338927 659524 161749 652787 29600 576203 452231 917411 756471 563523 366478 168498 455835 179475 518845 972531 303023 226827 488896 940864 656070 413068 580512 382606 938036 269832 615396 282824 447385 335785 776398 417065 272672 347352 591867 167205 614908 811756 905686 831151 534917 478455 601186 938988 798483 312146 378736 999999999 439689 214424 820678 486200 103543 547920 756642 292933 234927 268099 183433 55274 695424 327471 919764 223434 766086 513209 305012 658177 181513 386489 862952 47670 392789 938844 278953 924846 831357 941383 78181 926510 782997 945897 383258 254647 480780 751283 570405 762162 693911 201312 172977 629013 185567 503841 433944 219068 508282 835639
148011 619210 136402 721802 300803 962069 419279 817693 711490 1151990 666598 126060 500279 584270 616356 516486 700804 878449 185371 523540 325255 1174693 351257 463110 922550 625055 1176335 564136 459400 173192 108656 359222 576407 157791 475242 626421 859295 272887 201098 1024620 793732 963498 562763 824886 498506 729451 1044190 745440 210872 439689 999999999 534262 690417 732918 337894 422151 990332 723100 674472 707739 281953 487948 836875 766677 1123907 460584 569493 83624 321154 591829 373855 669122 1098051 393021 169558 876574 230782 796944 815920 871598 478741 708873 531842 844099 368018 561492 516447 855015 483077 714815 832612 359531 612666 932957 263414 653140 559782 655097 69052 1045617
605440 481355 478253 473546 243320 453830 240318 362046 237977 705109 617334 641480 203913 136993 258877 35109 310558 818828 353739 25227 437873 728626 632698 279097 396135 170370 726280 55753 526422 361455 496538 260971 683548 445633 116936 132972 380552 296064 662674 597494 762869 621726 377949 294969 490072 835628 586576 278966 385757 214424 534262 999999999 692069 271786 246004 459946 543216 376993 284205 295003 257527 236339 487691 358752 705495 88753 672852 587480 261233 521195 160671 173142 650357 222116 418938 775531 310636 787097 658316 780574 138683 827873 714189 796590 301200 40301 332375 549045 458595 605666 486710 177330 240402 427653 343371 304979 254760 226563 595059 621352
594100 224967 778991 324428 689512 803758 827474 622057 621755 793162 83240 674334 488384 827896 480987 712810 506512 189538 608965 666890 379371 808028 384801 416491 842996 590877 816578 659863 234293 653541 581977 486353 146975 543588 578727 640118 680041 735328 596146 674338 103590 513181 320023 800833 221924 174552 740497 961989 520897 820678 690417 692069 999999999 607065 755391 288934 688564 1065911 975201 987031 675078 870541 470335 1050234 724559 622426 146829 650925 523518 171261 639165 649088 757209 788407 545447 204904 595395 109237 220396 195023 782515 181006 236816 154496 439820 675265 359933 417687 251345 144696 464621 619859 925781 778087 780950 460036 450996 918627 684904 682488
760110 384070 712160 301926 484030 240213 511938 91647 35498 438162 523862 816326 239481 371470 147126 306740 101346 676606 549094 261773 516593 461696 706042 306962 243332 112530 460522 216691 532835 573487 663691 381321 657208 603932 263932 138867 126424 544566 807915 325978 645144 366170 308865 194935 470842 776596 321746 428117 538706 486200 732918 271786 607065 999999999 506420 484062 274226 586247 493758 486457 490998 504543 243824 534690 433924 295497 647393 764375 413134 449458 387045 103060 383008 491368 580645 618404 504110 676116 491652 627901 409755 776762 718563 664159 392026 231557 302585 318927 446656 480369 244914 391298 473432 210165 597434 149233 204547 431739 781597 349773
450669 588046 246860 631845 68079 699764 89519 598067 475371 944387 697356 460798 339459 252241 445487 216243 519012 917584 202110 248064 404073 967934 560353 366195 638187 395474 966413 294792 538793 179465 344316 270919 697691 316411 257748 372096 622954 65181 511418 830476 845854 827197 492300 535827 533561 861815 827019 408683 283179 103543 337894 246004 755391 506420 999999999 473163 780645 395392 337972 370361 87299 156251 690437 430701 937751 214677 687684 410051 231879 600413 135995 415092 889280 55922 293040 889935 183398 862258 790370 890922 146319 847789 696577 888888 316070 284012 436335 737572 504165 712141 688098 146775 275687 673656 99137 493029 411072 317424 406087 853940
360801 207747 495297 332641 405858 720029 550837 539575 482279 819467 248236 438145 276876 586381 336950 471696 404580 467665 320380 435516 97135 839750 227969 192354 724325 418118 844581 444309 68178 365034 314948 214279 229522 266526 343502 454607 595461 448186 386029 688454 387294 582802 194354 653214 76463 391079 731150 738910 234221 547920 422151 459946 288934 484062 473163 999999999 674296 814462 729492 747606 389892 600668 476596 813109 772298 376790 219022 401495 243418 169984 369079 480292 770828 511201 263298 457634 306832 398060 394572 454023 521724 379054 254857 435139 166973 455644 181981 469980 64595 292674 471215 347659 674001 690436 492487 346788 281226 679035 432449 705127
