NAME : synthetic_000476
TYPE : CTSP-D
DIMENSION : 100
GROUPS : 8
RELAXATION_LEVEL : 1
EDGE_WEIGHT_TYPE : EXPLICIT
EDGE_WEIGHT_FORMAT : FULL_MATRIX
EDGE_WEIGHT_SECTION
999999999 463084 139820 311757 427541 516443 217100 278208 805405 362767 281337 215817 567071 296982 305865 872119 247954 532762 516534 728171 474504 575348 491272 469716 935051 693493 309892 598170 397333 743323 880342 1011124 107721 536442 674177 708137 488686 564700 677143 515187 233546 526262 964415 570743 412288 621663 263717 539286 532987 656073 201213 587249 536823 158309 160900 231849 242656 826766 309087 717682 294610 494983 381283 690048 328009 780021 457378 772153 692131 846490 46759 615951 222257 357621 705926 422458 806332 283026 292411 932032 472071 664260 363518 201336 333122 578646 106281 197594 189159 94747 183046 259749 829348 615569 598524 207667 381252 474848 252035 229421
463084 999999999 602115 392135 109333 397337 656147 190323 489129 425750 417902 527325 361316 710676 410707 514093 513856 466470 543180 767914 182182 113484 618240 72236 533169 452160 440148 339496 150464 470689 473388 627126 566901 436468 362709 464112 273313 294034 214094 566090 538333 691492 556669 293585 66183 275020 722158 638011 232848 805269 615324 502774 81766 607221 424408 475748 564591 389834 363877 379791 556939 650963 671851 245077 763016 342092 332308 309772 236360 489760 471721 245761 537525 421763 291649 686014 378694 480582 695709 582400 162756 313094 426617 469617 548759 505014 367439 653420 386949 412720 280917 712098 448923 398051 263655 577321 561171 86129 327251 435483
139820 602115 999999999 415797 560784 629309 109836 415187 916668 459598 377914 261324 671157 232126 404805 989519 304905 610484 571029 756481 610424 714722 516286 609477 1059850 795296 375498 725095 535177 866540 1006814 1131320 38829 621784 789634 809653 617158 680035 816206 562423 244935 531672 1090041 686644 549622 744874 141376 567390 666817 653236 167496 663230 676502 91740 261655 305847 269912 959365 400133 849435 306115 508495 353595 825165 234299 913190 558751 910531 829031 964220 146759 752469 232308 431547 836266 400909 937443 330795 239048 1046524 600050 798385 460165 252421 355760 652848 243788 93444 301151 216770 321320 150420 951787 736404 721173 183090 406897 609712 358438 296927
311757 392135 415797 999999999 435523 214942 517655 314257 864131 55611 43363 194383 676523 393598 20715 901378 158196 711660 737466 969718 280160 471722 751371 349130 925250 794275 545935 332049 248447 460619 865411 1018990 400597 698789 730139 808290 238382 636207 567815 746621 529865 802442 948339 639096 384913 650549 471250 792410 310604 933514 323475 763204 427758 361594 155178 129689 220753 776806 503915 468216 583953 765955 684484 632449 460563 729760 593180 666636 615404 876340 278139 407759 520569 571501 683765 721401 768863 545191 372108 968938 503176 432101 56554 477863 610408 759082 231461 408923 122852 217355 275250 446989 839295 329009 633514 517543 650727 456499 432964 482555
427541 109333 560784 435523 999999999 483950 598719 153809 428832 478280 452194 535834 262661 701788 451385 472371 531477 357781 434078 658740 280162 197552 512220 177551 515856 366690 343623 443621 225763 578671 458653 600611 523217 328794 294622 379899 366601 205761 280852 457363 458425 586543 543433 207383 58961 217142 691257 530132 337006 697829 603401 395675 181546 581971 428526 493775 573922 399239 266387 489114 468515 546205 581159 265179 746667 352638 223267 362846 273837 446786 446552 355055 459555 318885 279766 591056 379191 389336 689906 538408 68678 422418 479233 391582 454326 397312 347440 624570 398584 398709 248380 685989 417241 499556 198627 506232 461727 52532 242747 351711
516443 397337 629309 214942 483950 999999999 728562 421965 883872 182881 256230 403050 746347 595325 229171 898326 361577 820077 869116 1104356 219276 426860 906455 329165 893376 847354 700178 150494 258408 250697 834191 993767 611854 798449 759910 859812 127589 687099 498935 884097 716872 966517 910548 687595 425050 671593 684471 941288 197706 1095111 534662 865915 390042 576374 367662 340299 423007 727874 642612 285750 764458 927615 872599 594333 664427 685259 688650 587131 565121 875513 487927 278995 709191 712008 664964 904952 729775 712671 572423 966701 550378 272136 182733 657204 782422 864825 422190 623363 329840 422191 428284 659005 827603 121790 660967 715706 816152 481334 576320 650857
217100 656147 109836 517655 598719 728562 999999999 465827 915219 563978 481738 370969 666009 320836 508197 995064 414235 581706 524668 686714 689121 769618 450918 673870 1075581 784969 350011 815210 609832 959841 1025752 1139472 117059 599457 795316 798756 705783 687735 868220 510905 196852 453265 1106873 694909 597837 761959 193874 502164 748936 567186 272631 631296 734590 197262 362479 413417 379559 990289 394389 934260 247154 435921 264099 863250 303508 945779 554266 958409 872114 970488 240637 829491 186315 408321 863862 312281 965471 296049 332613 1047651 627510 879825 564599 233779 299141 619686 322292 180737 398722 307868 379396 217794 964890 831314 737861 124445 348050 650178 370866 282794
278208 190323 415187 314257 153809 421965 465827 999999999 568650 364552 321183 386234 363455 547999 326410 620807 386159 404101 447154 682417 270108 303792 490906 216527 669347 484210 289912 431837 188465 580148 612388 752533 378940 387519 433140 498545 330640 330793 403084 462437 357894 556479 697146 334833 134437 364680 541118 522215 336021 681234 449592 453476 269544 429772 278738 349437 424242 550705 223925 517140 385912 516347 501589 412172 593204 503507 279963 495746 414046 595045 293828 392590 355417 292514 433358 522704 532061 316857 536290 685292 210012 453754 365551 289082 388165 450596 193653 473533 253218 244977 95821 534291 569050 474280 343766 390266 411766 197697 164527 262563
805405 489129 916668 864131 428832 883872 915219 568650 999999999 905392 880805 953901 249369 1099486 880190 97646 954740 370562 473800 572444 664900 470441 595747 554800 217093 143657 570008 800191 638128 899062 205847 237174 877997 337887 135529 134180 757197 241786 446234 503431 726793 664720 247825 236420 480132 215123 1057355 574231 701099 710640 1000990 345412 499018 963204 846723 917785 991711 287211 521380 782808 698908 637187 775936 329087 1133250 289233 361043 426004 370574 83825 836860 666990 734696 513072 244121 758000 254903 627560 1091477 133343 362328 725567 906325 681461 656576 358401 751257 997819 821636 804395 651134 1060393 131353 863935 230687 795863 628348 411154 558591 632475
362767 425750 459598 55611 478280 182881 563978 364552 905392 999999999 82354 220833 724761 412829 56905 938669 178746 764614 792277 1024876 294016 496291 806978 376044 956909 840626 601475 316274 277223 433353 896916 1052403 447130 750819 772451 854464 235816 681395 588380 801748 584056 857956 978851 683923 425260 690805 503526 847948 313244 989051 352774 815728 452990 398740 203212 159652 240165 803958 558744 454647 638753 821528 738233 660782 481717 757555 644330 685754 640859 913938 326738 409897 574559 626564 716646 775702 798120 600731 390125 1006657 546608 425688 1001 532929 665744 811895 286315 444390 175508 269220 330126 477239 874623 302948 674773 569665 706264 495287 487889 538112
281337 417902 377914 43363 452194 256230 481738 321183 880805 82354 999999999 151023 684616 350464 27199 921977 115642 710273 729729 959778 318111 503189 736746 380001 950587 804850 533408 375408 279403 503332 890969 1042792 364836 699705 745962 819077 280850 648823 601144 737190 505808 784723 974510 652169 404650 668858 428722 779386 351748 915975 280356 762789 459073 320297 121071 86331 177945 805653 496790 511452 561990 749200 658993 660869 417258 758279 596351 700450 645760 896697 244497 448674 495926 562881 708669 697458 796276 528272 329124 989019 518606 474641 83015 457375 591300 757950 211302 367134 97428 188775 269738 404090 861782 371756 650818 488716 633535 477228 425720 466112
215817 527325 261324 194383 535834 403050 370969 386234 953901 220833 151023 999999999 734350 200630 176451 1006783 45142 728016 724851 942203 458513 625154 706644 503223 1049633 859846 518651 526431 406339 652478 991228 1136372 260885 725525 818583 874492 430400 713724 726635 726060 447512 741820 1075890 718394 498859 750601 283280 754127 498427 871214 131993 782462 581481 185265 107530 64801 38089 916471 503420 662272 509558 710796 588797 772131 266430 868630 632973 826312 762626 981048 169135 594384 435717 560810 809173 632474 903003 497284 180326 1071511 596026 623970 221098 416629 548937 775304 209174 227265 140423 158804 304636 256450 953064 521178 729948 410839 596947 571184 436731 440646
567071 361316 671157 676523 262661 746347 666009 363455 249369 724761 684616 734350 999999999 863758 689486 333996 741835 155542 263350 440931 540989 403022 379320 433459 431078 126646 321182 700779 487954 827899 392721 479492 632756 116319 143485 141339 628956 80579 436594 293679 477718 454737 463722 85929 321618 167153 812386 372003 594164 531466 766473 164181 410245 722995 629786 706872 771176 406822 272888 727025 452279 420827 536705 347180 892861 378070 112591 471910 382717 310914 602259 594998 485451 264984 290101 524428 372921 378982 857731 382323 198933 661691 725750 432326 412548 172051 526118 754976 611582 578571 430362 817209 319479 759094 151875 546515 389728 275939 315870 383393
296982 710676 232126 393598 701788 595325 320836 547999 1099486 412829 350464 200630 863758 999999999 374700 1162264 236013 825056 796390 988222 657680 814335 747825 694735 1217127 990283 594291 725051 601097 846011 1160376 1298185 259992 831310 966638 1004942 630835 857892 916950 790021 475824 763520 1245119 863583 673516 908265 144668 798767 698969 883620 98911 879099 771458 148957 288642 265063 173395 1094883 604184 861784 537767 740619 581772 952467 69944 1047174 754358 1016149 947003 1136501 262633 794707 463113 646952 980905 629693 1078380 555641 23934 1223969 754925 824504 412903 473885 586671 869710 354597 141616 330300 303132 455075 112349 1115048 715770 885949 415157 637822 743238 549015 513125
305865 410707 404805 20715 451385 229171 508197 326410 880190 56905 27199 176451 689486 374700 999999999 918675 138862 720828 743842 975146 300864 491652 754471 368891 943877 808204 549953 350440 268145 476787 884086 1037221 391218 708918 745880 822301 258318 650807 588089 752218 527897 803995 967180 653858 401720 667071 455537 796312 331054 935195 306685 772805 447645 347464 146591 112190 201532 796256 510426 487139 583170 767990 681771 651778 442081 749130 604173 686994 635148 893560 270144 428243 518266 577380 702233 719581 787982 547034 352982 986091 518674 451913 57665 477802 611162 768379 231135 394221 119004 212373 282103 430644 857132 345269 649706 512791 652492 473675 439346 484590
872119 514093 989519 901378 472371 898326 995064 620807 97646 938669 921977 1006783 333996 1162264 918675 999999999 1003786 464951 569675 668363 679620 473657 691564 573349 122068 239598 654640 800807 664509 886069 125532 145501 950698 430856 200203 231091 770738 309516 428675 599538 810545 761354 151432 302875 517336 256183 1129018 671180 707706 808260 1063378 442141 508350 1030427 899257 966132 1044844 231144 600794 766604 786251 733140 867489 314023 1199859 248255 442215 387426 352082 25796 900513 660975 817774 598923 234720 851296 205384 712586 1152764 68514 410812 714264 939562 761627 745739 455016 809744 1067366 870763 862621 708809 1130037 75441 865210 277240 878076 719850 445010 631391 712642
247954 513856 304905 158196 531477 361577 414235 386159 954740 178746 115642 45142 741835 236013 138862 1003786 999999999 744674 747507 968705 431227 607119 735451 484186 1041601 866183 542661 489049 385176 611783 982649 1130476 302434 739928 819213 880745 396428 716442 707316 750312 481381 773691 1067020 720713 490650 747977 327362 781955 467148 903837 175667 798809 563113 230359 113189 38171 62682 903688 521690 625985 542540 741548 625911 758876 303967 855946 643821 806998 747087 978157 202209 563904 469920 581854 800121 668698 891804 525169 214137 1069428 594116 590206 178931 446159 579866 792261 223275 272304 133210 177834 311793 299828 947688 480887 728122 448601 626794 563553 453106 466664
532762 466470 610484 711660 357781 820077 581706 404101 370562 764614 710273 728016 155542 825056 720828 464951 744674 999999999 108731 302655 633437 531522 228437 535203 573006 227181 235326 799301 566872 936417 540345 607711 574432 39239 292975 238136 713884 230556 579712 139272 385078 301855 605593 237245 412378 321632 750128 216847 693301 376411 732912 54604 529869 677517 631899 713770 762041 561993 225178 844982 344157 270238 407959 498756 842682 533598 134875 623464 532137 444832 574866 710931 395391 179073 445371 387706 527848 285845 823267 501374 310220 778431 765614 358371 296473 47765 521412 701125 624199 569371 441006 760793 464099 852584 304417 457422 261575 388410 291648 313959
516534 543180 571029 737466 434078 869116 524668 447154 473800 792277 729729 724851 263350 796390 743842 569675 747507 108731 999999999 235310 698091 619840 121948 607900 680053 330255 206784 864855 625030 1007044 648609 710665 538101 147426 401683 339835 772110 335386 676417 30551 330417 193409 712550 342436 483463 427746 705669 108769 760916 272922 710080 130241 613059 647434 637660 720263 756015 670162 233551 922767 277999 163465 318616 601799 805311 640843 216749 726009 633434 550465 561812 788882 342309 167034 552036 291561 636171 240875 797710 602198 396914 856088 793261 322638 226320 116904 527192 664135 637493 569674 462217 720459 571972 914132 409359 401444 181155 471839 304545 287261
728171 767914 756481 969718 658740 1104356 686714 682417 572444 1024876 959778 942203 440931 988222 975146 668363 968705 302655 235310 999999999 929752 833675 240513 835405 789463 447165 427584 1096431 858604 1236334 773606 790780 728858 336584 551376 449670 1005930 521334 876822 223145 512653 238268 819734 526860 711481 605030 879052 190079 991432 179111 910347 277053 832512 841452 861957 944016 970753 824652 466885 1147162 450458 250798 432157 786825 985850 805050 435636 911041 823351 656217 774730 1013050 525382 398388 722437 387207 789412 445185 993112 678264 612873 1080542 1025852 527130 402167 270652 753099 849232 865623 791806 694893 899272 695253 1147213 592154 574594 351251 690991 537250 502069
474504 182182 610424 280160 280162 219276 689121 270108 664900 294016 318111 458513 540989 657680 300864 679620 431227 633437 698091 929752 999999999 211721 756211 111249 679809 634328 559273 166777 83511 311544 620105 778974 581863 606959 542582 646220 92331 475960 296168 717547 619164 824338 698824 475672 222372 453661 705387 783489 65927 946515 573148 674341 172229 587904 375282 396384 491193 518732 489866 250559 653261 783922 768290 380063 719791 474061 498755 392251 354570 656590 464963 142259 614806 556157 447172 791686 517198 586644 638443 748069 342171 191479 294654 551821 658057 675143 368227 637052 331290 395707 321748 687723 609620 219609 444182 639509 681566 268083 434468 530624
575348 113484 714722 471722 197552 426860 769618 303792 470441 496291 503189 625154 403022 814335 491652 473657 607119 531522 619840 833675 211721 999999999 706360 123250 468121 467836 540882 329897 223811 435283 408477 567591 679838 497161 361800 477382 299732 325332 103001 645336 648083 781665 487191 322202 174781 273183 832614 720729 234049 888917 720792 559636 44127 716777 526020 569543 661464 308331 463701 326687 663184 741589 776996 168361 869142 262846 403322 201814 144607 451799 582073 199806 647872 515929 239099 788224 305536 585081 798221 541649 222977 263429 497045 579750 651253 564240 477627 763641 486084 520855 393876 821414 401559 393879 271528 689384 659263 150352 434406 543512
491272 618240 516286 751371 512220 906455 450918 490906 595747 806978 736746 706644 379320 747825 754471 691564 735451 228437 121948 240513 756211 706360 999999999 676959 801283 452195 207029 921207 677691 1067749 768610 832587 488351 265728 520421 461764 821546 446203 772568 92678 272145 77115 833834 453615 554404 539322 641280 51377 821218 190441 670061 251523 693766 600939 632152 713029 733790 784996 267122 992911 210172 41801 213019 707298 746857 753391 313414 829964 736172 672203 538017 860756 284874 200095 663761 178001 751590 210512 752601 723906 486884 926786 807924 290029 161726 238258 526348 609257 640407 560687 482003 660391 692530 965177 519356 335219 111055 556065 330257 271195
469716 72236 609477 349130 177551 329165 673870 216527 554800 376044 380001 503223 433459 694735 368891 573349 484186 535203 607900 835405 111249 123250 676959 999999999 581927 523568 490456 267518 100766 401227 521920 678976 576515 506291 431414 535316 203317 366082 223440 629627 574122 748540 603151 365489 124437 342653 720663 699575 160782 865693 602784 573020 79125 603644 406093 446742 539186 428245 416188 316169 599102 707916 714823 284739 751332 381603 400489 323146 266274 549744 471199 183971 571877 478060 344015 732658 422135 525990 677957 641862 234712 249861 376838 505205 596021 574826 367477 651491 365112 406824 294508 707508 505179 325815 332937 605997 612883 158294 371076 475940
935051 533169 1059850 925250 515856 893376 1075581 669347 217093 956909 950587 1049633 431078 1217127 943877 122068 1041601 573006 680053 789463 679809 468121 801283 581927 999999999 353321 745244 780378 679687 847195 60013 102136 1021141 536865 288400 346649 767118 389714 399704 710341 898320 873082 32682 382240 551132 315076 1196639 784147 696971 925910 1118483 555339 508483 1092494 942947 1003475 1087628 171790 684795 725989 879800 843059 967741 299761 1259821 209133 531821 333581 328681 133587 958968 635788 904470 691986 241961 954940 163755 803163 1205637 142499 463404 680976 957737 844555 842531 567836 862530 1132399 910411 914301 762294 1194761 112222 844360 338930 962988 820790 478498 706017 796122
693493 452160 795296 794275 366690 847354 784969 484210 143657 840626 804850 859846 126646 990283 808204 239598 866183 227181 330255 447165 634328 467836 452195 523568 353321 999999999 436056 786163 590981 902651 329285 380792 757116 195732 115386 14702 725247 160967 475215 360008 592787 521773 385363 159892 424422 196137 936657 431796 681286 573339 893085 202685 485216 849007 754671 830746 896859 379316 395459 793928 560909 493695 633858 367061 1018719 364451 237076 484739 407948 221325 728896 667053 601461 378096 290155 614851 344116 492631 984355 274372 298406 731261 841602 552339 516826 215478 652100 880250 735016 704711 555401 942299 250736 847329 196451 663336 486521 366599 441928 503845
309892 440148 375498 545935 343623 700178 350011 289912 570008 601475 533408 518651 321182 594291 549953 654640 542661 235326 206784 427584 559273 540882 207029 490456 745244 436056 999999999 721727 478339 869994 700606 800086 339985 249877 458156 449605 619237 356592 621702 207664 156920 267446 777486 364255 374061 442014 514817 246475 625029 394948 505373 287739 520322 445682 434583 516858 549395 686284 77243 802743 136182 227859 240494 580399 608555 646726 213575 694584 600983 631019 355036 673660 165405 58311 558316 247439 656807 58025 594211 703241 339959 737772 602432 123127 111214 277383 325524 466843 438386 365068 274998 525903 633071 762829 418438 227355 122710 393782 125789 81396
598170 339496 725095 332049 443621 150494 815210 431837 800191 316274 375408 526431 700779 725051 350440 800807 489049 799301 864855 1096431 166777 329897 921207 267518 780378 786163 721727 999999999 243660 149796 722890 882252 701768 771971 686912 797149 110053 631625 380676 884174 769243 988140 794225 630476 387142 597276 799292 949509 106768 1111634 654453 839119 303054 685523 469045 461702 551713 610310 654281 138518 808244 947893 921834 488041 792501 571399 664469 459030 453448 779867 578739 145512 763625 721388 566390 948195 617282 745546 703116 868046 502200 123010 316415 703889 817001 840350 494524 734239 426290 509117 469719 776758 727114 64429 591406 781485 843251 425001 596135 687324
397333 150464 535177 248447 225763 258408 609832 188465 638128 277223 279403 406339 487954 601097 268145 664509 385176 566872 625030 858604 83511 223811 677691 100766 679687 590981 478339 243660 999999999 391684 619697 775394 505041 543069 509142 603794 147399 430182 322368 643078 535666 744499 701774 431098 167027 423207 637066 706779 149002 868132 511804 610675 179712 519379 313417 348129 441543 528508 410673 333970 569963 704238 684888 384446 660028 481616 433525 421967 367003 640216 391651 219771 531359 478058 439656 708662 521391 504093 583383 732842 292906 273851 278053 468313 575558 610368 291532 568118 270843 323868 238779 621516 598730 289241 409945 556778 600213 228096 352973 447513
743323 470689 866540 460619 578671 250697 959841 580148 899062 433353 503332 652478 827899 846011 476787 886069 611783 936417 1007044 1236334 311544 435283 1067749 401227 847195 902651 869994 149796 391684 999999999 793445 948971 845099 907095 796873 912476 258741 754494 457430 1027479 918918 1135717 855978 752394 524853 708465 931865 1094577 246776 1258030 783447 973460 418966 820994 606905 588866 673510 675576 801346 121254 958016 1095344 1071627 573468 915051 643458 801715 514090 534146 867563 721235 235614 913204 867683 657013 1097905 689469 894892 823120 950771 632080 173531 433242 853672 966367 975647 641135 868942 565646 652349 619455 907407 810772 131612 706201 930118 991884 553202 744650 836951
880342 473388 1006814 865411 458653 834191 1025752 612388 205847 896916 890969 991228 392721 1160376 884086 125532 982649 540345 648609 773606 620105 408477 768610 521920 60013 329285 700606 722890 619697 793445 999999999 159760 968204 502942 249310 324843 707729 344014 342464 679111 851804 842015 84806 336356 492466 263796 1142677 754711 638132 901980 1061872 527632 448622 1037332 884752 944505 1029184 119006 637566 672438 836065 810395 927484 240155 1204016 151654 488203 281932 270145 125133 903226 578787 857471 648835 182595 916941 105615 758256 1148550 170789 408275 625623 897743 796216 800658 539616 805860 1077874 851764 857348 705969 1140085 78586 787025 287891 915086 781472 420058 655262 748174
1011124 627126 1131320 1018990 600611 993767 1139472 752533 237174 1052403 1042792 1136372 479492 1298185 1037221 145501 1130476 607711 710665 790780 778974 567591 832587 678976 102136 380792 800086 882252 775394 948971 159760 999999999 1092493 574612 344160 370831 867127 452401 501615 740117 955860 900684 96220 445473 640133 390065 1270058 809699 797872 940006 1199298 581629 607079 1169306 1029129 1092482 1174453 273849 745469 827736 931731 873916 1012120 399487 1338055 310861 587436 435052 429883 169235 1037702 737800 962992 744424 335760 994983 265126 858047 1287740 112650 543454 783088 1053251 906295 891014 594744 944151 1207427 998290 996596 843305 1270045 183487 946292 412793 1023117 864464 567133 773958 857357
107721 566901 38829 400597 523217 611854 117059 378940 877997 447130 364836 260885 632756 259992 391218 950698 302434 574432 538101 728858 581863 679838 488351 576515 1021141 757116 339985 701768 505041 845099 968204 1092493 999999999 584894 750827 771501 592946 641219 780905 530645 216206 507993 1051371 647823 513335 706140 179630 539121 639683 632088 184841 627500 642205 112712 245421 298527 274762 921472 362210 823639 278737 482885 336485 787887 268586 875418 520421 874621 792364 925396 124204 723491 203477 395368 798062 382734 899315 297300 264262 1007762 561685 771119 447761 217295 326896 617324 213742 126864 282083 192810 285995 186657 913003 715888 682424 160510 378014 572490 319671 260514
536442 436468 621784 698789 328794 798449 599457 387519 337887 750819 699705 725525 116319 831310 708918 430856 739928 39239 147426 336584 606959 497161 265728 506291 536865 195732 249877 771971 543069 907095 502942 574612 584894 999999999 254805 207710 689372 191722 542626 177898 404014 339993 569506 198312 384881 282472 762427 255859 665559 415564 737490 67608 497260 685020 626785 707870 760405 522900 227385 813442 367506 307490 438223 460085 852023 494362 109799 584845 493854 410061 577008 679594 413643 191817 406143 420469 488817 303751 828402 469914 277595 747051 751820 371430 321945 68552 517260 710975 616406 566741 432162 771552 427221 826503 265468 475868 290802 356409 289225 325017
674177 362709 789634 730139 294622 759910 795316 433140 135529 772451 745962 818583 143485 966638 745880 200203 819213 292975 401683 551376 542582 361800 520421 431414 288400 115386 458156 686912 509142 796873 249310 344160 750827 254805 999999999 121101 634731 109732 361218 432232 612814 594741 320955 103457 347628 89656 929447 509184 584231 662589 867934 286808 383900 832373 711337 782259 856432 274509 401384 685412 591911 562137 679562 251734 1002179 253872 244626 369743 292771 175285 704189 561583 619596 404015 175445 667896 239458 516174 958074 257861 227361 624182 773396 562181 554140 297715 616782 868409 686107 669903 516368 931076 176386 749476 99244 679317 532922 281055 431334 513273
708137 464112 809653 808290 379899 859812 798756 498545 134180 854464 819077 874492 141339 1004942 822301 231091 880745 238136 339835 449670 646220 477382 461764 535316 346649 14702 449605 797149 603794 912476 324843 370831 771501 207710 121101 999999999 737332 174142 482135 369349 606239 530544 378441 172754 437424 204809 951020 440141 692542 579314 907764 211236 495666 863589 769277 845272 911518 379284 409732 803054 573748 503134 645481 372601 1033278 366223 251594 488855 413792 213837 743582 676862 615002 391560 294237 625814 344189 506014 999037 263275 311484 740734 855439 566301 529290 224221 666780 894737 749514 719399 570027 956761 246270 858549 206482 676933 498316 378769 456531 517870
488686 273313 617158 238382 366601 127589 705783 330640 757197 235816 280850 430400 628956 630835 258318 770738 396428 713884 772110 1005930 92331 299732 821546 203317 767118 725247 619237 110053 147399 258741 707729 867127 592946 689372 634731 737332 999999999 566074 375863 789726 660500 886511 784965 566076 307844 545915 696475 852181 79411 1011862 554843 756965 262466 581237 364294 365781 458791 603093 554515 234621 700885 846565 813805 467646 696631 559674 580103 467582 439566 747944 470511 174417 654625 622775 537448 841232 603756 640218 609810 839113 430845 193791 236222 595778 711518 756983 384639 630270 320761 400649 361378 675304 700074 143669 536173 671598 739683 358657 493455 580991
564700 294034 680035 636207 205761 687099 687735 330793 241786 681395 648823 713724 80579 857892 650807 309516 716442 230556 335386 521334 475960 325332 446203 366082 389714 160967 356592 631625 430182 754494 344014 452401 641219 191722 109732 174142 566074 999999999 356018 365072 508633 522835 421677 7767 263481 93127 819743 443973 525653 606696 759316 244370 335615 722828 606959 680040 751368 340262 295200 650970 492153 486958 586158 268428 892708 307212 145050 393221 302945 284314 595306 520160 514761 305409 217572 579099 307915 414267 849724 367480 137444 586257 682364 455441 457922 251698 509736 758691 583842 562868 409973 821356 277975 691511 74005 573498 442235 207932 321891 406786
677143 214094 816206 567815 280852 498935 868220 403084 446234 588380 601144 726635 436594 916950 588089 428675 707316 579712 676417 876822 296168 103001 772568 223440 399704 475215 621702 380676 322368 457430 342464 501615 780905 542626 361218 482135 375863 356018 999999999 703871 738708 849165 414012 350971 270501 281647 935303 781488 301232 948882 823681 599794 145512 819639 628473 670012 762624 230189 544694 338508 749110 809927 860960 117270 972069 190835 461127 99715 76785 410199 684748 236328 739381 590656 202135 868624 236872 669501 900631 493830 286722 285833 589076 671239 732886 606363 580311 866381 588126 623831 494965 924322 353448 444677 288776 783695 736076 228900 523266 632412
515187 566090 562423 746621 457363 884097 510905 462437 503431 801748 737190 726060 293679 790021 752218 599538 750312 139272 30551 223145 717547 645336 92678 629627 710341 360008 207664 884174 643078 1027479 679111 740117 530645 177898 432232 369349 789726 365072 703871 999999999 319273 162931 742817 372187 505287 457625 694938 78920 780971 245011 705720 158849 637330 641227 641767 724194 756295 700500 243943 945169 263764 133799 295289 630853 796362 670932 243180 754876 662044 580509 561055 811515 331511 175248 581995 265814 666557 235011 792242 631261 422683 878544 802725 317781 211773 145594 531995 655803 643678 572655 471748 710909 602415 932319 438991 388971 163799 496576 314126 285984
233546 538333 244935 529865 458425 716872 196852 357894 726793 584056 505808 447512 477718 475824 527897 810545 481381 385078 330417 512653 619164 648083 272145 574122 898320 592787 156920 769243 535666 918918 851804 955860 216206 404014 612814 606239 660500 508633 738708 319273 999999999 295898 930310 516148 473684 590034 375690 322965 684220 424007 398749 434444 620050 328823 389592 464815 470860 829242 214433 869584 63301 268054 155794 713446 477763 787388 368465 820316 728981 786658 279253 749211 12730 214692 701106 191688 801508 100389 480462 859963 471387 808252 584904 68962 110886 422846 299005 338291 408946 318076 299607 391926 786407 799758 566054 72414 162046 510890 215701 107735
526262 691492 531672 802442 586543 966517 453265 556479 664720 857956 784723 741820 454737 763520 803995 761354 773691 301855 193409 238268 824338 781665 77115 748540 873082 521773 267446 988140 744499 1135717 842015 900684 507993 339993 594741 530544 886511 522835 849165 162931 295898 999999999 905519 530204 627004 615923 646917 91795 889761 131255 692535 319309 767998 620265 675156 754102 766337 861042 334564 1063902 232850 40625 194195 784409 755498 829934 390491 907065 813251 742773 572766 932505 308258 270482 740405 148961 827455 257306 770597 790753 563133 998068 858877 328994 194345 306356 573421 622567 687495 603048 539036 669022 765343 1030146 596149 348667 151806 631314 393120 320022
964415 556669 1090041 948339 543433 910548 1106873 697146 247825 978851 974510 1075890 463722 1245119 967180 151432 1067020 605593 712550 819734 698824 487191 833834 603151 32682 385363 777486 794225 701774 855978 84806 96220 1051371 569506 320955 378441 784965 421677 414012 742817 930310 905519 999999999 414168 577070 345663 1226414 816466 713469 957543 1146588 587575 528436 1121607 969481 1028865 1113831 183923 716619 734732 912166 875606 1000366 319208 1288528 225318 564134 341953 345466 164853 987703 649078 936376 724385 266911 987619 181661 835380 1233337 162230 492444 691928 979665 876183 875056 600114 890578 1161878 936332 942115 790604 1224162 144654 857890 369622 994726 853442 504760 736985 827826
570743 293585 686644 639096 207383 687595 694909 334833 236420 683923 652169 718394 85929 863583 653858 302875 720713 237245 342436 526860 475672 322202 453615 365489 382240 159892 364255 630476 431098 752394 336356 445473 647823 198312 103457 172754 566076 7767 350971 372187 516148 530204 414168 999999999 264677 85719 826230 451072 524687 613511 764956 250032 333434 728924 611513 684205 756085 332627 302605 648210 499850 494414 593925 262064 898750 299777 152812 386868 296975 277601 601041 517785 522232 313151 210212 586846 300226 421907 855275 361313 138818 583693 684890 462748 465678 257590 514876 764998 587992 568014 414923 827668 270575 690635 67172 580883 449990 207591 328635 414130
412288 66183 549622 384913 58961 425050 597837 134437 480132 425260 404650 498859 321618 673516 401720 517336 490650 412378 483463 711481 222372 174781 554404 124437 551132 424422 374061 387142 167027 524853 492466 640133 513335 384881 347628 437424 307844 263481 270501 505287 473684 627004 577070 264677 999999999 265773 674472 575755 280938 742375 576288 452142 147451 561712 392791 452574 536775 421384 297955 440041 491070 586421 605840 280023 722250 373715 277503 361573 279861 492090 425546 306827 473254 356824 310316 619830 405395 414462 660103 584504 126050 373507 426194 405183 482576 453219 322762 606441 359305 371418 229313 666549 457937 441973 249534 514727 495296 73004 261452 370019
621663 275020 744874 650549 217142 671593 761959 364680 215123 690805 668858 750601 167153 908265 667071 256183 747977 321632 427746 605030 453661 273183 539322 342653 315076 196137 442014 597276 423207 708465 263796 390065 706140 282472 89656 204809 545915 93127 281647 457625 590034 615923 345663 85719 265773 999999999 882158 536462 494612 698034 809361 330044 294296 779659 643074 710440 788661 247909 375614 598283 578178 580083 675639 181951 948109 214086 235105 306022 219842 230449 647648 472955 595207 393567 124504 670287 216348 498889 898110 321461 154669 536245 691731 532984 546459 338669 554639 818542 614858 607320 453697 881058 207685 659820 24117 652030 533205 196049 391522 485270
263717 722158 141376 471250 691257 684471 193874 541118 1057355 503526 428722 283280 812386 144668 455537 1129018 327362 750128 705669 879052 705387 832614 641280 720663 1196639 936657 514817 799292 637066 931865 1142677 1270058 179630 762427 929447 951020 696475 819743 935303 694938 375690 646917 1226414 826230 674472 882158 999999999 692655 755726 760690 151764 802370 792276 117705 332697 344281 272126 1090477 541503 931082 433117 628484 457699 953278 110641 1043696 700038 1031930 954181 1103614 250554 847067 363553 571556 969420 505855 1069975 467570 163556 1186733 734687 886075 503842 391769 484550 791695 354996 69174 376743 314082 445399 32816 1089580 800253 858664 306924 535020 738326 498805 437411
539286 638011 567390 792410 530132 941288 502164 522215 574231 847948 779386 754127 372003 798767 796312 671180 781955 216847 108769 190079 783489 720729 51377 699575 784147 431796 246475 949509 706779 1094577 754711 809699 539121 255859 509184 440141 852181 443973 781488 78920 322965 91795 816466 451072 575755 536462 692655 999999999 847801 168189 720277 229112 711082 651621 677181 758600 781939 778752 298868 1015691 261314 76162 260290 709671 798193 749612 320383 833599 740630 653070 585964 882565 335686 229747 660787 221891 744671 256920 803318 699444 498728 949226 848905 337973 212252 216404 570029 660437 683701 606162 520450 711740 677465 995511 517904 386555 161231 571205 365568 315911
532987 232848 666817 310604 337006 197706 748936 336021 701099 313244 351748 498427 594164 698969 331054 707706 467148 693301 760916 991432 65927 234049 821218 160782 696971 681286 625029 106768 149002 246776 638132 797872 639683 665559 584231 692542 79411 525653 301232 780971 684220 889761 713469 524687 280938 494612 755726 847801 999999999 1011414 618698 732618 202081 638930 423345 434547 528806 530433 555217 186597 718961 849307 833878 399111 763212 488334 558429 390413 368334 685774 520425 97252 679656 621125 473112 857531 533228 652565 678687 775678 395490 131571 313709 617125 723982 733992 426890 688166 379178 450572 385941 736425 635426 166054 487577 703078 747385 318547 500339 596431
656073 805269 653236 933514 697829 1095111 567186 681234 710640 989051 915975 871214 531466 883620 935195 808260 903837 376411 272922 179111 946515 888917 190441 865693 925910 573339 394948 1111634 868132 1258030 901980 940006 632088 415564 662589 579314 1011862 606696 948882 245011 424007 131255 957543 613511 742375 698034 760690 168189 1011414 999999999 816923 375947 878994 743368 806190 884823 894849 935775 457543 1181847 361656 168023 303088 874216 870684 909259 488041 998632 906278 792713 702391 1049151 436080 390362 821563 254905 901129 388323 892104 827668 666856 1115536 989975 460025 325366 364874 704673 742049 818751 734059 668610 784868 823646 1155512 680664 471646 282787 739342 519694 450983
201213 615324 167496 323475 603401 534662 272631 449592 1000990 352774 280356 131993 766473 98911 306685 1063378 175667 732912 710080 910347 573148 720792 670061 602784 1118483 893085 505373 654453 511804 783447 1061872 1199298 184841 737490 867934 907764 554843 759316 823681 705720 398749 692535 1146588 764956 576288 809361 151764 720277 618698 816923 999999999 787253 678417 75911 198592 194592 121381 997633 510105 788634 461882 666581 519905 855781 148549 949996 657800 922461 851387 1037611 164411 712751 386072 556100 882764 566726 980633 470720 91347 1125172 656086 747069 353051 387965 508350 778300 256013 102725 242101 205097 356290 124466 1016188 651953 787038 345301 559117 645445 452738 423981
587249 502774 663230 763204 395675 865915 631296 453476 345412 815728 762789 782462 164181 879099 772805 442141 798809 54604 130241 277053 674341 559636 251523 573020 555339 202685 287739 839119 610675 973460 527632 581629 627500 67608 286808 211236 756965 244370 599794 158849 434444 319309 587575 250032 452142 330044 802370 229112 732618 375947 787253 999999999 561674 731344 685938 767671 816566 560735 279775 878463 390341 292534 445424 511111 895942 536313 177309 635725 546896 423968 629445 744853 445154 232472 450590 420896 525884 336342 877508 472444 342555 812232 816729 410858 341004 13348 575586 754296 677600 623774 493983 813624 449788 893917 315917 506856 302063 421609 345935 367253
536823 81766 676502 427758 181546 390042 734590 269544 499018 452990 459073 581481 410245 771458 447645 508350 563113 529869 613059 832512 172229 44127 693766 79125 508483 485216 520322 303054 179712 418966 448622 607079 642205 497260 383900 495666 262466 335615 145512 637330 620050 767998 528436 333434 147451 294296 792276 711082 202081 878994 678417 561674 999999999 675988 482961 525580 617680 351071 443634 317200 638512 727615 753277 209230 826872 305040 398259 244976 187981 485736 541896 184778 619160 499509 275088 766794 346857 561806 755121 576687 219744 251507 453756 551300 629541 565283 437523 723201 442686 479620 356767 780424 437662 365961 289285 658319 640609 141705 408862 517219
158309 607221 91740 361594 581971 576374 197262 429772 963204 398740 320297 185265 722995 148957 347464 1030427 230359 677517 647434 841452 587904 716777 600939 603644 1092494 849007 445682 685523 519379 820994 1037332 1169306 112712 685020 832373 863589 581237 722828 819639 641227 328823 620265 1121607 728924 561712 779659 117705 651621 638930 743368 75911 731344 675988 999999999 216944 239577 186258 980428 458665 815806 391445 595547 444931 841442 170087 933276 612126 916857 840749 1004799 136168 729722 316093 498953 861420 492024 961157 406710 151710 1090234 629169 769625 399167 324941 439369 721743 239840 49237 260637 196828 334037 104934 987328 689531 756613 271921 490438 627468 407133 364686
160900 424408 261655 155178 428526 367662 362479 278738 846723 203212 121071 107530 629786 288642 146591 899257 113189 631899 637660 861957 375282 526020 632152 406093 942947 754671 434583 469045 313417 606905 884752 1029129 245421 626785 711337 769277 364294 606959 628473 641767 389592 675156 969481 611513 392791 643074 332697 677181 423345 806190 198592 685938 482961 216944 999999999 82630 145588 812128 409703 598873 447899 641206 540848 668315 346620 764285 530807 727805 660593 873521 123554 515881 379137 471243 702997 580642 797752 421767 272201 963993 488496 553409 203911 346172 480837 679539 110970 265994 44183 72148 199425 313130 845765 476024 622425 368561 525599 464731 340535 361302
231849 475748 305847 129689 493775 340299 413417 349437 917785 159652 86331 64801 706872 265063 112190 966132 38171 713770 720263 944016 396384 569543 713029 446742 1003475 830746 516858 461702 348129 588866 944505 1092482 298527 707870 782259 845272 365781 680040 670012 724194 464815 754102 1028865 684205 452574 710440 344281 758600 434547 884823 194592 767671 525580 239577 82630 999999999 94813 865582 492153 597471 524727 720910 612818 720787 331220 817832 610268 769716 709192 940524 188272 530844 453795 553872 761970 654305 853641 502519 244275 1031901 556769 559442 160025 425347 559811 761459 193516 284774 96219 152439 277680 318764 909758 457401 690724 437138 605567 525497 422714 442712
