NAME : synthetic_000050
TYPE : CTSP-D
DIMENSION : 100
GROUPS : 8
RELAXATION_LEVEL : 1
EDGE_WEIGHT_TYPE : EXPLICIT
EDGE_WEIGHT_FORMAT : FULL_MATRIX
EDGE_WEIGHT_SECTION
999999999 787502 988756 574340 312453 325517 833989 544840 465716 691585 479627 176317 458782 875458 944611 1067988 380012 917040 966092 653488 688521 568131 624293 131757 393257 1058905 724118 505973 768008 657030 777974 713704 488657 805708 511287 763540 818660 602769 764593 320554 1036851 733242 125998 884201 877667 928358 825863 730717 722579 850873 573787 216775 600347 513718 863498 640938 468092 169735 716747 945803 720385 318690 879231 478714 229362 943253 907794 806707 135217 698687 464445 679790 1159203 760898 726375 47552 239685 648562 1047385 664951 114255 966636 232615 181387 328862 1024003 867681 252276 357024 652440 767720 118911 816773 565118 914130 210481 521396 101440 92980 1096966
787502 999999999 560286 715231 481055 609528 652454 469270 337904 460330 344582 956591 350442 589531 723780 802821 974469 867002 634787 629254 573951 225791 684355 900284 669850 801668 947319 894324 67981 151498 1100475 326703 304231 1045784 760646 242854 510924 542185 667607 767004 590542 1023936 912058 1130746 390698 1003871 1148440 78786 1028557 1220769 631562 571339 329585 892705 1046085 873735 761273 700306 210028 523758 679426 491955 509304 310684 643246 654339 1208580 886590 922129 414589 323072 895869 817561 40762 1049672 764713 954102 181379 676221 498135 818824 606253 685652 606281 487973 649232 460320 538300 832468 416599 1127980 669571 287752 1082773 561953 997085 715790 796290 729667 713541
988756 560286 999999999 539809 720102 673366 255795 444200 731230 297558 562522 1159060 593466 156265 237816 261944 953461 436165 111539 405226 337234 571276 472885 1045284 648488 264552 674557 768720 497846 650306 835085 311327 687980 742902 628678 336449 174790 404364 334942 771537 48095 764933 1104127 803755 171421 604756 867610 618235 778432 951979 477220 829131 419030 761400 703746 647926 661507 830291 392438 45251 385437 691135 109917 630609 763674 155025 895980 540330 1095430 292873 662474 644851 257312 532089 803349 946008 1031859 687757 117494 330023 950872 76630 777334 850097 835030 92585 128394 772716 806766 338221 879743 885185 277372 963123 91358 1178002 582290 937114 982268 153612
574340 715231 539809 999999999 455782 272510 307428 246756 608764 301737 425378 713810 444355 388266 404268 522633 420215 342742 470387 135146 207681 540126 68075 579022 182542 512196 237927 229919 654999 684387 385285 424493 585478 339439 90662 521740 375258 182092 223055 273177 582646 308967 659935 427998 519657 376497 433742 714729 313333 505690 85446 519940 385649 223221 359736 158600 130423 406596 520041 509597 169505 409393 441495 515817 360928 433120 497739 245070 639797 343943 537971 183917 628472 674551 334701 526799 529110 707212 549721 252939 493748 486280 343134 518362 609473 534091 461015 470754 284625 317269 413710 513954 531960 428424 448919 716015 54743 489436 612181 594314
312453 481055 720102 455782 999999999 205329 621112 301613 196406 435919 171556 487244 147525 633900 731480 851154 529329 764437 720844 470245 474679 257519 474770 419400 304260 843928 676603 525124 456812 364052 789426 421597 200385 775858 441743 457794 563266 388757 572778 343780 767360 723123 438446 864421 587663 830612 841204 431795 719778 893536 409472 111035 306623 527965 810096 587101 416158 226404 407694 675218 543975 46404 614830 170445 182896 708258 917470 698058 444631 428545 163470 622579 924996 451815 733578 284985 477872 364784 797644 425096 338603 713394 230860 138670 153841 771575 592977 60550 412130 385258 799165 193656 514902 675565 658090 522783 420234 315731 274111 847223
325517 609528 673366 272510 205329 999999999 508571 232546 391586 376646 265606 488217 265916 552020 619433 742812 365151 607047 642722 329971 363115 390383 309624 372237 100866 733853 476728 321442 566548 525851 584224 428613 383056 574200 240852 501318 500058 278106 440966 157988 721257 518763 432938 662101 581956 647538 635998 580047 514918 688494 252674 249123 328490 323738 613289 386883 211726 158698 469248 632152 399391 162096 563474 327640 96648 618403 712687 517206 422377 392249 337165 423759 833829 572985 528366 279521 375759 536686 724481 344514 277685 645271 104326 245872 352022 701928 558321 204193 225235 346540 593975 245617 542081 485215 594262 504776 227782 263825 346357 773790
833989 652454 255795 307428 621112 508571 999999999 319829 700463 211572 503716 991695 533818 101919 111726 234673 727576 218007 166491 185741 148341 568000 239715 864729 453919 226159 418776 528124 584481 689264 579802 328306 662883 489670 398009 411296 149339 236261 85459 568062 291053 509169 936488 555332 313610 373895 613627 685780 522639 697713 267449 717668 381327 519981 456493 395235 436877 665531 444820 239833 139519 581217 189083 593088 605105 126169 646415 289231 921474 248170 623958 389855 328138 614834 547556 787628 829722 722714 243091 200970 773436 188744 605150 729353 763061 229633 232185 660778 589833 268713 624068 747661 382730 716168 168002 1001613 357501 764213 849050 286912
544840 469270 444200 246756 301613 232546 319829 999999999 397354 146759 199406 714954 225877 336942 429883 549754 561562 480862 426299 190247 175518 299466 225722 604245 235921 542408 482474 435483 410674 441796 631877 208143 365531 582952 294557 295912 274255 96437 278396 357051 492283 555706 660106 670227 351110 577714 680498 468358 559719 751665 165539 401554 140451 432406 593147 405323 302366 386878 281801 401810 260148 263180 334489 293449 319786 409478 743533 448313 652292 159836 321176 429537 627145 428711 580554 501818 604148 467260 506027 124919 509652 423575 336785 416785 444049 481503 326184 344225 409434 114619 658714 444498 323838 632568 370061 735036 247740 494651 543934 555850
465716 337904 731230 608764 196406 391586 700463 397354 999999999 491919 198897 626927 171507 684612 802848 912788 725424 877846 761301 586811 567758 164300 611018 588704 484057 907565 841982 712730 338194 194499 967828 420656 43934 943276 613656 412540 604240 493790 672977 538523 774540 897854 586224 1032454 572289 970106 1019395 271150 896502 1076890 545138 251227 325299 714641 968499 754599 594853 418206 353606 686504 657500 231734 639456 107417 379229 760486 1092696 838386 600681 466125 76785 787201 966787 320558 912363 451348 663162 182888 828528 500627 518964 745068 427248 286935 150220 800722 604435 236673 607183 434386 981848 353360 476817 870725 690177 670749 583551 495299 397867 875621
691585 460330 297558 301737 435919 376646 211572 146759 491919 999999999 298692 861502 329716 198864 310929 423067 681557 412607 284929 182161 115869 356454 249400 748878 362172 417165 507866 524390 393597 480613 669417 136614 453127 600541 377423 233587 128616 125717 208149 486359 345621 592594 806576 681281 223303 543548 713201 483735 600864 791849 219887 541187 169846 519111 591528 448559 399625 532872 250570 255620 220479 401986 187760 384587 466132 274322 764619 428088 798155 47097 416042 461698 489537 420656 624336 648546 741889 513084 362535 48799 654331 278932 480890 559122 566950 337131 183041 483952 530244 57632 704585 590095 232300 725111 224491 880807 327474 640059 688687 412301
479627 344582 562522 425378 171556 265606 503716 199406 198897 298692 999999999 655672 31398 495780 608412 721736 630051 679127 577373 389568 368920 126192 418978 576181 335047 715852 662775 565981 305980 267916 800255 255507 166150 764462 446380 286260 418411 295716 474086 423525 608641 726827 605226 853255 420396 775740 850917 315636 727835 915166 354360 281812 143493 565837 782820 578763 437037 364150 237216 517279 459326 161950 462029 94080 302641 571753 919943 645119 608283 279316 122232 608252 783616 309102 746079 447501 616035 285571 649639 303023 488144 565118 342740 310189 273061 622502 434165 231368 490048 242187 820210 362132 343651 745680 509491 688496 408913 467087 445663 698311
176317 956591 1159060 713810 487244 488217 991695 714954 626927 861502 655672 999999999 634256 1040135 1100623 1223549 419439 1053988 1130817 807693 849449 740659 770316 140226 540288 1213993 828142 598987 940417 820910 851487 889163 654178 897477 639611 939856 987174 765961 917875 443272 1207119 819973 55327 967525 1052467 1044266 894706 896331 806524 903939 726301 386038 776232 608077 963128 752886 594705 329645 892862 1116748 870498 494988 1049226 650630 395459 1105477 975511 931179 76201 871111 634131 790528 1319213 931719 805227 214197 244578 809007 1212651 832149 220279 1133399 387151 352081 481465 1190141 1039860 426751 457485 824786 831585 293822 992967 600800 1081976 53412 659238 227532 229193 1261893
458782 350442 593466 444355 147525 265916 533818 225877 171507 329716 31398 634256 999999999 527049 639046 752783 627546 706564 608766 415361 397542 125944 441638 559590 342567 746835 680744 574466 317135 260670 814881 285558 142035 782435 459998 311691 449797 322305 502397 423580 639454 742337 584704 871445 449787 799806 865872 314702 742657 928353 376298 256096 174508 574842 803176 595478 447833 351574 260369 548217 486009 144851 493314 71470 292892 603006 936212 668572 589206 310711 95836 626048 815005 316976 760253 428580 604909 274550 681008 332937 473476 596493 335343 285867 241831 653853 465084 208011 491150 273385 833234 340437 370552 749752 540870 668564 424719 451812 420750 729655
875458 589531 156265 388266 633900 552020 101919 336942 684612 198864 495780 1040135 527049 999999999 134277 228747 806134 306026 90707 255831 194818 538304 320517 919207 512894 224330 519708 615438 522048 645774 681348 279627 644063 591587 478289 346938 82695 274273 178677 633087 195519 610139 984825 656614 223797 469245 715514 631878 623270 799558 332746 737527 359315 607839 557419 491675 513527 710716 389828 137915 229563 598468 92855 578107 646548 76027 747959 390815 972880 218491 610027 488827 291101 554364 648179 830565 895309 681257 172578 212399 825853 98557 653597 753674 765641 151350 141142 680167 662672 253762 725220 780130 307179 808126 66366 1054554 433684 814264 880280 221771
944611 723780 237816 404268 731480 619433 111726 429883 802848 310929 608412 1100623 639046 134277 999999999 123383 820937 200108 126502 292961 260040 663385 338714 972004 561243 114542 470792 613500 656251 776564 622737 410412 763904 524288 493359 481107 214430 347962 184004 671986 256611 558759 1045521 576481 352705 369211 649443 765202 574308 733912 374569 829026 479451 604713 476397 466166 534683 775750 522857 242358 235398 692152 221247 695502 716047 83793 669254 322267 1029652 340569 726897 452833 224211 688456 598819 898060 932071 811463 174818 308241 881606 161218 714830 840999 871615 173732 271437 772045 688874 368495 670301 859283 440910 791966 176130 1109159 456959 873094 960694 206922
1067988 802821 261944 522633 851154 742812 234673 549754 912788 423067 721736 1223549 752783 228747 123383 999999999 934904 258290 168140 415881 382620 766912 458638 1094241 683764 11334 559457 723272 736864 870943 699920 506358 872543 597191 610236 564168 310836 470460 305948 792802 257732 642999 1168495 635664 415485 415237 719828 851757 659833 802870 497281 950320 587571 714135 538413 568413 652651 899084 612159 286254 355637 812750 294363 805970 839421 153968 727325 404379 1152284 446817 837769 549990 115215 770324 683460 1021419 1051617 907016 153002 426273 1004278 198783 838058 963056 988605 171280 342568 893182 806920 479745 749279 982305 515151 893308 241087 1231479 576216 996045 1083673 152918
380012 974469 953461 420215 529329 365151 727576 561562 725424 681557 630051 419439 627546 806134 820937 934904 999999999 716821 890170 550311 616232 753287 488171 288727 325654 924015 441199 218573 931455 883370 435335 769645 727967 492972 329577 853337 782168 557783 642813 209615 998135 413235 381912 555015 903860 665030 476534 942121 397832 485030 476304 502243 683411 228387 564771 385254 292610 313190 827964 919463 588857 499730 849545 683055 346531 853334 556725 573206 348168 712058 686283 417081 1044523 938119 392797 350097 175300 889728 969886 636955 266668 904627 298933 474160 634401 953831 860094 493332 152275 671505 412650 419687 885363 186525 864025 394101 372461 284352 466934 1014487
917040 867002 436165 342742 764437 607047 218007 480862 877846 412607 679127 1053988 706564 306026 200108 258290 716821 999999999 325860 295080 312653 762285 297478 917066 524364 247207 307589 498678 799186 892383 441808 540661 844421 338902 415055 627689 367061 384676 207626 610856 456719 387167 1000757 381005 528293 169105 461828 895731 404507 545242 358263 845707 575900 488966 282051 333758 460041 748837 657715 435074 221865 719924 398798 772573 699992 281167 473554 152147 979098 455256 801337 307871 372547 828567 427523 869493 854397 923897 370413 386313 834717 359695 685362 849396 915668 372790 445747 792077 607869 465531 491345 852226 600735 649727 364086 1052975 396295 831451 952000 393765
966092 634787 111539 470387 720844 642722 166491 426299 761301 284929 577373 1130817 608766 90707 126502 168140 890170 325860 999999999 341200 284158 609385 402312 1009528 602272 167645 578457 694034 569030 706685 735949 345792 719664 640772 560983 397186 159037 364904 251541 721501 132480 668248 1075505 697901 247802 494837 765968 684798 682686 850533 420152 825709 437370 686013 597704 560807 597981 801419 446873 122550 305224 686519 127869 656057 737234 45978 790488 437587 1063439 298066 688154 553436 206263 602609 707526 921249 983869 743219 82141 302310 916303 35503 744202 842640 849174 63706 174786 768395 748885 337298 782009 870172 347066 882636 74192 1145036 518095 904852 970090 131076
653488 629254 405226 135146 470245 329971 185741 190247 586811 182161 389568 807693 415361 255831 292961 415881 550311 295080 341200 999999999 74289 485355 71245 679403 268510 406411 325882 365018 564757 624161 487276 315809 555717 419991 223464 413981 240398 94875 111126 382673 448723 410498 752620 502708 389875 388729 531133 641469 419029 609711 81801 556030 307594 358191 416880 268121 257701 484043 423435 374472 73731 426381 306395 483641 426428 307320 584004 261858 736728 228322 511002 279636 513715 588686 442694 606580 644724 652075 422212 135678 588673 354351 422466 562988 620748 404589 327347 500953 407684 213688 522939 573866 414034 562729 314696 816444 177891 580176 675222 468694
688521 573951 337234 207681 474679 363115 148341 175518 567758 115869 368920 849449 397542 194818 260040 382620 616232 312653 284158 74289 999999999 450054 145517 725980 318170 374335 394861 437383 507850 582990 557678 252421 532977 485706 293565 349376 168021 87922 105513 438401 382243 481311 794132 565671 315734 431468 600190 592892 490602 680029 140017 569642 264798 430851 475666 341391 324558 521241 365019 304050 105475 433885 234887 461474 459206 256099 649689 312893 780813 162965 490999 350871 470714 533874 514572 642635 700534 613321 366267 76586 633218 292558 462299 581023 619401 346087 253489 512889 470052 158658 594721 599844 344153 636033 248353 861974 245892 622562 701146 414562
568131 225791 571276 540126 257519 390383 568000 299466 164300 356454 126192 740659 125944 538304 663385 766912 753287 762285 609385 485355 450054 999999999 525147 676708 461052 762632 777997 691499 199893 144651 920381 264111 120397 879322 568604 248246 456093 390701 554659 548346 613434 845893 693773 967438 409231 874005 970516 189741 847847 1036868 463483 354963 187275 691134 892402 696485 561559 474520 189313 527061 549622 266187 484409 90297 417870 613129 1037447 746448 701560 322825 112529 724022 812876 194557 866877 542438 728312 167835 672610 376134 593699 590442 461025 388579 296734 644605 446222 316400 615398 299782 942203 449331 312548 871842 536593 778567 528820 571375 518124 718546
624293 684355 472885 68075 474770 309624 239715 225722 611018 249400 418978 770316 441638 320517 338714 458638 488171 297478 402312 71245 145517 525147 999999999 637806 231477 448428 263620 295882 621538 667362 421922 379448 583643 361436 158701 477696 310954 142194 155976 334293 515253 344866 715842 447043 460888 359650 467436 690848 352248 544146 66278 549920 356986 288703 367504 199165 197244 454868 482435 443702 103317 429066 376386 512224 403279 365195 524422 227446 697363 294293 537196 214245 562683 643607 375395 576824 593390 692964 481719 201326 550069 418373 391689 552360 628145 466016 398472 497514 350786 274098 455589 555014 481678 492310 381785 775096 118394 543994 655170 526498
131757 900284 1045284 579022 419400 372237 864729 604245 588704 748878 576181 140226 559590 919207 972004 1094241 288727 917066 1009528 679403 725980 676708 637806 999999999 410894 1084410 687955 459037 875192 776385 715111 791388 607919 758213 502082 851895 871417 645413 788315 306472 1093083 681188 94344 829575 950494 904180 759532 847975 668106 773215 597618 337478 682344 468066 823230 612804 457095 219980 809854 1004327 739394 414942 935454 589606 287784 981762 840859 791985 64072 763363 579177 650369 1192862 871163 667651 137428 121999 770660 1091647 715683 94596 1014496 268013 301781 457537 1070238 930366 362268 317376 717287 697431 235358 900401 474186 964745 137311 524287 111282 222794 1140345
393257 669850 648488 182542 304260 100866 453919 235921 484057 362172 335047 540288 342567 512894 561243 683764 325654 524364 602272 268510 318170 461052 231477 410894 999999999 674067 375947 231975 620158 602309 485745 443992 471088 473356 140152 528807 473852 244212 377850 124203 695263 418866 485475 561346 581594 551909 537503 649570 415640 592873 186734 348322 361295 232671 512957 286109 111980 224483 506750 610611 330271 259548 540415 409908 179572 572398 613257 423490 468526 388880 423850 323197 782053 631252 429969 345726 383515 617089 684336 321046 320560 610077 161021 342130 452714 664223 544306 304948 173648 346935 497891 332416 559709 412948 563215 547952 132433 313181 429835 732341
1058905 801668 264552 512196 843928 733853 226159 542408 907565 417165 715852 1213993 746835 224330 114542 11334 924015 247207 167645 406411 374335 762632 448428 1084410 674067 999999999 548133 712198 735477 867978 688766 502857 867523 586100 599621 562296 306752 462230 296216 782657 262311 631722 1158968 624976 415408 404818 708837 849761 648544 791939 487694 942614 582481 703050 527579 557158 642133 889889 609623 287289 345537 805255 292666 800622 830483 150459 716718 393078 1142592 441844 832363 538674 126535 768821 672183 1012274 1041240 903914 158077 419294 994611 199341 828732 955063 982053 174963 341352 885525 796383 474057 738100 973801 514162 882011 239716 1221669 565870 986513 1075201 160926
724118 947319 674557 237927 676603 476728 418776 482474 841982 507866 662775 828142 680744 519708 470792 559457 441199 307589 578457 325882 394861 777997 263620 687955 375947 548133 999999999 230374 884986 922146 163941 641372 820893 101705 235889 739640 540743 405609 344253 404326 708301 90431 779838 190729 704040 223893 205390 950759 104230 285694 317113 723230 618659 220916 140058 89845 268957 573019 746028 656716 302213 630653 598180 752179 547081 533352 261378 155872 752027 554198 773142 54793 674667 906557 129084 678958 601097 945139 643787 461485 621922 605355 514487 714157 827667 637628 631644 680890 372215 537240 205626 693957 738886 344887 586073 815610 258667 626081 782787 677643
505973 894324 768720 229919 525124 321442 528124 435483 712730 524390 565981 598987 574466 615438 613500 723272 218573 498678 694034 365018 437383 691499 295882 459037 231975 712198 230374 999999999 840783 833727 277086 635756 701992 300984 146976 729244 605150 399429 442696 198180 810691 227270 551851 378259 746033 451765 327523 878777 217005 370167 304957 544050 573445 9855 364195 166785 133622 370672 717125 739336 388825 483275 671404 641814 362789 654130 408359 354752 523056 562932 655075 199840 835013 854803 222979 463186 371045 849012 770992 476180 398451 712463 320918 527454 664069 757536 690288 512551 148950 529699 277478 494520 748357 200736 677541 585331 196956 405425 573785 813173
768008 67981 497846 654999 456812 566548 584481 410674 338194 393597 305980 940417 317135 522048 656251 736864 931455 799186 569030 564757 507850 199893 621538 875192 620158 735477 884986 840783 999999999 175048 1039784 259185 299315 982721 704212 175163 443120 479395 600397 722536 530050 963011 893665 1067029 327086 936982 1087195 122399 968181 1160662 570594 554514 270232 838699 981264 813143 707269 668586 143027 460036 613285 461688 442873 289789 608432 587555 1145958 820702 901263 347539 308175 834151 754724 34278 989700 741781 921507 211008 612827 432436 790401 541174 648632 588365 485033 585562 394309 516115 786481 351401 1068511 649181 222593 1032190 495814 978454 658264 768517 716800 651418
657030 151498 650306 684387 364052 525851 689264 441796 194499 480613 267916 820910 260670 645774 776564 870943 883370 892383 706685 624161 582990 144651 667362 776385 602309 867978 922146 833727 175048 999999999 1065029 366326 168592 1023335 712949 313938 563277 530306 685557 682763 687162 990526 779184 1111239 479631 1011668 1115162 77593 992497 1181395 606756 440555 318438 833692 1034865 841043 704891 590065 260135 608975 685419 385348 578870 200318 540278 717559 1181903 885978 792245 441111 200634 868305 903046 146871 1011493 639144 841833 37667 760611 507147 700964 682954 586154 476247 343923 732681 534432 415958 750835 426866 1086671 541783 374077 1010367 632508 863966 673453 677667 592065 802943
777974 1100475 835085 385285 789426 584224 579802 631877 967828 669417 800255 851487 814881 681348 622737 699920 435335 441808 735949 487276 557678 920381 421922 715111 485745 688766 163941 277086 1039784 1065029 999999999 801331 951282 104354 355141 899601 704577 562106 507493 475148 867140 77070 809448 123936 867960 308724 51777 1098954 72537 122436 469193 818451 770893 271159 176932 226741 373848 647758 902987 818868 466152 745193 761436 885513 637251 690309 131275 300490 777654 715289 903464 207847 814355 1059777 55863 736957 609713 1085488 797345 622291 666948 764282 597053 803402 934343 793290 795470 783478 423358 695862 50253 771606 901180 280522 747666 829067 391654 676604 849518 828021
713704 326703 311327 424493 421597 428613 328306 208143 420656 136614 255507 889163 285558 279627 410412 506358 769645 540661 345792 315809 252421 264111 379448 791388 443992 502857 641372 635756 259185 366326 801331 999999999 377802 735647 490329 98296 197015 242402 341388 564068 355931 724291 835963 817262 166101 678332 846288 357583 731599 923591 339386 532547 115114 631656 728074 577571 504867 571419 117055 266314 357027 399770 220300 319284 503709 352460 899714 564585 833245 89615 351151 593537 548765 287938 754526 675467 804336 401645 408761 180198 697827 326333 529867 557582 525551 380809 183830 478403 617563 107313 834595 601529 115719 835340 272609 915699 440890 680150 692808 455250
488657 304231 687980 585478 200385 383056 662883 365531 43934 453127 166150 654178 142035 644063 763904 872543 727967 844421 719664 555717 532977 120397 583643 607919 471088 867523 820893 701992 299315 168592 951282 377802 999999999 922490 596217 368622 563208 461764 638443 534857 731085 879962 611409 1011612 528478 941471 1002612 242351 879445 1062512 518333 272034 285057 703320 944752 734647 580262 426489 309710 643337 625262 228816 597103 72082 381705 719800 1074450 810452 623870 425726 47868 766119 924833 283841 896162 470617 675981 164879 786104 464094 533750 702868 429043 307695 185794 758247 561460 248731 603635 395500 967340 373194 432889 866583 648150 696319 563490 510308 426137 832977
805708 1045784 742902 339439 775858 574200 489670 582952 943276 600541 764462 897477 782435 591587 524288 597191 492972 338902 640772 419991 485706 879322 361436 758213 473356 586100 101705 300984 982721 1023335 104354 735647 922490 999999999 334163 833659 621881 503601 423055 489696 772814 79979 851711 89179 787812 205854 125270 1050925 96672 209840 417420 818552 717982 292669 77604 189156 363807 661376 842669 729502 387249 730130 675301 853864 640251 594869 164088 203185 821994 647361 874721 156399 711262 1005039 109489 761895 662097 1046592 699104 555454 699363 670396 605067 807788 925972 696434 712291 777956 449237 633158 154589 783931 829406 362007 657498 880356 359748 705778 869408 728071
511287 760646 628678 90662 441743 240852 398009 294557 613656 377423 446380 639611 459998 478289 493359 610236 329577 415055 560983 223464 293565 568604 158701 502082 140152 599621 235889 146976 704212 712949 355141 490329 596217 334163 999999999 584981 461566 252501 313396 196408 672092 284199 586942 422682 599314 418816 406401 751503 283229 468787 158268 488167 434532 141957 372939 146046 44990 349305 575968 597266 259587 396133 528421 530446 315065 523770 479061 295444 564381 416116 548381 183068 717512 720488 300285 464253 443732 731947 640383 329269 421506 576495 287493 480666 591999 624681 545091 445035 197183 383724 373853 465633 602102 347711 538129 637933 49991 420129 559313 684916
763540 242854 336449 521740 457794 501318 411296 295912 412540 233587 286260 939856 311691 346938 481107 564168 853337 627689 397186 413981 349376 248246 477696 851895 528807 562296 739640 729244 175163 313938 899601 98296 368622 833659 584981 999999999 268099 339803 433963 645231 374351 822555 888324 914847 166607 771047 944583 287641 829784 1021842 436417 567619 172865 725541 824864 675609 597123 633485 59167 295092 453112 444905 269818 324274 567018 413394 997742 660244 888997 186532 353622 691820 589634 207484 852646 728841 875432 351336 447128 278314 760178 371247 598308 596446 537484 419298 222769 517581 702156 204610 932673 647280 64409 927774 323286 970425 535978 740915 731865 489020
818660 510924 174790 375258 563266 500058 149339 274255 604240 128616 418411 987174 449797 82695 214430 310836 782168 367061 159037 240398 168021 456093 310954 871417 473852 306752 540743 605150 443120 563277 704577 197015 563208 621881 461566 268099 999999999 229656 198871 597150 222075 630314 932068 693646 167330 522036 742836 550792 641679 825484 306367 669408 279315 598468 596801 499548 491708 657783 308428 137479 238940 530256 67378 498288 591780 157062 782819 428128 922424 139199 530324 503136 365219 474854 666318 775044 857124 598660 234399 155734 777146 150417 603675 687688 690149 208645 90902 612246 633992 178581 745440 718440 234275 803106 95919 1004826 413626 763873 817240 284055
602769 542185 404364 182092 388757 278106 236261 96437 493790 125717 295716 765961 322305 274273 347962 470460 557783 384676 364904 94875 87922 390701 142194 645413 244212 462230 405609 399429 479395 530306 562106 242402 461764 503601 252501 339803 229656 999999999 184606 367742 451319 485080 710642 588840 348920 483560 608578 550179 491360 683869 97191 482072 215824 394426 506841 336558 273915 436755 340955 366468 163710 347108 296240 389690 373440 340490 666593 355885 698637 163771 417597 355253 556797 501443 513776 557316 627495 557707 446849 79243 551790 369106 379326 493130 535722 424926 302540 425475 407405 135224 593558 512291 350925 600148 320223 780406 202512 540000 613510 495970
764593 667607 334942 223055 572778 440966 85459 278396 672977 208149 474086 917875 502397 178677 184004 305948 642813 207626 251541 111126 105513 554659 155976 788315 377850 296216 344253 442696 600397 685557 507493 341388 638443 423055 313396 433963 198871 184606 999999999 488060 373025 434466 862899 495329 365454 337185 544547 691708 446821 627635 191640 662974 368400 434585 399510 313028 353114 595101 457580 313471 54122 530315 253961 566876 537484 211601 584055 231146 846376 253059 596251 310735 407235 628253 471666 717652 748605 716664 328526 178784 698399 271960 533357 671483 720327 314907 289254 607105 506757 258864 549773 684289 417202 631641 244420 925539 274327 690449 785720 371919
320554 767004 771537 273177 343780 157988 568062 357051 538523 486359 423525 443272 423580 633087 671986 792802 209615 610856 721501 382673 438401 548346 334293 306472 124203 782657 404326 198180 722536 682763 475148 564068 534857 489696 196408 645231 597150 367742 488060 999999999 818023 421304 390539 571820 705192 608697 525701 737969 412878 565671 301779 348327 474391 204020 544153 320385 151610 172952 618582 734195 437171 307071 663950 483434 168686 689620 606416 490069 368242 512385 490474 359245 895094 730068 420623 274823 262380 692211 803281 445095 225356 730952 123924 329979 472589 784103 668484 321838 68787 469733 474585 296698 679632 332218 685321 443104 218472 225334 379724 850586
1036851 590542 48095 582646 767360 721257 291053 492283 774540 345621 608641 1207119 639454 195519 256611 257732 998135 456719 132480 448723 382243 613434 515253 1093083 695263 262311 708301 810691 530050 687162 867140 355931 731085 772814 672092 374351 222075 451319 373025 818023 999999999 798429 1152175 830371 207777 625822 897934 651571 812461 982473 522235 876603 465211 803176 730172 685750 705816 878294 431621 92182 424842 738780 157915 675015 811719 178438 922966 569666 1143391 340671 706755 680880 232391 564320 837354 994095 1078738 724756 104969 377611 998701 102953 825169 897801 880743 88773 174698 820283 852226 386146 912695 933180 313094 1003613 134127 1225941 626323 985034 1030144 126958
733242 1023936 764933 308967 723123 518763 509169 555706 897854 592594 726827 819973 742337 610139 558759 642999 413235 387167 668248 410498 481311 845893 344866 681188 418866 631722 90431 227270 963011 990526 77070 724291 879962 79979 284199 822555 630314 485080 434466 421304 798429 999999999 775011 151039 792736 275034 124873 1023295 18430 199338 392472 758178 694384 219671 155219 150386 307085 594103 825990 747122 391471 678211 688313 813287 577920 622982 194899 238950 744771 638374 832098 130907 758100 983220 40462 690338 583165 1011616 732481 545357 625139 695476 540156 745207 870435 726958 721206 720535 376220 618792 115307 717550 824495 285066 676504 801816 317919 632614 799988 765284
125998 912058 1104127 659935 438446 432938 936488 660106 586224 806576 605226 55327 584704 984825 1045521 1168495 381912 1000757 1075505 752620 794132 693773 715842 94344 485475 1158968 779838 551851 893665 779184 809448 835963 611409 851711 586942 888324 932068 710642 862899 390539 1152175 775011 999999999 923683 998786 994242 853853 853754 762094 866825 671292 340722 723498 560740 915956 702990 542135 274418 842200 1061916 815737 443857 994269 604139 340459 1050155 935149 879604 35593 816633 589042 740936 1263949 886077 761867 160499 210491 768970 1157347 776970 166191 1078155 331838 305890 443925 1134866 985279 378225 408044 770306 791655 244848 940683 566373 1026804 85029 605457 172455 192029 1206580
884201 1130746 803755 427998 864421 662101 555332 670227 1032454 681281 853255 967525 871445 656614 576481 635664 555015 381005 697901 502708 565671 967438 447043 829575 561346 624976 190729 378259 1067029 1111239 123936 817262 1011612 89179 422682 914847 693646 588840 495329 571820 830371 151039 923683 999999999 860690 222787 104540 1137618 162039 174648 504738 905168 804022 370709 100204 278196 451029 744394 926125 793973 464221 818796 743572 942887 725958 651978 92780 266325 892822 728315 963853 245493 746943 1090044 162545 841375 727988 1134874 750046 637378 775680 729315 689479 893493 1014059 750173 783068 865504 527199 716383 164247 867587 907656 404458 721504 947308 448921 783472 950877 774766
877667 390698 171421 519657 587663 581956 313610 351110 572289 223303 420396 1052467 449787 223797 352705 415485 903860 528293 247802 389875 315734 409231 460888 950494 581594 415408 704040 746033 327086 479631 867960 166101 528478 787812 599314 166607 167330 348920 365454 705192 207777 792736 998786 860690 999999999 687504 907608 446930 803228 989556 441092 698634 281204 740377 764090 656643 622807 730821 224319 133072 401987 565536 131829 476771 662941 274373 949461 595414 994670 192815 507821 663739 427686 361254 827598 838377 955252 517182 285756 270380 856268 217023 685377 723618 687207 258591 82716 644473 752062 236559 907344 766723 105979 946505 178770 1077368 549548 839622 858746 324950
928358 1003871 604756 376497 830612 647538 373895 577714 970106 543548 775740 1044266 799806 469245 369211 415237 665030 169105 494837 388729 431468 874005 359650 904180 551909 404818 223893 451765 936982 1011668 308724 678332 941471 205854 418816 771047 522036 483560 337185 608697 625822 275034 994242 222787 687504 999999999 316087 1024315 293453 395221 425897 896053 693552 442064 132664 291381 460682 768120 793990 601849 326860 784374 561050 869628 731165 449903 312934 132692 968079 589450 895606 254040 525029 964181 311709 881767 822677 1040346 538195 508042 832363 528437 706155 893070 984451 541562 605891 847251 586805 590126 358738 883293 751408 558828 530066 1034693 420155 833912 978049 558684
825863 1148440 867610 433742 841204 635998 613627 680498 1019395 713201 850917 894706 865872 715514 649443 719828 476534 461828 765968 531133 600190 970516 467436 759532 537503 708837 205390 327523 1087195 1115162 51777 846288 1002612 125270 406401 944583 742836 608578 544547 525701 897934 124873 853853 104540 907608 316087 999999999 1148167 123226 84575 516882 869786 818953 321891 184109 275216 425591 698055 949515 853385 505710 796963 797906 936608 688529 720082 81940 328405 821546 759448 954780 253342 833197 1107708 107633 785440 651656 1135971 824247 666631 714135 795427 647994 854437 986027 821700 833575 835108 472633 741521 65955 821884 944263 312156 781603 870626 442086 724429 898667 852743
730717 78786 618235 714729 431795 580047 685780 468358 271150 483735 315636 896331 314702 631878 765202 851757 942121 895731 684798 641469 592892 189741 690848 847975 649570 849761 950759 878777 122399 77593 1098954 357583 242351 1050925 751503 287641 550792 550179 691708 737969 651571 1023295 853754 1137618 446930 1024315 1148167 999999999 1026533 1217419 633659 513952 334369 878012 1057014 872995 747490 656048 242417 579315 697603 448792 557441 263087 603045 700380 1211890 902421 865885 440492 269099 897890 874420 88695 1046584 711126 909178 103434 732142 516305 770219 658349 647633 549472 421024 704620 510209 486136 805124 434285 1123416 614368 341320 1061218 610927 938670 709257 747167 667850 771835
722579 1028557 778432 313333 719778 514918 522639 559719 896502 600864 727835 806524 742657 623270 574308 659833 397832 404507 682686 419029 490602 847847 352248 668106 415640 648544 104230 217005 968181 992497 72537 731599 879445 96672 283229 829784 641679 491360 446821 412878 812461 18430 762094 162039 803228 293453 123226 1026533 999999999 192592 397650 752277 698979 209869 172845 155083 303664 585823 831990 759920 402739 675184 700398 813382 571561 637567 197777 255544 731535 646332 831605 139752 774982 987881 24917 680126 568680 1013011 747703 553293 613689 709523 532893 738538 866043 741782 732522 715681 365743 625637 104172 709484 833020 266925 689614 787609 319146 621692 790627 781000
850873 1220769 951979 505690 893536 688494 697713 751665 1076890 791849 915166 903939 928353 799558 733912 802870 485030 545242 850533 609711 680029 1036868 544146 773215 592873 791939 285694 370167 1160662 1181395 122436 923591 1062512 209840 468787 1021842 825484 683869 627635 565671 982473 199338 866825 174648 989556 395221 84575 1217419 192592 999999999 590206 913549 891244 366345 265159 347665 482326 735045 1024572 937379 587583 850523 881309 998326 732555 804651 103048 412978 833197 837694 1014873 330227 915783 1180124 171111 813101 659362 1200732 908701 744686 737268 879934 689498 895578 1034208 906256 916318 882700 506755 817931 95181 858063 1023609 305375 865713 875439 508424 749864 928653 936895
573787 631562 477220 85446 409472 252674 267449 165539 545138 219887 354360 726301 376298 332746 374569 497281 476304 358263 420152 81801 140017 463483 66278 597618 186734 487694 317113 304957 570594 606756 469193 339386 518333 417420 158268 436417 306367 97191 191640 301779 522235 392472 671292 504738 441092 425897 516882 633659 397650 590206 999999999 487452 302154 299433 429339 242576 185403 404101 434808 443363 146920 364019 373673 447160 348380 387852 578367 293588 655086 260376 471662 264632 595496 590827 419442 526662 564099 631252 501728 171396 507047 431150 341971 491557 562569 483104 387699 434106 330263 232091 498757 498038 447978 505544 388266 734684 108730 498837 598996 548839
216775 571339 829131 519940 111035 249123 717668 401554 251227 541187 281812 386038 256096 737527 829026 950320 502243 845707 825709 556030 569642 354963 549920 337478 348322 942614 723230 544050 554514 440555 818451 532547 272034 818552 488167 567619 669408 482072 662974 348327 876603 758178 340722 905168 698634 896053 869786 513952 752277 913549 487452 999999999 417513 548744 861104 633587 454861 189838 516272 784422 629172 139208 722890 264765 181336 810857 949084 765010 351934 536735 248372 671169 1028353 545756 762961 200135 416651 433389 903688 526392 270888 819808 224445 35772 132430 878039 702551 57366 411468 492556 821518 102141 625450 667418 764815 425750 476834 247164 164975 953419
600347 329585 419030 385649 306623 328490 381327 140451 325299 169846 143493 776232 174508 359315 479451 587571 683411 575900 437370 307594 264798 187275 356986 682344 361295 582481 618659 573445 270232 318438 770893 115114 285057 717982 434532 172865 279315 215824 368400 474391 465211 694384 723498 804022 281204 693552 818953 334369 698979 891244 302154 417513 999999999 570842 722647 544154 439857 462925 145500 373787 367033 284923 319285 218983 395836 435211 880038 569216 722020 140826 251010 566703 643482 288902 720167 563140 702711 348530 507652 189616 589704 423332 425793 442481 416288 480278 290680 363290 533342 112678 798672 487126 218083 768228 367855 804150 388135 571102 577761 555953
513718 892705 761400 223221 527965 323738 519981 432406 714641 519111 565837 608077 574842 607839 604713 714135 228387 488966 686013 358191 430851 691134 288703 468066 232671 703050 220916 9855 838699 833692 271159 631656 703320 292669 141957 725541 598468 394426 434585 204020 803176 219671 560740 370709 740377 442064 321891 878012 209869 366345 299433 548744 570842 999999999 355226 156941 131475 376801 714168 732328 380790 485747 664579 642569 367416 645920 402413 344911 532104 558071 656271 190008 826015 853076 216642 470668 380686 849379 762749 470782 406695 704697 326148 532652 667926 749473 683967 516447 156759 525360 273083 500630 743904 206131 670173 594716 191926 413353 580758 804752
863498 1046085 703746 359736 810096 613289 456493 593147 968499 591528 782820 963128 803176 557419 476397 538413 564771 282051 597704 416880 475666 892402 367504 823230 512957 527579 140058 364195 981264 1034865 176932 728074 944752 77604 372939 824864 596801 506841 399510 544153 730172 155219 915956 100204 764090 132664 184109 1057014 172845 265159 429339 861104 722647 355226 999999999 228114 408105 713068 839247 694509 372036 763841 645183 874533 686273 551787 192905 168676 887240 638619 897392 190004 650825 1005545 187036 818584 731188 1060236 650178 549356 760055 629181 654361 852986 962417 650057 685585 817378 509732 629866 226619 833840 814665 439276 622011 948193 389885 764917 922837 675579
640938 873735 647926 158600 587101 386883 395235 405323 754599 448559 578763 752886 595478 491675 466166 568413 385254 333758 560807 268121 341391 696485 199165 612804 286109 557158 89845 166785 813143 841043 226741 577571 734647 189156 146046 675609 499548 336558 313028 320385 685750 150386 702990 278196 656643 291381 275216 872995 155083 347665 242576 633587 544154 156941 228114 999999999 180004 486302 676974 624821 263363 541244 561543 666755 458159 517724 341236 187971 676698 493350 686812 38939 682274 833037 177219 595087 534010 862770 632735 400453 541969 583918 426765 624943 737914 622807 589607 591048 295428 471190 257081 606186 680843 325917 557144 743793 171189 544540 696545 671248
