NAME : synthetic_000519
TYPE : CTSP-D
DIMENSION : 100
GROUPS : 8
RELAXATION_LEVEL : 1
EDGE_WEIGHT_TYPE : EXPLICIT
EDGE_WEIGHT_FORMAT : FULL_MATRIX
EDGE_WEIGHT_SECTION
999999999 569444 495926 179429 327115 585538 408311 287709 463557 235986 528001 230914 351879 273186 289031 609071 77299 213636 154638 379866 454693 517129 314995 80635 284286 542081 616346 444049 377079 230130 447480 617790 487074 391871 269141 364113 280879 430436 248864 345272 376701 333145 375784 291071 84221 639288 56575 357873 335282 349099 533460 622910 485076 252613 338841 471844 209983 384047 155570 308539 543020 295045 246938 387561 262819 233429 444222 127353 621113 536126 532588 188627 383374 204880 585880 426277 146835 271683 573605 302080 356513 186124 458221 235864 232247 617667 192949 470957 541994 608895 490295 605861 646204 456902 467235 382167 217741 91153 436777 243457
569444 999999999 828988 748552 874972 295417 448803 402844 262681 573263 143216 635694 829877 620628 281226 493022 618543 751421 483610 255389 1000651 865632 293048 532979 849186 296150 121679 992497 208802 567649 123469 728470 897590 851249 365177 501502 791673 757492 335343 577293 268367 808445 849283 584757 628655 642683 531528 325479 237210 543947 60179 608042 1037776 800673 903448 1004304 707191 719848 714487 860296 1108664 710996 807680 528838 824524 682522 943812 664400 827037 172571 106191 752518 404437 773176 576946 178697 425306 324410 244491 301162 847266 740426 787973 804040 797245 103469 609996 915725 846609 643000 864353 554401 117412 954528 696381 516197 502112 660579 945713 475192
495926 828988 999999999 503280 657807 642495 880295 432747 583981 293465 870010 267503 774210 241298 635258 500305 426815 617038 636108 772217 427958 37993 713747 572924 574189 605251 798352 432810 726841 726056 722174 280467 121451 819632 481929 850014 299296 913065 647958 840620 776730 762833 220608 786995 424887 393854 466816 787080 631502 841750 771013 408014 472165 383935 472268 388631 310200 869258 549541 636989 586510 768643 428636 876785 580658 706208 286259 576790 184791 693417 737677 440035 429514 520220 397178 651104 566345 536144 670439 547003 252914 406441 937403 474681 552571 812789 684300 178635 52373 357159 950290 440266 838625 286150 961955 318020 707127 483386 306766 373344
179429 748552 503280 999999999 174806 751294 531109 443417 632504 331236 700629 287806 271024 343296 467646 746100 152451 116063 298570 547635 309492 512176 484691 227310 110217 706830 794755 296654 552893 311302 626849 695466 451046 316456 436812 470681 213879 432173 422604 421781 542532 260469 316873 361914 144096 745372 224770 514316 514692 439713 712865 735744 330189 139414 173839 340038 197938 394587 62573 153263 370824 287519 105404 484849 96613 232129 347774 120135 664408 711722 711168 64535 531583 27540 702226 604308 324053 447459 744101 477498 286601 96863 451442 68842 62487 796583 247690 414443 555051 710740 451475 729623 825206 360306 507141 500637 335406 89018 332679 382067
327115 874972 657807 174806 999999999 912281 575098 609243 790650 505996 805147 461505 159834 517209 596319 918918 322390 123632 394803 647727 355358 661085 591188 342832 84123 868542 935843 341219 669449 351213 758072 867042 587078 197686 595783 504079 358666 368717 539838 432823 639634 163641 450936 379455 315170 920005 380890 599328 651078 461531 846777 910549 353083 274095 219415 401660 365750 346856 171788 21755 336527 252444 229376 507160 80139 230057 449140 211626 827905 860975 852000 226363 700798 149432 876990 748086 454534 597579 900649 628040 417606 261201 376606 183292 113226 935017 288314 540384 710173 885190 345765 904070 962879 459888 470011 675004 401209 249732 428742 552623
585538 295417 642495 751294 912281 999999999 659901 310090 124144 467626 420173 535731 918999 497358 375884 205895 599745 797924 576730 453859 927360 680457 449254 589710 861377 44983 197843 922997 380843 690493 279131 470911 738536 951800 316502 689062 710964 912354 444227 745134 467327 898130 733843 729728 608835 365182 531435 519885 313586 719250 243575 330282 970798 750538 867948 915801 635135 867599 740494 893162 1063675 823368 773267 721137 843860 776380 833423 708674 588503 126852 193838 729945 239601 778757 306155 218005 480561 322635 50958 293450 743405 705937 944278 787435 811086 218919 707835 773196 644539 374185 1007168 274697 234275 841489 882209 333677 627456 665470 842237 381171
408311 448803 880295 531109 575098 659901 999999999 512289 553565 589497 318934 615368 467071 640012 306215 794318 485569 466321 253818 207715 839679 907139 217115 328638 590898 633245 559573 827197 279367 226595 387896 923280 890189 470998 457796 74016 688328 328650 255375 157928 193862 448427 783997 198388 492422 894158 419230 140110 357565 122370 459214 866217 861194 648338 704130 865886 617749 301533 472267 569587 889425 338905 629558 87879 561324 345192 850273 411789 968234 545963 495245 572556 591724 544017 827305 442207 314913 407245 619590 420176 764641 582565 355879 599929 549005 546471 292458 878272 920012 875964 438716 827045 565281 863064 249991 661443 197110 471799 841074 532453
287709 402844 432747 443417 609243 310090 512289 999999999 198872 174574 437964 241279 636441 218675 219262 326176 291093 500908 329483 356944 627850 468048 308759 313392 553628 265189 397506 622132 300931 448396 290346 411581 494820 674085 55992 508802 411343 674945 257043 535901 364469 616763 453071 501246 299868 388628 231314 390202 201255 521140 347991 364452 669564 442787 558975 622349 330992 627601 438417 589297 757401 560113 463671 540841 537670 504486 550674 414822 470390 297451 323351 419880 97824 470955 325302 224485 226596 111817 310022 115579 455578 396033 705917 477407 504298 406938 444675 513746 457287 366587 754519 335187 435283 560480 676042 150713 397548 359891 555533 76938
463557 262681 583981 632504 790650 124144 553565 198872 999999999 368335 355805 436507 794867 405544 257951 251509 482290 675064 453380 353163 826009 621640 338056 465632 742204 84998 214452 820564 279800 568216 196861 465997 666838 827686 195763 576212 609217 791651 324916 627680 365777 773990 643800 609282 491687 386594 410373 413964 198155 603440 202581 352852 868093 641391 756848 818801 529707 746384 618947 771857 956169 699765 660983 608723 723705 652319 742801 585534 565684 109476 159845 614905 155213 659827 319003 118949 356481 198498 112080 169349 649413 592847 823562 671965 691358 228949 584021 694425 595455 383189 884858 302139 254661 751898 766364 265977 506039 545551 749325 274527
235986 573263 293465 331236 505996 467626 589497 174574 368335 999999999 590803 68377 573514 52861 346787 420578 192398 419619 353637 481365 459864 323649 421355 301100 436054 423144 571965 455373 441484 456660 455777 382482 331109 616481 208516 564422 243339 666140 354737 565444 485096 556939 278517 516882 196767 415945 191187 493671 352894 561609 520348 404827 503172 289491 408759 450589 170366 619495 349110 484494 597839 530476 319370 592954 427424 468239 376198 349663 389681 471010 497677 288836 228678 357327 370995 396577 274605 256273 476135 274078 281546 257934 694157 344929 393414 581510 427836 343140 330748 382580 724704 398944 609852 385927 696151 170811 426633 267062 381552 98569
528001 143216 870010 700629 805147 420173 318934 437964 355805 590803 999999999 645061 738255 642325 251138 603810 589970 682486 411354 157477 978684 904606 216446 474500 792018 410922 264440 968951 154605 472655 161385 812247 921902 753993 388260 379546 781748 640311 279168 460635 166371 717298 853631 478136 599743 741982 502227 215194 238974 425470 178726 708501 1011620 775471 866700 989644 697948 606586 657293 793057 1070048 613402 774553 403626 765031 594745 941962 601431 896518 293327 227226 716567 469731 722597 673949 242447 381901 335472 370766 323022 846001 710924 669508 762544 741565 246681 524455 930976 895188 736460 749453 657881 259062 953622 568912 574602 410892 617110 940375 498822
230914 635694 267503 287806 461505 535731 615368 241279 436507 68377 645061 999999999 544607 55794 396600 480158 169121 387106 368732 526531 391641 292163 463994 305997 386789 491331 638719 387332 492996 460342 516291 408951 282179 588909 270640 582792 175426 657295 395073 573869 528861 529687 213654 521307 170074 459598 199333 531228 409802 574318 584138 452454 435151 226998 346008 382310 107281 611865 315947 439770 531193 516383 260506 609331 381634 453418 309840 327768 393670 538469 563290 237652 296467 312129 421153 460604 304543 314312 544509 334842 214332 204345 683638 291068 348293 647749 422693 285962 311794 424166 706515 452543 676240 319976 698145 229270 439627 237705 314259 164449
351879 829877 774210 271024 159834 918999 467071 636441 794867 573514 738255 544607 999999999 597610 566349 960464 381242 158518 352033 583473 513033 783058 536982 329504 229382 877824 908237 498847 621164 265616 722899 952490 718760 45432 609484 393122 482506 212362 501014 312076 572914 21507 582824 270164 377620 987114 408055 523718 627474 345739 811906 972585 512664 401817 372992 557685 466531 197910 229087 170357 492644 128571 359446 388031 209219 147902 595922 226097 931982 847655 826322 334939 733508 256284 936213 730184 439265 596369 898846 625782 550844 367881 217547 311251 228395 903717 220570 677703 825867 955092 189015 957417 929858 607430 319525 731803 328980 307737 576955 595228
273186 620628 241298 343296 517209 497358 640012 218675 405544 52861 642325 55794 597610 999999999 399400 428854 218614 440799 400426 534214 432934 270952 474186 343573 442559 453707 613563 429856 493766 499244 504776 354968 279839 641586 257530 612810 220468 702984 407404 610263 537957 582198 238344 559937 220833 403849 233994 546175 403901 608064 566524 397064 477584 279547 397778 418650 160806 656924 369622 495481 577580 564149 314752 640737 437380 501346 337614 378024 347940 511011 541575 293407 258109 367804 366252 442844 325442 307172 510173 323541 246070 259965 730118 346502 403987 624143 466134 295186 280075 368373 756183 398505 652141 346468 738414 179064 472904 289977 345253 145856
289031 281226 635258 467646 596319 375884 306215 219262 257951 346787 251138 396600 566349 399400 999999999 489260 343425 473267 214330 138629 731060 667846 91637 253489 568034 342030 342866 721872 96923 319021 161772 628152 676641 593513 163354 320019 530915 537026 68982 369870 145383 544884 602972 354406 353421 589533 255327 174054 63408 345563 250543 560819 765681 528438 625855 739967 446931 492891 433531 580877 830852 457949 531275 352737 543611 418873 690824 384888 689201 284532 260178 474702 287825 492052 522104 166652 144083 107669 344999 114805 594894 465498 568934 524570 516056 340054 346809 682350 666044 573154 634275 520865 367374 702491 508433 369508 254056 380149 689333 262593
609071 493022 500305 746100 918918 205895 794318 326176 251509 420578 603810 480158 960464 428854 489260 999999999 596687 818960 651051 600801 854270 536662 577236 639567 853933 196873 403502 852926 528341 770348 447671 278794 611899 999107 364099 807841 648214 997615 549202 848239 612772 941206 642042 819921 603750 161595 552615 657058 437389 828642 436454 127462 899988 707155 826071 832179 587404 950577 752520 897949 1004259 886183 739439 840608 842667 830608 738319 736236 406448 320468 387333 708704 228357 773111 112554 370411 547618 399446 254529 379208 659845 678433 1028968 765283 808559 424331 770468 657274 489202 177135 1080105 72849 440160 743877 989029 250934 715011 670720 751798 367836
77299 618543 426815 152451 322390 599745 485569 291093 482290 192398 589970 169121 381242 218614 343425 596687 999999999 227630 231812 447111 388715 445807 381694 157723 262605 555129 653492 379050 436441 302226 495183 572209 411275 424496 287321 440962 204577 488979 313086 418663 445181 364966 298486 362684 10117 607548 88123 430638 381427 424436 577594 594852 422347 185517 285341 401666 132858 444054 157866 301619 490398 347308 189168 463820 247748 284336 368449 159410 562774 565865 570848 135659 379446 179986 559686 463166 209425 304172 594240 333282 279522 122184 514885 190999 213968 657102 257492 393825 474622 574716 537801 584357 686000 381046 535413 355691 294530 75278 361951 230420
213636 751421 617038 116063 123632 797924 466321 500908 675064 419619 682486 387106 158518 440799 473267 818960 227630 999999999 271542 525215 399919 627195 467917 219952 125461 754860 813813 386094 545832 239738 634942 795739 567105 203617 482111 398543 329937 319857 416228 336216 517476 145855 432695 278337 222853 835163 269668 478974 528886 360319 723804 822344 411252 253573 256143 437585 308321 285250 71184 110579 424570 178484 214987 406502 95897 132226 458182 90130 773466 741207 730074 180573 595550 107813 786907 627096 332455 479432 783751 509825 402031 211855 337388 169297 92703 812529 174116 529857 668440 802174 335472 810526 840241 470413 402820 582580 282989 152569 441473 451180
154638 483610 636108 298570 394803 576730 253818 329483 453380 353637 411354 368732 352033 400426 214330 651051 231812 271542 999999999 254558 598605 660570 196394 76470 381960 538100 556473 586979 275839 119320 372028 717960 638037 379669 286952 214171 435288 346566 149749 213818 247684 330561 530186 172475 238846 715080 169500 215788 275897 207973 461302 692747 624820 400767 471264 620262 363950 299557 248714 382001 668828 246836 387496 240740 354367 204587 598145 190800 742391 496977 474318 328873 425048 317429 653795 379102 103484 258377 552018 285199 511145 334095 377937 365178 332615 552529 132906 624619 678936 689903 432929 664642 579124 610877 350393 462042 73263 225756 589936 320151
379866 255389 772217 547635 647727 453859 207715 356944 353163 481365 157477 526531 583473 534214 138629 600801 447111 525215 254558 999999999 834162 804150 65448 320434 636152 429521 356944 823743 73579 318164 180259 762468 808429 601364 301317 249502 646095 502281 135132 322337 13952 562324 726209 330149 456474 715409 361503 71555 167655 289677 255514 684936 864926 631271 716515 848776 564344 464474 501967 635795 918211 460561 626604 278917 608807 438572 809128 445161 827294 338273 288506 567986 417927 568640 647062 237611 237964 245143 412372 246749 714872 565408 532928 611307 586194 345894 367649 810230 804025 702014 608964 640994 367439 821255 446253 506300 254826 466566 805372 400609
454693 1000651 427958 309492 355358 927360 839679 627850 826009 459864 978684 391641 513033 432934 731060 854270 388715 399919 598605 834162 999999999 412538 768985 523014 286199 882971 1020905 14190 825004 620679 877380 698385 316927 552841 646317 780160 216875 712648 701241 729415 831324 512955 218578 669777 378963 792981 476558 811049 764171 748740 955225 797204 46107 203252 144012 51617 297630 682600 370699 342734 158849 577321 211206 794102 311493 531079 144017 429625 612490 924314 941563 269734 687957 300685 774424 834987 597602 677871 935374 704026 195463 268757 725170 240867 307229 1027673 556464 257233 474604 754892 700874 812792 1056577 147732 802284 609994 643020 372906 121994 551522
517129 865632 37993 512176 661085 680457 907139 468048 621640 323649 904606 292163 783058 270952 667846 536662 445807 627195 660570 804150 412538 999999999 744882 595369 577059 643244 836047 418475 760253 746977 757934 308945 97379 828475 516354 874729 302973 928612 678353 862383 808314 772564 215024 807779 443129 426140 491070 817073 665836 864811 807852 441728 455588 387156 467991 370503 323823 885541 561227 640670 570024 783460 431804 900855 585400 721479 268973 591810 202489 731095 774921 448123 467019 527509 432336 687529 594298 570063 708423 581746 248414 415480 952161 478900 558654 850381 702944 157262 63452 390004 961894 475582 876298 267318 981128 355725 730748 498589 290562 406817
314995 293048 713747 484691 591188 449254 217115 308759 338056 421355 216446 463994 536982 474186 91637 577236 381694 467917 196394 65448 768985 744882 999999999 258111 575671 419580 380816 758643 85196 274984 194885 719104 746149 558305 252795 239821 580777 476486 70075 300756 65185 515580 661651 297177 391079 680962 296077 82419 140690 272061 280486 652005 800055 566005 652428 783357 499237 435348 440862 578318 854805 418301 561884 271900 548844 389947 743940 385366 776960 343960 304482 503376 379446 506325 613387 231842 172517 198198 412715 206363 649888 500255 507982 547551 525130 373022 317667 746582 747228 664784 579546 611261 397364 756099 434257 459437 209174 402456 740042 345019
80635 532979 572924 227310 342832 589710 328638 313392 465632 301100 474500 305997 329504 343573 253489 639567 157723 219952 76470 320434 523014 595369 258111 999999999 318590 548340 594046 511569 330302 155746 415250 677221 567500 364004 281246 283490 359707 370337 199416 267872 315222 308831 456039 216364 164075 686947 109979 288867 309124 269576 503960 667528 550150 324399 398051 543976 290545 322970 183386 327510 598094 247001 312167 307223 292644 191406 522108 131495 690359 523998 510398 253369 411210 248291 629319 408471 113245 267227 571021 296960 436055 257687 399956 292164 267488 592588 133165 551528 617787 658974 442362 644840 620290 534864 395173 429838 137165 150172 513642 286738
284286 849186 574189 110217 84123 861377 590898 553628 742204 436054 792018 386789 229382 442559 568034 853933 262605 125461 381960 636152 286199 577059 575671 318590 999999999 816958 900549 272041 648793 364386 728921 788557 503113 271611 546448 523804 274917 426678 517860 461285 629611 227472 366889 403721 254097 846383 333063 595309 618223 485769 816143 838554 291524 190283 143961 329068 286982 398122 135232 64555 299141 294909 145563 531954 29618 256165 368484 191175 745651 819684 816741 149168 641356 82687 806093 710563 423987 555133 853626 585369 333608 183163 438994 100647 52151 901547 298443 457025 626562 810889 418378 834985 929972 379631 519436 606576 403634 196946 348794 491624
542081 296150 605251 706830 868542 44983 633245 265189 84998 423144 410922 491331 877824 453707 342030 196873 555129 754860 538100 429521 882971 643244 419580 548340 816958 999999999 213145 878504 355976 653192 261023 447477 698673 911264 272940 658780 666457 876595 409488 711900 442635 857066 690749 694179 564176 349707 487651 493186 281100 687127 239920 314755 926292 705591 822969 871889 590328 831369 696773 849303 1018830 784263 728288 691142 799664 736153 790328 665856 560329 123608 190565 685065 195651 734311 286707 191911 440385 281930 67028 253417 699774 660976 908509 742573 766796 232702 668335 732019 609532 354413 969815 260011 252206 798555 850130 292996 591025 621274 798820 336211
616346 121679 798352 794755 935843 197843 559573 397506 214452 571965 264440 638719 908237 613563 342866 403502 653492 813813 556473 356944 1020905 836047 380816 594046 900549 213145 999999999 1014188 296502 653230 186689 660385 880304 933651 374658 606439 806048 855975 407240 677516 370717 886737 850252 677961 663493 561222 570861 428497 284935 645915 101514 526228 1060952 827431 937479 1018409 723375 815800 768729 919377 1141202 795565 840711 635538 878170 760410 948151 724336 770464 104976 83907 789146 369543 820888 499545 190598 481404 349321 149348 320507 853048 772198 887163 843874 848440 21814 687895 905960 808794 567395 960192 470896 40435 957876 803093 480333 587003 705738 952968 474270
444049 992497 432810 296654 341219 922997 827197 622132 820564 455373 968951 387332 498847 429856 721872 852926 379050 386094 586979 823743 14190 418475 758643 511569 272041 878504 1014188 999999999 815478 607697 869148 701305 323565 538680 639533 767328 212049 698526 691147 716087 820747 498767 220528 656490 369229 794224 467039 799869 755791 735626 947551 797828 47828 193550 130068 64006 291383 668573 357626 328552 155780 563372 199483 781049 297406 517376 151094 416761 617533 918142 934506 258202 683794 287369 774475 827724 587568 670217 930286 696641 195800 258418 711002 227925 293421 1020703 543338 264232 480129 756155 686708 812473 1049628 155783 788352 607576 630672 361404 128564 546038
377079 208802 726841 552893 669449 380843 279367 300931 279800 441484 154605 492996 621164 493766 96923 528341 436441 545832 275839 73579 825004 760253 85196 330302 648793 355976 296502 815478 999999999 360090 112344 698818 772143 643182 247079 315015 627144 559625 130935 381979 86684 599718 699895 381663 446303 646443 348455 139907 101942 351478 195678 615350 858622 621929 715791 835260 543380 519303 513562 655620 920088 503362 622494 345824 622935 473730 787542 460635 769866 267530 222362 565015 352656 576041 577902 164077 230256 191354 340266 186429 691707 557937 590913 612746 597423 288120 401195 778889 755480 634513 663728 570235 312224 799252 511637 446959 294159 467358 785808 353520
230130 567649 726056 311302 351213 690493 226595 448396 568216 456660 472655 460342 265616 499244 319021 770348 302226 239738 119320 318164 620679 746977 274984 155746 364386 653192 653230 607697 360090 999999999 466556 830066 712546 283764 406252 160522 491132 227275 250307 116948 307395 244646 592827 60975 306189 832433 265690 258446 382348 128994 554258 810798 639247 438580 481737 650682 432534 180387 250148 344314 663174 143353 413973 173609 334794 124833 646750 191273 846079 603409 573737 359910 544292 321273 771964 485654 222803 376061 662950 401820 568950 375940 258719 379812 323513 646762 66030 690809 771916 806374 316692 783577 671767 659583 239492 577643 66228 266336 634867 434694
447480 123469 722174 626849 758072 279131 387896 290346 196861 455777 161385 516291 722899 504776 161772 447671 495183 634942 372028 180259 877380 757934 194885 415250 728921 261023 186689 869148 112344 466556 999999999 651073 783777 747476 247363 427024 669222 671196 222286 494164 194176 701392 729422 491957 505298 581507 408368 250445 113772 463820 89312 548335 914355 677215 780226 881601 584658 630233 594823 742645 985425 609021 684343 457518 704896 574996 822875 546660 737843 158709 110043 629401 310398 651847 513263 81071 305128 202760 234606 181754 726250 617004 702606 681333 676844 180849 502351 798915 743836 575266 774391 498640 207106 833790 623793 417980 400328 538500 824171 358930
617790 728470 280467 695466 867042 470911 923280 411581 465997 382482 812247 408951 952490 354968 628152 278794 572209 795739 717960 762468 698385 308945 719104 677221 788557 447477 660385 701305 698818 830066 651073 999999999 401913 996307 467041 915037 529721 1046391 668430 931503 771405 936850 481137 888468 575154 129269 569394 801111 597076 921786 668485 156118 743891 608217 715873 663484 501667 999335 724556 845307 856964 912730 649872 946247 786907 850650 561524 731160 132906 563521 623936 640762 346394 718622 167186 570269 622584 520907 513319 515774 508840 606046 1075063 688925 754426 679404 807700 458377 248760 102307 1107186 206387 699671 562994 1067811 261867 790593 644766 580378 398388
487074 897590 121451 451046 587078 738536 890189 494820 666838 331109 921902 282179 718760 279839 676641 611899 411275 567105 638037 808429 316927 97379 746149 567500 503113 698673 880304 323565 772143 712546 783777 401913 999999999 763863 536987 850783 237168 878399 677237 829370 810961 710178 136465 772365 406595 513862 471067 812820 683706 835700 841949 526400 359235 317179 383745 273662 280082 837430 505477 567555 473548 732502 360624 874635 514796 672209 172932 543553 299845 775718 813396 386583 511970 462725 512961 719006 584866 586985 761622 603086 169517 356902 899902 408814 490973 892910 662614 60115 160766 476733 902368 555472 919977 170494 939967 405821 704646 452543 195066 425152
391871 851249 819632 316456 197686 951800 470998 674085 827686 616481 753993 588909 45432 641586 593513 999107 424496 203617 379669 601364 552841 828475 558305 364004 271611 911264 933651 538680 643182 283764 747476 996307 763863 999999999 645098 397127 527774 189033 526832 313508 590181 59543 627828 278669 421191 1029075 447592 538810 655528 348648 836011 1013973 550426 446809 414425 598441 511808 184445 273863 210528 524110 140808 404192 388325 252823 175762 639333 267677 977025 876618 852582 380353 771525 301564 977321 758769 471262 629371 930027 658350 595732 413313 188365 355944 273183 928253 246795 722392 871277 997411 148081 997730 953854 650714 300812 773100 349146 351610 620075 635301
269141 365177 481929 436812 595783 316502 457796 55992 195763 208516 388260 270640 609484 257530 163354 364099 287321 482111 286952 301317 646317 516354 252795 281246 546448 272940 374658 639533 247079 406252 247363 467041 536987 645098 999999999 456912 432192 633516 202426 488046 308650 589177 484292 456565 296891 439360 214990 334348 149576 471507 313697 413639 686307 453714 566230 645037 348948 586488 423995 576718 768362 525119 469667 489216 528025 472268 579673 393491 525993 280801 295616 421270 139819 464105 374412 190574 183538 56290 307303 66115 483388 401120 664876 477836 495608 381468 408725 551605 508835 419024 717323 380693 410334 590138 628718 206643 351914 349804 582596 111835
364113 501502 850014 470681 504079 689062 74016 508802 576212 564422 379546 582792 393122 612810 320019 807841 440962 398543 214171 249502 780160 874729 239821 283490 523804 658780 606439 767328 315015 160522 427024 915037 850783 397127 456912 999999999 639808 261188 258906 84880 235725 374584 738508 125392 446825 896271 383661 177947 378063 48850 505014 870195 799532 593793 642053 808787 573811 230571 410187 499447 822897 265086 571865 32770 494186 274046 799354 350569 950162 581791 536660 516279 595178 481564 830997 471580 294284 411320 652162 428908 717100 529273 290010 539420 483920 595109 226343 834716 892238 875345 370894 834597 615918 812194 196899 653997 146433 418288 788811 518255
280879 791673 299296 213879 358666 710964 688328 411343 609217 243339 781748 175426 482506 220468 530915 648214 204577 329937 435288 646095 216875 302973 580777 359707 274917 666457 806048 212049 627144 491132 669222 529721 237168 527774 432192 639808 999999999 643003 510992 607664 645327 473359 104306 548865 196782 605938 285136 634153 557478 618397 743901 604869 259837 84641 186648 212988 84606 603159 269308 338009 357128 497244 129355 660284 282428 438141 164080 311531 473596 708320 727807 149443 471866 226222 577831 622160 408707 467345 718502 492075 77826 120961 663713 175958 256083 813539 435770 203115 351668 568478 665242 613270 842351 176590 709703 399465 494128 225051 159288 334815
430436 757492 913065 432173 368717 912354 328650 674945 791651 666140 640311 657295 212362 702984 537026 997615 488979 319857 346566 502281 712648 928612 476486 370337 426678 876595 855975 698526 559625 227275 671196 1046391 878399 189033 633516 261188 643003 999999999 468279 180407 489150 205182 747172 182650 489574 1056298 476996 432122 600150 214922 754734 1035742 717209 571548 569214 753783 604871 47499 373764 375484 704287 145896 534562 240772 401273 207143 777978 336816 1050411 817876 780959 494922 771288 427517 997129 701747 450025 602480 881841 627424 718004 522118 31925 489141 409964 846626 238693 845585 962216 1028989 110068 1009949 869219 790243 113486 799809 285878 430046 761321 656548
248864 335343 647958 422604 539838 444227 255375 257043 324916 354737 279168 395073 501014 407404 68982 549202 313086 416228 149749 135132 701241 678353 70075 199416 517860 409488 407240 691147 130935 250307 222286 668430 677237 526832 202426 258906 510992 468279 999999999 303106 135195 479512 591593 285631 322620 640049 226698 139519 132382 280514 311553 612955 733184 498047 587536 714564 429239 423983 382629 525541 791086 390144 495606 291637 492060 353171 674000 330096 718874 353102 325753 437473 337829 445415 573858 235405 103684 153158 413945 170057 579842 432766 500196 483562 466497 402887 280672 676841 682916 620977 565298 576072 429389 686134 442721 406807 185124 338082 670276 283645
345272 577293 840620 421781 432823 745134 157928 535901 627680 565444 460635 573869 312076 610263 369870 848239 418663 336216 213818 322337 729415 862383 300756 267872 461285 711900 677516 716087 381979 116948 494164 931503 829370 313508 488046 84880 607664 180407 303106 999999999 309070 294444 709649 59894 422869 924229 376360 251829 431558 36112 576071 900327 745065 552941 587975 761795 549414 146492 359474 430393 759616 185845 526135 76049 431894 205680 761983 303259 954988 644495 604194 473786 627864 428732 861150 530408 310967 448799 711507 470369 685490 491448 210681 489266 425962 667543 174622 807713 885659 900535 288870 868738 689661 774797 140837 674123 140910 382665 749497 533294
376701 268367 776730 542532 639634 467327 193862 364469 365777 485096 166371 528861 572914 537957 145383 612772 445181 517476 247684 13952 831324 808314 65185 315222 629611 442635 370717 820747 86684 307395 194176 771405 810961 590181 308650 235725 645327 489150 135195 309070 999999999 551831 726786 317908 454423 725963 360346 57815 178232 276208 269318 695712 861533 628698 712242 846746 564102 451653 495829 628031 913294 449377 623066 265037 602045 428598 808688 438476 834577 352103 302458 564337 427576 563117 657705 250752 236684 252682 426055 255656 714838 562596 519716 606782 579969 359532 358098 811738 809223 712100 596078 652211 380899 820885 432425 514315 244732 462453 804541 406061
333145 808445 762833 260469 163641 898130 448427 616763 773990 556939 717298 529687 21507 582198 544884 941206 364966 145855 330561 562324 512955 772564 515580 308831 227472 857066 886737 498767 599718 244646 701392 936850 710178 59543 589177 374584 473359 205182 479512 294444 551831 999999999 574676 250894 361709 969694 389111 502910 606055 327595 790401 954761 514516 393909 371432 556530 454105 186431 215264 171637 499221 109526 352366 370486 205284 126396 591221 208300 918568 826313 804839 324823 713981 247496 918208 708807 418195 575495 877735 604840 543085 357086 213420 304438 221650 882211 199066 670402 814279 937949 193506 938949 908353 602922 309171 713907 307730 292233 572734 576598
375784 849283 220608 316873 450936 733843 783997 453071 643800 278517 853631 213654 582824 238344 602972 642042 298486 432695 530186 726209 218578 215024 661651 456039 366889 690749 850252 220528 699895 592827 729422 481137 136465 627828 484292 738508 104306 747172 591593 709649 726786 574676 999999999 651262 291980 574512 371101 720793 621421 719095 797752 579376 264577 181019 252995 190465 166576 707457 373416 431261 376307 601466 224199 760134 378331 542447 99583 415597 404076 748561 776145 252822 495623 327204 557726 674154 492356 526935 748280 548276 33634 225252 767633 272422 354756 860004 538876 98892 271402 536418 767365 597007 888306 108124 813713 405241 592222 327761 110071 376899
291071 584757 786995 361914 379455 729728 198388 501246 609282 516882 478136 521307 270164 559937 354406 819921 362684 278337 172475 330149 669777 807779 297177 216364 403721 694179 677961 656490 381663 60975 491957 888468 772365 278669 456565 125392 548865 182650 285631 59894 317908 250894 651262 999999999 366400 887544 326171 263580 417583 82424 577341 865045 685877 493214 528643 701940 492283 138929 299644 375651 702591 141593 466242 128516 374210 149919 702413 243393 906462 636045 601143 414007 595793 369121 826044 519482 274651 422235 699302 446254 626675 432048 214570 429485 367127 669752 114776 749550 832890 862323 282478 836110 693429 715219 179622 634192 104963 323816 689783 491771
84221 628655 424887 144096 315170 608835 492422 299868 491687 196767 599743 170074 377620 220833 353421 603750 10117 222853 238846 456474 378963 443129 391079 164075 254097 564176 663493 369229 446303 306189 505298 575154 406595 421191 296891 446825 196782 489574 322620 422869 454423 361709 291980 366400 999999999 612446 98097 439287 391543 429400 587702 600223 412413 175729 275230 392338 127226 444993 152503 294257 480282 347091 179051 469245 239848 284136 360417 157702 563398 575678 580882 125654 387512 171595 565315 473194 218939 314173 603671 343236 272300 112131 515099 181198 205947 667147 259817 387910 473158 579327 536441 590495 696049 373053 538018 361622 300424 70304 353559 238168
639288 642683 393854 745372 920005 365182 894158 388628 386594 415945 741982 459598 987114 403849 589533 161595 607548 835163 715080 715409 792981 426140 680962 686947 846383 349707 561222 794224 646443 832433 581507 129269 513862 1029075 439360 896271 605938 1056298 640049 924229 725963 969694 574512 887544 612446 999999999 585798 763197 547789 909755 584078 34997 839037 677619 791878 762779 562593 1008802 764930 898341 949616 931391 715997 928565 840530 871462 662788 761404 262164 471800 536523 697249 302442 770634 68635 500920 613744 487107 411907 474747 598598 663755 1086455 749999 806859 581509 820060 566886 369674 38095 1127516 90486 598927 665897 1063978 257623 784996 682635 679752 400233
56575 531528 466816 224770 380890 531435 419230 231314 410373 191187 502227 199333 408055 233994 255327 552615 88123 269668 169500 361503 476558 491070 296077 109979 333063 487651 570861 467039 348455 265690 408368 569394 471067 447592 214990 383661 285136 476996 226698 376360 360346 389111 371101 326171 98097 585798 999999999 350079 294780 375316 491991 568552 510466 273489 371927 488124 205469 429967 209130 361734 577146 346038 276448 410000 313527 285668 448880 183928 580390 486971 487570 221034 326802 251536 531196 380267 123663 222720 521210 252728 356319 210181 505775 273779 281627 573442 238306 461806 510317 556171 542036 550313 602221 461208 505148 328251 240400 136187 444247 187903
357873 325479 787080 514316 599328 519885 140110 390202 413964 493671 215194 531228 523718 546175 174054 657058 430638 478974 215788 71555 811049 817073 82419 288867 595309 493186 428497 799869 139907 258446 250445 801111 812820 538810 334348 177947 634153 432122 139519 251829 57815 502910 720793 263580 439287 763197 350079 999999999 219674 218604 327068 734055 838958 610230 686592 829684 555548 395394 463762 589013 884582 398276 600725 207520 566989 381961 798216 404620 856755 407327 359462 541851 461845 533117 695515 302109 228921 280291 480075 288737 706371 543518 462509 580550 547106 417342 313493 809313 822400 747189 539583 692747 438600 810666 374726 540910 199190 438798 792481 422623
335282 237210 631502 514692 651078 313586 357565 201255 198155 352894 238974 409802 627474 403901 63408 437389 381427 528886 275897 167655 764171 665836 140690 309124 618223 281100 284935 755791 101942 382348 113772 597076 683706 655528 149576 378063 557478 600150 132382 431558 178232 606055 621421 417583 391543 547789 294780 219674 999999999 406118 198178 517481 800833 563594 666538 769321 472873 556176 485092 634845 871720 520749 570592 410568 594949 480418 713194 439497 668458 221523 201287 515802 251211 540077 479490 103526 196548 96729 281723 85733 616603 503231 632045 568093 566076 284061 408733 694863 658015 534476 697679 474337 312165 724369 569136 345345 317461 426019 713633 259862
349099 543947 841750 439713 461531 719250 122370 521140 603440 561609 425470 574318 345739 608064 345563 828642 424436 360319 207973 289677 748740 864811 272061 269576 485769 687127 645915 735626 351478 128994 463820 921786 835700 348648 471507 48850 618397 214922 280514 36112 276208 327595 719095 82424 429400 909755 375316 218604 406118 999999999 544404 884941 766115 567490 608669 779441 556567 182389 378046 458008 784773 218338 542860 46186 456216 232308 775291 319939 950178 615977 573836 488895 611063 448533 845716 503195 299285 429596 684331 449677 696122 504472 244599 507959 448190 635443 192289 816470 885632 887175 324024 851688 657100 788131 163018 662538 135161 394293 763661 523475
533460 60179 771013 712865 846777 243575 459214 347991 202581 520348 178726 584138 811906 566524 250543 436454 577594 723804 461302 255514 955225 807852 280486 503960 816143 239920 101514 947551 195678 554258 89312 668485 841949 836011 313697 505014 743901 754734 311553 576071 269318 790401 797752 577341 587702 584078 491991 327068 198178 544404 999999999 549564 993420 757150 862930 956864 659763 714855 682538 831134 1067882 697106 766560 534260 792541 664009 893368 635241 766905 117510 49850 712701 345041 738245 517924 123782 393028 277355 193302 251828 797048 698636 785862 765693 764012 92562 591337 861689 787756 583659 859338 496343 117952 903828 701739 457043 488067 624154 896102 421872
622910 608042 408014 735744 910549 330282 866217 364452 352852 404827 708501 452454 972585 397064 560819 127462 594852 822344 692747 684936 797204 441728 652005 667528 838554 314755 526228 797828 615350 810798 548335 156118 526400 1013973 413639 870195 604869 1035742 612955 900327 695712 954761 579376 865045 600223 34997 568552 734055 517481 884941 549564 999999999 843311 673987 789751 768889 557255 988250 752648 888974 952657 913125 711168 902622 831530 853881 670076 746540 287911 436974 501864 689710 275167 761471 39229 467960 590639 459809 376916 446205 602035 656759 1066169 743511 797659 546512 800685 577614 387616 54670 1109192 55615 563956 673818 1040488 240877 761830 670115 686230 381491
485076 1037776 472165 330189 353083 970798 861194 669564 868093 503172 1011620 435151 512664 477584 765681 899988 422347 411252 624820 864926 46107 455588 800055 550150 291524 926292 1060952 47828 858622 639247 914355 743891 359235 550426 686307 799532 259837 717209 733184 745065 861533 514516 264577 685877 412413 839037 510466 838958 800833 766115 993420 843311 999999999 237434 157515 86547 338664 689627 389406 342908 114461 586076 238534 811884 318854 543412 186621 449528 656388 965297 980994 297378 731616 317982 820503 874039 629827 716178 977934 742871 241536 300722 727834 261497 319475 1067257 574103 299219 518071 800947 698332 858817 1096198 188885 810865 655131 665548 400186 165438 593580
252613 800673 383935 139414 274095 750538 648338 442787 641391 289491 775471 226998 401817 279547 528438 707155 185517 253573 400767 631271 203252 387156 566005 324399 190283 705591 827431 193550 621929 438580 677215 608217 317179 446809 453714 593793 84641 571548 498047 552941 628698 393909 181019 493214 175729 677619 273489 610230 563594 567490 757150 673987 237434 999999999 119291 219684 119806 533904 199877 253540 314979 426899 44726 611281 198559 370653 209917 250303 557187 734303 746421 79409 515153 146721 644747 639007 394386 480372 752807 507776 149176 66800 590475 92032 173794 832834 378505 276682 436307 640751 586933 677927 861806 222629 645238 456258 451390 176553 196572 369396
338841 903448 472268 173839 219415 867948 704130 558975 756848 408759 866700 346008 372992 397778 625855 826071 285341 256143 471264 716515 144012 467991 652428 398051 143961 822969 937479 130068 715791 481737 780226 715873 383745 414425 566230 642053 186648 569214 587536 587975 712242 371432 252995 528643 275230 791878 371927 686592 666538 608669 862930 789751 157515 119291 999999999 185146 238996 538657 232024 204135 205219 433312 96772 654402 167954 387732 232033 292344 653155 846953 855365 151161 633754 160489 761505 747654 485559 588486 868654 616978 219807 165342 582470 106086 163556 941741 416600 331411 523763 754584 561827 795537 970682 242112 658285 575260 509066 249980 210757 486883
471844 1004304 388631 340038 401660 915801 865886 622349 818801 450589 989644 382310 557685 418650 739967 832179 401666 437585 620262 848776 51617 370503 783357 543976 329068 871889 1018409 64006 835260 650682 881601 663484 273662 598441 645037 808787 212988 753783 714564 761795 846746 556530 190465 701940 392338 762779 488124 829684 769321 779441 956864 768889 86547 219684 185146 999999999 297184 722115 402341 387923 200125 615923 236925 824279 352812 567108 102411 459503 572100 919771 940614 293333 676262 334573 747954 835129 610993 680126 926552 705044 173627 286483 767501 272885 345171 1026213 587680 213552 433360 724709 746226 787425 1054982 103198 840375 592288 668783 395127 83228 545467
