NAME : synthetic_000405
TYPE : CTSP-D
DIMENSION : 100
GROUPS : 8
RELAXATION_LEVEL : 1
EDGE_WEIGHT_TYPE : EXPLICIT
EDGE_WEIGHT_FORMAT : FULL_MATRIX
EDGE_WEIGHT_SECTION
999999999 77585 463086 415012 463587 87904 316554 605650 182990 743949 387687 459275 420035 382519 253803 694961 328367 590728 192233 843428 484056 595637 531636 400001 675162 328567 304303 764860 891247 925928 391049 398398 595318 153542 497529 605504 172206 642526 954850 701462 425270 452254 221123 316035 504141 445171 787091 471324 452730 274436 218314 449376 632174 502935 354363 17343 729748 500792 520120 299319 879000 766063 896110 312011 989342 453975 608911 425847 122064 547563 457320 402586 526968 597885 257806 937804 369867 1006533 254883 728983 371973 419714 423117 783489 521909 295672 605987 771977 678378 333754 267558 70522 517046 433812 150832 454376 460445 979631 462452 482192
77585 999999999 527424 485115 396736 161073 247947 642375 260374 675738 442195 387203 422849 457944 324164 636594 384459 517632 117469 812977 468270 570795 556089 427734 606114 251083 242030 698486 843871 920983 322779 430090 537626 229210 426014 589642 102540 668120 894903 721989 446532 520998 296428 332954 529636 424595 728437 482478 483000 197143 253271 451886 663567 493683 280277 90349 690958 566192 509373 222066 820202 755548 844393 255417 932291 450121 567344 350346 45201 577365 526738 474882 532882 572879 254610 875845 406778 946014 330675 667708 423825 356287 347128 798791 525269 248281 548575 735270 680833 286975 196330 121786 540786 481486 108242 378763 503794 984746 528739 404945
463086 527424 999999999 83913 924062 376823 775370 296068 321962 1036621 120532 812753 420625 177882 214928 925835 156157 937211 642924 881216 541527 657839 338128 284432 980969 747325 640303 1041683 1026108 797683 732669 261573 838146 324343 951786 615375 629854 393123 1167413 465916 323844 55002 267202 342105 320118 544784 1007743 393536 274917 694419 312021 432169 348695 517924 736650 461401 837264 40355 535104 734248 1090546 701007 1058375 775036 1178375 466756 758281 868690 560592 310683 64096 117355 447375 660282 421874 1166415 234819 1219010 247579 974131 145963 729866 812536 559992 459287 580236 845261 859385 559691 598591 723398 487303 336335 154252 613151 896106 187104 783833 23031 909415
415012 485115 83913 999999999 878593 327124 731282 373468 256027 1040977 153736 800640 452574 94071 161275 940216 158017 928809 602417 926793 572568 693637 399361 322610 981864 718388 626679 1049261 1058844 864665 721110 300606 848473 266681 911058 658046 586064 466139 1188653 539403 365112 40922 203023 357472 378053 568632 1025396 437891 326329 664209 300821 468595 424635 554909 716489 410676 870972 103515 573103 700360 1111032 757790 1087008 724056 1203912 500558 782935 833154 522264 377607 43046 33593 496266 696141 421644 1184720 266597 1240822 177415 986737 174081 724491 792218 634179 506012 573181 856409 896822 620147 596202 681075 429394 395074 209388 561726 861179 247920 858226 66767 879795
463587 396736 924062 878593 999999999 551469 149004 1015083 636020 610258 836664 374131 744617 840621 717385 668116 780010 430261 283706 979391 734964 790401 911052 794748 546727 245821 407835 648152 917664 1180115 390104 802573 597434 614466 67425 838782 294227 1020563 874518 1061795 802116 915721 681538 691151 887737 684459 740914 816073 851039 273621 638822 769509 1026949 775829 318201 468447 831841 962637 785064 223190 818113 1006435 890468 165619 930754 752630 715097 128717 366857 940836 920892 865426 850332 791545 592450 840657 786774 915469 713650 669997 816924 442984 294825 1123224 837223 476661 607469 880594 977673 498121 202339 459814 895202 870664 320540 129428 888283 1273450 924871 189991
87904 161073 376823 327124 551469 999999999 404406 539477 106364 799270 308485 523734 393517 296989 165965 735589 248757 655969 278194 846425 476245 595478 478547 346831 732370 407604 358064 816995 915115 898876 450401 341066 636180 69274 585080 594764 259689 586592 995873 649883 378215 364523 135602 279000 450532 444159 827303 433803 395367 352827 168664 422101 570722 487140 423889 84589 744222 413996 505536 382235 918767 746766 925772 398547 1025921 433658 628611 511414 202382 488797 369484 314878 493670 597874 249081 981967 307966 1048159 170129 773502 295303 471555 496057 736342 491535 332564 646318 783367 645975 367845 354999 118350 464979 359864 236398 539836 390035 941422 375387 564810
316554 247947 775370 731282 149004 404406 999999999 870772 492895 599601 687773 320533 610388 696693 570008 621491 631018 417169 135140 894644 614477 684724 770552 650869 530068 150524 293394 632932 863600 1068470 305974 657597 536605 468902 182448 725537 145597 881246 854731 925973 660761 767962 536348 548283 746362 564385 704465 679952 707224 151414 490898 636660 884921 652138 230335 322578 752267 814087 663290 107181 789734 895412 845854 75001 904989 623233 629479 134686 218124 798457 773356 719103 718617 686179 451967 825826 640251 900606 569171 634671 668195 359292 243921 991939 706753 353671 547558 800783 852933 381359 54170 319698 754740 722598 180548 160859 741124 1153489 776496 211817
605650 642375 296068 373468 1015083 539477 870772 999999999 538059 943332 254657 792596 308467 464546 429240 803902 306171 894596 737695 655750 401141 482123 128486 220377 902875 791952 644111 936920 836551 513790 718232 213446 736664 518730 1023936 419026 737099 105000 1010707 173663 219373 351061 489043 324501 139915 431088 869873 239928 164216 748641 389922 298038 54172 359096 751788 612280 653839 304388 368885 797285 939267 447758 881104 895104 1007076 332831 612775 927045 658081 85000 359999 406190 255900 484070 425393 1019575 236264 1058709 486666 855504 255742 694053 821255 265546 274030 570556 740320 661898 302959 569728 816732 656924 141371 189386 747870 950502 152300 488538 318731 943957
182990 260374 321962 256027 636020 106364 492895 538059 999999999 904456 287051 630097 453114 204717 112674 836347 231968 762333 374504 923919 550155 673192 501592 376301 837979 510559 463803 921409 1006757 947372 556572 364457 737399 42990 675258 663687 352257 601870 1096136 670440 414500 296448 54841 334410 473882 524160 927614 479587 415392 456032 223675 479750 577156 553850 529862 172780 830885 354195 572877 482307 1018654 805254 1020690 475900 1124104 497778 719536 607849 304014 502399 298943 235911 542259 675667 331656 1083533 326180 1148583 79744 875626 282446 576600 601470 761746 543476 434667 747292 867618 691869 468550 446888 177516 490081 349264 315522 636428 385875 976186 314693 665182
743949 675738 1036621 1040977 610258 799270 599601 943332 904456 999999999 916650 293827 644561 1060058 912353 158790 886645 183386 606799 518169 542265 486699 814968 773451 70962 465172 441605 40655 361153 812038 353169 794234 206787 863182 552972 558945 638224 885630 264842 883634 747813 1061270 917783 695234 807809 514985 165750 705230 811803 502306 741819 648230 921823 585681 403395 760291 385747 1075022 578507 513407 216898 666107 313441 674439 323572 611979 346944 492668 632672 859271 1070917 1048326 690896 485684 619342 230437 808829 305363 950931 115571 891055 327861 358826 894149 672403 474593 203072 421207 729850 446544 593759 797396 802950 905561 707309 482713 895523 941321 1050638 420550
387687 442195 120532 153736 836664 308485 687773 254657 287051 916650 999999999 698449 303364 228204 175802 805348 59728 820874 553026 773429 424247 543085 251394 169910 861676 644659 527741 921335 910194 718068 618440 147517 717671 273487 858776 505067 544075 332226 1047831 404740 211835 155811 235891 221705 228001 425234 887539 284306 173749 593387 204418 317245 298862 403576 627425 389911 721654 158373 421414 636175 970792 605189 940796 696350 1059850 350528 639219 770988 469849 236462 166529 179143 342559 545565 304844 1046342 116213 1099564 232013 853602 25603 612927 702941 499411 352301 464744 724753 745802 469570 481087 634376 426143 245287 66577 537906 797624 106884 721849 137065 806144
459275 387203 812753 800640 374131 523734 320533 792596 630097 293827 698449 999999999 485987 803788 656194 301727 656865 132236 312980 608699 427821 445912 668940 587481 222943 175382 173985 321876 547621 834608 80087 604025 223604 591033 336022 506308 344398 764397 537336 786306 575478 827208 651222 490217 652994 381612 383977 558575 637270 208590 502065 501916 786755 474444 109713 474803 459818 852873 477191 224046 470117 663526 526345 394937 585498 473010 348344 245417 342919 708675 835783 801995 570582 446474 394714 510972 606440 584933 685649 314457 673496 100826 80303 827243 553720 234104 233867 508349 666760 224687 305512 507828 654110 704477 413493 249271 705530 942035 822782 203092
420035 422849 420625 452574 744617 393517 610388 308467 453114 644561 303364 485987 999999999 507823 387468 516482 298730 586176 487992 482162 120961 241279 182992 137074 599215 506661 348751 642540 606917 506841 413982 159795 438484 415000 742817 214252 497103 282192 748817 317290 104189 459118 428561 118721 168634 130633 593042 73754 167547 471140 230451 29356 300889 105070 455525 433462 418587 454361 124143 521519 672715 353826 637794 650751 757944 48494 339042 642462 420892 223714 469805 472105 110480 243794 168333 750122 187190 799959 448310 566888 279995 386491 520613 382154 102550 274677 443621 444575 258856 266737 558767 487808 168337 272525 529774 663253 254939 562091 439355 648768
382519 457944 177882 94071 840621 296989 696693 464546 204717 1060058 228204 803788 507823 999999999 148188 970812 210430 934731 574597 988697 624364 748172 479502 387483 997632 702951 630963 1071767 1107459 946202 726024 367117 875666 229001 878798 719383 554304 553962 1224802 627216 430853 128827 161534 401118 456171 613648 1058768 504187 400991 648131 321535 527413 514599 612503 711554 374591 921791 192645 631320 679133 1146815 830945 1131322 680513 1244451 556316 825593 808125 499196 462022 125074 60530 565230 750703 446824 1217812 329459 1277315 127704 1015083 242802 736291 786000 722184 572993 586072 884385 951093 697351 613675 649489 382035 473471 291026 520193 836600 331147 945912 159377 861494
253803 324164 214928 161275 717385 165965 570008 429240 112674 912353 175802 656194 387468 148188 999999999 826258 124183 786857 441584 868698 497168 621988 404454 287761 849598 561632 483044 924645 973136 862065 578126 272118 730107 109416 749941 601718 424826 499003 1082142 569473 329360 198631 60093 272283 377576 480240 915164 399687 318719 507040 178458 410947 470733 492121 565738 249927 790334 250249 511300 541295 1004133 730041 993682 563830 1104096 435090 688213 673198 362222 400067 203522 151571 462841 624518 303069 1073789 232426 1134729 63327 869619 173948 588128 640740 662540 467020 438079 739072 822735 607180 466272 519901 272541 394469 239856 401467 701368 277978 881003 211071 722086
694961 636594 925835 940216 668116 735589 621491 803902 836347 158790 805348 301727 516482 970812 826258 999999999 782737 253481 593357 367767 404869 333967 676664 650965 161854 473140 394731 138529 250135 654628 327765 672882 99718 793640 620873 405796 623232 739210 260404 732250 620657 956066 840931 584809 672498 386060 92133 570349 683457 495210 649301 515553 778305 444895 397164 712151 228790 962590 435299 520960 184040 507327 224620 695306 295891 478556 194503 540991 598116 721385 966211 951599 548538 332710 523993 247811 692582 312586 872027 51691 780069 283190 381170 738202 530199 403181 89311 267452 574982 367937 601877 756626 665821 785967 691068 539205 771241 782964 941878 482721
328367 384459 156157 158017 780010 248757 631018 306171 231968 886645 59728 656865 298730 210430 124183 782737 999999999 782065 496681 778446 417204 539869 283500 177926 829150 593571 484190 893657 902798 746433 576799 158636 691829 215414 803754 509090 486679 375085 1030636 445998 221260 174631 183316 199467 257476 411122 867525 294391 199242 541377 155924 317324 346657 402861 580734 330324 715612 196459 421537 582838 953021 623110 929792 637864 1046131 347162 625253 717639 413570 276458 184365 173993 356154 542392 268362 1026828 119830 1082806 184918 829635 50479 575315 656584 539554 363171 424990 699556 743132 493556 444809 577921 366465 274677 117369 478810 744631 154221 759430 166184 755523
590728 517632 937211 928809 430261 655969 417169 894596 762333 183386 820874 132236 586176 934731 786857 253481 782065 999999999 435701 608412 508794 496419 767842 699134 116657 288569 303815 219188 501107 869208 208731 717270 217403 723227 376289 564531 467131 855533 445094 868766 682326 954116 783127 606781 754810 468465 314193 655881 745713 331311 628761 597862 883179 555809 237560 606026 460328 977060 554609 335655 388020 705433 466386 491804 500529 565368 372957 309913 472922 809718 962954 931331 658150 496324 516032 412821 723567 487888 817479 244178 795591 208242 180719 898476 640269 357076 223305 505642 733790 340388 414421 637309 753812 822060 535447 301472 819722 987338 948248 240361
192233 117469 642924 602417 283706 278194 135140 737695 374504 606799 553026 312980 487992 574597 441584 593357 496681 435701 999999999 820034 507411 592527 640857 518479 535888 150502 213161 634279 820036 965054 265877 524280 498642 345606 309119 624353 31489 752305 844024 800075 530648 638002 413088 417179 615945 458942 682747 554952 574769 104717 355822 515490 753630 540809 203688 201762 685969 682050 553893 111539 772816 794195 811884 162779 887472 506011 560665 233614 83177 667032 643892 592348 597881 594286 324237 820489 505827 893315 447046 616965 533219 311543 256420 870028 587425 253752 509888 733043 738222 288218 81368 214337 625130 587470 100513 262145 606295 1041553 644993 292416
843428 812977 881216 926793 979391 846425 894644 655750 923919 518169 773429 608699 482162 988697 868698 367767 778446 608412 820034 999999999 373942 251144 554110 604288 529445 747154 608895 486715 217859 310506 592453 626187 394928 882908 944695 269367 843387 559900 426773 518896 561688 926937 906152 596685 565746 402267 363212 489224 606316 746221 701523 461315 611186 377095 667764 859970 149690 908605 358030 787467 380228 222094 278889 960448 397086 433984 265580 851431 788923 593098 937708 949409 433917 248713 597364 453657 661203 461689 928346 402896 752818 538639 685562 481293 422088 570361 387206 102791 356311 533388 858916 913701 551372 726970 900754 857644 696172 446807 902455 810527
484056 468270 541527 572568 734964 476245 614477 401141 550155 542265 424247 427821 120961 624364 497168 404869 417204 508794 507411 373942 999999999 124821 272943 257502 503911 489517 327129 536056 486345 457692 367206 280327 335757 509436 722236 121720 523325 348404 629660 360603 221409 579941 532554 225114 267652 50506 476975 165539 281647 465434 327594 112589 380747 47123 424544 499579 298487 574967 50619 514865 554200 288219 516855 666060 637373 75887 220386 620693 454784 317458 590610 591113 150754 127350 228544 632473 308040 680441 555612 456159 400696 327508 478115 400095 132451 260875 339212 326796 244131 236857 567309 554408 261434 392373 568543 637510 372172 539418 560315 612155
595637 570795 657839 693637 790401 595478 684724 482123 673192 486699 543085 445912 241279 748172 621988 333967 539869 496419 592527 251144 124821 999999999 360002 373788 463072 546423 391364 472027 368650 390980 403352 396570 291648 631977 767817 72249 612578 408332 529058 398283 334132 698826 656952 349881 362375 151528 390155 267811 388905 533312 451593 225936 450679 139917 472313 611863 179812 689427 123168 579712 457144 218180 405088 743811 529187 193090 139948 668049 551082 404156 709568 713380 228431 2535 346400 537487 427441 577821 680337 385168 520395 353884 510791 409139 211500 338777 290976 203297 243851 305624 642479 666131 352025 505630 664727 680482 481008 496416 677545 644982
531636 556089 338128 399361 911052 478547 770552 128486 501592 814968 251394 668940 182992 479502 404454 676664 283500 767842 640857 554110 272943 360002 999999999 132108 774427 680160 526898 808950 721844 466700 596313 138399 608259 473667 914913 301562 644221 112057 888931 171348 110283 389289 460221 224269 28065 302769 744532 112044 86247 640151 314032 170198 118730 231845 634497 541111 535877 360134 242802 689858 816215 363312 763228 801947 888371 204475 486889 816074 565169 44757 399694 428104 131579 362096 318820 896122 175484 937822 467068 728183 239679 569471 701693 260292 148893 452718 612003 548378 221691 448332 717174 590801 15851 190008 664007 838289 152045 476549 360728 827638
400001 427734 284432 322610 794748 346831 650869 220377 376301 773451 169910 587481 137074 387483 287761 650965 177926 699134 518479 604288 257502 373788 132108 999999999 724108 573034 429889 773904 741745 574454 510111 22862 569205 345591 803886 335438 519318 242531 885841 303219 43380 325277 339336 104466 104313 265307 729228 116709 56356 528723 182029 147878 236050 233999 536857 409191 552948 317464 251636 577116 809625 445461 774163 677464 894842 182369 476077 707582 440104 149655 336041 345321 178241 376251 206123 886766 58115 937022 351077 700788 148551 492701 608534 389928 185511 357931 575122 576129 319419 362814 596918 458695 118188 135613 535023 731473 122213 600256 303815 727380
675162 606114 980969 981864 546727 732370 530068 902875 837979 70962 861676 222943 599215 997632 849598 161854 829150 116657 535888 529445 503911 463072 774427 724108 999999999 394364 374312 103125 396797 810709 284113 744208 172099 797081 491735 534794 567322 851206 328479 854563 701013 1003542 852924 641316 765313 471952 203774 663255 765179 431366 681582 605464 884645 549086 332574 691361 387732 1019870 543890 442670 272282 656372 356595 605003 384040 570086 326543 426414 562770 818166 1012990 987970 654334 462393 560919 296781 756433 371831 886403 137353 836081 262265 288347 872176 635895 411565 172099 428486 706738 385764 523188 727643 761681 854083 636394 418094 846306 935945 994191 356749
328567 251083 747325 718388 245821 407604 150524 791952 510559 465172 644659 175382 506661 702951 561632 473140 593571 288569 150502 747154 489517 546423 680160 573034 394364 999999999 162603 495508 713431 935038 155910 584207 386428 476850 236233 593185 181274 786899 712713 823493 574083 750675 542657 468656 658737 439037 558082 579573 628291 54829 440263 529991 798096 531049 80062 341208 603262 787495 539775 48679 645184 761355 696957 222697 760568 510590 481595 135998 206645 713454 757789 712966 609353 547671 366923 686016 575020 760157 577412 489219 621954 209569 107863 880996 595422 233715 397437 651920 732802 252701 130130 362078 664384 666923 248144 158552 678011 1027652 752880 162092
304303 242030 640303 626679 407835 358064 293394 644111 463803 441605 527741 173985 348751 630963 483044 394731 484190 303815 213161 608895 327129 391364 526898 429889 374312 162603 999999999 460984 610006 776239 95084 444078 296148 423235 397475 433451 239335 630710 652909 663892 424742 653534 480879 327968 507324 276626 486470 422358 482991 141986 328784 370545 645571 368447 107735 321103 472946 680541 377279 189447 578197 602823 605943 353740 690566 349272 347707 296110 203629 562851 662024 628090 448494 392840 227984 634364 441711 704112 514923 425899 503164 115411 178861 719093 434060 74242 307196 520229 570206 90296 252013 362828 511333 538391 303236 315398 543195 865910 649741 300740
764860 698486 1041683 1049261 648152 816995 632932 936920 921409 40655 921335 321876 642540 1071767 924645 138529 893657 219188 634279 486715 536056 472027 808950 773904 103125 495508 460984 999999999 322675 784732 375865 795152 204714 879671 591686 544021 665574 875438 226366 870201 746432 1068194 932558 699630 803152 512117 128500 700574 810086 530289 751819 644372 913293 578051 430594 781450 359153 1079584 569669 544024 176296 643098 273595 707898 283955 607704 332199 529097 656165 853509 1078014 1057844 682709 470831 628011 193709 811599 268775 965247 89284 895794 345920 390484 876680 664262 488584 198967 391967 713501 458430 624922 820272 797462 907343 734724 520052 895544 915527 1056394 458226
891247 843871 1026108 1058844 917664 915115 863600 836551 1006757 361153 910194 547621 606917 1107459 973136 250135 902798 501107 820036 217859 486345 368650 721844 741745 396797 713431 610006 322675 999999999 526019 560916 764586 327011 963941 871005 420305 848068 749104 210045 718066 702664 1065993 1000096 706371 727511 493914 195785 636101 757259 728526 796029 593940 797582 508427 634720 908557 188891 1058032 491803 759834 174964 431793 63240 936018 180335 559731 287222 790017 810587 764556 1076692 1076787 592010 366251 676258 240216 794087 243892 1027249 259565 886907 510385 627830 691462 576459 596782 316042 174765 551330 558207 839111 958164 715702 874261 913185 789022 849377 662761 1045530 732852
925928 920983 797683 864665 1180115 898876 1068470 513790 947372 812038 718068 834608 506841 946202 862065 654628 746433 869208 965054 310506 457692 390980 466700 574454 810709 935038 776239 784732 526019 999999999 794317 590166 652720 912986 1158760 342943 980888 409370 735983 341343 533876 851110 913417 620051 490539 506284 667206 468058 547548 917653 731993 477719 459924 427513 862530 939808 426292 813172 412617 965683 690626 173690 588261 1122821 701740 472344 496478 1058797 910994 487578 861109 894228 406114 390073 669470 763972 629923 768154 925391 697028 705411 744681 901505 259859 407347 715710 648168 393738 255573 687177 1023089 994365 473198 656031 1024142 1071458 616804 136763 820693 1035312
391049 322779 732669 721110 390104 450401 305974 718232 556572 353169 618440 80087 413982 726024 578126 327765 576799 208731 265877 592453 367206 403352 596313 510111 284113 155910 95084 375865 560916 794317 999999999 526089 235149 516602 364475 457358 296143 694805 578974 720722 499939 747361 575270 411539 579186 318644 416870 487338 560894 168197 422117 431851 714715 412632 75859 407262 447608 772787 417588 199956 507075 621163 548361 376371 621615 405148 326959 265195 280306 634968 755991 722958 504078 404301 315045 556889 527401 628851 609455 351492 593523 53861 110941 767048 487928 154501 246359 496325 610164 148517 278243 444540 581204 625228 364605 277154 627133 894862 742748 245498
398398 430090 261573 300606 802573 341066 657597 213446 364457 794234 147517 604025 159795 367117 272118 672882 158636 717270 524280 626187 280327 396570 138399 22862 744208 584207 444078 795152 764586 590166 526089 999999999 590438 335494 813465 357583 523773 245640 908469 309484 64531 302652 325368 116361 110362 287509 751542 137674 54511 538749 180175 170690 234186 256743 550495 406744 575780 294645 274299 586582 832185 464546 797016 681845 917644 205230 498725 718069 444698 149176 313421 323851 198114 399030 218048 909214 39757 959691 335405 722568 126721 510240 622919 398437 206298 372993 596490 598809 335922 379580 603509 454931 125957 113240 536577 742388 102576 611823 280997 739968
595318 537626 838146 848473 597434 636180 536605 736664 737399 206787 717671 223604 438484 875666 730107 99718 691829 217403 498642 394928 335757 291648 608259 569205 172099 386428 296148 204714 327011 652720 235149 590438 999999999 694779 556302 363049 527933 680982 360070 682693 542142 866021 743076 496065 601035 308468 191832 498448 605954 403332 554260 441525 715962 379753 307954 612522 245467 875742 373454 433005 283718 491705 313441 609055 394696 405211 158446 468792 499761 652519 875985 858530 485101 291075 429224 346142 607164 412163 774555 139514 692186 187123 303744 700488 466610 303660 11248 292434 534966 268850 512739 657304 596179 702673 595073 471024 690912 773223 853300 419555
153542 229210 324343 266681 614466 69274 468902 518730 42990 863182 273487 591033 415000 229001 109416 793640 215414 723227 345606 882908 509436 631977 473667 345591 797081 476850 423235 879671 963941 912986 516602 335494 694779 999999999 650557 624076 325547 576904 1053339 643938 382095 305705 67602 296583 445717 482434 884837 444933 387918 422084 184651 442171 555152 514505 492421 146325 788500 359376 533441 450966 975824 768145 977717 457729 1081151 458834 676727 579168 271314 477578 309622 251188 507107 634442 289270 1040921 298451 1105801 101483 833150 265290 535344 564987 733898 507474 392358 704631 825542 657816 425945 420843 163406 461450 332100 295600 607660 366599 945769 320054 633689
497529 426014 951786 911058 67425 585080 182448 1023936 675258 552972 858776 336022 742817 878798 749941 620873 803754 376289 309119 944695 722236 767817 914913 803886 491735 236233 397475 591686 871005 1158760 364475 813465 556302 650557 999999999 820328 325394 1022501 817784 1059724 807660 946988 718105 699501 892827 671993 689676 815585 859774 275342 657220 766223 1032319 765018 298300 504338 795821 991041 772777 226883 763967 985495 840789 219130 875323 746490 682939 101565 391202 947036 952751 899953 845432 768774 598709 782857 800737 857355 751181 619048 837850 415158 260297 1116567 831323 469746 565831 844309 966264 486552 230100 501921 899094 888414 362406 87739 903295 1257283 954092 138155
605504 589642 615375 658046 838782 594764 725537 419026 663687 558945 505067 506308 214252 719383 601718 405796 509090 564531 624353 269367 121720 72249 301562 335438 534794 593185 433451 544021 420305 342943 457358 357583 363049 624076 820328 999999999 641719 340044 592447 326691 293257 659514 641890 331285 307689 166218 459268 221866 341607 574725 440015 192157 384405 110097 522497 620899 234977 644622 90942 622889 522562 170160 462420 780582 588161 166946 212124 719502 574976 344537 670295 680219 172190 73282 349008 603242 392009 639908 662394 456832 483973 410652 566973 337440 157585 373176 362715 247442 171945 344236 680453 675774 295491 461388 688917 733734 433127 437512 636084 701827
172206 102540 629854 586064 294227 259689 145597 737099 352257 638224 544075 344398 497103 554304 424826 623232 486679 467131 31489 843387 523325 612578 644221 519318 567322 181274 239335 665574 848068 980888 296143 523773 527933 325547 325394 641719 999999999 756081 874712 806034 533953 622511 393147 419969 618697 475709 712936 562158 575357 136206 351106 525162 755206 554947 235017 179836 711121 668513 568723 140445 803211 811060 840921 158150 917731 517753 585788 256191 79221 668627 628006 574565 607454 614409 330862 851445 503202 924142 426600 647493 525212 340825 287668 878291 597773 274494 539172 757836 750277 310291 95353 187058 628611 581546 69150 284779 602224 1054206 630899 318729
642526 668120 393123 466139 1020563 586592 881246 105000 601870 885630 332226 764397 282192 553962 499003 739210 375085 855533 752305 559900 348404 408332 112057 242531 851206 786899 630710 875438 749104 409370 694805 245640 680982 576904 1022501 340044 756081 999999999 931310 73295 222164 447678 557083 336215 138712 387127 798450 208449 191234 748573 424408 262960 52891 302341 737686 651566 571346 405336 307531 798573 862422 346756 796861 913686 923292 291685 545110 922893 677081 99476 457178 497758 197755 409981 429279 943146 279476 977733 559889 790847 326791 663850 802455 168229 215962 556521 683284 574536 203885 548599 828074 700430 127520 265872 775998 944375 225373 392151 416103 930949
954850 894903 1167413 1188653 874518 995873 854731 1010707 1096136 264842 1047831 537336 748817 1224802 1082142 260404 1030636 445094 844024 426773 629660 529058 888931 885841 328479 712713 652909 226366 210045 735983 578974 908469 360070 1053339 817784 592447 874712 931310 999999999 908304 851038 1201534 1099277 831211 890082 622648 168580 791754 910843 742293 904120 742115 976779 661808 642316 971989 360522 1202443 648058 761381 78013 633686 147891 929702 64518 705547 409776 754878 855281 933187 1211939 1202218 757362 527019 779084 42428 932600 52601 1129793 227702 1023111 539113 610915 890732 740147 663564 349713 366135 741797 628083 842837 1015614 880518 1021340 943445 746326 1001801 872697 1184892 684582
701462 721989 465916 539403 1061795 649883 925973 173663 670440 883634 404740 786306 317290 627216 569473 732250 445998 868766 800075 518896 360603 398283 171348 303219 854563 823493 663892 870201 718066 341343 720722 309484 682693 643938 1059724 326691 806034 73295 908304 999999999 276502 520586 626930 389108 199391 404799 784521 246062 256104 788403 484707 293548 119492 313481 769193 711423 548090 477079 314211 838763 842527 299125 769307 962495 895499 316053 538001 959049 727667 169549 530002 571051 216706 399561 475849 923186 345509 952785 630916 783424 398405 685505 830342 94974 232863 590427 683802 545313 166951 578160 873597 761671 185054 338580 830217 979210 298031 318858 488861 961601
425270 446532 323844 365112 802116 378215 660761 219373 414500 747813 211835 575478 104189 430853 329360 620657 221260 682326 530648 561688 221409 334132 110283 43380 701013 574083 424742 746432 702664 533876 499939 64531 542142 382095 807660 293257 533953 222164 851038 276502 999999999 366450 379562 114054 85651 234794 696686 73365 64166 532442 210331 109419 224911 194246 532431 435654 513774 355391 211264 581794 775387 402411 736558 691664 858234 145540 441494 709667 454925 139413 377230 388321 134995 336562 209685 853268 101484 901850 392590 671077 191249 478312 602009 358986 142150 351208 547471 535597 278408 351485 607258 486812 94660 171765 554622 732569 151114 564397 343887 724755
452254 520998 55002 40922 915721 364523 767962 351061 296448 1061270 155811 827208 459118 128827 198631 956066 174631 954116 638002 926937 579941 698826 389289 325277 1003542 750675 653534 1068194 1065993 851110 747361 302652 866021 305705 946988 659514 622511 447678 1201534 520586 366450 999999999 243044 371365 369992 579505 1039835 437904 321880 696828 325389 472926 403615 559206 745844 448552 877465 64110 576913 734160 1124218 751109 1096245 762366 1214743 506339 793825 867575 557100 363652 10781 69957 493928 701302 442626 1198969 271928 1253461 218151 1003423 179340 748376 821725 614788 504924 597421 873606 901395 610970 618652 717247 468821 386572 201694 599994 895444 237360 838688 32785 912464
221123 296428 267202 203023 681538 135602 536348 489043 54841 917783 235891 651222 428561 161534 60093 840931 183316 783127 413088 906152 532554 656952 460221 339336 852924 542657 480879 932558 1000096 913417 575270 325368 743076 67602 718105 641890 393147 557083 1099277 626930 379562 243044 999999999 310605 432941 510988 931242 447742 374080 487834 205762 453721 529942 531806 555100 213795 820436 299831 550986 517837 1021429 776736 1017340 523739 1124344 474986 713416 646594 337969 457855 246060 185115 510899 659463 324285 1088718 286098 1151858 34844 882264 233467 590666 628565 719412 513703 443975 752551 855053 657967 475391 488437 226919 449581 299696 362006 675067 337469 936458 260315 700387
316035 332954 342105 357472 691151 279000 548283 324501 334410 695234 221705 490217 118721 401118 272283 584809 199467 606781 417179 596685 225114 349881 224269 104466 641316 468656 327968 699630 706371 620051 411539 116361 496065 296583 699501 331285 419969 336215 831211 389108 114054 371365 310605 999999999 198843 212809 668581 155986 160293 424287 112520 145589 336677 221206 434171 327669 520890 379991 240392 472792 753642 471614 731397 577782 846879 164396 426244 603119 340901 250176 381586 372248 214711 352414 101880 827801 116787 883357 331700 632529 196172 398740 506828 468086 212753 257636 503266 551501 367063 266899 494538 380522 208701 215279 441153 627054 215698 664901 357354 623704
504141 529636 320118 378053 887737 450532 746362 139915 473882 807809 228001 652994 168634 456171 377576 672498 257476 754810 615945 565746 267652 362375 28065 104313 765313 658737 507324 803152 727511 490539 579186 110362 601035 445717 892827 307689 618697 138712 890082 199391 85651 369992 432941 198843 999999999 293455 742768 102616 58887 617731 286330 159879 139494 229370 615047 513471 540263 344299 242115 667203 816476 381136 767091 776595 891552 195833 485025 794492 539559 55786 380532 406000 135545 364573 295288 895956 147708 939546 440366 723811 214906 554228 683325 288190 151248 433338 605251 555129 242117 430798 692816 562978 17342 168945 637413 817103 133019 503571 342394 807899
445171 424595 544784 568632 684459 444159 564385 431088 524160 514985 425234 381612 130633 613648 480240 386060 411122 468465 458942 402267 50506 151528 302769 265307 471952 439037 276626 512117 493914 506284 318644 287509 308468 482434 671993 166218 475709 387127 622648 404799 234794 579505 510988 212809 293455 999999999 464087 191308 298102 415078 305284 133577 415558 94036 374543 461190 310132 580117 100819 464436 545779 335389 518749 616731 635438 98297 214404 570437 408845 346271 590001 584681 190272 153886 195119 622094 309998 674333 536218 436322 400633 280884 429395 448455 172821 210716 313308 344120 294272 186360 517582 515693 289788 400748 522818 587482 385182 589812 562279 563025
787091 728437 1007743 1025396 740914 827303 704465 869873 927614 165750 887539 383977 593042 1058768 915164 92133 867525 314193 682747 363212 476975 390155 744532 729228 203774 558082 486470 128500 195785 667206 416870 751542 191832 884837 689676 459268 712936 798450 168580 784521 696686 1039835 931242 668581 742768 464087 999999999 641912 758289 583133 737548 589290 840522 513443 484055 804278 248067 1043737 501730 606394 91911 535672 152871 778912 204860 552291 257772 616003 689643 789243 1050112 1037853 614073 388479 612302 159347 773408 220970 961999 70950 862493 374051 461559 780584 596121 495059 181322 273704 621849 459503 687727 848634 734743 864776 781131 611485 847787 800457 1024476 552369
471324 482478 393536 437891 816073 433803 679952 239928 479587 705230 284306 558575 73754 504187 399687 570349 294391 655881 554952 489224 165539 267811 112044 116709 663255 579573 422358 700574 636101 468058 487338 137674 498448 444933 815585 221866 562158 208449 791754 246062 73365 437904 447742 155986 102616 191308 641912 999999999 121157 542950 265439 58167 228304 130013 529243 483354 447483 423295 144920 593229 717294 330504 672552 717627 795760 93309 384476 715483 484562 155011 448683 461517 63205 270153 231296 796283 174750 841814 462635 621567 264318 458629 594296 316608 68809 348218 502636 466739 213034 340406 627700 536447 98559 239706 590445 736538 213276 508918 414220 722501
452730 483000 274917 326329 851039 395367 707224 164216 415392 811803 173749 637270 167547 400991 318719 683457 199242 745713 574769 606316 281647 388905 86247 56356 765179 628291 482991 810086 757259 547548 560894 54511 605954 387918 859774 341607 575357 191234 910843 256104 64166 321880 374080 160293 58887 298102 758289 121157 999999999 584517 234433 169083 180592 250274 590353 461198 568624 303056 265861 633085 835729 431567 793393 733506 916193 206021 502020 763130 496162 94889 332591 352834 172464 391258 261448 914120 89478 961282 381563 734082 158449 540904 661202 346379 184626 410244 611158 587591 296410 412770 653270 509438 75768 120717 589923 786806 92120 562457 296323 781639
274436 197143 694419 664209 273621 352827 151414 748641 456032 502306 593387 208590 471140 648131 507040 495210 541377 331311 104717 746221 465434 533312 640151 528723 431366 54829 141986 530289 728526 917653 168197 538749 403332 422084 275342 574725 136206 748573 742293 788403 532442 696828 487834 424287 617731 415078 583133 542950 584517 999999999 389265 495893 757221 504591 100098 287448 606170 734507 514863 50433 672273 744409 716541 214235 787343 479322 482078 179653 152381 671778 703829 658445 576754 534771 323367 717747 527552 791032 522594 516090 571084 218282 153353 849778 563785 204870 414547 654315 706197 230513 112968 310634 624313 617822 205112 205066 630458 1004850 699553 215644
218314 253271 312021 300821 638822 168664 490898 389922 223675 741819 204418 502065 230451 321535 178458 649301 155924 628761 355822 701523 327594 451593 314032 182029 681582 440263 328784 751819 796029 731993 422117 180175 554260 184651 657220 440015 351106 424408 904120 484707 210331 325389 205762 112520 286330 305284 737548 265439 234433 389265 999999999 257928 414228 330187 424866 227175 615019 352350 349204 432895 826107 583987 815501 507934 925645 274262 510295 567541 273463 329293 334193 306534 326051 454094 125313 896452 153768 956687 231333 693617 181820 423695 500690 569216 324956 272430 562903 649302 478092 295826 436867 276985 299759 231855 357961 593885 251120 772769 320968 601734
449376 451886 432169 468595 769509 422101 636660 298038 479750 648230 317245 501916 29356 527413 410947 515553 317324 597862 515490 461315 112589 225936 170198 147878 605464 529991 370545 644372 593940 477719 431851 170690 441525 442171 766223 192157 525162 262960 742115 293548 109419 472926 453721 145589 159879 133577 589290 58167 169083 495893 257928 999999999 285745 86366 476485 462772 405106 464476 104540 546321 666771 326061 627195 678174 748827 37048 332974 665502 449328 213078 483675 489502 82392 228405 197292 745052 202017 792766 472443 566506 294857 401658 539830 355318 73385 296911 445991 428575 229539 286214 585401 517086 156675 281086 558639 685736 259692 532931 451687 669436
632174 663567 348695 424635 1026949 570722 884921 54172 577156 921823 298862 786755 300889 514599 470733 778305 346657 883179 753630 611186 380747 450679 118730 236050 884645 798096 645571 913293 797582 459924 714715 234186 715962 555152 1032319 384405 755206 52891 976779 119492 224911 403615 529942 336677 139494 415558 840522 228304 180592 757221 414228 285745 999999999 336223 753195 639991 617732 358181 343645 806665 906811 399335 844153 913326 970480 317876 585155 933904 675985 86611 412750 456990 230930 452465 434578 987422 263188 1023855 529900 829996 296852 686921 820385 211770 249424 571410 718881 622840 255803 566910 831212 686787 134238 232425 770505 956390 192986 435229 371497 946302
502935 493683 517924 554909 775829 487140 652138 359096 553850 585681 403576 474444 105070 612503 492121 444895 402861 555809 540809 377095 47123 139917 231845 233999 549086 531049 368447 578051 508427 427513 412632 256743 379753 514505 765018 110097 554947 302341 661808 313481 194246 559206 531806 221206 229370 94036 513443 130013 250274 504591 330187 86366 336223 999999999 468109 517732 319537 549607 19198 554467 587569 263204 543199 701195 665954 57033 255678 663457 483733 276594 569960 575552 105360 142359 245133 666799 288360 711808 552515 496460 381221 373960 523417 354429 86878 299749 382681 342227 201844 278581 603750 572648 221452 365862 596671 680943 342168 501647 537671 657047
354363 280277 736650 716489 318201 423889 230335 751788 529862 403395 627425 109713 455525 711554 565738 397164 580734 237560 203688 667764 424544 472313 634497 536857 332574 80062 107735 430594 634720 862530 75859 550495 307954 492421 298300 522497 235017 737686 642316 769193 532431 745844 555100 434171 615047 374543 484055 529243 590353 100098 424866 476485 753195 468109 999999999 369264 523372 777004 475150 125121 572698 688934 619927 301471 687890 453510 402188 197093 235432 670584 753777 714805 553001 473428 333135 617650 546434 690957 589861 416470 603422 129598 75930 821402 537944 181787 319057 572064 668675 191257 205013 399763 618959 642031 304162 212967 648594 959087 744554 193290
17343 90349 461401 410676 468447 84589 322578 612280 172780 760291 389911 474803 433462 374591 249927 712151 330324 606026 201762 859970 499579 611863 541111 409191 691361 341208 321103 781450 908557 939808 407262 406744 612522 146325 504338 620899 179836 651566 971989 711423 435654 448552 213795 327669 513471 461190 804278 483354 461198 287448 227175 462772 639991 517732 369264 999999999 746806 498567 535062 310446 896189 780739 913453 314052 1006602 468209 626103 435076 135442 555889 453260 396984 539703 614124 272642 954821 377130 1023645 246906 746023 375121 436505 437223 794326 535033 313015 623203 788924 691412 351096 274910 54928 526696 437984 151822 463653 465735 992026 459909 493132
