NAME : synthetic_000620
TYPE : CTSP-D
DIMENSION : 100
GROUPS : 8
RELAXATION_LEVEL : 1
EDGE_WEIGHT_TYPE : EXPLICIT
EDGE_WEIGHT_FORMAT : FULL_MATRIX
EDGE_WEIGHT_SECTION
999999999 636786 585627 476965 240407 421928 547751 249124 419777 508461 674193 321196 571542 421086 618514 189879 459657 88357 504463 75364 553683 502846 547248 551558 300093 479733 626677 232665 324688 612646 506330 343604 115397 534749 696487 393766 565038 412206 298111 340336 365000 284672 176268 615627 463687 546254 328992 521212 529706 419721 381574 593475 497146 162372 518595 398833 220339 345169 227482 579193 130901 420931 645121 315821 185342 203887 528626 238946 312556 507422 577116 267302 476132 417281 279225 406361 417330 172388 510249 422486 318586 395055 147692 277384 531847 537425 299190 565451 486039 270763 258146 403302 377837 245450 355216 199408 442920 807345 555142 347789
636786 999999999 95128 926892 616451 693861 260860 855879 1005916 996664 339806 633340 434306 402370 283978 697347 971961 697332 211004 682337 227387 353340 556957 722019 504877 340849 11364 404519 907802 356372 696745 423120 631774 487968 435550 244210 284281 497544 375662 785029 937571 353563 596225 552278 1027188 403388 421697 118046 186383 943675 842193 517335 886142 605718 581013 245414 468196 903601 803880 559891 565153 572041 82446 817288 802802 504161 415462 827058 848127 525313 490768 704382 368946 893203 899819 963050 305074 752492 194309 806214 555083 280983 636882 563009 326142 899464 931266 132419 264988 366069 773922 670583 479826 391839 926436 676577 337204 426914 672972 984555
585627 95128 999999999 841833 600279 603601 166242 817089 974484 913529 259066 629000 482092 310591 196946 625431 891505 637941 118724 623469 277967 389999 593071 627572 499389 371829 93969 354348 875479 416525 603105 423582 566379 392862 351442 210291 337391 513192 304950 772218 908089 312508 570380 458296 1001199 447931 338758 115226 225538 923744 759875 423093 797741 535192 486114 186887 398605 876250 735214 465000 530801 480042 169810 739411 741425 433262 455998 791896 823402 556732 536125 687666 274488 880009 837423 887837 218436 716499 225279 719208 552953 204634 606229 481072 231170 809351 872956 37415 294596 320130 699048 580833 390185 341568 853926 651679 358257 363164 578077 931138
476965 926892 841833 999999999 716474 259275 712971 580513 710248 81159 769649 796882 1020927 539585 752607 293025 101100 394212 724874 403775 943469 935622 1018012 337354 768805 908889 920500 595459 658254 1039780 319174 793218 380853 535301 728064 734152 974486 879692 564026 781570 697109 654414 653224 555823 774114 990307 505258 838651 901013 787930 97735 562438 85331 368098 442075 696555 484497 702697 271829 514055 603670 385046 971515 161717 350717 449444 976440 606599 705198 976047 1036978 727923 591684 823195 340694 180399 623452 585781 882537 127902 793917 647510 620681 365500 657065 123483 395766 807397 887916 632683 218879 275208 455940 603236 212111 663407 869753 864845 389296 470025
240407 616451 600279 716474 999999999 645757 628722 289250 403546 743444 768917 80832 390830 559122 702567 429862 692048 322827 562181 312712 454636 356599 328738 767146 123580 343143 605130 294186 311901 459677 722070 206056 349290 694146 817575 390706 440728 212338 401181 172423 333056 303023 66996 782894 414947 376551 471727 501292 455718 327379 621749 754144 737215 385761 706071 432463 371533 295770 456867 753497 129509 616419 593445 554871 394842 377774 354896 248581 237147 295824 378501 87968 600207 279782 469785 629083 509583 192275 439421 661111 101915 464728 97478 480771 637799 776880 463794 594381 385946 306525 497648 624382 546898 302784 575530 81797 317890 903269 760225 475752
421928 693861 603601 259275 645757 999999999 462077 622064 784150 339541 510544 724155 866734 293558 496111 255169 339292 373212 484896 372978 749911 770834 895242 135307 656458 742977 688885 431190 706056 864898 93286 654401 306787 276228 470352 534518 790694 757225 363190 762180 748382 480893 578849 305158 841318 832286 284702 619853 700646 822725 211237 306961 197786 261722 187079 484053 311584 740100 332725 261957 517031 128273 748262 242818 402000 286755 822870 631493 721369 850561 894580 687746 339745 833572 452706 379770 389670 582091 683931 132061 696098 425244 564492 176335 402745 205751 511315 567418 704989 459411 251606 25330 214079 434478 376401 619974 704895 607009 160884 592412
547751 260860 166242 712971 628722 462077 999999999 794568 961909 789072 141111 675678 607110 174350 74014 536874 774387 579024 79614 566440 417045 507233 699893 468777 551947 483955 260209 341582 863689 556928 448391 491460 496995 228242 210403 264132 474697 596207 250242 798895 900769 326185 583520 292270 998165 570759 238197 245028 360552 933481 639890 256912 659646 454692 325148 203860 332149 873743 650856 299113 530801 334322 335160 631808 673903 359517 573882 777243 827278 658853 656362 710855 122335 902745 764822 784033 130436 703054 353421 586385 607247 164501 608330 371317 66050 665810 808527 130047 412429 322472 600328 441551 258170 330743 757355 661988 459895 274576 416713 875842
249124 855879 817089 580513 289250 622064 794568 999999999 171523 577050 922978 339759 679796 669632 866208 366931 520153 253897 746523 258809 728805 642643 605744 757269 408476 626669 845062 464621 83999 747927 713823 484388 336375 778140 945063 612849 722912 500866 544326 236354 126320 505336 273090 855107 221440 665726 577876 737873 719485 208406 504831 835594 631760 389744 750542 631593 469462 122915 315153 816429 291131 651250 849649 433353 234240 451732 644135 43484 131173 578463 664344 232589 725180 246215 252818 437339 664244 105176 701254 577848 390427 637507 225291 510127 780796 677210 217879 801065 658675 496988 390562 609073 621644 477166 385864 207750 597305 1056385 772570 198907
419777 1005916 974484 710248 403546 784150 961909 171523 999999999 691616 1092277 426531 775661 840751 1034230 530624 635127 422906 910657 428937 858033 757211 678419 919376 526962 745642 994829 626693 99113 855380 876895 609429 506927 949510 1116189 766495 843386 599611 711982 275925 70544 662085 410302 1025845 64757 768450 748767 888154 856457 133327 646351 1006782 771610 560254 919895 791477 639885 108953 462258 986778 443692 820596 991736 577609 384798 623009 745944 184786 168571 660594 749370 323156 895849 211944 369563 546624 831967 259758 839322 727143 494731 802454 369314 680510 950481 817512 316457 960989 788988 656151 542511 772876 793107 638900 501684 331750 721414 1226172 938062 254016
508461 996664 913529 81159 743444 339541 789072 577050 691616 999999999 849350 822628 1067131 615047 830726 336198 57045 421679 797616 433308 1001642 985689 1055088 417129 806498 959552 989869 650669 649941 1091833 400130 837852 423916 615753 808978 795963 1029623 918404 628624 791562 686496 710690 682971 636968 756264 1037903 575304 904730 961447 780535 154867 643528 161840 419883 523139 762135 544818 696543 287347 595214 638424 464118 1038144 198257 359035 508830 1022891 607642 705893 1014385 1079600 745561 668513 822932 326640 145104 695177 596790 942623 207585 827003 716097 646228 433668 734484 191990 375412 879762 943567 689314 255214 354509 531172 659371 192028 683823 920554 945755 469894 442334
674193 339806 259066 769649 768917 510544 141111 922978 1092277 849350 999999999 816752 733130 264925 70059 637459 843315 695819 216269 684450 534091 635918 833334 478488 692975 614301 343511 479213 994923 673880 471047 631318 610731 237262 97346 403014 593278 734604 381732 938370 1033044 466913 722184 257328 1131096 697579 349741 363177 479333 1069728 709281 231074 704960 563679 338594 344555 454403 1007458 750994 283808 667773 385579 421797 713941 784052 476815 702798 908295 962768 793467 784760 850202 204712 1041394 870250 865809 263089 835130 475544 641899 748286 304190 744955 463668 142657 702049 918090 232912 539868 462406 691133 494861 338964 468915 845879 799703 593245 135163 420441 989472
321196 633340 629000 796882 80832 724155 675678 339759 426531 822628 816752 999999999 349474 621603 748702 510694 770672 402914 604769 393119 449219 335962 266033 843640 129678 328481 621986 353219 344550 429636 798745 210330 429829 759173 871722 424337 425113 173410 461428 160531 356954 350744 147004 848808 425717 342111 537349 522884 460318 328586 702396 818796 818046 465251 777117 474089 441964 317853 535577 821278 207140 689814 600187 635215 471070 451397 319552 296712 258534 239710 327146 108425 658634 265328 541568 705715 562909 254028 446214 741815 78614 514245 176566 556836 691011 857664 530711 627640 384569 358359 578133 702378 616039 360061 651915 145414 311313 949574 834613 534488
571542 434306 482092 1020927 390830 866734 607110 679796 775661 1067131 733130 349474 999999999 648282 664811 731147 1023343 659176 527927 644989 207346 102296 136606 953205 279599 129004 424947 436637 693387 97983 913827 229658 643226 782429 816442 362775 150285 179076 511721 503632 706349 386206 422394 868702 770886 36932 599406 370534 256590 670351 923362 833033 1016015 653212 842015 428705 556350 667201 797597 857031 443237 783587 366141 868940 753921 585436 44548 638391 607984 125658 57237 456152 655039 598103 841299 977099 549872 582263 257959 931761 289373 494144 471586 692132 652951 1046518 845132 501672 194691 407454 812020 841596 686929 432465 926613 472621 163867 845180 923244 864820
421086 402370 310591 539585 559122 293558 174350 669632 840751 615047 264925 621603 648282 999999999 225238 373105 600068 433461 191927 422882 492442 546300 712224 326272 513940 519278 398137 268646 745603 622721 296592 476576 347475 140454 275440 286827 542211 587430 160706 718134 785443 286125 502076 230783 884146 611540 92666 340741 437988 832198 465542 198459 489483 299188 196548 223317 202570 763304 486990 211144 441033 169674 462131 459110 519298 218036 608138 659447 723985 667828 688248 630878 60412 814399 605447 611594 106378 589255 424253 413810 566137 156934 514228 201203 126971 499176 653202 274091 462999 271363 430675 271449 83892 262864 587140 572277 486000 392078 284365 725092
618514 283978 196946 752607 702567 496111 74014 866208 1034230 830726 70059 748702 664811 225238 999999999 596741 820176 646076 146387 633966 467747 566938 763610 483007 624150 544990 286230 415461 936236 607865 469076 561587 562570 236479 154885 333135 526660 664585 322249 872874 973621 399839 657531 279746 1071214 629047 301301 295862 412372 1007249 685433 247845 693430 518046 339009 275480 400786 946965 710862 297128 604631 368159 364377 683429 738345 426146 633821 849705 900892 723585 715941 784850 165949 976759 827392 835940 202283 775785 407756 624860 679478 238515 682118 426395 98482 695080 872926 167409 471037 396432 655911 477839 305961 404692 812332 735937 523459 200963 427171 942002
189879 697347 625431 293025 429862 255169 536874 366931 530624 336198 637459 510694 731147 373105 596741 999999999 295201 121379 520071 124745 671958 649733 725001 390338 475806 623784 689007 320115 450913 756460 346991 502185 88189 445074 632852 475189 696402 586688 321923 520167 493251 380803 364610 509628 586720 701722 299049 593648 635652 568354 195647 496673 307361 92052 396364 453035 229227 485205 114138 467916 311840 298695 726594 137952 156981 193196 686844 376965 468804 683036 745025 453920 433512 583215 233525 267687 417618 331910 616366 233292 502153 420801 337365 175101 499476 347592 284924 596463 611145 360271 82538 242461 300891 330043 229097 386598 584877 760210 407497 361770
459657 971961 891505 101100 692048 339292 774387 520153 635127 57045 843315 770672 1023343 600068 820176 295201 999999999 371972 777434 384296 965795 944296 1006898 432480 759070 918585 964698 613884 592896 1051475 410010 793722 381403 613719 809133 763738 991467 871169 599818 735939 629482 674373 632704 642825 699728 994945 552798 876172 927517 723490 134763 646207 186070 382789 526057 733590 512774 639515 235183 600121 590286 458188 1009806 159001 304211 476342 979318 551056 649204 966807 1033923 691523 655782 766120 269600 89381 674051 541623 908454 209249 777606 690986 594635 410480 722678 224154 318766 858759 905979 653367 212769 350700 516429 623213 134986 630610 879768 945553 481630 386894
88357 697332 637941 394212 322827 373212 579024 253897 422906 421679 695819 402914 659176 433461 646076 121379 371972 999999999 546071 15466 632386 588289 635199 507439 388430 564502 687774 295152 337004 697815 463178 430546 86657 529970 706071 458774 647259 500529 337285 399706 379289 352488 261314 603671 475331 633302 346137 584864 604612 449741 301059 585945 421467 138851 497040 453729 247507 367984 139127 564123 219221 397730 713014 232497 106395 219931 616024 258898 348370 595628 665417 336795 492246 462044 203635 318176 450739 210577 585048 352076 405653 438493 226511 258199 553560 463720 235014 614114 566198 335634 176056 358227 375547 307387 267459 270628 527051 825417 519653 297157
504463 211004 118724 724874 562181 484896 79614 746523 910657 797616 216269 604769 527927 191927 146387 520071 777434 546071 999999999 532427 340773 427774 620424 511768 478955 404373 207442 284345 811760 480012 485790 415227 468790 284397 290006 186755 397586 518440 208921 733821 847319 259510 521155 358610 943499 491487 225558 170652 284075 874190 644741 322473 679367 432343 372361 130690 299831 818434 632244 359017 472260 361495 275875 627778 646063 331900 494369 725996 769530 579559 576865 646348 159525 839247 740153 777956 103800 650907 275809 601396 534266 109426 549822 367306 130037 690644 779738 82771 333241 259264 590271 462202 271684 272460 746573 601153 380355 345685 464094 842753
75364 682337 623469 403775 312712 372978 566440 258809 428937 433308 684450 393119 644989 422882 633966 124745 384296 15466 532427 999999999 616977 573469 622613 506513 375272 549575 672745 279866 341201 682930 461964 416130 78204 522012 696266 443493 632034 487406 323543 395440 383338 337083 250200 596959 480114 618873 334711 569679 589146 451290 309621 578503 428456 131383 491761 438966 234534 370531 152772 557863 206164 392488 697681 242161 121789 207944 601732 261290 348517 582735 651817 330122 481310 460883 218991 332149 437767 209243 569582 357325 393701 424570 217175 251574 542031 470127 249571 599912 550853 320300 185032 357142 366831 292132 281827 263318 512042 814584 516996 310417
553683 227387 277967 943469 454636 749911 417045 728805 858033 1001642 534091 449219 207346 492442 467747 671958 965795 632386 340773 616977 999999999 130272 330798 814711 331841 125071 217800 351981 764626 140215 780031 248612 590152 615129 621901 215396 59425 290645 387611 608872 787607 291424 455819 695937 868059 176011 466551 172480 56714 775350 849181 659712 922225 583011 688819 270925 459068 750399 761026 690856 446899 647676 164995 806836 737174 494055 188771 693038 691590 301785 263484 538515 485475 714540 832665 936253 386951 623899 68194 837645 371844 336206 503721 586490 470341 945824 850885 301179 70161 312500 754303 724690 548186 342605 891152 528343 138224 640717 776412 888775
502846 353340 389999 935622 356599 770834 507233 642643 757211 985689 635918 335962 102296 546300 566938 649733 944296 588289 427774 573469 130272 999999999 204291 853662 234312 27890 343072 343945 668096 109912 814932 162523 562894 680144 717193 260496 90521 167295 412473 496388 686753 290137 373018 766428 760998 65385 499524 275915 168009 664546 838593 730779 926110 567662 740512 326411 462624 648377 724462 754785 380653 684014 295196 787605 687908 493430 66885 603682 588816 172231 149174 434131 552768 599029 779271 903585 447578 540201 164944 841443 262746 391874 422826 597742 551576 954934 789177 406537 96202 311844 731724 745583 586651 338483 854767 435932 66406 751579 822523 817129
547248 556957 593071 1018012 328738 895242 699893 605744 678419 1055088 833334 266033 136606 712224 763610 725001 1006898 635199 620424 622613 330798 204291 999999999 995619 249217 221285 546867 468296 605080 234492 953550 242374 637472 851298 910187 440028 278911 139345 561207 402496 611636 430421 377919 940437 665500 157533 649294 478216 372280 563030 920606 905908 1024527 658227 898218 505805 585243 572602 773786 923367 416717 828320 494650 859620 718865 608502 142104 562605 515396 45045 85000 373580 729167 486435 797820 950676 623074 517898 368822 942496 231720 566872 422383 718984 737880 1059265 792365 607566 298503 448945 801671 870879 737021 467822 897966 407039 240206 952743 972697 800087
551558 722019 627572 337354 767146 135307 468777 757269 919376 417129 478488 843640 953205 326272 483007 390338 432480 507439 511768 506513 814711 853662 995619 999999999 765582 825871 719034 527327 841250 939652 45324 753245 437531 246528 415739 602509 861346 860282 441485 891624 883588 569186 700803 232800 976625 917434 354169 667013 761624 957172 321174 249866 256072 389452 144432 543788 412348 874906 465437 196879 637651 169654 786541 367192 536606 394868 910547 766117 855013 950593 986382 814701 353106 966113 582942 489357 432341 715099 746829 229030 809082 479062 690576 286837 403386 238008 642100 590178 778523 549028 383689 149381 267879 528061 495047 747354 789412 549744 58875 723341
300093 504877 499389 768805 123580 656458 551947 408476 526962 806498 692975 129678 279599 513940 624150 475806 759070 388430 478955 375272 331841 234312 249217 765582 999999999 219779 493513 247805 435381 339841 721911 84295 388401 653879 752470 296045 317241 112138 353626 281470 456437 232063 142921 744234 536334 260402 436244 393420 336234 445135 671432 712399 776670 411117 683392 348696 353778 418868 527518 720246 169212 603314 475412 610533 477705 371527 239931 369371 359861 207887 278252 206811 545184 389251 562723 705906 445100 306857 320939 695438 55330 393677 192427 481842 571916 812379 565533 498595 263905 243508 552608 632874 520250 251794 654028 201651 194499 824543 749296 586992
479733 340849 371829 908889 343143 742977 483955 626669 745642 959552 614301 328481 129004 519278 544990 623784 918585 564502 404373 549575 125071 27890 221285 825871 219779 999999999 330254 316475 655044 133489 787085 143257 537233 653671 694202 234070 97747 165675 384630 488939 675105 262340 355327 740300 751644 92313 471754 256932 154466 656594 811974 704741 898757 541068 713178 300222 434966 637067 700020 728152 359499 656219 287678 761574 665004 465948 90579 588460 577668 185673 172967 423203 526687 593164 757106 878918 421232 523379 148580 814057 252974 365360 404924 569993 526933 927392 768356 386588 77490 284074 705911 717723 558950 310859 830463 421087 39142 731838 794927 798178
626677 11364 93969 920500 605130 688885 260209 845062 994829 989869 343511 621986 424947 398137 286230 689007 964698 687774 207442 672745 217800 343072 546867 719034 493513 330254 999999999 394568 896753 348118 693184 411773 622783 486481 438724 233752 275117 486495 367553 773671 926441 343171 585072 552164 1015971 393729 415242 107189 175805 932367 835295 517024 880553 597280 578583 236575 459798 892425 795124 558899 554265 567745 78355 809676 793357 495864 405529 816114 836902 514929 481273 693057 366144 881844 890426 955013 299614 741595 183377 800299 543735 273875 625844 556205 325050 894369 921532 130764 254195 355922 765911 665460 474807 381915 918068 665383 326202 433325 670509 974464
232665 404519 354348 595459 294186 431190 341582 464621 626693 650669 479213 353219 436637 268646 415461 320115 613884 295152 284345 279866 351981 343945 468296 527327 247805 316475 394568 999999999 527688 445060 485350 225924 240398 407412 523612 163627 379261 333707 108210 460227 562986 60700 243252 497570 659215 403051 188443 290180 316202 591987 499652 466573 582365 231184 436420 167635 119826 534218 413664 472598 189254 360644 417954 454981 401464 149484 392452 442264 486204 423274 463406 371989 306340 562260 498749 585768 216944 366975 296787 497621 298431 177874 266848 255687 344508 611021 527375 336611 292957 41011 402366 406257 273273 12814 542393 320582 277540 614313 505919 580205
324688 907802 875479 658254 311901 706056 863689 83999 99113 649941 994923 344550 693387 745603 936236 450913 592896 337004 811760 341201 764626 668096 605080 841250 435381 655044 896753 527688 999999999 769083 797764 516434 418124 857707 1020878 667747 752610 515208 614034 209232 42370 563040 313222 936014 139560 683553 653270 789929 760958 130597 585590 915681 712390 471423 832825 692365 543879 49052 396615 897841 344732 733602 895184 514582 316091 528545 661285 86629 91398 583136 671280 237259 799878 184249 323349 507492 733953 160896 743526 660474 407397 703715 270931 591760 853469 758030 279792 861880 695119 557038 473366 692982 700880 539865 457922 236449 629143 1129120 856220 239321
612646 356372 416525 1039780 459677 864898 556928 747927 855380 1091833 673880 429636 97983 622721 607865 756460 1051475 697815 480012 682930 140215 109912 234492 939652 339841 133489 348118 445060 769083 999999999 902841 271994 670266 750091 762104 337479 82475 256249 502470 587938 785288 388098 480761 832743 854882 88914 586731 312673 196402 755944 943247 796588 1026857 672603 819122 399405 561432 746448 833505 825695 490424 770727 281890 894084 797769 593857 111437 708066 686856 221538 152281 532752 620633 686260 889175 1012398 519103 646686 204437 942016 361688 465813 530628 694805 609038 1053997 898716 441031 161146 410055 838730 839568 671791 438306 963937 540371 171848 777905 904593 925421
506330 696745 603105 319174 722070 93286 448391 713823 876895 400130 471047 798745 913827 296592 469076 346991 410010 463178 485790 461964 780031 814932 953550 45324 721911 787085 693184 485350 797764 902841 999999999 711224 392453 234556 416180 566478 825364 817642 402459 846344 840122 528750 655670 237967 933644 878295 316216 636346 727752 912903 291479 248786 242635 344174 132468 509432 369259 830911 425772 197708 592592 132390 758644 331947 495243 350756 870869 721999 810390 908553 945942 769379 329318 921176 544988 460920 401439 670312 712451 202022 764909 445747 645261 242089 384192 232565 603830 565868 741717 508280 344406 104961 231857 486528 462808 702030 750224 552176 72313 685007
343604 423120 423582 793218 206056 654401 491460 484388 609429 837852 631318 210330 229658 476576 561587 502185 793722 430546 415227 416130 248612 162523 242374 753245 84295 143257 411773 225924 516434 271994 711224 999999999 414097 616859 697335 228684 238541 110857 321190 365414 538995 190954 212237 706928 620235 202756 408561 314263 251996 529428 695512 673438 792162 426782 657952 288060 343444 501824 568464 686963 218615 586111 391350 639773 527723 368137 185868 446970 443128 197351 244449 290856 500039 472933 617833 747992 395791 380578 236917 708696 131963 341204 261729 478075 518623 824689 626734 426031 179990 208085 582659 629811 495848 225598 697951 280621 113102 760101 730813 655060
115397 631774 566379 380853 349290 306787 496995 336375 506927 423916 610731 429829 643226 347475 562570 88189 381403 86657 468790 78204 590152 562894 637472 437531 388401 537233 622783 240398 418124 670266 392453 414097 999999999 443851 619494 400681 612086 498908 261967 455410 460070 300784 282867 518918 557374 614080 261584 523317 556463 524714 283256 500302 390516 53369 414803 386392 169061 445616 173818 480055 226839 315691 654655 225717 177499 137797 598976 336558 419861 595270 656836 382455 406639 528921 271605 346102 370508 279014 537001 312268 416535 363507 261070 173756 468856 428656 311840 540318 527627 281294 168995 288687 288977 251341 301997 314541 498477 739548 444022 379442
534749 487968 392862 535301 694146 276228 228242 778140 949510 615753 237262 759173 782429 140454 236479 445074 613719 529970 284397 522012 615129 680144 851298 246528 653879 653671 486481 407412 857707 750091 234556 616859 443851 999999999 196353 419655 668251 727696 300265 848464 898811 426562 634735 90389 997227 745529 222423 451919 559047 952987 481695 60127 468239 391119 102834 353891 327057 879917 552927 75728 572206 158065 558910 496130 600816 332809 743456 773077 844955 807105 824464 762328 129656 941130 676420 644713 232636 706623 547426 408277 705630 288312 642444 273507 162247 464804 729759 355741 593073 411745 483117 263024 156939 402311 631300 701188 621860 332054 191135 806756
696487 435550 351442 728064 817575 470352 210403 945063 1116189 808978 97346 871722 816442 275440 154885 632852 809133 706071 290006 696266 621901 717193 910187 415739 752470 694202 438724 523612 1020878 762104 416180 697335 619494 196353 999999999 472657 680568 804063 418799 983101 1060524 521468 765783 183976 1159193 780299 367608 449595 566153 1104834 677774 167397 657121 568949 286474 409626 477190 1037710 743609 219368 707648 354340 517078 692011 785775 493383 783941 934610 996827 868927 866365 894983 222012 1082883 866064 841033 308849 863797 560693 602194 807340 358796 783208 458041 180762 648624 917471 322254 621944 513452 676755 458608 333039 514791 826858 840059 670272 136781 356867 992436
393766 244210 210291 734152 390706 534518 264132 612849 766495 795963 403014 424337 362775 286827 333135 475189 763738 458774 186755 443493 215396 260496 440028 602509 296045 234070 233752 163627 667747 337479 566478 228684 400681 419655 472657 999999999 258914 332076 172849 562984 699329 109469 360303 506297 791588 325879 251518 127479 167674 713453 641886 470824 708877 383569 482512 66426 251236 666848 574500 494319 323316 434128 254564 605172 565064 287492 324146 585414 613432 397620 405745 477767 292776 670475 662352 742782 187162 510356 150027 624642 350998 131384 397383 372929 297907 731292 690581 204061 176701 123508 555911 509302 334843 151428 701615 441580 203529 531446 567180 741441
565038 284281 337391 974486 440728 790694 474697 722912 843386 1029623 593278 425113 150285 542211 526660 696402 991467 647259 397586 632034 59425 90521 278911 861346 317241 97747 275117 379261 752610 82475 825364 238541 612086 668251 680568 258914 999999999 257797 427516 585645 772848 320104 450604 750497 849125 121673 509888 230973 114430 753576 878903 714325 957560 609758 738746 319079 492131 734813 779773 743908 450095 693032 216458 833010 750138 525864 137525 685207 675407 253890 207184 520912 538698 688993 843999 957184 437902 619076 121963 872735 350395 385302 499855 623263 526563 983076 858250 360381 86753 341904 778938 765380 593755 371250 910365 518159 126098 700080 825023 891175
412206 497544 513192 879692 212338 757225 596207 500866 599611 918404 734604 173410 179076 587430 664585 586688 871169 500529 518440 487406 290645 167295 139345 860282 112138 165675 486495 333707 515208 256249 817642 110857 498908 727696 804063 332076 257797 999999999 431659 332139 529745 301729 249746 817736 598743 168841 518626 399321 313643 500375 782156 784166 885252 518910 768039 394512 448538 490765 639593 797794 281309 694336 451237 722083 588619 470522 146363 459341 431258 96363 168343 278022 610222 432737 671818 817806 505437 404405 303434 803155 110520 450306 297487 581175 626648 919920 671614 520523 234279 318445 664207 733039 605542 334474 765758 294096 160469 860770 839584 687643
298111 375662 304950 564026 401181 363190 250242 544326 711982 628624 381732 461428 511721 160706 322249 321923 599818 337285 208921 323543 387611 412473 561207 441485 353626 384630 367553 108210 614034 502470 402459 321190 261967 300265 418799 172849 427516 431659 999999999 564465 651661 130792 347193 390610 749521 475985 88442 276409 340432 688787 473846 359007 536235 230761 337053 133778 93662 625733 430410 367405 288966 271875 410022 443140 438375 128822 469151 527478 581429 516309 545847 476452 199141 664214 533507 587461 120001 453748 322874 452194 405495 101608 365096 200465 242432 558462 571452 278351 342012 113226 398374 337883 176475 102166 550997 421427 347940 516612 413160 633833
340336 785029 772218 781570 172423 762180 798895 236354 275925 791562 938370 160531 503632 718134 872874 520167 735939 399706 733821 395440 608872 496388 402496 891624 281470 488939 773671 460227 209232 587938 846344 365414 455410 848464 983101 562984 585645 332139 564465 999999999 209955 474344 217319 935123 267322 499597 627690 671341 617305 168293 694639 908563 818726 502172 848800 604523 521514 171390 509868 902676 277103 754119 756764 623169 433093 520225 476955 195303 117890 385659 474469 88243 763193 108209 478998 659281 677101 195811 602318 751710 237029 634477 206753 612297 804695 862034 451893 766768 543112 476451 570786 743625 695805 469896 605811 147832 470701 1073142 892881 433542
365000 937571 908089 697109 333056 748382 900769 126320 70544 686496 1033044 356954 706349 785443 973621 493251 629482 379289 847319 383338 787607 686753 611636 883588 456437 675105 926441 562986 42370 785288 840122 538995 460070 898811 1060524 699329 772848 529745 651661 209955 999999999 596110 341444 977571 98715 698577 692970 819992 786479 97122 625982 956957 752644 513329 874839 726306 583352 39215 437508 939573 377582 775647 922163 555255 357261 568870 676107 126069 98488 592481 681150 252793 839202 163035 359981 543112 771407 197926 769454 701807 424368 739826 301971 633617 891972 798362 313549 895536 718636 591062 514860 735347 741920 574982 494542 262115 650902 1167494 898574 265694
284672 353563 312508 654414 303023 480893 326185 505336 662085 710690 466913 350744 386206 286125 399839 380803 674373 352488 259510 337083 291424 290137 430421 569186 232063 262340 343171 60700 563040 388098 528750 190954 300784 426562 521468 109469 320104 301729 130792 474344 596110 999999999 262563 516820 690198 351453 218945 236890 255682 616645 559083 483829 638807 291596 467839 131560 173362 565027 473706 496092 218544 400199 361162 515423 458872 206044 342693 479417 513675 385517 417235 386842 313523 579801 556035 646388 213219 404050 236230 553955 286379 163515 294810 307723 340712 666064 582430 299610 233502 21958 463021 455685 306832 51324 602757 343310 224038 600731 543153 632159
176268 596225 570380 653224 66996 578849 583520 273090 410302 682971 722184 147004 422394 502076 657531 364610 632704 261314 521155 250200 455819 373018 377919 700803 142921 355327 585072 243252 313222 480761 655670 212237 282867 634735 765783 360303 450604 249746 347193 217319 341444 262563 999999999 722671 431658 403127 412759 478829 448547 354262 557756 694849 671780 318771 642630 394095 309503 307471 397988 692073 63993 551697 581975 491964 340952 313412 382821 237534 253152 340979 418054 129263 546068 319261 422135 573263 460195 168575 430813 594980 146275 419043 49867 414773 587531 711012 422861 560768 385729 262052 434377 557570 485028 253278 520291 81301 324677 857178 694844 444753
615627 552278 458296 555823 782894 305158 292270 855107 1025845 636968 257328 848808 868702 230783 279746 509628 642825 603671 358610 596959 695937 766428 940437 232800 744234 740300 552164 497570 936014 832743 237967 706928 518918 90389 183976 506297 750497 817736 390610 935123 977571 516820 722671 999999999 1075536 831772 311548 528885 639423 1035128 516381 36238 480601 465597 119260 440079 413765 960284 611967 43522 659718 211276 627423 541831 666598 416597 830440 852456 927451 896396 911867 849581 213664 1026053 735884 684383 319242 787992 628898 433632 795884 375430 728631 345492 229566 468510 791413 422317 677661 502118 537214 298853 239784 492608 677373 787510 709324 316950 174132 870270
463687 1027188 1001199 774114 414947 841318 998165 221440 64757 756264 1131096 425717 770886 884146 1071214 586720 699728 475331 943499 480114 868059 760998 665500 976625 536334 751644 1015971 659215 139560 854882 933644 620235 557374 997227 1159193 791588 849125 598743 749521 267322 98715 690198 431658 1075536 999999999 766739 791658 910188 870661 102810 708768 1055237 834454 610713 971874 821057 682008 125216 523198 1037264 472155 872602 1008045 639440 444617 667567 744103 224778 179101 651729 740380 329550 937804 182504 433538 611304 869108 296072 854271 788284 498730 836552 395388 731089 990249 880346 380995 989807 800181 686100 602673 829176 840375 671039 566102 350749 730189 1265671 993437 318548
546254 403388 447931 990307 376551 832286 570759 665726 768450 1037903 697579 342111 36932 611540 629047 701722 994945 633302 491487 618873 176011 65385 157533 917434 260402 92313 393729 403051 683553 88914 878295 202756 614080 745529 780299 325879 121673 168841 475985 499597 698577 351453 403127 831772 766739 999999999 563467 335512 222819 667437 892890 796101 983754 622284 805480 391783 522538 659605 771117 820160 419614 747788 338007 839647 729875 552234 22643 625076 600090 136492 88259 446586 618109 597404 818757 950632 512960 566201 223081 899326 276650 457256 452783 658167 616201 1013663 824730 466639 158365 372875 783052 807101 650857 398449 900699 457995 128071 810766 887022 847359
328992 421697 338758 505258 471727 284702 238197 577876 748767 575304 349741 537349 599406 92666 301301 299049 552798 346137 225558 334711 466551 499524 649294 354169 436244 471754 415242 188443 653270 586731 316216 408561 261584 222423 367608 251518 509888 518626 88442 627690 692970 218945 412759 311548 791658 563467 999999999 337266 416286 739636 421255 282424 468098 216942 249421 199385 109904 670657 412846 284597 350769 184566 468302 402220 437057 127392 557103 567020 631410 604350 634175 540930 147555 722759 526869 552636 121763 496615 399900 386201 486393 143152 422807 142324 207430 485996 571660 306077 425664 200542 365692 259763 88033 185276 522516 481154 435543 480488 324745 640971
521212 118046 115226 838651 501292 619853 245028 737873 888154 904730 363177 522884 370534 340741 295862 593648 876172 584864 170652 569679 172480 275915 478216 667013 393420 256932 107189 290180 789929 312673 636346 314263 523317 451919 449595 127479 230973 399321 276409 671341 819992 236890 478829 528885 910188 335512 337266 999999999 116568 827960 749878 492686 805225 501596 533399 142654 365249 786295 696744 527310 447107 505995 133636 719051 690931 401776 342367 709026 731227 441554 423369 589251 323389 779538 788184 861051 234938 634446 112582 722739 445473 194700 518997 473232 300677 823003 817542 131146 180003 250667 672583 595394 408256 277713 821964 559451 243152 475702 623705 868915
529706 186383 225538 901013 455718 700646 360552 719485 856457 961447 479333 460318 256590 437988 412372 635652 927517 604612 284075 589146 56714 168009 372280 761624 336234 154466 175805 316202 760958 196402 727752 251996 556463 559047 566153 167674 114430 313643 340432 617305 786479 255682 448547 639423 870661 222819 416286 116568 999999999 781225 807942 603192 876551 545252 634063 218376 416896 750286 729164 634771 431807 595565 139903 768568 710479 452654 232265 685793 692429 339309 311078 542074 429424 724561 806982 901945 332063 614317 19569 792308 381777 282582 494479 540603 413629 898724 828674 246607 79427 275563 717485 675538 496138 305753 858421 524829 153487 588688 722264 870926
419721 943675 923744 787930 327379 822725 933481 208406 133327 780535 1069728 328586 670351 832198 1007249 568354 723490 449741 874190 451290 775350 664546 563030 957172 445135 656594 932367 591987 130597 755944 912903 529428 524714 952987 1104834 713453 753576 500375 688787 168293 97122 616645 354262 1035128 102810 667437 739636 827960 781225 999999999 713237 1012213 840165 576963 937559 748205 629912 85497 523522 998913 402735 839155 919913 641730 442568 620253 644796 191395 108242 550113 638611 239698 882835 80664 453944 637999 806644 247414 765538 785367 403916 769767 325155 695724 931179 885609 409510 914952 708616 614990 598065 807961 796441 603116 588518 273339 637137 1204858 968088 362724
381574 842193 759875 97735 621749 211237 639890 504831 646351 154867 709281 702396 923362 465542 685433 195647 134763 301059 644741 309621 849181 838593 920606 321174 671432 811974 835295 499652 585590 943247 291479 695512 283256 481695 677774 641886 878903 782156 473846 694639 625982 559083 557756 516381 708768 892890 421255 749878 807942 713237 999999999 517090 126932 270932 397959 607298 391052 627745 189912 473129 506990 324921 883279 72057 270887 355387 878890 527041 624922 878517 939243 637083 521038 742776 282336 169549 541783 499567 789251 93082 697328 561454 526786 279234 587916 172446 341156 726532 792489 537483 125074 219524 381816 507798 175251 571525 772852 813747 363756 420568
593475 517335 423093 562438 754144 306961 256912 835594 1006782 643528 231074 818796 833033 198459 247845 496673 646207 585945 322473 578503 659712 730779 905908 249866 712399 704741 517024 466573 915681 796588 248786 673438 500302 60127 167397 470824 714325 784166 359007 908563 956957 483829 694849 36238 1055237 796101 282424 492686 603192 1012213 517090 999999999 490119 447238 120439 404531 387115 938597 601955 53134 632333 201549 591963 537862 653267 392273 794961 831401 904262 861987 876505 822453 178058 1001005 725841 683388 283936 765572 592699 437827 764501 340201 702487 328189 193672 481238 780334 386921 641721 469648 529407 297766 215780 461161 673539 761250 674025 303561 191130 858307
497146 886142 797741 85331 737215 197786 659646 631760 771610 161840 704960 818046 1016015 489483 693430 307361 186070 421467 679367 428456 922225 926110 1024527 256072 776670 898757 880553 582365 712390 1026857 242635 792162 390516 468239 657121 708877 957560 885252 536235 818726 752644 638807 671780 480601 834454 983754 468098 805225 876551 840165 126932 490119 999999999 366427 370784 665248 465650 754672 316806 439997 617333 326043 936306 198712 397793 433073 971492 653759 751462 981321 1036567 758242 537347 869213 404596 260365 581069 624443 858753 84858 806939 611197 644319 335965 600522 45903 462247 762122 870837 616850 247996 218267 407705 588620 284547 691746 859739 793635 310325 539694
162372 605718 535192 368098 385761 261722 454692 389744 560254 419883 563679 465251 653212 299188 518046 92052 382789 138851 432343 131383 583011 567662 658227 389452 411117 541068 597280 231184 471423 672603 344174 426782 53369 391119 568949 383569 609758 518910 230761 502172 513329 291596 318771 465597 610713 622284 216942 501596 545252 576963 270932 447238 366427 999999999 361657 361116 137532 498462 200233 426686 258686 262661 634561 223827 220527 101982 608687 389526 471477 614915 671180 426183 359035 579027 310143 359640 331341 330489 526076 284386 444457 330673 302770 120391 422748 401291 354959 507086 523812 270587 172441 241952 237123 240424 320828 358515 501955 690920 393159 425907
518595 581013 486114 442075 706071 187079 325148 750542 919895 523139 338594 777117 842015 196548 339009 396364 526057 497040 372361 491761 688819 740512 898218 144432 683392 713178 578583 436420 832825 819122 132468 657952 414803 102834 286474 482512 738746 768039 337053 848800 874839 467839 642630 119260 971874 805480 249421 533399 634063 937559 397959 120439 370784 361657 999999999 419760 335169 859994 495337 75738 578701 99311 648189 422614 553070 329569 800963 751159 831005 853344 879850 765808 212835 934423 619050 565434 302001 690279 620626 317447 731827 353446 642361 241891 259449 364330 675322 448707 659059 449883 419259 179676 163185 434191 558126 701128 678728 423159 91963 754851
398833 245414 186887 696555 432463 484053 203860 631593 791477 762135 344555 474089 428705 223317 275480 453035 733590 453729 130690 438966 270925 326411 505805 543788 348696 300222 236575 167635 692365 399405 509432 288060 386392 353891 409626 66426 319079 394512 133778 604523 726306 131560 394095 440079 821057 391783 199385 142654 218376 748205 607298 404531 665248 361116 419760 999999999 223903 695844 558549 428841 348937 377200 276247 576713 558496 260258 390444 607798 645035 463059 472137 517479 226473 710621 655247 719848 121256 532348 203088 582078 404026 66451 425808 331453 232781 684806 688483 169624 240018 135328 531013 459144 277763 154896 681934 474869 269953 475897 506076 744996
