NAME : synthetic_000751
TYPE : CTSP-D
DIMENSION : 100
GROUPS : 8
RELAXATION_LEVEL : 1
EDGE_WEIGHT_TYPE : EXPLICIT
EDGE_WEIGHT_FORMAT : FULL_MATRIX
EDGE_WEIGHT_SECTION
999999999 357610 725599 488350 516271 313013 293173 624338 304762 427257 282399 428326 247100 573643 438825 417903 20937 491950 689114 575438 341943 645191 753712 461201 492120 535008 418914 153257 236802 571120 713848 225667 264526 409071 215257 112432 651615 626936 89571 377915 693520 203343 573892 560536 581139 564612 343791 228667 236618 405923 343345 165979 341976 132257 616383 356729 81598 659742 290632 235189 424936 129139 468884 263161 475737 622861 444464 245402 563021 514462 462909 115740 380195 590006 333786 440295 368338 423863 384288 768693 576737 420911 108290 354568 637212 100019 197152 802054 201527 832815 635283 510927 313748 169551 409307 352741 543571 601797 845123 333507
357610 999999999 996526 132457 159305 45130 514885 785578 640871 710202 630106 125183 158732 535724 781934 73417 353404 489251 930556 220215 405952 885751 687902 575768 831092 177678 759257 328812 541884 908864 599519 382191 552522 745654 552174 465789 679334 944947 350899 680180 574604 229336 704159 224255 232203 858567 568390 229582 497668 761411 637204 460020 458882 366024 777686 421323 432608 526965 580911 575755 144142 402342 566075 96579 780312 933320 762228 270107 471881 160389 167346 467065 253896 922704 472059 746124 725235 215958 37557 719077 464789 465864 463875 612397 733545 438213 545947 815991 532396 799193 685745 504967 620788 188059 365920 204706 256480 933726 796322 656619
725599 996526 999999999 1119907 1140440 963312 481640 339632 451089 902911 497577 989076 952155 711698 391011 1069728 713487 662596 110578 1202619 627756 137422 796786 494272 347737 1142755 388453 872982 797333 317207 863677 614654 832857 380243 724523 632072 607362 205083 674483 841262 863522 767292 420118 1108535 1223636 171356 949603 768138 506973 494632 847477 800259 562578 643990 341841 618785 651647 872993 435996 712391 968139 617059 518303 929225 262085 175479 822369 731812 788315 1110302 1147784 625203 822863 284937 541810 855321 592063 902395 1003536 773429 819811 614514 681356 913067 475814 626838 685941 665102 530289 768452 564794 664985 810965 846176 729764 845888 1029976 278543 802265 775209
488350 132457 1119907 999999999 29284 175734 639125 891149 773208 818020 762506 155761 267589 601414 914360 75088 485036 570233 1049391 87758 512186 1004974 732701 679486 963356 59948 891623 442704 659683 1041004 631347 505701 666446 877889 676305 597582 755466 1075291 483158 793640 606523 356079 805520 155713 103751 986356 667430 352205 626396 893196 749678 579136 570548 496937 883485 526069 564486 557251 710706 700382 183084 533930 666574 225252 909843 1062827 878318 388411 525117 69687 130571 599041 334012 1054488 586507 859201 854645 270246 116738 767985 510638 561780 593377 717181 825743 570593 672950 881632 664760 849815 768007 583499 736788 319121 450207 292609 238506 1065436 841705 775753
516271 159305 1140440 29284 999999999 203322 660481 905951 799142 847106 789263 165003 296872 606901 940525 104371 512569 579577 1068252 62687 528316 1024012 732663 694249 989114 34918 917602 471987 688957 1066551 628898 527083 695717 903612 705343 625029 762766 1099250 509057 822895 604248 379164 819283 139678 86580 1008914 696128 373941 649702 920662 778919 608381 587952 521619 898367 541724 591872 554959 734501 729387 191661 559070 680489 253393 933365 1086270 907600 408630 528253 57415 150003 626355 345584 1079604 604687 888444 883012 277774 139961 768745 512222 574919 621678 746163 836949 597417 701705 885968 690784 850684 776799 592168 766071 346851 461246 306695 231101 1090474 841391 805015
313013 45130 963312 175734 203322 999999999 482156 763335 599181 667820 587146 155376 120568 533923 739798 109583 309319 481324 900387 263303 386087 855423 692823 555608 789547 222706 717415 285989 497692 867596 609908 350871 509057 704217 507144 421850 671729 906138 309765 636649 585228 197045 684473 266183 272753 822209 528506 201429 461122 717471 593919 415694 435115 327397 755351 402117 388753 538733 543073 530686 169034 362560 547713 51504 742464 895362 718154 244598 476016 205310 188267 423317 252387 882087 446426 702606 680340 228274 78086 722224 471875 450914 418960 570902 718266 395230 500820 811967 490668 801176 675374 497959 576838 143533 358580 201975 288607 893223 800291 612125
293173 514885 481640 639125 660481 482156 999999999 331303 236146 646014 268255 514757 482376 390178 355899 588104 274753 307237 420485 722964 187625 375393 555395 195863 385312 664786 329745 445165 471835 450983 557559 133433 508126 309137 413277 251813 406753 453220 215946 584443 544615 285697 287620 641197 742739 351430 611835 286940 67431 398515 565348 430542 131351 176302 323387 188588 248950 528921 115669 417914 496248 164427 213485 450207 286103 434758 618513 252896 424888 633507 668030 243966 364592 453413 106494 631970 433078 441812 522507 557413 451090 227841 309870 603577 359005 218940 373308 549640 185456 604574 379360 321832 527573 372971 302948 376692 576015 462181 625081 520725
624338 785578 339632 891149 905951 763335 331303 999999999 476289 948074 525822 742845 792268 386486 518631 857333 605607 355593 230383 964596 380118 205409 457155 211713 510138 899968 499350 775581 789227 532967 527894 429485 826482 479544 723786 574628 268004 460523 544007 884245 529855 573271 92896 843621 992438 343747 935687 563243 392674 607762 872957 757290 328449 501896 8141 365477 577054 544574 378262 722900 717898 495304 226668 743728 364762 426751 899866 518978 470757 865004 950821 566590 563063 513688 319773 921501 680532 638877 781496 434310 502013 333466 633266 920449 136248 546967 681980 338078 487553 435363 225616 352491 834147 682577 452308 599256 751383 515061 467918 816804
304762 640871 451089 773208 799142 599181 236146 476289 999999999 479681 51393 680022 550763 626155 142037 708318 299619 543375 445102 860896 415482 407392 788163 417733 190399 812142 118473 436569 348491 268799 793699 319463 384935 105362 276030 195737 627692 324053 290089 415574 780578 429579 471963 813959 871926 280504 501505 443847 189643 162405 411732 349880 366115 282115 470126 419754 223398 763597 122660 266925 667924 242430 439646 553882 189068 323491 423865 428075 659182 786118 764301 190651 564492 285706 341998 447091 208370 633860 660282 787261 684249 463765 235751 470618 552567 207679 236051 760717 108514 827776 594759 557924 373308 460153 527551 561586 768191 297366 851085 347319
427257 710202 902911 818020 847106 667820 646014 948074 479681 999999999 428308 815000 553529 992603 512926 743409 446144 908414 917933 893261 757310 883278 1171653 840579 561779 875741 514509 381903 190530 618463 1139438 635782 165151 524033 233744 400367 1047927 724334 508152 64146 1119683 626539 927311 933979 882985 734902 163577 652765 578681 411734 84389 266352 740991 543493 941263 770105 415505 1086813 570445 228264 819621 519476 855389 618710 651210 741141 108408 672598 988988 867124 733900 407446 804081 651116 725483 68236 312578 838202 745790 1182620 1003646 832020 348284 103150 1003087 441205 272746 1194292 465060 1240211 1023832 926857 119284 550580 835452 771395 943429 662304 1256378 132368
282399 630106 497577 762506 789263 587146 268255 525822 51393 428308 999999999 678365 529436 657444 156770 695195 280585 573407 495413 850243 438783 458209 823487 456873 211353 804284 138570 403603 300011 290135 823262 334015 336000 132641 227258 170108 668095 358688 282867 364194 809032 428531 518094 812875 859080 326327 452754 445330 213295 141682 360555 307211 394507 282713 519512 444769 201296 789509 161363 216860 668175 242313 477628 539881 235772 361810 374051 434631 684959 779863 745208 166722 574670 311454 371510 396404 165836 640522 651970 824444 708718 493078 200429 420262 598076 191924 188376 803966 106714 867844 636531 588826 322218 445343 547645 567272 773398 323532 890124 295943
428326 125183 989076 155761 165003 155376 514757 742845 680022 815000 678365 999999999 275788 446145 821908 157290 418772 414959 912137 221824 368066 868456 583272 531361 866508 157249 797525 434174 637785 941678 487274 383426 653010 781472 637473 525961 599706 963375 396288 779619 462261 250504 655280 134560 251359 866100 681053 237251 513896 816440 738185 555637 430020 397929 735356 380553 492968 413516 600449 659614 27391 437871 516743 198690 795925 947556 857723 262795 371949 122754 259428 525449 180820 951384 448576 845365 793596 114601 89863 617181 359657 410685 536533 720637 671946 491331 624685 726832 574204 698659 612528 427940 717897 268445 296254 145026 133232 961628 692397 749017
247100 158732 952155 267589 296872 120568 482376 792268 550763 553529 529436 275788 999999999 615136 685924 192517 251179 551762 901527 348922 432244 856521 783668 594697 739092 323488 665901 175134 392178 818081 709891 363466 399150 655617 412182 359343 739070 870255 277884 526584 685767 224313 722047 382777 346909 799207 409678 241618 445689 648742 482883 312079 468003 309290 784135 449217 328580 641278 518433 436662 287987 335271 591880 82810 713504 863900 610797 286347 568410 313598 216913 362838 343514 836422 473123 592314 598888 337359 195733 809794 568796 506665 341692 454579 766962 343335 413072 885154 444824 886006 736535 569857 469231 110168 434340 294899 408991 848121 888632 508380
573643 535724 711698 601414 606901 533923 390178 386486 626155 992603 657444 446145 615136 999999999 737021 594548 553123 85427 608600 655911 235392 574454 180070 233070 756556 590238 711406 686192 804016 809919 169431 357056 835345 689934 762285 596675 160835 777019 486772 936630 160546 407526 295723 508775 690455 656712 916166 383471 445642 788349 908348 739343 263949 449313 381526 223372 577743 161522 504280 773847 418757 474122 206845 539986 628632 748744 986131 345510 90010 555037 697951 590503 282223 803237 286050 992558 820455 331628 515733 198019 119062 165606 644814 927640 269270 553882 728169 281211 564886 271124 186117 68704 874242 526706 181130 332331 405146 809196 276563 880040
438825 781934 391011 914360 940525 739798 355899 518631 142037 512926 156770 821908 685924 737021 999999999 848597 436120 657858 419954 1002096 542410 392641 887837 513740 56574 953932 26177 558205 428058 133936 906354 456112 460407 47138 357332 326746 714442 217399 431566 452296 895448 571528 538543 955715 1012395 227743 574972 585429 322289 104207 462307 452000 486918 424071 514142 544365 357428 883024 241557 340147 809515 384460 538257 693664 159285 229648 431686 568201 779659 928087 901283 323086 702225 157978 461680 464310 201106 773324 801944 881847 806531 580897 355150 531563 619867 345645 325124 834446 249822 912839 677274 670514 427636 599440 656916 701657 908087 170216 939333 387830
417903 73417 1069728 75088 104371 109583 588104 857333 708318 743409 695195 157290 192517 594548 848597 999999999 415862 553468 1003967 158583 477321 959166 738923 646908 898714 132500 826428 367620 584652 976881 644480 455540 591372 813454 602078 528431 742516 1015630 419237 718599 619464 302444 774927 210773 163887 930778 593928 302995 569711 823652 674671 504223 531423 436761 849480 492389 495592 570779 652258 626257 182760 472133 636433 155386 851685 1004634 803230 343280 525312 129547 103632 530306 315809 991578 545023 784187 782443 265925 79399 771929 515028 534745 521550 642866 801963 503446 599628 875707 599826 852989 751019 568398 661700 249989 430584 268762 272033 1002737 847943 700769
20937 353404 713487 485036 512569 309319 274753 605607 299619 446144 280585 418772 251179 553123 436120 415862 999999999 471256 674607 572481 321123 630464 733183 440717 488514 530138 415410 170546 255614 567436 694181 204739 284127 404615 230575 112606 630691 619843 68647 395824 674009 187809 554093 551854 579570 554194 364652 212552 219883 408163 362045 186281 321131 111471 597626 335861 79761 640670 277708 249530 414205 110349 448192 260537 466174 614685 460638 227085 543428 508483 465258 114516 363613 585315 313141 457600 375443 409638 378581 747981 557541 400022 118934 374797 616897 92214 209754 781141 194001 811948 614446 490217 331707 166034 389732 337802 531429 596986 824342 349719
491950 489251 662596 570233 579577 481324 307237 355593 543375 908414 573407 414959 551762 85427 657858 553468 471256 999999999 564661 633312 151228 527055 263252 169859 680001 567343 632020 609993 720368 736476 250324 272633 752175 610720 677517 511614 190433 710684 404130 852002 237837 335942 262745 497689 665348 592162 835357 313601 361000 705752 824248 657138 179162 365686 349364 138444 493193 227173 422213 688796 387988 389396 144723 480854 556830 684016 900838 272486 128803 531780 655312 505372 237959 731754 201936 907546 735796 302178 474084 276757 159505 80524 560347 845054 260752 468958 643086 333440 479792 343649 197983 19129 789837 457202 123336 285003 400065 738358 353661 794983
689114 930556 110578 1049391 1068252 900387 420485 230383 445102 917933 495413 912137 901527 608600 419954 1003967 674607 564661 999999999 1129678 545521 45092 687283 399618 388107 1067956 410583 840815 792696 378557 756881 549534 829497 397194 720680 606768 498387 277941 627509 854557 757664 703348 314189 1026523 1152988 194196 945689 700976 458074 523287 854997 784219 482183 592543 233106 534806 621478 769211 400189 712015 889794 570892 422181 870363 267429 243611 847056 661633 688004 1034511 1087494 599277 740259 350258 463884 876698 615254 819439 934199 663332 719550 523028 660681 915637 366221 594134 679992 554804 505502 657899 455974 565500 817042 792847 640943 767460 943207 347019 691690 786788
575438 220215 1202619 87758 62687 263303 722964 964596 860896 893261 850243 221824 348922 655911 1002096 158583 572481 633312 1129678 999999999 588319 1085540 773267 753028 1050999 66008 979324 523112 740574 1128574 665975 589593 745432 965519 760180 685064 813680 1161866 570823 871899 641740 441844 877085 161942 39004 1071577 739004 436550 712380 980634 827593 660961 648726 584021 957084 601372 652011 592700 797134 784449 247389 621289 738566 312284 996033 1148945 957699 470867 574426 101559 170860 686603 402440 1141859 665901 937054 940906 331236 202555 810493 556268 632467 679854 791343 892237 658325 758192 932731 752466 892389 829488 645111 816525 406479 517108 365788 264903 1152765 881239 856951
341943 405952 627756 512186 528316 386087 187625 380118 415482 757310 438783 368066 432244 235392 542410 477321 321123 151228 545521 588319 999999999 502491 414447 169858 572936 524984 516234 466783 569141 637928 390651 121668 601021 495966 526965 361806 316322 632553 253435 701246 374104 208062 298529 481425 614436 522583 685715 191701 226365 576588 673103 506499 65817 214481 372309 17022 342357 351273 300891 538861 344852 238838 161948 372293 468016 610845 751831 146406 246907 490810 572129 355828 195243 638986 89407 757457 596454 274736 401423 427302 269948 80178 409423 694114 335389 318780 493270 466636 339003 491005 307489 169891 638864 328406 115411 223043 403299 647281 503272 645037
645191 885751 137422 1004974 1024012 855423 375393 205409 407392 883278 458209 868456 856521 574454 392641 959166 630464 527055 45092 1085540 502491 999999999 661625 360167 365418 1024032 381171 797195 753660 364540 726457 504557 790645 366360 682013 564445 471691 272250 582777 819609 726135 658380 282898 983792 1108609 173252 906491 656171 413403 494615 818578 743006 438710 547604 206796 492138 578420 735670 357080 674147 846325 526265 383462 825288 236082 237425 815335 617031 651877 990711 1042467 556878 697497 338686 419978 843914 584135 776805 889641 639617 683405 482514 618956 877905 341427 550803 641003 538675 463600 639195 429015 528786 780372 747791 599683 723936 901566 336976 672296 751594
753712 687902 796786 732701 732663 692823 555395 457155 788163 1171653 823487 583272 783668 180070 887837 738923 733183 263252 687283 773267 414447 661625 999999999 374200 900516 710219 863076 864407 983550 945654 116858 535873 1015146 841393 940456 774172 190201 896991 666703 1115043 137123 584049 383098 614774 810561 775509 1096139 559185 615465 948647 1087498 919386 436335 628822 455077 401574 756345 183336 665511 951281 556737 652469 350227 705341 763640 865752 1162352 523242 216811 676873 842182 767771 441893 934444 456139 1170039 988457 473527 662871 41142 223900 340662 823527 1107632 321064 731783 905518 193318 736143 120111 232900 244817 1053020 701039 355450 492023 509167 938817 109135 1057409
461201 575768 494272 679486 694249 555608 195863 211713 417733 840579 456873 531361 594697 233070 513740 646908 440717 169859 399618 753028 169858 360167 374200 999999999 528336 688562 488898 603739 662610 578349 400463 242319 698049 467217 607143 442554 211699 544242 373291 779541 393434 371372 128904 635164 780727 424431 796672 358281 262459 576152 759049 614058 127382 329750 204119 154520 434345 391726 295987 612898 506637 336210 26233 539664 396461 516469 814287 313159 298105 653707 741974 435009 352164 570659 128449 827779 622702 429054 570435 370244 329146 124919 498995 793570 177131 405411 567895 353971 381174 411018 183561 175159 721706 487144 244426 387556 546579 576407 433464 716350
492120 831092 347737 963356 989114 789547 385312 510138 190399 561779 211353 866508 739092 756556 56574 898714 488514 680001 388107 1050999 572936 365418 900516 528336 999999999 1001525 73208 614050 483735 79002 925909 494425 515628 85518 413390 380555 722114 163679 480204 502374 916326 616807 539649 999664 1062298 193933 629592 629375 359481 150046 514544 508571 514428 469762 506416 573428 410546 906678 274949 395784 853093 430881 553678 744249 145503 179518 476072 609576 804458 974904 953738 376533 740289 101422 488940 510375 249234 813215 849961 892006 832315 605236 410856 584829 619968 397209 381591 835164 298892 918222 683377 691508 480680 650405 688215 742551 948324 113657 946079 439272
535008 177678 1142755 59948 34918 222706 664786 899968 812142 875741 804284 157249 323488 590238 953932 132500 530138 567343 1067956 66008 524984 1024032 710219 688562 1001525 999999999 930585 498455 714668 1078428 604449 531793 722623 916017 728555 642140 747772 1107758 522500 850070 579996 387515 812033 107416 100752 1014841 726317 379977 657499 937510 806323 633546 586247 532418 892503 537681 608862 530795 743075 752366 182178 570719 673698 273868 941160 1093783 934055 411965 509345 35563 184904 643082 337276 1090520 604081 915783 902873 265329 152319 747000 491804 567394 641533 775341 826420 612881 723355 867617 704136 828944 763481 579105 792441 365527 451512 302018 204181 1101214 818560 830366
418914 759257 388453 891623 917602 717415 329745 499350 118473 514509 138570 797525 665901 711406 26177 826428 415410 632020 410583 979324 516234 381171 863076 488898 73208 930585 999999999 541932 420280 152210 880698 430376 453653 21685 348590 307376 690665 225195 408544 452833 869668 547285 516460 931173 990125 221275 569201 560809 296361 113566 460334 439810 460796 399891 494627 518197 337345 857035 215386 332740 784854 360502 513266 671743 145481 233701 437329 542990 753615 904439 880660 303327 676527 172923 435573 468506 205449 747900 778751 857509 780437 554915 338680 528037 597916 324276 314521 812132 226863 889414 653850 644774 424690 577736 630751 676391 882740 185031 915616 387092
153257 328812 872982 442704 471987 285989 445165 775581 436569 381903 403603 434174 175134 686192 558205 367620 170546 609993 840815 523112 466783 797195 864407 603739 614050 498455 541932 999999999 217468 692128 809114 362093 224280 535877 244681 242678 782744 760286 232528 351894 786706 281636 721306 552172 518717 708427 250488 307523 389858 503819 308557 139138 479589 275732 767568 483033 221344 747278 440999 269474 440465 280747 608556 236872 617848 759849 435670 341171 659653 487266 378814 248956 449277 714830 475290 417754 440859 468841 364024 884117 667528 546930 203252 286485 780825 247101 253617 933281 343196 953625 770719 629098 294097 177982 509751 408835 564424 726957 962305 333882
236802 541884 797333 659683 688957 497692 471835 789227 348491 190530 300011 637785 392178 804016 428058 584652 255614 720368 792696 740574 569141 753660 983550 662610 483735 714668 420280 217468 999999999 554901 949182 448092 37443 422519 72810 220330 866213 644929 318201 143398 929297 437348 758328 762342 735855 625985 153047 463387 404715 345759 106560 82254 556696 354736 781924 582454 230054 896283 413103 87953 639900 333321 675486 446793 535764 653701 220546 482196 798626 701811 593601 228049 614979 583495 542877 208293 259724 652311 575496 995752 813127 645173 163808 131866 830829 257784 112704 1014426 302116 1055498 844444 738992 80232 369812 645030 583923 762807 595632 1070450 116456
571120 908864 317207 1041004 1066551 867596 450983 532967 268799 618463 290135 941678 818081 809919 133936 976881 567436 736476 378557 1128574 637928 364540 945654 578349 79002 1078428 152210 692128 554901 999999999 978532 566054 585411 163475 485993 459536 762539 114049 557992 561647 970388 692694 574203 1074285 1140337 193383 697506 704428 431203 211917 577745 583979 577173 546154 530332 637129 489545 963649 345181 467143 927594 507737 604273 822638 182243 141772 526149 682968 862962 1051375 1032622 455533 810905 33837 551682 562769 309215 885101 927163 934282 891684 664354 489085 649792 652232 476012 456083 866327 377136 954679 722275 746752 545675 728951 753316 815313 1020276 44034 984048 501495
713848 599519 863677 631347 628898 609908 557559 527894 793699 1139438 823262 487274 709891 169431 906354 644480 694181 250324 756881 665975 390651 726457 116858 400463 925909 604449 880698 809114 949182 978532 999999999 510210 978299 859253 913374 750656 264625 942260 631359 1086124 25016 527912 443570 505556 703923 821248 1049966 501744 610328 956073 1055078 879366 428757 597882 524357 381504 728779 74109 672404 926838 461842 627050 374395 628790 796863 913064 1140817 472075 150927 572191 746497 745059 367083 971113 452074 1144504 984657 383620 571349 157915 142156 330269 794902 1067722 396444 707223 881614 307081 727710 235288 304707 236235 1022709 637739 304577 414996 401072 976781 218043 1032688
225667 382191 614654 505701 527083 350871 133433 429485 319463 635782 334015 383426 363466 357056 456112 455540 204739 272633 549534 589593 121668 504557 535873 242319 494425 531793 430376 362093 448092 566054 510210 999999999 480506 411918 405324 240651 425958 580419 136097 579578 492616 153827 364295 512308 609333 483263 568570 153554 134993 475120 551633 387667 117648 94515 421344 134395 220688 466343 220976 417473 366191 117296 246470 322152 412822 564141 630882 120646 363263 500896 538102 234906 246170 572695 114306 635943 484352 319058 389109 547686 383354 197311 287772 574246 419397 197407 371974 576447 229168 608935 410451 291096 517238 253432 216597 249801 454234 582382 622768 523606
264526 552522 832857 666446 695717 509057 508126 826482 384935 165151 336000 653010 399150 835345 460407 591372 284127 752175 829497 745432 601021 790645 1015146 698049 515628 722623 453653 224280 37443 585411 978299 480506 999999999 456685 108905 256369 900616 677669 348694 127673 958041 461744 794944 774903 738771 661505 116780 488050 441146 374821 85178 101242 590571 386566 819163 614674 264432 924069 450529 121075 656552 366906 710501 458885 571604 687316 212295 509133 827513 711475 593792 264175 639172 614644 577336 193604 285023 673210 587129 1028106 841178 677795 199068 95556 867041 292758 149655 1049220 339499 1088811 879441 770907 72281 386751 673803 606244 780090 626719 1103240 119972
409071 745654 380243 877889 903612 704217 309137 479544 105362 524033 132641 781472 655617 689934 47138 813454 404615 610720 397194 965519 495966 366360 841393 467217 85518 916017 21685 535877 422519 163475 859253 411918 456685 999999999 350226 298485 669069 226421 394755 461696 848314 531557 495373 914837 976969 210896 572843 544466 277457 130337 467258 437997 440017 384390 474704 497683 327499 835925 195336 335611 768359 345407 491599 659163 130294 231698 449868 525607 732608 889454 869553 293990 658079 180945 414742 479989 218085 730034 764444 835836 759553 533797 332897 533593 576865 312877 314631 790929 213666 867886 632331 623387 430934 565501 610676 658857 865005 192781 894027 395161
215257 552174 724523 676305 705343 507144 413277 723786 276030 233744 227258 637473 412182 762285 357332 602078 230575 677517 720680 760180 526965 682013 940456 607143 413390 728555 348590 244681 72810 485993 913374 405324 108905 350226 999999999 166961 814184 573593 284368 174709 894584 418239 697149 766653 759075 553176 225548 443125 345850 279620 152072 109076 507801 315498 716644 539076 184820 864300 345999 24793 636462 288164 621698 455640 462985 581670 230533 455573 764026 712436 622800 173877 594048 513805 491888 231134 201293 639083 583364 950290 780773 600080 118540 197891 771548 208703 41953 960680 236422 1006834 790246 695714 114595 370135 611632 567947 757006 525995 1023453 120077
112432 465789 632072 597582 625029 421850 251813 574628 195737 400367 170108 525961 359343 596675 326746 528431 112606 511614 606768 685064 361806 564445 774172 442554 380555 642140 307376 242678 220330 459536 750656 240651 256369 298485 166961 999999999 647911 519681 135463 341599 732676 283478 539019 660018 692083 466072 361435 304979 185073 295633 317504 183343 340840 156104 567080 373303 33317 704631 208583 177183 519236 123616 456072 373133 375259 517860 390237 307141 602690 619783 575339 8040 449696 479312 325129 395938 268651 505165 490236 783486 621189 433580 58671 351879 610673 43566 131498 795192 102024 839917 624937 529626 281083 278639 452320 431680 632504 491217 856501 283372
651615 679334 607362 755466 762766 671729 406753 268004 627692 1047927 668095 599706 739070 160835 714442 742516 630691 190433 498387 813680 316322 471691 190201 211699 722114 747772 690665 782744 866213 762539 264625 425958 900616 669069 814184 647911 999999999 708922 562045 987825 270446 518852 193441 668988 847385 587691 993732 498419 472409 783750 965407 811801 310763 519832 265526 299840 636252 294723 506871 821316 572399 534142 193464 670183 581629 677177 1025149 455122 249798 712359 844884 640665 426721 749530 323337 1037665 833845 485354 663132 172452 276629 236593 702525 995681 133058 608534 775913 150683 592203 200114 42710 174370 928710 640650 313613 474769 565824 753308 224969 925741
626936 944947 205083 1075291 1099250 906138 453220 460523 324053 724334 358688 963375 870255 777019 217399 1015630 619843 710684 277941 1161866 632553 272250 896991 544242 163679 1107758 225195 760286 644929 114049 942260 580419 677669 226421 573593 519681 708922 999999999 598503 665578 936848 720415 515996 1092652 1177077 121545 792371 728298 450345 313002 678222 664265 568125 578971 459307 628727 546315 935781 364785 557137 946605 543812 570457 864617 167629 34826 635591 700770 839339 1078486 1080057 514371 817669 80692 543387 671140 412188 895021 959311 881282 869502 645314 558104 748393 589012 527770 539688 798477 425862 893026 667061 718392 644283 773491 745991 828991 1029172 73506 924250 602888
89571 350899 674483 483158 509057 309765 215946 544007 290089 508152 282867 396288 277884 486772 431566 419237 68647 404130 627509 570823 253435 582777 666703 373291 480204 522500 408544 232528 318201 557992 631359 136097 348694 394755 284368 135463 562045 598503 999999999 455126 611851 149073 488884 530841 582422 521982 432870 169687 169489 420154 423771 253072 252626 43564 535952 267859 105390 580349 240825 300387 387507 57425 380099 266328 437824 589704 514529 173150 481135 497314 481929 133115 314935 572342 245274 514861 403147 369812 370401 680667 496882 331864 166403 440965 549925 96209 257035 712497 181755 743862 545937 423002 391480 175338 327966 296263 498172 583510 756684 404438
377915 680180 841262 793640 822895 636649 584443 884245 415574 64146 364194 779619 526584 936630 452296 718599 395824 852002 854557 871899 701246 819609 1115043 779541 502374 850070 452833 351894 143398 561647 1086124 579578 127673 461696 174709 341599 987825 665578 455126 999999999 1066881 579945 864437 902371 864257 672581 171703 605812 517259 352577 44691 224492 682401 488608 877466 713560 358890 1035305 506869 166646 782443 462607 794890 586354 588145 681313 88966 622909 936183 839132 717725 348402 757487 593832 666175 65958 253417 795699 714706 1124999 951901 774756 291905 108457 940649 383380 211912 1133457 402336 1181256 962986 870261 64170 512325 783088 727131 905631 605239 1198089 68257
693520 574604 863522 606523 604248 585228 544615 529855 780578 1119683 809032 462261 685767 160546 895448 619464 674009 237837 757664 641740 374104 726135 137123 393434 916326 579996 869668 786706 929297 970388 25016 492616 958041 848314 894584 732676 270446 936848 611851 1066881 999999999 505827 443632 481593 679605 816200 1028439 479563 595827 942980 1035363 858781 414809 579129 525974 365693 710218 49298 659877 908428 436827 609072 367233 604508 789174 908165 1122622 450795 130717 547610 721494 727217 343313 963780 438600 1125706 969521 358734 546360 177691 119203 316816 776056 1046978 400535 689174 863349 323797 712265 256755 309123 225009 1003324 614645 284287 390914 376852 969714 241008 1014115
203343 229336 767292 356079 379164 197045 285697 573271 429579 626539 428531 250504 224313 407526 571528 302444 187809 335942 703348 441844 208062 658380 584049 371372 616807 387515 547285 281636 437348 692694 527912 153827 461744 531557 418239 283478 518852 720415 149073 579945 505827 999999999 499509 384726 459079 630325 523418 26548 270540 567768 543612 360608 245798 147464 565187 225064 251821 467780 355646 437329 239653 187371 367731 170753 554232 707111 647806 63778 378081 359140 384514 281719 177634 703687 253700 643095 551911 222699 239483 605426 386832 283888 305452 545948 542677 245280 396931 667141 323797 677519 513901 354732 515833 121811 228683 150140 349176 714231 684081 536849
573892 704159 420118 805520 819283 684473 287620 92896 471963 927311 518094 655280 722047 295723 538543 774927 554093 262745 314189 877085 298529 282898 383098 128904 539649 812033 516460 721306 758328 574203 443570 364295 794944 495373 697149 539019 193441 515996 488884 864437 443632 499509 999999999 752933 905859 395077 899454 486995 353947 617848 848718 717982 254063 445575 86941 282871 536374 455417 360163 699382 629857 445494 138960 668367 395896 483970 889036 441948 378602 776861 870618 531103 474758 559325 250481 907050 680200 549321 697935 365448 409964 244639 597317 890192 81567 506444 656145 296008 462256 380477 151202 259636 810359 613680 362192 512962 659534 562497 410160 798528
560536 224255 1108535 155713 139678 266183 641197 843621 813959 933979 812875 134560 382777 508775 955715 210773 551854 497689 1026523 161942 481425 983792 614774 635164 999664 107416 931173 552172 762342 1074285 505556 512308 774903 914837 766653 660018 668988 1092652 530841 902371 481593 384726 752933 999999999 200718 992329 792414 370386 644855 950990 859883 680119 546077 532000 836540 491720 626934 432844 731540 789340 146711 572067 617399 316022 925026 1075647 982873 392454 423352 86070 286275 659652 286296 1083188 566806 968319 927139 207129 188193 652822 402407 510761 668823 836599 758416 625785 755834 780239 708520 734480 688771 507056 841950 396523 391392 264701 105957 1093246 721980 875561
581139 232203 1223636 103751 86580 272753 742739 992438 871926 882985 859080 251359 346909 690455 1012395 163887 579570 665348 1152988 39004 614436 1108609 810561 780727 1062298 100752 990125 518717 735855 1140337 703923 609333 738771 976969 759075 692083 847385 1177077 582422 864257 679605 459079 905859 200718 999999999 1089391 726378 455799 729008 987047 819732 657514 673553 598211 984841 627990 659323 630495 812821 783570 277781 634476 767055 319231 1012141 1165155 950973 492156 610031 135496 151541 694058 432078 1154625 689852 928919 943693 363236 220234 847528 592548 661497 683587 780456 923235 667330 759242 968270 763414 929459 862222 677642 810423 413825 547596 393194 302920 1165703 918733 852302
564612 858567 171356 986356 1008914 822209 351430 343747 280504 734902 326327 866100 799207 656712 227743 930778 554194 592162 194196 1071577 522583 173252 775509 424431 193933 1014841 221275 708427 625985 193383 821248 483263 661505 210896 553176 466072 587691 121545 521982 672581 816200 630325 395077 992329 1089391 999999999 778256 635168 361100 331841 677317 630264 457179 496218 341876 517320 487838 816156 281246 541087 847665 465066 450585 784153 91626 92048 658391 603727 720959 984152 1002222 459559 712295 170776 433202 689780 426650 790839 869667 760108 751432 529290 513136 742160 469293 464782 514703 680590 365346 773368 545965 599185 640478 696699 633998 727651 923556 171454 804192 605902
343791 568390 949603 667430 696128 528506 611835 935687 501505 163577 452754 681053 409678 916166 574972 593928 364652 835357 945689 739004 685715 906491 1096139 796672 629592 726317 569201 250488 153047 697506 1049966 568570 116780 572843 225548 361435 993732 792371 432870 171703 1028439 523418 899454 792414 726378 778256 999999999 549915 545974 485811 134005 182622 683055 474185 928207 700513 363437 991171 562639 237438 689102 460966 807111 482375 688383 802892 257293 577942 899270 720764 575895 369451 696628 727522 672313 223367 391902 719258 605207 1112096 909805 764658 302781 63968 969054 393174 265718 1143692 451221 1176600 975330 854386 155659 428168 746498 658065 812785 739496 1188782 205992
228667 229582 768138 352205 373941 201429 286940 563243 443847 652765 445330 237251 241618 383471 585429 302995 212552 313601 700976 436550 191701 656171 559185 358281 629375 379977 560809 307523 463387 704428 501744 153554 488050 544466 443125 304979 498419 728298 169687 605812 479563 26548 486995 370386 455799 635168 549915 999999999 277982 585507 569724 386955 234814 162717 555208 208533 273934 441318 364139 461862 224091 203097 353027 181384 561369 713858 673009 45334 352135 350202 389696 302798 151679 714320 245119 668763 572780 200190 235567 581165 360512 265047 329356 572465 527089 265600 420937 645887 339629 653960 494961 332222 541674 143708 203738 126830 329274 724646 659918 562054
236618 497668 506973 626396 649702 461122 67431 392674 189643 578681 213295 513896 445689 445642 322289 569711 219883 361000 458074 712380 226365 413403 615465 262459 359481 657499 296361 389858 404715 431203 610328 134993 441146 277457 345850 185073 472409 450345 169489 517259 595827 270540 353947 644855 729008 361100 545974 277982 999999999 350226 497921 365527 181839 137028 384930 231646 184493 576361 86686 350668 498239 112894 278946 423876 283729 436572 552858 252496 471807 628145 642392 177156 380856 438554 159845 565451 374824 454010 509948 619480 495975 280501 243444 536522 426262 154380 305948 616424 120973 669123 446015 376938 460170 339208 337911 384172 589180 448473 688689 453896
405923 761411 494632 893196 920662 717471 398515 607762 162405 411734 141682 816440 648742 788349 104207 823652 408163 705752 523287 980634 576588 494615 948647 576152 150046 937510 113566 503819 345759 211917 956073 475120 374821 130337 279620 295633 783750 313002 420154 352577 942980 567768 617848 950990 987047 331841 485811 585507 350226 999999999 366361 383316 528441 423315 602632 581454 328806 925712 284186 258943 807268 382988 598981 668525 259046 329480 327750 576072 821236 914517 865649 294442 716346 242798 504392 361027 99229 781793 785405 946379 845973 626169 307483 437974 699373 325736 254846 911593 248329 983708 748995 720210 333810 574158 687272 708410 914226 254558 1008242 290447
343345 637204 847477 749678 778919 593919 565348 872957 411732 84389 360555 738185 482883 908348 462307 674671 362045 824248 854997 827593 673103 818578 1087498 759049 514544 806323 460334 308557 106560 577745 1055078 551633 85178 467258 152072 317504 965407 678222 423771 44691 1035363 543612 848718 859883 819732 677317 134005 569724 497921 366361 999999999 184814 657629 459167 865964 685994 331609 1002662 494698 150075 741636 435558 773299 543892 590580 691953 133311 588745 904660 795797 673063 324749 721240 609101 642547 109531 268657 757182 672003 1098736 919450 748087 264418 74579 923496 357739 192586 1112381 386957 1156889 941996 842728 38869 471725 751157 689503 865108 620787 1172735 76542
165979 460020 800259 579136 608381 415694 430542 757290 349880 266352 307211 555637 312079 739343 452000 504223 186281 657138 784219 660961 506499 743006 919386 614058 508571 633546 439810 139138 82254 583979 879366 387667 101242 437997 109076 183343 811801 664265 253072 224492 858781 360608 717982 680119 657514 630264 182622 386955 365527 383316 184814 999999999 501038 293154 749669 520796 181613 824095 390393 133511 558027 278417 624545 364694 538690 668859 302755 408932 728464 620114 517811 191358 537968 609922 489850 289948 309912 572397 493413 933733 741429 584600 125447 188595 786768 211603 128681 961526 280119 996527 792882 676038 162260 287895 574793 505084 681144 622163 1009710 196833
341976 458882 562578 570548 587952 435115 131351 328449 366115 740991 394507 430020 468003 263949 486918 531423 321131 179162 482183 648726 65817 438710 436335 127382 514428 586247 460796 479589 556696 577173 428757 117648 590571 440017 507801 340840 310763 568125 252626 682401 414809 245798 254063 546077 673553 457179 683055 234814 181839 528441 657629 501038 999999999 209761 320425 60647 326690 397761 246967 517014 407631 223699 129091 415640 404644 545867 726457 190582 293595 552534 622957 334000 260310 576915 25516 735397 556640 339841 457554 443342 319761 98666 393530 685371 303376 299891 471248 460658 301030 499260 293318 195264 621747 359959 177952 285277 469075 584890 515699 622789
132257 366024 643990 496937 521619 327397 176302 501896 282115 543493 282713 397929 309290 449313 424071 436761 111471 365686 592543 584021 214481 547604 628822 329750 469762 532418 399891 275732 354736 546154 597882 94515 386566 384390 315498 156104 519832 578971 43564 488608 579129 147464 445575 532000 598211 496218 474185 162717 137028 423315 459167 293154 209761 999999999 493817 228157 131218 549619 215849 329495 386324 40402 336769 287947 415127 567977 543917 154750 448646 505239 506090 151781 297405 558184 201823 546632 416443 358948 381779 641573 466091 291614 197024 479960 506361 112891 284757 670120 176927 703411 503044 384372 425600 202186 296959 285359 490911 568963 716998 435002
616383 777686 341841 883485 898367 755351 323387 8141 470126 941263 519512 735356 784135 381526 514142 849480 597626 349364 233106 957084 372309 206796 455077 204119 506416 892503 494627 767568 781924 530332 524357 421344 819163 474704 716644 567080 265526 459307 535952 877466 525974 565187 86941 836540 984841 341876 928207 555208 384930 602632 865964 749669 320425 493817 999999999 357724 569342 540079 371271 715896 710460 487334 219403 735659 360959 425695 893563 510968 465321 857564 942871 559043 555676 511470 311669 915006 674762 631633 773709 432847 496629 326217 625728 913201 134653 539249 674858 339173 480354 435430 222994 346553 827165 674439 445185 591675 744583 513028 467733 810082
356729 421323 618785 526069 541724 402117 188588 365477 419754 770105 444769 380553 449217 223372 544365 492389 335861 138444 534806 601372 17022 492138 401574 154520 573428 537681 518197 483033 582454 637129 381504 134395 614674 497683 539076 373303 299840 628727 267859 713560 365693 225064 282871 491720 627990 517320 700513 208533 231646 581454 685994 520796 60647 228157 357724 999999999 354779 344744 303233 550477 356878 250954 145641 388925 465254 606301 762902 163268 240191 503296 587766 367142 205459 637286 85797 769199 603927 284673 416070 413433 264529 64363 421954 708085 318600 330551 504797 450269 346587 476088 290579 156759 651447 345424 117307 235678 411332 645342 488941 656670
