NAME : synthetic_000929
TYPE : CTSP-D
DIMENSION : 100
GROUPS : 8
RELAXATION_LEVEL : 1
EDGE_WEIGHT_TYPE : EXPLICIT
EDGE_WEIGHT_FORMAT : FULL_MATRIX
EDGE_WEIGHT_SECTION
999999999 124820 336690 327553 837912 187127 648764 499591 160856 906614 559425 348804 580649 398227 214447 465481 775501 540771 646358 233896 346397 352726 667479 528407 466814 420134 484884 333263 426462 679853 148767 334634 721423 226968 421794 837692 381635 410047 682705 328617 475151 552563 384122 572170 285856 281012 206089 472652 235648 440538 464745 133749 192786 725036 664800 576140 771185 31752 530177 423551 253277 646885 393292 367475 423650 277707 829908 443131 504990 131269 719167 526146 750605 595123 441264 583098 738114 264304 587008 652559 437131 879889 262358 495769 211448 812532 220771 825337 485989 430682 304184 290307 766510 147889 311392 297224 105463 189485 654713 423797
124820 999999999 455877 430639 828929 235332 724177 408946 272483 913494 475553 469978 534894 518756 282266 397672 860351 577898 734814 147791 468088 282652 724394 620757 399718 525150 375659 446344 535442 651073 92925 364163 763592 107889 512172 940504 488162 367392 729493 412481 546679 556128 490869 536766 340620 302401 149498 596471 178010 549255 506646 81719 241691 716963 708849 630542 847558 152386 592628 547649 239539 766145 438502 301575 458735 249950 830158 556318 564589 161783 816145 472204 865025 524723 402369 693576 786249 334177 482378 732036 325130 910369 344102 484433 329474 916050 116307 935697 597913 519237 307625 415084 799216 157937 194443 371083 195606 310522 668534 472515
336690 455877 999999999 114965 1041870 304948 661975 826310 186109 1074142 879746 27002 859678 242968 400527 775235 736109 680774 611627 566623 32552 670714 735651 502667 775852 369957 820832 280272 351188 928349 433113 538694 822554 542619 437290 713167 340618 699078 776653 407842 538650 759021 340680 838084 460198 515208 529822 238048 556192 361280 609276 466505 425064 935187 768342 666409 763495 305834 607177 197750 537742 439226 548975 681426 592740 570174 1016315 333715 595753 342802 636427 818405 568359 901870 723002 452181 821451 416131 920843 650874 773691 995065 209770 734337 236211 687006 557319 661330 370490 449963 556407 127917 886436 366809 647642 233811 342410 147470 829052 562886
327553 430639 114965 999999999 1104665 232823 762394 827046 167809 1147887 886734 141622 892017 353535 449459 789925 844656 755897 718062 560668 147517 679053 827731 605554 791019 471707 805821 375881 456025 974449 385734 591583 909346 500535 530631 827776 439009 724820 864248 485619 626739 817400 439526 876120 517404 557555 532951 352715 561914 467172 681283 461133 462387 994933 853748 752615 868429 296054 694651 312631 562346 553334 615915 692720 657746 592033 1084208 442593 679972 289219 748248 843738 682966 919149 752560 565682 911906 476144 911028 753389 755715 1080896 115286 781548 301970 801579 542375 776194 481263 543185 594233 223410 969972 309204 624876 127286 367633 167340 898077 634651
837912 828929 1041870 1104665 999999999 1024890 553287 585515 956056 134733 532843 1032812 344955 870652 656710 501712 657803 374408 648022 702027 1025883 583287 432809 658059 498349 735429 698692 783745 765528 206593 921494 515048 337913 881165 646766 856770 742591 473979 369711 638164 543413 288468 744238 315961 587263 559108 680852 963752 654983 765860 436486 749254 653785 112927 356540 433254 587027 859318 485603 947967 592911 962396 492919 562049 449189 579005 61656 804739 480266 962254 742595 412811 947587 449373 438386 821560 376359 628998 664551 582377 720446 281007 1084451 345170 807562 850860 747647 937174 804291 636142 533969 917818 275733 970765 764051 1123515 753303 938148 219391 481516
187127 235332 304948 232823 1024890 999999999 803247 644055 145918 1093125 710867 328175 757880 472205 391605 629717 916610 721824 785542 381799 329919 514420 836916 665869 631543 541249 603045 442246 538271 863421 164796 520165 898607 278759 566738 947781 502329 587263 857962 486383 637704 739667 504149 753326 465343 467948 371770 515221 402138 552043 645026 294510 377603 911989 841624 748558 922373 168922 698260 466426 436808 712257 573584 532096 606776 458063 1016969 542414 675554 73558 843251 699127 832014 758119 620271 682513 912073 437179 712018 802663 550808 1060945 123057 682001 322796 921659 351363 917337 586244 577505 490978 333980 947341 83707 418744 140186 282204 204941 840807 602013
648764 724177 661975 762394 553287 803247 999999999 780972 674799 513630 779974 642055 619896 427595 442607 675388 151008 248780 95462 685640 634532 658883 121222 160819 673064 292021 860710 386783 312294 576909 791161 393311 223281 824433 238205 320332 323386 577729 184490 320438 177663 398963 322885 572259 386291 450284 634416 491443 630196 303990 267662 653790 483201 492419 196930 151858 123385 649705 147389 497697 538522 425871 309567 648290 316709 557720 500692 337930 177492 772603 192312 638067 394724 735518 565980 290890 197415 390482 899897 29165 846245 376342 798803 463248 485867 308556 720873 387804 314608 226688 474672 539289 295562 793517 797186 837973 544200 628000 358737 275788
499591 408946 826310 827046 585515 644055 780972 999999999 660280 707872 73321 833171 241482 795948 477109 107370 931787 543391 837964 266943 829172 160071 716578 758719 110152 729708 113321 698559 753743 378936 487437 413288 697902 394499 668095 1079729 706195 203611 686274 580160 631669 421584 709148 278839 468524 380955 296729 893636 270201 763994 513649 365914 431429 496240 660923 636190 888272 531227 635012 852538 311312 1010072 486186 156228 467002 277655 615316 789450 606027 570517 942222 178555 1070481 150806 216712 894991 736509 501877 119953 802125 143877 781416 751002 334646 626904 1060775 292710 1113003 818943 667240 338473 745610 695111 564125 242213 779632 488286 680685 530805 514477
160856 272483 186109 167809 956056 145918 674799 660280 999999999 1009639 719183 203709 727251 326291 300466 622183 780169 624128 649291 394727 203294 511281 720400 530236 623300 401663 643864 301341 396220 815161 247832 441088 791280 356511 436601 803108 363395 558803 748263 367539 517965 667589 364961 713489 372958 400294 365340 372575 394169 409738 547423 294584 304342 844569 734430 636719 790829 129129 582461 323161 396911 567404 478060 524915 516719 425691 940355 397987 562899 161933 701585 677278 686217 751484 587471 537346 800003 336375 747240 671576 594994 959082 131497 624212 188932 776919 379445 771437 441627 448158 433785 188687 846025 187274 466258 171838 205976 59187 757118 501787
906614 913494 1074142 1147887 134733 1093125 513630 707872 1009639 999999999 659595 1061990 466467 880787 709803 617505 592447 393403 608618 796979 1054740 687823 394051 642929 614116 739972 820199 802984 768797 331689 1004502 573431 290591 975943 654126 792641 753967 575805 332833 666351 547635 357586 755143 431362 636704 625794 769340 967057 745985 766651 466672 832156 715941 213004 328633 423738 519660 924729 482244 958054 674051 937483 532823 667144 492948 665567 92569 805572 485360 1035178 692030 531235 904683 577740 541488 798885 318935 674314 793104 541429 837982 173251 1140481 432907 846245 790514 842822 881317 797779 642300 608607 947059 218068 1046360 869642 1180426 813887 984633 252964 513332
559425 475553 879746 886734 532843 710867 779974 73321 719183 659595 999999999 885039 197005 832866 514664 115370 929577 535594 843654 330351 880658 209132 705827 772849 116375 756157 176767 733856 781775 327966 556750 432877 676830 466581 688581 1086983 735649 215804 669926 606730 641462 401398 738545 241112 496305 410020 353846 932252 325367 791131 515996 426705 472308 451414 644648 631212 881496 590751 636933 893207 351265 1037262 498369 198866 473320 317160 567523 819024 609207 637331 949565 147653 1089815 85228 216868 916646 717199 533384 135491 802895 214564 745906 814936 320439 671630 1069313 360001 1126636 845717 686415 365271 792690 666717 632145 314917 844783 538481 735886 502386 523398
348804 469978 27002 141622 1032812 328175 642055 833171 203709 1061990 885039 999999999 858926 219859 397786 779011 713063 668932 589533 575978 7547 676351 718436 482132 779513 350301 831193 263722 330336 923934 451520 533787 806876 559445 420480 687128 322458 700452 760799 396452 523220 751730 322341 835949 454603 513285 537377 211170 562996 339935 598590 476402 425189 927130 753184 651214 741824 318581 591731 171541 540187 412248 540034 686332 584160 573095 1005886 311111 581381 362980 612017 819492 541475 904692 723346 426984 804626 410096 929838 630215 784816 979460 236041 730123 231215 661000 568657 634575 346865 433138 555410 115219 871659 387416 660195 260690 346636 159579 818621 552458
580649 534894 859678 892017 344955 757880 619896 241482 727251 466467 197005 858926 999999999 759578 462291 159994 764927 371136 694528 391942 853285 259228 531514 643149 156750 656832 354228 659835 685604 138718 626555 339763 489858 564039 577070 936890 645170 170847 488558 515460 507218 223043 647787 48852 417634 346331 387620 860869 357774 692262 372695 464149 434728 255640 463805 468065 710347 608500 486448 829204 330390 931883 378986 238207 342368 303127 373938 725612 462418 687585 801614 69977 964653 124726 139859 800295 531677 461512 332478 645468 375788 549208 842587 163041 629864 921880 434650 988609 744061 571797 303516 752973 473425 689778 431256 877871 524657 728110 310534 394207
398227 518756 242968 353535 870652 472205 427595 795948 326291 880787 832866 219859 759578 999999999 318979 718612 493248 496615 370127 574518 212576 636604 514336 266776 718157 142477 823958 100179 116679 795445 539597 419869 609309 624552 226709 481641 128100 624571 562887 246555 333159 607720 126550 726847 343656 425100 524217 101315 541231 123678 436904 489137 365066 773269 559044 458728 522849 378796 399270 77502 484652 249003 394524 639944 438440 518449 835518 91533 395778 475811 394768 735874 360830 831831 638079 215607 601496 302043 907294 413582 786180 780719 420465 609413 189782 455309 584683 445163 127771 238488 470619 141464 678034 501420 680473 454410 334829 267445 651462 395129
214447 282266 400527 449459 656710 391605 442607 477109 300466 709803 514664 397786 462291 318979 999999999 401266 578248 330373 453845 275946 391888 318254 453378 342770 401020 267698 511474 221646 286629 528483 349814 142175 507969 385388 234662 668992 237293 311307 468564 133133 265720 368564 240278 438172 74069 115961 222070 417666 232013 298722 253472 217315 50892 546053 451147 361712 565959 223959 316871 378848 165822 540141 182137 321005 217613 199500 639905 318296 290954 344906 539727 427667 617355 519200 329888 440173 523769 52128 589713 449831 478274 669356 430787 334502 167597 645651 299429 676515 352914 240246 159750 290723 555748 362337 389626 470651 110221 282226 456996 210610
465481 397672 775235 789925 501712 629717 675388 107370 622183 617505 115370 779011 159994 718612 401266 999999999 825980 436233 734862 250071 774303 115319 609273 660074 3389 640821 208401 619310 666405 297399 485812 318058 591325 411939 573933 977518 620314 101640 579044 491366 530310 315490 623207 186509 380969 294888 260440 818391 230269 675775 408740 337054 360615 404509 553700 529527 781470 495905 530181 780111 240365 921930 385888 98246 363559 206630 525221 703680 501605 557040 839965 90062 975660 129652 109756 801917 629588 418379 224600 697103 220551 680212 726055 227702 561037 959182 288386 1014297 730381 572047 249991 683183 590698 555492 272884 758363 432832 633933 427035 412424
775501 860351 736109 844656 657803 916610 151008 931787 780169 592447 929577 713063 764927 493248 578248 825980 999999999 395433 131077 831560 705806 809401 239414 250745 823619 379521 1011598 480186 390140 710969 921537 542049 320580 963290 353941 200400 417024 728655 296277 448998 320342 542264 415607 716688 528282 597326 779457 531680 776912 378178 418659 793565 622202 614213 316409 298733 72841 772641 298211 551293 685938 408192 458794 799071 467606 706457 599991 402490 328139 893677 123262 786465 332233 882771 716437 302607 281500 526685 1050552 133009 996576 430773 896698 611248 593980 198536 865157 291169 366583 344819 623785 623216 383582 916071 944164 934202 673396 728251 486046 425624
540771 577898 680774 755897 374408 721824 248780 543391 624128 393403 535594 668932 371136 496615 330373 436233 395433 999999999 326209 498909 661726 439674 173836 297302 433618 361212 632545 412490 391414 339515 661068 213739 185987 663000 272443 566651 368516 344181 156189 272952 170966 151850 370092 323650 256485 275715 455138 589374 441767 392252 77038 497910 348835 282854 133125 97053 346010 553504 124025 574043 351757 602564 148253 425357 119309 359821 339611 430954 109610 672034 432843 391233 610947 487406 326686 462748 212678 288179 660184 274440 625657 339276 755622 215964 453931 552598 540863 623865 433157 262010 280102 553868 225774 687317 600610 795936 439727 594714 155020 122392
646358 734814 611627 718062 648022 785542 95462 837964 649291 608618 843654 589533 694528 370127 453845 734862 131077 326209 999999999 715190 582153 705431 216649 119704 732812 249496 909811 349954 262121 662311 793218 433944 318562 839163 224615 243584 286468 634600 279866 322350 208600 478055 285145 648103 409551 484670 662102 420160 662135 250925 327872 670707 499762 583905 291482 232985 153144 642624 208519 433569 573109 333923 353776 697185 371315 596452 595944 278603 234782 763198 107091 706180 299597 805617 627164 204098 291039 403150 957806 67189 890584 467178 766781 533909 462904 227419 746402 298665 246962 216271 515638 495455 390592 785795 829023 804604 545345 597791 449293 323687
233896 147791 566623 560668 702027 381799 685640 266943 394727 796979 330351 575978 391942 574518 275946 250071 831560 498909 715190 999999999 572673 135512 661881 611842 252186 543331 256236 485873 560912 514573 236222 295502 682971 179354 506237 940809 511479 230015 655000 405535 511240 445170 514437 398574 305791 235676 54064 664967 57204 573477 437347 100495 225152 592355 631978 568722 806687 265646 542629 619480 149126 810378 378873 155202 385542 139899 709748 590043 512583 308524 808324 327046 892893 376960 265836 715938 711587 319421 354243 698981 213296 814497 484717 364117 389988 918214 45855 952194 626939 510006 219347 499240 707796 305726 114494 514465 243019 419435 562692 413862
346397 468088 32552 147517 1025883 329919 634532 829172 203294 1054740 880658 7547 853285 212576 391888 774303 705806 661726 582153 572673 999999999 672086 710903 474632 774779 342765 828102 256227 322846 917656 451109 527481 799393 558418 412963 680754 314914 695247 753309 389323 515757 745042 314795 830060 448211 507490 533620 205624 559043 332477 591505 473283 419815 920329 745728 643759 734407 316391 584265 165253 535244 406980 533158 681895 577322 568243 998804 303773 573978 363315 605026 814212 535921 899759 717932 420221 797101 403651 926366 622724 781946 971978 239855 723895 225056 654606 565901 628806 339688 425620 549774 108153 864222 387911 657765 265297 342187 157566 811547 545406
352726 282652 670714 679053 583287 514420 658883 160071 511281 687823 209132 676351 259228 636604 318254 115319 809401 439674 705431 135512 672086 999999999 612094 616583 117223 576025 204803 539900 598810 387704 371721 271918 613668 304922 520121 943109 550536 112428 593070 427510 496853 351357 553511 271360 316300 229491 146699 733843 117179 609634 393632 222430 271691 477538 568412 523901 773622 383642 511528 692510 152664 854872 352113 21406 342734 119940 597661 633389 481394 441721 806491 192507 921099 244087 146349 744311 647592 346204 271719 677028 187630 726220 611909 262940 466979 922716 176086 968955 664601 520613 191357 586301 626426 440339 181827 643701 330129 526780 469888 384117
667479 724394 735651 827731 432809 836916 121222 716578 720400 394051 705827 718436 531514 514336 453378 609273 239414 173836 216649 661881 710903 612094 999999999 256379 606589 372421 806353 455391 397842 471585 800767 367535 103626 817166 298406 430376 396245 518016 63317 353036 202803 308698 396550 482793 385585 429495 614690 589606 604795 392524 224558 647803 484687 377427 78428 94075 179179 674119 138689 588883 512849 543513 286987 598391 276533 525392 379579 429897 162489 796815 310122 559585 515882 652408 500007 405613 87184 403239 832575 150041 798764 267899 849474 385432 534804 421727 701630 505329 414438 285736 442991 608849 176484 815239 767755 889594 562262 680166 246974 252322
528407 620757 502667 605554 658059 665869 160819 758719 530236 642929 772849 482132 643149 266776 342770 660074 250745 297302 119704 611842 474632 616583 256379 999999999 658405 133882 821203 232766 151855 634459 675991 346126 357467 726405 108627 329339 168805 558455 312173 209676 135993 441793 167766 599939 307440 389153 558028 334166 561141 143191 271119 560005 390870 577168 314298 224900 263511 523742 174824 337504 475633 306017 274480 610852 303117 502093 613132 177485 188713 643836 197079 643868 321515 744731 556690 165578 342709 294030 878442 148217 797560 524069 649312 480121 343315 307505 640076 354361 158133 102569 425247 382156 429467 666607 726308 687585 428865 479570 443735 251378
466814 399718 775852 791019 498349 631543 673064 110152 623300 614116 116375 779513 156750 718157 401020 3389 823619 433618 732812 252186 774779 117223 606589 658405 999999999 639785 211667 618789 665450 294080 488033 316750 588329 414620 572591 975535 619451 100065 576178 490381 528443 312425 622340 183125 380114 294196 261964 818011 231747 674769 406531 338678 360643 401121 550831 527035 778940 497178 527964 779868 240566 920889 384149 99806 361529 206912 521833 702803 499440 558920 837986 86800 974220 128325 107278 800604 626646 417728 227020 694849 223938 676930 727546 224748 561148 957253 290738 1012590 729345 570637 249210 683390 587529 557501 275910 759952 433442 634750 423827 410520
420134 525150 369957 471707 735429 541249 292021 729708 401663 739972 756157 350301 656832 142477 267698 640821 379521 361212 249496 543331 342765 576025 372421 133882 639785 999999999 775606 100695 30425 675969 568867 325194 466832 632895 88860 417562 39214 541243 420410 149691 193275 483960 37174 619368 261204 348754 489618 228564 499342 35502 308606 475321 318587 642092 416757 316924 397219 410498 257798 218751 425087 281109 279155 574854 320013 456336 697714 70964 256537 525999 302831 643144 349659 742676 548125 172635 459501 230390 846640 281744 744772 638324 517314 498810 219604 392466 564160 411993 89560 99298 391947 248299 535674 549951 656374 555114 329544 348816 516094 271568
484884 375659 820832 805821 698692 603045 860710 113321 643864 820199 176767 831193 354228 823958 511474 208401 1011598 632545 909811 256236 828102 204803 806353 821203 211667 775606 999999999 730936 796878 492098 439474 476672 796249 332892 723547 1147907 747903 288547 781057 628797 701322 522159 750893 389775 518663 432993 301474 917382 282730 808335 593689 354820 461863 608011 755859 721478 973014 516343 713388 873056 350757 1051567 556146 212833 544004 320859 727631 829676 683508 531015 1011238 289359 1123016 260603 310316 945763 833267 545250 110066 879792 52903 888577 718261 433061 643621 1127510 264442 1172959 863081 724484 396094 755237 798486 519946 184303 742495 497832 673365 635228 587455
333263 446344 280272 375881 783745 442246 386783 698559 301341 802984 733856 263722 659835 100179 221646 619310 480186 412490 349954 485873 256227 539900 455391 232766 618789 100695 730936 999999999 96449 699094 480702 320072 543192 554003 157020 509309 63999 524646 497086 149789 259781 513894 65010 627736 243489 325254 433996 201393 448813 110451 347436 406630 269545 683092 489764 387834 496152 319821 328216 170789 387403 325005 299283 542359 343748 420909 751977 110125 319129 430857 401013 635696 418709 731748 537910 250007 541214 201980 811300 379021 695140 715778 416866 511173 124328 483574 500195 492100 152728 169692 370739 153849 608482 455414 595149 454910 253752 248122 565798 303525
426462 535442 351188 456025 765528 538271 312294 753743 396220 768797 781775 330336 685604 116679 286629 666405 390140 391414 262121 560912 322846 598810 397842 151855 665450 30425 796878 96449 999999999 706140 574732 352216 493730 643331 119199 413195 49440 567404 447357 175136 222896 514273 46477 648585 285797 373068 507548 198853 518637 14128 339006 489261 337314 672470 444480 345340 412708 414682 286558 191393 447065 256331 308620 598358 349858 478910 727451 40696 286225 527149 305371 670743 332809 769948 575211 158224 485022 252607 870003 299879 764810 664652 507551 528207 220280 387573 579869 400269 66295 129411 416887 233370 563181 551602 673104 544527 340328 341409 546232 301722
679853 651073 928349 974449 206593 863421 576909 378936 815161 331689 327966 923934 138718 795445 528483 297399 710969 339515 662311 514573 917656 387704 471585 634459 294080 675969 492098 699094 706140 999999999 743896 390189 407580 691283 589550 897049 672245 284846 418180 549468 501593 193657 674509 116425 469732 416934 501608 895036 473331 710231 369630 575187 512180 128866 395842 429331 648694 705047 463419 869702 426871 936670 400994 366301 357551 405972 239888 746835 445860 796051 767376 207622 950457 246297 249248 798720 450875 514539 461513 604899 514506 432833 937527 194035 692786 885363 559129 960965 757608 581699 381377 812445 374597 801156 565229 974765 609213 807514 226910 404418
148767 92925 433113 385734 921494 164796 791161 487437 247832 1004502 556750 451520 626555 539597 349814 485812 921537 661068 793218 236222 451109 371721 800767 675991 488033 568867 439474 480702 574732 743896 999999999 447946 845800 115233 568642 986411 530302 459925 809957 472920 615212 646934 532768 629387 415185 387517 242394 605752 270648 588833 587831 172616 316264 809373 790236 707645 914235 161592 665979 555902 330575 788509 517982 391347 541798 342503 921917 590090 639119 96825 867693 562885 896144 610941 495038 730709 866375 401696 548964 796567 386953 996493 284914 576731 357392 961213 198332 972666 633318 577058 396858 419141 884486 81095 255367 304978 248152 298367 757944 550976
334634 364163 538694 591583 515048 520165 393311 413288 441088 573431 432877 533787 339763 419869 142175 318058 542049 213739 433944 295502 527481 271918 367535 346126 316750 325194 476672 320072 352216 390189 447946 999999999 399489 451225 255901 671278 308663 217123 366438 178018 225391 226650 311418 308732 79911 62502 247216 521177 238872 360553 144186 284410 142599 404014 345138 273829 512626 351461 248015 489694 146556 605715 83945 265024 94641 164457 500260 391022 217765 464934 534575 318920 657971 417747 223001 483860 423332 124803 532720 409059 456689 548991 570182 196711 302743 651093 334240 700033 414509 254321 81920 422446 436614 478367 404778 609615 240683 424392 320740 118629
721423 763592 822554 909346 337913 898607 223281 697902 791280 290591 676830 806876 489858 609309 507969 591325 320580 185987 318562 682971 799393 613668 103626 357467 588329 466832 796249 543192 493730 407580 845800 399489 999999999 848854 387140 518902 487154 509880 46430 425852 283917 276562 487792 441372 435567 461631 640437 688548 626016 489554 258057 683822 531437 298187 57032 156739 251186 731884 215414 685108 536996 647119 328755 597361 304868 543255 281666 527689 229742 852490 406836 529218 616477 614184 485935 509174 43305 461457 808813 251434 795483 172586 922110 363729 610759 513031 725626 600209 514885 374587 465180 694809 72865 868906 781632 962478 618185 755570 182438 297635
226968 107889 542619 500535 881165 278759 824433 394499 356511 975943 466581 559445 564039 624552 385388 411939 963290 663000 839163 179354 558418 304922 817166 726405 414620 632895 332892 554003 643331 691283 115233 451225 848854 999999999 617781 1047722 596009 408042 817437 517287 646793 622444 598723 574898 438466 388733 210404 699303 230605 657142 595379 170764 341470 771697 795641 723094 947622 250416 688960 649995 312981 872640 530182 326126 545350 313246 889029 664039 660091 212035 922409 496366 972711 529580 443881 801464 874340 436642 442958 833657 279989 987808 399945 543042 435998 1023384 133574 1043584 705742 624412 384638 515315 878983 195360 153139 418717 303373 402352 738892 564946
421794 512172 437290 530631 646766 566738 238205 668095 436601 654126 688581 420480 577070 226709 234662 573933 353941 272443 224615 506237 412963 520121 298406 108627 572591 88860 723547 157020 119199 589550 568642 255901 387140 617781 999999999 434917 100477 472778 340858 101582 106507 396759 101393 537726 205329 290698 452237 317001 457013 121329 220790 451684 283439 553279 334760 233341 355651 418765 173573 304093 374401 354898 198134 516304 236292 402801 609720 159293 169119 540250 305159 568320 402395 668812 475874 228083 384215 187060 786893 235957 697165 559633 561083 416657 247670 412040 533053 449719 168522 12673 330293 310484 453831 562352 620710 600481 320948 390265 427392 186085
837692 940504 713167 827776 856770 947781 320332 1079729 803108 792641 1086983 687128 936890 481641 668992 977518 200400 566651 243584 940809 680754 943109 430376 329339 975535 417562 1147907 509309 413195 897049 986411 671278 518902 1047722 434917 999999999 456143 876807 490867 536333 448157 718094 453711 889974 636774 717614 886890 480399 890460 399086 571417 884940 718271 807803 508773 470847 273032 827416 451886 515603 804693 300735 593879 936104 614067 830484 799601 405370 478364 940149 137557 949735 181254 1049047 870324 266381 481035 621965 1199670 292945 1125928 629064 902032 777078 633455 26334 967934 103457 361552 430804 751984 622990 583569 964719 1055303 935382 745320 745604 676320 565346
381635 488162 340618 439009 742591 502329 323386 706195 363395 753967 735649 322458 645170 128100 237293 620314 417024 368516 286468 511479 314914 550536 396245 168805 619451 39214 747903 63999 49440 672245 530302 308663 487154 596009 100477 456143 999999999 522097 440796 130646 206700 482413 2990 609641 239345 326097 458108 223698 469279 62224 309743 440446 287931 645825 435159 333816 432154 371542 274050 205542 398484 304340 271843 550516 314713 430597 707520 83407 268615 486791 342034 627582 382010 726109 531251 206543 482773 204461 821965 315126 715535 659500 480617 490179 180425 430912 530646 447816 115648 112818 370414 216059 554250 510762 623740 518796 292686 311323 523371 269204
410047 367392 699078 724820 473979 587263 577729 203611 558803 575805 215804 700452 170847 624571 311307 101640 728655 344181 634600 230015 695247 112428 518016 558455 100065 541243 288547 524646 567404 284846 459925 217123 509880 408042 472778 876807 522097 999999999 492926 392278 429151 241266 524952 169508 283241 199496 218526 725165 189388 576390 310195 294203 275880 366492 467813 434614 686716 438245 431478 688759 162684 822226 284381 92486 263443 133212 486082 605277 402426 517388 739255 119473 874209 207990 35851 700842 545821 322725 323266 598609 285689 615519 672209 151854 476009 858210 275015 912710 630764 470683 153963 599329 517974 520375 293983 707223 359180 563021 359077 311477
682705 729493 776653 864248 369711 857962 184490 686274 748263 332833 669926 760799 488558 562887 468564 579044 296277 156189 279866 655000 753309 593070 63317 312173 576178 420410 781057 497086 447357 418180 809957 366438 46430 817437 340858 490867 440796 492926 999999999 381848 238145 268735 441418 439719 397154 428915 610659 642450 597832 443267 222859 650608 494372 317973 25360 111960 230959 692109 169762 638725 507423 604870 291977 577778 272088 516008 316262 481470 185610 813458 372940 522484 579188 611594 471454 466052 56904 420914 799751 213353 777383 218777 878793 351859 566487 483154 696700 567854 469206 328289 435956 648979 117296 830472 756608 919129 578712 711548 191440 259482
328617 412481 407842 485619 638164 486383 320438 580160 367539 666351 606730 396452 515460 246555 133133 491366 448998 272952 322350 405535 389323 427510 353036 209676 490381 149691 628797 149789 175136 549468 472920 178018 425852 517287 101582 536333 130646 392278 381848 999999999 151515 364403 133406 481127 111662 199242 351480 347174 357499 184436 202338 350329 181938 535283 369507 269941 442586 329376 214922 320235 278124 430693 149595 425670 194166 308326 609571 213256 196253 452430 406595 496937 494219 595543 400692 317024 432680 86138 697432 324015 600134 596164 497338 362962 185016 513259 431605 547694 239177 107243 242256 281254 484565 473116 519914 537611 224872 329741 422377 156665
475151 546679 538650 626739 543413 637704 177663 631669 517965 547635 641462 523220 507218 333159 265720 530310 320342 170966 208600 511240 515757 496853 202803 135993 528443 193275 701322 259781 222896 501593 615212 225391 283917 646793 106507 448157 206700 429151 238145 151515 999999999 308108 207748 463955 208946 277719 459135 421730 456820 222549 135224 476191 305543 453797 229995 128053 300970 478521 68533 410477 366400 435143 145764 488827 168801 388530 504560 261516 63345 601741 310768 509449 457443 610166 424652 297456 285297 213640 751621 188114 682077 456417 646719 344178 332007 429132 545008 485768 262192 94693 307178 410892 348730 621589 624079 686815 369869 477381 324553 118065
552563 556128 759021 817400 288468 739667 398963 421584 667589 357586 401398 751730 223043 607720 368564 315490 542264 151850 478055 445170 745042 351357 308698 441793 312425 483960 522159 513894 514273 193657 646934 226650 276562 622444 396759 718094 482413 241266 268735 364403 308108 999999999 484542 174531 300465 272012 413611 706008 391841 517822 176231 474676 365774 177544 243541 247356 487347 572671 273526 683320 316599 743072 214876 332777 170242 309768 277447 554919 253795 679439 584674 253829 759930 343927 213226 605451 316096 343405 532417 425399 525333 374881 796108 89792 523205 704340 490668 775476 564402 388574 251349 637703 277205 689750 529224 835277 465210 650487 118824 213247
384122 490869 340680 439526 744238 504149 322885 709148 364961 755143 738545 322341 647787 126550 240278 623207 415607 370092 285145 514437 314795 553511 396550 167766 622340 37174 750893 65010 46477 674509 532768 311418 487792 598723 101393 453711 2990 524952 441418 133406 207748 484542 999999999 612177 242240 329021 461073 221662 472262 59322 311675 443307 290912 647676 435945 334690 431198 373890 274942 204030 401467 301363 274208 553478 316995 433573 708989 80493 269815 488935 339988 630338 379093 728900 534043 203702 483149 207428 824934 314369 718522 660088 481803 492656 182437 428451 533560 445053 112668 113652 373318 216449 555045 512945 626678 519909 295417 312673 524985 271313
572170 536766 838084 876120 315961 753326 572259 278839 713489 431362 241112 835949 48852 726847 438172 186509 716688 323650 648103 398574 830060 271360 482793 599939 183125 619368 389775 627736 648585 116425 629387 308732 441372 574898 537726 889974 609641 169508 439719 481127 463955 174531 612177 999999999 388066 322879 387588 827930 358767 654650 328888 462355 415012 218546 414955 420402 661698 598689 440492 798011 319137 891943 340363 249954 301727 295340 338939 688897 417201 684657 755143 100454 921222 172834 134419 758811 483064 432634 376358 598089 406715 505214 832461 121120 605429 875305 442927 943197 705589 531866 282631 727721 426453 688667 449777 868790 508651 710544 262862 353107
285856 340620 460198 517404 587263 465343 386291 468524 372958 636704 496305 454603 417634 343656 74069 380969 528282 256485 409551 305791 448211 316300 385585 307440 380114 261204 518663 243489 285797 469732 415185 79911 435567 438466 205329 636774 239345 283241 397154 111662 208946 300465 242240 388066 999999999 87582 252556 444871 253864 295661 179716 267710 99292 477828 378962 292570 509294 297195 252042 411705 169089 541921 108241 314065 143937 197806 568300 322720 224334 416955 503047 392283 604836 489029 294667 428021 452925 44898 585798 396834 491847 595636 503813 276544 223993 614834 337210 655043 350547 207242 131126 342725 482048 433433 419933 543824 183346 351053 384185 137945
281012 302401 515208 557555 559108 467948 450284 380955 400294 625794 410020 513285 346331 425100 115961 294888 597326 275715 484670 235676 507490 229491 429495 389153 294196 348754 432993 325254 373068 416934 387517 62502 461631 388733 290698 717614 326097 199496 428915 199242 277719 272012 329021 322879 87582 999999999 185935 525673 179912 383115 206651 222197 95955 446628 407514 335607 571028 300660 307008 489661 88685 629318 143678 226609 156963 112942 549075 409500 277036 409530 582222 313241 691750 407129 215162 515222 485813 123589 498271 464433 408431 608984 526398 224247 283547 696417 273022 739967 438036 291492 45535 406660 497194 421569 346987 565029 195036 390583 374610 178758
206089 149498 529822 532951 680852 371770 634416 296729 365340 769340 353846 537377 387620 524217 222070 260440 779457 455138 662102 54064 533620 146699 614690 558028 261964 489618 301474 433996 507548 501608 242394 247216 640437 210404 452237 886890 458108 218526 610659 351480 459135 413611 461073 387588 252556 185935 999999999 616274 30419 520012 390634 77301 171226 569418 588202 521045 756028 237150 492638 571631 103441 757981 329613 162195 339384 103879 684260 537194 462794 300413 754633 327415 839243 389999 253173 662185 667465 265374 393777 647120 261971 777411 465625 337652 342152 864242 87092 898171 573661 456090 175272 455040 668829 302171 168475 498053 196773 383956 529104 364692
472652 596471 238048 352715 963752 515221 491443 893636 372575 967057 932252 211170 860869 101315 417666 818391 531680 589374 420160 664967 205624 733843 589606 334166 818011 228564 917382 201393 198853 895036 605752 521177 688548 699303 317001 480399 223698 725165 642450 347174 421730 706008 221662 827930 444871 525673 616274 999999999 635008 200406 533247 575327 462209 868882 641173 543336 572275 449306 485018 49907 582703 201816 494069 738011 537592 616679 926258 161531 485043 531748 419856 837004 330311 932653 739141 231205 676428 402957 1003461 473108 877855 857499 441466 710135 275164 454606 671590 423612 176870 327811 571208 186934 759186 557511 767472 469704 422471 314309 744367 492862
235648 178010 556192 561914 654983 402138 630196 270201 394169 745985 325367 562996 357774 541231 232013 230269 776912 441767 662135 57204 559043 117179 604795 561141 231747 499342 282730 448813 518637 473331 270648 238872 626016 230605 457013 890460 469279 189388 597832 357499 456820 391841 472262 358767 253864 179912 30419 635008 999999999 530718 380244 107709 181378 544082 574854 511736 750785 266479 486455 591273 92320 771253 322494 132052 328394 83572 659968 549721 456325 330653 756897 297122 848836 359882 224393 671447 654440 271569 370869 644126 246643 759046 495798 313373 362414 868288 100173 905176 584915 460061 162145 477792 651687 332043 167263 528377 219388 411073 508537 357405
440538 549255 361280 467172 765860 552043 303990 763994 409738 766651 791131 339935 692262 123678 298722 675775 378178 392252 250925 573477 332477 609634 392524 143191 674769 35502 808335 110451 14128 710231 588833 360553 489554 657142 121329 399086 62224 576390 443267 184436 222549 517822 59322 654650 295661 383115 520012 200406 530718 999999999 342046 502574 349498 674075 441165 342932 402233 428808 284695 196408 458195 246285 314354 608854 354882 489803 726872 39045 285858 541220 291867 678619 319796 778108 583517 144588 479691 263544 880591 290616 776695 659867 520271 534009 234378 373454 592867 386442 54984 130636 426607 245047 559552 565690 685892 557050 354045 354662 546757 305986
464745 506646 609276 681283 436486 645026 267662 513649 547423 466672 515996 598590 372695 436904 253472 408740 418659 77038 327872 437347 591505 393632 224558 271119 406531 308606 593689 347436 339006 369630 587831 144186 258057 595379 220790 571417 309743 310195 222859 202338 135224 176231 311675 328888 179716 206651 390634 533247 380244 342046 999999999 427834 273607 336411 202450 132087 380008 476887 121445 513651 288379 568050 71534 381913 52140 301149 407299 379536 93211 596003 434287 378836 592336 478887 300013 431908 279664 211258 632909 288488 581257 415925 678900 209767 379573 554449 477414 616999 388173 212385 218479 483371 302332 611725 543581 719189 363053 518972 220057 46663
133749 81719 466505 461133 749254 294510 653790 365914 294584 832156 426705 476402 464149 489137 217315 337054 793565 497910 670707 100495 473283 222430 647803 560005 338678 475321 354820 406630 489261 575187 172616 284410 683822 170764 451684 884940 440446 294203 650608 350329 476191 474676 443307 462355 267710 222197 77301 575327 107709 502574 427834 999999999 171363 636969 629528 553757 776927 165455 518411 528447 158106 731223 360995 238880 379045 170655 749307 514543 489706 223463 756842 404623 821864 466398 328194 646965 707462 267561 454579 663374 309319 829080 389550 404279 300704 861194 96325 887279 554021 457528 225920 403734 718212 226320 192150 421335 154347 319177 586821 395489
192786 241691 425064 462387 653785 377603 483201 431429 304342 715941 472308 425189 434728 365066 50892 360615 622202 348835 499762 225152 419815 271691 484687 390870 360643 318587 461863 269545 337314 512180 316264 142599 531437 341470 283439 718271 287931 275880 494372 181938 305543 365774 290912 415012 99292 95955 171226 462209 181378 349498 273607 171363 999999999 541614 475304 391403 606507 208863 351243 421507 121101 590158 202706 276025 231002 155223 641687 368458 323626 323766 587950 394487 668245 482269 298170 491063 550557 96938 542273 492194 427863 687553 430903 320080 200769 695153 249675 727130 403576 288332 132384 323730 574341 338511 339013 469776 99529 295877 463331 234983
725036 716963 935187 994933 112927 911989 492419 496240 844569 213004 451414 927130 255640 773269 546053 404509 614213 282854 583905 592355 920329 477538 377427 577168 401121 642092 608011 683092 672470 128866 809373 404014 298187 771697 553279 807803 645825 366492 317973 535283 453797 177544 647676 218546 477828 446628 569418 868882 544082 674075 336411 636969 541614 999999999 299046 356467 547520 746593 402367 850062 480261 883185 387495 456571 343091 467023 120954 712484 392111 849349 684694 318720 880674 372372 331421 742589 340931 520387 586327 521420 625011 304269 972465 232697 699846 798813 638127 880222 715966 543461 421049 812563 254367 857961 659208 1011388 641141 828030 135050 379568
664800 708849 768342 853748 356540 841624 196930 660923 734430 328633 644648 753184 463805 559044 451147 553700 316409 133125 291482 631978 745728 568412 78428 314298 550831 416757 755859 489764 444480 395842 790236 345138 57032 795641 334760 508773 435159 467813 25360 369507 229995 243541 435945 414955 378962 407514 588202 641173 574854 441165 202450 629528 475304 299046 999999999 101971 252854 675021 161567 635485 484851 611622 272609 552974 250552 492721 305247 479753 173784 795799 387826 497237 591057 586642 446172 471842 79778 404459 774400 226076 752442 227191 865337 326499 554501 500131 673987 583251 469760 322345 413223 640474 119106 812381 732834 905713 561369 699124 169755 241020
576140 630542 666409 752615 433254 748558 151858 636190 636719 423738 631212 651214 468065 458728 361712 529527 298733 97053 232985 568722 643759 523901 94075 224900 527035 316924 721478 387834 345340 429331 707645 273829 156739 723094 233341 470847 333816 434614 111960 269941 128053 247356 334690 420402 292570 335607 521045 543336 511736 342932 132087 553757 391403 356467 101971 999999999 252156 584007 59790 535576 419605 529450 192913 511225 184225 433194 388558 381837 73822 706182 338544 487733 525064 584361 419771 388555 163714 312532 754013 178044 711301 328821 767064 312534 454526 457572 608054 531634 375249 221040 350354 538559 220714 724024 675618 807381 471309 599605 221594 158268
