NAME : synthetic_000420
TYPE : CTSP-D
DIMENSION : 100
GROUPS : 8
RELAXATION_LEVEL : 1
EDGE_WEIGHT_TYPE : EXPLICIT
EDGE_WEIGHT_FORMAT : FULL_MATRIX
EDGE_WEIGHT_SECTION
999999999 171424 629879 859959 191065 935805 661972 700561 589356 317502 440830 859739 645687 303824 965800 330929 641149 906864 971299 591350 646525 498001 928224 355861 930928 404502 805532 758723 774825 811342 833602 544915 812428 451814 821197 878223 1078368 638243 837407 680516 649684 485269 910221 814654 560559 841018 342694 799895 250278 234361 622057 17380 691028 1050873 502753 933291 522758 537073 315708 755079 1030515 865723 812738 235071 869079 361972 304364 593577 273168 831322 838321 953503 266312 892470 984772 311327 879448 320718 505972 323088 740010 406998 881556 266103 861112 1089060 842062 760053 234388 779703 474707 810375 362985 446298 1133965 417415 421641 723791 69527 839764
171424 999999999 652419 775533 257237 850423 814611 817847 689501 389204 547663 829122 640993 466207 944307 225691 542585 860348 910383 705322 670741 395984 926523 298486 867156 454417 784732 791994 771012 833703 779702 703460 908783 605959 798648 771924 1100588 779267 733002 821667 716443 347057 944678 917014 441389 912965 418817 815392 381950 73123 556699 171912 622519 1101485 481340 849713 587701 494357 411644 802150 1095638 903034 800241 143909 883931 525163 351765 752777 394213 929071 759897 997663 143774 818595 999281 392776 845292 391921 384879 475859 629810 352744 970426 94704 849860 1127321 780980 819814 393131 836374 635564 807697 515779 432799 1180400 488064 513757 613432 102471 884392
629879 652419 999999999 493228 438820 547603 645074 442382 311495 324774 334895 306536 102190 581644 374317 492169 450566 389770 485509 377740 18766 446796 308016 384721 464428 230917 237987 142392 171369 182630 362624 631571 407054 560651 254580 596086 450669 549192 562632 572660 181803 572328 293119 437017 512614 326923 309323 170291 463025 711069 322074 612503 348343 458876 208548 538794 175555 253297 357449 172699 474158 253483 222139 520754 239292 600708 325619 662317 429088 427145 456356 351366 550383 473617 354893 339712 331855 321639 511734 528137 535874 345796 426337 680758 260562 475921 393554 218579 555650 223427 620074 199626 532212 232771 532781 247009 294144 529108 626666 242857
859959 775533 493228 999999999 711597 75855 1124171 935551 800042 678399 782416 278522 391506 966497 368436 550030 237000 213980 181394 864330 499553 380625 448715 504264 140627 609672 315761 555317 390215 520382 158459 1088059 886476 1000647 309746 126294 657395 1032732 116495 1060038 673958 471679 621175 919893 357143 775426 684018 484568 824527 794232 245270 845489 178794 787199 409902 74199 644911 348633 734630 617609 851351 614164 356039 640330 505106 1005334 637393 1126207 798339 904724 37180 693728 631782 69294 560006 700586 266536 676678 408010 925971 190994 455044 886470 739327 374386 747618 122625 678711 912856 671769 1059084 401880 945296 461306 821834 662533 728155 202274 816718 638633
191065 257237 438820 711597 999999999 786467 588427 562457 432268 135013 291565 678373 458291 287046 780383 258007 514953 732113 803712 449670 455466 387766 738526 223078 765754 215001 621164 568499 586147 620339 664076 492741 652117 390834 637261 750163 887562 538704 708604 580464 468819 424995 720528 659825 464603 663804 163679 608880 156330 329191 466876 173692 535260 865335 325279 782513 339970 370276 155115 567527 850528 676401 625831 193334 678043 340677 113336 541608 153691 672259 685607 765887 240897 735000 793711 135964 699304 137997 418258 269847 621350 261424 715347 326689 673567 900414 676798 576741 218120 595298 434394 621287 305138 267686 947376 236219 256604 606074 197030 651917
935805 850423 547603 75855 786467 999999999 1185742 989218 857675 749908 847972 299252 447600 1038572 368182 625103 309891 218553 152371 922914 552077 454939 461553 580085 125560 678536 348634 595513 427659 553594 191445 1154035 930689 1068415 339419 143562 661166 1092767 155451 1118619 725835 541120 645276 965146 427124 813199 754424 518661 897045 867802 319675 921319 252041 803792 480794 10909 706074 421375 805507 659183 874126 643409 387128 715863 529947 1076300 710274 1191101 870260 948134 102119 716175 706649 76200 570428 771994 281852 748090 479498 997020 250403 530683 925062 812442 396533 756857 156587 721070 986094 712080 1127202 433495 1015328 533515 831027 729748 794623 263859 892488 671727
661972 814611 645074 1124171 588427 1185742 999999999 256628 336384 510083 352506 946603 740143 362255 987905 837586 1008233 1033316 1130177 269497 645204 923593 889932 767748 1109382 536772 878426 659700 802244 728301 1006401 127063 412794 210159 894124 1209427 904851 99559 1170906 97763 487353 997256 740078 383951 1005874 542100 488313 747455 437236 886227 905675 653727 956765 770125 733723 1177724 479685 801770 455695 604305 694362 701523 854463 781759 790316 309004 567439 91961 434736 416028 1088757 728856 829315 1114235 867546 491248 972002 509746 972341 339714 1113458 777808 488042 900813 880326 848852 1035655 554737 427663 576668 198518 818802 299627 698630 849812 476170 409640 1101602 719407 657232
700561 817847 442382 935551 562457 989218 256628 999999999 150230 441738 270965 725014 544090 456862 750616 769988 862671 814975 913759 112821 437144 809924 647106 677778 898807 421093 659051 422470 579148 487786 801413 320306 162076 324784 673396 1035306 648503 163081 1000043 160818 264012 909182 486373 140990 889419 285477 412514 511485 450307 890611 744228 687248 783313 515851 585034 980170 311996 650506 407403 362001 445286 449838 629819 741845 546235 428070 494203 320475 429071 170389 898720 472336 787324 914487 615248 431707 749918 439823 868138 407379 960192 669934 241519 888520 648706 592962 833905 306763 492629 327090 360569 589699 377099 566976 597345 363108 313462 950839 740308 405406
589356 689501 311495 800042 432268 857675 336384 150230 999999999 303543 148819 610313 410076 394094 654012 624156 714723 697490 794845 66923 310103 659697 560219 529455 775504 272453 542248 328882 465869 398708 674113 345610 223075 303598 557849 894600 608737 238657 858200 261208 153748 759961 432888 227705 739224 277970 273663 414536 345173 761205 598773 574453 641374 513694 436307 849140 163339 502533 279139 279916 466876 389476 518109 602283 463050 384127 352252 366635 317455 242167 763713 441967 646533 784450 552466 297111 635698 301235 718053 337747 813872 520060 294114 754041 544896 576695 704744 242482 408872 266218 356574 483018 319425 416821 599595 216541 175925 804022 620418 347559
317502 389204 324774 678399 135013 749908 510083 441738 303543 999999999 174566 595476 365559 289073 686591 334690 516133 660687 742295 329666 339555 415854 631805 257673 708721 94007 532607 444589 485484 501322 603055 436214 519967 338133 549417 738470 765595 444196 697549 483809 334385 488443 594517 529644 497960 528884 29917 494114 150364 459696 436584 300562 499850 733523 269205 744295 206034 330383 58713 437767 716146 549561 530312 300158 562263 327194 57517 481613 120849 540438 647819 636119 345623 689483 676417 22325 618508 3245 462448 247807 624174 270945 581366 450544 575335 772071 621987 443387 243646 462588 392492 518462 270022 217466 816470 101384 128654 610564 331577 522505
440830 547663 334895 782416 291565 847972 352506 270965 148819 174566 999999999 639805 414645 266481 707088 508712 655762 719038 811015 158146 341866 574720 628603 425719 784421 184278 571686 407007 505723 474892 678535 306097 371730 226450 588503 860841 715969 275722 821590 313362 247090 658557 537888 374238 656793 415888 147088 480513 196949 620206 555776 426120 610099 644339 382790 840752 160225 450625 136462 375478 607117 492194 556967 472799 540695 272515 230327 343930 168643 390500 748258 561213 518998 779782 644311 162002 664873 173117 626733 209254 761269 429269 442572 617583 593529 698967 704282 356830 267317 379841 286075 531374 203291 346131 730209 123855 57137 749255 474007 455295
859739 829122 306536 278522 678373 299252 946603 725014 610313 595476 639805 999999999 231383 874408 121184 617873 395732 91146 190000 677235 303142 487804 171534 530637 183688 505825 68619 309464 145910 258575 121721 938060 645491 866162 52489 404460 384671 848847 387633 868499 463371 614094 346155 681417 511405 520031 588668 225424 744330 869923 296837 842937 255373 508822 357191 288520 481792 334805 640591 373817 575552 344845 95838 685273 230696 899495 575388 968159 712168 661425 246054 417560 696317 225574 283112 614793 25431 592779 542502 823899 421266 476494 632022 824413 97369 470373 156216 435716 838246 423482 925724 139942 832258 413457 544403 539925 595205 424322 836583 375254
645687 640993 102190 391506 458291 447600 740143 544090 410076 365559 414645 231383 999999999 643071 322903 454937 359391 305065 396420 475450 111031 377912 286117 352033 371177 274728 167076 205720 130596 213940 266625 718139 506340 640734 183933 494050 467389 645880 460976 671082 283936 508185 336247 537316 434932 415612 357574 186001 513478 692449 229236 628477 248184 512520 162658 439083 262268 182436 409343 254859 543285 305476 167562 501193 249836 669043 350219 751716 481058 525997 354762 404123 523247 374636 361952 384308 255352 362767 442488 592905 438535 304146 520095 655223 215454 513304 295542 309159 607418 309363 700375 167093 602365 208288 577759 309309 366925 432796 631403 308246
303824 466207 581644 966497 287046 1038572 362255 456862 394094 289073 266481 874408 643071 999999999 955347 542865 791091 944824 1029282 365814 592186 672129 885851 506256 996764 370308 808753 670791 751882 737171 890716 241614 599885 154814 825758 1020790 982409 354843 979442 395320 513450 710558 804352 590798 750554 671919 288552 739469 142884 534956 723041 297741 787729 905866 558157 1033106 417015 617904 236164 641839 860777 758631 800672 466038 802492 58996 330063 289921 168352 614850 936454 826537 511377 978555 908925 267285 898410 291072 705183 57368 899005 537042 678032 557631 841812 963882 910581 622162 74432 645434 170888 781269 79763 505209 991895 335876 290507 884377 366185 721702
965800 944307 374317 368436 780383 368182 987905 750616 654012 686591 707088 121184 322903 955347 999999999 736456 514251 154482 225083 719963 365527 608967 112391 646239 242628 593903 160728 329041 203466 262939 226176 993952 647782 930662 145916 493473 293006 888562 483640 903107 500904 735171 308641 685009 631670 510800 676089 240543 832009 987346 418019 948744 375025 444962 466619 357359 546867 451278 726661 388680 524867 323482 156279 800800 209441 974974 673117 1019516 798741 660793 341624 371087 813879 304631 207806 704367 115241 683690 663575 902311 530886 592643 619563 942966 113777 390539 254329 446384 925664 428995 989505 175718 906361 520925 464332 619662 668399 535612 946666 363026
330929 225691 492169 550030 258007 625103 837586 769988 624156 334690 508712 617873 454937 542865 736456 999999999 318880 641143 686511 660109 510902 172217 732407 107705 642865 353595 580429 634352 579685 663189 558559 748605 823242 646723 592861 552407 922325 777733 512452 817911 602664 167740 782004 839987 229631 794075 361634 639134 413909 253714 334419 319923 398555 951030 292909 624226 484271 286633 383668 659026 961762 744747 601309 96199 704642 597937 278393 796964 406938 844598 534222 843283 82415 593083 816537 350273 631881 335889 175359 527834 411859 150791 871445 206554 650525 963478 557693 690544 471102 702531 692046 616034 562654 259416 1023662 407667 458458 395502 275622 734628
641149 542585 450566 237000 514953 309891 1008233 862671 714723 516133 655762 395732 359391 791091 514251 318880 999999999 380807 396676 771356 464533 146782 554034 293686 351616 471611 390882 563469 433378 557232 295268 949495 855299 853562 395670 237608 767607 926756 196458 960374 623420 238286 677110 883127 124590 774474 530101 523113 648737 557932 130207 628004 141145 854935 278848 310305 551392 212218 574843 614209 897112 654404 426685 412665 570319 837347 465125 992850 628162 875876 228737 749329 399069 290372 660047 538113 399059 515283 171686 759043 108208 254643 876728 502591 466682 838308 279585 667122 728948 668510 908598 461674 785024 309656 909102 532077 598647 94460 591911 663918
906864 860348 389770 213980 732113 218553 1033316 814975 697490 660687 719038 91146 305065 944824 154482 641143 380807 999999999 99009 764362 388260 494584 243056 564151 95987 574544 156042 400607 236008 348861 86159 1020448 736587 945393 141636 339077 445285 936146 329500 956808 552470 613060 430142 772548 503461 610262 656807 316241 810852 894855 307743 890524 250579 585388 406866 207645 563349 371016 709170 464964 657373 432442 186891 716927 316513 973097 634912 1052003 779759 752439 188195 499734 722223 150845 352049 681017 68170 658188 542249 896164 382678 509610 722156 845850 183641 538920 104800 526858 904334 514502 1005039 230986 906952 464439 613168 613687 671987 388973 877805 464559
971299 910383 485509 181394 803712 152371 1130177 913759 794845 742295 811015 190000 396420 1029282 225083 686511 396676 99009 999999999 861637 484998 527663 328591 620411 45064 659501 254709 499404 334966 446342 139977 1114231 835048 1036883 240584 291977 516346 1033433 294304 1054711 650940 634870 521550 871132 521152 707365 740730 414371 892626 938493 354105 955489 287990 668917 480126 142364 657395 435044 793121 563718 745535 527083 285824 768986 410325 1060080 712197 1146834 862554 850692 172154 589053 768800 112999 432264 763284 166209 739969 566730 982275 370732 566726 819056 886567 279434 615497 129871 625532 985340 612825 1096499 329515 994976 537357 689126 702101 762337 380701 937055 560785
591350 705322 377740 864330 449670 922914 269497 112821 66923 329666 158146 677235 475450 365814 719963 660109 771356 764362 861637 999999999 376768 708623 624785 570530 842007 315651 609164 393505 532748 463024 740239 285263 234213 255604 624772 956790 663546 171800 919843 195765 219110 803017 490026 227913 789311 318450 300709 480036 341727 778013 658408 577568 703304 556555 492512 914492 222427 559696 294594 341972 500877 447895 584968 629560 526702 346891 383019 302822 318644 249857 828189 492910 675271 850047 612554 319107 702620 327844 764973 312198 872284 566165 312270 775702 611353 624589 770565 299585 392146 322959 304037 549604 287382 468366 641688 255708 202033 861923 629047 404878
646525 670741 18766 499553 455466 552077 645204 437144 310103 339555 341866 303142 111031 592186 365527 510902 464533 388260 484998 376768 999999999 464018 295151 403470 465506 245990 234542 123626 164037 165188 365223 635394 395550 566724 250805 604670 433143 548525 571927 570797 174407 590059 274519 426307 528983 311254 323157 154613 475838 729610 335412 629155 358961 440134 226596 543058 181732 269804 370444 155302 456024 234737 215769 539387 223197 609744 342169 665023 441767 415360 462529 332602 569124 477486 338409 353902 328557 336393 529000 538119 548011 364366 412227 699458 251816 457333 397043 203135 568004 206907 625966 190005 540980 251513 514031 258929 303305 541640 644157 224265
498001 395984 446796 380625 387766 454939 923593 809924 659697 415854 574720 487804 377912 672129 608967 172217 146782 494584 527663 708623 464018 999999999 625913 165897 483032 394248 464170 579827 484225 591252 409038 851445 829845 751921 473485 380976 831004 850400 340669 887298 597346 131524 713781 853078 82283 771594 435557 561213 532708 414091 191032 485571 244365 890430 241390 454639 500982 196195 473316 619318 917950 683245 492907 266775 619411 722367 359972 897341 516781 851146 367666 782023 252354 428070 722621 436405 497340 415750 65028 646319 242041 145794 864066 360203 539299 887893 402126 663435 605562 669978 803627 518021 676169 243944 954364 455632 518532 225866 446447 683228
928224 926523 308016 448715 738526 461553 889932 647106 560219 631805 628603 171534 286117 885851 112391 732407 554034 243056 328591 624785 295151 625913 999999999 633809 338191 537800 163875 231355 155603 161813 293211 904246 537834 847385 158413 574965 214973 790374 559096 802422 406524 756460 196517 575178 661973 399430 617266 148418 770886 976134 440591 910901 413191 342362 445704 450649 470095 447070 665382 286097 416951 211677 133150 785594 101002 900235 627048 926852 736862 550216 417180 260991 804909 391571 111588 647421 182335 628719 685751 830927 590022 582976 507521 936456 87647 299035 327193 340723 863154 321873 905235 119024 831045 494240 373184 554062 595606 591993 916833 252263
355861 298486 384721 504264 223078 580085 767748 677778 529455 257673 425719 530637 352033 506256 646239 107705 293686 564151 620411 570530 403470 165897 633809 999999999 578690 257002 487295 527010 479396 557407 485744 689629 721539 589159 500848 530653 818736 700105 489212 738760 497693 233018 675379 739879 245534 687587 280755 534392 366979 342678 267600 341242 336180 843594 189387 577463 382708 195889 313068 551340 854129 637627 504806 154664 600822 556563 200333 736370 351991 742962 482506 735990 171336 537247 713948 276790 546920 258071 205485 480864 398925 54579 767179 303255 554383 857264 490560 583434 440177 595112 639597 516020 511445 151971 916728 315003 371935 383465 316798 627014
930928 867156 464428 140627 765754 125560 1109382 898807 775504 708721 784421 183688 371177 996764 242628 642865 351616 95987 45064 842007 465506 483032 338191 578690 999999999 628045 242394 490671 323412 442188 106474 1089050 827311 1009460 230202 257543 535624 1013590 255874 1036300 635003 589806 526096 862829 476103 703591 708425 408642 858828 894433 311612 915277 244647 680505 443865 114755 633373 395983 760706 555052 753292 527711 277393 726221 412180 1029112 676653 1122892 829351 843710 128070 595702 725217 71336 445883 730005 162951 706491 521701 950837 327761 525329 815609 842247 278930 631783 89075 617153 951010 605928 1068977 322890 964815 500662 705886 672817 734406 337253 895478 558897
404502 454417 230917 609672 215001 678536 536772 421093 272453 94007 184278 505825 274728 370308 593903 353595 471611 574544 659501 315651 245990 394248 537800 257002 628045 999999999 441650 354283 392087 408856 521680 482257 471261 391447 458566 680832 674547 458022 640937 493842 262618 488137 505785 486705 475718 459198 82853 400603 238809 521117 375442 387252 433513 651500 202220 672144 135356 269028 134870 352893 641362 461483 437686 343972 469017 401090 104088 523581 206353 492488 577123 551087 384629 614329 583633 110514 529386 90919 449463 322851 577513 250630 524320 503199 482109 685413 543208 365746 332739 383044 449533 424738 337646 161958 732905 61586 127143 565292 410310 437091
805532 784732 237987 315761 621164 348634 878426 659051 542248 532607 571686 68619 167076 808753 160728 580429 390882 156042 254709 609164 234542 464170 163875 487295 242394 441650 999999999 248627 81027 205475 158862 869465 585228 797958 17011 438393 376733 780862 416123 801007 396433 593979 307287 620574 498160 464619 524460 170167 680451 829394 277049 788525 250620 478867 305940 338314 413349 293907 576048 312914 537182 298406 40609 641553 191952 832716 515523 899550 647889 601910 280226 380510 656314 272713 269454 551378 94019 529826 522951 757627 433570 434256 576546 786466 76230 451307 195106 375034 774386 364561 857490 86126 765188 360238 523885 473533 527730 434047 785938 323857
758723 791994 142392 555317 568499 595513 659700 422470 328882 444589 407007 309464 205720 670791 329041 634352 563469 400607 499404 393505 123626 579827 231355 527010 490671 354283 248627 999999999 168106 70013 404152 673379 336651 619725 260500 671542 321119 560207 643446 574078 175258 708158 152960 372209 640051 220592 423962 89016 568668 852025 433368 741447 442536 316744 347376 585436 255386 383724 466082 64409 338339 111383 213821 662340 135433 679421 455569 695507 534420 353295 518431 208991 692630 519318 238290 455808 333314 441350 644800 614356 635967 487062 331167 822734 226761 335339 439653 126483 657129 116667 676751 170166 610250 375040 390536 352763 381758 631861 760950 103401
774825 771012 171369 390215 586147 427659 802244 579148 465869 485484 505723 145910 130596 751882 203466 579685 433378 236008 334966 532748 164037 484225 155603 479396 323412 392087 81027 168106 999999999 131733 236529 798335 504477 730760 94381 509786 347218 704064 484488 723011 317620 615733 245228 539694 529435 386032 473720 95657 629349 821244 308957 757553 299047 422158 290624 417512 345715 297101 523833 232217 471506 228636 52381 630407 137430 771990 476030 826671 595891 521344 353771 318364 650695 351499 239247 502583 170970 482510 546597 698942 490151 429452 497668 782486 90229 406797 272330 294317 722819 284484 789987 36707 703560 338637 476349 416215 465465 488530 761821 249027
811342 833703 182630 520382 620339 553594 728301 487786 398708 501322 474892 258575 213940 737171 262939 663189 557232 348861 446342 463024 165188 591252 161813 557407 442188 408856 205475 70013 131733 999999999 364322 743377 390232 689339 214206 641120 268039 628752 616198 641512 245195 721917 122547 426905 644741 261466 482627 36082 630950 890754 429186 793983 427311 300057 370936 543155 320398 396331 527016 125786 341398 97816 166468 699592 65905 747406 507004 765283 596661 405066 484297 192655 726589 477915 175275 514112 280708 498111 655516 681097 619894 513194 373447 858036 167869 300567 400539 184086 720815 168316 746532 120121 678171 406834 363849 413683 447134 617542 809274 118393
833602 779702 362624 158459 664076 191445 1006401 801413 674113 603055 678535 121721 266625 890716 226176 558559 295268 86159 139977 740239 365223 409038 293211 485744 106474 521680 158862 404152 236529 364322 999999999 983574 739282 903273 151667 283539 505436 911414 265913 935283 537461 526903 462771 773833 417463 622470 602270 328891 753300 812096 224211 817599 164749 629218 340159 181511 528820 296589 654594 467749 692929 456693 198581 636903 346694 922714 572275 1017973 723538 756692 124697 535271 640164 115257 404799 624207 114064 600778 456117 844508 304753 431494 734182 762254 216175 592093 36295 529625 845792 520768 962757 244789 858347 397430 666112 566379 628167 309478 801426 482711
544915 703460 631571 1088059 492741 1154035 127063 320306 345610 436214 306097 938060 718139 241614 993952 748605 949495 1020448 1114231 285263 635394 851445 904246 689629 1089050 482257 869465 673379 798335 743377 983574 999999999 482293 101941 885940 1163081 948067 164980 1123180 192759 498252 912848 775267 459975 933266 595076 419648 757075 336901 773743 857668 538005 914387 831376 684351 1146843 457103 751269 378205 625484 764981 733110 850568 684276 808207 185498 491477 49485 341738 490351 1054135 775714 731420 1085813 897417 415196 963405 436590 895027 228794 1056854 707090 561803 792523 882345 904233 1009954 584843 311302 608219 72465 819814 189867 642121 914625 426061 359938 1043873 605432 690140
812428 908783 407054 886476 652117 930689 412794 162076 223075 519967 371730 645491 506340 599885 647782 823242 855299 736587 835048 234213 395550 829845 537834 721539 827311 471261 585228 336651 504477 390232 739282 482293 999999999 479974 597118 997447 503244 323860 966093 315070 233397 943194 356323 37416 903961 142917 490176 420804 567136 979643 728365 797521 754479 357557 590769 920793 339071 649147 501029 272314 283419 328005 550201 813031 438350 578267 563580 481850 540235 21444 849320 327524 855197 854530 486090 516184 668849 517367 892472 546394 942912 701685 80276 968956 558022 438019 774256 210194 624932 222319 519992 505606 521081 588417 437141 424537 395894 935979 842729 285717
451814 605959 560651 1000647 390834 1068415 210159 324784 303598 338133 226450 866162 640734 154814 930662 646723 853562 945393 1036883 255604 566724 751921 847385 589159 1009460 391447 797958 619725 730760 689339 903273 101941 479974 999999999 814738 1071057 912092 202528 1030727 241808 447875 811211 735515 464629 833493 574013 323682 699010 235168 677083 766126 443631 824959 812080 593389 1061644 385199 659318 279603 578420 755246 691384 782371 582614 755106 109012 392292 150831 239955 491999 967556 745214 629833 1002077 851789 316628 891263 338745 794369 130131 961346 608309 560113 693687 817546 878811 927988 545710 217547 569483 59647 755106 90188 548513 897284 338732 275140 948021 509677 650334
821197 798648 254580 309746 637261 339419 894124 673396 557849 549417 588503 52489 183933 825758 145916 592861 395670 141636 240584 624772 250805 473485 158413 500848 230202 458566 17011 260500 94381 214206 151667 885940 597118 814738 999999999 433580 372800 796404 412688 816208 411272 602669 311632 632700 505155 474656 541386 179556 697361 842575 284964 804221 254778 480982 320830 328959 430022 306663 592999 324898 541807 305132 47765 655283 195675 849713 531975 915823 664826 613520 274859 384498 669317 263892 266523 568241 77911 546644 531430 774638 434284 447534 586677 799115 71672 450403 187937 386982 791298 375809 874257 94087 782170 375556 523490 490543 544679 435402 800999 332315
878223 771924 596086 126294 750163 143562 1209427 1035306 894600 738470 860841 404460 494050 1020790 493473 552407 237608 339077 291977 956790 604670 380976 574965 530653 257543 680832 438393 671542 509786 641120 283539 1163081 997447 1071057 433580 999999999 783466 1121507 41561 1151359 777885 439683 745186 1029717 331957 892133 748545 605093 877916 779004 305431 865295 253521 912755 478784 151917 734688 411905 796598 732331 975326 736300 478947 647667 629253 1064325 691411 1203850 854962 1016366 158931 818068 630063 189446 686290 760775 392828 737201 388104 985231 142427 488762 1002172 721628 499709 873900 248269 792393 961374 787127 1128026 524187 1008441 522824 948110 737901 804763 158717 827399 758813
1078368 1100588 450669 657395 887562 661166 904851 648503 608737 765595 715969 384671 467389 982409 293006 922325 767607 445285 516346 663546 433143 831004 214973 818736 535624 674547 376733 321119 347218 268039 505436 948067 503244 912092 372800 783466 999999999 808383 770308 809215 469658 962414 178136 538583 872388 364063 745060 285414 887939 1156165 650542 1061036 627226 184025 629718 650333 573438 643676 786511 340626 279898 223778 341785 964664 217922 984642 774265 960198 853815 507703 627759 176482 989458 596129 108502 776921 392061 762358 892718 925222 804841 771534 445020 1121363 301252 106126 538060 366383 974523 342610 965177 312984 916444 670627 175548 673426 697924 806943 1077292 262264
638243 779267 549192 1032732 538704 1092767 99559 163081 238657 444196 275722 848847 645880 354843 888562 777733 926756 936146 1033433 171800 548525 850400 790374 700105 1013590 458022 780862 560207 704064 628752 911414 164980 323860 202528 796404 1121507 808383 999999999 1083663 42443 388295 932273 641863 298527 932423 447263 419468 648068 397322 852086 819656 627810 868166 678932 649563 1084523 387962 717560 394354 504766 607228 602777 756186 730488 690772 311457 501559 158084 387523 329784 996926 632926 777897 1020470 768806 427541 874214 443361 902271 318252 1030431 704991 401870 860640 781353 755675 941335 455598 409145 477704 219394 719999 280208 618392 760274 396510 331966 1019179 689563 558569
837407 733002 562632 116495 708604 155451 1170906 1000043 858200 697549 821590 387633 460976 979442 483640 512452 196458 329500 294304 919843 571927 340669 559096 489212 255874 640937 416123 643446 484488 616198 265913 1123180 966093 1030727 412688 41561 770308 1083663 999999999 1113990 744259 404169 723404 997839 294470 863837 707936 580116 836576 741661 265838 824377 216884 893484 439120 161696 697523 371912 755756 703242 953146 712384 456718 607442 607937 1023170 650191 1164239 813771 985284 142598 796625 590690 184994 670681 719842 378283 696310 350213 944119 105588 447201 973138 684563 480818 858005 232294 762635 919876 758253 1087534 501117 967555 482309 932010 698410 765339 121441 787100 733136
680516 821667 572660 1060038 580464 1118619 97763 160818 261208 483809 313362 868499 671082 395320 903107 817911 960374 956808 1054711 195765 570797 887298 802422 738760 1036300 493842 801007 574078 723011 641512 935283 192759 315070 241808 816208 1151359 809215 42443 1113990 999999999 405595 971290 646691 286271 969147 445734 458500 662687 439730 894500 851051 670155 897846 672487 682324 1110160 416711 750146 434968 516329 596673 609316 774796 771914 702051 350270 541010 175935 429662 318311 1023932 632940 819272 1045594 775100 467638 893764 482870 940040 360010 1063188 742215 390366 902860 797805 751582 965946 464111 450900 485355 253368 737162 321646 653093 752052 432256 368856 1052247 731997 564900
649684 716443 181803 673958 468819 725835 487353 264012 153748 334385 247090 463371 283936 513450 500904 602664 623420 552470 650940 219110 174407 597346 406524 497693 635003 262618 396433 175258 317620 245195 537461 498252 233397 447875 411272 777885 469658 388295 744259 405595 999999999 713264 291544 259769 670737 196604 307446 260950 429960 783689 498044 633121 529194 404097 357511 716664 129099 415911 337105 130841 381766 246185 369248 604925 309976 515173 364730 520365 396970 254482 636935 315190 643559 650826 403954 338435 488543 331285 660491 456136 713874 473045 269814 765185 393060 453220 570160 112234 510828 134145 503820 331857 446815 357999 489002 233072 236865 706171 665788 208256
485269 347057 572328 471679 424995 541120 997256 909182 759961 488443 658557 614094 508185 710558 735171 167740 238286 613060 634870 803017 590059 131524 756460 233018 589806 488137 593979 708158 615733 721917 526903 912848 943194 811211 602669 439683 962414 932273 404169 971290 713264 999999999 844374 964114 114612 893865 512841 692290 580179 342418 318092 476535 363406 1020526 364184 542976 607583 325821 541567 744988 1045571 813011 623645 254319 750893 765406 430941 960732 571296 964620 466543 912000 218978 528261 853998 506321 621920 489123 71596 694489 298584 241847 982332 284301 669517 1019214 515197 786350 638834 794294 857989 649435 728593 355282 1085360 547313 604953 282893 422746 811485
910221 944678 293119 621175 720528 645276 740078 486373 432888 594517 537888 346155 336247 804352 308641 782004 677110 430142 521550 490026 274519 713781 196517 675379 526096 505785 307287 152960 245228 122547 462771 775267 356323 735515 311632 745186 178136 641863 723404 646691 291544 844374 999999999 393540 766936 213638 572496 154442 712039 1004106 550147 892998 544253 178098 491060 634501 397671 518683 611972 162816 230187 45922 266687 813868 116078 806624 607892 790044 678062 365728 586487 73441 842935 571647 130072 604482 363870 591272 778063 747141 735065 632838 315789 973684 248790 182817 498864 190657 797535 167111 789419 222880 738353 523782 242215 499590 520937 733691 913680 85340
814654 917014 437017 919893 659825 965146 383951 140990 227705 529644 374238 681417 537316 590798 685009 839987 883127 772548 871132 227913 426307 853078 575178 739879 862829 486705 620574 372209 539694 426905 773833 459975 37416 464629 632700 1029717 538583 298527 997839 286271 259769 964114 393540 999999999 928329 179989 499733 457098 566998 988515 757136 800177 785157 388765 615539 955322 357335 675378 506800 307804 310411 365421 585963 825803 475593 565851 575618 456500 541595 32265 882718 363372 868849 889036 523214 524341 704924 527183 915075 538746 972384 722295 104096 979945 594594 470764 808618 245753 620029 258750 501550 541623 511357 610396 466489 437055 403258 965091 847734 323104
560559 441389 512614 357143 464603 427124 1005874 889419 739224 497960 656793 511405 434932 750554 631670 229631 124590 503461 521152 789311 528983 82283 661973 245534 476103 475718 498160 640051 529435 644741 417463 933266 903961 833493 505155 331957 872388 932423 294470 969147 670737 114612 766936 928329 999999999 839318 517828 612768 612342 447213 221850 549416 256834 944793 313226 428744 579151 259329 555256 683732 978145 739415 530846 325680 666605 801746 441872 979320 597423 925143 352098 837131 301835 413821 763984 518393 517115 497892 56510 726372 189542 228069 934957 390106 574365 936111 403554 730923 682722 735877 884746 561033 756881 322486 1004731 537204 600492 173316 504107 743038
841018 912965 326923 775426 663804 813199 542100 285477 277970 528884 415888 520031 415612 671919 510800 794075 774474 610262 707365 318450 311254 771594 399430 687587 703591 459198 464619 220592 386032 261466 622470 595076 142917 574013 474656 892133 364063 447263 863837 445734 196604 893865 213638 179989 839318 999999999 501016 295163 610362 980291 644569 824805 660110 238118 530584 802916 325314 580014 525715 161592 191351 187908 426940 800702 302073 661166 561208 602215 579190 152236 738649 187582 838469 737162 343225 531166 542094 525856 836193 615325 852808 658067 112039 961325 428060 309334 658351 108396 682691 106488 621694 380916 597293 541768 323307 427586 420960 847783 860409 148094
342694 418817 309323 684018 163679 754424 488313 412514 273663 29917 147088 588668 357574 288552 676089 361634 530101 656807 740730 300709 323157 435557 617266 280755 708425 82853 524460 423962 473720 482627 602270 419648 490176 323682 541386 748545 745060 419468 707936 458500 307446 512841 572496 499733 517828 501016 999999999 477165 156082 489467 444723 325968 506161 708314 274136 748446 180076 337921 52413 414158 689010 527234 519979 329613 544647 322118 83242 463906 123502 510615 652532 612161 374828 692138 657900 31997 612195 27580 484272 243091 637748 289905 551976 480453 563881 748702 622692 417372 249973 437045 379719 505760 261357 225767 791735 74723 99139 624539 359486 498908
799895 815392 170291 484568 608880 518661 747455 511485 414536 494114 480513 225424 186001 739469 240543 639134 523113 316241 414371 480036 154613 561213 148418 534392 408642 400603 170167 89016 95657 36082 328891 757075 420804 699010 179556 605093 285414 648068 580116 662687 260950 692290 154442 457098 612768 295163 477165 999999999 628341 870765 395746 782515 392074 332538 346246 508278 322784 367477 523427 151390 376823 133391 131807 679281 69292 752493 495788 780881 594122 436321 448409 226217 704624 442837 185301 508158 248263 490944 625122 684080 584367 488581 407200 836420 138342 327466 365059 212188 719541 198500 756949 85779 683261 385356 393160 410764 448967 582198 794917 154067
250278 381950 463025 824527 156330 897045 437236 450307 345173 150364 196949 744330 513478 142884 832009 413909 648737 810852 892626 341727 475838 532708 770886 366979 858828 238809 680451 568668 629349 630950 753300 336901 567136 235168 697361 877916 887939 397322 836576 439730 429960 580179 712039 566998 612342 610362 156082 628341 999999999 454772 580579 237262 645734 833481 417516 891780 314532 475905 105644 550071 801688 666186 675973 347449 694538 189722 187408 385989 34290 585280 794938 744230 394699 838214 805753 129856 767673 152761 569106 114592 756770 395222 639261 464769 719561 882181 771805 542155 93940 563998 278156 660918 148824 363539 918749 217602 193112 742273 294155 633663
234361 73123 711069 794232 329191 867802 886227 890611 761205 459696 620206 869923 692449 534956 987346 253714 557932 894855 938493 778013 729610 414091 976134 342678 894433 521117 829394 852025 821244 890754 812096 773743 979643 677083 842575 779004 1156165 852086 741661 894500 783689 342418 1004106 988515 447213 980291 489467 870765 454772 999999999 587890 237808 650994 1164036 530622 867994 655452 536082 484000 865200 1161204 963355 847483 191542 938641 593741 419815 822933 467327 1000057 781704 1059136 173608 841838 1053211 464179 884652 462329 391573 546955 636677 395143 1040219 58285 897057 1186922 810350 885309 462703 901198 705108 857933 586972 485729 1241771 557437 585323 620500 168781 946477
622057 556699 322074 245270 466876 319675 905675 744228 598773 436584 555776 296837 229236 723041 418019 334419 130207 307743 354105 658408 335412 191032 440591 267600 311612 375442 277049 433368 308957 429186 224211 857668 728365 766126 284964 305431 650542 819656 265838 851051 498044 318092 550147 757136 221850 644569 444723 395746 580579 587890 999999999 606861 69069 728230 173356 315638 436185 106877 493949 484087 767899 525814 309034 414894 446383 763709 393187 898463 555377 748715 218798 621734 416211 270554 542152 458894 306424 435079 246662 684343 216386 215097 747579 538217 353105 715682 224402 537472 668010 538485 823464 339652 705693 219276 785217 432579 499501 208154 584304 534172
17380 171912 612503 845489 173692 921319 653727 687248 574453 300562 426120 842937 628477 297741 948744 319923 628004 890524 955489 577568 629155 485571 910901 341242 915277 387252 788525 741447 757553 793983 817599 538005 797521 443631 804221 865295 1061036 627810 824377 670155 633121 476535 892998 800177 549416 824805 325968 782515 237262 237808 606861 999999999 675874 1034021 486046 918695 505996 521025 299812 738029 1014125 848532 795574 224590 851700 356313 286997 586902 259046 816526 823516 936465 257906 877356 967396 294702 862732 303772 495221 314243 727610 391904 866229 266104 843912 1071939 826362 743340 226807 762908 468403 793082 354274 429481 1117028 400675 405879 711434 69588 822698
691028 622519 348343 178794 535260 252041 956765 783313 641374 499850 610099 255373 248184 787729 375025 398555 141145 250579 287990 703304 358961 244365 413191 336180 244647 433513 250620 442536 299047 427311 164749 914387 754479 824959 254778 253521 627226 868166 216884 897846 529194 363406 544253 785157 256834 660110 506161 392074 645734 650994 69069 675874 999999999 721024 232168 247547 481168 169841 556396 498518 768705 525122 287494 481729 434258 826940 458632 953895 619616 774178 150464 617276 480817 201499 520068 522075 260296 498175 292201 747556 193529 284033 766840 599860 326041 700299 159369 555562 734235 553657 882955 324761 767517 282584 771920 488330 554736 190313 652651 539071
1050873 1101485 458876 787199 865335 803792 770125 515851 513694 733523 644339 508822 512520 905866 444962 951030 854935 585388 668917 556555 440134 890430 342362 843594 680505 651500 478867 316744 422158 300057 629218 831376 357557 812080 480982 912755 184025 678932 893484 672487 404097 1020526 178098 388765 944793 238118 708314 332538 833481 1164036 728230 1034021 721024 999999999 663294 792893 528285 694713 740893 299422 97054 207812 438716 976091 287712 897784 755531 835902 800800 356546 753885 108607 1007987 732899 237202 739943 523018 730325 954947 848806 910531 803702 286839 1137160 413071 87559 664631 292019 911417 271394 859704 397238 832850 691646 86029 633617 640634 909732 1061676 217718
502753 481340 208548 409902 325279 480794 733723 585034 436307 269205 382790 357191 162658 558157 466619 292909 278848 406866 480126 492512 226596 241390 445704 189387 443865 202220 305940 347376 290624 370936 340159 684351 590769 593389 320830 478784 629718 649563 439120 682324 357511 364184 491060 615539 313226 530584 274136 346246 417516 530622 173356 486046 232168 663294 999999999 475104 273142 68072 324808 380989 682620 455704 319071 339890 411889 595589 232974 725125 389808 611934 378751 554846 360657 420699 524602 291235 376695 267340 305711 516270 380916 142370 622837 492617 368656 671491 355715 422650 508387 430139 651099 327317 535466 57598 733232 259338 326312 369940 480217 449990
933291 849713 538794 74199 782513 10909 1177724 980170 849140 744295 840752 288520 439083 1033106 357359 624226 310305 207645 142364 914492 543058 454639 450649 577463 114755 672144 338314 585436 417512 543155 181511 1146843 920793 1061644 328959 151917 650333 1084523 161696 1110160 716664 542976 634501 955322 428744 802916 748446 508278 891780 867994 315638 918695 247547 792893 475104 999999999 698105 416405 799664 649172 863301 632784 376687 714457 519215 1070432 705209 1183680 864766 938178 97121 705356 705957 66291 559522 766339 271017 742443 480597 991193 254314 527629 914805 812875 385777 745963 146957 711091 981132 701970 1120508 423044 1009176 528250 820137 722928 787612 267388 890613 661247
