NAME : synthetic_000210
TYPE : CTSP-D
DIMENSION : 100
GROUPS : 8
RELAXATION_LEVEL : 1
EDGE_WEIGHT_TYPE : EXPLICIT
EDGE_WEIGHT_FORMAT : FULL_MATRIX
EDGE_WEIGHT_SECTION
999999999 502550 644754 1133050 877989 249930 504574 862598 989776 551788 621664 454806 32707 167550 705190 1069563 787754 857385 493349 585150 958653 2873 802408 331897 386066 294468 214836 667214 695762 187940 519085 364730 146932 882654 615649 178290 1108163 454193 252421 740192 193489 689114 410587 723205 945788 29002 569687 244224 475042 1026685 670191 330342 741329 786662 571789 867539 677612 914356 356954 653600 973271 481397 899580 180537 1114303 592564 848866 977217 725552 819142 868389 684612 784736 125766 574536 417800 639008 244114 575992 892617 709824 327278 734152 88363 672783 30297 760004 851553 158089 668724 472870 727040 429645 420877 568780 117416 842692 208878 861079 484423
502550 999999999 456559 635141 428749 611463 456462 512702 487866 52501 119542 598520 476634 550551 330459 606877 659804 359419 147013 594693 707960 503713 322978 481804 647250 218645 299903 347333 357341 373040 504470 260280 376143 479188 252174 572775 610513 325426 662519 306945 620073 258940 410268 225276 792485 501076 168719 377253 79057 556641 185435 526816 670040 284838 587131 374060 247563 412354 146764 197562 615753 539627 450854 413034 613901 627864 458042 483690 412788 616103 695738 527625 301321 399620 254625 115510 296185 697734 188463 482650 386196 311086 313140 419805 391485 517990 452749 355105 431319 663790 61106 324688 420125 213015 578175 526372 367600 293897 556767 343919
644754 456559 999999999 878964 817255 867489 876793 953578 722613 482655 472504 966160 640590 784300 777136 952509 1110940 549065 310877 1011604 1161972 647429 689681 827354 964874 532553 567167 163447 810115 648801 920098 307017 507807 898632 706863 802751 859792 197358 889866 729519 832366 691554 805617 573012 1248085 663857 304372 693464 526321 896515 583401 859419 1112167 540424 1001578 691539 316482 624116 450205 625118 1047481 934209 836551 465613 842379 1039320 886555 775871 866805 1072492 1151546 978453 665752 523667 208176 385760 751186 888867 643827 897606 839825 323652 308938 566742 848001 673924 906097 536828 689077 1089804 402790 278684 821157 634666 993704 738585 457610 524491 1006896 165166
1133050 635141 878964 999999999 330667 1192668 880059 525782 159492 583671 521144 1077853 1105029 1150707 524212 223042 878396 332438 704500 980983 735481 1133937 341034 1015323 1176040 839646 921456 716027 568687 979243 922382 863539 1011274 421026 576796 1172148 24977 874447 1253736 440615 1222425 479260 900406 410535 912142 1128182 644403 960150 659039 202638 463867 1063363 944024 368707 981932 266446 574682 257122 781564 490621 518252 990440 320192 1044816 41576 1018623 452869 159251 594391 770301 840149 799209 353971 1034710 714775 739372 583327 1302232 585205 405436 583052 920036 570075 1053292 639630 1145393 598973 344116 1036258 1003967 677978 600318 897240 747329 972903 1137879 423079 924730 608076 873841
877989 428749 817255 330667 999999999 894321 555318 216466 281099 379091 353518 754808 847037 864015 200409 192269 555763 345507 550963 650897 450888 878284 128393 706293 860344 587733 663578 663745 240432 704510 595568 688363 779006 113327 271481 884226 309073 739080 958644 137909 934848 188946 586309 244249 611746 867305 521188 672920 416141 156466 247834 753226 616820 299790 652219 164949 507482 309138 557597 234587 260057 665573 22259 829910 337633 688405 132714 193983 263764 453025 529388 469192 151863 800480 614610 544246 265692 1013970 302099 102509 252764 739834 541092 808795 309716 884389 270533 355748 757543 673592 487005 570893 580522 462711 643294 859801 449968 679509 300194 750457
249930 611463 867489 1192668 894321 999999999 392124 817790 1068153 649810 726081 256081 239115 85014 698436 1083782 644260 966387 656513 416738 851460 247102 851634 198555 148573 397825 326010 860262 671777 242502 382789 566435 361783 866982 623675 71671 1167891 670724 67178 761278 81925 716464 320645 802197 795253 222548 728140 237154 555173 1050542 738252 161589 579644 886425 403925 929381 833713 1009696 489100 702991 920845 319716 913584 420056 1182053 410433 829290 1033442 682322 705728 734498 572841 839618 349515 759264 565588 630456 135637 607517 880042 675300 543881 896754 306334 624930 220901 707613 963463 187936 489915 605201 896828 333125 446011 404592 134834 977882 356282 792011 702665
504574 456462 876793 880059 555318 392124 999999999 435854 785852 464359 529778 199848 473476 400706 356256 731995 284547 736722 578486 138316 464300 503135 553904 196146 315288 356581 364017 797201 315482 327803 49080 589746 500353 501588 313744 413842 856702 697850 459017 441503 458297 411561 94932 551802 442699 480094 622549 264579 377468 708840 484294 231033 250963 653211 130759 638619 702043 755407 427412 430234 533362 110422 570868 577576 879233 171775 463055 726742 308326 320044 363901 184568 550598 508431 696955 492473 297932 527011 334953 516316 308903 605474 766754 485523 252571 492664 326025 738559 346515 213012 490843 780486 75393 246950 121728 423533 788379 409948 401576 727169
862598 512702 953578 525782 216466 817790 435854 999999999 497256 475211 483034 629582 829985 807596 182964 327923 354272 548352 656155 495556 237663 862180 313925 619589 750921 600283 660702 814393 170884 675922 464093 763145 795158 106580 271117 824926 507486 838070 884833 228354 873719 262034 497175 405149 395555 845565 649211 628442 466999 325663 374034 661296 425150 488125 500371 375613 665610 521600 604244 328464 111390 538228 216417 859607 540761 530258 85471 407269 138124 244575 316008 296534 330778 813047 745414 618930 234129 948632 331795 121334 152942 806261 711461 809753 194260 861533 110409 557154 719283 497822 573527 738511 485022 448669 492679 816083 645720 689994 84169 856311
989776 487866 722613 159492 281099 1068153 785852 497256 999999999 437988 370494 977887 962970 1019966 441398 279136 832192 173983 547272 899839 728653 990842 232084 900772 1065726 699358 781697 559272 491104 845065 831456 706988 862935 392050 472862 1041821 138184 715157 1126636 348107 1091436 374365 792384 268698 892755 986866 485563 832208 520880 230577 330046 949082 887876 211721 898836 147266 415554 98595 634564 368270 523920 894639 281592 892522 129302 937869 413773 96542 529330 732713 810166 734809 236152 886607 555317 587195 489524 1170922 467300 378983 511992 763619 413844 907669 564526 1003956 544169 185994 903032 934639 526328 444572 791968 622914 889463 1003172 271131 780898 581192 714356
551788 52501 482655 583671 379091 649810 464359 475211 437988 999999999 76379 619161 525146 592342 295384 555185 647760 316858 181256 601431 679406 552859 270885 509590 676615 263438 345606 359675 327543 414941 513182 309299 427728 434832 225617 614525 558975 366694 703098 261750 662680 216245 428066 173336 774070 549237 182242 413486 97410 504595 133678 555932 664512 238974 594864 321759 239945 365580 197902 151922 575306 554498 401071 465519 563145 636054 415876 431491 384473 595889 677166 516913 249022 451094 275795 166464 269910 741082 164383 437359 357406 361405 303411 470153 369623 566270 423534 313670 473403 666151 107917 319596 435862 230594 585657 570580 336686 342910 524590 382565
621664 119542 472504 521144 353518 726081 529778 483034 370494 76379 999999999 691473 596039 667884 313323 515477 693052 241062 199906 665140 701303 622873 232445 584792 752069 337404 419099 332042 353660 490359 578840 349720 492470 426701 261683 690087 496837 386987 779006 257110 737954 221891 499645 119280 810444 620554 169669 489855 173212 462241 110959 631422 716858 165299 659358 267083 191446 292863 264984 156358 574987 623931 374433 523674 497885 700695 414076 374455 411286 631253 714016 564967 208604 516166 265339 218319 303934 816064 208757 426431 384207 404980 249207 538133 406439 637442 447934 237532 548795 725959 156852 270358 506342 303680 650010 645092 262733 413238 541994 397138
454806 598520 966160 1077853 754808 256081 199848 629582 977887 619161 691473 999999999 430567 303527 555153 931653 396812 914454 694821 165992 617055 452500 747087 141175 131332 435619 403121 915373 515277 331042 165506 661380 509051 700414 505370 306634 1054236 773285 314852 637806 336458 604242 192158 732404 542704 426123 752426 275840 523676 908652 664325 125122 326555 830621 154306 831209 844974 940381 525623 614558 721001 91480 770589 583692 1075627 154821 661921 923049 506729 472696 489186 349338 741750 507814 811667 601473 494566 386485 515768 715331 508485 660150 910740 472154 451805 432749 521388 914876 314435 234092 617831 919567 188060 388578 157275 345051 954157 449291 585943 804995
32707 476634 640590 1105029 847037 239115 473476 829985 962970 525146 596039 430567 999999999 154492 673126 1038784 757101 833146 474568 556868 926408 32197 773040 304174 368834 265578 184829 655160 663310 155249 489077 352871 134987 850585 583835 168607 1080112 447297 250245 709178 192054 658253 379217 695724 915217 25809 550658 212064 446354 996314 641669 305571 711888 761261 543546 839177 658773 888896 332151 623786 940626 453378 868562 181950 1086863 565403 816666 948696 692892 787205 837128 652853 755683 117015 560295 395895 606786 251290 544956 860644 677236 319468 716580 74657 640083 41673 727307 827608 127472 640874 449390 710656 398382 388911 540273 104281 821489 182828 828382 478227
167550 550551 784300 1150707 864015 85014 400706 807596 1019966 592342 667884 303527 154492 999999999 673559 1055526 670911 908945 583375 451652 865005 164791 810585 206423 219690 332795 255526 782176 652419 177563 401776 485388 277500 847074 592657 22225 1125780 587994 113797 728068 71718 680679 316437 751853 826160 139342 656647 191657 500878 1018970 690361 186595 613656 830974 438337 885179 763488 956302 420250 660189 914294 349027 884199 335057 1137589 452005 810357 991656 669944 720463 757922 585200 796738 264685 682396 494693 605104 151530 568648 859199 659704 460666 825364 221429 613337 139801 698906 905213 119237 530924 538408 823802 332419 404851 437236 50493 913583 280309 790424 619788
705190 330459 777136 524212 200409 698436 356256 182964 441398 295384 313323 555153 673126 673559 999999999 385751 408110 434302 475221 460068 388037 705116 213142 507496 660002 428305 495530 644673 51242 523517 398174 580395 624163 177464 92308 692976 501124 655554 763712 94914 743332 95918 386535 261081 505366 691193 473692 484874 284589 356167 212044 553964 452830 359384 459950 296145 502748 430800 423669 157377 289943 466676 217655 684894 525097 498038 144594 373358 103107 327633 410965 296871 217948 643452 569278 435978 68456 821588 149491 187776 78287 624234 555055 644585 123940 707862 135884 440170 572920 493473 391054 579530 380274 284376 450729 673890 515856 519936 229938 674358
1069563 606877 952509 223042 192269 1083782 731995 327923 279136 555185 515477 931653 1038784 1055526 385751 999999999 680899 422052 715225 813665 518169 1069905 284900 893117 1042844 778080 854919 791557 418221 896779 768536 862232 967371 234312 462898 1075562 212941 900898 1148666 330049 1126141 380550 771570 396901 698047 1059262 673416 864723 603338 56050 421527 939316 753070 412295 816817 261179 636038 357821 742607 420476 299976 840880 171465 1015272 251900 849945 271955 190668 426600 569030 632496 619726 307881 989270 760746 721629 453376 1205047 494056 218631 423169 915820 654127 999100 480021 1076371 419902 434469 949734 823698 661950 685433 764288 654967 808427 1051946 530599 869403 404572 908260
787754 659804 1110940 878396 555763 644260 284547 354272 832192 647760 693052 396812 757101 670911 408110 680899 999999999 842409 801010 230828 233645 786205 616239 465403 527546 622458 643222 1005860 357487 612259 270378 846585 782257 457401 431987 680633 859152 948222 707464 500801 719642 500284 379478 666296 158195 762518 826851 549126 585531 679739 609485 487076 84249 766715 242648 694494 883074 835534 676585 550448 401461 324778 561497 858882 890844 248863 426314 749597 307819 113516 93031 132513 624288 791524 914180 728086 391927 778783 485742 473067 330126 870673 942255 769828 290790 774341 288150 848236 629742 182041 708968 962740 359928 483453 240626 700095 921453 687457 276819 974912
857385 359419 549065 332438 345507 966387 736722 548352 173983 316858 241062 914454 833146 908945 434302 422052 842409 999999999 388399 864345 785879 858770 235084 817891 985495 578014 659270 385636 485092 731419 785137 548456 722210 455454 430426 931147 311978 546373 1019946 342722 978982 344437 722816 185318 930480 858093 320703 729624 411518 367048 252431 865413 884255 83862 860792 182159 242488 75434 501011 308050 605540 839388 356849 743036 298565 901695 463645 233971 535610 757234 839557 727574 221389 746076 383607 442470 460823 1056973 401892 446835 512354 605008 240828 771819 554736 874756 561584 12581 789852 913249 384780 271877 726544 534160 851268 885768 109237 650582 626725 543619
493349 147013 310877 704500 550963 656513 578486 656155 547272 181256 199906 694821 474568 583375 475221 715225 801010 388399 999999999 716003 854936 495226 432231 564587 720851 266690 330576 221132 503992 415189 624329 160262 349052 614679 399110 604952 681164 188155 697021 441610 646686 397347 517576 318431 937209 500369 76393 440686 215655 661668 303552 604481 805623 335874 707072 462985 184289 456727 172446 332278 756520 648642 572334 357978 676571 746548 596826 566850 559704 761835 840682 668500 408467 372401 118685 94264 443177 718556 335454 616434 533040 216927 242905 405036 538061 515611 599581 379891 468631 790371 92074 240485 530788 331973 698623 548523 353236 303533 703004 201717
585150 594693 1011604 980983 650897 416738 138316 495556 899839 601431 665140 165992 556868 451652 460068 813665 230828 864345 716003 999999999 454151 583229 668402 253415 296816 485014 479851 935215 412907 427788 91765 719416 607881 579359 435162 458853 958654 829174 478422 551811 494461 529169 209431 679039 378552 557923 760851 364341 515669 798013 612624 265094 163038 781567 13407 753053 839835 877624 561434 556319 576439 103956 663589 685350 984283 38030 541853 833182 389185 311905 323327 200775 668085 612255 834593 628802 411325 549987 465062 595041 398133 730668 904345 583308 341355 567601 394045 866992 430981 85260 628919 918473 192043 385020 18234 486327 921277 527138 440524 859182
958653 707960 1161972 735481 450888 851460 464300 237663 728653 679406 701303 617055 926408 865005 388037 518169 233645 785879 854936 454151 999999999 957572 551125 659740 748264 740543 782640 1032652 351868 772899 468689 938357 923827 337724 455837 877906 720474 1026459 917177 457235 921392 480897 552395 636500 182850 936463 860240 714433 647567 533284 597292 690195 317613 723912 464335 612723 889784 758578 769532 545084 218194 535338 447464 996197 756720 477703 322920 635389 295327 145770 147174 279886 567153 937585 955052 801641 411778 987096 519497 349973 322196 973728 939750 924218 322217 950364 255879 794550 802851 415362 766083 965402 534713 586418 460243 886566 882056 820953 161630 1048516
2873 503713 647429 1133937 878284 247102 503135 862180 990842 552859 622873 452500 32197 164791 705116 1069905 786205 858770 495226 583229 957572 999999999 803053 329935 383388 295162 215301 669551 695481 187249 517424 367047 149138 882579 615673 175457 1109044 456757 249559 740468 190628 689429 409224 724165 944219 26507 571552 243140 475795 1027125 670984 328095 739564 787907 569864 868365 679500 915598 358233 654153 972813 479450 899857 183308 1115279 590511 848730 978019 725073 817935 866978 683347 785440 128114 576740 419395 638860 241446 576258 892583 709433 329786 736140 90327 672213 27438 759444 852970 156624 666746 474314 729113 428253 420838 566889 114695 844385 209957 860386 487017
802408 322978 689681 341034 128393 851634 553904 313925 232084 270885 232445 747087 773040 810585 213142 284900 616239 235084 432231 668402 551125 803053 999999999 676049 838833 507989 588270 535412 264076 641077 599378 577348 690582 226575 241724 831877 316263 619387 912806 118291 882285 142850 563920 117467 696575 795194 396590 619580 328180 233711 137720 724260 665225 176374 667135 84837 379090 219296 462486 150759 379819 662968 146938 734224 332090 706423 230049 181816 308599 525534 606999 509786 24177 713193 488579 437127 257536 962097 244223 220577 287996 630951 413624 726836 337080 812440 330507 243473 697371 705980 377144 443131 562404 406478 657734 799476 332306 596848 391644 628806
331897 481804 827354 1015323 706293 198555 196146 619589 900772 509590 584792 141175 304174 206423 507496 893117 465403 817891 564587 253415 659740 329935 676049 999999999 167622 300415 262338 783421 477355 190392 195525 521566 369981 671887 439464 218254 990891 633376 265728 577318 262151 536080 123113 642314 621688 304529 626481 134917 412216 862735 575345 48311 411945 735001 240030 757308 723826 852202 392969 532506 722291 149537 724634 445714 1008137 261356 633852 856974 484851 514720 551646 379874 666775 370290 679505 470426 440671 331956 433632 685384 478997 519102 789367 336922 427412 314244 509308 816825 180412 336841 493189 795695 134635 283749 237356 235138 846159 308237 593756 665233
386066 647250 964874 1176040 860344 148573 315288 750921 1065726 676615 752069 131332 368834 219690 660002 1042844 527546 985495 720851 296816 748264 383388 838833 167622 999999999 454166 400043 936046 624623 316363 289676 658154 474328 815227 599265 214396 1151858 767886 195231 735946 229775 697341 275648 809300 670947 357306 786255 280246 579206 1016090 742063 120687 455208 902551 285429 921158 886302 1019172 548425 697782 846087 216649 877541 541823 1170536 281936 776723 1018625 622900 603655 620143 478286 830690 467054 832507 626735 595504 265362 598489 829614 621556 645692 951486 426132 566381 359233 641283 984447 278369 359413 654803 956199 279906 451338 288595 268831 1012921 440619 712069 800128
294468 218645 532553 839646 587733 397825 356581 600283 699358 263438 337404 435619 265578 332795 428305 778080 622458 578014 266690 485014 740543 295162 507989 300415 454166 999999999 82356 483415 429409 156056 395179 234409 195862 603635 336123 355003 814712 344732 445623 450837 401697 399066 276013 431184 774982 288537 333731 174013 180777 733774 376104 338471 604693 502147 474072 573642 437189 629013 94326 359746 711470 402287 609646 259888 822085 510073 572712 683120 470145 617141 684135 496198 490278 215398 379540 172665 367139 479112 288146 611969 449454 249537 501221 221078 425523 305750 508781 573747 213696 566745 207394 503717 292972 155177 466835 307756 581118 92277 615999 375307
214836 299903 567167 921456 663578 326010 364017 660702 781697 345606 419099 403121 184829 255526 495530 854919 643222 659270 330576 479851 782640 215301 588270 262338 400043 82356 999999999 538621 490928 85387 395126 260313 141417 672562 404488 277559 896508 371733 369210 525929 322628 474637 273179 513446 799488 207036 402292 127428 262417 811850 457684 292283 614907 584087 467741 655265 508468 711120 164728 438967 772066 386836 685264 216262 904229 499828 640013 764544 526470 651793 712686 523737 571092 155255 436049 239835 431214 398913 361895 681817 508060 257292 571003 149333 477505 224281 563415 654732 138346 564380 283159 570821 292276 212476 461700 227025 658745 47460 668579 403765
667214 347333 163447 716027 663745 860262 797201 814393 559272 359675 332042 915373 655160 782176 644673 791557 1005860 385636 221132 935215 1032652 669551 535412 783421 936046 483415 538621 999999999 682688 623982 843752 302550 520877 751284 584232 802775 696627 228947 893993 586868 839956 553913 738579 420793 1133706 680453 179055 656171 424798 735510 440436 821814 1017327 379295 926629 531248 156907 460739 390509 488309 902712 869675 682172 501716 679831 966456 742572 613018 740277 955328 1036809 874109 511901 541448 103916 313900 628225 906017 524007 748918 713086 343822 146051 581046 729004 693563 778047 373417 673396 1007833 306374 116659 751553 550252 918038 742089 296351 504128 873916 208452
695762 357341 810115 568687 240432 671777 315482 170884 491104 327543 353660 515277 663310 652419 51242 418221 357487 485092 503992 412907 351868 695481 264076 477355 624623 429409 490928 682688 999999999 510720 355139 598562 624429 195288 105942 671042 546071 679676 737904 146007 720933 143695 354758 309913 459081 679963 508702 467243 302650 393376 257402 522624 401600 409383 413427 346582 544608 482016 435934 200274 282084 425490 255439 688745 571376 450746 158021 420514 57663 280364 363729 245747 269187 642519 603246 456720 64464 798116 169608 208277 30549 639412 598882 640194 73427 696270 95991 490782 557075 443541 416583 622422 346535 278519 404338 656355 565093 519318 199940 700169
187940 373040 648801 979243 704510 242502 327803 675922 845065 414941 490359 331042 155249 177563 523517 896779 612259 731419 415189 427788 772899 187249 641077 190392 316363 156056 85387 623982 510720 999999999 350317 341891 181147 700585 436460 199781 954271 452170 289728 566859 247767 517303 232930 576477 770311 169645 485927 63973 324612 856949 516561 213569 574127 653739 414951 712955 591228 779461 246605 490329 786250 328499 725529 258142 964530 442968 665781 820761 538440 635334 688737 502183 625860 184467 521434 323385 456150 326521 403739 711286 523477 332598 654418 157874 485148 185680 572405 727653 58463 513046 363073 655062 252555 241960 410115 158638 737152 124323 673142 484378
519085 504470 920098 922382 595568 382789 49080 464093 831456 513182 578840 165506 489077 401776 398174 768536 270378 785137 624329 91765 468689 517424 599378 195525 289676 395179 395126 843752 355139 350317 999999999 629390 527563 536159 360440 412659 899279 738628 448535 485636 454095 457553 122018 600077 427587 493248 669904 286347 425568 747576 532715 221776 223957 701714 82912 684191 750499 802838 470013 478200 556721 74159 610317 605120 922658 123394 497751 770371 342434 322942 356152 191231 596804 533818 742946 537045 342377 518426 383551 551259 345827 642390 815322 507884 288648 504624 355963 787099 361640 171574 537552 828773 103323 293746 74302 429761 837414 441972 422409 768420
364730 260280 307017 863539 688363 566435 589746 763145 706988 309299 349720 661380 352871 485388 580395 862232 846585 548456 160262 719416 938357 367047 577348 521566 658154 234409 260313 302550 598562 341891 629390 999999999 218344 737963 493401 505150 839971 111916 595181 566682 539811 517588 510373 468760 994459 378044 230382 387110 296353 810205 442116 552592 835244 495341 708477 616620 331459 616974 171006 457722 869728 635376 710363 206514 836280 744294 714926 722778 649463 827788 900605 716595 554418 238984 211783 145968 534329 604026 431414 742064 624653 56682 380074 278576 616158 391024 689910 539753 383943 800899 201388 368534 527377 363679 701241 442792 507137 217569 797383 143668
146932 376143 507807 1011274 779006 361783 500353 795158 862935 427728 492470 509051 134987 277500 624163 967371 782257 722210 349052 607881 923827 149138 690582 369981 474328 195862 141417 520877 624429 181147 527563 218344 999999999 799216 531960 295273 986626 313030 382166 643464 325087 591488 407030 601060 939200 159856 425423 243680 364107 920963 554321 387139 750125 655433 595197 748883 532890 782742 229906 546936 906480 509519 801116 77575 989777 623963 768537 858811 663168 793166 853370 664550 670946 23866 427605 279764 562688 386256 482594 807308 643474 185078 588254 60373 616002 172686 700990 715587 198076 693105 338286 580489 426568 347130 590041 230848 700855 105234 807164 344296
882654 479188 898632 421026 113327 866982 501588 106580 392050 434832 426701 700414 850585 847074 177464 234312 457401 455454 614679 579359 337724 882579 226575 671887 815227 603635 672562 751284 195288 700585 536159 737963 799216 999999999 268155 865922 402089 801465 933171 173138 915936 220424 548952 331902 501529 868572 596289 660269 448475 223673 315830 716555 524683 402894 582585 277178 597615 422204 590871 282911 153520 609202 110504 857580 434752 615642 38535 300993 193746 349795 422534 386257 246941 819030 692025 591995 244454 993314 317922 15957 193823 785632 637391 821390 249071 885208 185689 465151 749160 590932 540007 666055 539739 461822 574241 849502 557369 695677 190658 816385
615649 252174 706863 576796 271481 623675 313744 271117 472862 225617 261683 505370 583835 592657 92308 462898 431987 430426 399110 435162 455837 615673 241724 439464 599265 336123 404488 584232 105942 436460 360440 493401 531960 268155 999999999 612785 552593 573742 687539 138019 663396 98903 323670 245774 550231 602603 407815 401882 197133 427157 182124 487235 461008 348778 432403 325918 452743 442902 333163 123414 380340 421863 291542 592633 571796 472849 236590 419550 160614 371367 453482 306140 237039 551380 501096 350914 44351 742489 63832 277350 134110 535379 510656 553236 145293 619437 200650 433816 487820 483072 310920 531987 321184 195126 422892 589695 496260 427898 305877 594364
178290 572775 802751 1172148 884226 71671 413842 824926 1041821 614525 690087 306634 168607 22225 692976 1075562 680633 931147 604952 458853 877906 175457 831877 218254 214396 355003 277559 802775 671042 199781 412659 505150 295273 865922 612785 999999999 1147229 606833 92069 748546 50652 701409 331719 773787 835007 151103 678392 212553 522939 1039380 712135 194152 621454 853128 445625 906746 785331 978399 442287 681574 931084 357228 904310 350306 1159218 457424 829043 1013055 687508 732969 768517 598020 818179 281468 703312 516546 624523 130300 589620 878186 677767 479252 847084 238060 630708 149238 715894 927427 141461 536698 560520 845331 347117 425885 444973 64890 935747 301682 806248 638516
1108163 610513 859792 24977 309073 1167891 856702 507486 138184 558975 496837 1054236 1080112 1125780 501124 212941 859152 311978 681164 958654 720474 1109044 316263 990891 1151858 814712 896508 696627 546071 954271 899279 839971 986626 402089 552593 1147229 999999999 852150 1228893 416732 1197498 454878 876245 385783 895950 1103249 621766 935259 634092 187228 438905 1038956 923870 345563 959451 241470 553735 236545 756876 465723 504045 967049 299432 1020504 39276 996353 433109 134449 572820 751775 822596 778095 329051 1010044 693274 715115 559672 1277303 560466 386651 560964 896424 550857 1028494 617351 1120461 578315 323851 1011294 982649 653687 581321 873224 722480 950389 1112907 405192 899878 590289 851980
454193 325426 197358 874447 739080 670724 697850 838070 715157 366694 386987 773285 447297 587994 655554 900898 948222 546373 188155 829174 1026459 456757 619387 633376 767886 344732 371733 228947 679676 452170 738628 111916 313030 801465 573742 606833 852150 999999999 694994 628335 638113 582626 620630 504176 1092994 471346 231367 498796 378899 846700 491699 663872 940829 508228 818455 645119 308524 619665 272549 518585 940901 746598 760405 279598 843330 854772 782285 745332 733330 922739 997965 816955 595465 330399 167469 225054 616645 697642 510131 803683 707445 127952 340842 372823 705133 482514 773727 535991 491729 909893 264544 321336 637275 464989 811049 543083 484528 328019 879616 32246
252421 662519 889866 1253736 958644 67178 459017 884833 1126636 703098 779006 314852 250245 113797 763712 1148666 707464 1019946 697021 478422 917177 249559 912806 265728 195231 445623 369210 893993 737904 289728 448535 595181 382166 933171 687539 92069 1228893 694994 999999999 824763 58935 779181 387660 859482 856803 228790 770422 294464 610114 1114662 796597 228160 640763 941109 465867 989447 877285 1065592 533904 763361 988013 383781 978130 431280 1242166 469660 895584 1094488 749182 771409 798347 639058 900114 366483 794944 608490 695562 71647 669113 946111 741874 567098 939126 323218 691813 222124 774693 1016520 231987 548778 651849 937394 400277 506415 467087 152396 1026704 393717 859154 726408
740192 306945 729519 440615 137909 761278 441503 228354 348107 261750 257110 637806 709178 728068 94914 330049 500801 342722 441610 551811 457235 740468 118291 577318 735946 450837 525929 586868 146007 566859 485636 566682 643464 173138 138019 748546 416732 628335 824763 999999999 799197 51988 460344 179306 589778 729399 425752 536602 283216 290949 146642 624979 547528 271376 551013 201887 437260 336112 425916 109864 318023 551507 159389 696775 437925 589840 157084 285356 193182 414829 497515 391746 123607 664573 521900 420854 143582 878585 164222 175781 171014 615636 483794 671754 218822 746481 219304 349327 620294 587818 367487 510449 456713 325287 541677 722656 429550 542871 295610 643326
193489 620073 832366 1222425 934848 81925 458297 873719 1091436 662680 737954 336458 192054 71718 743332 1126141 719642 978982 646686 494461 921392 190628 882285 262151 229775 401697 322628 839956 720933 247767 454095 539811 325087 915936 663396 50652 1197498 638113 58935 799197 999999999 752047 378889 823202 872387 170103 720953 263134 571924 1090027 761939 232860 657493 901506 481439 956879 828400 1027143 487007 731904 979318 394987 954910 372583 1209263 490045 878951 1063373 736556 776032 808742 641685 868456 308726 741900 559927 674887 79815 640196 928288 727239 510162 889383 265639 679604 163192 764394 975048 189312 569574 605742 886597 393615 476433 481516 98334 981372 343230 853483 669359
689114 258940 691554 479260 188946 716464 411561 262034 374365 216245 221891 604242 658253 680679 95918 380550 500284 344437 397347 529169 480897 689429 142850 536080 697341 399066 474637 553913 143695 517303 457553 517588 591488 220424 98903 701409 454878 582626 779181 51988 752047 999999999 421959 166257 601233 678727 387184 489031 231569 339652 116694 584103 539824 266626 527221 227236 408888 349140 374367 66437 359231 520296 210705 644901 473273 567096 199673 321298 198733 423238 506610 383145 139307 612623 483400 371624 118391 831629 113669 224627 173046 565722 459855 620055 210632 695846 231560 349365 571413 571694 319895 484833 419918 276516 517757 673860 421490 491034 320601 598807
410587 410268 805617 900406 586309 320645 94932 497175 792384 428066 499645 192158 379217 316437 386535 771570 379478 722816 517576 209431 552395 409224 563920 123113 275648 276013 273179 738579 354758 232930 122018 510373 407030 548952 323670 331719 876245 620630 387660 460344 378889 421959 999999999 541755 537621 386649 569526 169648 333739 742535 473772 167889 343096 639040 198198 646869 657738 750644 355951 425929 601069 131115 604125 484473 895232 234191 510856 743154 361870 410152 457921 274836 556605 414360 636046 426983 320765 452048 326559 562552 355903 521331 723382 390723 304440 399695 387087 723042 252765 292577 435094 733894 19650 198020 191205 334431 762228 319963 474633 650962
723205 225276 573012 410535 244249 802197 551802 405149 268698 173336 119280 732404 695724 751853 261081 396901 666296 185318 318431 679039 636500 724165 117467 642314 809300 431184 513446 420793 309913 576477 600077 468760 601060 331902 245774 773787 385783 504176 859482 179306 823202 166257 541755 999999999 765828 719299 279339 565427 252183 343244 68084 690380 703389 103004 675476 149413 265887 209890 371199 122826 484760 655464 263769 637554 391144 716377 327049 258566 364182 588654 671937 546985 93309 624406 371126 334043 278377 902570 217496 328659 338993 523733 306870 642801 375954 736450 394938 188158 634534 728846 272637 334784 544349 359902 665952 734491 255246 514559 474870 512508
945788 792485 1248085 912142 611746 795253 442699 395555 892755 774070 810444 542704 915217 826160 505366 698047 158195 930480 937209 378552 182850 944219 696575 621688 670947 774982 799488 1133706 459081 770311 427587 994459 939200 501529 550231 835007 895950 1092994 856803 589778 872387 601233 537621 765828 999999999 920412 955885 707266 722032 709505 716401 640908 216152 861148 391328 766727 1001888 912183 823585 659257 398803 477847 611858 1015521 931142 389028 479340 802517 402602 179199 96908 278883 709091 948922 1046676 869991 506889 928413 609703 515492 428857 1021386 1057567 927772 404984 932071 371006 937882 787823 312429 845372 1080453 518089 630892 390896 856750 1019164 843077 311566 1118488
29002 501076 663857 1128182 867305 222548 480094 845565 986866 549237 620554 426123 25809 139342 691193 1059262 762518 858093 500369 557923 936463 26507 795194 304529 357306 288537 207036 680453 679963 169645 493248 378044 159856 868572 602603 151103 1103249 471346 228790 729399 170103 678727 386649 719299 920412 999999999 576449 222516 469237 1017342 664569 301834 714874 785823 544545 862138 684566 913414 357087 645559 955877 454065 888721 202495 1110389 564746 834256 971515 708066 796105 843994 661214 778121 140972 585883 421450 624394 226547 565229 878892 693079 343684 742388 99501 654575 17248 741839 852642 133942 641222 474625 736429 405502 407485 541701 88972 847082 207552 841816 502085
569687 168719 304372 644403 521188 728140 622549 649211 485563 182242 169669 752426 550658 656647 473692 673416 826851 320703 76393 760851 860240 571552 396590 626481 786255 333731 402292 179055 508702 485927 669904 230382 425423 596289 407815 678392 621766 231367 770422 425752 720953 387184 569526 279339 955885 576449 999999999 507113 246992 618529 280460 668200 838689 277023 752789 415179 108133 391833 239928 320749 743764 700359 541585 432494 614402 793134 582834 514060 565964 777971 858979 695058 372417 448744 96258 162558 452070 793585 346448 596100 538818 286275 168749 481391 551782 591783 604588 311319 540636 831572 134697 170056 581167 376309 743998 622988 277992 377767 703628 235338
244224 377253 693464 960150 672920 237154 264579 628442 832208 413486 489855 275840 212064 191657 484874 864723 549126 729624 440686 364341 714433 243140 619580 134917 280246 174013 127428 656171 467243 63973 286347 387110 243680 660269 401882 212553 935259 498796 294464 536602 263134 489031 169648 565427 707266 222516 507113 999999999 318184 827546 502162 166739 510180 649353 351591 695273 609018 772566 268331 469538 737653 266114 693291 321058 947946 380460 624333 800969 490354 575233 626702 441192 606259 248111 552492 346670 416588 342853 377067 671804 477383 384314 673677 221687 435438 237121 522509 726924 91068 449594 377628 677170 189210 213349 346581 189241 744801 173471 620522 530735
475042 79057 526321 659039 416141 555173 377468 466999 520880 97410 173212 523676 446354 500878 284589 603338 585531 411518 215655 515669 647567 475795 328180 412216 579206 180777 262417 424798 302650 324612 425568 296353 364107 448475 197133 522939 634092 378899 610114 283216 571924 231569 333739 252183 722032 469237 246992 318184 999999999 556946 195337 458523 592814 331276 508169 392901 325501 455556 142840 182862 574442 462109 438356 413936 642123 548956 422492 502343 354948 547741 625699 453051 309860 386221 329337 154421 238755 651034 135212 454338 329480 339708 390789 398667 326686 486463 395415 409058 382854 584857 123589 403288 342765 135742 499191 482358 433967 268669 502163 401276
1026685 556641 896515 202638 156466 1050542 708840 325663 230577 504595 462241 908652 996314 1018970 356167 56050 679739 367048 661668 798013 533284 1027125 233711 862735 1016090 733774 811850 735510 393376 856949 747576 810205 920963 223673 427157 1039380 187228 846700 1114662 290949 1090027 339652 742535 343244 709505 1017342 618529 827546 556946 999999999 371248 909612 748287 356257 800291 205344 580038 304387 694578 374453 316939 818703 138550 966952 224073 834962 258566 138179 408857 570057 638273 608671 256001 943164 705278 670806 422088 1169329 453233 207748 402045 864235 598179 954420 459395 1034518 407389 379406 910949 813708 610640 629474 736438 615935 791620 1013368 475875 824455 406741 853584
670191 185435 583401 463867 247834 738252 484294 374034 330046 133678 110959 664325 641669 690361 212044 421527 609485 252431 303552 612624 597292 670984 137720 575345 742063 376104 457684 440436 257402 516561 532715 442116 554321 315830 182124 712135 438905 491699 796597 146642 761939 116694 473772 68084 716401 664569 280460 502162 195337 371248 999999999 623498 642585 169075 608775 197581 292762 277267 325385 59243 464173 587511 269479 596642 447993 649794 303325 307042 313913 537764 621122 486896 116840 577172 376282 300141 218164 841560 149601 315857 287545 494849 343172 592446 318777 681797 347922 254513 574146 664309 240967 368198 476273 293995 599255 675097 314236 462860 436543 504113
330342 526816 859419 1063363 753226 161589 231033 661296 949082 555932 631422 125122 305571 186595 553964 939316 487076 865413 604481 265094 690195 328095 724260 48311 120687 338471 292283 821814 522624 213569 221776 552592 387139 716555 487235 194152 1038956 663872 228160 624979 232860 584103 167889 690380 640908 301834 668200 166739 458523 909612 623498 999999999 427397 782659 251799 805595 767050 900257 432183 580815 762316 163083 771361 460566 1056342 266162 678363 905099 527906 544532 575889 411292 715061 384566 717975 510217 487535 297085 481940 730268 523152 546046 832412 347880 470521 309204 550889 864212 190460 344671 535812 837879 177104 331414 250906 223533 892244 336238 632036 695960
741329 670040 1112167 944024 616820 579644 250963 425150 887876 664512 716858 326555 711888 613656 452830 753070 84249 884255 805623 163038 317613 739564 665225 411945 455208 604693 614907 1017327 401600 574127 223957 835244 750125 524683 461008 621454 923870 940829 640763 547528 657493 539824 343096 703389 216152 714874 838689 510180 592814 748287 642585 427397 999999999 805629 176070 746346 903499 883611 668355 583407 481121 264649 624606 827563 954102 173366 491280 809262 358604 193568 173911 156681 670772 757138 921747 726570 425099 712392 508139 540577 377369 854217 964978 731800 329900 725481 346297 889117 584681 100156 714421 983385 323576 477895 176492 646682 956759 660911 352186 969001
786662 284838 540424 368707 299790 886425 653211 488125 211721 238974 165299 830621 761261 830974 359384 412295 766715 83862 335874 781567 723912 787907 176374 735001 902551 502147 584087 379295 409383 653739 701714 495341 655433 402894 348778 853128 345563 508228 941109 271376 901506 266626 639040 103004 861148 785823 277023 649353 331276 356257 169075 782659 805629 999999999 777813 152313 223992 127696 429751 225710 555942 755581 315008 681979 340973 818801 405512 239203 461984 685590 768544 649072 157490 679237 354783 377381 380917 980021 318286 396467 437668 551949 245155 702557 477198 802693 490437 85444 712197 831849 317314 275997 642695 451264 768292 809535 158470 578439 562970 510116
571789 587131 1001578 981932 652219 403925 130759 500371 898836 594864 659358 154306 543546 438337 459950 816817 242648 860792 707072 13407 464335 569864 667135 240030 285429 474072 467741 926629 413427 414951 82912 708477 595197 582585 432403 445625 959451 818455 465867 551013 481439 527221 198198 675476 391328 544545 752789 351591 508169 800291 608775 251799 176070 777813 999999999 751877 832793 875185 551373 552892 582964 90554 665279 672636 984667 41349 544884 833269 391463 321368 334888 207039 666336 599412 825715 619356 409750 537398 460664 598198 399542 719163 897467 570274 342507 554205 397657 863255 417733 98164 620456 911242 181180 376657 9525 472929 916386 515072 447004 848575
867539 374060 691539 266446 164949 929381 638619 375613 147266 321759 267083 831209 839177 885179 296145 261179 694494 182159 462985 753053 612723 868365 84837 757308 921158 573642 655265 531248 346582 712955 684191 616620 748883 277178 325918 906746 241470 645119 989447 201887 956879 227236 646869 149413 766727 862138 415179 695273 392901 205344 197581 805595 746346 152313 751877 999999999 375171 146000 519025 226435 424660 747527 174942 786800 252726 791080 290143 109971 388194 599799 679811 591755 90535 772056 500310 483427 342356 1036648 323893 267294 369092 672043 396917 788925 419914 879363 406835 193066 770131 789571 421981 427944 645887 483379 742485 871591 289290 659736 457231 650517
