NAME : synthetic_000149
TYPE : CTSP-D
DIMENSION : 100
GROUPS : 8
RELAXATION_LEVEL : 1
EDGE_WEIGHT_TYPE : EXPLICIT
EDGE_WEIGHT_FORMAT : FULL_MATRIX
EDGE_WEIGHT_SECTION
999999999 847167 823684 380305 475333 484539 806611 130364 504382 206795 722690 363074 494703 525728 575818 698111 958902 262247 515326 568408 392254 759263 478144 434282 750646 560827 554798 391208 663053 183152 99248 545694 102889 559874 652186 422489 342855 822273 382535 129114 423499 555201 977896 100851 280889 861267 700668 594115 601452 992814 290187 396105 327506 1047739 640149 239950 531223 716983 77736 344802 889931 657990 739906 644535 838167 146635 587378 574303 321263 265350 728686 513453 668028 428640 485596 460074 636754 469667 459772 495096 607522 103199 617000 188755 998280 468821 301529 556399 586201 504818 936689 532565 720300 413612 775344 218137 661495 446683 242440 731142
847167 999999999 665583 858522 383560 425004 529643 782841 733397 657820 666065 525318 633206 451605 639216 799821 149874 598478 634831 529230 772460 374151 429241 438843 551425 287734 508406 849912 203259 1026400 838678 647986 748029 587262 665213 498329 680146 251430 562913 961057 423859 313873 158580 795018 881254 86907 296251 272135 280388 146632 1109490 799271 554865 200576 771038 678950 764924 339169 876855 551995 94637 521757 142855 577661 217770 982956 630655 677449 863190 608690 731059 823717 537734 630954 772574 413392 363890 534555 585462 380327 467847 807643 233067 947817 173405 494055 827141 646257 379438 610781 151317 402446 370623 576035 708606 732685 511962 488969 692881 281970
823684 665583 999999999 539454 539338 774191 138440 863355 1080400 769164 1154360 521019 996162 371600 249064 1236243 808328 739501 308785 277385 469097 944468 453648 721294 121952 578645 928908 523609 684503 928873 889072 1040674 779820 1000657 178022 458818 930080 874227 841550 861915 608795 508951 809793 724237 1040089 593459 383765 685766 489178 754601 936519 482224 547123 771804 1185416 842900 343388 333682 791578 522037 760199 1007803 710829 1044706 853021 882605 236717 1080627 1055529 594366 141198 402242 183677 948578 388414 717123 854026 888379 929938 715402 929671 866268 572911 779719 667589 844413 1019138 269304 826636 984128 815998 411687 301226 884182 80711 606629 205122 816303 861634 847175
380305 858522 539454 999999999 498608 659723 579659 481788 827805 461919 1003501 358418 783845 413482 310288 1019888 1001188 477632 268798 375829 89715 933046 430921 591421 514111 599275 790438 15935 737311 416666 475030 837768 399736 828604 364040 364027 652608 941527 629451 359879 504657 550097 1014341 290064 656637 833831 604559 687769 578368 998622 400701 65250 343647 1042305 961188 536973 197183 592164 316429 332695 932806 896230 805691 904381 942060 376143 324900 874245 691798 324426 412090 150695 445288 717629 151042 607738 807281 713331 728504 632374 825644 466879 640998 259619 961979 688885 665496 290447 758855 784737 990100 457335 577923 674096 470550 210571 453993 657999 550259 867522
475333 383560 539338 498608 999999999 235854 451968 436589 548149 311655 619287 145027 459073 172469 375413 696998 514121 258591 339668 279096 420791 457271 94171 182620 423844 101886 391420 492985 238707 649140 485998 501906 382796 461436 437762 140237 416757 444934 312222 581839 77082 80509 529914 413769 577244 387155 249862 194012 128014 530009 726858 447069 171922 581724 646810 361264 460090 283966 496754 172123 444188 477931 308303 509405 443688 604181 374836 541717 576035 225384 526324 503845 356601 416919 449799 177925 342153 349610 393116 180050 399181 455470 151226 564269 524363 305154 537514 370889 303507 445815 498894 127713 301363 351075 537120 350207 334216 277584 379278 377956
484539 425004 774191 659723 235854 999999999 679489 387747 335021 277778 384155 318638 237284 407974 604353 464388 500957 224030 561677 513740 598973 282664 327405 68636 656896 215347 155655 658734 221791 666746 446322 272896 382222 227108 670806 352483 255144 339024 138499 612047 177022 273888 522148 470111 458544 473647 446357 155679 309461 556782 772332 622386 321306 615165 416980 270353 670532 491481 537780 338759 437318 248180 289557 274482 358122 630892 605407 311603 438379 336298 760243 703222 592126 214069 650627 59429 155740 125366 175869 62145 171206 416949 253719 635567 596797 78683 402755 597235 104538 219919 473819 362784 515679 153203 772846 464910 569238 64531 280629 246882
806611 529643 138440 579659 451968 679489 999999999 825510 1000103 718647 1051450 468600 910252 301938 269371 1143856 670848 680456 316844 238299 497399 824557 378503 633662 65796 472393 830886 564674 564606 934199 859116 951141 747391 906351 229128 403300 861759 745902 763254 864579 526820 406536 671882 711781 994208 455788 258157 574452 378505 616163 960005 516404 499951 633758 1095891 786547 397570 206757 787117 476586 624260 901982 583717 942886 722759 886546 254761 990466 1003528 555475 244671 463347 141247 868732 434504 625466 742590 799516 844581 618418 825218 833297 457761 794905 529876 753857 965832 289358 720067 895993 679358 327473 175404 802984 199383 598008 145121 727968 805431 725576
130364 782841 863355 481788 436589 387747 825510 999999999 374249 126616 593540 358714 366313 528298 623392 568339 881103 185000 563065 592721 474544 650058 464985 349332 775900 505898 435817 490264 587671 291920 58605 416471 87370 433751 701828 423764 213806 726069 268863 252611 370677 516456 901312 192855 182116 808892 680435 516896 564286 925153 410416 484285 325896 982022 510193 121618 605400 705439 206763 348928 814116 535971 663061 518718 745864 265944 632926 444297 211153 270805 785244 599667 693672 301332 563641 375743 532475 351751 335828 410968 491292 31311 562009 318622 943741 358033 183718 605905 483619 377679 856207 521423 714559 293594 825161 287189 682390 340327 118776 633078
504382 733397 1080400 827805 548149 335021 1000103 374249 999999999 366702 242487 571634 100720 708985 877196 194818 770214 364604 824014 806377 797127 436324 627264 367827 969428 549284 226947 832964 538837 644530 414254 96749 437577 156283 951871 626933 175216 562374 238853 620147 473850 602360 792591 555107 288828 794977 779012 482937 641729 845770 769106 813757 555429 903534 136209 290957 905948 822115 580991 579925 719238 263788 590621 215594 595963 629564 882011 93937 241396 532819 1041991 919044 896843 131877 873232 379937 375673 209820 159380 396304 277718 401629 588569 692871 906427 256342 231481 865047 353959 122638 738234 673764 844210 197167 1065894 617951 876918 276506 278698 479111
206795 657820 769164 461919 311655 277778 718647 126616 366702 999999999 550376 250669 324907 417443 539985 557976 760302 59444 481847 493118 431413 553772 348031 230115 673379 379321 358495 466590 465259 389087 180912 378813 105080 378135 618023 315643 191713 615986 184857 334844 244201 390970 780059 208029 275762 682403 558174 394913 438832 801092 495649 447313 222152 857560 499301 79457 547018 585789 264191 247141 692426 464629 541429 459812 632815 353291 547613 413883 286576 179470 705427 554685 592709 257627 511039 256362 430276 273930 275679 291704 407311 149849 435483 368942 817486 266046 249974 524635 379568 328717 736522 404160 597015 223495 739113 251543 578681 241750 96505 524510
722690 666065 1154360 1003501 619287 384155 1051450 593540 242487 550376 999999999 692842 228516 791723 987540 150704 655321 526088 942725 897827 956964 300428 711524 446002 1035026 579095 228909 1005801 509172 876957 641004 177069 640985 174965 1054884 733936 379879 438894 374052 845603 559905 646565 676798 755637 530998 743892 803042 480135 673182 744786 1000057 977538 687872 797961 155663 488235 1044991 852469 795958 709010 621925 151747 531535 109900 477032 857410 989039 153086 483876 684800 1144391 1070709 973984 295795 1020154 443349 318304 292736 275695 439879 226311 623464 598388 907240 828099 325975 472294 979611 332051 221774 622035 744904 880342 329743 1156337 794608 950319 357514 481996 384192
363074 525318 521019 358418 145027 318638 468600 358714 571634 250669 692842 999999999 498627 169598 305583 744494 658753 218615 253838 243785 286523 578917 115493 250948 422738 246842 466196 354225 381430 524650 397245 548814 285966 522047 380568 65338 411729 583307 336684 455109 148864 212342 674202 285983 525751 520354 338032 329427 252811 671028 591843 311695 35571 721010 689211 322135 352858 354352 369770 27095 588922 565815 452782 585739 584932 477900 310469 588663 536900 97769 470497 384821 342408 442223 332021 261344 455606 402795 434057 280556 489761 369430 295150 425723 656657 366870 499791 293914 409742 491583 643886 169511 359539 382434 497189 207614 328014 335338 340938 509526
494703 633206 996162 783845 459073 237284 910252 366313 100720 324907 228516 498627 999999999 624789 802943 245912 674279 307685 752465 725497 743934 351278 542634 276651 882610 452530 129947 787291 438117 653435 415905 53979 412694 76123 875548 549382 152636 470472 162473 618870 387377 508404 696625 527988 331133 694270 683251 382663 546090 747677 775160 762792 486866 805688 190960 259908 843220 727542 567520 510241 621443 190853 490538 157725 502599 631512 806637 91430 290830 473296 965907 862275 812531 67653 813947 285826 278324 112196 66228 299206 185365 396694 489885 678732 806382 158963 268578 792229 253874 23569 642743 586206 750707 116298 986175 573519 791515 182455 253491 384089
525728 451605 371600 413482 172469 407974 301938 528298 708985 417443 791723 169598 624789 999999999 210882 866163 598781 378556 188700 107283 324924 616697 82165 351294 262152 238982 563625 403307 372319 675415 566234 670035 454588 632232 266944 104995 562579 581699 470190 604827 237662 170306 609758 439638 693202 420727 195556 348366 179489 587513 726634 351389 203269 629484 814523 484609 318422 196761 521371 182351 533130 650000 425896 681852 572207 627634 207850 710095 701649 263061 354493 373712 187933 577123 321623 349430 508775 517959 558562 352412 571226 538781 259185 556946 548713 474895 663909 210613 473428 613220 592002 55459 195466 512593 364898 339079 168257 445999 503494 528905
575818 639216 249064 310288 375413 604353 269371 623392 877196 539985 987540 305583 802943 210882 999999999 1048426 788994 519455 60762 111172 229262 827128 281298 541647 203879 449822 758676 295336 582367 681174 644933 852081 537871 821237 78512 254605 715006 790868 641706 613579 427697 380993 797233 475862 803302 591862 348845 558885 384984 763236 695851 247245 323745 797333 993834 617300 138404 319463 542520 298623 727178 851097 632380 878384 779595 634533 14612 892131 822954 360839 165892 204878 138575 747688 167673 544925 716774 703129 737694 553569 772650 623683 468080 534618 704495 663722 787999 20805 678911 794722 786376 266027 296530 687093 201826 358120 153003 633001 635493 739780
698111 799821 1236243 1019888 696998 464388 1143856 568339 194818 557976 150704 744494 245912 866163 1048426 999999999 800468 549364 998324 968693 985377 444975 784108 515054 1120412 675408 315774 1024485 627824 831154 606001 196630 632275 237659 1120439 794407 368199 583553 408296 811160 628628 737775 822255 749807 462821 873614 905533 587578 770626 887741 956214 1003113 732615 942171 58866 484231 1088299 952759 775077 756101 763069 278245 660769 222267 621282 819362 1051867 156484 412975 716841 1210785 1105467 1053069 306396 1058015 519667 439832 348212 310733 525546 337645 595054 703691 886810 966284 391849 413039 1037949 440567 253934 767186 824711 978354 362203 1229487 809488 1031141 420175 472793 520725
958902 149874 808328 1001188 514121 500957 670848 881103 770214 760302 655321 658753 674279 598781 788994 800468 999999999 701175 783603 678838 916485 355561 570323 531781 696969 413345 544410 993240 295867 1140993 938786 677272 857193 615555 814752 638220 749683 216915 637805 1078342 541970 451847 22379 916300 957266 215117 445555 365506 423577 96267 1231442 943336 685780 143307 781917 768900 913858 487041 995898 685795 70108 527539 219110 585175 179338 1099551 780502 700107 932692 735522 879288 971919 686745 686617 920316 505365 396155 590740 638020 470142 492876 908221 363745 1074235 202530 557423 899085 795832 428338 650800 33298 548069 517938 640903 854843 863988 661149 560424 780533 291199
262247 598478 739501 477632 258591 224030 680456 185000 364604 59444 526088 218615 307685 378556 519455 549364 701175 999999999 463664 462139 436468 504017 304419 172222 638602 321287 320805 480411 405946 445308 240200 361313 159379 351392 596274 281179 195954 560215 152337 388537 187948 336566 720849 249039 320176 624013 507457 335705 384339 741653 548451 455110 195826 798148 491593 106357 541347 537636 313823 221089 633164 427823 482216 429346 575942 407840 525744 398876 323931 168260 685319 556131 559660 243240 509203 198235 378691 238981 250872 233463 365063 209168 377229 413732 758742 222994 285857 505698 327568 307327 677626 359521 550779 196475 714882 268594 543747 195595 125180 469593
515326 634831 308785 268798 339668 561677 316844 563065 824014 481847 942725 253838 752465 188700 60762 998324 783603 463664 999999999 112578 182389 796067 247317 497012 252926 422567 714361 254911 559140 623979 584197 802518 477343 774131 138834 209213 659571 769088 590453 555768 384707 356837 793411 415558 743314 594901 354380 529215 368079 765186 643494 203812 268821 802869 943015 559738 130377 332909 483330 244116 719339 809610 614518 834265 760546 577005 72102 842418 763633 302406 223747 189942 178128 695566 142051 502408 681659 655286 687808 513924 731692 563056 447344 479852 714335 617417 728971 42988 641419 745239 778438 243578 314629 636264 262414 297881 185258 586270 577758 712360
568408 529230 277385 375829 279096 513740 238299 592721 806377 493118 897827 243785 725497 107283 111172 968693 678838 462139 112578 999999999 286868 722277 186345 455098 183625 344106 669337 362862 473617 698500 623386 772163 512137 736431 159783 181550 653088 681148 567816 628429 340578 273945 687542 473564 766196 484977 242989 454096 274688 655939 732046 310619 271029 692137 916037 565877 238276 220353 549670 246289 616444 756970 521778 788028 669115 650652 104922 812302 779694 321946 247310 301086 101022 674922 254554 454797 615827 620710 659402 459144 678203 598513 358704 564174 602327 578681 742930 117037 580710 715033 675652 159993 202907 611577 260800 360625 93356 549106 584658 632743
392254 772460 469097 89715 420791 598973 497399 474544 797127 431413 956964 286523 743934 324924 229262 985377 916485 436468 182389 286868 999999999 865358 347368 530343 432436 519754 737481 78453 658882 464396 478791 797326 388087 782299 291202 282748 622833 865605 584712 400662 435235 467054 929092 293327 655278 745610 515028 612967 492991 911376 467995 26852 277880 954287 927265 509874 141025 502480 341156 262723 848647 841437 725148 854310 864179 419846 243710 835248 685412 272195 351467 125298 360321 679656 93832 544195 741389 664462 684988 566021 768161 465106 558831 311614 872951 635805 655621 208716 694502 742364 906423 370311 488501 630556 406025 187669 367387 604323 525152 795050
759263 374151 944468 933046 457271 282664 824557 650058 436324 553772 300428 578917 351278 616697 827128 444975 355561 504017 796067 722277 865358 999999999 548766 346889 822523 378173 228973 930545 260242 938555 707836 339745 658822 280866 881363 595447 466900 138696 381219 888123 430123 448686 377294 752074 671638 456834 566548 268332 457658 444358 1049158 890240 589635 497749 428712 528447 917245 617970 817188 602779 322151 177117 253016 233685 176688 905805 824542 355417 636693 614029 965288 958873 776925 385041 904990 327179 127423 303454 336738 300702 169191 680921 372310 917363 529768 292106 609263 824922 178256 328321 322268 562396 649163 362425 963428 745232 750914 312584 533253 100384
478144 429241 453648 430921 94171 327405 378503 464985 627264 348031 711524 115493 542634 82165 281298 784108 570323 304419 247317 186345 347368 548766 999999999 269424 342645 177805 482992 423271 316913 639673 507460 587914 397515 550596 344053 69628 483404 526687 388593 569883 155525 119707 583759 401033 622881 414167 222606 282168 149176 572132 703310 374176 150966 619214 732369 410762 370969 241274 484697 137265 501891 571571 379200 601757 521492 592712 280670 627986 628347 213124 433050 418674 269973 495387 364804 268460 435757 435895 476406 273557 492876 478589 211796 535407 548723 393068 590228 277166 397664 531072 559324 56439 249630 430659 446206 315077 249655 363983 429552 465826
434282 438843 721294 591421 182620 68636 633662 349332 367827 230115 446002 250948 276651 351294 541647 515054 531781 172222 497012 455098 530343 346889 269424 999999999 606446 189504 217363 590282 239280 617415 407041 319437 331398 281334 610089 287993 255506 389388 139799 559520 114655 235262 551986 410827 445264 476128 413524 168414 276861 578038 718398 553754 252728 635591 464291 240288 603476 455023 482203 270488 464890 314901 313914 337260 403964 579283 543429 359344 432311 268596 700037 635123 538021 238267 582712 26421 219480 167114 210925 61756 238996 376560 238249 576103 605997 123647 394770 533613 169170 263203 507163 310139 476494 172328 715534 398534 516253 95036 254040 300455
750646 551425 121952 514111 423844 656896 65796 775900 969428 673379 1035026 422738 882610 262152 203879 1120412 696969 638602 252926 183625 432436 822523 342645 606446 999999999 457802 810795 499073 562597 873447 807010 925723 695739 883877 164961 358127 824698 753690 731037 804210 495836 388700 699955 654344 947880 483640 263675 564273 367504 649560 896420 451072 452243 671884 1070638 743894 332002 214724 728048 428040 645712 887619 590087 925587 733325 825972 189280 965483 959593 505108 192436 397960 82778 837590 368708 600749 732651 773447 816504 597234 809747 782083 450997 732223 570033 728745 922351 224024 706116 869649 702592 296407 182342 772453 158198 539207 94872 701428 762769 725323
560827 287734 578645 599275 101886 215347 472393 505898 549284 379321 579095 246842 452530 238982 449822 675408 413345 321287 422567 344106 519754 378173 177805 189504 457802 999999999 360213 593186 139584 738980 559390 487417 463355 438003 503281 237128 444636 348934 329223 673356 137669 71113 429691 507426 626999 303260 231180 110220 95232 434266 822203 546272 272577 487861 630432 413789 548331 277397 589123 273932 343283 430243 206661 470522 344825 695298 446738 525444 618256 322790 587984 596411 403293 423752 542492 171464 276174 340406 389919 153324 352963 528345 56458 662077 439144 293610 580167 448706 248447 435226 397357 184299 303172 358840 589498 450678 378058 273203 430104 290218
554798 508406 928908 790438 391420 155655 830886 435817 226947 358495 228909 466196 129947 563625 758676 315774 544410 320805 714361 669337 737481 228973 482992 217363 810795 360213 999999999 791283 319830 727645 491667 139931 460037 81238 826046 505350 239808 341434 173836 683478 331008 424360 566765 565987 442720 573693 589821 273093 455429 618840 843910 759351 463672 676656 274139 315904 819008 637324 620330 483698 492355 107023 365586 119905 372946 699166 760131 172483 407963 467035 915641 847576 747341 156074 796081 214590 148818 85207 108159 213581 59832 467121 388121 727217 680852 101754 380298 750908 130741 106421 512814 517980 663380 142224 928484 585923 724183 133158 317055 254168
391208 849912 523609 15935 492985 658734 564674 490264 832964 466590 1005801 354225 787291 403307 295336 1024485 993240 480411 254911 362862 78453 930545 423271 590282 499073 593186 791283 999999999 731652 431518 485070 841155 407318 830846 348355 357120 657751 936730 631808 374042 501385 542725 1006144 299384 666244 823940 593337 683199 570031 989378 416595 52609 340911 1032567 965859 542397 181251 580031 328731 328911 925088 896749 799342 905907 936648 390604 309947 877931 700722 324530 396160 135353 430842 721375 135197 606042 805174 714959 731210 630022 825528 476122 634002 274556 951404 689615 673873 275619 757096 787714 982595 448140 565287 676740 454618 215058 439952 658571 556045 863709
663053 203259 684503 737311 238707 221791 564606 587671 538837 465259 509172 381430 438117 372319 582367 627824 295867 405946 559140 473617 658882 260242 316913 239280 562597 139584 319830 731652 999999999 845282 644796 459188 561340 400896 630118 376512 476913 210108 359672 783145 250170 202359 315117 622914 678461 256288 306955 70881 201189 338913 937553 685312 403670 396704 591795 479266 686340 358309 701347 408271 227285 357748 76911 408303 205339 804180 578020 492210 659935 447571 711144 735565 519835 430151 681715 213168 190918 334645 386153 178907 290241 614020 115425 783343 375195 292440 623949 582921 189325 416660 274189 316861 389212 373488 705813 579387 493526 285913 492382 162959
183152 1026400 928873 416666 649140 666746 934199 291920 644530 389087 876957 524650 653435 675415 681174 831154 1140993 445308 623979 698500 464396 938555 639673 617415 873447 738980 727645 431518 845282 999999999 237971 700976 286019 723588 751379 577547 501380 1005032 558664 70632 602675 727585 1159751 238672 374072 1036294 861021 776735 772426 1172567 125087 457522 489726 1226786 775769 412225 603307 871410 154999 502598 1071778 827695 922184 808539 1021250 47967 694506 724738 423210 428647 815859 566584 793005 590676 555109 643225 817641 643303 627304 678247 782613 260612 794667 157090 1173503 646780 418245 660525 767456 666702 1119202 691162 870558 585427 869663 339133 791235 626356 410680 913569
99248 838678 889072 475030 485998 446322 859116 58605 414254 180912 641004 397245 415905 566234 644933 606001 938786 240200 584197 623386 478791 707836 507460 407041 807010 559390 491667 485070 644796 237971 999999999 464344 111873 485623 722831 461239 263554 784673 326638 205973 422953 566342 958882 186580 182440 862644 726134 574125 614005 981636 359327 485419 362978 1038270 548772 179546 614554 748706 176064 384452 871544 590274 720463 570582 804430 216516 655374 489827 222016 304208 803473 602445 724331 352717 570624 433462 590856 408223 389749 468753 547867 31082 615716 284546 998088 415984 203047 626528 542125 428799 914129 563691 756088 349623 846495 295420 714765 398747 175112 691671
545694 647986 1040674 837768 501906 272896 951141 416471 96749 378813 177069 548814 53979 670035 852081 196630 677272 361313 802518 772163 797326 339745 587914 319437 925723 487417 139931 841155 459188 700976 464344 999999999 465582 61788 923855 597892 202845 467288 214252 668607 432389 546619 699644 581300 366215 713585 718589 409168 582088 755154 823599 816363 538242 812488 144924 312869 895230 764264 619288 561287 628425 167370 505250 122248 501530 680604 855386 40150 322436 526291 1014194 915198 857279 121295 866556 325704 285864 152325 114799 334936 184564 446432 520918 730771 820069 197306 304850 841843 270540 57361 644969 629541 788570 167907 1032962 627472 835672 224402 305696 386146
102889 748029 779820 399736 382796 382222 747391 87370 437577 105080 640985 285966 412694 454588 537871 632275 857193 159379 477343 512137 388087 658822 397515 331398 695739 463355 460037 407318 561340 286019 111873 465582 999999999 472631 616177 349602 265944 719513 286346 229900 325687 463273 876392 117533 269480 765611 617823 492017 510434 893090 390591 398691 251418 948545 573486 152786 518085 638732 160351 272633 788469 565085 638101 556171 735280 248707 547754 497561 297371 192335 698824 513343 613140 345209 476553 357215 535296 374917 370669 392272 510638 86540 519771 268264 902187 370189 267862 520054 484520 419920 834590 453493 645292 321257 739696 200462 603191 346610 160749 628581
559874 587262 1000657 828604 461436 227108 906351 433751 156283 378135 174965 522047 76123 632232 821237 237659 615555 351392 774131 736431 782299 280866 550596 281334 883877 438003 81238 830846 400896 723588 485623 61788 472631 999999999 890946 566679 222527 406220 199179 686056 395928 500137 637929 585130 407253 654078 668563 353968 533177 693405 844009 802703 515146 750711 193463 321099 872812 715399 630506 536945 566671 114924 444687 84995 440145 699687 823631 91314 366734 510104 981043 896892 818024 132921 846786 283544 224420 119374 102483 287951 122781 464661 468123 740594 759006 157859 344678 812194 211624 57649 583295 588981 740776 155503 996792 619983 795565 188242 317436 324398
652186 665213 178022 364040 437762 670806 229128 701828 951871 618023 1054884 380568 875548 266944 78512 1120439 814752 596274 138834 159783 291202 881363 344053 610089 164961 503281 826046 348355 630118 751379 722831 923855 616177 890946 999999999 326166 791424 835420 715191 684891 495504 432692 821033 551833 881813 609436 369253 613426 429376 780215 758957 305081 400448 809491 1066506 695035 171835 331182 616239 375195 756369 915600 673877 945287 821208 705355 70564 963980 901377 439070 90360 235860 130599 821678 213676 611539 775609 773724 809918 617592 836883 701868 514731 601711 711979 733116 866337 96305 740235 866516 815192 319578 303269 760163 123665 434117 154603 702850 713308 790675
422489 498329 458818 364027 140237 352483 403300 423764 626933 315643 733936 65338 549382 104995 254605 794407 638220 281179 209213 181550 282748 595447 69628 287993 358127 237128 505350 357120 376512 577547 461239 597892 349602 566679 326166 999999999 471576 584510 389322 507271 175586 186424 652076 339723 590965 483653 283821 334229 218648 641617 636739 309353 98288 688839 740341 385902 322556 295114 422690 77842 569380 600501 442470 625235 581849 530133 257508 637991 601523 158409 416525 363949 278517 496100 309937 293260 476850 448533 483792 305977 522740 433840 276973 468108 617866 409306 564228 245746 434563 540535 626321 114119 297865 434073 439051 247672 263293 378467 404761 518075
342855 680146 930080 652608 416757 255144 861759 213806 175216 191713 379879 411729 152636 562579 715006 368199 749683 195954 659571 653088 622833 466900 483404 255506 824698 444636 239808 657751 476913 501380 263554 202845 265944 222527 791424 471576 999999999 565722 118185 466278 339678 483646 771431 383112 208886 726513 662529 409634 528264 810511 622647 639006 391266 869017 309342 116039 734891 700122 416805 416394 688811 330630 543651 307332 592272 478886 720977 232379 183659 362297 880780 745501 748123 89799 700689 276487 364961 165292 132214 304585 299144 244075 493593 528512 851700 192390 149412 701510 323762 165363 720734 534884 718113 109436 908917 442750 730383 191546 105263 473026
822273 251430 874227 941527 444934 339024 745902 726069 562374 615986 438894 583307 470472 581699 790868 583553 216915 560215 769088 681148 865605 138696 526687 389388 753690 348934 341434 936730 210108 1005032 784673 467288 719513 406220 835420 584510 565722 999999999 464009 948585 441406 412253 238737 798868 774415 337741 490466 253939 406611 306193 1107771 891766 601655 359098 565773 606769 896449 540891 871559 609496 186593 311932 163725 369410 38292 968048 785946 487271 744317 638234 913637 945340 719770 492614 891426 364603 200770 400990 443229 330968 285412 755636 322819 963436 395477 376383 713544 792118 244644 446929 183635 526266 573243 456673 903428 771702 693196 387758 615094 93522
382535 562913 841550 629451 312222 138499 763254 268863 238853 184857 374052 336684 162473 470190 641706 408296 637805 152337 590453 567816 584712 381219 388593 139799 731037 329223 173836 631808 359672 558664 326638 214252 286346 199179 715191 389322 118185 464009 999999999 511570 236444 373056 659238 392721 320187 608336 551991 291740 415977 695244 672467 604532 324393 753645 352571 147246 681007 592004 446691 347806 575161 279773 428031 277390 487388 528022 645823 253455 300293 312852 805495 701386 658010 107124 652429 159145 265990 89074 100366 186426 224989 299802 376642 553390 733980 89497 264344 630544 219373 158068 609864 436092 612005 46348 827781 420903 638225 77592 152606 370487
129114 961057 861915 359879 581839 612047 864579 252611 620147 334844 845603 455109 618870 604827 613579 811160 1078342 388537 555768 628429 400662 888123 569883 559520 804210 673356 683478 374042 783145 70632 205973 668607 229900 686056 684891 507271 466278 948585 511570 999999999 538009 659677 1096739 169297 366803 968875 790889 715461 704068 1107474 161099 395769 420383 1161172 754278 367965 540843 800898 85468 432692 1008823 786076 860035 770953 963328 22862 626720 695215 413608 359744 751574 507842 723457 553881 492779 584894 765118 598423 587003 619537 736541 222221 728683 106725 1106058 597923 402330 593024 714395 630227 1057324 621014 799940 541934 804291 268650 721298 575584 369142 858125
423499 423859 608795 504657 77082 177022 526820 370677 473850 244201 559905 148864 387377 237662 427697 628628 541970 187948 384707 340578 435235 430123 155525 114655 495836 137669 331008 501385 250170 602675 422953 432389 325687 395928 495504 175586 339678 441406 236444 538009 999999999 149719 559731 374351 503291 440375 325495 189033 197140 569897 689535 460177 161396 624380 576867 287367 495763 360867 454580 172773 472062 424921 326013 450687 446794 559677 429149 472465 500387 198206 585405 531976 425193 342168 478602 117702 306884 280426 321159 132386 347185 391993 194087 533335 576648 238120 461870 420271 261796 375560 522760 199918 378437 276725 601178 331179 404177 208613 304980 363348
555201 313873 508951 550097 80509 273888 406536 516456 602360 390970 646565 212342 508404 170306 380993 737775 451847 336566 356837 273945 467054 448686 119707 235262 388700 71113 424360 542725 202359 727585 566342 546619 463273 500137 432692 186424 483646 412253 373056 659677 149719 999999999 465941 490912 652992 309629 179062 181222 47862 458978 802089 493852 243570 508668 690867 437086 484584 219821 574354 238681 382956 498952 260423 537372 404574 682164 377334 585479 649315 300948 516992 535501 332418 473511 481968 222707 347031 396473 443934 212261 421053 535752 92422 637432 446643 350058 610832 380863 317697 492629 440012 114973 242308 407590 518488 419947 307346 326331 454672 358975
977896 158580 809793 1014341 529914 522148 671882 901312 792591 780059 676798 674202 696625 609758 797233 822255 22379 720849 793411 687542 929092 377294 583759 551986 699955 429691 566765 1006144 315117 1159751 958882 699644 876392 637929 821033 652076 771431 238737 659238 1096739 559731 465941 999999999 934068 978857 216513 451840 385150 436131 80351 1249263 955935 701762 122965 804007 789623 923496 491877 1014023 701195 87974 549675 238634 607302 201331 1118046 788429 722428 954529 752286 883932 982242 692335 708744 930985 525584 418474 612796 660189 490430 515253 928259 379052 1091294 189705 579231 920819 804579 450403 673150 55211 559821 522310 662740 858054 880045 666982 581921 801413 313577
100851 795018 724237 290064 413769 470111 711781 192855 555107 208029 755637 285983 527988 439638 475862 749807 916300 249039 415558 473564 293327 752074 401033 410827 654344 507426 565987 299384 622914 238672 186580 581300 117533 585130 551833 339723 383112 798868 392721 169297 374351 490912 934068 999999999 366888 800385 622680 557305 534968 941625 315202 298989 251133 994583 691015 268680 431211 634474 83845 264075 846412 672429 699462 667512 810498 192023 487659 614076 401813 190497 627862 416174 572053 460344 386113 434683 625778 481767 482685 467904 613090 176817 562093 165481 937504 471043 376333 456264 574543 533982 896655 452904 635104 431275 674825 117759 566911 444476 277849 711196
280889 881254 1040089 656637 577244 458544 994208 182116 288828 275762 530998 525751 331133 693202 803302 462821 957266 320176 743314 766196 655278 671638 622881 445264 947880 626999 442720 666244 678461 374072 182440 366215 269480 407253 881813 590965 208886 774415 320187 366803 503291 652992 978857 366888 999999999 921378 826933 609146 700213 1015308 498612 663832 495650 1073660 410292 216029 787363 857810 355752 520038 895252 521729 748081 486556 801157 370146 812367 379259 49911 445728 966206 780055 866549 286675 745224 469467 573650 373518 334981 501283 502550 190610 680148 459314 1050610 400827 62777 786260 532574 351125 928745 678647 870703 318300 1004763 468561 853426 397061 198322 681862
861267 86907 593459 833831 387155 473647 455788 808892 794977 682403 743892 520354 694270 420727 591862 873614 215117 624013 594901 484977 745610 456834 414167 476128 483640 303260 573693 823940 256288 1036294 862644 713585 765611 654078 609436 483653 726513 337741 608336 968875 440375 309629 216513 800385 921378 999999999 243032 317976 267600 171429 1111542 772110 552702 208858 841868 712552 723183 278409 883669 545917 175167 596808 212977 651468 304573 991269 581958 745140 907336 610576 669066 784841 479537 685394 735711 452313 434314 590551 642172 422124 537949 831594 246944 946077 137209 547444 870246 601176 443062 672627 225781 377649 307772 626776 641806 727095 454846 538168 727840 361617
700668 296251 383765 604559 249862 446357 258157 680435 779012 558174 803042 338032 683251 195556 348845 905533 445555 507457 354380 242989 515028 566548 222606 413524 263675 231180 589821 593337 306955 861021 726134 718589 617823 668563 369253 283821 662529 490466 551991 790889 325495 179062 451840 622680 826933 243032 999999999 322944 137285 414440 919109 540821 373550 449221 861379 611038 481187 51426 706048 358645 388515 651956 327176 696322 469653 813748 338947 756523 825742 435726 435581 543913 241553 651400 496173 399212 489028 571056 619894 384233 577175 696494 204696 749759 360226 524294 787220 358465 471154 666276 446912 169875 83136 585679 417019 530044 215713 502506 629113 467427
594115 272135 685766 687769 194012 155679 574452 516896 482937 394913 480135 329427 382663 348366 558885 587578 365506 335705 529215 454096 612967 268332 282168 168414 564273 110220 273093 683199 70881 776735 574125 409168 492017 353968 613426 334229 409634 253939 291740 715461 189033 181222 385150 557305 609146 317976 322944 999999999 196933 409674 871085 638914 347990 467343 547227 408500 652714 372679 634485 355561 297538 329031 146517 374039 257785 736245 556213 444576 591896 387144 698190 697756 512592 368183 643707 142352 168487 274840 326562 108400 254619 543391 118258 719333 442276 230385 555493 557016 148632 362438 342588 294140 401242 308806 699026 520213 487083 220208 421770 184083
601452 280388 489178 578368 128014 309461 378505 564286 641729 438832 673182 252811 546090 179489 384984 770626 423577 384339 368079 274688 492991 457658 149176 276861 367504 95232 455429 570031 201189 772426 614005 582088 510434 533177 429376 218648 528264 406611 415977 704068 197140 47862 436131 534968 700213 267600 137285 196933 999999999 422973 844400 519838 285559 470542 725423 484423 497910 182279 618638 278319 356279 523478 247493 565034 394613 726653 379583 620326 695831 344543 509959 552428 319389 514347 499738 261984 365418 433896 482615 247316 446881 583455 85903 678514 403874 387160 657385 387430 341568 529326 414641 125848 207996 448740 505807 459553 293290 365223 501898 363294
992814 146632 754601 998622 530009 556782 616163 925153 845770 801092 744786 671028 747677 587513 763236 887741 96267 741653 765186 655939 911376 444358 572132 578038 649560 434266 618840 989378 338913 1172567 981636 755154 893090 693405 780215 641617 810511 306193 695244 1107474 569897 458978 80351 941625 1015308 171429 414440 409674 422973 999999999 1256122 938065 701025 58546 866298 818166 893978 449033 1023375 697562 126738 611951 267228 669525 267929 1129319 753380 780414 994170 755244 837634 955085 650003 753859 905373 552026 470116 657117 706360 517806 570813 950683 379696 1094273 110615 620162 959183 772365 496158 724474 127293 541294 477601 703517 807576 878570 625622 619144 831268 370743
290187 1109490 936519 400701 726858 772332 960005 410416 769106 495649 1000057 591843 775160 726634 695851 956214 1231442 548451 643494 732046 467995 1049158 703310 718398 896420 822203 843910 416595 937553 125087 359327 823599 390591 844009 758957 636739 622647 1107771 672467 161099 689535 802089 1249263 315202 498612 1111542 919109 871085 844400 1256122 999999999 454398 558885 1308515 900736 528081 597312 923091 236773 567156 1161583 945814 1014247 929001 1121567 144790 710034 848280 547939 501586 812552 549496 819653 711315 550086 743435 925881 758970 746093 777734 897384 379379 876429 169722 1248228 759008 543331 675085 875065 787588 1211537 750556 918092 702079 870286 389209 821899 736649 528350 1017887
396105 799271 482224 65250 447069 622386 516404 484285 813757 447313 977538 311695 762792 351389 247245 1003113 943336 455110 203812 310619 26852 890240 374176 553754 451072 546272 759351 52609 685312 457522 485419 816363 398691 802703 305081 309353 639006 891766 604532 395769 460177 493852 955935 298989 663832 772110 540821 638914 519838 938065 454398 999999999 301790 980827 944818 525117 145887 527444 340865 287462 875496 863773 751799 875621 890579 414109 261823 853969 695430 292923 360149 117358 380873 697970 97694 568122 765900 685348 704646 590512 791023 473268 585588 302606 899128 657611 666552 227061 718699 761811 933264 397072 512856 650154 416500 199431 389066 626227 539910 820704
327506 554865 547123 343647 171922 321306 499951 325896 555429 222152 687872 35571 486866 203269 323745 732615 685780 195826 268821 271029 277880 589635 150966 252728 452243 272577 463672 340911 403670 489726 362978 538242 251418 515146 400448 98288 391266 601655 324393 420383 161396 243570 701762 251133 495650 552702 373550 347990 285559 701025 558885 301790 999999999 751784 676444 296303 357735 389810 334970 25336 615768 565762 476698 582304 605202 443141 329919 577723 508706 62203 489559 383918 370983 427937 332528 266355 464476 395830 423551 289185 491265 335561 323123 393889 689344 362815 472084 310402 416943 481392 669858 205067 394625 370640 519472 178293 357907 331129 314912 524738
1047739 200576 771804 1042305 581724 615165 633758 982022 903534 857560 797961 721010 805688 629484 797333 942171 143307 798148 802869 692137 954287 497749 619214 635591 671884 487861 676656 1032567 396704 1226786 1038270 812488 948545 750711 809491 688839 869017 359098 753645 1161172 624380 508668 122965 994583 1073660 208858 449221 467343 470542 58546 1308515 980827 751784 999999999 921940 875821 930389 479483 1076762 747282 184301 667447 325614 725083 321072 1183149 786831 837234 1052674 807105 862389 992726 678895 812335 944061 609665 527865 715606 764776 575605 628014 1007279 432561 1145548 105506 678708 1017644 807569 554521 782443 176369 585446 506259 762062 828907 928609 655413 677623 889077 427306
640149 771038 1185416 961188 646810 416980 1095891 510193 136209 499301 155663 689211 190960 814523 993834 58866 781917 491593 943015 916037 927265 428712 732369 464291 1070638 630432 274139 965859 591795 775769 548772 144924 573486 193463 1066506 740341 309342 565773 352571 754278 576867 690867 804007 691015 410292 841868 861379 547227 725423 866298 900736 944818 676444 921940 999999999 425377 1031344 907700 716956 700161 740377 254509 630006 196861 602716 762910 997586 105434 360718 659362 1156865 1047717 1001946 249135 1000566 470540 407784 297203 256740 478794 303935 537199 661563 828769 940121 342167 358339 982979 402782 201313 748797 774421 932483 306812 1176795 750836 980466 369259 413932 496238
239950 678950 842900 536973 361264 270353 786547 121618 290957 79457 488235 322135 259908 484609 617300 484231 768900 106357 559738 565877 509874 528447 410762 240288 743894 413789 315904 542397 479266 412225 179546 312869 152786 321099 695035 385902 116039 606769 147246 367965 287367 437086 789623 268680 216029 712552 611038 408500 484423 818166 528081 525117 296303 875821 425377 999999999 626473 642683 309408 321592 703311 418147 552892 405328 627838 383307 624512 345408 217586 257826 783011 633586 664327 192442 590343 266158 411538 231194 220072 300465 370388 152595 468159 419729 844655 236468 179504 602384 363234 267473 742803 465750 656522 174010 815333 327625 649023 219635 18890 513473
