NAME : synthetic_000055
TYPE : CTSP-D
DIMENSION : 100
GROUPS : 8
RELAXATION_LEVEL : 1
EDGE_WEIGHT_TYPE : EXPLICIT
EDGE_WEIGHT_FORMAT : FULL_MATRIX
EDGE_WEIGHT_SECTION
999999999 606374 562350 277075 237532 424679 597677 308793 115313 444387 216203 595839 385224 236612 541538 299961 435340 475976 154086 188776 487236 294314 592648 337279 144350 234848 437213 258160 405346 416136 60667 402094 575677 134550 276075 290045 597445 421937 104552 368851 372759 455582 488752 343774 378028 344007 512811 244185 165056 232235 171815 244751 397210 140522 520985 344403 249119 531325 241033 542159 217230 47868 379496 522677 496642 309867 669120 568570 551213 198300 434169 151698 312487 437959 505087 339197 293883 160865 378661 374724 599484 167637 566590 438847 437889 180491 488977 308824 259684 327515 475284 587695 599761 566014 442427 350068 564986 499151 235684 442855
606374 999999999 128086 708714 829906 190351 264039 755994 650413 597050 403738 306098 653123 389075 142039 882871 460007 224969 742016 687777 449335 315459 46800 599723 489364 835670 1016374 815627 660665 981366 546013 977621 574196 517878 334193 896401 782467 632339 704013 770797 896571 267685 884468 935810 583669 315617 343274 840532 442204 401227 551466 814173 906511 649560 850490 346274 422882 522584 377414 821173 693251 632648 800470 498991 1037815 697002 689960 554597 241352 768520 295152 724778 876161 200876 540750 703315 452566 755791 939004 744838 1193232 466721 63594 1045208 530178 513266 865909 714811 382035 468780 670297 692000 553742 271831 810873 954249 396593 154709 835082 224505
562350 128086 999999999 618541 796553 145198 370983 664800 585118 647061 385858 409714 544292 328408 22325 854723 517574 111557 709264 675713 519358 296994 81791 495234 429340 796991 991411 795400 696754 961870 504744 953892 446955 453985 288089 847775 659671 674579 665330 671634 812551 153248 906742 903536 473277 232242 424921 805014 407252 392251 544678 789999 819024 579295 884925 253306 427205 396377 321688 864066 612051 596164 813224 372874 953755 600866 562006 427321 337543 701939 352696 661515 855412 124433 607827 603300 474100 698611 920645 642753 1126322 448859 68772 996453 584171 438351 891348 725027 380636 499683 719163 566674 425761 370628 835316 899469 487143 224480 777969 276196
277075 708714 618541 999999999 404492 521034 790596 47505 163484 717158 420431 800835 160668 336768 596334 466704 687835 508626 363426 452860 735056 456974 678397 155998 260761 377856 580908 469500 682379 584103 298932 558071 412980 230649 400508 362077 346924 697884 316990 92294 197551 470753 746086 480399 203405 393321 733778 398632 357288 446356 444432 446796 200721 136689 789579 365972 484046 391737 353275 815850 62920 314614 639916 395616 336888 46809 468387 414979 740650 178184 640167 180971 503497 508810 768136 76182 545352 228896 559504 100221 536563 403864 652278 479509 702832 207842 750782 579289 472323 584038 751798 370907 450009 763822 709146 373480 795802 653827 272641 619859
237532 829906 796553 404492 999999999 655631 775525 410128 274275 502103 426771 763389 554971 473715 776243 65896 555467 713191 87954 182274 609967 514479 820896 523864 380926 35438 200549 85161 424821 186732 292190 167466 782583 366538 508548 121308 751382 459390 132991 477226 375681 693089 380079 106983 571290 581512 670444 17250 390741 433164 300987 60425 407863 299305 447919 581307 427477 745145 477077 494017 345604 200389 292630 740095 442980 450045 860431 778687 734699 231744 613767 224509 99559 672618 592119 480444 439379 175628 156417 500000 444088 365177 795501 238050 527583 405804 393691 277621 456744 456532 497872 768287 812017 741865 369536 192118 706356 707137 160772 642570
424679 190351 145198 521034 655631 999999999 325290 568489 460962 520995 240673 354125 480200 199365 128026 712431 400688 115638 567909 530621 413426 151953 169004 422870 300457 657949 848573 651338 562039 817921 365522 810731 456443 328277 148666 713369 634909 543339 525872 587412 706761 140165 765371 762512 414363 132128 337524 664834 264971 247450 399572 646652 717387 459406 747903 168171 284492 399342 188756 731118 503320 455609 669871 376613 847878 512269 578137 438156 279578 579068 247165 535946 711533 45510 495837 521095 336415 568831 776469 563833 1004194 303780 142537 862408 462321 323020 750990 581467 237240 365793 591156 556860 448132 311847 694897 768638 406150 162483 648348 177430
597677 264039 370983 790596 775525 325290 999999999 836856 681327 399109 385478 43387 786866 456909 374516 813867 265642 425722 693888 602525 230851 333624 304092 726010 532885 792076 933171 735165 482844 888836 541012 893880 780547 564127 393642 869897 956967 445558 672174 870911 951084 460342 716944 872062 726794 444498 122348 789900 446493 365982 474562 741935 969071 691412 663100 483649 353246 723911 439496 620758 755320 604638 655724 700917 1085667 794403 901840 761920 50107 790951 164201 743655 792394 365776 317053 810077 337821 758526 846493 854276 1193693 430497 304513 1010791 332135 583025 693629 581954 338270 329855 468301 881876 769516 33944 643504 937745 145940 163249 831336 171605
308793 755994 664800 47505 410128 568489 836856 999999999 193492 752200 464157 846475 182943 383903 642635 469626 728281 554530 378610 476437 776387 503295 725390 191701 305655 380877 576379 480609 713291 583930 336526 556301 438746 275075 447583 353936 346400 730727 335891 67364 156302 516154 764347 477503 236195 440505 778116 402413 400793 489646 479027 456885 155865 169313 812134 412659 525781 422520 400287 841326 92200 342529 660042 428393 292947 72547 483600 442534 786968 178577 685299 193345 509687 555928 806605 90743 585374 236070 562313 92498 500732 444539 699327 460481 740673 254632 770623 603911 515991 623389 783920 383658 477453 809786 731221 356213 839395 701054 266477 666378
115313 650413 585118 163484 274275 460962 681327 193492 999999999 559311 296494 684685 289227 261598 563110 340062 543110 485526 213773 290684 593377 356754 629119 251390 161259 256508 469440 324169 520117 460933 149784 439902 508308 132695 317769 276491 496834 537238 162461 254407 271056 456536 587195 368743 297814 353852 607789 273630 234843 318575 286270 304245 291966 28331 627276 341315 346734 471557 273067 652484 102265 151139 479643 467479 404428 200031 588845 504525 632810 118120 521539 76597 367563 463078 617133 230423 400153 119978 429716 262794 543298 263443 602439 420029 550441 150699 590420 416293 346254 436299 590470 499989 538021 651453 547233 317831 664558 564354 196186 517079
444387 597050 647061 717158 502103 520995 399109 752200 559311 999999999 350158 365622 793906 487195 637305 513956 138713 633159 447466 324898 169064 396336 617676 735200 487910 531055 602392 432208 94109 551081 419100 565929 907930 508573 455504 620196 1003079 52080 456755 809441 806805 644742 322076 571409 761488 558945 277839 519230 395198 324551 273173 449323 834252 582906 264021 589569 273190 852030 472981 225485 660073 418194 282179 834319 914314 743804 1023198 893977 384095 627575 302073 586028 475947 563711 101549 770548 202422 572928 512714 810296 945996 329643 602874 733130 68205 553778 297170 235506 313951 163311 73247 965000 915782 369334 251004 692479 269533 442579 620896 375984
216203 403738 385858 420431 426771 240673 385478 464157 296494 350158 999999999 388241 459253 137068 368081 479149 278805 327198 339113 290100 320312 90098 397925 397946 160958 434497 613204 413467 360024 579923 157084 574689 558366 189957 116514 501604 661561 353967 304538 507947 567240 324206 537068 532244 417875 221077 314318 437986 63452 27729 159936 410840 586721 308486 532567 245695 77419 503040 123417 527760 377102 233176 436117 486148 700429 433893 673046 544890 337628 405651 225111 358415 473965 269079 369761 455478 148750 376186 537991 498842 815687 63705 373570 648648 312376 223208 525859 347736 51893 189660 408487 616553 567982 355135 470345 564828 375374 284308 451887 226674
595839 306098 409714 800835 763389 354125 43387 846475 684685 365622 388241 999999999 805364 471044 412080 798875 236427 458739 683771 587218 196559 345427 345130 743955 541088 781602 914882 718979 452119 869281 540992 875765 810543 572060 408856 861570 980827 413612 665153 883328 955475 491683 685873 857469 747337 467866 95859 778255 450733 366607 463419 727094 974645 696411 629001 507158 347957 753464 453328 584714 762764 599367 629099 730728 1088091 807081 932176 792179 75047 791527 163147 744192 775080 396282 279412 824093 324016 756207 827246 868327 1187771 428214 344252 1000116 299924 594305 661902 558315 338795 311128 433138 908642 801101 42286 612998 930540 104737 194886 827159 189051
385224 653123 544292 160668 554971 480200 786866 182943 289227 793906 459253 805364 999999999 338803 523355 619135 738044 433310 502565 573139 778498 464893 615596 62090 306334 531152 738394 612357 775723 738464 384093 713811 255829 285746 397832 521889 212965 783895 451686 149298 333366 391064 872716 637284 71583 348770 753868 550994 402992 486978 531808 591413 324685 261310 905822 312069 533698 242795 356656 923997 210989 430421 763921 251467 459315 114886 308562 260088 737188 336501 654931 331058 652173 455025 827590 92292 602724 381621 711295 112428 680521 464889 591477 639616 766976 240389 873924 693691 508340 643718 839454 213433 294886 764958 827623 533868 821098 633638 432258 616709
236612 389075 328408 336768 473715 199365 456909 383903 261598 487195 137068 471044 338803 999999999 307017 534792 408256 239476 388221 379843 444154 126609 367732 276726 101631 471215 672257 483904 494256 647709 182780 636141 421518 128915 63823 519384 532161 490293 340964 414211 512881 221562 655454 580268 289051 109010 415193 480776 107602 162936 272001 474644 526037 260687 660065 119351 214129 366593 17898 659966 310002 274921 549702 350332 653075 337645 536005 408339 406802 379704 316614 336747 541949 204330 502257 353309 285357 371106 608269 397537 804852 174047 341082 668049 447598 129866 647216 463488 178052 325923 545120 481431 432266 432071 592956 571713 482297 317217 450634 285329
541538 142039 22325 596334 776243 128026 374516 642635 563110 637305 368081 412080 523355 307017 999999999 834775 509677 90141 689098 657519 513715 279924 97327 473780 407739 776283 971618 776212 684643 942577 484248 934232 432231 432151 268075 826396 642001 663479 644759 649857 790253 132358 892227 883218 452493 210027 422202 784531 387598 375471 527406 770459 796786 557131 872155 231003 411852 380584 300667 852615 589725 575866 797624 357001 931468 578883 548619 412648 338810 679834 346198 639540 836106 103654 601214 581550 460787 676874 901493 621179 1104127 430740 79502 974998 575328 416139 877288 709283 364887 487585 708996 550268 412543 372139 821214 877748 485893 222891 756192 269976
299961 882871 854723 466704 65896 712431 813867 469626 340062 513956 479149 798875 619135 534792 834775 999999999 581939 774076 146572 211659 635728 568211 875905 589160 444093 88944 137466 82476 429920 120875 352266 102405 848349 430856 566706 145922 813158 467637 196056 536232 421258 755205 348376 58981 636767 643189 704410 68198 447648 483054 342386 71939 453564 364872 424365 644345 472247 811039 537251 476128 408978 259993 274967 805974 472335 512706 925340 844532 775117 291175 654648 288133 51121 731331 608826 542847 476062 238146 92851 560587 438614 416267 850888 220111 546982 471003 365685 280529 505149 488569 500267 832554 877890 779985 350260 205691 735287 755258 210337 688756
435340 460007 517574 687835 555467 400688 265642 728281 543110 138713 278805 236427 738044 408256 509677 581939 999999999 515679 484679 373586 54664 297072 482708 676742 436054 578750 689011 499939 217300 641159 393678 650501 817835 462338 363529 664477 939220 181106 478479 778347 808098 532697 451376 640910 695461 460017 143297 571616 336831 251076 272240 511654 832279 562189 400837 494739 205743 760495 391728 364196 637227 423258 392960 740906 928923 706775 936914 802293 246498 632003 166609 586393 552473 445249 97026 730302 143117 585358 599967 772799 994511 283974 469373 793290 70677 500526 428346 325269 230984 107992 211494 888920 820666 234233 377865 736149 154544 306214 646395 242456
475976 224969 111557 508626 713191 115638 425722 554530 485526 633159 327198 458739 433310 239476 90141 774076 515679 999999999 627532 609325 529059 247333 183823 383699 336112 710236 911519 720904 668967 885895 421827 875149 358505 357585 214964 754607 558126 652840 580410 560176 703780 42893 862981 819713 362575 133143 450861 720161 333269 340551 486264 712846 709312 477233 851766 146238 384097 303801 237115 838677 504968 514092 763258 280260 844696 489798 478388 339329 383709 600517 362513 562113 779746 70470 611193 491819 442614 602066 845871 531197 1022833 386053 161544 902205 576102 335989 850449 674809 336359 474858 702188 470251 344414 416906 794521 802586 518635 263853 680725 291115
154086 742016 709264 363426 87954 567909 693888 378610 213773 447466 339113 683771 502565 388221 689098 146572 484679 627532 999999999 123505 539333 426570 732961 464601 298437 98249 284038 110725 380142 262146 205772 248260 716924 286986 421181 179950 707332 409916 53349 445610 379116 608731 386278 194619 510024 496645 592333 98970 302957 346227 220426 92887 409840 241345 439951 498352 343077 676177 390807 476858 301130 113523 284612 669397 470738 406116 801914 711552 651832 209781 530958 185265 159784 585533 530732 437006 360732 148008 225403 462875 509887 277979 707591 316918 464229 329671 394024 243488 370342 381722 454482 713761 743993 660465 358861 251471 632207 620450 175326 556761
188776 687777 675713 452860 182274 530621 602525 476437 290684 324898 290100 587218 573139 379843 657519 211659 373586 609325 123505 999999999 427975 379916 686081 526052 312778 207980 333883 133034 256911 294628 210200 294493 760086 313741 394546 296367 784528 286449 144894 541322 497415 598606 299988 270296 566493 487077 492847 198767 276648 287454 136759 139915 527212 318750 336737 498440 267554 713198 376695 365285 390187 142718 190839 702649 593935 490714 856800 751800 564559 321881 444613 288231 191997 556715 411238 521051 264735 261875 251974 552880 624938 226854 662417 419744 345919 363110 300867 127751 305771 277202 331253 776425 781774 568614 256550 368754 525490 552080 298660 483397
487236 449335 519358 735056 609967 413426 230851 776387 593377 169064 320312 196559 778498 444154 513715 635728 54664 529059 539333 427975 999999999 326508 476610 716774 480054 633385 741043 553583 257058 692587 443636 702742 845145 507425 394808 719140 976313 217594 532730 824833 859876 549876 489991 694676 732979 486067 111985 626156 380697 292816 326154 565693 883591 611629 432634 522409 251085 787441 427027 390060 685914 476636 438939 767064 981953 752261 965421 828935 220761 684559 167995 638652 605451 458788 91550 774931 193557 638775 651730 817889 1049172 331954 466018 847714 104290 543436 465671 375282 270216 161128 237451 921838 845532 202380 417650 790801 104273 299608 700561 243759
294314 315459 296994 456974 514479 151953 333624 503295 356754 396336 90098 345427 464893 126609 279924 568211 297072 247333 426570 379916 326508 999999999 308048 402883 201027 520450 702834 503460 423429 669963 233655 664435 520764 232342 68947 583689 653660 410229 389128 538047 622101 251504 616670 620544 412438 163897 289019 525079 129340 95653 247687 500453 638338 363114 604566 197698 136765 463441 108722 593172 423125 317629 519125 444002 759572 461715 640052 505263 283685 471974 190094 425698 563934 184129 393701 478757 198088 449980 628068 522983 890593 153799 283538 731905 346570 249475 603509 430603 89051 233740 461880 595546 524178 307299 547509 644305 356756 207958 527933 163356
592648 46800 81791 678397 820896 169004 304092 725390 629119 617676 397925 345130 615596 367732 97327 875905 482708 183823 732961 686081 476610 308048 999999999 563767 469154 824722 1010856 811385 676457 977786 532954 972483 528607 496463 317212 881936 739236 650267 692654 737186 868916 226714 895899 927450 545419 285466 374206 830756 430619 398641 551005 808483 877556 626442 866249 313246 425441 477594 357675 839920 666240 621795 808223 454042 1010328 664415 643786 508983 277013 747120 316207 704479 871890 169937 567390 669267 461789 737821 935753 710064 1172408 461572 26697 1030969 551957 487852 878445 721360 381993 481617 690781 647515 507537 308798 822908 937623 431217 177234 817345 241779
337279 599723 495234 155998 523864 422870 726010 191701 251390 735200 397946 743955 62090 276726 473780 589160 676742 383699 464601 526052 716774 402883 563767 999999999 247298 502878 713747 575248 719931 709673 330191 686803 263464 228730 336003 503586 268343 726687 412306 179298 347918 342383 826031 612315 49234 290857 691829 521597 342605 425674 476285 555617 344847 224937 855356 255389 472881 236914 294585 871129 190690 383883 716746 239787 481978 119316 337459 263081 676231 317832 592947 304084 618717 400016 766843 111548 542338 355312 680058 147887 691555 405685 539021 630333 706794 181525 825912 643662 446701 583418 782357 250834 297909 703713 778187 523757 759016 574065 414393 555498
144350 489364 429340 260761 380926 300457 532885 305655 161259 487910 160958 541088 306334 101631 407739 444093 436054 336112 298437 312778 480054 201027 469154 247298 999999999 375298 581142 400854 475385 560445 102699 546335 451001 31327 156625 419114 515393 480149 248157 347143 421299 312959 604989 486292 275929 203031 473074 386498 99384 187798 234017 388616 437315 163514 622508 200381 230326 401866 111954 632002 222469 188275 496153 390374 559584 272939 554744 441411 483308 279255 379644 235526 456391 305635 522865 294898 297484 269548 522682 338045 703922 158560 442532 567413 461124 65948 600648 415085 212688 338201 535877 484463 470307 504980 549184 470270 535708 406276 349054 364121
234848 835670 796991 377856 35438 657949 792076 380877 256508 531055 434497 781602 531152 471215 776283 88944 578750 710236 98249 207980 633385 520450 824722 502878 375298 999999999 212980 120526 455941 207344 292550 183998 763630 358363 509818 89331 724221 489551 132101 447627 340903 688256 415456 112990 550945 577675 689710 22098 394155 443002 318186 95590 373134 279945 483245 575089 441239 728006 475878 528931 320590 203081 327775 723944 407828 423951 838099 760490 750080 202341 629206 200140 130754 672663 619181 454018 458121 149644 181794 471681 417021 374532 798992 218717 553861 394678 429129 310002 467626 477635 529429 744579 794214 758623 404681 161444 728066 717246 126300 654318
437213 1016374 991411 580908 200549 848573 933171 576379 469440 602392 613204 914882 738394 672257 971618 137466 689011 911519 284038 333883 741043 702834 1010856 713747 581142 212980 999999999 201716 511324 53641 489696 39415 975654 567086 703558 223675 922778 552249 332985 640535 498379 892616 366158 101433 762248 780643 819315 197224 584170 615395 469629 202382 529561 492455 454118 781486 600594 940812 674638 514573 527529 397427 330782 936908 513673 627668 1046682 972915 896992 402740 777780 409686 141887 868283 702047 656667 596681 358462 89797 668834 410232 549811 986105 197134 645329 605877 390310 368496 636240 603958 574473 951191 1006788 899234 394694 248714 843554 884997 309940 816973
258160 815627 795400 469500 85161 651338 735165 480609 324169 432208 413467 718979 612357 483904 776212 82476 499939 720904 110725 133034 553583 503460 811385 575248 400854 120526 201716 999999999 349722 166609 302179 162508 827264 392683 509045 204209 815270 386609 163692 547969 458484 705463 295966 141214 620749 592908 624100 101059 389116 414413 267962 25384 490493 351489 362760 598297 398897 785851 484120 409384 408101 212585 207680 778545 528069 513398 912607 821632 697548 304905 577646 288876 60545 673594 526506 544225 397531 244782 125297 567779 516677 349816 786998 300974 464510 437389 308835 200464 434766 408095 421196 824080 853850 701235 284559 272595 653582 683282 243695 615345
405346 660665 696754 682379 424821 562039 482844 713291 520117 94109 360024 452119 775723 494256 684643 429920 217300 668967 380142 256911 257058 423429 676457 719931 475385 455941 511324 349722 999999999 459395 392279 475600 914440 491238 473934 545197 987934 42072 398013 774191 751813 674902 234100 486079 751233 579295 360509 442070 392489 338235 243916 368934 780784 545865 189890 605650 288849 860446 482404 169778 622349 371540 188147 844567 850816 713573 1025325 901997 462656 573863 367479 535758 389072 601881 195642 741982 226367 515869 421971 779234 866231 323791 659169 650002 152768 539581 211191 149416 335240 197090 74346 959518 926505 451526 160881 616821 360080 506352 555456 436295
416136 981366 961870 584103 186732 817921 888836 583930 460933 551081 579923 869281 738464 647709 942577 120875 641159 885895 262146 294628 692587 669963 977786 709673 560445 207344 53641 166609 459395 999999999 465047 33000 969206 548923 675093 239050 929357 500574 313941 649623 519161 869082 313621 109456 757431 756632 773518 188081 555194 580198 431351 173087 551001 485642 401057 759952 562176 931849 648814 461189 527756 373446 277535 926635 546892 630488 1045384 965406 853886 406760 735583 407483 106472 839778 651215 660272 553958 356863 42747 675809 458891 516237 953490 241217 595584 590366 337368 318448 599787 559058 521658 951879 998749 854942 341055 277012 795636 846669 318985 777686
60667 546013 504744 298932 292190 365522 541012 336526 149784 419100 157084 540992 384093 182780 484248 352266 393678 421827 205772 210200 443636 233655 532954 330191 102699 292550 489696 302179 392279 465047 999999999 453401 551302 105589 217269 350545 596861 403131 160626 391029 418894 404035 504649 399104 365671 291605 460687 300286 104392 175041 148844 292052 441114 168674 526814 296161 197861 503413 185045 540948 244628 92273 395404 492528 547803 324762 651628 542425 493868 250536 378403 203204 359531 380595 470084 351902 250599 219132 425910 391217 659112 114555 507019 499219 404228 155746 501542 316681 202802 287459 458141 576322 571957 509869 451403 410682 515757 438885 295464 383624
402094 977621 953892 558071 167466 810731 893880 556301 439902 565929 574689 875765 713811 636141 934232 102405 650501 875149 248260 294493 702742 664435 972483 686803 546335 183998 39415 162508 475600 33000 453401 999999999 947571 533261 666250 208353 902278 516195 298416 621528 487772 856946 341347 79271 734932 744764 780244 166297 546658 576532 430338 164121 519501 463822 427523 746494 561318 911423 638107 486536 502849 361225 297858 906867 513924 604645 1021449 944279 857610 380158 738369 383412 102510 831022 665114 634149 557295 332408 54026 648457 428854 511211 947826 209715 607687 573208 364240 331293 597194 564776 540055 927076 977892 859941 364541 244237 805028 845763 290401 777650
575677 574196 446955 412980 782583 456443 780547 438746 508308 907930 558366 810543 255829 421518 432231 848349 817835 358505 716924 760086 845145 520764 528607 263464 451001 763630 975654 827264 914440 969206 551302 947571 999999999 446434 455272 767050 235076 911750 663665 399909 587560 320768 1055741 874305 214310 359090 787534 781560 522251 583429 681423 809488 576225 483765 1072189 323168 634808 57875 435075 1077639 453963 623543 946643 79863 707019 369204 121842 19654 735856 581240 690628 566567 874644 414780 914378 348117 705558 617717 937751 362080 934596 591011 511562 891982 864680 397001 1051649 866069 595039 745434 966636 129828 42373 768273 999978 785600 857205 617317 677823 629800
134550 517878 453985 230649 366538 328277 564127 275075 132695 508573 189957 572060 285746 128915 432151 430856 462338 357585 286986 313741 507425 232342 496463 228730 31327 358363 567086 392683 491238 548923 105589 533261 446434 999999999 186558 397166 496954 498257 235071 318143 390100 331910 610053 470478 261408 224631 503185 370902 127220 216276 247818 378772 405996 133013 631921 217442 256758 399675 140847 644359 191197 181260 500715 389852 528619 244841 546046 438067 514580 250791 410353 208202 446373 331110 547477 267970 322189 244925 512313 310559 675984 181294 469790 544626 484677 50175 607127 422228 241839 362465 553870 471682 468254 536119 556912 445777 565242 437292 324091 395448
276075 334193 288089 400508 508548 148666 393642 447583 317769 455504 116514 408856 397832 63823 268075 566706 363529 214964 421181 394546 394808 68947 317212 336003 156625 509818 703558 509045 473934 675093 217269 666250 455272 186558 999999999 564775 584767 464821 377850 477863 574621 208388 653039 615527 343948 105369 356916 517250 119930 135761 272418 502631 588552 319559 648896 134075 185542 398403 47421 642674 372402 308187 550900 379761 714234 401283 573569 440352 343545 435564 257522 391093 568643 164779 459576 416439 253728 421662 634325 460635 859435 171681 290939 713815 409592 193207 642212 462830 141633 292209 518126 527034 460782 369386 586776 620731 425116 253790 501032 222044
290045 896401 847775 362077 121308 713369 869897 353936 276491 620196 501604 861570 521889 519384 826396 145922 664477 754607 179950 296367 719140 583689 881936 503586 419114 89331 223675 204209 545197 239050 350545 208353 767050 397166 564775 999999999 700127 578879 198514 417262 280574 728743 492576 129595 552762 621502 771141 104242 454806 513235 399224 180745 312614 293759 565091 613745 516999 737097 526571 613391 313416 268821 411443 735882 327065 408829 830293 766192 826441 186076 706067 204812 196620 723538 707533 436832 539771 156567 228011 446420 330038 444951 855710 149040 641820 425484 508482 398746 539145 561625 618584 732919 800777 836799 488151 72388 812070 785905 89660 725825
597445 782467 659671 346924 751382 634909 956967 346400 496834 1003079 661561 980827 212965 532161 642001 813158 939220 558126 707332 784528 976313 653660 739236 268343 515393 724221 922778 815270 987934 929357 596861 902278 235076 496954 584767 700127 999999999 995030 658243 283518 457984 516049 1083363 823689 243777 512986 940213 745231 609047 689147 744099 793051 436237 468524 1118363 473704 737864 270077 549367 1136961 407253 641933 975026 292069 546821 301982 187995 252536 908838 522639 840578 527688 850418 600167 1031321 271264 808206 575758 906006 253959 787821 673438 718873 797539 972809 449784 1085386 906193 708238 849387 1050697 106437 273619 939075 1039819 697000 1009141 796442 612859 792510
421937 632339 674579 697884 459390 543339 445558 730727 537238 52080 353967 413612 783895 490293 663479 467637 181106 652840 409916 286449 217594 410229 650267 726687 480149 489551 552249 386609 42072 500574 403131 516195 911750 498257 464821 578879 995030 999999999 423796 790067 776610 661280 272400 524436 755794 569752 323464 476610 392330 330279 254466 404864 804923 562076 220267 598082 279445 856830 477332 189834 639069 391514 230215 840109 879560 727075 1024724 898616 427549 597796 337584 558020 428060 584552 153581 754782 212229 541217 462729 793224 902285 324465 634037 687463 113694 545365 248305 187505 323900 177985 55737 962249 921949 414858 200293 650879 319748 477652 584752 408847
104552 704013 665330 316990 132991 525872 672174 335891 162461 456755 304538 665153 451686 340964 644759 196056 478479 580410 53349 144894 532730 389128 692654 412306 248157 132101 332985 163692 398013 313941 160626 298416 663665 235071 377850 198514 658243 423796 999999999 402108 353848 560099 429254 239305 457329 448556 576321 139913 262157 315040 207089 146217 383120 190450 476837 448510 318974 622829 344798 509112 254171 71536 324159 616087 457776 358248 749400 658229 628242 177060 508125 144405 212836 541108 533259 389096 346469 117871 278089 417061 522720 246625 666902 344210 465765 276812 434808 272060 340731 372282 471941 662030 690648 639276 395759 265598 620923 588490 168028 527519
368851 770797 671634 92294 477226 587412 870911 67364 254407 809441 507947 883328 149298 414211 649857 536232 778347 560176 445610 541322 824833 538047 737186 179298 347143 447627 640535 547969 774191 649623 391029 621528 399909 318143 477863 417262 283518 790067 402108 999999999 188521 519709 831008 542496 214887 456285 819547 469260 445357 534415 536721 524248 176457 228329 877592 424554 573758 391570 431475 905569 152245 405137 726214 400750 310054 76584 431697 406216 820818 245522 724362 260397 576779 569932 859685 68411 636260 303423 628797 37834 534864 494552 711767 516157 794631 289238 836913 668450 559769 675281 843880 330460 440489 845310 796820 414107 882805 728567 331188 699431
372759 896571 812551 197551 375681 706761 951084 156302 271056 806805 567240 955475 333366 512881 790253 421258 808098 703780 379116 497415 859876 622101 868916 347918 421299 340903 498379 458484 751813 519161 418894 487772 587560 390100 574621 280574 457984 776610 353848 188521 999999999 666892 754341 409854 391530 583619 878722 362627 504947 589622 540780 433106 32315 259712 816328 559252 616736 575751 527521 855721 203484 389817 659882 582874 141419 228615 618379 593033 902142 179234 792351 222421 469322 698995 875507 242333 666375 235979 508048 226082 347210 533388 842475 344872 807885 384293 766048 622113 617279 700240 825621 516899 627611 921707 735766 253081 934651 827208 214982 784598
455582 267685 153248 470753 693089 140165 460342 516154 456536 644742 324206 491683 391064 221562 132358 755205 532697 42893 608731 598606 549876 251504 226714 342383 312959 688256 892616 705463 674902 869082 404035 856946 320768 331910 208388 728743 516049 661280 560099 519709 666892 999999999 861238 798981 320140 112555 477585 699208 322065 340570 480563 696068 671448 446474 854515 115259 387031 264994 222283 844613 469997 495865 759266 241642 807408 450291 441649 301901 416700 569748 385693 532899 763454 95758 629157 451302 449426 574606 829794 490122 989887 379693 204342 875351 590316 305984 849979 671218 339878 483871 712126 429531 309429 449552 794352 774320 546307 297350 652539 317529
488752 884468 906742 746086 380079 765371 716944 764347 587195 322076 537068 685873 872716 655454 892227 348376 451376 862981 386278 299988 489991 616670 895899 826031 604989 415456 366158 295966 234100 313621 504649 341347 1055741 610053 653039 492576 1083363 272400 429254 831008 754341 861238 999999999 387560 866120 755392 594609 394669 547854 522432 383592 321349 786278 615512 90263 774205 481002 1006760 648066 154062 683191 442496 109495 994602 819617 786380 1155468 1046396 696045 594881 596108 571199 297289 800694 419378 817079 434380 533259 291550 846240 769179 483572 876489 547885 385995 660055 28063 192008 528573 415728 263948 1076294 1075104 685572 74194 553884 591596 731932 539657 660534
343774 935810 903536 480399 106983 762512 872062 477503 368743 571409 532244 857469 637284 580268 883218 58981 640910 819713 194619 270296 694676 620544 927450 612315 486292 112990 101433 141214 486079 109456 399104 79271 874305 470478 615527 129595 823689 524436 239305 542496 409854 798981 387560 999999999 660829 687730 763135 99794 497573 537456 399518 130383 441765 391357 468173 686526 528652 839808 583890 522829 426342 307372 324119 836184 443800 527091 945446 871676 832901 302246 712272 308253 98244 779588 666976 556335 534338 257031 102983 569776 387153 469990 902143 165971 605526 507556 407273 336980 560243 547370 555416 850257 905613 838206 397424 172692 794265 810648 211311 744865
378028 583669 473277 203405 571290 414363 726794 236195 297814 761488 417875 747337 71583 289051 452493 636767 695461 362575 510024 566493 732979 412438 545419 49234 275929 550945 762248 620749 751233 757431 365671 734932 214310 261408 343948 552762 243777 755794 457329 214887 391530 320140 866120 660829 999999999 284420 700782 569414 366499 445429 508775 601624 386300 272009 892393 246485 494385 188423 306475 905766 239922 425294 756660 192520 522714 163760 292254 213864 677539 367054 601256 352712 665376 387019 787613 150418 564972 403924 727264 179910 736912 432200 521609 679388 729520 211983 865031 681485 464486 606162 811530 210731 248715 706308 816241 572829 769061 570739 463605 558287
344007 315617 232242 393321 581512 132128 444498 440505 353852 558945 221077 467866 348770 109010 210027 643189 460017 133143 496645 487077 486067 163897 285466 290857 203031 577675 780643 592908 579295 756632 291605 744764 359090 224631 105369 621502 512986 569752 448556 456285 583619 112555 755392 687730 284420 999999999 432534 588039 211181 241125 372573 583590 592101 347161 753616 39292 290754 301375 110383 748023 381449 383574 651648 281174 725037 381767 479687 342913 395996 470033 333934 430420 650937 115581 556916 389507 358085 469391 717266 431986 894103 271938 259167 769232 510437 206112 745429 564198 245972 395726 622707 443506 360652 426089 690283 670108 502225 286444 548290 280005
512811 343274 424921 733778 670444 337524 122348 778116 607789 277839 314318 95859 753868 415193 422202 704410 143297 450861 592333 492847 111985 289019 374206 691829 473074 689710 819315 624100 360509 773518 460687 780244 787534 503185 356916 771141 940213 323464 576321 819547 878722 477585 594609 763135 700782 432534 999999999 685592 377766 289981 372007 632761 899496 621789 541801 471176 263719 729717 397307 501258 691411 512513 534443 707982 1008354 744235 909222 770122 108935 710385 99642 663215 679798 382664 202266 763582 231614 671797 731531 807598 1098902 346336 366518 907814 210335 530923 571374 462639 262817 216008 348231 875832 783011 91517 521157 840910 69748 200617 740548 160099
244185 840532 805014 398632 17250 664834 789900 402413 273630 519230 437986 778255 550994 480776 784531 68198 571616 720161 98970 198767 626156 525079 830756 521597 386498 22098 197224 101059 442070 188081 300286 166297 781560 370902 517250 104242 745231 476610 139913 469260 362627 699208 394669 99794 569414 588039 685592 999999999 400236 445167 315359 76824 394881 297815 463652 586745 440846 745128 484709 510340 340780 209225 308735 740615 427084 444565 857431 778090 748703 223838 627761 219961 108670 680877 609007 474751 454310 169965 160881 492991 427074 376946 805222 222387 544335 408773 408822 294832 469137 472119 515116 764421 811646 756297 385617 174881 722155 719355 148242 655347
165056 442204 407252 357288 390741 264971 446493 400793 234843 395198 63452 450733 402992 107602 387598 447648 336831 333269 302957 276648 380697 129340 430619 342605 99384 394155 584170 389116 392489 555194 104392 546658 522251 127220 119930 454806 609047 392330 262157 445357 504947 322065 547854 497573 366499 211181 377766 400236 999999999 89106 164430 382867 523923 245678 553567 226580 131230 468971 101214 555703 313671 191176 442289 454056 639245 371862 632998 510252 397992 346536 287762 299614 448735 284591 424693 394234 199756 321293 514395 437258 761926 68764 405002 603321 364195 163810 539694 355899 115204 240815 447872 570371 535860 416792 485577 514972 438629 335708 398828 283490
232235 401227 392251 446356 433164 247450 365982 489646 318575 324551 27729 366607 486978 162936 375471 483054 251076 340551 346227 287454 292816 95653 398641 425674 187798 443002 615395 414413 338235 580198 175041 576532 583429 216276 135761 513235 689147 330279 315040 534415 589622 340570 522432 537456 445429 241125 289981 445167 89106 999999999 152984 413481 609792 331851 514132 267927 51379 527734 148432 506920 401794 244460 423762 510424 721486 460682 698818 569648 319064 425291 203642 377958 474941 279330 342184 482579 122432 393034 537906 525831 830899 68526 375132 659062 285292 250622 510096 335221 27827 163028 384319 643427 592128 334866 454268 578015 349775 274272 467316 212617
171815 551466 544678 444432 300987 399572 474562 479027 286270 273173 159936 463419 531808 272001 527406 342386 272240 486264 220426 136759 326154 247687 551005 476285 234017 318186 469629 267962 243916 431351 148844 430338 681423 247818 272418 399224 744099 254466 207089 536721 540780 480563 383592 399518 508775 372573 372007 315359 164430 152984 999999999 270811 566645 309741 390989 390614 130996 629761 264502 398022 386910 151936 279082 615952 657640 472686 788120 670479 433920 362570 313064 318376 327892 429012 334746 500317 140549 313566 388720 538923 727836 100884 527825 536768 267180 296795 375281 191819 169492 165304 309332 718259 697398 440940 321351 469431 414104 415532 374549 347389
244751 814173 789999 446796 60425 646652 741935 456885 304245 449323 410840 727094 591413 474644 770459 71939 511654 712846 92887 139915 565693 500453 808483 555617 388616 95590 202382 25384 368934 173087 292052 164121 809488 378772 502631 180745 793051 404864 146217 524248 433106 696068 321349 130383 601624 583590 632761 76824 382867 413481 270811 999999999 465122 331180 387683 587440 401049 769028 475748 433609 385799 200803 232221 762282 503373 491078 893075 804280 703207 280528 582780 265911 67775 667401 542037 521851 404137 220857 134110 544629 497456 347504 783764 284427 478980 422255 334115 220340 434933 417046 441186 803657 836800 708056 309128 250199 664523 684628 218311 617651
397210 906511 819024 200721 407863 717387 969071 155865 291966 834252 586721 974645 324685 526037 796786 453564 832279 709312 409840 527212 883591 638338 877556 344847 437315 373134 529561 490493 780784 551001 441114 519501 576225 405996 588552 312614 436237 804923 383120 176457 32315 671448 786278 441765 386300 592101 899496 394881 523923 609792 566645 465122 999999999 278259 847752 566088 638628 567457 541228 886637 216151 416487 691352 575797 137308 226124 601274 582673 919839 207131 811673 248560 501635 707675 901340 235923 690036 265399 540222 214274 359409 555290 851265 372430 833822 396530 797806 652457 637300 724613 854419 499859 616924 940185 767097 283239 956509 841947 247122 801368
140522 649560 579295 136689 299305 459406 691412 169313 28331 582906 308486 696411 261310 260687 557131 364872 562189 477233 241345 318750 611629 363114 626442 224937 163514 279945 492455 351489 545865 485642 168674 463822 483765 133013 319559 293759 468524 562076 190450 228329 259712 446474 615512 391357 272009 347161 621789 297815 245678 331851 309741 331180 278259 999999999 655234 331724 362993 448465 273546 679910 77170 178498 507906 445253 396478 172020 562231 480554 642432 123330 533416 89354 393795 458737 638291 202300 419073 137825 455271 235343 547101 280182 599747 434267 572002 141301 618664 444040 359241 456131 615675 472600 514344 662194 575289 330264 680042 569574 209921 525100
520985 850490 884925 789579 447919 747903 663100 812134 627276 264021 532567 629001 905822 660065 872155 424365 400837 851766 439951 336737 432634 604566 866249 855356 622508 483245 454118 362760 189890 401057 526814 427523 1072189 631921 648896 565091 1118363 220267 476837 877592 816328 854515 90263 468173 892393 753616 541801 463652 553567 514132 390989 387683 847752 655234 999999999 776363 467908 1020749 650502 64340 726857 477563 156491 1006845 890729 827253 1177143 1061427 647289 649590 556761 621136 373989 786279 353787 857466 411585 587880 376177 889617 853136 486019 848729 631269 331583 682025 64004 212172 515522 385683 196618 1103098 1088360 633314 81172 629680 530199 696078 603736 626170
344403 346274 253306 365972 581307 168171 483649 412659 341315 589569 245695 507158 312069 119351 231003 644345 494739 146238 498352 498440 522409 197698 313246 255389 200381 575089 781486 598297 605650 759952 296161 746494 323168 217442 134075 613745 473704 598082 448510 424554 559252 115259 774205 686526 246485 39292 471176 586745 226580 267927 390614 587440 566088 331724 776363 999999999 318647 265757 126275 773384 359145 386641 668866 246379 700488 351223 443020 307566 435227 455052 372315 417727 655133 145486 591399 357050 387639 459374 721523 398788 876650 291286 287510 760144 543130 190873 765432 582349 275648 426282 651751 404676 326969 465372 710820 659072 540817 325027 537283 319253
