NAME : synthetic_000331
TYPE : CTSP-D
DIMENSION : 100
GROUPS : 8
RELAXATION_LEVEL : 1
EDGE_WEIGHT_TYPE : EXPLICIT
EDGE_WEIGHT_FORMAT : FULL_MATRIX
EDGE_WEIGHT_SECTION
999999999 984687 895191 777574 632429 849533 398112 430587 189991 959631 421667 401259 895398 844950 185728 168145 252336 135792 295364 385130 350919 911766 427431 908685 324173 607162 214316 442898 283974 162443 715692 808476 633821 399271 324120 255517 121349 849611 811104 388052 411475 625874 855806 458425 869344 73242 262694 185062 388703 241311 630063 728300 818096 638631 504052 104480 263623 358086 807366 807632 572954 291028 469630 230224 438382 782530 928877 476722 746842 139232 433319 823126 149644 746828 348848 656671 532734 693296 548776 553118 310619 474778 837659 265918 145933 730397 62267 664825 766990 440743 765278 707183 766581 992257 136378 690199 630006 779395 211136 423429
984687 999999999 275867 636829 606912 138591 588734 564452 861159 110920 837214 960192 767478 326667 973875 843483 1206726 964694 842820 1072547 866863 162701 559280 77286 799330 749646 857251 545568 1116724 949879 355239 838986 514761 599755 732413 788025 887800 283960 421399 604074 576563 866226 294046 927870 145835 925599 722525 974979 634151 1154125 650942 830828 647238 353100 580822 1054375 728623 631036 685072 708593 510803 714440 760066 889130 929155 710743 64806 651843 390700 1120055 688326 766224 1129285 877127 730564 481261 711561 334459 570341 583905 916094 696599 721637 948324 887732 458393 979921 529344 365546 582332 518509 688788 378316 72483 1050679 321816 750702 530350 1012021 629311
895191 275867 999999999 370082 375357 218213 540932 469902 735060 364966 874153 767658 492335 64385 936836 733298 1081368 913774 684730 887929 689816 388044 484673 264257 639412 513778 723272 466507 960752 818108 474665 571153 617058 573657 722404 658246 781344 45780 155889 512523 496037 962783 40360 971710 162707 826268 652643 835965 508325 1016892 759029 572570 375596 376978 411020 941950 632563 544030 414804 438537 578491 604545 812429 744369 728001 443539 286495 698300 537081 1017696 513673 495528 1025190 617444 732235 269101 497894 424041 638105 387885 746605 504121 449067 789077 834464 216969 873594 299403 137709 455078 257333 433395 144241 343825 990833 397298 509718 265392 866412 642161
777574 636829 370082 999999999 152255 538515 569478 463356 588480 707556 933076 500961 162001 311501 888838 612764 888816 849552 494602 621140 464152 711888 499929 604577 457181 203352 566176 484204 732642 646873 704796 202175 796567 619167 748601 523867 656866 353164 216030 490490 497613 1083685 344062 1026467 499231 704679 613756 650222 433565 812302 919232 207248 41179 560549 310554 783394 560088 515794 54599 75311 731414 518934 899836 564815 451171 73929 630707 799558 775052 865517 346060 132327 869638 249805 771422 221854 249642 645317 776611 248595 523924 302820 98286 577061 779467 193006 733696 168939 279035 404711 119737 88388 265183 698093 903678 617113 187021 106486 665666 716347
632429 606912 375357 152255 999999999 486745 423139 316510 445483 656699 784040 402601 302472 310989 737439 465697 763084 698956 360312 524936 342540 648150 354500 558533 319112 142770 424935 340007 618271 510996 599707 286957 671760 473589 598506 377132 511143 342371 230627 340714 350324 940833 338843 876452 461386 559218 461553 518632 281473 689748 786308 245084 193296 451079 160180 646573 408088 364902 195860 206375 602320 367137 754348 429372 358584 187621 585592 657847 669096 728226 199126 248386 733197 291322 622175 128084 129062 541037 642618 98059 402865 162494 236626 453004 627944 158399 591977 78081 246398 255051 146551 118549 235734 657797 755579 514516 144835 155251 539363 572290
849533 138591 218213 538515 486745 999999999 456259 426464 722775 170801 731286 825080 682736 246225 847736 705837 1068871 835582 704737 935985 730189 175881 422781 72832 661477 628238 718690 408499 978221 811437 276006 738256 431494 471671 610401 649473 750569 203745 331658 466548 439690 785856 217249 825463 57604 789131 588310 836415 495564 1015698 573610 720876 555529 229244 445650 917142 591542 494076 590268 612996 410755 576374 658944 750564 795677 611294 99703 546613 330495 983905 552512 670620 992981 767722 611747 358849 583107 236903 471977 453419 778550 563476 630183 810092 757625 349402 842995 411194 259514 443830 418839 579169 273339 172970 920379 216194 631577 433650 873431 512058
398112 588734 540932 569478 423139 456259 999999999 106629 311078 561839 365524 510089 725454 504235 398501 277025 633307 381190 348253 586954 404508 515541 69824 512097 321144 493823 318694 86897 579196 396298 334449 695621 309159 50929 188384 257446 314023 495878 503845 92128 73193 518841 505418 461205 482566 344809 135678 427775 169088 592596 386375 633298 608553 240553 264401 476894 163192 87463 617778 629455 233278 172875 331212 361439 506681 610519 531502 239351 381130 535826 295605 669850 545609 672116 206013 369439 406405 301675 248214 325545 426635 343010 659498 434483 302374 437496 401244 407376 434913 170791 501249 537745 439809 594164 464595 294869 512401 520090 469694 150762
430587 564452 469902 463356 316510 426464 106629 999999999 297491 557954 470168 448922 618850 425389 471086 279596 642408 444849 299244 541427 343606 520739 39645 491181 262565 392088 295943 32281 559678 386445 375109 590676 389321 157206 288138 227066 325113 424127 411890 42836 34373 625054 431766 564690 440780 365817 183408 413172 86981 590364 483536 530390 502705 246827 158114 491412 167517 74148 511279 522835 313788 149999 437840 332065 436480 503907 514023 343781 433465 560705 203826 563391 569323 570482 309052 269312 306485 328990 341273 218960 378322 246682 552905 398723 365893 340324 418081 303248 350928 66718 399581 431366 353630 582785 520931 313274 409719 417995 452062 256509
189991 861159 735060 588480 445483 722775 311078 297491 999999999 854315 498784 254007 705693 680170 335287 51454 348856 287078 110859 292014 175006 814433 309891 788501 134422 417991 26838 320102 268329 88968 645301 621976 605093 336091 338739 76820 73818 690426 636320 260562 291171 700649 694869 564151 732955 118603 196476 117530 230754 292999 644134 542619 628807 537142 329179 207880 147906 238618 617464 617641 532863 148361 517641 65266 277323 592551 811495 480880 691446 286873 246871 633754 293199 564225 369739 482230 342755 609399 529183 371854 155048 285755 647685 136655 239988 554377 146659 483676 601365 284693 582434 517212 599088 880171 321840 598995 440879 595507 158822 402313
959631 110920 364966 707556 656699 170801 561839 557954 854315 999999999 768458 980945 847946 406330 928636 830502 1192639 924918 850332 1087465 882309 62182 545124 103392 808941 797526 853866 534218 1117488 943178 280006 908137 434236 563569 683763 785011 872014 362712 496975 593763 563579 777862 374858 854927 209791 905909 697517 970844 636074 1145953 563409 891674 722779 321491 604049 1037308 713892 617315 758537 781533 443527 705957 687965 889531 954790 780747 78719 585390 301054 1097656 708404 839277 1107448 938516 677599 528637 748852 275793 499696 618187 926874 724362 797569 953724 850712 519872 961836 581685 429108 587882 587828 749932 442801 49587 1012597 272061 801502 601926 1010007 576388
421667 837214 874153 933076 784040 731286 365524 470168 498784 768458 999999999 752309 1086137 848892 262591 447365 658082 297856 594943 779228 662827 708058 435279 762858 592468 834323 522430 452344 701974 541342 488457 1043615 340766 318415 187183 501117 443466 831985 862488 443344 435805 205754 843576 97894 775089 431013 343071 574425 508686 661744 257781 974284 972708 507017 623862 525508 410608 420604 979807 989997 326659 450060 84357 563927 770561 969688 772619 185499 479865 532001 626597 1026686 542917 1008026 161879 734404 745355 502829 268783 685994 653586 677913 1020510 630994 280866 800736 471857 772797 787268 529003 866478 894705 794169 813779 368149 517765 855189 885424 612187 233012
401259 960192 767658 500961 402601 825080 510089 448922 254007 980945 752309 999999999 566860 704533 575847 305198 409407 525289 165329 122431 106026 953633 478698 897008 189296 297777 229879 480133 238920 238940 824020 452542 819062 549139 585679 263224 317759 729128 632012 429580 461003 952751 728599 817823 817672 348112 430715 218674 361993 329319 879535 372836 534243 691208 379501 351760 366227 423281 508138 498837 743344 340777 766844 189609 51688 473484 922969 717785 881120 426704 272850 492405 426549 376583 616816 499224 273718 777023 752465 382714 98984 266130 523665 135353 490412 554645 339920 471473 631125 400245 547384 413687 623503 995923 536022 759464 315860 552881 208045 632630
895398 767478 492335 162001 302472 682736 725454 618850 705693 847946 1086137 566860 999999999 442360 1022828 737065 973237 980501 602091 677203 558012 858246 656511 744582 571293 288991 681089 641532 805743 751416 864716 133601 958568 775755 900075 649309 777669 485909 351291 642832 652754 1242235 474552 1177854 638159 824184 758164 748510 580217 893908 1080767 199453 131356 721660 462438 886391 699856 666098 108988 96151 893257 657925 1056610 671175 515184 117436 769674 958542 934929 967916 477596 74722 970579 216823 924260 383765 364839 805299 937892 400461 613708 428691 66006 668000 914726 348804 845751 330740 426929 557349 270807 194420 413048 833155 1026841 776892 266410 253190 756288 874018
844950 326667 64385 311501 310989 246225 504235 425389 680170 406330 848892 704533 442360 999999999 895689 681001 1024674 870223 625587 825177 628363 421571 443968 303235 580345 449520 667269 425468 900630 761757 479176 513515 611948 540708 689491 603506 729212 43628 95482 467378 453685 949886 32662 946770 197056 774929 608795 778487 456507 958857 751901 511293 320572 365506 353245 887734 584045 499011 358593 382185 566540 553926 791483 686644 664360 385369 327775 678193 545155 964615 453695 439716 971804 556635 701617 207258 433995 424614 624343 326420 685734 442012 395000 729213 791272 152619 820751 235249 78815 404238 195802 371100 82632 390918 945023 396514 445721 205490 807901 615901
185728 973875 936836 888838 737439 847736 398501 471086 335287 928636 262591 575847 1022828 895689 999999999 292448 398696 50946 445965 570100 509771 873865 452308 896598 462655 741889 362125 470632 467303 339430 660202 950827 544718 376187 245211 375831 262755 891331 880748 430249 442004 457289 900020 279353 878680 227739 288822 366641 462779 411738 504017 873133 930016 621008 588600 280586 330427 398920 926031 930154 500071 370515 329045 391724 607556 906343 912731 374154 674781 272501 545770 954057 283142 897469 255659 731549 658914 652997 459249 646461 479970 594138 961004 441792 109604 805208 246411 752889 821986 505473 854163 829239 824668 967765 105988 657697 764641 870704 396046 354023
168145 843483 733298 612764 465697 705837 277025 279596 51454 830502 447365 305198 737065 681001 292448 999999999 363378 246204 155868 341243 222504 788072 285821 769398 170337 452019 75736 298270 305161 120848 611007 659330 562251 296642 288510 88898 48249 688046 643869 239414 267774 649224 693478 513539 719864 95361 152970 154125 224973 316442 595921 581068 653591 510508 336340 212083 116682 213492 645011 646801 491442 130943 466645 116707 327023 622175 791492 432790 654071 284629 267014 666438 292476 605023 319391 489326 372302 578262 484406 384996 206310 310954 677273 186914 192507 562820 140523 496680 602557 278440 597186 545795 601463 858603 291091 569786 474896 611421 196734 356504
252336 1206726 1081368 888816 763084 1068871 633307 642408 348856 1192639 658082 409407 973237 1024674 398696 363378 999999999 360254 404480 320860 424710 1148454 648966 1132773 448338 692257 358315 661645 175914 263321 960961 861892 885696 642451 576441 425109 320628 1037249 973425 602738 631066 855976 1041046 676034 1081141 289320 499129 247021 579605 80209 880242 781902 925952 871603 671472 156998 479294 576682 905155 898963 823382 492595 714881 338919 460348 873207 1154842 728830 995797 126277 575994 898521 115557 785566 600815 821891 641311 934099 800919 705785 364939 601634 925825 311870 395732 891234 232448 814694 945966 633548 907851 806060 942647 1221653 299422 928175 713025 918149 223899 674835
135792 964694 913774 849552 698956 835582 381190 444849 287078 924918 297856 525289 980501 870223 50946 246204 360254 999999999 397931 519411 460888 871899 429632 887467 416493 697566 313878 447532 418824 288530 662233 905507 556388 364940 247670 331689 213884 868074 850696 402931 417737 497882 876178 324639 863690 177285 261452 315707 428729 367228 528071 827247 890696 611737 553601 233646 295264 371314 885301 888647 506060 333743 357094 342103 557578 864525 904787 388436 681973 234309 504747 910919 245284 850595 263757 699622 615903 650471 470200 609977 429795 552105 919392 391034 79422 773651 195818 718111 795174 474038 819612 787586 797126 962357 88430 652947 720395 835671 345401 356579
295364 842820 684730 494602 360312 704737 348253 299244 110859 850332 594943 165329 602091 625587 445965 155868 404480 397931 999999999 242464 67950 817131 324161 774350 45328 313141 84104 328494 277363 152271 670958 513231 656149 385182 422841 98095 184458 642029 569700 273495 305662 792276 644424 666276 706235 227098 265964 158441 215269 334433 714206 433299 533847 545921 274299 288797 200909 262921 518856 516994 580869 176627 604423 70241 175814 491495 799098 552535 724806 370929 172587 529043 375064 453740 453878 419997 245124 627527 587868 302280 79467 197950 546350 106039 348348 487674 243678 410265 547560 262578 503836 418088 543010 870567 430012 612488 335842 514723 182904 467326
385130 1072547 887929 621140 524936 935985 586954 541427 292014 1087465 779228 122431 677203 825177 570100 341243 320860 519411 242464 999999999 205802 1056739 566544 1007135 279971 417805 275261 570927 145337 238236 913221 556199 891291 619789 629656 329712 336128 848659 754007 515766 547977 984158 848588 832984 931732 351262 486812 206344 456380 242460 936095 479251 653290 787763 492481 308390 429951 503645 625493 614760 817174 414089 806180 230224 170102 589809 1032628 772841 966125 369512 384585 603614 366373 475638 660439 618990 395967 869971 818452 501244 163125 384398 638169 155928 502566 676104 323707 593086 750890 500656 669815 533291 743689 1105050 509607 854692 434806 675243 174076 693047
350919 866863 689816 464152 342540 730189 404508 343606 175006 882309 662827 106026 558012 628363 509771 222504 424710 460888 67950 205802 999999999 852829 372809 801344 83403 270797 148304 374581 276063 195579 718561 460585 713623 444459 489698 164026 247065 649010 564031 323568 355041 859686 649930 734116 726546 286528 331618 190499 256849 348936 777268 379727 501603 587334 287573 328672 265171 317498 482335 477810 637785 236841 671313 120840 108419 452038 826868 616533 775236 409956 179722 483805 412570 396114 520654 421108 217262 672234 648174 301996 60453 187141 505932 112913 414529 483461 294810 402269 552140 297338 488939 382357 545995 899355 487049 655252 292621 497582 201663 530133
911766 162701 388044 711888 648150 175881 515541 520739 814433 62182 708058 953633 858246 421571 873865 788072 1148454 871899 817131 1056739 852829 999999999 504545 126295 777032 786459 815540 495069 1079926 902933 220013 909911 372534 513554 628680 747271 828196 378613 507412 554342 523299 715726 391770 793752 226135 860346 650881 931618 601925 1104362 501230 888003 730349 277618 581133 992338 671428 576109 764334 786781 384305 666306 627084 852746 930160 783957 110967 525812 238873 1050412 682621 844199 1060395 934922 621231 520552 732043 221429 439473 601127 894829 702509 804835 918956 798847 520589 916708 575690 433166 556085 592565 747499 447086 111214 959925 221589 792164 608003 971572 520476
427431 559280 484673 499929 354500 422781 69824 39645 309891 545124 435279 478698 656511 443968 452308 285821 648966 429632 324161 566544 372809 504545 999999999 484376 290353 431706 311620 18614 576113 398481 346853 630091 351910 119305 256222 244338 328891 439097 437711 51039 18924 586465 447712 530733 442139 366399 170205 427110 119695 600831 444004 570031 538876 227459 197121 495344 169733 72329 548577 560623 276041 161848 400170 350511 468956 542073 506015 304544 402429 561123 241441 601950 570214 610110 275257 300302 345922 304178 301968 257390 403623 285472 590521 419925 350221 369325 420675 337563 372023 106333 431841 470071 375961 572785 509015 291037 449363 450596 467323 217853
908685 77286 264257 604577 558533 72832 512097 491181 788501 103392 762858 897008 744582 303235 896598 769398 1132773 887467 774350 1007135 801344 126295 484376 999999999 731499 700364 785483 471162 1046482 877382 285981 805505 445730 522530 655309 716232 813213 259653 393582 530068 501932 799386 272015 854473 106427 850354 646282 903180 563376 1081477 584514 790669 619438 275825 517756 979713 654004 556407 655332 678382 437121 641119 686768 818485 868091 677911 27063 577364 328387 1044528 624270 736144 1053851 837426 653777 430857 655925 260207 497289 526244 848903 636030 694230 879328 810591 418063 905006 482454 326622 512498 484889 648676 340217 100143 973533 245958 703316 498774 940851 552640
324173 799330 639412 457181 319112 661477 321144 262565 134422 808941 592468 189296 571293 580345 462655 170337 448338 416493 45328 279971 83403 777032 290353 731499 999999999 283684 110036 292956 322512 191893 636790 489255 630284 361587 414430 92269 207099 596701 525251 240665 272359 785535 599104 668441 661988 252995 254552 201545 176639 379233 695892 410754 497027 508107 228995 327633 186693 234095 484140 483699 554414 155145 595609 110592 187861 458495 756458 536124 692630 409491 127825 499349 414232 435038 445031 374979 209263 591556 565456 257658 117943 156730 513597 150900 360263 443134 276873 366478 502273 221182 461245 383611 497785 828236 456074 575434 306583 472669 227820 448849
607162 749646 513778 203352 142770 628238 493823 392088 417991 797526 834323 297777 288991 449520 741889 452019 692257 697566 313141 417805 270797 786459 431706 700364 283684 999999999 392918 421463 531575 462668 720514 211163 773662 544380 647435 366100 490737 483092 362975 402795 422011 1008879 478672 920490 604056 536594 494050 460952 329085 614318 875498 140352 236685 571966 241384 598106 430045 418676 213002 207143 700323 388372 817954 382200 247820 181356 727426 733121 788238 679883 207823 216008 682883 178435 674812 269524 89029 663428 732701 195030 328449 156434 235145 382592 635792 298200 556819 220682 388389 325375 266602 115957 377241 799899 739756 638499 22904 267446 471459 643985
214316 857251 723272 566176 424935 718690 318694 295943 26838 853866 522430 229879 681089 667269 362125 75736 358315 313878 84104 275261 148304 815540 311620 785483 110036 392918 999999999 320471 264509 95040 651664 595981 617649 347037 358981 69253 100379 679013 620494 261277 292727 723352 682979 589274 726804 144063 211562 117732 223868 298040 661495 516445 606285 539019 314736 223752 156930 241891 594054 593734 544466 150081 538979 45073 251448 568528 808941 498320 699810 304346 227427 608841 310024 537671 390092 467009 319175 613813 543462 354472 131275 263965 623626 119377 266398 538348 167556 465902 588471 277207 563702 493591 585654 878401 347386 602241 415780 576288 156156 417787
442898 545568 466507 484204 340007 408499 86897 32281 320102 534218 452344 480133 641532 425468 470632 298270 661645 447532 328494 570927 374581 495069 18614 471162 292956 421463 320471 999999999 584881 408964 343986 617698 357503 135150 274272 252337 342232 420895 419212 59547 31423 600865 429414 548102 426446 380774 187463 436849 118605 612072 454116 558981 522889 219155 184278 508811 183080 85581 533339 545792 282165 171741 415632 358179 468406 527626 493237 318013 401629 575700 235866 587939 584657 599681 292821 282597 336744 299046 311260 243535 407814 278012 575526 426330 368143 351193 434502 320828 353417 96966 414354 456324 357348 560777 526431 284391 438594 433194 476537 232487
283974 1116724 960752 732642 618271 978221 579196 559678 268329 1117488 701974 238920 805743 900630 467303 305161 175914 418824 277363 145337 276063 1079926 576113 1046482 322512 531575 264509 584881 999999999 184322 913563 690417 866417 601689 577020 332704 280039 918578 839494 525772 557228 907382 920541 742399 982260 275148 457918 151564 483122 97130 889417 611295 767903 803528 551363 188287 416027 505946 744059 735970 796399 414412 741911 228152 290571 710410 1070521 728346 958689 233688 447094 731239 228796 612449 606030 693797 491364 877505 786816 574802 216328 462375 761546 171814 421290 758421 230117 677935 823210 534395 764785 647144 818007 1140819 391051 866515 551112 772998 109521 658129
162443 949879 818108 646873 510996 811437 396298 386445 88968 943178 541342 238940 751416 761757 339430 120848 263321 288530 152271 238236 195579 902933 398481 877382 191893 462668 95040 408964 184322 999999999 730711 656160 682501 417453 399440 162892 100495 773937 713073 349417 379830 746610 777798 595279 820834 114048 273633 34533 317984 204268 710654 575277 686089 625481 408793 136531 233637 326859 670602 668110 612139 237238 571533 82082 276338 642497 900430 548285 774718 218670 317081 677678 222835 590508 429466 560294 397369 696376 603674 445982 149333 348556 697121 103602 264565 630837 101961 556565 682991 371631 652696 569853 679938 969139 298008 686678 485075 664414 76702 475233
715692 355239 474665 704796 599707 276006 334449 375109 645301 280006 488457 824020 864716 479176 660202 611007 960961 662233 670958 913221 718561 220013 346853 285981 636790 720514 651664 343986 913563 730711 999999999 884201 159811 318563 415618 587443 645744 445034 538412 397476 365297 513650 459120 575712 330942 671833 463139 762204 462074 925053 299312 843865 733510 148912 485416 803974 497544 411060 759385 778737 164563 502670 408332 693175 810514 768873 290616 305806 70257 854887 568991 832300 865336 889295 405306 485830 648312 59483 219691 525487 750425 602126 803008 764660 592628 516957 728760 542580 452698 428652 595665 714410 465254 325632 750657 87855 732113 614431 804045 306380
808476 838986 571153 202175 286957 738256 695621 590676 621976 908137 1043615 452542 133601 513515 950827 659330 861892 905507 513231 556199 460585 909911 630091 805505 489255 211163 595981 617698 690417 656160 884201 999999999 958281 746540 856475 575204 695594 555329 418097 606676 622650 1213798 546117 1130861 700675 739976 704728 648796 535841 781850 1069744 81070 197764 736276 433428 787704 641148 625173 157227 133584 887986 599412 1023915 579237 401576 128248 831836 934394 954030 867780 418198 80615 869398 84348 883201 400128 299134 825073 926017 376045 511604 366795 131728 565161 845727 389367 754660 342847 479029 524920 321021 169853 465345 899848 943169 797865 189268 308638 651381 846382
633821 514761 617058 796567 671760 431494 309159 389321 605093 434236 340766 819062 958568 611948 544718 562251 885696 556388 656149 891291 713623 372534 351910 445730 630284 773662 617649 357503 866417 682501 159811 958281 999999999 271618 312151 562284 587571 582644 657413 395132 366666 354710 596279 422197 484176 603537 409414 716268 470685 861580 142739 907197 829841 248406 532318 731254 461415 396467 850205 867064 76223 479599 257505 662139 815523 853422 450258 171234 139118 770060 593084 916522 780998 950094 292731 574971 691982 195818 86243 584145 733554 635305 894072 736420 496609 620816 659080 628192 572162 453955 698204 790162 583199 481620 643514 220575 788945 717720 758883 211261
399271 599755 573657 619167 473589 471671 50929 157206 336091 563569 318415 549139 775755 540708 376187 296642 642451 364940 385182 619789 444459 513554 119305 522530 361587 544380 347037 135150 601689 417453 318563 746540 271618 999999999 148910 290675 328290 529310 546166 141893 124080 467972 539597 415057 502951 353270 145354 450288 218121 607395 338699 683996 657986 246872 315190 485454 190244 132325 667878 679821 197519 208579 280875 391171 548737 661072 540057 188755 357730 538403 344707 720583 548640 722585 162049 416076 456721 294065 203941 376160 462094 392789 709774 465271 288399 482497 410198 455862 474174 221719 548235 588519 479967 599064 451223 292143 563096 567265 492761 99857
324120 732413 722404 748601 598506 610401 188384 288138 338739 683763 187183 585679 900075 689491 245211 288510 576441 247670 422841 629656 489698 628680 256222 655309 414430 647435 358981 274272 577020 399440 415618 856475 312151 148910 999999999 325727 299160 678161 692189 258111 253944 371173 688497 277954 645772 303675 160305 433952 321584 558855 312417 787533 788633 381466 438430 424771 228626 234008 794366 803991 258456 266058 181616 403202 598116 783339 670292 153325 434447 458523 439865 839872 469522 821857 31150 556362 558428 408003 226165 500602 488976 491093 834622 475264 184459 625463 356129 591287 622123 343898 687462 708025 627482 723532 335981 413633 668181 706005 475356 109267
255517 788025 658246 523867 377132 649473 257446 227066 76820 785011 501117 263224 649309 603506 375831 88898 425109 331689 98095 329712 164026 747271 244338 716232 92269 366100 69253 252337 332704 162892 587443 575204 562284 290675 325727 999999999 134169 613606 561056 193571 225414 696111 618063 576226 658010 182277 167921 186978 155097 366821 616487 498168 564694 471327 253400 284275 103213 176410 556337 558444 487729 84961 507332 106209 272425 533957 739712 454563 637802 362291 178224 579295 368993 524642 356653 406686 284486 547823 491829 298616 171800 222227 589004 177420 270807 479349 219885 410552 524715 208764 510381 457381 522587 809254 379940 535361 388883 524170 225075 369861
121349 887800 781344 656866 511143 750569 314023 325113 73818 872014 443466 317759 777669 729212 262755 48249 320628 213884 184458 336128 247065 828196 328891 813213 207099 490737 100379 342232 280039 100495 645744 695594 587571 328290 299160 134169 999999999 736049 691931 284100 311297 648082 741563 502091 765837 48108 182943 134916 273043 279312 610841 616358 697512 551079 384284 166584 159211 256815 687668 688629 519071 177996 471296 129747 345952 663736 834897 448912 685753 236965 312065 706186 245054 638022 329059 537377 413651 615641 507056 432134 219699 354255 718883 188861 172741 610778 93171 543958 650786 326363 644189 587859 649711 901220 249184 608552 513640 658175 176211 378298
849611 283960 45780 353164 342371 203745 495878 424127 690426 362712 831985 729128 485909 43628 891331 688046 1037249 868074 642029 848659 649010 378613 439097 259653 596701 483092 679013 420895 918578 773937 445034 555329 582644 529310 678161 613606 736049 999999999 137442 466743 450345 925156 14194 929685 153575 780836 606905 792263 463088 973393 723815 550735 363478 339145 367890 897062 586874 498253 401117 424632 540920 559072 771629 700831 690661 427092 284147 657705 509636 972532 471752 482271 980088 596451 688522 229909 461668 392123 599861 347627 705177 464336 438039 746796 788779 184903 828409 265015 98127 409715 235909 409660 107053 347525 945057 364584 480614 246786 823223 599542
811104 421399 155889 216030 230627 331658 503845 411890 636320 496975 862488 632012 351291 95482 880748 643869 973425 850696 569700 754007 564031 507412 437711 393582 525251 362975 620494 419212 839494 713073 538412 418097 657413 546166 692189 561056 691931 137442 999999999 451097 443752 981230 128034 960012 287242 739116 591952 726417 424840 904060 792923 416729 226419 409257 307824 843857 557429 482097 263705 287198 603832 522918 812444 634625 588978 289916 418981 701889 607064 923125 397465 344860 929516 461759 708114 154557 358461 480788 658097 267642 623203 377131 301140 669958 773243 82244 780850 161843 85918 376802 101480 277672 74233 484260 920210 451988 357064 110072 752501 631039
388052 604074 512523 490490 340714 466548 92128 42836 260562 593763 443344 429580 642832 467378 430249 239414 602738 402931 273495 515766 323568 554342 51039 530068 240665 402795 261277 59547 525772 349417 397476 606676 395132 141893 258111 193571 284100 466743 451097 999999999 32250 607165 474252 536009 482411 323935 141740 377391 77167 552581 478327 542679 530556 277814 180534 450633 125569 31633 536530 546684 318917 112202 417408 299674 421724 526602 552380 330572 452035 518921 203516 584444 527663 580850 281469 305313 314896 355216 339038 242691 352959 250977 577171 368890 324209 377640 376803 335162 392320 85797 433626 452241 394588 620197 478345 341948 421819 451583 417234 241224
411475 576563 496037 497613 350324 439690 73193 34373 291171 563579 435805 461003 652754 453685 442004 267774 631066 417737 305662 547977 355041 523299 18924 501932 272359 422011 292727 31423 557228 379830 365297 622650 366666 124080 253944 225414 311297 450345 443752 32250 999999999 592032 458569 530330 457869 349484 156941 408326 104028 582391 454970 561055 537020 246318 191249 477842 152087 54483 545342 556693 290575 143029 404174 331588 452098 537552 523788 311879 420274 544374 228019 596718 553363 600431 274686 302945 335305 323006 313949 252563 385128 273435 586838 401068 338434 373376 403386 337567 380499 97730 433593 464588 383830 590887 495885 309958 440205 452082 448475 223805
625874 866226 962783 1083685 940833 785856 518841 625054 700649 777862 205754 952751 1242235 949886 457289 649224 855976 497882 792276 984158 859686 715726 586465 799386 785535 1008879 723352 600865 907382 746610 513650 1213798 354710 467972 371173 696111 648082 925156 981230 607165 592032 999999999 938187 187511 837630 636736 531424 779878 679803 864494 215290 1149142 1121405 586072 783134 729022 599722 590238 1133781 1146615 384329 636285 191669 765915 968020 1128451 802338 284271 477206 729745 803805 1188393 740420 1185927 340850 871559 920194 549245 325553 843845 854595 854111 1176234 834518 486534 930475 677290 917054 899421 689536 1002759 1056418 908625 826823 559448 572181 1028481 1022295 817873 368616
855806 294046 40360 344062 338843 217249 505418 431766 694869 374858 843576 728599 474552 32662 900020 693478 1041046 876178 644424 848588 649930 391770 447712 272015 599104 478672 682979 429414 920541 777798 459120 546117 596279 539597 688497 618063 741563 14194 128034 474252 458569 938187 999999999 941329 166271 786643 614847 795609 468520 976532 737313 543212 353204 352285 370667 901862 593496 505821 391254 414846 554028 565004 783790 704010 689449 417949 296202 669960 523798 977784 473486 472377 985229 588696 699262 229604 459798 406069 612802 348107 706552 464535 427596 748840 796953 180673 833704 262059 97825 415421 227864 402637 105183 358612 952588 378469 475560 237943 826063 610959
458425 927870 971710 1026467 876452 825463 461205 564690 564151 854927 97894 817823 1177854 946770 279353 513539 676034 324639 666276 832984 734116 793752 530733 854473 668441 920490 589274 548102 742399 595279 575712 1130861 422197 415057 277954 576226 502091 929685 960012 536009 530330 187511 941329 999999999 870395 481726 426562 626642 598398 690965 317461 1059755 1066405 602999 716383 558284 492251 511772 1072311 1081808 417352 533083 167806 628218 840304 1060974 863108 278887 560511 550445 712763 1116953 560814 1091908 255661 830566 831842 594296 357543 778556 718875 764189 1112477 690911 330789 897554 514735 867833 885088 621806 962454 985365 891923 901266 377107 610669 941818 981286 661385 330904
869344 145835 162707 499231 461386 57604 482566 440780 732955 209791 775089 817672 638159 197056 878680 719864 1081141 863690 706235 931732 726546 226135 442139 106427 661988 604056 726804 426446 982260 820834 330942 700675 484176 502951 645772 658010 765837 153575 287242 482411 457869 837630 166271 870395 999999999 806345 610918 844113 502957 1024802 626737 688411 513298 268660 439255 931917 607976 511520 549509 572665 458947 589186 705019 756114 785342 572792 131787 591685 387228 1001330 547150 630445 1010037 734985 649318 335439 566037 288524 520192 439110 777538 552888 588088 812199 784938 315318 858854 384037 222864 449718 379716 546253 236158 199529 946922 265740 605482 393129 879640 551325
73242 925599 826268 704679 559218 789131 344809 365817 118603 905909 431013 348112 824184 774929 227739 95361 289320 177285 227098 351262 286528 860346 366399 850354 252995 536594 144063 380774 275148 114048 671833 739976 603537 353270 303675 182277 48108 780836 739116 323935 349484 636736 786643 481726 806345 999999999 209944 144931 318429 258043 615807 660288 745272 584436 431681 132386 198379 295230 735034 735689 537927 221805 467008 166207 380571 710701 871429 456421 708230 195002 360122 752343 203883 680591 331904 584593 460693 644916 520743 480086 252616 401960 765847 214461 151547 658146 56928 591863 696682 371223 692191 635048 695895 936576 203333 639512 559482 706232 181230 392462
262694 722525 652643 613756 461553 588310 135678 183408 196476 697517 343071 430715 758164 608795 288822 152970 499129 261452 265964 486812 331618 650881 170205 646282 254552 494050 211562 187463 457918 273633 463139 704728 409414 145354 160305 167921 182943 606905 591952 141740 156941 531424 614847 426562 610918 209944 999999999 307093 180348 462138 450666 633193 654681 376195 305734 342306 68322 110235 655645 662878 338508 107017 341082 256625 439839 640737 666256 287862 502965 400151 286539 694257 409932 665704 190628 443621 405595 434988 332707 366222 336627 337932 693820 330895 182518 516940 266703 468181 534038 217933 568679 564047 536318 729624 338983 429750 515528 585873 349704 206244
185062 974979 835965 650222 518632 836415 427775 413172 117530 970844 574425 218674 748510 778487 366641 154125 247021 315707 158441 206344 190499 931618 427110 903180 201545 460952 117732 436849 151564 34533 762204 648796 716268 450288 433952 186978 134916 792263 726417 377391 408326 779878 795609 626642 844113 144931 307093 999999999 341353 181513 745183 567733 688739 654488 425275 138909 264682 356085 671349 667643 645559 265313 605660 91967 260021 641907 926579 582789 807134 219566 329028 674275 222071 580379 463948 574979 400726 726863 637781 458784 137395 356369 696067 85538 296355 644218 122865 568023 699904 394396 662247 570869 696258 995872 317944 716522 482953 673159 42617 509431
388703 634151 508325 433565 281473 495564 169088 86981 230754 636074 508686 361993 580217 456507 462779 224973 579605 428729 215269 456380 256849 601925 119695 563376 176639 329085 223868 118605 483122 317984 462074 535841 470685 218121 321584 155097 273043 463088 424840 77167 104028 679803 468520 598398 502957 318429 180348 341353 999999999 521845 555430 469386 474429 331473 126082 434783 133538 89603 476309 484447 394571 98235 488914 255122 349869 463011 587413 406249 520234 509462 126606 518558 517096 506367 347583 271751 240427 415411 416142 185906 293570 175089 515293 317654 353471 345948 365331 290114 378349 54029 391404 387043 377890 657951 495538 398855 348888 407943 377877 316579
241311 1154125 1016892 812302 689748 1015698 592596 590364 292999 1145953 661744 329319 893908 958857 411738 316442 80209 367228 334433 242460 348936 1104362 600831 1081477 379233 614318 298040 612072 97130 204268 925053 781850 861580 607395 558855 366821 279312 973393 904060 552581 582391 864494 976532 690965 1024802 258043 462138 181513 521845 999999999 868898 701961 848948 826749 605928 136832 432969 528701 827316 820638 795562 440674 710873 272562 380373 794914 1104382 712169 964407 151946 506979 819211 144539 705371 585625 754177 566146 894231 778627 636714 288666 529493 847202 236839 386884 822085 203052 744049 880440 575246 835345 728707 876445 1172735 322982 886187 634811 844994 151559 650479
630063 650942 759029 919232 786308 573610 386375 483536 644134 563409 257781 879535 1080767 751901 504017 595921 880242 528071 714206 936095 777268 501230 444004 584514 695892 875498 661495 454116 889417 710654 299312 1069744 142739 338699 312417 616487 610841 723815 792923 478327 454970 215290 737313 317461 626737 615807 450666 745183 555430 868898 999999999 1012980 954377 386609 637221 733223 513336 471021 971827 987247 189815 540777 177412 706523 883753 971787 587105 163255 262399 757578 681813 1034047 768705 1053785 283943 699702 789896 338532 143762 693724 787064 728340 1015394 780338 484731 751000 667180 750309 708534 550238 826915 904652 718975 612152 609118 363222 892702 846545 786975 247136
728300 830828 572570 207248 245084 720876 633298 530390 542619 891674 974284 372836 199453 511293 873133 581068 781902 827247 433299 479251 379727 888003 570031 790669 410754 140352 516445 558981 611295 575277 843865 81070 907197 683996 787533 498168 616358 550735 416729 542679 561055 1149142 543212 1059755 688411 660288 633193 567733 469386 701961 1012980 999999999 218740 695004 376163 706641 568270 558986 179507 159816 835028 526917 958284 498736 321590 141757 817486 872649 912877 786715 347695 128915 788351 46922 815053 368850 229324 785498 869701 323287 430535 296444 173034 484107 768969 373096 674052 312602 465686 463825 315519 142160 452653 887765 863310 759254 120900 307460 570445 783727
818096 647238 375596 41179 193296 555529 608553 502705 628807 722779 972708 534243 131356 320572 930016 653591 925952 890696 533847 653290 501603 730349 538876 619438 497027 236685 606285 522889 767903 686089 733510 197764 829841 657986 788633 564694 697512 363478 226419 530556 537020 1121405 353204 1066405 513298 745272 654681 688739 474429 848948 954377 218740 999999999 591050 350972 822619 601231 556175 40905 64230 765903 560099 938410 604087 483819 77025 645085 837163 803704 904759 387027 120028 908731 257268 811175 255055 288724 674120 812241 289162 561030 343323 74793 614487 820646 217473 773739 204771 297579 444829 139774 120795 283649 710673 944567 645670 218543 122781 703258 754661
638631 353100 376978 560549 451079 229244 240553 246827 537142 321491 507017 691208 721660 365506 621008 510508 871603 611737 545921 787763 587334 277618 227459 275825 508107 571966 539019 219155 803528 625481 148912 736276 248406 246872 381466 471327 551079 339145 409257 277814 246318 586072 352285 602999 268660 584436 376195 654488 331473 826749 386609 695004 591050 999999999 339064 715962 393843 298622 614996 633629 201780 389299 439319 577296 673548 622716 293218 325214 218017 776335 428130 686216 786071 740392 382520 339726 501248 91594 261127 376957 624779 457858 658822 645283 535196 377076 640439 395873 323827 291215 455494 566425 335024 353844 698075 68998 583316 474729 694782 283218
504052 580822 411020 310554 160180 445650 264401 158114 329179 604049 623862 379501 462438 353245 588600 336340 671472 553601 274299 492481 287573 581133 197121 517756 228995 241384 314736 184278 551363 408793 485416 433428 532318 315190 438430 253400 384284 367890 307824 180534 191249 783134 370667 716383 439255 431681 305734 425275 126082 605928 637221 376163 350972 339064 999999999 537030 258510 205240 356003 366289 459286 220248 595353 333500 350852 346599 543884 501661 551400 615667 107927 405471 622258 418130 461995 153327 163154 430389 493733 62175 340455 121551 396702 379574 479156 226493 473067 164512 274629 94912 266013 273344 271189 617017 617597 407504 256810 282186 455408 414622
104480 1054375 941950 783394 646573 917142 476894 491412 207880 1037308 525508 351760 886391 887734 280586 212083 156998 233646 288797 308390 328672 992338 495344 979713 327633 598106 223752 508811 188287 136531 803974 787704 731254 485454 424771 284275 166584 897062 843857 450633 477842 729022 901862 558284 931917 132386 342306 138909 434783 136832 733223 706641 822619 715962 537030 999999999 325759 423360 806920 804114 667611 342967 574065 218580 396311 778454 1001275 577995 839301 82142 450739 812347 86625 718967 450709 689966 533899 777291 647167 578221 276239 484343 832932 223470 250154 761798 75654 689623 808959 488721 787021 706199 806856 1067226 203715 771712 620342 799234 144354 520045
