NAME : synthetic_000192
TYPE : CTSP-D
DIMENSION : 100
GROUPS : 8
RELAXATION_LEVEL : 1
EDGE_WEIGHT_TYPE : EXPLICIT
EDGE_WEIGHT_FORMAT : FULL_MATRIX
EDGE_WEIGHT_SECTION
999999999 704992 423829 666501 761308 710268 844453 728850 312390 976569 717890 663746 656179 402155 841973 747560 547409 398664 229656 761854 816481 893186 923362 556461 133740 705920 538684 1083476 381087 335400 880299 209190 449891 882146 379880 386965 633248 530029 852173 69866 688524 725302 602527 788712 128725 356240 838878 862839 150109 784795 987529 462194 655881 444884 863950 996204 919929 106646 64110 762532 391006 685886 83885 721455 318789 578979 955962 895890 706353 742280 179520 581978 856862 659160 761099 405591 475909 469740 383770 697257 314341 411172 697846 539492 670106 648227 803319 103857 733496 193899 971987 384584 825832 587734 858108 1055108 544492 556732 650214 997300
704992 999999999 466079 658225 59691 333645 151572 659706 394449 413684 428749 260275 479079 498835 164820 786301 302601 355848 571380 231698 114462 188196 453472 650149 593892 341944 178386 457432 602670 711261 175843 749389 625001 181286 328204 550752 73448 190908 156907 747307 100555 389603 116837 397928 826259 373889 153345 170228 562821 174993 340331 243042 614185 744713 191671 485949 303114 806706 642663 408809 324296 414089 621112 58287 566504 152068 308805 529700 329919 294130 542751 123240 226590 534315 629557 378670 655925 348848 572108 113206 669286 603505 823928 477144 421282 660770 431918 620179 260948 521456 304469 335545 433985 719733 299591 421159 811575 707685 593621 467263
423829 466079 999999999 291733 502137 670148 555757 337772 296760 588546 297514 292247 232640 550039 538095 409341 180841 408239 468340 641857 547169 629207 514338 220808 399422 303343 388883 712199 139110 258527 610469 346255 162119 637942 308527 87441 400006 392033 619889 491594 512414 311681 351248 377275 499033 176979 543240 570554 291774 619603 637972 295527 264173 278634 551563 590738 562452 524784 388313 747800 336758 702391 362724 511926 537390 427343 610408 473587 307426 356769 258695 377854 518285 242197 354188 444668 196308 485728 590773 527266 222391 137426 407363 639874 696233 280735 785424 321001 360110 258259 638826 204435 410500 286259 485334 690533 351013 264929 251615 596940
666501 658225 291733 999999999 672606 926683 691261 69493 588138 582638 271487 406946 187347 841489 662281 129375 365845 695075 754583 871920 701154 774305 466733 115890 675080 348366 641525 719650 285694 369814 753491 514395 219311 797375 593978 285033 610206 648346 790519 736316 732712 314878 562650 360340 703431 466109 674534 700050 561162 830846 689981 561239 44784 290082 664329 540108 616121 752870 647593 1006819 621517 971983 624433 714048 827674 672517 672502 363818 360184 418348 530153 609265 607277 130869 125155 732442 201977 768207 882226 748372 367611 255624 176753 926293 968300 21559 1041413 573652 443005 536036 712473 487786 365052 131693 530980 712070 265797 151008 65408 559930
761308 59691 502137 672606 999999999 369485 92288 667961 452010 370360 428467 266659 488770 557007 109234 798809 330061 415509 630985 253718 55460 133903 423265 674383 652071 340628 238057 403336 640480 752844 119249 798269 657645 135870 386309 588422 128083 250599 119916 804917 142560 386644 163756 384995 881364 424244 95744 110794 617622 184091 285323 299151 628013 779863 136136 447888 255013 863758 699413 440339 383303 454746 677437 87682 625888 211073 254568 510280 328185 283909 596435 181166 180427 545189 632975 437998 686949 406603 630458 151206 711744 639034 842553 529811 463670 676991 459220 674609 251214 575676 246990 387092 417525 743347 264398 366587 841706 733470 607337 426962
710268 333645 670148 926683 369485 999999999 443540 944480 438654 739633 739082 570513 768240 343922 472085 1055499 563573 319489 499017 133935 398657 416903 787099 886625 576818 657433 285568 757920 782168 858584 421935 838262 828325 376979 386628 736460 340326 279935 344124 723047 233102 705294 378541 724371 838399 509536 454958 457138 611071 211685 640471 374630 886186 926784 497247 816888 622559 788067 648354 80579 361034 92600 637281 282897 440759 255013 613033 859689 646503 620700 608572 322449 549573 817846 926323 305390 864252 240943 406776 220905 814689 794788 1072376 237180 107599 923659 115444 664462 588179 584627 593724 472601 762730 954651 631704 720552 1014430 934834 866905 796409
844453 151572 555757 691261 92288 443540 999999999 677340 538222 302972 430576 288167 504047 649133 35562 813035 376506 507254 721653 317565 45224 83498 377140 707931 739015 345328 329355 316949 694836 812004 62605 868686 704052 114848 473730 643154 214786 342144 124950 890490 228487 386387 242015 369059 962070 499498 17962 18832 698480 240146 198565 383966 646522 828921 55120 387735 182829 948143 783484 508628 472493 532451 760779 172653 718062 303346 169803 479527 333012 278803 675528 269720 119485 560835 635506 530201 730590 498611 722636 234362 772541 689982 865741 618269 543016 698380 522433 754642 250072 655738 156440 464486 394478 775141 217451 279724 882574 768672 626033 363452
728850 659706 337772 69493 667961 944480 677340 999999999 630154 540453 247686 401593 180680 882730 646421 139105 380978 730823 805463 880671 691558 760834 420158 184605 730454 332096 661674 676825 349664 438526 739939 582216 285567 787074 629626 343660 618022 669681 783259 798716 740539 292212 572345 327453 770102 506242 660040 684445 617724 834258 656980 587905 74505 359453 645699 490344 585519 817532 706983 1025007 656379 995258 683184 716937 874977 689468 642129 309242 344484 399388 585950 623272 584906 127049 61979 768759 270469 800185 927184 756152 434774 319818 215256 960340 992850 91012 1058075 633765 427270 590041 683652 523767 324878 198119 501751 672208 330315 219592 86463 512218
312390 394449 296760 588138 452010 438654 538222 630154 999999999 710248 517630 407933 491631 253352 539423 705456 311657 126261 208041 462782 507447 582336 683601 512124 200951 474130 226499 801207 368918 425345 570261 401401 428424 570010 67517 333027 324224 218366 539813 352920 377204 508045 299072 561690 437287 124481 534340 556903 180954 476663 696465 154577 558229 505493 563086 747872 635177 412440 249115 505991 82692 443535 228978 409067 252681 267506 664092 690650 470129 488675 172017 271217 565733 520390 637519 156697 465047 211275 298487 386672 382253 388768 695314 350194 432919 577494 546740 238372 470912 147954 674694 118769 603383 571985 585726 769673 601415 546198 543762 742506
976569 413684 588546 582638 370360 739633 302972 540453 710248 999999999 324013 312824 418300 887825 270356 677190 430183 726671 915973 618665 345182 362012 125155 647277 901115 285960 558701 137018 710473 834688 346467 934714 689257 404631 659462 666643 441478 572543 424385 1035691 511164 290188 435641 229052 1074358 623623 288550 294146 827143 542491 148024 567641 543597 811252 247896 91019 120408 1083090 924509 808639 669939 824941 898831 457754 937373 550370 154584 250180 281155 235477 797053 490966 190060 463364 482582 758341 702743 744996 957766 521074 805202 693485 754477 886879 833407 597866 824419 874867 243433 783821 195875 602908 217594 700941 125641 133251 830588 706894 526885 62643
717890 428749 297514 271487 428467 739082 430576 247686 517630 324013 999999999 169998 94331 751398 399092 385434 208943 586305 720537 657843 447191 514045 225507 323629 674036 87840 471565 459472 399264 521146 493164 635903 369141 541778 492019 361736 400056 482439 540169 783948 518730 44527 360745 94961 796470 400547 413104 437120 577415 603255 419493 422629 228569 488563 398012 303553 344921 820793 676648 819064 513688 802247 650504 487013 769574 489536 401175 178743 100289 151938 544512 419185 337790 143335 205538 624162 379964 638962 809288 533889 496505 378549 448146 800114 803261 283238 848253 614132 181045 538234 440987 398921 116989 379912 259622 447507 507308 383835 209705 315603
663746 260275 292247 406946 266659 570513 288167 401593 407933 312824 169998 999999999 222117 616203 262699 532312 118929 449477 615946 488020 294515 369873 276015 420131 591552 87262 311987 425577 426722 549622 349300 632705 424563 390788 366168 377481 230576 324057 383657 723160 348742 134841 193778 165394 763039 311967 272482 299187 514376 435246 345780 282321 362213 550709 270397 340511 270641 770274 612035 650165 382461 636614 586265 318332 649580 324751 318213 303534 77147 80987 484231 254106 228099 278614 369342 485553 448051 489984 680301 363925 514601 416566 579270 648016 638725 412463 678725 562180 70555 471138 347803 294554 207580 487015 197348 401221 597059 481148 341550 337145
656179 479079 232640 187347 488770 768240 504047 180680 491631 418300 94331 222117 999999999 737406 474934 310405 208047 577360 685396 700559 514974 587199 316413 229367 627147 161548 488666 553790 315187 434096 566361 556075 278644 611050 478057 283109 438041 497699 605401 724185 560362 132976 393134 189264 725025 368408 487253 512711 523125 653580 510961 423119 142732 395567 477177 394246 435436 755954 620601 848816 502781 823122 594858 536260 743684 513687 491145 248147 173142 231921 489941 445958 421254 56858 158704 615688 287108 639688 789385 575946 412679 292061 363111 801426 821930 195870 880885 553607 255737 487259 529634 376224 207548 286985 349986 541475 413129 289804 122471 408029
402155 498835 550039 841489 557007 343922 649133 882730 253352 887825 751398 616203 737406 999999999 663424 958166 542554 166799 173093 437900 607798 663042 887453 763365 273529 694485 330325 952869 610642 642932 658348 574488 674682 635367 260149 580482 450474 316474 600380 397683 430323 734537 452276 779983 523457 376506 652124 667355 352903 490420 837609 334014 811269 736718 690124 941974 791480 461263 348631 377533 237720 295712 347047 482314 97622 347162 805514 915606 687961 692228 366861 397875 715416 770185 887609 131035 710754 150782 73773 430731 603522 633563 944239 137660 277899 830764 416358 391066 667560 347636 803300 361705 822427 820934 763018 917483 836955 793935 796464 930843
841973 164820 538095 662281 109234 472085 35562 646421 539423 270356 399092 262699 474934 663424 999999999 782840 357631 516713 728111 348525 74827 116055 341725 682780 740346 314943 338534 294103 676851 795672 95475 857686 683045 149971 476492 625517 220057 351798 160367 890126 250951 354713 240588 335052 957442 492683 18570 38029 694540 272148 176144 384861 617628 808519 26953 353794 151050 946572 781928 539044 477368 559772 758645 195277 728937 316307 145355 444099 302773 247155 670383 275597 84315 531568 603425 541603 708543 513636 736548 258396 757036 670686 837479 639045 569641 670026 554107 749935 219658 651350 140189 459251 359642 749312 181902 257367 859244 743844 597244 330096
747560 786301 409341 129375 798809 1055499 813035 139105 705456 677190 385434 532312 310405 958166 782840 999999999 495219 816861 859960 1001218 825259 896431 555191 198498 773385 467908 770136 812911 371832 424974 875549 572659 301287 921235 716299 385234 739339 776697 915794 816352 861904 429902 691920 466557 765707 586087 795948 820814 658496 959465 795920 688218 172339 324346 783050 622663 724621 824340 737331 1135525 744215 1099420 716045 842489 937639 801603 781230 439057 480130 536400 629473 738609 723160 253714 194609 853675 272034 892123 994805 877565 435310 342845 95398 1048526 1095304 132280 1170360 662581 563226 638541 822747 610544 463076 160742 640828 809570 258576 191649 192779 645973
547409 302601 180841 365845 330061 563573 376506 380978 311657 430183 208943 118929 208047 542554 357631 495219 999999999 377985 517769 506599 371138 452281 380104 347618 482569 164486 281255 544482 319259 439226 432952 515028 328658 464512 283084 268116 246676 289909 449729 608389 368259 196391 198036 251681 644501 202176 363391 390745 398998 469698 461920 217189 323892 452698 370735 450286 387935 653681 497643 644072 304901 615584 471635 354926 562064 308573 433162 379036 162323 195042 368050 243598 338904 254700 366604 416029 357071 434538 600493 383877 402005 313486 524166 596365 614072 365252 677471 445036 189464 356360 459615 193226 292702 417275 316274 519767 511646 405158 304164 450118
398664 355848 408239 695075 415509 319489 507254 730823 126261 726671 586305 449477 577360 166799 516713 816861 377985 999999999 219419 363718 469457 534629 721567 627964 268598 527810 178224 799398 492919 551423 526435 519394 549874 513833 101256 454410 297684 165166 480466 422599 308292 568279 291852 613191 527351 231340 507584 525984 291592 393274 686827 167221 661627 631253 542700 777615 635426 486751 335084 382794 74745 317776 321258 352490 213104 206514 654347 748980 521198 525937 290278 242664 560639 613668 730852 38327 586621 85096 232284 313591 508444 511328 813304 231687 306788 686421 423825 345251 501887 266571 656690 207442 655634 690458 601245 765053 726255 665903 645459 767517
229656 571380 468340 754583 630985 499017 721653 805463 208041 915973 720537 615946 685396 173093 728111 859960 517769 219419 999999999 571358 685727 753196 891639 661491 107247 681310 393080 1001561 493589 500822 744318 413027 562594 733178 257344 474730 508135 380956 699880 226503 527659 713737 492857 768860 350492 320131 720504 740477 209836 609243 893024 350629 731295 602812 753292 955657 835713 291021 179708 543049 251460 463469 182976 571529 92752 424984 860459 895861 677660 696630 233762 452636 763698 706941 821681 209181 596449 267128 159231 532636 465736 520361 831796 310742 446642 740544 583076 233543 678331 221812 866836 324720 810295 710778 790830 968769 705152 681513 719695 949801
761854 231698 641857 871920 253718 133935 317565 880671 462782 618665 657843 488020 700559 437900 348525 1001218 506599 363718 571358 999999999 273819 284086 676955 847679 632284 572067 258165 627945 767180 858614 290342 861342 803838 243437 399949 717794 262660 259189 211214 785602 140212 619993 309317 629553 890355 502529 330622 329603 643394 79098 511496 356458 829167 913185 372351 699755 499537 850069 697981 191253 380120 226524 682658 174351 529486 216379 485322 760147 560268 525818 634054 266337 429560 753837 855072 363435 838099 304487 507648 124670 814664 774981 1029224 354919 240916 871837 206047 700189 492627 610129 463414 462479 665130 917223 517939 590646 992669 900913 809019 677472
816481 114462 547169 701154 55460 398657 45224 691558 507447 345182 447191 294515 514974 607798 74827 825259 371138 469457 685727 273819 999999999 82413 412960 710484 707531 360159 292652 362122 686099 800592 65377 850205 699791 96272 441768 634115 183392 304958 94037 860345 184048 403776 217039 393106 936138 477379 56804 61180 672357 197335 243762 354408 656380 823369 98766 428170 225727 919094 754698 464560 438609 487326 732624 128410 678827 263891 214990 510109 347669 297291 650769 236619 157790 571803 652728 490925 727878 457065 681448 189443 760101 683177 873742 573934 497819 706971 479295 729191 266353 630223 200867 440803 421621 778709 252335 324874 881559 770481 635748 404789
893186 188196 629207 774305 133903 416903 83498 760834 582336 362012 514045 369873 587199 663042 116055 896431 452281 534629 753196 284086 82413 999999999 449345 788628 781051 428803 361710 347065 768209 882981 20895 931840 780866 43743 515729 716255 260599 373017 72872 934998 232719 469824 297624 451053 1014254 558136 100970 78799 750660 205306 234428 431188 729545 904859 124998 450840 243055 994727 830804 473079 510295 508894 809306 182592 739634 328256 213016 557119 416475 362224 729959 311301 193694 644019 718877 552724 808441 512796 736773 233078 842514 764925 948419 614904 521821 781151 480953 807849 333564 708990 183535 520964 474897 856308 292924 310175 961511 849052 709021 424328
923362 453472 514338 466733 423265 787099 377140 420158 683601 125155 225507 276015 316413 887453 341725 555191 380104 721567 891639 676955 412960 449345 999999999 540846 862538 217541 568435 258077 624156 746541 431017 858099 594265 488870 641770 584807 461720 581765 502078 986414 554028 202812 442540 137078 1011237 581933 360143 373555 777076 605820 264771 555512 430066 711842 325599 78050 212938 1028623 876322 861357 657026 866268 850183 505802 924996 569662 262467 125283 218009 196312 745274 502959 257782 354712 360853 756418 603481 753694 953568 566328 721084 603963 635206 905731 872213 483301 882049 819822 219947 735196 306399 568582 108944 589783 160648 258208 722016 598536 414848 93388
556461 650149 220808 115890 674383 886625 707931 184605 512124 647277 323629 420131 229367 763365 682780 198498 347618 627964 661491 847679 710484 788628 540846 999999999 575409 382718 602256 783083 176098 253981 768316 398654 106580 806052 528988 186806 592777 606882 794264 626015 712333 361367 543524 418425 588383 396747 692515 719302 460560 816141 737827 512864 125007 180348 689311 617565 661567 639765 541876 965266 557292 922326 519825 702334 739785 637986 716403 452574 392796 452377 431182 581352 639706 186197 234067 663795 86095 706390 797715 727767 252461 146320 186732 859240 916562 95217 1002069 467274 470729 440044 753112 425237 433335 69777 576474 770746 183841 61610 132564 633774
133740 593892 399422 675080 652071 576818 739015 730454 200951 901115 674036 591552 627147 273529 740346 773385 482569 268598 107247 632284 707531 781051 862538 575409 999999999 646665 420868 998142 402518 397648 769683 305800 472784 766477 265765 390665 524668 410865 735092 155545 567284 673496 499894 733069 261586 280630 735278 757723 114889 659468 895667 355525 655953 502068 763900 931229 832457 218666 75269 628838 271425 552538 75731 604319 199995 458892 863433 852327 644891 672303 144936 470933 764674 641583 752698 272812 504905 336656 266471 574845 364690 430804 738652 409541 536975 659468 669657 127425 658512 141242 875142 298208 772951 619816 778372 967496 604561 589772 646348 928697
705920 341944 303343 348366 340628 657433 345328 332096 474130 285960 87840 87262 161548 694485 314943 467908 164486 527810 681310 572067 360159 428803 217541 382718 646665 999999999 397976 414025 425144 549527 407909 649562 408574 455244 439289 380711 317219 409736 452782 768876 433720 48053 281033 87566 795813 366578 328124 352908 559562 516052 356057 360984 303995 533237 316019 290823 279422 811348 658851 736918 458066 723870 632700 400230 721776 411877 333778 221202 12506 70514 527733 341217 259845 217506 292903 564748 425979 573046 756298 448687 519337 409352 524575 732369 725917 357416 765002 602469 95324 517798 370521 356618 129404 444961 195084 396203 565471 444266 283912 294546
538684 178386 388883 641525 238057 285568 329355 661674 226499 558701 471565 311987 488666 330325 338534 770136 281255 178224 393080 258165 292652 361710 568435 602256 420868 397976 999999999 623565 509958 600667 351810 610952 549728 345619 159010 461325 120621 13868 314363 575854 151593 443759 125977 476364 663725 244721 329384 348130 404306 255397 509687 98304 601525 655975 364610 617159 461252 637097 475103 365403 149444 334457 455448 183507 390554 43340 477314 614857 388802 378882 389444 67754 385420 535858 647370 204000 584837 186717 401923 162310 556773 519040 787416 338058 333565 638186 400790 462265 350325 366339 478587 204489 517925 670819 434800 588662 737954 652102 582506 604051
1083476 457432 712199 719650 403336 757920 316949 676825 801207 137018 459472 425577 553790 952869 294103 812911 544482 799398 1001561 627945 362122 347065 258077 783083 998142 414025 623565 999999999 838843 963262 338080 1056795 821379 390394 744544 793232 502947 637292 418652 1139309 544533 423706 509589 364681 1187324 727405 308634 301728 933370 548903 118425 651059 680570 944613 267232 200045 166059 1190072 1028347 818637 750827 848121 1003262 488672 1012473 606515 148808 380154 407560 355430 904813 557071 238812 599921 618366 827460 836353 804564 1025201 551115 931978 823374 891189 933145 859273 734870 827873 983968 355142 889601 164543 702066 354612 837590 228267 37372 966651 843037 663759 171934
381087 602670 139110 285694 640480 782168 694836 349664 368918 710473 399264 426722 315187 610642 676851 371832 319259 492919 493589 767180 686099 768209 624156 176098 402518 425144 509958 838843 999999999 124419 749532 242720 70545 776346 401520 52059 534748 510947 757558 450826 642832 423511 486725 488748 422888 272762 682227 709554 287798 750841 770956 412563 278522 146030 689834 702036 694695 467869 365974 856963 429458 803714 344295 646429 576340 550867 744423 562996 431285 485100 260289 507946 654363 299517 387426 525458 102874 576254 637270 657213 97535 30092 338273 718741 795232 267167 896119 291298 492251 272205 774474 309817 516203 217543 614868 819426 233897 187958 275812 711868
335400 711261 258527 369814 752844 858584 812004 438526 425345 834688 521146 549622 434096 642932 795672 424974 439226 551423 500822 858614 800592 882981 746541 253981 397648 549527 600667 963262 124419 999999999 864880 147815 159675 888452 471967 172143 640854 599494 867677 400883 741882 546979 594447 611906 340747 356089 800116 827335 292818 850020 894594 502422 374475 109499 809757 824542 818498 401434 341755 929382 498015 868859 326610 751182 590958 643230 867712 679995 555704 609373 276071 608353 776588 411685 485281 579091 168085 636515 655971 755504 44066 142597 365312 764132 858207 348879 969700 271442 615947 295888 896998 396183 638112 264836 739092 943765 209948 234529 376641 835095
880299 175843 610469 753491 119249 421935 62605 739939 570261 346467 493164 349300 566361 658348 95475 875549 432952 526435 744318 290342 65377 20895 431017 768316 769683 407909 351810 338080 749532 864880 999999999 915568 761417 58389 504038 697625 247093 363513 80899 923142 228576 448953 282245 430527 1000602 542677 80119 58696 736868 211246 223294 418106 708734 885627 105780 434564 226767 982404 818215 480628 499575 513372 796417 176242 733161 319930 200024 537628 395582 341356 715625 299046 174440 623175 698026 545737 788763 507750 732120 230327 824633 745893 927682 614431 525715 760392 490104 793854 312669 694915 173642 505949 454735 835897 273702 300905 941604 828814 688217 408512
209190 749389 346255 514395 798269 838262 868686 582216 401401 934714 635903 632705 556075 574488 857686 572659 515028 519394 413027 861342 850205 931840 858099 398654 305800 649562 610952 1056795 242720 147815 915568 999999999 297688 930544 461515 274230 676187 606465 905533 267073 760758 655422 634728 721223 193103 375742 859143 885570 229327 866325 976864 517054 515166 252310 875255 935252 902906 257802 235996 901744 482894 832727 230080 780434 505779 654245 947761 804222 653656 701781 229816 634399 851913 542222 625720 539217 312646 602011 572257 772636 148317 269518 510157 706252 819484 493871 942863 183539 702433 253848 972282 415013 751920 412649 828928 1033734 345470 382327 515048 942551
449891 625001 162119 219311 657645 828325 704052 285567 428424 689257 369141 424563 278644 674682 683045 301287 328658 549874 562594 803838 699791 780866 594265 106580 472784 408574 549728 821379 70545 159675 761417 297688 999999999 792773 454814 95509 560714 552215 776679 519435 674391 399158 511621 462396 484542 322954 690217 717535 357969 781367 762172 454631 217478 126185 693539 672273 685371 533812 436352 904845 483125 855420 414807 672528 644030 588871 737509 521881 416410 473536 329909 539936 652097 252481 328093 583850 36751 631657 704039 689293 149556 42235 270464 778524 847957 199836 943198 361636 485286 340844 770425 356879 485342 148249 602728 804699 188897 119672 217952 684716
882146 181286 637942 797375 135870 376979 114848 787074 570010 404631 541778 390788 611050 635367 149971 921235 464512 513833 733178 243437 96272 43743 488870 806052 766477 455244 345619 390394 776346 888452 58389 930544 792773 999999999 502749 724288 254702 355951 35236 921326 206922 498002 296404 483449 1005057 555158 132787 115442 742282 165444 278165 422182 752597 915442 163289 492920 285101 982118 819110 431064 495055 469331 798419 162417 714944 309122 256606 593944 442788 390831 723133 301347 231620 667894 747230 529486 821581 486159 708886 204826 847160 774727 970006 580900 482812 803242 438023 799909 360733 701490 227182 516809 509318 874470 330717 353605 975850 865819 731972 466769
379880 328204 308527 593978 386309 386628 473730 629626 67517 659462 492019 366168 478057 260149 476492 716299 283084 101256 257344 399949 441768 515729 641770 528988 265765 439289 159010 744544 401520 471967 504038 461515 454814 502749 999999999 359885 259086 151122 472389 419271 309952 477169 237504 526146 504723 132624 470588 492490 246622 410429 637258 93513 560374 543580 500754 702570 578587 479434 316508 458120 28389 402215 296495 341604 283428 200287 604746 659386 433825 445517 234527 205169 507244 513082 630394 139141 491516 177566 317684 319677 428100 417698 715002 332390 393798 585548 498136 304424 424758 210783 613314 106224 568431 592651 534066 712091 635403 568957 544211 695199
386965 550752 87441 285033 588422 736460 643154 343660 333027 666643 361736 377481 283109 580482 625517 385234 268116 454410 474730 717794 634115 716255 584807 186806 390665 380711 461325 793232 52059 172143 697625 274230 95509 724288 359885 999999999 483101 462862 705530 456690 592120 382628 434940 448326 443441 228677 630677 657988 276322 699997 722607 364626 269825 195992 638843 662306 646633 480550 363356 812185 388136 761209 339753 594863 553323 501703 695601 530954 386127 438404 245815 457196 604546 275773 374145 488341 132235 536409 612007 606617 138757 58345 363762 683060 753421 268900 850932 290165 444056 253527 724898 263960 478000 240507 567880 772865 277975 213596 263336 670765
633248 73448 400006 610206 128083 340326 214786 618022 324224 441478 400056 230576 438041 450474 220057 739339 246676 297684 508135 262660 183392 260599 461720 592777 524668 317219 120621 502947 534748 640854 247093 676187 560714 254702 259086 483101 999999999 134348 229488 677045 122673 365159 49391 385359 753689 300566 212529 233585 490062 223369 389276 171071 567095 678214 245561 504557 341049 735704 571333 419699 257921 410213 549373 111921 510608 109313 356851 522250 306203 282568 469575 55540 264958 491178 593414 324585 592774 304290 522406 138327 598485 537155 770841 446879 414119 610896 448217 547268 250930 448445 359461 262109 424801 662554 319460 468061 748609 648656 546838 489489
530029 190908 392033 648346 250599 279935 342144 669681 218366 572543 482439 324057 497699 316474 351798 776697 289909 165166 380956 259189 304958 373017 581765 606882 410865 409736 13868 637292 510947 599494 363513 606465 552215 355951 151122 462862 134348 999999999 324246 566084 158846 455253 139453 488718 655618 243415 342442 360895 397347 260557 523281 98388 608739 656877 377947 630809 475078 627683 466286 359280 139676 325743 447045 193583 377173 49165 490928 627191 400716 391730 383415 81613 399210 544217 656381 190375 587574 172993 388121 168672 555520 520794 792464 325154 324231 644605 395346 455254 363400 360098 491904 203538 530382 675164 448596 602343 740057 655957 589885 617795
852173 156907 619889 790519 119916 344124 124950 783259 539813 424385 540169 383657 605401 600380 160367 915794 449729 480466 699880 211214 94037 72872 502078 794264 735092 452782 314363 418652 757558 867677 80899 905533 776679 35236 472389 705530 229488 324246 999999999 890201 172768 497046 273584 487126 975847 529805 142023 130578 713695 132469 304192 393979 745818 898177 178127 511047 304058 951401 788896 400511 463737 436224 768584 130877 680443 276771 280551 602762 440277 390990 695352 273322 244421 662092 745634 495412 806366 451377 673861 170074 825900 757123 961527 545826 449349 795483 409301 771472 359709 673394 254382 490898 515285 863174 342164 381557 961328 853386 725147 485863
69866 747307 491594 736316 804917 723047 890490 798716 352920 1035691 783948 723160 724185 397683 890126 816352 608389 422599 226503 785602 860345 934998 986414 626015 155545 768876 575854 1139309 450826 400883 923142 267073 519435 921326 419271 456690 677045 566084 890201 999999999 722808 789919 649632 852681 131042 412554 885953 909086 209461 814669 1040582 506552 725728 510287 912960 1058342 974707 65032 111206 769364 426472 689972 136899 759361 306004 614281 1008681 962318 768786 802573 241168 624101 909574 728251 830787 423362 545003 485811 366907 730388 382107 480916 764939 534878 673111 717987 809498 170595 792274 252138 1022740 437564 890452 656234 915623 1110017 608559 625219 719983 1058473
688524 100555 512414 732712 142560 233102 228487 740539 377204 511164 518730 348742 560362 430323 250951 861904 368259 308292 527659 140212 184048 232719 554028 712333 567284 433720 151593 544533 642832 741882 228576 760758 674391 206922 309952 592120 122673 158846 172768 722808 999999999 481754 170272 495010 814413 389246 235900 245221 555853 108220 426168 243958 689701 788108 277585 585533 397334 785101 624657 308810 297585 314346 605741 55888 508127 109698 396097 628538 422132 391006 540921 134925 321993 613764 714957 322649 707640 280162 504059 15661 698473 648044 892079 389886 322285 733132 333302 613802 358048 517890 384829 348817 532179 782064 399543 507511 863144 767013 669469 566127
725302 389603 311681 314878 386644 705294 386387 292212 508045 290188 44527 134841 132976 734537 354713 429902 196391 568279 713737 619993 403776 469824 202812 361367 673496 48053 443759 423706 423511 546979 448953 655422 399158 498002 477169 382628 365159 455253 497046 789919 481754 999999999 328376 65801 809555 395621 368861 392736 581544 563405 378043 402340 271477 521197 353487 279841 302753 829627 681048 784849 497217 771144 654843 447878 758055 458844 358711 182696 59731 107608 549083 388198 293431 185440 249258 605641 412783 616424 794811 496704 519798 404873 491628 776522 772952 325935 813030 621469 137424 540929 397917 389526 100546 419961 217296 409721 545191 422270 252193 288403
602527 116837 351248 562650 163756 378541 242015 572345 299072 435641 360745 193778 393134 452276 240588 691920 198036 291852 492857 309317 217039 297624 442540 543524 499894 281033 125977 509589 486725 594447 282245 634728 511621 296404 237504 434940 49391 139453 273584 649632 170272 328376 999999999 354767 720255 260522 236483 260331 456561 272633 400196 144728 519850 629680 264017 491582 344468 706546 541860 458751 241533 442837 518927 160912 504173 131506 367640 493000 270776 254797 434137 61429 271077 445325 549804 322749 543530 312220 522172 185910 552450 488538 722080 463411 445046 562882 489108 512948 225241 413986 375940 223776 395588 613301 310748 476214 699367 599289 499714 479135
788712 397928 377275 360340 384995 724371 369059 327453 561690 229052 94961 165394 189264 779983 335052 466557 251681 613191 768860 629553 393106 451053 137078 418425 733069 87566 476364 364681 488748 611906 430527 721223 462396 483449 526146 448326 385359 488718 487126 852681 495010 65801 354767 999999999 874625 453473 351119 372391 643776 567230 330254 446029 319040 582982 328999 214051 258067 893474 743238 802573 544350 795396 717045 455323 808964 486235 314678 138496 92329 104006 611578 416057 263616 236007 276352 649754 474388 655375 842659 509228 585261 469570 535778 813211 798699 373794 828300 684968 137058 602571 356320 444154 42443 473579 174706 353584 601973 478384 301162 223189
128725 826259 499033 703431 881364 838399 962070 770102 437287 1074358 796470 763039 725025 523457 957442 765707 644501 527351 350492 890355 936138 1014254 1011237 588383 261586 795813 663725 1187324 422888 340747 1000602 193103 484542 1005057 504723 443441 753689 655618 975847 131042 814413 809555 720255 874625 999999999 465803 955490 980190 263788 912076 1096224 583288 700744 444799 978380 1086363 1026223 83203 192379 889319 517459 811690 208935 845510 434594 704726 1065264 971128 797763 838886 287111 703919 966591 718807 810243 534107 502942 598143 496837 823587 335926 451866 702477 661105 795488 683377 929941 207521 833533 306335 1083909 498193 909153 605521 959845 1160644 534683 575063 698681 1090072
356240 373889 176979 466109 424244 509536 499498 506242 124481 623623 400547 311967 368408 376506 492683 586087 202176 231340 320131 502529 477379 558136 581933 396747 280630 366578 244721 727405 272762 356089 542677 375742 322954 555158 132624 228677 300566 243415 529805 412554 389246 395621 260522 453473 465803 999999999 491742 517181 206188 496710 631777 146693 434871 417311 512990 650786 563693 462750 301373 584229 161011 532576 276022 405248 375328 287530 600435 576794 364451 392346 179074 259356 501476 395964 513047 267693 359568 310181 422917 402155 312137 286880 582503 462916 525004 456448 623358 258915 380233 162366 618159 40479 493976 460045 503069 698870 505898 436366 419958 648861
838878 153345 543240 674534 95744 454958 17962 660040 534340 288550 413104 272482 487253 652124 18570 795948 363391 507584 720504 330622 56804 100970 360143 692515 735278 328124 329384 308634 682227 800116 80119 859143 690217 132787 470588 630677 212529 342442 142023 885953 235900 368861 236483 351119 955490 491742 999999999 27356 692166 253954 190297 379815 629818 815350 42342 372292 168934 943028 778341 521334 470420 543086 755351 180050 719226 305380 160314 461779 315845 261257 668635 267919 102866 544003 617909 531578 716351 501948 725440 242755 760998 676833 849260 624920 553207 681854 536043 747980 232820 649196 151334 457445 376532 759489 200147 271645 867861 753383 609360 348481
862839 170228 570554 700050 110794 457138 18832 684445 556903 294146 437120 299187 512711 667355 38029 820814 390745 525984 740477 329603 61180 78799 373555 719302 757723 352908 348130 301728 709554 827335 58696 885570 717535 115442 492490 657988 233585 360895 130578 909086 245221 392736 260331 372391 980190 517181 27356 999999999 716667 251440 183614 402594 655375 842693 48010 380469 173740 966633 801963 520847 491317 546685 779195 189534 736666 321861 155972 479028 340716 285183 693536 288545 116187 569384 641401 548785 743599 516763 740898 250536 788139 704189 875090 635107 557610 707648 533548 772728 257603 673855 139715 482424 396122 786117 215351 264404 894968 780237 634965 355385
150109 562821 291774 561162 617622 611071 698480 617724 180954 827143 577415 514376 523125 352903 694540 658496 398998 291592 209836 643394 672357 750660 777076 460560 114889 559562 404306 933370 287798 292818 736868 229327 357969 742282 246622 276322 490062 397347 713695 209461 555853 581544 456561 643776 263788 206188 692166 716667 999999999 657043 837768 320124 543295 393106 715967 848881 769874 256713 99505 672958 263580 603405 73300 583965 298438 446445 806301 756131 559361 593425 33187 440940 707248 533367 642225 310008 390360 373144 363178 566018 256299 315950 624670 480251 590177 545222 714109 57969 583878 43823 823021 235675 681991 505239 708160 905029 495374 475330 534449 849113
784795 174993 619603 830846 184091 211685 240146 834258 476663 542491 603255 435246 653580 490420 272148 959465 469698 393274 609243 79098 197335 205306 605820 816141 659468 516052 255397 548903 750841 850020 211246 866325 781367 165444 410429 699997 223369 260557 132469 814669 108220 563405 272633 567230 912076 496710 253954 251440 657043 999999999 432648 350689 787153 895956 295184 625107 422769 878124 720694 269930 394970 303919 703157 117321 577263 212163 406817 694266 503887 464605 643914 242908 354539 708447 804549 400209 814238 347401 562493 94602 806566 755667 993720 421385 317392 832487 282292 714793 431480 620512 384363 456238 600915 885918 445718 511618 969927 871819 766686 602059
987529 340331 637972 689981 285323 640471 198565 656980 696465 148024 419493 345780 510961 837609 176144 795920 461920 686827 893024 511496 243762 234428 264771 737827 895667 356057 509687 118425 770956 894594 223294 976864 762172 278165 637258 722607 389276 523281 304192 1040582 426168 378043 400196 330254 1096224 631777 190297 183614 837768 432648 999999999 543880 647807 887784 149204 238221 76825 1093700 930316 702578 641607 730276 905816 370296 899851 490618 32573 388674 346965 288733 810682 444169 131065 562795 603269 713656 781364 688528 910346 432690 860240 758776 865904 815075 741216 702560 713205 890425 278706 793966 52202 603358 334294 797892 161353 81348 921154 799169 629169 208614
462194 243042 295527 561239 299151 374630 383966 587905 154577 567641 422629 282321 423119 334014 384861 688218 217189 167221 350629 356458 354408 431188 555512 512864 355525 360984 98304 651059 412563 502422 418106 517054 454631 422182 93513 364626 171071 98388 393979 506552 243958 402340 144728 446029 583288 146693 379815 402594 320124 350689 543880 999999999 523460 558489 408640 613681 485131 564741 400291 452595 102512 411313 378313 265299 370990 140864 511387 582184 354142 359443 301408 120838 413755 465090 580363 203793 490239 217352 398257 256334 458558 422650 699212 379178 407123 555947 489946 377727 336513 279430 520645 106323 488470 580397 442060 618578 642077 560233 505442 605104
655881 614185 264173 44784 628013 886186 646522 74505 558229 543597 228569 362213 142732 811269 617628 172339 323892 661627 731295 829167 656380 729545 430066 125007 655953 303995 601525 680570 278522 374475 708734 515166 217478 752597 560374 269825 567095 608739 745818 725728 689701 271477 519850 319040 700744 434871 629818 655375 543295 787153 647807 523460 999999999 305254 619859 504795 573483 745983 632971 966477 587536 933287 609041 670223 801562 631591 629740 332691 315740 374123 511475 567489 563229 86554 110833 699326 207353 732949 854449 705362 366973 249058 220649 892131 930066 54782 1000643 559988 398459 515545 669352 454207 326188 160532 488187 671898 294558 173547 20677 523448
444884 744713 278634 290082 779863 926784 828921 359453 505493 811252 488563 550709 395567 736718 808519 324346 452698 631253 602812 913185 823369 904859 711842 180348 502068 533237 655975 944613 146030 109499 885627 252310 126185 915442 543580 195992 678214 656877 898177 510287 788108 521197 629680 582982 444799 417311 815350 842693 393106 895956 887784 558489 305254 999999999 819387 789502 810963 509050 449464 1000785 571082 945409 433084 790101 691173 696889 863395 630526 541446 599058 372370 653184 778282 360893 412982 661928 108602 715649 755099 802608 137384 141208 257847 852187 936194 268523 1040255 377640 611343 389676 896541 455127 603078 168941 727900 928888 102496 141688 312550 803585
863950 191671 551563 664329 136136 497247 55120 645699 563086 247896 398012 270397 477177 690124 26953 783050 370735 542700 753292 372351 98766 124998 325599 689311 763900 316019 364610 267232 689834 809757 105780 875255 693539 163289 500754 638843 245561 377947 178127 912960 277585 353487 264017 328999 978380 512990 42342 48010 715967 295184 149204 408640 619859 819387 999999999 333182 127709 968887 804333 563258 502269 585427 780822 221829 755120 342974 118550 432125 304145 246675 691269 301075 68708 533461 600817 567936 718076 540434 763194 284780 771754 682638 840256 665936 595524 672877 577447 770960 221507 672611 113990 480388 350910 755029 167967 230451 867411 750632 599648 308568
996204 485949 590738 540108 447888 816888 387735 490344 747872 91019 303553 340511 394246 941974 353794 622663 450286 777615 955657 699755 428170 450840 78050 617565 931229 290823 617159 200045 702036 824542 434564 935252 672273 492920 702570 662306 504557 630809 511047 1058342 585533 279841 491582 214051 1086363 650786 372292 380469 848881 625107 238221 613681 504795 789502 333182 999999999 207835 1101891 947805 888151 716020 899840 921746 533996 984585 613795 245556 184209 289865 259526 817461 550163 270569 431370 429740 811234 681223 803756 1009877 596533 798871 681974 705567 951370 907231 557349 905801 892959 277822 806526 286821 635021 186930 665030 186624 209320 797913 674673 490246 30150
