NAME : synthetic_000344
TYPE : CTSP-D
DIMENSION : 100
GROUPS : 8
RELAXATION_LEVEL : 1
EDGE_WEIGHT_TYPE : EXPLICIT
EDGE_WEIGHT_FORMAT : FULL_MATRIX
EDGE_WEIGHT_SECTION
999999999 678254 795615 646759 514484 238688 682988 238310 702991 366510 436932 602476 437097 690759 801218 887663 393877 540230 287652 721526 220977 924090 212787 975653 659686 771114 1001475 226567 918749 277002 874359 467144 540293 225510 713449 79771 119243 841241 183103 882628 75613 257573 940145 224638 715396 487426 631826 737116 798099 804534 831392 908461 715763 472235 73484 943754 613739 332371 281952 423525 605054 346952 415893 549205 673333 870909 358169 308845 669070 610996 419908 608976 447797 695663 886814 522459 130049 775314 963278 426603 385424 798347 167738 194669 553044 328208 293423 732484 659936 368199 656483 331287 371714 956922 303216 411952 592344 943621 469059 480783
678254 999999999 588423 383274 393516 554699 121065 708214 429030 773498 608207 415323 304292 286061 757651 258244 504781 531580 579679 473932 547931 398165 851150 297696 509366 299652 345867 460276 618335 568427 279327 219953 273768 858335 38348 695530 606319 798947 629815 785633 646604 576130 414188 457438 637264 390149 499042 767002 196767 127504 205270 232865 142180 371515 644368 266542 80066 608248 593802 458850 561059 333945 754069 566461 67850 392886 591483 371853 61687 478399 423335 226484 231410 368014 275181 303684 794561 192248 285068 287084 365687 738647 559687 785807 756287 680293 406727 405690 614441 316603 384532 478116 625562 840642 900021 298739 269132 285217 591717 503727
795615 588423 999999999 217529 306522 853983 705872 635573 160763 591189 392275 221374 734424 303093 204673 514260 910886 259379 910050 116347 574643 370700 834906 701769 1041865 319891 611746 706838 136286 893359 457860 631464 783070 832138 612048 750343 676511 234244 884065 202069 723273 543763 374380 691267 133664 862821 1023053 262782 466488 610447 772732 711115 730450 358546 724376 673125 532885 488600 918347 374873 200876 581701 528268 261181 652752 305295 457431 650204 526756 997947 387934 373751 566795 220429 484713 359750 838414 778006 702431 485740 762501 182575 801504 754027 409543 537702 558311 184922 172490 648543 212672 844701 462423 252228 814357 493758 807894 593271 352816 315342
646759 383274 217529 999999999 133429 662537 496228 541224 64106 542184 333173 60124 519827 118261 374535 379787 703335 201685 714805 102698 433508 312577 734077 553896 824433 182021 496752 517526 296489 698534 333729 415126 565569 734885 411420 618245 532634 415675 703727 405223 581639 420945 325299 503451 255241 647409 805822 390685 306122 429533 579179 542122 523294 175403 581748 521370 320481 395861 724502 235429 199528 380153 494921 230733 444182 246186 366195 450066 322730 780811 228602 159730 352266 56869 358295 149673 716236 575422 550575 278914 551867 355383 619687 653654 434018 463408 374927 85845 239876 440124 9770 640961 387122 465144 739420 289099 590660 460342 299229 216724
514484 393516 306522 133429 999999999 547902 488066 413084 188732 428675 230284 90099 443875 210981 404521 467725 607757 139287 603569 211731 300085 436014 602865 622483 762803 291180 589062 400883 412988 586897 431323 350963 510138 604229 428586 484815 399509 449226 581685 458847 448468 288934 450113 385595 284280 572846 741291 390640 382347 474120 598723 592947 520151 52168 448646 588446 316741 272269 611987 105053 181489 277223 390331 174079 441786 373328 244772 344605 341396 715482 95223 181761 281294 186456 452638 90407 582968 579780 616198 188489 463608 390171 498213 523017 364823 343434 253220 219177 244239 348459 143197 539628 270869 528107 613375 193578 544847 544027 205236 114377
238688 554699 853983 662537 547902 999999999 521502 443839 725912 570686 569265 636232 259822 665027 913177 799280 155610 627038 61878 756625 340779 882372 450051 844769 422417 735229 899245 147161 957379 45872 801384 336553 345668 463254 583245 309781 282123 956896 83970 984503 276110 396260 899405 163006 807324 264796 394664 866100 717279 680463 664059 766430 549198 496360 272153 816482 511054 479837 65973 491351 692182 285641 604797 647755 528274 843285 494637 216818 566605 374860 469614 569063 354417 698304 807052 515237 363217 600741 830543 388886 196860 904985 79006 430449 716447 506938 296063 741678 755431 250390 671292 102829 521101 1057890 541863 376602 393456 838744 589927 564347
682988 121065 705872 496228 488066 521502 999999999 752139 545560 832668 686948 522436 261771 405115 868650 353960 440614 627335 534155 590440 588987 511816 873174 332772 399129 420560 417288 456815 739283 525695 385823 219256 193342 882013 113024 713506 629843 910880 602664 900894 664197 625984 527216 458469 747104 311273 391966 872130 308731 192569 148439 248680 35411 457541 661402 309239 176540 670960 548842 537556 663513 359714 821921 662065 53620 511639 658703 376170 181531 373652 500317 336760 263694 485636 376730 397960 807224 99606 317530 346604 324664 850347 543425 815379 842223 739805 442695 524687 720253 315774 498418 431210 693970 957809 933421 354709 170313 358994 675655 591882
238310 708214 635573 541224 413084 443839 752139 999999999 583828 129231 244729 485131 555404 620867 597130 862112 586860 378577 502248 588807 163163 849097 199425 989524 838131 702581 983088 356870 768914 488329 834066 537523 660324 197431 746456 161113 162949 633169 411071 682954 172745 134270 863155 344063 531478 645387 810627 523434 772054 822702 895192 938622 787446 390661 176459 955523 631065 149039 500300 308031 434831 393865 178837 374585 726060 785843 180427 398648 678710 786831 325991 564645 489015 597122 852497 461359 215186 851375 979884 421627 523695 598293 364833 118470 324167 104496 309522 623600 476942 454504 550656 513360 173620 755642 201499 409533 711742 931446 283529 333046
702991 429030 160763 64106 188732 725912 545560 583828 999999999 572676 361819 101314 582632 146629 336983 388147 767328 221790 778554 44916 486654 289527 779806 570230 884375 185001 498987 580482 232424 762243 336603 477061 625323 779746 454123 670686 587212 375302 765772 356855 636012 469407 299806 566188 224739 709726 866311 366170 325172 460722 618028 568006 570744 235023 636341 539136 372129 435881 788144 284468 199639 444115 520296 244449 492615 219747 405139 513996 367500 841490 283121 213244 415309 62600 362746 213779 766922 619781 568627 343018 615615 316405 681809 698765 441339 499614 436592 47701 223268 504145 56450 705067 422067 412263 778719 353148 648454 469324 324821 252030
366510 773498 591189 542184 428675 570686 832668 129231 572676 999999999 210858 482458 659829 639059 514968 895106 710049 352211 629904 567694 260286 854717 277773 1039329 955267 717477 1016713 473498 727421 615631 859992 626700 762145 269685 811746 287932 288579 545919 540234 602631 301945 211292 867153 459238 471675 759100 928101 433470 807736 878752 969929 997328 868038 421628 305640 1005048 693918 165700 628437 330100 394578 484512 68667 336595 800600 787471 186803 502525 735862 903684 359147 600731 570051 599002 881097 496394 323196 932216 1031226 488942 634929 520117 491784 210920 222295 93294 399101 617163 421358 553666 550754 635286 157825 672175 228251 479216 812098 969533 248533 325531
436932 608207 392275 333173 230284 569265 686948 244729 361819 210858 999999999 273116 569491 435648 364370 696893 678027 142048 631034 357801 232240 645145 443365 852259 888314 511542 817794 435735 526988 614575 657963 506071 659770 440144 645292 376827 321823 404371 569702 446871 361324 182237 657237 418820 287551 688419 863198 302506 612469 700117 811981 819401 721302 237729 363498 818139 528488 105317 634484 149869 191505 380810 162228 131309 646926 577349 79122 425391 562066 837388 186713 410695 439221 389747 680356 310485 454491 784097 845625 344046 564369 362212 498157 363019 162755 145496 307950 406462 232581 459799 341435 601949 71254 520897 424282 339143 704173 773968 39593 118684
602476 415323 221374 60124 90099 636232 522436 485131 101314 482458 273116 999999999 515977 172140 347587 436130 689522 142714 691006 121651 385438 372277 679843 606315 829028 241186 554376 489510 322987 674432 391797 416145 572023 680131 446402 569378 486213 390866 671549 390115 534943 368437 384728 474497 225404 644936 808943 351707 359054 474174 616396 589456 551695 140114 535322 573260 346017 338422 699811 183219 149390 360528 434802 173204 472142 305230 308287 429369 356949 783464 182651 188982 349137 116650 415859 141652 665693 607060 602194 264665 541694 330358 587957 599007 376885 404775 342693 138469 199131 427393 68343 623515 328056 455524 682029 272419 601687 516090 239122 157283
437097 304292 734424 519827 443875 259822 261771 555404 582632 659829 569491 515977 999999999 481457 847434 558979 205112 565548 276908 622314 399783 669956 640326 586831 322529 536122 649891 213681 810646 266827 570402 109154 106090 650891 328861 480705 408504 892288 340984 902250 433019 449659 686981 220720 728079 129127 299335 824207 484817 426243 405925 507086 290261 395077 429659 559562 277421 516908 291319 439138 621055 188694 668017 595913 270192 643917 515952 157500 328344 273342 404268 384475 167695 538069 571572 374967 565823 344565 572324 255460 63335 833754 285513 593707 732154 573332 266841 583210 685674 110020 526433 174352 550612 970246 713417 251783 158486 589267 573200 511240
690759 286061 303093 118261 210981 665027 405115 620867 146629 639059 435648 172140 481457 999999999 482926 264257 679201 314076 710849 190800 492457 234015 805009 435680 763661 82254 383518 527930 339827 695556 222366 372372 506405 807572 308956 674718 584516 521799 718129 502590 633084 491936 249720 516387 367581 602612 747911 506272 187913 315095 471466 425248 428240 231273 632497 403110 237698 482972 722239 314401 317623 380415 597654 345296 351610 181516 455748 448238 224402 724094 295243 98084 322099 84067 245294 168766 775945 474913 432315 278561 524620 462617 634972 726836 548956 554412 401261 119652 357028 422809 114857 625573 481425 555223 822081 292148 522683 343974 405215 316965
801218 757651 204673 374535 404521 913177 868650 597130 336983 514968 364370 347587 847434 482926 999999999 714879 998814 288677 973533 294754 590608 575263 786766 901207 1167303 515516 815562 769812 301699 956690 659455 755251 913956 780617 785895 740267 685119 44908 925220 87735 725629 544949 578569 752980 122288 975986 1145640 88358 660211 797669 952806 904263 896825 452358 727751 871452 692137 469455 979149 424847 227384 671792 446371 265468 817414 509894 443060 733594 697260 1119789 452849 532290 685779 399371 686301 484302 811979 949871 900916 592136 862514 22100 848519 710873 297020 492634 624210 374384 162276 747828 373923 926247 431969 158569 742471 595774 946629 794855 332969 350159
887663 258244 514260 379787 467725 799280 353960 862112 388147 895106 696893 436130 558979 264257 714879 999999999 761891 578329 830179 424480 717153 187276 1032927 187967 752744 203157 121654 687186 485543 817791 57879 463752 530923 1037517 245043 888547 796499 747976 868962 713459 842284 728691 198130 680652 611043 648158 745921 753384 90760 166712 327130 215809 355029 475185 840848 161484 288227 733830 843857 565434 578493 544057 857948 609328 312510 223542 708997 598021 232941 727330 539564 297579 450844 332181 32765 401734 990669 367071 190045 462661 618323 693148 792731 958973 813007 806943 596475 344201 610869 551106 374573 730644 737465 749964 1063004 477174 520601 81201 668097 578570
393877 504781 910886 703335 607757 155610 440614 586860 767328 710049 678027 689522 205112 679201 998814 761891 999999999 710277 122553 803831 463183 874617 605639 773311 267023 738285 847751 244135 998911 125134 775136 311290 248010 618802 525445 462709 423967 1043507 229477 1062678 425602 519410 891669 260615 885111 137253 239359 962254 689568 621485 569463 688937 461507 555885 421650 748837 482520 600167 135485 574846 772153 330590 737019 735962 461948 846649 609526 265433 532886 220387 545995 581202 357530 728719 775637 554044 518768 502585 758122 425615 154592 987880 228845 583795 834126 638170 376743 773768 837140 263240 710937 76505 639876 1133896 696763 417142 284567 787431 692247 649890
540230 531580 259379 201685 139287 627038 627335 378577 221790 352211 142048 142714 565548 314076 288677 578329 710277 999999999 686718 215759 320296 508963 577915 745334 887695 383623 697000 482272 390700 669847 534508 480879 640476 575925 565938 491663 421034 333275 644875 357475 466578 285346 520215 465565 180895 692754 864871 258791 499320 605537 736477 723106 659431 175854 467927 711862 455637 230217 692912 136397 66083 384958 298509 34894 580989 440047 198842 445274 477736 838884 164653 312893 410621 256323 558498 229611 579042 718899 740449 313406 576218 278740 565500 496687 235482 285221 335693 267752 128433 462419 208755 637570 207826 431036 565237 314687 678081 657893 103679 62873
287652 579679 910050 714805 603569 61878 534155 502248 778554 629904 631034 691006 276908 710849 973533 830179 122553 686718 999999999 810583 402630 922986 494810 863174 385426 778372 925531 204881 1010645 16875 835995 366698 348629 508488 605567 362528 341693 1017390 110623 1044055 332301 458048 940079 221347 866615 251642 358258 927368 751022 703006 671712 782046 559198 551689 328376 836312 542991 541661 14751 550684 751570 335225 665462 708065 546854 886937 556510 265322 597344 340981 527799 613754 393934 748350 839994 566252 406265 606395 848505 438185 214240 965029 138675 481866 778264 567895 353667 792284 815150 289865 723341 103080 582947 1117230 589808 426675 392119 864883 651397 624171
721526 473932 116347 102698 211731 756625 590440 588807 44916 567694 357801 121651 622314 190800 294754 424480 803831 215759 810583 999999999 502571 310925 786786 608696 926746 222339 531983 610251 201402 794111 371158 517824 667775 785904 498866 684891 604172 332075 793115 312092 652531 480662 319326 595450 186589 750050 908321 329040 365646 503746 662252 609511 615660 261404 653114 578198 416781 439848 819720 298817 181005 477734 511857 232906 537517 240825 408581 547278 412388 883361 302817 257407 454670 106796 397701 249895 778910 664586 607699 378379 653281 273810 709457 705459 421286 499760 464095 80465 192830 540643 96973 740005 422023 367416 779877 387660 691844 505394 319275 255904
220977 547931 574643 433508 300085 340779 588987 163163 486654 260286 232240 385438 399783 492457 590608 717153 463183 320296 402630 502571 999999999 725978 315999 834025 697982 574583 836559 219947 698344 386557 694466 374781 502909 320364 585997 184788 102059 632437 337476 668955 149981 56309 741229 204275 497877 500188 671171 534077 626419 665289 732373 779649 624287 263628 150662 800321 472151 139142 404971 203773 385718 231029 275829 331660 563471 667811 154959 242344 521840 646322 204929 423066 326039 485386 710697 325043 284223 688212 823729 263518 375349 585721 267111 242403 375735 177578 146366 519252 442811 294992 443277 386832 180323 743364 352652 250536 553480 782576 258373 260051
924090 398165 370700 312577 436014 882372 511816 849097 289527 854717 645145 372277 669956 234015 575263 187276 874617 508963 922986 310925 725978 999999999 1036907 364090 907450 152984 250918 752046 311849 908673 134573 563757 666348 1038952 398805 908673 818530 602210 941613 558080 867081 722989 17109 741865 488549 777241 897140 628787 203085 342474 510222 402846 520606 463297 866476 343037 394465 706553 935414 541066 488535 603327 806181 533556 462907 70172 677566 667859 350857 876212 525953 318434 529112 255727 154885 402753 1009771 543311 369573 505256 722327 553166 859830 957911 730315 775407 632901 242138 503152 633389 303963 830520 699538 584545 1049166 519507 666907 249794 610060 529301
212787 851150 834906 734077 602865 450051 873174 199425 779806 277773 443365 679843 640326 805009 786766 1032927 605639 577915 494810 786786 315999 1036907 999999999 1143660 872057 887256 1151908 426648 968337 485810 1010366 653990 745505 14479 888301 160301 245067 820152 385461 873796 209283 314109 1051612 420561 728574 699352 844225 708339 942171 973197 1020986 1084002 907312 573904 212269 1110431 779254 347940 487269 498742 634093 518690 345165 573810 856607 975942 379379 497964 831544 823625 510981 738939 621016 788959 1026696 639559 89380 969103 1132587 574858 592964 789809 380516 81361 499350 299421 445346 817962 674612 558466 743682 544074 372602 945098 101748 561016 797943 1097226 482481 530901
975653 297696 701769 553896 622483 844769 332772 989524 570230 1039329 852259 606315 586831 435680 901207 187967 773311 745334 863174 608696 834025 364090 1143660 999999999 698206 386367 134023 757679 671174 853587 245461 515575 526029 1150107 264139 990320 899945 935084 922742 901378 941779 855421 371204 755096 794662 643304 698307 936401 247775 171249 229588 88419 315047 618956 939705 34282 364606 874328 877720 710957 753292 630023 1009502 778098 316714 409586 852791 669504 312392 684937 680245 441655 528052 511360 219021 544182 1090347 292523 15788 570575 650094 879610 855500 1075282 980716 947890 698363 528239 790697 613597 549991 760137 884146 937632 1186375 583858 498089 114305 827409 736554
659686 509366 1041865 824433 762803 422417 399129 838131 884375 955267 888314 829028 322529 763661 1167303 752744 267023 887695 385426 926746 697982 907450 872057 698206 999999999 799763 805214 482045 1102929 390778 784470 413114 259057 885059 510982 725713 677485 1212028 495196 1218543 685674 752241 923356 496037 1046793 200107 27894 1146459 705107 588533 469115 609997 399253 715545 681780 683670 529132 826734 396383 761505 942017 509295 973296 918339 445032 899749 829726 464423 560763 51661 726792 674067 481763 832766 775858 687498 785626 406116 682466 575663 325362 1152862 492792 846678 1050285 875522 581153 876727 1006235 429800 829774 330117 863227 1284511 961602 573211 242877 750269 894223 833768
771114 299652 319891 182021 291180 735229 420560 702581 185001 717477 511542 241186 536122 82254 515516 203157 738285 383623 778372 222339 574583 152984 887256 386367 799763 999999999 316164 601775 322075 763561 152938 427520 547600 889789 313452 756502 666039 550658 791810 521785 714479 574086 169170 591048 408553 651450 786262 550656 146668 293749 460971 391224 438127 313463 713822 356065 271520 563447 790322 395452 377575 453245 673768 412636 367498 108751 535676 519271 241524 763558 377259 167173 385269 130329 178496 250285 857875 476099 385554 353598 584178 494104 709382 809021 615539 634262 480068 141876 407805 488633 175500 689205 560288 565899 903633 367679 556899 284347 479321 393219
1001475 345867 611746 496752 589062 899245 417288 983088 498987 1016713 817794 554376 649891 383518 815562 121654 847751 697000 925531 531983 836559 250918 1151908 134023 805214 316164 999999999 795074 562767 914174 163257 562826 606751 1156806 322328 1005579 913642 845789 972270 805632 958709 849440 254363 789733 717883 725546 802241 860347 211034 226905 346038 207015 408542 596800 957127 130147 392283 855468 939630 687085 693736 655577 979116 727273 386645 307977 830646 705578 335884 786374 661124 418879 558678 446492 138521 523210 1107479 401569 145680 579192 711543 793556 898722 1078726 930754 928594 712496 453067 722202 655214 490894 823934 859039 834963 1183749 593537 587581 60650 788427 699306
226567 460276 706838 517526 400883 147161 456815 356870 580482 473498 435735 489510 213681 527930 769812 687186 244135 482272 204881 610251 219947 752046 426648 757679 482045 601775 795074 999999999 811305 188016 682185 243542 319101 437231 493742 267122 199892 813903 190213 839408 219875 275919 768887 17016 661855 288725 454752 726444 600753 587698 605125 686836 489336 349494 216420 726815 402870 356066 212073 346044 546881 148719 495321 504460 449468 708414 365667 89497 459238 430557 322966 434604 236622 555462 690930 372019 353411 548749 744638 249401 170029 760852 107811 381832 590230 396624 149016 598112 610683 144429 526461 167630 395751 912465 501281 236068 371586 735615 452462 419921
918749 618335 136286 296489 412988 957379 739283 768914 232424 727421 526988 322987 810646 339827 301699 485543 998911 390700 1010645 201402 698344 311849 968337 671174 1102929 322075 562767 811305 999999999 994271 427760 703231 844818 965993 634850 877779 800377 315878 994513 259549 848099 671553 309428 796633 265099 935967 1086584 377182 461112 611990 781343 697270 758863 462794 848932 646803 577213 620904 1020059 495266 335553 676502 664536 395680 685741 262015 589541 746352 557967 1062429 502617 429888 644516 272712 453258 446117 968437 798170 674864 575370 846379 281259 910858 887210 543127 672479 665485 227712 308254 735950 288422 937373 596483 274579 950059 585571 862466 557551 487418 442713
277002 568427 893359 698534 586897 45872 525695 488329 762243 615631 614575 674432 266827 695556 956690 817791 125134 669847 16875 794111 386557 908673 485810 853587 390778 763561 914174 188016 994271 999999999 822839 354080 342211 499347 594928 350728 327192 1000557 104507 1027181 319214 442096 925758 204474 849741 249166 363364 910661 738012 692386 664612 773078 551412 535044 315274 826382 530230 525642 26764 533810 734695 319185 650421 691222 537012 872059 540240 249349 584872 345209 510946 598622 379561 732395 827182 550123 397708 599739 839016 422251 203743 948168 123922 470631 762256 552666 336829 776255 798279 275329 707101 94813 566880 1100355 579827 410627 386930 853537 634762 607304
874359 279327 457860 333729 431323 801384 385823 834066 336603 859992 657963 391797 570402 222366 659455 57879 775136 534508 835995 371158 694466 134573 1010366 245461 784470 152938 163257 682185 427760 822839 999999999 469830 552727 1014237 273489 870199 778262 691876 867647 656359 825137 701918 147365 674348 557663 667742 775930 700169 85585 208799 375678 271804 391333 444077 823949 219362 293832 701248 849262 532197 530490 535881 819869 564399 339940 165814 675174 594080 242285 756173 508888 271428 448321 283256 26863 372826 972428 410247 247871 447757 627350 637632 789129 934695 767738 773679 581241 291406 559856 551259 327733 738695 702175 692234 1035508 462409 547473 135462 627499 539283
467144 219953 631464 415126 350963 336553 219256 537523 477061 626700 506071 416145 109154 372372 755251 463752 311290 480879 366698 517824 374781 563757 653990 515575 413114 427520 562826 243542 703231 354080 469830 999999999 159649 662769 251468 494505 410637 799836 410084 805430 445165 416348 580837 242880 634194 232878 392799 738932 384595 347175 367041 443345 253701 305788 442424 485471 176326 471029 380239 364467 531680 143755 624016 513224 206258 535621 463884 158427 230813 367340 327447 275645 70259 430519 473321 274514 589295 316455 502190 168013 158703 740349 340052 596437 667826 535473 229034 475562 595134 99243 421257 268954 499456 871664 714841 169163 199118 502400 503407 431731
540293 273768 783070 565569 510138 345668 193342 660324 625323 762145 659770 572023 106090 506405 913956 530923 248010 640476 348629 667775 502909 666348 745505 526029 259057 547600 606751 319101 844818 342211 552727 159649 999999999 756256 287237 586221 514586 958419 429367 962092 538786 551155 682902 326654 792509 118802 241776 898580 468897 379902 323477 441068 213537 465428 535390 502485 276235 614868 363373 521912 691148 282277 767174 672684 220686 651123 611491 261697 315491 217705 485357 415352 229895 573952 548913 431049 669686 257779 510721 327300 155867 898685 383321 699747 822344 674130 365159 618096 754377 208547 570809 247706 646683 1027026 819445 327471 52492 547216 659704 590604
225510 858335 832138 734885 604229 463254 882013 197431 779746 269685 440144 680131 650891 807572 780617 1037517 618802 575925 508488 785904 320364 1038952 14479 1150107 885059 889789 1156806 437231 965993 499347 1014237 662769 756256 999999999 895619 170303 252925 813512 399314 867812 218862 315964 1053535 430772 724361 711439 857214 701494 946781 979856 1029647 1091199 916268 576334 221975 1116783 785900 346407 501064 499776 631265 526514 337548 570960 864759 977497 377822 507313 837844 836492 513022 742837 628647 790040 1030856 642811 103572 978263 1139162 580654 604181 784028 393145 81242 491731 295487 452054 818414 670674 567762 744453 556730 369716 938799 87301 566927 808719 1102444 479429 530014
713449 38348 612048 411420 428586 583245 113024 746456 454123 811746 645292 446402 328861 308956 785895 245043 525445 565938 605567 498866 585997 398805 888301 264139 510982 313452 322328 493742 634850 594928 273489 251468 287237 895619 999999999 732188 643350 826582 659832 810956 683160 614451 414192 491545 666357 405495 502648 797990 195727 97458 170695 195874 125100 408182 680867 234124 118002 646444 619875 496167 593421 370437 791949 600774 67467 400256 629498 405979 89454 483295 460883 257510 267805 392262 265743 339249 830811 165973 250915 325416 391342 766515 591478 823450 792228 718557 444324 427917 645432 349524 412034 503212 663487 864134 937934 337023 275656 261990 628174 539697
79771 695530 750343 618245 484815 309781 713506 161113 670686 287932 376827 569378 480705 674718 740267 888547 462709 491663 362528 684891 184788 908673 160301 990320 725713 756502 1005579 267122 877779 350728 870199 494505 586221 170303 732188 999999999 92059 778903 261283 823627 49358 206589 924170 260470 661287 545561 697823 672263 797995 819276 861538 928062 747484 447862 52109 957507 625793 271555 357945 386593 554597 361764 339826 496576 698214 851687 300015 337849 679376 675958 389702 600179 464393 670140 884759 506232 102236 809053 978770 426387 435060 738893 233871 121117 481407 256589 293532 703947 605725 398375 628012 395613 308316 897531 237172 412060 638704 949404 411642 435454
119243 606319 676511 532634 399509 282123 629843 162949 587212 288579 321823 486213 408504 584516 685119 796499 423967 421034 341693 604172 102059 818530 245067 899945 677485 666039 913642 199892 800377 327192 778262 410637 514586 252925 643350 92059 999999999 725882 258367 765455 49050 140178 834182 189321 596830 487868 649830 623852 705939 729116 777127 839124 664332 359944 49143 866955 535340 219233 340833 305534 485977 273647 325003 430533 611844 762589 242702 257696 588447 626458 304365 508530 375952 583210 792727 415800 194263 726808 888604 334468 369681 681495 203283 186665 449213 229293 202084 618479 541459 317536 542397 350854 260042 839834 306142 320189 566905 857612 352240 361559
841241 798947 234244 415675 449226 956896 910880 633169 375302 545919 404371 390866 892288 521799 44908 747976 1043507 333275 1017390 332075 632437 602210 820152 935084 1212028 550658 845789 813903 315878 1000557 691876 799836 958419 813512 826582 778903 725882 999999999 967861 68740 765628 585818 604477 797044 166142 1020864 1190420 112573 696293 835800 992649 940810 938676 497212 767840 905895 734458 508998 1022869 469306 272275 716665 477266 309444 859366 538591 483364 778340 738270 1164578 497586 574238 730436 437887 718738 528419 848317 991058 935296 636961 907413 60582 891671 745440 325085 528791 668642 410640 207176 792735 414605 970820 470711 127244 772146 640649 990776 827329 374259 394507
183103 629815 884065 703727 581685 83970 602664 411071 765772 540234 569702 671549 340984 718129 925220 868962 229477 644875 110623 793115 337476 941613 385461 922742 495196 791810 972270 190213 994513 104507 867647 410084 429367 399314 659832 261283 258367 967861 999999999 1000701 238337 389299 958505 202112 825678 347505 467827 871368 784733 756558 746407 845869 631112 531806 234612 893761 581349 472501 101952 512608 710888 338568 582268 661843 607037 898605 491860 274427 637499 449701 496166 624662 419374 743832 874889 560613 296507 683631 908766 439578 278727 918920 84074 377546 706477 487592 329259 785799 771999 317884 712893 186129 514022 1074839 481930 426144 477393 912027 595016 582114
882628 785633 202069 405223 458847 984503 900894 682954 356855 602631 446871 390115 902250 502590 87735 713459 1062678 357475 1044055 312092 668955 558080 873796 901378 1218543 521785 805632 839408 259549 1027181 656359 805430 962092 867812 810956 823627 765455 68740 1000701 999999999 807179 625408 558818 822780 177860 1031347 1197970 173866 668436 812366 973641 912966 926995 509248 809157 873451 725630 552188 1050361 493382 292532 733010 534055 338874 848385 497684 524789 797348 724211 1172341 518162 564921 737284 418794 683100 531195 897421 976633 902623 647210 921921 84832 922378 797441 384597 578509 691834 386215 229177 806753 402565 991686 515772 74415 830198 652370 991460 791258 413569 420243
75613 646604 723273 581639 448468 276110 664197 172745 636012 301945 361324 534943 433019 633084 725629 842284 425602 466578 332301 652531 149981 867081 209283 941779 685674 714479 958709 219875 848099 319214 825137 445165 538786 218862 683160 49358 49050 765628 238337 807179 999999999 182571 882787 212397 640600 501953 657828 661631 751883 770659 812202 879031 698210 408979 3963 909063 577370 256782 329355 353750 530985 312725 346437 474575 648881 811438 282598 288688 631233 635380 353295 556076 415356 632260 839178 464328 148993 759863 930131 379701 388940 722845 197893 162978 479569 255515 246229 667483 585087 349200 591403 355912 296274 881448 281787 365263 591278 902183 393619 407995
257573 576130 543763 420945 288934 396260 625984 134270 469407 211292 182237 368437 449659 491936 544949 728691 519410 285346 458048 480662 56309 722989 314109 855421 752241 574086 849440 275919 671553 442096 701918 416348 551155 315964 614451 206589 140178 585818 389299 625408 182571 999999999 737599 260061 458031 553716 725596 484707 638436 689070 766589 805504 661393 260678 184287 821390 498248 83804 460018 185637 348999 273497 221055 292079 597055 661840 103290 293000 545038 700587 197065 431540 362334 475270 719784 329151 298248 725563 845885 289062 428448 541361 321604 234993 320249 123972 187957 505615 402516 342611 430620 443026 125324 699766 334321 277550 600894 797425 212066 228959
940145 414188 374380 325299 450113 899405 527216 863155 299806 867153 657237 384728 686981 249720 578569 198130 891669 520215 940079 319326 741229 17109 1051612 371204 923356 169170 254363 768887 309428 925758 147365 580837 682902 1053535 414192 924170 834182 604477 958505 558818 882787 737599 999999999 758649 494560 794018 913220 634001 218576 355967 522876 412959 535484 478267 882212 351327 411355 720059 952500 555152 498102 620171 817919 544181 478628 80179 690890 684813 367419 892390 540632 335081 546197 268435 166194 418485 1025148 557153 377298 521900 739416 556490 876661 972447 739734 788531 649221 252750 510840 650468 316522 847628 712416 583188 1062963 536124 683074 257128 621803 541933
224638 457438 691267 503451 385595 163006 458469 344063 566188 459238 418820 474497 220720 516387 752980 680652 260615 465565 221347 595450 204275 741865 420561 755096 496037 591048 789733 17016 796633 204474 674348 242880 326654 430772 491545 260470 189321 797044 202112 822780 212397 260061 758649 999999999 645283 301355 468866 709444 593571 584645 606902 685515 491469 334405 209089 723902 397918 339754 228253 329399 530267 139090 479927 487600 449136 697236 349002 85594 454171 444471 306715 423916 231077 542190 683658 358809 349549 551638 742259 237882 180602 744092 118589 373176 573590 381338 133084 584559 593988 143714 512458 184128 379282 895898 492835 224249 379126 730541 435452 403159
715396 637264 133664 255241 284280 807324 747104 531478 224739 471675 287551 225404 728079 367581 122288 611043 885111 180895 866615 186589 497877 488549 728574 794662 1046793 408553 717883 661855 265099 849741 557663 634194 792509 724361 666357 661287 596830 166142 825678 177860 640600 458031 494560 645283 999999999 856956 1025483 142524 549875 682567 834420 792037 775667 333457 642276 763774 570564 391013 873108 315984 115181 555907 406009 166327 696175 419794 361485 619713 577338 999700 340302 411264 565043 285611 584247 362281 741941 829502 793271 472622 745565 106178 746388 649173 278088 429163 514049 266869 55578 630503 255537 813891 358715 250615 698518 476989 824638 691981 250366 243758
487426 390149 862821 647409 572846 264796 311273 645387 709726 759100 688419 644936 129127 602612 975986 648158 137253 692754 251642 750050 500188 777241 699352 643304 200107 651450 725546 288725 935967 249166 667742 232878 118802 711439 405495 545561 487868 1020864 347505 1031347 501953 553716 794018 301355 856956 999999999 174786 951028 583085 498681 433908 557432 328976 523718 498195 620486 383296 627089 265910 563962 749268 310683 774660 722455 339300 757440 629679 264355 427538 148975 530078 507265 296106 663275 665126 503725 617005 366657 627875 384367 125551 962517 320793 664842 850250 677403 381061 708261 814041 231417 653755 162037 663285 1099368 782704 380216 148420 665968 695035 637147
631826 499042 1023053 805822 741291 394664 391966 810627 866311 928101 863198 808943 299335 747911 1145640 745921 239359 864871 358258 908321 671171 897140 844225 698307 27894 786262 802241 454752 1086584 363364 775930 392799 241776 857214 502648 697823 649830 1190420 467827 1197970 657828 725596 913220 468866 1025483 174786 999999999 1123542 695475 583030 470224 609919 394523 693517 653932 682530 514997 800525 369388 737725 919871 484973 946637 895214 436004 887462 803902 438725 548732 26011 703312 657091 460743 815621 768198 667308 757857 405785 682531 553616 299513 1131458 464903 818793 1024958 848739 555712 859840 984272 405525 811371 302232 837251 1264461 933710 550734 230505 746415 869672 810359
737116 767002 262782 390685 390640 866100 872130 523434 366170 433470 302506 351707 824207 506272 88358 753384 962254 258791 927368 329040 534077 628787 708339 936401 1146459 550656 860347 726444 377182 910661 700169 738932 898580 701494 797990 672263 623852 112573 871368 173866 661631 484707 634001 709444 142524 951028 1123542 999999999 690725 820152 967638 931499 902302 433169 664039 905235 696405 405072 931893 388917 209688 641870 364840 228623 822822 560733 381451 699297 708550 1097547 421236 540681 668699 425921 726736 477306 738583 958541 934714 571950 833055 102098 797779 634339 212541 419432 585512 409184 152579 720141 392282 887894 365413 239539 659574 573466 934987 834378 276739 314439
798099 196767 466488 306122 382347 717279 308731 772054 325172 807736 612469 359054 484817 187913 660211 90760 689568 499320 751022 365646 626419 203085 942171 247775 705107 146668 211034 600753 461112 738012 85585 384595 468897 946781 195727 797995 705939 696293 784733 668436 751883 638436 218576 593571 549875 583085 695475 690725 999999999 151079 321236 244714 318300 386699 750485 215384 208416 645409 764373 477673 505535 455990 772515 531536 260159 209966 621210 512056 156771 675074 450703 208092 365457 264836 90217 312637 900149 345506 244703 372425 541870 639038 707123 868305 734785 718737 506297 285855 543553 467559 302286 653348 650429 712061 972754 386981 465867 161883 585210 494879
804534 127504 610447 429533 474120 680463 192569 822702 460722 878752 700117 474174 426243 315095 797669 166712 621485 605537 703006 503746 665289 342474 973197 171249 588533 293749 226905 587698 611990 692386 208799 347175 379902 979856 97458 819276 729116 835800 756558 812366 770659 689070 355967 584645 682567 498681 583030 820152 151079 999999999 170430 119314 189459 463091 768561 139305 193957 713101 717323 554316 623564 458775 853251 639693 159806 359603 693397 499098 144033 565528 521423 293129 356839 398301 193815 389634 919157 201576 159501 401860 488790 777124 687100 905702 838250 786316 527857 426422 669215 444107 427918 600593 726024 859128 1017929 414760 362493 167372 678721 588217
831392 205270 772732 579179 598723 664059 148439 895192 618028 969929 811981 616396 405925 471466 952806 327130 569463 736477 671712 662252 732373 510222 1020986 229588 469115 460971 346038 605125 781343 664612 375678 367041 323477 1029647 170695 861538 777127 992649 746407 973641 812202 766589 522876 606902 834420 433908 470224 967638 321236 170430 999999999 142173 116196 576214 809449 218324 283861 806023 686462 662234 763914 505362 954524 771332 169571 530002 791265 524499 259824 458086 626079 427794 406386 555526 357503 508954 955615 67616 213946 481011 467681 932988 690040 962062 961427 876675 586686 587815 815181 464155 579129 569809 825944 1023506 1079544 490829 285490 298084 796503 708892
908461 232865 711115 542122 592947 766430 248680 938622 568006 997328 819401 589456 507086 425248 904263 215809 688937 723106 782046 609511 779649 402846 1084002 88419 609997 391224 207015 686836 697270 773078 271804 443345 441068 1091199 195874 928062 839124 940810 845869 912966 879031 805504 412959 685515 792037 557432 609919 931499 244714 119314 142173 999999999 228505 582402 876732 77177 307641 831634 796684 673582 738662 566310 972459 757025 239096 436560 812309 600162 261564 596521 640531 411541 463678 506447 248508 508917 1026598 204137 72633 517037 570411 883236 781458 1018470 956589 904704 639491 530193 781914 542418 539701 678980 845096 955169 1132134 529424 411207 166024 797767 707165
715763 142180 730450 523294 520151 549198 35411 787446 570744 868038 721302 551695 290261 428240 896825 355029 461507 659431 559198 615660 624287 520606 907312 315047 399253 438127 408542 489336 758863 551412 391333 253701 213537 916268 125100 747484 664332 938676 631112 926995 698210 661393 535484 491469 775667 328976 394523 902302 318300 189459 116196 228505 999999999 490812 695375 294131 205898 706211 573932 571755 694234 394795 857040 694228 79553 524989 693779 409849 203851 377978 534610 364536 299095 510020 379964 429849 840620 64199 299478 381664 352473 878221 573897 850069 875957 775154 477972 547868 750126 349357 525051 456651 729011 982639 968259 389914 183057 351992 709492 625116
472235 371515 358546 175403 52168 496360 457541 390661 235023 421628 237729 140114 395077 231273 452358 475185 555885 175854 551689 261404 263628 463297 573904 618956 715545 313463 596800 349494 462794 535044 444077 305788 465428 576334 408182 447862 359944 497212 531806 509248 408979 260678 478267 334405 333457 523718 693517 433169 386699 463091 576214 582402 490812 999999999 408843 584693 292356 258729 560233 92005 226494 225298 390860 209230 414079 404211 234846 292457 324338 667624 64821 179130 235589 223526 463401 74862 547850 552185 611474 139907 412696 438816 448077 495565 385793 332043 202691 260669 290755 297519 185018 487508 265304 579129 592143 143557 502308 548256 220290 134341
73484 644368 724376 581748 448646 272153 661402 176459 636341 305640 363498 535322 429659 632497 727751 840848 421650 467927 328376 653114 150662 866476 212269 939705 681780 713822 957127 216420 848932 315274 823949 442424 535390 221975 680867 52109 49143 767840 234612 809157 3963 184287 882212 209089 642276 498195 653932 664039 750485 768561 809449 876732 695375 408843 999999999 907027 575356 259098 325458 354382 532442 310450 349854 476189 646314 811034 284695 285761 629314 631500 353507 555093 413070 632198 837886 463733 150833 756959 928020 378219 385368 724864 193930 166693 482542 258647 244632 667593 586780 346283 591510 351997 298736 883445 285395 363756 587882 900516 395588 409150
943754 266542 673125 521370 588446 816482 309239 955523 539136 1005048 818139 573260 559562 403110 871452 161484 748837 711862 836312 578198 800321 343037 1110431 34282 683670 356065 130147 726815 646803 826382 219362 485471 502485 1116783 234124 957507 866955 905895 893761 873451 909063 821390 351327 723902 763774 620486 682530 905235 215384 139305 218324 77177 294131 584693 907027 999999999 331714 840056 850794 676693 720615 597693 975268 744747 289462 384802 818510 638338 278946 668188 645963 407495 495989 479726 193553 509927 1057741 277668 29503 536942 622685 849951 825522 1041742 947175 913621 665220 497803 758828 582999 517652 733394 849873 911193 1152575 550299 476886 95585 793438 702569
