NAME : synthetic_000037
TYPE : CTSP-D
DIMENSION : 100
GROUPS : 8
RELAXATION_LEVEL : 1
EDGE_WEIGHT_TYPE : EXPLICIT
EDGE_WEIGHT_FORMAT : FULL_MATRIX
EDGE_WEIGHT_SECTION
999999999 251189 604125 454325 219852 142884 329915 180405 510505 610272 545402 636990 252815 299664 267272 449671 166628 541737 524961 621824 519364 160373 436710 711821 536641 232907 421536 301276 91401 386950 349787 122696 528743 674619 355208 262289 703663 344736 323474 338503 111153 742644 659028 94397 596823 274045 522702 626186 172135 88010 534666 120056 542913 382540 470307 511734 280611 313595 668482 455824 730331 417247 623246 529148 467303 374766 517114 258524 625772 452107 316417 486452 539824 438900 375119 93536 632076 516692 364635 798301 487344 289589 244723 286123 487008 449565 391045 661048 458905 374322 428789 151674 344469 156421 188517 384946 474417 295805 182241 517690
251189 999999999 447185 359071 384516 385526 194621 427815 292958 839631 577781 442289 502643 105405 297705 198598 396695 372488 500037 867366 510337 119744 237397 509143 540957 132877 471116 52833 160052 346831 502518 367470 691651 786940 154128 509999 808607 95103 424856 150608 252105 786360 689775 319220 565368 478126 425416 872586 142064 338432 302349 315102 633627 582626 446962 670153 531650 549373 628730 462161 849533 661057 792238 319842 687379 511447 743091 469390 588947 412627 188315 737597 790868 438610 214798 293098 881939 459888 466007 878282 738294 409553 103741 403525 738196 661740 544906 715645 577545 123241 296098 402619 165854 110156 365212 634426 407030 146244 312867 611294
604125 447185 999999999 178868 802852 674654 621388 770458 208688 996175 425982 112060 827943 343807 391448 407673 657479 76547 293662 1084050 325785 455317 216931 170384 360190 376600 417064 409886 543037 276036 592334 667209 726324 699638 545723 844846 702097 394098 865866 297307 518901 575618 485819 607867 303925 876478 146617 1093655 581514 664051 253597 712730 558042 722337 288674 702866 829202 776882 322131 906087 759943 1000379 812998 176180 843847 571080 904515 862061 305165 260658 619887 1016975 1062277 882148 238598 572705 1128340 226399 497361 710152 1032100 507856 377295 839898 1022713 805156 616516 545159 574919 412637 175579 718779 573854 536715 776591 951120 210355 320086 739101 550326
454325 359071 178868 999999999 666257 506289 552069 608739 255856 818901 292461 265367 660907 257207 216590 404391 485616 157307 171220 905183 195742 324616 202232 338393 232953 249618 250113 340166 409474 97237 414788 501003 558386 559602 493208 679250 568429 343930 745733 220538 357454 480110 381942 442908 220560 728131 69980 914791 471487 503190 310957 570290 407591 543996 138055 534583 657613 599341 275259 816279 622799 832703 649723 240171 665671 395339 726471 711918 238947 100040 546813 840932 885309 793357 156224 408576 949858 110742 321865 600288 857325 328995 264083 715136 847087 627292 440878 428878 407992 376289 78625 553416 514816 422201 637336 780253 60826 213011 609770 395296
219852 384516 802852 666257 999999999 273703 339626 189189 675869 681064 760811 818901 246200 469968 487114 558521 314501 734506 744809 641799 738983 347768 612420 889469 755416 426586 636988 436285 260039 605007 534350 258047 690947 861146 408854 234493 892800 474773 124189 515233 330461 952384 872856 281133 816674 107464 735751 641613 244969 221483 686701 99943 743613 523528 690092 678525 303284 406523 888321 299066 911338 335253 774501 700638 569506 565711 603058 109653 845607 671123 327363 468103 520346 291107 565547 300123 623437 735069 570575 995628 452114 495156 426735 84812 462681 566453 570804 869518 652388 489998 630872 232237 382997 276340 32354 342703 691155 483513 73843 718363
142884 385526 674654 506289 273703 999999999 470921 116725 617129 467757 516142 726150 154765 413843 292121 583321 41163 622292 531310 482021 517215 277870 538639 803072 524942 333823 396664 432350 230405 420687 263207 20836 418686 588170 497958 174170 620292 475461 396532 445238 160778 693331 621946 71337 600293 271506 568430 487087 314240 63217 648791 192490 477716 256489 482081 405395 157764 170890 671491 557509 637679 326460 505975 630644 327951 296732 375512 250848 630053 475251 457275 360036 411497 544325 466678 105721 498071 541574 314530 725664 367305 243089 355243 356650 362741 313962 297880 609703 383182 508250 501754 53768 487288 298465 243132 277211 509669 396260 273357 452809
329915 194621 621388 552069 339626 470921 999999999 464387 436748 938343 767143 594118 540246 295122 478500 259940 496512 544897 694320 936472 703753 281380 404530 650021 733479 323268 655303 215075 257603 540645 654133 450184 841985 959768 87557 538839 984068 227585 319271 335850 388199 975940 880530 421835 759977 446996 616887 939126 158286 410159 424266 320873 811097 708946 640820 822470 585120 641522 823206 290758 1020590 668029 940375 469051 797212 670275 846383 446872 783543 607013 13793 780638 834710 266592 402199 408851 934313 654354 636204 1061314 771955 570947 297132 315510 777928 778991 697115 902747 744968 216238 485272 465643 55179 190155 336533 661701 601393 340248 270253 787544
180405 427815 770458 608739 189189 116725 464387 999999999 690037 496245 632832 811940 76913 479758 399760 624722 154739 712707 645630 473821 632595 340138 614990 887732 641207 409261 513296 479257 268530 528136 373356 112842 511510 692320 510511 82247 725484 522526 312203 517486 252057 807809 738096 166643 715284 158930 673549 475777 321624 106407 715046 145469 590241 340313 595226 501349 122714 217514 786738 487585 738190 237079 590218 707634 380320 408578 415034 137897 745030 585995 450674 317923 372085 478337 549645 200252 470245 652395 430766 834190 313450 359802 423926 273611 316407 377892 404405 724161 494068 549781 595262 62989 493019 324109 165039 206908 617573 472765 217310 565639
510505 292958 208688 255856 675869 617129 436748 690037 999999999 1014849 548265 157421 758620 211425 386897 201304 612489 139825 424803 1076388 451122 350140 80484 217292 488410 283571 492547 244074 429743 325683 621341 604046 789056 812755 354168 770846 823118 214185 715794 172845 457289 732028 635030 545823 462807 764853 283219 1084053 435016 587875 55216 599000 658140 737954 393606 765196 774410 754491 501604 727186 876442 927092 885679 33917 857580 611914 918177 754110 473989 354719 437886 976489 1026817 703008 160344 511683 1106844 358747 543295 855553 984368 523722 266116 696052 979675 823245 655821 684325 644193 220665 184575 650175 384816 399532 654648 889504 315434 220886 605246 643456
610272 839631 996175 818901 681064 467757 938343 496245 1014849 999999999 641025 1080987 435478 840430 628992 1030632 446396 970528 741220 151484 711484 722192 934838 1156180 692945 754004 588111 880375 694171 722222 404115 488373 312347 486623 964016 450261 518629 921283 798476 858420 589023 695384 685574 524254 783364 612233 855532 164693 781995 528247 1058221 636810 511831 277704 719959 329109 377789 296896 835637 979533 488583 439712 291168 1017865 157328 425885 97493 595257 807465 739293 924646 284330 268935 972170 854509 546981 233068 790536 499419 632957 321191 495018 783423 762528 297243 192603 380920 631663 444021 957970 853411 476239 954663 763872 660223 381867 788733 806688 713002 502143
545402 577781 425982 292461 760811 516142 767143 632832 548265 641025 999999999 534200 654366 497872 294119 679496 479019 438444 132399 761727 100908 490919 489596 596030 65907 445200 123936 579873 549652 241176 288177 522746 335186 273745 729877 677613 278257 598248 868840 477526 435202 208811 115268 482861 146543 784908 283304 773667 642995 547592 603296 661837 140225 406847 154799 314874 625723 520558 194806 986012 334860 806741 404690 532053 511266 251331 564913 764828 167589 194197 758243 757394 788765 965950 426309 460761 824983 200840 204160 311187 784334 273074 474429 831458 767213 470767 284033 140864 199099 636091 366328 569843 743633 594622 728523 740682 234073 446058 727201 141647
636990 442289 112060 265367 818901 726150 594118 811940 157421 1080987 534200 999999999 875366 348938 459600 353508 714430 110495 401894 1159704 433406 479218 206639 77297 468792 404085 514017 396504 564394 359789 677448 715986 823255 807874 511481 890118 811569 370051 867123 303939 565981 687679 597603 656352 415790 902038 251292 1168605 583480 706531 182464 735917 663001 804235 390766 799514 883476 844758 433208 884419 868920 1046965 913104 125318 926055 659865 987088 889619 417192 358686 595091 1078859 1126558 860244 262341 621097 1198732 333428 586693 822016 1090859 586957 395445 845337 1083509 888618 705366 656324 672368 378085 230845 765560 542222 544053 795506 1003056 309369 341447 750483 653655
252815 502643 827943 660907 246200 154765 540246 76913 758620 435478 654366 875366 999999999 549852 446827 700223 181554 773513 681451 401005 665347 410264 682143 951809 669993 475860 539872 553584 342771 575310 378721 160734 491965 682712 587401 24076 716970 596976 363250 585776 310091 816524 753971 220205 749014 183565 723189 402245 398537 170748 785778 219891 595755 318855 633856 485166 58753 181786 819440 544085 723512 172445 561412 774763 334998 415926 361363 164319 778717 628800 526575 241116 295285 537106 613864 255490 394067 694968 450208 829885 236801 385127 492888 327050 239495 339923 403324 733360 497724 625112 654019 109825 569718 400290 227753 132135 664145 539335 286461 572146
299664 105405 343807 257207 469968 413843 295122 479758 211425 840430 497872 348938 549852 999999999 243018 200178 414608 270380 407651 886136 421517 139696 142521 420069 454503 86444 402166 84378 218565 258848 471573 399054 655960 727144 238237 561109 745575 101693 523211 46655 258670 704215 606081 342833 469710 555081 321843 892758 238321 379377 236028 388893 570621 570498 357147 633139 569264 563182 530334 567565 790937 716800 756496 232558 684155 472891 742939 543687 491747 320366 290368 773741 825336 544011 109394 310428 909964 361869 416535 805336 779271 373174 58847 498938 776058 653888 511696 638163 527614 141177 191147 442715 258096 195842 446886 681481 308629 51833 401861 550232
267272 297705 391448 216590 487114 292121 478500 399760 386897 628992 294119 459600 446827 243018 999999999 442784 269364 350049 257699 700303 253353 198330 307738 536542 273851 167805 177088 313057 256703 128688 236174 288860 414784 489735 451775 466140 510930 342501 585411 244296 157822 501276 409315 233256 329576 532204 276482 709083 348917 297178 432846 387310 335926 351506 203123 391601 441233 386417 401210 692873 552744 617721 514847 388877 472049 232164 532952 514196 358500 187670 468689 625534 671005 672461 227130 201157 739684 253736 173553 582976 641110 137377 200740 549924 631350 436828 273456 425391 284934 382532 228783 341472 460908 300832 455749 563981 217982 196300 443568 313655
449671 198598 407673 404391 558521 583321 259940 624722 201304 1030632 679496 353508 700223 200178 442784 999999999 592320 334260 572835 1064526 592844 309416 207323 399353 628589 283290 594833 151386 358363 438763 671192 565623 856128 921919 172403 706655 938511 109389 569055 204718 441870 879746 780894 515708 624735 659812 452856 1070031 316683 537028 172847 503547 764730 765755 529279 833317 730217 744565 674753 547196 986012 855344 956674 235181 876022 673063 933427 653796 641490 489911 265031 936121 989441 523255 253887 487592 1080400 515102 616067 990390 936374 573123 251110 557569 936610 847749 711634 820254 726650 75361 325942 601193 204807 301445 544734 831612 464162 247198 484686 745466
166628 396695 657479 485616 314501 41163 496512 154739 612489 446396 479019 714430 181554 414608 269364 592320 999999999 608534 500002 472922 484428 283470 532932 791644 490432 331460 361124 440937 247778 396726 222111 57235 379236 547073 517724 203099 579150 483389 436961 442550 156233 653466 583426 78039 567943 311524 545483 479001 338511 98791 647024 230994 437105 220379 452332 365404 172025 152690 638671 595858 596840 349414 468076 623934 300810 255882 351816 290735 597677 448018 483032 365192 414578 582123 458251 105073 495647 514003 276214 684557 376464 206566 355768 397079 369328 283238 256752 569817 342224 517931 486975 92239 509237 317589 283699 294650 484799 392159 311485 412271
541737 372488 76547 157307 734506 622292 544897 712707 139825 970528 438444 110495 773513 270380 350049 334260 608534 999999999 308067 1049718 337868 388466 140398 186716 374562 310545 407351 333942 475722 249882 567115 613211 715602 710489 469247 789252 716681 317559 793485 223726 463423 607545 513146 553530 334718 811716 157542 1058717 508669 606555 190168 646689 561647 693739 288992 691778 778852 735969 366479 830088 772741 945734 806964 110485 815560 550026 876593 798075 342247 254252 543487 971877 1018917 806116 169039 518198 1089650 239219 477080 736871 984886 476477 307789 768504 976867 778136 595485 567625 565298 336359 121998 663766 497313 465011 709158 899503 206799 251061 669156 550690
524961 500037 293662 171220 744809 531310 694320 645630 424803 741220 132399 401894 681451 407651 257699 572835 500002 308067 999999999 849571 32668 434165 373317 463842 66941 373115 157687 491968 507163 154316 354063 532790 448373 406144 645590 703081 409887 503125 841466 378919 414962 308896 210787 482735 71896 786486 151488 860702 588986 548378 480015 644982 266549 484454 55836 426068 663348 575976 143560 937834 467031 845445 527412 405896 599601 322891 657344 767771 100898 87526 687133 820198 857535 916198 319970 453824 905968 68981 255355 431066 843040 301027 397257 806684 828604 559023 364655 260397 300026 538395 249199 584111 663565 538927 713403 784207 110405 357536 700060 261712
621824 867366 1084050 905183 641799 482021 936472 473821 1076388 151484 761727 1159704 401005 886136 700303 1064526 472922 1049718 849571 999999999 821919 756322 995938 1236424 807866 801361 692520 913210 711775 808051 498129 500705 447403 632589 975074 408419 665521 955948 748652 910922 627636 836291 818113 548835 898661 555843 949679 13304 786909 534306 1114925 619278 641052 366170 821313 460668 351643 323084 956035 931857 638240 347475 439742 1083799 250926 526913 197782 542409 924594 835318 922693 184484 146693 928059 917517 577995 82096 892006 597427 781386 214716 576204 827463 716623 194543 291631 485085 768291 562643 989723 929024 473361 960982 778177 627033 306897 882887 859501 687376 628109
519364 510337 325785 195742 738983 517215 703753 632595 451122 711484 100908 433406 665347 421517 253353 592844 484428 337868 32668 821919 999999999 437823 396504 496069 37296 380916 132747 505446 507270 163663 328530 519869 416623 374468 658382 687400 379050 519012 838757 395509 408524 286924 188098 471880 83848 776502 182399 833199 592668 537702 506315 639040 233886 457756 64463 394487 644926 553651 154298 940789 435767 827254 494919 433445 571491 296129 628690 757414 113436 103037 696042 797065 833321 919545 339072 444396 879569 99982 230962 404565 820746 281933 406830 803230 805760 530832 336841 233216 269117 555245 272284 570486 675101 542873 707264 764875 135693 370535 696919 229157
160373 119744 455317 324616 347768 277870 281380 340138 350140 722192 490919 479218 410264 139696 198330 309416 283470 388466 434165 756322 437823 999999999 276787 553123 463808 78818 375402 158349 87751 281433 384845 261848 574265 679486 265429 421415 703142 200168 421123 178292 133298 698998 605657 208108 504220 423630 394589 762220 154913 240015 375515 258232 529773 462957 378550 553201 431201 435304 572753 503670 740963 577210 674573 369020 568855 395983 625279 410627 530808 350352 271066 636532 688719 482074 219641 178462 775820 408018 356122 780246 640871 294580 84550 390981 638385 542499 427543 623703 466293 235880 283294 303718 269165 105053 321279 542029 358759 138152 286627 506333
436710 237397 216931 202232 612420 538639 404530 614990 80484 934838 489596 206639 682143 142521 307738 207323 532932 140398 373317 995938 396504 276787 999999999 277689 433360 206283 423182 195172 359805 257095 543081 526103 713861 747540 329329 695108 759964 177169 661894 98754 378303 682184 583808 467444 420336 697110 245824 1003633 377500 511574 125675 530877 591361 658215 335356 690086 696207 674164 467933 690571 811597 851749 811495 92667 777535 535011 838058 685321 435657 295662 403266 897417 947445 666539 80613 432998 1026778 311717 467765 799979 905939 444931 192242 639241 900817 743463 578419 628551 571197 197567 124259 573136 357040 337428 589396 812405 263023 142864 543845 575249
711821 509143 170384 338393 889469 803072 650021 887732 217292 1156180 596030 77297 951809 420069 536542 399353 791644 186716 463842 1236424 496069 553123 277689 999999999 530163 479095 584526 461171 637301 434165 752279 792703 894116 869500 565023 966307 871188 431133 932933 376201 642743 737073 650865 733109 469400 974762 316487 1245399 651092 782605 227096 808531 728393 879871 458156 870498 960491 921954 477383 940748 929367 1123186 982247 189352 1001713 733701 1062709 962813 466929 428258 652157 1156138 1203855 916592 338168 697889 1275875 396783 660257 874151 1168048 662854 468885 912644 1160765 964003 779238 712105 742848 434207 307895 842039 596635 613585 866901 1079846 378228 416017 819997 720428
536641 540957 360190 232953 755416 524942 733479 641207 488410 692945 65907 468792 669993 454503 273851 628589 490432 374562 66941 807866 37296 463808 433360 530163 999999999 410224 130517 538052 530008 195721 320405 529025 392657 339450 690375 692539 342948 552925 858142 429960 425489 251329 152508 483696 90832 788354 218378 819434 618211 549425 543600 655580 203544 446524 99315 371247 646487 549698 153063 965216 400129 828731 466966 470707 556959 285945 612834 768880 117261 138766 725408 791199 825599 944324 374708 457965 867891 135832 226303 367335 816182 284882 437241 821942 800345 516245 324060 195947 248953 589607 309205 578580 706280 568750 723437 764860 172986 403166 716130 201526
232907 132877 376600 249618 426586 333823 323268 409261 283571 754004 445200 404085 475860 86444 167805 283290 331460 310545 373115 801361 380916 78818 206283 479095 410224 999999999 338600 145550 166563 218809 388240 320483 574599 657373 286454 488968 677999 177809 497617 111453 175261 653911 557750 262486 440942 501172 319318 808220 222311 305330 315647 336408 502746 484339 318676 552160 490883 478278 507235 569577 720498 645715 675361 298909 597712 391895 656513 487611 466140 286670 315232 693642 744505 547148 142462 228767 827090 339771 339904 745642 700902 290880 33274 468481 696547 567546 429144 582783 451711 217653 204622 366915 298575 172704 400007 606230 288604 63544 364893 480960
421536 471116 417064 250113 636988 396664 655303 513296 492547 588111 123936 514017 539872 402166 177088 594833 361124 407351 157687 692520 132747 375402 423182 584526 130517 338600 999999999 480055 428779 166885 196396 401938 309591 327367 625022 562567 343862 503859 745000 390119 311569 325858 237821 359905 215256 663205 271705 703523 524567 425044 545552 537930 170093 326934 132142 285996 515982 421232 282546 864591 391556 698247 399616 483205 443248 165607 501783 643348 244098 156462 645642 664350 700641 844918 349776 337038 748297 202464 98218 407194 688246 154827 370003 707551 673096 402850 208466 248482 158389 543180 308808 450422 635976 477215 604717 634614 206735 351002 603448 152310
301276 52833 409886 340166 436285 432350 215075 479257 244074 880375 579873 396504 553584 84378 313057 151386 440937 333942 491968 913210 505446 158349 195172 461171 538052 145550 480055 999999999 210844 342334 530585 414947 718387 801979 153888 561495 821846 43470 471764 121114 291352 787044 689197 364375 554026 530761 403128 918784 192352 387720 250440 367934 646552 618377 441156 696244 581028 593226 614197 496201 865332 713236 819186 272476 726515 536254 783350 522162 575877 404625 211841 787068 840089 472264 187512 336252 929953 445952 485452 885510 788615 434685 112378 452191 787981 699253 572215 719640 597261 77598 270768 452057 174688 162937 417560 685555 392701 134927 364108 625258
91401 160052 543037 409474 260039 230405 257603 268530 429743 694171 549652 564394 342771 218565 256703 358363 247778 475722 507163 711775 507270 87751 359805 637301 530008 166563 428779 210844 999999999 358109 398304 211168 585018 712249 270078 350777 738727 254211 337727 261121 132631 754621 664903 170099 578435 337644 479393 716426 102952 179217 449844 171578 569988 452805 451341 565926 372006 399068 648482 436396 771244 503610 682976 450971 546912 416926 599383 325525 606041 426568 244927 577798 631210 416324 306717 152309 723328 487182 391137 824695 578242 320833 169085 305891 578248 525731 441136 676042 495577 283037 370887 243071 263176 70284 233606 474712 439817 224817 200306 545412
386950 346831 276036 97237 605007 420687 540645 528136 325683 722222 241176 359789 575310 258848 128688 438763 396726 249882 154316 808051 163663 281433 257095 434165 195721 218809 166885 342334 358109 999999999 318168 417533 468480 490613 494875 594775 503903 357958 695130 236375 281868 445625 347300 361510 223046 657107 149031 817713 435813 424688 378700 506272 334266 446861 100177 444567 568012 504093 291361 784777 554732 745789 562658 317135 568589 300149 629439 639679 249378 68921 533216 746908 790391 762908 187066 328706 853379 130105 227268 551669 764416 231848 243527 661759 753436 530364 345621 382039 320328 395310 142537 470149 511439 385670 574548 690862 89446 207447 555080 318393
349787 502518 592334 414788 534350 263207 654133 373356 621341 404115 288177 677448 378721 471573 236174 671192 222111 567115 354063 498129 328530 384845 543081 752279 320405 388240 196396 530585 398304 318168 999999999 276787 189436 327684 649888 402687 358662 565792 654760 478827 266093 437846 378080 260747 409330 532008 453465 508784 501124 313322 668545 444497 217681 132014 323229 168762 342938 232425 473182 803704 381174 521354 289780 620792 252065 37783 312391 511040 437239 338007 641970 471011 505337 787709 462632 256741 552088 393884 99432 462457 496826 99196 421032 615054 480377 212898 43008 354639 120717 605389 451904 312894 651137 463979 502809 453979 386513 429012 522058 193643
122696 367470 667209 501003 258047 20836 450184 112842 604046 488373 522746 715986 160734 399054 288860 565623 57235 613211 532790 500705 519869 261848 526103 792703 529025 320483 401938 414947 211168 417533 276787 999999999 436447 603112 477896 178272 634877 458188 380016 431677 150020 703347 630051 59693 602470 262556 564321 505535 293668 42801 634562 173872 489374 275965 482521 422627 170468 191478 673961 538853 653534 333176 524785 618390 348774 309269 396295 242250 632213 473993 436529 374827 426873 525336 455438 95022 515025 540398 322899 738968 380565 249921 340712 340146 377005 334564 312759 619807 395949 490433 493386 52622 466910 278692 226950 287195 506832 383391 254513 464320
528743 691651 726324 558386 690947 418686 841985 511510 789056 312347 335186 823255 491965 655960 414784 856128 379236 715602 448373 447403 416623 574265 713861 894116 392657 574599 309591 718387 585018 468480 189436 436447 999999999 201568 839312 515299 236782 752405 814624 658977 453863 389872 373280 435563 480881 667320 580289 460270 687307 477589 839294 610189 200557 173192 438633 23920 441278 312289 527818 974750 232893 594523 100801 784053 213452 183072 251933 646473 502773 465969 829606 493183 509282 960463 634892 438250 520070 506190 246102 355344 527210 283790 607698 774789 505395 180484 146768 321017 151405 792239 610173 459259 840287 651946 661181 523839 516173 610902 690452 193715
674619 786940 699638 559602 861146 588170 959768 692320 812755 486623 273745 807874 682712 727144 489735 921919 547073 710489 406144 632589 374468 679486 747540 869500 339450 657373 327367 801979 712249 490613 327684 603112 201568 999999999 940658 706553 35233 828602 982250 717273 580627 217410 244607 587968 407676 850864 556761 645813 814558 640728 867025 772179 157275 366778 422337 201113 635508 507618 429703 1130102 64212 794761 197110 799527 413097 299899 444686 829822 419584 459564 948703 693970 707738 1113501 676396 581082 709608 474448 323570 153886 728379 391419 690048 942491 706324 381814 290370 177944 216866 868304 628304 634976 947855 772322 829864 724048 504166 676694 849543 176921
355208 154128 545723 493208 408854 497958 87557 510511 354168 964016 729877 511481 587401 238237 451775 172403 517724 469247 645590 975074 658382 265429 329329 565023 690375 286454 625022 153888 270078 494875 649888 477896 839312 940658 999999999 589103 962605 153548 402399 272846 389573 937980 840691 440173 707915 514750 554588 978786 189139 441362 338462 373393 787699 719617 594262 818450 627019 668156 767788 376330 1003044 727208 939380 387141 816838 661371 869444 512130 729678 558156 93441 828395 882542 352248 338591 420791 979514 599738 618870 1032095 823030 559818 255756 395077 826872 794811 692702 868568 730049 134165 421637 501754 32405 200147 400890 714056 546489 288107 336253 765273
262289 509999 844846 679250 234493 174170 538839 82247 770846 450261 677613 890118 24076 561109 466140 706655 203099 789252 703081 408419 687400 421415 695108 966307 692539 488968 562567 561495 350777 594775 402687 178272 515299 706553 589103 999999999 740847 604752 348421 598098 326172 840509 777647 237085 770984 164350 742209 408905 400974 183789 796689 217993 619784 342281 655010 508748 78063 204371 841582 530385 747061 156888 583716 787774 354960 439850 378994 145966 800708 649210 525264 242017 295976 524282 628160 272155 396682 715473 473477 853881 233978 407757 504783 313240 239090 361309 427399 757321 521768 631803 670408 126125 570307 405689 218615 125457 683821 552511 279882 596150
703663 808607 702097 568429 892800 620292 984068 725484 823118 518629 278257 811569 716970 745575 510930 938511 579150 716681 409887 665521 379050 703142 759964 871188 342948 677999 343862 821846 738727 503903 358662 634877 236782 35233 962605 740847 999999999 847223 1013417 733806 607754 194121 234195 618158 405201 884175 561288 678770 840641 671976 877749 802956 175303 401622 430470 236243 670148 542437 421424 1159425 59645 829926 227950 808596 448036 329520 478848 863127 414747 468653 973222 729001 742400 1142521 690615 610175 743020 478741 348372 118821 763479 418242 710382 973716 741379 416970 322429 167141 244840 886719 639184 667669 970698 797615 861373 759214 511503 694666 879793 197337
344736 95103 394098 343930 474773 475461 227585 522526 214185 921283 598248 370051 596976 101693 342501 109389 483389 317559 503125 955948 519012 200168 177169 431133 552925 177809 503859 43470 254211 357958 565792 458188 752405 828602 153548 604752 847223 999999999 503903 124408 332481 803549 705082 407150 562063 571056 402894 961620 229874 431177 213900 409378 672211 657276 454554 729937 624481 635447 619189 515611 892326 756143 853160 244812 766831 569643 824106 563009 582329 416681 226907 830520 883521 491480 187847 378518 973212 452676 515930 906569 832078 468685 144794 486402 831448 738871 606887 738814 627435 40039 269974 495518 180103 204270 457192 728916 399691 153137 401907 651681
323474 424856 865866 745733 124189 396532 319271 312203 715794 798476 868840 867123 363250 523211 585411 569055 436961 793485 841466 748652 838757 421123 661894 932933 858142 497617 745000 471764 337727 695130 654760 380016 814624 982250 402399 348421 1013417 503903 999999999 569847 433863 1065232 982483 397218 913212 193110 815709 747233 284920 341522 717275 211282 860590 647686 785897 801848 421597 529710 984040 183221 1033483 420890 898666 744037 692008 684944 723531 206404 941406 763145 310237 569030 618831 180408 627546 411732 722257 824650 684882 1114211 548187 609304 490246 39883 561937 690020 692231 983086 771354 509615 700570 356352 371731 329311 153467 443125 777544 547223 142018 835288
338503 150608 297307 220538 515233 445238 335850 517486 172845 858420 477526 303939 585776 46655 244296 204718 442550 223726 378919 910922 395509 178292 98754 376201 429960 111453 390119 121114 261121 236375 478827 431677 658977 717273 272846 598098 733806 124408 569847 999999999 286498 681077 582387 373903 437719 598578 282177 918042 284970 415031 204516 432357 560054 584943 331125 635699 602132 587951 495592 612317 781393 754475 758814 190730 701370 476458 761038 586645 458267 292832 332014 805094 855936 588642 66403 340214 938042 328476 415432 787550 812199 379646 93785 545414 807975 669410 517328 618376 524669 159737 149656 477388 295439 242121 491575 716700 275405 51788 447757 540963
111153 252105 518901 357454 330461 160778 388199 252057 457289 589023 435202 565981 310091 258670 157822 441870 156233 463423 414962 627636 408524 133298 378303 642743 425489 175261 311569 291352 132631 281868 266093 150020 453863 580627 389573 326172 607754 332481 433863 286498 999999999 634768 549360 90371 486720 375323 423547 634144 235581 145934 490889 230518 441381 331301 360809 434272 318541 304966 558519 557307 639090 482373 552685 470066 435578 284318 492030 357811 515855 344739 375940 519207 569631 538822 305913 55171 651880 410262 261974 696904 527817 189525 199896 396952 522516 409647 309028 554066 363778 368947 344238 200383 387810 198093 298765 437102 370792 236515 292050 416466
742644 786360 575618 480110 952384 693331 975940 807809 732028 695384 208811 687679 816524 704215 501276 879746 653466 607545 308896 836291 286924 698998 682184 737073 251329 653911 325858 787044 754621 445625 437846 703347 389872 217410 937980 840509 194121 803549 1065232 681077 634768 999999999 98857 671349 273236 964829 451017 849292 849976 733475 787115 855315 221411 524987 350601 379671 778615 658973 261946 1190156 248240 952391 411554 711125 600638 400925 641800 944122 270714 389842 966996 874191 895485 1170645 625916 653679 909905 373296 381967 140632 905904 457244 682862 1026895 885654 564088 415686 83651 319604 840594 557995 745697 952209 802107 920050 882883 419287 652561 924831 244447
659028 689775 485819 381942 872856 621946 880530 738096 635030 685574 115268 597603 753971 606081 409315 780894 583426 513146 210787 818113 188098 605657 583808 650865 152508 557750 237821 689197 664903 347300 378080 630051 373280 244607 840691 777647 234195 705082 982483 582387 549360 98857 999999999 593273 181926 892603 355835 830697 758121 657156 690199 774410 177999 482110 251752 357872 720846 607835 187501 1101244 293731 899207 418531 614973 572835 340299 620564 872231 185249 290987 871890 835485 861942 1081210 527059 572792 887194 276470 307416 224486 864962 380478 586110 944801 846186 533814 363905 67130 268897 741972 459566 675274 855538 709615 840516 831229 321161 554521 841104 194725
94397 319220 607867 442908 281133 71337 421835 166643 545823 524254 482861 656352 220205 342833 233256 515708 78039 553530 482735 548835 471880 208108 467444 733109 483696 262486 359905 364375 170099 361510 260747 59693 435563 587968 440173 237085 618158 407150 397218 373903 90371 671349 593273 999999999 553371 304768 507110 554472 263549 65829 577530 185936 463450 288377 430990 419164 228773 230507 625187 543080 641888 392633 529248 559550 377118 288725 429287 285544 583007 420079 408522 431300 482570 527412 396064 35332 567921 486423 289457 717096 438562 214114 284144 357983 434073 357277 300725 588404 374664 441017 433816 110961 432433 240158 248838 346739 450953 324971 261636 438154
596823 565368 303925 220560 816674 600293 759977 715284 462807 783364 146543 415790 749014 469710 329576 624735 567943 334718 71896 898661 83848 504220 420336 469400 90832 440942 215256 554026 578435 223046 409330 602470 480881 407676 707915 770984 405201 562063 913212 437719 486720 273236 181926 553371 999999999 857535 179703 910205 658802 619113 517461 716832 286487 536726 127321 460009 728766 636484 71916 1007764 464376 911098 550973 440061 647765 375647 703656 838686 29760 154388 753263 879269 914647 985940 375634 524951 958333 109908 313141 406234 903463 365774 463625 878517 888153 607050 414542 242904 339355 595771 298801 653403 727229 608672 785243 848621 162425 420905 771874 287891
274045 478126 876478 728131 107464 271506 446996 158930 764853 612233 784908 902038 183565 555081 532204 659812 311524 811716 786486 555843 776502 423630 697110 974762 788354 501172 663205 530761 337644 657107 532008 262556 667320 850864 514750 164350 884175 571056 193110 598578 375323 964829 892603 304768 857535 999999999 796120 554244 343475 238964 779896 166233 748411 494701 733741 658232 241831 362939 929424 376145 895837 232171 741871 787578 518561 566870 543263 21050 887082 719759 434645 375959 426104 373294 643196 332667 529585 785500 585368 993120 355850 512400 506658 163745 369019 522729 563333 881195 652675 589333 701713 219469 489606 368070 115135 250016 745755 561756 178503 723669
522702 425416 146617 69980 735751 568430 616887 673549 283219 855532 283304 251292 723189 321843 276482 452856 545483 157542 151488 949679 182399 394589 245824 316487 218378 319318 271705 403128 479393 149031 453465 564321 580289 556761 554588 742209 561288 402894 815709 282177 423547 451017 355835 507110 179703 796120 999999999 959803 540854 568689 337777 639379 412263 584943 142093 556936 716960 651419 222146 884579 618164 894200 666395 260475 705519 429647 765665 779606 191365 116359 612199 895052 937788 861518 216038 473336 998084 82550 356174 579352 913089 375584 332753 785098 901792 666104 474737 410166 428917 432679 132996 616909 577615 491741 706642 839805 66953 280189 679674 403943
626186 872586 1093655 914791 641613 487087 939126 475777 1084053 164693 773667 1168605 402245 892758 709083 1070031 479001 1058717 860702 13304 833199 762220 1003633 1245399 819434 808220 703523 918784 716426 817713 508784 505535 460270 645813 978786 408905 678770 961620 747233 918042 634144 849292 830697 554472 910205 554244 959803 999999999 790361 538487 1122193 621147 653527 376915 832009 473375 354029 330091 967874 930377 651543 342939 453039 1091793 262614 537929 210216 541205 936241 845650 925357 180796 140172 926919 925426 584046 69340 902661 608145 794671 209561 585880 834030 715639 190249 303287 496361 781099 574612 995126 937852 477041 964309 782432 627454 304686 893056 866703 688344 640421
172135 142064 581514 471487 244969 314240 158286 321624 435016 781995 642995 583480 398537 238321 348917 316683 338511 508669 588986 786909 592668 154913 377500 651092 618211 222311 524567 192352 102952 435813 501124 293668 687307 814558 189139 400974 840641 229874 284920 284970 235581 849976 758121 263549 658802 343475 540854 790361 999999999 254982 442595 188641 670740 550908 533420 668459 437979 485125 726856 348966 873865 543091 784774 461749 639311 519854 689201 337115 685115 504674 145001 639392 693523 327212 343807 251371 790381 560865 492541 924640 634642 423255 209128 261858 638031 620732 543905 772879 598067 245915 419546 313641 174221 50159 228649 526267 510435 265017 172059 646383
88010 338432 664051 503190 221483 63217 410159 106407 587875 528247 547592 706531 170748 379377 297178 537028 98791 606555 548378 534306 537702 240015 511574 782605 549425 305330 425044 387720 179217 424688 313322 42801 477589 640728 441362 183789 671976 431177 341522 415031 145934 733475 657156 65829 619113 238964 568689 538487 254982 999999999 615390 132780 522466 318563 496364 463223 193318 231629 690947 497222 692312 340664 566865 604224 390724 344249 437194 219716 648733 484582 396443 399353 452477 483350 444439 96043 544118 550820 351638 774147 401626 276950 322185 301769 400327 377176 350795 650211 430911 461668 488865 64356 428971 243949 189666 302106 514082 368855 212872 497254
534666 302349 253597 310957 686701 648791 424266 715046 55216 1058221 603296 182464 785778 236028 432846 172847 647024 190168 480015 1114925 506315 375515 125675 227096 543600 315647 545552 250440 449844 378700 668545 634562 839294 867025 338462 796689 877749 213900 717275 204516 490889 787115 690199 577530 517461 779896 337777 1122193 442595 615390 999999999 615407 712002 782324 448580 815492 804949 792130 554922 714666 930801 951870 936623 79683 900899 660686 961168 770427 528117 409581 427112 1008823 1059979 690547 205916 544257 1142556 413864 593234 910763 1015029 570177 293889 700292 1011426 867445 704072 739523 695764 210139 238728 678728 370321 411957 667509 917486 370631 255527 614513 696926
120056 315102 712730 570290 99943 192490 320873 145469 599000 636810 661837 735917 219891 388893 387310 503547 230994 646689 644982 619278 639040 258232 530877 808531 655580 336408 537930 367934 171578 506272 444497 173872 610189 772179 373393 217993 802956 409378 211282 432357 230518 855315 774410 185936 716832 166233 639379 621147 188641 132780 615407 999999999 649334 448760 590362 595985 268037 346996 788515 365042 824556 354650 698454 621424 510530 473999 551298 155186 745809 571911 307282 459780 513839 351923 477854 201791 613744 636212 474163 902977 451508 398581 340662 172125 457077 501587 482859 772808 560270 430776 538890 163538 353167 205128 68468 341631 593085 396147 80953 624034
542913 633627 558042 407591 743613 477716 811097 590241 658140 511831 140225 663001 595755 570621 335926 764730 437105 561647 266549 641052 233886 529773 591361 728393 203544 502746 170093 646552 569988 334266 217681 489374 200557 157275 787699 619784 175303 672211 860590 560054 441381 221411 177999 463450 286487 748411 412263 653527 670740 522466 712002 649334 999999999 306915 272794 182723 557216 438135 328357 997684 221463 731423 264504 646309 394859 181677 443311 727527 305920 307964 800539 659444 684590 979738 519394 450532 709362 331757 179407 255643 689780 253417 535089 821427 670421 355822 194308 139627 98227 711795 473571 528948 796326 626353 711513 662187 354937 519916 722997 25303
382540 582626 722337 543996 523528 256489 708946 340313 737954 277704 406847 804235 318855 570498 351506 765755 220379 693739 484454 366170 457756 462957 658215 879871 446524 484339 326934 618377 452805 446861 132014 275965 173192 366778 719617 342281 401622 657276 647686 584943 331301 524987 482110 288377 536726 494701 584943 376915 550908 318563 782324 448760 306915 999999999 455143 166833 269201 140847 597791 813496 404888 430861 250982 740355 121843 161649 182855 473936 563784 469817 695821 353428 382160 800683 577713 300523 421833 525845 231258 517503 383018 217510 515310 608066 364076 85324 122991 445756 213469 695514 575906 291357 715478 522719 494855 360445 518011 533518 529701 287638
470307 446962 288674 138055 690092 482081 640820 595226 393606 719959 154799 390766 633856 357147 203123 529279 452332 288992 55836 821313 64463 378550 335356 458156 99315 318676 132142 441156 451341 100177 323229 482521 438633 422337 594262 655010 430470 454554 785897 331125 360809 350601 251752 430990 127321 733741 142093 832009 533420 496364 448580 590362 272794 455143 999999999 415413 618464 537103 198413 882194 485224 799939 524325 378160 573474 295534 632632 715271 155698 39736 633360 782027 821309 860619 275396 401196 874366 70814 223887 464627 803380 259227 343704 751265 789908 533343 339537 293226 287414 490852 211678 534327 611332 483397 658817 740247 82195 306282 644602 262890
511734 670153 702866 534583 678525 405395 822470 501349 765196 329109 314874 799514 485166 633139 391601 833317 365404 691778 426068 460668 394487 553201 690086 870498 371247 552160 285996 696244 565926 444567 168762 422627 23920 201113 818450 508748 236243 729937 801848 635699 434272 379671 357872 419164 460009 658232 556936 473375 668459 463223 815492 595985 182723 166833 415413 999999999 436028 307455 508345 959966 238364 593699 123359 760142 221062 160329 263750 637298 482402 442421 810196 498090 516544 945304 611190 420473 531674 483252 222353 353753 531366 261560 585304 761975 510050 185555 125809 308084 128026 769813 586253 447587 819898 632340 648388 522991 492651 587808 675899 173985
