NAME : synthetic_000512
TYPE : CTSP-D
DIMENSION : 100
GROUPS : 8
RELAXATION_LEVEL : 1
EDGE_WEIGHT_TYPE : EXPLICIT
EDGE_WEIGHT_FORMAT : FULL_MATRIX
EDGE_WEIGHT_SECTION
999999999 519439 498422 126660 583799 626350 363674 393882 443823 227004 247117 497368 83258 318767 388735 330842 516967 525798 629631 458309 542924 444142 129256 519672 568297 460866 407665 323913 554811 309495 266131 591952 590686 372607 651602 619820 503930 161771 514721 630774 253776 394504 242739 412568 187047 465930 399629 561839 505335 344689 177968 501548 361240 595476 311379 327989 463259 328222 274187 520733 559737 365510 499304 494169 569247 178232 197313 504576 406467 423014 336758 491635 263366 405694 423027 115254 392178 382834 582956 344711 439143 403160 587353 61798 380664 164842 281981 429591 560011 250107 451768 481131 463575 437278 527444 612710 496779 264110 175298 306375
519439 999999999 98694 406905 534823 486730 881755 613772 898624 745521 272500 382031 526442 243719 133065 379292 570613 471292 454425 659154 984652 402639 391635 962497 231172 636423 641258 262549 317667 223680 392690 76292 90760 696515 280398 227552 555443 358460 449720 348530 303825 469422 744112 212165 343799 199397 781932 453213 860561 779073 657708 926692 861632 347497 824631 513712 813771 844150 335459 303983 228388 809828 470208 397138 951748 398596 699589 116507 889477 478282 802658 375818 773036 851304 138746 627871 415709 265748 207456 180631 313298 248215 941485 577507 316590 647999 784617 215550 554816 282701 909532 535965 730808 142125 941172 462025 880268 748169 644258 692116
498422 98694 999999999 400969 436606 388435 852498 657013 907034 718524 257664 284451 520945 189546 124571 425895 476484 546824 543935 574377 997927 309251 377917 975162 140313 688212 560993 301004 219945 188930 326512 156954 103945 625008 204588 326190 461682 338032 352458 443994 322256 382833 706190 276628 342614 278782 804419 354606 787449 790157 653626 943282 853940 251776 809426 436913 741358 826642 273406 205307 322994 753996 374218 473067 880616 408752 689301 207209 841520 537515 806210 452652 759975 861329 198686 598621 473304 323664 305032 196931 219379 311261 866265 559339 374680 642656 746168 125779 457795 248919 854137 443222 650473 210006 960744 549230 810981 704290 642419 710409
126660 406905 400969 999999999 578922 601880 485986 346794 508199 349785 143541 464962 120467 243036 281945 219705 533816 420463 513813 512664 601887 423740 36721 578794 492465 405621 467438 197271 499618 218121 255913 476337 484789 457642 575466 493405 518828 79007 498256 506337 127125 401291 369289 285940 63842 339322 423559 539232 605592 394288 253078 550955 455567 542102 418140 360666 560795 438396 235959 465947 433078 483679 490797 379854 677706 65858 292708 380986 532044 329149 405723 374747 366218 463833 300097 241875 286709 257109 456554 227343 393392 276908 689622 175841 259125 242542 408634 357166 564683 168529 573963 494436 537868 313282 571741 498980 603795 388665 241461 326029
583799 534823 436606 578922 999999999 98710 811531 923428 1018662 713603 490732 153900 655825 386563 477596 739206 110365 916347 949968 271299 1118891 160956 542201 1096003 333699 977444 301181 628579 233049 433937 325078 588737 513273 406703 357857 761038 110552 503126 90358 868233 599352 190299 653366 656764 561269 681848 981961 85481 520783 927593 758372 1082721 907515 226772 838371 274058 487642 842761 346241 234679 748230 597429 88268 849470 612822 631475 761813 632256 710534 865213 912352 832931 806842 984942 591363 615317 805348 682644 736768 531265 232263 682162 574823 634542 724001 745077 681626 328766 47160 439481 681311 121373 361390 609122 1109873 948975 564587 622573 758201 886400
626350 486730 388435 601880 98710 999999999 884100 938255 1068323 778056 494689 138300 691738 383154 453019 738136 205757 902566 922579 366068 1168131 182283 565693 1144977 266615 987512 391249 620029 169669 428030 360399 531579 450986 495045 273934 714160 202659 523357 114045 830784 601471 249939 724227 634886 574225 652869 1017831 64537 616780 970685 803919 1127890 966028 148898 899894 342365 582093 906582 366147 184411 709679 682552 138831 832531 709668 647549 813629 593025 794401 863204 961257 814450 864508 1031764 563653 672654 800965 667698 693419 515687 218007 663752 672744 681508 712910 790684 755140 300263 145275 447009 769990 207045 457011 579916 1153466 924336 659383 697243 801578 920778
363674 881755 852498 485986 811531 884100 999999999 594092 341530 136675 609346 780780 381739 664994 749752 652072 712586 817827 940827 580149 419764 717236 492915 403833 900850 659953 531436 678952 863844 665385 562777 955075 949202 433616 981380 976386 705967 523321 771723 968827 610904 634545 160334 768355 548936 821592 441350 823088 447325 348597 288087 424664 192099 899426 132855 541762 433564 109038 596828 831680 913022 260637 745307 808347 446909 522100 230472 866888 178484 702989 287048 811943 170081 344854 785711 254413 697004 731320 939741 708383 746389 753694 495270 310230 717512 288629 130023 765722 772842 604649 257347 690729 524515 799241 457618 919160 405226 189597 307343 411374
393882 613772 657013 346794 923428 938255 594092 999999999 385585 496782 445628 799967 311417 558914 535811 234482 880472 267523 400148 847362 436440 765425 383178 419456 781489 69526 798420 356345 815035 518752 602521 656371 704497 765866 858136 560200 865560 420397 840056 481234 344949 748084 565666 405943 364184 438959 223814 877715 888971 282395 316798 371311 447256 857433 468294 703206 849944 495087 577491 783517 492380 724514 835159 298629 940946 292080 370567 524926 723218 167203 341311 314403 424139 340028 475035 460366 211550 350418 532273 461514 722486 371223 967395 383248 302312 321737 591938 663009 910999 491354 789579 841197 857432 473631 372374 373863 872627 606513 299148 189587
443823 898624 907034 508199 1018662 1068323 341530 385585 999999999 339291 651266 941085 392267 747973 784604 557601 939119 651950 784771 841731 100240 886635 536400 77545 999365 431397 788798 643545 996137 726280 709257 959266 983447 711309 1082695 911138 928195 580389 955476 855189 594800 828474 423613 721704 564435 767922 164321 1003804 769378 120615 266135 83252 150497 1037478 222859 749108 746168 238080 716728 962000 842051 578365 937472 673343 783100 500933 257089 840507 517623 543914 107144 685550 226751 48778 770449 407144 569488 669860 878349 719941 881990 693857 827656 386859 634382 279107 422644 862162 989723 674039 596485 907540 810236 776773 116322 758800 733422 471112 271823 217371
227004 745521 718524 349785 713603 778056 136675 496782 339291 999999999 473035 665774 249740 532430 613822 524474 622406 699686 818320 508870 434589 604123 356240 414038 772978 565454 456686 543998 742423 530584 440150 818606 814093 373161 854633 841485 613592 387067 664220 838921 475370 528718 85681 633409 412489 686755 387041 715151 436743 298106 179989 418588 201666 779750 127282 439625 409644 129161 468984 709457 778910 249181 640548 684076 465131 388408 128572 730489 226539 586508 250013 686073 113417 323096 649214 120138 573968 597979 804752 571716 624348 619945 502747 174431 586837 175852 97943 636210 678772 469965 295885 595583 471594 662904 450898 797861 406259 133804 197938 330560
247117 272500 257664 143541 490732 494689 609346 445628 651266 473035 999999999 356638 263282 113310 141884 248693 470420 434883 494926 493287 744010 329806 121175 721022 352703 492893 458186 149653 371396 77301 201394 345880 344731 480946 434896 402291 454320 86044 402987 451575 108621 338414 474849 213548 89560 260648 558709 436101 642335 536115 395963 691565 596882 414055 555019 332366 595296 573549 153434 339043 353513 557662 403841 375052 725874 162829 432652 272521 626640 374647 549235 362331 504473 606394 192287 355826 315909 213946 366391 105324 277451 223257 726678 306047 244028 385036 515385 221955 486731 52545 655098 429945 541456 209939 711020 487105 651790 483105 384852 462240
497368 382031 284451 464962 153900 138300 780780 799967 941085 665774 356638 999999999 558731 245866 325814 601383 200901 770475 798371 332491 1040292 65042 429055 1017038 198375 849335 339021 485219 107102 291611 232319 438874 367242 431402 247133 607518 188185 386165 68255 714547 463856 159992 620625 506569 435988 529427 883606 80903 576248 839890 675324 997734 846154 127456 783332 250801 535214 792338 230208 92474 594402 604719 94348 701864 671895 509454 689266 478364 711681 726857 833960 684565 744578 902866 439069 554445 665184 535697 582933 383479 82116 533510 644436 554806 579311 662210 654813 175223 173652 308711 699156 175468 420933 456495 1022397 798275 611768 599646 671709 786230
83258 526442 520945 120467 655825 691738 381739 311417 392267 249740 263282 558731 999999999 355740 402411 276442 594533 461694 573693 541276 488339 509820 144717 465077 607272 379009 490823 299275 605822 335891 332591 594619 605192 454460 690675 595825 580970 188245 582439 589219 233900 468603 289748 388292 182663 441178 326628 627593 582131 283002 132709 441129 335331 647662 301194 407539 541382 322895 329644 571742 531619 431064 569651 438351 641306 141037 173821 493009 456350 353634 287774 438771 248379 349766 413869 165171 330839 349631 559382 346140 493981 372164 662796 83641 337099 122076 325299 469896 634719 282002 510179 557649 546428 425298 464467 554701 570221 320572 121993 230576
318767 243719 189546 243036 386563 383154 664994 558914 747973 532430 113310 245866 355740 999999999 122323 355563 380935 530102 572581 433585 843350 226634 211927 820150 251692 605402 408118 242019 259198 47599 150564 319624 291092 454612 335175 429456 364694 167619 296992 508000 218363 256355 516907 278582 199603 313450 665737 326266 618955 636403 485680 793643 679436 301896 629519 278430 571927 645056 92398 226365 395779 568195 302195 464507 709064 274073 514703 291537 652777 481185 643301 448912 582130 704891 226549 412291 419991 297742 397203 150124 165220 299718 700944 380546 337570 473676 556785 114358 387999 74521 668221 341302 496572 245924 814749 568778 637096 514813 477145 568463
388735 133065 124571 281945 477596 453019 749752 535811 784604 613822 141884 325814 402411 122323 999999999 308340 489735 451248 472599 554580 874521 325755 262787 851854 247169 570506 530293 182665 298754 92418 272301 208614 203150 575614 322326 307860 473703 227062 387551 394826 197771 372497 611065 181867 221176 204424 679885 405424 739949 666977 534938 819311 737322 338290 696771 400670 692817 715422 213899 273000 278438 679359 400108 380053 829089 284873 573651 169962 756978 425996 685020 361601 645987 738463 113960 495559 361736 217917 276496 74347 245344 211477 822396 447928 266435 524487 651564 152790 487336 149925 778714 451546 618865 132248 836448 472589 756518 615300 522783 586083
330842 379292 425895 219705 739206 738136 652072 234482 557601 524474 248693 601383 276442 355563 308340 999999999 716632 201184 299005 720873 631414 578250 244935 610916 555506 262490 678995 125709 599708 310106 440108 423832 470014 676576 629203 353737 700693 262612 650911 317875 140300 583342 565152 173651 194634 213221 418713 681825 825203 437940 371229 569145 563547 641118 552801 562691 780495 577875 399525 570318 284779 696287 652513 163406 895958 155617 426935 294358 731660 126007 478166 162399 499814 508823 240563 438074 69602 118201 320751 234544 520199 140822 909118 358680 76812 367303 601493 447322 735261 300692 781696 676153 753798 239671 578611 281897 822356 592655 352753 340546
516967 570613 476484 533816 110365 205757 712586 880472 939119 622406 470420 200901 594533 380935 489735 716632 999999999 904930 953512 161000 1039179 168029 497721 1016663 398940 938984 192212 617094 303111 427809 279725 633200 565700 298185 439661 789929 16249 463853 137007 884460 576846 133791 556861 659424 527925 691874 916328 169477 411135 855153 685256 1007111 820346 309604 748894 190872 377361 751167 317391 293246 767726 490141 106624 842593 503920 592483 682327 655145 603711 841433 834296 828060 721213 908365 602476 532253 785181 676855 762012 531014 257435 680274 467751 561894 712924 672076 582613 355373 64302 417882 572025 40497 251467 621362 1035631 949394 454403 522996 687316 823232
525798 471292 546824 420463 916347 902566 817827 267523 651950 699686 434883 770475 461694 530102 451248 201184 904930 999999999 132823 919455 703293 756731 446084 686752 686369 239837 878758 288570 749567 482568 633741 486179 556171 877725 748479 336384 888773 461806 826349 226431 331886 773296 750572 271785 393943 271904 491305 851299 1025315 543303 529774 638116 697676 788138 704129 760014 980939 730637 588318 724242 278632 890399 832247 74182 1094177 355501 587404 358346 916769 115338 597415 95520 654055 605407 348741 626759 134215 234928 318933 387159 688378 239860 1108951 545331 192636 529453 784478 602921 917576 487302 971848 864507 954631 336857 637232 107035 1020996 782219 510514 444889
629631 454425 543935 513813 949968 922579 940827 400148 784771 818320 494926 798371 573693 572581 472599 299005 953512 132823 999999999 988169 835280 795259 533556 819032 683352 368318 951860 346034 759889 525814 696027 448020 528076 963126 734050 266438 937269 540193 859751 129647 405415 826608 863287 294430 475081 269725 623962 877625 1117184 675666 653740 770114 827857 794764 831046 827247 1071507 857305 644594 739022 230085 994824 870570 135637 1191403 452652 711204 338303 1029900 244803 728971 139111 780009 738187 359522 736775 244374 280988 263001 422581 717832 274040 1201639 656736 258215 652311 898934 624179 957604 544910 1080699 913793 1032690 342743 768385 27039 1117371 891592 634543 576878
458309 659154 574377 512664 271299 366068 580149 847362 841731 508870 493287 332491 541276 433585 554580 720873 161000 919455 988169 999999999 940052 278464 480481 918507 526045 911575 53092 642330 439586 474544 293056 729301 673041 148435 579567 862440 163539 458266 281438 938057 588361 191791 433369 702235 526261 743192 844290 323551 251049 772340 606016 915810 710512 454744 635822 160924 216361 633724 347985 421783 828827 340160 247798 865398 345061 577441 590943 724528 453801 839413 741610 854160 616539 816945 659220 439900 790419 707222 830686 577001 362327 715929 312981 489122 734226 593539 452470 448606 224675 444259 415380 163764 91328 678642 946356 979766 293447 393102 612186 757734
542924 984652 997927 601887 1118891 1168131 419764 436440 100240 434589 744010 1040292 488339 843350 874521 631414 1039179 703293 835280 940052 999999999 986308 631437 23303 1094162 470424 887223 725950 1093630 819870 808725 1042646 1071011 807644 1177292 982346 1028321 675775 1055420 916052 681501 928691 517466 800244 656011 844129 215523 1103602 858384 207932 364978 65177 237242 1135191 312900 849272 837454 323989 814960 1059507 913243 667344 1037595 733103 866153 589732 357311 920424 598165 601686 206923 747260 323712 138574 853446 507053 634966 746856 950915 807834 980180 770551 912952 486625 707981 378082 513096 957688 1089941 769092 677093 1007723 906183 858465 74680 808644 820264 564267 369508 293679
444142 402639 309251 423740 160956 182283 717236 765425 886635 604123 329806 65042 509820 226634 325755 578250 168029 756731 795259 278464 986308 999999999 387178 963124 247648 818073 279560 468477 166719 274199 178119 466182 401564 368555 305677 622406 152805 346295 74671 720243 438422 96483 556959 500972 401964 529712 836198 117874 516857 788404 621834 945654 787459 191664 723226 185863 474745 731432 188259 144546 602206 539880 75657 690850 612564 473381 632794 488473 646648 704257 779518 674863 685826 849685 439504 494704 644479 523972 595058 373807 89873 524708 587468 499779 564168 608615 590703 187347 162357 278738 634682 134001 364230 457989 971184 792961 550722 535164 619329 739365
129256 391635 377917 36721 542201 565693 492915 383178 536400 356240 121175 429055 144717 211927 262787 244935 497721 446084 533556 480481 631437 387178 999999999 608247 462980 441366 436386 204059 466219 191367 219374 463326 465830 432050 546295 494910 482654 44684 461657 517805 134304 364959 367171 289973 62462 342762 457427 502888 583672 424525 276612 581964 476053 508557 433986 326582 538169 452832 199613 432384 437436 470895 454079 401327 658745 97232 311595 376121 526422 359279 432433 394577 383305 493010 294413 242586 313465 267605 458079 215504 358436 285443 668092 185883 276178 265248 407267 326282 528074 137689 563877 458222 509173 309207 603587 520084 584506 382198 266685 359795
519672 962497 975162 578794 1096003 1144977 403833 419456 77545 414038 721022 1017038 465077 820150 851854 610916 1016663 686752 819032 918507 23303 963124 608247 999999999 1071016 455739 865629 704226 1070333 796811 785508 1020873 1048663 786865 1154166 962475 1005736 652565 1032311 897951 659182 905778 497426 779121 633123 823386 197002 1080446 839969 185041 341717 51116 218514 1111890 293677 826640 818344 305856 791659 1036210 893345 648853 1014578 715061 849445 567127 334590 899135 581944 583839 183848 728886 302528 115315 831683 484658 615829 725943 930805 785400 956878 749697 895633 463481 687576 354831 494069 934484 1067215 745911 660932 985063 885558 836893 70397 792498 802465 544471 346206 272227
568297 231172 140313 492465 333699 266615 900850 781489 999365 772978 352703 198375 607272 251692 247169 555506 398940 686369 683352 526045 1094162 247648 462980 1071016 999999999 817626 525560 429814 100701 275563 341457 266464 184478 607750 83502 454652 386516 419031 263060 579682 438447 340145 745664 415213 442232 419094 911345 248221 761921 886734 737344 1043277 929535 119633 876886 417280 718497 890927 304209 105930 459477 763267 292334 612820 857445 514402 765220 345425 862058 671806 894944 592576 831028 955866 337675 653806 607445 459814 437783 321237 171475 449088 834395 630026 510147 725293 783767 138707 364823 325327 861814 373498 611552 349879 1063380 689201 793108 734794 728812 814941
460866 636423 688212 405621 977444 987512 659953 69526 431397 565454 492893 849335 379009 605402 570506 262490 938984 239837 368318 911575 470424 818073 441366 455739 817626 999999999 863278 388094 857733 563020 659793 672241 726955 833333 891693 557521 923815 476130 892456 463846 387837 805855 635035 424810 416210 450811 267081 928215 958012 337489 385558 405613 506669 899718 532397 764899 918717 559070 631248 827155 492081 794041 889287 286356 1010433 347049 438620 539436 791972 163583 398971 305132 489873 388548 498472 529734 221771 370678 532881 496399 770286 388952 1036669 452221 319968 390814 660981 705104 967073 541005 858790 899324 924036 494456 401394 341345 942007 676015 368129 251001
407665 641258 560993 467438 301181 391249 531436 798420 788798 456686 458186 339021 490823 408118 530293 678995 192212 878758 951860 53092 887223 279560 436386 865629 525560 863278 999999999 605872 445291 446335 261719 713419 662052 106032 584973 837437 190665 416953 296220 906974 549182 185469 382330 669755 484842 712712 791607 342539 237388 719312 553205 862746 658248 464984 583787 129753 196425 582203 318927 424064 800542 298539 263011 826801 333094 532764 537852 699588 412322 795660 688538 816393 563808 763869 631093 386840 748349 671459 804686 546794 356854 681441 309120 436925 696055 540774 402855 436030 256361 411060 380130 184280 89607 650469 893272 942445 273448 343217 559571 705531
323913 262549 301004 197271 628579 620029 678952 356345 643545 543998 149653 485219 299275 242019 182665 125709 617094 288570 346034 642330 725950 468477 204059 704226 429814 388094 605872 999999999 476327 194696 351029 316716 352221 621163 503704 297499 600895 199413 538895 314724 70410 486484 566550 89420 141609 142763 520179 566101 779055 523061 420656 666588 623800 517274 598644 481443 732574 621309 301997 447850 235866 674816 543890 225895 858188 158476 470151 198586 728695 245336 552846 212707 545267 595413 127531 439065 181771 66312 260803 109193 403233 81564 863715 369656 95982 413178 605894 324710 629029 201031 767876 576759 687356 133290 679901 337560 783799 584853 404599 432379
554811 317667 219945 499618 233049 169669 863844 815035 996137 742423 371396 107102 605822 259198 298754 599708 303111 749567 759889 439586 1093630 166719 466219 1070333 100701 857733 445291 476327 999999999 296379 302282 362263 282958 535171 140051 544835 291738 421584 166133 663694 470573 263144 705030 478460 458796 491087 923176 147568 682665 888761 730457 1046802 912773 42699 854385 349642 641098 865776 280724 34137 542594 702911 197386 677604 778358 533241 751323 426271 807116 721656 889754 658484 812060 955142 403935 626495 657883 516651 524847 367926 118100 509722 751462 615170 564652 717746 741137 152653 265255 332319 799126 281149 527942 418882 1069317 763275 717296 688332 724377 825632
309495 223680 188930 218121 433937 428030 665385 518752 726280 530584 77301 291611 335891 47599 92418 310106 427809 482568 525814 474544 819870 274199 191367 796811 275563 563020 446335 194696 296379 999999999 185151 299833 283882 485831 358016 392199 411561 149779 344200 464291 175184 301627 522741 232352 166844 269351 635975 372314 649964 612106 467978 768093 666296 338885 620599 316731 602759 637714 127408 264784 354485 587031 349778 416919 738182 239939 501427 255091 665858 435315 623245 401389 571425 681928 184877 411052 373597 250183 358724 104107 210133 252513 732954 370495 290087 456564 563107 145351 435590 60759 686474 387996 533730 204285 787891 521634 665282 524991 457878 539414
266131 392690 326512 255913 325078 360399 562777 602521 709257 440150 201394 232319 332591 150564 272301 440108 279725 633741 696027 293056 808725 178119 219374 785508 341457 659793 261719 351029 302282 185151 999999999 467879 430447 304176 419871 577227 264307 184137 249897 645718 302171 146143 405415 409261 248696 451174 659214 295950 468478 610285 443976 767568 614724 339870 553674 132818 421502 564164 58408 269461 538884 429301 237790 575989 559085 312932 456958 439785 522727 563634 602113 563644 513307 671793 369557 325009 509364 415082 543875 285125 184242 423081 550380 322634 444732 430787 442892 214333 308834 151319 529268 239742 348623 388904 793067 688490 487644 393337 441239 562825
591952 76292 156954 476337 588737 531579 955075 656371 959266 818606 345880 438874 594619 319624 208614 423832 633200 486179 448020 729301 1042646 466182 463326 1020873 266464 672241 713419 316716 362263 299833 467879 999999999 85270 771239 295960 194480 618494 431914 507121 329762 366435 538348 819155 250536 412664 222178 836079 504888 935054 839027 724556 983235 928915 386085 894469 586872 888391 914611 411017 354367 218244 886119 530167 413440 1026703 462546 768330 132876 965484 510221 865835 391643 842376 911398 189200 701699 450566 306152 186284 249006 376308 285198 1015499 649056 354348 715342 859685 281704 612525 358507 985823 600165 803026 185376 996081 459832 955519 823912 710372 749095
590686 90760 103945 484789 513273 450986 949202 704497 983447 814093 344731 367242 605192 291092 203150 470014 565700 556171 528076 673041 1071011 401564 465830 1048663 184478 726955 662052 352221 282958 283882 430447 85270 999999999 728373 210832 279426 551666 428956 435210 413010 389516 481266 805730 302349 423129 285495 870296 428399 890365 864543 737506 1013866 940324 303822 899750 539495 844458 918139 376997 278822 298110 857528 460561 482322 983853 482530 776790 197848 943859 568167 885708 460723 849102 936564 229496 694814 505953 356333 269037 263509 312669 338359 968588 650492 407022 727242 845937 226099 540058 344641 957668 534956 751286 232504 1029071 538315 914532 805537 724929 779397
372607 696515 625008 457642 406703 495045 433616 765866 711309 373161 480946 431402 454460 454612 575614 676576 298185 877725 963126 148435 807644 368555 432050 786865 607750 833333 106032 621163 535171 485831 304176 771239 728373 999999999 673037 876735 296158 423129 395496 932037 557881 272072 292831 694261 488249 741377 731565 443705 164359 652911 493569 788529 573886 558765 498178 191248 117326 493598 362221 510822 833142 192812 363095 832730 255703 523252 469306 740609 306647 785154 615661 824859 484571 690743 666383 324061 744288 687468 842222 579083 436378 700673 247180 387882 704919 482121 307835 503845 362252 440376 275013 288166 99362 685332 820089 950962 186609 249527 502895 651886
651602 280398 204588 575466 357857 273934 981380 858136 1082695 854633 434896 247133 690675 335175 322326 629203 439661 748479 734050 579567 1177292 305677 546295 1154166 83502 891693 584973 503704 140051 358016 419871 295960 210832 673037 999999999 490257 429254 502430 303144 622731 517261 401625 825134 480325 524289 477505 993128 275194 822358 969753 820841 1126064 1012840 131497 959720 485028 780423 973474 385652 162238 505520 835700 335560 674382 918066 595807 848609 396881 937002 742089 978380 653494 914150 1039061 402336 735825 677855 528217 478817 396646 241957 515360 891507 713301 579264 808794 862762 222081 395903 408691 933232 420091 667985 412229 1145880 742298 856312 812585 812266 897015
619820 227552 326190 493405 761038 714160 976386 560200 911138 841485 402291 607518 595825 429456 307860 353737 789929 336384 266438 862440 982346 622406 494910 962475 454652 557521 837437 297499 544835 392199 577227 194480 279426 876735 490257 999999999 774285 478812 674508 139842 366518 678845 861561 208080 433611 154794 767604 680306 1040266 791662 712084 918971 911735 573108 892519 707688 993040 915988 519111 531496 69148 958798 692997 273167 1126321 454806 764090 137947 1021115 396096 830959 253076 839001 862365 210970 735055 349930 248705 36869 298915 534922 225075 1123868 667110 277186 705792 901353 435909 778885 437012 1055027 753398 925495 192580 925784 283152 1052587 876818 694905 693860
503930 555443 461682 518828 110552 202659 705967 865560 928195 613592 454320 188185 580970 364694 473703 700693 16249 888773 937269 163539 1028321 152805 482654 1005736 386516 923815 190665 600895 291738 411561 264307 618494 551666 296158 429254 774285 999999999 448442 126115 868390 560851 118217 549392 643192 512287 675723 903460 162054 414518 843119 673207 995598 810769 299959 739770 179234 379435 742531 301365 280655 751766 487179 94445 826373 508061 577175 671246 639335 600471 825568 823081 811825 711269 896957 586369 521651 769192 660616 746239 514778 242444 664025 473329 549661 696737 660000 575945 340073 67229 401778 570783 24611 254711 605271 1023929 933145 456730 516475 674964 810039
161771 358460 338032 79007 503126 523357 523321 420397 580389 387067 86044 386165 188245 167619 227062 262612 463853 461806 540193 458266 675775 346295 44684 652565 419031 476130 416953 199413 421584 149779 184137 431914 428956 423129 502430 478812 448442 999999999 420940 513584 134793 330257 389875 279341 68001 330477 501874 461012 579774 469048 319164 626576 516520 463948 471612 300503 533408 489399 158068 387773 425135 480472 414864 411385 658930 129081 351650 353863 544169 382827 475979 402423 421944 537291 272371 269821 332176 265410 442277 188375 314423 280392 664435 221736 282126 307479 430364 281923 491052 93779 576223 423871 494103 288727 648266 528711 584543 400098 309947 404257
514721 449720 352458 498256 90358 114045 771723 840056 955476 664220 402987 68255 582439 296992 387551 650911 137007 826349 859751 281438 1055420 74671 461657 1032311 263060 892456 296220 538895 166133 344200 249897 507121 435210 395496 303144 674508 126115 420940 999999999 779227 511495 137225 611595 566426 476455 591908 909032 51373 530539 859385 691783 1016128 852035 174438 785858 230762 491969 792644 262922 158224 659612 577846 33651 759231 625554 548029 700241 544063 688126 776883 848499 742624 750538 919520 501412 558648 716501 592441 649294 440948 142400 591824 594329 568878 634136 678517 643266 240036 105418 352449 668595 118344 372128 519299 1042159 858648 569303 585930 690013 812459
630774 348530 443994 506337 868233 830784 968827 481234 855189 838921 451575 714547 589219 508000 394826 317875 884460 226431 129647 938057 916052 720243 517805 897951 579682 463846 906974 314724 663694 464291 645718 329762 413010 932037 622731 139842 868390 513584 779227 999999999 383532 764171 872324 238041 455647 194966 700950 791199 1091988 739773 689037 851211 878141 695448 870474 778531 1045216 895670 590077 646414 121131 988572 793936 182957 1172489 453922 744803 237761 1037200 314507 786919 169639 817599 807061 282259 744010 287076 250207 143993 361075 637037 233281 1176578 668408 252195 685175 910402 539468 881044 496133 1080211 846005 992031 263195 853548 149959 1098107 894612 670472 639905
253776 303825 322256 127125 599352 601471 610904 344949 594800 475370 108621 463856 233900 218363 197771 140300 576846 331886 405415 588361 681501 438422 134304 659182 438447 387837 549182 70410 470573 175184 302171 366435 389516 557881 517261 366518 560851 134793 511495 383532 999999999 443868 496291 158827 72163 212225 482863 543807 713663 475345 359883 624559 564166 512823 534879 428379 667521 556792 259514 439560 305990 605189 512418 277647 791126 96329 406843 259157 658285 266128 499583 267924 481805 547526 180945 369000 208342 133374 329698 126940 383583 151298 798294 300942 147491 351444 535728 318227 594966 160406 697779 536351 628081 191534 640485 394226 716770 514453 344915 390323
394504 469422 382833 401291 190299 249939 634545 748084 828474 528718 338414 159992 468603 256355 372497 583342 133791 773296 826608 191791 928691 96483 364959 905778 340145 805855 185469 486484 263144 301627 146143 538348 481266 272072 401625 678845 118217 330257 137225 764171 443868 999999999 474480 533938 394134 569791 793639 188597 421957 737601 568207 892468 719446 287419 651721 93900 379140 657545 184983 239744 650424 445673 111831 712358 517583 459069 571752 541649 554088 707889 722088 698516 618332 794645 482184 426416 652104 547747 648631 405713 171897 552627 494519 444339 581951 554914 506044 257065 166129 286023 539348 93626 272564 501447 919733 821274 454723 448802 568327 698855
242739 744112 706190 369289 653366 724227 160334 565666 423613 85681 474849 620625 289748 516907 611065 565152 556861 750572 863287 433369 517466 556959 367171 497426 745664 635035 382330 566550 705030 522741 405415 819155 805730 292831 825134 861561 549392 389875 611595 872324 496291 474480 999999999 654929 427957 708209 470741 662946 351286 382947 251943 503648 281747 740021 205776 382063 324002 200892 443002 673230 802274 165510 585510 727808 383180 418441 207313 742499 166618 640240 335693 727511 198863 408653 660736 128317 620548 625401 824695 578219 588044 645881 418695 206562 620935 245017 40546 612603 615829 462314 224697 533166 389987 676074 536098 844446 322019 48125 267969 409075
412568 212165 276628 285940 656764 634886 768355 405943 721704 633409 213548 506569 388292 278582 181867 173651 659424 271785 294430 702235 800244 500972 289973 779121 415213 424810 669755 89420 478460 232352 409261 250536 302349 694261 480325 208080 643192 279341 566426 238041 158827 533938 654929 999999999 227803 53418 589942 586683 854875 601124 507598 739152 709623 516574 686712 541981 807974 709692 354921 454119 147530 758957 576389 199181 936736 247288 558171 120973 816123 266171 634745 180092 633253 673152 78005 527809 203606 55624 171388 128461 425208 36052 939377 459048 104895 500602 694467 334650 663330 258697 853329 619874 754263 70106 750124 292244 862427 672016 491047 507020
187047 343799 342614 63842 561269 574225 548936 364184 564435 412489 89560 435988 182663 199603 221176 194634 527925 393943 475081 526261 656011 401964 62462 633123 442232 416210 484842 141609 458796 166844 248696 412664 423129 488249 524289 433611 512287 68001 476455 455647 72163 394134 427957 227803 999999999 280774 469151 513532 642590 448089 314474 602762 517957 501495 481821 368226 596659 502204 215210 425919 375324 533257 473159 344751 719286 74530 355908 318004 588341 315652 463963 336616 429735 518916 236787 301952 264214 205529 396748 163751 359645 223041 727169 239135 216924 304442 467811 310921 552050 128138 626335 487677 561319 250477 621815 462726 644955 444214 301819 372745
465930 199397 278782 339322 681848 652869 821592 438959 767922 686755 260648 529427 441178 313450 204424 213221 691874 271904 269725 743192 844129 529712 342762 823386 419094 450811 712712 142763 491087 269351 451174 222178 285495 741377 477505 154794 675723 330477 591908 194966 212225 569791 708209 53418 280774 999999999 631924 608252 902981 647547 559109 782191 760299 527002 738829 583937 855945 762021 395211 469494 94817 810727 604380 197742 986002 300141 610308 89539 869103 288205 683219 176464 685334 719228 90496 581178 229753 98190 118217 166199 449595 74112 987323 512418 138013 552406 747792 354746 691605 302623 905579 652966 798402 73060 791828 272189 911790 724933 542290 551937
399629 781932 804419 423559 981961 1017831 441350 223814 164321 387041 558709 883606 326628 665737 679885 418713 916328 491305 623962 844290 215523 836198 457427 197002 911345 267081 791607 520179 923176 635975 659214 836079 870296 731565 993128 767604 903460 501874 909032 700950 482863 793639 470741 589942 469151 631924 999999999 953850 820710 92892 238793 151427 261109 965653 308590 726449 789728 332679 653517 889491 698573 635933 896145 518069 852077 397464 266032 710767 601485 386923 155027 531915 282442 123016 647388 407881 419520 535614 736652 609725 815567 558971 889395 356825 494776 250956 483616 779089 959454 591503 677001 880747 830225 650868 160194 597660 792747 518129 232174 97638
561839 453213 354606 539232 85481 64537 823088 877715 1003804 715151 436101 80903 627593 326266 405424 681825 169477 851299 877625 323551 1103602 117874 502888 1080446 248221 928215 342539 566101 147568 372314 295950 504888 428399 443705 275194 680306 162054 461012 51373 791199 543807 188597 662946 586683 513532 608252 953850 999999999 574214 906223 739386 1063384 902089 143703 836381 282078 537014 843438 303284 150532 670549 627826 80947 782506 668598 586319 749220 554045 738557 807423 896733 765077 800527 967230 518116 608778 745911 616476 657223 464232 163005 614030 635138 616981 660210 726149 694636 253507 120719 387213 717667 160039 414826 535214 1089009 878013 614466 637269 737080 856902
505335 860561 787449 605592 520783 616780 447325 888971 769378 436743 642335 576248 582131 618955 739949 825203 411135 1025315 1117184 251049 858384 516857 583672 839969 761921 958012 237388 779055 682665 649964 468478 935054 890365 164359 822358 1040266 414518 579774 530539 1091988 713663 421957 351286 854875 642590 902981 820710 574214 999999999 734064 591934 851189 621455 701633 546751 350993 47231 534401 526570 661278 995468 191128 496945 984730 95710 669898 555054 904519 277736 927161 686465 978247 548970 758385 829620 429807 891141 845167 1005516 742042 591857 859510 84662 505793 859366 582470 346812 664877 473725 603428 210628 414182 159811 848450 884034 1103657 51468 303295 604986 752583
344689 779073 790157 394288 927593 970685 348597 282395 120615 298106 536115 839890 283002 636403 666977 437940 855153 543303 675666 772340 207932 788404 424525 185041 886734 337489 719312 523061 888761 612106 610285 839027 864543 652911 969753 791662 843119 469048 859385 739773 475345 737601 382947 601124 448089 647547 92892 906223 734064 999999999 169912 158158 172459 930650 215779 664299 704780 240121 612066 854698 722649 547266 843799 559252 762158 382435 183623 719897 509192 432050 63963 570345 190598 72373 650090 332549 452998 549436 758568 601095 776809 573457 800819 293639 514632 183126 393444 750758 901897 562000 585175 821264 752141 656251 182791 650312 704363 430802 169497 99896
177968 657708 653626 253078 758372 803919 288087 316798 266135 179989 395963 675324 132709 485680 534938 371229 685256 529774 653740 606016 364978 621834 276612 341717 737344 385558 553205 420656 730457 467978 443976 724556 737506 493569 820841 712084 673207 319164 691783 689037 359883 568207 251943 507598 314474 559109 238793 739386 591934 169912 999999999 324546 204412 771623 181727 494413 557802 206645 450661 696322 645504 415325 675241 522618 633493 263818 57631 618031 406438 414903 159342 527573 128589 227852 540826 169514 410887 463400 676382 477107 615915 487025 665354 123899 441642 13297 275668 599218 732139 412806 473886 651374 591885 550876 351528 631641 568927 295792 19259 160766
501548 926692 943282 550955 1082721 1127890 424664 371311 83252 418588 691565 997734 441129 793643 819311 569145 1007111 638116 770114 915810 65177 945654 581964 51116 1043277 405613 862746 666588 1046802 768093 767568 983235 1013866 788529 1126064 918971 995598 626576 1016128 851211 624559 892468 503648 739152 602762 782191 151427 1063384 851189 158158 324546 999999999 233725 1088736 305358 816387 827081 321215 770192 1012753 849919 660359 999787 668255 866145 534534 326003 859671 600871 536774 174250 682583 305262 99072 794109 477668 570889 685322 887872 751322 934966 708877 910372 448211 645498 337840 504380 907949 1055686 719156 679725 974277 887741 798528 33100 743487 815866 551452 326330 234576
361240 861632 853940 455567 907515 966028 192099 447256 150497 201666 596882 846154 335331 679436 737322 563547 820346 697676 827857 710512 237242 787459 476053 218514 929535 506669 658248 623800 912773 666296 614724 928915 940324 573886 1012840 911735 810769 516520 852035 878141 564166 719446 281747 709623 517957 760299 261109 902089 621455 172459 204412 233725 999999999 952410 76046 633944 600219 87790 632543 878914 844160 430341 830736 703486 632784 467967 164936 821780 367168 583208 108707 711585 101633 153877 745079 293397 592866 663361 876583 681137 795527 687276 677891 299554 637352 213663 275860 790828 874829 608826 446002 791723 671625 754849 266811 803674 584222 327831 219400 257718
595476 347497 251776 542102 226772 148898 899426 857433 1037478 779750 414055 127456 647662 301896 338290 641118 309604 788138 794764 454744 1135191 191664 508557 1111890 119633 899718 464984 517274 42699 338885 339870 386085 303822 558765 131497 573108 299959 463948 174438 695448 512823 287419 740021 516574 501495 527002 965653 143703 701633 930650 771623 1088736 952410 999999999 893118 377330 661399 903994 321292 76175 574604 731390 207687 715738 797105 575939 791584 458982 837359 762515 930957 696328 851463 996754 441108 664761 698598 556133 554910 408540 156883 548466 767685 655524 604625 758854 775487 194661 264418 374962 826341 292638 544678 455414 1111420 798976 738240 721717 765809 868088
311379 824631 809426 418140 838371 899894 132855 468294 222859 127282 555019 783332 301194 629519 696771 552801 748894 704129 831046 635822 312900 723226 433986 293677 876886 532397 583787 598644 854385 620599 553674 894469 899750 498178 959720 892519 739770 471612 785858 870474 534879 651721 205776 686712 481821 738829 308590 836381 546751 215779 181727 305358 76046 893118 999999999 564351 524674 26839 575941 820826 826433 355654 763406 701908 561329 440346 128542 794035 298992 588792 154862 707784 53519 217494 715062 228930 590169 644057 856565 645483 736509 667489 605023 250105 623329 186917 200406 738499 804502 561474 377059 721307 595729 726389 338397 808090 510581 251788 200050 281918
327989 513712 436913 360666 274058 342365 541762 703206 749108 439625 332366 250801 407539 278430 400670 562691 190872 760014 827247 160924 849272 185863 326582 826640 417280 764899 129753 481443 349642 316731 132818 586872 539495 191248 485028 707688 179234 300503 230762 778531 428379 93900 382063 541981 368226 583937 726449 282078 350993 664299 494413 816387 633944 377330 564351 999999999 305474 568769 189356 323053 671104 354062 203550 704910 445101 423763 492093 569851 461097 683186 643866 693434 533690 717726 501568 343051 632293 546298 674946 417818 245808 555118 429374 371183 573661 481244 412810 313884 241204 283597 449519 158506 218264 520960 844802 818930 377700 355204 496685 634287
