NAME : synthetic_000400
TYPE : CTSP-D
DIMENSION : 100
GROUPS : 8
RELAXATION_LEVEL : 1
EDGE_WEIGHT_TYPE : EXPLICIT
EDGE_WEIGHT_FORMAT : FULL_MATRIX
EDGE_WEIGHT_SECTION
999999999 982562 703981 1059741 600903 202220 704820 649791 599298 868874 759806 809007 477807 660949 945920 611727 665488 877737 1048046 740236 686368 902272 751640 859427 660217 413483 420093 997798 17640 402738 1044398 893034 259922 996931 663690 500442 367128 635771 230611 587030 357517 540832 866306 734244 832193 1170645 651773 651824 334909 734104 443358 988359 964498 930300 571468 707107 965984 459863 430127 918416 914203 647656 438009 427014 645373 89303 462279 839073 575442 175626 897788 318928 843149 1093328 293245 849997 374580 322489 840473 834932 876445 959814 484184 908425 1010449 238488 659169 17929 918747 1066718 970698 753898 709057 737789 405306 955642 696326 540261 828388 261114
982562 999999999 286653 229839 382004 928333 466628 523320 843453 361271 612476 395330 592518 472468 720625 376560 450641 285544 477662 285068 378486 132467 689396 405964 666727 629885 570533 473000 992861 614359 122922 111716 940558 245974 690896 569915 702137 647099 773565 539135 702806 687055 285353 463516 150384 321520 680348 632001 647738 596620 559119 234483 231162 337691 513609 807758 875751 765042 843443 200597 131288 640840 690601 700012 825384 952749 540416 636095 408633 824832 435416 663644 512465 341892 942088 161823 631584 786585 819301 265086 891977 276439 696965 296988 308125 815358 791250 977837 552415 86282 858008 491385 354351 594648 616372 704043 327107 482399 176523 721812
703981 286653 999999999 373380 110240 641683 372867 398438 598677 281060 430098 262290 313145 242463 598295 92277 327585 336203 478356 77573 144491 199797 496969 307583 444156 344692 286263 444642 715438 369768 375885 224389 654829 324755 468741 292433 417255 517555 488702 379013 417272 430442 226255 275863 143292 489379 454744 509962 370335 514964 272623 313096 369023 313851 337880 591209 729385 494842 570157 311341 212318 516690 413448 421812 591838 668734 253833 484647 152139 541063 355756 386675 383018 439173 657589 146862 345240 501824 641144 180626 714108 393580 428388 369191 361563 561064 563096 697921 455371 372902 716750 314589 133788 514939 329861 589370 190662 199049 124871 446170
1059741 229839 373380 999999999 483525 962991 667960 716330 779086 245292 507568 305361 607222 439192 557874 459728 640929 510358 271433 321117 378861 185649 583464 284155 592317 661583 641055 283200 1072809 742776 332956 321813 960733 72994 613331 582569 727335 842104 833430 718222 731852 651316 204994 394030 303918 116216 607575 829437 733985 806172 616438 76135 460919 188548 684369 713833 718579 745231 825133 428507 172559 837718 691127 702409 748547 1012304 597471 502893 524702 888374 289128 750398 383269 113528 954228 234675 686591 806541 689620 226707 757403 506272 679378 525001 111453 933799 710871 1051452 392421 245320 698342 405115 354292 804697 660080 537743 501037 520996 256078 809995
600903 382004 110240 483525 999999999 555726 323746 332226 576488 368639 460927 335627 262316 264550 647573 39850 271304 355409 570118 173489 191016 308695 517258 386758 447926 274712 191856 531695 611564 260484 454583 299878 575873 433290 471142 247636 345780 440854 393885 298989 343116 404753 325643 321371 231887 599436 455477 436571 265997 457294 189226 421968 413146 410719 254589 591150 763291 449446 517993 357478 321470 442111 360744 366773 579238 571667 172822 527341 47324 443810 435675 282047 443209 546064 582864 255642 257984 428659 662360 281990 732856 426998 388291 390283 466654 450880 555884 595909 521985 466899 753387 360438 195213 458053 251878 642113 167298 151326 233427 340804
202220 928333 641683 962991 555726 999999999 749060 706741 401733 746633 593622 683260 355966 533897 767127 553192 700629 883799 907121 657835 584610 827726 573336 728732 487005 303330 364397 855668 219380 441908 1009999 855203 60377 894527 486100 380617 235661 727523 173463 642447 231438 370673 760118 599533 782166 1066663 476359 739748 318588 813166 369720 887999 958478 810816 614073 513805 772737 277708 233596 906025 838137 737868 284145 272224 449766 112928 388148 668929 545533 146475 760751 308080 693046 977910 93284 778802 298174 160459 648437 736838 679638 963428 318323 917426 896932 359321 467250 184383 762237 1014585 779005 611270 609686 816342 312305 779145 689352 450294 759029 274144
704820 466628 372867 667960 323746 749060 999999999 67017 881682 650478 783966 635129 558937 587603 965773 361760 54858 217290 840316 449485 504926 487478 840951 679854 769372 544945 430860 811759 707874 309937 452051 355942 789075 647092 791949 551308 602397 181434 576682 119654 594798 712793 586276 639064 366174 776639 775943 165516 434302 143477 454964 633793 315239 673430 135825 909774 1086513 736248 791369 295270 499546 174458 645109 647510 891389 716706 447663 847768 288523 606424 727518 442550 754083 763790 806913 449006 496201 671248 985948 540661 1056072 290666 684813 235847 699259 477290 871571 708231 828041 521128 1076124 678473 501548 143016 512259 958504 183757 464619 432855 476730
649791 523320 398438 716330 332226 706741 67017 999999999 867688 679318 791836 658165 546279 595958 979737 371822 75507 283660 873939 476006 520759 532932 844313 705510 767857 524730 409132 842451 651879 264833 515849 411756 749866 690500 789482 541520 576846 125776 536565 64461 568262 702004 619550 653184 412523 827304 773194 113977 398382 127736 437701 677331 381714 707461 98177 904302 1093404 716502 766542 359541 545468 121824 626224 627438 881167 667050 433080 859522 291022 561934 753953 404666 772742 807954 769652 490877 470380 640568 988159 573495 1056659 357679 669409 302843 739980 418179 863894 654206 849364 581835 1084254 692394 520616 129212 490811 973963 218875 461557 473079 432689
599298 843453 598677 779086 576488 401733 881682 867688 999999999 533817 284696 475017 322747 371313 397131 547911 826824 926542 623163 565226 469163 714530 225354 497024 186814 346507 461082 574137 616897 643759 955864 816047 353680 706315 166856 331588 313422 939888 436495 813187 325164 171754 585402 389613 731026 855280 171519 944493 506052 994005 430080 705545 967672 593548 770952 118975 373169 164408 169172 909985 719692 946426 245743 247546 51702 511402 434955 332692 599231 466181 505977 509618 413672 748715 324673 682440 409888 296706 252034 586914 277905 990634 198448 960950 681798 678465 83506 582048 453517 922911 381377 374038 491413 995945 381323 414301 743782 425239 670885 525963
868874 361271 281060 245292 368639 746633 650478 679318 533817 999999999 265945 64237 394755 212766 361191 331931 607575 566277 201783 203553 194043 233139 343190 44933 347031 456520 468727 163942 883670 617053 484159 389208 736707 172681 368093 370809 513915 798452 638281 659066 520629 411837 78004 153242 319690 328806 362300 791019 566930 793632 435399 172835 558556 64685 616869 471315 514580 508909 587807 507919 231110 797720 465363 477132 503595 810161 418425 276369 415955 693433 80788 582492 152088 231931 726514 233541 496976 586649 462280 115419 533802 597037 445658 592944 153784 784340 466111 858159 196018 423877 497094 160002 178927 793370 463892 346025 466722 336868 238531 639168
759806 612476 430098 507568 460927 593622 783966 791836 284696 265945 999999999 218110 310493 196417 201819 422289 732144 763332 339962 369178 285919 480039 77618 223914 110791 372652 448405 290109 776766 638268 733080 613674 565320 436457 121869 297257 396387 892794 542764 752185 407433 222976 331603 157144 531801 574572 124589 891193 534559 917932 408339 437944 779920 319078 706941 206272 302559 319025 385609 724174 481738 895759 321893 332796 246171 683468 400253 81468 500825 591727 224095 545947 129726 466365 545814 461822 437211 440489 212827 347489 286425 811891 277220 794923 404085 751041 207791 745311 174788 683069 292500 122654 297577 918782 398337 204732 612807 339923 457082 588808
809007 395330 262290 305361 335627 683260 635129 658165 475017 64237 218110 999999999 333011 149871 344968 296878 589029 572585 247458 186725 148804 263229 295600 53962 288857 395805 415633 202337 824066 573657 516876 406607 672677 232367 310961 309405 451395 773558 578445 632449 458436 348249 113913 89520 329621 392653 303896 767587 513797 776893 380590 230806 575759 128910 588915 419528 489799 444886 523946 522278 264196 773783 401418 413213 447283 748581 364448 244365 382562 633401 101469 528980 126468 296041 662315 250789 439267 523101 424297 131794 497305 611381 381440 601550 217887 733344 410461 797903 193266 464959 474132 101903 140427 776951 405018 333185 452680 283368 250078 584440
477807 592518 313145 607222 262316 355966 558937 546279 322747 394755 310493 333011 999999999 183638 511579 240870 504079 617655 570322 310699 229862 480573 333246 382196 242191 65693 149053 520283 493379 342340 688782 537332 355347 538561 258987 24657 120460 625591 248382 493854 126173 156015 404172 256482 456059 710869 242645 628392 225190 673306 112113 532077 670934 457985 450583 362998 583628 187201 258380 613995 489925 631102 100650 108672 335037 415576 113412 391693 278926 302432 419983 235851 369954 624185 352495 435028 126729 200082 464909 381576 526535 687862 127289 652512 542417 440648 319753 466009 449136 678147 579957 277988 255301 675089 87845 515224 427630 115621 417233 278843
660949 472468 242463 439192 264550 533897 587603 595958 371313 212766 196417 149871 183638 999999999 386736 225880 535729 578666 388369 195755 100793 345140 256624 198587 203072 247485 283280 339216 676299 460547 584725 448070 525279 367636 227802 160524 301525 699332 430763 558011 308636 218113 234386 76634 363160 536078 214706 696923 379215 721718 244981 363060 606528 276935 512820 349932 498919 307106 387250 549270 351313 701791 253935 265553 356679 599004 231554 264672 305161 485363 237677 393333 201646 444139 516605 311168 295914 374065 401845 223516 473985 634148 240430 611590 363799 600781 325118 649426 283989 553098 488839 108038 120843 722527 259735 383557 418354 156828 299705 445610
945920 720625 598295 557874 647573 767127 965773 979737 397131 361191 201819 344968 511579 386736 999999999 607918 916034 917538 309451 527348 460848 594279 194466 317876 286308 572537 650099 278818 963250 839110 843444 748381 730364 498434 282431 498975 590007 1085783 736877 944212 601612 405531 439068 326916 673962 587079 294163 1082927 736162 1103771 610025 505099 917996 386180 899100 280787 160793 489828 541577 865759 591813 1087992 512447 522410 346221 865233 601559 123062 690411 783312 285259 747338 218541 478710 706111 591867 638136 623483 173713 471346 220083 955001 462655 946468 446493 951540 315061 930496 169004 776625 140505 287554 465472 1104307 599333 23097 787786 538207 593569 788947
611727 376560 92277 459728 39850 553192 361760 371822 547911 331931 422289 296878 240870 225880 607918 999999999 309908 379437 533678 142598 151337 291265 479958 348505 412974 262058 194404 494301 623245 290256 458295 303905 569292 405976 436544 223663 334440 480666 397244 338785 333157 376327 292796 281574 228990 574921 421126 476422 278431 496510 183485 395182 430090 376327 294308 557437 724797 427570 498944 373261 303538 481956 341062 348075 548234 576978 165285 487917 85789 449191 397360 294810 403411 516571 574052 238592 255414 418595 625236 250505 696186 447470 364196 414101 435986 474565 523566 605645 482346 462528 714628 320679 156500 497208 243388 602342 198555 125959 216800 354415
665488 450641 327585 640929 271304 700629 54858 75507 826824 607575 732144 589029 504079 535729 916034 309908 999999999 228742 800607 404937 455428 457426 788028 635167 715479 490514 376780 770117 669517 265556 450670 338927 739148 615087 737921 496499 548693 201210 527617 96007 541294 657980 546149 589123 337073 752171 721867 189328 384014 188222 400333 601906 325700 633901 94486 855399 1034577 681661 737379 296495 469967 197291 590487 592993 836625 672787 392871 797187 234622 559507 683302 393034 706068 732508 756183 415530 442716 618601 932841 500184 1002662 308087 629987 253474 664890 443771 816973 667927 781287 512143 1024531 628504 453382 188531 458012 909323 143955 410280 397915 430113
877737 285544 336203 510358 355409 883799 217290 283660 926542 566277 763332 572585 617655 578666 917538 379437 228742 999999999 729520 394807 479918 353536 832319 604984 779826 626694 527635 712343 883597 475515 241000 191162 913499 509320 804308 602191 695322 393700 711681 324181 690996 755328 490806 606759 246665 607040 789989 375598 567314 323480 536948 496262 98074 568999 319154 926749 1058019 804831 872876 87712 362442 384840 716024 721786 924074 873660 523075 811327 346988 752144 647062 579841 698999 618131 925039 334688 597563 775187 975621 451020 1048917 82106 742988 34892 568883 666612 896983 878125 760294 320561 1043853 643986 465926 320881 600197 905539 196098 504756 327758 627339
1048046 477662 478356 271433 570118 907121 840316 873939 623163 201783 339962 247458 570322 388369 309451 533678 800607 729520 999999999 401829 393381 376267 400433 193703 448196 635216 662942 51610 1063692 818132 593850 540606 888003 232003 461686 548149 683727 995246 818547 857367 692195 545639 254459 313840 487948 279098 462922 986827 761024 983772 627405 243191 701930 166888 816000 529627 467534 645794 718812 658916 368213 993864 623252 635146 580964 982463 611598 297244 617400 872754 150697 776084 217634 174136 872577 398934 683629 747293 466935 300462 525565 744853 591467 751564 170116 980800 542961 1035959 171753 512434 445905 296320 380124 983200 648000 287057 657487 530735 411200 830948
740236 285068 77573 321117 173489 657835 449485 476006 565226 203553 369178 186725 310699 195755 527348 142598 404937 394807 401829 999999999 96063 170345 440191 230415 398021 354801 320506 367272 752899 432487 391462 252339 664013 264133 422746 287256 425313 594926 516763 455893 427576 403773 152469 212185 167530 434966 410143 587479 412874 591992 298163 253754 413126 238817 414201 544150 663628 479975 558478 356481 180377 594168 406851 416648 552364 696932 278988 417254 219662 571066 278376 429284 310065 373975 662869 124718 369936 508723 581909 108513 655424 443292 411902 425940 293617 616204 520814 732585 379969 369432 649933 249179 75188 591898 347287 517288 266347 207703 108567 488879
686368 378486 144491 378861 191016 584610 504926 520759 469163 194043 285919 148804 229862 100793 460848 151337 455428 479918 393381 96063 999999999 256397 352581 202182 303845 282728 276523 350334 700316 425256 487232 347821 585109 312248 328579 205366 349136 631781 457350 489963 353240 308699 179972 134346 262803 485893 315478 627141 374346 643443 245512 304728 505772 249042 445604 450614 586478 388348 467729 448561 264408 632844 320424 330945 456740 634672 227596 343695 236904 512622 250268 390165 252387 407555 581149 216725 311799 429938 496653 152290 569634 533773 320169 512415 324565 590458 425709 676962 331009 461428 574520 173721 25657 643880 282620 453896 328563 146768 202964 447827
902272 132467 199797 185649 308695 827726 487478 532932 714530 233139 480039 263229 480573 345140 594279 291265 457426 353536 376267 170345 256397 999999999 556930 277118 535702 524977 482715 362043 914106 563549 253674 164574 834352 160513 559695 456855 595652 658569 682943 532820 597834 562175 155606 331569 121314 300570 549557 646558 569693 628204 464400 147163 330066 220045 498720 675742 747138 644683 724126 283660 13262 654656 575333 585452 694805 863391 445212 505358 346213 736472 310578 586075 382466 276366 832976 53057 536943 679041 687472 132619 760346 371161 576519 375331 216922 758837 660191 895651 427772 208382 729972 358943 231148 627017 516327 578761 316078 377434 75270 645672
751640 689396 496969 583464 517258 573336 840951 844313 225354 343190 77618 295600 333246 256624 194466 479958 788028 832319 400433 440191 352581 556930 999999999 300635 94442 389445 479322 352878 769003 672458 809590 687679 538340 512869 87983 325160 399210 939878 545597 801023 411110 212094 409191 230141 604935 646700 100344 939636 557766 971463 439919 514707 852658 394931 755920 132058 252598 295725 351273 796423 558872 943659 320587 330043 180764 670768 434845 107432 554171 590585 297231 567456 201837 537482 515405 537312 457195 429157 145368 424314 217413 883483 269372 864519 478429 767278 143154 736136 229313 760536 247268 198339 366799 972547 419135 205810 674800 384779 531711 604527
859427 405964 307583 284155 386758 728732 679854 705510 497024 44933 223914 53962 382196 198587 317876 348505 635167 604984 193703 230415 202182 277118 300635 999999999 310407 445946 469244 148419 874688 627329 528814 430966 715531 212595 330440 359082 499100 822491 629072 681909 506656 383503 121526 129317 359014 359871 325794 815950 567346 822402 433869 214084 600539 96579 638808 429996 470130 482259 560031 549074 275507 822349 445325 457216 464800 797281 417936 231462 433915 683811 48939 582447 107168 257352 703627 274644 491416 568289 417573 154603 488958 638301 421240 632463 185116 787139 426961 847992 155329 468773 452856 126528 192148 822313 456571 303411 496474 337033 277930 637586
660217 666727 444156 592317 447926 487005 769372 767857 186814 347031 110791 288857 242191 203072 286308 412974 715479 779826 448196 398021 303845 535702 94442 310407 999999999 296111 390173 397533 677468 583759 782806 650211 456213 519593 24739 236540 304917 858289 451479 721423 316771 119398 400509 205695 565542 669401 15416 859146 465316 895530 351460 518996 809600 406859 676677 147068 341469 210219 274872 752330 539819 862710 226559 236274 159548 580917 348071 181965 480885 497121 321738 474534 232595 563817 435831 508002 364276 338185 223900 405375 289332 836947 176379 813166 495381 673158 124525 645036 285479 743573 338297 187423 322833 896848 326627 295428 611095 306319 498798 510481
413483 629885 344692 661583 274712 303330 544945 524730 346507 456520 372652 395805 65693 247485 572537 262058 490514 626694 635216 354801 282728 524977 389445 445946 296111 999999999 115652 585392 428815 299542 719247 565453 310727 594518 310145 87077 72623 593384 183355 468165 73051 194344 460875 321448 487592 767774 294316 598076 170204 649683 91485 587321 687857 518966 427023 404006 636460 191844 248917 632088 535177 599939 101703 102799 367288 354167 103668 454092 280360 237881 484694 178591 435636 684109 312936 476861 68688 157163 514922 434935 572853 700750 149358 661529 601784 379076 357852 402133 514663 716096 634181 343632 307397 651795 34839 577152 432079 148009 457654 216411
420093 570533 286263 641055 191856 364397 430860 409132 461082 468727 448405 415633 149053 283280 650099 194404 376780 527635 662942 320506 276523 482715 479322 469244 390173 115652 999999999 616321 432498 193592 646432 491732 387703 580442 407738 154168 172648 479616 203038 352610 166256 302170 453519 359510 421680 753491 391334 483615 98253 534055 40077 571184 596709 525526 311375 511140 731068 307371 360606 543074 494473 485772 217304 218306 479240 382574 51830 527845 182636 254815 513913 113777 484587 682376 397656 430832 69938 248293 613565 418617 675588 604909 262854 562096 599502 318469 466787 413033 566729 656253 726573 390476 296506 536156 81759 651449 331537 132284 409516 171452
997798 473000 444642 283200 531695 855668 811759 842451 574137 163942 290109 202337 520283 339216 278818 494301 770117 712343 51610 367272 350334 362043 352878 148419 397533 585392 616321 999999999 1013537 775586 592530 526338 836397 232226 411553 498383 632931 962181 768634 822984 641527 494076 226513 263962 467501 309727 412363 954528 714167 955167 580164 241575 691419 143360 780809 483256 439243 594246 667456 645662 355497 961312 571882 583768 532858 931591 564756 252039 579011 822661 102428 729033 166252 200304 820979 378382 634970 695922 427800 271404 489573 733113 539868 736146 173870 934615 494692 985563 126921 515814 418296 245173 338912 954774 598948 257508 628163 484392 388360 783258
17640 992861 715438 1072809 611564 219380 707874 651879 616897 883670 776766 824066 493379 676299 963250 623245 669517 883597 1063692 752899 700316 914106 769003 874688 677468 428815 432498 1013537 999999999 408165 1053142 902303 276714 1010421 681064 515844 383539 634436 245640 589559 373791 558075 880188 749858 842477 1184069 669093 650826 345657 733718 456653 1001732 971161 944873 575273 724746 983620 477423 447726 925681 926119 646435 454914 443972 663005 106546 475485 856141 585142 190969 913342 329529 859383 1107514 309998 861701 388543 339874 858103 848378 894072 965700 501365 913970 1024596 237607 676804 35055 935223 1076742 988320 769867 722816 737443 419881 972896 703775 553985 840013 271054
402738 614359 369768 742776 260484 441908 309937 264833 643759 617053 638268 573657 342340 460547 839110 290256 265556 475515 818132 432487 425256 563549 672458 627329 583759 299542 193592 775586 408165 999999999 657176 513099 485748 693772 601253 347525 334572 301873 272540 200567 324110 492743 582930 533592 467819 858917 584867 309981 142381 375381 232574 682414 564367 665314 174113 702501 924496 482723 520528 521141 576669 310160 398207 396269 666723 407320 238362 716205 218088 297389 675016 144747 660818 806188 506616 511064 233908 386343 807122 540712 868659 557620 448662 505812 726095 201503 657032 404008 743083 693322 919718 568376 438155 378271 265039 839060 301850 303835 488931 167903
1044398 122922 375885 332956 454583 1009999 452051 515849 955864 484159 733080 516876 688782 584725 843444 458295 450670 241000 593850 391462 487232 253674 809590 528814 782806 719247 646432 592530 1053142 657176 999999999 154797 1027583 362123 807227 667526 791858 632123 847728 545613 791123 795089 407980 581877 232725 403819 796000 614684 713216 564394 641139 351629 154944 459660 529306 925662 998668 867697 944497 156882 253658 623883 788747 797377 940358 1023444 623333 758618 471121 896168 558200 728314 635175 446397 1031994 274807 711868 876309 941144 385719 1014010 198621 800206 237832 423744 857907 907124 1041504 675091 93786 980927 611277 464478 561743 701683 826732 355849 574905 285020 783904
893034 111716 224389 321813 299878 855203 355942 411756 816047 389208 613674 406607 537332 448070 748381 303905 338927 191162 540606 252339 347821 164574 687679 430966 650211 565453 491732 526338 902303 513099 154797 999999999 873074 318180 674919 516814 638007 535866 693353 427779 636998 651083 311547 457542 85060 424273 662450 521046 560272 488627 486438 305148 169616 383694 403337 795944 896381 718962 794541 119530 172437 529823 637761 645998 804548 869766 468719 650701 318083 742258 469127 575609 531765 427602 877906 156525 557074 722338 825809 277070 899407 208113 652152 211056 378013 714601 773153 889572 585216 181155 880485 491140 327465 486849 547226 734362 218383 422539 157108 632046
259922 940558 654829 960733 575873 60377 789075 749866 353680 736707 565320 672677 355347 525279 730364 569292 739148 913499 888003 664013 585109 834352 538340 715531 456213 310727 387703 836397 276714 485748 1027583 873074 999999999 890767 452630 379759 238901 777075 213312 685970 237753 344335 756290 586360 797153 1061094 444400 788534 355139 859801 386994 885043 984410 801319 655326 468872 726598 246299 189749 930653 844147 787075 271434 259748 403294 171155 404406 637701 570334 197391 744512 346536 671647 968635 33368 787087 318680 155436 603699 736297 630873 991871 296588 947604 888989 416753 423862 241996 737146 1026789 733989 594367 610605 862858 325907 743620 717793 458609 768159 319737
996931 245974 324755 72994 433290 894527 647092 690500 706315 172681 436457 232367 538561 367636 498434 405976 615087 509320 232003 264133 312248 160513 512869 212595 519593 594518 580442 232226 1010421 693772 362123 318180 890767 999999999 540769 513912 658943 815715 769048 686245 663888 578631 134537 321084 281399 173798 534826 804414 675224 788390 553807 13350 473030 118662 649699 642590 658382 672994 752801 433354 149406 812323 620457 631842 676226 946897 535079 435699 476835 824215 221700 691554 314145 117645 883569 199762 622700 737130 622955 162064 691966 516940 607451 528267 62152 880275 638664 988077 330495 283588 638777 332292 288468 787257 594720 479314 472093 456826 218648 750840
663690 690896 468741 613331 471142 486100 791949 789482 166856 368093 121869 310961 258987 227802 282431 436544 737921 804308 461686 422746 328579 559695 87983 330440 24739 310145 407738 411553 681064 601253 807227 674919 452630 540769 999999999 255026 313779 878504 459447 742306 325855 125167 423236 229102 590264 688428 16496 879689 480089 917200 369534 540487 834329 427013 697692 122472 326319 208394 267877 777052 563667 883116 234643 243620 136444 582825 367013 185747 503425 503483 339425 488727 248269 582043 430829 532421 378696 341201 205927 429041 269070 861621 182344 837691 515024 684965 100563 648162 295990 767413 324490 209181 347558 918567 341658 293317 634830 328174 523354 522641
500442 569915 292433 582569 247636 380617 551308 541520 331588 370809 297257 309405 24657 160524 498975 223663 496499 602191 548149 287256 205366 456855 325160 359082 236540 87077 154168 498383 515844 347525 667526 516814 379759 513912 255026 999999999 145073 624862 270432 490917 150585 161487 379535 234423 434889 686262 238542 626868 237362 668983 114993 507420 653096 433854 447018 363902 576975 204168 277828 595929 466077 629923 121235 130191 340280 439363 112113 377910 267709 324884 397617 249095 350307 599876 376491 411774 142398 224584 460337 356972 523881 671133 140800 636984 518014 455679 322437 488910 430312 655369 572405 257500 230846 670634 103901 501676 414222 97705 394258 295067
367128 702137 417255 727335 345780 235661 602397 576846 313422 513915 396387 451395 120460 301525 590007 334440 548693 695322 683727 425313 349136 595652 399210 499100 304917 72623 172648 632931 383539 334572 791858 638007 238901 658943 313779 145073 999999999 635187 146893 517479 12354 189131 524600 371175 560203 831328 299497 641741 193862 699084 158408 652350 758674 577566 478669 389542 636015 149577 189698 703244 605588 642745 79326 71675 342995 298779 173223 477095 348343 195554 534519 196416 476175 744145 240339 548191 106536 84570 511252 501279 562589 770463 133321 730065 662600 374674 341067 353905 551692 788305 636295 388037 374330 701462 95127 597301 499819 219840 529276 215507
635771 647099 517555 842104 440854 727523 181434 125776 939888 798452 892794 773558 625591 699332 1085783 480666 201210 393700 995246 594926 631781 658569 939878 822491 858289 593384 479616 962181 634436 301873 632123 535866 777075 815715 878504 624862 635187 999999999 567156 141908 625105 781006 741311 761392 538278 952995 862029 20357 444249 105444 513705 802582 490112 829333 186774 988340 1191515 781683 822277 475258 671144 12647 694472 693765 958809 669432 513054 964003 396084 581185 871256 446093 884062 933252 800846 615986 531645 687908 1081368 695211 1147477 460042 742203 406955 864461 397284 945295 643455 962506 702548 1183786 800095 634165 109482 558565 1081465 343670 555183 597837 458484
230611 773565 488702 833430 393885 173463 576682 536565 436495 638281 542764 578445 248382 430763 736877 397244 527617 711681 818547 516763 457350 682943 545597 629072 451479 183355 203038 768634 245640 272540 847728 693353 213312 769048 459447 270432 146893 567156 999999999 472660 135464 334317 637276 504739 624636 942843 445563 577715 145200 647229 218745 760914 788461 699856 442355 526515 778516 275441 281361 737111 694313 576717 225014 215830 473598 180448 237951 623691 378323 55326 668048 134701 616826 863442 234419 631781 146991 141207 652945 607436 700184 791843 277390 745061 780669 242674 477470 220084 694372 859288 779857 525960 480623 650224 175116 744177 518292 312471 610841 108838
587030 539135 379013 718222 298989 642447 119654 64461 813187 659066 752185 632449 493854 558011 944212 338785 96007 324181 857367 455893 489963 532820 801023 681909 721423 468165 352610 822984 589559 200567 545613 427779 685970 686245 742306 490917 517479 141908 472660 999999999 508501 649868 604428 619518 415569 831687 725894 139009 335765 181758 383422 673342 421496 692363 45244 854759 1051949 659401 706999 392242 545783 143792 569865 570468 828774 602849 380464 822648 254206 497515 730763 341468 742194 803840 706112 487025 411358 579018 943557 558416 1010743 402496 614743 347612 732136 357751 813084 591057 820797 604242 1043762 658260 492727 184042 433807 939710 217663 416359 467602 368346
357517 702806 417272 731852 343116 231438 594798 568262 325164 520629 407433 458436 126173 308636 601612 333157 541294 690996 692195 427576 353240 597834 411110 506656 316771 73051 166256 641527 373791 324110 791123 636998 237753 663888 325855 150585 12354 625105 135464 508501 999999999 201317 529708 379180 559921 836589 311501 631881 182907 689983 154635 657097 755558 584049 470107 401875 648307 161094 198506 700398 607945 632779 91548 84022 355128 290702 170297 488270 344056 184991 542686 185011 485632 750352 240908 549877 98597 85607 523576 505510 574938 766657 145630 725682 668581 362322 353382 344567 561627 789036 648535 396876 378266 692400 91368 608744 495232 221057 530702 203227
540832 687055 430442 651316 404753 370673 712793 702004 171754 411837 222976 348249 156015 218113 405531 376327 657980 755328 545639 403773 308699 562175 212094 383503 119398 194344 302170 494076 558075 492743 795089 651083 344335 578631 125167 161487 189131 781006 334317 649868 201317 999999999 448696 258737 566460 740633 111750 784135 363838 829181 267338 575511 798770 475825 606562 209819 447516 100223 176532 741114 568840 786717 109817 118493 179164 461995 269420 299584 428310 378514 406434 370958 328314 640746 327207 525232 262642 219014 323593 441405 378965 820502 57281 789827 565459 562287 164628 525695 392913 769273 447313 257758 332717 830931 228110 414823 572051 253558 511613 400803
866306 285353 226255 204994 325643 760118 586276 619550 585402 78004 331603 113913 404172 234386 439068 292796 546149 490806 254459 152469 179972 155606 409191 121526 400509 460875 453519 226513 880188 582930 407980 311547 756290 134537 423236 379535 524600 741311 637276 604428 529708 448696 999999999 195837 244226 306948 415289 732598 550143 729752 424519 128950 480734 88024 563921 533365 591551 541053 621103 430526 154356 739717 486235 497563 559680 814093 406190 350748 372076 692563 157601 566273 227211 228884 749358 156650 491726 602593 534713 46101 607054 519541 474767 516704 146148 761218 523268 856933 273878 351863 574370 215144 157562 729254 462401 424023 403138 326286 163552 624875
734244 463516 275863 394030 321371 599533 639064 653184 389613 153242 157144 89520 256482 76634 326916 281574 589123 606759 313840 212185 134346 331569 230141 129317 205695 321448 359510 263962 749858 533592 581877 457542 586360 321084 229102 234423 371175 761392 504739 619518 379180 258737 195837 999999999 375026 482018 220173 757717 455767 776874 321469 318838 623016 217579 574650 344243 453537 355712 434568 567118 335018 763075 316009 327901 365237 669846 307713 209438 365312 558914 163622 469940 127250 383875 574908 308065 372092 439075 369970 200087 443559 654753 293051 638097 307012 677310 329630 722269 209496 538651 440956 39409 142170 777398 335475 320793 462714 231148 301712 522193
832193 150384 143292 303918 231887 782166 366174 412523 731026 319690 531801 329621 456059 363160 673962 228990 337073 246665 487948 167530 262803 121314 604935 359014 565542 487592 421680 467501 842477 467819 232725 85060 797153 281399 590264 434889 560203 538278 624636 415569 559921 566460 244226 375026 999999999 416256 577665 525879 497404 507009 412446 268062 248177 324294 383871 711533 818727 635866 712152 193157 133412 534073 556086 564666 719541 803260 394107 572225 258578 675347 400461 513286 455890 397671 800527 89207 484360 644755 744412 204616 818047 281972 568712 273459 335785 667851 688274 827537 514317 235022 803504 409654 242712 505862 471509 661069 197911 342333 81182 571428
1170645 321520 489379 116216 599436 1066663 776639 827304 855280 328806 574572 392653 710869 536078 587079 574921 752171 607040 279098 434966 485893 300570 646700 359871 669401 767774 753491 309727 1184069 858917 403819 424273 1061094 173798 688428 686262 831328 952995 942843 831687 836589 740633 306948 482018 416256 999999999 684816 939697 847526 912473 727419 182376 546590 264996 798757 778740 746272 837519 916577 521782 287355 948141 789957 801517 820265 1120563 708634 554856 640862 998013 350486 863904 445317 110348 1052643 350554 796487 908403 736276 335713 799212 592398 773561 617803 175295 1049326 781979 1161852 433725 310241 724777 486094 462244 910793 768452 565093 614101 630612 372107 923361
651773 680348 454744 607575 455477 476359 775943 773194 171519 362300 124589 303896 242645 214706 294163 421126 721867 789989 462922 410143 315478 549557 100344 325794 15416 294316 391334 412363 669093 584867 796000 662450 444400 534826 16496 238542 299497 862029 445563 725894 311501 111750 415289 220173 577665 684816 999999999 863238 464139 900917 353083 534165 821042 422233 681298 136895 342182 198957 261678 763686 553826 866654 220577 229847 145314 571647 350521 193306 487426 490253 337096 472906 247683 579218 423449 521231 362802 329392 222270 419573 285563 847918 169029 823473 510783 669807 111132 636406 299377 757568 340015 202596 334986 902296 325626 304207 619518 311981 511704 507357
651824 632001 509962 829437 436571 739748 165516 113977 944493 791019 891193 767587 628392 696923 1082927 476422 189328 375598 986827 587479 627141 646558 939636 815950 859146 598076 483615 954528 650826 309981 614684 521046 788534 804414 879689 626868 641741 20357 577715 139009 631881 784135 732598 757717 525879 939697 863238 999999999 452118 86021 516828 791233 471616 820581 184252 990677 1190803 787354 829593 457894 659024 9251 699459 699089 962401 683787 515426 961520 392590 593297 864609 454638 879527 921830 811799 604829 537424 696324 1081771 686509 1148460 440970 746451 388144 853943 413389 948133 659190 957411 686163 1182714 796598 628725 90030 563318 1078187 332840 554867 587055 469306
334909 647738 370335 733985 265997 318588 434302 398382 506052 566930 534559 513797 225190 379215 736162 278431 384014 567314 761024 412874 374346 569693 557766 567346 465316 170204 98253 714167 345657 142381 713216 560272 355139 675224 480089 237362 193862 444249 145200 335765 182907 363838 550143 455767 497404 847526 464139 452118 999999999 514927 134371 665563 646039 623387 301901 572791 806313 343164 378217 595930 581931 452460 262429 259033 532254 311037 149439 615270 242219 185678 611740 16435 579563 779004 372639 517001 101516 244512 685113 513975 742741 647906 315145 600462 696270 221577 525801 330163 661331 732141 803612 485377 393754 517626 138700 739037 375324 230506 495143 76147
734104 596620 514964 806172 457294 813166 143477 127736 994005 793632 917932 776893 673306 721718 1103771 496510 188222 323480 983772 591992 643443 628204 971463 822402 895530 649683 534055 955167 733718 375381 564394 488627 859801 788390 917200 668983 699084 105444 647229 181758 689983 829181 729752 776874 507009 912473 900917 86021 514927 999999999 563938 775059 414747 816889 223053 1031982 1219914 841081 888485 409882 639975 92812 751359 752110 1008315 762505 559965 984381 417539 666844 870277 519361 894289 904507 881615 591343 593069 759143 1115534 684126 1184232 379451 795588 329760 841527 496113 991407 740851 969377 642378 1210431 816219 641603 4053 615419 1097313 327034 589214 575678 540120
443358 559119 272623 616438 189226 369720 454964 437701 430080 435399 408339 380590 112113 244981 610025 183485 400333 536948 627405 298163 245512 464400 439919 433869 351460 91485 40077 580164 456653 232574 641139 486438 386994 553807 369534 114993 158408 513705 218745 383422 154635 267338 424519 321469 412446 727419 353083 516828 134371 563938 999999999 545079 600986 493632 340888 475105 691930 281349 340400 545998 475672 519380 190154 192900 445687 399125 19207 487773 190013 272903 477743 148915 445823 652902 393644 413576 72769 239870 575141 391748 637952 612127 231717 571709 569913 355848 431606 435045 527824 645290 687187 351645 266959 565867 63350 611387 341638 98912 392903 203929
988359 234483 313096 76135 421968 887999 633793 677331 705545 172835 437944 230806 532077 363060 505099 395182 601906 496262 243191 253754 304728 147163 514707 214084 518996 587321 571184 241575 1001732 682414 351629 305148 885043 13350 540487 507420 652350 802582 760914 673342 657097 575511 128950 318838 268062 182376 534165 791233 665563 775059 545079 999999999 460725 122297 636945 643823 664681 669155 749084 420620 136076 799155 615174 626488 676273 939135 526274 439620 465225 816021 226037 681917 317239 130693 878293 186682 614374 731072 626946 153501 696437 504499 603249 515390 74071 869652 638880 979668 336687 274605 645274 331574 280609 773922 586872 486286 458986 448520 205743 741291
964498 231162 369023 460919 413146 958478 315239 381714 967672 558556 779920 575759 670934 606528 917996 430090 325700 98074 701930 413126 505772 330066 852658 600539 809600 687857 596709 691419 971161 564367 154944 169616 984410 473030 834329 653096 758674 490112 788461 421496 755558 798770 480734 623016 248177 546590 821042 471616 646039 414747 600986 460725 999999999 550085 414254 956369 1065542 857259 928997 57688 335962 480867 771130 777986 960293 955575 585464 819496 414076 831704 638181 659514 701227 573003 993658 326134 666012 840848 992578 446673 1066213 45810 792748 85028 534783 759023 930651 963979 754569 243846 1049826 657831 487849 411853 664190 903946 270760 555638 325739 709937
930300 337691 313851 188548 410719 810816 673430 707461 593548 64685 319078 128910 457985 276935 386180 376327 633901 568999 166888 238817 249042 220045 394931 96579 406859 518966 525526 143360 944873 665314 459660 383694 801319 118662 427013 433854 577566 829333 699856 692363 584049 475825 88024 217579 324294 264996 422233 820581 623387 816889 493632 122297 550085 999999999 651686 525350 544577 573286 652005 503175 214457 827718 529940 541695 561289 872981 476125 317345 457590 755111 103861 639202 195491 167333 791198 235120 557161 650974 504666 134123 574175 591104 510272 592996 89702 838480 523388 919905 217179 390445 525645 221507 230581 816325 525010 368358 490644 394737 245744 696708
571468 513609 337880 684369 254589 614073 135825 98177 770952 616869 706941 588915 450583 512820 899100 294308 94486 319154 816000 414201 445604 498720 755920 638808 676677 427023 311375 780809 575273 174113 529306 403337 655326 649699 697692 447018 478669 186774 442355 45244 470107 606562 563921 574650 383871 798757 681298 184252 301901 223053 340888 636945 414254 651686 999999999 810695 1006753 618685 668366 379719 511822 188972 528624 529639 785617 581068 337179 777471 209376 470828 687711 309052 697678 767088 674168 451433 372203 542915 898599 518043 965967 399941 572537 345856 694008 349578 769374 574214 776563 582466 998533 613326 448917 225016 392957 894697 187462 371336 431396 341123
707107 807758 591209 713833 591150 513805 909774 904302 118975 471315 206272 419528 362998 349932 280787 557437 855399 926749 529627 544150 450614 675742 132058 429996 147068 404006 511140 483256 724746 702501 925662 795944 468872 642590 122472 363902 389542 988340 526515 854759 401875 209819 533365 344243 711533 778740 136895 990677 572791 1031982 475105 643823 956369 525350 810695 999999999 259126 252372 280364 899173 678878 993619 312528 318262 67281 620760 475318 232634 621584 562796 429003 579180 333677 669537 441076 651133 472008 392709 134846 543746 173682 983977 258431 960156 609899 763695 49067 690288 357877 882157 265307 318541 469010 1033514 437916 299135 755953 445155 643050 604897
