NAME : synthetic_000791
TYPE : CTSP-D
DIMENSION : 100
GROUPS : 8
RELAXATION_LEVEL : 1
EDGE_WEIGHT_TYPE : EXPLICIT
EDGE_WEIGHT_FORMAT : FULL_MATRIX
EDGE_WEIGHT_SECTION
999999999 123081 222058 642342 713741 699492 587874 374160 657137 1077618 350405 892583 292702 895872 698603 165718 787448 582284 728549 640861 798541 67995 496583 919812 767169 326441 543672 500774 954461 794933 415634 784357 1073203 838477 270060 796246 1116996 741607 244313 1057868 903313 301742 214188 529224 1033543 251549 689227 465379 635985 324307 393939 804728 535341 535864 634153 884450 635331 483300 78353 877281 161223 764353 245846 817692 350035 421163 751815 824208 1148530 669615 740920 407460 236574 768917 191636 852650 910494 103150 465422 147716 595843 665082 913343 820076 612310 811028 143080 402228 901082 264864 902620 150760 846585 551373 321429 564978 687769 639360 706965 609795
123081 999999999 180114 655741 614873 759910 667329 464021 742423 1071093 459715 802344 407339 819953 774785 261790 806940 646585 689928 748455 852091 67251 495556 877017 758551 250000 437462 534483 955791 733719 351982 706379 1086576 887637 221264 856630 1123077 827431 205161 1062040 809005 416310 288223 624938 1041318 302717 685903 511423 534907 266733 368433 708795 616646 494427 671513 879968 611561 524369 200188 807923 173160 672673 143187 798918 344251 339645 685861 764911 1158222 752229 819722 481724 276126 786891 299819 769081 903185 69493 435493 82179 632692 766608 862311 807902 524640 806702 67005 499877 843296 168262 812476 137283 781802 652079 272422 535762 608831 622890 687650 676283
222058 180114 999999999 833952 738731 918581 809932 595701 878737 1251115 562051 935563 498929 969882 920605 387589 984228 802183 864684 850247 1015440 166520 675275 1049093 938607 415618 554335 706316 1135804 896797 520705 855892 1265453 1053612 399363 1015520 1302858 963005 384910 1241937 936024 507753 434188 748311 1220896 463691 865976 677603 657487 440992 548098 835192 757386 669844 842559 1060079 790404 693034 262524 963999 88425 806375 296949 978041 523854 496366 846160 928932 1337660 891512 962974 628886 442179 964483 408715 911461 1083230 129776 614189 98073 803788 879982 1030463 987730 667586 986815 113116 621360 1007589 324887 945663 73066 941810 767633 449195 713972 759212 802605 866924 830305
642342 655741 833952 999999999 653306 287676 373092 429249 437159 447389 541829 695263 576485 600643 390881 523237 152968 278048 294596 617846 304861 674062 167663 431226 170009 489965 633322 164172 316609 451170 416630 547064 432003 310962 456029 343289 474948 483333 459876 416730 732661 576746 454885 471413 391291 399016 98735 223128 632635 439608 312429 681950 375607 292223 129563 258511 193982 196718 663423 547941 798855 627827 588524 247805 313322 484154 457396 456411 506281 423109 431266 351871 406792 132054 548431 623114 289062 706816 276282 736359 127762 572174 468305 224072 535255 191390 722041 468599 496369 567186 701274 776530 501507 516430 420613 229867 508202 156365 185309 295474
713741 614873 738731 653306 999999999 923418 942430 846861 1024294 828074 917702 200982 900594 279600 1006311 749277 766924 864051 416469 1142343 957794 679996 538524 498236 602900 394691 184599 682801 780060 307956 342308 190906 939752 963167 470255 993457 932537 1093431 499305 874499 197303 907286 713169 982949 876375 665544 591371 718468 81277 418941 455369 96615 914822 370699 765676 698007 465693 706000 787644 305958 776772 83686 472533 574831 519985 303390 257753 335971 979151 1019264 1053084 803021 636016 747105 800372 200344 699609 681610 425866 670738 742049 1124139 444014 613572 128731 651928 657336 899778 394258 450139 210764 736282 314416 1027164 434523 425736 155324 503953 514989 892790
699492 759910 918581 287676 923418 999999999 163357 354063 182160 603200 449462 981278 509059 888274 113118 540516 276936 118194 581949 387957 107574 752448 388892 701766 430185 677473 872325 257310 472407 738836 636801 832494 500106 156326 616355 96969 570527 202412 606864 532638 1017739 504778 485311 287374 495686 457563 380214 254370 891428 623962 511467 961592 204735 552893 160668 461383 479238 249791 687469 835227 859184 906885 743997 508345 475016 704503 743948 743475 579992 161011 145889 296320 484080 278743 539113 909625 492453 790073 508944 829489 181409 327089 746508 472028 799014 423383 818278 361466 779407 730610 987576 849626 788793 318915 601395 499403 786244 442784 470562 95427
587874 667329 809932 373092 942430 163357 999999999 217632 83758 752634 296491 1031118 360371 954762 111817 422634 415341 95085 656951 246428 268024 647712 409563 804284 538071 637904 860085 263944 618494 806527 622660 882791 660726 318004 565198 241139 729334 164689 548824 688010 1063573 354906 379880 124177 651968 370859 471816 224148 897681 586803 496251 994988 53118 578591 251158 594299 541801 237090 562322 906374 741851 940343 680225 617523 442776 685624 800586 817320 741109 86564 153145 185964 403024 411318 409819 962783 626320 685781 516569 728126 245378 199497 840320 587540 814036 544277 718901 210384 865098 672383 1038561 738193 860544 158921 564133 538527 821131 510746 555386 84497
374160 464021 595701 429249 846861 354063 217632 999999999 283038 867380 112894 972046 159115 921830 329449 208522 532736 238477 655416 305855 460830 436788 373933 832297 595822 488998 730253 267388 732154 783179 506124 830984 810725 507415 408561 446097 870558 367449 385511 820018 997934 156580 178482 162448 787843 194420 516093 206800 788278 445080 394184 915585 164517 518807 352859 685395 536387 233225 344777 882332 525172 863337 502157 669098 327464 557923 762248 802025 891237 296211 369130 77629 228614 520712 192197 911009 716740 474604 441607 518056 323756 308739 852994 651433 719878 620553 510105 53089 864291 500432 980757 523304 839757 196043 424535 502137 752220 517186 578556 258713
657137 742423 878737 437159 1024294 182160 83758 283038 999999999 785353 342283 1108577 409264 1028377 79456 491433 456354 164962 727186 206687 269609 719082 489143 865876 596049 721269 943786 343230 654342 879400 706273 959834 677530 319068 647965 229725 749659 85009 631009 713832 1141838 402599 454202 146379 676586 450147 535341 306845 980595 670345 579725 1075151 127188 658661 309567 639812 614533 318309 625438 978659 807294 1020402 761199 675491 526533 769365 876062 888592 756339 23697 96093 264337 482988 455909 473015 1039442 671340 757027 598509 800115 311581 145015 905349 642465 896099 596300 791611 263269 932978 754105 1115811 806298 932532 158629 647701 616206 900715 581831 621974 142183
1077618 1071093 1251115 447389 828074 603200 752634 867380 785353 999999999 980065 751544 1020252 617290 712467 969314 339896 667175 433115 990703 531040 1100565 581267 344187 312596 859109 902824 610049 135828 522170 760130 647164 174281 490694 853702 581708 121306 790816 866285 93861 794817 1019812 900874 871970 128105 843091 388428 666346 851806 819655 703409 801385 776146 600881 518865 193208 466696 640526 1106107 562710 1227985 762171 974990 282456 730947 813541 570321 498231 166663 763876 730733 789995 846967 348512 995765 686764 167960 1129800 640405 1153270 544149 930189 408781 264455 758901 266591 1138031 900326 464799 949172 751657 1201218 532051 911131 806954 544804 678567 449457 388662 668538
350405 459715 562051 541829 917702 449462 296491 112894 342283 980065 999999999 1056035 67600 1014790 404211 200873 644550 339490 759013 290457 557030 417933 476864 939447 707633 539988 785509 379203 844729 880268 575574 919142 920242 605389 458420 536085 981370 420595 431736 931631 1079241 60416 208903 197887 899028 252206 627427 318955 853488 503077 475758 992443 246816 610598 464277 798270 641028 345416 299886 978162 482442 941878 528416 780061 407610 619366 855512 900906 1000946 360646 436551 190520 282131 632960 160139 998195 829591 453467 531164 498049 436145 318241 957394 763401 793677 733194 493262 88014 965892 532596 1065106 489134 936873 207897 485026 600895 835618 624140 687089 354865
892583 802344 935563 695263 200982 981278 1031118 972046 1108577 751544 1056035 999999999 1048509 135053 1077306 906027 776509 943842 410188 1251568 994396 865414 622690 407414 596883 566611 383868 767327 736262 256118 491497 149104 890267 989546 633697 1036739 867084 1168450 662672 815502 43393 1054287 860947 1091292 825960 806695 612667 813768 280364 579094 580418 106997 1012236 457490 820689 663308 502071 796188 963048 189011 968844 129842 659162 545165 648520 471817 238016 266735 914272 1099640 1121153 917271 781165 759682 955998 73224 655625 870627 531116 863341 805277 1223898 342873 588826 280297 636388 849346 1024928 286825 634632 10143 928783 224733 1137296 590071 492611 220429 538988 523834 969365
292702 407339 498929 576485 900594 509059 360371 159115 409264 1020252 67600 1048509 999999999 1015749 469516 159179 688948 395884 773579 351344 616498 360688 493486 958480 738070 513912 758957 412326 885815 886228 560912 915989 969056 664047 433472 598014 1027826 488087 405364 976219 1069359 9040 188069 265408 944723 242720 656775 354179 832865 482110 472094 979413 309359 613427 510113 834773 657914 380295 236420 982263 417679 930443 488817 807612 404682 598588 857612 908776 1049419 427212 503025 232970 267403 675961 110671 993747 865529 394914 533100 439357 479262 383528 972077 794177 779625 767352 435690 149994 976759 495988 1057850 426337 942567 274768 466081 610938 828829 644610 709801 413781
895872 819953 969882 600643 279600 888274 954762 921830 1028377 617290 1014790 135053 1015749 999999999 989909 884361 664802 863696 306636 1185487 890811 878508 555462 273574 483287 572439 440496 694466 607627 149576 480990 114041 759309 881509 627402 935694 733693 1082120 655035 683245 177943 1020602 831978 1026744 695182 773447 510723 746355 344735 572370 544059 209941 941712 404216 729353 538020 413877 725999 960614 58160 991689 195987 679353 424114 611085 480348 159589 147828 780812 1017261 1031571 860138 752150 649558 932174 82747 527882 889418 483765 888870 718788 1151829 208530 468292 303474 517976 873952 973673 152586 652613 134479 953061 102016 1073302 578433 423157 211358 447645 419932 886854
698603 774785 920605 390881 1006311 113118 111817 329449 79456 712467 404211 1077306 469516 989909 999999999 533737 389949 145875 685046 284193 190870 757537 467788 812370 540901 727922 939417 324809 583395 840351 701432 928202 599882 239970 659217 150291 672696 92454 645264 638561 1112336 463617 488773 215977 601033 474951 486674 301452 968115 675435 574194 1050976 164933 636537 261327 574443 577275 306478 674114 938199 853358 996106 779507 619612 527674 767059 841642 846975 678246 55788 48390 293387 505787 391833 521633 1006676 605444 795613 583498 837536 272149 219460 855412 584137 879500 535991 827923 320009 886410 769713 1084051 849128 891804 235287 652608 588366 875561 542372 575888 115048
165718 261790 387589 523237 749277 540516 422634 208522 491433 969314 200873 906027 159179 884361 533737 999999999 658080 422454 668125 487075 642512 228705 402396 858604 667914 358063 601847 367205 839842 763712 414728 779752 945092 684759 279269 636595 995287 575956 250453 938773 924194 167351 68441 365605 911227 128619 586669 321761 679074 330657 343608 831448 369926 490766 492302 777413 560041 343446 148547 855796 320308 784311 330125 728811 281156 445966 729401 789122 1023027 503936 575537 245132 136871 641409 51234 855266 805998 266338 411509 310106 455504 505188 863646 723330 631756 705623 302813 239234 861410 336820 915631 315589 818979 390736 316938 501172 688695 554700 622669 448624
787448 806940 984228 152968 766924 276936 415341 532736 456354 339896 644550 776509 688948 664802 389949 658080 999999999 327656 366930 657843 236897 822622 320304 442135 181580 641392 769666 290893 204364 521305 563516 634268 287106 218504 608995 287046 339678 476778 612653 287338 817103 687712 590744 532754 256055 539140 176123 340175 757177 591716 464562 781201 436512 426298 180465 184531 303046 316167 802601 607855 945927 729287 741418 249816 465867 629739 542228 517049 365096 436626 417660 456313 550880 21701 677302 703293 215517 856225 423626 886998 209723 600937 494813 208025 657862 156133 872897 562656 535993 719890 780991 925178 562787 572874 573089 360908 614564 265974 255552 330859
582284 646585 802183 278048 864051 118194 95085 238477 164962 667175 339490 943842 395884 863696 145875 422454 327656 999999999 563757 340979 223032 636431 326431 709212 443239 583400 793616 181249 531950 714901 555597 795018 586937 268978 516550 214213 652247 229434 504114 607332 977391 392242 368252 205179 572421 343894 376782 155888 823772 530614 428348 912135 108999 496017 157129 502993 449978 160810 569279 814389 741535 857309 639913 522637 382341 621188 711101 724719 667795 156232 194202 178140 372188 321660 421134 874546 535102 674226 439522 714315 150400 294224 745597 493183 736536 450750 703505 251989 771074 628650 951020 732692 768365 246448 507793 451749 737248 417884 460858 31578
728549 689928 864684 294596 416469 581949 656951 655416 727186 433115 759013 410188 773579 306636 685046 668125 366930 563757 999999999 894820 585841 733359 282174 191834 190486 452291 469980 404851 365885 157893 347464 267547 525565 579472 469525 629781 525575 777447 489832 465118 450343 776729 605386 739492 463153 542963 204437 461866 425889 423878 335159 417415 649387 195547 423861 282440 119571 438649 777226 253347 859430 367550 572269 160128 388814 390728 175596 161932 570962 714779 725858 585772 531412 349665 709249 336987 287073 755757 263503 770146 415818 855965 198592 197206 329323 236530 754447 704249 210737 544756 415051 826587 206912 786013 417657 167131 261184 146337 114126 585050
640861 748455 850247 617846 1142343 387957 246428 305855 206687 990703 290457 1251568 351344 1185487 284193 487075 657843 340979 894820 999999999 475016 708360 631028 1048856 784209 794664 1034502 491663 858546 1039471 805825 1105553 883932 523755 714400 432141 956302 232522 691283 920344 1281043 342499 477574 160403 883176 500249 716335 439403 1088040 749824 686989 1204846 245448 794140 497583 839144 777078 459529 587761 1139819 768207 1151196 804346 863576 623586 860937 1028172 1052842 962433 229420 282833 339331 534382 655418 450135 1186112 871036 743909 723296 788490 490197 69236 1082677 833957 1013985 790569 783692 257480 1104767 804405 1259638 777681 1094715 115205 728804 763293 1035343 748671 797562 329556
798541 852091 1015440 304861 957794 107574 268024 460830 269609 531040 557030 994396 616498 890811 190870 642512 236897 223032 585841 475016 999999999 848938 440266 678757 412862 748527 925889 328787 408155 743531 696127 847771 409646 50269 693958 51724 483305 260553 687612 452332 1033142 612283 584713 390732 414393 552065 381847 340883 934080 695052 575368 986165 311824 592344 201803 414978 497401 330408 790363 835207 959136 932261 824866 485544 548393 764686 756656 743350 487548 246219 200834 400348 576174 246859 643694 921503 443607 886154 560876 924298 235829 409505 730076 444606 838024 392916 912456 469038 769038 809256 999801 947747 789255 418676 673086 532746 812938 459102 471726 202719
67995 67251 166520 674062 679996 752448 647712 436788 719082 1100565 417933 865414 360688 878508 757537 228705 822622 636431 733359 708360 848938 999999999 520262 922745 788320 306194 503900 541338 981172 786682 404146 765456 1106064 887126 264770 849410 1146363 803854 243551 1086194 873186 369728 269264 594053 1063609 297197 712815 511274 600441 315226 403769 773301 595678 538199 677063 908058 647958 527097 138651 864122 127778 736001 207470 833663 369638 398657 740538 817192 1179718 730708 800848 464695 276373 803312 258539 830104 932713 38078 473612 81417 638358 731501 911463 839538 586505 834521 75333 467301 895139 230878 875530 102557 836244 617496 317181 574277 668032 655904 722283 664892
496583 495556 675275 167663 538524 388892 409563 373933 489143 581267 476864 622690 493486 555462 467788 402396 320304 326431 282174 631028 440266 520262 999999999 465001 270809 322966 486180 145919 461092 412114 256880 475302 592124 458148 289321 467768 627583 555400 295089 566756 654316 496190 335707 471601 545780 273839 192876 191707 502788 272091 145015 586028 389636 169626 238878 388266 164592 173510 529354 512196 647261 531264 421222 326804 151444 325444 397310 429150 662774 482436 514627 306765 270759 299082 438085 555741 413928 550789 120973 577227 208872 601245 480538 324572 412017 314741 562435 423712 490361 399593 630403 621757 468360 518084 252952 132399 411661 153020 220520 354556
919812 877017 1049093 431226 498236 701766 804284 832297 865876 344187 939447 407414 958480 273574 812370 858604 442135 709212 191834 1048856 678757 922745 465001 999999999 271591 633884 604707 570975 341812 191806 528550 310039 488034 659073 658144 728162 460129 903805 679587 410466 450723 961113 794917 899659 424404 732398 332568 630897 535354 610284 526871 460750 805304 384746 556359 282956 300864 605822 969057 218523 1047950 425720 753691 194104 580317 562382 246684 162281 507239 850217 847501 759275 722166 432222 898659 342981 266034 943865 455229 956140 558988 1003137 65499 234159 453271 286015 940440 878781 121017 725824 407698 1014153 189789 945416 605872 358562 360378 315333 255004 725458
767169 758551 938607 170009 602900 430185 538071 595822 596049 312596 707633 596883 738070 483287 540901 667914 181580 443239 190486 784209 412862 788320 270809 271591 999999999 552287 632104 328480 204753 340969 457851 457355 356759 399310 541954 460644 374606 632227 553882 312113 638065 739046 599885 640628 299648 539767 81750 389035 603633 510138 391324 607881 544265 301796 287539 122827 164082 362640 799460 426277 915879 557677 665667 79546 418887 516895 365699 335602 415490 579710 575958 519067 540199 167241 699051 523778 144645 817276 330466 840722 295086 735429 318250 56142 504467 53684 825507 637046 356198 640536 601024 888733 381280 685234 496298 239985 447955 139533 91637 457120
326441 250000 415618 489965 394691 677473 637904 488998 721269 859109 539988 566611 513912 572439 727922 358063 641392 583400 452291 794664 748527 306194 322966 633884 552287 999999999 245624 421614 756472 484022 105377 459699 901178 772978 81642 767496 926419 801668 108662 864030 578916 521273 331137 643199 848832 295277 490826 427914 321728 53587 178068 481887 597347 260972 548735 674961 392433 428193 396542 558337 423132 439204 120068 578529 202500 94812 435862 515486 965920 723315 776222 465890 261806 619870 409283 526412 693844 319281 223236 324968 512909 790825 615080 595197 286365 604390 309405 539300 594019 92465 576610 386298 531801 682589 76082 314341 362496 412756 470465 614952
543672 437462 554335 633322 184599 872325 860085 730253 943786 902824 785509 383868 758957 440496 939417 601847 769666 793616 469980 1034502 925889 503900 486180 604707 632104 245624 999999999 617262 829520 417244 238081 332404 987052 940756 327098 953860 993895 1020103 354218 932544 381864 766449 576720 879612 926975 538533 596831 639251 103652 285247 365331 281202 824608 343485 724988 744579 472621 632959 620041 451227 594745 257292 298232 627031 418024 174980 360772 450066 1038431 942755 987629 699533 505804 748298 652891 370202 753948 502286 365233 488662 694575 1025925 562751 658082 151839 685297 475742 781611 522412 279178 393844 554077 444395 920906 305785 408761 249334 506565 540524 824405
500774 534483 706316 164172 682801 257310 263944 267388 343230 610049 379203 767327 412326 694466 324809 367205 290893 181249 404851 491663 328787 541338 145919 570975 328480 421614 617262 999999999 477238 547854 380386 619234 577963 357990 365176 345883 628642 410657 359474 573109 799629 412655 299888 334795 544592 249963 248803 60823 643307 368027 254328 731925 247247 315453 137092 422607 286049 34915 512054 648184 661059 677172 496472 401986 220023 447658 538399 561351 655833 336819 372426 191047 265382 274297 388017 699405 453234 576748 258709 611173 98325 457871 597587 384200 555337 355153 598077 310018 615531 480494 774847 643321 603054 381375 345703 274906 557555 260001 315971 210328
954461 955791 1135804 316609 780060 472407 618494 732154 654342 135828 844729 736262 885815 607627 583395 839842 204364 531950 365885 858546 408155 981172 461092 341812 204753 756472 829520 477238 999999999 487649 662601 613193 159788 372382 742599 459703 169963 664909 752625 107565 779429 885197 771476 736954 97570 715063 270080 532437 791628 713259 591844 768838 640852 506027 383039 84975 368342 506872 979160 549887 1107822 723636 868604 205821 612398 721206 527080 470719 211028 633417 604804 654889 721040 212690 864453 666199 81312 1011879 533873 1037732 408643 799356 406019 171445 694288 152084 1022777 764622 458729 843906 738206 1082828 511529 776627 698557 444731 625513 343933 292721 534176
794933 733719 896797 451170 307956 738836 806527 783179 879400 522170 880268 256118 886228 149576 840351 763712 521305 714901 157893 1039471 743531 786682 412114 191806 340969 484022 417244 547854 487649 999999999 382567 126152 645160 736103 525202 787665 630558 932580 550651 574814 297830 890471 706908 881582 580894 646329 362329 601306 343799 472146 420104 281906 794922 273657 579787 410925 264924 580088 853765 100366 906860 240101 600101 290432 484308 400740 56478 33343 677623 868026 882005 718602 628317 505025 809381 183251 406354 802690 353910 808667 569378 1004251 145531 333623 265443 380448 793182 834201 111172 572264 260075 870313 56625 928200 473509 281168 169574 298171 271858 737699
415634 351982 520705 416630 342308 636801 622660 506124 706273 760130 575574 491497 560912 480990 701432 414728 563516 555597 347464 805825 696127 404146 256880 528550 457851 105377 238081 380386 662601 382567 999999999 371040 811483 715024 146413 721042 832377 782094 174264 769868 509622 567246 372871 648282 756832 323369 402731 401195 282407 91437 127260 418502 588550 159336 494329 579615 294996 395038 479668 461777 524888 370004 225386 478231 182968 68598 336911 413302 873228 704865 749678 467518 294506 541816 464997 443280 596700 420558 140376 428986 461793 792907 510718 497620 218763 510908 413341 558788 491514 197651 501165 489089 432348 691107 98901 217873 276460 319281 372535 586454
784357 706379 855892 547064 190906 832494 882791 830984 959834 647164 919142 149104 915989 114041 928202 779752 634268 795018 267547 1105553 847771 765456 475302 310039 457355 459699 332404 619234 613193 126152 371040 999999999 771107 844621 517214 889318 756544 1019358 545294 700961 185617 921273 730111 945521 706882 673275 466757 666830 242671 462032 444250 155802 864917 312969 671858 535306 353458 648625 850418 119520 877875 115728 565468 413462 512208 366944 92042 149217 803642 950709 972086 773502 650039 616617 828495 80571 531882 775814 389455 774894 656184 1076458 253606 455748 190363 500449 760002 883553 203362 538821 156023 839157 123554 991736 469407 344333 97549 390700 379471 820380
1073203 1086576 1265453 432003 939752 500106 660726 810725 677530 174281 920242 890267 969056 759309 599882 945092 287106 586937 525565 883932 409646 1106064 592124 488034 356759 901178 987052 577963 159788 645160 811483 771107 999999999 362670 880010 456130 76735 667773 887158 82627 933603 967116 877838 784464 64372 825997 410354 625849 951139 855354 730604 926895 693656 657891 459651 243534 520494 602495 1089678 702262 1230634 882480 1009443 365575 742609 872494 686059 626649 80873 654548 609089 736257 836827 304622 963364 821406 240268 1138732 677993 1167660 493125 819055 553432 329962 853518 303082 1153165 835132 608026 985879 891673 1208532 665947 818565 839037 594636 785285 492515 447480 580605
838477 887637 1053612 310962 963167 156326 318004 507415 319068 490694 605389 989546 664047 881509 239970 684759 218504 268978 579472 523755 50269 887126 458148 659073 399310 772978 940756 357990 372382 736103 715024 844621 362670 999999999 722047 93493 437224 305285 717371 409088 1029211 660034 625374 440926 370992 589929 378057 376520 943554 719806 597436 986740 361038 602575 224413 387501 498907 363578 833037 825017 999461 933448 854133 468056 575322 783592 752868 733688 439658 295565 246419 444706 612574 232161 687912 916389 414527 924018 577356 961298 261387 457625 713015 425621 846193 373519 949087 517376 754488 837391 994513 986838 779558 468919 698272 540819 815368 460417 465724 250567
270060 221264 399363 456029 470255 616355 565198 408561 647965 853702 458420 633697 433472 627402 659217 279269 608995 516550 469525 714400 693958 264770 289321 658144 541954 81642 327098 365176 742599 525202 146413 517214 880010 722047 999999999 708984 911525 729679 29174 849742 649003 440682 249631 564417 831316 214363 472831 363059 399943 55197 150806 554183 522640 274021 498084 664349 391059 366792 333278 607381 389975 508832 133372 578768 147257 166867 481766 554867 948674 651289 707246 389014 180601 587973 330464 588362 686195 286239 214844 302690 460662 712274 646995 589581 355486 591714 287102 458397 632229 115367 643535 357219 576553 602993 52436 314708 421906 404336 467795 548100
796246 856630 1015520 343289 993457 96969 241139 446097 229725 581708 536085 1036739 598014 935694 150291 636595 287046 214213 629781 432141 51724 849410 467768 728162 460644 767496 953860 345883 459703 787665 721042 889318 456130 93493 708984 999999999 530707 211813 700624 501746 1074900 593176 582092 360016 463704 554429 425354 349110 966625 713909 597726 1025145 289269 625349 229674 466380 537122 342359 783021 880599 955720 970916 837951 534522 565619 789331 798748 788616 532828 206034 152984 391820 580668 295941 633680 964089 495167 887040 588738 926439 259439 365284 778533 494144 871813 442695 915195 448671 816473 823773 1042391 946471 834467 383964 691565 567728 850977 499161 515886 188650
1116996 1123077 1302858 474948 932537 570527 729334 870558 749659 121306 981370 867084 1027826 733693 672696 995287 339678 652247 525575 956302 483305 1146363 627583 460129 374606 926419 993895 628642 169963 630558 832377 756544 76735 437224 911525 530707 999999999 742509 920835 62510 910458 1026324 927373 852453 84063 873276 438694 679692 950418 882989 760911 911893 760084 675308 517801 253098 537783 655354 1137708 678082 1272301 870344 1038238 366874 779014 890424 675654 608871 47234 726906 683494 794895 881739 354644 1016302 800651 240093 1177852 703725 1204808 549100 892118 525386 337818 854809 322043 1189991 897493 581145 1013672 867652 1248433 645135 887832 868049 614511 780141 513889 461419 647865
741607 827431 963005 483333 1093431 202412 164689 367449 85009 790816 420595 1168450 488087 1082120 92454 575956 476778 229434 777447 232522 260553 803854 555400 903805 632227 801668 1020103 410657 664909 932580 782094 1019358 667773 305285 729679 211813 742509 999999999 713501 712876 1203104 480995 539210 222714 674918 534417 579031 380941 1052890 750136 654982 1140277 211675 724785 353777 661148 669172 389275 708447 1030554 890763 1085413 844735 710632 604542 846406 933274 939379 743876 78402 60135 348708 567010 480136 556362 1098087 691669 841771 668886 884944 363828 163301 947469 674434 965969 625614 876517 345079 978783 837062 1175297 890445 984168 223270 727390 678312 965046 634511 668330 200874
244313 205161 384910 459876 499305 606864 548824 385511 631009 866285 431736 662672 405364 655035 645264 250453 612653 504114 489832 691283 687612 243551 295089 679587 553882 108662 354218 359474 752625 550651 174264 545294 887158 717371 29174 700624 920835 713501 999999999 859378 678133 412676 222833 543088 839867 191113 482546 352636 428630 83728 163272 583356 504902 294863 494357 675703 406754 358363 305616 634105 370180 537961 137370 593872 147088 195937 508163 579902 957100 635211 693035 369870 156905 591915 301673 616904 698455 267466 231074 287283 456376 691021 670262 602827 384629 602642 271919 434551 656880 124555 672497 338959 602569 580755 77276 331684 450313 417750 482554 535556
1057868 1062040 1241937 416730 874499 532638 688010 820018 713832 93861 931631 815502 976219 683245 638561 938773 287338 607332 465118 920344 452332 1086194 566756 410466 312113 864030 932544 573109 107565 574814 769868 700961 82627 409088 849742 501746 62510 712876 859378 999999999 858892 975033 870646 809928 38120 815663 376963 625690 890577 820780 699050 856637 715967 612829 467354 190646 475284 600877 1080111 626803 1212439 813943 976091 305757 718194 827959 618414 554417 105929 691609 653136 743650 823214 300612 961121 747818 178612 1117370 641430 1143869 496958 857745 475964 275677 794441 259640 1128992 848956 531170 951441 816498 1188111 592129 846918 805979 552004 721347 451436 398998 605181
903313 809005 936024 732661 197303 1017739 1063573 997934 1141838 794817 1079241 43393 1069359 177943 1112336 924194 817103 977391 450343 1281043 1033142 873186 654316 450723 638065 578916 381864 799629 779429 297830 509622 185617 933603 1029211 649003 1074900 910458 1203104 678133 858892 999999999 1075382 881397 1120653 869288 828593 651750 844588 278537 595052 604650 100908 1043283 487224 857074 706131 538956 827747 975244 232377 972993 140172 665997 587536 672494 484568 276537 309520 957642 1133442 1156635 945150 802013 800006 974593 114603 698724 876538 558626 867080 840621 1254956 386092 631078 293546 678276 853461 1050946 330048 642402 43757 932628 267926 1166423 607357 525657 246120 576296 563552 1003424
301742 416310 507753 576746 907286 504778 354906 156580 402599 1019812 60416 1054287 9040 1020602 463617 167351 687712 392242 776729 342499 612283 369728 496190 961113 739046 521273 766449 412655 885197 890471 567246 921273 967116 660034 440682 593176 1026324 480995 412676 975033 1075382 999999999 194385 258281 943338 248041 657869 354102 839864 488995 477207 985732 304234 617918 508532 834873 660710 380314 245264 986750 426330 936594 497192 809032 409634 605523 862294 912799 1047556 420777 496643 231457 273369 674955 119261 999189 865726 403944 537636 448384 478113 375121 975277 795127 785994 767788 444728 144689 980437 504165 1063602 435195 946858 266794 472765 614568 834477 646927 711852 409609
214188 288223 434188 454885 713169 485311 379880 178482 454202 900874 208903 860947 188069 831978 488773 68441 590744 368252 605386 477574 584713 269264 335707 794917 599885 331137 576720 299888 771476 706908 372871 730111 877838 625374 249631 582092 927373 539210 222833 870646 881397 194385 999999999 340907 843325 62523 518538 256717 646705 295680 288152 791368 328675 433258 427298 709000 495221 277361 212709 800897 374426 742390 326788 661554 222600 412266 675146 731208 955497 464237 532774 195544 80075 573816 103867 807186 737634 307287 353141 348800 389961 486388 802126 655405 591611 637271 339179 220776 802049 327769 870346 364441 762729 372571 278762 439048 641658 488456 556208 396133
529224 624938 748311 471413 982949 287374 124177 162448 146379 871970 197887 1091292 265408 1026744 215977 365605 532754 205179 739492 160403 390732 594053 471601 899659 640628 643199 879612 334795 736954 881582 648282 945521 784464 440926 564417 360016 852453 222714 543088 809928 1120653 258281 340907 999999999 774287 352818 568558 280415 929986 596366 527808 1044600 97219 633825 360052 707352 620844 301675 489802 981944 672906 990885 663612 719135 465487 705203 868908 895921 864954 166697 242206 180765 387153 526788 339616 1026090 739480 631401 562936 675463 345849 147933 930330 692737 854439 652679 668411 127041 950047 660830 1099398 675322 937171 46624 574778 603984 874940 593987 646033 204786
1033543 1041318 1220896 391291 876375 495686 651968 787843 676586 128105 899028 825960 944723 695182 601033 911227 256055 572421 463153 883176 414393 1063609 545780 424404 299648 848832 926975 544592 97570 580894 756832 706882 64372 370992 831316 463704 84063 674918 839867 38120 869288 943338 843325 774287 999999999 789343 358971 595844 888999 804305 681027 862679 680817 601443 434985 182406 463722 571418 1053754 638054 1189279 818475 959176 303026 697089 816525 622141 562281 117379 654270 615217 711882 798058 270685 932303 757041 176781 1095393 625685 1122889 465690 820313 489719 268958 791791 246152 1108161 815709 544112 935015 827404 1165802 601598 810820 788779 539200 722159 437573 389107 569501
251549 302717 463691 399016 665544 457563 370859 194420 450147 843091 252206 806695 242720 773447 474951 128619 539140 343894 542963 500249 552065 297197 273839 732398 539767 295277 538533 249963 715063 646329 323369 673275 825997 589929 214363 554429 873276 534417 191113 815663 828593 248041 62523 352818 789343 999999999 458739 214469 602230 253632 229484 740621 322959 372740 382605 650622 432732 231764 264462 741116 412532 690508 312576 600192 162544 368866 615825 670143 902729 457167 521069 185813 34353 521398 166312 751154 678785 334178 292422 372377 344308 500664 739893 595032 541577 578385 360854 244058 740418 308285 815946 397391 702349 389744 234353 376789 586652 426352 494225 373749
689227 685903 865976 98735 591371 380214 471816 516093 535341 388428 627427 612667 656775 510723 486674 586669 176123 376782 204437 716335 381847 712815 192876 332568 81750 490826 596831 248803 270080 362329 402731 466757 410354 378057 472831 425354 438694 579031 482546 376963 651750 657869 518538 568558 358971 458739 999999999 309591 581196 445460 322251 609337 473364 255288 226350 195391 126967 283351 719500 456350 839997 556526 600208 153309 343296 465954 375222 364352 476333 520799 525419 439821 460111 155858 617393 539705 221425 742797 267647 767919 226456 670904 370025 137825 481818 121866 752904 558474 399755 576140 617991 813988 410017 613928 429809 189871 440058 90526 90867 393947
465379 511423 677603 223128 718468 254370 224148 206800 306845 666346 318955 813768 354179 746355 301452 321761 340175 155888 461866 439403 340883 511274 191707 630897 389035 427914 639251 60823 532437 601306 401195 666830 625849 376520 363059 349110 679692 380941 352636 625690 844588 354102 256717 280415 595844 214469 309591 999999999 673751 374949 274042 772893 198728 357599 170636 480817 342468 26461 469209 701652 626574 718468 489662 462800 226467 466017 588774 616238 704844 304042 349839 130234 236057 325252 337519 747321 511779 547882 292709 584802 133820 410372 656200 444635 589984 414501 572568 249235 672573 476665 821614 611843 657043 327003 352142 323892 600250 318360 375964 187327
635985 534907 657487 632635 81277 891428 897681 788278 980595 851806 853488 280364 832865 344735 968115 679074 757177 823772 425889 1088040 934080 600441 502788 535354 603633 321728 103652 643307 791628 343799 282407 242671 951139 943554 399943 966625 950418 1052890 428630 890577 278537 839864 646705 929986 888999 602230 581196 673751 999999999 351038 403383 177725 866803 341737 737130 707666 454240 663663 710759 362061 695776 155276 393140 586000 464558 234442 288765 374999 996246 977175 1015652 749278 571377 736525 730300 270537 712916 601206 384646 589712 710480 1073611 486983 621525 99546 655075 576403 840794 441754 371528 290311 655244 361886 973189 368469 402780 175437 491254 512894 853493
324307 266733 440992 439608 418941 623962 586803 445080 670345 819655 503077 579094 482110 572370 675435 330657 591716 530614 423878 749824 695052 315226 272091 610284 510138 53587 285247 368027 713259 472146 91437 462032 855354 719806 55197 713909 882989 750136 83728 820780 595052 488995 295680 596366 804305 253632 445460 374949 351038 999999999 127190 501062 547286 228853 495485 632963 353702 374806 388418 552982 438304 454905 155538 541266 149084 116596 427722 502270 921606 671854 723775 417596 221500 570299 381628 533230 653157 333982 179678 346323 459506 743535 596572 555219 301753 561396 330620 496363 580032 130716 588899 403911 522841 636772 22828 275922 366725 370920 431474 562143
393939 368433 548098 312429 455369 511467 496251 394184 579725 703409 475758 580418 472094 544059 574194 343608 464562 428348 335159 686989 575368 403769 145015 526871 391324 178068 365331 254328 591844 420104 127260 444250 730604 597436 150806 597726 760911 654982 163272 699050 604650 477207 288152 527808 681027 229484 322251 274042 403383 127190 999999999 521426 463640 147713 374079 513599 244238 267866 442527 512918 531339 469192 278936 430793 68150 193494 387006 445731 798405 577906 622455 347659 208712 443170 389635 522737 535723 429828 71656 450549 339697 670395 524779 439663 327182 440911 435167 447272 518984 256063 589429 501449 475453 571824 108875 171242 359994 254508 319414 459237
804728 708795 835192 681950 96615 961592 994988 915585 1075151 801385 992443 106997 979413 209941 1050976 831448 781201 912135 417415 1204846 986165 773301 586028 460750 607881 481887 281202 731925 768838 281906 418502 155802 926895 986740 554183 1025145 911893 1140277 583356 856637 100908 985732 791368 1044600 862679 740621 609337 772893 177725 501062 521426 999999999 971261 416503 801535 690382 488785 757955 877445 249738 872212 54871 565942 568007 588353 388279 243600 303294 959035 1068308 1096579 866638 712730 762638 882207 127263 687535 776099 481938 766266 781607 1182350 400426 609696 199880 652981 752695 968673 346297 542712 116306 831817 270987 1089759 514669 462936 175511 527153 525687 939528
535341 616646 757386 375607 914822 204735 53118 164517 127188 776146 246816 1012236 309359 941712 164933 369926 436512 108999 649387 245448 311824 595678 389636 805304 544265 597347 824608 247247 640852 794922 588550 864917 693656 361038 522640 289269 760084 211675 504902 715967 1043283 304234 328675 97219 680817 322959 473364 198728 866803 547286 463640 971261 999999999 556324 262838 610187 531840 216379 509208 895205 688870 916933 634228 623034 406595 649681 785372 807727 774419 135585 205611 137150 355843 430040 356701 945317 642316 633729 490035 676296 249223 211687 837731 595986 786116 555558 667292 159563 859332 627523 1020004 685515 849898 140971 524834 521081 798945 503224 552784 113643
535864 494427 669844 292223 370699 552893 578591 518807 658661 600881 610598 457490 613427 404216 636537 490766 426298 496017 195547 794140 592344 538199 169626 384746 301796 260972 343485 315453 506027 273657 159336 312969 657891 602575 274021 625349 675308 724785 294863 612829 487224 617918 433258 633825 601443 372740 255288 357599 341737 228853 147713 416503 556324 999999999 396268 422221 137738 341702 588418 368838 663980 361792 379970 318895 210663 215179 244941 298368 717026 652061 682941 460554 354861 404879 535888 393402 438184 560231 80375 574840 371485 767924 378310 339060 246580 355351 559149 571132 371272 352953 465666 631041 329609 679806 222111 65572 242736 166617 214167 523911
634153 671513 842559 129563 765676 160668 251158 352859 309567 518865 464277 820689 510113 729353 261327 492302 180465 157129 423861 497583 201803 677063 238878 556359 287539 548735 724988 137092 383039 579787 494329 671858 459651 224413 498084 229674 517801 353777 494357 467354 857074 508532 427298 360052 434985 382605 226350 170636 737130 495485 374079 801535 262838 396268 999999999 347482 318735 150882 639843 677137 795081 746908 630602 367084 351111 562884 583534 585764 539675 294520 302219 277145 400700 170356 506124 749152 379606 712859 359760 747857 38830 447891 596252 336386 642847 293634 734887 382218 625620 613356 827037 778654 630718 402782 473887 340364 626362 282626 314737 169586
884450 879968 1060079 258511 698007 461383 594299 685395 639812 193208 798270 663308 834773 538020 574443 777413 184531 502993 282440 839144 414978 908058 388266 282956 122827 674961 744579 422607 84975 410925 579615 535306 243534 387501 664349 466380 253098 661148 675703 190646 706131 834873 709000 707352 182406 650622 195391 480817 707666 632963 513599 690382 610187 422221 347482 999999999 284780 454560 913171 479888 1035326 643859 788489 123247 538441 637325 447392 396612 295477 620529 601841 607769 653925 183995 805204 592024 32129 937739 453293 962094 366724 783899 343921 86574 609985 73547 946964 721879 393426 763360 665875 1009037 439240 749433 619033 361856 543038 262278 208363 510071
