NAME : synthetic_000006
TYPE : CTSP-D
DIMENSION : 100
GROUPS : 8
RELAXATION_LEVEL : 1
EDGE_WEIGHT_TYPE : EXPLICIT
EDGE_WEIGHT_FORMAT : FULL_MATRIX
EDGE_WEIGHT_SECTION
999999999 491303 422308 293639 208082 483156 450521 409721 643276 322766 779372 882628 129115 428139 287117 544706 391197 270924 647518 253947 399215 349916 413969 378389 907812 582604 282749 912657 27839 322473 517004 720029 196434 743412 80943 458293 781117 680080 284818 855556 347143 854739 412783 872224 384844 891944 291514 220719 486439 165345 706554 856387 323437 859057 187884 796397 645946 498709 534854 468427 520439 704008 932163 711682 388678 159761 798576 546000 514033 456270 62330 271758 516818 990568 633515 483374 183674 380555 720016 403622 891306 290076 664180 485260 135963 452267 354651 733716 49512 329039 192499 742889 74077 404029 287106 430542 388868 85202 526791 515250
491303 999999999 347130 199386 327904 647122 560325 356347 661862 427196 338173 397537 530372 610378 415875 63570 437749 750704 205246 729476 124374 222983 401369 824527 853168 268251 560428 466714 517241 175612 753441 385499 636720 458215 482298 641993 575987 195297 620993 415692 724052 791828 753093 398932 108896 816123 451432 271033 640324 340813 388180 405649 408939 472554 342099 538447 188665 70645 622284 218743 435696 667328 856098 290799 280707 571786 626187 614392 269998 233062 553505 224514 579687 518832 421489 497412 651069 138448 242611 818558 411021 373455 205977 702509 358644 784914 310217 275247 540692 324961 371331 254552 439846 829040 746699 94553 158166 576499 392666 501833
422308 347130 999999999 272638 225926 811050 743266 584998 900613 586052 678054 691145 532636 760233 159044 350430 632583 679979 550504 667633 234539 435194 58391 799439 1133550 598818 647461 799176 448245 332047 884707 728125 618101 793879 471043 794489 895918 440214 678950 752953 760358 1072917 817417 713184 322879 1103151 584414 314483 809069 279022 727964 738161 125154 819310 412198 870996 530665 409509 824109 512716 696974 930993 1144720 636868 72338 572244 938429 825006 574050 124547 466509 260097 789321 827827 733384 150487 604269 371838 452886 825409 713993 136274 383294 841395 317174 856068 516462 610767 461524 95114 229993 500842 424487 826320 706911 255309 404811 486681 669751 739074
293639 199386 272638 999999999 140335 552836 478379 312403 628472 323050 514443 595688 349118 505584 262495 251069 363004 558441 377929 538472 113304 164720 307252 644019 861973 364736 416258 647611 320240 65211 639879 504856 453477 555574 294705 539719 640062 386523 464973 592802 562031 801625 603876 592202 99930 832645 329800 78687 549331 142472 498753 588101 271005 623569 173625 626565 370091 220326 556344 260346 425638 658581 874323 454225 203264 391803 677403 555668 321186 223690 355489 27640 519755 712056 476739 408678 461378 123047 427499 647838 607376 224839 374789 592648 159467 639619 243875 459590 343150 200639 185126 449256 248806 655348 560825 140496 150202 378621 401724 466509
208082 327904 225926 140335 999999999 596537 536542 410231 709191 380998 653516 724800 308013 543827 141285 369442 436998 477522 516847 461591 213769 282932 233973 585331 958188 501457 423456 786213 235677 199968 662524 642494 398671 688758 246438 577742 762974 499279 453035 731955 535558 899562 591550 726219 238829 933099 371545 121192 595833 53283 635174 726239 163543 763682 199044 756541 507487 358698 620498 392643 528944 751351 974787 594315 182185 348604 795247 624588 451476 248374 262161 112804 590018 846215 601226 324456 391451 261829 533094 604964 738919 116218 471827 621012 91313 630157 340595 596839 253599 131012 44832 563885 199118 607632 494879 247582 285818 284697 514441 554689
483156 647122 811050 552836 596537 999999999 90261 296994 205755 230312 737367 906889 361958 55082 728810 709197 209861 493149 659755 470598 648124 427589 829261 436200 460510 507591 203285 841078 476664 513229 121851 577000 378603 538406 402489 28840 481381 821639 235877 788594 282584 419732 236642 863387 564136 458787 226643 496968 12267 545541 553793 806753 757564 719065 399581 541194 678223 598396 92787 454310 281466 287497 493503 668311 748923 352546 462358 115277 439321 776140 498472 556774 118620 955327 420370 920738 429742 515564 874228 373783 897416 711932 851228 74183 510977 238418 337223 733533 487875 721435 614649 863965 429448 396611 434475 659673 489980 501453 331498 205442
450521 560325 743266 478379 536542 90261 999999999 207470 194751 157255 649539 817569 341501 79852 673478 621843 122779 510419 569661 486185 568229 343535 765785 477400 460832 418469 193841 756108 449075 433997 209837 494026 383259 462001 370123 96320 421698 732339 249427 702754 323185 411503 294963 775017 481281 449992 167248 429162 81419 487909 471247 720001 699695 638587 337499 473550 587990 509773 85518 364304 197216 264837 488475 579857 678441 342928 412292 95557 349312 699897 476442 485096 70145 868914 340738 860501 432845 431266 785016 423872 808651 652754 763415 159240 455977 306135 251995 644055 464092 656633 559460 774023 388188 445301 458388 577676 404315 483496 245114 127682
409721 356347 584998 312403 410231 296994 207470 999999999 318952 122279 465673 622844 352093 269196 551234 416566 90315 574794 369893 549635 381845 153275 618172 591063 551019 231966 280050 584799 421222 255183 411853 342112 438836 343739 345046 296970 371866 524869 351820 528373 452693 491324 454228 586392 288680 523816 165035 289510 288803 373127 323251 540743 569402 490477 233870 388666 385694 302807 266031 157984 119058 346350 565557 393488 514904 377156 393676 259084 155468 520383 458207 327494 223859 689302 226360 718561 477329 235718 577556 557766 617445 521183 557189 360178 352826 477277 70043 449520 443349 509463 444998 567139 335743 575020 541344 385294 205226 474034 117092 155452
643276 661862 900613 628472 709191 205755 194751 318952 999999999 331887 651241 831734 536250 245650 849433 717057 272196 694681 609528 671335 700386 472226 930036 641848 266085 449274 385968 731260 643010 573677 295264 468152 573087 405374 563468 233555 309395 804959 433651 685706 488322 218210 439742 778088 606283 257113 353985 593686 195131 664241 444489 709483 872432 591732 513124 382723 633877 599191 118272 444439 227029 83243 294520 591300 831719 536628 275531 100689 403793 839317 671027 640840 126481 851657 311725 1028446 623554 552820 857370 578123 815418 824494 850657 266100 635611 435970 384984 666462 658533 820419 737093 834023 578319 601190 638078 702103 520952 678247 274947 163637
322766 427196 586052 323050 380998 230312 157255 122279 331887 999999999 584185 734885 241707 186150 519605 490503 68658 456308 480112 431060 418273 204251 608790 468815 590782 352047 158679 705743 328305 283351 327237 464088 320123 460825 248150 219478 469611 611870 230198 648969 332406 535492 340496 702240 336913 571855 43320 271913 226374 333859 444828 660197 544497 612587 182517 498164 492633 387228 239760 263762 206064 384495 612667 511693 521624 261244 480327 243672 274672 545992 361997 328458 209488 808069 339527 704166 361381 291083 663300 436993 731770 497144 633131 277074 304008 367253 122235 563073 347845 499512 406313 660587 252503 453693 420193 431110 269151 374581 226979 192548
779372 338173 678054 514443 653516 737367 649539 465673 651241 584185 999999999 181968 776789 723751 753317 328164 552434 1008322 136678 984305 462361 434917 734555 1047994 739492 234172 742644 133779 801394 464375 858897 189336 878024 272645 745380 745731 415947 288231 813665 78453 916580 684860 919681 127462 414822 694158 624161 567402 726621 654036 211325 77836 747112 162721 598477 342602 149508 294875 672715 327471 457589 614323 726018 72536 615834 811844 477219 655127 310254 556251 840317 542016 630480 223884 339517 825927 906409 402143 320375 1020937 164206 711027 363299 808753 661424 941456 471727 69710 825877 663116 698246 268494 713748 1037040 987157 432458 390547 861692 406208 536989
882628 397537 691145 595688 724800 906889 817569 622844 831734 734885 181968 999999999 901912 888610 798395 358535 712422 1130828 254867 1107996 514015 560100 749536 1186010 917946 399327 890547 176878 907309 560214 1027379 371055 1006847 452400 862171 912906 594142 251598 959657 178890 1064133 864498 1074963 66560 498765 872147 771813 662421 896654 737896 393256 147463 783852 307983 715170 517732 245383 384650 847380 471178 631083 796244 902573 241643 641374 940290 655353 830783 469688 567032 944915 621569 804367 140557 520284 828000 1029103 504546 252269 1166416 33624 756303 317840 976426 753556 1099669 615672 173719 931381 701276 767567 196315 824436 1180722 1117545 480333 503710 967490 578800 711019
129115 530372 532636 349118 308013 361958 341501 352093 536250 241707 776789 901912 999999999 307626 409831 590172 308392 231543 653610 207568 462212 343662 531717 295398 802333 559318 158785 906750 116577 354799 388285 687372 106387 695786 61617 335700 711292 725375 155924 849059 227726 752347 287722 882109 421680 790531 201660 270493 366519 256491 670612 854619 444722 833110 188959 738272 657726 520400 422652 451065 447770 603563 829551 705608 489020 42777 720337 436408 484175 546405 136698 334851 410697 996589 577499 607439 129798 400861 770493 301208 905869 406891 722164 358097 218938 327049 314431 740743 125934 437582 305284 784678 109320 307058 216884 489201 398285 142033 465661 425956
428139 610378 760233 505584 543827 55082 79852 269196 245650 186150 723751 888610 307626 999999999 674981 673191 179082 449031 637849 425732 604006 388449 777079 403724 506957 490901 149342 833047 421906 469173 143704 572376 329522 541807 347437 34305 498972 789881 188346 779074 248874 463112 215618 848200 522891 502156 176572 446937 58909 492417 549806 795438 704159 717669 348132 552769 654580 565375 127477 427031 275858 324086 538333 653199 699241 299803 486213 147176 418955 729254 444270 508121 136925 944554 420273 867676 380466 476084 842084 346890 881040 658848 815738 92277 457422 226330 300496 714890 433464 669780 560934 834865 374505 368822 392924 617257 452333 447793 322177 207489
287117 415875 159044 262495 141285 728810 673478 551234 849433 519605 753317 798395 409831 674981 999999999 441183 577371 529500 618113 519218 291554 419270 131710 655335 1099450 626397 545226 882586 310124 327262 785709 765406 482354 818053 350345 708332 899469 555299 563851 831237 633895 1040847 697423 809986 349811 1074354 506915 261770 729007 185777 760315 821496 37701 877225 337091 888781 604018 462398 758164 522685 669751 892565 1116048 700722 166979 445365 933710 763211 583184 250194 321505 237934 729058 928690 736734 197719 461647 384547 578257 688313 817061 42490 510557 747290 218095 736810 481444 691114 319093 98544 114273 619327 309291 686779 562060 323159 412691 339605 653737 695849
544706 63570 350430 251069 369442 709197 621843 416566 717057 490503 328164 358535 590172 673191 441183 999999999 499528 807658 206780 786937 156269 286375 407533 885003 899080 304307 623820 449210 571239 235774 816418 406603 696349 485430 540441 704591 611218 135916 683963 402535 786756 837994 816491 369230 168936 860604 514995 326389 702187 388776 412772 388058 429135 475440 402799 566890 183540 117931 681970 272619 490131 718332 899880 292889 291044 631948 664191 673329 318593 228088 606531 273988 639004 487544 462750 497767 708921 201955 180631 880535 376021 398848 142650 765386 410078 848421 372787 260381 594217 345449 411013 198189 496762 890649 805845 122371 221362 629676 444862 558907
391197 437749 632583 363004 436998 209861 122779 90315 272196 68658 552434 712422 308392 179082 577371 499528 999999999 516571 460021 491333 447692 221200 659445 517134 526157 318267 205111 668152 396962 314520 322191 416757 380908 404476 316796 207675 403522 612357 276133 612497 372600 469819 367784 674662 359222 505632 106797 322189 202659 392521 396025 626396 600251 565245 241991 436128 476007 388645 193897 247957 141254 319128 546714 480714 565462 325060 412311 192700 243443 581669 430577 372581 156851 775398 281296 757007 424449 308712 664821 477953 706336 552346 641416 270512 365103 389061 129409 538886 416463 549762 465487 656176 320364 496463 476252 455886 281537 442919 169925 124681
270924 750704 679979 558441 477522 493149 510419 574794 694681 456308 1008322 1130828 231543 449031 529500 807658 516571 999999999 884397 25260 667674 574678 661194 141646 953650 789665 320265 1138227 243090 576139 459625 914810 136192 917034 269309 464342 916813 943574 261674 1080537 226625 911842 300304 1112777 642026 950913 413195 481394 502195 436260 897090 1086154 567191 1061751 415661 952691 887650 747315 576464 682445 657640 772156 986412 937146 654884 198786 917237 595503 713780 725809 215895 538932 579323 1227802 795733 711452 102053 627158 985845 203914 1135806 543879 932406 454711 405491 331178 543849 971578 223930 590808 455773 1004921 310964 190400 66108 697934 627346 194237 683194 620050
647518 205246 550504 377929 516847 659755 569661 369893 609528 480112 136678 254867 653610 637849 618113 206780 460021 884397 999999999 860915 328299 309966 605755 933276 745516 160389 635727 269704 670395 329266 778656 211023 757153 296776 618139 663657 434770 215995 705030 215128 809414 686532 820376 228515 278208 703102 516959 432735 650113 518075 222695 210665 613210 269464 470524 377872 28780 158200 607655 216357 392984 589432 739497 86588 485586 690594 492934 593146 220498 431774 709040 405473 563817 344124 311347 700056 782352 267860 263232 911997 253941 575972 282192 727259 526628 845598 360877 87188 694828 529502 561570 228628 584010 926613 867417 299758 259427 730838 340656 472131
253947 729476 667633 538472 461591 470598 486185 549635 671335 431060 984305 1107996 207568 425732 519218 786937 491333 25260 860915 999999999 648466 551062 650733 141527 931082 765018 295477 1113982 226153 554551 440646 889802 110952 891798 247411 441766 891723 922837 237913 1056297 208622 888750 283556 1089360 620682 927812 387940 460983 479451 418937 872023 1062128 556911 1036832 392952 927448 864485 724876 553077 658151 632416 748419 963549 913020 640356 173965 892401 571911 689022 709958 201592 519547 555266 1204112 770476 704037 78924 604775 965595 196690 1112663 531877 912896 433946 387213 315932 519116 948081 208371 577370 441595 983870 290218 185707 54213 678348 604361 180952 657938 595138
399215 124374 234539 113304 213769 648124 568229 381845 700386 418273 462361 514015 462212 604006 291554 156269 447692 667674 328299 648466 999999999 229113 284786 756781 916589 364345 525306 591046 426571 134929 742161 494397 566107 559353 406960 637634 664033 285889 576640 540018 674736 855318 714829 520529 95609 883286 431354 191735 643414 237534 493647 529944 284945 592688 285339 636731 312881 177556 641003 283311 483257 719720 924413 412682 163851 504936 708793 637404 343579 140717 459772 129000 601487 640003 502727 384335 572229 148967 322050 761136 530113 249112 264992 693480 263252 749942 320001 399570 448434 201212 254812 350332 360270 768626 672662 33918 182109 482991 449344 536758
349916 222983 435194 164720 282932 427589 343535 153275 472226 204251 434917 560100 343662 388449 419270 286375 221200 574678 309966 551062 229113 999999999 471874 626330 698355 234107 342360 566677 369837 103251 530982 374125 447381 409859 310509 420673 480410 410532 407000 509124 511548 637750 534213 538478 138131 668310 229499 165023 421618 258265 363026 512682 432290 509659 164346 474616 314973 188231 412971 119533 261780 496555 709950 364965 364100 380795 514837 408619 172204 367118 409007 184160 372777 653132 318303 573389 472628 87976 461123 610710 562762 384825 428952 480317 250561 564594 91912 397084 394235 365190 323613 462510 280811 623582 557852 234980 65336 429505 237156 308683
413969 401369 58391 307252 233973 829261 765785 618172 930036 608790 734555 749536 531717 777079 131710 407533 659445 661194 605755 650733 284786 471874 999999999 786157 1168798 647441 656810 856602 438321 369901 896350 779165 610294 842600 470747 811118 940445 498577 682564 809878 758355 1108625 819011 771360 368526 1139858 603196 337573 828102 286708 778082 795517 94051 873921 429913 918617 586583 461666 848322 556870 732764 964465 1181546 691885 121196 569395 981094 850652 618474 182825 452061 290683 815342 886167 777303 101996 591857 414981 510707 817128 772351 124835 441085 854980 323878 858130 548652 667662 448874 109684 226632 559056 426338 816391 692971 308166 447273 470707 708476 770355
378389 824527 799439 644019 585331 436200 477400 591063 641848 468815 1047994 1186010 295398 403724 655335 885003 517134 141646 933276 141527 756781 626330 786157 999999999 887350 819206 312371 1172877 351648 649292 371805 932046 190734 920756 350106 408989 898296 1019781 241001 1115678 154852 852283 207805 1160723 716202 891048 426575 565332 447175 538497 912091 1125085 692900 1080707 482431 944883 940632 810025 527223 721148 652277 723641 923235 975574 766865 253172 889285 548663 741722 831963 334112 628529 540567 1271178 797080 843298 195185 692122 1065504 75886 1187198 664969 1017558 381374 503625 226955 576274 1019448 338045 707087 570479 1078212 397720 55250 93323 784343 685858 315800 686915 599969
907812 853168 1133550 861973 958188 460510 460832 551019 266085 590782 739492 917946 802333 506957 1099450 899080 526157 953650 745516 931082 916589 698355 1168798 887350 999999999 599248 651143 776891 908415 801539 519326 552865 836390 466918 828540 489331 323836 959116 695039 746574 738317 61428 679992 855027 821023 46690 616924 838916 451686 916683 533581 776045 1119440 625572 767599 401463 773542 784177 381918 638020 436576 207254 41504 698539 1062325 802219 262595 366317 583219 1057284 936933 878275 392036 896393 438789 1269483 887222 768082 1008281 818149 893809 1071198 1017538 506203 890832 667484 620938 777173 924322 1060393 989643 972931 841231 841620 894362 911550 734721 944320 467263 404011
582604 268251 598818 364736 501457 507591 418469 231966 449274 352047 234172 399327 559318 490901 626397 304307 318267 789665 160389 765018 364345 234107 647441 819206 599248 999999999 510722 353824 601183 301700 628305 141476 656155 195172 536124 514146 308021 362783 582201 296928 684170 538839 685591 357323 280495 559124 393132 392710 497328 486114 134017 308781 631180 276659 395069 272681 184715 197811 450019 114584 234060 432214 597588 162589 527529 591122 359926 434612 77505 495971 640293 390840 406507 457456 160480 748106 688817 241917 413778 788984 390305 587181 418399 577548 482869 707309 246079 226300 625356 552885 545084 385874 511619 805723 763168 347135 215653 659924 181515 313804
282749 560428 647461 416258 423456 203285 193841 280050 385968 158679 742644 890547 158785 149342 545226 623820 205111 320265 635727 295477 525306 342360 656810 312371 651143 510722 999999999 864372 274298 396382 240496 619842 189795 609470 203391 176920 597811 752140 71812 807638 174092 603986 192671 859749 459266 642726 118919 345696 208228 370315 599757 818808 577106 768513 243950 637836 646615 530531 269284 419784 342918 458612 680488 670124 593021 151406 596978 285280 433349 635569 295192 411744 263930 966515 486061 741630 239034 422037 801940 278344 888577 534347 764672 203769 332932 225529 274880 719852 284716 553678 433267 804870 237016 295070 273891 545216 406960 298452 375036 299966
912657 466714 799176 647611 786213 841078 756108 584799 731260 705743 133779 176878 906750 833047 882586 449210 668152 1138227 269704 1113982 591046 566677 856602 1172877 776891 353824 864372 999999999 934421 598130 962885 266109 1006648 328388 877127 852273 458297 382246 935938 57692 1037484 727968 1035739 114033 547820 730303 746955 701181 829754 787627 289874 61269 874677 151322 730726 377300 279458 427561 769041 455852 559707 682472 756868 201713 739928 940815 517630 749703 431324 675569 973409 675135 728800 121578 425893 944596 1036528 535921 400803 1142485 143852 840157 456657 914141 795203 1055175 597825 191476 958905 790553 830859 343736 846438 1159430 1114962 560016 523988 994640 511067 636548
27839 517241 448245 320240 235677 476664 449075 421222 643010 328305 801394 907309 116577 421906 310124 571239 396962 243090 670395 226153 426571 369837 438321 351648 908415 601183 274298 934421 999999999 347119 504294 737450 172244 758213 80526 450999 791408 706761 269852 877171 326209 856345 393807 895888 410264 893910 294507 246305 480608 193172 723384 878624 346892 877829 206186 809237 669494 523000 532469 487464 529343 706043 933770 733122 415859 141702 806918 544621 531279 483950 39174 298790 516583 1013902 646401 505168 156624 404211 747050 378809 915505 315058 691561 474674 163369 433250 369013 756865 24484 355460 218846 769384 89588 378503 259959 457726 411241 60456 538243 520033
322473 175612 332047 65211 199968 513229 433997 255183 573677 283351 464375 560214 354799 469173 327262 235774 314520 576139 329266 554551 134929 103251 369901 649292 801539 301700 396382 598130 347119 999999999 607932 442563 461126 491129 307166 502748 574949 370603 452274 542190 553548 740873 588053 550664 66915 771192 297517 103659 508603 190717 435594 539840 336214 565259 167031 561562 325074 176428 508342 195424 364981 599731 812793 400875 260851 396344 612761 505823 256067 267390 384728 89596 469828 669667 411593 471711 475949 63172 416381 645460 568949 289989 371781 558938 197379 621885 189254 413887 371168 264813 244019 430096 265987 655158 571093 149769 86131 407276 338619 410513
517004 753441 884707 639879 662524 121851 209837 411853 295264 327237 858897 1027379 388285 143704 785709 816418 322191 459625 778656 440646 742161 530982 896350 371805 519326 628305 240496 962885 504294 607932 999999999 698560 370440 657890 440618 115080 592185 933583 236067 910446 233276 489564 164624 984679 663878 527461 310899 575983 133142 609642 675279 928548 817557 839835 474555 656280 796243 709070 202748 569836 403314 378101 556819 789539 827316 365891 566967 225040 558656 863118 517736 639779 237129 1077161 541291 982078 419596 618243 985786 300037 1018449 774510 959027 51684 572665 148185 443952 853822 509967 791861 673672 978322 477085 323490 395057 757071 595294 515200 453260 326823
720029 385499 728125 504856 642494 577000 494026 342112 468152 464088 189336 371055 687372 572376 765406 406603 416757 914810 211023 889802 494397 374125 779165 932046 552865 141476 619842 266109 737450 442563 698560 999999999 779471 88238 669320 589605 231620 425113 691548 217796 789357 497012 780386 312787 416821 508211 507087 534135 565470 627580 23825 241421 768567 148671 532146 167524 239607 319008 503109 254900 296811 426338 541754 147145 658217 716178 292271 483633 206176 618406 776374 531312 463288 384637 159805 878428 815553 381810 469374 894708 351039 725545 493106 650590 623875 797119 373389 225028 761364 688671 686289 427276 647927 913148 883308 473148 356719 795282 251123 371751
196434 636720 618101 453477 398671 378603 383259 438836 573087 320123 878024 1006847 106387 329522 482354 696349 380908 136192 757153 110952 566107 447381 610294 190734 836390 656155 189795 1006648 172244 461126 370440 779471 999999999 780846 159384 350006 782422 831659 143016 949009 160465 791279 233995 985631 527985 830201 277034 374804 386151 350063 761488 955759 519131 926802 295296 816907 762168 626316 455172 550951 522113 647616 867170 806315 580840 66589 784791 472642 579733 643258 166898 437795 453162 1099105 659580 676798 51155 507003 876550 207325 1010126 486510 827491 353460 314278 272338 410076 844135 165349 524129 388110 891058 207173 208968 110815 593892 503603 156253 547034 487277
743412 458215 793879 555574 688758 538406 462001 343739 405374 460825 272645 452400 695786 541807 818053 485430 404476 917034 296776 891798 559353 409859 842600 920756 466918 195172 609470 328388 758213 491129 657890 88238 780846 999999999 685388 554560 144027 512070 680001 287884 772662 412318 755366 391249 475168 421768 504066 574407 526395 667966 74153 315083 824490 186498 557275 81711 325534 389121 456967 296185 269674 354089 454495 235313 722680 720425 205082 435870 237918 689172 796398 580722 420795 449813 123745 943270 820704 434082 557055 877250 429979 779695 578849 612588 659605 768131 389200 312850 781380 747247 731234 515468 669770 897008 879984 541204 405373 813737 234777 334881
80943 482298 471043 294705 246438 402489 370123 345046 563468 248150 745380 862171 61617 347437 350345 540441 316796 269309 618139 247411 406960 310509 470747 350106 828540 536124 203391 877127 80526 307166 440618 669320 159384 685388 999999999 377906 713372 676225 213536 819537 289335 776136 348283 845929 373436 813615 213982 216182 405623 195142 654119 823105 384673 812313 147640 733700 620027 478178 454188 424272 450560 625713 853568 675419 427666 102620 727566 465662 463606 486216 114224 278459 436989 962212 571175 548065 168794 358002 719903 360971 867927 345979 669298 406840 157843 387463 297149 705262 99815 375979 244157 736807 48459 365647 266203 435201 359496 128993 461631 439584
458293 641993 794489 539719 577742 28840 96320 296970 233555 219478 745731 912906 335700 34305 708332 704591 207675 464342 663657 441766 637634 420673 811118 408989 489331 514146 176920 852273 450999 502748 115080 589605 350006 554560 377906 999999999 503096 819825 207183 799036 254912 448302 211896 871014 555808 487366 210866 481241 38435 526189 566667 816319 737761 733280 382356 560712 681165 595675 118438 454939 292917 314725 522232 675856 733546 325039 486211 140355 443812 763369 471958 542388 138731 965234 434796 901422 401155 508479 872189 347821 904438 692607 847014 63608 490994 216622 331815 739266 461623 703936 594383 863807 406466 370454 405827 650505 484144 474431 341379 219887
781117 575987 895918 640062 762974 481381 421698 371866 309395 469611 415947 594142 711292 498972 899469 611218 403522 916813 434770 891723 664033 480410 940445 898296 323836 308021 597811 458297 791408 574949 592185 231620 782422 144027 713372 503096 999999999 650760 663533 424277 744664 271086 713811 531528 573043 278254 510186 643124 469135 733876 214442 453174 910879 308169 604234 81700 463478 505383 390794 383591 263638 240678 310477 378675 823674 728437 61286 368097 322031 800226 827451 662533 364413 579378 163422 1042317 827368 525485 697324 845440 570325 864050 714895 553255 718731 719469 433381 456627 812796 838901 802476 657619 707301 866981 871474 650689 493493 841888 255483 298992
680080 195297 440214 386523 499279 821639 732339 524869 804959 611870 288231 251598 725375 789881 555299 135916 612357 943574 215995 922837 285889 410532 498577 1019781 959116 362783 752140 382246 706761 370603 933583 425113 831659 512070 676225 819825 650760 999999999 814454 348138 918063 899465 944474 281484 303700 917426 639888 462279 813644 522271 438214 325223 537721 450330 537353 592600 187284 224833 784767 369846 579894 794350 954408 284222 393636 766937 708736 773581 401499 316695 741730 408723 740937 390356 521572 576511 844776 331265 52901 1013482 276445 514027 75420 882052 544993 975126 490829 220651 729588 456985 539062 64804 632673 1024189 941384 252485 345409 764909 530145 654722
284818 620993 678950 464973 453035 235877 249427 351820 433651 230198 813665 959657 155924 188346 563851 683963 276133 261674 705030 237913 576640 407000 682564 241001 695039 582201 71812 935938 269852 452274 236067 691548 143016 680001 213536 207183 663533 814454 999999999 879128 104749 651409 139969 929984 517071 690440 189506 390347 243782 399951 671373 890020 597928 840216 291440 706304 715116 595054 315382 489630 412252 510520 726671 741131 629506 129898 659573 334017 504771 678612 281710 457115 317814 1037489 556408 761564 194161 483271 863399 207386 958350 558166 823330 212809 361784 177638 344295 789701 274230 584018 456126 868733 256237 223530 209230 598870 470615 279343 445943 364611
855556 415692 752953 592802 731955 788594 702754 528373 685706 648969 78453 178890 849059 779074 831237 402535 612497 1080537 215128 1056297 540018 509124 809878 1115678 746574 296928 807638 57692 877171 542190 910446 217796 949009 287884 819537 799036 424277 348138 879128 999999999 980959 695319 980248 112513 493233 700296 689992 644971 777416 732128 241587 31459 824515 129093 673241 345115 227219 373327 718547 398176 507144 640701 729002 144182 691912 883153 484847 699687 374378 630251 916187 620387 677661 167382 377039 899871 978836 479724 372940 1085860 150167 788900 423476 861274 738996 1000246 540352 142217 901653 740451 776690 317362 789061 1102650 1057393 509715 467089 937347 457659 584871
347143 724052 760358 562031 535558 282584 323185 452693 488322 332406 916580 1064133 227726 248874 633895 786756 372600 226625 809414 208622 674736 511548 758355 154852 738317 684170 174092 1037484 326209 553548 233276 789357 160465 772662 289335 254912 744664 918063 104749 980959 999999999 700908 76330 1033823 619066 739844 292976 485496 293263 483601 768544 992572 669722 937818 389731 793259 819744 699472 372820 593715 503124 569611 773149 844076 715873 188964 734635 394079 606937 770147 326224 552011 385738 1140462 648955 830515 201791 586799 966624 105367 1062517 633567 925224 232956 445720 112784 448558 893814 323130 665309 532442 972867 336482 124349 161781 698336 574903 316658 540757 447197
854739 791828 1072917 801625 899562 419732 411503 491324 218210 535492 684860 864498 752347 463112 1040847 837994 469819 911842 686532 888750 855318 637750 1108625 852283 61428 538839 603986 727968 856345 740873 489564 497012 791279 412318 776136 448302 271086 899465 651409 695319 700908 999999999 646305 802404 759769 39076 563304 779877 410066 858782 477074 724258 1060315 576936 710448 350860 714399 722914 336209 576592 376034 151018 77434 641705 1001582 754272 210579 318819 521858 996000 885842 818251 341754 848383 378486 1209479 841764 706885 948937 785118 841202 1012071 957225 471262 833628 636814 561329 720440 872933 1000425 931664 914406 787052 808506 854111 850157 673511 894059 405975 346511
412783 753093 817417 603876 591550 236642 294963 454228 439742 340496 919681 1074963 287722 215618 697423 816491 367784 300304 820376 283556 714829 534213 819011 207805 679992 685591 192671 1035739 393807 588053 164624 780386 233995 755366 348283 211896 713811 944474 139969 980248 76330 646305 999999999 1040468 651598 684872 306423 529967 248426 538689 758539 994086 732441 927566 430256 768368 833127 722075 329390 604118 486772 522579 716297 847639 769107 253021 698103 351739 609666 818551 397278 596712 349705 1142995 632685 894891 277397 614688 994465 138882 1070972 694261 957265 175151 500515 39485 461802 902512 392990 722352 592389 996520 393291 162222 234528 736062 599113 389267 529341 422519
872224 398932 713184 592202 726219 863387 775017 586392 778088 702240 127462 66560 882109 848200 809986 369230 674662 1112777 228515 1089360 520529 538478 771360 1160723 855027 357323 859749 114033 895888 550664 984679 312787 985631 391249 845929 871014 531528 281484 929984 112513 1033823 802404 1040468 999999999 493034 809017 740847 654146 852783 734563 335697 81180 798337 241568 698296 454021 226425 374411 799925 440471 584447 739110 838766 195162 658698 919081 592581 782472 431274 588651 934180 618989 757535 120001 466428 854635 1010745 491712 293144 1137327 38799 767556 353441 934248 747053 1063515 585920 141517 920219 714677 770013 235720 810666 1152578 1095825 487669 486530 956325 532778 664024
384844 108896 322879 99930 238829 564136 481281 288680 606283 336913 414822 498765 421680 522891 349811 168936 359222 642026 278208 620682 95609 138131 368526 716202 821023 280495 459266 547820 410264 66915 663878 416821 527985 475168 373436 555808 573043 303700 517071 493233 619066 759769 651598 493034 999999999 787903 355709 164133 558595 241680 413249 488209 351750 528388 233881 550265 270185 120402 551000 190049 387804 624255 829087 355814 250636 463257 616041 546247 251215 236324 447168 127351 510500 612748 410594 470012 542220 53609 349565 711860 509212 309228 306268 613968 254881 684705 230039 359680 434006 272438 283625 363448 331331 721784 637860 96925 86530 469990 353808 442782
891944 816123 1103151 832645 933099 458787 449992 523816 257113 571855 694158 872147 790531 502156 1074354 860604 505632 950913 703102 927812 883286 668310 1139858 891048 46690 559124 642726 730303 893910 771192 527461 508211 830201 421768 813615 487366 278254 917426 690440 700296 739844 39076 684872 809017 787903 999999999 600435 812994 449137 893072 489317 729862 1093195 578982 745459 355228 731292 746641 375193 602779 407163 187940 41744 654340 1031551 792857 216969 357656 546626 1023816 923701 849889 380121 849737 398730 1240995 880649 735370 966162 823641 847786 1044966 976919 509905 868528 674953 593858 732865 910709 1032074 965849 929924 823812 847045 893180 877051 701957 932139 434355 381702
291514 451432 584414 329800 371545 226643 167248 165035 353985 43320 624161 771813 201660 176572 506915 514995 106797 413195 516959 387940 431354 229499 603196 426575 616924 393132 118919 746955 294507 297517 310899 507087 277034 504066 213982 210866 510186 639888 189506 689992 292976 563304 306423 740847 355709 600435 999999999 270535 224980 321780 487964 700572 533974 655507 173283 540563 528246 416321 252629 300896 247187 412506 640713 551626 522759 218997 518744 260146 315636 553450 326507 331614 228343 847983 382545 695994 318902 313468 690616 396839 769671 487533 657178 262932 289053 335512 156295 600942 312773 494993 392733 690656 224464 412926 376900 447097 294811 337733 270001 226188
220719 271033 314483 78687 121192 496968 429162 289510 593686 271913 567402 662421 270493 446937 261770 326389 322189 481394 432735 460983 191735 165023 337573 565332 838916 392710 345696 701181 246305 103659 575983 534135 374804 574407 216182 481241 643124 462279 390347 644971 485496 779877 529967 654146 164133 812994 270535 999999999 494742 93707 524812 643191 280533 662900 102000 639606 428721 279759 510975 280187 407987 632546 854714 502832 252330 313205 674402 513080 336494 289888 283039 66770 477782 773260 482245 434848 383462 165265 504615 569755 671926 232297 453125 530601 94028 566474 219676 517539 269934 227988 159355 524116 170847 576962 482372 219104 181011 305884 393389 436413
486439 640324 809069 549331 595833 12267 81419 288803 195131 226374 726621 896654 366519 58909 729007 702187 202659 502195 650113 479451 643414 421618 828102 447175 451686 497328 208228 829754 480608 508603 133142 565470 386151 526395 405623 38435 469135 813644 243782 777416 293263 410066 248426 852783 558595 449137 224980 494742 999999999 545181 542224 795745 757355 707272 398218 528943 668837 590784 80974 445715 270275 276469 484233 657762 746376 358399 450298 103342 429626 772363 503173 553854 106405 944233 408596 920202 437245 509575 866293 385278 886945 711467 844034 86218 511003 250598 330816 723400 492334 719972 614772 855438 431412 408043 444049 654412 483541 506668 320585 193796
165345 340813 279022 142472 53283 545541 487909 373127 664241 333859 654036 737896 256491 492417 185777 388776 392521 436260 518075 418937 237534 258265 286708 538497 916683 486114 370315 787627 193172 190717 609642 627580 350063 667966 195142 526189 733876 522271 399951 732128 483601 858782 538689 734563 241680 893072 321780 93707 545181 999999999 618456 728684 212255 754866 151376 732490 511582 361626 572456 373874 492179 709486 934649 591469 232536 297690 763122 577438 430080 293473 223728 116344 543335 854359 574096 375261 346286 253859 559582 555246 749835 166432 501456 568526 38179 577204 304730 601013 213397 184233 73010 586169 147219 558721 449351 270150 272886 246842 481765 512675
706554 388180 727964 498753 635174 553793 471247 323251 444489 444828 211325 393256 670612 549806 760315 412772 396025 897090 222695 872023 493647 363026 778082 912091 533581 134017 599757 289874 723384 435594 675279 23825 761488 74153 654119 566667 214442 438214 671373 241587 768544 477074 758539 335697 413249 489317 487964 524812 542224 618456 999999999 265011 764623 169344 518780 155669 251465 320231 479462 244697 274054 403461 523567 165024 657457 698655 274403 459923 192691 620403 762182 524825 439777 408461 136020 877979 798300 375910 483680 873859 373813 720936 504710 627467 613425 774857 357401 243594 747154 685625 678615 443195 633992 892487 864591 473725 349487 780755 229203 348456
856387 405649 738161 588101 726239 806753 720001 540743 709483 660197 77836 147463 854619 795438 821496 388058 626396 1086154 210665 1062128 529944 512682 795517 1125085 776045 308781 818808 61269 878624 539840 928548 241421 955759 315083 823105 816319 453174 325223 890020 31459 992572 724258 994086 81180 488209 729862 700572 643191 795745 728684 265011 999999999 813441 160531 676103 374639 218952 367826 738733 405039 525642 666501 758987 149637 678697 889610 513966 720308 385690 614695 917492 615560 697310 149174 399284 883899 984244 478073 347307 1097152 119142 779055 400234 878936 737149 1015033 548913 130420 903101 729317 770815 291035 791188 1113497 1064796 498820 467522 938965 475297 604140
323437 408939 125154 271005 163543 757564 699695 569402 872432 544497 747112 783852 444722 704159 37701 429135 600251 567191 613210 556911 284945 432290 94051 692900 1119440 631180 577106 874677 346892 336214 817557 768567 519131 824490 384673 737761 910879 537721 597928 824515 669722 1060315 732441 798337 351750 1093195 533974 280533 757355 212255 764623 813441 999999999 875765 362301 896920 597604 459847 783875 530826 687134 913052 1134931 697165 144676 480956 947056 788116 591971 226381 358975 248507 753560 916208 747644 164524 499049 390453 557856 725377 803724 48245 489314 778230 246770 771768 499375 683368 356344 84124 143949 601069 342415 724051 599641 314818 420140 377215 668596 716748
859057 472554 819310 623569 763682 719065 638587 490477 591732 612587 162721 307983 833110 717669 877225 475440 565245 1061751 269464 1036832 592688 509659 873921 1080707 625572 276659 768513 151322 877829 565259 839835 148671 926802 186498 812313 733280 308169 450330 840216 129093 937818 576936 927566 241568 528388 578982 655507 662900 707272 754866 169344 160531 875765 999999999 671685 226730 291965 415963 640789 390636 441868 537633 605711 182881 753178 862982 366854 620206 349207 701233 916946 650943 602989 271490 298701 969189 961909 502370 483051 1043148 278858 835852 525043 793100 755227 943290 518679 229853 902012 793064 808303 430569 788272 1061695 1031344 566281 482065 936572 398362 513781
187884 342099 412198 173625 199044 399581 337499 233870 513124 182517 598477 715170 188959 348132 337091 402799 241991 415661 470524 392952 285339 164346 429913 482431 767599 395069 243950 730726 206186 167031 474555 532146 295296 557275 147640 382356 604234 537353 291440 673241 389731 710448 430256 698296 233881 745459 173283 102000 398218 151376 518780 676103 362301 671685 999999999 613344 472476 332063 421578 281282 351146 560361 786854 529059 352839 229830 627544 426160 326186 391688 245337 167794 391971 814621 450975 523203 314030 212156 583412 479118 720479 315256 537784 429850 123233 466130 171436 557633 230451 321855 224027 596044 116743 488357 405829 308638 211945 265419 348794 363937
796397 538447 870996 626565 756541 541194 473550 388666 382723 498164 342602 517732 738272 552769 888781 566890 436128 952691 377872 927448 636731 474616 918617 944883 401463 272681 637836 377300 809237 561562 656280 167524 816907 81711 733700 560712 81700 592600 706304 345115 793259 350860 768368 454021 550265 355228 540563 639606 528943 732490 155669 374639 896920 226730 613344 999999999 406584 468867 453556 366227 295333 318879 384848 312895 799396 759397 140353 431254 305639 768379 846601 650870 422672 498133 162889 1019755 859450 506842 636799 896156 492752 851348 660055 614548 721375 777124 442388 388868 831691 821225 798040 593824 722341 916958 911308 619783 476790 862678 272766 346626
