NAME : synthetic_000298
TYPE : CTSP-D
DIMENSION : 100
GROUPS : 8
RELAXATION_LEVEL : 1
EDGE_WEIGHT_TYPE : EXPLICIT
EDGE_WEIGHT_FORMAT : FULL_MATRIX
EDGE_WEIGHT_SECTION
999999999 299334 885204 559666 409028 360319 772914 763020 527296 869548 91774 573069 852753 414459 658078 528797 1018339 543525 681628 378729 224678 854566 215070 467298 467143 331705 1060840 593815 275206 747374 150236 773728 595692 600716 482525 209707 110696 511154 497010 328338 408185 673036 613865 204590 866460 150456 472914 744233 462302 835000 466286 508558 703364 563324 425146 793496 681945 392562 648553 619367 436504 262749 613212 791071 746388 153156 794728 664144 676590 631367 269109 418182 268793 621387 360770 679064 182561 461890 619087 670900 392077 663148 849774 491092 625852 626686 677211 991398 201505 597447 125487 501691 614034 936115 258772 677797 619568 234732 485446 212620
299334 999999999 841220 311718 112040 134143 479187 647578 241256 578258 241851 311736 607389 175197 593818 494319 767140 270672 398370 83371 88792 591525 259467 393052 231022 260262 787551 299882 353970 607691 313353 498730 650086 301461 430975 173027 205007 272764 334017 283863 509590 607792 614208 422750 819869 449725 216575 630716 163235 632229 574026 220341 444230 599734 452143 640344 402130 217747 365128 586443 485607 443269 639477 511840 447114 210108 713149 394612 501556 606794 103474 231751 414654 370895 201676 397399 409927 357863 375742 395360 395300 393686 589166 205201 351879 459141 441071 744902 231792 401209 402911 202976 326598 685214 541119 391224 445138 284948 442967 334836
885204 841220 999999999 1095443 877488 714532 872655 251189 774831 890551 928808 688626 639291 696820 247404 361431 720108 1026088 1079334 875367 801382 715487 1035736 450664 663902 595593 856624 822722 611037 318785 737322 751987 343942 910294 418607 729916 812711 1076071 525286 582568 516700 233551 276560 742739 21698 938239 701068 257570 849837 484467 490017 957228 1177780 345264 461326 338333 1094017 627150 1057361 267362 457924 677255 297158 778688 973305 955666 151887 1117932 436795 253871 748892 619860 643414 1137042 1042832 766519 760871 483372 629193 1102619 494491 711598 703059 956428 1077201 445161 598907 687298 1007787 1217257 845263 850632 786629 685996 877078 792430 463548 654107 410493 675257
559666 311718 1095443 999999999 227002 398206 429162 869708 333602 521483 474342 432987 681287 401888 853467 776295 807364 74253 162208 240674 396526 629809 398887 670025 431631 558550 771204 318526 665622 814901 616434 523612 950485 237276 712598 484449 495242 49788 570471 585510 820290 865710 900540 722653 1073747 701338 395097 855982 245652 769660 884354 139871 144084 897597 754858 831661 152343 481136 139859 861647 790814 750830 932906 519977 320898 415720 952959 116075 691616 884086 412208 481731 725033 61895 213219 429643 706920 626356 507338 133122 696694 464333 633725 139023 96097 664156 566022 797300 389791 134727 680929 249920 365145 736250 817953 406481 646402 596665 726779 644706
409028 112040 877488 227002 999999999 171268 383772 662700 170198 484641 344132 262793 552820 180733 632562 550044 704327 171254 289255 30574 199338 524146 332277 444089 221124 332721 708197 209280 450184 613797 422752 423859 723920 193221 486211 276170 317046 199780 353237 360387 600330 645400 673994 532598 855821 559437 190583 647512 66169 604013 663439 111894 345799 670767 529202 638306 294438 255455 256309 636824 565975 549128 705909 432452 338479 302343 739511 292109 496331 658916 195762 258478 517305 280222 206210 319606 520582 401569 336181 289777 470867 329157 523793 99502 248132 461351 401633 685756 308743 340117 514895 104372 245216 624427 653154 307744 444839 383366 500189 438996
360319 134143 714532 398206 171268 999999999 427679 514127 182071 518771 332035 212757 498061 54316 467670 379232 662250 339036 439428 162787 144986 494753 382082 273780 109812 166353 700536 256752 302879 473548 313727 414082 553941 298325 315314 163698 250119 369870 200145 195550 441727 481132 502884 419705 692995 502254 112893 497484 171916 505683 502701 273360 510916 500256 361416 506564 448205 87393 408581 467389 399555 419126 534731 432506 433210 319169 582363 454273 368691 489075 91336 98021 379817 450104 332677 322960 413520 233151 262761 447781 303022 303108 490358 265578 409908 325362 324868 637034 353047 508429 434235 197246 264851 579777 564085 325490 311745 244055 329095 309183
772914 479187 872655 429162 383772 427679 999999999 621563 247445 101177 721007 243723 292620 380326 676322 666700 385853 365489 303014 412905 548414 221507 715108 576656 347536 559208 343016 179496 713024 554338 741297 130570 870199 206810 617889 590875 667684 452029 440301 587516 822960 682686 779186 845970 852615 921148 322015 615474 319744 427615 873696 334909 411542 814546 716747 544770 320754 447152 304185 717659 757661 838632 828740 111522 129830 684566 720985 364941 438069 741251 511837 425994 795336 425541 563662 122415 840781 529714 263437 340265 666054 173057 229404 351602 347303 442521 275297 381549 692319 556525 859912 279916 162868 324023 991591 107215 425822 664355 633900 731904
763020 647578 251189 869708 662700 514127 621563 999999999 540069 640763 784854 447726 397383 484642 143983 260585 502428 797778 838444 665969 627468 470134 873773 295736 442095 437089 629710 580759 511866 67826 629541 501073 387409 669983 286067 574153 670537 855942 314149 435429 484363 135390 275687 671251 231471 851336 476119 18820 625629 249364 490085 729916 940439 351540 384480 100549 853848 430393 818522 213030 403956 616605 328346 527952 724253 798167 100292 880898 188233 224298 569167 416108 572252 906261 846510 517122 683805 306825 383265 863991 387546 462495 457739 731566 841874 205931 348597 467853 844552 997173 757787 620532 542079 454546 827315 543420 224023 530586 287872 573895
527296 241256 774831 333602 170198 182071 247445 540069 999999999 342325 481143 100521 382737 140148 541886 490580 534808 260019 307711 192477 302654 355455 493902 387150 128263 329534 546647 75713 478480 482836 495489 258448 686401 141485 431465 344047 420781 328041 261966 359206 604565 552472 613717 601772 753272 674526 91237 527421 107651 443404 661309 194710 402967 630415 509219 498098 321216 219467 283436 563284 549820 599360 655574 270639 256998 451198 627846 343111 358602 586955 264395 204679 558343 366422 375548 156167 595463 338783 175900 328358 453290 159094 354521 200474 302611 334217 238504 515699 468077 465734 612486 85236 86784 454487 744698 151041 316052 424029 447371 490326
869548 578258 890551 521483 484641 518771 101177 640763 342325 999999999 820078 320706 268067 468907 714385 721753 318698 461246 383238 513581 644872 187698 816213 639620 430189 639467 251180 278468 794052 572975 830893 144815 924509 306781 678425 682469 762974 547675 504903 666661 894146 718859 827188 933412 871590 1016779 409233 637546 420217 420045 941327 434626 486891 869878 784117 554080 400380 528878 389982 762525 824541 921937 879061 116751 205202 784787 741045 446441 468034 785482 605508 505942 877296 511661 664121 198349 929475 594779 320700 421240 736649 235907 199056 451655 434676 482725 312370 322247 793301 644616 952789 380563 255763 272570 1082436 193300 467942 749474 694046 817516
91774 241851 928808 474342 344132 332035 721007 784854 481143 820078 999999999 540310 830052 385705 692566 567840 993852 463922 603661 313591 187153 823447 127869 492683 441839 347801 1024712 541733 330691 761557 216396 735699 658973 537327 515059 211244 116395 425187 497231 352300 477314 707577 664448 291144 909154 227167 440179 766323 403224 829213 538563 435325 618411 621636 476420 804140 602662 383071 571003 661446 493980 343974 670204 750542 682269 61638 826887 581925 678127 675933 243394 406904 342189 535665 270859 636558 269998 478326 594755 590312 435149 627481 819865 417184 545306 629593 656675 968999 110866 506472 217172 443318 567377 911383 348053 631965 620062 276052 520635 274395
573069 311736 688626 432987 262793 212757 243723 447726 100521 320706 540310 999999999 295946 158780 464772 432635 455734 359013 391181 280510 354085 283179 570869 336703 111256 318783 487780 134111 473357 387810 515452 202505 634627 222361 379374 372535 462840 428543 201261 346184 579237 473939 551169 615013 667299 714149 100508 436302 205126 343619 630379 294854 492832 578515 473727 399868 406319 208423 370797 494817 514715 601383 597445 222919 300471 519142 539160 433424 262523 518718 303994 185235 556595 462877 468861 123441 612360 288779 75439 416267 422405 91175 279598 300985 395250 243792 139322 433166 543474 565801 642642 185755 102200 373621 767652 136921 225376 429877 395523 498040
852753 607389 639291 681287 552820 498061 292620 397383 382737 268067 830052 295946 999999999 444389 499328 544929 165922 609013 583630 573576 642910 80645 866722 492091 388333 551900 248149 366302 695930 332190 770277 165657 735351 444213 520020 644407 742257 690522 381586 571717 753897 499910 627414 855950 621833 985075 392308 398520 489828 156399 787617 557037 694067 685447 638002 301567 601385 462606 577361 558983 674393 825865 682322 181100 420812 813092 495401 641831 259429 579443 588051 436542 777848 692931 758199 251708 858567 458895 235301 618667 604369 225042 69016 568476 615578 295467 175712 138997 839180 815400 904674 460525 320451 84888 1016779 275096 288281 672430 533181 737848
414459 175197 696820 401888 180733 54316 380326 484642 140148 468907 385705 158780 444389 999999999 452463 377240 608254 336754 422442 181397 198552 440445 430573 270743 57213 190577 646501 215851 338335 439237 361998 360667 563029 269666 314446 214962 304107 379512 172734 220412 467178 465099 502004 465671 675146 555553 60065 468893 160609 457600 525600 268370 502980 507943 377242 468495 433001 85428 393405 460145 417050 460088 538389 379686 396542 370628 559138 444523 328108 482830 145623 80252 418468 449050 364649 271721 460881 225335 209142 435171 319798 249482 436043 264176 400663 288024 272111 583308 401878 520499 485721 175787 217792 525777 613618 276098 272918 284960 329450 351999
658078 593818 247404 853467 632562 467670 676322 143983 541886 714385 692566 464772 499328 452463 999999999 131503 625466 785805 849424 629217 555763 562624 794011 204803 423918 351473 743192 597379 392260 182023 515919 569815 247567 681362 177507 488040 576213 831921 283788 341348 344101 15020 135093 543766 226063 731238 462151 129240 608665 368415 346451 716830 943275 208223 252460 232597 863099 380288 825207 69317 266113 485014 189731 597829 761487 714896 137200 883499 247809 83709 502202 374182 443163 897637 795440 560082 558373 235969 416693 869896 268123 505541 550723 714773 841500 233885 403743 590575 765582 972675 637041 612897 566354 567866 695047 583752 250524 423439 172808 456457
528797 494319 361431 776295 550044 379232 666700 260585 490580 721753 567840 432635 544929 377240 131503 999999999 690296 713511 794762 541575 444621 595229 674589 106535 363536 238232 793070 556213 260816 275464 384999 578488 203541 631949 63954 369272 451573 749102 232070 222273 228053 146081 124768 413504 341488 599785 402274 242753 537842 440078 247053 645461 879856 148236 123960 329183 806653 295224 767450 94860 145643 356640 165390 606182 732506 594344 268555 821019 286519 113061 395993 297173 313363 825694 693531 544941 427538 152946 404108 810467 137212 494002 584414 640438 777436 250722 412352 655984 646827 887218 505597 549787 533726 622699 567307 564857 261061 294912 51421 325114
1018339 767140 720108 807364 704327 662250 385853 502428 534808 318698 993852 455734 165922 608254 625466 690296 999999999 738452 688860 727273 806744 181207 1025557 648471 552822 716669 142485 505523 858465 445753 935700 286464 870130 572203 672658 810237 907767 823282 544994 735689 907381 623109 758940 1019855 705804 1150991 554407 508756 639388 257071 936506 694002 796945 823728 791668 401908 706588 628528 689177 690422 826234 987713 814143 287424 513329 974807 591267 750712 405058 708605 752741 602463 939551 809686 906902 388723 1023047 618654 399818 726099 762074 375947 180600 707486 731257 447686 341595 34892 998571 938493 1070338 606580 462578 82477 1181186 406880 443526 837241 684699 902113
543525 270672 1026088 74253 171254 339036 365489 797778 260019 461246 463922 359013 609013 336754 785805 713511 738452 999999999 140434 191391 358926 559639 407131 606985 362390 503195 708504 244851 620173 742155 582989 453298 892977 166395 650236 442659 467352 86555 502142 531222 771459 797721 838170 691566 1004404 690172 325025 784352 177249 695473 834668 68978 174852 839177 699539 758101 138750 418629 108820 796766 736744 713940 872613 451151 267692 409307 882329 124092 618443 819541 365196 417000 684651 112301 226338 357320 677497 562079 433201 127585 641133 390635 563085 73481 82715 591980 491770 727255 393004 208669 660128 177269 291491 665919 798598 334876 574096 552484 664849 605220
681628 398370 1079334 162208 289255 439428 303014 838444 307711 383238 603661 391181 583630 422442 849424 794762 688860 140434 999999999 315376 487067 520439 546378 689430 431583 605587 634155 257689 735889 777003 711420 418479 985261 169040 733734 565293 600666 205363 569203 634945 880801 859809 918915 821039 1057918 829301 392699 827372 267526 696188 942119 178086 110457 929936 798527 783530 17830 507843 33323 870401 837644 838303 958521 407811 178164 549621 930307 63256 651572 893970 483805 500013 805686 132289 363120 342771 808268 641887 456603 38019 740497 390031 526735 193451 66545 634943 503693 684007 533052 265672 795976 246671 298175 625381 934672 315972 616530 670674 749265 727961
378729 83371 875367 240674 30574 162787 412905 665969 192477 513581 313591 280510 573576 181397 629217 541575 727273 191391 315376 999999999 171767 547799 304655 436479 227420 318191 734676 236958 428859 619341 396048 448934 710448 223787 477622 251847 287981 208258 353717 344889 581176 642413 664689 505679 853756 529100 200568 650282 93580 618451 644828 137292 366160 658066 514302 646090 319620 249477 282200 630174 550140 524222 694680 458535 369048 272347 739900 314356 504412 651820 173890 255551 493714 296843 190057 344965 493139 395740 352188 313693 456225 351422 546990 122853 270939 467268 418069 707844 280430 345713 485549 133019 270999 646787 623966 334329 451326 361097 491091 414702
224678 88792 801382 396526 199338 144986 548414 627468 302654 644872 187153 354085 642910 198552 555763 444621 806744 358926 487067 171767 999999999 637227 247544 351035 254791 206510 840394 369609 273019 595692 224564 551946 583018 383253 383693 90484 121042 354921 323288 224062 431050 570363 558691 333988 780512 372926 253666 609618 243179 646776 495928 308993 531714 535443 385419 634085 490920 204642 453847 539045 415504 355371 578306 568195 528144 177423 682839 482980 501698 557594 60112 226180 328518 456747 255444 455329 321398 324259 407620 484081 331334 442454 633364 293986 440467 455023 469824 781849 218153 476011 318572 281234 389416 724271 455782 453323 443635 203388 393539 248187
854566 591525 715487 629809 524146 494753 221507 470134 355455 187698 823447 283179 80645 440445 562624 595229 181207 559639 520439 547799 637227 999999999 848375 531340 387667 571808 211230 324361 721627 403508 784841 106344 791446 393254 563553 650027 743965 643727 409318 594470 793978 564590 686380 876721 697520 992649 383565 469688 458851 235636 832374 513358 630326 739641 678882 377155 538269 473101 517295 618729 717013 852282 740624 112631 351266 800765 569395 580602 316472 640212 586066 447222 804891 635915 725910 207520 877292 493350 239021 556654 640168 197928 12430 526575 557706 344804 194393 167616 821912 762336 916672 425539 281429 106467 1035089 226182 334287 690972 577767 758096
215070 259467 1035736 398887 332277 382082 715108 873773 493902 816213 127869 570869 866722 430573 794011 674589 1025557 407131 546378 304655 247544 848375 999999999 590083 487596 442879 1039075 541421 451541 843201 342815 752167 780554 515808 617740 306097 230146 349314 570610 453360 602345 808889 778354 418232 1015466 324475 475856 855725 397983 887588 664470 396995 540381 740693 592730 881480 541890 451551 515766 769288 613587 471842 788175 762778 654441 81048 924896 513331 747798 785485 307331 471915 469095 456895 185696 648757 396722 568336 635031 526247 547058 650544 846615 378303 482667 701877 700124 1003917 29401 403725 337002 436635 575281 943903 458447 638916 689937 391560 625265 398708
467298 393052 450664 670025 444089 273780 576656 295736 387150 639620 492683 336703 492091 270743 204803 106535 648471 606985 689430 436479 351035 531340 590083 999999999 259233 147206 737316 455027 226305 285328 336151 499750 299862 528069 44373 284782 377065 643462 136360 140665 262737 219490 231272 391427 429667 560249 297650 276942 431352 413806 303112 538927 773510 243713 147615 335375 701051 188889 661740 194042 186557 347193 269122 526625 633880 511612 335152 714773 248273 215368 298323 190763 299394 719181 593915 454241 400496 48585 318923 704507 114080 406268 521592 533939 671110 201558 339673 615500 561464 782183 468013 443865 435721 574470 552974 472055 204985 235493 60222 284010
467143 231022 663902 431631 221124 109812 347536 442095 128263 430189 441839 111256 388333 57213 423918 363536 552822 362390 431583 227420 254791 387667 487596 259233 999999999 211757 595710 199379 365529 392727 404235 313222 558179 268837 303594 262978 356467 414554 140167 240368 481180 435575 487402 503997 642209 605458 38921 427280 185979 401213 536089 293449 520531 502226 382338 418678 443919 99616 405038 439549 423150 492072 528084 334137 381288 427779 521829 460988 277103 462953 199925 79611 448104 473895 415064 231864 501139 211066 153082 448820 327368 202113 382667 292612 418341 240332 215183 527324 458964 555990 532159 189351 189420 470371 656427 240721 224069 319333 319423 387430
331705 260262 595593 558550 332721 166353 559208 437089 329534 639467 347801 318783 551900 190577 351473 238232 716669 503195 605587 318191 206510 571808 442879 147206 211757 999999999 783035 404811 154591 416519 220692 513875 392333 459409 177292 137945 233743 525806 173683 29861 277084 366280 354789 305057 574889 442988 241067 418535 338176 510221 336890 438851 676347 340527 196482 461880 614528 112259 574890 332543 233655 283621 379280 537416 586512 364514 482221 620226 347650 351274 158926 133627 238026 612941 456508 441885 306740 131205 334926 614090 138182 405959 564359 430041 575844 297385 379662 686537 414285 659689 356609 361495 400500 636787 464957 452218 292151 120572 187056 186478
1060840 787551 856624 771204 708197 700536 343016 629710 546647 251180 1024712 487780 248149 646501 743192 793070 142485 708504 634155 734676 840394 211230 1039075 737316 595710 783035 999999999 499553 932504 568745 995545 289085 982494 547788 766957 858673 950604 795046 619310 805577 999889 742568 873543 1087947 841457 1201144 587992 633926 642041 380386 1035161 675410 736276 933178 884184 529673 651167 683653 641112 804915 921246 1063134 928647 276344 456314 997652 722688 697399 507388 824704 791742 657883 1015618 762827 900703 390674 1088432 701483 449737 672173 848057 398015 218927 691251 685697 543266 404764 171453 1013970 895673 1126688 604846 463794 175746 1246143 400465 535301 902161 780443 969323
593815 299882 822722 318526 209280 256752 179496 580759 75713 278468 541733 134111 366302 215851 597379 556213 505523 244851 257689 236958 369609 324361 541421 455027 199379 404811 499553 999999999 554186 519494 569270 219841 754886 90169 499037 417138 489567 324436 324713 434401 679009 606956 677716 676257 801404 742530 164708 569784 143449 452437 735001 190783 361571 698739 581714 527715 273239 294043 238948 624183 622508 674870 721600 225121 182264 506644 673073 302875 394022 648034 335945 277870 634017 339404 403525 116947 669438 406444 199603 284334 526502 145811 325972 202833 267235 377757 251466 490619 517388 453252 683650 105331 46640 428822 817196 100134 359343 499528 515107 565595
275206 353970 611037 665622 450184 302879 713024 511866 478480 794052 330691 473357 695930 338335 392260 260816 858465 620173 735889 428859 273019 721627 451541 226305 365529 154591 932504 554186 999999999 509855 126285 667669 329029 601196 225981 182664 221816 626263 314458 128291 158798 406891 338659 165477 592696 340010 392745 493191 470577 635920 223697 561521 795000 291062 150045 560940 742818 265944 703776 347179 163382 130657 340040 691555 734262 371128 529370 742268 469729 357627 254981 288146 83749 724264 523023 596371 174260 242850 487241 739536 124930 560375 713581 549667 698314 420596 527787 826992 427149 748948 246104 499422 553071 780473 327702 606241 420018 69631 224337 64607
747374 607691 318785 814901 613797 473548 554338 67826 482836 572975 761557 387810 332190 439237 182023 275464 445753 742155 777003 619341 595692 403508 843201 285328 392727 416519 568745 519494 509855 999999999 621215 433296 429476 609258 286013 550378 649664 803529 274464 419425 503497 178106 317064 673313 299217 845563 424588 66349 572848 189302 517418 675052 880428 387822 395914 53733 792718 393540 758093 249884 421072 623226 371745 460141 658643 769980 168113 821151 125482 265729 536198 376371 577017 849191 803593 451499 683910 285566 320575 803555 388850 397190 391147 677775 782993 152464 282488 410912 813823 944221 753283 565037 479506 393047 832826 478038 169364 519693 291524 569136
150236 313353 737322 616434 422752 313727 741297 629541 495489 830893 216396 515452 770277 361998 515919 384999 935700 582989 711420 396048 224564 784841 342815 336151 404235 220692 995545 569270 126285 621215 999999999 717246 446357 598549 344329 152748 126587 572106 394372 207089 261364 530715 464416 109962 718965 225007 421709 610738 459635 729919 322172 533340 754586 413112 276208 670282 715462 311908 678247 473073 286292 137344 462976 738366 740421 265778 653106 707080 565756 483867 236136 337666 126418 677624 445662 633331 100312 340691 545865 708595 247847 606319 778254 518523 664843 515515 596089 906119 321658 681178 135999 494735 578430 855092 252203 638036 511588 102773 345041 62521
773728 498730 751987 523612 423859 414082 130570 501073 258448 144815 735699 202505 165657 360667 569815 578488 286464 453298 418479 448934 551946 106344 752167 499750 313222 513875 289085 219841 667669 433296 717246 999999999 780716 286918 537205 575002 664016 537430 367268 539389 757900 574515 682547 815004 732513 916206 301189 496683 357923 297258 802621 407539 528839 726392 645873 419144 436271 407280 413444 617731 685826 797467 734634 28065 256026 708831 601252 477442 324233 640671 504797 382559 751406 530914 622968 104326 813267 456414 182951 453940 600824 111338 110234 421094 452937 337910 167653 273959 726501 656416 845129 322943 178893 212674 969343 120472 323197 629060 552592 697147
595692 650086 343942 950485 723920 553941 870199 387409 686401 924509 658973 634627 735351 563029 247567 203541 870130 892977 985261 710448 583018 791446 780554 299862 558179 392333 982494 754886 329029 429476 446357 780716 999999999 826710 255991 495434 550630 918127 433392 366634 191162 253119 112490 421921 332277 618089 596105 374824 721846 613733 149432 826832 1064017 56188 198122 480060 996022 477843 956433 180055 168630 353880 59312 808544 933372 700032 339253 1006427 476411 164062 546770 485471 330639 1003846 838453 748338 442648 348446 607628 997985 254921 697541 780172 819513 962243 447466 613731 835292 755941 1051071 529447 738635 734859 808685 540329 767946 459844 391415 239870 385363
600716 301461 910294 237276 193221 298325 206810 669983 141485 306781 537327 222361 444213 269666 681362 631949 572203 166395 169040 223787 383253 393254 515808 528069 268837 459409 547788 90169 601196 609258 598549 286918 826710 999999999 572428 446293 503977 251200 403255 489259 736456 691504 755197 707967 888880 751149 230620 658662 140113 539986 795257 128107 271441 770857 646008 617884 183966 353959 148880 704492 686165 714705 796805 285103 145673 494039 761350 212713 483778 728205 362565 342345 677176 251796 357422 192874 698527 479848 289728 194319 589037 231728 396799 144885 177787 466012 340940 560867 494950 371188 701820 103864 134182 499566 838812 169230 447604 540928 588259 603822
482525 430975 418607 712598 486211 315314 617889 286067 431465 678425 515059 379374 520020 314446 177507 63954 672658 650236 733734 477622 383693 563553 617740 44373 303594 177292 766957 499037 225981 286013 344329 537205 255991 572428 999999999 311660 398711 685182 178264 164416 234728 192519 188003 387645 398064 565276 342022 267344 475024 430844 268826 582365 817375 199807 119099 338337 745301 231696 705963 155893 154373 337519 224791 564412 677431 538157 312743 758737 268376 175821 333586 234684 291039 762347 630749 495539 398995 92721 358117 748638 102908 446552 553384 577063 715006 225344 374434 639079 589565 823265 471737 488037 479038 600913 546816 514000 231771 247924 16158 287855
209707 173027 729916 484449 276170 163698 590875 574153 344047 682469 211244 372535 644407 214962 488040 369272 810237 442659 565293 251847 90484 650027 306097 284782 262978 137945 858673 417138 182664 550378 152748 575002 495434 446293 311660 999999999 101785 444090 289622 147354 340567 502946 477773 261703 709542 342630 275005 555705 308124 626311 405447 387980 616867 449393 299001 593463 570591 182923 532438 464119 327188 273013 493765 594534 587710 226922 619933 566116 470389 481114 83758 208660 241992 543899 343948 486321 253049 267374 412347 565397 247309 463667 644553 374499 522785 421081 468701 782727 277920 566489 270795 342431 428215 728253 400728 489187 412721 113062 319445 162904
110696 205007 812711 495242 317046 250119 667684 670537 420781 762974 116395 462840 742257 304107 576213 451573 907767 467352 600666 287981 121042 743965 230146 377065 356467 233743 950604 489567 221816 649664 126587 664016 550630 503977 398711 101785 999999999 449546 391380 236456 375712 591227 550093 227848 792975 253826 362920 651915 364010 727964 439231 423532 635755 510586 363170 693758 603108 283320 567343 545367 383442 263896 558265 681852 649065 149414 710749 590923 572064 560175 159244 308666 249650 556903 319103 570596 211678 364887 508413 594476 319749 553189 739118 407337 549959 522645 566805 880980 205343 555078 198093 402253 507211 825510 336116 570402 514459 161900 404241 173096
511154 272764 1076071 49788 199780 369870 452029 855942 328041 547675 425187 428543 690522 379512 831921 749102 823282 86555 205363 208258 354921 643727 349314 643462 414554 525806 795046 324436 626263 803529 572106 537430 918127 251200 685182 444090 449546 999999999 550939 551848 782353 844608 872613 677312 1054383 652043 379825 841520 230682 769893 846779 135042 193537 866084 721289 823303 197490 455108 179300 836513 756255 707429 902937 536303 352156 366262 936144 164525 682033 858514 375140 458099 683107 110480 163617 439378 661110 601319 503830 179621 663489 469188 646748 127575 138933 651604 565067 811276 340011 141455 633069 242819 370772 749748 769684 418023 634262 556912 698884 602615
497010 334017 525286 570471 353237 200145 440301 314149 261966 504903 497231 201261 381586 172734 283788 232070 544994 502142 569203 353717 323288 409318 570610 136360 140167 173683 619310 324713 314458 274464 394372 367268 433392 403255 178264 289622 391380 550939 999999999 190810 390637 295581 353023 474865 503590 615784 178608 297746 325162 338472 436424 433165 660333 377265 279235 310874 582162 119346 543677 301323 319645 444702 397359 393511 500497 499623 386404 600681 180996 324989 263307 102267 396865 613877 532361 317886 478409 89954 184706 587902 233768 270409 400690 431546 558279 132477 214927 514194 541210 692258 530257 329390 301752 466257 636397 335832 123127 293611 194393 357336
328338 283863 582568 585510 360387 195550 587516 435429 359206 666661 352300 346184 571717 220412 341348 222273 735689 531222 634945 344889 224062 594470 453360 140665 240368 29861 805577 434401 128291 419425 207089 539389 366634 489259 164416 147354 236456 551848 190810 999999999 247262 356309 334667 284245 562189 431596 270415 416700 367459 523124 307308 467381 704748 315871 169471 466619 643743 141209 604127 317123 205588 258527 356254 563351 616200 373750 474686 648908 358670 334679 181064 161541 212039 640490 477196 469504 287624 134866 359102 643072 111729 432384 586689 458230 604527 308440 401256 704998 425264 684500 342823 391183 429461 656531 445589 480415 304835 104502 172130 166530
408185 509590 516700 820290 600330 441727 822960 484363 604565 894146 477314 579237 753897 467178 344101 228053 907381 771459 880801 581176 431050 793978 602345 262737 481180 277084 999889 679009 158798 503497 261364 757900 191162 736456 234728 340567 375712 782353 390637 247262 999999999 356200 243018 231270 501538 427904 514306 467383 613369 663386 64928 710128 946128 171944 115923 557223 888997 385106 849515 280866 82812 163532 221786 784035 861248 523328 471138 891770 502828 280817 408094 401690 140316 877876 681807 701778 251663 302127 575163 887319 157500 658392 784298 699572 847498 459983 601514 873766 579575 907037 338406 638256 670091 835371 361116 716022 465728 228067 222953 203673
673036 607792 233551 865710 645400 481132 682686 135390 552472 718859 707577 473939 499910 465099 15020 146081 623109 797721 859809 642413 570363 564590 808889 219490 435575 366280 742568 606956 406891 178106 530715 574515 253119 691504 192519 502946 591227 844608 295581 356309 356200 999999999 140821 557761 212118 745678 473645 121836 620677 366082 356702 728743 954334 216173 266327 227280 873627 393739 835885 78166 278991 498622 194557 602478 769622 729818 122484 894526 251293 89225 516604 387164 457081 909435 809445 567304 572532 249934 424248 880674 282890 512588 552597 726918 852696 240211 409187 588225 780440 985479 651476 624300 575233 567008 708452 591276 257260 438414 187809 471142
613865 614208 276560 900540 673994 502884 779186 275687 613717 827188 664448 551169 627414 502004 135093 124768 758940 838170 918915 664689 558691 686380 778354 231272 487402 354789 873543 677716 338659 317064 464416 682547 112490 755197 188003 477773 550093 872613 353023 334667 243018 140821 999999999 466264 260094 661688 526243 262642 662608 502177 227780 770186 1004597 79559 188915 367575 930982 419695 891855 68682 181523 401192 55232 710569 851640 697367 236298 945719 370018 51622 513715 421940 366863 950315 811214 658826 484311 277498 515780 935016 231435 606171 674838 765038 902171 345480 514896 724069 751653 1009997 568821 674353 653064 698996 604073 680183 359436 388495 173805 401951
204590 422750 742739 722653 532598 419705 845970 671251 601772 933412 291144 615013 855950 465671 543766 413504 1019855 691566 821039 505679 333988 876721 418232 391427 503997 305057 1087947 676257 165477 673313 109962 815004 421921 707967 387645 261703 227848 677312 474865 284245 231270 557761 466264 999999999 726321 196765 524603 652809 569357 801087 279109 642954 862151 401372 291506 725005 824856 407725 787830 490348 285818 68120 451810 837253 849191 348748 679070 815605 634959 496118 345403 432583 100888 784166 543481 735197 22747 407744 639001 817647 284769 705016 869374 627946 773687 585615 684664 988981 401819 780964 108213 604111 683261 940773 162466 741440 584468 186167 383857 118625
866460 819869 21698 1073747 855821 692995 852615 231471 753272 871590 909154 667299 621833 675146 226063 341488 705804 1004404 1057918 853756 780512 697520 1015466 429667 642209 574889 841457 801404 592696 299217 718965 732513 332277 888880 398064 709542 792975 1054383 503590 562189 501538 212118 260094 726321 999999999 921417 679386 237245 828141 467591 476826 935541 1156229 330729 443249 320460 1072569 605619 1035869 247827 441011 661236 283518 759322 952596 935498 131631 1096378 416237 235150 727811 598236 626655 1115374 1021501 745913 744190 462008 608208 1081115 475271 690954 685089 934732 1055609 423940 578560 672727 987449 1195575 828219 828978 765476 670024 862361 771748 442315 634813 390205 657035
150456 449725 938239 701338 559437 502254 921148 851336 674526 1016779 227167 714149 985075 555553 731238 599785 1150991 690172 829301 529100 372926 992649 324475 560249 605458 442988 1201144 742530 340010 845563 225007 916206 618089 751149 565276 342630 253826 652043 615784 431596 427904 745678 661688 196765 921417 999999999 615093 832599 612547 953208 473018 657853 845422 598065 481728 895031 828893 522503 796407 681860 480406 264399 648538 934729 896818 286008 867956 808988 789944 689264 412390 548587 294826 762508 494900 824126 177511 565648 754674 817001 464932 805030 987111 640167 771956 739656 809525 1122613 321466 725887 94203 651805 761018 1069392 140825 824219 735060 327679 564282 277458
472914 216575 701068 395097 190583 112893 322015 476119 91237 409233 440179 100508 392308 60065 462151 402274 554407 325025 392699 200568 253666 383565 475856 297650 38921 241067 587992 164708 392745 424588 421709 301189 596105 230620 342022 275005 362920 379825 178608 270415 514306 473645 526243 524603 679386 615093 999999999 461790 149764 419610 570456 256211 481805 540238 417997 447797 405001 129510 366118 478441 458624 516859 566649 319805 346967 420814 557865 422217 305809 501859 203811 113502 474183 436149 390281 211740 520279 249639 159183 409925 362203 190272 379740 256234 379687 272241 224546 530683 447846 521075 545778 150790 160463 472037 673504 216837 255252 342347 357785 409910
744233 630716 257570 855982 647512 497484 615474 18820 527421 637546 766323 436302 398520 468893 129240 242753 508756 784352 827372 650282 609618 469688 855725 276942 427280 418535 633926 569784 493191 66349 610738 496683 374824 658662 267344 555705 651915 841520 297746 416700 467383 121836 262642 652809 237245 832599 461790 999999999 611460 253729 474353 716287 928635 337401 366549 107689 842612 413312 806966 198546 386636 598443 316029 523834 716056 779943 105684 869001 179421 211059 551475 399470 553941 893283 830028 509105 665264 288435 373373 852415 368947 454263 457342 717606 829625 193278 341344 474033 826526 982844 739077 607194 531849 458375 809135 535155 211560 511767 269291 555151
462302 163235 849837 245652 66169 171916 319744 625629 107651 420217 403224 205126 489828 160609 608665 537842 639388 177249 267526 93580 243179 458851 397983 431352 185979 338176 642041 143449 470577 572848 459635 357923 721846 140113 475024 308124 364010 230682 325162 367459 613369 620677 662608 569357 828141 612547 149764 611460 999999999 548644 674593 108362 342632 667203 532141 593296 276376 244450 236723 619869 570830 579035 698683 366292 285081 364865 707504 284606 451718 642763 224452 240724 543437 289397 268445 253621 559323 385699 280134 276623 473898 265234 458790 106638 240507 420957 344392 621451 373985 371616 561750 40117 179151 559954 698703 241581 403583 407329 489960 468018
835000 632229 484467 769660 604013 505683 427615 249364 443404 420045 829213 343619 156399 457600 368415 440078 257071 695473 696188 618451 646776 235636 887588 413806 401213 510221 380386 452437 635920 189302 729919 297258 613733 539986 430844 626311 727964 769893 338472 523124 663386 366082 502177 801087 467591 953208 419610 253729 548644 999999999 687121 635045 805579 568456 549268 149765 713415 446331 684279 433792 580933 760631 557337 319665 548937 823750 343986 749453 166214 451653 587495 422315 712612 791500 808466 353433 807653 393387 268531 728253 527404 308352 223419 642834 717486 215550 204984 222180 858650 904073 865847 528185 406380 205227 963520 380362 218332 627607 441068 687281
466286 574026 490017 884354 663439 502701 873696 490085 661309 941327 538563 630379 787617 525600 346451 247053 936506 834668 942119 644828 495928 832374 664470 303112 536089 336890 1035161 735001 223697 517418 322172 802621 149432 795257 268826 405447 439231 846779 436424 307308 64928 356702 227780 279109 476826 473018 570456 474353 674593 687121 999999999 772692 1009175 149055 157270 570869 950673 442149 911109 278696 116830 211307 193385 829314 917208 586033 463488 954394 531686 273128 472166 457132 197594 941641 746668 751774 300869 346590 620913 949458 208844 706415 822207 762489 910070 492165 642388 902360 642245 971889 387322 698356 723832 867247 390903 767284 499906 292995 254847 266465
508558 220341 957228 139871 111894 273360 334909 729916 194710 434626 435325 294854 557037 268370 716830 645461 694002 68978 178086 137292 308993 513358 396995 538927 293449 438851 675410 190783 561521 675052 533340 407539 826832 128107 582365 387980 423532 135042 433165 467381 710128 728743 770186 642954 935541 657853 256211 716287 108362 635045 772692 999999999 237574 772677 634692 692308 182629 351013 144913 728134 672486 660853 805331 408858 257866 385637 813786 181705 551944 750976 307549 348613 629196 181035 230465 307036 630268 493687 369841 178044 576277 334544 515666 18718 137383 524303 430353 680428 378651 271024 619963 110235 236676 618697 758644 287192 506535 495081 597116 550846
703364 444230 1177780 144084 345799 510916 411542 940439 402967 486891 618411 492832 694067 502980 943275 879856 796945 174852 110457 366160 531714 630326 540381 773510 520531 676347 736276 361571 795000 880428 754586 528839 1064017 271441 817375 616867 635755 193537 660333 704748 946128 954334 1004597 862151 1156229 845422 481805 928635 342632 805579 1009175 237574 999999999 1009615 872265 889224 92766 587068 122673 959701 910000 887085 1041292 517743 283921 559766 1030267 59863 754978 982932 540019 582748 858790 83581 355403 452378 847159 727209 561165 77583 813850 498406 636810 246730 102441 735480 610891 793039 532685 188385 823940 331272 404261 734875 961356 425767 717133 727190 832428 779066
563324 599734 345264 897597 670767 500256 814546 351540 630415 869878 621636 578515 685447 507943 208223 148236 823728 839177 929936 658066 535443 739641 740693 243713 502226 340527 933178 698739 291062 387822 413112 726392 56188 770857 199807 449393 510586 866084 377265 315871 171944 216173 79559 401372 330729 598065 540238 337401 667203 568456 149055 772677 1009615 999999999 150392 439814 940847 422931 901293 138921 127681 334452 50609 754148 877186 659787 315850 951809 426053 128260 496773 429985 304935 950351 790723 692581 420786 292295 552259 943062 204757 642027 728523 765696 907687 395016 559789 788991 715272 1000126 506853 683385 678684 760290 531817 712026 406765 349426 183690 350959
425146 452143 461326 754858 529202 361416 716747 384480 509219 784117 476420 473727 638002 377242 252460 123960 791668 699539 798527 514302 385419 678882 592730 147615 382338 196482 884184 581714 150045 395914 276208 645873 198122 646008 119099 299001 363170 721289 279235 169471 115923 266327 188915 291506 443249 481728 417997 366549 532141 549268 157270 634692 872265 150392 999999999 449343 808230 292169 768543 200146 41022 232933 195819 672422 763514 511693 387602 815666 387463 208641 348752 304560 190758 809423 640831 594700 306764 189524 463837 808717 58421 549146 669062 626287 771309 344136 487201 758140 566753 853275 387698 552460 568472 719455 443481 610554 349808 201285 108208 213976
793496 640344 338333 831661 638306 506564 544770 100549 498098 554080 804140 399868 301567 468495 232597 329183 401908 758101 783530 646090 634085 377155 881480 335375 418678 461880 529673 527715 560940 53733 670282 419144 480060 617884 338337 593463 693758 823303 310874 466619 557223 227280 367575 725005 320460 895031 447797 107689 593296 149765 570869 692308 889224 439814 449343 999999999 799778 430090 766557 301291 474777 675809 421781 444841 655522 809883 194457 830578 141989 316008 574159 411045 629352 862724 832936 449644 735158 331926 328325 811846 440976 396943 364727 696391 793983 181212 281315 367313 852079 962932 803248 582092 485412 354913 885037 476736 195593 568226 344375 619377
