NAME : synthetic_000539
TYPE : CTSP-D
DIMENSION : 100
GROUPS : 8
RELAXATION_LEVEL : 1
EDGE_WEIGHT_TYPE : EXPLICIT
EDGE_WEIGHT_FORMAT : FULL_MATRIX
EDGE_WEIGHT_SECTION
999999999 384322 494446 726660 1286495 666565 438982 1154666 1035991 970768 221611 352626 646733 832661 930666 561416 442503 495123 981773 1141668 338769 463604 977385 1102677 899953 769516 989409 70874 1294598 577500 810892 590489 443334 952789 904717 636103 452083 930357 675701 736423 1151166 1043058 911691 476731 748806 622817 1227450 436161 131369 960226 787665 890636 831081 851784 82350 511894 735418 694330 874061 848479 885761 959471 822333 952395 627285 1020750 535690 635925 611572 499975 611490 121876 1098106 340966 902614 506242 896987 917560 44137 756628 123112 954050 22148 653492 524518 681534 57165 1033086 1190524 735690 604271 1226696 135351 191818 197077 290157 1155399 696586 807898 406149
384322 999999999 257778 576224 903658 392797 204383 773835 666319 586691 215850 143257 357894 577747 708111 232972 276632 170322 600911 780303 205265 289012 716133 720252 611922 553290 606038 321621 913092 362800 543992 277694 254569 571207 665064 394666 181178 690148 352527 389665 783572 659884 692411 99027 374000 349614 843377 162370 255499 650702 413535 547422 569087 609554 314445 150977 366155 340564 530620 465184 553918 598786 507182 570794 307827 668531 283377 415937 230276 136252 273222 263644 738631 91192 520480 219945 605791 533247 356184 388347 360189 598364 383972 311953 172027 350626 329513 651661 806654 541216 490368 846467 249228 227382 206936 230116 779725 312264 560595 107003
494446 257778 999999999 318905 874013 172146 61505 735052 759293 592192 425641 156638 154698 346108 463402 448409 534384 403003 658177 675186 456367 69292 490808 695525 811151 303011 643307 458842 872910 105800 319812 496058 512015 550826 887924 633556 76704 452668 550691 277671 693998 646088 446230 298788 344752 128561 832221 95531 375685 466490 374391 699618 786607 371472 458236 356549 317853 505632 398971 472153 719501 717837 693830 550587 158035 547546 41399 659836 354380 186287 170839 386702 630529 201457 509402 461907 803244 553347 452371 332550 405405 487689 505373 204030 164413 541845 456792 623778 823305 285452 244756 801033 389408 421077 305147 468610 716269 373532 785652 151403
726660 576224 318905 999999999 962924 257299 373084 830275 978289 756131 722526 457399 293433 222461 232482 758016 852798 718466 858180 695909 770235 296707 322206 812190 1101786 127183 828148 714353 949602 217035 239854 804972 830726 697625 1191016 947363 395567 254855 849572 427498 732763 782009 213325 613033 541862 274082 946293 413902 636630 408548 551898 965572 1088253 207102 717758 667960 509747 792072 459934 661555 992862 959949 980897 697610 361441 573452 300310 975307 640672 493060 406506 646883 655668 510704 674189 778469 1093021 737341 682650 511305 610361 545545 743632 408629 461563 838054 706542 748754 967472 83089 124715 879739 658135 711195 572989 776164 784942 625111 1091323 469319
1286495 903658 874013 962924 999999999 756636 901178 139173 421173 319869 1105651 956477 744015 747596 829207 800209 1005731 844442 364713 293395 1033667 940034 725063 183987 780907 836779 330636 1225264 36992 868411 723739 804308 983250 334349 915017 897923 871694 782111 747062 597931 246041 243847 835342 819008 543787 776847 80735 880150 1155674 575878 507415 605451 849305 775991 1218053 801821 563721 676330 507978 438491 646475 505613 713037 334720 716470 394052 841056 932692 687962 789886 707826 1164740 321674 950615 383962 873568 771665 376308 1254895 545506 1240083 418213 1287327 670672 771705 729646 1232745 254888 170179 880213 1009059 84484 1152291 1124423 1096506 1083830 179279 594079 883215 891215
666565 392797 172146 257299 756636 999999999 230067 618389 723442 512650 585839 323913 40265 184976 318174 528290 659127 500931 606100 526905 598060 214409 325719 589138 851743 176861 579465 630253 749944 115056 152695 573085 634488 458979 948003 720490 227929 297499 606993 176232 552371 549670 303884 397403 285931 45238 726763 247619 547117 295631 299600 709476 844882 217430 629240 444162 253812 543256 254023 409212 737945 702748 730188 458879 110043 397153 131078 751733 395385 275307 157757 558128 482538 360179 428688 562193 842652 487583 624371 257477 574876 346569 677498 152399 237830 593812 628631 520466 734669 186774 258315 677832 559739 584873 476490 619149 587020 369386 851444 298315
438982 204383 61505 373084 901178 230067 999999999 763052 757074 608315 364206 95279 207806 407097 524813 410587 480258 359687 663248 716705 398132 87657 551558 719990 781595 364096 652864 400302 902351 165409 379920 458213 458740 572174 851304 590329 37247 514125 519134 312562 732481 667468 507566 258850 361922 185299 854990 46493 317213 521402 395329 681969 751348 432901 399180 318577 338433 481761 442452 485298 698571 708756 667002 571890 195030 591039 99715 614750 334774 161113 193583 328214 672252 140824 527734 416515 774162 565340 397813 355784 356714 528181 448854 232626 151638 512000 399075 648032 839720 344921 287150 831070 329729 359601 246582 408385 749439 369895 747926 97661
1154666 773835 735052 830275 139173 618389 763052 999999999 379352 203588 979960 820431 605085 618737 710053 688564 895246 727195 286652 200319 914300 800923 610380 62027 724387 705159 241794 1094884 140330 729651 592524 698144 871674 202747 859354 805120 734106 662718 649655 458766 152624 123792 714465 692916 408123 637898 120252 743070 1023483 455428 370832 539255 782700 649295 1088105 680727 426587 573346 372170 311186 582285 447971 640143 203171 577402 271507 701921 841199 565318 655987 569536 1032792 213629 816716 253820 761485 714489 260491 1121986 407801 1104621 284821 1156330 531961 636166 631391 1101703 122384 179584 747276 872131 73189 1021268 997336 962856 962866 73612 468734 813648 756054
1035991 666319 759293 978289 421173 723442 757074 379352 999999999 256903 824548 771771 691847 814082 941342 481490 665210 543668 128685 553852 725689 827531 866394 327324 360249 872866 173843 966938 452769 805409 776628 465406 647877 320744 493928 515827 720333 897301 387660 550931 514586 292405 938507 567532 437594 718580 340654 719030 915343 711048 426822 195990 432696 852916 957053 524841 469672 344619 563346 318008 232475 93853 306187 320468 632452 557632 742891 546337 439577 602676 597756 921839 545913 742414 319738 548636 351218 249825 1014951 466987 1026454 521365 1030404 580191 605468 374732 978888 327735 253084 900567 971570 428296 902910 850286 873118 779910 445320 387313 468328 703120
970768 586691 592192 756131 319869 512650 608315 203588 256903 999999999 786017 651588 488406 572379 692611 485354 691981 526004 129857 319252 714526 661112 612388 142669 553086 641263 83238 908072 334251 611588 537349 494594 668599 64708 685649 604767 575367 647341 448207 336941 289805 79857 691399 499762 247563 519250 256692 580725 840731 455535 219374 365042 600360 609688 900489 482088 274781 370466 314641 124614 408144 291464 455357 64498 442598 302177 565602 641253 368105 480325 421354 849435 301738 639618 84422 558434 542811 57228 940770 262538 931503 264780 970646 391141 467323 429721 916204 93563 231490 674825 770329 275474 835887 805216 784212 764261 240917 275170 628252 584000
221611 215850 425641 722526 1105651 585839 364206 979960 824548 786017 999999999 270187 555581 768498 889020 344658 227742 280882 780940 995586 118769 427003 911408 924046 679212 728027 794048 150871 1117641 528397 738454 370572 224804 777463 690576 417525 358378 877495 455703 604507 997660 862282 871737 287067 587433 540771 1041070 338440 141626 859855 626960 671636 612565 796166 139264 308194 581274 480300 745657 668920 665211 744510 600878 777024 514864 884373 461377 420535 418312 351289 485024 139985 954173 225958 726238 285675 676016 730354 215187 603545 267431 814207 211168 525163 385286 462495 166372 857604 995762 706176 614822 1053044 114842 30993 166961 78217 990482 511838 591237 288436
352626 143257 156638 457399 956477 323913 95279 820431 771771 651588 270187 999999999 298868 502340 619301 372893 406038 312815 690091 791448 314558 160894 646693 773085 751606 457942 686314 308766 960684 258213 474762 418886 386819 623011 808152 537667 99920 609298 489934 385301 803435 717021 601844 226053 412693 278800 904647 83548 226317 611736 449602 673423 711590 528110 306780 285132 394306 467208 521660 526980 684346 713530 643247 622674 274671 668896 194671 558074 334090 173215 260747 237198 747502 56545 575392 363111 745079 603696 313528 414147 284593 603149 360559 302522 185017 486074 308979 701631 880710 436332 359089 890627 236545 264520 156359 318883 813618 392162 703717 69181
646733 357894 154698 293433 744015 40265 207806 605085 691847 488406 555581 298868 999999999 220896 356672 488153 621438 461521 576749 526264 563006 207341 358390 572464 812486 217117 552222 607221 739207 125172 186126 532867 596615 437392 908008 680359 200281 334154 566886 152006 548540 529934 342835 358472 254570 32861 710347 219251 524335 313608 271815 672209 804889 255030 605559 404422 222721 503679 250132 380478 700005 668162 691013 437254 70083 397234 113657 711709 355330 236946 117629 535303 481615 331054 404033 522759 803450 460132 605322 228834 560095 341519 656640 115239 199077 553798 606546 502511 713710 225655 282760 666977 535413 556102 453802 585883 578096 331792 811279 267176
832661 577747 346108 222461 747596 184976 407097 618737 814082 572379 768498 502340 220896 999999999 141768 700149 842089 679111 687711 474351 783012 369176 145089 607255 996727 96867 650908 802733 732186 255223 40462 742812 817138 509620 1102923 891561 410165 113457 766677 282464 512574 584955 132108 577753 399175 228942 737204 430179 719813 186255 395296 837911 1000357 40171 802849 620638 369849 695575 259655 498410 871398 812403 875433 509706 282136 354652 307852 924371 556949 457355 328162 730802 434993 542542 496493 740085 987087 564968 789264 362730 731084 335421 845565 307189 419159 751741 799417 549084 767425 145717 306086 663605 734871 765989 649724 803832 568532 509510 1010845 482371
930666 708111 463402 232482 829207 318174 524813 710053 941342 692611 889020 619301 356672 141768 999999999 840817 977182 817767 813447 540605 912791 471778 110495 708303 1137158 162493 773681 908230 808907 361973 182023 883898 952619 628354 1244407 1032527 533753 47335 908445 422519 584902 694831 19558 715137 537713 359176 830274 553897 826595 254641 530776 975681 1141923 103043 909696 759931 509262 837132 378557 629913 1010087 945616 1016072 628507 421268 438581 429076 1065042 698615 593416 468076 837411 507820 664387 621692 878924 1127449 691529 886619 500726 821010 438588 945542 448655 555721 893493 902993 657241 871304 195875 350859 744821 844350 883645 758154 929984 651178 650484 1152587 608260
561416 232972 448409 758016 800209 528290 410587 688564 481490 485354 344658 372893 488153 700149 840817 999999999 206686 68118 451512 754527 244952 498106 820077 628022 379077 704474 473399 491057 818086 541866 661037 47707 183308 496019 440726 192206 377365 812302 121000 442110 743100 565150 828484 151815 362761 494675 728414 364099 449590 714562 395806 329916 341096 737812 480466 92130 375123 137052 563042 388447 329068 399891 275772 495523 420362 669775 458769 224235 154791 265186 372988 454345 719797 323948 446917 73359 372848 428201 545368 394662 571104 600126 553750 393872 296929 122415 504371 570584 671267 705844 693008 760809 432847 371763 421558 298895 715872 244246 337596 319430
442503 276632 534384 852798 1005731 659127 480258 895246 665210 691981 227742 406038 621438 842089 977182 206686 999999999 180292 651954 955909 111565 562603 974347 834649 461802 826339 677193 373809 1024256 639135 805800 203844 26075 701953 463271 194962 457730 955493 277593 613876 946795 771798 962406 267068 553751 618336 932845 439001 366701 887652 589862 488384 389119 876362 361612 239257 560327 332541 746005 593573 472476 576179 400193 701460 561906 864249 558636 193586 347140 384760 519090 366475 919557 349560 652353 134172 459858 634853 441695 581577 494227 793513 428347 550168 423074 290776 390538 777118 872175 816735 763634 967451 341378 258624 372692 152690 921905 443738 365401 383480
495123 170322 403003 718466 844442 500931 359687 727195 543668 526004 280882 312815 461521 679111 817767 68118 180292 999999999 504810 777363 190015 447233 805743 667965 442980 674563 522500 425085 860230 501431 641186 108416 154378 529450 495600 230836 328858 792333 188622 436896 769937 605078 804292 105606 373484 463826 775177 313661 381731 711182 409796 397515 398843 715344 414744 60411 380282 199697 566634 419897 397186 464606 342965 528968 396983 684025 418180 256999 168143 227953 351384 386645 740336 261430 478906 61270 437227 468894 478046 401410 502986 613249 488135 378313 263731 190533 437990 606807 722846 671652 645709 800116 365429 306887 353632 242175 748920 266080 391296 264786
981773 600911 658177 858180 364713 606100 663248 286652 128685 129857 780940 690091 576749 687711 813447 451512 651954 504810 999999999 439840 694093 727317 737722 227231 439017 749461 49701 915140 389713 694561 650820 448229 631139 192685 573671 533410 627594 769147 384643 431095 404823 178971 810959 505260 322782 605119 286704 629005 855688 582433 306739 252729 496114 726214 906254 473071 354230 319416 435126 196951 295880 166585 354290 192388 521447 431986 637691 568018 370841 517243 491054 863273 427046 667909 191809 523907 428986 122777 956381 348638 958430 393195 978718 468748 513600 367877 925395 209798 220234 779072 858857 348241 846662 803848 806470 746903 343234 297935 527450 620923
1141668 780303 675186 695909 293395 526905 716705 200319 553852 319252 995586 791448 526264 474351 540605 754527 955909 777363 439840 999999999 951691 733344 434032 232132 872327 568794 390186 1089616 269678 641910 457342 775693 930532 275204 1004794 903277 695063 494076 746256 406207 48940 262230 548282 717589 410324 557985 312751 708582 1011445 292312 371410 684256 918071 497712 1084830 722297 414313 664020 276498 370377 727388 606281 772926 275697 521679 129777 636512 940376 609254 648067 530765 1021723 44683 801652 315792 823147 862057 362407 1104277 392043 1072468 188621 1147133 488927 619018 727425 1093364 230171 379870 615513 760369 211065 1014776 1007481 944754 994208 127685 512189 944645 735630
338769 205265 456367 770235 1033667 598060 398132 914300 725689 714526 118769 314558 563006 783012 912791 244952 111565 190015 694093 951691 999999999 474966 921016 855838 561193 756527 712504 268560 1048716 562165 749130 262799 106156 714424 572449 298757 381409 895370 346605 581437 948273 793100 896845 235302 541796 554767 965003 361581 255426 849792 580362 563134 493802 814695 256642 233843 541943 381881 719882 604594 553606 641746 486619 713955 510719 849449 485716 302420 349662 333972 472854 255563 912506 259733 663371 177756 558226 657604 333955 564129 383217 778343 326648 508946 371993 355498 284578 793007 912661 741780 673405 987407 230565 149725 262475 54352 932496 447765 472611 305938
463604 289012 69292 296707 940034 214409 87657 800923 827531 661112 427003 160894 207341 369176 471778 498106 562603 447233 727317 733344 474966 999999999 513787 762647 867691 309323 712599 436795 938018 113953 349017 545757 541953 618929 938831 677762 121531 467928 605609 342365 754400 714070 453398 346435 413798 176593 899689 134062 354853 508942 442885 762901 838694 388547 438001 406042 386544 565500 456924 541380 781213 784367 752128 618701 223649 604518 99123 701828 416122 243944 239831 365694 688671 215308 578100 503692 860112 622599 420117 400729 363743 547429 476923 271731 227591 597987 432215 691056 892070 281545 201409 865972 372747 417493 286496 479470 779841 441040 835526 183761
977385 716133 490808 322206 725063 325719 551558 610380 866394 612388 911408 646693 358390 145089 110495 820077 974347 805743 737722 434032 921016 513787 999999999 613558 1088900 219248 695052 947822 703376 399893 173025 860208 948943 547681 1202844 1008841 553129 69847 874718 382641 479527 605900 122974 707786 488979 370666 730518 572994 864896 158966 474738 919020 1101755 128659 947920 746034 464076 798763 306091 564532 955867 879415 969531 547895 412648 339750 452033 1043044 670609 590629 455523 875886 403450 685557 547926 865895 1078909 618265 933892 451459 874507 350375 990464 427695 552114 858513 944482 567580 776865 264809 429192 640994 879849 909728 794782 944192 548533 609403 1115751 624012
1102677 720252 695525 812190 183987 589138 719990 62027 327324 142669 924046 773085 572464 607255 708303 628022 834649 667965 227231 232132 855838 762647 613558 999999999 666046 689262 181063 1041779 193608 697618 578059 636800 811258 150400 800824 743093 689679 661145 587677 422724 189119 62943 711039 637043 360567 604998 137884 697551 971784 455512 324982 479918 722619 640202 1034696 622672 381689 511606 352341 255453 523103 390892 579519 150765 539179 274890 664197 779173 507725 605936 527318 980888 234189 766648 200064 701088 656061 199841 1070933 364350 1056372 272299 1103688 491527 588170 569433 1049087 71960 163325 729138 845852 132821 968624 942152 912520 904968 118162 412226 753134 707488
899953 611922 811151 1101786 780907 851743 781595 724387 360249 553086 679212 751606 812486 996727 1137158 379077 461802 442980 439017 872327 561193 867691 1088900 666046 999999999 1025834 486918 829706 811648 893208 956287 334619 457368 602682 135061 267339 746219 1100124 262820 714640 841046 616580 1128805 527213 600994 828167 700218 735474 806649 951254 614479 188105 89691 1036769 817824 467158 628222 309731 789592 537296 144944 277471 121712 602233 742621 839188 813269 278046 461805 625094 696090 809161 853376 702993 574605 406467 10352 514167 893611 638465 933446 783740 887403 700719 648690 269706 845541 643679 613328 1038134 1054115 781351 785247 709840 790770 610896 782171 487603 127612 695394
769516 553290 303011 127183 836779 176861 364096 705159 872866 641263 728027 457942 217117 96867 162493 704474 826339 674563 749461 568794 756527 309323 219248 689262 1025834 999999999 716338 745927 822925 199949 113071 749602 802438 580764 1124271 896587 375501 162366 783597 324799 605598 661927 144346 569840 442767 210751 822089 395536 664168 282921 446825 877558 1021162 91632 747295 619006 411309 718540 337186 554861 908070 862251 904136 580789 286720 446390 270861 927366 571923 447006 334526 674997 528485 504459 561386 735787 1016581 627183 725555 409055 661816 420359 784017 325168 410856 770195 740886 627596 846616 49086 212602 753345 681858 721932 595662 771262 658434 540069 1028159 450745
989409 606038 643307 828148 330636 579465 652864 241794 173843 83238 794048 686314 552222 650908 773681 473399 677193 522500 49701 390186 712504 712599 695052 181063 486918 716338 999999999 924107 352878 672731 614932 474602 655389 147641 621251 568906 618131 728778 416595 403337 355541 129902 771937 513041 301498 581759 255756 621114 861531 538568 280422 299712 541630 688816 915687 486014 331751 346139 395175 172803 343022 216132 398478 147397 500650 384134 620236 604263 378214 513127 473801 869560 377441 667998 155026 546563 476817 92097 962221 323432 959946 348009 987450 448126 505812 399070 933589 160105 201781 747894 834979 306432 854060 815657 809390 764390 295420 296293 572077 617445
70874 321621 458842 714353 1225264 630253 400302 1094884 966938 908072 150871 308766 607221 802733 908230 491057 373809 425085 915140 1089616 268560 436795 947822 1041779 829706 745927 924107 999999999 1234412 549266 778342 519704 373663 892452 836781 566585 408552 904489 604919 686535 1097092 981504 889657 411069 691318 585596 1164700 391148 83160 920446 730532 820023 761663 824563 12300 443730 679700 624543 825942 786803 814931 889635 751472 892045 581665 971036 499335 567392 545905 443497 561951 72143 1046536 288380 841884 435388 826637 854149 71724 701301 147027 903142 63646 603886 470663 610880 17613 972883 1125586 715471 595210 1167304 74843 120949 153766 221136 1098233 633165 739094 355204
1294598 913092 872910 949602 36992 749944 902351 140330 452769 334251 1117641 960684 739207 732186 808907 818086 1024256 860230 389713 269678 1048716 938018 703376 193608 811648 822925 352878 1234412 999999999 862837 709880 824046 1001364 341963 946098 921628 873840 762032 769290 595671 224023 255833 815742 830619 548451 772068 112672 883058 1163481 557037 511085 634156 878508 759298 1227495 815899 566673 696805 498669 448887 675657 535357 740813 342368 714956 377583 838902 956777 701183 796232 708768 1172736 301279 956980 392620 891383 802287 391337 1262136 547640 1244926 407412 1296048 670616 776487 751604 1241426 261557 204151 867248 999871 72230 1160971 1135631 1103103 1098188 164950 605832 911939 896383
577500 362800 105800 217035 868411 115056 165409 729651 805409 611588 528397 258213 125172 255223 361973 541866 639135 501431 694561 641910 562165 113953 399893 697618 893208 199949 672731 549266 862837 999999999 235851 589064 616400 561933 977487 730524 181721 355358 636974 276599 667334 654887 344169 396015 371986 92903 835498 201062 466774 400817 393251 767973 875136 275308 549979 451312 341089 584106 368768 500081 791829 774433 773529 561782 173257 512143 83321 758292 431572 276682 209434 477702 597570 306233 527170 561469 884797 580744 534055 349931 476842 461225 590632 225893 246765 626414 545258 627674 838238 179720 167113 790635 483357 521988 397418 573768 700694 430581 876762 256976
810892 543992 319812 239854 723739 152695 379920 592524 776628 537349 738454 474762 186126 40462 182023 661037 805800 641186 650820 457342 749130 349017 173025 578059 956287 113071 614932 778342 709880 235851 999999999 703398 780690 475268 1062509 852208 380282 151366 726489 242138 493178 553095 172568 540595 359117 197684 709920 400093 695227 178278 356051 797879 959965 80503 777959 582397 329613 655178 227312 460152 831194 773405 834981 475332 244543 333651 280209 885208 517025 421104 289869 706241 416390 512671 460148 702026 946652 528044 767880 322832 712590 307870 823049 267597 382731 711485 775743 517926 736793 158297 309039 640275 709213 737085 624801 771440 545364 469048 970571 450992
590489 277694 496058 804972 804308 573085 458213 698144 465406 494594 370572 418886 532867 742812 883898 47707 203844 108416 448229 775693 262799 545757 860208 636800 334619 749602 474602 519704 824046 589064 703398 999999999 183986 511133 393093 148874 425064 854437 85215 479980 761564 574353 871925 199385 394001 540340 730355 411732 483674 750412 424862 301242 293795 780856 508666 139832 408995 128865 596211 406315 295424 379485 236333 510630 464469 696674 506051 182897 190442 312442 416846 487701 742609 368877 463634 85350 328815 438031 577130 427545 607441 628023 581448 435831 343577 92706 533833 582870 668416 751912 740686 769487 465282 399124 460113 317117 729855 271668 289891 366619
443334 254569 512015 830726 983250 634488 458740 871674 647877 668599 224804 386819 596615 817138 952619 183308 26075 154378 631139 930532 106156 541953 948943 811258 457368 802438 655389 373663 1001364 616400 780690 183986 999999999 677595 466449 192945 435314 930569 260959 587847 921758 748364 937963 241418 527862 593979 910866 416824 360757 861664 564073 474295 388045 851605 361609 213205 534302 311971 719933 568974 460321 559862 389715 677103 536628 838392 535465 196542 321554 359785 493575 361303 894022 330274 627823 110189 454859 611420 439924 555573 488760 767627 430219 524398 398018 273150 389977 753140 851361 793497 743229 944021 336404 255789 361981 153562 897548 418426 366463 361568
952789 571207 550826 697625 334349 458979 572174 202747 320744 64708 777463 623011 437392 509620 628354 496019 701953 529450 192685 275204 714424 618929 547681 150400 602682 580764 147641 892452 341963 561933 475268 511133 677595 999999999 733223 631578 541014 582936 474173 285415 253164 95386 627396 490507 211030 469082 282865 548262 821771 390933 177013 415750 644143 546519 885566 480581 233958 393096 250941 109833 458186 349538 499132 507 396968 241813 521571 668542 364778 455541 380912 830952 251556 616266 51279 567783 592343 88594 920739 218276 906045 200621 954102 347227 438023 455375 899482 80454 276327 615708 717283 275669 819024 794632 762177 762049 219956 267157 669945 557171
904717 665064 887924 1191016 915017 948003 851304 859354 493928 685649 690576 808152 908008 1102923 1244407 440726 463271 495600 573671 1004794 572449 938831 1202844 800824 135061 1124271 621251 836781 946098 977487 1062509 393093 466449 733223 999999999 277682 817972 1209491 341662 823340 974489 750679 1234839 592475 713949 920357 834398 804820 827000 1070504 731330 321687 103121 1142592 824540 532805 739074 407399 908687 661903 278341 412497 237325 732762 837974 966860 895320 270058 552710 702537 790414 827730 984578 755473 702632 446735 144875 644638 904966 751436 955061 909082 889567 800263 730723 354214 853645 777022 746766 1132360 1132675 916388 802851 721546 822533 615858 916641 594711 104511 759126
636103 394666 633556 947363 897923 720490 590329 805120 515827 604767 417525 537667 680359 891561 1032527 192206 194962 230836 533410 903277 298757 677762 1008841 743093 267339 896587 568906 566585 921628 730524 852208 148874 192945 631578 277682 999999999 559689 1003287 157409 627917 884683 682654 1020395 334967 537508 686550 820072 544425 551060 896683 565973 324006 195101 929490 554512 279557 554603 239262 740482 533365 298595 422383 221479 631072 612484 833311 647207 37125 338441 454528 565019 552332 873042 483300 587662 174866 265884 550875 632711 572264 679069 766334 622601 584670 487839 176204 582922 696954 747735 897221 876545 873642 527696 448476 544858 346005 845117 413249 175037 494623
452083 181178 76704 395567 871694 227929 37247 734106 720333 575367 358378 99920 200281 410165 533753 377365 457730 328858 627594 695063 381409 121531 553129 689679 746219 375501 618131 408552 873840 181721 380282 425064 435314 541014 817972 559689 999999999 519874 484078 289127 708904 636113 517185 226141 330157 182722 823861 20152 326225 512229 364699 644888 717515 438566 406329 285235 308059 445196 423226 451778 661765 671561 631019 540716 175480 571107 104777 585136 297669 124093 166497 337094 650856 132442 495661 386930 738678 531329 412344 326311 377579 506474 460377 207254 114892 476526 408899 617776 806549 360746 316873 802919 335850 356945 256246 396246 722921 333318 714952 75508
930357 690148 452668 254855 782111 297499 514125 662718 897301 647341 877495 609298 334154 113457 47335 812302 955493 792333 769147 494076 895370 467928 69847 661145 1100124 162366 728778 904489 762032 355358 151366 854437 930569 582936 1209491 1003287 519874 999999999 875661 386245 538068 648238 54859 691187 499480 340653 782939 539994 822111 207311 490550 936115 1107358 81334 905319 733681 471919 802749 334022 587641 971227 903565 979434 583100 395429 391249 416121 1036430 667286 570784 441140 833029 460852 651801 577563 853243 1090324 647606 886515 462195 823887 391854 944385 418620 532607 860280 900138 610540 824202 203945 366204 697702 838600 873725 752750 915054 603964 614853 1119089 593161
675701 352527 550691 849572 747062 606993 519134 649655 387660 448207 455703 489934 566886 766677 908445 121000 277593 188622 384643 746256 346605 605609 874718 587677 262820 783597 416595 604919 769290 636974 726489 85215 260959 474173 341662 157409 484078 875661 999999999 492135 727291 526638 897933 264661 392035 578728 670648 472903 568049 753478 417075 216571 238722 805868 593878 204870 412686 82959 594278 376872 210349 298908 154891 473667 496960 679383 555465 194378 211682 364416 449258 572291 716609 442945 430514 170148 255776 393811 662100 428337 690962 613679 666638 461136 390491 18832 619029 539971 603039 790801 794828 719057 550082 484327 542241 400767 688133 267570 244745 432656
736423 389665 277671 427498 597931 176232 312562 458766 550931 336941 604507 385301 152006 282464 422519 442110 613876 436896 431095 406207 581437 342365 382641 422724 714640 324799 403337 686535 595671 276599 242138 479980 587847 285415 823340 627917 289127 386245 492135 999999999 420056 378365 414374 349841 118331 183709 560487 302378 606963 274290 124444 556390 721389 322610 682453 376507 87726 417150 141179 234214 589181 537454 593589 285273 119689 284557 243269 662779 289580 253451 124934 617423 362203 398192 252741 494513 704938 311577 698450 84419 666704 217854 742646 82934 219571 476072 689359 351988 561742 349826 433392 523662 611878 612552 539352 616079 438682 228636 734023 331366
1151166 783572 693998 732763 246041 552371 732481 152624 514586 289805 997660 803435 548540 512574 584902 743100 946795 769937 404823 48940 948273 754400 479527 189119 841046 605598 355541 1097092 224023 667334 493178 761564 921758 253164 974489 884683 708904 538068 727291 420056 999999999 225884 591890 715986 410254 580836 263831 721400 1020301 333844 370760 653031 890160 537793 1091808 716603 417983 645941 298811 355317 696334 571348 745160 253670 538086 160003 656409 921668 602007 653887 543020 1030381 77923 810304 298161 813175 830843 337296 1114805 396088 1086378 207055 1155728 501709 626845 708484 1101595 197470 332154 651441 792163 162908 1022300 1010936 954827 992438 79332 503861 917930 745186
1043058 659884 646088 782009 243847 549670 667468 123792 292405 79857 862282 717021 529934 584955 694831 565150 771798 605078 178971 262230 793100 714070 605900 62943 616580 661927 129902 981504 255833 654887 553095 574353 748364 95386 750679 682654 636113 648238 526638 378365 225884 999999999 695869 575423 305976 561984 187832 643076 912421 446944 272395 428999 669294 619967 974244 560094 329337 449731 325802 194701 472344 345464 525115 95651 491680 275370 616470 718938 445366 548153 476288 921387 253786 708581 141713 638188 606446 136949 1011931 313558 999308 256493 1043665 442340 532014 508272 989104 38656 185766 699363 807788 195660 908664 880748 854110 842391 166939 350484 698715 650615
911691 692411 446230 213325 835342 303884 507566 714465 938507 691399 871737 601844 342835 132108 19558 828484 962406 804292 810959 548282 896845 453398 122974 711039 1128805 144346 771937 889657 815742 344169 172568 871925 937963 627396 1234839 1020395 517185 54859 897933 414374 591890 695869 999999999 701222 530515 344108 834581 537314 808140 259674 524933 969011 1132201 92248 891208 746787 501560 827452 376841 625565 1002924 940870 1007533 627534 408406 443296 412433 1052644 687571 579179 455523 818939 514470 647426 619151 865503 1119154 688707 867629 493777 801769 440185 926653 437391 541683 883195 884309 658555 873738 176584 331334 750884 826074 866055 739851 913423 656836 641616 1142323 591910
476731 99027 298788 613033 819008 397403 258850 692916 567532 499762 287067 226053 358472 577753 715137 151815 267068 105606 505260 717589 235302 346435 707786 637043 527213 569840 513041 411069 830619 396015 540595 199385 241418 490507 592475 334967 226141 691187 264661 349841 715986 575423 701222 999999999 307281 359251 755676 212382 350669 622156 346237 450668 492849 613192 402735 60265 306642 243598 486143 381853 459313 499849 417276 490064 296090 614147 312723 362277 134886 122840 252280 358080 677866 182925 439256 166384 520359 444704 451271 328837 458931 543041 474416 283227 159584 260134 420649 570576 714535 566179 542657 766018 341487 305465 305588 276667 704858 224946 489091 168348
748806 374000 344752 541862 543787 285931 361922 408123 437594 247563 587433 412693 254570 399175 537713 362761 553751 373484 322782 410324 541796 413798 488979 360567 600994 442767 301498 691318 548451 371986 359117 394001 527862 211030 713949 537508 330157 499480 392035 118331 410254 305976 530515 307281 999999999 282390 493769 337234 617438 361463 39553 438763 613223 439338 685305 315732 32137 312611 203015 128748 472430 419709 480887 210719 199273 310589 319404 573722 208864 248881 173968 627048 370716 409187 165839 424903 591123 210034 714967 37537 696570 239765 751599 146663 228077 374726 697063 288973 478940 466082 536120 479082 616938 601143 555353 583884 406922 124736 628556 347932
622817 349614 128561 274082 776847 45238 185299 637898 718580 519250 540771 278800 32861 228942 359176 494675 618336 463826 605119 557985 554767 176593 370666 604998 828167 210751 581759 585596 772068 92903 197684 540340 593979 469082 920357 686550 182722 340653 578728 183709 580836 561984 344108 359251 282390 999999999 742882 202453 502493 337951 301623 692578 817322 259941 584447 408376 250910 518598 282207 409498 719099 692176 707072 468935 88339 428713 87188 716946 368135 236480 132424 513498 513370 315028 434832 525060 819315 489675 580879 258409 533153 373882 633426 138871 200106 566389 584201 534892 745402 212222 253739 699838 514811 539657 431859 574891 610901 352340 822282 253583
1227450 843377 832221 946293 80735 726763 854990 120252 340654 256692 1041070 904647 710347 737204 830274 728414 932845 775177 286704 312751 965003 899689 730518 137884 700218 822089 255756 1164700 112672 835498 709920 730355 910866 282865 834398 820072 823861 782939 670648 560487 263831 187832 834581 755676 493769 742882 999999999 830907 1097330 575662 459689 524922 768638 768447 1157052 734977 516623 601824 486616 379782 565829 424903 632788 283158 676445 391753 801464 854522 622760 735074 663167 1106076 331464 895138 329264 801705 690960 310972 1197267 500160 1186421 402131 1227322 628202 719677 653515 1172889 208736 92085 863208 983036 112034 1092578 1060943 1040240 1016004 186055 531609 802638 837969
436161 162370 95531 413902 880150 247619 46493 743070 719030 580725 338440 83548 219251 430179 553897 364099 439001 313661 629005 708582 361581 134062 572994 697551 735474 395536 621114 391148 883058 201062 400093 411732 416824 548262 804820 544425 20152 539994 472903 302378 721400 643076 537314 212382 337234 202453 830907 999999999 309202 530348 372753 638357 704859 458691 388626 272084 316516 436860 438147 456618 654068 667967 621313 547950 191186 585534 124890 569253 291564 118237 178381 320005 664527 112579 502069 370979 728100 535425 397017 335465 365131 520135 443903 219847 115469 465973 391959 625757 811473 380359 332384 812442 317993 337348 239659 376111 733632 332965 701469 55915
131369 255499 375685 636630 1155674 547117 317213 1023483 915343 840731 141626 226317 524335 719813 826595 449590 366701 381731 855688 1011445 255426 354853 864896 971784 806649 664168 861531 83160 1163481 466774 695227 483674 360757 821771 827000 551060 326225 822111 568049 606963 1020301 912421 808140 350669 617438 502493 1097330 309202 999999999 837709 656299 779214 744969 741996 83208 390659 604150 577791 745586 717984 778107 842187 719398 821380 500165 891502 416181 557284 484859 368607 482101 11017 968058 210005 771728 402691 802630 788023 100729 625420 128069 824233 135719 524108 393488 571723 82770 902014 1062101 634700 519582 1095439 28212 112853 70634 219837 1024045 567303 725943 275861
960226 650702 466490 408548 575878 295631 521402 455428 711048 455535 859855 611736 313608 186255 254641 714562 887652 711182 582433 292312 849792 508942 158966 455512 951254 282921 538568 920446 557037 400817 178278 750412 861664 390933 1070504 896683 512229 207311 753478 274290 333844 446944 259674 622156 361463 337951 575662 530348 837709 999999999 339579 775475 971442 205926 918490 650788 342134 673830 161851 417796 814052 729060 834344 391173 344997 183940 425095 932339 560431 516341 377673 848656 256005 639782 395052 768678 941082 465051 918589 325275 870503 191900 970248 340874 479031 736187 920050 408615 618822 331386 487173 491398 848075 863465 767253 880524 397188 485979 988570 573576
787665 413535 374391 551898 507415 299600 395329 370832 426822 219374 626960 449602 271815 395296 530776 395806 589862 409796 306739 371410 580362 442885 474738 324982 614479 446825 280422 730532 511085 393251 356051 424862 564073 177013 731330 565973 364699 490550 417075 124444 370760 272395 524933 346237 39553 301623 459689 372753 656299 339579 999999999 445677 631903 435207 724593 352813 56948 335877 178267 109800 481525 417453 495981 176745 223228 274667 346519 602537 243449 287692 204027 665969 332270 447642 135474 459796 604435 188346 753522 43334 733889 204454 790652 171899 265638 399240 736145 253095 449379 473748 554574 441238 656087 640694 593750 622899 367813 153268 649124 385674
890636 547422 699618 965572 605451 709476 681969 539255 195990 365042 671636 673423 672209 837911 975681 329916 488384 397515 252729 684256 563134 762901 919020 479918 188105 877558 299712 820023 634156 767973 797879 301242 474295 415750 321687 324006 644888 936115 216571 556390 653031 428999 969011 450668 438763 692578 524922 638357 779214 775475 445677 999999999 244645 878066 809178 396771 468665 207077 615144 357934 43346 102691 110275 415311 604460 654312 693580 352659 347225 520859 561073 784154 665761 633536 390309 386528 177863 327523 875278 475254 899108 601493 882199 557206 535639 209191 833727 455620 442777 895679 933964 598892 762762 699848 747608 617240 595130 340465 277808 609002
831081 569087 786607 1088253 849305 844882 751348 782700 432696 600360 612565 711590 804889 1000357 1141923 341096 389119 398843 496114 918071 493802 838694 1101755 722619 89691 1021162 541630 761663 878508 875136 959965 293795 388045 644143 103121 195101 717515 1107358 238722 721389 890160 669294 1132201 492849 613223 817322 768638 704859 744969 971442 631903 244645 999999999 1039963 749579 432827 637725 304791 809804 567049 202865 343853 145146 643667 734854 873589 793189 198360 449598 600827 687298 746579 895622 660036 610614 353726 93901 555954 827750 650630 872787 813921 817353 697251 628414 251100 778020 693124 684525 1029287 1031278 843363 722094 643498 735219 540931 836171 492874 38324 660414
851784 609554 371472 207102 775991 217430 432901 649295 852916 609688 796166 528110 255030 40171 103043 737812 876362 715344 726214 497712 814695 388547 128659 640202 1036769 91632 688816 824563 759298 275308 80503 780856 851605 546519 1142592 929490 438566 81334 805868 322610 537793 619967 92248 613192 439338 259941 768447 458691 741996 205926 435207 878066 1039963 999999999 825186 657274 410016 735208 295827 537805 911569 852147 915440 546619 318552 382022 334790 962042 595751 491975 365179 752939 459902 570467 534737 776443 1027141 603542 808080 402866 747131 367913 865421 345692 454036 791058 820527 583622 801309 139229 303870 691705 758110 792486 672408 833911 596716 549461 1050183 511976
82350 314445 458236 717758 1218053 629240 399180 1088105 957053 900489 139264 306780 605559 802849 909696 480466 361612 414744 906254 1084830 256642 438001 947920 1034696 817824 747295 915687 12300 1227495 549979 777959 508666 361609 885566 824540 554512 406329 905319 593878 682453 1091808 974244 891208 402735 685305 584447 1157052 388626 83208 918490 724593 809178 749579 825186 999999999 434367 674165 614314 822190 779563 803794 879346 740053 885156 578679 966845 498496 555190 537477 437985 558066 72314 1041878 284293 834902 424206 814795 846359 83744 695854 157401 898695 73405 599942 465813 600005 29770 966014 1117256 717484 599295 1160618 70803 109637 153182 208955 1092158 625451 726925 351330
511894 150977 356549 667960 801821 444162 318577 680727 524841 482088 308194 285132 404422 620638 759931 92130 239257 60411 473071 722297 233843 406042 746034 622672 467158 619006 486014 443730 815899 451312 582397 139832 213205 480581 532805 279557 285235 733681 204870 376507 716603 560094 746787 60265 315732 408376 734977 272084 390659 650788 352813 396771 432827 657274 434367 999999999 321156 190411 506857 370751 402990 452283 358277 480111 338723 626260 368046 308801 115839 174981 292541 397022 684472 239519 429538 119873 460392 425520 490110 342532 505181 555311 507370 318415 208704 201134 454955 559247 687651 618058 601024 753876 378158 330782 352389 282300 698852 214133 429723 228595
