NAME : synthetic_000147
TYPE : CTSP-D
DIMENSION : 100
GROUPS : 8
RELAXATION_LEVEL : 1
EDGE_WEIGHT_TYPE : EXPLICIT
EDGE_WEIGHT_FORMAT : FULL_MATRIX
EDGE_WEIGHT_SECTION
999999999 190995 479885 198759 709954 766992 444501 681169 404872 389965 191907 266733 493421 431987 218704 718698 544001 333513 620652 511990 113843 247426 280461 142836 254579 369432 347992 470735 269313 546838 310539 247951 412839 477564 649962 421526 350802 561340 284750 244579 304773 784144 304710 323589 306991 559391 640187 568062 696741 142959 273937 255874 150901 729477 138235 509712 316008 441739 501829 184031 321544 476666 659984 200971 54379 689018 781227 505417 510189 239185 490338 122579 529987 182815 261996 536098 291291 304454 264950 181033 513750 425489 305153 420511 301750 603172 675900 484818 274162 155898 324679 615690 600395 640183 325780 507659 78810 336815 292392 547099
190995 999999999 594921 23452 893297 837899 497061 872159 541623 566727 381495 388978 537370 509240 249935 907981 724929 517846 783568 700480 270465 436745 457816 63185 441728 359954 533702 659164 332258 730556 374746 60855 475257 618110 835082 612519 172711 626905 349736 228167 150170 846594 176937 297615 310526 748072 826268 757142 885012 333464 206553 199025 45114 920383 314524 698379 157733 533671 687814 260896 506300 626503 849553 384605 144480 795989 847284 595971 593068 135306 670789 134930 670501 250465 326524 705639 270853 213574 354161 194936 560735 615971 478483 554135 485897 792148 750897 596333 204497 293312 145949 802959 783275 803563 206812 697259 264305 227361 106016 736860
479885 594921 999999999 615585 488287 318679 195258 622873 745901 272041 391383 672846 937746 133327 354940 575717 682049 537877 281491 425889 366534 379064 554825 533144 355748 845826 338317 563838 271650 383080 761190 619502 178985 97721 463534 462259 763328 980269 738842 401335 590282 347799 760911 803173 783183 455331 704296 612700 540371 446169 461984 732554 580437 671436 361857 427784 600726 88977 611694 649755 529847 138432 666840 348632 525389 209246 339186 901859 107886 701194 649937 460797 831939 344576 275603 266914 770951 493971 705633 660872 211724 431549 582652 82546 526546 638192 232150 854168 465134 586210 644793 467873 706319 298312 787337 565013 418779 526714 693066 470409
198759 23452 615585 999999999 905426 860855 520110 878792 533807 580267 390502 380723 519495 531581 272520 917350 725289 519984 799935 710332 285103 445967 458107 82496 452047 339520 544715 662880 354411 742460 360203 68044 498009 636819 846551 619494 156472 610422 335677 251586 165579 869747 153620 276796 291643 757823 828482 761171 895039 339650 229459 177871 47879 926528 327081 708125 172023 555457 690190 250448 508642 644274 853887 395965 148896 817481 870362 582090 615374 112619 671117 154876 662564 271501 348573 720828 250822 235265 342573 180792 583973 624204 477649 573293 488094 796064 773675 584826 227346 289051 153793 813495 784211 819885 183420 701767 274473 247367 93728 745833
709954 893297 488287 905426 999999999 699617 676770 228512 695885 329959 520919 727001 967580 612204 731293 120791 456224 488495 220720 212823 625099 466398 555321 833920 455950 974909 362200 378947 671976 163119 843899 941944 651743 393025 65033 335382 1060247 958441 833807 789858 959058 739544 1008013 961783 922092 174205 390772 335435 91479 582993 854434 936699 858428 254059 578773 216381 971141 569614 404215 792458 491880 355515 315001 509645 763796 524243 724585 865593 593337 942097 466359 773388 705267 693999 671225 226333 935628 892826 790059 848014 699980 311455 563695 444626 507145 332814 649591 796885 857009 708671 1000601 112618 434053 211866 1024326 341011 631845 931183 998671 200342
766992 837899 318679 860855 699617 999999999 341056 885705 1064170 580601 707187 984728 1245655 336035 588998 810872 988375 855886 482216 709853 659476 697602 873285 782812 674341 1136166 652488 870340 510780 649453 1065500 844724 363614 389024 699916 769379 989494 1293981 1041746 613381 784218 40347 1013971 1087193 1073886 727952 994984 906146 775448 757826 656572 1005687 835961 928583 666785 712633 791672 326747 917580 946947 848114 424872 945705 663909 804378 175374 24978 1217876 257072 961952 960706 714899 1150185 600190 517422 522736 1054917 675421 1011847 945046 281362 736363 901261 400673 845159 927143 91355 1171899 659628 891476 842202 721143 1005798 488306 1043051 865278 717953 695683 920687 749306
444501 497061 195258 520110 676770 341056 999999999 787362 794824 410647 438759 688869 936138 64571 249387 755031 798249 619352 476130 582935 348891 451360 613753 443060 431748 808328 454824 684358 176547 555181 753246 504231 36800 284457 645653 586968 649482 996738 727993 272652 449513 350001 673469 755789 747098 619720 842904 751122 720649 471366 319471 669965 496808 837985 372770 583926 458011 107893 731356 628404 608852 321266 818278 397305 474854 331357 350268 930062 119172 622923 757285 377036 900369 266629 183716 451166 723849 342735 703717 615687 69295 562582 643788 234602 599289 780845 255971 894720 322612 585264 507238 642907 833427 493315 702775 696179 410914 368417 580252 629369
681169 872159 622873 878792 228512 885705 787362 999999999 541228 380759 493528 613821 818956 725198 769410 117024 262852 380099 409062 205469 627226 440272 452062 820603 441450 866859 363759 235399 731073 240899 728198 928373 755802 526208 195114 259740 1024061 790841 724613 826976 969079 924125 951129 867867 823037 168221 170260 148909 137511 539142 887025 865833 831030 51765 573928 205009 981152 688425 235410 709937 388477 485206 90237 501797 729988 713352 910447 699081 730444 888020 292006 773755 518722 724519 728087 365683 846809 925716 681553 778770 826733 260866 448427 556884 408390 128272 822375 628109 889027 629866 1000150 164885 223605 408275 961299 190521 611294 964413 971587 158937
404872 541623 745901 533807 695885 1064170 794824 541228 999999999 511775 360427 153179 277795 759679 613349 635969 289447 226712 734225 493853 456540 366996 191291 523855 390435 358033 433530 319153 639497 567599 224072 601061 758582 691853 632362 371394 628696 264211 234188 647701 686550 1091225 524703 382322 334476 523413 408089 392320 633970 324174 678369 425770 497709 570140 422995 489773 695925 750056 306392 285758 229880 667104 471474 403767 418006 936766 1083826 172457 819127 479274 249881 526444 128881 569351 632607 642176 373886 707190 204282 363319 861190 403693 164821 665030 225917 416417 975544 110842 678444 254326 687064 583434 347251 748028 520966 361404 396854 737083 604786 495892
389965 566727 272041 580267 329959 580601 410647 380759 511775 999999999 214400 478943 744656 350952 405777 369964 410270 287916 242501 175365 296718 169491 325588 506119 150227 701613 78271 291968 355611 171730 587267 613381 377520 191858 277003 190368 736345 766443 570551 464559 629356 613522 693872 675576 642577 217279 436280 344180 339949 281744 528243 633126 534199 432237 253683 175751 641461 318825 339770 505368 282822 159652 407659 190463 444343 433302 603100 679771 372357 627939 380208 443880 578919 365993 353514 150899 646105 566979 529749 546810 456716 159623 348231 192921 285961 372090 499828 622615 530673 424986 670664 255836 434774 260436 713272 293742 311192 605679 672632 221830
191907 381495 391383 390502 520919 707187 438759 493528 360427 214400 999999999 283743 551207 399965 304078 526848 393369 189512 455948 320135 141646 55530 175025 327558 66042 489169 159217 299510 300585 358228 382243 435922 402073 353035 459733 234414 542288 589049 363086 355441 476999 732731 487320 461304 429242 367497 472596 391952 504883 67431 408086 420622 342704 543034 88654 317826 488974 389678 338337 291541 177744 338300 480822 43465 244460 592010 726000 510799 458977 421329 343835 281386 461633 255809 294677 365265 431716 445398 324822 333341 503336 234788 205033 313808 164430 426927 617471 465739 409565 213025 506629 424203 442529 474323 504521 330426 117980 482992 484204 355421
266733 388978 672846 380723 727001 984728 688869 613821 153179 478943 283743 999999999 267916 662711 483524 690781 393226 240668 718477 514656 340447 312385 171686 374338 334661 253336 405605 378512 522141 578563 117096 448118 654038 636326 661969 391833 478981 309839 110796 511150 535169 1007829 378788 257356 210793 553702 510387 470146 681040 227062 535562 280994 345438 651543 319959 510954 544253 660667 384669 133152 235800 619357 559674 325072 271018 875576 1002287 242027 731060 329157 342843 384242 281845 443287 514927 624899 240912 562071 68072 211653 757414 416345 166912 596999 219859 500639 893942 218322 535345 110840 534140 616112 454670 734998 378583 423500 278312 590116 452233 530241
493421 537370 937746 519495 967580 1245655 936138 818956 277795 744656 551207 267916 999999999 917136 708539 912975 563881 482774 981476 760017 589600 579851 424561 552144 602346 196633 669541 595017 762417 829897 182997 583426 903116 904099 903182 635550 543514 103130 208674 721795 684666 1266805 431491 256702 229057 793659 680596 670060 909687 491871 728128 349582 505042 846922 578951 756055 690221 919462 584173 310310 481794 887233 747550 591837 473922 1142251 1262185 143323 989759 420188 527253 589464 335713 676027 755090 887854 273907 744990 233966 347599 1005412 664761 408935 863445 470574 693549 1154431 206228 726978 354307 661975 854989 618827 997252 412275 638150 529018 763684 551977 767291
431987 509240 133327 531581 612204 336035 64571 725198 759679 350952 399965 662711 917136 999999999 259542 690939 745669 574074 412690 521451 327658 406236 574369 451327 385327 800592 399701 630286 177407 491606 735211 523780 46699 220068 581280 531420 669566 972303 710716 294658 479967 352158 683116 751172 738468 557256 785583 693568 656452 439612 349263 670191 503254 775573 342972 522587 489453 44452 677704 613717 564106 256696 758392 357177 468364 293956 349418 901742 83857 628635 706587 381493 860321 265169 183582 386610 718905 377238 683341 609119 108010 505595 604092 170521 556067 722542 245735 862554 352456 563370 536664 579149 778523 430161 711510 639896 388216 406810 599426 567737
218704 249935 354940 272520 731293 588998 249387 769410 613349 405777 304078 483524 708539 259542 999999999 774642 697440 490895 580806 571550 166136 344354 458955 193856 335430 565451 405687 600542 84171 577328 526652 266072 225629 396061 682019 522265 411384 779658 500442 58784 239912 599333 425098 510306 505717 617506 773058 688274 745482 301854 123168 421714 247426 820915 215806 570760 251194 286183 641395 398337 478746 413980 772475 278150 235665 549247 599251 723755 343398 373543 647530 128467 733319 48285 79506 517761 478839 161560 483288 373401 315619 511376 487936 329508 462812 722485 501278 700305 125791 373236 291770 661208 746040 600748 454067 627150 218726 200074 341037 615435
718698 907981 575717 917350 120791 810872 755031 117024 635969 369964 526848 690781 912975 690939 774642 999999999 370700 450632 328662 208071 648598 471397 521854 852125 466716 943556 377474 318425 725111 202335 807377 960937 726642 478110 113310 307724 1068249 892388 800820 833328 990270 850366 1004738 938170 895383 160416 286781 250454 35858 581715 896226 925444 869547 134176 597801 209907 1002432 650620 331316 773671 456780 437962 207182 525509 770589 635905 835836 799805 683182 939862 392007 798020 626243 733057 723236 308980 914630 935082 757064 836908 785990 295232 523914 520452 474945 238146 755436 729361 898536 690917 1026755 114630 337580 323370 1017870 274832 643694 973897 1011051 171997
544001 724929 682049 725289 456224 988375 798249 262852 289447 410270 393369 393226 563881 745669 697440 370700 999999999 211425 563999 297592 533375 358225 267209 685881 373165 637174 347291 118330 687765 373846 497908 785299 762181 599809 400181 219907 852603 529188 500109 747945 848682 1022435 763012 649791 602472 304622 119262 121474 377905 407949 797577 668736 680273 284463 481747 293804 859984 720250 70795 511778 223653 563549 184270 422900 581561 831832 1011438 438230 779415 705937 54172 658584 256101 649164 682568 486006 634128 833604 460287 588665 853669 252069 248902 601524 242682 134585 909624 367183 798771 443473 866613 352012 61505 571790 766924 129230 493850 869942 811887 275453
333513 517846 537877 519984 488495 855886 619352 380099 226712 287916 189512 240668 482774 574074 490895 450632 211425 999999999 507761 277957 325223 168099 72074 476001 188784 492948 209905 147584 489858 347180 357677 577603 582576 473943 423550 153527 655227 488167 350250 539330 637809 885675 574648 489088 445346 314456 308517 245650 440374 196608 587162 486642 473792 422076 275577 274071 649205 556416 170229 330015 12293 446024 338743 225474 373539 718634 876909 398147 622179 513360 158754 447159 294382 442701 484048 415497 467106 622795 306459 400655 680699 181996 75200 455443 31954 279578 769972 337087 588269 251358 657435 376719 266887 521874 583062 190820 282779 658864 609299 290103
620652 783568 281491 799935 220720 482216 476130 409062 734225 242501 455948 718477 981476 412690 580806 328662 563999 507761 999999999 266417 516122 411904 557670 720778 392644 944089 312875 455913 508481 191015 828763 823045 456181 195771 218277 369940 956078 995505 812602 636556 819511 521711 925051 917170 884875 266841 539389 459213 293242 523376 701395 870678 756373 448890 482442 270232 831110 368448 497032 747421 505725 168217 478560 427874 674398 307398 507178 905903 381105 859786 552992 652245 780437 552703 509600 93652 887315 737812 771383 785881 490053 335113 576520 258850 513563 472198 429025 843970 704302 667447 867993 244762 564252 20085 946409 434800 543289 774345 888989 293607
511990 700480 425889 710332 212823 709853 582935 205469 493853 175365 320135 514656 760017 521451 571550 208071 297592 277957 266417 999999999 440714 264608 343088 644189 258862 762091 169682 192013 528173 77710 631399 753010 550876 332046 147969 124525 862367 758038 621033 629898 782801 746367 802979 749626 709505 47673 285163 197831 184752 377749 691788 727874 662621 256882 389735 4130 794960 486023 231015 580990 280448 291774 240997 317445 564510 544831 733932 665844 532120 737497 288601 590052 522074 528467 525553 191747 723916 730657 577310 639052 624632 98634 352942 355187 294943 217290 638479 599427 693988 497250 818753 105699 301159 274646 817727 168383 436195 769497 804060 46573
113843 270465 366534 285103 625099 659476 348891 627226 456540 296718 141646 340447 589600 327658 166136 648598 533375 325223 516122 440714 999999999 188818 293556 209410 185782 480247 271124 441105 183419 463272 407555 316889 314663 364853 568619 371318 441573 647856 383136 214571 342674 678635 411131 436642 417589 488264 614196 532680 623107 136883 266479 369197 240476 677759 53948 439121 354810 332857 479830 287531 313022 366069 620337 125432 163123 575766 674802 582226 402453 347081 482663 149533 572262 118335 176399 435751 404432 303960 356029 294470 417783 366363 322882 306837 296783 567505 568140 550568 267993 236656 378284 539608 583751 535961 434349 471146 62137 341780 376479 480830
247426 436745 379064 445967 466398 697602 451360 440272 366996 169491 55530 312385 579851 406236 344354 471397 358225 168099 411904 264608 188818 999999999 175784 382134 23522 532508 106233 256325 329541 304109 418296 490704 414603 328174 404782 182626 597793 609352 401174 398436 528968 725465 541615 508386 474018 311969 428705 344836 449355 117407 454056 472555 398187 490259 134906 262297 541015 390016 298322 337587 157904 308046 431616 66207 299948 571776 717623 526739 457078 475712 311846 333511 456449 296634 324354 319563 479654 492026 360707 384542 512641 180342 203696 298037 150395 379438 609637 475958 455735 256089 560226 368779 403303 429615 558185 283428 172726 530146 539680 300117
280461 457816 554825 458107 555321 873285 613753 452062 191291 325588 175025 171686 424561 574369 458955 521854 267209 72074 557670 343088 293556 175784 999999999 420505 199185 422233 248204 218533 469747 408386 288674 518290 577084 501256 490288 220183 588516 440861 279814 502757 584739 900807 504899 417123 373641 382070 372922 315694 510628 157108 545381 415551 413096 493581 250121 339360 595765 562027 236445 258450 65075 477758 408423 217245 314938 745933 893161 354721 630354 444625 213041 399504 286617 411689 463352 464207 395032 579290 235946 330382 678297 244989 30136 473780 48176 348990 785029 300861 546172 181396 600229 444485 326261 573078 512430 262374 242245 613881 545345 358921
142836 63185 533144 82496 833920 782812 443060 820603 523855 506119 327558 374338 552144 451327 193856 852125 685881 476001 720778 644189 209410 382134 420505 999999999 385411 387432 476126 613412 273922 671560 379532 108821 419294 554991 776514 560937 235828 635767 353413 181740 165368 793060 231794 327912 332253 691855 783016 710490 828258 285107 176204 233489 54635 869584 255701 642244 175915 473991 644640 255987 464103 563334 802117 327043 107783 735552 793092 596008 534952 180151 632022 72382 652153 189372 267842 643539 298212 194052 349960 204588 508450 562294 443559 491151 444154 745626 694784 588838 174944 270040 181863 745602 742793 740790 260404 649863 209579 217640 168242 681793
254579 441728 355748 452047 455950 674341 431748 441450 390435 150227 66042 334661 602346 385327 335430 466716 373165 188784 392644 258862 185782 23522 199185 385411 999999999 551450 93769 267685 315521 292994 439324 494221 395063 304801 395444 187351 605370 632665 421678 390799 528079 702369 552897 525677 492353 306507 438758 352895 443286 132371 448144 486628 404500 492051 132748 256860 540189 368081 311217 355247 179035 285143 437575 60350 308065 548281 694442 550220 434717 486867 328279 333378 478875 288336 310650 300993 496481 486474 381707 399209 492164 180585 226919 274599 172600 387055 586529 499464 449957 274804 561418 361448 416138 410661 570396 291917 177598 524891 545738 296735
369432 359954 845826 339520 974909 1136166 808328 866859 358033 701613 489169 253336 196633 800592 565451 943556 637174 492948 944089 762091 480247 532508 422233 387432 551450 999999999 635577 631701 631793 821454 139632 398808 778678 831417 910035 641510 347106 298326 142768 566961 501065 1152501 235584 63491 62666 803112 756131 722081 932861 422160 561777 162228 335144 903700 486714 758561 505322 811164 635834 199182 487198 822896 810160 522138 333518 1054936 1150009 306302 879545 232016 589836 438509 462390 541748 624654 852061 89505 573027 186492 192682 876943 663468 420081 780469 469913 751643 1045178 343277 560157 276648 472739 865447 697727 962014 215652 676706 427459 586885 359508 780806
347992 533702 338317 544715 362200 652488 454824 363759 433530 78271 159217 405605 669541 399701 405687 377474 347291 209905 312875 169682 271124 106233 248204 476126 93769 635577 999999999 230747 370212 199224 516464 584878 419592 265959 302012 132155 698659 688979 501094 463423 613126 684172 646504 613567 578099 217164 389270 298292 352368 223593 524181 578739 497352 415327 220754 168215 625285 373026 278374 442639 204601 236374 373526 149160 401673 509629 674411 601857 432550 580494 312122 420567 502086 361184 366675 219331 585211 562987 459287 490773 507504 110434 270224 256369 207783 329789 569361 544372 526278 360213 649322 269476 378889 329541 663693 241633 270360 601783 638300 211119
470735 659164 563838 662880 378947 870340 684358 235399 319153 291968 299510 378512 595017 630286 600542 318425 118330 147584 455913 192013 441105 256325 218533 613412 267685 631701 230747 999999999 582889 269722 493410 717939 648660 481608 316930 101602 801436 579922 489308 653894 771253 904240 722202 632661 587672 210789 173091 98615 314885 328516 707580 634001 615939 275210 387647 187954 782980 603627 47903 476977 157351 445637 191775 322498 514775 715122 893324 487026 661847 660678 97080 576904 331288 552657 578165 373511 612061 744895 446177 548230 738169 133995 213137 483547 177961 133248 791315 417989 709071 398937 795251 267537 149717 465475 730600 45010 410225 782400 753594 181787
269313 332258 271650 354411 671976 510780 176547 731073 639497 355611 300585 522141 762417 177407 84171 725111 687765 489858 508481 528173 183419 329541 469747 273922 315521 631793 370212 582889 999999999 524215 579425 350236 147890 318798 626767 495907 495464 826724 553836 131024 319621 523473 505709 579604 570556 572186 752404 664100 694161 316778 194385 495304 325991 782838 219725 527922 330402 202167 626737 453324 478218 340372 743331 265679 298307 465199 522358 764168 261062 451624 640883 204388 753042 90261 7327 452193 547583 229693 531598 439172 245386 479882 499722 252351 464892 697139 421722 733911 197416 415206 373364 610606 731653 528179 534133 604351 244820 265873 425099 573682
546838 730556 383080 742460 163119 649453 555181 240899 567599 171730 358228 578563 829897 491606 577328 202335 373846 347180 191015 77710 463272 304109 408386 671560 292994 821454 199224 269722 524215 999999999 694302 779838 525783 285865 105667 196227 897153 831734 682230 636111 800146 687095 845524 804854 766695 78841 351042 268508 170142 421188 699929 775830 695393 288526 416095 81769 812277 452654 308265 634515 348240 244872 296390 346581 600703 480293 673944 739954 490913 779549 366273 612175 599469 537706 522632 126732 777789 738642 638903 687366 589886 165212 421159 321319 360790 283247 582881 674401 702371 550909 840164 88159 373383 197969 862294 244955 468737 777314 835789 103327
310539 374746 761190 360203 843899 1065500 753246 728198 224072 587267 382243 117096 182997 735211 526652 807377 497908 357677 828763 631399 407555 418296 288674 379532 439324 139632 516464 493410 579425 694302 999999999 427491 720383 734028 778873 508856 422240 256685 26449 542531 524853 1085773 312307 158353 110685 670740 616729 582803 798014 318737 553561 214896 337240 764439 400035 627726 531966 738869 496401 128567 352896 720539 670578 420315 293555 967817 1081530 222216 808986 278641 450245 410255 338982 493265 572099 735520 152703 573583 57618 179812 822530 532954 283512 689374 336825 612136 974173 234672 552675 174989 511157 733153 558656 845828 303845 538413 347694 595678 411894 647337
247951 60855 619502 68044 941944 844724 504231 928373 601061 613381 435922 448118 583426 523780 266072 960937 785299 577603 823045 753010 316889 490704 518290 108821 494221 398808 584878 717939 350236 779838 427491 999999999 486221 650804 884942 668634 145810 675995 403212 231601 102264 850572 188970 335410 354593 800675 885844 815646 937062 390905 193657 236701 105968 977046 364314 751061 106890 552163 747357 318393 565968 662326 907789 435834 204077 815209 852428 649569 607368 167023 731181 171122 729893 277075 345365 748301 311738 189456 410615 248506 564373 670709 539197 585474 545649 850712 760077 652863 190971 353964 86024 854346 843432 843115 219348 755454 318012 193413 76027 790521
412839 475257 178985 498009 651743 363614 36800 755802 758582 377520 402073 654038 903116 46699 225629 726642 762181 582576 456181 550876 314663 414603 577084 419294 395063 778678 419592 648660 147890 525783 720383 486221 999999999 261837 618372 551742 631964 962410 695319 255278 437842 375592 650726 727207 717096 588621 808180 716533 692610 435404 307058 643152 472347 806670 336971 551740 446993 90121 695537 596377 572064 296715 784857 360545 445226 336700 374638 894912 123392 598345 720918 351387 863701 238031 154781 425518 695120 333548 670210 586261 103408 527887 607106 207429 562490 746577 275671 858905 310244 551285 495004 613779 797892 474010 679642 661131 376507 362075 562158 597399
477564 618110 97721 636819 393025 389024 284457 526208 691853 191858 353035 636326 904099 220068 396061 478110 599809 473943 195771 332046 364853 328174 501256 554991 304801 831417 265959 481608 318798 285865 734028 650804 261837 999999999 366159 380442 790183 937446 713667 449177 635954 422633 773850 794630 769428 359266 613861 523047 442828 415314 513148 733432 596991 574374 345940 334205 647164 176812 529036 632440 467383 41008 572882 313720 527973 245066 411793 854682 205537 710937 571714 483496 767615 374409 320806 169578 763016 548305 676957 655100 308352 347749 527040 66599 467256 546942 310335 802031 516161 561116 687263 370211 619747 214433 798176 478530 407080 583796 720996 375600
649962 835082 463534 846551 65033 699916 645653 195114 632362 277003 459733 661969 903182 581280 682019 113310 400181 423550 218277 147969 568619 404782 490288 776514 395444 910035 302012 316930 626767 105667 778873 884942 618372 366159 999999999 270366 1000669 895436 768841 740780 905799 739155 946150 897355 857431 109531 345114 281159 77489 520725 804829 873549 799284 231368 520867 151475 917928 540177 344745 728313 426870 326452 274141 450613 703504 525506 724845 802660 570712 880341 406661 717677 645575 642946 625495 196625 871398 843477 725081 784790 674440 246569 498748 411227 442113 282990 642749 734357 807305 644530 945776 49413 383152 215176 961956 280704 572338 882083 940041 136471
421526 612519 462259 619494 335382 769379 586968 259740 371394 190368 234414 391833 635550 531420 522265 307724 219907 153527 369940 124525 371318 182626 220183 560937 187351 641510 132155 101602 495907 196227 508856 668634 551742 380442 270366 999999999 766433 635508 499574 578058 711164 803012 698292 632336 590727 161889 257955 168252 292922 279990 635412 617768 571674 308736 317471 120603 723175 503498 149436 466285 156506 345058 250276 246808 470870 616094 792233 543788 560762 633935 192519 515564 410640 475494 491759 282278 607946 673660 455726 529308 639042 35311 228632 382144 172056 201317 689860 478675 637196 383287 740880 224305 247196 381784 710669 109766 351829 711988 712556 139506
350802 172711 763328 156472 1060247 989494 649482 1024061 628696 736345 542288 478981 543514 669566 411384 1068249 852603 655227 956078 862367 441573 597793 588516 235828 605370 347106 698659 801436 495464 897153 422240 145810 631964 790183 1000669 766433 999999999 644064 403105 377056 217700 994446 112690 287505 323461 909613 961428 900044 1047080 487089 334683 207343 202186 1070477 482836 859996 214770 697566 824548 347105 644627 799141 993211 550616 297857 960631 996698 637864 753174 149827 798815 306698 753862 419246 490411 877298 276297 323255 425141 268011 708628 773661 603904 725754 623917 934436 905430 656909 331772 409133 165614 966407 913107 976053 132054 842290 428431 316501 70379 896319
561340 626905 980269 610422 958441 1293981 996738 790841 264211 766443 589049 309839 103130 972303 779658 892388 529188 488167 995505 758038 647856 609352 440861 635767 632665 298326 688979 579922 826724 831734 256685 675995 962410 937446 895436 635508 644064 999999999 283065 798333 775999 1317503 531605 356580 324725 786899 640498 643602 893130 536199 810222 445971 591735 813368 629761 753955 782240 970469 561120 384260 489791 916654 712965 631637 549281 1179961 1311798 92899 1040850 515981 500578 666306 280702 743577 819426 902689 371042 829762 296406 433283 1065625 667486 419512 902666 482519 662957 1203371 163046 809318 411756 756651 846295 578729 1009923 513531 620303 585909 850842 649137 759035
284750 349736 738842 335677 833807 1041746 727993 724613 234188 570551 363086 110796 208674 710716 500442 800820 500109 350250 812602 621033 383136 401174 279814 353413 421678 142768 501094 489308 553836 682230 26449 403212 695319 713667 768841 499574 403105 283065 999999999 516091 499900 1061649 294661 150413 102630 661368 618308 580638 790358 298488 527230 196187 311675 762136 377230 617437 507184 715028 494840 102216 344668 701122 669656 400171 267133 946006 1057569 246415 785041 257498 451086 383809 353541 467370 546511 719631 139705 547451 43869 154952 797286 522418 277336 667885 327682 610799 950399 254723 526358 153002 487337 723759 561260 829930 288228 534293 323793 569814 389933 638660
244579 228167 401335 251586 789858 613381 272652 826976 647701 464559 355441 511150 721795 294658 58784 833328 747945 539330 636556 629898 214571 398436 502757 181740 390799 566961 463423 653894 131024 636111 542531 231601 255278 449177 740780 578058 377056 798333 516091 999999999 188971 620182 405007 508707 509657 675986 826792 743118 804238 346266 65095 415211 236228 878399 266792 629058 199558 326477 693720 414187 527084 469031 828332 332423 249076 588169 621567 747902 377548 359935 697152 132379 770582 102688 128455 575362 478356 102999 503551 378444 333867 568210 530984 382605 510277 777546 528477 729357 67896 400330 243813 719956 797964 656417 434972 681800 260524 141361 307628 673582
304773 150170 590282 165579 959058 784218 449513 969079 686550 629356 476999 535169 684666 479967 239912 990270 848682 637809 819511 782801 342674 528968 584739 165368 528079 501065 613126 771253 319621 800146 524853 102264 437842 635954 905799 711164 217700 775999 499900 188971 999999999 786082 286474 437673 456174 830203 942630 866876 963790 443376 130797 338925 190632 1019219 395343 781331 12163 514060 804755 409892 625739 653462 957159 467816 273106 773884 789516 746135 561218 269264 795086 195620 815256 267815 316554 752736 413803 109107 503651 345048 503081 708422 608403 569385 606188 902019 703805 745500 127608 434037 57987 879779 904619 839523 316222 805642 361440 98886 159769 823433
784144 846594 347799 869747 739544 40347 350001 924125 1091225 613522 732731 1007829 1266805 352158 599333 850366 1022435 885675 521711 746367 678635 725465 900807 793060 702369 1152501 684172 904240 523473 687095 1085773 850572 375592 422633 739155 803012 994446 1317503 1061649 620182 786082 999999999 1023249 1102213 1090485 765423 1031354 942080 814887 781409 660232 1018736 846754 967366 688689 749073 793035 347496 951656 965558 877606 459448 983128 689316 819652 215350 16369 1242780 277107 972872 993720 726528 1179675 613518 530324 560368 1070033 676997 1032844 960632 286332 770368 929132 430275 873989 963611 115848 1198217 663226 912503 843968 759732 1041054 528085 1052660 900241 738098 695275 926317 786358
304710 176937 760911 153620 1008013 1013971 673469 951129 524703 693872 487320 378788 431491 683116 425098 1004738 763012 574648 925051 802979 411131 541615 504899 231794 552897 235584 646504 722202 505709 845524 312307 188970 650726 773850 946150 698292 112690 531605 294661 405007 286474 1023249 999999999 175040 211032 849222 875473 820210 986306 425535 378379 98984 180886 995452 442874 800235 287808 705139 740963 251404 564947 777072 913165 503693 250688 965652 1023737 525686 766710 66056 710003 302421 647647 420005 499595 840788 163932 377988 320428 174815 737574 709743 516708 712641 544460 853803 926351 546722 375972 323532 247312 908431 824220 944657 30522 764791 383037 381846 130425 833170
323589 297615 803173 276796 961783 1087193 755789 867867 382322 675576 461304 257356 256702 751172 510306 938170 649791 489088 917170 749626 436642 508386 417123 327912 525677 63491 613567 632661 579604 804854 158353 335410 727207 794630 897355 632336 287505 356580 150413 508707 437673 1102213 175040 999999999 47961 792466 767520 726338 925189 393884 500893 99064 274726 907216 448690 746285 441862 764007 641529 170931 481979 788736 816623 490818 282816 1012395 1100285 355145 831437 168544 600039 382348 495868 489344 572577 826474 32351 511036 189625 142732 823921 651519 419525 741021 463333 757420 996584 383966 499181 254043 409346 854384 711081 935616 157974 677386 387811 524119 296593 771759
306991 310526 783183 291643 922092 1073886 747098 823037 334476 642577 429242 210793 229057 738468 505717 895383 602472 445346 884875 709505 417589 474018 373641 332253 492353 62666 578099 587672 570556 766695 110685 354593 717096 769428 857431 590727 323461 324725 102630 509657 456174 1090485 211032 47961 999999999 751603 720428 680592 883230 361974 507965 121247 281684 861750 424376 706078 461460 748678 595397 138003 438679 761449 770440 461206 272291 992309 1087870 314732 817169 191474 553035 379756 449016 480694 563382 793298 47177 521528 142788 132318 815867 611079 374631 718068 420475 711351 982848 339406 506514 217986 433002 813738 663697 902999 198148 632516 364912 537799 324417 730233
559391 748072 455331 757823 174205 727952 619720 168221 523413 217279 367497 553702 793659 557256 617506 160416 304622 314456 266841 47673 488264 311969 382070 691855 306507 803112 217164 210789 572186 78841 670740 800675 588621 359266 109531 161889 909613 786899 661368 675986 830203 765423 849222 792466 751603 999999999 272949 193236 137502 424369 738208 773026 710089 218317 437385 49701 842364 520229 243252 624720 318146 318354 217754 365114 611766 559126 752388 694232 562680 783871 304001 637643 541705 574882 569792 205267 767292 777082 617535 684218 658514 141236 389645 388670 333945 205456 660331 626417 740442 541123 866362 62415 298442 271720 863573 178617 483774 815923 851550 29431
640187 826268 704296 828482 390772 994984 842904 170260 408089 436280 472596 510387 680596 785583 773058 286781 119262 308517 539389 285163 614196 428705 372922 783016 438758 756131 389270 173091 752404 351042 616729 885844 808180 613861 345114 257955 961428 640498 618308 826792 942630 1031354 875473 767520 720428 272949 999999999 92113 303044 499271 880670 782771 782296 177243 560716 282352 954260 754970 138490 625158 319976 574494 80424 494908 681866 829427 1019021 551229 807741 816709 167554 748998 361700 725308 747977 475240 750996 917967 577896 700686 892360 280323 358812 628293 340438 68019 922608 480509 882160 553233 964808 302578 61946 543148 880771 148345 582364 955430 917393 247976
568062 757142 612700 761171 335435 906146 751122 148909 392320 344180 391952 470146 670060 693568 688274 250454 121474 245650 459213 197831 532680 344836 315694 710490 352895 722081 298292 98615 664100 268508 582803 815646 716533 523047 281159 168252 900044 643602 580638 743118 866876 942080 820210 726338 680592 193236 92113 999999999 256478 425384 798746 731162 714115 181635 478810 194674 878692 662857 87004 573746 255735 484042 93182 410702 612861 742511 930006 551433 715803 758994 143450 671859 375885 640959 659896 389470 706841 836541 538186 645961 800277 188679 307765 536317 276397 35159 832467 480619 800376 496746 892206 234119 105209 464804 828122 61542 505444 874458 852085 165635
696741 885012 540371 895039 91479 775448 720649 137511 633970 339949 504883 681040 909687 656452 745482 35858 377905 440374 293242 184752 623107 449355 510628 828258 443286 932861 352368 314885 694161 170142 798014 937062 692610 442828 77489 292922 1047080 893130 790358 804238 963790 814887 986306 925189 883230 137502 303044 256478 999999999 561771 867535 908997 847347 163408 573117 187084 975950 615869 332789 758997 445692 402814 225488 501234 749225 600588 800407 800306 647741 921067 394514 772640 631541 704624 692469 273523 900862 906351 746505 820260 750885 276925 514678 486048 463074 248902 719645 730375 869898 675736 1001386 84330 349916 288373 1000284 272972 620790 945124 988766 153968
142959 333464 446169 339650 582993 757826 471366 539142 324174 281744 67431 227062 491871 439612 301854 581715 407949 196608 523376 377749 136883 117407 157108 285107 132371 422160 223593 328516 316778 421188 318737 390905 435404 415314 520725 279990 487089 536199 298488 346266 443376 781409 425535 393884 361974 424369 499271 425384 561771 999999999 391348 355153 291897 587020 98842 375104 454991 434847 361413 224174 184343 402905 517104 101683 190898 650534 775605 462494 505108 359873 355327 250859 436370 254702 310081 432633 364369 426513 261819 267239 538485 286697 186151 371722 165981 460522 667172 423590 392348 146780 466848 483019 462179 541752 441336 364804 86582 462344 432577 409719
273937 206553 461984 229459 854434 656572 319471 887025 678369 528243 408086 535562 728128 349263 123168 896226 797577 587162 701395 691788 266479 454056 545381 176204 448144 561777 524181 707580 194385 699929 553561 193657 307058 513148 804829 635412 334683 810222 527230 65095 130797 660232 378379 500893 507965 738208 880670 798746 867535 391348 999999999 403709 226681 938256 320109 690824 140198 383966 745906 427363 574869 533709 885402 388711 265615 643134 662904 766281 430426 341858 745790 151947 803920 163330 192412 640440 472284 38875 519952 380713 375224 627218 572512 446648 557120 833446 574636 753429 3193 425938 188048 783214 849371 721230 408871 737252 304769 77715 267942 734956
255874 199025 732554 177871 936699 1005687 669965 865833 425770 633126 420622 280994 349582 670191 421714 925444 668736 486642 870678 727874 369197 472555 415551 233489 486628 162228 578739 634001 495304 775830 214896 236701 643152 733432 873549 617768 207343 445971 196187 415211 338925 1018736 98984 99064 121247 773026 782771 731162 908997 355153 403709 999999999 179228 908687 390819 724879 343388 686506 650025 157778 477640 731801 823652 443357 207236 940860 1017639 432151 752099 70706 616283 293278 548746 405518 488515 782900 75761 412594 221521 88822 737127 632168 424933 676013 457520 764148 915886 449566 401885 236008 312621 833566 730139 889808 98207 677453 329058 425110 203189 755114
150901 45114 580437 47879 858428 835961 496808 831030 497709 534199 342704 345438 505042 503254 247426 869547 680273 473792 756373 662621 240476 398187 413096 54635 404500 335144 497352 615939 325991 695393 337240 105968 472347 596991 799284 571674 202186 591735 311675 236228 190632 846754 180886 274726 281684 710089 782296 714115 847347 291897 226681 179228 999999999 878855 280650 660394 199187 524407 643898 219319 462334 602797 806724 348818 101370 784774 846573 557046 586622 126118 626117 121844 626583 239259 319688 676039 245680 240224 313242 158459 562583 576327 433523 534469 441860 749057 747516 554895 225115 248384 190783 765930 738801 776259 208497 654526 227009 259161 141504 697993
729477 920383 671436 926528 254059 928583 837985 51765 570140 432237 543034 651543 846922 775573 820915 134176 284463 422076 448890 256882 677759 490259 493581 869584 492051 903700 415327 275210 782838 288526 764439 977046 806670 574374 231368 308736 1070477 813368 762136 878399 1019219 967366 995452 907216 861750 218317 177243 181635 163408 587020 938256 908687 878855 999999999 624315 256521 1031271 738369 268288 752003 431094 533373 100423 552370 777641 755162 953420 722670 779182 932912 320388 823757 536942 775893 779848 411470 887099 976915 719540 822270 876490 311553 487905 606756 451354 153896 867340 651631 940238 673055 1049603 208027 236800 446511 1004813 231261 660565 1015585 1019018 210422
138235 314524 361857 327081 578773 666785 372770 573928 422995 253683 88654 319959 578951 342972 215806 597801 481747 275577 482442 389735 53948 134906 250121 255701 132748 486714 220754 387647 219725 416095 400035 364314 336971 345940 520867 317471 482836 629761 377230 266792 395343 688689 442874 448690 424376 437385 560716 478810 573117 98842 320109 390819 280650 624315 999999999 387983 407448 341216 426948 288762 263518 341452 566390 72612 192218 569921 683629 558934 411632 377417 431728 200753 533724 167523 213267 398126 417095 357751 345390 309765 440212 313137 280045 293789 248373 513610 575634 521958 321676 225204 429165 490122 531183 501956 463967 417283 61799 395656 420017 428939
509712 698379 427784 708125 216381 712633 583926 205009 489773 175751 317826 510954 756055 522587 570760 209907 293804 274071 270232 4130 439121 262297 339360 642244 256860 758561 168215 187954 527922 81769 627726 751061 551740 334205 151475 120603 859996 753955 617437 629058 781331 749073 800235 746285 706078 49701 282352 194674 187084 375104 690824 724879 660394 256521 387983 999999999 793489 487370 227092 577757 276626 294022 239057 315624 562141 547890 736683 661751 533866 734788 284576 588397 517962 527518 525248 195060 720641 729689 573702 636057 625985 95095 349081 356674 291207 214540 640991 595315 693011 494031 817066 108703 297789 278559 814883 164582 434079 768526 801852 46101
