NAME : synthetic_000866
TYPE : CTSP-D
DIMENSION : 100
GROUPS : 8
RELAXATION_LEVEL : 1
EDGE_WEIGHT_TYPE : EXPLICIT
EDGE_WEIGHT_FORMAT : FULL_MATRIX
EDGE_WEIGHT_SECTION
999999999 864842 522879 531345 796003 658427 448880 847523 129340 739528 647222 195272 632771 547149 328197 1000085 229227 795466 328319 422097 870684 238942 557172 128519 381463 646588 267016 466637 884463 609813 695590 616450 148756 124167 142032 676910 778441 946495 103791 871601 686809 246428 726263 706834 758988 540054 663963 722423 476229 767087 722390 158098 67436 304962 167982 870718 450603 489898 303361 615079 448632 322528 618377 291979 626277 398890 1072023 465070 480253 463297 274595 886526 79287 373312 93642 975252 510783 219093 714279 705107 417339 299330 697061 268524 648810 824832 153585 726279 350080 605341 671538 834843 384000 864301 142892 344331 698191 180383 613392 279946
864842 999999999 646866 382495 934863 1050012 438494 468463 788930 721938 456843 1002487 233887 327662 973102 958775 890849 844062 538323 1081644 38113 687489 314841 803578 883129 254144 729958 632424 550263 307224 764893 1164646 716257 799148 880399 359639 307357 728361 966506 30542 212991 773815 607160 806383 649573 1084694 451768 913274 424053 386705 576495 832850 798874 1096317 987144 610526 414241 393124 593577 1046974 949609 674204 413526 680071 318310 469702 953919 484936 1082440 492735 862292 738366 944047 491530 771200 834035 449698 663982 673015 159737 864797 964441 167798 626341 236711 594417 877371 703340 699301 447856 740498 487899 1094255 989815 738467 578735 392173 1014728 1028757 723486
522879 646866 999999999 559275 354496 403864 497150 376441 393680 222305 212610 532766 502400 379844 406695 505236 380157 307920 417369 489611 628987 292987 488841 571628 283269 400153 256869 60846 386596 585938 198430 525476 443836 399695 638009 300723 396452 423807 581078 670166 436846 645539 208809 227013 236759 451488 225898 303138 287233 340813 212428 619977 492305 581845 534628 357466 402019 496528 285625 400413 326333 202025 236614 233834 329509 432623 563372 590783 466656 198008 325021 364181 576149 390240 465505 457177 216240 344420 191783 527757 248299 413230 524407 504638 425003 312664 644978 206627 673885 202949 168841 355852 525334 424640 501918 546586 287870 567235 381965 243806
531345 382495 559275 999999999 911685 927478 86583 627289 493976 737101 482049 702182 170939 211585 733602 1023701 630441 849940 218648 848697 402859 429284 101635 443943 685580 286609 495270 512397 701994 81824 744695 986122 388155 503421 515108 426026 473395 849771 634965 378102 300532 395792 648165 779951 696915 900150 490557 862326 275094 518792 623776 465249 464135 808271 680753 733141 158294 63915 344618 906450 765357 466179 421112 454072 335070 155291 1054550 103113 873445 361705 623930 825269 608823 200505 442104 931905 356608 377836 688659 242857 686518 715744 234784 266895 264518 696530 510110 716873 316843 441247 714583 631995 841248 980216 391205 203973 470043 702626 893137 495205
796003 934863 354496 911685 999999999 261378 851586 518805 674061 215548 481698 725228 836501 720961 541233 231315 587074 103042 767750 552946 908434 606459 835356 877860 429551 715520 545656 408496 467057 932162 173194 447289 760354 676112 930733 577169 636270 353179 819279 962436 743716 969809 331014 133669 295875 425653 484443 75341 637138 558393 361350 924993 786946 721119 739874 398255 755564 849642 628035 303076 395112 517524 534617 547394 640847 786929 323963 945164 488404 550160 530431 285029 825097 743939 766197 290030 558949 669222 262448 846176 386424 564636 844708 845820 743762 382944 940155 232727 1014425 502661 201358 492648 614340 71552 818215 895323 542690 768159 285546 534777
658427 1050012 403864 927478 261378 999999999 851799 707396 558228 407339 601764 536515 899383 774351 347156 486616 429676 342880 739608 319215 1030813 535298 873901 765840 281782 803822 463170 429179 676386 968986 335701 185944 671285 556392 800361 696963 781913 599146 651561 1073763 840701 874607 502826 302357 487412 174979 611177 207284 674077 713292 527705 808146 670602 503429 557589 615276 770887 863650 593869 50616 209842 468222 637228 488593 733326 780504 581845 932470 246450 585389 386153 526371 664881 733777 658345 549395 614896 601858 435361 930325 257802 375667 926593 787721 828178 587115 811652 415140 945039 602937 345429 681623 384214 295792 723229 853246 675249 580181 45271 457143
448880 438494 497150 86583 851586 851799 999999999 614232 407483 688339 449357 616416 208296 194288 647889 978021 544142 796339 132073 762973 453349 344308 125490 369224 603484 290426 411630 446109 683650 161083 688857 903751 303676 416965 443836 409221 473996 819585 552668 438868 315373 336703 608149 722015 656143 817687 460226 798334 225231 507272 586286 395328 381464 722068 595374 707043 101051 45374 262578 828691 683892 386429 390683 372162 321173 71920 1015544 98524 789096 303736 538779 788428 527133 118653 358230 894682 309056 291505 641689 285437 606575 629662 276933 190521 275264 667446 440087 668460 277381 405100 658553 615354 754822 921368 311105 141912 450764 617840 816115 412248
847523 468463 376441 627289 518805 707396 614232 999999999 726260 308732 200446 897934 478911 421255 783119 494999 748842 417308 615243 863122 434366 609711 526279 855992 658901 344038 603426 409622 82904 602372 374389 867102 729362 734598 933199 205077 170647 259908 924969 498843 344445 891800 204636 412576 225571 804870 183831 522823 413828 108513 181651 901157 799729 955971 895715 143505 520520 585355 551388 723437 693380 537849 239406 563728 293996 584033 485456 708609 832720 389178 697027 275729 913990 564994 769314 366258 348011 634117 272745 445421 621417 788989 448528 726059 370327 138522 936665 296271 874802 244212 361987 26303 901401 559037 779560 729552 165551 928298 702735 591175
129340 788930 393680 493976 674061 558228 407483 726260 999999999 610312 526950 214454 563988 462590 261638 873401 151210 668674 275866 372369 790052 117737 496618 208913 276454 554671 137727 337980 759524 565325 567424 546130 125327 10218 256727 565214 669299 817412 199432 799430 596668 316720 598002 580011 630011 463426 543794 601675 378154 651009 595039 253745 114413 315699 198223 743380 381403 441756 200047 519081 352265 194344 503279 164739 524137 344350 943881 450456 415315 349662 174648 757196 187849 307606 100217 846115 399139 125216 584973 630703 305740 237362 623199 262753 561378 697549 266101 596966 396583 487098 542916 712320 353027 743485 168009 340200 582526 226483 514293 150628
739528 721938 222305 737101 215548 407339 688339 308732 610312 999999999 275668 723243 641085 533968 565927 290628 570902 122614 627603 618508 694508 514621 651394 793719 437130 513054 472591 282916 269349 746115 73417 579503 666137 615427 859017 367627 421017 222682 788904 750039 537508 867010 115632 105676 83173 529296 275715 214306 464265 342883 146153 842077 712864 751433 730098 208534 588053 678380 504780 430650 442930 422827 333248 454833 439089 631123 341616 785872 572036 386562 512048 152726 787130 593271 686737 235961 381020 566659 50585 642316 392330 580951 641664 721815 542023 180328 866301 20368 890160 304409 78274 282434 669099 267939 724219 757260 330459 761874 409868 459737
647222 456843 212610 482049 481698 601764 449357 200446 526950 275668 999999999 705461 368048 271247 606800 548186 559996 397642 426987 697774 433576 409906 388296 657346 490015 237493 408056 226871 248114 479162 309557 736284 529838 535493 733884 97277 184065 370257 726106 483257 262498 699125 170500 350775 219110 663802 16856 456506 230140 132470 143372 703126 599363 770856 701367 259293 349473 429401 351568 605242 538501 341814 61290 366004 164030 406485 572968 547509 678604 190199 511824 343362 714414 380104 568994 449967 153743 433845 225107 366709 458614 608805 365998 535785 266560 218296 737682 255715 692181 46857 284113 189656 728568 541045 581101 548574 75377 733734 585755 396284
195272 1002487 532766 702182 725228 536515 616416 897934 214454 723243 705461 999999999 778438 675356 190119 947898 153349 749583 486615 249564 1002573 318800 710544 323014 297484 764214 298390 489568 918151 776236 664950 453457 315923 204296 315452 758197 864015 943659 129091 1013504 806706 439731 740799 664618 763010 388405 722111 649935 586617 835598 745053 346024 251802 110329 28534 889705 595785 653014 410127 487846 336397 364679 692511 344460 727725 556455 1030497 647733 318737 545474 211427 875893 152466 521435 265569 950222 595890 339597 710649 844740 342556 163055 837309 451607 772696 845269 328110 714584 545318 671117 647171 880544 199182 786909 330907 529780 769100 43810 491865 309613
632771 233887 502400 170939 836501 899383 208296 478911 563988 641085 368048 778438 999999999 125457 768735 915569 677728 761047 305089 881267 245707 470679 82816 569830 693972 137112 522232 470213 558186 124383 663782 988627 484017 574157 647000 290818 315100 718930 735196 238859 136951 544981 538458 702859 586859 904857 371936 798368 228560 371752 510535 599903 566316 876562 761375 598740 183498 163381 376145 887298 767627 474480 308268 473810 204825 235916 934363 271817 891879 314528 656449 705136 712056 260190 539226 810497 286271 438876 590658 77164 683616 756538 68657 393153 109080 567301 644250 620802 480130 336833 635148 487685 886372 900613 504671 350142 335491 787728 871185 517878
547149 327662 379844 211585 720961 774351 194288 421255 462590 533968 271247 675356 125457 999999999 650515 816640 564266 650884 234507 761627 327461 359875 117783 505098 570676 105188 404992 345311 493084 212366 549656 863842 401006 472798 584820 217022 280874 638187 646182 340762 141315 505504 439355 587453 488233 780408 279194 679116 103774 313616 413917 542039 483541 768673 660713 521848 112076 164249 265927 761874 643255 353327 210056 355569 127346 179639 844206 287355 769312 189161 538653 614596 625501 181548 454240 721182 163952 338387 484364 173539 558985 640031 167131 340621 101937 484949 584309 513605 465671 232307 520266 423793 770076 786948 432998 322014 260080 688954 745825 399497
328197 973102 406695 733602 541233 347156 647889 783119 261638 565927 606800 190119 768735 650515 999999999 767961 110429 575128 517278 115095 965982 305117 715107 449293 129262 721335 246528 379945 789213 796674 501015 289292 386954 255449 468444 677815 782417 788607 305729 989289 764040 565860 604039 494180 617707 211943 622313 466425 549667 739164 614275 485354 357695 186073 210442 750676 598106 675232 396144 299250 147565 298909 609489 295159 669578 578561 853976 704130 154801 484099 112320 717599 321229 535053 355249 782414 531807 357475 562191 823946 173597 29433 817643 523162 736465 708731 480528 560545 655496 581771 487803 762452 123163 600439 426179 599424 678225 233926 302255 251117
1000085 958775 505236 1023701 231315 486616 978021 494999 873401 290628 548186 947898 915569 816640 767961 999999999 804071 204727 917556 784195 926417 789811 934409 1068479 650432 781691 738254 565813 418942 1026954 309701 670556 944073 876936 1128477 628590 651916 246651 1034093 988679 799261 1149410 377868 293390 329101 655621 543635 303220 753228 573496 405089 1116624 982341 950139 960568 351620 877379 966373 790800 531416 623695 697578 609042 729314 710765 921661 96232 1075867 719554 677118 745739 220459 1037164 883877 958516 137833 669536 846784 336333 905792 605621 789964 906491 1009428 810965 364406 1136842 310072 1178406 584363 337600 472929 845288 193120 1002548 1047284 585781 990051 514910 726126
229227 890849 380157 630441 587074 429676 544142 748842 151210 570902 559996 153349 677728 564266 110429 804071 999999999 602912 412487 222396 886788 207417 618969 343977 159023 643537 162804 339310 766277 696546 514343 396985 276530 145102 371254 619653 725626 790679 232373 904988 686459 458934 587736 516438 609662 316158 576400 511934 467398 691595 592579 382792 250461 212773 159348 736635 501591 573854 301642 385874 219855 225805 552427 212598 598860 476355 883895 596289 264510 412962 59156 723397 240261 434514 245874 799812 462828 252638 557410 737440 200674 87026 730659 413087 655776 692355 382785 561802 545863 528509 495485 730639 211226 652135 316482 489737 626651 190972 384531 171471
795466 844062 307920 849940 103042 342880 796339 417308 668674 122614 397642 749583 761047 650884 575128 204727 602912 999999999 724832 605450 816186 586429 767564 864489 452744 634675 533671 367331 364052 863244 109497 526738 741009 672228 923849 490217 541535 257286 831369 872312 659845 947629 236957 88666 197429 492628 398168 135654 575188 462664 267629 912548 777787 760107 760794 295231 697415 789698 592608 377626 436003 494445 454211 525979 560426 735587 281061 892548 547798 492614 544126 186091 833655 695170 754208 213074 493474 644741 172790 764342 407276 595123 763535 811961 663516 280533 932282 142107 981315 424284 139392 391282 662947 145901 799483 854284 452966 790987 358064 521611
328319 538323 417369 218648 767750 739608 132073 615243 275866 627603 426987 486615 305089 234507 517278 917556 412487 724832 999999999 632263 546526 216369 228928 271120 480310 339454 286488 359898 673999 289777 615402 778998 179768 285473 350596 415926 502171 787419 431424 543895 375299 278382 565163 644066 610273 692961 441129 708156 201492 515526 548483 307554 261475 591102 466560 684256 126530 166403 146263 712753 561566 271505 376881 252055 341457 70882 965747 193919 660895 247256 409464 745895 407568 53621 235152 849542 273503 160001 585399 378920 487824 498370 370698 111346 335017 640946 349855 608854 267015 380139 585447 610719 622915 838937 201233 129737 450405 490392 701626 288787
422097 1081644 489611 848697 552946 319215 762973 863122 372369 618508 697774 249564 881267 761627 115095 784195 222396 605450 632263 999999999 1073055 420068 829211 548172 207797 828573 359816 472547 860489 911512 548363 204471 497358 365353 556932 774866 877714 838625 377842 1098746 870988 666162 673410 533287 680061 149707 712487 482013 659702 828949 687590 580071 460483 188090 276331 815337 712423 790246 510449 268632 175661 408492 706642 407506 773629 693642 875351 818335 75202 590010 226236 765535 398884 650039 461668 817958 636183 472376 623323 934687 241819 135380 928590 635020 844970 776018 569428 616574 761076 677066 540832 840893 65183 602961 532854 711998 771261 289322 279292 363469
870684 38113 628987 402859 908434 1030813 453349 434366 790052 694508 433576 1002573 245707 327461 965982 926417 886788 816186 546526 1073055 999999999 685653 328239 814492 872355 244658 724904 617791 515666 330704 739679 1149943 722608 800260 892194 336369 276575 694081 971403 67688 202077 789884 579257 781232 620628 1071041 427431 889111 419419 356195 548593 845429 805414 1094232 988163 577038 420882 408091 592603 1029399 936902 667292 393586 674908 303344 479383 919674 505883 1071281 483075 856020 705959 949670 497965 777129 800432 438107 665707 646126 168894 852290 958421 177354 638643 231062 562362 889670 676240 719367 427877 716005 454467 1087862 962068 747550 594744 366325 1016394 1010860 717851
238942 687489 292987 429284 606459 535298 344308 609711 117737 514621 409906 318800 470679 359875 305117 789811 207417 586429 216369 420068 685653 999999999 411808 279432 265825 445609 72532 233698 645523 491598 480269 562911 154747 126842 345159 447824 552291 713085 317126 700333 488219 363441 490227 498836 525462 476944 426728 538404 267952 533291 484766 327769 200152 408842 307412 632897 294438 370208 94629 504105 347350 92349 385558 60497 409966 274008 853964 408879 444964 232299 194655 656419 304538 229977 172625 750073 282090 66747 484272 532053 278448 289195 525046 252704 454979 586996 352001 499505 414832 369533 453329 596408 417765 677651 213157 318798 464790 337897 494825 78307
557172 314841 488841 101635 835356 873901 125490 526279 496618 651394 388296 710544 82816 117783 715107 934409 618969 767564 228928 829211 328239 411808 999999999 489060 650687 184984 469588 448391 601797 97134 665126 949444 408696 506656 565578 326489 371834 752808 660351 317381 200613 462165 557016 702202 605898 864378 395520 790835 202116 417767 531317 518044 490154 811624 692072 635009 117382 80748 318994 857504 727491 428786 327010 423336 235580 158296 961153 195312 845540 292082 603045 731401 636377 189109 464080 837890 276417 372748 601936 159975 645180 700690 151468 311504 163428 599623 562536 631040 399048 350056 635460 531590 829571 902204 425720 267368 370909 717216 842638 466880
128519 803578 571628 443943 877860 765840 369224 855992 208913 793719 657346 323014 569830 505098 449293 1068479 343977 864489 271120 548172 814492 279432 489060 999999999 484433 609543 332567 511553 903376 525317 759270 738584 129733 209762 79952 668588 763115 987323 214507 806301 646216 118226 762382 776363 800506 659646 673391 806817 455349 765025 753487 48359 95239 431848 295220 899620 397355 413670 306885 725296 557967 371729 618210 339757 604030 335286 1133396 363642 603314 467202 380009 933394 185740 323560 111734 1028757 508604 230150 761923 645777 514652 421263 637379 178703 606065 854044 81190 778249 222971 612078 732622 846935 512117 948128 76504 243198 696864 304010 721509 343961
381463 883129 283269 685580 429551 281782 603484 658901 276454 437130 490015 297484 693972 570676 129262 650432 159023 452744 480310 207797 872355 265825 650687 484433 999999999 629040 194018 264936 661713 739530 373430 300554 391169 274767 522414 567665 670071 659788 391147 901833 670825 592875 475813 369168 488548 214661 504802 354238 467069 621377 487095 527446 389219 314303 310649 621839 537334 623551 341103 243879 81527 221956 499576 231525 570524 531709 733361 673910 199418 390495 106876 589167 399188 485432 376564 656734 434250 330206 432947 741377 45670 144251 735856 513597 647411 580250 533284 431415 665909 469577 359158 637469 242597 493617 441901 583463 563471 339681 238040 191686
646588 254144 400153 286609 715520 803822 290426 344038 554671 513054 237493 764214 137112 105188 721335 781691 643537 634675 339454 828573 244658 445609 184984 609543 629040 999999999 481144 380278 422096 258762 542361 911711 502385 564782 689371 154275 186966 581843 743671 274002 42925 610223 406365 582704 454145 831107 239242 683543 177660 236011 377545 647005 584363 852624 751496 461631 216899 253582 354858 797687 695665 422732 181007 431156 74674 284198 798034 376330 828316 238844 611552 569227 724137 286239 554553 674164 195734 432966 462471 130790 610819 713997 129200 445751 29282 430432 689070 493012 566327 213032 515001 351558 843306 776998 536734 424343 198711 780856 780067 473744
267016 729958 256869 495270 545656 463170 411630 603426 137727 472591 408056 298390 522232 404992 246528 738254 162804 533671 286488 359816 724904 72532 469588 332567 194018 481144 999999999 203211 630392 553788 430795 492731 216636 143129 390238 460422 566392 680635 326188 745004 524067 426256 463217 445163 493586 406655 424809 475502 305935 537410 462132 380126 244120 374492 293323 610097 353188 434553 151776 431592 275463 66362 394271 50002 436192 340312 807056 479923 378443 250632 134220 619703 319726 294801 221247 708423 300757 138730 447621 578531 205997 235040 572044 324556 494105 564470 398611 459264 484470 372790 405747 587493 365085 616242 273510 391329 470721 325679 422440 13067
466637 632424 60846 512397 408496 429179 446109 409622 337980 282916 226871 489568 470213 345311 379945 565813 339310 367331 359898 472547 617791 233698 448391 511553 264936 380278 203211 999999999 429430 544879 258014 532303 383389 344545 578849 302986 405169 480242 529297 653844 419753 584693 260203 284499 292573 453436 242381 352352 246611 359221 259122 559879 433614 547026 489106 406912 354172 448905 225387 418835 320936 144246 235172 175537 314558 379468 624164 537697 458796 156925 287727 422721 522802 335730 406320 517247 186756 283745 250629 503246 237567 382535 499072 444664 402683 361334 585579 266874 614002 204666 228819 391353 501752 479416 441364 488504 299083 521794 401969 190216
884463 550263 386596 701994 467057 676386 683650 82904 759524 269349 248114 918151 558186 493084 789213 418942 766277 364052 673999 860489 515666 645523 601797 903376 661713 422096 630392 429430 999999999 680857 340808 844965 774817 767217 978813 276230 253313 178673 955850 580713 425142 947227 187110 374971 189572 788833 233190 481379 474351 186457 175040 949709 840972 967810 918448 70912 587247 657232 596588 697653 686878 566760 297962 594969 367008 648503 404145 779631 823508 437377 711609 203635 947081 625703 811097 286903 401610 676833 244505 527309 621173 798062 530193 783496 449198 89317 983146 261494 937476 294776 334713 70539 903553 499872 827463 792852 233156 951136 676823 617659
609813 307224 585938 81824 932162 968986 161083 602372 565325 746115 479162 776236 124383 212366 796674 1026954 696546 863244 289777 911512 330704 491598 97134 525317 739530 258762 553788 544879 680857 999999999 761548 1039472 464686 575035 596881 409699 439475 838347 713583 300294 261314 476912 649108 798891 697932 953956 485102 887963 299016 494673 622533 547061 542426 880819 755706 718978 202221 123579 402018 951421 817641 517810 418044 509564 320421 221250 1050533 179547 931837 388927 685494 820762 687855 262075 519309 926871 373322 445348 696334 182176 736411 780438 175108 347652 232051 685762 591926 725747 394018 443076 731987 610319 907772 998746 470966 285789 454547 778612 936952 552280
695590 764893 198430 744695 173194 335701 688857 374389 567424 73417 309557 664950 663782 549656 501015 309701 514343 109497 615402 548363 739679 480269 665126 759270 373430 542361 430795 258014 340808 761548 999999999 506213 634399 571628 820723 405861 471561 290335 737927 791959 570953 839903 172173 41564 151738 456094 313270 151884 469603 396036 200295 807494 674353 687043 673608 281642 590663 683690 483379 357612 373215 387975 361519 419778 467687 627146 376469 784515 500010 385249 455189 217676 738182 586261 649843 285471 389296 537158 101982 673051 327993 517681 671539 702678 570573 251498 828758 79443 872010 329468 30310 348273 600536 237305 692869 744816 373360 704819 336806 418379
616450 1164646 525476 986122 447289 185944 903751 867102 546130 579503 736284 453457 988627 863842 289292 670556 396985 526738 778998 204471 1149943 562911 949444 738584 300554 911711 492731 532303 844965 1039472 506213 999999999 670238 541061 755046 826192 920214 781125 580852 1185660 951804 855034 663808 477622 655555 86084 748164 391251 760177 858296 685454 774162 646689 387407 479667 787832 837261 924089 641580 150020 221959 521677 761311 532051 846842 832065 766275 971751 136575 677758 376317 707713 600680 785894 642817 735044 716333 624545 600629 1030860 305064 317499 1025953 802146 932843 755921 767347 584391 942458 728098 510255 842166 263574 478146 713189 875646 811593 493728 170444 491530
148756 716257 443836 388155 760354 671285 303676 729362 125327 666137 529838 315923 484017 401006 386954 944073 276530 741009 179768 497358 722608 154747 408696 129733 391169 502385 216636 383389 774817 464686 634399 670238 999999999 132007 204096 546580 644401 857725 251655 722853 541660 209763 632693 653540 671078 586739 546080 691331 337558 641142 623771 177563 82825 424320 293283 770048 302078 343170 178367 635032 470173 246578 493173 215070 487998 250522 1006732 332535 540390 340187 295524 804342 228043 224801 55385 900555 383571 100537 633245 556538 414271 362582 548460 139171 502925 724432 208370 650262 274949 485157 607064 719486 475313 831355 58481 217549 572511 314478 628504 226470
124167 799148 399695 503421 676112 556392 416965 734598 10218 615427 535493 204296 574157 472798 255449 876936 145102 672228 285473 365353 800260 126842 506656 209762 274767 564782 143129 344545 767217 575035 571628 541061 132007 999999999 254704 574551 678764 823498 190655 809641 606801 319380 604695 583563 636227 458799 552342 603406 388193 659962 602116 253747 114687 305876 188005 750427 391527 451478 210100 516655 349577 201360 512382 172258 533985 354141 948093 458960 409549 358995 171587 762832 179890 317617 103104 851106 408572 135416 590722 640915 305262 230650 633409 270199 571551 704625 264400 602306 401406 495903 547419 720472 344835 745284 172297 347922 591542 216304 512260 156130
142032 880399 638009 515108 930733 800361 443836 933199 256727 859017 733884 315452 647000 584820 468444 1128477 371254 923849 350596 556932 892194 345159 565578 79952 522414 689371 390238 578849 978813 596881 820723 755046 204096 254704 999999999 747576 842725 1057482 190791 882270 725849 144835 833415 835281 870070 680355 750088 858110 534902 843511 825837 50749 146408 417895 286935 972846 476553 488786 382464 757111 590606 436258 696191 404300 683840 413619 1196529 429025 618505 544053 415704 1001563 164001 403273 172535 1094792 586521 302598 829429 723337 556917 439277 714903 254095 685613 927106 12658 844309 259445 689044 795071 923539 513163 999987 155397 311647 775155 287006 755358 402461
676910 359639 300723 426026 577169 696963 409221 205077 565214 367627 97277 758197 290818 217022 677815 628590 619653 490217 415926 774866 336369 447824 326489 668588 567665 154275 460422 302986 276230 409699 405861 826192 546580 574551 747576 999999999 106016 428705 763875 386253 171413 694157 256446 447242 302997 751323 92727 553639 215468 100005 226637 711715 622595 832368 750927 309377 315803 381265 373726 698596 622324 394759 68353 413772 90981 380186 643768 504116 761284 215557 576434 415005 749059 364147 591819 519896 166419 458169 317523 277698 540065 676696 278065 527268 183332 276545 749776 348186 671316 98818 380978 206771 800780 634873 592286 525981 44850 782571 679433 449940
778441 307357 396452 473395 636270 781913 473996 170647 669299 421017 184065 864015 315100 280874 782417 651916 725626 541535 502171 877714 276575 552291 371834 763115 670071 186966 566392 405169 253313 439475 471561 920214 644401 678764 842725 106016 999999999 427118 867331 337001 178326 779790 305386 512964 344889 847826 172163 623055 307836 79630 274936 804672 722280 938317 856462 306918 390284 439386 475150 787672 721622 500770 173519 519557 160722 457450 651467 562691 861397 320115 682017 431733 851766 448916 691544 529748 270212 559352 374130 275618 640668 781911 279144 612813 209553 287546 844176 403550 746340 200848 450441 185613 905194 687379 687391 602056 108687 887996 767924 555945
946495 728361 423807 849771 353179 599146 819585 259908 817412 222682 370257 943659 718930 638187 788607 246651 790679 257286 787419 838625 694081 713085 752808 987323 659788 581843 680635 480242 178673 838347 290335 781125 857725 823498 1057482 428705 427118 999999999 1003248 758749 591123 1047882 225534 308144 187689 740258 360036 392065 598155 353579 239050 1035288 913236 974086 949326 121097 719453 799084 685208 631207 663550 624465 429830 655747 518270 774502 225594 917766 788604 540537 732232 73861 999415 744483 885286 110129 516928 757203 234301 696049 615011 803502 698130 891531 610329 153253 1063621 229312 1054433 414809 300847 241701 890711 365146 914188 913411 383859 981415 611057 667578
103791 966506 581078 634965 819279 651561 552668 924969 199432 788904 726106 129091 735196 646182 305729 1034093 232373 831369 431424 377842 971403 317126 660351 214507 391147 743671 326188 529297 955850 713583 737927 580852 251655 190655 190791 763875 867331 1003248 999999999 973889 784594 324944 788891 743757 817463 512607 742958 744210 570319 850417 788315 227492 171223 227205 101557 936206 552421 593643 393742 604531 444772 389098 702546 361568 719006 502149 1111606 566779 445123 548474 289088 939517 28786 475224 196273 1022210 597535 311494 769055 806804 432991 276586 798836 371025 747347 890622 203356 777600 435976 686518 716547 910493 328184 884507 245081 445569 781891 96407 606377 339128
871601 30542 670166 378102 962436 1073763 438868 498843 799430 750039 483257 1013504 238859 340762 989289 988679 904988 872312 543895 1098746 67688 700333 317381 806301 901833 274002 745004 653844 580713 300294 791959 1185660 722853 809641 882270 386253 337001 758749 973889 999999999 234164 772131 635520 833399 678335 1105093 478696 939757 439637 416187 604873 834120 805175 1108852 997479 640766 421612 393660 606008 1069784 969498 690616 438363 695279 340833 474338 984291 479462 1101244 511372 878005 768309 950882 498691 778031 864279 469681 674256 700902 168766 884629 979878 176233 628248 254425 624285 878818 731305 694081 472632 767229 518145 1109848 1017970 742818 577535 419873 1024549 1051764 738947
686809 212991 436846 300532 743716 840701 315373 344445 596668 537508 262498 806706 136951 141315 764040 799261 686459 659845 375299 870988 202077 488219 200613 646216 670825 42925 524067 419753 425142 261314 570953 951804 541660 606801 725849 171413 178326 591123 784594 234164 999999999 642055 427683 611787 474409 871707 261840 714727 220326 239167 398010 682556 623957 895465 793767 470126 250464 275465 397062 835845 736665 465532 210223 474079 107457 316708 810810 395598 869981 281048 654383 583698 764684 322678 594370 687182 236863 474409 487087 106531 651875 756837 107556 479336 40882 442172 725138 517761 592691 243711 544400 355001 886093 803542 574312 453035 213481 822982 817956 516648
246428 773815 645539 395792 969809 874607 336703 891800 316720 867010 699125 439731 544981 505504 565860 1149410 458934 947629 278382 666162 789884 363441 462165 118226 592875 610223 426256 584693 947227 476912 839903 855034 209763 319380 144835 694157 779790 1047882 324944 772131 642055 999999999 822536 860865 864155 775087 714129 901063 479096 793560 809886 98442 208491 547510 411627 951751 393439 381838 363839 835801 668898 453962 652542 423112 619130 326025 1208597 300702 720298 511588 490966 999307 296410 331080 216511 1098785 545748 302889 830864 622134 619822 538190 613629 167131 601173 907128 134861 850137 114610 652464 811819 885995 630291 1040908 153098 195177 727767 418082 830873 436224
726263 607160 208809 648165 331014 502826 608149 204636 598002 115632 170500 740799 538458 439355 604039 377868 587736 236957 565163 673410 579257 490227 557016 762382 475813 406365 463217 260203 187110 649108 172173 663808 632693 604695 833415 256446 305386 225534 788891 635520 427683 822536 999999999 212200 48881 604242 167131 323383 383291 227409 30672 810233 690101 784673 743261 148907 507113 592714 459675 519097 499813 403788 231185 434361 333993 557546 407492 706651 636858 317938 531387 181311 782926 524519 661661 286811 299880 532236 70559 533585 434604 614113 533515 667421 435609 105032 839266 98545 831906 207161 157546 179051 717047 382816 688894 692744 217065 775834 498359 450182
706834 806383 227013 779951 133669 302357 722015 412576 580011 105676 350775 664618 702859 587453 494180 293390 516438 88666 644066 533287 781232 498836 702202 776363 369168 582704 445163 284499 374971 798891 41564 477622 653540 583563 835281 447242 512964 308144 743757 833399 611787 860865 212200 999999999 187905 432452 354703 111184 504999 437175 240889 824359 689281 680034 674946 312922 624779 718389 508698 327923 359991 407136 402061 438474 508044 658927 367877 816813 480834 419135 457450 234329 745604 617079 665883 288256 425899 558048 141662 713458 323506 512761 711826 727992 610772 286003 843763 116307 897321 369690 67809 386348 588037 200315 711984 772952 414917 705515 307286 433164
758988 649573 236759 696915 295875 487412 656143 225571 630011 83173 219110 763010 586859 488233 617707 329101 609662 197429 610273 680061 620628 525462 605898 800506 488548 454145 493586 292573 189572 697932 151738 655555 671078 636227 870070 302997 344889 187689 817463 678335 474409 864155 48881 187905 999999999 600946 215121 297421 431077 265651 76609 848587 725613 800922 767094 135513 555093 641230 500503 508081 504833 436810 279949 468062 382222 604598 359410 754607 638742 363418 552091 135782 812882 570722 697770 239780 347453 570546 56837 580590 445533 629842 580720 711064 483415 100374 876338 72304 876588 256017 145480 199271 726930 342890 727935 738462 262308 799465 487251 480520
540054 1084694 451488 900150 425653 174979 817687 804870 463426 529296 663802 388405 904857 780408 211943 655621 316158 492628 692961 149707 1071041 476944 864378 659646 214661 831107 406655 453436 788833 953956 456094 86084 586739 458799 680355 751323 847826 740258 512607 1105093 871707 775087 604242 432452 600946 999999999 676453 360617 676651 788873 623730 696829 566602 337661 412956 735462 751736 838205 555574 125810 137248 436158 685358 446082 767700 746016 749476 885812 74552 595517 291807 666399 530430 699876 561239 705021 635417 538874 544746 948587 221514 241082 943505 717435 851553 700706 692459 531695 860009 652708 455838 780608 214582 467943 631096 790443 739163 430581 140823 405455
663963 451768 225898 490557 484443 611177 460226 183831 543794 275715 16856 722111 371936 279194 622313 543635 576400 398168 441129 712487 427431 426728 395520 673391 504802 239242 424809 242381 233190 485102 313270 748164 546080 552342 750088 92727 172163 360036 742958 478696 261840 714129 167131 354703 215121 676453 999999999 461734 243031 116866 138640 719049 615909 787075 718108 247160 360874 439053 367878 615781 552146 358585 69794 382844 167161 418986 565773 558124 692379 206189 527952 335965 731243 393649 585512 442387 168426 450336 225379 367098 472814 624615 366777 550340 268480 207310 753809 256062 705740 61742 288765 173546 743887 542451 597096 561786 64107 750487 596137 413009
722423 913274 303138 862326 75341 207284 798334 522823 601675 214306 456506 649935 798368 679116 466425 303220 511934 135654 708156 482013 889111 538404 790835 806817 354238 683543 475502 352352 481379 887963 151884 391251 691331 603406 858110 553639 623055 392065 744210 939757 714727 901063 323383 111184 297421 360617 461734 999999999 589985 547888 352006 853622 715091 647236 664533 416406 704760 799404 565860 242644 320884 451270 504512 480254 609224 731737 393344 889892 419843 501112 455518 319666 750305 687576 695084 345159 515392 602333 252838 814204 311261 489560 812053 781710 710919 393344 867721 226847 949456 471140 173210 496545 542391 141920 748810 834193 523225 692839 223482 465042
476229 424053 287233 275094 637138 674077 225231 413828 378154 464265 230140 586617 228560 103774 549667 753228 467398 575188 201492 659702 419419 267952 202116 455349 467069 177660 305935 246611 474351 299016 469603 760177 337558 388193 534902 215468 307836 598155 570319 439637 220326 479096 383291 504999 431077 676651 243031 589985 999999999 314505 362272 497412 417085 675345 574217 489405 124265 214554 178113 660011 539488 251233 176416 256023 150533 176520 790483 323594 665903 89972 438414 564048 552204 151498 386561 670044 83833 258835 416960 275154 455257 540438 269283 312589 188379 447783 536460 444226 463144 183997 439489 409859 670328 705305 379556 318815 248921 603860 644362 299465
767087 386705 340813 518792 558393 713292 507272 108513 651009 342883 132470 835598 371752 313616 739164 573496 691595 462664 515526 828949 356195 533291 417767 765025 621377 236011 537410 359221 186457 494673 396036 858296 641142 659962 843511 100005 79630 353579 850417 416187 239167 793560 227409 437175 265651 788873 116866 547888 314505 999999999 197282 808872 715199 902926 830504 232537 415319 477448 465549 721900 667006 471049 148758 493513 186275 480076 576183 600883 807387 303832 644083 353754 837134 463988 684481 453555 257730 549733 296990 342840 588695 741274 345242 626831 262817 209598 846141 325900 771223 164819 376362 116024 860747 608408 688563 625894 68922 862672 701790 525998
722390 576495 212428 623776 361350 527705 586286 181651 595039 146153 143372 745053 510535 413917 614275 405089 592579 267629 548483 687590 548593 484766 531317 753487 487095 377545 462132 259122 175040 622533 200295 685454 623771 602116 825837 226637 274936 239050 788315 604873 398010 809886 30672 240889 76609 623730 138640 352006 362272 197282 999999999 801041 683820 792864 746349 148353 485395 569360 448655 542218 515399 400759 204549 430554 305797 537731 430812 684803 653691 301492 537280 202217 781256 506239 654884 308700 279640 523651 99802 504098 447171 623025 504171 652556 406818 102511 831284 128675 815491 182612 183586 156941 729284 413485 679196 674987 186705 779006 521570 449187
158098 832850 619977 465249 924993 808146 395328 901157 253745 842077 703126 346024 599903 542039 485354 1116624 382792 912548 307554 580071 845429 327769 518044 48359 527446 647005 380126 559879 949709 547061 807494 774162 177563 253747 50749 711715 804672 1035288 227492 834120 682556 98442 810233 824359 848587 696829 719049 853622 497412 808872 801041 999999999 139332 452136 317618 946878 432418 440465 353641 766663 599378 420050 662775 388068 644863 368182 1181731 378370 638139 512928 421994 981613 199224 360848 158909 1077096 553344 278090 810208 676537 559002 456751 668075 206787 642071 901366 44891 826595 212266 657577 780905 892572 540331 995095 122296 261508 741008 321858 763552 391664
67436 798874 492305 464135 786946 670602 381464 799729 114413 712864 599363 251802 566316 483541 357695 982341 250461 777787 261475 460483 805414 200152 490154 95239 389219 584363 244120 433614 840972 542426 674353 646689 82825 114687 146408 622595 722280 913236 171223 805175 623957 208491 690101 689281 725613 566602 615909 715091 417085 715199 683820 139332 999999999 362092 226315 831577 384788 422476 249654 630162 462855 290332 566560 258471 567597 331858 1050121 399805 512354 411908 284837 856245 146297 307538 30776 948723 457623 165761 683951 639180 419878 330366 631077 202866 585421 785712 154502 698338 301070 555976 648663 788431 429275 856747 79171 279853 646317 242991 626283 256219
304962 1096317 581845 808271 721119 503429 722068 955971 315699 751433 770856 110329 876562 768673 186073 950139 212773 760107 591102 188090 1094232 408842 811624 431848 314303 852624 374492 547026 967810 880819 687043 387407 424320 305876 417895 832368 938317 974086 227205 1108852 895465 547510 784673 680034 800922 337661 787075 647236 675345 902926 792864 452136 362092 999999999 136982 932519 695497 757293 502875 452922 326444 438470 765022 423690 810532 660016 1037713 756717 263263 625115 259362 903389 254066 622932 375157 968290 675170 438908 746017 940312 359295 171095 933150 561121 863304 889682 430491 745530 654620 740616 673437 936645 124398 776844 441161 639452 838660 130891 461364 383817
167982 987144 534628 680753 739874 557589 595374 895715 198223 730098 701367 28534 761375 660713 210442 960568 159348 760794 466560 276331 988163 307412 692072 295220 310649 751496 293323 489106 918448 755706 673608 479667 293283 188005 286935 750927 856462 949326 101557 997479 793767 411627 743261 674946 767094 412956 718108 664533 574217 830504 746349 317618 226315 136982 999999999 892064 578232 632801 396710 509456 354703 359635 686015 337510 717327 536830 1041854 624025 344326 536906 218458 882489 124164 503089 241650 959077 587249 323247 715614 828794 355007 182264 821248 427453 759043 847275 299592 720736 517788 665743 654827 878967 227279 802672 305484 505348 763413 32688 512694 305121
870718 610526 357466 733141 398255 615276 707043 143505 743380 208534 259293 889705 598740 521848 750676 351620 736635 295231 684256 815337 577038 632897 635009 899620 621839 461631 610097 406912 70912 718978 281642 787832 770048 750427 972846 309377 306918 121097 936206 640766 470126 951751 148907 312922 135513 735462 247160 416406 489405 232537 148353 946878 831577 932519 892064 999999999 608004 684325 593521 639170 640244 549080 316394 578906 399691 665775 344554 804633 774203 440354 680182 133629 929450 638718 802444 223513 411012 670330 192349 574955 579512 761678 577060 791304 489931 45902 978027 203908 950508 305527 279638 122628 861490 429322 824742 807496 264577 924653 618381 597118
