NAME : synthetic_000990
TYPE : CTSP-D
DIMENSION : 100
GROUPS : 8
RELAXATION_LEVEL : 1
EDGE_WEIGHT_TYPE : EXPLICIT
EDGE_WEIGHT_FORMAT : FULL_MATRIX
EDGE_WEIGHT_SECTION
999999999 558730 486152 509829 470275 946570 497813 908772 846322 560831 185570 702427 1025437 630979 890376 807470 837312 743068 660627 490201 607500 816958 806358 927212 181429 504964 533578 884651 727061 531890 908978 98811 346407 12879 350026 1034629 593947 167858 461275 469434 669056 493784 998150 889260 161446 626447 377457 161635 341339 578148 272283 816052 938268 632392 196168 549916 974547 661971 270615 744628 916225 651020 1034650 367643 809397 277464 735813 497913 228050 333423 144206 783751 919609 981988 859470 826497 576603 247453 863700 338483 242901 137684 1198033 498763 897053 781482 220597 487185 626263 904647 196222 218794 695977 659898 301738 674552 906629 266663 854915 433007
558730 999999999 460472 245305 305670 473753 221111 364311 342488 3457 458480 147594 514564 175217 342535 520182 357605 590227 352156 315835 74777 463353 248353 435826 377618 246113 79318 601698 312700 546300 351707 654506 220391 571170 238891 479142 435021 523491 99505 443683 326265 94244 439989 331092 514142 67751 393107 696603 450851 359695 369616 281895 380056 349247 482731 595791 485110 303215 548587 551108 436061 571296 493557 233764 514133 305361 614395 208183 524943 315379 478430 473210 468603 431369 302455 269442 49582 329120 422031 532223 318001 626254 651974 311620 447807 270965 719872 165919 501298 634330 468822 349433 507800 352776 440651 493961 358659 461274 317811 130892
486152 460472 999999999 222701 645604 580194 598929 649897 537065 463923 551317 579793 688350 629702 761094 346843 503566 256920 777798 148294 535105 388735 619466 890338 408478 220310 508663 1037950 767487 86894 739507 568810 430158 496558 292789 792212 128759 330036 396994 20954 761655 483951 809081 714386 578795 503235 120910 642967 664493 165339 542837 723721 755960 229474 291673 135516 620137 299013 680003 951848 893284 169488 746743 278238 351917 465905 251474 254695 278165 546596 533933 338743 928795 727231 698881 627962 508477 456558 882456 715993 362148 620222 903551 155049 519223 500916 706704 294563 141530 1068301 569629 440870 901988 777967 184414 196772 775264 618458 753621 433862
509829 245305 222701 999999999 485291 440084 420240 451696 357262 248674 495026 357167 529527 419570 539653 334866 337498 358497 584638 74412 318460 317233 401774 668503 361594 4951 305286 841094 557607 305572 521946 607228 293536 522484 178902 592527 193198 404317 205488 208909 563356 289507 596214 497114 539717 281791 194036 669771 561078 123003 446028 501051 540765 142536 357618 355588 471613 152538 616579 773430 672240 327348 563146 157397 332836 362402 377542 39385 378943 423410 494614 297936 710008 529965 479408 412519 294701 367831 665582 630061 294222 620881 726215 68128 388026 305036 716656 85856 258980 872933 511419 367695 726100 585032 271354 262067 554122 537658 530983 257110
470275 305670 645604 485291 999999999 776557 88039 636231 641989 304503 295919 378006 804930 232308 512378 806365 661629 842224 190578 533365 289483 760994 498478 486609 326900 483376 228069 426555 273742 729530 558082 540722 216786 478932 352899 719827 672215 532357 283611 624992 202754 215715 645416 547311 345504 345268 537255 549967 192784 607842 198270 427336 591458 619920 511793 772725 784177 592171 318088 311215 470305 795739 761785 367717 801900 216873 857783 447164 566340 139023 334627 762405 461277 688405 513192 522429 277500 243707 405730 271086 320091 467021 905983 534234 753226 571494 541605 402374 734655 451241 294005 274777 260195 189803 535468 746594 526910 244139 463906 228439
946570 473753 580194 440084 776557 999999999 689380 220288 137407 474364 901522 425126 117949 583346 455852 309578 117005 479725 770281 480600 491518 219016 333471 643745 784848 445034 548810 968118 677171 625171 389678 1044870 666246 959370 600059 311522 459432 842878 533440 580063 735169 567764 395583 372297 952937 432503 617313 1104102 921360 417625 827619 492404 378009 352233 796221 665257 44546 294737 1008431 972132 663015 547812 220062 580758 298637 751235 519487 448663 812163 781998 910714 278860 724085 256122 388378 316158 499297 767157 708596 1001190 715890 1048371 343242 470684 62332 205450 1144878 463289 492188 1001811 915315 777142 938541 771366 702101 434524 459150 922277 491336 587787
497813 221111 598929 420240 88039 689380 999999999 548812 554386 219648 340078 291119 716899 153448 435521 731458 574927 778730 185843 475369 201447 681436 411888 432911 333917 418945 142242 444068 229337 684867 476816 578250 188543 507965 311529 635701 611520 532374 214800 578931 181036 136315 565427 464630 394335 257513 498849 597746 267531 543182 237482 351613 509982 548990 505039 730476 696421 515345 387013 354886 420059 740118 674931 322440 726397 223627 797034 381125 557956 170515 374355 686250 421907 602344 430652 435816 190086 253721 366062 349050 308790 516804 820955 474940 667322 484118 598810 335000 675806 472731 342490 284844 306462 185681 510665 682198 450658 305596 389478 166453
908772 364311 649897 451696 636231 220288 548812 999999999 129528 363336 822531 258695 182478 415799 236930 477907 178264 630619 589111 516053 349552 383547 141159 424820 731428 456090 422439 762343 483379 716055 169460 1006858 583197 921555 562948 142340 553421 840793 452360 642690 552281 452979 186233 153135 877934 302864 645731 1054869 806310 488400 733422 283592 158836 431530 795249 763026 197699 355486 910958 784081 445010 672253 129281 548613 467189 669062 668249 440802 824775 676654 841044 434443 507066 78286 173275 118013 369267 691620 495895 888731 666150 987725 289668 506696 248340 149124 1082378 432634 604918 795566 833100 709592 756171 590341 720756 560095 239298 823767 276342 494588
846322 342488 537065 357262 641989 137407 554386 129528 999999999 342758 784234 288060 179734 445944 341681 349023 49650 501376 633196 413169 355122 255262 204221 526489 676507 362049 415166 836006 542205 597669 283207 945133 545444 859201 496314 264006 432379 759238 411250 532093 598283 436711 314855 261668 837425 296922 548144 999732 792905 372471 704680 365572 280680 311758 712739 643209 142692 238211 885491 835441 543506 546146 209901 478914 338398 631640 539224 355446 736177 655387 796935 305027 602349 198308 270157 190599 364497 650053 582079 873778 608342 938959 370197 403366 136954 71573 1035180 359296 480391 869827 796970 663100 801371 634269 628369 433012 348057 798578 369872 462712
560831 3457 463923 248674 304503 474364 219648 363336 342758 999999999 459647 144882 514401 171992 339687 522669 358336 593287 349410 319258 71321 465440 246538 432421 379658 249496 77629 598648 309404 549745 349317 656494 221881 573255 241882 477519 438281 526317 102095 447138 323362 93973 437721 328812 515370 65621 396509 698313 450842 362907 370373 278723 377790 352175 485645 599239 485412 305750 549139 548585 432626 574592 492602 236897 516577 306647 617535 211591 527978 315745 479845 475627 465146 430059 300027 267756 46317 330592 418585 532308 320311 627758 650764 315027 448832 271270 721265 169368 504559 631304 469882 351122 505403 350038 443896 497051 355823 461826 314712 132287
185570 458480 551317 495026 295919 901522 340078 822531 784234 459647 999999999 588247 962849 486927 762396 824181 785985 797872 485760 502954 489257 812032 703013 772601 143686 490827 411833 700683 564359 617551 792191 245158 240098 191557 316137 934947 631705 303340 373876 531315 498407 375252 882495 775495 56442 522775 430670 257677 157252 593818 102608 682122 823774 634564 305759 647647 922385 642736 128764 559136 758831 720525 951642 337629 823611 153682 799702 470154 356158 169627 41444 791225 755167 889555 743211 725354 462035 134434 699293 173532 203137 177220 1110403 509078 860574 714290 264614 443179 679019 719946 18341 127520 510689 484904 382080 714762 778289 84619 720962 327945
702427 147594 579793 357167 378006 425126 291119 258695 288060 144882 588247 999999999 432805 160244 195437 560093 321653 664689 345163 431522 99095 484020 120885 313148 521000 359483 176517 557935 258937 662368 206673 796740 358232 714669 385679 349381 529408 670964 246936 565333 310256 213426 296396 187998 644646 82947 528347 834809 553286 452493 492262 143991 236811 422822 629855 712420 423043 357500 664059 547512 319464 666061 383839 379141 551827 438913 694576 326411 671050 430731 612555 510984 364526 311733 157147 144768 127054 465328 328350 635756 463930 761225 531701 425172 418594 226736 852526 293090 594032 591815 596407 488636 513421 346244 583005 572969 211450 577870 175870 269652
1025437 514564 688350 529527 804930 117949 716899 182478 179734 514401 962849 432805 999999999 592589 410777 427327 192111 597674 770228 578459 515455 336894 321189 595691 856237 534428 582536 943140 665796 737885 339828 1124234 723405 1038313 675560 220258 571244 933668 589195 686600 733601 607943 320766 328747 1016413 461706 715287 1179367 965025 523719 881234 465079 319532 458914 887000 779317 73427 394335 1061643 966355 617760 664626 118832 657828 416416 809808 637436 531644 907357 829697 976269 396650 680969 180510 353251 299053 530056 828901 674252 1046676 788037 1118653 225324 568504 178995 248569 1214842 538252 607372 976149 975260 842502 937789 771435 798150 550888 410026 974469 454804 638999
630979 175217 629702 419570 232308 583346 153448 415799 445944 171992 486927 160244 592589 999999999 282113 684689 475934 764456 190531 488285 109117 618778 274926 299217 455704 420079 123796 428380 138208 716310 325778 717572 291503 642095 374521 488811 610200 637900 237513 611862 158880 157734 413317 315424 542441 166828 550539 743383 420359 534897 384925 198224 359163 522174 603510 765188 582900 470154 540435 394339 291834 746296 536983 377043 677716 353791 789293 381597 652349 318351 518292 636438 310509 461072 281283 298600 125695 383598 258773 501227 413998 664128 675851 484750 572411 380954 749009 337339 676476 461444 491161 412423 356904 191455 584139 668508 297212 458385 236297 222740
890376 342535 761094 539653 512378 455852 435521 236930 341681 339687 762396 195437 410777 282113 999999999 677612 389626 808999 406408 613622 283436 588685 152129 187973 709552 542625 356975 536737 287346 840218 71395 982453 544016 902318 581070 235897 694617 865999 441326 748348 369697 396632 138084 83798 818616 278220 719568 1015406 702314 619670 662066 85305 98445 578224 825180 890017 434583 504557 822367 581708 208194 827535 315814 574530 667756 619501 842968 512962 866465 596679 790669 629953 270729 236766 72608 155690 315083 647669 264776 782779 655644 938627 420234 606253 475924 314499 1026500 484030 755870 569036 768270 673345 562704 407781 777337 724593 16279 739550 53140 458319
807470 520182 346843 334866 806365 309578 731458 477907 349023 522669 824181 560093 427327 684689 677612 999999999 299716 172016 870826 322965 575739 95106 527339 852348 684889 338351 596974 1110860 811804 359550 627023 898430 627541 819199 510696 602787 220190 666576 523217 356146 842478 595159 663822 603669 864931 518781 432570 968741 895834 231958 780682 680303 628182 192334 623558 388780 354089 217093 948587 1071239 865199 255031 523430 489235 11040 696998 211746 367700 620244 757375 819086 49119 918038 539582 605080 521948 565297 701047 886934 964717 621100 932382 652200 315987 251172 363120 1025126 408128 218770 1144384 841263 698207 1027849 871533 516015 155580 686638 871544 695044 580123
837312 357605 503566 337498 661629 117005 574927 178264 49650 358336 785985 321653 192111 475934 389626 299716 999999999 454184 665209 387220 379477 205708 248364 573190 672027 342409 433594 875323 579080 560121 332386 935965 549768 850165 488582 308922 393668 741753 416648 500072 631132 451386 364115 310503 837922 319479 523778 993227 804391 338236 710906 409550 330310 275255 695068 604499 137591 205427 891775 868471 589559 502674 245520 469986 289041 635051 492410 340959 715287 664994 796186 256292 647568 243802 317641 236661 385106 651556 625409 884185 603241 935453 399997 377285 96942 95145 1031926 351123 438537 909206 799523 662397 832704 666229 606200 388846 396484 805497 415916 470802
743068 590227 256920 358497 842224 479725 778730 630619 501376 593287 797872 664689 597674 764456 808999 172016 454184 999999999 939401 311413 656968 261135 656884 972063 654207 359890 658931 1191924 899569 230720 766397 824920 639680 753472 506363 762629 171836 585400 563948 273998 915725 646869 813592 741871 829840 607239 371193 899526 896098 235564 775306 798029 772222 243519 548340 244214 524260 308144 926362 1131342 981658 104917 689129 486849 182541 693562 39806 397627 530993 766532 784300 202264 1029168 697880 737878 655965 639206 690134 991862 955412 599608 876766 822920 309204 419689 499862 963624 443893 119046 1224507 815964 679665 1084374 939887 441330 96823 819919 858481 818490 614967
660627 352156 777798 584638 190578 770281 185843 589111 633196 349410 485760 345163 770228 190531 406408 870826 665209 939401 999999999 646685 296658 807929 449040 324715 510450 584187 280475 260332 120824 864410 467780 730851 374145 669414 495389 637731 777834 713341 383162 758315 37255 296315 544394 465151 533697 356337 682252 737134 365375 705391 388834 325196 500180 700736 688346 911135 766973 654534 492091 203816 303791 910714 701629 504799 864304 398813 961285 545338 741872 327891 524943 823127 281639 622525 432748 471369 305618 427653 228614 432295 492424 653802 824826 644941 761952 570075 723143 499016 843529 290520 482820 459175 168392 1397 696480 842651 417643 427706 353349 344435
490201 315835 148294 74412 533365 480600 475369 516053 413169 319258 502954 431522 578459 488285 613622 322965 387220 311413 646685 999999999 389906 327016 474157 742497 362278 72064 370458 905179 626490 231756 594380 584596 328271 502390 196611 657944 139732 365682 263685 134727 627443 350375 666850 569413 542277 355522 136986 651805 587648 91148 468241 575434 612268 142451 319561 281688 515901 185883 629050 830211 745892 264859 622089 176340 323404 385256 324606 107875 331706 455613 496375 294699 782720 594237 552583 483970 364723 384923 737483 650909 299989 610967 783355 9960 424060 367470 704832 150949 201320 936487 520369 378669 781750 646989 221559 218905 627979 555400 605384 309165
607500 74777 535105 318460 289483 491518 201447 349552 355122 71321 489257 99095 515455 109117 283436 575739 379477 656968 296658 389906 999999999 511272 217397 362254 426378 319526 77443 537228 242691 620787 303983 700637 261647 619561 306097 447971 505914 586525 163177 518411 266939 115124 394156 286414 545673 60815 466984 736958 457291 429785 393207 214848 334951 414071 547530 670350 496269 361042 565867 499610 361764 642755 477329 303348 568861 340641 682702 282071 591953 332079 514027 527597 393840 407925 254639 240817 32287 367573 347603 539790 372430 662695 628787 385403 474424 286217 753639 240548 572115 570392 497324 391787 459584 297464 511695 561457 299715 479398 252444 174901
816958 463353 388735 317233 760994 219016 681436 383547 255262 465440 812032 484020 336894 618778 588685 95106 205708 261135 807929 327016 511272 999999999 440278 766833 678317 321569 542215 1040184 740336 419307 535654 911611 599052 829223 495942 507694 260739 688701 482619 393437 777619 545990 569674 512789 856917 451972 453499 978468 867957 243018 757902 596693 535443 184602 643545 455205 263473 172895 932166 1010610 780875 330989 429309 474500 84166 675086 300808 342975 648191 727182 811726 60027 835553 444493 516081 433141 504985 683136 807181 941027 611377 934825 562218 318262 158554 275342 1029719 376666 280796 1073946 828241 684571 969310 808735 539629 219897 597001 851283 608996 540673
806358 248353 619466 401774 498478 333471 411888 141159 204221 246538 703013 120885 321189 274926 152129 527339 248364 656884 449040 474157 217397 440278 999999999 326842 625620 405265 293697 634670 346907 695826 120225 902619 467899 818884 473075 231935 545750 758663 345152 608165 412443 328128 198774 95342 759194 181332 589611 944783 673847 471973 609275 161403 140517 427728 715160 745234 322730 353248 783222 646202 341980 677190 263386 462539 517696 551427 690969 379784 751418 549226 725174 479255 399269 190937 81764 23953 241627 576390 377858 756343 564369 873506 411431 466085 341170 164937 966252 358065 605837 668348 712087 597586 616708 450246 654895 572994 163272 696634 168929 378211
927212 435826 890338 668503 486609 643745 432911 424820 526489 432421 772601 313148 595691 299217 187973 852348 573190 972063 324715 742497 362254 766833 326842 999999999 754281 670501 414944 372178 213833 974075 256733 1010602 590711 937943 665052 401871 842266 936225 522735 874977 295513 452939 291367 271737 826079 387109 828930 1030218 677321 765442 670133 174034 276552 733069 900638 1024085 622369 663983 803961 452064 26366 978606 493604 664221 842985 649840 1003650 635715 948089 603305 807267 803770 88321 417509 256772 336549 392951 679981 108484 750533 713058 948644 570714 736631 662144 491598 1027336 598298 906516 401922 774089 709650 447016 326056 872967 882736 186205 730238 157915 518983
181429 377618 408478 361594 326900 784848 333917 731428 676507 379658 143686 521000 856237 455704 709552 684889 672027 654207 510450 362278 426378 678317 625620 754281 999999999 357099 353241 753260 561572 477219 727550 277014 166373 193722 185916 854828 488572 205799 281006 388289 512747 313306 816759 707882 180044 445276 287624 324109 267322 453415 152726 636357 756889 497566 190171 509811 809589 512723 272348 628604 744975 577385 858545 206441 684852 111650 656119 341301 244847 190090 134218 653898 753440 803434 678041 646066 395317 83245 698006 308914 68994 263531 1021076 368942 739478 609355 360038 321562 535337 777215 161841 52216 577695 509941 245629 571670 725820 211817 675094 251678
504964 246113 220310 4951 483376 445034 418945 456090 362049 249496 490827 359483 534428 420079 542625 338351 342409 359890 584187 72064 319526 321569 405265 670501 357099 999999999 305148 840952 558178 303617 525407 602338 290485 517614 174742 596826 193756 399392 204295 206209 563169 288761 599984 500607 535352 283626 189668 664946 557740 124583 442412 503416 544404 146067 352695 353602 476557 157318 612594 772415 674060 327313 567798 153217 336433 358760 378478 38910 374139 420325 490210 301763 711481 534351 482687 416189 295423 363926 666820 626452 289829 616200 730917 66287 392952 309586 711947 85190 259343 872724 507264 363542 724960 584570 266653 263606 557147 533873 533555 255356
533578 79318 508663 305286 228069 548810 142242 422439 415166 77629 411833 176517 582536 123796 356975 596974 433594 658931 280475 370458 77443 542215 293697 414944 353241 305148 999999999 535812 259519 595496 380938 625532 187177 545450 251781 524940 498241 522671 113836 490350 258082 39993 471195 363731 468255 120998 426838 660341 384183 425101 315952 283302 412161 421237 486000 643924 557742 379897 489826 475668 410480 632431 551116 253478 591249 263869 680988 266242 533146 255601 436923 550536 433410 483465 331720 316817 53185 291301 382382 466488 303049 585561 704627 367801 525313 344191 676259 220399 564211 567666 419890 316419 431153 280956 461225 562176 373203 403044 321935 105144
884651 601698 1037950 841094 426555 968118 444068 762343 836006 598648 700683 557935 943140 428380 536737 1110860 875323 1191924 260332 905179 537228 1040184 634670 372178 753260 840952 535812 999999999 299850 1124623 607863 941300 630300 891667 755155 767939 1033923 958875 642337 1018541 277833 555196 659524 615403 739610 592283 942260 932510 554563 960072 615562 478821 634332 950339 937887 1171446 955925 897971 669407 158622 346033 1168190 852549 764975 1103449 643381 1215621 802043 992244 563850 741958 1062186 285805 773371 589900 652817 552857 670164 273124 597350 744104 850369 942182 903019 971491 782055 902389 756070 1099970 33904 693202 701067 196442 260228 953667 1095591 541150 627592 489075 604766
727061 312700 767487 557607 273742 677171 229337 483379 542205 309404 564359 258937 665796 138208 287346 811804 579080 899569 120824 626490 242691 740336 346907 213833 561572 558178 259519 299850 999999999 854185 351118 805960 405959 737109 505360 520966 747605 755143 373087 749459 86046 289234 424928 350675 616522 294374 685528 821180 463564 671909 462686 208766 382841 656437 724213 902917 669311 600584 590324 301013 196613 883995 589785 509894 804217 452467 925377 519756 775200 396737 600659 762993 192571 510019 319569 367616 263129 482667 136740 536846 529729 738847 707133 622948 675829 484791 815280 475543 813876 333631 564581 513553 276831 122220 714243 804145 297938 517845 234208 350742
531890 546300 86894 305572 729530 625171 684867 716055 597669 549745 617551 662368 737885 716310 840218 359550 560121 230720 864410 231756 620787 419307 695826 974075 477219 303617 595496 1124623 854185 999999999 815268 606204 513261 541092 376743 857762 166919 367198 483885 106103 848482 570826 881513 790038 640018 587234 195713 682265 739011 227953 617922 806012 830063 285915 336021 50053 667165 360810 745345 1037019 977640 127151 805474 363212 366822 543730 212403 339353 309368 626195 596437 363282 1014172 792182 776240 702854 594589 532056 968327 786130 437123 668858 958003 237444 563030 568308 750239 380421 140954 1154880 635879 513892 986955 864567 237474 204243 854014 688907 834949 520262
908978 351707 739507 521946 558082 389678 476816 169460 283207 349317 792191 206673 339828 325778 71395 627023 332386 766397 467780 594380 303983 535654 120225 256733 727550 525407 380938 607863 351118 815268 999999999 1003413 564806 921252 585211 169996 663091 871470 451032 728339 430653 419096 90304 25260 848631 284243 708945 1040923 744251 590308 694159 142659 33453 543575 828889 864520 366187 467922 860807 648892 278135 792622 244852 576196 616811 644615 801769 499380 866990 630531 817860 580485 341181 165511 49526 112952 333428 671485 336153 825859 669578 966496 357189 586294 413951 266773 1056792 475938 721834 640259 799481 695190 627803 469127 772564 685988 70529 776126 120315 476322
98811 654506 568810 607228 540722 1044870 578250 1006858 945133 656494 245158 796740 1124234 717572 982453 898430 935965 824920 730851 584596 700637 911611 902619 1010602 277014 602338 625532 941300 805960 606204 1003413 999999999 438991 85932 448836 1131708 682215 239799 557942 553473 742746 586076 1092955 984176 201692 722090 466208 76782 387583 671115 343926 906426 1033162 727036 277499 618584 1073134 759001 289356 794578 998287 729192 1133035 466422 900839 364471 814803 596223 296858 409241 206181 876587 997829 1079695 953887 923076 670253 335386 941865 363760 340715 108002 1296263 593418 994890 880238 150559 585982 710150 958790 249597 309114 748048 730006 385875 761261 998659 313748 945391 527098
346407 220391 430158 293536 216786 666246 188543 583197 545444 221881 240098 358232 723405 291503 544016 627541 549768 639680 374145 328271 261647 599052 467899 590711 166373 290485 187177 630300 405959 513261 564806 438991 999999999 358308 137725 699317 467917 349296 134237 409396 368800 147388 654628 546092 294931 286581 320469 477163 269159 410799 162099 470041 594992 435480 318707 556028 684979 426218 342363 526971 582661 584891 712114 154646 624899 86500 651601 259915 370682 129896 258120 588291 595304 651605 515302 489479 231406 108732 540698 342541 123876 405877 871861 330838 628854 474997 499587 222428 527388 657823 251929 130405 476238 373930 323389 546483 560261 256983 508816 89697
12879 571170 496558 522484 478932 959370 507965 921555 859201 573255 191557 714669 1038313 642095 902318 819199 850165 753472 669414 502390 619561 829223 818884 937943 193722 517614 545450 891667 737109 541092 921252 85932 358308 999999999 362905 1047275 605240 175717 473838 480037 678338 505696 1010480 901601 163956 638874 388723 149629 346173 590137 280731 827747 950608 644639 205867 558310 987391 674577 271155 750641 926769 660859 1047474 380515 821196 288404 745805 510710 235767 342681 150114 795749 929619 994720 871739 839069 588733 258498 873687 340319 255616 130046 1210838 510994 909785 794355 210197 500061 636922 911329 201293 230197 702245 668667 312185 685639 918566 271282 866629 445174
350026 238891 292789 178902 352899 600059 311529 562948 496314 241882 316137 385679 675560 374521 581070 510696 488582 506363 495389 196611 306097 495942 473075 665052 185916 174742 251781 755155 505360 376743 585211 448836 137725 362905 999999999 694095 334693 286260 142987 272124 484050 217058 670789 562974 361592 303273 187332 504645 391040 284281 272046 519819 611267 319460 244252 420695 626123 327796 438248 660710 661721 447723 686829 21550 509478 188760 516279 155626 286222 260492 316930 475935 684925 638133 536861 490818 274111 190412 633170 455444 117154 448839 850836 200748 553762 431734 545285 137526 391950 784176 332523 188801 610446 495386 209619 415351 597119 361089 556352 154928
1034629 479142 792212 592527 719827 311522 635701 142340 264006 477519 934947 349381 220258 488811 235897 602787 308922 762629 637731 657944 447971 507694 231935 401871 854828 596826 524940 767939 520966 857762 169996 1131708 699317 1047275 694095 999999999 694259 975908 573824 785025 600580 559966 110970 174445 991128 412841 786463 1175668 901298 630355 840833 312655 138236 572603 930934 904405 273994 496976 1013428 817511 426499 810151 102363 681206 591817 783248 801108 579735 962513 780017 956924 562560 490026 65844 208318 209861 473330 807946 494830 983586 791848 1105127 187865 648653 357493 291452 1198106 568191 744082 799384 943964 828555 797472 639075 859994 696939 228546 927235 288205 609630
593947 435021 128759 193198 672215 459432 611520 553421 432379 438281 631705 529408 571244 610200 694617 220190 393668 171836 777834 139732 505914 260739 545750 842266 488572 193756 498241 1033923 747605 166919 663091 682215 467917 605240 334693 694259 999999999 447611 397491 136225 756312 482499 724144 637857 666731 462308 216518 754132 724996 77013 604598 669949 675185 121971 405596 210929 500939 198492 759537 965702 848801 137222 639164 315052 224515 522396 185720 232527 400175 594721 620858 209984 891213 628481 627321 550139 484596 519944 849696 785777 431015 723144 791089 138056 397547 407609 813629 278934 66278 1065892 649583 510889 917897 778230 297368 83103 707432 689288 695377 446263
167858 523491 330036 404317 532357 842878 532374 840793 759238 526317 303340 670964 933668 637900 865999 666576 741753 585400 713341 365682 586525 688701 758663 936225 205799 399392 522671 958875 755143 367198 871470 239799 349296 175717 286260 975908 447611 999999999 424870 315610 713128 483744 956794 849173 304372 589046 235553 315315 455209 445710 353061 801373 897375 506127 46707 382734 875645 549282 417179 833704 929728 489431 960219 296157 669850 315818 575010 404036 60204 395858 269240 648733 944451 917636 823101 775772 554239 288722 889970 475244 225436 305459 1124441 375279 788257 701255 383243 408214 471563 982992 319712 258007 782933 712906 150574 524531 882139 387106 838813 417709
461275 99505 396994 205488 283611 533440 214800 452360 411250 102095 373876 246936 589195 237513 441326 523217 416648 563948 383162 263685 163177 482619 345152 522735 281006 204295 113836 642337 373087 483885 451032 557942 134237 473838 142987 573824 397491 424870 999999999 378219 365105 87179 538944 430126 428079 166797 313030 602956 391637 328391 294290 377422 479024 336422 384935 531805 551160 311118 475202 568231 520161 528248 580637 141585 519040 220614 582691 166328 428799 250557 389526 480026 546022 523017 401859 365233 131132 240613 495703 469479 219332 535457 741861 262316 498272 340760 630443 120248 462375 673322 386072 257278 520666 383441 350319 467398 457509 388850 414379 58101
469434 443683 20954 208909 624992 580063 578931 642690 532093 447138 531315 565333 686600 611862 748348 356146 500072 273998 758315 134727 518411 393437 608165 874977 388289 206209 490350 1018541 749459 106103 728339 553473 409396 480037 272124 785025 136225 315610 378219 999999999 742531 465023 799252 703292 559422 487920 100671 627143 643684 162908 522013 709321 745492 228048 276009 153610 619293 294801 660041 931552 877508 189226 741974 257809 360690 444973 270179 239339 265459 525644 514423 345353 912234 720344 687031 617304 491350 435729 865460 695512 341384 602768 899964 142261 519631 493573 690031 277942 156918 1048779 549613 420223 881629 758470 167974 209162 762691 597974 739743 414166
669056 326265 761655 563356 202754 735169 181036 552281 598283 323362 498407 310256 733601 158880 369697 842478 631132 915725 37255 627443 266939 777619 412443 295513 512747 563169 258082 277833 86046 848482 430653 742746 368800 678338 484050 600580 756312 713128 365105 742531 999999999 277933 507744 427910 548238 325648 669748 752600 386193 682854 399086 288116 463114 675506 686070 895862 731187 626923 513284 237352 275939 890369 664418 492053 835708 401350 938632 524259 738906 335662 536567 794461 259783 585287 395493 434641 278466 430893 204971 456441 489824 669540 787750 625211 727988 535993 741983 478246 822293 309585 496758 462376 204377 38571 688411 819150 381137 445038 316700 330652
493784 94244 483951 289507 215715 567764 136315 452979 436711 93973 375252 213426 607943 157734 396632 595159 451386 646869 296315 350375 115124 545990 328128 452939 313306 288761 39993 555196 289234 570826 419096 586076 147388 505696 217058 559966 482499 483744 87179 465023 277933 999999999 509239 401290 431574 150139 396595 621835 357094 411586 281451 323295 449941 413760 447700 618540 579348 379068 457980 484500 447657 614519 582127 220701 590082 225576 667002 250122 495548 223735 399133 549951 468238 516465 369724 350797 86784 252462 416155 438779 263263 547806 737720 348661 540493 365202 639245 203652 547860 586259 384003 277018 437980 296626 426629 550078 412875 370796 361922 66072
998150 439989 809081 596214 645416 395583 565427 186233 314855 437721 882495 296396 320766 413317 138084 663822 364115 813592 544394 666850 394156 569674 198774 291367 816759 599984 471195 659524 424928 881513 90304 1092955 654628 1010480 670789 110970 724144 956794 538944 799252 507744 509239 999999999 108917 938935 372285 786589 1131023 832959 654217 784383 221955 59933 602710 913582 930009 363797 526104 950356 716091 316289 849024 208307 660835 653156 734795 850532 576632 950182 720604 908111 619752 379639 141804 139517 184370 423357 761552 386801 914290 757982 1056756 285319 658291 431808 317782 1147096 556606 779737 690558 889759 785032 699096 545770 853351 738982 127026 865942 191050 565887
889260 331092 714386 497114 547311 372297 464630 153135 261668 328812 775495 187998 328747 315424 83798 603669 310503 741871 465151 569413 286414 512789 95342 271737 707882 500607 363731 615403 350675 790038 25260 984176 546092 901601 562974 174445 637857 849173 430126 703292 427910 401290 108917 999999999 831930 263409 684599 1022806 731611 565048 678295 142270 49007 518412 806330 839278 350805 442823 846756 650361 291913 767512 240115 553562 593526 626848 777105 474902 843918 615338 800396 556890 354189 160131 34141 87721 315052 653327 345508 813530 649092 949071 362288 561290 394060 242535 1039983 452076 696677 648158 783191 676491 627443 466476 748831 661077 87222 761557 126351 457173
161446 514142 578795 539717 345504 952937 394335 877934 837425 515370 56442 644646 1016413 542441 818616 864931 837922 829840 533697 542277 545673 856917 759194 826079 180044 535352 468255 739610 616522 640018 848631 201692 294931 163956 361592 991128 666731 304372 428079 559422 548238 431574 938935 831930 999999999 578769 459497 204698 186516 633422 157539 738111 880214 677208 315249 666751 974725 689343 112962 593617 811779 748252 1006955 382833 864869 208876 829358 516898 361335 224393 45958 833686 806355 945390 799653 781468 518358 187573 750612 177205 245556 122570 1166116 548983 910728 767861 208186 492317 710795 757250 51996 175946 546647 532779 402617 749795 834486 112136 776916 383414
626447 67751 503235 281791 345268 432503 257513 302864 296922 65621 522775 82947 461706 166828 278220 518781 319479 607239 356337 355522 60815 451972 181332 387109 445276 283626 120998 592283 294374 587234 284243 722090 286581 638874 303273 412841 462308 589046 166797 487920 325648 150139 372285 263409 578769 999999999 446792 763476 504929 385420 431167 224017 312353 363720 547523 637200 438921 306216 608102 559700 390450 599530 431989 296314 511575 370490 634635 248614 588262 373792 544094 470288 429456 367002 235129 202981 68368 395133 387431 587117 385700 692298 588144 349867 413988 227055 785349 212491 528029 625725 532422 416287 520147 357184 500170 512886 294159 520934 257774 196887
377457 393107 120910 194036 537255 617313 498849 645731 548144 396509 430670 528347 715287 550539 719568 432570 523778 371193 682252 136986 466984 453499 589611 828930 287624 189668 426838 942260 685528 195713 708945 466208 320469 388723 187332 786463 216518 235553 313030 100671 669748 396595 786589 684599 459497 446792 999999999 537670 544687 210514 423217 670797 729840 272374 191329 236006 652871 322726 559409 846892 828715 289856 755907 177700 435358 348062 369888 209970 196124 430558 414291 413275 857959 724001 664198 602251 437211 337079 808413 595144 242286 507756 918179 146944 560175 498732 597369 235634 252412 971429 448962 320381 796357 682280 86327 297352 734791 497615 704179 339135
161635 696603 642967 669771 549967 1104102 597746 1054869 999732 698313 257677 834809 1179367 743383 1015406 968741 993227 899526 737134 651805 736958 978468 944783 1030218 324109 664946 660341 932510 821180 682265 1040923 76782 477163 149629 504645 1175668 754132 315315 602956 627143 752600 621835 1131023 1022806 204698 763476 537670 999999999 379392 739752 360264 936762 1071595 793934 351295 695216 1130760 822198 265323 781036 1016226 804669 1182390 523465 970789 396476 890150 656020 373069 427257 225221 945361 1011010 1125957 991524 966045 707757 369485 955289 340002 391511 83411 1344526 660333 1055870 933186 76382 642135 784018 947605 256601 347199 736848 736178 459211 834005 1031467 310261 975720 566719
341339 450851 664493 561078 192784 921360 267531 806310 792905 450842 157252 553286 965025 420359 702314 895834 804391 896098 365375 587648 457291 867957 673847 677321 267322 557740 384183 554563 463564 739011 744251 387583 269159 346173 391040 901298 724996 455209 391637 643684 386193 357094 832959 731611 186516 504929 544687 379392 999999999 674521 121720 617788 777356 703530 451310 774381 935254 695067 127093 407132 659885 829894 934546 411550 893474 202601 903546 528677 504252 141359 197741 857244 645663 864762 697742 697540 437341 208003 591151 82508 302432 296510 1084978 591689 889178 721333 358455 491505 779727 571339 145129 225336 360495 364281 512303 806255 717212 74999 655011 334876
578148 359695 165339 123003 607842 417625 543182 488400 372471 362907 593818 452493 523719 534897 619670 231958 338236 235564 705391 91148 429785 243018 471973 765442 453415 124583 425101 960072 671909 227953 590308 671115 410799 590137 284281 630355 77013 445710 328391 162908 682854 411586 654217 565048 633422 385420 210514 739752 674521 999999999 556300 593364 603720 65402 400702 275884 456480 134281 719503 895941 771845 214159 581835 263301 232674 472860 255898 162065 405755 539874 587523 205613 814215 564935 553259 477454 409205 474089 772842 739675 390735 700993 738214 84750 357731 340376 794329 208345 142643 992282 611151 468977 848843 705834 296728 139064 632757 644800 619242 379935
272283 369616 542837 446028 198270 827619 237482 733422 704680 370373 102608 492262 881234 384925 662066 780682 710906 775306 388834 468241 393207 757902 609275 670133 152726 442412 315952 615562 462686 617922 694159 343926 162099 280731 272046 840833 604598 353061 294290 522013 399086 281451 784383 678295 157539 431167 423217 360264 121720 556300 999999999 580988 726166 588474 342174 654071 845287 585561 180930 482539 656584 708204 862698 293016 778843 83697 782185 415718 396528 67025 138027 743689 654114 797900 645540 632120 367652 86293 598172 184041 180937 279624 1019146 472703 790901 633648 364563 381798 658527 637215 106340 105816 432293 388067 394010 686305 677848 94889 619726 242239
816052 281895 723721 501051 427336 492404 351613 283592 365572 278723 682122 143991 465079 198224 85305 680303 409550 798029 325196 575434 214848 596693 161403 174034 636357 503416 283302 478821 208766 806012 142659 906426 470041 827747 519819 312655 669949 801373 377422 709321 288116 323295 221955 142270 738111 224017 670797 936762 617788 593364 580988 999999999 174998 559394 762234 856062 477746 489958 738626 508092 184989 805807 382203 515587 671154 542257 829684 470367 806019 515020 711626 631503 239102 302244 112688 176396 247134 571055 216653 697972 585677 858922 499635 568993 502525 322841 945540 436250 733705 512126 687322 597819 485592 326547 722303 708885 99575 656505 38989 387324
938268 380056 755960 540765 591458 378009 509982 158836 280680 377790 823774 236811 319532 359163 98445 628182 330310 772222 500180 612268 334951 535443 140517 276552 756889 544404 412161 634332 382841 830063 33453 1033162 594992 950608 611267 138236 675185 897375 479024 745492 463114 449941 59933 49007 880214 312353 729840 1071595 777356 603720 726166 174998 999999999 554569 854330 878966 351466 478297 893546 679442 299322 802638 218731 601552 617760 675517 808325 519907 891396 662831 848978 582584 362903 141104 80626 128306 363846 702110 361644 859032 698050 997646 324646 603916 406843 272790 1088324 498553 732484 666386 831284 725396 659250 501534 795389 694313 93271 808683 150111 506135
632392 349247 229474 142536 619920 352233 548990 431530 311758 352175 634564 422822 458914 522174 578224 192334 275255 243519 700736 142451 414071 184602 427728 733069 497566 146067 421237 950339 656437 285915 543575 727036 435480 644639 319460 572603 121971 506127 336422 228048 675506 413760 602710 518412 677208 363720 272374 793934 703530 65402 588474 559394 554569 999999999 460480 331866 391245 76646 757706 896590 741401 249462 520037 297927 190385 504813 271871 176028 468391 565365 631620 156661 787239 506878 509489 430756 397584 509487 748898 772516 432054 751345 674825 133660 292361 285738 845854 218247 178274 983182 651344 507822 851127 701299 358676 150155 590463 679725 582435 391947
196168 482731 291673 357618 511793 796221 505039 795249 712739 485645 305759 629855 887000 603510 825180 623558 695068 548340 688346 319561 547530 643545 715160 900638 190171 352695 486000 937887 724213 336021 828889 277499 318707 205867 244252 930934 405596 46707 384935 276009 686070 447700 913582 806330 315249 547523 191329 351295 451310 400702 342174 762234 854330 460480 999999999 356321 828941 502751 426411 817579 895004 454993 914156 252781 626540 295185 539994 357678 54821 378410 275891 604523 911899 872273 780784 731893 515269 270326 857937 479272 196250 332838 1078333 329100 741717 655101 415941 362883 432793 963022 323177 241189 766524 687986 108463 483907 841258 387124 799312 381668
549916 595791 135516 355588 772725 665257 730476 763026 643209 599239 647647 712420 779317 765188 890017 388780 604499 244214 911135 281688 670350 455205 745234 1024085 509811 353602 643924 1171446 902917 50053 864520 618584 556028 558310 420695 904405 210929 382734 531805 153610 895862 618540 930009 839278 666751 637200 236006 695216 774381 275884 654071 856062 878966 331866 356321 999999999 707870 407543 774303 1081405 1027579 139954 850017 408172 396896 582155 218708 389169 323141 665727 624236 397508 1063872 838713 825791 751983 643924 568846 1017816 818235 474085 687556 1000836 287461 602952 615830 765355 429875 174414 1201462 665896 549062 1031112 911264 265567 236225 903760 721536 884963 566736
