NAME : synthetic_000349
TYPE : CTSP-D
DIMENSION : 100
GROUPS : 8
RELAXATION_LEVEL : 1
EDGE_WEIGHT_TYPE : EXPLICIT
EDGE_WEIGHT_FORMAT : FULL_MATRIX
EDGE_WEIGHT_SECTION
999999999 237964 519493 556510 819342 288107 707418 505488 569711 280130 441511 787863 492536 766799 991407 327030 959558 961935 534031 657423 831760 671633 590144 572636 775812 722012 828404 760235 569154 896350 570099 545558 644768 748357 345980 979118 1043523 578045 156430 267842 399534 951238 562437 374091 478145 519492 1120302 360962 533963 90215 651888 175788 965494 450031 511584 458415 400569 798575 1036744 770219 608781 266982 638837 705560 668010 659458 752773 309528 761150 915763 956418 177558 826753 580445 422392 347077 370626 530724 567364 486360 517574 279662 963966 845735 1052525 128997 837088 336991 40699 531204 232951 527646 431709 785704 81650 499221 668804 942148 223858 351903
237964 999999999 281676 406988 880143 68970 588229 682166 737777 350633 576898 740123 346300 774168 950886 299179 804334 921353 505905 457402 692382 782881 508008 690250 695136 650982 855207 637135 581557 798565 662426 313654 676558 648038 404903 938152 1027444 517289 365282 305337 282466 872432 378458 162479 473377 482273 1116600 336296 553461 293041 528225 300270 983602 262557 356144 600810 172108 613777 842413 816515 398061 445892 445602 577943 496764 663873 792084 335305 567522 847443 884633 350277 664033 363495 451924 546556 245024 307066 627438 608526 335545 450909 769452 679672 1029649 261943 762644 235597 259884 734461 308472 320768 197757 640623 261620 634612 650419 931872 296105 444291
519493 281676 999999999 389064 1031990 239034 569695 932857 981155 573866 808134 792289 360164 882909 991453 472144 698100 964149 617392 315909 625246 983655 557903 901588 712438 687115 976373 603908 718681 780143 857112 107593 819155 646068 609782 979168 1090951 590852 641519 521403 373053 872044 304337 203478 614335 589685 1188788 497819 701361 571130 515804 557897 1086943 250687 349511 834699 152263 475630 662315 959451 244973 708428 324654 548605 409736 781945 930456 535154 417635 862867 892201 617364 561129 203325 626329 813696 348412 150759 800049 828905 287008 709919 594140 568563 1085290 528979 779311 373489 541010 999293 544057 216971 99249 571857 538479 861855 747038 1008411 533211 663386
556510 406988 389064 999999999 687723 437485 189263 744067 769927 404991 594041 404761 64234 514607 602455 276572 404760 575086 278654 179291 285681 697519 179968 639471 324063 298592 611672 233545 387661 404360 575536 294395 481393 260834 396083 590142 702768 223951 588304 363561 159452 489865 96291 261172 308923 253220 801318 269153 384712 546064 130667 466537 709631 157859 51034 621656 291624 257003 496373 611500 197334 587996 147973 174116 120907 426531 580451 343876 238450 476189 507734 533609 270257 216985 361053 689309 185888 243638 497002 591493 102085 578870 426495 289519 696441 473998 391635 221214 549360 844181 410606 174915 416492 234872 516448 632083 379281 623251 407516 457449
819342 880143 1031990 687723 999999999 945711 601753 479172 433880 548603 412711 377727 686781 200274 406045 583848 806681 392559 417387 859587 693932 217296 511542 290326 484410 454294 123168 620485 313309 567429 257085 961185 212846 545460 484616 401629 357371 464074 702284 581962 659232 520591 782787 838158 419407 445091 379625 549367 332911 736848 613601 644431 207942 784717 705727 412225 889122 852387 1022246 76671 884896 594090 828811 627769 761024 261576 108161 546793 872925 470803 498060 651897 777642 900417 428220 599653 686754 911300 255718 360593 772889 575461 978965 797834 383773 693268 471461 670015 781664 587298 597436 847416 1014125 700406 737699 372834 315622 282129 609079 467548
288107 68970 239034 437485 945711 999999999 623940 749284 805647 419468 645725 791299 380789 834290 1001647 362764 824009 972312 563992 461334 719529 851578 555546 759158 739587 698353 917333 670684 644084 837270 730713 292425 740377 688130 473040 988913 1082295 569292 425850 373661 330132 915313 394600 178056 535337 539362 1173110 399006 617098 352754 563891 367803 1043970 283665 386578 669515 166651 622876 843407 880989 396360 511595 454052 611191 515115 724534 855968 402601 572681 893069 929103 415314 682581 357874 517738 610488 293030 297184 694075 677495 354813 517359 771089 696535 1083280 327802 807729 290583 315272 798536 377441 325320 145021 666561 322811 703503 707895 988254 365071 513168
707418 588229 569695 189263 601753 623940 999999999 782204 792041 498746 630836 254392 243218 406590 429169 390256 274365 403980 267458 293890 135380 669637 143262 636680 151564 152162 502462 53033 354633 215098 563610 468173 423050 78691 465575 417498 538979 187805 706959 472109 314737 302695 265413 449468 327720 256063 639369 365882 369704 679200 60107 585293 574206 347096 238809 656001 480865 250655 443022 526214 345874 677985 268684 27293 181873 351171 494975 439675 275705 294374 322522 646299 185773 378604 401656 767276 349808 419758 475535 612561 287333 664772 388132 208098 528328 605491 213427 374965 692775 894538 520757 352750 604631 110500 653831 654012 289767 472319 521772 519521
505488 682166 932857 744067 479172 749284 782204 999999999 68590 364681 152186 689378 702383 558264 825331 488330 1052122 802121 514878 914345 914202 264495 640522 197224 749878 694527 558471 826747 445610 873791 262292 909474 434764 771608 350790 816495 816187 594472 349957 417253 618778 875489 810935 734802 455955 527113 855368 481275 420013 416974 754731 381973 681757 744404 728046 126230 782795 990495 1217241 475663 901439 241221 884906 797890 860017 501845 479487 416225 981500 825513 864456 337651 961917 894314 387626 168512 621398 871983 339676 174033 777446 232743 1154114 984612 837805 422129 779968 583606 465603 119803 389017 831341 871341 891591 438331 135546 555002 722517 399675 289061
569711 737777 981155 769927 433880 805647 792041 68590 999999999 408225 178561 677498 732542 534065 798706 525745 1057525 777043 525332 943925 921208 216585 653006 171596 746637 693233 523183 834004 444807 867205 244960 952099 418539 774667 384835 790617 780351 604710 415211 461060 653848 861147 842047 780708 471281 540657 813050 514334 423622 480421 769327 437905 640044 782818 758006 150661 829882 1010254 1231803 439627 935663 303445 913814 809570 882812 490192 447458 454820 1005091 810343 848005 398569 974858 931237 409203 236877 659845 912598 330253 180704 810887 293062 1170837 997554 803455 480459 771096 623615 529487 153624 437750 868446 923632 902333 500158 139168 547370 690189 449081 324604
280130 350633 573866 404991 548603 419468 498746 364681 408225 999999999 234429 522305 353270 486910 718987 130373 770847 689919 272062 562203 633269 432436 360969 339818 529707 472448 549090 550597 290212 656706 314149 544972 365110 518969 66039 706999 764969 333187 215605 52852 261197 697064 457265 372542 208752 264856 840349 137826 254527 212240 454095 107836 685761 381024 378651 260838 422082 661382 898845 494212 541700 183748 534570 505630 525705 380561 474991 61503 641991 656686 698136 152630 655986 531633 143879 284559 258698 507370 293176 259717 420006 173898 830369 677804 775061 151161 584104 219752 247339 449279 48953 468726 522192 597114 201345 289438 395215 663252 60482 93788
441511 576898 808134 594041 412711 645725 630836 152186 178561 234429 999999999 553678 554782 442474 708161 347556 901861 682779 363908 766491 763523 232562 488733 133811 605436 548952 463816 676106 302447 731425 158432 775089 310948 622950 206331 698234 716003 443322 302082 286732 475288 740858 664086 606135 303962 375292 768805 335816 273649 352069 602598 284367 597518 604558 580329 27931 656158 838695 1065059 386702 757176 186899 736614 646099 708902 369200 381687 277226 830713 692244 732403 264039 809867 752719 235675 192094 481703 734823 211349 52121 632455 169499 1001978 832556 734303 331913 640260 446021 401042 264502 269648 689955 755625 739912 363317 58710 416537 617138 281718 146701
787863 740123 792289 404761 377727 791299 254392 689378 677498 522305 553678 999999999 434785 178437 210773 466515 428984 181232 253887 544805 320312 504335 239008 506612 111472 107289 263473 256652 254901 196645 432539 699095 259645 182301 464893 198042 298792 222865 735226 521118 461333 187187 497373 635099 313653 269401 396639 429671 288922 732701 289518 628364 320008 547520 442958 572057 677472 496589 646220 309088 589723 667505 517494 281629 434331 187746 281195 479874 528352 139504 180635 672427 409894 617323 383017 730151 498281 648397 349782 517165 505990 650151 606751 428391 294982 664718 97691 504721 761651 809017 562159 579671 807841 335216 716674 553875 137909 220303 568651 496244
492536 346300 360164 64234 686781 380789 243218 702383 732542 353270 554782 434785 999999999 525431 639183 223081 468957 610905 269963 211962 348302 676568 197933 611485 365616 332231 620632 291017 377827 456722 551785 276390 475905 308755 351803 626635 733436 231818 528500 308752 98100 537566 109770 208182 286594 242581 830237 221778 368919 484040 183133 407638 727317 112799 25694 582657 245019 314937 555265 611752 208476 534377 182755 231706 179472 429097 581468 293311 289672 519499 553356 475364 334245 215815 327670 637655 121963 225678 478556 557008 86919 526351 484316 353236 729437 412606 434048 158449 486021 798301 354426 160635 374145 298309 453937 596607 389071 648745 350383 413610
766799 774168 882909 514607 200274 834290 406590 558264 534065 486910 442474 178437 525431 999999999 267362 477102 607200 243873 271981 677855 493800 340556 334646 363681 284145 256318 97709 421811 198817 372123 296262 801539 133410 346447 421578 258278 281497 293826 681219 503859 519299 338612 610898 701807 302176 298368 353510 439062 233046 696423 424941 593768 209698 632225 540740 454491 750080 656798 821978 130768 710850 592016 647982 433250 573987 110716 104064 463112 680945 287180 320787 621865 578659 731328 344815 632228 552138 750592 232186 396909 607991 573271 779242 598519 295816 637984 274259 545170 734121 677120 533902 683667 879730 501784 688151 426929 136381 179596 543427 431068
991407 950886 991453 602455 406045 1001647 429169 825331 798706 718987 708161 210773 639183 267362 999999999 674524 500630 29728 459045 721529 440818 595773 447321 629769 279850 307026 287240 410415 434049 259990 563574 893828 397226 350486 657619 12738 122294 433638 926582 723590 671535 167382 690197 842955 513425 477199 219563 637067 470436 931140 477367 826553 239977 751809 644734 721237 883704 638789 729340 367076 774998 847405 697494 454162 609253 347779 353064 681935 682247 143061 137598 864798 537588 806836 575874 895899 708628 844068 496868 663742 704539 829105 708630 550303 103044 865818 215869 715493 963170 943843 761799 775691 1013322 475987 917597 694281 323787 126690 769327 679661
327030 299179 472144 276572 583848 362764 390256 488330 525745 130373 347556 466515 223081 477102 674524 999999999 656181 644811 216425 431952 521393 511848 264186 429945 448783 395265 556185 443209 282498 570024 385696 428937 377662 423628 141740 661964 739399 251394 318814 87184 131448 624559 327079 268947 175037 197385 824568 38309 254427 289308 339691 196214 685837 257074 248375 375292 320764 533545 772331 518259 413570 311715 404207 392961 397478 366422 493248 72302 512301 590260 630546 260473 534721 406144 158444 414576 134147 387475 335999 360760 290624 303310 702954 555979 744557 215762 510469 99962 306746 578275 135181 343204 436606 480923 265386 396629 359512 640943 133784 201153
959558 804334 698100 404760 806681 824009 274365 1052122 1057525 770847 901861 428984 468957 607200 500630 656181 999999999 488433 538094 382559 139131 915719 417362 895907 326587 370775 690288 226031 613523 249153 821146 590936 663804 283580 739791 493710 622720 459130 974946 740880 560048 333251 429430 646921 600681 529168 716510 635516 634082 941488 317179 852396 716272 542485 453021 926272 661625 225434 228813 737455 453965 951551 378526 265229 308909 587685 708684 710779 284558 366353 363034 915632 141566 496366 675528 1041635 589795 555712 732414 880259 469920 938659 214231 130099 600497 867997 337002 622605 949765 1166230 789701 505279 763434 175397 913913 921295 524563 597413 789610 793851
961935 921353 964149 575086 392559 972312 403980 802121 777043 689919 682779 181232 610905 243873 29728 644811 488433 999999999 429388 697109 421850 576614 418328 607315 253647 278674 271592 387349 405795 243682 540003 867139 371898 325318 628800 17192 139351 404077 898034 694139 642229 156619 663594 814171 484037 447479 239160 607368 442133 902020 450948 797421 238844 723607 616845 696411 855221 618543 717219 349272 749525 819819 672600 429366 584801 320298 333431 652497 660674 124731 127383 836136 518601 780818 546970 869716 679283 817209 471431 639020 677159 801589 693913 532121 124725 836489 191431 685922 933831 920984 732541 748730 984998 454967 888291 670270 294709 120403 740002 651595
534031 505905 617392 278654 417387 563992 267458 514878 525332 272062 363908 253887 269963 271981 459045 216425 538094 429388 999999999 456963 399620 422472 128064 375326 260319 202315 361006 312218 109117 388661 305494 543821 205942 262549 220662 446574 523720 79653 487339 267336 248304 425003 370321 430739 66833 27782 610937 178497 109181 479959 245337 376118 481330 368173 290032 388732 479845 491141 706720 343143 472789 433062 425576 284256 373243 165480 313521 226281 494561 385199 426530 424275 449551 485021 143708 511686 280326 493919 221667 345328 356588 417449 647046 472241 528266 411096 312181 273820 507865 628156 309387 430468 608697 377333 463043 386851 144611 426451 315351 264439
657423 457402 315909 179291 859587 461334 293890 914345 943925 562203 766491 544805 211962 677855 721529 431952 382559 697109 456963 999999999 315870 876804 348059 817896 445452 438396 775564 313082 565590 485094 754684 208492 657143 372140 563720 710138 832829 396573 721276 515061 301246 582347 105004 295152 487943 432066 933247 433503 563818 667911 256353 604932 861785 207499 186308 794334 294686 164260 385046 782969 71458 740173 31393 267882 112308 598117 751589 503467 111359 583013 606100 673350 245386 113962 536924 845235 310763 174683 676228 767217 145615 733486 312055 252751 821707 601220 505795 351606 660017 1009462 558179 136916 382905 264517 635485 807268 546043 764612 552548 625525
831760 692382 625246 285681 693932 719529 135380 914202 921208 633269 763523 320312 348302 493800 440818 521393 139131 421850 399620 315870 999999999 786717 278235 761763 209996 243994 583412 87455 478751 183319 687488 518270 535688 152637 600951 431303 561131 320391 839564 604923 433310 282597 331876 541558 461713 390149 660210 499029 497599 808858 181807 717352 629685 435955 336296 788187 563927 199610 328961 621472 382831 813179 301426 128453 215970 460431 591416 573672 248693 297858 310067 779539 96789 422750 536414 902619 465535 475858 598761 743018 366482 800074 286440 111124 543861 735161 241648 495460 819665 1027739 653709 416176 677358 53984 782292 784230 397099 515912 654149 654751
671633 782881 983655 697519 217296 851578 669637 264495 216585 432436 232562 504335 676568 340556 595773 511848 915719 576614 422472 876804 786717 999999999 545512 99142 591338 545017 312537 702869 318271 700535 126872 932178 251927 634417 380362 588840 567247 493964 534628 478411 620119 678224 783978 780751 390295 445663 596630 486332 313707 583073 661708 506633 423929 753600 699960 221949 832601 909690 1111471 229643 884910 418927 845461 691713 795645 328133 243206 454076 916535 626730 661252 494961 855246 890375 358692 400892 637965 886227 200946 185290 762315 401891 1057710 877361 591510 555784 601713 610202 631508 370056 476946 830589 945731 778596 591876 179248 391157 481016 489421 339284
590144 508008 557903 179968 511542 555546 143262 640522 653006 360969 488733 239008 197933 334646 447321 264186 417362 418328 128064 348059 278235 545512 999999999 502904 189412 143030 431799 192274 227319 306208 432039 470140 311493 159917 323712 434625 536673 51570 573272 339710 225914 367563 276258 396150 184948 113442 632744 234330 235474 552022 117484 453653 531401 309956 209394 514302 438611 364637 578825 434943 376494 537198 317275 157373 253392 250065 403595 304104 372013 339680 377630 511398 321960 396823 258395 624616 263347 419041 346188 472670 275582 523428 519003 344668 533934 479018 255496 275902 570926 751886 387451 351092 569136 251213 529327 514249 199670 450827 389956 376560
572636 690250 901588 639471 290326 759158 636680 197224 171596 339818 133811 506612 611485 363681 629769 429945 895907 607315 375326 817896 761763 99142 502904 999999999 579539 527797 361532 675386 283043 697887 75226 856382 247215 612327 292726 621283 619125 452465 435838 388030 546175 689656 720717 698117 331074 394794 660873 408289 267741 483961 620385 408948 487384 679550 635941 125703 749621 866347 1079390 279153 819521 320606 786867 656292 745094 319938 282264 367420 867379 638796 676409 395843 821794 821367 285112 310610 560353 812224 163584 86306 695198 303308 1021518 844342 640594 457871 601017 529666 532458 314303 382530 760109 858596 747115 493094 83917 378707 525335 395002 246038
775812 695136 712438 324063 484410 739587 151564 749878 746637 529707 605436 111472 365616 284145 279850 448783 326587 253647 260319 445452 209996 591338 189412 579539 999999999 58154 373558 146029 304277 128560 504315 614040 339822 74151 480923 267837 387491 198817 745267 517342 412724 178172 410389 572919 326967 264852 487836 415710 331824 731718 197524 630020 428933 476990 368462 627045 610472 386129 537835 412883 496085 693107 419990 177907 333403 263577 383383 478500 420157 154005 189608 682335 298440 527175 403249 768072 450132 564417 416728 575847 425969 677210 496205 317084 377443 660053 68469 465006 754353 867876 562934 496181 738526 223891 711342 615292 201617 322535 567208 523290
722012 650982 687115 298592 454294 698353 152162 694527 693233 472448 548952 107289 332231 256318 307026 395265 370775 278674 202315 438396 243994 545017 143030 527797 58154 999999999 351056 166265 249178 186713 452648 592610 293172 91958 422968 294449 404180 143968 688051 461452 368938 229295 390375 536359 268888 207740 502946 361209 275340 675856 182497 573614 423968 444944 338592 570996 576684 400908 572544 380100 482452 634976 410702 179344 328778 217258 349444 422139 427866 197448 236472 625066 323480 510122 345105 710111 406376 542067 364353 520597 400293 619060 525620 343978 398236 604654 115261 418016 699584 812044 506509 473347 706337 246127 656151 560457 153959 327547 511103 465140
828404 855207 976373 611672 123168 917333 502462 558471 523183 549090 463816 263473 620632 97709 287240 556185 690288 271592 361006 775564 583412 312537 431799 361532 373558 351056 999999999 514988 273686 447526 306797 896994 184132 439472 483055 281771 257772 389733 729233 572742 609307 397571 707944 791688 382028 388245 305290 518914 303493 752616 522406 653026 137957 725885 636656 470314 840832 751960 909627 83569 808204 630752 745682 529331 671498 195556 82156 533528 777501 348036 374894 672993 670969 828160 412647 655872 640838 846162 267508 413767 704037 611781 869751 690231 280278 699573 353485 630895 793501 673437 597526 779653 969613 594781 747941 436363 232559 168528 608012 481672
760235 637135 603908 233545 620485 670684 53033 826747 834004 550597 676106 256652 291017 421811 410415 443209 226031 387349 312218 313082 87455 702869 192274 675386 146029 166265 514988 999999999 392355 176243 601382 499920 453020 75517 515859 399440 525341 233111 759587 524750 366358 270443 300536 494715 374681 303225 625816 418484 410459 732211 110045 638066 574939 390789 284205 700737 523536 240114 409093 546358 371634 728933 291347 59494 201766 378747 515653 491892 275459 270221 293287 698755 157216 407409 449789 816859 400919 453192 512751 655627 327253 715425 359699 177874 512003 658505 196548 427065 745770 940366 573342 388058 644578 79977 706864 696866 315779 467103 574499 568699
569154 581557 718681 387661 313309 644084 354633 445610 444807 290212 302447 254901 377827 198817 434049 282498 613523 405795 109117 565590 478751 318271 227319 283043 304277 249178 273686 392355 999999999 429165 209170 649462 100498 330147 226101 422562 474763 175751 492837 305064 346005 441365 479374 525912 109019 135620 551855 245302 36440 501640 343501 397845 404717 471986 398556 323156 576509 591451 797655 241702 581818 415526 534223 375346 478896 90367 214116 264304 598940 394404 435441 431496 540279 593388 146771 475256 374297 600118 120903 271590 464681 397671 741532 562691 485085 440705 338061 360207 537457 563688 336245 537871 702821 464814 491467 311284 117162 373116 345392 245937
896350 798565 780143 404360 567429 837270 215098 873791 867205 656706 731425 196645 456722 372123 259990 570024 249153 243682 388661 485094 183319 700535 306208 697887 128560 186713 447526 176243 429165 999999999 622967 676059 452933 151033 609112 251344 381738 324004 872038 642104 519111 99490 476527 664082 455391 392077 479455 538650 458337 856057 274353 755454 467142 562178 453688 752302 695958 382891 476611 502610 546459 821601 465413 232716 375837 378165 476002 604113 430373 119190 126772 809240 279408 583098 531779 896359 555780 629434 537073 699909 501589 805749 450413 290937 362708 783685 98961 575695 876686 992492 688496 564111 819145 224909 834512 738589 319876 348560 692225 651849
570099 662426 857112 575536 257085 730713 563610 262292 244960 314149 158432 432539 551785 296262 563574 385696 821146 540003 305494 754684 687488 126872 432039 75226 504315 452648 306797 601382 209170 622967 999999999 805379 174004 537579 257736 554537 561660 381081 446157 357093 493375 616614 659968 654422 266795 326586 611107 359566 196636 484699 549424 398433 439294 626907 575568 163519 706315 796408 1006587 228411 760260 337005 723446 583804 677719 245328 224992 330121 799582 566014 604179 398102 749080 764676 231820 349766 511105 759587 88763 107277 637018 318384 949633 771556 581372 447923 526372 483624 531178 381646 360840 704510 820786 673903 488749 131378 303573 464745 373176 223785
545558 313654 107593 294395 961185 292425 468173 909474 952099 544972 775089 699095 276390 801539 893828 428937 590936 867139 543821 208492 518270 932178 470140 856382 614040 592610 896994 499920 649462 676059 805379 999999999 749057 545646 570514 881721 996692 507722 647878 492262 312127 769359 203657 180930 550274 516099 1095533 448093 636256 582166 416548 549506 1001528 179148 261114 802535 145105 369501 565574 886825 137403 698655 217244 445967 303286 705193 856864 497898 312154 762385 790385 614165 453577 95794 573733 805876 296148 51099 740871 789651 194593 697260 495547 461233 989592 529100 679892 329347 559986 986541 523117 119545 182218 465077 548595 825446 665160 917560 513717 628418
644768 676558 819155 481393 212846 740377 423050 434764 418539 365110 310948 259645 475905 133410 397226 377662 663804 371898 205942 657143 535688 251927 311493 247215 339822 293172 184132 453020 100498 452933 174004 749057 999999999 383128 299073 387292 413693 261140 551038 388965 446499 442666 574950 626123 207917 233408 479714 341561 123293 570437 422517 469737 320727 572070 495775 324715 676847 669000 862112 141726 677421 459139 625940 446632 564810 76278 115591 350224 682025 392014 430238 492933 607476 690781 229170 499418 474551 699440 99649 267522 562495 440332 810614 629235 428992 515835 355064 459392 610351 554506 413451 636385 802743 530189 564637 300526 139246 312284 423892 301322
748357 648038 646068 260834 545460 688130 78691 771608 774667 518969 622950 182301 308755 346447 350486 423628 283580 325318 262549 372140 152637 634417 159917 612327 74151 91958 439472 75517 330147 151033 537579 545646 383128 999999999 477251 338807 460736 187940 732520 499503 368088 229292 342293 516894 328308 259215 561200 394247 351984 711911 130672 613423 501791 417241 308138 646445 551339 314467 480704 471707 424527 691429 347291 104268 259911 307795 441185 463323 346588 216855 246979 670349 232248 456903 405145 773801 404808 496742 448839 598660 361436 676745 433835 252392 449733 638832 134824 424818 730182 887355 547042 429156 677305 155405 688967 639367 244463 396603 549761 525792
345980 404903 609782 396083 484616 473040 465575 350790 384835 66039 206331 464893 351803 421578 657619 141740 739791 628800 220662 563720 600951 380362 323712 292726 480923 422968 483055 515859 226101 609112 257736 570514 299073 477251 999999999 645794 700487 289363 270416 99738 269136 643477 460147 406388 154458 218451 774870 130501 190021 275575 426395 172214 619738 398384 377490 234187 457585 648151 881626 428823 551465 214185 534496 475554 514588 316234 409192 74749 634487 601329 642887 207827 632484 546403 82101 302376 275751 529198 228901 219708 427042 199836 815253 654798 711177 216983 531820 241200 312574 448099 114625 483626 566165 568889 266628 254938 334409 598617 125540 61807
979118 938152 979168 590142 401629 988913 417498 816495 790617 706999 698234 198042 626635 258278 12738 661964 493710 17192 446574 710138 431303 588840 434625 621283 267837 294449 281771 399440 422562 251344 554537 881721 387292 338807 645794 999999999 130394 420907 914931 711318 658803 160647 678110 830300 501203 464623 228915 624535 458922 919117 465322 814522 240758 739282 632283 711593 871113 628850 722506 360693 763265 836314 685945 442621 597843 336718 345835 669674 671836 133455 130947 853076 528092 794931 563994 885567 695894 831909 486895 654146 692227 818053 700779 541107 112989 853644 204362 702763 950988 935185 749677 763500 1000769 465740 905440 685041 311785 124856 757155 668293
1043523 1027444 1090951 702768 357371 1082295 538979 816187 780351 764969 716003 298792 733436 281497 122294 739399 622720 139351 523720 832829 561131 567247 536673 619125 387491 404180 257772 525341 474763 381738 561660 996692 413693 460736 700487 130394 999999999 514173 962601 777379 754415 289550 793943 931673 568943 545780 100535 701159 510534 976007 582729 872525 156828 846092 741728 724702 975185 757841 851332 341029 882978 872821 807472 564999 720642 384408 337441 735892 799503 263545 259775 902930 657901 912753 621414 907739 790573 946220 510064 667464 804367 854000 830900 671237 30279 915355 328821 792406 1012210 931127 810808 877508 1105788 594118 966223 692445 379897 102074 819666 712479
578045 517289 590852 223951 464074 569292 187805 594472 604710 333187 443322 222865 231818 293826 433638 251394 459130 404077 79653 396573 320391 493964 51570 452465 198817 143968 389733 233111 175751 324004 381081 507722 261140 187940 289363 420907 514173 999999999 548189 318604 240274 373218 319690 418696 141947 71410 607564 217276 184760 532936 168400 431594 496107 340529 246973 468298 464096 416013 627823 387707 421284 503520 365520 204917 304369 202644 356578 280156 423482 339358 379348 485504 370415 439036 218085 586632 276666 456767 294844 424894 314314 488806 569064 393080 514145 461248 259094 281857 555791 707383 364574 389953 594835 297739 512588 466391 157458 423510 368566 338344
156430 365282 641519 588304 702284 425850 706959 349957 415211 215605 302082 735226 528500 681219 926582 318814 974946 898034 487339 721276 839564 534628 573272 435838 745267 688051 729233 759587 492837 872038 446157 647878 551038 732520 270416 914931 962601 548189 999999999 234850 430404 912188 618651 467521 422935 480420 1030586 341103 456398 73308 658148 122710 867120 518527 551711 314765 505308 843434 1083756 662360 684631 116982 697770 711127 707786 581389 649419 269215 815061 871050 912574 63065 852513 663648 352477 190976 412404 623194 461867 351191 575821 132948 1012732 873435 975385 120991 799508 372300 117873 376850 186272 604467 562953 799729 103673 357059 604323 860555 185423 250155
267842 305337 521403 363561 581962 373661 472109 417253 461060 52852 286732 521118 308752 503859 723590 87184 740880 694139 267336 515061 604923 478411 339710 388030 517342 461452 572742 524750 305064 642104 357093 492262 388965 499503 99738 711318 777379 318604 234850 999999999 213922 689338 410068 319773 210318 254992 856790 106283 271283 214413 423788 113945 707581 329762 333719 313358 369481 620564 859494 523456 491872 225705 488156 476537 484448 394673 502073 41704 598384 651571 692655 174751 621255 480548 160194 330176 208275 455059 326568 309975 371505 218430 790023 642647 785552 143882 575404 168571 240538 499722 48821 417754 471477 565948 195783 341022 401073 676531 50261 143353
399534 282466 373053 159452 659232 330132 314737 618778 653848 261197 475288 461333 98100 519299 671535 131448 560048 642229 248304 301246 433310 620119 225914 546175 412724 368938 609307 366358 346005 519111 493375 312127 446499 368088 269136 658803 754415 240274 430404 213922 999999999 590264 196244 182537 241409 221212 847196 140000 328386 386633 256413 309732 727622 133606 121635 503191 231630 413029 653366 587379 282662 439412 274246 309288 277512 413764 558918 203633 386431 565022 602176 377628 428774 277720 262029 544045 37465 266373 429620 483681 159189 432338 582367 448521 754295 314781 480177 62558 390569 709718 258104 215282 360503 386306 357027 521485 386690 662675 253410 330233
951238 872432 872044 489865 520591 915313 302695 875489 861147 697064 740858 187187 537566 338612 167382 624559 333251 156619 425003 582347 282597 678224 367563 689656 178172 229295 397571 270443 441365 99490 616614 769359 442666 229292 643477 160647 289550 373218 912188 689338 590264 999999999 567721 745741 489446 434446 384749 590335 474585 903494 359287 800412 392287 646532 537429 759089 780630 482207 561986 463919 642072 850662 561597 323521 471940 373710 441130 649359 529847 51495 29784 849129 378255 677634 562728 916436 627593 721720 535843 703924 589687 833718 541974 388931 268131 832958 114159 643146 928382 995241 733402 655229 906332 324128 884626 740129 324827 272197 738577 679231
562437 378458 304337 96291 782787 394600 265413 810935 842047 457265 664086 497373 109770 610898 690197 327079 429430 663594 370321 105004 331876 783978 276258 720717 410389 390375 707944 300536 479374 476527 659968 203657 574950 342293 460147 678110 793943 319690 618651 410068 196244 567721 999999999 218155 393691 343894 893172 329698 473627 567392 212892 501138 805244 116573 84813 691985 233371 237839 474333 706756 102496 635263 79162 244379 120643 522003 675829 398753 199000 559137 587934 569534 287982 120983 437350 740239 206785 154453 584738 666776 44917 628496 401528 302264 786317 499275 476311 247498 562253 904915 453373 87607 346233 277934 535470 706338 475512 716902 447912 521910
374091 162479 203478 261172 838158 178056 449468 734802 780708 372542 606135 635099 208182 701807 842955 268947 646921 814171 430739 295152 541558 780751 396150 698117 572919 536359 791688 494715 525912 664082 654422 180930 626123 516894 406388 830300 931673 418696 467521 319773 182537 745741 218155 999999999 418757 403733 1026106 295998 505494 403135 389773 368990 909901 105621 210756 632993 51938 451601 680196 767612 238101 518696 283185 435285 338100 596132 739731 331833 405055 726922 761300 433272 505746 206853 424564 625712 151627 157498 600003 625711 177105 517979 607187 520395 929863 348280 641386 171366 384246 807763 346179 158994 177972 488522 369526 659145 568706 842206 336108 460663
478145 473377 614335 308923 419407 535337 327720 455955 471281 208752 303962 313653 286594 302176 513425 175037 600681 484037 66833 487943 461713 390295 184948 331074 326967 268888 382028 374681 109019 455391 266795 550274 207917 328308 154458 501203 568943 141947 422935 210318 241409 489446 393691 418757 999999999 71657 651467 137222 87040 419283 298956 314814 510805 371346 309717 329822 469811 539319 761705 349642 494712 366255 456739 342233 414652 191463 322756 168620 537113 448180 489681 359917 505965 501511 77008 445503 267464 502171 192171 290585 372872 350616 699749 528662 576086 352522 377426 251514 449831 566949 248980 443085 594941 436150 404385 332117 190853 469028 256070 197802
519492 482273 589685 253220 445091 539362 256063 527113 540657 264856 375292 269401 242581 298368 477199 197385 529168 447479 27782 432066 390149 445663 113442 394794 264852 207740 388245 303225 135620 392077 326586 516099 233408 259215 218451 464623 545780 71410 480420 254992 221212 434446 343894 403733 71657 999999999 634346 160282 132001 469049 228679 366180 507356 340394 262979 400905 452604 471936 691342 370916 446289 432472 400674 270809 351136 192828 341302 214928 473046 396769 437749 417484 435027 457891 146865 515264 253779 466242 244729 360058 329315 417596 630271 457734 549348 398784 320669 248838 494816 638559 299103 402985 581704 364642 450586 401653 168534 449598 304132 266948
1120302 1116600 1188788 801318 379625 1173110 639369 855368 813050 840349 768805 396639 830237 353510 219563 824568 716510 239160 610937 933247 660210 596630 632744 660873 487836 502946 305290 625816 551855 479455 611107 1095533 479714 561200 774870 228915 100535 607564 1030586 856790 847196 384749 893172 1026106 651467 634346 999999999 786261 586501 1049094 682517 946964 173622 942645 839319 774372 1070536 857592 944400 383208 982962 935049 907764 665454 821090 462156 387408 815754 899759 362352 355199 972633 756998 1012345 698254 960733 882840 1044923 570847 718339 902629 916091 926696 769859 116795 991461 429321 882611 1087443 966134 887413 976194 1201282 694125 1041496 738977 466327 184856 896912 781036
360962 336296 497819 269153 549367 399006 365882 481275 514334 137826 335816 429671 221778 439062 637067 38309 635516 607368 178497 433503 499029 486332 234330 408289 415710 361209 518914 418484 245302 538650 359566 448093 341561 394247 130501 624535 701159 217276 341103 106283 140000 590335 329698 295998 137222 160282 786261 999999999 218278 317774 318339 219951 647977 272015 247470 363744 347926 524497 761270 482654 421365 321539 404530 370751 389300 328423 457124 76391 507307 554999 595536 280539 518437 417709 128597 420675 152161 404345 304646 343797 296727 311165 693140 540168 706443 245059 476176 124637 338643 576676 154875 355268 467426 460971 295911 381484 321263 602641 156238 192222
533963 553461 701361 384712 332911 617098 369704 420013 423622 254527 273649 288922 368919 233046 470436 254427 634082 442133 109181 563818 497599 313707 235474 267741 331824 275340 303493 410459 36440 458337 196636 636256 123293 351984 190021 458922 510534 184760 456398 271283 328386 474585 473627 505494 87040 132001 586501 218278 999999999 465595 352924 361992 436708 457612 390962 295752 556670 599773 811899 264522 575606 379872 532435 388731 482325 126214 238878 231054 603737 428337 469556 395071 554310 584656 111769 441920 354378 587721 112761 246692 455743 362151 753781 576902 521195 405313 369334 337171 501859 536881 301013 527382 681215 480203 455864 287406 151890 408746 310413 209805
90215 293041 571130 546064 736848 352754 679200 416974 480421 212240 352069 732701 484040 696423 931140 289308 941488 902020 479959 667911 808858 583073 552022 483961 731718 675856 752616 732211 501640 856057 484699 582166 570437 711911 275575 919117 976007 532936 73308 214413 386633 903494 567392 403135 419283 469049 1049094 317774 465595 999999999 627111 104608 890369 462189 505877 368455 438274 797592 1037822 690904 627009 177182 646028 680738 663256 591809 675108 254159 765698 865039 906267 88129 814286 603567 355966 262744 364117 560118 488070 397817 523510 189494 965950 834499 986724 73731 789661 325671 49526 449599 170607 546078 490799 766170 33610 409491 607353 874086 164919 271680
651888 528225 515804 130667 613601 563891 60107 754731 769327 454095 602598 289518 183133 424941 477367 339691 317179 450948 245337 256353 181807 661708 117484 620385 197524 182497 522406 110045 343501 274353 549424 416548 422517 130672 426395 465322 582729 168400 658148 423788 256413 359287 212892 389773 298956 228679 682517 318339 352924 627111 999999999 535779 605433 288096 179362 628698 422098 247992 462772 537109 300643 635845 228265 53765 149120 355463 505592 393738 260150 347143 377621 598528 207597 330148 368881 728747 290873 367086 463192 588736 230767 623568 401819 230221 574149 553401 263602 317424 638644 864166 472608 299086 547052 143075 600765 630331 298001 509794 472734 483056
175788 300270 557897 466537 644431 367803 585293 381973 437905 107836 284367 628364 407638 593768 826553 196214 852396 797421 376118 604932 717352 506633 453653 408948 630020 573614 653026 638066 397845 755454 398433 549506 469737 613423 172214 814522 872525 431594 122710 113945 309732 800412 501138 368990 314814 366180 946964 219951 361992 104608 535779 999999999 790358 406408 431345 305871 412445 722429 962562 594455 572630 150611 580271 588899 586507 488145 577030 151520 695729 761316 802627 68418 729867 554937 251707 256936 294357 519659 391653 323285 459345 152485 891910 750840 882822 49502 686810 253671 140641 441399 67105 493968 490650 677128 94919 343060 502768 770721 63735 176968
965494 983602 1086943 709631 207942 1043970 574206 681757 640044 685761 597518 320008 727317 209698 239977 685837 716272 238844 481330 861785 629685 423929 531401 487384 428933 423968 137957 574939 404717 467142 439294 1001528 320727 501791 619738 240758 156828 496107 867120 707581 727622 392287 805244 909901 510805 507356 173622 647977 436708 890369 605433 790358 999999999 836597 740574 602079 957483 814962 943393 210888 902101 767785 833450 601480 752739 319731 218371 667711 848256 351299 364237 810948 723657 926224 547412 789044 761045 950430 405298 546559 806983 748816 912850 740430 185976 836561 388171 754807 930924 792895 733955 882463 1087617 651736 885274 566035 341358 120111 744222 619592
450031 262557 250687 157859 784717 283665 347096 744404 782818 381024 604558 547520 112799 632225 751809 257074 542485 723607 368173 207499 435955 753600 309956 679550 476990 444944 725885 390789 471986 562178 626907 179148 572070 417241 398384 739282 846092 340529 518527 329762 133606 646532 116573 105621 371346 340394 942645 272015 457612 462189 288096 406408 836597 999999999 109108 632328 134103 354049 588545 711157 166349 548877 189353 331557 234268 531885 681686 328493 312235 630521 663442 474374 401734 150822 395635 655850 123092 132771 561724 615564 72991 544567 515510 417137 842227 397670 545274 161290 452705 829435 367380 88275 261701 382901 429380 652613 496374 760647 359879 458226
511584 356144 349511 51034 705727 386578 238809 728046 758006 378651 580329 442958 25694 540740 644734 248375 453021 616845 290032 186308 336296 699960 209394 635941 368462 338592 636656 284205 398556 453688 575568 261114 495775 308138 377490 632283 741728 246973 551711 333719 121635 537429 84813 210756 309717 262979 839319 247470 390962 505877 179362 431345 740574 109108 999999999 608195 243201 291995 532385 630303 185006 559406 157061 224722 157495 446711 599773 318838 265006 521724 554391 499263 316307 195008 352578 662937 142183 210053 501320 582196 67466 551552 461061 334599 736731 434994 436610 180305 506398 823969 379047 142998 370109 284988 475354 621898 404410 659051 374753 439296
458415 600810 834699 621656 412225 669515 656001 126230 150661 260838 27931 572057 582657 454491 721237 375292 926272 696411 388732 794334 788187 221949 514302 125703 627045 570996 470314 700737 323156 752302 163519 802535 324715 646445 234187 711593 724702 468298 314765 313358 503191 759089 691985 632993 329822 400905 774372 363744 295752 368455 628698 305871 602079 632328 608195 999999999 682839 865679 1091329 391291 785105 198085 764426 671667 736231 386146 388487 304760 858131 709996 749814 280951 835780 780588 262690 187722 509432 762459 225820 57610 660386 181890 1028569 858479 743863 352542 660113 473587 417777 241148 294635 717811 781132 765361 381577 42721 435654 626914 306554 174288
