NAME : synthetic_000163
TYPE : CTSP-D
DIMENSION : 100
GROUPS : 8
RELAXATION_LEVEL : 1
EDGE_WEIGHT_TYPE : EXPLICIT
EDGE_WEIGHT_FORMAT : FULL_MATRIX
EDGE_WEIGHT_SECTION
999999999 785601 550665 259495 58064 817541 356330 473773 996231 381928 757987 474356 642096 130788 662159 764184 186406 604804 546426 1078134 891963 389384 689301 551795 933501 345261 809020 749438 308017 368338 863566 140602 834230 518419 1063256 254713 294166 583765 617583 896564 840164 663318 689032 866332 880007 357648 351638 378711 708072 774451 177185 490050 299961 881833 618864 785494 818266 158494 803752 475172 634819 321182 694672 528415 675719 881098 161328 614514 379398 508398 540494 781721 599059 723325 550917 90077 1038352 392894 297815 685616 716692 232154 950589 906965 432007 362824 419235 916433 748349 1028465 1114851 746931 713013 449634 834326 874693 81413 955688 945038 637153
785601 999999999 1048309 575194 728529 480605 429279 375614 713275 604445 309543 864184 1100336 854301 903309 783328 638835 1043372 257544 836302 207167 739465 1077390 533304 446566 537638 186298 335530 769017 934263 255702 787485 899918 391210 875615 609043 694949 1113228 838265 842530 552707 637792 96592 188537 161767 428355 706791 447164 659757 430307 739196 304670 796106 151975 193416 685134 240294 688920 91209 858130 1093734 465551 442489 496605 136204 471314 798246 384079 524776 278832 885159 618101 276245 958712 328366 790710 927995 991922 491255 1084732 554520 885111 447176 255761 423023 843256 566919 583292 44029 737777 839853 44348 1086021 375140 333479 593170 804033 176719 197713 741789
550665 1048309 999999999 748916 575054 788119 713601 675567 831735 445432 846482 187260 92849 426310 286331 504013 511798 77626 799415 852560 1045946 309753 164752 544695 938819 835243 967434 822450 306781 182328 982116 417559 491819 658938 805111 490365 836783 67538 305968 613122 761280 527977 965627 1026980 1061039 706310 347688 625306 548866 780929 414468 846654 290716 1070199 958652 605384 944272 475743 1016610 193967 86050 675935 704989 567434 912226 861945 395379 697050 529547 838575 193751 652805 776303 306389 721283 462910 735149 171259 648481 155183 639596 320725 959005 1032606 872977 224055 481395 825380 1028566 855956 899868 1026472 190670 859237 902515 770486 626837 1173231 1127505 415234
259495 575194 748916 999999999 205730 744385 185392 363942 962956 416085 636021 621708 833478 376462 776872 809371 242705 786526 378239 1065230 720483 499061 860085 534661 827264 89084 644630 636887 452411 574847 711711 344233 904441 429582 1067259 290609 154531 795119 718237 931278 787326 674416 482118 694365 697373 193860 451170 287922 719201 691023 334708 270894 461320 695741 389966 790213 668447 273271 614106 619716 825924 177665 625665 495314 490759 793305 365098 527545 359045 301572 679316 763082 462451 842836 432270 314160 1066284 614673 179400 859925 686554 458763 840907 747037 177090 530719 428477 858254 533590 995445 1093565 532599 880390 206858 710623 828656 244478 751508 756280 694869
58064 728529 575054 205730 999999999 777591 299426 424469 964548 355250 710149 480766 664719 172662 661560 747218 150038 623878 491734 1050846 838574 382514 705446 518847 888926 293286 756138 702865 309213 393946 812364 157496 823751 472736 1039351 221177 261775 613236 612674 878298 803897 637752 632005 812814 825420 301151 340566 329585 683041 732495 175299 432100 306779 826913 560844 759895 767126 136778 748311 480721 657299 265190 654374 492040 620279 839149 179675 570470 341339 450892 545309 751381 548106 724629 501652 115481 1019434 425185 242925 702861 683519 264553 905568 854941 375600 373796 388405 879715 690969 996998 1086064 689572 728248 391926 786694 839897 99994 899301 889994 621693
817541 480605 788119 744385 777591 999999999 561539 380473 243207 455481 172071 610494 803650 811801 548204 358065 631185 750542 408745 364102 343203 539998 748183 281300 150872 766655 303573 148955 617809 755101 264242 736819 463932 315875 396627 563802 898659 854861 497884 376979 72363 262351 465120 338576 383211 552073 539047 462978 253602 58084 677212 556620 647342 397533 556648 237567 252258 663958 397516 603365 799044 567386 123244 292191 392258 74395 733966 216860 438183 517459 594986 165970 307078 583265 317209 769637 448095 812267 571627 759580 148830 782347 171019 304917 691876 655592 409865 118503 495681 272364 376964 493754 746940 638344 163563 113060 877025 501435 430260 382158
356330 429279 713601 185392 299426 561539 999999999 181940 785836 302358 450964 554089 786881 432431 674075 664852 225298 733824 199977 892411 548234 420221 794138 375573 641906 209755 468776 451500 407471 561927 532236 372299 769313 249984 899669 223950 338115 770279 609943 778091 607751 519692 332704 522138 530630 10770 374215 125074 562492 507213 333813 143460 427310 531022 271301 628373 488081 274974 451097 550190 779460 40502 445107 332080 323546 608521 386897 345288 223167 153716 600083 593447 277689 739755 247193 367055 907491 613449 69545 796933 515171 480649 655658 570371 175507 490082 296294 676883 392453 818065 918188 390982 810682 147649 525965 650068 379704 600074 593566 562497
473773 375614 675567 363942 424469 380473 181940 999999999 604336 230183 286281 494581 732974 508626 566078 511319 296212 676490 124494 712529 426912 365838 719749 217710 470717 390353 342410 281210 394060 559276 391010 435629 622875 69173 722818 247855 518188 739514 499484 613766 425839 359527 290094 402383 423711 172125 331397 95071 398752 327280 380877 222289 421739 428668 298084 458137 345730 341863 359667 488955 726078 187520 263167 171796 241443 430726 442049 163716 149206 194543 523385 416829 127746 628308 77205 451308 737080 617380 195029 725502 337896 520919 486069 436155 332453 467646 197001 495110 353290 636471 737156 351221 731602 285562 362890 468290 519258 519566 491532 426738
996231 713275 831735 962956 964548 243207 785836 604336 999999999 615260 411474 682699 819625 964783 551839 329376 814540 775356 648796 123035 547300 657401 744515 445721 289015 994678 529048 390805 746485 851356 472556 893692 385399 535854 170474 743601 1117226 892847 526215 256617 180937 343902 706287 550289 593964 775732 672966 675384 304909 300891 836244 795865 772877 608799 799833 232747 474980 837898 625655 676074 817000 785568 342621 475685 634338 242773 885840 443914 625847 757372 644442 215235 547432 559856 550257 934318 250461 902070 784943 757977 281571 913097 299190 499749 927803 760060 577111 130120 732636 32650 134557 730816 734970 875489 380838 136958 1064337 702670 626293 425736
381928 604445 445432 416085 355250 455481 302358 230183 615260 999999999 444511 266533 505214 357109 372183 399154 207316 449311 354020 696528 626399 135679 499550 176105 589299 482376 543401 426711 176743 337763 573692 282892 488914 221554 684114 137333 555987 509365 309022 527127 466632 282537 520276 604484 633313 292702 104069 189936 327792 422349 223754 416023 206674 640663 517999 404736 531062 223461 579614 261327 498161 273707 338369 166085 468892 525526 278755 286278 86632 401397 302827 400266 337955 438108 281355 320056 666955 397026 253793 503887 338475 331091 608348 623319 477187 241376 47477 543141 583395 647311 732930 581315 514027 448237 514087 497883 453470 738863 701277 279698
757987 309543 846482 636021 710149 172071 450964 286281 411474 444511 999999999 660062 879157 779598 646387 491284 575787 823067 267994 533880 205296 560125 837975 302009 192802 642279 142341 28442 620699 776476 135736 704409 605413 241558 568624 517800 786430 913974 586674 536360 243628 359855 294850 191619 233309 443185 544289 380661 371015 120898 646083 412989 650800 246059 392775 382980 101803 617454 229928 653147 873526 467213 153294 285756 223713 179418 706774 158248 395869 372803 661635 313171 173718 693004 209710 727424 618478 835779 479118 847644 258915 772734 205215 186159 553670 676634 397402 282050 323610 438635 542877 321682 841492 498410 76611 285121 805515 354094 292473 476838
474356 864184 187260 621708 480766 610494 554089 494581 682699 266533 660062 999999999 238714 374908 196654 369505 379124 182831 619037 722828 858803 134435 241173 358067 760222 702454 780174 636446 172916 175833 795557 334026 396603 473574 685527 339266 733258 254428 173621 495673 590494 356468 783737 839745 873799 545657 179929 453566 384453 598988 305661 678952 174714 883005 784398 450380 757328 356261 830146 7130 231703 519374 520976 380178 727981 684825 314363 509822 352818 666794 66937 487449 590607 252098 536222 385185 631748 220623 494083 243128 463680 282443 780403 846075 722590 114466 298165 659002 846043 709931 768051 843919 259727 701700 717677 604891 555683 986288 940246 256973
642096 1100336 92849 833478 664719 803650 786881 732974 819625 505214 879157 238714 999999999 518734 268210 490560 593594 57025 857465 827106 1082181 371651 91230 581111 954270 918662 1006545 853693 384778 274101 1014689 507363 457207 709134 774363 566086 926139 99160 306795 585538 769079 541315 1021525 1064730 1100975 779002 414418 691189 555041 803097 500462 915641 372450 1111007 1022894 602305 979191 560358 1062341 244119 7558 750471 731969 609428 964214 876018 485230 736273 591366 904723 218240 657179 825242 267753 771972 553729 696897 263477 723851 77991 655119 413114 974307 1064829 950713 303517 536180 827875 1083447 841301 875057 1081307 114288 933839 929758 772995 718891 1216152 1166115 422200
130788 854301 426310 376462 172662 811801 432431 508626 964783 357109 779598 374908 518734 999999999 569998 701596 216350 485309 602533 1034779 935485 319192 572395 533170 940869 464943 851023 766591 228570 245039 897120 75564 757380 538710 1012057 262614 424945 455454 534056 834722 823295 622430 758430 910798 930122 430803 293558 417785 664802 775684 135051 574408 210106 933884 703368 741985 852155 167543 859863 377137 511634 392997 692455 520056 733575 880552 79041 626168 384340 585619 441808 749996 636305 627003 582828 66064 976325 263818 365332 567477 693732 105622 959275 943700 539616 260444 401966 899696 820621 996095 1074829 818981 596990 548418 853923 853187 201328 1016989 997229 574132
662159 903309 286331 776872 661560 548204 674075 566078 551839 372183 646387 196654 268210 569998 999999999 222514 541066 224008 685362 566401 851672 281726 200888 370185 697026 850014 782768 619081 354251 364783 779008 523728 209779 522836 519032 486263 902878 343247 66612 326861 506987 290208 836920 837255 877013 664210 328014 556323 295007 555730 487446 778034 363784 888572 863923 335363 748171 529157 851176 193563 265322 645841 493747 409416 770797 618203 505442 521376 452381 757104 131575 393796 629198 66182 583175 574868 452417 398293 625141 213015 402677 479097 716751 827799 849248 310198 381331 562130 894323 574213 613843 892117 198761 818521 687187 507528 743465 996272 938633 169952
764184 783328 504013 809371 747218 358065 664852 511319 329376 399154 491284 369505 490560 701596 222514 999999999 604151 446018 610191 353858 690266 382492 418073 293993 498356 866374 633552 462843 473110 544512 612798 639441 116888 449810 316885 535921 953894 563990 201451 133201 303521 153433 735355 680589 723687 654114 413694 539817 123678 381345 589113 733465 494060 736877 790175 123347 590161 610815 715795 363562 487795 647908 342551 339823 662537 420491 626242 406866 451175 703506 322128 192540 529207 237077 498150 687022 275098 589677 635467 431176 232434 630053 517095 657904 835518 463809 380931 348138 784292 352326 399809 782113 410796 793576 514057 295174 841542 844504 778631 127747
186406 638835 511798 242705 150038 631185 225298 296212 814540 207316 575787 379124 593594 216350 541066 604151 999999999 545197 386184 901221 721708 259930 617490 368871 748040 325498 637534 565777 210162 345955 687052 149114 687135 334678 890901 71246 362036 562417 486011 733640 655034 489082 543380 696698 714726 221686 213053 203025 534526 588145 109153 368705 221410 718164 495486 611009 641812 50403 643627 377265 586038 184804 508273 343038 517225 694767 162083 429123 193169 374992 437731 601368 423742 606365 372265 155694 873963 393511 155847 617517 533634 255359 765377 732358 364440 290082 238526 731100 606111 846978 936152 604413 637693 358756 651657 690464 249812 800642 781555 480929
604804 1043372 77626 786526 623878 750542 733824 676490 775356 449311 823067 182831 57025 485309 224008 446018 545197 999999999 800983 788828 1025781 316587 90038 524449 901330 870683 949871 797768 335282 240895 958675 467405 422893 652164 738715 514489 884251 120674 255898 547853 717910 488254 964789 1008182 1044262 725747 360303 636132 503889 748584 455840 861103 325353 1054236 967226 554205 922892 514198 1005346 187993 50744 697945 676554 552471 907264 823336 445477 679503 535646 849509 161640 606806 768228 234622 715007 515388 665328 241873 671712 82846 601798 380211 921420 1008880 899308 255856 479599 778367 1026626 798115 836529 1024484 115919 881100 874458 723403 683223 1159274 1109518 370331
546426 257544 799415 378239 491734 408745 199977 124494 648796 354020 267994 619037 857465 602533 685362 610191 386184 800983 999999999 765290 348674 489678 843514 324169 460548 375497 268805 275602 512859 677922 333605 533393 725118 164465 785660 352000 523713 862941 618795 700034 468150 456775 167402 322643 333689 195030 453799 189823 490878 350841 483204 148004 539435 335422 181214 539756 290209 435536 258275 613431 850565 227803 311813 279974 131070 440687 543002 215221 270776 108729 647461 487143 101668 746183 112359 540684 812965 735169 248822 849472 409822 628251 471959 370548 286408 588838 321456 527237 231266 679356 783349 229272 854915 231575 338497 512456 577533 414459 398678 538411
1078134 836302 852560 1065230 1050846 364102 892411 712529 123035 696528 533880 722828 827106 1034779 566401 353858 901221 788828 765290 999999999 668111 719050 744814 536411 407644 1102081 651920 512583 810054 896956 594334 966729 372069 643430 69927 829981 1218617 909071 554866 241574 297988 415080 828516 671985 715353 882058 741244 777443 370996 421109 911368 911271 834252 730187 920348 293412 597808 919847 748563 716731 825565 889046 455223 571506 756162 365557 956688 555971 718286 873408 675679 303031 664570 559891 663332 1010351 168319 943294 886045 758793 378677 973509 415981 619751 1040431 812189 662767 253127 855574 100950 48097 853746 731393 989124 503691 253710 1149752 822133 745361 470853
891963 207167 1045946 720483 838574 343203 548234 426912 547300 626399 205296 858803 1082181 935485 851672 690266 721708 1025781 348674 668111 999999999 751116 1042862 501929 261922 701398 84593 232699 802620 963694 78961 862498 801778 407167 716389 674425 857037 1113227 791870 720178 413010 564400 261055 26148 49844 543637 729606 518683 572874 309290 807175 457489 832188 64061 377940 575870 103595 768432 122383 852023 1076393 576254 358215 479370 230344 308314 868453 349169 563593 421547 864151 504114 299468 897770 354503 877331 782211 1023073 596046 1052375 459717 943918 257314 51456 593589 865439 581189 422054 244892 567276 664229 244094 1046657 540143 179666 446221 926052 158564 88371 682057
389384 739465 309753 499061 382514 539998 420221 365838 657401 135679 560125 134435 371651 319192 281726 382492 259930 316587 489678 719050 751116 999999999 373957 264532 684194 576305 669693 539205 91249 217673 693375 258123 445035 352696 693651 210421 621297 373866 230179 515669 534882 313865 655923 730365 761513 411632 48103 319581 352971 517604 212202 544622 115652 769647 651502 428585 652533 248088 711659 130162 364459 386218 434846 274377 603626 613601 243978 403774 220452 533074 182269 446489 470107 346638 414148 307171 657416 276514 361640 376740 402964 255810 704031 743688 590198 117270 173616 608960 718968 687591 760581 716882 390978 567870 624499 558007 469544 870036 829035 254946
689301 1077390 164752 860085 705446 748183 794138 719749 744515 499550 837975 241173 91230 572395 200888 418073 617490 90038 843514 744814 1042862 373957 999999999 547890 897519 942279 970544 811414 407800 329229 972330 550410 373081 687946 689896 580373 964104 189356 252440 503583 707875 487942 1003587 1026991 1065175 785463 420636 689252 495554 753194 534249 915390 401886 1076021 1015350 535098 939304 590199 1032745 244474 93116 760062 687159 581239 942191 818741 528768 703093 586014 900651 197016 594658 801146 185641 750454 599434 609779 331900 735066 14123 601453 467891 917307 1021818 963632 332829 523729 762260 1063892 764587 792891 1061714 25979 941781 883158 707845 768599 1182747 1128631 366975
551795 533304 544695 534661 518847 281300 375573 217710 445721 176105 302009 358067 581111 533170 370185 293993 368871 524449 324169 536411 501929 264532 547890 999999999 420968 582164 425434 278758 337417 482147 437499 458980 405212 159947 533417 298075 685891 612141 304961 402538 290745 144401 467803 483846 519881 364808 258563 252018 186960 253734 399744 439999 367227 530035 505359 255591 399714 394140 484887 351165 575155 363506 170425 45919 400680 353099 454664 155528 181877 411276 362872 233928 259222 427256 215954 495131 533151 540764 355745 556258 164935 501102 440609 488013 542951 381751 133235 367293 524321 478200 569144 522112 554753 499863 361853 323260 618683 635799 585093 214648
933501 446566 938819 827264 888926 150872 641906 470717 289015 589299 192802 760222 954270 940869 697026 498356 748040 901330 460548 407644 261922 684194 897519 420968 999999999 835078 261032 190542 758079 900885 192755 865339 596561 416288 459417 684622 978532 1005633 648145 493366 194899 413083 462281 268635 310420 633747 679281 562422 402023 167445 805833 604195 788005 325161 571114 375162 208480 785544 355603 753092 949719 655863 251467 423231 399463 78850 864627 318995 558775 564016 745806 306951 365968 729265 396672 894019 532742 958708 665629 909123 299700 919787 20194 212494 745448 800818 542268 172624 473688 306699 402329 472183 895521 690039 125289 212065 986445 414490 337745 532409
345261 537638 835243 89084 293286 766655 209755 390353 994678 482376 642279 702454 918662 464943 850014 866374 325498 870683 375497 1102081 701398 576305 942279 582164 835078 999999999 631046 647064 535614 662669 702409 433187 966272 459078 1109244 365961 157413 882606 789401 983694 815721 725244 449915 675640 673008 220217 528203 330193 768934 710946 421864 243965 546212 669550 345539 836601 661246 359633 587985 700070 911104 219012 652902 539861 471710 809007 453942 552172 415987 281183 758001 803100 469843 916182 449577 403095 1115205 703314 231398 942649 724905 547814 847068 733068 116076 615305 488302 883355 494343 1026781 1127443 493671 961944 163135 713939 858478 320545 714050 727416 757088
809020 186298 967434 644630 756138 303573 468776 342410 529048 543401 142341 780174 1006545 851023 782768 633552 637534 949871 268805 651920 84593 669693 970544 425434 261032 631046 999999999 170761 719261 881020 76627 777951 747748 323311 693752 589846 784934 1034508 721290 676261 375827 499621 208837 61146 94641 463641 646932 434539 512801 259507 722583 387642 748716 105803 324087 524803 54218 684060 96696 773484 1000584 495257 293517 400024 160853 286377 783862 270670 479322 349868 788306 454405 214892 831660 269952 793099 751172 940351 514140 979599 401133 859486 262956 102469 527094 783237 498666 399574 212853 552689 654131 211405 975476 472444 148230 413939 844817 213706 160071 614286
749438 335530 822450 636887 702865 148955 451500 281210 390805 426711 28442 636446 853693 766591 619081 462843 565777 797768 275602 512583 232699 539205 811414 278758 190542 647064 170761 999999999 602149 756181 161117 691188 577013 231169 545329 505849 788597 889975 559798 508861 219392 331922 316180 219675 261623 443263 525066 374275 342630 95089 632436 422515 632300 274441 410128 354850 129511 606137 257452 629490 848138 465418 125524 265290 243590 165698 692764 141304 382272 382480 636510 285310 177244 665197 206294 715839 593033 815375 475710 821210 230474 756393 205104 211137 562009 656083 379354 262436 347911 418807 523343 345938 814626 507096 87703 261775 799270 382439 320232 449384
308017 769017 306781 452411 309213 617809 407471 394060 746485 176743 620699 172916 384778 228570 354251 473110 210162 335282 512859 810054 802620 91249 407800 337417 758079 535614 719261 602149 999999999 165258 750426 171357 531111 396259 784892 183732 560371 362875 310594 606195 618051 402587 680160 780397 808168 400517 78855 328317 442810 590654 133984 543223 30167 815022 659950 518960 707786 183567 751250 172248 377239 369371 506771 338152 635501 690325 155231 462478 245202 538325 236263 534066 510715 416149 453817 221910 747759 223415 341752 407514 486158 167297 777583 800060 566652 82753 223384 693146 744101 776995 851333 742117 428545 552535 689133 643383 389255 911107 876263 345804
368338 934263 182328 574847 393946 755101 561927 559276 851356 337763 776476 175833 274101 245039 364783 544512 345955 240895 677922 896956 963694 217673 329229 482147 900885 662669 881020 756181 165258 999999999 908618 236732 570456 559141 861004 339608 655684 220641 349251 671485 744830 515139 845129 942055 971058 556014 234103 492090 548414 734778 241278 701557 138727 978304 821468 618650 866928 304380 915772 181354 266913 522346 652342 490936 800718 829133 214597 619126 410285 699401 234136 648620 674699 411193 617846 280850 807376 59412 493679 323506 614007 139550 920811 958700 710393 100405 382506 816832 909103 879646 941638 907131 354364 702791 841885 764083 444791 1075487 1039037 427662
863566 255702 982116 711711 812364 264242 532236 391010 472556 573692 135736 795557 1014689 897120 779008 612798 687052 958675 333605 594334 78961 693375 972330 437499 192755 702409 76627 161117 750426 908618 999999999 822828 723630 360334 640625 634560 854843 1049592 720464 641218 334164 490196 285425 77745 121840 526293 675289 485535 496648 231471 765843 460130 780360 136624 400660 497464 45312 731726 164508 788662 1009096 555931 285427 419290 235513 231463 827052 289649 517707 421548 797299 425621 264509 823445 314871 841608 704534 968012 572747 982207 383386 897889 191830 50529 600630 809252 527250 345658 286208 493862 592814 284914 975242 545622 100720 367915 903700 237372 166534 609093
140602 787485 417559 344233 157496 736819 372299 435629 893692 282892 704409 334026 507363 75564 523728 639441 149114 467405 533393 966729 862498 258123 550410 458980 865339 433187 777951 691188 171357 236732 822828 999999999 702051 463803 946368 188382 419241 456715 481906 772600 749482 552790 692265 838012 858330 369487 226794 346379 595945 700275 59644 515620 160206 862478 643419 673420 777964 98744 789551 335018 499961 332048 617144 444877 664155 805284 22181 550671 308916 523606 400391 678579 563078 583972 509032 51238 914538 271270 303473 547247 620575 115177 883728 869726 495182 222233 327150 825964 755127 925247 1005925 753418 573760 497749 778574 780090 221747 947560 925723 511695
834230 899918 491819 904441 823751 463932 769313 622875 385399 488914 605413 396603 457207 757380 209779 116888 687135 422893 725118 372069 801778 445035 373081 405212 596561 966272 747748 577013 531111 570456 723630 702051 999999999 563335 317191 622206 1044332 543536 224914 132359 403000 268816 852185 793202 836742 758665 483607 644431 240523 492517 657083 845134 547288 850176 905598 226603 703044 687145 831425 392089 456180 749552 458439 451102 779420 520793 686332 523600 550460 816331 336594 298557 645691 189510 613424 751836 243432 607088 734890 387114 347356 674820 614306 767369 942215 504444 477983 435056 901159 400846 420166 898981 359324 902237 623834 386311 913920 957365 890009 209595
518419 391210 658938 429582 472736 315875 249984 69173 535854 221554 241558 473574 709134 538710 522836 449810 334678 652164 164465 643430 407167 352696 687946 159947 416288 459078 323311 231169 396259 559141 360334 463803 563335 999999999 653752 276437 584096 724680 456449 547864 358173 296750 315950 384453 412009 239909 325605 147947 334057 264868 406102 285281 425563 419164 345532 390797 316061 375896 358970 467402 702546 252050 196087 115512 255155 370283 467168 99917 157432 253848 494301 347907 117499 582721 62849 485878 669229 618299 255800 694802 268928 537984 432833 408483 400924 462802 179136 428682 375961 568084 668371 373786 697771 352954 317069 400189 570179 517672 480063 373951
1063256 875615 805111 1067259 1039351 396627 899669 722818 170474 684114 568624 685527 774363 1012057 519032 316885 890901 738715 785660 69927 716389 693651 689896 533417 459417 1109244 693752 545329 784892 861004 640625 946368 317191 653752 999999999 819971 1219208 859352 514161 192389 326261 401823 861063 718333 762372 889116 719661 780995 356385 451258 892755 929238 807567 777188 947497 280241 640135 905909 789847 679764 773252 893169 473853 571967 787529 409376 934966 572330 714036 892489 634503 306303 686640 506616 679738 991731 98676 904801 887906 703969 385005 945268 469636 669476 1054039 780396 653949 295107 892155 157792 112800 890246 675168 1004267 546227 283593 1137135 872526 796355 440462
254713 609043 490365 290609 221177 563802 223950 247855 743601 137333 517800 339266 566086 262614 486263 535921 71246 514489 352000 829981 674425 210421 580373 298075 684622 365961 589846 505849 183732 339608 634560 188382 622206 276437 819971 999999999 422599 546372 428060 664427 585471 418155 515878 650088 671363 217314 162325 162268 463646 522533 133074 361977 203511 675972 482722 539969 589645 100927 604716 336305 558597 185639 441421 273720 481276 628880 194196 366777 126162 360552 392454 530209 374957 552237 320664 210030 804272 393140 158149 581843 462959 276259 702412 681353 384821 266461 167283 661722 579675 776008 864925 577829 598861 368872 592742 620310 320775 763795 739032 414364
294166 694949 836783 154531 261775 898659 338115 518188 1117226 555987 786430 733258 926139 424945 902878 953894 362036 884251 523713 1218617 857037 621297 964104 685891 978532 157413 784934 788597 560371 655684 854843 419241 1044332 584096 1219208 422599 999999999 874544 847967 1078527 941847 823482 607228 831151 829697 347118 574934 441910 868648 844981 429950 399766 562627 826502 502483 940977 812709 377143 744843 732367 918694 332190 780183 647746 626849 946636 441422 681871 507246 435654 795277 916054 612736 967934 585287 375762 1215229 685251 332661 962164 840040 524106 991627 887272 272389 631314 573826 1012753 651566 1149740 1247495 650922 986247 320504 860061 983118 236223 871248 884680 835589
583765 1113228 67538 795119 613236 854861 770279 739514 892847 509365 913974 254428 99160 455454 343247 563990 562417 120674 862941 909071 1113227 373866 189356 612141 1005633 882606 1034508 889975 362875 220641 1049592 456715 543536 724680 859352 546372 874544 999999999 368811 668320 826934 594163 1029591 1094153 1127998 763388 409738 686272 613921 848234 460755 905532 343813 1137060 1019629 668566 1011656 523356 1082817 261206 96319 731895 772482 634484 977271 928567 434683 764241 592465 898892 259972 717708 842135 354941 786835 498809 785772 191804 703954 176658 706216 351611 1025812 1100088 925926 280563 546540 890131 1092759 916315 956693 1090679 213226 914628 970038 835180 656719 1239788 1194574 480057
617583 838265 305968 718237 612674 497884 609943 499484 526215 309022 586674 173621 306795 534056 66612 201451 486011 255898 618795 554866 791870 230179 252440 304961 648145 789401 721290 559798 310594 349251 720464 481906 224914 456449 514161 428060 847967 368811 999999999 323041 462353 236186 770905 776697 815767 599962 274046 491087 248284 500914 440936 711976 324414 827037 797312 299759 688275 478006 787674 168555 302625 582626 435092 343414 705255 569676 465054 457491 387542 690718 120817 350916 563583 130288 517005 532491 458149 390793 562688 263011 350048 449916 668114 769761 785334 279530 315878 522556 828646 551120 601122 826441 254830 753637 630727 467581 698374 934425 878260 115742
896564 842530 613122 931278 878298 376979 778091 613766 256617 527127 536360 495673 585538 834722 326861 133201 733640 547853 700034 241574 720178 515669 503583 402538 493366 983694 676261 508861 606195 671485 641218 772600 132359 547864 192389 664427 1078527 668320 323041 999999999 308257 258530 807317 715124 759642 767324 546649 654090 215860 416773 721969 832952 626816 773797 875490 161076 627236 742268 766260 490149 584031 764690 403705 446710 732887 422390 759443 487032 572265 800051 442835 224455 609911 318390 588130 820047 141974 713809 754622 517518 293802 761960 509486 680832 944272 594440 504786 323821 849828 269814 289563 847724 490803 899188 540539 281724 973416 878376 807031 260930
840164 552707 761280 787326 803897 72363 607751 425839 180937 466632 243628 590494 769079 823295 506987 303521 655034 717910 468150 297988 413010 534882 707875 290745 194899 815721 375827 219392 618051 744830 334164 749482 403000 358173 326261 585471 941847 826934 462353 308257 999999999 234302 534805 409531 454222 597834 540385 501290 214073 124997 690380 615002 646688 468660 622974 180270 324187 683617 469878 583426 764974 609661 162819 311998 461304 117841 744525 263826 462567 576626 567568 113483 367004 535949 369560 785823 375740 800268 610970 719919 131997 784841 213575 372650 747005 647218 423753 76554 567068 212176 315432 565118 704518 694576 233967 44347 903859 571531 499219 347664
663318 637792 527977 674416 637752 262351 519692 359527 343902 282537 359855 356468 541315 622430 290208 153433 489082 488254 456775 415080 564400 313865 487942 144401 413083 725244 499621 331922 402587 515139 490196 552790 268816 296750 401823 418155 823482 594163 236186 258530 234302 999999999 585015 551472 592694 508923 329534 395561 45579 265591 496688 581194 429136 604979 636921 122243 461433 505261 575531 349426 536693 506267 206590 189378 513157 335141 543754 256358 316237 550584 334269 133659 377355 333389 344806 595564 391914 569068 496784 498896 113921 569328 433166 538434 687244 420079 252671 302883 636012 374549 453252 633816 488367 643578 397092 249317 735951 713120 652142 120976
689032 96592 965627 482118 632005 465120 332704 290094 706287 520276 294850 783737 1021525 758430 836920 735355 543380 964789 167402 828516 261055 655923 1003587 467803 462281 449915 208837 316180 680160 845129 285425 692265 852185 315950 861063 515878 607228 1029591 770905 807317 534805 585015 999999999 237035 225952 331767 620916 354908 612063 409811 644905 211262 706548 220937 117062 646945 255828 593590 140748 777943 1014738 368993 403668 427512 74585 470998 703479 328759 437962 183095 808962 584287 209290 895026 254129 694596 904283 902174 394826 1010200 514133 791403 467060 301647 337690 756215 485573 576876 64017 733444 837572 62090 1013683 286790 339460 577743 708238 270029 277525 680970
866332 188537 1026980 694365 812814 338576 522138 402383 550289 604484 191619 839745 1064730 910798 837255 680589 696698 1008182 322643 671985 26148 730365 1026991 483846 268635 675640 61146 219675 780397 942055 77745 838012 793202 384453 718333 650088 831151 1094153 776697 715124 409531 551472 237035 999999999 44697 517576 707957 493685 561787 301065 782951 431698 809859 59264 354073 568098 90518 743625 100548 833013 1058854 550283 344896 459795 204368 309078 844204 329932 540349 395598 846550 496678 275226 884553 330707 852360 781549 1001398 570205 1036294 448981 920367 265911 67357 568202 844156 559644 423318 224320 571440 669948 223383 1031305 514599 175626 444467 900081 164199 101642 668023
880007 161767 1061039 697373 825420 383211 530630 423711 593964 633313 233309 873799 1100975 930122 877013 723687 714726 1044262 333689 715353 49844 761513 1065175 519881 310420 673008 94641 261623 808168 971058 121840 858330 836742 412009 762372 671363 829697 1127998 815767 759642 454222 592694 225952 44697 999999999 526898 737218 512339 604212 345027 804436 430178 837321 14836 341284 612004 133704 762605 85357 867150 1094986 561032 386174 493643 207564 353300 865505 364838 565763 396199 882737 540721 298732 925319 355326 870339 826124 1030266 582511 1074239 491708 944126 306496 101300 562684 874052 589428 467474 201817 614667 712461 201259 1070045 510456 220322 489119 910127 120861 68151 708245
357648 428355 706310 193860 301151 552073 10770 172125 775732 292702 443185 545657 779002 430803 664210 654114 221686 725747 195030 882058 543637 411632 785463 364808 633747 220217 463641 443263 400517 556014 526293 369487 758665 239909 889116 217314 347118 763388 599962 767324 597834 508923 331767 517576 526898 999999999 365871 114362 551730 497957 329693 147302 420813 527576 273958 617666 481965 271672 448033 541686 771595 37817 435259 321337 320226 599610 383623 335651 212956 154817 591110 582917 270220 729840 238425 365705 896766 607993 66016 788372 504688 476855 647662 564976 185693 483024 286002 667195 392175 807985 907979 390659 801849 156420 518421 640064 383229 598157 590300 551949
351638 706791 347688 451170 340566 539047 374215 331397 672966 104069 544289 179929 414418 293558 328014 413694 213053 360303 453799 741244 729606 48103 420636 258563 679281 528203 646932 525066 78855 234103 675289 226794 483607 325605 719661 162325 574934 409738 274046 546649 540385 329534 620916 707957 737218 365871 999999999 277859 371380 511871 175486 501270 108726 744659 611040 448459 633227 204591 683578 176224 407106 339491 428034 260303 571699 611488 215554 386310 183028 491405 230236 459202 441973 393355 385310 273425 688622 293469 314462 422985 408690 244477 698808 725210 543051 137363 148442 615811 684435 703918 781316 682386 438160 521799 611727 566694 430583 842904 805136 286144
378711 447164 625306 287922 329585 462978 125074 95071 675384 189936 380661 453566 691189 417785 556323 539817 203025 636132 189823 777443 518683 319581 689252 252018 562422 330193 434539 374275 328317 492090 485535 346379 644431 147947 780995 162268 441910 686272 491087 654090 501290 395561 354908 493685 512339 114362 277859 999999999 438903 412762 294258 226145 353383 516215 333406 506562 440226 250288 443363 448829 683971 112194 341488 209852 319103 518210 354673 247854 104553 213622 492708 475781 221322 621348 172257 358675 785013 548291 109713 693323 398784 438517 578359 530038 298447 407490 175268 573774 418881 707925 805661 416984 703945 262864 457247 541856 425068 601973 579519 438267
708072 659757 548866 719201 683041 253602 562492 398752 304909 327792 371015 384453 555041 664802 295007 123678 534526 503889 490878 370996 572874 352971 495554 186960 402023 768934 512801 342630 442810 548414 496648 595945 240523 334057 356385 463646 868648 613921 248284 215860 214073 45579 612063 561787 604212 551730 371380 438903 999999999 266807 540375 619293 468597 617069 669650 77598 471280 550189 593195 377554 550908 550082 220113 230856 539042 323212 586364 284015 361431 587562 355628 104003 406891 330413 378524 639356 347111 600827 541200 507267 113262 608781 421771 543385 728494 455541 298248 276625 660637 334725 410081 658459 493594 683827 400108 221848 781084 725053 661151 133922
774451 430307 780929 691023 732495 58084 507213 327280 300891 422349 120898 598988 803097 775684 555730 381345 588145 748584 350841 421109 309290 517604 753194 253734 167445 710946 259507 95089 590654 734778 231471 700275 492517 264868 451258 522533 844981 848234 500914 416773 124997 265591 409811 301065 345027 497957 511871 412762 266807 999999999 640660 498775 620596 358795 499264 267032 211533 623313 350335 591881 798068 514739 84083 256460 336344 106684 698829 164970 396374 459530 589799 195708 249193 596233 261397 730669 497964 792943 520348 763920 154105 752489 186940 276964 634543 634526 375531 176434 442961 330318 434878 440981 753950 580815 133349 168257 831351 465250 397580 386455
177185 739196 414468 334708 175299 677212 333813 380877 836244 223754 646083 305661 500462 135051 487446 589113 109153 455840 483204 911368 807175 212202 534249 399744 805833 421864 722583 632436 133984 241278 765843 59644 657083 406102 892755 133074 429950 460755 440936 721969 690380 496688 644905 782951 804436 329693 175486 294258 540375 640660 999999999 476972 132750 809027 602760 617956 721137 63319 737430 305493 492931 293325 557504 385239 613265 745641 61301 491694 250269 481468 370012 621025 507743 549910 452996 99042 863925 285875 264268 532568 561893 147580 824265 813149 471103 201421 267635 766893 708314 867948 949932 706536 556299 467564 719923 721392 257511 896228 872102 461622
490050 304670 846654 270894 432100 556620 143460 222289 795865 416023 412989 678952 915641 574408 778034 733465 368705 861103 148004 911271 457489 544622 915390 439999 604195 243965 387642 422515 543223 701557 460130 515620 845134 285281 929238 361977 399766 905532 711976 832952 615002 581194 211262 431698 430178 147302 501270 226145 619293 498775 476972 999999999 565026 427444 129352 674841 420187 418433 345669 674386 908348 183917 456370 394083 227786 588024 530354 356908 330022 40196 718836 627079 249586 842073 249608 508658 951722 754378 212862 919400 548546 624018 614392 489382 141740 625024 397506 675123 263821 826661 930409 262705 930049 86229 480181 659218 501471 480697 486816 647103
299961 796106 290716 461320 306779 647342 427310 421739 772877 206674 650800 174714 372450 210106 363784 494060 221410 325353 539435 834252 832188 115652 401886 367227 788005 546212 748716 632300 30167 138727 780360 160206 547288 425563 807567 203511 562627 343813 324414 626816 646688 429136 706548 809859 837321 420813 108726 353383 468597 620596 132750 565026 999999999 844047 683506 544219 737637 188916 779692 175280 364892 388478 536751 368310 663093 720000 141666 492568 273333 561580 240553 561252 539542 423766 482649 211438 767954 195816 360331 400573 514724 140222 807534 829947 582639 69526 253442 721556 770538 803158 876039 768574 423695 570878 719297 671435 381359 939615 905438 367468
881833 151975 1070199 695741 826913 397533 531022 428668 608799 640663 246059 883005 1111007 933884 888572 736877 718164 1054236 335422 730187 64061 769647 1076021 530035 325161 669550 105803 274441 815022 978304 136624 862478 850176 419164 777188 675972 826502 1137060 827037 773797 468660 604979 220937 59264 14836 527576 744659 516215 617069 358795 809027 427444 844047 999999999 335123 625688 147299 766341 81782 876392 1104972 562139 398580 502979 207492 368087 869996 374735 571939 394251 892790 554503 304797 937324 361584 873660 840800 1037443 584117 1084982 504746 949460 321102 115439 558413 881667 597164 482273 193144 629498 727247 192718 1081127 506708 234829 503728 910700 108148 63414 720045
618864 193416 958652 389966 560844 556648 271301 298084 799833 517999 392775 784398 1022894 703368 863923 790175 495486 967226 181214 920348 377940 651502 1015350 505359 571114 345539 324087 410128 659950 821468 400660 643419 905598 345532 947497 482722 502483 1019629 797312 875490 622974 636921 117062 354073 341284 273958 611040 333406 669650 499264 602760 129352 683506 335123 999999999 714500 368345 545589 256737 779289 1015770 311390 477586 460979 171714 572017 657522 388472 431580 122170 818406 657576 265780 925623 292177 637726 982562 875808 339971 1020485 582525 750240 577436 418617 230145 740300 491712 672446 149578 828519 933142 149098 1028118 184840 446419 666974 627214 368932 388353 719442
785494 685134 605384 790213 759895 237567 628373 458137 232747 404736 382980 450380 602305 741985 335363 123347 611009 554205 539756 293412 575870 428585 535098 255591 375162 836601 524803 354850 518960 618650 497464 673420 226603 390797 280241 539969 940977 668566 299759 161076 180270 122243 646945 568098 612004 617666 448459 506562 77598 267032 617956 674841 544219 625688 714500 999999999 478389 627492 611748 443692 598868 618529 243843 296746 572644 297576 663661 326100 434521 641071 414854 71967 448861 358204 428233 716945 279362 669381 611330 547720 132908 684234 393814 540816 790287 528087 373716 227256 690735 261167 332859 688610 529743 743555 397405 173227 858179 732280 663961 193717
