NAME : synthetic_000292
TYPE : CTSP-D
DIMENSION : 100
GROUPS : 8
RELAXATION_LEVEL : 1
EDGE_WEIGHT_TYPE : EXPLICIT
EDGE_WEIGHT_FORMAT : FULL_MATRIX
EDGE_WEIGHT_SECTION
999999999 510574 496893 649224 672500 180691 901685 310765 364276 740446 750760 1016039 772251 153064 720178 426082 867982 851441 716823 539041 369279 891820 707319 564701 684263 459606 848709 519294 434395 860962 484707 834140 685440 949753 574474 491000 348657 638966 265598 310260 321977 431349 283872 427673 625112 892148 519484 774921 584110 792416 498157 909532 729937 341700 511596 550505 39287 310639 616112 559327 286626 106310 743788 676833 556874 448288 809889 836062 789641 853123 67485 695643 507464 578165 1043129 64317 203740 515095 691859 900057 808283 284685 1101853 969217 931831 794783 868922 433366 558521 1042050 813874 143026 893749 495868 609376 733159 711377 721899 609491 381846
510574 999999999 42379 533060 510972 361299 468661 486083 420933 519777 249723 653013 634506 391781 262247 170891 410368 453849 757597 570025 328923 641706 434004 231489 760966 569141 484221 244959 273419 409624 386691 334540 493101 445108 370428 329639 162674 159807 247540 301286 261241 361169 242384 249653 376625 433449 212285 372490 217316 812957 671685 437575 385032 245027 178390 64514 480517 440694 292565 308484 274090 549039 343219 231828 678343 97126 776417 326147 612680 747381 553081 211658 341133 694088 605215 448772 413792 197877 651999 710125 327969 232938 677176 539493 504012 398592 511789 108145 345515 644776 790911 466646 425707 228153 298639 630537 512712 596545 281733 430825
496893 42379 999999999 491130 469858 338959 507956 450989 382651 481046 254563 627981 593708 387632 248087 195845 399172 495268 715297 528255 349011 606145 396987 192924 718967 529219 457061 203257 231896 396772 344512 363238 452797 453170 328890 287273 149289 150312 231376 267651 228573 319959 241730 208431 336932 422862 170979 414193 258856 770580 632427 472525 353343 210990 137098 106091 464875 405245 255726 267411 280183 543020 385153 212753 637557 60480 734277 346677 573028 706377 543331 247732 298762 653060 591609 436839 416979 235237 609682 671847 362614 228943 661623 523565 487269 374313 484171 73928 303864 624372 748704 464821 417690 262934 260896 588889 472892 555177 322883 391848
649224 533060 491130 999999999 54237 491477 965567 356907 285183 137839 563467 460563 124821 657636 452732 653323 509333 970842 257598 170432 764081 265496 192349 313851 285167 258543 352465 288223 287500 493480 180018 764910 91628 696221 164033 214479 507938 477931 509284 373919 392167 233167 593616 311059 179766 524660 321458 893757 749906 293249 334171 900717 286806 385444 355134 593234 611260 341813 275186 227629 647737 749353 867314 424927 282723 452696 244476 704703 143157 224982 716704 703697 198810 283063 584079 628125 726219 719440 129696 251306 798685 571880 607129 518521 491475 374122 353657 451256 188122 521954 260072 726197 545344 739823 262838 100191 103873 75144 813486 268184
672500 510972 469858 54237 999999999 507623 930754 391151 312009 86128 521260 409506 124723 669041 408799 641508 457735 939776 306647 221368 760722 225501 140225 284394 337188 305738 298235 267222 284059 441727 190515 725184 37660 646859 142011 209693 502360 442118 512757 383928 396946 245251 593594 305764 141741 472453 298881 864236 728267 335683 386171 862224 236109 387544 332762 568840 633874 370926 238028 202493 647865 769883 838767 383900 336501 436798 278008 662268 119920 236556 739752 671309 192339 337199 529884 646785 735249 702222 176006 231401 762240 571884 553668 464307 437427 322028 299556 437127 167409 469052 295136 740466 493669 724979 226759 123573 51295 86562 792653 296522
180691 361299 338959 491477 507623 999999999 797683 206354 217759 569488 586761 836280 616256 172011 545768 328652 691214 760425 605476 411060 345243 720845 529928 384619 583441 351410 668228 338617 254573 683507 317151 695098 516352 785309 398855 314875 202276 471142 120604 131058 141621 262463 189273 247040 447505 715279 339576 679227 487023 678335 422628 787669 549387 161737 333596 412208 142253 181463 435421 379667 225641 265617 647390 501750 464007 283841 680543 685357 626984 707121 243242 564242 331960 484833 863391 140785 245333 423218 554796 738451 680761 176448 921393 789297 751970 614358 688723 268771 381321 861386 687663 235012 718234 416875 428740 582865 542417 566189 528348 236567
901685 468661 507956 965567 930754 797683 999999999 951309 889547 910341 429227 895651 1044106 752232 541047 477206 596819 83111 1209460 1031463 562384 988791 815933 652859 1219060 1037154 775177 688318 738083 609171 845272 228674 903307 448750 803558 784537 600412 488637 677203 765928 725207 826561 622896 715474 789072 605681 654725 130562 317607 1257084 1140251 107423 731473 710957 624156 404987 883052 906710 692726 740368 615291 896466 159628 553034 1144517 565787 1208224 310349 1007835 1156072 920588 264773 792579 1159389 750418 837870 730300 386607 1092891 1082886 171225 628198 825317 722221 703406 687286 801316 576334 781605 845165 1224757 801776 580440 408785 704159 1054307 915935 1016544 300471 899454
310765 486083 450989 356907 391151 206354 951309 999999999 93688 470441 660187 778975 474193 371471 586261 509168 710213 925813 409578 228665 549821 616640 465078 400527 382098 151193 629239 345407 254338 698563 228265 811583 413071 847410 334627 267057 357966 542766 299613 185421 226108 191710 384854 266769 390875 732503 365361 843277 657655 484506 216705 923274 519313 241109 378730 547702 277039 46074 424732 350462 427985 416539 811921 542665 259134 390639 499124 782820 500063 546157 376659 697662 277020 280247 851578 309168 445703 600791 382465 606614 813428 367755 896131 777663 742575 602147 642882 378241 329471 822384 503266 419955 742897 602138 413255 430417 437350 424656 707595 101588
364276 420933 382651 285183 312009 217759 889547 93688 999999999 386719 575591 688807 407988 389608 496656 471586 617525 870491 393256 195190 538525 535907 374122 310254 377551 154864 536521 255246 167762 605647 136711 736570 329781 759123 242118 173444 314724 459647 275904 137181 174967 98106 365789 183982 298264 639628 277714 788088 609318 464099 251999 853925 425787 183566 294538 484632 326652 60103 331526 256906 415355 465699 757397 453640 270342 323827 462872 702553 426692 492277 431757 630267 183367 289167 757968 347028 462328 558323 337178 536371 744083 345891 803088 684011 648891 508464 550804 313288 236017 730222 470293 450847 650530 565403 319881 369999 354988 357630 664062 18808
740446 519777 481046 137839 86128 569488 910341 470441 386719 999999999 488373 323411 138839 723907 373888 664964 397147 926849 372236 307274 795456 151490 94416 288325 408941 391654 221814 287605 328856 380700 255988 695642 57379 592471 176144 257797 537319 425933 559683 441161 447816 309130 634757 347089 145874 409076 314502 854826 734522 388365 471768 834379 186036 435385 346897 572415 701380 446594 229286 221931 688570 834454 831418 357322 420118 457796 318388 626916 97568 246715 807120 658108 240037 419509 449915 710069 786702 716273 241611 191189 739633 613379 469836 387293 363155 261746 219240 460909 198971 384197 337075 798184 432346 742654 221635 168146 34910 130624 799664 372652
750760 249723 254563 563467 521260 586761 429227 660187 575591 488373 999999999 486831 625597 640377 114491 404643 195172 459920 818683 664913 563149 559566 394605 274790 838005 697413 348675 325911 407841 201991 485199 207565 489661 199068 413018 423989 403849 118403 485202 492996 459777 487592 491783 393471 383831 213261 298887 400828 360276 856102 803473 346564 304897 439352 281574 239982 717865 614692 290618 356067 523178 796823 385713 138955 788435 303620 798089 141236 584916 735064 797893 211164 425274 799092 386203 691263 663281 386933 693163 654595 258588 481213 462914 333288 304302 258929 375719 318708 396310 453404 815725 716095 196643 425961 303859 642758 498491 603931 416643 578403
1016039 653013 627981 460563 409506 836280 895651 778975 688807 323411 486831 999999999 410047 965699 403168 822835 299507 939385 665199 630615 976630 229229 314890 467276 710432 714300 173501 502255 581755 288464 552117 667433 377320 469967 448780 528657 740317 502614 790935 705797 698187 597685 845184 590318 394246 290064 511199 886197 831686 657364 794717 797023 290412 680396 531193 681185 976926 748440 406320 456723 893843 1098603 872335 423273 740399 635501 573950 585364 354461 465257 1079515 697520 513733 737840 192744 974526 1016383 840411 544329 329966 733189 826364 169711 180207 192634 254429 149209 645308 460550 82732 592497 1044710 315817 875762 410527 460328 358214 432588 893261 677789
772251 634506 593708 124821 124723 616256 1044106 474193 407988 138839 625597 410047 999999999 782330 511261 766152 533469 1057057 255371 263517 883496 185854 231083 405759 300632 357876 349007 391614 406101 516944 303745 832353 142821 730148 266700 331829 625677 556693 631901 498213 515072 357511 714775 428581 260327 544043 422850 982984 851643 256946 411726 970754 324804 507269 456661 691375 734599 463056 354241 326358 769023 873213 958311 492151 347229 561499 181533 764891 56397 113456 839727 788070 314940 340201 565232 752524 850606 826690 137782 134417 874079 693028 572369 509454 489634 399130 340226 561841 292102 483256 200522 851013 568159 849671 344272 54010 128171 50371 916236 390458
153064 391781 387632 657636 669041 172011 752232 371471 389608 723907 640377 965699 782330 999999999 628699 281024 780153 699783 776473 583008 217988 873689 672858 499447 752638 520490 793209 464297 396705 775515 479492 699573 673693 836883 548723 466110 240892 536971 175045 285120 276473 425102 150159 381937 591444 804281 454815 624321 435355 849786 583390 765574 675287 290731 437957 421253 145761 351992 559403 517495 137966 157823 593491 588124 630591 350426 852472 710058 788960 876513 170319 558518 483881 651718 965986 94171 74245 366060 726318 900417 667660 159164 1030745 894155 856794 727003 816497 336885 528026 980297 859669 79640 801903 344525 555741 751466 699567 732734 457529 408408
720178 262247 248087 452732 408799 545768 541047 586261 496656 373888 114491 403168 511261 628699 999999999 432458 151739 566482 709397 564249 591141 449446 280207 186483 731151 605216 248025 241411 332325 148689 391518 321945 376357 263532 308798 332947 387969 103183 460200 435535 408436 402745 487634 323302 274145 175746 221698 501923 428579 744302 710266 460871 190867 387488 215640 280319 684389 542325 185361 257110 528156 779797 483324 44601 689355 278319 684676 254045 470447 620574 773852 305216 331039 698584 343739 665241 663646 439119 582261 541839 369843 472895 414964 277249 241966 156211 276063 292143 295016 385358 702467 707501 173977 475620 198975 529402 384435 490473 490610 496611
426082 170891 195845 653323 641508 328652 477206 509168 471586 664964 404643 822835 766152 281024 432458 999999999 578470 433465 849234 651514 159619 797123 586273 381786 842694 626415 652662 377964 368497 578674 484922 423366 630158 588093 499951 439167 157240 329433 212346 334711 296872 444367 145921 343943 519101 601033 350576 353579 160553 912584 718761 484674 548727 291344 318966 164999 406005 469405 446787 444193 143452 434474 321869 402704 741857 207168 888626 444350 752395 876117 451343 281214 454515 760378 774127 361890 277285 94595 759794 856011 387154 153337 846956 709589 674414 568599 679886 204829 474615 815667 901020 342441 591370 93844 450184 753414 652483 723257 200184 486497
867982 410368 399172 509333 457735 691214 596819 710213 617525 397147 195172 299507 533469 780153 151739 578470 999999999 639988 763924 649200 737968 419689 317510 314359 794476 705599 196842 368104 462100 16546 496843 368280 420702 198913 398036 445466 539570 250770 610543 574848 551391 519973 639337 457681 349145 24217 356333 588581 553723 785328 806679 500160 222857 530608 357745 419659 831481 668599 286632 362593 679354 930406 576327 192382 774674 429730 714754 286512 482893 631028 923155 405328 438847 780458 196006 814449 815318 574774 632666 525566 433719 624630 270767 138158 110146 136083 217957 443352 392360 258851 733613 859077 36052 612895 298992 564947 419311 526669 611385 614303
851441 453849 495268 970842 939776 760425 83111 925813 870491 926849 459920 939385 1057057 699783 566482 433465 639988 999999999 1207652 1023425 500455 1015848 832973 657048 1213595 1021558 808592 687019 727146 651001 838742 275857 914744 508780 807137 779665 569410 500998 641169 741620 700919 815018 578933 703495 798354 651331 653151 82564 273478 1259141 1122439 180038 753836 688492 620936 389364 835541 882381 702987 743478 565203 838562 113951 572199 1131934 549674 1215065 357649 1024316 1170074 865586 269010 789340 1147867 804662 788454 671788 339550 1095761 1105465 206374 586684 880858 770649 748899 718441 835611 558552 783969 894108 1230909 743983 627382 355575 713473 1063086 929365 1026234 242334 881819
716823 757597 715297 257598 306647 605476 1209460 409578 393256 372236 818683 665199 255371 776473 709397 849234 763924 1207652 999999999 199620 930786 438481 446620 557914 53957 258414 593764 521459 487547 747796 371319 1016947 343298 953316 408601 428349 693313 726866 667262 525058 557358 405365 757200 512347 435339 777935 555230 1127998 968450 75816 239557 1150691 542756 559296 586868 821027 685200 424482 528373 470433 807918 823133 1099764 679748 168075 666967 126036 959766 311513 230687 780485 945104 418313 148969 817584 718741 850426 927732 131369 358885 1046065 736666 827523 758281 735256 627937 588948 661612 428945 738530 118292 829199 799760 941389 515376 208061 345740 242403 1028972 375246
539041 570025 528255 170432 221368 411060 1031463 228665 195190 307274 664913 630615 263517 583008 564249 651514 649200 1023425 199620 999999999 731310 432210 344447 392017 192177 94506 512978 346972 296731 634381 186393 852211 255638 822771 256138 247982 494938 561509 467729 325440 358012 210508 557636 320933 300276 667375 379398 942442 775973 269028 165183 980999 429142 360651 408098 634318 504378 233264 379016 308926 608568 644367 913234 528116 125868 476244 271809 803257 302046 320265 605240 766864 242415 134380 745798 532516 656346 732224 154499 397791 873485 537062 773733 677225 647420 519163 517589 469493 269439 690038 277467 640420 685005 744267 365386 213349 272612 218604 835043 176778
369279 328923 349011 764081 760722 345243 562384 549821 538525 795456 563149 976630 883496 217988 591141 159619 737968 500455 930786 731310 999999999 934887 723924 523176 915894 687508 804820 509204 477426 737963 586564 559262 754809 742154 623008 551669 258753 488383 263619 406257 377379 538234 173937 455029 650773 760598 486458 431852 261249 999561 766511 595015 696537 380322 457995 323174 363590 518741 588786 573808 123276 339723 403321 559892 802803 346170 987005 591607 876805 989063 370917 419358 568657 822989 933495 312150 173665 198474 857380 984415 511044 195032 1005979 868390 832930 723300 831496 339384 598445 972748 997337 246034 750978 163311 590233 863688 778800 837387 261962 556042
891820 641706 606145 265496 225501 720845 988791 616640 535907 151490 559566 229229 185854 873689 449446 797123 419689 1015848 438481 432210 934887 999999999 211215 415350 485660 523318 222978 426030 477378 403729 407183 764322 206741 617352 324966 408008 678937 524248 707140 592085 597249 460567 779060 494166 286072 423264 448759 949609 849726 428141 590146 902575 264902 583934 478758 687893 852784 595391 350725 363090 832307 985917 929233 446537 529269 591400 344804 688024 133781 237737 958554 751734 390377 523829 401810 861481 935188 839561 323333 109293 818024 757992 396765 358098 347560 303016 202650 596448 346185 307378 363422 948641 449970 868976 346941 238818 181099 217687 914767 521079
707319 434004 396987 192349 140225 529928 815933 465078 374122 94416 394605 314890 231083 672858 280207 586273 317510 832973 446620 344447 723924 211215 999999999 204805 477196 415862 170295 215920 277475 301508 237417 601633 103335 507815 134379 216482 468979 332328 502279 398918 397615 283095 570420 290922 82431 332385 237591 761550 646192 471731 508303 740259 96796 382213 267610 483815 668040 433620 141447 155786 623141 795094 738579 262909 466835 380221 406853 533830 191914 340866 772326 564442 200557 470114 402390 670200 731059 631670 315554 277721 645219 549657 436404 332864 303101 181879 179494 385246 148811 358462 425096 749826 353446 659866 136351 252610 105589 213594 711406 363602
564701 231489 192924 313851 284394 384619 652859 400527 310254 288325 274790 467276 405759 499447 186483 381786 314359 657048 557914 392017 523176 415350 204805 999999999 571466 422991 294124 55124 148229 304491 210411 461324 263260 449593 150735 149365 274817 170129 324408 262156 243004 216541 379297 143560 145888 337705 45399 580447 447186 604241 528911 593140 177735 223017 65535 285899 526748 357221 65619 87594 429631 638177 554580 144124 514321 177220 558023 411464 381481 519145 624244 389992 150659 525638 478835 516492 549129 428132 440107 478950 488166 359887 537417 404681 367372 230472 318232 183964 129013 481632 573886 578831 345162 455413 68472 406868 281814 370906 512167 310159
684263 760966 718967 285167 337188 583441 1219060 382098 377551 408941 838005 710432 300632 752638 731151 842694 794476 1213595 53957 192177 915894 485660 477196 571466 999999999 232198 630655 531190 488189 778588 374860 1032562 374653 980413 425208 434676 685733 741480 653426 512884 547479 402635 743337 512601 457530 809572 564549 1133029 968094 119536 195477 1164345 571956 551410 594924 825050 654187 402046 547514 484871 792646 790414 1104120 699220 128004 667953 179822 978495 355973 284009 746517 954293 426561 107094 857550 690245 826854 924250 168217 410043 1058237 723360 870615 796217 771712 659075 627602 661470 443564 782073 171199 801684 830476 935748 534186 250443 380151 281756 1027215 360455
459606 569141 529219 258543 305738 351410 1037154 151193 154864 391654 697413 714300 357876 520490 605216 626415 705599 1021558 258414 94506 687508 523318 415862 422991 232198 999999999 586148 371752 301139 691703 213705 872832 336991 867997 307643 273633 469587 586800 427576 291806 329818 213661 516773 322453 359112 725416 400829 939403 763151 333502 106201 995711 492055 337779 424652 633474 427183 170281 423977 348877 564315 565824 909057 565535 115996 472335 352755 831355 394951 412023 524274 775042 274198 135634 817909 460359 594690 713043 245307 492216 886445 497611 851014 747121 715336 581338 593653 463024 314316 769684 355350 571054 740728 720242 410636 307842 356746 312266 818587 140898
848709 484221 457061 352465 298235 668228 775177 629239 536521 221814 348675 173501 349007 793209 248025 652662 196842 808592 593764 512978 804820 222978 170295 294124 630655 586148 999999999 331274 414777 180792 401156 547980 260986 395161 294613 368438 566816 340353 618265 538849 528524 441181 671683 421272 238364 201798 338412 747674 672744 605443 677585 684833 118961 510120 357750 517152 809835 594699 234514 291053 720432 928444 730300 259432 633260 462323 529955 469437 295126 439062 911075 552445 355237 635010 232820 804997 843076 675749 463407 328876 606087 652878 267395 166142 141531 91815 28198 471945 301603 194995 549043 872416 228026 709817 239857 387521 251157 351478 736029 527759
519294 244959 203257 288223 267222 338617 688318 345407 255246 287605 325911 502255 391614 464297 241411 377964 368104 687019 521459 346972 509204 426030 215920 55124 531190 371752 331274 999999999 94014 357717 161833 505509 252716 504183 125695 99708 253090 215898 290516 212356 197709 162488 354764 92664 141945 391201 33869 608344 462102 572248 477915 634222 212400 178924 66985 305143 480808 302191 97033 66255 407270 597174 581034 198594 466879 171114 532090 459987 374650 503745 580545 423735 104880 479233 527421 473910 518600 435077 409444 478302 527280 334191 583205 452924 415919 276552 353304 173412 100608 523102 546960 542903 399465 458628 91729 385635 274586 352067 526089 255511
434395 273419 231896 287500 284059 254573 738083 254338 167762 328856 407841 581755 406101 396705 332325 368497 462100 727146 487547 296731 477426 477378 277475 148229 488189 301139 414777 94014 999999999 451724 117276 572771 281887 593083 152765 74395 220439 292063 231002 124172 120416 88484 309586 24903 195351 485215 111024 645908 480942 547043 406391 694572 296431 106602 126970 337821 395367 210025 185664 125094 363846 518428 616563 288484 406434 179830 520146 535631 402040 512258 497812 474704 91763 421487 619186 393735 457979 441475 391529 511878 585351 287896 672711 544593 507871 367527 434565 174065 131341 608959 532697 472819 493301 457899 177196 387581 307110 360099 541533 171472
860962 409624 396772 493480 441727 683507 609171 698563 605647 380700 201991 288464 516944 775515 148689 578674 16546 651001 747796 634381 737963 403729 301508 304491 778588 691703 180792 357717 451724 999999999 483720 380512 404631 215339 384065 433153 535306 249817 604959 565797 543191 507904 635924 448017 334552 34035 347139 598259 558510 768922 792398 513417 207254 522486 349911 421450 824210 657300 274319 350029 676836 924848 585324 187404 759746 425258 698244 299100 466347 614502 916787 412936 426124 765344 195595 808082 811992 577676 616511 509373 444938 620811 268704 133323 102376 119871 202348 438634 378985 251459 717109 854632 51964 615500 286451 548545 403023 510301 616970 602081
484707 386691 344512 180018 190515 317151 845272 228265 136711 255988 485199 552117 303745 479492 391518 484922 496843 838742 371319 186393 586564 407183 237417 210411 374860 213705 401156 161833 117276 483720 999999999 667245 200747 654451 106682 62139 333700 377607 329462 194660 212290 54740 414754 142173 162896 517706 193502 758287 597363 429816 319068 794920 293562 206507 221712 450508 445738 196368 211743 135841 468685 580264 729560 351972 305048 295748 404064 621193 310133 403919 551584 580592 60497 317531 625789 456664 547005 558745 274914 421673 687181 393068 668307 552487 518292 379422 414626 290863 105203 594125 416147 550110 531294 574954 198706 278021 226716 254965 658440 126687
834140 334540 363238 764910 725184 695098 228674 811583 736570 695642 207565 667433 832353 699573 321945 423366 368280 275857 1016947 852211 559262 764322 601633 461324 1032562 872832 547980 505509 572771 380512 667245 999999999 694838 238066 608453 605112 493791 291195 578438 630367 591724 659208 552223 553452 585379 377770 473935 239752 303215 1058157 978675 139027 512447 573721 448259 284608 807400 765551 489788 547709 564946 855934 238542 341389 972154 423453 1002929 82312 792374 942357 868557 142183 609796 984735 528866 770431 700587 360835 894283 861316 73860 549533 605228 495765 475558 461580 573719 437166 589083 619123 1020272 765269 353018 397532 502371 847708 704791 809109 333321 742974
685440 493101 452797 91628 37660 516352 903307 413071 329781 57379 489661 377320 142821 673693 376357 630158 420702 914744 343298 255638 754809 206741 103335 263260 374653 336991 260986 252716 281887 404631 200747 694838 999999999 610849 131804 208727 496060 415058 512680 389488 398759 254644 590631 301853 117561 435159 282625 840315 709899 369738 420792 832506 199797 387607 316166 549102 646484 389557 211757 186587 644762 780605 815530 353509 372887 423757 308428 630298 122402 256271 752331 645838 190912 374104 493007 656583 738017 686943 212227 230212 733944 569050 518226 426968 399860 284839 263052 425330 156567 434461 326125 746875 456590 711260 201537 153100 26065 114305 774677 315499
949753 445108 453170 696221 646859 785309 448750 847410 759123 592471 199068 469967 730148 836883 263532 588093 198913 508780 953316 822771 742154 617352 507815 449593 980413 867997 395161 504183 593083 215339 654451 238066 610849 999999999 566715 596414 602327 314608 684166 687495 655945 666094 687355 581735 525088 194203 482078 477817 509356 979122 972543 342975 411080 635262 470561 424463 916932 802773 445026 519193 715356 993988 475459 305589 948520 502607 910831 165952 680678 829506 996270 338807 594064 956525 304804 890008 855835 552338 822846 724035 311921 677919 377795 289867 281631 331018 414795 517686 555465 407658 929544 911393 167384 591709 458581 759062 612209 720336 553195 759679
574474 370428 328890 164033 142011 398855 803558 334627 242118 176144 413018 448780 266700 548723 308798 499951 398036 807137 408601 256138 623008 324966 134379 150735 425208 307643 294613 125695 152765 384065 106682 608453 131804 566715 999999999 83991 364262 318332 383541 268550 272291 148905 459546 171145 56255 417775 158193 729791 587683 453526 408995 742186 187786 259350 192058 429718 535191 300877 123485 63666 513566 664468 703284 274553 381813 294799 408507 553303 253994 378286 640040 540646 67042 390213 519502 539588 610726 560336 289372 361685 638240 438048 561655 446491 412753 275269 308728 295329 25402 488109 423977 623906 433297 582973 109912 260139 156017 226379 651758 233158
491000 329639 287273 214479 209693 314875 784537 267057 173444 257797 423989 528657 331829 466110 332947 439167 445466 779665 428349 247982 551669 408008 216482 149365 434676 273633 368438 99708 74395 433153 62139 605112 208727 596414 83991 999999999 294105 315547 304110 184611 190240 75349 383906 96897 134736 467180 131483 699720 543175 483557 379553 733049 254258 178926 160440 392757 451714 228592 158854 83504 438175 580483 671416 292308 367174 242170 451297 559348 327993 438712 556330 519770 17832 379642 585493 455599 529463 508100 324209 438219 625523 362201 632961 511297 475869 335211 385173 239090 68132 563339 464682 540638 479084 526771 146795 314669 234280 286227 605364 168946
348657 162674 149289 507938 502360 202276 600412 357966 314724 537319 403849 740317 625677 240892 387969 157240 539570 569410 693313 494938 258753 678937 468979 274817 685733 469587 566816 253090 220439 535306 333700 493791 496060 602327 364262 294105 999999999 296680 85002 178408 139798 289838 104873 197210 393480 563657 233903 487089 299697 757900 563511 585849 452321 134342 209664 210048 317943 316144 339280 316317 155002 394478 455477 347948 584829 110134 737535 488821 618064 732660 394045 361972 310765 603239 727171 287834 278915 244340 608066 725761 478561 86788 793688 656282 619122 493863 591894 97452 339753 747775 749160 319532 561017 250880 338755 607997 520108 580322 350806 329381
638966 159807 150312 477931 442118 471142 488637 542766 459647 425933 118403 502614 556693 536971 103183 329433 250770 500998 726866 561509 488383 524248 332328 170129 741480 586800 340353 215898 292063 249817 377607 291195 415058 314608 318332 315547 296680 999999999 374488 374637 341805 374568 392027 276434 300457 274059 185981 429300 332504 770626 692996 423854 259353 321271 165120 178621 604935 497102 204090 256776 429677 691114 406881 80992 682608 190766 719712 244606 523347 669408 688888 232175 319243 694596 445409 581103 567220 337842 606356 607360 320757 378864 517604 380156 345100 250173 368522 205621 298233 488160 736381 614694 267677 373645 215634 565671 428715 527962 396195 463394
265598 247540 231376 509284 512757 120604 677203 299613 275904 559683 485202 790935 631901 175045 460200 212346 610543 641169 667262 467729 263619 707140 502279 324408 653426 427576 618265 290516 231002 604959 329462 578438 512680 684166 383541 304110 85002 374488 999999999 142729 117178 278322 89987 212982 422110 634753 279853 559617 368165 735961 513321 667682 500553 125265 263165 294199 233679 262705 384775 346494 141461 319896 527795 418176 543507 183836 725007 573652 631865 733330 314543 445236 321871 563166 793293 206623 228783 306212 595634 742320 561356 70073 856882 720858 683425 552292 641727 169195 361182 805364 734830 254512 634156 303773 381529 607391 538032 583926 412476 293042
310260 301286 267651 373919 383928 131058 765928 185421 137181 441161 492996 705797 498213 285120 435535 334711 574848 741620 525058 325440 406257 592085 398918 262156 512884 291806 538849 212356 124172 565797 194660 630367 389488 687495 268550 184611 178408 374637 142729 999999999 40772 140753 232374 119692 316489 598556 218662 659056 476022 593314 385223 738833 420322 56673 219902 362387 271203 140937 307935 249075 284129 396280 627879 390936 407489 207185 582922 607084 503845 595710 374046 512941 201981 426345 739712 271358 352397 422670 453820 615316 629129 211652 795203 665247 628189 488861 558737 194082 250429 732793 592449 357387 604047 428555 300347 469901 415478 449050 528939 152965
321977 261241 228573 392167 396946 141621 725207 226108 174967 447816 459777 698187 515072 276473 408436 296872 551391 700919 557358 358012 377379 597249 397615 243004 547479 329818 528524 197709 120416 543191 212290 591724 398759 655945 272291 190240 139798 341805 117178 40772 999999999 161467 203920 108000 315672 575346 198020 618356 435871 624059 424904 698809 409563 20951 193809 321910 283814 181708 294724 243515 257295 400422 587207 364003 445038 168271 609637 570493 516496 616154 382837 472830 208068 463506 721807 276506 339264 383478 480037 627426 589198 182481 779884 647685 610368 472820 549814 154720 251619 720810 619991 352408 579337 390621 288673 490218 424430 466892 489464 189625
431349 361169 319959 233167 245251 262463 826561 191710 98106 309130 487592 597685 357511 425102 402745 444367 519973 815018 405365 210508 538234 460567 283095 216541 402635 213661 441181 162488 88484 507904 54740 659208 254644 666094 148905 75349 289838 374568 278322 140753 161467 999999999 365238 111540 204079 541910 188943 733561 565468 468309 319485 782442 328665 158273 211183 425660 392258 153889 233634 158801 418752 525991 703985 360660 317959 266229 449146 619115 364861 455602 497992 563145 86165 333137 660455 402171 493108 522567 319463 476399 673406 343698 706853 586359 551063 410498 456696 259082 139617 635664 460105 495406 553260 536115 221855 329671 280681 308297 624748 94561
283872 242384 241730 593616 593594 189273 622896 384854 365789 634757 491783 845184 714775 150159 487634 145921 639337 578933 757200 557636 173937 779060 570420 379297 743337 516773 671683 354764 309586 635924 414754 552223 590631 687355 459546 383906 104873 392027 89987 232374 203920 365238 999999999 288785 493000 663253 337612 499427 306451 825685 600324 625969 556948 208288 314354 271545 261278 350200 443347 415994 54275 307965 467747 449145 632580 212952 813453 560197 711504 818374 316614 412449 401349 652405 829160 219612 176079 239401 683899 820843 524438 21748 896731 759018 722020 598362 696713 201338 435900 852195 823606 224315 659062 228908 442302 692624 615411 667671 341944 383003
427673 249653 208431 311059 305764 247040 715474 266769 183982 347089 393471 590318 428581 381937 323302 343943 457681 703495 512347 320933 455029 494166 290922 143560 512601 322453 421272 92664 24903 448017 142173 553452 301853 581735 171145 96897 197210 276434 212982 119692 108000 111540 288785 999999999 209714 481141 102066 622097 456202 571946 427108 673640 302378 91391 111961 314132 388973 221483 188665 135858 342945 508358 592612 278966 429241 155354 544785 518622 422866 535552 489815 452657 113650 444632 620051 384216 441216 416574 416283 532061 564181 267197 675687 545570 508536 369190 442150 149288 148276 614382 557423 459086 487913 433108 181705 411221 326719 383122 516684 189539
625112 376625 336932 179766 141741 447505 789072 390875 298264 145874 383831 394246 260327 591444 274145 519101 349145 798354 435339 300276 650773 286072 82431 145888 457530 359112 238364 141945 195351 334552 162896 585379 117561 525088 56255 134736 393480 300457 422110 316489 315672 204079 493000 209714 999999999 367849 168754 723321 592951 472885 458148 721680 133287 300714 201485 431786 585842 356814 96409 77173 546323 712668 698277 245175 425993 311935 419303 525058 236110 373783 689988 529714 119490 432631 463876 587771 650725 571851 309425 336940 620839 471920 505414 391198 357942 222227 252775 315084 66685 432039 436104 668044 384856 597447 85026 265312 136093 227959 657858 289413
892148 433449 422862 524660 472453 715279 605681 732503 639628 409076 213261 290064 544043 804281 175746 601033 24217 651331 777935 667375 760598 423264 332385 337705 809572 725416 201798 391201 485215 34035 517706 377770 435159 194203 417775 467180 563657 274059 634753 598556 575346 541910 663253 481141 367849 999999999 379966 602117 573039 797433 825866 507157 239311 554580 381763 441384 855618 691151 308341 384064 703025 954612 590853 216586 792593 453856 725548 295549 492441 639323 947366 421860 460156 797944 174499 838660 839200 595635 646577 530376 444964 648633 250260 121296 97788 150538 220641 467506 412922 244002 744492 883177 27198 633954 320485 577187 432558 539229 629904 636104
519484 212285 170979 321458 298881 339576 654725 365361 277714 314502 298887 511199 422850 454815 221698 350576 356333 653151 555230 379398 486458 448759 237591 45399 564549 400829 338412 33869 111024 347139 193502 473935 282625 482078 158193 131483 233903 185981 279853 218662 198020 188943 337612 102066 168754 379966 999999999 574497 429588 606107 507021 601602 220984 177875 33902 271776 481620 320963 105905 96492 388893 592821 547236 177624 498226 143485 565549 430575 403849 535412 578871 390072 138006 511013 523817 471094 505667 404326 443236 505657 494292 317735 582779 449770 412417 275865 362015 147724 133445 526841 580523 534090 386104 428987 104855 418332 303604 384273 493823 279706
774921 372490 414193 893757 864236 679227 130562 843277 788088 854826 400828 886197 982984 624321 501923 353579 588581 82564 1127998 942442 431852 949609 761550 580447 1133029 939403 747674 608344 645908 598259 758287 239752 840315 477817 729791 699720 487089 429300 559617 659056 618356 733561 499427 622097 723321 602117 574497 999999999 193053 1180576 1040060 187584 685795 605966 541877 308125 757722 799819 628774 666145 488299 766755 31837 503591 1050106 467845 1138198 316748 952013 1096275 791794 197999 709823 1066187 762886 711475 600352 260616 1017636 1036253 165896 506393 840012 722995 698577 656468 775196 476482 706248 846107 1153768 672045 579711 279951 638781 987197 855817 950790 170021 799522
584110 217316 258856 749906 728267 487023 317607 657655 609318 734522 360276 831686 851643 435355 428579 160553 553723 273478 968450 775973 261249 849726 646192 447186 968094 763151 672744 462102 480942 558510 597363 303215 709899 509356 587683 543175 299697 332504 368165 476022 435871 565468 306451 456202 592951 573039 429588 193053 999999999 1026461 860619 335522 587027 425755 395688 162377 565630 615493 505601 525788 297921 582969 161320 413496 876534 301645 992622 347871 828631 964619 604630 171212 555803 893796 746476 520264 418735 69303 867076 923681 250260 313395 823094 691569 660352 582022 700931 306922 562703 808588 1006781 488714 556896 98124 512888 847736 728983 813858 65214 622280
792416 812957 770580 293249 335683 678335 1257084 484506 464099 388365 856102 657364 256946 849786 744302 912584 785328 1259141 75816 269028 999561 428141 471731 604241 119536 333502 605443 572248 547043 768922 429816 1058157 369738 979122 453526 483557 757900 770626 735961 593314 624059 468309 825685 571946 472885 797433 606107 1180576 1026461 999999999 313347 1193851 568497 624678 638745 875504 760573 497939 568421 516813 877117 898721 1153076 717886 242916 724917 85013 997289 312492 198882 856212 993902 471862 223173 821076 793565 923566 988492 164292 335779 1091240 804869 823898 766368 746414 649539 597170 720559 475757 734407 68381 903692 820650 1003831 556002 220383 366913 258852 1088055 445773
498157 671685 632427 334171 386171 422628 1140251 216705 251999 471768 803473 794717 411726 583390 710266 718761 806679 1122439 239557 165183 766511 590146 508303 528911 195477 106201 677585 477915 406391 792398 319068 978675 420792 972543 408995 379553 563511 692996 513321 385223 424904 319485 600324 427108 458148 825866 507021 1040060 860619 313347 999999999 1100734 589787 435103 530626 735749 471117 250628 527808 453402 644493 603331 1009393 671038 72939 574607 357225 937555 457200 440362 557808 879137 379528 90616 910342 511667 657176 807845 280497 542219 991285 582509 938916 841134 810639 679661 682661 564627 417579 855108 354100 623824 842114 812468 514347 358145 437292 372754 914163 240915
909532 437575 472525 900717 862224 787669 107423 923274 853925 834379 346564 797023 970754 765574 460871 484674 500160 180038 1150691 980999 595015 902575 740259 593140 1164345 995711 684833 634222 694572 513417 794920 139027 832506 342975 742186 733049 585849 423854 667682 738833 698809 782442 625969 673640 721680 507157 601602 187584 335522 1193851 1100734 999999999 651459 682456 573637 378354 886895 877653 625600 680376 627685 916806 205092 479045 1098587 532701 1140184 215451 931232 1081077 935840 226046 739076 1112092 646239 845215 753839 403404 1029701 1000177 109923 627588 720429 621255 604394 599613 710076 545056 721868 743497 1157353 823066 481207 433219 637881 985127 842998 946675 339194 861927
729937 385032 353343 286806 236109 549387 731473 519313 425787 186036 304897 290412 324804 675287 190867 548727 222857 753836 542756 429142 696537 264902 96796 177735 571956 492055 118961 212400 296431 207254 293562 512447 199797 411080 187786 254258 452321 259353 500553 420322 409563 328665 556948 302378 133287 239311 220984 685795 587027 568497 589787 651459 999999999 391184 242660 426313 691117 482532 115941 174025 606884 809534 664812 182206 553870 351046 502740 441754 280923 431588 792150 487796 242581 558814 332411 686038 726583 581461 411940 351876 560254 537614 378872 258927 224967 90028 141216 359468 189862 312528 521133 754317 258908 613123 120898 349088 201934 310134 651790 418660
341700 245027 210990 385444 387544 161737 710957 241109 183566 435385 439352 680396 507269 290731 387488 291344 530608 688492 559296 360651 380322 583934 382213 223017 551410 337779 510120 178924 106602 522486 206507 573721 387607 635262 259350 178926 134342 321271 125265 56673 20951 158273 208288 91391 300714 554580 177875 605966 425755 624678 435103 682456 391184 999999999 172956 306700 303749 195944 275935 227236 262323 418374 575017 343060 452177 150518 607419 551180 506600 610108 401910 456666 196715 470163 701685 294992 351379 375539 477736 617091 572698 186584 760211 627640 590292 453141 531766 137510 237787 701876 618314 367699 558463 384673 270307 484337 413057 459720 480825 196919
511596 178390 137098 355134 332762 333596 624156 378730 294538 346897 281574 531193 456661 437957 215640 318966 357745 620936 586868 408098 457995 478758 267610 65535 594924 424652 357750 66985 126970 349911 221712 448259 316166 470561 192058 160440 209664 165120 263165 219902 193809 211183 314354 111961 201485 381763 33902 541877 395688 638745 530626 573637 242660 172956 999999999 238162 474513 333406 130939 130322 364297 580285 514354 171046 525018 112660 599074 408804 437097 569280 568949 359383 168709 538466 532582 460495 485455 370811 476235 538084 465559 295238 594359 459303 421830 289127 382460 118627 167236 542373 613939 517549 385536 395962 132362 452192 336852 418175 459924 298396
550505 64514 106091 593234 568840 412208 404987 547702 484632 572415 239982 681185 691375 421253 280319 164999 419659 389364 821027 634318 323174 687893 483815 285899 825050 633474 517152 305143 337821 421450 450508 284608 549102 424463 429718 392757 210048 178621 294199 362387 321910 425660 271545 314132 431786 441384 271776 308125 162377 875504 735749 378354 426313 306700 238162 999999999 523019 502643 343329 366874 292745 578980 279077 258349 742849 161187 837233 288825 666965 804632 587810 152744 403699 758600 615633 487200 432847 159229 713845 761333 269708 266668 690062 554165 520357 428077 545197 171361 405176 665557 852046 491874 429866 195302 350836 689701 567608 654942 227591 494841
