NAME : synthetic_000723
TYPE : CTSP-D
DIMENSION : 100
GROUPS : 8
RELAXATION_LEVEL : 1
EDGE_WEIGHT_TYPE : EXPLICIT
EDGE_WEIGHT_FORMAT : FULL_MATRIX
EDGE_WEIGHT_SECTION
999999999 144503 720368 165700 523901 114573 323324 267934 393682 388909 724552 695688 114725 25027 675547 378679 341482 364666 757828 424447 563858 408045 580462 738307 361930 173429 607023 798835 266885 120776 252199 340912 517366 196968 200340 671885 476652 355404 598513 486002 660265 511899 302929 642049 643140 393845 620375 287906 699142 215693 305885 86643 421946 438932 432983 787706 334166 452359 281605 219455 706848 201394 559413 461542 464920 313181 196261 755723 375881 597429 291004 593841 674667 357210 290460 866518 298480 470086 476349 593670 784571 603109 742008 680373 320763 127991 462503 390284 404814 234165 498851 461313 178650 941944 499055 353729 780792 694451 204782 736561
144503 999999999 831485 193590 647796 253041 446856 358243 538107 442851 869035 805048 49376 122326 810347 441331 205620 283467 870769 549577 665048 550727 718878 865376 402746 68654 678134 942515 243414 55506 284531 216082 657905 123016 305779 795941 510160 499393 684111 545838 791808 595497 308859 778795 741252 378500 693787 218043 770356 359992 449835 230956 552814 548817 525253 931684 307930 589504 242517 160414 801470 304950 681348 587182 607574 381298 302504 869020 520187 741429 330557 717758 808512 451399 157157 1010666 186315 611173 562004 652164 928930 688918 882819 824201 214650 34821 534264 425640 548606 374312 634863 513344 200848 1086245 546313 459514 916006 831753 99707 844444
720368 831485 999999999 652983 798710 686183 740155 834382 496419 979003 520527 29333 782643 729913 247092 438662 944613 812743 41576 755317 176292 436650 309536 157075 506629 884813 287199 645164 973605 778820 588650 910725 359124 916799 526658 123954 482620 556264 217644 384111 795528 280151 983192 726288 127205 648251 1088636 772169 274363 570207 570553 654756 715338 840762 318213 623603 680920 664334 713306 752258 126379 527083 827783 275923 414652 903878 775072 41137 538118 553866 550455 829898 233806 384600 902687 654524 858508 384292 299733 351917 524277 1032628 368047 448171 854950 798636 985813 507726 554244 641256 310484 1033251 651765 687535 425742 822740 277838 741919 918488 30524
165700 193590 652983 999999999 656375 252963 463303 430442 455129 554598 776257 625393 145622 151460 666707 247791 300500 238700 693439 558235 481354 447090 588120 705253 211870 259024 484627 868954 409967 138144 94010 276470 537461 307006 150042 632396 323387 437957 493040 352420 777282 404495 458904 747338 554839 228711 783292 165006 576791 292185 392876 197754 547000 587639 338884 854654 173279 562379 133136 112281 612902 146968 693567 431859 500614 478634 355730 692031 452107 668573 138810 724680 662595 268439 253938 929746 223363 495276 372046 459146 830408 762439 757257 719628 231657 158777 626646 237054 486439 349686 499688 627012 13202 1001329 355011 507452 771417 797008 292120 663224
523901 647796 798710 656375 999999999 411497 201406 312717 316426 356317 429365 790143 634386 548593 596911 738082 853355 884648 816278 99476 738352 375359 499281 709105 768284 634156 875076 418106 546798 642182 706630 860719 440348 610281 563191 685759 865759 274564 821790 816907 158622 768839 489747 184134 805289 867605 312601 807280 945898 380503 294994 460511 112706 128015 692171 420363 826139 136926 788681 739910 866632 567806 37904 557719 384912 338611 347295 812698 281506 294234 722575 70079 606212 646600 804668 492863 821482 415820 739343 900421 488754 247594 561306 445868 844569 644435 285498 797537 254072 307516 490111 359768 668741 566455 855224 206349 664758 231349 647080 827621
114573 253041 686183 252963 411497 999999999 212864 190491 296375 332276 623606 664324 228825 139600 605195 412017 454829 473510 720501 312077 546614 321790 503694 680809 414136 264545 620199 690996 290922 235265 321896 455453 436096 268498 214341 620377 526743 250075 597543 514682 545775 516634 297637 527834 626881 477738 537841 396171 709370 127967 200911 58300 307761 334819 432766 680886 426204 338141 381587 328510 692833 217627 447616 413810 377484 251514 113686 717965 272459 491020 351069 481181 606216 360758 404108 760347 412819 388134 480763 618774 685246 512104 657121 585212 434491 241237 386334 444245 298238 121272 429530 401286 266001 836560 537557 255084 708282 580403 290139 706167
323324 446856 740155 463303 201406 212864 999999999 139856 251544 252996 512310 724866 433026 347830 588577 580051 652476 686148 766480 102722 639892 307185 481228 688234 598772 436576 752203 546453 373392 440900 522770 659320 410943 417621 389879 645219 704572 187575 711457 671257 347274 644084 332287 344588 715649 682577 366315 608859 833129 215155 170481 265572 112482 129601 561244 541588 635633 168611 593790 540960 781163 394226 236240 470209 345000 195101 149867 763279 209644 366049 544743 271484 594175 502242 603516 620974 620248 369922 610692 765891 576512 324858 597283 498166 643631 443031 245745 628887 208422 128838 436877 296358 476082 698222 703485 82603 678507 397943 452092 765808
267934 358243 834382 430442 312717 190491 139856 999999999 369922 147769 651379 815865 358383 288227 708251 601767 558981 625974 864572 226075 713123 418293 600956 800965 604372 330988 802761 685627 237137 368047 508154 574167 529851 300497 403809 750780 717219 306474 773475 703030 469261 696831 192435 476709 792239 658994 352886 551036 889751 268780 273588 247874 247986 196661 612338 681155 601655 308082 549335 482902 858618 407298 340711 558696 464120 69513 77022 861632 330872 505468 539987 379445 712443 543749 513656 760370 542715 485179 661448 805556 715598 336154 728863 634123 569437 364137 197134 634410 337937 193314 545066 212760 443628 837544 727439 107771 803203 529406 339304 857656
393682 538107 496419 455129 316426 296375 251544 369922 999999999 502386 331041 484040 503133 416059 338932 452110 726697 692971 519749 259702 422019 60436 231430 436694 496990 559443 561032 414277 568282 506344 469680 716417 160461 564577 318888 395275 578530 64342 505651 515682 369859 456448 550158 319377 490363 622767 592463 620123 629726 178209 101092 307154 220801 344343 384206 400717 600072 179912 582748 562331 553013 323329 350528 241687 94421 436073 333119 516407 42316 213450 469916 363478 343781 350703 675407 477505 666753 118395 429098 590617 390933 537885 366148 288856 681261 518310 493878 523338 62377 191524 187541 547849 464314 551311 558254 333122 433449 361603 586209 523668
388909 442851 979003 554598 356317 332276 252996 147769 502386 999999999 752405 961219 457075 404643 840829 743974 625167 724586 1008158 300580 860685 555141 733340 938224 741618 396317 949534 766422 240553 467614 638985 649886 662667 349910 546582 891456 855709 438045 921161 846948 512106 844023 165055 538780 939643 782179 255394 653987 1037019 416306 411923 387232 335709 229057 759558 765572 719959 402871 662266 588316 1006008 549806 371529 703955 596584 80855 219966 1005134 461191 606036 674334 409574 846055 690178 586528 841916 628026 620172 808528 950658 815936 266092 848839 746208 657058 458390 104025 771254 461410 338191 683982 72543 567509 917476 869292 178353 931502 587527 391978 1002886
724552 869035 520527 776257 429365 623606 512310 651379 331041 752405 999999999 527107 834060 747077 273445 711198 1056650 1009707 518030 453016 559078 329171 244995 378184 771089 888074 724679 126348 875996 837094 774305 1044430 256242 889020 630748 397771 823666 374006 650986 737517 340596 644710 843300 271904 590664 913306 738830 940263 759512 509248 422754 638120 416696 535393 603456 105041 904199 349709 897329 886555 631406 634694 439271 418670 276669 706097 637840 514347 351157 146717 763766 420050 286722 606128 1005475 160381 993712 287703 632172 775680 64219 671839 168492 75998 1006333 849307 704550 791819 327858 508823 316878 774742 784040 226096 786132 575124 284862 260208 913477 550583
695688 805048 29333 625393 790143 664324 724866 815865 484040 961219 527107 999999999 756097 704729 254694 409504 916194 783546 70825 743587 147310 423854 307624 174581 477376 859054 260598 652607 950612 752114 560116 882051 352562 891798 500778 129565 453665 542612 189676 355007 792707 250833 961716 724205 99411 618921 1076485 743317 253495 550219 554722 631513 704041 828112 289680 631060 651689 654853 684386 723980 108407 501079 820045 257272 405292 885378 755207 70470 525309 552648 521636 823509 241370 356953 874522 665153 829918 374528 270489 325115 534276 1021471 379450 453505 826145 772023 970610 478395 542998 623108 300273 1016599 623975 700904 396944 807353 295250 741866 892802 41940
114725 49376 782643 145622 634386 228825 433026 358383 503133 457075 834060 756097 999999999 89980 766048 392953 226901 269049 822052 535219 615784 512039 676418 818717 356359 113491 629638 911733 276171 10707 237959 227077 616942 163566 257639 748743 465456 468273 634866 498027 773695 546262 335366 756617 691898 342551 703031 196925 721960 325149 418929 197606 534896 542372 475881 900136 273754 566917 210561 132010 752096 256637 669127 540648 568697 389895 295299 820334 487962 709953 283696 704459 763853 402084 175780 978542 187563 570750 512695 604741 893006 693418 841710 786777 212405 16515 543220 380144 517902 348889 591384 528897 153705 1053478 499871 454419 871747 809093 146503 795384
25027 122326 729913 151460 548593 139600 347830 288227 416059 404643 747077 704729 89980 999999999 692405 375564 316861 341347 767914 449159 570516 428593 598764 752512 354344 157745 606877 822599 268055 95801 241468 315898 536667 187237 205709 685078 468625 379091 601523 483025 685281 514154 309872 667006 649223 377583 639790 264916 699275 237863 329633 109034 446923 462372 436934 811284 315947 477324 261295 196424 712218 206208 583998 474923 485460 330509 218233 765903 399244 621022 282297 618561 691162 361186 265760 889948 273521 489663 478926 590893 806754 624084 761516 701875 295990 103672 481246 381963 428610 259009 516062 477176 163993 965201 493681 376525 797862 719376 190363 745276
675547 810347 247092 666707 596911 605195 588577 708251 338932 840829 273445 254694 766048 692405 999999999 524401 966509 875175 246172 575282 312557 291371 107526 114513 592533 848969 475180 398245 892970 765568 633180 942773 178505 867104 518258 125152 615030 403144 398865 518933 566332 414526 883446 495266 326962 742386 903419 817163 496305 477305 435385 593970 533823 664429 399370 376685 752480 472679 764321 777927 360949 520771 620648 237350 244512 774923 665682 242446 379670 322904 608480 615709 13331 430976 918272 411562 889413 223533 412644 532937 280331 841840 129939 201896 894329 782528 825055 605845 381895 522411 176906 883491 670396 452189 567677 668457 105699 504229 880040 277143
378679 441331 438662 247791 738082 412017 580051 601767 452110 743974 711198 409504 392953 375564 524401 999999999 513968 374141 480236 651935 262556 413151 478947 527597 69859 505854 236840 825450 643619 385841 162334 476536 455017 551292 197962 452433 127894 470014 251532 107463 820141 165514 681014 771470 324769 219190 939274 336130 329030 365704 443138 356931 626264 709105 128170 807116 242621 614130 276604 326446 376012 194486 775643 298062 448830 663369 525500 479622 471518 644315 117967 797809 516251 105832 476557 871578 425832 428951 139406 215330 752198 903953 640283 641042 419224 406510 794764 82052 506338 451214 395961 813303 241464 933334 125703 647481 619571 812501 539310 442369
341482 205620 944613 300500 853355 454829 652476 558981 726697 625167 1056650 916194 226901 316861 966509 513968 999999999 187174 985756 755197 769514 730686 884670 1005156 454336 230815 738870 1137619 395379 221956 356225 48549 829975 275488 448326 931806 535026 694482 765017 601988 997083 679430 471615 982473 837528 359585 880299 182112 825855 549777 645302 423908 758028 752425 626530 1125604 294917 792845 240854 192917 889968 445747 886734 732331 786595 573388 507356 984643 713616 935650 396843 923287 962685 562156 51374 1203561 88905 785471 651354 697068 1114285 882237 1052866 1006116 104482 213658 723130 465964 744194 575498 797042 691550 298269 1277936 585460 662764 1071501 1035169 233523 951974
364666 283467 812743 238700 884648 473510 686148 625974 692971 724586 1009707 783546 269049 341347 875175 374141 187174 999999999 854319 785372 636697 681404 807974 895139 306472 341484 578846 1105936 522079 258886 242328 138757 764023 396820 378973 820020 365361 676566 615934 445067 1012262 535908 591266 984805 696265 182587 972063 77368 660843 530310 631052 424983 778218 803590 498823 1091137 132184 798312 112791 145324 741989 375013 921020 638031 733070 658881 559082 853736 690797 906365 268780 954041 869153 447456 181195 1165189 115597 724706 513111 530338 1061703 961803 977001 949861 87550 266317 812241 309612 725131 582065 719203 795791 228823 1235554 420199 717807 976659 1034944 360453 815633
757828 870769 41576 693439 816278 720501 766480 864572 519749 1008158 518030 70825 822052 767914 246172 480236 985756 854319 999999999 777098 217838 460772 320848 143225 548191 923371 324088 640861 1009036 818391 629902 952060 375956 954525 565506 131584 522958 580966 256663 424789 805364 321426 1016837 735278 166470 689576 1110523 813622 303700 602520 597899 690677 736641 863582 359505 619357 722490 683405 754797 793298 155273 566056 844197 307876 434615 933981 806953 3745 561826 562268 591896 844508 233276 425195 943623 645449 899784 404977 341298 388913 516683 1053271 359446 447943 896373 838110 1011722 549157 575925 671261 332394 1060951 692401 674193 465805 849067 260676 748054 956960 49564
424447 549577 755317 558235 99476 312077 102722 226075 259702 300580 453016 743587 535219 449159 575282 651935 755197 785372 777098 999999999 676549 320095 471139 682737 677999 538380 803683 468138 463163 542924 611270 761774 405240 517297 470776 649726 778860 205422 755445 735903 246164 696083 412995 250872 747863 772114 333445 708005 879139 288815 213318 361689 41459 89254 616371 466148 728878 106883 690173 640543 811465 475328 135697 498625 342959 264617 251150 773668 219281 307552 629241 169403 582896 565157 706201 543592 722172 372152 664795 824272 516131 278254 561671 452840 745146 545466 255676 707651 201205 211088 445056 322811 570723 619955 771958 128038 655046 303379 552851 782943
563858 665048 176292 481354 738352 546614 639892 713123 422019 860685 559078 147310 615784 570516 312557 262556 769514 636697 217838 676549 999999999 363153 315384 280342 330995 721705 165727 684465 825188 611169 413302 734931 331547 757590 364840 208919 318283 471136 92685 218625 769997 110621 843320 706778 80306 474889 1002795 596029 211888 444380 471134 507237 640096 754871 143235 663604 505054 601561 537077 577687 146286 364528 771906 180870 364602 781991 646415 217137 459046 545204 374382 782141 301043 213870 728450 712229 682932 334351 124408 220604 582312 953271 441632 483127 678886 631396 882754 333687 484310 525323 266537 921167 479241 760531 264817 720515 388692 734217 755661 182564
408045 550727 436650 447090 375359 321790 307185 418293 60436 555141 329171 423854 512039 428593 291371 413151 730686 681404 460772 320095 363153 999999999 185413 383257 463449 578769 505845 426632 604283 514028 449558 716479 115390 589354 302643 338037 537254 120286 448232 468531 418450 402938 592211 362861 430413 596553 652643 611245 572129 195412 144713 321961 281230 404297 334413 410807 580286 238474 569421 557510 492776 306738 408755 182381 56879 485982 374393 457478 101500 233603 444168 419863 294765 308862 679837 483831 665278 68082 377325 538282 384319 598304 335732 275441 677343 527868 551405 488160 121713 231086 129694 603298 454952 554433 512830 389483 390559 400769 607455 463663
580462 718878 309536 588120 499281 503694 481228 600956 231430 733340 244995 307624 676418 598764 107526 478947 884670 807974 320848 471139 315384 185413 999999999 211704 543181 753556 480519 369437 789164 676831 566173 864326 71107 768617 438091 189266 584534 295621 407841 495140 485993 400021 777503 416875 354402 690479 801664 745090 520510 375823 328517 496757 429747 559988 363541 348775 691473 370707 695536 700354 402974 441167 525446 180960 137009 667468 559670 317161 272161 245026 547457 524155 113047 377136 835220 402002 811417 117333 388872 530720 276118 741412 169394 169661 818953 692756 718875 560857 275248 416361 88867 776487 593276 457681 544068 561398 205301 434576 783745 339821
738307 865376 157075 705253 709105 680809 688234 800965 436694 938224 378184 174581 818717 752512 114513 527597 1005156 895139 143225 682737 280342 383257 211704 999999999 597444 910257 426683 499289 971524 816865 657702 976847 278710 933941 562892 75252 598202 500829 351411 498716 680732 390652 968653 609592 266362 746115 1013272 844299 427981 554976 527595 661664 641375 771465 399479 477865 766839 582245 788120 813017 282213 564591 733742 278201 343821 869056 752355 139736 478658 437390 626466 729654 103673 448506 959190 502250 923491 318359 398788 489458 373830 952665 216561 311017 924759 835199 928823 605351 485312 610478 256265 984483 706905 531738 545157 769562 120896 617412 942636 183818
361930 402746 506629 211870 768284 414136 598772 604372 496990 741618 771089 477376 356359 354344 592533 69859 454336 306472 548191 677999 330995 463449 543181 597444 999999999 469770 285739 882627 619899 348064 118401 414710 515033 518794 208893 522270 114802 507546 312102 148819 860386 229696 664044 815403 390036 149974 949931 273725 375211 389186 475585 356502 655646 728364 197986 864848 174389 650011 214103 272729 437953 204566 806135 363014 503418 662045 527360 547692 511969 696671 73127 830738 584668 166169 419983 931316 365540 485782 206898 251099 814257 918987 706557 702454 356459 368296 800428 30274 547499 470929 458353 812584 202748 994765 143572 660577 688663 858592 502268 509161
173429 68654 884813 259024 634156 264545 436576 330988 559443 396317 888074 859054 113491 157745 848969 505854 230815 341484 923371 538380 721705 578769 753556 910257 469770 999999999 742279 953822 180619 121758 351382 253583 689687 56070 358282 842686 578164 514598 745264 611324 783850 656812 251026 777030 799120 446541 650698 281227 834707 383989 465451 257269 546729 526658 584031 944354 375650 589974 309851 227431 860534 358069 665735 632613 635498 342573 287248 921460 536970 754949 397175 703371 848037 509159 190223 1024046 235251 642147 622684 718170 949488 651441 913890 848036 265207 101851 492769 493248 562490 382865 672277 464522 267187 1100520 613311 436899 954219 830412 34016 899111
607023 678134 287199 484627 875076 620199 752203 802761 561032 949534 724679 260598 629638 606877 475180 236840 738870 578846 324088 803683 165727 505845 480519 426683 285739 742279 999999999 849870 873843 622634 397494 697654 491669 786647 411595 362459 217473 601430 76519 137034 921754 108147 905277 861330 161814 399397 1118516 557115 92562 541794 591349 570770 770467 875132 191606 829081 449301 740135 498019 558145 177987 409430 910398 330274 517089 868871 729823 325166 593638 704858 351735 924511 463122 259564 705647 877891 649966 488276 142028 64826 747803 1074476 604968 648759 638768 643314 986253 273059 622940 628213 425620 1015260 478215 925387 159833 828647 542710 891900 775854 275831
798835 942515 645164 868954 418106 690996 546453 685627 414277 766422 126348 652607 911733 822599 398245 825450 1137619 1105936 640861 468138 684465 426632 369437 499289 882627 953822 849870 999999999 919307 915910 876190 1129541 372289 948074 728413 523100 941409 443513 776613 857895 290866 767678 877327 236432 717009 1021157 709831 1033940 885807 588149 492974 714127 438832 539241 722637 21562 1006909 377856 994711 976608 757435 732626 416941 538308 380166 731926 685872 637218 424007 202035 869632 388548 411569 719717 1086245 75509 1080487 396916 753607 899857 131050 642045 284063 202089 1095453 926161 703398 904836 394021 571015 435974 777160 877796 152047 906132 595914 397222 201529 976418 675009
266885 243414 973605 409967 546798 290922 373392 237137 568282 240553 875996 950612 276171 268055 892970 643619 395379 522079 1009036 463163 825188 604283 789164 971524 619899 180619 873843 919307 999999999 286501 503690 426312 719673 125511 465841 911242 733002 510688 864480 751080 704716 778403 77455 713845 905188 618666 493875 460827 966011 416934 467217 319181 484252 423839 698473 913684 549329 541630 484865 403406 969903 467266 571927 703837 657452 213190 238495 1006622 535406 732543 547009 611067 894713 622901 362913 993409 414189 672110 742726 858947 939901 506294 934428 850232 444391 270351 343935 646390 551352 376760 718799 300635 420792 1070745 760898 340540 994457 766528 164731 992184
120776 55506 778820 138144 642182 235265 440900 368047 506344 467614 837094 752114 10707 95801 765568 385841 221956 258886 818391 542924 611169 514028 676831 816865 348064 121758 622634 915910 286501 999999999 229705 220202 618008 172874 254902 746526 456581 472604 628894 490497 780647 540271 346013 762807 686898 332171 713266 186426 714869 328641 423373 201965 542006 551187 470745 904116 263223 573124 199904 121322 746726 253717 677088 538967 570579 400180 304269 816715 491977 714021 275598 712240 763190 397343 170649 982346 179369 572055 506929 596983 895731 703306 842632 789053 203619 20705 553470 371508 522294 354748 591373 539473 145688 1057090 491624 463453 871261 815167 154285 791210
252199 284531 588650 94010 706630 321896 522770 508154 469680 638985 774305 560116 237959 241468 633180 162334 356225 242328 629902 611270 413302 449558 566173 657702 118401 351382 397494 876190 503690 229705 999999999 322381 524517 400530 151436 583062 229416 465229 413133 262664 815218 325746 550942 778185 481986 160976 859223 186620 488818 328510 425367 263738 594666 650781 270445 860227 130793 600350 131269 165329 536364 146865 744410 395895 498221 561095 431676 628866 475075 680438 46184 772749 627395 209486 316184 931993 269894 487197 296062 367979 824042 833770 734966 711751 267913 249995 705286 143046 510704 400199 477545 710953 84390 1000385 261930 575820 735276 825299 383954 595749
340912 216082 910725 276470 860719 455453 659320 574167 716417 649886 1044430 882051 227077 315898 942773 476536 48549 138757 952060 761774 734931 716479 864326 976847 414710 253583 697654 1129541 426312 220202 322381 999999999 812098 303009 426312 902867 491065 688045 726498 561141 1000754 641981 501110 982736 801085 313464 903975 140986 783562 541631 639436 419258 761972 764608 592562 1116778 250716 793106 200626 164860 851987 423360 895033 706940 771636 593865 517775 951077 706047 927550 360756 930794 938387 530802 63638 1193922 53450 768681 615037 654155 1100782 902626 1033273 991365 59118 216308 745491 424614 737791 574436 776038 717944 272377 1267425 542644 675462 1047160 1034942 261945 916992
517366 657905 359124 537461 440348 436096 410943 529851 160461 662667 256242 352562 616942 536667 178505 455017 829975 764023 375956 405240 331547 115390 71107 278710 515033 689687 491669 372289 719673 618008 524517 812098 999999999 702595 388045 245948 569171 224735 423576 486355 443783 400646 706835 377783 383456 658436 737541 698036 542617 308714 257525 432425 364090 493500 350589 353234 652861 307984 651233 649589 438652 391529 468767 167286 66088 596419 489021 372385 201512 213693 510569 471036 183389 349887 779843 416609 759738 47964 383522 535708 300611 678699 224914 188224 769108 633109 650159 535578 206609 345760 66210 706676 543679 479995 534285 491588 275416 402888 719199 388518
196968 123016 916799 307006 610281 268498 417621 300497 564577 349910 889020 891798 163566 187237 867104 551292 275488 396820 954525 517297 757590 589354 768617 933941 518794 56070 786647 948074 125511 172874 400530 303009 702595 999999999 392756 868356 628844 515178 785985 657744 763455 697952 198281 761550 836059 501515 605239 337290 879203 394063 467084 273315 529617 497127 622665 939764 430898 577664 365317 282996 898638 393091 640108 658039 645482 302646 268105 952457 538575 751984 445800 678446 866994 547133 239380 1019756 288782 654696 663219 765156 951464 609777 925049 853223 318952 154135 449161 543235 561404 380330 690235 416106 316148 1096737 662015 408102 971604 814991 42070 932433
200340 305779 526658 150042 563191 214341 389879 403809 318888 546582 630748 500778 257639 205709 518258 197962 448326 378973 565506 470776 364840 302643 438091 562892 208893 358282 411595 728413 465841 254902 151436 426312 388045 392756 999999999 491882 316826 314217 398642 300544 665539 312880 493788 627097 443534 309188 743495 310439 502747 182688 275839 160700 450541 519471 232765 713096 281280 451413 266791 262310 506771 4674 601094 286034 354148 465849 327630 563677 323658 530791 159724 627548 514656 157083 400044 786464 373334 346827 277072 405572 683274 710776 607216 571820 381343 273952 597173 239029 359312 262237 349727 615526 155683 856584 323650 452773 623423 673943 392061 540857
671885 795941 123954 632396 685759 620377 645219 750780 395275 891456 397771 129565 748743 685078 125152 452433 931806 820020 131584 649726 208919 338037 189266 75252 522270 842686 362459 523100 911242 746526 583062 902867 245948 868356 491882 999999999 525309 458064 286139 426144 674269 318283 912281 604450 206790 671080 982779 769682 374557 496782 479542 597638 608889 737135 324290 501548 691601 553921 713278 739378 236110 493377 713186 210345 306785 819680 697988 127901 437586 431594 551406 713045 111837 373704 886278 536188 849566 278178 324735 423541 405115 924502 251543 324678 850397 765179 889064 530456 449075 558236 208344 941208 633693 574100 473232 727502 180715 618693 875434 154435
476652 510160 482620 323387 865759 526743 704572 717219 578530 855709 823666 453665 465456 468625 615030 127894 535026 365361 522958 778860 318283 537254 584534 598202 114802 578164 217473 941409 733002 456581 229416 491065 569171 628844 316826 525309 999999999 597835 268267 99703 947345 207677 778465 897637 356877 183512 1060270 353520 295657 491438 570890 469599 753785 834001 220997 922400 240359 741995 297130 368449 390548 312816 903363 405267 569508 775887 640293 523243 598999 765921 186387 925690 605287 228476 507369 983617 446905 547530 202644 165070 860466 1027206 737920 751252 431980 476314 912556 86712 633641 575870 506791 926415 313240 1042089 58334 769522 702025 937707 609849 478267
355404 499393 556264 437957 274564 250075 187575 306474 64342 438045 374006 542612 468273 379091 403144 470014 694482 676566 580966 205422 471136 120286 295621 500829 507546 514598 601430 443513 510688 472604 465229 688045 224735 515178 314217 458064 597835 999999999 550830 543634 353116 494671 489089 312956 542719 623150 535010 601560 674756 147303 49561 270689 169595 286227 417613 432319 593422 144324 569272 540225 606693 318860 310864 293612 158656 372098 273432 577687 24852 242047 471781 329402 408094 374234 643122 511292 640260 182470 464833 625857 436285 482865 425435 340422 657086 482650 431140 535523 49760 135810 249794 483932 448358 587074 583363 269535 496751 360621 539546 582862
598513 684111 217644 493040 821790 597543 711457 773475 505651 921161 650986 189676 634866 601523 398865 251532 765017 615934 256663 755445 92685 448232 407841 351411 312102 745264 76519 776613 864480 628894 413133 726498 423576 785985 398642 286139 268267 550830 999999999 173160 859667 88625 889753 797390 90439 442380 1076922 585583 124110 507087 545847 552396 720420 830688 166244 755676 484093 685556 525906 577891 126077 397286 856177 267851 453986 841195 703209 257290 540750 637266 369465 868094 386741 241586 728087 803018 676564 424227 122766 138047 672608 1029926 528720 574995 668470 649547 950678 306329 568003 591529 358147 984472 488504 849581 210345 790286 466578 825829 779218 210536
486002 545838 384111 352420 816907 514682 671257 703030 515682 846948 737517 355007 498027 483025 518933 107463 601988 445067 424789 735903 218625 468531 495140 498716 148819 611324 137034 857895 751080 490497 262664 561141 486355 657744 300544 426144 99703 543634 173160 999999999 885317 108072 788056 831387 259509 269345 1034525 420411 226644 456181 523376 461013 707060 798844 136432 838303 314177 687458 361172 421468 298316 297499 853839 319590 494254 766150 627501 424939 541201 690295 216556 872966 508781 170757 568625 896526 513088 469736 107005 107883 771133 996113 643685 663739 502379 511068 893641 136677 574274 543139 421925 915396 345068 952515 49085 742354 603729 868394 644530 381090
660265 791808 795528 777282 158622 545775 347274 469261 369859 512106 340596 792707 773695 685281 566332 820141 997083 1012262 805364 246164 769997 418450 485993 680732 860386 783850 921754 290866 704716 780647 815218 1000754 443783 763455 665539 674269 947345 353116 859667 885317 999999999 820806 648367 71498 826803 974682 420033 935319 981839 487841 389895 588349 239061 285940 752534 298981 940894 215317 910392 869727 882367 670210 141020 592214 405685 497234 496896 801638 348872 243639 824268 105002 577820 720259 947290 360982 958575 435666 795764 956530 389536 352415 498244 381611 979794 785071 433072 888061 313815 430562 505244 508266 788861 428981 928113 364207 611835 89362 798915 825791
511899 595497 280151 404495 768839 516634 644084 696831 456448 844023 644710 250833 546262 514154 414526 165514 679430 535908 321426 696083 110621 402938 400021 390652 229696 656812 108147 767678 778403 540271 325746 641981 400646 697952 312880 318283 207677 494671 88625 108072 820806 999999999 805848 762329 160366 368160 1010399 501406 193031 434208 483472 469258 663304 767040 84496 747477 403725 634638 441791 490890 210729 311250 804496 234401 418929 763549 624759 321261 487739 611153 282863 819625 403884 156743 641455 801855 591345 391488 35978 136263 674230 966366 541220 569669 584479 560926 878810 228127 517901 520402 334613 909005 400100 854759 155026 720727 496603 795296 690749 280328
302929 308859 983192 458904 489747 297637 332287 192435 550158 165055 843300 961716 335366 309872 883446 681014 471615 591266 1016837 412995 843320 592211 777503 968653 664044 251026 905277 877327 77455 346013 550942 501110 706835 198281 493788 912281 778465 489089 889753 788056 648367 805848 999999999 663281 923627 676321 416805 526763 996532 415666 449867 337487 438719 363573 723637 873243 608738 500262 545916 466116 989311 495863 512041 709216 642515 151152 217833 1014211 513921 697681 592166 551155 886324 649148 437520 952263 486224 660251 769893 895396 907506 431139 914434 823654 516224 332088 269012 691823 525278 361145 713081 223243 470653 1029336 801984 286158 982177 715054 239196 1003595
642049 778795 726288 747338 184134 527834 344588 476709 319377 538780 271904 724205 756617 667006 495266 771470 982473 984805 735278 250872 706778 362861 416875 609592 815403 777030 861330 236432 713845 762807 778185 982736 377783 761550 627097 604450 897637 312956 797390 831387 71498 762329 663281 999999999 761239 935737 475580 908603 918627 455283 354909 565193 232144 309735 697001 241117 906144 189700 879834 844674 815577 631731 180516 531085 344242 513544 493455 731545 304505 173049 783811 153286 506858 669411 931894 310173 938333 373329 738720 898480 323742 407818 427213 310345 957957 769026 469330 842224 268714 408366 440742 543820 758342 382721 875422 377206 540480 53449 794789 756635
643140 741252 127205 554839 805289 626881 715649 792239 490363 939643 590664 99411 691898 649223 326962 324769 837528 696265 166470 747863 80306 430413 354402 266362 390036 799120 161814 717009 905188 686898 481986 801085 383456 836059 443534 206790 356877 542719 90439 259509 826803 160366 923627 761239 999999999 526820 1076599 660878 169552 523464 545931 587463 710383 828094 216250 695686 564081 668388 601373 647247 66385 443032 837777 249250 424857 861257 726163 166992 529015 594523 440735 845777 314133 290046 798150 737242 749931 393881 186178 226023 605996 1025579 456333 515068 743971 707287 959579 387939 552126 603342 321868 999411 551888 779041 299474 796867 384514 784858 833118 121583
393845 378500 648251 228711 867605 477738 682577 658994 622767 782179 913306 618921 342551 377583 742386 219190 359585 182587 689576 772114 474889 596553 690479 746115 149974 446541 399397 1021157 618666 332171 160976 313464 658436 501515 309188 671080 183512 623150 442380 269345 974682 368160 676321 935737 526820 999999999 1011739 183932 479153 489088 584849 420352 755623 809839 347173 1004142 71709 760250 137970 219949 567637 304522 905383 511356 641006 707025 583827 689377 631525 829838 152888 933669 734600 313766 338615 1072936 274162 626040 350698 348559 958834 989472 855297 846582 255153 348729 855349 141344 667308 561026 604319 854695 215571 1138311 239715 732771 838603 981794 474351 647960
620375 693787 1088636 783292 312601 537841 366315 352886 592463 255394 738830 1076485 703031 639790 903419 939274 880299 972063 1110523 333445 1002795 652643 801664 1013272 949931 650698 1118516 709831 493875 713266 859223 903975 737541 605239 743495 982779 1060270 535010 1076922 1034525 420033 1010399 416805 475580 1076599 1011739 999999999 899053 1199099 579208 531809 596139 373952 248787 927467 716209 954416 431044 901051 831743 1141179 747467 299578 828151 676171 313232 428066 1107086 551253 606786 888779 322300 911867 867070 840851 780955 879946 705553 976950 1131244 795889 67805 873831 758444 908432 706226 159834 980188 534650 492048 778485 194486 796484 848513 1064275 292183 975950 509085 647309 1116097
287906 218043 772169 165006 807280 396171 608859 551036 620123 653987 940263 743317 196925 264916 817163 336130 182112 77368 813622 708005 596029 611245 745090 844299 273725 281227 557115 1033940 460827 186426 186620 140986 698036 337290 310439 769682 353520 601560 585583 420411 935319 501406 526763 908603 660878 183932 899053 999999999 643765 454817 555497 347718 700941 726800 454512 1019573 114883 721642 59679 68494 711164 306765 843657 579917 664043 586247 483020 812750 616419 833559 221735 876678 811881 396074 155241 1094442 93470 657264 475066 514983 993558 887140 914470 882238 83094 196382 739363 284077 650423 504966 656233 725740 156357 1165670 403374 641428 920193 959007 304435 777596
699142 770356 274363 576791 945898 709370 833129 889751 629726 1037019 759512 253495 721960 699275 496305 329030 825855 660843 303700 879139 211888 572129 520510 427981 375211 834707 92562 885807 966011 714869 488818 783562 542617 879203 502747 374557 295657 674756 124110 226644 981839 193031 996532 918627 169552 479153 1199099 643765 999999999 625887 668818 661066 844350 953600 277463 864552 533587 809636 585227 647938 148641 500727 980254 391082 576306 956570 817789 305754 664843 755961 442857 991953 483395 348767 794160 906793 737035 546174 228716 130594 775549 1152949 625354 683738 724490 735535 1070397 360225 692085 711410 478133 1101767 570169 948136 241164 911108 548356 945502 868247 254310
215693 359992 570207 292185 380503 127967 215155 268780 178209 416306 509248 550219 325149 237863 477305 365704 549777 530310 602520 288815 444380 195412 375823 554976 389186 383989 541794 588149 416934 328641 328510 541631 308714 394063 182688 496782 491438 147303 507087 456181 487841 434208 415666 455283 523464 489088 579208 454817 625887 999999999 100743 129067 267865 343582 350188 575864 453055 272552 424551 392973 589845 187303 418406 294668 251850 337830 204988 599785 164420 386115 342169 445161 478474 287863 498415 653812 493317 260767 399770 552073 568938 539966 531137 464905 509831 340205 444624 418867 196786 87163 302032 477734 303075 728449 488484 287592 580317 504825 412216 592146
305885 449835 570553 392876 294994 200911 170481 273588 101092 411923 422754 554722 418929 329633 435385 443138 645302 631052 597899 213318 471134 144713 328517 527595 475585 465451 591349 492974 467217 423373 425367 639436 257525 467084 275839 479542 570890 49561 545847 523376 389895 483472 449867 354909 545931 584849 531809 555497 668818 100743 999999999 221412 183822 284842 403155 481866 551905 175629 525047 493241 611189 280513 332509 299736 192690 341461 232387 594774 71618 291599 435101 355397 439195 352669 593957 560852 592054 211921 451750 610961 484655 484137 467230 386814 609381 433230 416055 504356 98984 90463 272251 463052 403670 636612 560646 252741 532517 404153 490743 595821
86643 230956 654756 197754 460511 58300 265572 247874 307154 387232 638120 631513 197606 109034 593970 356931 423908 424983 690677 361689 507237 321961 496757 661664 356502 257269 570770 714127 319181 201965 263738 419258 432425 273315 160700 597638 469599 270689 552396 461013 588349 469258 337487 565193 587463 420352 596139 347718 661066 129067 221412 999999999 353236 390392 386435 702577 370465 376301 328634 281449 652762 163567 497332 388008 378801 306847 170859 688344 290425 512366 292834 529523 593722 312556 372576 781100 373420 384882 433281 566271 697989 570079 656671 593755 392778 212159 444271 386536 320352 157836 417066 457196 210585 856245 482091 312520 698716 616835 287005 673042
421946 552814 715338 547000 112706 307761 112482 247986 220801 335709 416696 704041 534896 446923 533823 626264 758028 778218 736641 41459 640096 281230 429747 641375 655646 546729 770467 438832 484252 542006 594666 761972 364090 529617 450541 608889 753785 169595 720420 707060 239061 663304 438719 232144 710383 755623 373952 700941 844350 267865 183822 353236 999999999 130678 584805 435487 715421 67554 679817 634328 773538 455162 150603 461184 302219 293552 261531 733193 181374 270409 610002 178253 541448 536415 708236 513980 720424 331669 632730 793055 480271 317431 521336 413588 742246 546106 295976 684947 161110 197315 404908 361730 559150 590879 744455 159083 613854 285531 563418 743156
438932 548817 840762 587639 128015 334819 129601 196661 344343 229057 535393 828112 542372 462372 664429 709105 752425 803590 863582 89254 754871 404297 559988 771465 728364 526658 875132 539241 423839 551187 650781 764608 493500 497127 519471 737135 834001 286227 830688 798844 285940 767040 363573 309735 828094 809839 248787 726800 953600 343582 284842 390392 130678 999999999 685334 539501 760732 195122 716018 658378 892516 523810 148531 579440 430436 212617 247227 860193 302810 391836 673832 187683 671953 629013 705682 614606 729578 459083 734479 891614 597561 199405 649742 539515 754759 550366 169301 758485 288061 258131 531205 239895 600615 689564 832031 89793 744155 358651 535915 867948
432983 525253 318213 338884 692171 432766 561244 612338 384206 759558 603456 289680 475881 436934 399370 128170 626530 498823 359505 616371 143235 334413 363541 399479 197986 584031 191606 722637 698473 470745 270445 592562 350589 622665 232765 324290 220997 417613 166244 136432 752534 84496 723637 697001 216250 347173 927467 454512 277463 350188 403155 386435 584805 685334 999999999 703267 368639 559721 396077 434501 276508 231591 728407 184788 358058 679112 540384 358516 412643 553921 232865 745314 390612 75799 585228 763120 540295 333314 49588 208307 639483 884448 518969 530543 537073 491177 794677 207602 444360 436662 286881 824514 336368 821104 183769 637163 492418 732998 618047 325790
787706 931684 623603 854654 420363 680886 541588 681155 400717 765572 105041 631060 900136 811284 376685 807116 1125604 1091137 619357 466148 663604 410807 348775 477865 864848 944354 829081 21562 913684 904116 860227 1116778 353234 939764 713096 501548 922400 432319 755676 838303 298981 747477 873243 241117 695686 1004142 716209 1019573 864552 575864 481866 702577 435487 539501 703267 999999999 990862 373075 979645 962863 735937 717267 421127 518762 363207 728991 679053 615712 412175 190277 852927 394170 390009 701464 1074235 80048 1067397 379070 733759 879363 111157 648406 262854 180913 1081947 914722 705005 886776 383109 561505 416456 778311 863313 157314 886633 593485 376403 210105 967462 653451
