NAME : synthetic_000340
TYPE : CTSP-D
DIMENSION : 100
GROUPS : 8
RELAXATION_LEVEL : 1
EDGE_WEIGHT_TYPE : EXPLICIT
EDGE_WEIGHT_FORMAT : FULL_MATRIX
EDGE_WEIGHT_SECTION
999999999 291585 1119293 252511 727193 633172 350503 804264 1024059 433234 804994 219333 408392 275724 249478 172757 336781 722023 266954 523447 682182 508434 820287 157947 433925 978749 808354 820358 671917 272028 168379 577396 208653 747157 709321 869220 639108 808838 714295 867592 636729 990733 127857 175550 227082 430528 844134 956356 561369 727688 749848 462593 212510 267576 685403 338446 664391 634515 431143 570044 649472 758517 429195 835782 607297 699557 578762 712767 791008 784202 632467 343874 628486 183557 630790 389460 711842 107044 870996 205139 751830 542946 492808 781637 716776 505652 824730 379544 455464 149022 330390 548941 633390 218535 866492 724597 619431 635691 730263 395453
291585 999999999 845543 63257 463688 525355 336168 718502 756584 367052 597066 298418 125556 208832 218583 397013 179318 559280 237109 260655 439208 219886 725263 133671 163523 732202 528427 625967 453459 256084 331064 286370 217916 473283 508594 582288 418067 529851 445417 576022 627901 701623 411058 164944 385904 340761 618810 701527 402317 583170 510224 235539 85017 326065 432751 50170 372914 445834 257206 416440 440216 468912 377867 554203 345269 563621 336816 504473 676042 658449 350751 304547 411264 247304 340111 117410 456631 217037 613963 149471 639894 540220 420988 542968 436740 501286 713946 200051 370726 316192 64068 262998 411236 388998 583233 561738 343433 363963 493534 264577
1119293 845543 999999999 903917 394039 732235 905768 794914 106705 831987 446995 1130153 720111 878994 910398 1242555 936489 593685 905915 595848 780344 630794 772116 968980 687452 230077 319161 480815 501397 915109 1174710 580584 1050474 641330 914301 505897 845907 595475 674268 396269 945714 241054 1246150 948773 1094656 1048999 376824 207375 976011 636840 404830 841342 930257 985223 442715 795376 533203 928778 925260 665764 532224 410082 852044 296788 512598 661782 550278 892937 712151 682125 638577 1076200 855437 985957 530125 798651 734040 1061713 267986 988643 718015 936128 814247 381972 409630 926566 727706 914552 803051 1071955 793419 664732 842516 1106259 548313 592719 502544 682992 425725 777359
252511 63257 903917 999999999 525153 577883 366696 769978 816571 409176 659916 235282 185967 239083 240999 339978 138119 618762 262070 323206 444023 274536 778038 102428 226065 794766 585690 688221 516435 280121 270907 336220 154679 496259 496809 616960 412694 556852 464836 620516 666325 752545 364268 164964 382981 294036 682065 763440 374850 640914 573371 228149 42202 340416 495434 110951 417256 428790 228567 473529 502735 520051 417680 610679 407433 620220 400068 495386 731005 714590 379974 247899 404191 250436 390305 136979 467928 164747 675808 86677 694193 575962 465879 606110 494406 536409 768658 169260 416300 305754 126760 296970 406215 383716 614008 621247 403041 384975 556753 314001
727193 463688 394039 525153 999999999 424055 525045 562873 296869 462003 236636 758508 339255 486092 517418 858058 583789 325160 514076 205297 551084 266929 550549 580225 300913 274723 122054 286280 162156 524373 794670 246478 677588 451924 686419 413111 594644 448958 464341 313767 636076 331372 854622 555258 705354 721317 209529 238856 689444 374460 104053 519602 546573 597667 58099 414303 261493 670792 598477 317709 188825 191646 483039 150664 120213 383749 158319 668730 482590 451405 373680 727801 599367 592448 217548 441067 521514 675902 151241 611676 467604 599505 459184 124017 93053 580132 514121 571864 435665 678668 406724 350528 588974 716350 447609 325891 128947 426777 107985 390359
633172 525355 732235 577883 424055 999999999 288455 193601 626353 200436 288518 780448 468651 368430 388181 804050 704075 143415 368223 388936 858341 494927 200158 556664 427958 514049 545128 268013 262495 361295 774523 541073 711654 808331 971611 817990 872416 828830 804611 732466 216564 748691 746268 480393 481831 865847 357195 525173 907105 115800 348737 722177 567438 382795 369121 502069 614990 927367 771161 128728 235326 600147 207700 572199 386495 83425 324210 960072 158632 151515 692943 825608 871147 449792 554436 595902 848273 647797 474599 645629 119741 209127 143446 360490 498922 210307 194264 719152 177987 509369 468041 622831 865478 496298 845744 145045 444252 738479 331824 264694
350503 336168 905768 366696 525045 288455 999999999 453769 800785 90653 512149 523661 352403 128112 128672 523146 504754 398732 106339 369521 758051 432267 469953 308321 336159 720120 637735 513553 407708 90671 503563 502927 466665 757279 841701 822904 747841 799517 739259 773164 304537 846589 458709 222871 202259 658081 567084 712793 737599 393246 502381 569684 340495 95439 469345 339826 597143 781372 591509 259109 378167 639833 80774 667840 425989 362524 369343 835924 443617 439795 629375 598006 742372 168333 541488 443276 765300 383972 638487 409867 404517 211430 145177 528723 558949 171630 476048 532910 119030 220916 303954 541561 740847 216101 837701 401178 467923 660046 481288 139042
804264 718502 794914 769978 562873 193601 453769 999999999 695874 375701 361499 966014 660791 552190 568238 976910 897437 237718 546893 571393 1042341 680029 28083 742889 618956 564963 676109 318366 405674 536965 954337 719520 899914 981813 1159648 973240 1060437 995497 981850 876529 227577 863339 908832 663154 625359 1059162 428624 592785 1099844 188519 468567 914484 757690 541140 515457 695668 785135 1117871 964645 315766 386604 751369 376307 699402 554254 184570 497126 1147283 84451 116208 872258 1017264 1059796 621669 725906 788941 1028836 830212 568009 835206 96196 291598 314929 467916 648906 317550 70094 912753 359736 669119 661608 807420 1053569 639729 1004883 237031 611821 920010 457531 456019
1024059 756584 106705 816571 296869 626353 800785 695874 999999999 726000 342821 1046579 631108 778040 809461 1152855 859393 488875 804125 501577 737143 547039 674026 876412 595680 137066 241997 379099 395262 812708 1087329 504037 966156 604335 874169 487146 798074 567725 633125 369323 840518 242364 1151485 851761 991380 981044 272587 103488 920031 532971 298940 773294 840597 881529 341833 706611 470021 880431 856583 559178 425991 348585 745952 226263 416925 557107 449882 853454 612310 581709 581778 1001406 806442 885524 456989 718841 694122 971073 162313 902355 616138 829630 707629 275427 326772 819879 629935 840683 696942 971132 701861 595732 793988 1003207 530267 488000 413535 629926 319931 673976
433234 367052 831987 409176 462003 200436 90653 375701 726000 999999999 425705 591168 351378 178092 192546 604789 544283 308371 171235 333213 761722 414491 389405 369211 324162 638493 579602 424668 330764 162194 578885 479403 527615 743855 857162 792531 760292 779564 730400 731490 262076 790284 545943 287784 291823 703150 483272 634521 767357 302766 427159 590334 390367 186077 404552 358228 569744 802324 623735 173148 300197 596025 21154 609529 374948 272275 313232 849191 357784 351910 617944 651552 756332 249693 510972 461117 762917 454558 564001 465460 318603 180349 60773 451363 507423 145192 391640 567091 30036 310206 321487 534296 753232 305879 811515 310800 423457 654405 406274 113823
804994 597066 446995 659916 236636 288518 512149 361499 342821 425705 999999999 892459 489718 531890 561190 960693 751996 147038 548700 354728 780724 454631 342902 683310 443269 225532 330107 50459 143943 551124 910926 460727 813404 688006 913149 643937 818123 685238 698728 535999 499154 503613 930552 630947 713802 904636 70246 239786 897517 190155 132694 716964 668191 603901 211847 554664 494636 890071 788083 253107 158469 425724 442828 349118 290835 214880 267033 896601 277060 245327 602358 892970 821373 636753 444518 614648 754448 783012 206544 743867 275598 496517 392143 117430 329687 492362 301051 750459 395706 715112 533169 564155 812014 727290 680573 145945 335639 655029 133800 412879
219333 298418 1130153 235282 758508 780448 523661 966014 1046579 591168 892459 999999999 419644 413824 399405 156892 211260 840534 421484 558205 545490 499883 977919 223787 461154 1029572 810993 918471 749700 434064 78701 551963 80961 643372 537809 788391 487344 710818 605017 816529 825745 961993 244455 303528 442692 231507 916809 997248 378109 857347 808637 342097 224594 459317 730464 345723 619298 461023 279063 690418 734392 733378 593355 834164 641948 833560 635101 545990 938137 925464 551736 139819 474801 361406 604848 333593 585500 140696 909577 149153 899814 731352 651720 841379 721208 692124 974582 248753 606355 359983 360927 486501 483034 435552 775282 843080 633902 536984 791921 518662
408392 125556 720111 185967 339255 468651 352403 660791 631108 351378 489718 419644 999999999 243539 266705 522481 262423 473635 277317 139929 410448 101602 663131 252282 46811 610095 403614 523509 346154 295241 456290 174551 338683 406385 509104 489833 410955 452999 386974 466885 609760 582539 531822 254978 459219 418271 504255 577754 439310 504941 392327 253693 210147 375515 311589 75503 268243 459937 309292 346145 338072 350903 367677 429887 222411 490574 223364 499821 607031 585313 278310 403510 407976 322104 225687 130928 413876 341800 490091 272424 573966 531726 393550 424868 311802 495926 645237 264332 344687 403454 78823 189440 403903 465578 497860 475915 217877 307677 377046 237624
275724 208832 878994 239083 486092 368430 128112 552190 778040 178092 531890 413824 243539 999999999 31422 440816 376970 446799 33887 299330 638165 335530 564351 191160 239326 717217 586112 545213 404230 51809 406387 409395 349546 649091 716345 729984 623860 696524 627667 694293 428207 787483 399224 111969 225702 531788 575189 700541 609572 454912 489386 443602 215153 132179 436448 217286 504998 654610 463422 294516 379380 566598 182711 615675 372573 428148 328717 711339 526937 516628 521202 475424 617831 108028 454478 319148 648963 279383 618753 288210 488163 337033 238240 519737 499415 297408 562632 404798 192600 193092 183141 431558 616920 234824 740253 449378 402142 546934 468848 119895
249478 218583 910398 240999 517418 388181 128672 568238 809461 192546 561190 399405 266705 31422 999999999 417192 378971 472610 22486 329441 653788 361337 581577 180302 265996 748197 616868 573398 434839 39184 386838 435491 339110 670250 727149 755277 636307 719286 647565 722206 432993 817522 371185 96006 196735 530111 605449 731813 614899 478677 520547 454094 212489 110407 467867 233399 531002 663497 468442 320900 409636 595505 193950 646369 403559 451090 360119 723015 546797 537849 542733 469357 629727 76894 481660 332663 666617 262026 650134 281233 507799 340101 253314 550792 529783 300300 581850 409327 210567 161671 201258 452780 629434 205245 764458 475182 432239 566410 499968 148393
172757 397013 1242555 339978 858058 804050 523146 976910 1152855 604789 960693 156892 522481 440816 417192 999999999 359178 887081 436176 652962 701037 614485 992716 280413 557363 1120730 925132 979831 822874 442847 80647 675043 212328 793646 694010 933752 644019 860181 756242 952634 807379 1090731 110982 332314 386066 384328 994483 1093682 533355 895555 893683 492757 312402 439698 822389 447181 751272 617263 434650 734558 802960 858860 601438 950459 738254 868254 719483 702590 962295 954574 694970 293447 631546 355569 729033 462848 739801 182279 1006661 259380 923148 714095 664741 926163 833578 677318 996429 399599 626080 316759 451344 622675 639620 374948 923345 889662 740294 685101 875154 558655
336781 179318 936489 138119 583789 704075 504754 897437 859393 544283 751996 211260 262423 376970 378971 359178 999999999 730205 400156 399107 349175 316993 903699 221549 309115 858499 619052 785837 608558 418127 278895 356172 148023 434474 375023 577227 302418 501188 397162 607285 803244 756440 420164 298414 508018 161802 763899 820912 239928 757274 649956 133931 169730 476036 566003 205392 413714 302358 96924 592110 600112 531852 553830 639779 475703 739318 485200 377051 853121 834430 340606 144050 291708 382490 406529 142723 383801 230479 734072 132497 817534 713521 599475 681978 532806 674060 891177 43063 549373 426334 236824 279266 296792 506754 564914 732587 455127 326486 636085 443856
722023 559280 593685 618762 325160 143415 398732 237718 488875 308371 147038 840534 473635 446799 472610 887081 730205 999999999 456205 359968 824274 469606 226082 620492 427723 371958 439263 124968 170169 454340 846964 497915 765497 752545 948490 736271 850090 762024 755818 638819 352152 631869 842743 555136 600088 889967 216932 386325 907509 49667 232419 721737 617870 493816 278732 525086 555027 914222 782810 152536 155672 514236 322149 463365 326406 68281 276338 934335 158515 128436 649450 863613 851045 543532 497459 604494 806075 717877 344092 696483 142907 352526 263887 235615 411944 351855 192518 737118 279751 614220 496347 593193 843463 614201 768679 2581 382427 699470 220248 328496
266954 237109 905915 262070 514076 368223 106339 546893 804125 171235 548700 421484 277317 33887 22486 436176 400156 456205 999999999 330869 669840 369350 560560 202781 273039 739504 616257 559318 425211 19076 407695 443163 361571 682613 745593 763828 653993 730315 660879 727459 410546 818859 386599 118286 193944 552065 594755 724581 635297 460740 512813 472580 234415 98298 463206 248913 538767 682700 488879 305281 399160 599188 171952 645953 402245 432668 356061 741075 526746 518420 554784 491766 647666 88246 487979 349682 681457 283648 643938 303658 487681 317741 231995 542538 530387 277940 561521 429876 190307 168719 215519 465060 647086 203716 774140 458769 433594 580012 492058 136279
523447 260655 595848 323206 205297 388936 369521 571393 501577 333213 354728 558205 139929 299330 329441 652962 399107 359968 330869 999999999 470980 109880 568906 374965 97156 471578 289402 392009 213468 344548 590727 153626 477316 422710 590229 459319 491340 450857 416397 403646 566405 488153 650442 354100 524757 549932 365064 441367 550103 398330 252440 365879 342164 423801 172260 212482 237893 554257 433946 260209 211290 271006 353467 318360 85291 390442 88569 576972 507034 481530 304184 541803 491756 400446 178174 260042 459360 470736 354003 409862 478425 503687 355835 284951 200589 473975 544492 395826 315321 486781 201821 236146 484610 534136 479020 361967 102814 349679 237486 231376
682182 439208 780344 444023 551084 858341 758051 1042341 737143 761722 780724 545490 410448 638165 653788 701037 349175 824274 669840 470980 999999999 363414 1039345 545891 440099 791942 512525 827394 660853 688854 620543 326495 495303 142925 138149 301404 73832 204845 106335 387465 1018202 551754 769115 602033 823538 350825 760613 741942 221588 866097 650520 219654 485917 763445 569019 420957 290311 152655 266472 729915 669264 395197 778123 517663 499773 860503 548512 118713 976332 949602 178366 423672 86695 686083 336224 322098 51063 577770 669788 477404 948934 942037 801711 674628 462997 906374 1013277 306286 753845 749153 455306 235510 73837 825552 270673 826013 447473 125908 646952 647906
508434 219886 630794 274536 266929 494927 432267 680029 547039 414491 454631 499883 101602 335530 361337 614485 316993 469606 369350 109880 363414 999999999 678173 351233 96950 541644 311831 495110 317872 386238 544496 74293 419834 329368 480503 394519 381536 367517 317345 365599 661723 482416 630381 356406 556561 456857 455586 504042 443803 508207 339847 262420 304608 467388 253796 170701 169669 444721 336160 366540 319035 250090 433163 336276 165348 499994 195136 467500 616736 591385 204319 460941 381878 421211 124111 174340 355344 436516 417090 358116 587692 592007 446691 370714 221377 559175 654265 305519 401628 503842 180328 127904 374787 563625 406290 471575 138138 245262 328581 303203
820287 725263 772116 778038 550549 200158 469953 28083 674026 389405 342902 977919 663131 564351 581577 992716 903699 226082 560560 568906 1039345 678173 999999999 754380 620417 542048 661846 298236 395755 551364 968255 715118 910563 975289 1158474 962322 1059342 987120 976471 863700 254258 846014 926726 675838 645619 1065501 408827 571235 1102440 178120 454212 916677 767160 558940 504801 700719 778135 1118298 968813 317050 378395 740267 391341 684452 547659 178950 492213 1145674 68007 99636 867764 1025737 1059059 637179 719444 792221 1024518 843198 549358 845114 90486 315079 328766 451883 638018 339413 44584 917789 371779 687094 667249 805041 1052521 660047 994730 225125 604848 916214 444154 464625
157947 133671 968980 102428 580225 556664 308321 742889 876412 369211 683310 223787 252282 191160 180302 280413 221549 620492 202781 374965 545891 351233 754380 999999999 281532 840479 654871 705193 543727 217659 228016 419544 158910 597485 592868 713730 512088 657006 566718 709692 612853 833646 279543 85877 286717 358097 714794 814220 461186 635134 613271 328483 60230 261140 542664 180775 506565 522331 317842 469069 524985 601172 372895 681665 460051 610654 439115 592799 714390 702015 478972 290838 503004 163678 473047 237094 570343 99742 727528 103532 676036 519433 429392 645755 563049 479683 750798 259739 383158 206346 175835 393455 505769 286012 712756 623058 466912 486447 594769 295529
433925 163523 687452 226065 300913 427958 336159 618956 595680 324162 443269 461154 46811 239326 265996 557363 309115 427723 273039 97156 440099 96950 620417 281532 999999999 568733 374429 476748 299577 289653 493970 170195 380305 422202 545279 491234 446401 463384 406735 456919 578133 562076 559633 271004 462195 465020 459132 538162 482689 459931 348275 296600 245666 370844 269369 115484 265784 499410 355107 303444 291262 333717 341861 401945 181846 446442 177464 534861 563222 540874 294965 449740 444355 329129 215742 176881 438977 375411 450665 312712 530813 503727 361675 380942 282887 469353 601382 310994 314277 413529 106192 210134 439392 469833 503214 429977 185657 330244 332406 210961
978749 732202 230077 794766 274723 514049 720120 564963 137066 638493 225532 1029572 610095 717217 748197 1120730 858499 371958 739504 471578 791942 541644 542048 840479 568733 999999999 279651 253487 314933 745351 1061374 515720 948629 670476 930052 576658 845415 645365 693359 457268 723250 360731 1106506 803429 918021 994620 158166 53470 953554 412072 228973 790666 812752 807228 299506 683939 506881 925469 871073 466143 342899 397347 657150 278513 387685 438988 401485 910514 482504 452802 622848 1002519 852030 825091 477866 715776 754112 938718 126653 881432 489781 721824 611556 197669 339822 716504 497629 846257 608601 908223 672211 616926 840477 930778 618836 370690 403574 674584 248915 604385
808354 528427 319161 585690 122054 545128 637735 676109 241997 579602 330107 810993 403614 586112 616868 925132 619052 439263 616257 289402 512525 311831 661846 654871 374429 279651 999999999 380413 282656 628329 856186 262952 731341 392013 650671 317515 567652 372560 413809 206018 757952 210828 933834 642498 809775 739093 282863 229454 682349 488924 207648 531422 613400 704757 179621 478306 231652 648665 614618 439635 310345 117713 600735 30106 214283 500923 268503 631000 593926 562212 346464 760264 574846 689325 215004 479951 474489 745300 161659 669902 582152 721216 579805 213206 91845 701183 623263 599174 554197 775772 479086 353911 562964 819937 356599 439703 189161 397097 219096 500298
820358 625967 480815 688221 286280 268013 513553 318366 379099 424668 50459 918471 523509 545213 573398 979831 785837 124968 559318 392009 827394 495110 298236 705193 476748 253487 380413 999999999 178561 560046 933209 505359 840380 736960 958862 694386 863154 735142 746934 586356 471079 550818 944390 648211 715808 940654 110632 275638 938828 159570 182228 756743 693878 607303 258512 585512 542726 933955 825936 256209 186164 475959 440231 399066 333447 188323 303493 942641 234138 203030 649101 925315 866043 647551 491455 650700 802114 804537 252274 770750 237242 477088 385105 167888 379310 476805 255346 786343 395079 723033 561899 607947 856951 729639 730960 123163 380852 701549 181577 425340
671917 453459 501397 516435 162156 262495 407708 405674 395262 330764 143943 749700 346154 404230 434839 822874 608558 170169 425211 213468 660853 317872 395755 543727 299577 314933 282656 178561 999999999 430573 770466 334922 670284 583368 788815 567691 691636 591858 588079 474261 476437 487374 798872 496570 603546 762377 172241 305085 761603 217706 96785 578665 525872 492793 110200 410737 385883 759934 647377 166744 31080 346093 350692 309752 161171 223404 124934 773579 328535 298596 484031 749159 693699 511620 329424 472348 639925 643437 233488 600846 309596 446761 314749 121055 243559 431600 362616 608079 301684 593852 389679 434764 685230 616157 599247 171390 214679 535204 76325 289608
272028 256084 915109 280121 524373 361295 90671 536965 812708 162194 551124 434064 295241 51809 39184 442847 418127 454340 19076 344548 688854 386238 551364 217659 289653 745351 628329 560046 430573 999999999 417437 459848 376026 700900 764607 780756 673062 748182 679419 742872 395194 832053 388863 132234 181489 569149 598894 731685 653772 456831 519692 491582 251575 81194 472600 267911 555436 701585 507329 304743 403795 613834 160853 658132 414093 428103 366102 760125 519448 512186 573003 507611 666723 89555 504028 368757 700310 295164 651945 319468 480301 301883 222622 548937 543298 262105 553691 448266 183450 164108 234370 483367 666157 192056 791516 456890 447063 598629 498816 140973
168379 331064 1174710 270907 794670 774523 503563 954337 1087329 578885 910926 78701 456290 406387 386838 80647 278895 846964 407695 590727 620543 544496 968255 228016 493970 1061374 856186 933209 770466 417437 999999999 602286 133154 713346 616335 854518 564125 780054 675796 876029 799122 1016681 167459 294564 395316 309803 940647 1032075 456809 859395 836400 412288 248663 429033 762004 380818 675732 539547 354248 694864 752496 785667 578273 880744 675781 833659 661832 624285 933133 922982 616102 218160 551752 335930 656037 387276 659160 129130 944624 186494 894251 704772 639605 869084 765112 666482 968506 319052 597338 316813 389222 545615 559628 386365 843491 849539 673851 605137 818586 519580
577396 286370 580584 336220 246478 541073 502927 719520 504037 479403 460727 551963 174551 409395 435491 675043 356172 497915 443163 153626 326495 74293 715118 419544 170195 515720 262952 505359 334922 459848 602286 999999999 473679 269116 454178 321192 357823 300188 263543 292512 719419 416340 697267 429461 630848 480281 450246 473335 443250 540369 335467 274966 369653 541037 250035 239024 95604 429530 356098 412556 342772 183881 498793 283795 173773 536188 222981 438694 651119 623836 152738 497426 360728 495402 54085 218686 309409 500462 389133 416174 624993 654122 507034 363360 179105 622828 687722 336697 464235 577728 252573 104662 351597 637915 334793 499627 125285 201601 328434 370619
208653 217916 1050474 154679 677588 711654 466665 899914 966156 527615 813404 80961 338683 349546 339110 212328 148023 765497 361571 477316 495303 419834 910563 158910 380305 948629 731341 840380 670284 376026 133154 473679 999999999 581894 506091 721533 443771 648112 544961 743506 771029 886009 274449 243796 413935 222796 836651 916308 353944 784171 728010 281949 147641 412280 649569 264843 544102 430141 232237 616723 655647 656094 531719 754887 560993 761381 554729 511349 868259 854297 482978 140714 432113 312971 526974 256362 531406 105223 828636 69630 830359 677268 587512 760744 641210 637601 905184 189824 540518 329392 280897 412997 438688 409165 711057 768026 553224 472899 711432 447808
747157 473283 641330 496259 451924 808331 757279 981813 604335 743855 688006 643372 406385 649091 670250 793646 434474 752545 682613 422710 142925 329368 975289 597485 422202 670476 392013 736960 583368 700900 713346 269116 581894 999999999 273024 160600 214757 68597 40844 246111 988256 409707 848128 637383 855676 474435 658372 618762 359525 797986 555378 301372 537979 780283 481067 441342 197531 295504 370819 680332 597411 275151 762452 392295 427673 797334 485688 251611 909482 880632 128085 535981 226542 716221 255917 360482 93575 649091 553142 549301 886171 921010 774822 575352 359379 888503 944828 394806 730660 789285 469831 217557 213212 860031 135579 753965 370492 111467 555606 632150
709321 508594 914301 496809 686419 971611 841701 1159648 874169 857162 913149 537809 509104 716345 727149 694010 375023 948490 745593 590229 138149 480503 1158474 592868 545279 930052 650671 958862 788815 764607 616335 454178 506091 273024 999999999 422387 99230 325596 241169 518977 1117885 681793 777299 661486 878933 313433 895791 880091 162428 988366 784307 273057 535942 833377 701334 502410 426986 76788 278675 844545 794948 533336 871792 655676 627830 980487 672200 21855 1097232 1071683 312746 401403 101128 747026 469826 398610 180509 602283 807644 507217 1068018 1036730 902240 809381 599671 999417 1134721 334023 852871 799163 538867 355306 106140 878784 386005 950355 578014 259650 779682 744522
869220 582288 505897 616960 413111 817990 822904 973240 487146 792531 643937 788391 489833 729984 755277 933752 577227 736271 763828 459319 301404 394519 962322 713730 491234 576658 317515 694386 567691 780756 854518 321192 721533 160600 422387 999999999 374463 97273 201052 119561 1016319 266003 978574 739721 949049 632454 600239 523228 520074 784880 514704 448255 656770 861906 457784 542050 225967 453734 523685 695836 588736 222071 812740 306047 433358 790768 497710 400537 894553 863707 239262 689368 386577 811572 282096 480528 250556 777694 474046 680875 877251 960648 812579 526566 324363 932433 926844 540443 774171 891032 563741 320361 373285 955347 43130 737199 377060 252772 520999 688007
639108 418067 845907 412694 594644 872416 747841 1060437 798074 760292 818123 487344 410955 623860 636307 644019 302418 850090 653993 491340 73832 381536 1059342 512088 446401 845415 567652 863154 691636 673062 564125 357823 443771 214757 99230 374463 999999999 278324 176075 456252 1020383 620864 718155 575657 795600 282103 803348 796714 147908 889602 690594 184756 453370 744073 606611 408018 338915 82871 211573 745315 697025 451880 775337 575370 530981 881455 573936 88927 998260 972862 222976 359730 13501 660943 377155 304800 124804 532889 721248 434225 968897 940223 804420 716596 510393 903262 1035801 259565 755274 717976 444089 257203 7061 796399 344415 851981 482515 170831 685094 647245
808838 529851 595475 556852 448958 828830 799517 995497 567725 779564 685238 710818 452999 696524 719286 860181 501188 762024 730315 450857 204845 367517 987120 657006 463384 645365 372560 735142 591858 748182 780054 300188 648112 68597 325596 97273 278324 999999999 109166 200037 1016822 358371 912327 692405 908258 542765 649270 592546 424958 809034 552964 368723 598117 828500 485156 494751 214447 356791 439274 702497 608966 261144 798870 367724 443102 811105 504623 303766 920257 890454 179202 604529 290707 769100 275251 420115 153827 712504 533892 613348 899363 953907 806413 569641 356109 922957 954451 462092 764293 844563 520973 268549 277489 913292 67261 763245 385151 175419 555793 670032
714295 445417 674268 464836 464341 804611 739259 981850 633125 730400 698728 605017 386974 627667 647565 756242 397162 755818 660879 416397 106335 317345 976471 566718 406735 693359 413809 746934 588079 679419 675796 263543 544961 40844 241169 201052 176075 109166 999999999 281193 978898 445597 812954 610195 829912 433652 672784 642408 319471 800144 566628 263511 506831 757906 489169 416263 204220 257826 331050 676054 600186 296114 748452 416603 429516 797835 484728 220336 911469 883273 113081 495909 187428 690506 258658 330553 61133 614819 573545 514582 886751 908953 764032 588326 373124 875483 947420 356854 718655 761571 446398 197722 174091 833748 176314 757353 373595 81611 565370 617638
867592 576022 396269 620516 313767 732466 773164 876529 369323 731490 535999 816529 466885 694293 722206 952634 607285 638819 727459 403646 387465 365599 863700 709692 456919 457268 206018 586356 474261 742872 876029 292512 743506 246111 518977 119561 456252 200037 281193 999999999 938514 164620 984590 721863 918822 688631 487938 403816 594387 688195 410690 489128 657011 823589 364502 530330 203409 538658 570786 616130 498377 135852 752352 190537 358862 697178 423204 497452 795694 764276 271824 733481 466856 785741 241809 489974 339505 785064 357345 694024 781366 890651 743896 418832 233760 865614 826320 575697 710083 869186 545085 330512 453625 926686 162231 639500 308034 305213 419581 634763
636729 627901 945714 666325 636076 216564 304537 227577 840518 262076 499154 825745 609760 428207 432993 807379 803244 352152 410546 566405 1018202 661723 254258 612853 578133 723250 757952 471079 476437 395194 799122 719419 771029 988256 1117885 1016319 1020383 1016822 978898 938514 999999999 963750 725514 527301 431128 959860 569072 738340 1029179 311538 565019 852301 643239 370162 579565 620297 802747 1064140 885023 322386 447753 803921 250042 785741 583342 284391 518743 1109306 273902 292800 865817 902266 1016870 464973 742093 723029 1015843 685211 690829 714195 248344 94483 216504 577024 705069 133657 285711 827834 265118 490788 583561 786493 1013323 444669 1040708 353209 639260 906136 547705 373413
990733 701623 241054 752545 331372 748691 846589 863339 242364 790284 503613 961993 582539 787483 817522 1090731 756440 631869 818859 488153 551754 482416 846014 833646 562076 360731 210828 550818 487374 832053 1016681 416340 886009 409707 681793 266003 620864 358371 445597 164620 963750 999999999 1112609 833055 1012800 848264 441645 310157 758488 681038 401501 645113 785632 910143 389434 652996 342946 703224 728120 648668 516578 232742 811427 181144 420845 697142 478240 660126 779271 747334 430329 888101 631473 887304 362258 629711 503273 916760 299068 831434 772869 930678 790342 396466 288946 911478 804617 727929 765008 973178 661087 477179 618245 1022280 307938 631888 385342 467645 417169 708303
127857 411058 1246150 364268 854622 746268 458709 908832 1151485 545943 930552 244455 531822 399224 371185 110982 420164 842743 386599 650442 769115 630381 926726 279543 559633 1106506 933834 944390 798872 388863 167459 697267 274449 848128 777299 978574 718155 912327 812954 984590 725514 1112609 999999999 303118 295648 475785 971002 1084210 620227 845503 877575 552885 327897 367795 813207 459685 781214 700715 506584 691776 775924 879939 539251 960893 734606 816366 706619 783809 902318 897783 739734 384151 706404 299369 751115 498592 803672 200915 998803 298980 863204 634343 603641 909302 842086 599643 934608 462883 570379 239713 454866 660133 713114 282959 972638 845304 745290 737240 857928 519056
175550 164944 948773 164964 555258 480393 222871 663154 851761 287784 630947 303528 254978 111969 96006 332314 298414 555136 118286 354100 602033 356406 675838 85877 271004 803429 642498 648211 496570 132234 294564 429461 243796 637383 661486 739721 575657 692405 610195 721863 527301 833055 303118 999999999 221554 442099 668809 781806 537937 565481 574478 390940 128701 178019 511550 198146 522210 593749 392358 402610 474576 603637 289889 670831 436188 539308 404285 659574 638906 628428 513245 376664 567682 85540 480501 281803 621179 167476 696984 188937 600129 433715 348444 606185 551883 393992 674577 333181 304097 152159 177196 424094 569036 224163 743550 557717 453510 528667 554811 226655
227082 385904 1094656 382981 705354 481831 202259 625359 991380 291823 713802 442692 459219 225702 196735 386066 508018 600088 193944 524757 823538 556561 645619 286717 462195 918021 809775 715808 603546 181489 395316 630848 413935 855676 878933 949049 795600 908258 829912 918822 431128 1012800 295648 221554 999999999 633807 767123 907551 747022 591640 695688 610905 343037 110793 652810 414339 726093 808978 604525 461045 575123 792147 278309 839550 595565 560113 547035 878148 630014 630598 729799 554600 787172 139465 677935 503138 842506 310199 829823 382146 591757 341891 339972 723735 724305 309597 659021 546429 320973 84550 387369 639882 789081 14524 956299 602500 627514 748301 674638 317407
430528 340761 1048999 294036 721317 865847 658081 1059162 981044 703150 904636 231507 418271 531788 530111 384328 161802 889967 552065 549932 350825 456857 1065501 358097 465020 994620 739093 940654 762377 569149 309803 480281 222796 474435 313433 632454 282103 542765 433652 688631 959860 848264 475785 442099 633807 999999999 911501 953431 151041 918123 796144 207921 317650 619193 710476 366407 515892 237720 124497 753535 756014 638926 711681 756044 621084 900657 637789 324550 1014762 995804 417951 91689 268652 521514 524302 290050 398148 327909 868416 255166 979279 868719 759382 827364 659236 829017 1052842 154311 709517 549427 398528 385430 279612 629934 609963 892316 592786 384836 783843 604966
844134 618810 376824 682065 209529 357195 567084 428624 272587 483272 70246 916809 504255 575189 605449 994483 763899 216932 594755 365064 760613 455586 408827 714794 459132 158166 282863 110632 172241 598894 940647 450246 836651 658372 895791 600239 803348 649270 672784 487938 569072 441645 971002 668809 767123 911501 999999999 169554 892658 260385 115891 716763 694334 656525 202352 573613 470847 878405 791731 310225 195819 388127 501394 297920 290501 284964 282199 878208 344248 312842 583103 906854 807695 681967 426287 623326 730581 814380 142584 767660 344842 564130 454082 86946 299676 558357 365972 758414 453263 762864 555883 554895 797563 780254 638715 215925 325909 636192 127867 458518
956356 701527 207375 763440 238856 525173 712793 592785 103488 634521 239786 997248 577754 700541 731813 1093682 820912 386325 724581 441367 741942 504042 571235 814220 538162 53470 229454 275638 305085 731685 1032075 473335 916308 618762 880091 523228 796714 592546 642408 403816 738340 310157 1084210 781806 907551 953431 169554 999999999 907674 429843 212045 748076 783531 796978 271626 652498 458990 877305 829400 464628 334880 346833 653938 226482 356317 454454 377606 860351 509065 478360 574701 964683 803647 808560 433045 678364 703305 911410 87672 850059 512650 730155 612343 184108 295328 721958 527293 806843 604991 892965 643113 572825 791915 919893 565444 385374 366101 625966 233016 591255
561369 402317 976011 374850 689444 907105 737599 1099844 920031 767357 897517 378109 439310 609572 614899 533355 239928 907509 635297 550103 221588 443803 1102440 461186 482689 953554 682349 938828 761603 653772 456809 443250 353944 359525 162428 520074 147908 424958 319471 594387 1029179 758488 620227 537937 747022 151041 892658 907674 999999999 941961 777157 186142 409278 715007 690863 410359 450832 87485 146461 785443 761379 571472 779286 694186 606748 929120 637938 174295 1045903 1023419 338515 240016 134893 622345 475894 311433 272299 454948 827266 366270 1013210 942421 818506 805992 613817 903575 1084068 205673 768135 664456 446719 338916 147855 745198 491551 909648 566751 293128 768361 659535
727688 583170 636840 640914 374460 115800 393246 188519 532971 302766 190155 857347 504941 454912 478677 895555 757274 49667 460740 398330 866097 508207 178120 635134 459931 412072 488924 159570 217706 456831 859395 540369 784171 797986 988366 784880 889602 809034 800144 688195 311538 681038 845503 565481 591640 918123 260385 429843 941961 999999999 282051 755855 636994 488654 327120 551903 600624 951874 814052 167604 200626 562934 313848 513019 370723 32451 317604 974724 111501 83505 692583 887629 890086 546382 542365 635778 849366 730750 391523 715863 93284 321529 251774 284613 460518 325636 147389 766499 276100 612532 521402 633424 882894 605985 816878 49340 427507 741924 269890 339976
749848 510224 404830 573371 104053 348737 502381 468567 298940 427159 132694 808637 392327 489386 520547 893683 649956 232419 512813 252440 650520 339847 454212 613271 348275 228973 207648 182228 96785 519692 836400 335467 728010 555378 784307 514704 690594 552964 566628 410690 565019 401501 877575 574478 695688 796144 115891 212045 777157 282051 999999999 600871 588395 585219 86478 463587 362802 764529 676007 262974 127806 294541 447227 231015 175080 296095 174574 767247 386281 354584 472298 793363 694497 597399 314569 508699 622907 712121 136846 659644 375076 540884 411299 32751 197090 527173 415921 643397 398245 681359 448447 439991 684667 707955 550244 232720 210583 525231 21103 379210
462593 235539 841342 228149 519602 722177 569684 914484 773294 590334 716964 342097 253693 443602 454094 492757 133931 721737 472580 365879 219654 262420 916677 328483 296600 790666 531422 756743 578665 491582 412288 274966 281949 301372 273057 448255 184756 368723 263511 489128 852301 645113 552885 390940 610905 207921 716763 748076 186142 755855 600871 999999999 269204 560674 514428 232390 308575 212302 83953 599631 577031 431367 603751 548133 427465 743001 454224 269389 859820 837276 217570 244453 176817 476286 316940 129316 250902 358705 664096 258099 827289 768349 638837 630963 453034 730327 897976 93434 588720 533774 269166 177572 178191 611841 433427 723898 392711 195653 590487 479776
212510 85017 930257 42202 546573 567438 340495 757690 840597 390367 668191 224594 210147 215153 212489 312402 169730 617870 234415 342164 485917 304608 767160 60230 245666 812752 613400 693878 525872 251575 248663 369653 147641 537979 535942 656770 453370 598117 506831 657011 643239 785632 327897 128701 343037 317650 694334 783531 409278 636994 588395 269204 999999999 306370 513347 135095 453603 466692 263971 469444 509971 552893 397046 639219 427315 614678 413955 535153 722892 708088 420679 261204 444584 213238 423621 178004 510115 132030 696147 78876 685359 551442 448795 621122 521682 511688 760121 204967 400232 264622 140560 336449 446967 343259 654675 620397 427898 426788 570917 302790
267576 326065 985223 340416 597667 382795 95439 541140 881529 186077 603901 459317 375515 132179 110407 439698 476036 493816 98298 423801 763445 467388 558940 261140 370844 807228 704757 607303 492793 81194 429033 541037 412280 780283 833377 861906 744073 828500 757906 823589 370162 910143 367795 178019 110793 619193 656525 796978 715007 488654 585219 560674 306370 999999999 544206 343622 636628 767884 568924 351676 464331 693905 175394 734706 490565 457842 439536 830036 536256 533736 652596 550009 737068 99310 585126 441733 776900 318794 719744 364507 497325 275943 239359 613082 621200 238190 567649 509622 214087 128181 311659 562743 737260 123732 872426 496277 525881 676792 564151 207970
685403 432751 442715 495434 58099 369121 469345 515457 341833 404552 211847 730464 311589 436448 467867 822389 566003 278732 463206 172260 569019 253796 504801 542664 269369 299506 179621 258512 110200 472600 762004 250035 649569 481067 701334 457784 606611 485156 489169 364502 579565 389434 813207 511550 652810 710476 202352 271626 690863 327120 86478 514428 513347 544206 999999999 384741 285045 679519 589886 260043 134063 235980 425541 208573 90320 333603 108063 684753 437211 406708 390675 709770 610118 543755 232951 424097 543746 640167 185597 582070 419505 541623 401086 116919 133466 522051 470337 558192 377954 629511 372788 354290 600566 664147 489952 279745 124787 443250 78496 336338
338446 50170 795376 110951 414303 502069 339826 695668 706611 358228 554664 345723 75503 217286 233399 447181 205392 525086 248913 212482 420957 170701 700719 180775 115484 683939 478306 585512 410737 267911 380818 239024 264843 441342 502410 542050 408018 494751 416263 530330 620297 652996 459685 198146 414339 366407 573613 652498 410359 551903 463587 232390 135095 343622 384741 999999999 328009 444658 269850 387190 399354 420435 371385 504171 296499 534259 291435 496193 648663 629412 315802 340287 402663 274895 292344 103851 433282 267049 564874 197610 613589 535962 408201 496285 386596 498006 686799 217110 357860 350167 36781 226226 401021 418857 545404 527485 293338 334728 447428 249178
