NAME : synthetic_000346
TYPE : CTSP-D
DIMENSION : 100
GROUPS : 8
RELAXATION_LEVEL : 1
EDGE_WEIGHT_TYPE : EXPLICIT
EDGE_WEIGHT_FORMAT : FULL_MATRIX
EDGE_WEIGHT_SECTION
999999999 715624 761196 426236 630237 169220 575299 470600 317549 522902 501992 639569 533820 670183 726855 228556 567419 473747 373695 187658 728400 635855 580234 594453 317602 954541 114778 193622 640314 281568 986320 823671 198620 264778 327710 443215 562874 572997 490146 558491 520044 306464 86890 314355 566361 360347 835646 644898 685069 678378 482875 467997 480752 198031 466757 583061 392402 367586 293284 191753 164991 262501 643924 391103 733031 697591 408543 275213 417327 621403 224240 303665 635078 604461 352221 448594 226623 822853 737051 236570 531223 275600 601393 596504 208558 553718 524951 269995 317506 659325 469238 556972 690476 493038 615607 529037 594812 227575 375014 770498
715624 999999999 563757 423715 215971 854263 241862 294741 596381 517439 215969 305317 893610 45537 128088 940978 605132 323761 952412 726212 996461 513658 853893 411821 990969 433126 634227 616103 875750 537136 454129 194640 537919 920628 1043197 560454 607092 533373 747244 424359 364886 703922 698133 1009736 335448 356023 296400 681429 352103 778318 919836 346606 853394 859630 268355 965066 323328 930291 494604 848627 841222 903772 531309 946201 663650 681258 311573 890837 324021 662000 492671 1018223 203084 427141 537994 267069 880684 524786 629866 925729 560963 461302 939150 922427 804303 342745 191811 974344 1017059 239646 247785 510576 347128 812757 964492 560652 239096 720229 1089083 434010
761196 563757 999999999 786367 357222 929644 710469 414005 875479 930776 510878 265829 541610 548573 443728 909594 225515 377089 748331 894505 540926 982736 458586 201369 871952 347490 762329 807679 442519 793074 372052 449444 581862 804573 1026232 921910 231087 190514 410211 224168 794744 952738 687495 919743 796475 550056 347420 217715 211873 299086 613788 736493 533008 775430 462250 597637 561946 721720 753596 764848 780868 779352 117764 724016 130233 175324 513891 747684 646013 219217 639961 982757 368706 184355 409296 540175 779279 99313 89739 992904 239839 530004 550234 532114 951156 795477 553995 911635 1061054 325732 519599 942865 216634 476823 573426 241896 722052 915771 1080762 147720
426236 423715 786367 999999999 479761 506648 196654 372483 182460 148274 292582 547825 843903 387979 504557 644339 693826 409686 774663 347933 1010404 234718 849459 585223 743558 811863 313364 252356 896192 153977 839109 600478 353068 686805 720547 144530 692222 651178 735207 567454 97637 289995 459893 738913 147175 245629 669754 787708 610608 863662 827364 77310 791013 619004 325918 909732 225578 761408 132953 610863 588624 680213 695574 783397 828823 818563 273195 684355 141306 762060 249652 710579 475223 602604 498887 249428 646654 798744 811328 571062 641930 328848 907331 895778 424207 133756 268394 691934 663083 520459 273436 169234 611213 775440 928621 640285 210317 327767 755518 714689
630237 215971 357222 479761 999999999 789933 362781 159800 614598 611172 187423 91919 697720 193411 125896 838915 392795 161804 794340 696078 786091 644256 649346 196229 860582 343016 578565 589735 666416 538301 373010 202937 433067 788142 950583 623884 395180 319603 548269 211878 462849 712204 588780 889803 454831 295105 209362 466071 148184 563340 734413 414987 662367 734705 176459 768239 283664 770021 493675 723228 723582 767746 315471 782806 449199 465377 243528 748195 342206 447265 430768 917867 12985 211245 367510 237380 751062 336860 416761 861349 351616 354705 737793 720436 768574 456252 216564 862448 946950 40757 210875 616372 145537 616979 763334 351568 371778 702802 1001273 246410
169220 854263 929644 506648 789933 999999999 683709 630296 348652 563669 647030 805107 652912 809562 879223 175699 731496 637234 436639 167125 849910 677930 713368 763416 317252 1119809 220056 255236 775124 352854 1151461 977922 364293 299640 217046 473722 726751 740740 635889 727599 604281 283185 244742 282637 653741 506971 997553 805043 852350 830304 586762 565535 603514 254235 620492 690501 533801 440759 382646 255934 222003 311897 812164 463198 897032 859419 557990 340700 538292 782438 365650 217853 793782 773587 520370 590860 277715 992069 902917 71965 697545 437959 718367 716802 115177 640356 662569 230962 162935 821038 614111 599047 857550 626559 728371 695362 701696 202658 248883 939190
575299 241862 710469 196654 362781 683709 999999999 320849 378609 275608 206460 448339 896318 215281 345784 802759 675575 362702 883641 534395 1037976 284047 881140 520243 882757 661581 472589 429936 917814 336750 685666 432114 443103 818729 890757 322625 675548 616811 766182 514878 123483 486514 585734 888103 96273 268056 519618 765721 509346 854205 898951 122501 847589 752146 270202 966572 229428 866021 301643 742457 726305 807359 642345 885845 781108 783394 256857 803884 162321 741869 359756 874660 354048 538109 527886 204103 777602 699466 755418 751773 624205 386120 953335 939091 612440 101747 158421 845202 844519 401616 211315 270151 507525 819825 977041 623080 20265 519115 930309 609189
470600 294741 414005 372483 159800 630296 320849 999999999 478228 516964 116041 189715 605756 253418 263652 681866 354978 41904 660269 541577 727495 574716 575813 213280 711736 495288 420650 437967 606215 397938 526299 355901 274176 639827 792360 510044 355117 296579 464035 199378 385606 568860 431929 737356 394588 147330 367604 444889 248964 533854 626607 324244 562780 583191 51344 677357 149966 637482 354790 571816 569669 620877 328798 652701 466114 464286 102286 604464 232032 421029 274112 760758 164509 230896 243602 127940 601390 430158 444307 701635 303977 195296 655857 640033 612233 391341 166176 707624 787160 191426 111516 530110 251451 525633 680733 302942 336851 551369 842572 351298
317549 596381 875479 182460 614598 348652 378609 478228 999999999 215720 431853 666873 815869 557250 662556 506571 740319 506636 690314 181844 999909 330447 841461 677095 625697 956426 208063 124781 895682 82441 985509 761676 338509 580147 565685 128325 737457 714171 734136 651322 274090 108282 379751 609241 323551 331391 817377 831983 727129 893218 780659 256862 761469 514677 442390 874405 332472 682556 123511 508991 480548 579628 771087 705881 893128 872704 377342 592562 280599 806136 245761 563518 612884 692859 521201 377744 543356 905615 883209 405926 691625 356328 882843 874413 251614 310215 422412 558901 495361 653831 404520 251079 729398 758911 900900 689661 392734 152600 594492 829390
522902 517439 930776 148274 611172 563669 275608 516964 215720 999999999 427481 685479 980922 489699 617062 721797 842045 555368 888874 396547 1152485 114794 991546 730231 837191 931302 408624 330923 1039947 243598 956732 706789 488107 787668 780494 91401 840409 799223 878221 713888 153943 295851 572730 823504 184160 393886 788625 935932 748428 1011264 958266 196857 927314 720814 468665 1044861 372654 878305 247608 714086 687839 784762 842513 901088 976509 966764 419724 793970 285045 910266 383495 779202 605093 747796 644396 390917 749317 938347 958351 618284 790177 473037 1045627 1034863 461671 175290 394830 773605 705472 651834 412927 35386 748370 915204 1066101 788526 279488 363591 807418 852132
501992 215969 510878 292582 187423 647030 206460 116041 431853 427481 999999999 258064 713901 170538 237046 725832 470735 157403 743688 532135 842085 471903 688754 315835 775585 525320 427797 422490 720977 359116 554003 337384 322022 705645 829670 436515 470974 410518 575637 308655 284620 533130 482165 793774 286244 141682 385548 559915 320995 649695 728309 230627 668683 644027 68345 785295 113732 722647 314291 633085 625285 689363 436765 739802 575363 576937 95612 677790 155114 536358 281788 803447 183628 333763 345832 57478 665472 511296 550747 718941 419929 246110 766493 751142 608257 284726 50170 758505 808919 228026 32956 435611 320890 634720 791051 418917 221647 533009 876626 424652
639569 305317 265829 547825 91919 805107 448339 189715 666873 685479 258064 999999999 635577 285083 199262 834860 315856 170099 758909 728172 708847 726378 579435 115346 840866 314972 603525 626508 591034 587214 346760 247963 441228 768440 949522 689930 318938 241148 485286 141077 541434 758565 587134 875453 537767 336909 206435 381989 62954 479834 680506 488655 604864 720390 225769 704580 335326 733536 543685 708897 713578 746359 227157 744054 358384 376942 289538 723226 407038 364951 460194 913396 103994 127347 336651 298873 733725 253501 325238 875132 280460 367879 670282 652462 796662 538082 295595 852852 956724 67766 274390 693463 63457 555955 695809 280817 458719 739780 1001886 166913
533820 893610 541610 843903 697720 652912 896318 605756 815869 980922 713901 635577 999999999 855822 823400 538591 335330 571463 271426 721113 197027 1078596 93754 523631 432805 873599 616036 697089 146407 750313 901926 883535 492824 390969 635520 923337 330600 405407 150297 494500 909730 834071 450523 492701 940226 630955 822822 325849 633062 273883 89258 842375 54403 406753 646160 71611 668060 250339 735074 401907 434044 367883 457249 238725 431173 378629 640491 331432 749944 322433 597455 586678 709810 516774 369530 695165 391135 639655 463100 687203 357467 520403 67711 63891 735068 931655 762027 511136 715469 696910 695253 1008945 641138 80953 85346 356758 915544 759893 685392 650748
670183 45537 548573 387979 193411 809562 215281 253418 557250 489699 170538 285083 855822 999999999 133181 895447 574704 284583 908861 683186 963834 494813 818834 385836 945809 448085 589506 572956 842749 495818 471261 217096 492544 875589 997789 527412 576363 504401 710660 395117 335945 664261 652678 964310 311095 310493 307455 653943 336995 750003 879773 311542 814568 814389 224426 927382 277968 886964 452781 803407 795822 858891 507565 903145 642444 657067 266150 846295 281922 633605 447400 972712 181100 401953 497020 221599 835573 517207 610168 881112 528979 416144 902819 886332 761094 317026 146997 928828 972289 222902 202264 485423 332860 775130 928052 528540 215903 678166 1043790 425699
726855 128088 443728 504557 125896 879223 345784 263652 662556 617062 237046 199262 823400 133181 999999999 943599 513489 277604 916034 769109 907061 627463 773478 313566 975008 315823 661777 659535 788356 593596 340061 100350 534749 902925 1052280 647541 516260 439191 673755 334136 463211 766619 694335 1000992 442042 372654 174404 581196 235014 679064 860175 430797 788262 846820 260105 893782 349899 892139 549017 835435 833172 883517 425087 905607 551223 574017 321254 865811 381959 564178 513896 1022313 114285 326474 490114 294499 864780 398507 515337 951171 474748 455333 862640 845160 844958 447103 240252 970782 1039679 131761 268849 615025 228990 742718 888194 474838 348012 769854 1101351 308583
228556 940978 909594 644339 838915 175699 802759 681866 506571 721797 725832 834860 538591 895447 943599 999999999 693065 677990 288343 331763 731300 836581 613374 770629 145644 1146804 332616 395466 675072 492650 1178726 1037747 408878 150471 116979 634566 687758 719740 558675 732868 740594 454680 250143 107040 788370 584955 1037906 751492 872533 756588 460482 692506 496019 140214 685056 562679 618704 299525 512734 149051 128761 171364 792887 319166 853414 809303 630952 207293 645768 732187 452190 78953 845226 777197 512490 674111 148694 985096 866963 168599 669899 488279 598972 601058 290644 775386 751512 55277 176904 864002 693456 757018 878867 531300 604297 667815 822076 371339 171330 946642
567419 605132 225515 693826 392795 731496 675575 354978 740319 842045 470735 315856 335330 574704 513489 693065 999999999 313347 523136 722252 393625 916101 267188 200512 647615 539415 591153 650847 275180 659664 568366 560020 412874 581315 808758 812510 5573 74804 191515 181086 728985 800300 486759 696732 744677 448661 489909 93891 302293 179008 397596 663130 316912 556076 405373 399703 474459 496504 627048 545899 564566 555889 123417 499424 165648 133761 431422 523449 565330 68269 494645 763942 405705 189664 224665 475975 557861 316422 174056 790157 52244 384374 359983 341767 768989 739933 520656 691246 851712 382081 464670 861527 310318 261974 385196 53731 691804 749776 863293 316162
473747 323761 377089 409686 161804 637234 362702 41904 506636 555368 157403 170099 571463 284583 277604 677990 313347 999999999 639176 558352 688407 615451 538225 175732 699352 483021 433461 457910 567031 425239 514538 363973 275232 627000 790493 545026 313571 254708 427682 159021 426357 593513 428015 728022 436213 175745 362106 403020 224787 492293 596126 364147 530007 572970 93136 643057 184857 615646 383212 561500 561820 606982 288355 629836 425090 422540 136806 588468 270369 379216 290515 756929 169419 192975 215953 168628 589599 399055 404090 707850 262560 199276 619837 603710 626563 432792 207405 700766 791241 186385 153267 569453 228361 490913 644894 261570 378603 570903 841733 324193
373695 952412 748331 774663 794340 436639 883641 660269 690314 888874 743688 758909 271426 908861 916034 288343 523136 639176 999999999 550215 452545 998846 359256 664747 163518 1044716 483152 565626 417003 645297 1075546 995986 440541 139492 371071 813863 517581 574391 344826 628318 859564 675198 316443 224077 900301 622256 963553 552191 777501 527890 184277 798074 242587 186053 684456 280468 661551 26645 646258 187948 221161 124743 642371 33151 660914 610445 652303 99877 722317 539625 531689 322720 804154 664761 426890 706085 159804 838827 684812 452359 520304 503389 323014 328715 539251 889086 783672 250243 461888 807066 716308 921656 785120 292326 323991 518675 903902 592209 418285 825365
187658 726212 894505 347933 696078 167125 534395 541577 181844 396547 532135 728172 721113 683186 769109 331763 722252 558352 550215 999999999 914947 510823 764500 709254 461176 1036670 132405 110305 823645 197688 1067491 869393 313487 425733 384010 306685 718301 714403 669312 677072 444873 126418 271189 437298 494719 401428 905301 806712 782427 850522 670182 412990 667787 365566 520090 770688 419472 547516 234844 362488 330195 430357 780759 571043 885487 855535 453515 450339 402660 781951 267998 383665 697576 722332 498210 474657 393536 942754 883809 225006 679958 368286 788750 783527 78557 481257 538029 385866 315928 731488 500299 431924 786399 677736 803201 677810 551131 42103 412906 878086
728400 996461 540926 1010404 786091 849910 1037976 727495 999909 1152485 842085 708847 197027 963834 907061 731300 393625 688407 452545 914947 999999999 1244219 160979 593693 616046 888384 805245 884468 121405 930270 912806 949568 667562 581780 823013 1101336 391015 467903 275621 574214 1067335 1025025 643773 676618 1092818 782060 868786 335438 689020 242627 271102 999481 248125 602426 773906 172566 816219 435397 910796 598028 630530 559941 494054 419475 412032 365974 781871 524206 903408 347107 770900 774381 798954 581753 515506 833881 585459 638693 451701 883236 435527 681737 132543 133158 931363 1085582 892004 700146 908056 775522 828969 1178412 696795 241034 128572 435815 1056108 952951 870824 676413
635855 513658 982736 234718 644256 677930 284047 574716 330447 114794 471903 726378 1078596 494813 627463 836581 916101 615451 998846 510823 1244219 999999999 1083368 785778 951149 942897 521231 444912 1129072 354940 965821 708115 587112 900579 894561 204353 915003 867055 968747 774094 189113 406116 682403 938130 189494 469442 801838 1009479 788552 1089852 1060727 253092 1025636 833448 523977 1144227 441646 987387 353429 826446 800843 896992 903514 1009922 1040517 1035621 485484 905074 350772 984254 482983 893828 636253 803663 730800 446864 861849 979427 1018939 731421 863864 562503 1142039 1130433 574429 188315 430830 888318 817593 683858 464651 79590 787364 1010037 1163336 862375 279615 477021 920582 890178
580234 853893 458586 849459 649346 713368 881140 575813 841461 991546 688754 579435 93754 818834 773478 613374 267188 538225 359256 764500 160979 1083368 999999999 464760 517394 797435 650228 727928 62067 770621 824768 825894 507331 469765 715503 941083 263210 341057 115483 439754 907213 870778 494054 576336 933551 622552 756789 240927 569440 180748 181754 839365 118748 476825 620410 139132 657348 336423 750339 470528 500663 445454 383955 327328 342668 290330 624429 408580 743731 241548 610301 666775 661911 455546 355839 677313 464693 557593 376581 753709 299170 520865 93385 75041 786675 926063 738270 590580 789319 643767 673821 1017433 577474 87363 118229 298942 899605 801247 766769 576356
594453 411821 201369 585223 196229 763416 520243 213280 677095 730231 315835 115346 523631 385836 313566 770629 200512 175732 664747 709254 593693 785778 464760 999999999 760348 382719 578758 616383 475692 594904 414216 361261 402730 688798 887166 720584 203599 125844 373663 37961 596979 758325 530657 799905 601955 349281 302907 269847 113304 367221 572955 537062 495551 646952 262572 591759 360584 638717 554429 635637 644823 665344 123638 647228 262004 271612 312537 639034 445238 251382 447298 847742 209207 17930 258779 340478 656958 233530 235181 830673 166600 341015 556134 538203 771179 599987 361923 782465 906499 181875 321196 743204 121148 444936 581620 167145 533606 727069 940831 176842
317602 990969 871952 743558 860582 317252 882757 711736 625697 837191 775585 840866 432805 945809 975008 145644 647615 699352 163518 461176 616046 951149 517394 760348 999999999 1142899 431954 506289 576825 598471 1174491 1063273 454247 72544 208834 753771 642072 687950 486112 722549 836387 587038 298208 60584 881762 640542 1047234 690656 869425 678338 347185 781769 398896 132040 725147 443839 677834 182527 610664 142684 156615 95006 759596 196633 797656 749415 680220 124270 721157 674912 523179 161332 868710 763658 505009 729444 110518 956388 817240 313866 634828 529672 486357 491571 430259 869374 808469 95507 306341 879945 744908 871807 876502 443667 487481 632937 902749 502523 254847 930866
954541 433126 347490 811863 343016 1119809 661581 495288 956426 931302 525320 314972 873599 448085 315823 1146804 539415 483021 1044716 1036670 888384 942897 797435 382719 1142899 999999999 915312 931677 787432 881059 31928 241501 756164 1071174 1262282 956226 544443 475116 730610 420405 777830 1055094 900792 1181452 757849 637278 142704 559984 274657 646227 936448 741078 856058 1027551 519082 934934 626622 1018403 836348 1016145 1023325 1047894 416472 1025451 477172 522521 586160 1021753 679836 556096 769398 1224904 343766 380671 639293 578688 1038663 251197 436998 1190006 528256 682081 890522 872202 1107462 762767 543476 1162024 1271652 305661 551906 930397 268084 801380 914634 529618 663701 1044969 1315102 223289
114778 634227 762329 313364 578565 220056 472589 420650 208063 408624 427797 603525 616036 589506 661777 332616 591153 433461 483152 132405 805245 521231 650228 578758 431954 915312 999999999 83568 707468 166791 946538 761183 181084 379354 418503 330808 587318 582043 549319 545937 408603 220704 172071 425548 455960 289158 787697 676884 655754 724483 575419 360035 561782 312258 405308 671516 314253 474740 180742 305462 279673 376151 648379 498008 753738 724693 340907 386427 320789 651871 148410 402431 581316 591429 366690 371253 340720 812050 751569 291686 548123 238655 683589 676494 193490 443055 442515 378851 382842 612003 394962 442497 660103 564978 700274 545984 491493 158934 459875 749433
193622 616103 807679 252356 589735 255236 429936 437967 124781 330923 422490 626508 697089 572956 659535 395466 650847 457910 565626 110305 884468 444912 727928 616383 506289 931677 83568 999999999 784033 98464 962202 759866 238482 457660 468191 249612 647410 634300 624155 586248 349903 149570 255619 494336 399072 294634 798508 739548 682695 793054 658387 310551 642732 391459 413315 753723 310436 557775 128301 385367 357826 456105 697068 581103 810092 784557 346348 468135 292932 714071 169174 459086 590664 630515 426817 365040 420101 849480 804648 321996 605071 277684 764473 756865 188202 385746 427725 445405 414693 626052 390912 365523 686212 643641 781680 602992 447481 113410 503780 780772
640314 875750 442519 896192 666416 775124 917814 606215 895682 1039947 720977 591034 146407 842749 788356 675072 275180 567031 417003 823645 121405 1129072 62067 475692 576825 787432 707468 784033 999999999 823294 813435 834146 559366 530757 776424 992360 272190 349915 162314 454678 950131 928167 553853 636160 974377 664208 757838 227705 574498 147700 235605 882321 179520 538807 652860 171463 697609 394998 801293 532561 562730 506641 382134 384575 318931 268416 662217 469789 785635 234971 661040 727646 679224 464536 398542 713724 526424 541743 356080 815760 315120 567411 117962 102545 847317 967446 770948 651546 851163 657150 708288 1064890 582397 148631 136728 315318 935789 859885 827376 570133
281568 537136 793074 153977 538301 352854 336750 397938 82441 243598 359116 587214 750313 495818 593596 492650 659664 425239 645297 197688 930270 354940 770621 594904 598471 881059 166791 98464 823294 999999999 910603 693550 263989 545963 566611 173596 656922 632198 661159 568926 251587 174206 329326 589749 300919 250682 743455 751796 646884 815128 720911 215366 696075 478661 364110 811351 254785 634960 44847 471546 446389 542060 688714 657835 811319 791619 298116 550491 214231 725908 166243 557348 537309 610589 442466 303317 507002 823991 801015 418142 610536 275310 816559 807210 275704 287554 355194 541615 510528 576917 330112 276743 649370 689837 835633 608594 353446 184368 601669 748646
986320 454129 372052 839109 373010 1151461 685666 526299 985509 956732 554003 346760 901926 471261 340061 1178726 568366 514538 1075546 1067491 912806 965821 824768 414216 1174491 31928 946538 962202 813435 910603 999999999 260493 787907 1102810 1294210 983317 573451 504993 759749 451954 803028 1084719 932711 1213202 781862 667682 169366 586361 306523 671130 965716 767665 885200 1059360 549310 962636 656404 1049201 865847 1047957 1055208 1079485 445168 1056059 500979 547364 616403 1053219 708155 583255 800402 1256818 373344 411901 671059 607864 1070392 274310 461110 1221711 558336 713668 917693 899395 1138528 787117 570851 1193885 1303471 336163 581057 955085 299978 830323 941644 559731 687147 1075440 1347030 252616
823671 194640 449444 600478 202937 977922 432114 355901 761676 706789 337384 247963 883535 217096 100350 1037747 560020 363973 995986 869393 949568 708115 825894 361261 1063273 241501 761183 759866 834146 693550 260493 999999999 629517 990877 1147737 742206 563548 485363 733247 389037 552990 866263 787827 1091641 527473 472039 117503 616356 260760 713536 927380 525435 852461 936769 357664 952422 450073 971378 649043 925314 924716 970611 456929 983530 569379 599894 420334 951122 481217 602630 613051 1116623 194567 370511 569171 394827 953572 384473 530635 1049828 527701 550213 917394 899462 945124 533828 339299 1063136 1137795 190011 369099 702222 253114 803895 942880 528160 431549 870192 1197427 303235
198620 537919 581862 353068 433067 364293 443103 274176 338509 488107 322022 441228 492824 492544 534749 408878 412874 275232 440541 313487 667562 587112 507331 402730 454247 756164 181084 238482 559366 263989 787907 629517 999999999 385325 518266 433786 409315 401013 397183 368423 427350 388048 160813 471906 464381 186801 637281 501077 488129 556256 474473 362597 439308 322375 276540 557352 224969 423211 243383 311574 303322 370618 467406 443448 573831 546636 226431 363110 282001 475625 104637 487565 438502 414318 188443 275261 344685 634781 570733 433943 368254 79417 557628 547163 369846 453998 354303 437960 516115 461147 290882 516268 493276 428182 577994 366139 463365 338019 568403 576756
264778 920628 804573 686805 788142 299640 818729 639827 580147 787668 705645 768440 390969 875589 902925 150471 581315 627000 139492 425733 581780 900579 469765 688798 72544 1071174 379354 457660 530757 545963 1102810 990877 385325 999999999 245742 707087 575805 619021 427207 650946 777727 552083 233006 115458 821996 572056 974782 628711 797450 622689 310705 721054 351249 67806 654122 412398 609823 149111 554524 76529 99857 25712 691125 169234 734526 687374 610515 61784 656614 611829 459054 197051 796323 692420 432807 660527 41134 887498 752519 312867 566313 459545 449752 452606 406242 809882 739568 120815 326511 807405 675310 821747 804486 391120 454319 564380 838837 467777 297466 860105
327710 1043197 1026232 720547 950583 217046 890757 792360 565685 780494 829670 949522 635520 997789 1052280 116979 808758 790493 371071 384010 823013 894561 715503 887166 208834 1262282 418503 468191 776424 566611 1294210 1147737 518266 245742 999999999 690236 803412 836529 668714 849455 818075 495100 362813 149015 867123 688047 1151537 865001 988295 865847 552574 775670 596945 253240 792605 651408 719884 387676 592940 263055 245416 270302 909667 403906 968033 923129 735896 307154 738508 846295 550931 48843 956439 893914 629271 776236 256097 1102066 982456 168306 786459 597525 692133 696165 323380 853835 852182 124933 112240 976820 796937 815858 994536 636358 694620 784385 909441 417985 54560 1063341
443215 560454 921910 144530 623884 473722 322625 510044 128325 91401 436515 689930 923337 527412 647541 634566 812510 545026 813863 306685 1101336 204353 941083 720584 753771 956226 330808 249612 992360 173596 983317 742206 433786 707087 690236 999999999 810327 776586 830046 700044 200971 204706 499812 737531 243908 373113 813995 906025 752463 975486 894465 216850 869178 641057 465816 984820 360400 804857 191109 634967 607305 705711 826098 827977 955823 941368 408467 717175 283040 880128 331350 690103 619553 737570 603702 391063 669706 939129 941130 527262 761622 432209 989320 979646 370466 232153 412825 687112 614140 664531 415963 126352 753386 861549 1008680 759821 331410 272710 716425 856507
562874 607092 231087 692222 395180 726751 675548 355117 737457 840409 470974 318938 330600 576363 516260 687758 5573 313571 517581 718301 391015 915003 263210 203599 642072 544443 587318 647410 272190 656922 573451 563548 409315 575805 803412 810327 999999999 78188 186353 183350 728076 796896 482025 691227 744122 447213 494153 95744 306231 178737 392421 662093 311778 550693 405362 395243 473361 490949 624542 540531 559282 550374 128627 493896 170305 137412 430587 517911 564238 69919 491739 758559 408072 193082 220993 475540 552411 321919 179289 785258 51511 381676 355868 337677 764718 739284 520948 685819 846605 384964 464523 860076 314267 256937 381122 52822 691876 745999 857944 321171
572997 533373 190514 651178 319603 740740 616811 296579 714171 799223 410518 241148 405407 504401 439191 719740 74804 254708 574391 714403 467903 867055 341057 125844 687950 475116 582043 634300 349915 632198 504993 485363 401013 619021 836529 776586 78188 999999999 257762 109286 678473 782371 497656 733569 690560 405897 417601 150864 228676 245648 462341 614209 382630 586808 347839 471516 427399 547813 596407 576058 591113 594169 73151 553094 179519 168573 381887 563932 517509 129321 471017 793555 332561 114900 220861 421927 591943 268489 170349 803150 54088 359254 433388 415265 767241 686747 459744 723301 870582 307619 407933 816498 236737 329286 458730 55747 632152 738556 891017 252630
490146 747244 410211 735207 548269 635889 766182 464035 734136 878221 575637 485286 150297 710660 673755 558675 191515 427682 344826 669312 275621 968747 115483 373663 486112 730610 549319 624155 162314 661159 759749 733247 397183 427207 668714 830046 186353 257762 999999999 344210 791871 769820 403272 540858 818068 507072 674027 207366 483889 198065 206082 724019 125454 418532 507339 220043 541901 318728 638983 410252 436260 401588 314929 317749 316111 265706 509368 365862 628270 195560 498731 621126 560479 367291 240358 562562 412640 505220 341111 683491 208077 406386 192210 176049 698636 810590 624847 545309 729862 546734 559739 903573 491958 71604 217394 207248 784762 704128 722172 507324
558491 424359 224168 567454 211878 727599 514878 199378 651322 713888 308655 141077 494500 395117 334136 732868 181086 159021 628318 677072 574214 774094 439754 37961 722549 420405 545937 586248 454678 568926 451954 389037 368423 650946 849455 700044 183350 109286 344210 999999999 584983 729796 493597 761963 592995 327152 337104 259381 149185 354903 540677 523158 464286 608992 250298 563569 341909 602390 529470 597678 606938 627543 129426 611308 267118 269323 294308 601407 429093 238525 417592 809905 224749 46021 220859 327269 619021 266400 245075 794455 140677 309436 529894 512187 737704 590209 356667 744522 869633 204025 310168 728409 156811 414941 555443 140834 529299 696020 903170 214131
520044 364886 794744 97637 462849 604281 123483 385606 274090 153943 284620 541434 909730 335945 463211 740594 728985 426357 859564 444873 1067335 189113 907213 596979 836387 777830 408603 349903 950131 251587 803028 552990 427350 777727 818075 200971 728076 678473 791871 584983 999999999 378907 547880 833792 49879 286222 635217 822022 604099 904138 900164 67854 858099 709969 334917 977562 255429 844922 227930 701395 680586 769875 714405 866337 851440 847042 297626 771944 165127 796978 328515 807627 455927 614842 551887 257755 737174 794932 829856 668493 676750 389355 971044 958391 520498 36417 246630 787453 760382 503196 275783 153911 603409 837746 993364 675320 130630 423154 853154 706886
306464 703922 952738 289995 712204 283185 486514 568860 108282 295851 533130 758565 834071 664261 766619 454680 800300 593513 675198 126418 1025025 406116 870778 758325 587038 1055094 220704 149570 928167 174206 1084719 866263 388048 552083 495100 204706 796896 782371 769820 729796 378907 999999999 384395 561128 427672 421735 917661 889118 817182 941896 788239 365044 780076 491349 537298 886968 428548 671553 219040 487897 456013 556323 843825 695112 958943 933975 470767 575388 385261 863638 312889 500784 711389 773161 576378 477510 519479 990094 952674 328446 754217 423947 901764 895344 171726 414529 527125 509427 412082 750567 504310 330277 820043 785238 917553 752150 500272 84583 516871 917705
86890 698133 687495 459893 588780 244742 585734 431929 379751 572730 482165 587134 450523 652678 694335 250143 486759 428015 316443 271189 643773 682403 494054 530657 298208 900792 172071 255619 553853 329326 932711 787827 160813 233006 362813 499812 482025 497656 403272 493597 547880 384395 999999999 311720 590931 344124 788726 561470 627762 592259 404627 489387 396910 166642 437173 502591 380610 305634 330102 156756 143717 222684 569760 328539 652318 615191 386577 224474 423674 538462 226053 329093 595091 539087 278880 433528 191889 754138 658342 305494 453275 239650 518225 512583 295377 579092 512307 277174 376248 614207 450576 605311 633739 407010 533426 451096 605835 309419 414795 707498
314355 1009736 919743 738913 889803 282637 888103 737356 609241 823504 793774 875453 492701 964310 1000992 107040 696732 728022 224077 437298 676618 938130 576336 799905 60584 1181452 425548 494336 636160 589749 1213202 1091641 471906 115458 149015 737531 691227 733569 540858 761963 833792 561128 311720 999999999 880515 655684 1081262 743632 907091 734831 407532 782343 457662 155330 746948 504423 691704 242658 606199 166838 168650 141027 805896 257177 849759 802339 698165 175315 728109 727026 530922 102589 897303 804233 542169 745150 142971 1001952 867960 268309 681123 549690 546807 551848 397663 867792 823817 51814 250404 911257 762278 858547 913951 501113 548056 679170 907827 477419 194265 972633
566361 335448 796475 147175 454831 653741 96273 394588 323551 184160 286244 537767 940226 311095 442042 788370 744677 436213 900301 494719 1092818 189494 933551 601955 881762 757849 455960 399072 974377 300919 781862 527473 464381 821996 867123 243908 744122 690560 818068 592995 49879 427672 590931 880515 999999999 311036 615884 836775 599669 921660 934325 102240 889391 754346 343260 1008940 276772 884920 275704 745533 725585 813420 721963 905985 860114 858715 314712 814311 190394 812163 368616 856079 446765 619885 577717 268948 781257 790430 836560 718209 692620 420571 1000285 987092 570377 13465 242776 834653 810159 494373 283108 175128 598317 866645 1023090 691307 96360 472989 902583 700908
360347 356023 550056 245629 295105 506971 268056 147330 331391 393886 141682 336909 630955 310493 372654 584955 448661 175745 622256 401428 782060 469442 622552 349281 640542 637278 289158 294634 664208 250682 667682 472039 186801 572056 688047 373113 447213 405897 507072 327152 286222 421735 344124 655684 311036 999999999 504037 542483 396218 620600 630968 218604 581157 508526 118743 700515 39419 603161 207879 497878 487808 557388 453062 622067 584234 572972 52187 549010 121427 516929 141347 662272 296222 365841 266715 89511 531331 574726 568308 578936 396625 119415 689931 676459 475137 303542 168186 618930 668247 331619 108891 412868 398777 556211 713038 395018 287921 407772 734947 498059
835646 296400 347420 669754 209362 997553 519618 367604 817377 788625 385548 206435 822822 307455 174404 1037906 489909 362106 963553 905301 868786 801838 756789 302907 1047234 142704 787697 798508 757838 743455 169366 117503 637281 974782 1151537 813995 494153 417601 674027 337104 635217 917661 788726 1081262 615884 504037 999999999 533348 190368 628118 875494 598537 797415 926053 385295 889071 490264 937922 698628 914549 918296 952772 375718 947634 473236 509152 452166 929620 539176 523055 640077 1116691 207845 307171 543048 440214 939839 272991 433221 1068666 465973 560361 849823 831572 977936 620560 401486 1057646 1153042 176528 413398 787958 182336 745608 874956 466852 522318 911341 1203228 199817
644898 681429 217715 787708 466071 805043 765721 444889 831983 935932 559915 381989 325849 653943 581196 751492 93891 403020 552191 806712 335438 1009479 240927 269847 690656 559984 676884 739548 227705 751796 586361 616356 501077 628711 865001 906025 95744 150864 207366 259381 822022 889118 561470 743632 836775 542483 533348 999999999 355654 97898 402411 756431 322822 611979 495796 380033 567903 526086 719904 602584 624699 603001 159462 524874 108882 58759 524396 568357 658742 25924 586225 818572 479051 255378 312809 567852 609989 316860 137420 860374 145868 476749 332586 314435 849803 832313 609482 743878 916450 449701 555539 955334 363249 266925 355970 147465 781489 835812 919184 342682
685069 352103 211873 610608 148184 852350 509346 248964 727129 748428 320995 62954 633062 336995 235014 872533 302293 224787 777501 782427 689020 788552 569440 113304 869425 274657 655754 682695 574498 646884 306523 260760 488129 797450 988295 752463 306231 228676 483889 149185 604099 817182 627762 907091 599669 396218 190368 355654 999999999 453012 685153 551599 607061 752982 287531 699957 396566 751561 603732 741564 748697 774469 196321 760336 316473 341855 350145 749223 469700 341962 514981 950483 158758 116804 364964 361477 764422 190923 280323 921482 275815 417964 662001 643847 849230 600238 357961 887367 1000928 114114 337189 756306 8077 555434 687305 276647 519121 795647 1041355 104086
678378 778318 299086 863662 563340 830304 854205 533854 893218 1011264 649695 479834 273883 750003 679064 756588 179008 492293 527890 850522 242627 1089852 180748 367221 678338 646227 724483 793054 147700 815128 671130 713536 556256 622689 865847 975486 178737 245648 198065 354903 904138 941896 592259 734831 921660 620600 628118 97898 453012 999999999 359534 837553 286548 616508 584050 315124 648798 503166 786389 608297 634240 597255 256692 497651 172289 123767 607346 560985 739535 116406 648912 817970 576325 353047 372767 653555 609984 397631 210714 880092 230000 543324 263203 246235 886472 916489 699645 741895 927881 547524 643076 1032475 460533 235752 283758 231131 870594 882594 919000 434052
482875 919836 613788 827364 734413 586762 898951 626607 780659 958266 728309 680506 89258 879773 860175 460482 397596 596126 184277 670182 271102 1060727 181754 572955 347185 936448 575419 658387 235605 720911 965716 927380 474473 310705 552574 894465 392421 462341 206082 540677 900164 788239 404627 407532 934325 630968 875494 402411 685153 359534 999999999 833996 80941 334825 662282 103810 669547 165053 710691 331560 365045 289146 521010 151220 510071 457755 647571 253834 745814 395564 577870 503834 745892 568394 383514 702953 315994 710110 539596 615291 410814 514736 139558 144453 676308 924803 774418 429211 637100 738167 706435 988080 693171 136986 143889 409731 918713 710446 601255 713196
467997 346606 736493 77310 414987 565535 122501 324244 256862 196857 230627 488655 842375 311542 430797 692506 663130 364147 798074 412990 999481 253092 839365 537062 781769 741078 360035 310551 882321 215366 767665 525435 362597 721054 775670 216850 662093 614209 724019 523158 67854 365044 489387 782343 102240 218604 598537 756431 551599 837553 833996 999999999 790926 653525 274513 910433 188811 782685 183029 644540 625328 712016 652496 803771 788654 782738 232438 712394 98021 731245 266401 762127 409337 554812 484040 196583 680204 741667 768233 632457 610887 321976 903460 890728 490733 91421 199487 737411 725080 455717 217127 206386 551515 770096 925866 609415 138297 396763 813441 655276
480752 853394 533008 791013 662367 603514 847589 562780 761469 927314 668683 604864 54403 814568 788262 496019 316912 530007 242587 667787 248125 1025636 118748 495551 398896 856058 561782 642732 179520 696075 885200 852461 439308 351249 596945 869178 311778 382630 125454 464286 858099 780076 396910 457662 889391 581157 797415 322822 607061 286548 80941 790926 999999999 361111 601438 119549 618716 218865 681180 355484 386729 327129 440301 211555 431036 378962 592698 290285 699322 315142 543940 548185 674150 490261 323028 647694 347534 629191 459674 640245 331804 469034 121807 115756 683249 880604 716176 472049 672448 664096 648881 955556 615106 56230 139579 330815 866984 706329 648070 632773
198031 859630 775430 619004 734705 254235 752146 583191 514677 720814 644027 720390 406753 814389 846820 140214 556076 572970 186053 365566 602426 833448 476825 646952 132040 1027551 312258 391459 538807 478661 1059360 936769 322375 67806 253240 641057 550693 586808 418532 608992 709969 491349 166642 155330 754346 508526 926053 611979 752982 616508 334825 653525 361111 999999999 594670 438582 545795 187276 486763 11509 35376 65283 659751 210187 714795 670000 548563 87188 590215 593090 392390 207866 742329 651974 388457 597489 28680 854174 729524 280867 535651 398394 469967 470236 353459 742199 676500 136588 313128 755939 613176 754754 759742 393194 477967 533618 772212 407659 307632 820993
466757 268355 462250 325918 176459 620492 270202 51344 442390 468665 68345 225769 646160 224426 260105 685056 405373 93136 684456 520090 773906 523977 620410 262572 725147 519082 405308 413315 652860 364110 549310 357664 276540 654122 792605 465816 405362 347839 507339 250298 334917 537298 437173 746948 343260 118743 385295 495796 287531 584050 662282 274513 601438 594670 999999999 717621 109967 662661 319906 583487 578371 636566 379649 679059 517239 515624 67094 622776 184688 471778 256908 763531 177495 280351 279058 77960 614650 473356 494967 692346 354055 197557 698326 682914 593364 340091 118098 714328 780131 213608 60172 480763 289014 566769 722934 352954 286584 526345 841377 391295
583061 965066 597637 909732 768239 690501 966572 677357 874405 1044861 785295 704580 71611 927382 893782 562679 399703 643057 280468 770688 172566 1144227 139132 591759 443839 934934 671516 753723 171463 811351 962636 952422 557352 412398 651408 984820 395243 471516 220043 563569 977562 886968 502591 504423 1008940 700515 889071 380033 699957 315124 103810 910433 119549 438582 717621 999999999 737929 264407 798078 435369 468845 391626 519742 247519 481188 429024 711148 356843 818854 379918 661885 602914 780406 584217 440524 765958 419388 696562 515590 718885 425206 588570 53887 69178 779034 1000150 833305 529327 738873 766625 766395 1073536 708031 152310 44511 424620 985888 810477 698683 712966
