NAME : synthetic_000315
TYPE : CTSP-D
DIMENSION : 100
GROUPS : 8
RELAXATION_LEVEL : 1
EDGE_WEIGHT_TYPE : EXPLICIT
EDGE_WEIGHT_FORMAT : FULL_MATRIX
EDGE_WEIGHT_SECTION
999999999 590502 231393 1027238 621560 153292 157414 521546 205444 192684 315085 701461 577158 261630 477223 970177 160812 657395 765245 114497 256736 226060 394911 386462 538805 12040 640188 135524 643600 1020052 261099 154080 714810 803931 386666 695202 278923 675367 307169 558326 197596 565018 732543 610622 749303 720084 598719 262699 808213 684603 665943 84769 583826 370259 240344 505080 412897 827858 638827 343731 673617 534269 811451 161531 126708 539247 538236 456292 384250 474528 177510 262993 217324 404267 582467 580858 303836 807006 460237 637762 285644 650962 770005 177457 653472 714086 249749 723040 689108 272934 164389 856880 844419 316200 218334 161065 503117 455923 661831 823852
590502 999999999 518305 491708 605390 445398 747656 131754 398314 781612 334216 417498 318818 844030 357435 418618 742611 433916 705996 675645 796156 783406 538648 215959 428399 587825 147224 720793 136831 506247 339691 730788 132484 215295 459154 816070 639441 89108 420280 52352 586144 133838 158478 340597 742360 177461 543719 846129 762322 209873 596959 618538 265209 390842 708723 774138 233033 440445 200806 442235 349137 162648 516624 683231 702120 55934 391589 368598 763478 394932 422838 416032 802312 496853 664566 9898 894146 778056 732438 486987 338386 66431 669973 764892 367730 529394 593653 166608 338683 862140 681877 392657 531408 275332 793784 550790 551316 164979 821538 241402
231393 518305 999999999 875850 390209 162584 343459 502345 165090 349827 377990 765600 630738 383930 280602 831041 299478 737340 533861 227585 299780 301708 163820 373452 323571 240383 616532 290676 521852 858489 204487 282240 650784 729000 163358 479768 124592 587608 112655 472314 76122 443526 675970 420152 519355 682487 369615 387882 577297 674341 435587 181283 414844 472979 195787 322307 290930 637943 493545 472191 719560 529754 601777 392921 347177 462373 331481 257126 255915 571236 257591 102273 354068 174524 355057 510315 468928 576754 274101 417339 339432 584663 539244 373320 459014 813932 451108 677987 505910 419997 395729 687378 636074 273986 428032 355136 271767 355382 453545 719143
1027238 491708 875850 999999999 714470 873951 1181161 619435 821795 1204486 820785 826070 774717 1253066 604143 81015 1158196 866227 720567 1085328 1175564 1176041 804334 697134 603870 1027994 567174 1141667 389981 57595 767241 1143038 438858 374354 740709 927580 969252 407784 763341 497308 951972 464716 452195 472718 783921 509592 663951 1256388 761252 594147 667523 1028954 461283 882514 1067373 1002500 614426 301579 389054 933861 761958 642507 419817 1148080 1150420 522457 575764 627600 1060519 877743 883253 788055 1217353 760539 814467 500773 1323917 784728 977682 570463 818441 464915 667401 1204224 447165 952785 1078977 487529 386291 1282266 1147622 202774 398622 723590 1243683 1024918 745173 575977 959545 275546
621560 605390 390209 714470 999999999 521424 721165 672579 491821 715560 673035 987003 859413 726537 257832 705125 665448 980817 144536 601344 614386 636467 227895 598759 177300 630340 748954 664081 516226 674746 486017 647583 711652 752866 246813 223457 394194 624596 340236 554410 439821 474129 743252 287561 147523 778810 62400 731506 193031 813103 59395 565514 351945 778081 501519 309939 420859 415208 447920 797531 924934 710828 315525 783058 735103 563773 213801 256634 417376 854750 603623 390002 709641 219582 103680 602995 826056 198276 301878 147204 639607 659762 151915 752509 288018 1072086 825147 763545 350204 771672 785796 513743 348012 520155 810339 731552 118444 474030 247106 688832
153292 445398 162584 873951 521424 999999999 308848 392604 52182 338088 224809 620631 487851 398644 338596 817112 297385 586859 665564 230651 358958 341059 309706 255424 409904 154356 511846 276292 490928 867122 108760 285390 573494 660454 274979 637993 270226 527750 183229 409718 186799 412050 593660 465830 660857 587506 487486 400785 713879 562649 557511 174171 433588 313316 292825 483907 259670 680555 485659 309791 580998 412094 673246 290964 277693 392239 403079 319910 400464 414291 95049 133319 357246 303301 504714 436020 454203 716530 435766 511253 187101 508241 661890 330540 509536 658668 303725 587838 540984 418352 292035 705040 705067 170462 370580 210917 406265 303767 614395 674114
157414 747656 343459 1181161 721165 308848 999999999 674653 360523 50991 459097 828036 711383 127503 614613 1125663 69025 778429 860206 119831 189657 147383 494899 541346 666262 159886 792292 58474 799770 1172055 417452 83457 871048 960610 506801 752391 336039 832751 440727 715737 281989 720791 888054 751975 834068 873447 708954 126199 897032 833739 771663 162849 731830 495566 248294 539770 566977 970674 792176 458145 807769 684803 943731 153349 73455 696624 671254 592262 396319 595566 329951 402927 85118 515373 663796 737983 146493 892152 502335 760788 433973 807623 872881 31762 793474 823400 312696 877354 833727 121539 158416 1006484 977677 473610 91636 258153 604975 612501 711233 981228
521546 131754 502345 619435 672579 392604 674653 999999999 354644 714014 228116 316251 198974 782361 414986 544056 680594 319905 788201 619842 751561 732521 562141 137273 497248 516568 119400 656464 264364 636544 301461 671148 209401 301108 485776 868684 626936 211693 423848 152219 559975 235992 219133 436574 816462 198794 613723 783732 844684 172352 674408 565205 362034 265723 678365 793251 257843 565252 319806 319038 252488 39028 631055 589922 620714 129421 463789 419222 757451 263182 344863 404222 738583 525849 715790 124322 819564 857973 748033 572290 243532 158850 757954 687681 470583 415281 481938 203638 452422 793836 587869 523621 649163 230350 708897 452710 599021 198611 866506 357207
205444 398314 165090 821795 491821 52182 360523 354644 999999999 388505 213414 601554 467056 446996 293573 765204 346456 572314 634771 277727 400064 385319 291591 219133 368902 206510 472978 326277 439341 814974 58799 333692 527935 613608 245516 623904 284640 479057 151808 360749 208489 360269 549233 417099 634545 546138 453569 449361 684850 526412 524050 220393 382502 311332 324011 485540 207488 630421 433478 316904 557504 377335 626782 340252 329745 344282 359170 276277 416924 407203 111802 102978 406468 278079 484533 389122 505458 688987 437424 470443 174895 462193 627742 382585 461064 649095 337875 545215 490664 468491 341044 653212 658071 126277 422705 249350 379955 252707 604238 624111
192684 781612 349827 1204486 715560 338088 50991 714014 388505 999999999 502567 876265 758042 76929 627187 1151293 50763 827391 851771 122682 149145 107393 492437 579146 673189 197481 832415 62828 827134 1193190 446662 68546 907048 995739 512259 731801 323824 865342 453524 747575 281886 747640 925103 765960 822044 912653 707741 76046 886079 875621 768074 176274 750551 543394 226209 514913 592125 984723 815579 507242 854562 725841 951513 203756 124446 729455 680970 604258 368120 644256 369367 419699 34281 516891 652037 772056 120344 879896 480326 764848 475738 842860 867462 67833 806399 873559 363686 915720 849505 80532 208806 1025628 985869 506437 120693 307431 601488 641195 688621 1012202
315085 334216 377990 820785 673035 224809 459097 228116 213414 502567 999999999 396908 266242 575251 434296 750734 475634 362067 809701 424389 564598 538547 496418 124758 521056 307689 339298 449762 435892 828916 192064 469102 436566 528444 437389 828407 493710 423079 348473 323590 411561 373560 447245 519265 820011 422907 625057 575875 863346 375711 694414 376020 459195 105056 514104 698933 281515 702756 464670 132735 361585 229985 734755 362710 399419 298328 498968 425817 624863 193978 142760 306764 530355 474882 683037 324501 600726 870926 650830 617248 38559 380655 793247 468481 562002 435975 259471 430322 568950 580329 360466 691026 760729 155458 484529 224853 571186 272829 812503 574792
701461 417498 765600 826070 987003 620631 828036 316251 601554 876265 396908 999999999 135148 952334 729182 745064 857733 63057 1104437 814717 956696 927519 857463 403061 812803 692301 279725 830936 551584 859620 563776 853955 395343 452005 785716 1176466 886075 459203 711025 456865 806580 544541 376172 750050 1131862 317555 928969 952048 1160911 235022 990467 769962 674677 333063 911001 1078769 567615 852993 618282 371301 68874 277349 934115 698686 759081 438813 779823 731601 1018209 233212 538557 679862 907349 825897 1024280 414791 957016 1174059 1031529 888348 433737 397210 1073970 829568 781544 127197 542595 340208 756072 948253 694758 788881 948363 500219 828395 570474 907362 513467 1170089 552662
577158 318818 630738 774717 859413 487851 711383 198974 467056 758042 266242 135148 999999999 833025 602164 695014 735924 122225 980980 688858 829988 802579 723257 268975 687386 568697 207546 709428 455624 800811 428635 730894 336147 412598 652405 1044438 751687 379355 576340 349325 673036 434706 326747 634937 1005413 274976 802647 833125 1037238 193395 865993 641890 560764 218541 779541 943668 438647 759124 516196 265781 96597 160846 829471 591623 645180 327842 655810 603015 883928 138026 408930 544742 787913 692494 892756 313825 845938 1049401 896400 767534 301846 316900 953028 715819 669486 216743 445407 294131 650706 832675 588142 707753 846795 365312 720661 457471 776031 388859 1036844 499808
261630 844030 383930 1253066 726537 398644 127503 782361 446996 76929 575251 952334 833025 999999999 664512 1202901 101918 903900 857397 169874 119055 90081 510985 646312 702517 267954 901318 126119 881771 1238978 505756 113324 971436 1058992 541530 719015 332749 925987 493374 807725 310249 801988 990608 804053 822331 980487 725264 5381 887607 946232 781596 227422 794871 619322 225241 497520 645370 1021803 865440 583873 929603 795836 980187 278244 200748 790786 714014 641056 348205 720651 439123 465039 45112 540660 654273 834631 105100 879431 468505 789428 547027 906539 877550 137736 842840 950484 439799 982660 889482 49732 283235 1069290 1014955 568862 177190 384196 616851 698235 672842 1070618
477223 357435 280602 604143 257832 338596 614613 414986 293573 627187 434296 729182 602164 664512 999999999 567603 577624 723882 381714 504544 576447 581689 207704 345899 87638 482213 496317 566059 295849 582267 265078 560862 475415 531770 137073 459310 365147 392940 173982 305222 355381 234578 506053 139551 403251 534407 200544 668432 437277 560612 265765 452686 147899 537749 465281 433834 164708 357739 243466 564865 667199 453099 335068 628306 603343 311066 66612 23749 461741 605547 397643 214281 633766 162352 307253 353658 747240 448134 398133 183673 405240 417201 360304 642363 179216 815942 627510 521574 225849 699741 629689 409751 367505 278887 692131 542304 194355 216375 464205 490729
970177 418618 831041 81015 705125 817112 1125663 544056 765204 1151293 750734 745064 695014 1202901 567603 999999999 1106181 785442 727475 1033934 1130492 1128528 772601 628248 578456 970244 487505 1088508 327356 123333 709162 1091571 358909 293350 704632 923865 930518 332577 718452 428632 906963 405180 371512 444229 788256 428720 650660 1206001 772160 513352 662768 976959 420792 808546 1024999 981023 559205 306134 338067 860577 681039 565632 430281 1085330 1091593 453084 547242 590442 1028549 800247 820323 739247 1165800 727864 801662 427961 1269852 795003 953005 558413 750473 387750 675301 1147599 425263 871801 1009833 406733 362080 1230029 1084641 195458 414818 661379 1184863 959331 723067 515297 952116 195301
160812 742611 299478 1158196 665448 297385 69025 680594 346456 50763 475634 857733 735924 101918 577624 1106181 999999999 811192 802267 73404 124143 82917 441839 544432 622669 167964 799626 26962 783298 1145954 405090 17883 869676 957436 461663 686775 274865 825070 404246 706923 231126 703616 888732 716629 773503 878627 657103 103660 837239 845038 717683 129288 702683 524880 181263 472273 547445 935299 769618 492683 832507 694468 901018 212500 130481 689624 630813 554587 327775 627718 337973 371737 60031 466128 603333 733174 169662 831448 435897 714115 446447 804880 817362 98726 756793 862138 362957 880747 800603 124074 217529 977712 935412 467332 158173 295543 551035 598539 644696 970527
657395 433916 737340 866227 980817 586859 778429 319905 572314 827391 362067 63057 122225 903900 723882 785442 811192 999999999 1103123 771475 913799 883140 838892 386606 809370 647736 306744 784277 570345 897022 539238 808322 429869 494333 769906 1163084 855341 485646 690837 468131 773628 554570 414084 756424 1127081 356819 924416 903382 1159355 272090 988052 729007 681933 287139 873810 1054747 559958 873797 633643 320293 106349 281211 948370 645176 708300 447679 777965 724256 986808 183477 500699 656406 859113 809780 1011995 429869 904333 1171400 1007045 889742 400087 422812 1075249 778461 790347 95727 486610 378709 769611 897731 641094 816277 964652 479697 774671 520287 895544 511055 1153967 591079
765245 705996 533861 720567 144536 665564 860206 788201 634771 851771 809701 1104437 980980 857397 381714 727475 802267 1103123 999999999 740479 742157 767517 370596 727569 294580 774200 852726 802526 599262 673081 625937 784489 798620 826588 390656 228718 528173 710445 483655 657631 580432 572177 830302 367977 66634 872087 184650 862510 56542 915864 116018 707070 441733 914473 632409 400908 546248 421955 526836 936513 1040061 827089 300762 926776 877138 670807 325173 385777 530685 986662 746500 533601 843638 364118 204372 705142 959047 73123 407354 219014 777540 753707 53452 891762 351484 1196180 969271 854630 404402 903946 929589 532104 324318 655134 950248 875911 262479 592185 274834 748871
114497 675645 227585 1085328 601344 230651 119831 619842 277727 122682 424389 814717 688858 169874 504544 1033934 73404 771475 740479 999999999 142348 114263 375325 482792 551145 124968 739218 63549 712020 1072732 336527 57711 804141 890854 390539 638486 218559 756760 330992 638420 162588 632254 824203 643418 715099 816641 589801 172593 777730 787055 652034 57564 629333 484402 144501 431585 475748 862141 696977 458146 785051 636064 829357 223242 149770 621938 558394 481588 295542 588826 282877 298409 132028 397006 544904 666345 242732 773216 391193 643876 392439 738831 753081 151294 683748 828563 351367 817721 727248 197207 227774 904344 863627 401094 210034 270443 485304 528397 599360 900840
256736 796156 299780 1175564 614386 358958 189657 751561 400064 149145 564598 956696 829988 119055 576447 1130492 124143 913799 742157 142348 999999999 42328 406132 614357 604966 266925 870790 147417 817105 1157413 457617 117175 927088 1011028 446322 599961 224646 873081 412413 755106 223681 737728 949054 715229 705241 945763 617325 124418 770795 921186 670678 189016 714398 626745 115386 378565 581668 930139 792645 600038 925939 770339 879959 336537 254598 741069 620270 552706 229286 731172 422155 393218 123062 439924 538276 787256 224118 762035 349606 686641 531440 861036 764338 215044 751677 970561 483253 945235 802235 168472 341552 985634 914947 526262 269812 408930 508229 640775 553867 1011669
226060 783406 301708 1176041 636467 341059 147383 732521 385319 107393 538547 927519 802579 90081 581689 1128528 82917 883140 767517 114263 42328 999999999 421912 595289 615925 235431 851918 107487 811287 1159883 443753 78195 913238 998669 455511 633389 242827 862447 413264 744127 226311 731581 934205 721128 733114 928466 635701 95098 798224 900581 691613 167324 715848 596034 135198 413496 574864 937859 790473 567131 898882 749574 892882 295364 213288 728910 628887 558057 264901 699996 397139 389315 83647 452756 564647 774295 192460 790382 382010 701183 506701 847508 787471 172782 758945 937556 444603 928889 807372 136823 300400 989044 927744 510644 228064 373227 527118 631478 588421 1003692
394911 538648 163820 804334 227895 309706 494899 562141 291591 492437 496418 857463 723257 510985 207704 772601 441839 838892 370596 375325 406132 421912 999999999 454417 205638 404102 663102 438564 499423 777659 304831 423970 665751 730488 79526 332717 181660 588724 148816 487079 212927 430941 694846 331657 355897 714784 215367 515670 413479 725867 276773 337729 355296 599079 290746 235493 309860 534664 450893 608283 803145 596114 474648 556405 507208 485802 229096 186866 256299 688720 400069 190506 489551 45368 195051 532826 606505 413101 194720 280583 459236 603104 378710 525995 360968 923292 609878 705221 418760 553529 559300 604873 509690 359220 583251 514499 110232 377418 316546 696725
386462 215959 373452 697134 598759 255424 541346 137273 219133 579146 124758 403061 268975 646312 345899 628248 544432 386606 727569 482792 614357 595289 454417 999999999 433353 382133 256647 520694 311161 704369 169258 534593 330878 421718 383604 776478 497546 304935 308324 199889 426563 249847 346779 410009 746047 334223 545000 647820 782959 307674 611575 427967 344557 208538 543117 677643 182113 582498 341383 250440 350391 158220 622486 467820 490866 175164 405956 342844 629358 260644 211827 280287 602858 423626 625519 206069 687167 793139 630950 522926 122773 269575 705127 556050 451017 474953 381872 336595 451707 659323 466341 566811 646597 99857 581195 334841 509285 155296 767981 457271
538805 428399 323571 603870 177300 409904 666262 497248 368902 673189 521056 812803 687386 702517 87638 578456 622669 809370 294580 551145 604966 615925 205638 433353 999999999 545082 571654 614227 346311 574365 346842 605250 537760 584693 161241 390945 383427 451793 231897 377221 393064 298199 569156 134687 319216 602763 116706 706834 350424 635808 178870 503453 182994 624868 490329 402991 251709 329050 282577 650937 749732 535812 278364 694969 662772 386499 37850 95999 458963 693164 476799 278896 675821 165986 243831 425838 791678 362030 374738 101548 491207 483929 272749 695509 157097 901989 706097 588097 217835 741427 696764 402355 312860 365602 748345 618130 145942 299366 402991 530256
12040 587825 240383 1027994 630340 154356 159886 516568 206510 197481 307689 692301 568697 267954 482213 970244 167964 647736 774200 124968 266925 235431 404102 382133 545082 999999999 634935 142119 643361 1021477 261107 162199 711292 800743 394125 706125 290488 673184 313242 556508 208626 565072 728605 614741 758909 715256 606685 268816 817530 678593 674202 96802 586587 360612 252314 516778 413944 831530 639956 333202 665218 528531 816803 152834 123598 537051 543780 461548 396280 464693 171897 268224 223324 412548 592440 578139 306343 816543 471825 644417 279088 647755 778384 178128 657785 703673 237717 718562 692525 277316 155471 859050 849613 314280 216242 149171 511917 455481 673037 822193
640188 147224 616532 567174 748954 511846 792292 119400 472978 832415 339298 279725 207546 901318 496317 487505 799626 306744 852726 739218 870790 851918 663102 256647 571654 634935 999999999 775328 274415 593939 418577 790349 128799 210576 584700 955489 740882 179760 531497 195373 676647 280863 123123 487820 887869 84314 687823 902622 909118 64300 742836 684600 412407 355315 796076 897226 353400 573628 343967 409923 210925 109381 658733 701846 736647 185456 535529 504826 870122 320625 463053 516527 857396 624008 803000 147589 936553 924574 853289 633776 359114 117490 817133 804419 514452 399548 583152 95977 482505 912007 699494 510234 671201 347625 823427 563616 687802 286964 957904 292381
135524 720793 290676 1141667 664081 276292 58474 656464 326277 62828 449762 830936 709428 126119 566059 1088508 26962 784277 802526 63549 147417 107487 438564 520694 614227 142119 775328 999999999 764537 1130494 384628 30610 847110 935314 453829 694185 277617 803948 392169 685997 226024 684998 865742 704496 775832 854752 653229 127297 838939 820118 715175 113941 688081 498037 191162 482551 529363 923312 752752 465721 806019 669722 892314 189721 108469 668230 620859 543295 340615 600801 313005 357375 82163 460555 605551 711294 182737 833900 444487 707326 421050 782579 815906 90217 745257 835197 337233 857210 787618 142217 194689 963148 926507 445470 150086 268685 548419 578875 653355 950261
643600 136831 521852 389981 516226 490928 799770 264364 439341 827134 435892 551584 455624 881771 295849 327356 783298 570345 599262 712020 817105 811287 499423 311161 346311 643361 274415 764537 999999999 393616 382511 769338 199394 238442 422319 736222 632674 111252 411915 116692 596077 79801 231051 232457 642762 275407 453886 884597 654527 331664 497430 654608 164431 508708 717629 729536 236593 303639 73062 556663 482828 298110 384396 758664 764340 142628 308540 313908 745277 525613 493663 424003 843221 454472 590080 142005 944756 672312 692783 382996 430305 161128 558396 821053 249552 665656 691468 256578 209723 906581 758099 261229 397009 334291 857589 635004 485241 188012 749252 199120
1020052 506247 858489 57595 674746 867122 1172055 636544 814974 1193190 828916 859620 800811 1238978 582267 123333 1145954 897022 673081 1072732 1157413 1159883 777659 704369 574365 1021477 593939 1130494 393616 999999999 762150 1130348 467343 410623 717441 884212 946839 426550 746629 505952 934456 463901 483676 446801 737311 542086 626673 1242486 712014 625687 625679 1017063 444188 896121 1047389 968476 607715 259577 381906 946230 794148 662213 372755 1146402 1144629 531684 548572 605961 1033018 897841 882601 774426 1204558 734750 776141 514816 1313165 735668 945690 533194 823904 486437 619710 1196138 417327 985586 1085079 519530 359160 1269938 1146198 172990 349343 722969 1237673 1026774 712580 574919 917913 306976
261099 339691 204487 767241 486017 108760 417452 301461 58799 446662 192064 563776 428635 505756 265078 709162 405090 539238 625937 336527 457617 443753 304831 169258 346842 261107 418577 384628 382511 762150 999999999 392443 469704 554981 245925 636397 328328 420265 156468 301971 258520 303983 491438 377987 631877 489943 441946 508096 678150 473782 512278 279181 336402 296019 377548 515667 154970 586429 380244 311629 515761 326650 591672 386743 383179 285520 331689 251232 460274 383910 134233 117304 465081 282935 491211 330549 562955 684291 468132 447313 155828 403831 614055 438556 422275 620562 363391 488308 446611 526803 387031 602978 621694 71112 476445 282300 380481 195055 621286 565635
154080 730788 282240 1143038 647583 285390 83457 671148 333692 68546 469102 853955 730894 113324 560862 1091571 17883 808322 784489 57711 117175 78195 423970 534593 605250 162199 790349 30610 769338 1130348 392443 999999999 858477 945815 444184 670158 257251 812664 387699 694408 213416 689599 877940 699984 755927 868802 639244 115686 819593 836618 699801 114749 686824 521526 165109 456477 533201 918582 754678 490887 827416 685842 883611 220326 139028 677475 613667 537762 312915 624930 330002 355960 74317 448385 585729 721408 186701 813891 419551 696463 439028 793457 799497 114206 739984 860980 366559 870535 784186 139662 225291 961788 918036 455708 174068 295541 533153 585198 628420 957467
714810 132484 650784 438858 711652 573494 871048 209401 527935 907048 436566 395343 336147 971436 475415 358909 869676 429869 798620 804141 927088 913238 665751 330878 537760 711292 128799 847110 199394 467343 469704 858477 999999999 91879 586284 928644 771723 88175 551926 180486 718478 241158 31735 431307 841344 83108 649273 973332 853920 160347 695733 747413 360535 470891 840970 900835 364232 473937 272179 525146 328317 219383 572261 796181 821742 188417 500005 489343 895057 446835 542493 548511 929027 622856 779485 140680 1017256 871649 860270 581808 448460 66291 757686 886606 448680 519754 691271 61014 404954 987524 794371 397502 579676 403054 911902 660150 669525 296737 938077 163661
803931 215295 729000 374354 752866 660454 960610 301108 613608 995739 528444 452005 412598 1058992 531770 293350 957436 494333 826588 890854 1011028 998669 730488 421718 584693 800743 210576 935314 238442 410623 554981 945815 91879 999999999 651710 974011 847664 142706 626116 256995 798791 299591 87458 466188 874383 138583 690729 1061025 880356 223278 730437 833797 402247 560846 921607 963644 438926 465721 304973 615281 388960 309247 576039 887825 912399 269967 546950 548251 967776 531181 632920 627048 1017020 686358 828498 224519 1106975 899612 925072 615289 540105 152988 782087 976740 475535 578961 782786 118475 423400 1076264 886050 373669 577918 490131 1002911 751965 723168 373665 987669 107365
386666 459154 163358 740709 246813 274979 506801 485776 245516 512259 437389 785716 652405 541530 137073 704632 461663 769906 390656 390539 446322 455511 79526 383604 161241 394125 584700 453829 422319 717441 245925 444184 586284 651710 999999999 393979 229483 509701 93708 407556 231830 352351 615333 271192 389120 635425 213976 545803 439703 647752 283264 344391 284347 541826 332870 314988 231301 483876 376927 556380 729712 520553 439546 546407 507604 406459 173949 114250 325786 626497 357242 143224 514582 40256 245823 453379 630502 443488 274029 254079 401711 523578 387843 536551 305780 856412 578637 625740 358901 580190 548679 544534 474091 292195 590687 485628 135126 298434 384445 620506
695202 816070 479768 927580 223457 637993 752391 868684 623904 731801 828407 1176466 1044438 719015 459310 923865 686775 1163084 228718 638486 599961 633389 332717 776478 390945 706125 955489 694185 736222 884212 636397 670158 928644 974011 393979 999999999 421488 842709 479940 764078 497630 688424 959987 510361 163488 992166 284315 724376 220261 1019762 261118 620973 571875 931583 505797 222712 611025 626033 669543 940786 1118062 905494 513604 850869 786659 770363 428759 451079 371405 1019570 730705 523215 715801 354802 152932 812652 824043 200851 251630 369479 791556 873815 278677 783873 511306 1250286 930059 978205 573088 768309 854617 730118 541664 686158 843903 834043 269698 671903 52684 912125
278923 639441 124592 969252 394194 270226 336039 626936 284640 323824 493710 886075 751687 332749 365147 930518 274865 855341 528173 218559 224646 242827 181660 497546 383427 290488 740882 277617 632674 946839 328328 257251 771723 847664 229483 421488 999999999 705421 222009 592088 87443 556331 797649 500652 498689 805905 393272 337644 562383 798901 448860 200373 509862 583220 109364 226813 408774 711336 596921 575801 841844 654230 656117 430155 365344 583610 401831 341652 132345 684507 362847 224951 315784 217468 328478 631752 431926 556677 181345 462243 455410 705872 545672 367801 534394 928773 524440 800829 588377 377481 434050 773975 691145 398333 427470 430264 284437 475172 384856 831520
675367 89108 587608 407784 624596 527750 832751 211693 479057 865342 423079 459203 379355 925987 392940 332577 825070 485646 710445 756760 873081 862447 588724 304935 451793 673184 179760 803948 111252 426550 420265 812664 88175 142706 509701 842709 705421 999999999 483679 118380 658346 158716 119875 343195 753337 165659 562197 928278 765761 229695 607790 699344 272962 476043 781182 822637 296936 396197 184152 528353 390519 235685 488657 771739 788979 136134 413960 408268 825083 471330 510244 485990 884980 544904 694509 98956 979203 783474 783423 493723 427461 62878 669627 850816 360696 579114 682427 145921 318341 945787 770452 330670 498030 359210 881034 639772 586167 232981 853434 152338
307169 420280 112655 763341 340236 183229 440727 423848 151808 453524 348473 711025 576340 493374 173982 718452 404246 690837 483655 330992 412413 413264 148816 308324 231897 313242 531497 392169 411915 746629 156468 387699 551926 626116 93708 479940 222009 483679 999999999 371625 188732 334719 578757 312437 482784 590936 304297 497091 533227 592381 374430 278707 302612 451969 307236 370321 187786 531207 381173 464221 658476 455658 505110 463247 432004 364861 231737 151539 343201 540115 263548 50068 461099 127648 335792 413056 573718 537187 324449 331877 311796 486574 478721 468712 353115 774621 486194 584182 396568 527014 465126 576114 538509 211272 519381 394131 228403 255319 465338 610277
558326 52352 472314 497308 554410 409718 715737 152219 360749 747575 323590 456865 349325 807725 305222 428632 706923 468131 657631 638420 755106 744127 487079 199889 377221 556508 195373 685997 116692 505952 301971 694408 180486 256995 407556 764078 592088 118380 371625 999999999 541796 87798 208325 294794 692538 229802 492971 810048 714074 259124 547463 580988 219121 392443 664613 722527 183849 413353 167588 441107 389458 188763 480332 660271 673758 26019 340695 316249 714656 410093 396545 370218 766867 444998 612420 48660 862083 729324 681152 438814 321846 116168 622905 734459 324757 563856 581758 218562 301543 827961 659263 377865 497510 242229 766304 531459 499003 117003 769254 265769
197596 586144 76122 951972 439821 186799 281989 559975 208489 281886 411561 806580 673036 310249 355381 906963 231126 773628 580432 162588 223681 226311 212927 426563 393064 208626 676647 226024 596077 934456 258520 213416 718478 798791 231830 497630 87443 658346 188732 541796 999999999 517270 742639 494845 558570 745898 427216 314399 619752 732303 489700 127358 490938 498151 122843 312850 362910 711917 569292 489125 764897 584644 671290 354785 297604 530305 403767 331760 214021 600369 277324 172871 282809 235032 389451 577798 399022 616645 266309 483095 373674 652197 591276 313070 532949 844987 438959 742704 581072 348363 358291 763160 705889 329627 370537 344124 323071 425419 464545 792516
565018 133838 443526 464716 474129 412050 720791 235992 360269 747640 373560 544541 434706 801988 234578 405180 703616 554570 572177 632254 737728 731581 430941 249847 298199 565072 280863 684998 79801 463901 303983 689599 241158 299591 352351 688424 556331 158716 334719 87798 517270 999999999 272114 207361 609211 304704 412061 804824 628489 343708 463616 574861 131737 455196 639186 664203 156805 336788 91742 499851 477236 273870 395114 683552 686658 106919 260759 249558 671749 485436 419047 344841 763518 386768 538556 133425 865503 644299 625486 353163 363547 185746 536288 742457 237010 650238 624072 289916 216659 826984 683178 317651 413914 259299 779949 562938 428435 111334 696986 275703
732543 158478 675970 452195 743252 593660 888054 219133 549233 925103 447245 376172 326747 990608 506053 371512 888732 414084 830302 824203 949054 934205 694846 346779 569156 728605 123123 865742 231051 483676 491438 877940 31735 87458 615333 959987 797649 119875 578757 208325 742639 272114 999999999 463036 873079 58911 680879 992374 885574 142128 727465 767806 392238 474788 864845 930120 391398 502011 303765 529330 310491 223669 602142 808762 837033 214098 531426 519635 921956 443743 558569 573737 947807 652235 810613 165912 1033945 903339 889190 613541 461519 92294 789260 902761 480224 501911 698854 36022 435968 1005466 806780 422465 608885 423564 926376 671800 700280 323448 969101 177054
610622 340597 420152 472718 287561 465830 751975 436574 417099 765960 519265 750050 634937 804053 139551 444229 716629 756424 367977 643418 715229 721128 331657 410009 134687 614741 487820 704496 232457 446801 377987 699984 431307 466188 271192 510361 500652 343195 312437 294794 494845 207361 463036 999999999 410307 504112 226049 807964 423786 550043 265091 590811 75674 616372 603157 537671 238761 218822 161554 651962 683405 475428 216267 756765 737274 311297 103319 163096 587801 666978 512002 349454 773087 288167 370907 340694 886149 440812 508791 150552 496896 385855 329715 779121 44295 851623 739352 486724 87752 839053 757755 273813 244502 370853 827423 660273 280412 256356 528582 402103
749303 742360 519355 783921 147523 660857 834068 816462 634545 822044 820011 1131862 1005413 822331 403251 788256 773503 1127081 66634 715099 705241 733114 355897 746047 319216 758909 887869 775832 642762 737311 631877 755927 841344 874383 389120 163488 498689 753337 482784 692538 558570 609211 873079 410307 999999999 912306 202908 827546 66171 951645 145795 685925 481398 925066 598905 349923 567302 483897 571425 943504 1068947 855003 364575 910348 856152 703781 353467 403487 486846 1002271 746142 531841 811570 357652 170281 740744 925486 58132 362104 259806 786204 793322 119304 865801 399224 1218795 963791 895771 455701 869935 913450 592813 389374 667548 925070 869052 254845 618403 211480 800808
720084 177461 682487 509592 778810 587506 873447 198794 546138 912653 422907 317555 274976 980487 534407 428720 878627 356819 872087 816641 945763 928466 714784 334223 602763 715256 84314 854752 275407 542086 489943 868802 83108 138583 635425 992166 805905 165659 590936 229802 745898 304704 58911 504112 912306 999999999 716686 981951 927857 84907 766513 761249 431056 438805 866860 950203 406399 556878 348419 493366 252423 193376 653677 785597 819037 228983 565425 545994 932989 398252 543634 580966 936906 673568 841202 182374 1018282 944876 907808 653883 441476 119115 832769 886322 524598 443616 667354 22957 483928 992557 783302 480110 661892 419899 906478 647493 728533 338093 998611 235180
598719 543719 369615 663951 62400 487486 708954 613723 453569 707741 625057 928969 802647 725264 200544 650660 657103 924416 184650 589801 617325 635701 215367 545000 116706 606685 687823 653229 453886 626673 441946 639244 649273 690729 213976 284315 393272 562197 304297 492971 427216 412061 680879 226049 202908 716686 999999999 730038 238704 751891 70543 549420 289568 729854 502482 345117 365004 368330 385846 752025 866208 652199 279791 759368 716792 502897 152302 202236 435775 803066 564872 354329 704796 195093 151051 541493 821738 248140 329211 93547 592935 597608 174430 739758 229232 1016446 790298 701302 292206 768501 761780 461837 313999 470602 796142 698403 109170 415526 304452 627904
262699 846129 387882 1256388 731506 400785 126199 783732 449361 76046 575875 952048 833125 5381 668432 1206001 103660 903382 862510 172593 124418 95098 515670 647820 706834 268816 902622 127297 884597 1242486 508096 115686 973332 1061025 545803 724376 337644 928278 497091 810048 314399 804824 992374 807964 827546 981951 730038 999999999 892805 947275 786501 230093 798418 619085 230288 502896 648258 1025799 868629 583267 929690 796964 984577 276119 199224 792988 718163 644997 353581 720198 440209 468410 45526 545163 659435 836712 99725 884662 473844 793959 547902 908509 882560 135274 846844 949484 438074 984244 893303 44359 281093 1072917 1019331 570899 173435 383476 621672 700823 678217 1073139
808213 762322 577297 761252 193031 713879 897032 844684 684850 886079 863346 1160911 1037238 887607 437277 772160 837239 1159355 56542 777730 770795 798224 413479 782959 350424 817530 909118 838939 654527 712014 678150 819593 853920 880356 439703 220261 562383 765761 533227 714074 619752 628489 885574 423786 66171 927857 238704 892805 999999999 972195 171570 746979 497845 968250 663743 415688 601933 466027 581914 989295 1096583 883562 342520 969596 917278 727329 381476 440651 553001 1041626 796652 582926 876201 410980 234092 761529 990495 23986 428272 275348 830712 809623 99197 928725 406023 1252287 1017510 910238 457384 935020 972571 577375 362798 709198 987764 923483 308215 648499 270935 800848
684603 209873 674341 594147 813103 562649 833739 172352 526412 875621 375711 235022 193395 946232 560612 513352 845038 272090 915864 787055 921186 900581 725867 307674 635808 678593 64300 820118 331664 625687 473782 836618 160347 223278 647752 1019762 798901 229695 592381 259124 732303 343708 142128 550043 951645 84907 751891 947275 972195 999999999 806465 733573 474878 374976 850356 959474 416515 625889 402821 428773 168498 151008 715675 735036 775129 249742 599589 569032 928992 322680 507119 575414 901840 687219 867245 210951 976329 987880 915176 696858 399942 170946 879648 844054 575439 360016 606819 106620 541083 954440 732345 555875 726654 402677 859472 596599 751958 350608 1021989 319181
665943 596959 435587 667523 59395 557511 771663 674408 524050 768074 694414 990467 865993 781596 265765 662768 717683 988052 116018 652034 670678 691613 276773 611575 178870 674202 742836 715175 497430 625679 512278 699801 695733 730437 283264 261118 448860 607790 374430 547463 489700 463616 727465 265091 145795 766513 70543 786501 171570 806465 999999999 613826 335622 799054 557054 368512 430381 366422 426532 821961 926667 713181 260708 827016 782360 559350 210644 269846 476470 870660 635396 424490 763371 261677 160801 595516 880082 183595 361256 115164 662686 647537 104593 802767 257016 1080822 860568 749993 316267 826090 829539 469084 292175 539581 859908 768411 166759 477467 292252 660063
84769 618538 181283 1028954 565514 174171 162849 565205 220393 176274 376020 769962 641890 227422 452686 976959 129288 729007 707070 57564 189016 167324 337729 427967 503453 96802 684600 113941 654608 1017063 279181 114749 747413 833797 344391 620973 200373 699344 278707 580988 127358 574861 767806 590811 685925 761249 549420 230093 746979 733573 613826 999999999 574277 442989 155936 424195 418455 809633 640332 421319 737572 582584 780889 229940 170299 564669 508550 430095 299813 547750 233361 243465 188856 354764 516747 609278 296547 743996 380526 598469 342481 681965 716396 192185 631806 790047 334364 761897 673714 253325 233763 849355 814859 344392 246917 245473 447875 470834 585202 843279
583826 265209 414844 461283 351945 433588 731830 362034 382502 750551 459195 674677 560764 794871 147899 420792 702683 681933 441733 629333 714398 715848 355296 344557 182994 586587 412407 688081 164431 444188 336402 686824 360535 402247 284347 571875 509862 272962 302612 219121 490938 131737 392238 75674 481398 431056 289568 798418 497845 474878 335622 574277 999999999 552716 606223 576661 185848 250537 99963 591173 607886 400759 278104 722030 710147 235865 145589 170122 609604 597809 467789 330953 760911 310018 426712 265131 870799 514248 543287 222982 440092 312264 404783 757264 109242 777297 690562 414373 111541 826484 722564 275078 302171 317528 802129 616621 325423 189287 585810 348718
370259 390842 472979 882514 778081 313316 495566 265723 311332 543394 105056 333063 218541 619322 537749 808546 524880 287139 914473 484402 626745 596034 599079 208538 624868 360612 355315 498037 508708 896121 296019 521526 470891 560846 541826 931583 583220 476043 451969 392443 498151 455196 474788 616372 925066 438805 729854 619085 968250 374976 799054 442989 552716 999999999 590921 795251 381330 790284 546905 54616 313769 251643 830280 373127 427823 366425 601752 530009 712103 104761 220875 408728 574315 578930 787228 381890 627876 975938 747046 720013 140217 424517 897373 498483 658187 348450 232381 451133 660244 616318 369688 768847 854873 259560 502123 239452 675935 363660 914371 622920
240344 708723 195787 1067373 501519 292825 248294 678365 324011 226209 514104 911001 779541 225241 465281 1024999 181263 873810 632409 144501 115386 135198 290746 543117 490329 252314 796076 191162 717629 1047389 377548 165109 840970 921607 332870 505797 109364 781182 307236 664613 122843 639186 864845 603157 598905 866860 502482 230288 663743 850356 557054 155936 606223 590921 999999999 291491 485509 816644 688300 573495 873433 701276 764698 367742 292839 652929 506672 441548 151168 695288 373144 295494 212858 324902 429894 700307 326844 656404 254658 571260 477725 774680 652349 279304 638635 939313 488820 864226 690553 271567 372266 875023 799699 448451 339169 401333 393513 548262 463433 914694
505080 774138 322307 1002500 309939 483907 539770 793251 485540 514913 698933 1078769 943668 497520 433834 981023 472273 1054747 400908 431585 378565 413496 235493 677643 402991 516778 897226 482551 729536 968476 515667 456477 900835 963644 314988 222712 226813 822637 370321 722527 312850 664203 930120 537671 349923 950203 345117 502896 415688 959474 368512 424195 576661 795251 291491 999999999 544653 712164 675567 793606 1028031 825773 623060 651708 581353 721225 436199 415819 149321 892726 578847 398946 496691 278005 208384 768313 602620 402211 48206 437078 660431 838497 437144 570674 556540 1134135 751229 940714 619208 547034 655880 799754 656442 578871 630417 656836 258003 612541 175328 924056
