NAME : synthetic_000758
TYPE : CTSP-D
DIMENSION : 100
GROUPS : 8
RELAXATION_LEVEL : 1
EDGE_WEIGHT_TYPE : EXPLICIT
EDGE_WEIGHT_FORMAT : FULL_MATRIX
EDGE_WEIGHT_SECTION
999999999 340048 445900 338170 472991 569236 574554 245746 23324 547799 467909 153283 448305 413562 245124 373783 490760 416475 484686 610942 336751 391187 446197 300973 534773 301829 612156 318900 232410 657324 410559 292794 150428 597798 282155 69294 318342 407069 93190 483753 409672 538541 497376 262487 353448 472279 675216 458803 167439 488093 385745 596447 527068 638086 479284 314443 272699 442095 197247 580257 200034 383897 541315 179165 329639 205597 529195 579781 530016 431347 231565 24780 613822 265764 204694 589434 588621 574778 354823 374952 425152 381603 214368 272747 475473 552053 567064 486472 512871 306540 273754 454504 601505 348641 307011 624792 340204 552256 409256 693346
340048 999999999 641012 117422 620751 830050 861552 457670 359642 764872 717527 330727 285928 308455 473014 499782 462416 610768 806485 885102 100839 485172 316971 77246 768762 635668 934831 408414 310175 984973 298225 619944 318874 837101 619988 270802 444159 404843 403807 740602 501953 773507 609785 212251 692047 660801 968517 797808 200451 804249 236340 863549 540867 934399 819266 560472 548893 624838 506262 490483 535085 719334 487397 477764 78515 533341 555858 890216 743622 705751 380545 350792 870264 587887 543349 926712 928012 837249 521028 445649 340990 368437 251155 112736 493363 892097 894493 509385 695359 91251 611926 366687 925286 567937 499206 940411 679379 851659 727075 990647
445900 641012 999999999 553031 86972 225159 849505 204195 427646 916996 128754 599116 505990 840120 201044 810445 352170 820718 692019 291378 698104 832995 469146 565862 140781 370648 460768 764072 676366 522484 834836 332524 596229 938039 399146 474582 759227 319104 359165 822063 850855 892061 148794 432872 431065 872525 397378 565613 459287 347591 486596 900919 301794 882224 550496 144589 205765 25403 294338 458073 481056 559393 397423 289236 578017 512109 284199 382280 103819 179086 675320 421231 253093 311380 456920 678817 646294 889507 780979 233703 416510 824132 647669 644114 287929 591250 454826 932193 67540 556039 483070 888239 771363 98842 729124 437061 435294 806072 653410 424921
338170 117422 553031 999999999 522589 755673 898879 387918 352436 827808 642577 379376 172756 419755 406454 578839 345718 676780 822215 814595 214527 570785 200689 57928 687091 608921 890361 490248 383643 944357 409960 586938 367681 893779 599846 275068 520001 291988 377167 789401 588737 830738 505292 122798 672028 729886 905013 791155 171854 757314 119188 909893 425667 967403 807178 492136 492393 534449 467718 374386 537931 720736 369979 436726 39314 543234 441472 837684 656800 640407 444849 340749 793368 552298 540310 923824 918983 885202 591140 341825 223664 468699 323524 203611 379562 877957 854968 609863 602172 41679 609177 478209 939504 490617 561170 890442 661328 882424 745546 928825
472991 620751 86972 522589 999999999 300771 919354 228104 457675 973143 214027 625042 451365 846403 233421 845233 278431 867694 766472 367344 688108 864143 411782 543823 211174 444734 547058 791091 696434 608727 840168 406080 620607 999724 470275 489955 791073 260076 394529 882636 882564 950933 61886 408620 508511 921084 475218 645619 454882 434507 441504 967618 219214 955944 632574 205625 267795 64392 349381 379580 538397 633360 319382 337516 551813 568064 200321 467845 162668 265955 704544 449175 322031 381096 516185 761951 730640 954617 820555 183814 359011 840845 661226 639031 212687 675766 541789 957083 89085 531891 549785 897592 850392 154169 769716 522175 511346 877744 723122 503116
569236 830050 225159 755673 300771 999999999 812619 372382 546854 930896 113120 712422 727472 982507 357635 891744 576405 867985 641075 66618 871643 922469 692027 759077 90622 360570 279108 866199 797782 336810 979131 334481 713055 931213 397833 617759 850125 543406 476144 824222 938264 897366 358974 632947 390228 912782 174619 491067 634653 215685 702789 875600 519728 825539 461677 270505 297361 250099 375892 680123 521200 521645 619731 390135 775610 553193 500224 196678 142917 138899 776683 545491 45161 337087 493676 571645 529368 871173 851055 456748 639759 946500 783466 811999 511438 476086 295412 1033161 219099 751936 487945 1023460 689658 265071 799063 242603 402042 762715 628288 202606
574554 861552 849505 898879 919354 812619 999999999 726511 568781 218942 778755 530858 1022820 721152 710132 444191 1042062 313453 172966 805122 806178 485125 1019995 850951 845539 479968 625509 514308 569452 617550 727593 517396 542691 157720 450369 627354 468470 960346 586781 144072 483454 174230 968644 836929 428376 301570 787797 327488 736970 603748 959918 72889 1056300 79126 364456 713775 651951 861944 578548 1142258 401157 294634 1095995 599658 880574 380376 1051519 669190 876248 710037 493841 582204 849797 538789 415833 315797 361256 86669 392610 904390 995342 621850 619765 756247 1010551 388882 574355 579948 908165 861356 370386 712188 190106 765254 385112 669399 420077 52685 196283 785320
245746 457670 204195 387918 228104 372382 726511 999999999 229710 755629 259970 398665 397063 636368 22282 617142 328947 642844 590664 428411 503187 636497 371885 387177 314858 288000 514792 564568 473422 572600 631278 253038 394917 789488 299552 270405 563244 256050 167210 671752 654823 736969 258971 265648 359032 697038 517095 498804 264094 381746 355917 766843 330499 773466 498904 104277 116682 197536 150648 438082 329115 460925 383851 126872 404900 355626 325028 454680 297899 252495 477187 221596 412837 218130 311267 629218 609319 750792 592882 182812 327149 620487 443497 446086 287312 558856 486937 731658 269658 380775 359723 684092 690623 113876 542365 509054 355353 690513 534063 541009
23324 359642 427646 352436 457675 546854 568781 229710 999999999 551077 446304 171918 455470 436304 227571 387683 487818 423752 472897 588060 359146 406895 451233 317658 513679 279729 589279 336433 253167 634804 433422 269908 170031 598186 261054 89929 333550 404157 71441 482980 425159 539926 484239 270409 332736 479288 651929 441143 180703 464896 393865 593386 520508 630519 460463 294121 250793 424712 174106 580135 185923 368344 539291 156720 345895 194640 521693 556507 510030 408762 248012 13441 591520 242568 188119 572622 570520 572480 365923 367300 427666 402493 237103 295149 469499 532927 544476 504612 494858 322320 257164 476655 588821 329805 316870 601641 319817 544596 398841 670029
547799 764872 916996 827808 973143 930896 218942 755629 551077 999999999 873694 449429 975704 561923 744374 281382 1038442 154561 345013 937161 690601 314159 982043 773384 944975 572541 791452 368939 454991 795390 570237 603829 460861 86220 536358 580610 326278 954736 593614 111371 306167 45547 1013036 794340 543113 111625 940626 487008 687073 740179 911002 161894 1070202 288501 528440 773023 711246 923906 624430 1126795 436017 420882 1089096 635968 801692 405428 1069977 819523 965656 809365 385160 563770 972531 613566 460193 515725 556387 136395 245888 916142 968135 460022 513741 652775 1019898 571874 736982 386001 981695 786999 445584 540132 403338 822534 267012 831206 529988 258616 315720 943177
467909 717527 128754 642577 214027 113120 778755 259970 446304 873694 999999999 615561 618489 879107 246111 806952 478362 796046 612645 174004 761204 834987 584268 646174 72221 303529 333285 774069 699219 394880 875231 270079 615158 883548 338233 512096 761651 438081 374898 771470 851605 843800 275705 519839 350576 844073 274614 473286 523227 227588 591517 836455 430539 802148 451794 159958 195767 153926 281797 585753 447235 484143 525084 290815 662531 479574 412906 253837 98386 69336 684123 443582 152907 261968 420395 574849 538253 828562 770075 350383 532550 848513 680845 702368 415118 483074 331168 942355 151734 638901 428510 922119 678909 152028 717682 308386 358756 731712 586278 301413
153283 330727 599116 379376 625042 712422 530858 398665 171918 449429 615561 999999999 527504 284438 398407 229555 613477 301457 487696 749165 282142 241262 536535 326560 684092 405457 719393 166051 87150 757014 284090 408297 11926 514444 376063 146827 170753 531417 242555 412131 260148 451363 646608 350124 438719 356364 803804 509916 242380 605688 462830 534267 660999 604201 539921 465765 419847 595350 336531 690523 252909 422252 659800 324749 355611 237388 665807 699442 681788 573554 82221 177893 757448 389201 272501 627843 638605 508585 223154 513802 528019 234164 101713 227031 608291 612916 669403 333192 666139 339182 330888 315963 605967 501592 184979 738965 423031 522309 407334 819367
448305 285928 505990 172756 451365 727472 1022820 397063 455470 975704 618489 527504 999999999 592186 419073 740745 208044 828920 924934 791790 385774 736294 42706 229249 646717 667062 910532 654736 545969 969109 582285 637541 516508 1035739 667420 399089 680865 191452 454797 925895 754682 973923 415978 185916 736150 883564 892427 868170 289780 778116 64710 1042366 295202 1085915 876712 491868 513447 482895 519369 206575 636801 809924 214942 487825 211214 649427 315144 846317 606405 635038 600479 442205 758686 601427 632403 1002038 989443 1019502 747386 272426 93064 640404 487084 375634 261219 942727 883982 781251 539279 211829 697981 650638 1037984 472496 712431 901684 728558 1000005 853244 918605
413562 308455 840120 419755 846403 982507 721152 636368 436304 561923 879107 284438 592186 999999999 642711 282452 749998 416020 729632 1024318 207622 247817 619753 365442 943612 689852 1003806 207441 198919 1040758 10868 691572 279771 645785 660392 368003 253044 680274 506435 579887 257314 585805 852584 472921 721784 450310 1084853 780959 394572 889336 537427 698455 819533 800112 814346 721768 685347 830957 609970 793071 534363 690618 782745 592681 380985 514918 830898 982914 933133 844883 256608 437055 1026917 670527 555626 888367 905655 669829 329329 696530 635682 101940 199205 223744 768168 885942 953594 219050 903992 383024 610141 58456 841851 748535 339426 1023215 705865 729916 651971 1101401
245124 473014 201044 406454 233421 357635 710132 22282 227571 744374 246111 398407 419073 642711 999999999 613508 349659 634696 572043 412147 515263 634215 394114 403713 303983 266828 493350 563799 475360 550926 637944 231473 395301 776297 279415 275238 560668 277704 161561 658594 652345 724659 268728 284677 337810 688433 498886 477864 277150 360171 377299 751751 348427 755842 477389 87458 94487 197145 132383 459223 314797 441654 404502 111076 422275 342237 342075 434129 290423 234383 475582 220554 398941 196829 295861 607876 587570 736231 587417 202890 349430 623359 447980 457058 306462 536935 465007 731592 267787 397925 342023 689313 670835 105879 536405 488266 334468 673336 516820 522438
373783 499782 810445 578839 845233 891744 444191 617142 387683 281382 806952 229555 740745 282452 613508 999999999 841859 133807 481055 917675 416803 43213 754859 521612 878336 545589 837636 91716 195315 861747 290218 562311 237627 363935 509367 376365 60361 760329 452161 300784 50669 303412 871157 572446 551759 170197 953175 567726 466344 746027 677025 416767 890552 523287 606702 670028 616278 809799 526424 915025 375860 478381 887041 523687 547727 345946 895288 837964 883900 754970 147568 396779 936690 554908 403006 652953 679321 388086 56500 742902 751471 180770 255316 387261 837836 671758 783179 158597 877985 537163 432461 268175 583661 711627 97799 866992 535455 459034 411122 963782
490760 462416 352170 345718 278431 576405 1042062 328947 487818 1038442 478362 613477 208044 749998 349659 841859 999999999 905007 916154 642937 554303 847202 165504 390623 488381 616389 800545 765877 657405 861837 741213 580443 604624 1085406 628397 467601 781888 83706 456054 969280 866278 1027683 229064 279897 687286 960955 749512 827514 378222 675343 231026 1075024 87310 1094652 826105 392773 436208 326867 477995 111527 640977 788404 54944 450886 383967 662392 107970 726754 441052 513530 694539 474915 600110 546319 628019 957008 935004 1055975 835245 147589 123996 778100 605202 526255 65868 883098 784892 913560 366755 373865 683570 807467 1018852 355573 791776 782505 684126 1010096 854898 777087
416475 610768 820718 676780 867694 867985 313453 642844 423752 154561 796046 301457 828920 416020 634696 133807 905007 999999999 373353 884649 536104 172629 837671 621555 868264 508939 773546 216288 300676 789409 423575 533544 312413 232800 471456 439896 172470 821608 476173 169382 170024 170814 901759 650621 498097 55949 905543 483360 542803 698534 764263 283010 943515 392225 524503 676393 617219 824213 526930 988202 348926 399944 953876 532248 649491 316580 945283 786186 881732 736968 232300 435462 911813 534807 376035 549888 581827 254321 91621 790901 827148 314515 359788 498485 891942 582688 718234 268965 887442 635637 384083 401185 465681 723023 116489 807860 482708 333113 313761 912605
484686 806485 692019 822215 766472 641075 172966 590664 472897 345013 612645 487696 924934 729632 572043 481055 916154 373353 999999999 632269 769535 524254 915983 781188 677598 321863 456289 526582 548916 453597 733828 360438 498425 312465 297405 547596 483922 837435 472290 236569 528908 301270 819159 742040 262896 387125 615994 154731 652125 430948 865074 241015 920405 190368 192823 562701 502800 706509 440018 1021422 288266 133135 970950 465552 810587 279111 913318 496776 710803 543439 477643 485626 677579 386561 293520 177088 213144 243493 424577 772824 884932 639387 587353 712022 877955 227290 403887 635571 747605 788684 232749 734562 118849 613773 395998 499129 257003 121810 80364 614462
610942 885102 291378 814595 367344 66618 805122 428411 588060 937161 174004 749165 791790 1024318 412147 917675 642937 884649 632269 999999999 922422 950344 756878 815551 156707 376050 233059 898101 835562 286424 1021479 355505 750696 931331 413467 663349 879153 608939 518681 828374 965416 901487 425284 691802 394108 926911 108500 478829 687652 201405 765520 870800 586211 811696 445608 324722 343323 316431 414477 746737 542979 520407 686348 432327 833136 574209 566611 154779 208330 181751 809420 587925 61445 364472 515510 545709 501028 868548 874341 521932 704792 983151 825143 861681 578022 449966 259410 1063273 284895 809130 500982 1063068 669900 325187 822985 191573 407652 753970 627879 136549
336751 100839 698104 214527 688108 871643 806178 503187 359146 690601 761204 282142 385774 207622 515263 416803 554303 536104 769535 922422 999999999 397441 415215 163828 818028 638548 947809 325216 238943 993945 197387 628654 271192 766857 617621 270497 364992 491002 416390 677608 413129 703493 683928 287737 687719 583061 998424 779897 239492 821224 333494 801017 629313 881696 805642 601453 579962 684485 523551 588913 515788 696051 582726 498379 175283 508028 642862 910975 798168 740865 313876 353489 913790 599763 528809 903706 910203 773736 444743 521451 435512 272013 186502 64005 579909 879135 903590 411824 756767 180923 594857 265851 887979 616653 430186 958253 673653 801691 689204 1018776
391187 485172 832995 570785 864143 922469 485125 636497 406895 314159 834987 241262 736294 247817 634215 43213 847202 172629 524254 950344 397441 999999999 752711 513033 905894 580532 876220 82017 191644 901515 256290 595616 247681 398446 544792 386336 73842 766798 473848 341301 19104 339468 887484 573607 589593 202591 988682 609459 469477 782039 673380 455189 899388 564131 648136 694414 642445 831200 553473 916156 410647 519765 890778 548713 537944 381614 905142 874488 909453 784896 159885 414990 967535 586467 437439 695954 721993 426499 99679 754222 752357 146020 249281 373809 846506 713764 822004 117809 900467 529198 470240 228748 626721 734395 137443 904719 573230 501211 454075 999929
446197 316971 469146 200689 411782 692027 1019995 371885 451233 982043 584268 536535 42706 619753 394114 754859 165504 837671 915983 756878 415215 752711 999999999 254469 609918 648463 882430 670795 561364 941654 610110 617510 525939 1039421 651037 402147 694645 151777 443918 927840 771344 978291 374742 187726 718369 892833 858719 852664 295126 750775 82433 1042428 252581 1081107 859332 463058 488564 445601 501055 173700 628761 797879 175212 469913 239948 643321 272454 816361 568470 603822 612078 437822 722190 581449 622572 986209 971763 1020301 758440 235526 52877 662964 503642 399791 218711 923896 857706 803024 500146 236866 686654 678164 1027367 440658 721335 871966 711572 995199 846095 885185
300973 77246 565862 57928 543823 759077 850951 387177 317658 773384 646174 326560 229249 365442 403713 521612 390623 621555 781188 815551 163828 513033 254469 999999999 695428 584978 876205 432669 326608 928259 355911 565985 314733 840772 572745 234290 463036 329596 351598 738130 530935 777524 532548 135207 645160 674208 901717 758768 142477 744217 172061 859457 466856 920888 777163 490943 483848 549145 448977 427630 500685 684844 419150 419100 29669 503326 481157 827861 668883 637764 389320 307030 798518 532497 505441 890174 887897 834308 535080 368425 271860 411315 266361 146388 418399 849009 838141 552357 619209 17602 574538 423808 899265 495477 506443 879278 633519 836466 703353 924546
534773 768762 140781 687091 211174 90622 845539 314858 513679 944975 72221 684092 646717 943612 303983 878336 488381 868264 677598 156707 818028 905894 609918 695428 999999999 373641 359477 843939 766846 419318 939371 341149 683259 953425 408950 575734 832423 459631 442265 842070 922653 914585 268584 565257 417243 916234 265094 534358 578764 273355 626051 904576 429644 866109 509974 221843 264617 164581 352426 590754 519440 551038 530531 359667 709774 551781 409938 276832 52795 136519 753989 510218 112531 334055 492573 628702 589543 897415 841934 374483 557260 916171 746260 760733 423017 534834 367694 1012426 128489 686895 499511 987921 738463 201563 789531 326942 426381 797669 654570 293115
301829 635668 370648 608921 444734 360570 479968 288000 279729 572541 303529 405457 667062 689852 266828 545589 616389 508939 321863 376050 638548 580532 648463 584978 373641 999999999 314622 536147 491917 356315 689236 38714 410233 580022 37483 369430 511797 543834 233385 468503 594529 541158 498321 501792 71047 552531 408267 211254 442530 203005 615626 534577 609052 511777 211668 242335 185068 384679 147694 726030 169894 188894 671169 179278 610939 199790 599812 296676 398976 237333 451216 286598 403686 70092 143211 341305 323498 525636 499966 469205 608501 631924 497368 574549 570769 275672 266643 696101 428220 586122 127533 719642 409323 292831 449350 333685 68571 435592 284836 420434
612156 934831 460768 890361 547058 279108 625509 514792 589279 791452 333285 719393 910532 1003806 493350 837636 800545 773546 456289 233059 947809 876220 882430 876205 359477 314622 999999999 841377 805324 61737 1003431 319373 724521 768257 343505 677313 812227 748106 532959 680085 888064 750578 608860 772621 287455 805901 170625 305036 735615 133479 870646 696231 760933 616646 264366 419394 400815 485316 428569 910740 473865 375713 850451 457443 899396 498766 744303 82797 410895 287230 760150 594360 293628 348373 450131 332678 284937 699782 786542 661016 834155 942106 811982 883933 740356 241411 55331 993821 480560 874334 406384 1031803 465584 447005 739844 46828 303870 572841 476300 162196
318900 408414 764072 490248 791091 866199 514308 564568 336433 368939 774069 166051 654736 207441 563799 91716 765877 216288 526582 898101 325216 82017 670795 432669 843939 536147 841377 999999999 109628 871436 213451 546866 170877 449076 502155 307850 45855 685846 405697 374317 100874 386949 812035 491662 554050 259195 943424 592161 387888 739130 591649 494847 819237 593130 628479 628423 579382 760901 492495 834165 368424 501247 809088 484554 458152 342612 825450 832648 844373 727605 89954 343306 911360 533799 393698 690820 711963 466431 125535 675460 670365 112806 167658 296082 766323 697581 788370 168690 831287 448596 436130 208094 636544 666065 132389 866647 537656 522483 450833 956465
232410 310175 676366 383643 696434 797782 569452 473422 253167 454991 699219 87150 545969 198919 475360 195315 657405 300676 548916 835562 238943 191644 561364 326608 766846 491917 805324 109628 999999999 841854 199427 495377 84873 529027 461824 207137 136434 578061 324588 438795 210476 465506 713337 382165 522870 350783 890941 586167 279186 692644 482581 562172 712704 646065 618179 546852 503496 670950 422059 724574 335576 496728 699989 408694 353175 316986 719675 786434 762330 659034 75614 257139 842715 476312 356708 698844 712969 534821 210957 571530 560776 149331 60338 197811 659786 690477 754834 262686 742753 341977 411936 228813 665187 580130 191441 825564 506964 568207 469163 906512
657324 984973 522484 944357 608727 336810 617550 572600 634804 795390 394880 757014 969109 1040758 550926 861747 861837 789409 453597 286424 993945 901515 941654 928259 419318 356315 61737 871436 841854 999999999 1040907 365913 762838 765701 381714 723818 840053 808601 581617 684503 912389 753044 670512 827855 319313 818230 208832 309772 786843 190995 928064 689610 822652 600994 267987 478901 457562 547047 479410 972162 507265 389474 911919 509182 952097 529868 806040 142705 471122 348744 792900 640708 347746 397104 485167 311534 263119 695663 809103 721728 893794 974967 852008 929952 801863 228670 90553 1019324 541551 927024 435377 1066227 447033 507784 764285 94938 335452 565024 483687 193337
410559 298225 834836 409960 840168 979131 727593 631278 433422 570237 875231 284090 582285 10868 637944 290218 741213 423575 733828 1021479 197387 256290 610110 355911 939371 689236 1003431 213451 199427 1040907 999999999 690349 279004 653858 660153 363641 259206 671928 503233 586715 266205 593629 845718 464602 722142 458612 1082918 783146 387597 888180 527824 705716 811198 806488 816195 717539 681857 825405 607305 783506 534998 692964 773603 589553 371116 516090 822727 981665 928347 841730 259366 433851 1023455 668842 555907 891556 908315 677115 336262 689128 626474 110270 196428 215009 759949 887994 953479 229722 898466 373478 611204 68469 846532 743710 345003 1022382 706285 735716 655874 1099687
292794 619944 332524 586938 406080 334481 517396 253038 269908 603829 270079 408297 637541 691572 231473 562311 580443 533544 360438 355505 628654 595616 617510 565985 341149 38714 319373 546866 495377 365913 690349 999999999 412019 614274 68534 358232 525269 509087 216145 501480 610363 573730 459611 476579 107379 578953 397095 248217 423671 197862 587778 570922 571393 550222 245917 203697 147104 346223 120110 690522 187676 227389 635112 151816 591086 219272 561866 291342 364073 205838 459942 275169 378521 36115 160148 376578 356450 561276 518938 433017 576309 638613 496120 564725 533768 306834 275377 709726 390871 566107 158432 724066 447728 254126 467491 333225 106771 473551 321750 411518
150428 318874 596229 367681 620607 713055 542691 394917 170031 460861 615158 11926 516508 279771 395301 237627 604624 312413 498425 750696 271192 247681 525939 314733 683259 410233 724521 170877 84873 762838 279004 412019 999999999 526193 381488 139030 178275 522810 241169 424043 266665 463077 641175 339844 445044 367156 806741 518580 232219 609669 451858 546192 653124 615940 548117 464152 419391 591978 337255 680739 260138 431340 650580 324416 343758 245659 658232 703326 680038 574266 90062 175182 758018 392054 279008 637354 647558 520504 233110 506684 518016 233561 92732 215561 600354 621233 674900 336763 663088 327421 338532 313144 616799 499069 195926 743456 429472 533940 418074 822633
597798 837101 938039 893779 999724 931213 157720 789488 598186 86220 883548 514444 1035739 645785 776297 363935 1085406 232800 312465 931331 766857 398446 1039421 840772 953425 580022 768257 449076 529027 765701 653858 614274 526193 999999999 545765 637379 405119 1001902 633194 117736 391258 63596 1043308 851978 541003 196138 924854 464062 745993 731062 971230 88388 1111497 215750 504005 796054 733615 947106 650647 1177938 462135 410960 1137356 665835 869599 434063 1109717 804388 978347 816928 456606 611328 971093 628727 483559 471067 515116 71759 324154 957309 1022197 543849 586351 725971 1062481 537974 715195 472190 1000798 853614 456885 625482 347824 846748 338043 810370 529629 206153 303537 924868
282155 619988 399146 599846 470275 397833 450369 299552 261054 536358 338233 376063 667420 660392 279415 509367 628397 471456 297405 413467 617621 544792 651037 572745 408950 37483 343505 502155 461824 381714 660153 68534 381488 545765 999999999 350934 476702 553416 222683 433241 558538 505649 521959 496980 72415 515120 443921 201947 430853 237489 613775 502814 625922 485915 209747 265554 205404 411790 151837 736803 134372 164616 683326 181799 599522 163421 617794 330639 432589 273029 418333 269257 441063 89309 108459 335187 322570 492868 463191 482233 613195 599733 470294 553756 585625 278571 293413 660782 458608 574965 90826 688557 391585 316820 412816 365311 61773 407596 254285 455345
69294 270802 474582 275068 489955 617759 627354 270405 89929 580610 512096 146827 399089 368003 275238 376365 467601 439896 547596 663349 270497 386336 402147 234290 575734 369430 677313 307850 207137 723818 363641 358232 139030 637379 350934 999999999 317274 385093 147372 526812 405377 576145 506246 214599 422476 495702 732968 527535 109930 551147 334971 643729 514195 693943 548472 353913 320690 467316 255007 548307 266777 451219 514973 232218 263421 269147 519202 641630 565499 482021 228881 83110 661617 329343 273140 657567 657530 620551 367651 367897 387833 351160 173092 206661 461470 621300 633377 469458 539870 241136 342043 414084 665347 381111 325067 688147 409365 608563 470533 752196
318342 444159 759227 520001 791073 850125 468470 563244 333550 326278 761651 170753 680865 253044 560668 60361 781888 172470 483922 879153 364992 73842 694645 463036 832423 511797 812227 45855 136434 840053 259206 525269 178275 405119 476702 317274 999999999 700550 400108 328531 91682 342597 815308 512085 524849 218084 920026 555221 406032 714191 617030 449316 831397 547312 592469 620578 568771 757574 480001 854669 342333 464527 826854 474927 489568 314563 836454 807187 835669 712244 88538 341918 895233 514851 368606 650247 672828 420951 80967 684551 691110 156507 196739 331425 778619 660432 758574 184482 826711 478349 405892 250991 592628 660599 88149 839166 508434 477029 409273 932020
407069 404843 319104 291988 260076 543406 960346 256050 404157 954736 438081 531417 191452 680274 277704 760329 83706 821608 837435 608939 491002 766798 151777 329596 459631 543834 748106 685846 578061 808601 671928 509087 522810 1001902 553416 385093 700550 999999999 373753 885910 785896 944055 225831 207356 614880 877555 712567 754124 299465 619249 189971 992312 139271 1014103 754947 331715 368444 295059 401916 184059 559564 711181 135918 373581 327858 580261 151863 678010 417145 463962 612838 391234 572111 474111 547482 885134 865272 973013 752583 88025 98950 702740 527395 457284 88915 814458 728111 836349 348369 313953 604686 736975 942072 301343 708677 733896 610706 929232 774602 739485
93190 403807 359165 377167 394529 476144 586781 167210 71441 593614 374898 242555 454797 506435 161561 452161 456054 476173 472290 518681 416390 473848 443918 351598 442265 233385 532959 405697 324588 581617 503233 216145 241169 633194 222683 147372 400108 373753 999999999 515981 491765 577921 425736 277105 294878 530715 585826 417336 209171 404949 397385 619095 478319 642417 430836 223224 179523 357691 107638 555550 187129 355161 509582 86375 377709 206520 476969 494676 439276 338498 316454 69385 520681 184712 178771 551088 543203 600497 426028 324116 412984 473917 307328 352981 429435 500992 491073 574249 426622 352969 243202 547693 583603 260686 375269 541964 284226 557000 404328 604871
483753 740602 822063 789401 882636 824222 144072 671752 482980 111371 771470 412131 925895 579887 658594 300784 969280 169382 236569 828374 677608 341301 927840 738130 842070 468503 680085 374317 438795 684503 586715 501480 424043 117736 433241 526812 328531 885910 515981 999999999 339392 73184 925777 741024 434879 161674 829734 375749 636306 630324 861683 123423 994187 222897 417246 679489 617129 830625 533377 1063111 344640 310244 1021566 548203 767390 316357 992222 708649 865162 705835 363765 496236 865229 514122 366480 410700 449396 96647 250578 840051 908844 479678 492805 631760 945391 462224 625612 436530 885403 750077 343216 568954 308069 729985 249109 719865 422339 167743 204471 832014
409672 501953 850855 588737 882564 938264 483454 654823 425159 306167 851605 260148 754682 257314 652345 50669 866278 170024 528908 965416 413129 19104 771344 530935 922653 594529 888064 100874 210476 912389 266205 610363 266665 391258 558538 405377 91682 785896 491765 339392 999999999 333522 906194 592531 601942 195128 1002451 618134 488514 795517 691874 450866 918487 562249 657220 711892 659508 849256 570287 935037 424657 528926 909800 566010 555634 395171 924224 887686 926711 800938 178588 433390 983294 601899 451629 701841 728904 422222 105753 773253 771237 156325 267792 390967 865606 722005 833663 108229 918349 547185 482603 234289 629357 752199 148260 917171 585616 501471 460240 1013353
538541 773507 892061 830738 950933 897366 174230 736969 539926 45547 843800 451363 973923 585805 724659 303412 1027683 170814 301270 901487 703493 339468 978291 777524 914585 541158 750578 386949 465506 753044 593629 573730 463077 63596 505649 576145 342597 944055 577921 73184 333522 999999999 992733 790687 508061 139455 901867 445676 684304 703202 909344 121544 1056016 245702 486865 748858 686671 900000 601571 1118776 412550 382832 1079184 614994 806295 383115 1054887 780829 937043 778462 393010 552932 938408 585500 435460 470751 511835 94335 261659 901776 962024 483976 522760 662383 1006444 528458 696396 419844 955925 790469 415327 567677 357796 799006 274455 790967 495516 213086 276381 903711
497376 609785 148794 505292 61886 358974 968644 258971 484239 1013036 275705 646608 415978 852584 268728 871157 229064 901759 819159 425284 683928 887484 374742 532548 268584 498321 608860 812035 713337 670512 845718 459611 641175 1043308 521959 506246 815308 225831 425736 925777 906194 992733 999999999 398369 563820 956007 533588 702212 458139 496163 414093 1014676 161555 1007805 690564 256459 317130 125545 393199 324425 581174 686070 265159 377754 537298 609733 141413 529444 217923 327592 727612 474548 377297 432672 560342 820537 790118 1000626 849856 164181 322917 854364 673976 638900 163606 735402 603616 975658 141433 519219 598299 905628 906034 205509 799983 583599 565789 928345 772801 561580
262487 212251 432872 122798 408620 632947 836929 265648 270409 794340 519839 350124 185916 472921 284677 572446 279897 650621 742040 691802 287737 573607 187726 135207 565257 501792 772621 491662 382165 827855 464602 476579 339844 851978 496980 214599 512085 207356 277105 741024 592531 790687 398369 999999999 568031 705977 782647 694329 107835 639226 123462 856772 346612 900404 706516 369723 372705 415314 356473 342716 453828 630830 318887 324824 145148 464912 358294 717573 536384 518096 427471 257279 670863 441067 451349 828151 819220 834144 572897 234659 179034 498257 327443 250185 295423 775298 739257 634479 484677 123693 518455 529657 856523 367926 534471 770921 558741 814524 669053 806654
353448 692047 431065 672028 508511 390228 428376 359032 332736 543113 350576 438719 736150 721784 337810 551759 687286 498097 262896 394108 687719 589593 718369 645160 417243 71047 287455 554050 522870 319313 722142 107379 445044 541003 72415 422476 524849 614880 294878 434879 601942 508061 563820 568031 999999999 536639 407453 140842 503250 200712 683654 487807 678691 453130 141043 309443 254362 446906 217319 797030 187957 133796 742034 248532 671925 211487 668972 288605 448425 281695 473910 341256 430551 140989 166263 270263 253420 481857 502055 540009 678978 656015 535555 624003 641119 207321 234364 706972 485076 647355 119359 746945 342217 358937 454025 315236 16416 381150 238599 415110
472279 660801 872525 729886 921084 912782 301570 697038 479288 111625 844073 356364 883564 450310 688433 170197 960955 55949 387125 926911 583061 202591 892833 674208 916234 552531 805901 259195 350783 818230 458612 578953 367156 196138 515120 495702 218084 877555 530715 161674 195128 139455 956007 705977 536639 999999999 943241 509400 598143 737331 818951 259523 999271 378177 551054 728014 668205 876623 578315 1043989 397028 430306 1009806 584797 701840 364759 1000919 823031 931253 783670 285038 491089 956176 582235 423692 564081 599282 231289 139828 846527 882773 348401 410584 548183 947753 605012 750600 281064 938973 688583 426031 429388 468862 775251 171516 841939 521750 329386 336301 949069
675216 968517 397378 905013 475218 174619 787797 517095 651929 940626 274614 803804 892427 1084853 498886 953175 749512 905543 615994 108500 998424 988682 858719 901717 265094 408267 170625 943424 890941 208832 1082918 397095 806741 924854 443921 732968 920026 712567 585826 829734 1002451 901867 533588 782647 407453 943241 999999999 461631 768825 207687 863041 857008 694292 783837 423393 412925 420015 422649 478520 854242 578065 519793 793751 500990 921038 607290 674839 121105 316829 264610 856984 653679 163823 414688 551477 502808 455321 858338 906024 624967 807120 1035484 886888 936201 684952 410099 215121 1104365 393382 896562 523809 1119740 634555 421315 856287 123804 422951 735390 625487 28051
458803 797808 565613 791155 645619 491067 327488 498804 441143 487008 473286 509916 868170 780959 477864 567726 827514 483360 154731 478829 779897 609459 852664 758768 534358 211254 305036 592161 586167 309772 783146 248217 518580 464062 201947 527535 555221 754124 417336 375749 618134 445676 702212 694329 140842 509400 461631 999999999 619704 278052 813240 395596 819497 334477 41790 449459 395174 582949 353556 936871 264353 90934 882331 383742 786830 273240 809640 342096 571564 404133 524663 451800 525930 281339 254472 133949 130479 396784 512735 680430 815139 702098 611308 717824 781902 105451 251319 726307 615723 762983 186036 796783 206243 498264 472706 346386 143461 275686 173935 460874
167439 200451 459287 171854 454882 634653 736970 264094 180703 687073 523227 242380 289780 394572 277150 466344 378222 542803 652125 687652 239492 469477 295126 142477 578764 442530 735615 387888 279186 786843 387597 423671 232219 745993 430853 109930 406032 299465 209171 636306 488514 684304 458139 107835 503250 598143 768825 619704 999999999 604389 225404 753617 435909 802854 636616 364157 348880 446546 307443 448951 366470 548910 421331 278175 168682 373032 444429 689828 558773 507154 320447 168906 676086 390443 368459 752130 748009 730331 465327 302991 285865 405174 228016 185132 383181 707972 696561 537033 519273 144130 437326 448383 768825 377278 426636 740264 491904 717280 576481 790647
488093 804249 347591 757314 434507 215685 603748 381746 464896 740179 227588 605688 778116 889336 360171 746027 675343 698534 430948 201405 821224 782039 750775 744217 273355 203005 133479 739130 692644 190995 888180 197862 609669 731062 237489 551147 714191 619249 404949 630324 795517 703202 496163 639226 200712 737331 207687 278052 604389 999999999 737446 669462 641602 611989 246621 288406 267357 370689 298720 786371 371860 320706 726601 326495 766987 400428 626351 93877 319035 168571 654093 468847 248241 222330 345746 357183 316604 667547 698461 533033 703173 834375 693918 757633 617150 262290 109588 898236 379322 741946 316137 921082 474052 319877 648929 137029 215855 552700 428058 217899
385745 236340 486596 119188 441504 702789 959918 355917 393865 911002 591517 462830 64710 537427 377299 677025 231026 764263 865074 765520 333494 673380 82433 172061 626051 615626 870646 591649 482581 928064 527824 587778 451858 971230 613775 334971 617030 189971 397385 861683 691874 909344 414093 123462 683654 818951 863041 813240 225404 737446 999999999 978552 314540 1023781 823494 455324 470584 465038 468342 255713 576810 752293 251440 436581 158495 588319 332128 809725 589360 601698 536121 380718 736588 551770 573569 947188 936323 955512 682975 257882 107131 580970 424100 317421 272491 890830 841378 721282 526790 154461 640039 595822 979075 441745 647774 864508 675303 937916 792423 888515
596447 863549 900919 909893 967618 875600 72889 766843 593386 161894 836455 534267 1042366 698455 751751 416767 1075024 283010 241015 870800 801017 455189 1042428 859457 904576 534577 696231 494847 562172 689610 705716 570922 546192 88388 502814 643729 449316 992312 619095 123423 450866 121544 1014676 856772 487807 259523 857008 395596 753617 669462 978552 999999999 1094373 128137 433739 762194 699851 912021 621989 1172134 438002 354447 1128230 640687 888840 413602 1090853 737690 933114 768376 487186 606799 913810 589551 455893 388678 434110 28694 369804 941085 1020986 597286 616191 755043 1047122 460975 644475 540557 961365 871017 418180 683935 261666 813536 372042 739662 478198 124738 250179 855270
527068 540867 301794 425667 219214 519728 1056300 330499 520508 1070202 430539 660999 295202 819533 348427 890552 87310 943515 920405 586211 629313 899388 252581 466856 429644 609052 760933 819237 712704 822652 811198 571393 653124 1111497 625922 514195 831397 139271 478319 994187 918487 1056016 161555 346612 678691 999271 694292 819497 435909 641602 314540 1094373 999999999 1103960 813695 372416 424330 276637 480733 163803 656602 789488 106562 457187 462946 680975 22298 683650 379412 474792 743070 508385 538848 539515 640502 945015 919148 1077076 879146 154242 208696 840550 663799 596538 52924 865683 750780 972768 302988 450722 690181 876175 1017289 328009 833187 738685 677608 1020943 864532 722224
638086 934399 882224 967403 955944 825539 79126 773466 630519 288501 802148 604201 1085915 800112 755842 523287 1094652 392225 190368 811696 881696 564131 1081107 920888 866109 511777 616646 593130 646065 600994 806488 550222 615940 215750 485915 693943 547312 1014103 642417 222897 562249 245702 1007805 900404 453130 378177 783837 334477 802854 611989 1023781 128137 1103960 999999999 366091 751462 690837 896438 623469 1197255 455310 322888 1149071 646957 950555 438030 1097902 668602 900435 732850 570523 643839 860159 575223 466676 290298 338380 152107 471714 954009 1054158 700936 695194 830544 1059865 375413 568722 657803 937970 930685 413826 791309 154911 802730 463407 662202 447366 85927 239858 778563
479284 819266 550496 807178 632574 461677 364456 498904 460463 528440 451794 539921 876712 814346 477389 606702 826105 524503 192823 445608 805642 648136 859332 777163 509974 211668 264366 628479 618179 267987 816195 245917 548117 504005 209747 548472 592469 754947 430836 417246 657220 486865 690564 706516 141043 551054 423393 41790 636616 246621 823494 433739 813695 366091 999999999 441651 390685 569073 358320 936378 290252 128373 880674 389429 804729 302533 802833 304917 549507 383313 558706 470416 494803 280897 277235 131338 112829 436014 552069 678571 820010 737542 640766 742947 778088 73505 211254 765293 597516 780535 210986 831836 228752 488844 511040 306486 148216 312154 215725 421643
314443 560472 144589 492136 205625 270505 713775 104277 294121 773023 159958 465765 491868 721768 87458 670028 392773 676393 562701 324722 601453 694414 463058 490943 221843 242335 419394 628423 546852 478901 717539 203697 464152 796054 265554 353913 620578 331715 223224 679489 711892 748858 256459 369723 309443 728014 412925 449459 364157 288406 455324 762194 372416 751462 441651 999999999 62490 151155 149754 504296 337008 429620 445959 146492 509068 367815 361188 354748 216065 148410 538818 289726 312336 176248 313403 572884 546789 749561 638595 247035 414892 696011 524599 542422 339448 493542 396682 797090 211049 484859 344202 766320 651231 51479 586500 409919 310332 672519 517580 437032
