NAME : synthetic_000833
TYPE : CTSP-D
DIMENSION : 100
GROUPS : 8
RELAXATION_LEVEL : 1
EDGE_WEIGHT_TYPE : EXPLICIT
EDGE_WEIGHT_FORMAT : FULL_MATRIX
EDGE_WEIGHT_SECTION
999999999 266708 812913 342963 582125 461355 925710 297186 261482 407838 49289 452114 690703 374505 301760 916643 648486 693512 221283 591872 673506 399090 817362 77897 229275 24606 499725 598615 1104074 904523 468705 567785 786772 732633 474530 972022 831662 598479 678892 466727 676900 880693 420160 1022111 551523 566071 861997 599488 761484 816354 291884 424248 881366 565610 924529 941459 204515 827420 525047 407210 410517 782196 683443 717414 469266 344167 145325 498348 518762 477708 764202 800638 909872 418087 169642 1035645 654114 421337 251888 575650 694488 256566 341404 756078 832918 514372 891964 238609 340237 515478 332609 658330 614733 818640 814956 153579 503388 417653 355723 783669
266708 999999999 663027 83356 444074 548669 659125 260599 97573 186931 218695 530740 756606 416795 377687 763312 485530 628146 222900 569214 620231 550896 728375 284605 108679 285988 251795 349268 968775 800407 587470 483578 589808 535392 208182 790590 588284 654893 721999 567925 483249 759912 432036 897499 468090 540652 759308 535061 695038 680339 401017 185407 749517 671723 669346 776189 412624 633323 294664 489143 162103 701260 673760 572663 299308 245345 123122 607247 665320 236400 563135 652967 805629 155148 238027 909506 394583 228140 229014 534037 813975 295342 495322 540843 607642 471051 802019 326756 298543 582006 462149 395924 356096 605108 754196 349539 603429 580854 131519 520460
812913 663027 999999999 599223 231022 596739 729310 923234 590111 767994 788977 578943 600153 531095 593357 103755 177730 254222 593168 367318 286206 721252 195866 876266 771108 814300 732775 439872 306220 193058 665399 275274 172636 190985 621080 188693 392004 547288 533702 626386 212278 128757 475961 242367 287819 367913 171648 285272 251151 46770 636328 498934 99603 662478 509169 134497 781945 158987 409621 585210 708225 212050 395400 95499 364586 469277 710824 649927 749474 747074 193217 13446 196359 656309 882968 252560 492858 434993 891544 335207 755288 954703 712051 250374 294187 359912 227283 977987 481137 558101 666296 699347 716506 238724 280960 753061 630690 753028 533020 547403
342963 83356 599223 999999999 390164 563190 587831 327804 112489 191045 296537 543533 757061 426264 401088 697164 421707 591133 251127 548174 587339 584564 681402 366688 185093 360371 219553 265914 905411 747622 609776 446295 514317 460479 144088 717070 504975 655464 716278 585751 410136 702920 430542 837659 431919 520048 707627 501900 655774 620250 431636 106412 689506 687148 586751 706770 468411 558093 214875 505323 143142 657353 652939 512200 242536 228273 197644 625779 693444 213219 486927 589972 752725 110168 320132 849126 312824 168314 302170 508453 829926 371641 532139 461599 526177 448402 753376 406539 294266 588599 493935 336954 304008 525770 715291 406534 619409 616762 72356 440834
582125 444074 231022 390164 999999999 432442 691077 704258 363894 573194 557995 411416 517552 333087 383062 334769 81788 228423 363226 257110 239011 538188 293825 645282 550050 584030 559714 316903 530060 357604 501868 115545 244735 203404 446640 396945 406670 434724 456441 463481 159649 315981 285235 454818 114648 239903 317463 169920 282278 239484 428252 302035 307793 528063 533978 360024 564666 274641 245179 403613 516147 274310 340790 135665 147637 238267 481443 495682 593755 567912 234766 219025 362742 466743 655198 467259 392627 221888 669687 209099 649367 730047 516808 262375 345747 190723 364051 750601 255643 412743 468680 573946 575674 304396 340173 529950 478912 572730 319347 495767
461355 548669 596739 563190 432442 999999999 1072768 731765 457740 735226 477126 22067 229356 138109 174753 684014 512327 367544 326775 237964 335179 135373 495331 538390 603352 444615 782707 677850 811581 589310 69882 332046 673651 635666 695250 785353 831820 142064 224482 31041 590921 597069 156688 721948 324889 230398 552345 311477 417844 573727 170123 553654 616665 123967 956343 727194 295989 697604 583056 59830 701312 455679 279253 520121 448976 349385 478770 67190 161464 774656 666481 583508 593949 673326 619654 736211 757836 475443 685302 261913 266772 710393 156200 693927 777981 245481 557156 699197 276535 62118 135878 878586 856895 736427 451649 316153 56586 161252 509283 884195
925710 659125 729310 587831 691077 1072768 999999999 784926 691955 559910 877265 1050780 1204528 940193 945734 767353 640467 906169 818548 946523 924151 1134720 913806 934078 718946 945076 455198 395041 947672 921521 1134362 805137 556770 546711 451217 689703 340962 1114483 1145770 1101466 554288 855856 917050 929936 800835 926473 900305 860993 941873 774796 985676 539144 821008 1188250 253945 736977 1051592 578264 489721 1024749 529821 915639 1031122 708556 624737 733512 781848 1139952 1226483 483449 537037 731175 924420 509829 853554 933641 314939 601645 791161 898081 1322634 859565 1090378 480659 442570 865344 956278 910384 804422 1074090 1045715 281627 333745 495327 989564 991298 1127552 1169639 602388 195311
297186 260599 923234 327804 704258 731765 784926 999999999 345058 228178 263238 718332 956784 618714 558704 1022898 745576 878872 422087 805682 867626 690296 985074 243290 154838 321047 330983 571955 1229179 1059550 751637 736267 841444 787925 377898 1044728 806382 858277 933591 743081 737937 1020220 649447 1158076 720263 777372 1018118 783925 946889 940938 563899 433633 1010113 846109 863978 1034099 501464 885285 539872 673213 273490 956291 907662 833243 559902 491928 259246 778465 810670 302360 813696 913322 1064805 315811 130229 1170101 593286 488253 46738 776117 981272 78462 631761 785139 843419 711879 1059347 131892 529407 778062 614986 503662 451204 848774 1005322 446977 780256 711682 390359 697013
261482 97573 590111 112489 363894 457740 691955 345058 999999999 279123 221815 438958 660984 323208 291158 692516 415136 535172 139010 472118 525738 472583 640071 304339 190429 274154 327751 339356 893390 715789 500911 391631 536954 482177 255950 731388 570264 559167 625111 478728 427422 679045 335399 818638 375770 443545 674059 441039 602763 603071 319903 164900 671645 581508 665724 709984 359930 579273 263590 398853 243770 611284 576517 496913 227089 149340 127167 518525 582802 317634 512384 579181 721078 220278 293066 831139 400514 165979 307540 437810 724236 366181 419755 498918 573382 374433 714452 387890 201116 487911 382129 448683 416496 562427 661558 299346 513353 504522 95746 533241
407838 186931 767994 191045 573194 735226 559910 228178 279123 999999999 359334 717020 939798 602095 564616 860668 593718 781004 409831 738670 778020 735727 866671 393320 179018 431229 104810 367471 1071754 928141 774341 636508 658580 608330 162896 863055 591391 837961 902258 754794 564870 879530 613549 1009749 622387 710430 889343 692663 844808 793973 587216 272235 862598 858482 639440 863518 584437 701991 360664 675818 60267 844442 843521 686890 426694 416317 286762 794159 851339 77139 629598 760097 933107 112440 298578 1020394 374565 353242 231253 699411 1000831 300268 679285 592442 640094 638979 937194 350532 477813 766989 647865 278359 227121 653660 904298 521639 790193 764743 262665 470389
49289 218695 788977 296537 557995 477126 877265 263238 221815 359334 999999999 465904 705544 378536 309833 892688 620863 683779 205527 588620 665746 427183 804512 87289 181353 71918 450521 555341 1084288 889524 491088 552867 754129 699635 426049 943092 790231 610413 689255 485455 644164 862495 419624 1003971 536452 561868 846979 588660 752265 794953 307122 381667 861150 586865 880540 915418 241106 795509 484783 420574 361239 770520 683882 693657 437890 320001 99547 519204 547532 428660 730689 777018 894884 369101 142748 1017283 608729 385366 216789 568608 719632 233317 368713 719918 795145 505827 879482 225310 326020 528098 354142 609161 565454 783066 807254 184126 522530 448499 313955 737350
452114 530740 578943 543533 411416 22067 1050780 718332 438958 717020 465904 999999999 239654 117614 159867 667426 491561 353490 309645 223682 321607 147294 482482 529556 587774 436203 763085 655842 798701 576724 90454 312340 653186 614735 674729 767417 810089 147028 228828 52478 569637 582534 134626 709141 304745 214196 539109 293894 405899 556902 160234 532435 601220 143936 934496 710047 294014 677616 561076 45354 682279 442774 272189 501082 426922 328248 463808 89217 182928 755409 645680 565660 581443 653610 608067 723427 735852 453767 672010 244884 286501 698888 160438 672632 756797 225475 545781 689134 255496 64000 133714 857490 836198 715576 441862 309859 77722 175794 488796 862139
690703 756606 600153 757061 517552 229356 1204528 956784 660984 939798 705544 239654 999999999 341737 398233 661804 582976 346313 541515 260724 315655 327426 437604 767734 822374 673906 974250 815682 731480 518764 238443 402011 725842 702483 876273 779980 920111 101838 66456 227414 671273 551249 326688 645212 404547 278417 493348 351458 360271 563222 399165 725157 582021 150819 1048024 711378 518885 737074 726571 285002 899486 403943 204891 552320 590604 530123 700272 204930 253829 970164 727950 588821 522010 865025 847710 658431 895761 637756 910658 308457 161123 938536 370690 769322 846150 340471 474726 928385 463005 178728 362267 1046657 1032939 796023 363166 544544 193471 333663 694367 1009842
374505 416795 531095 426264 333087 138109 940193 618714 323208 602095 378536 117614 341737 999999999 76249 627943 414864 343417 199853 225067 317120 207743 474544 452091 480918 363153 645799 546309 783974 567794 194373 255854 577704 533907 557182 715461 715385 241027 314879 163710 484346 560139 56990 696160 243507 202889 526829 260545 406971 517714 109657 416078 571764 261548 836915 665426 263131 607209 451067 84671 565783 435962 309723 443571 320525 211782 360251 203538 286331 638563 566185 517660 572931 536257 516899 710376 625517 339954 573226 221929 404067 607234 184027 586089 671216 174440 545404 603811 138840 165247 136443 740724 718786 634745 454497 254317 194695 243096 371227 754229
301760 377687 593357 401088 383062 174753 945734 558704 291158 564616 309833 159867 398233 76249 999999999 692556 463769 417700 154797 301216 392281 189273 548230 379628 428608 289076 618857 557195 855062 640856 210065 320116 624745 577706 539683 774380 744720 301092 379425 190956 525428 630384 130458 767924 306274 278566 599477 331825 482163 583355 45712 410113 640033 295319 862149 727825 191055 657211 462649 115191 534332 510038 385027 502769 342291 213243 304109 229809 292468 608543 610529 580007 646044 510723 450730 782075 633848 345382 512486 296021 436784 541519 146754 624573 709556 244190 619873 534782 147207 219643 100196 728923 702105 677273 530430 178150 227240 223946 355905 765851
916643 763312 103755 697164 334769 684014 767353 1022898 692516 860668 892688 667426 661804 627943 692556 999999999 278085 324988 696762 448733 358476 812196 228410 979977 871718 917925 819028 518696 211556 178517 751320 372693 224724 261733 709248 123296 426539 620653 596116 712749 296877 119458 571936 165431 386282 453619 180819 374469 301835 110878 734731 594858 82430 739574 529876 50883 882197 192320 500196 677331 800543 258359 458474 199236 466165 573029 813999 733353 831813 835081 252032 116061 179088 748388 985541 171801 562389 535199 992192 422577 820943 1056192 806540 306488 324875 454577 225308 1080379 584013 640888 761780 770624 792617 273790 313103 854924 713737 842858 632564 597501
648486 485530 177730 421707 81788 512327 640467 745576 415136 593718 620863 491561 582976 414864 463769 278085 999999999 265702 433437 323007 284643 619847 294990 707899 593790 652236 565769 291368 483920 339165 581982 186285 162979 123917 452623 323974 337162 505713 519608 543359 88880 286461 366806 416773 189521 309723 303636 231530 305492 200259 509138 322759 269050 604210 465075 295336 643107 193443 241133 484990 534476 285983 394765 93863 188261 305261 538244 574639 673317 577815 154163 168265 343826 483020 708178 427898 358979 257407 714261 276933 721133 778112 598530 187268 268160 268293 356378 802756 332121 489761 550358 554892 564090 224173 358232 606022 557433 654313 355304 446413
693512 628146 254222 591133 228423 367544 906169 878872 535172 781004 683779 353490 346313 343417 417700 324988 265702 999999999 478620 129809 33545 500732 131632 767191 725123 687628 779820 544312 446151 225803 431965 145073 386796 372046 668214 437702 594357 295941 279871 394433 352800 229703 287324 356917 160154 143376 186420 95747 68698 219762 452726 517556 251623 414622 721026 372211 606481 393455 472989 371911 727288 92595 142333 211859 359440 386951 630589 411425 508564 785263 393239 242650 230793 680767 805508 371222 618112 429660 838833 121679 501167 889772 504908 440968 510976 179286 202179 899744 358783 319145 464938 802353 803170 458179 126454 594438 391609 528684 518843 711986
221283 222900 593168 251127 363226 326775 818548 422087 139010 409831 205527 309645 541515 199853 154797 696762 433437 478620 999999999 388697 461475 333574 599044 290632 281125 221191 466106 444732 882791 684638 364723 347776 580392 527758 393358 757299 658076 440861 513334 345186 472097 659532 227380 800987 331405 361086 642086 383303 547207 595357 180972 279904 660117 449216 765540 723244 239454 618967 355819 267019 380304 564997 488027 497734 265821 129050 162879 384394 444507 454730 560314 580700 689995 359235 330547 814481 515180 238062 377581 365130 591227 418422 281128 560481 642108 301613 673986 422984 120507 364041 243147 585350 554844 620191 602764 186410 380945 365635 216811 649148
591872 569214 367318 548174 257110 237964 946523 805682 472118 738670 588620 223682 260724 225067 301216 448733 323007 129809 388697 999999999 98283 370930 259648 668074 656100 583080 754651 562421 575485 354083 303395 141734 471450 444160 648534 555366 659857 185307 199455 265380 410896 359114 172756 486053 145873 28574 315731 92054 185629 339705 331765 494466 379154 295590 787737 493710 485211 487334 477563 243390 690304 219969 104899 302563 345832 324400 549105 284620 383313 755386 471023 354544 358921 648854 719193 500355 641468 404149 762863 48459 400100 806975 376462 509997 588593 99797 325925 810884 276328 192163 338089 805127 797382 540170 229769 479359 265017 398975 478517 751391
673506 620231 286206 587339 239011 335179 924151 867626 525738 778020 665746 321607 315655 317120 392281 358476 284643 33545 461475 98283 999999999 468900 161387 748090 714734 666693 781343 555904 477244 255830 399045 142561 413416 395707 670808 470665 617436 262670 249350 361715 372943 262643 261882 387783 155826 114791 217532 85527 89884 252773 425803 518558 285094 381108 744665 405551 579628 422103 480762 341486 725572 121735 113734 238563 361473 376594 616426 378155 475111 785574 418338 274370 260689 680233 790340 402083 631319 429383 826726 97998 469130 875770 474572 464290 536508 159943 228976 883958 342859 285967 435516 811044 809714 484498 141559 569863 358322 496410 515367 729352
399090 550896 721252 584564 538188 135373 1134720 690296 472583 735727 427183 147294 327426 207743 189273 812196 619847 500732 333574 370930 468900 999999999 629717 470683 581987 377958 798951 744690 945961 723905 89860 449411 782807 740451 725694 908968 922590 262687 341999 114736 691668 729541 253106 856385 439685 360442 686398 437762 552795 701402 153096 599290 747557 181040 1043180 853688 202972 810474 649702 136565 711716 590016 413734 639567 524310 401440 456728 123248 120380 786315 772461 707868 728601 692748 567430 870667 822127 533633 643705 389990 296637 655620 58623 793670 878756 362567 692363 635220 332207 193890 90835 916356 887762 841459 586997 245521 138137 35597 543771 953423
817362 728375 195866 681402 293825 495331 913806 985074 640071 866671 804512 482482 437604 474544 548230 228410 294990 131632 599044 259648 161387 629717 999999999 889414 830290 812843 852062 586278 316269 94444 557444 252493 362706 367139 738650 350697 582323 408207 373125 520942 367728 113686 418133 226669 268936 274923 57932 218965 80195 149721 584025 595859 146413 529836 702825 279159 737675 354382 531171 502838 809918 39713 239115 209030 440094 496285 744514 534606 629032 861192 378400 189605 99328 760559 920478 240950 651661 514024 947193 252619 598206 1002015 635918 433635 487458 306498 75099 1015590 478542 443513 596429 849871 858417 431967 86595 724059 514722 656530 609546 725568
77897 284605 876266 366688 645282 538390 934078 243290 304339 393320 87289 529556 767734 452091 379628 979977 707899 767191 290632 668074 748090 470683 889414 999999999 217399 94128 492523 630602 1171260 975258 543398 638407 839554 784936 485253 1029755 867817 676095 756655 542911 729646 949123 496945 1090615 622032 641946 932706 672542 835452 882103 369336 459094 948158 640596 953429 1002596 270858 881232 564780 484766 407410 854905 760638 780943 524172 407250 177774 573653 589250 467855 815699 864304 980616 424493 113509 1103978 679138 469586 201945 650465 767093 190103 413916 803253 877023 588468 964261 164544 410987 593047 408181 659242 612283 866751 889641 226648 579356 486914 393134 804523
229275 108679 771108 185093 550050 603352 718946 154838 190429 179018 181353 587774 822374 480918 428608 871718 593790 725123 281125 656100 714734 581987 830290 217399 999999999 252996 275384 446047 1076571 904810 632185 581974 697622 643357 275262 898971 685050 721945 794127 618400 591597 866023 505927 1004380 566053 627619 863330 630533 792924 787537 441932 290986 856603 722777 757488 884862 414338 741239 399901 543676 190266 801706 759262 680124 406840 338313 125968 655990 701026 251369 670675 760898 910071 212152 140504 1016542 481731 336530 120475 624630 862298 187162 523851 646618 710838 560599 904525 221812 380137 644353 498797 442222 394899 710815 851565 352896 655194 608001 240183 599895
24606 285988 814300 360371 584030 444615 945076 321047 274154 431229 71918 436203 673906 363153 289076 917925 652236 687628 221191 583080 666693 377958 812843 94128 252996 999999999 522127 612829 1102900 900998 449414 564796 793338 739491 494138 976135 844203 582984 663914 448810 683674 878869 410676 1020119 548659 557794 858531 594345 755235 816332 276135 438227 880622 546560 939089 943904 181317 833485 537090 391631 432577 777135 672761 718839 475688 347088 163371 479558 497224 500474 771343 801864 906337 438658 192758 1033759 670094 430766 275980 568707 673947 278407 320686 764947 842803 508342 887171 257856 337936 499875 314054 679309 636296 827054 807894 132937 485232 395612 369313 800472
499725 251795 732775 219553 559714 782707 455198 330983 327751 104810 450521 763085 974250 645799 618857 819028 565769 779820 466106 754651 781343 798951 852062 492523 275384 522127 999999999 305637 1030448 904802 828351 638835 606004 559625 113484 807750 511005 872996 931081 805033 522635 851414 648495 974912 626305 727305 868248 697614 839809 763587 646990 262801 830518 906672 546684 816127 663562 648130 324783 724687 90648 834024 858201 659554 420413 444129 367784 845016 910475 28693 576753 726386 909514 109635 402041 984561 294246 352578 336023 711739 1049460 404536 744637 533425 570605 655383 919123 455186 512635 807674 708998 173591 122412 591186 898652 600395 838878 829987 280069 375012
598615 349268 439872 265914 316903 677850 395041 571955 339356 367471 555341 655842 815682 546309 557195 518696 291368 544312 444732 562421 555904 744690 586278 630602 446047 612829 305637 999999999 729037 623594 740069 424125 301030 257106 205008 502115 239301 722775 759575 706714 227833 564792 522011 678988 417184 540052 591248 482991 592836 475994 599204 174620 539364 793330 326375 512288 683981 342702 95275 630638 308945 576629 654708 380212 229831 343978 455992 745040 832592 325421 271831 435454 627844 259513 584578 687637 80588 212203 555537 514234 928564 627566 703539 227936 273186 475214 645520 667220 412628 679503 657354 263681 276741 287120 647817 628143 732525 779999 243687 208738
1104074 968775 306220 905411 530060 811581 947672 1229179 893390 1071754 1084288 798701 731480 783974 855062 211556 483920 446151 882791 575485 477244 945961 316269 1171260 1076571 1102900 1030448 729037 999999999 222423 873148 540440 430806 471966 920804 257974 612803 718272 671718 836980 508431 225243 727005 89655 556065 589112 259777 523547 394426 290587 893536 804501 223176 840082 698605 219946 1046000 393282 711514 818034 1011695 355955 547625 396697 669735 764950 1011262 849448 942036 1046626 459302 315866 217932 959574 1185251 75439 769049 740949 1196906 563952 891762 1259099 950967 510987 513521 610878 259475 1280629 765070 759083 910269 976990 1001206 468841 371615 1026694 829600 972752 839130 791486
904523 800407 193058 747622 357604 589310 921521 1059550 715789 928141 889524 576724 518764 567794 640856 178517 339165 225803 684638 354083 255830 723905 94444 975258 904810 900998 904802 623594 222423 999999999 650734 336884 364870 382951 791521 299698 582515 497752 456325 614571 396951 66052 511152 132776 353237 369176 42552 309795 172033 149933 677397 655910 103467 619642 695371 227383 830857 345544 580292 597277 869896 134115 327268 245708 505119 576154 825215 627212 720482 916283 386255 193196 5360 819209 1001174 146989 681817 579308 1023286 346060 679884 1080573 730355 443427 482679 397767 48708 1096622 564492 536678 690732 886098 899755 427914 155654 815728 607350 750424 676950 740458
468705 587470 665399 609776 501868 69882 1134362 751637 500911 774341 491088 90454 238443 194373 210065 751320 581982 431965 364723 303395 399045 89860 557444 543398 632185 449414 828351 740069 873148 650734 999999999 401906 743464 705189 745890 854081 899678 174349 252482 39181 659991 661644 222641 783509 394762 298039 614951 380180 478726 641389 190254 608918 682535 97357 1023615 795129 283538 767484 644921 109703 744336 518010 332436 589722 512597 405111 506284 33556 93420 818472 736114 652219 655221 719762 633497 797710 819556 534296 704904 330232 230350 723332 133819 762971 847201 315362 616501 707109 332370 114092 136947 932365 908211 806021 508448 316843 48890 104282 560386 947467
567785 483578 275274 446295 115545 332046 805137 736267 391631 636508 552867 312340 402011 255854 320116 372693 186285 145073 347776 141734 142561 449411 252493 638407 581974 564796 638835 424125 540440 336884 401906 999999999 343409 309857 528575 460778 520705 320275 341180 362815 272072 315329 200792 455936 16452 124658 294335 60010 211462 263239 362038 376037 321319 418319 648359 409572 510470 365694 343307 312847 583448 220817 230793 190164 219407 244988 492252 391751 491303 643025 338905 261834 342240 537772 668130 469740 502201 286836 697144 93572 535466 750361 437205 373223 454377 87150 327591 763159 227627 304643 391116 673423 669778 408929 270654 486990 373871 482366 374074 609918
786772 589808 172636 514317 244735 673651 556770 841444 536954 658580 754129 653186 725842 577704 624745 224724 162979 386796 580392 471450 413416 782807 362706 839554 697622 793338 606004 301030 430806 364870 743464 343409 999999999 54807 500433 204692 220001 656663 660412 704631 109970 299439 529736 389710 349030 462419 344086 379742 404386 218572 670317 408004 265704 760910 340683 211949 800137 43866 302344 647772 598452 371197 527148 175000 317660 451496 663940 734822 834059 624465 29253 175269 367875 546583 824260 396504 338446 371010 816320 428652 871488 884782 761177 81915 125900 428464 399871 915922 488411 647983 712909 546609 570479 71535 444011 759540 717151 817227 459399 377286
732633 535392 190985 460479 203404 635666 546711 787925 482177 608330 699635 614735 702483 533907 577706 261733 123917 372046 527758 444160 395707 740451 367139 784936 643357 739491 559625 257106 471966 382951 705189 309857 54807 999999999 452025 256999 222395 628157 638080 666707 55838 319625 488022 423651 313434 432382 357008 352146 398607 233139 623393 354311 289635 728036 349057 256604 750162 97943 249904 606642 548093 369771 508641 163852 263861 399133 609188 698364 796841 577012 32980 189761 386536 496037 769542 431712 303202 316221 762286 399165 843588 830501 716428 69033 144673 392155 413080 861330 438823 613674 667976 510867 531170 101078 443644 708238 681253 775244 404796 359429
474530 208182 621080 144088 446640 695250 451217 377898 255950 162896 426049 674729 876273 557182 539683 709248 452623 668214 393358 648534 670808 725694 738650 485253 275262 494138 113484 205008 920804 791521 745890 528575 500433 452025 999999999 704067 430300 775969 830126 719582 412387 738587 553547 863411 516577 621732 754828 587845 727382 651007 572599 154078 718301 818633 487513 708512 612022 543353 211984 639053 106161 720912 751076 546458 309343 348598 331224 759677 831930 126022 471246 614358 796254 63939 414947 873306 215428 244458 368884 604411 960812 441332 674404 431525 477235 550122 805640 486381 420058 714884 634875 192871 162447 491881 786053 549828 751817 758490 185971 325307
972022 790590 188693 717070 396945 785353 689703 1044728 731388 863055 943092 767417 779980 715461 774380 123296 323974 437702 757299 555366 470665 908968 350697 1029755 898971 976135 807750 502115 257974 299698 854081 460778 204692 256999 704067 999999999 356601 733172 713855 815055 307375 242711 661363 252120 472158 556570 304115 473923 421667 217940 818380 611104 205581 849853 441267 72681 960131 161084 506706 772648 802981 378704 575490 271997 505893 629231 857144 838543 938014 827169 233504 201863 299711 751178 1022270 252389 529269 566931 1018411 523900 937759 1085932 897909 274561 259775 546757 347405 1115195 652587 746612 851479 734226 763427 221531 436031 926865 819264 941075 659321 537276
831662 588284 392004 504975 406670 831820 340962 806382 570264 591391 790231 810089 920111 715385 744720 426539 337162 594357 658076 659857 617436 922590 582323 867817 685050 844203 511005 239301 612803 582515 899678 520705 220001 222395 430300 356601 999999999 840949 856727 862566 248974 516574 677388 589883 521245 645271 563651 568653 619797 438311 789658 408888 480988 933614 127914 397854 895572 237694 307298 794961 536443 588945 729793 385518 403054 540218 691588 897196 992881 535938 204717 395198 585194 490766 823857 594106 217469 420530 792620 613147 1055924 864967 890146 153398 101664 596539 619209 905763 597941 817828 841924 398016 436717 154805 662376 844474 881488 958118 476307 182216
598479 654893 547288 655464 434724 142064 1114483 858277 559167 837961 610413 147028 101838 241027 301092 620653 505713 295941 440861 185307 262670 262687 408207 676095 721945 582984 872996 722775 718272 497752 174349 320275 656663 628157 775969 733172 840949 999999999 82418 150206 592327 518868 224967 629342 320123 195994 466041 276952 328018 515383 306853 625702 545082 121894 968525 668149 438023 672489 631945 191360 797773 370500 170662 487467 495306 428951 600728 143204 225265 868623 655669 534985 501766 763666 751784 643252 803216 539241 812396 228993 215448 842590 295431 692976 772795 249422 458903 834640 361301 83125 277916 948541 933546 725067 347460 456784 125489 278228 593301 920716
678892 721999 533702 716278 456441 224482 1145770 933591 625111 902258 689255 228828 66456 314879 379425 596116 519608 279871 513334 199455 249350 341999 373125 756655 794127 663914 931081 759575 671718 456325 252482 341180 660412 638080 830126 713855 856727 82418 999999999 231548 608204 486599 290038 584486 344935 219705 429453 288490 295014 496907 387882 677460 516745 182024 984624 645517 520436 671058 672254 272507 859334 338704 138521 486520 537499 488067 674955 219845 289259 928529 663067 522365 459769 822569 829840 597932 839195 588667 888081 247802 225186 920526 377214 705319 781354 285799 413433 914052 424540 164836 360324 995909 984433 730816 301237 538681 203866 354708 651111 950717
466727 567925 626386 585751 463481 31041 1101466 743081 478728 754794 485455 52478 227414 163710 190956 712749 543359 394433 345186 265380 361715 114736 520942 542911 618400 448810 805033 706714 836980 614571 39181 362815 704631 666707 719582 815055 862566 150206 231548 999999999 621924 624129 186617 747325 355806 259269 578258 341135 442714 602684 179198 579774 644500 104451 986934 756343 291841 728439 611763 80565 722498 481394 299669 550542 478283 375490 493040 40103 130500 796219 697515 613192 619127 695914 628203 761556 786534 502941 696451 291277 246053 718664 145787 724928 809006 276376 581258 705250 302547 79618 135287 904255 881570 767465 474298 317976 37178 136527 533670 913474
676900 483249 212278 410136 159649 590921 554288 737937 427422 564870 644164 569637 671273 484346 525428 296877 88880 352800 472097 410896 372943 691668 367728 729646 591597 683674 522635 227833 508431 396951 659991 272072 109970 55838 412387 307375 248974 592327 608204 621924 999999999 337140 440448 453011 273415 396473 366391 319859 388098 248401 571140 304670 311628 687678 376841 299068 695732 151851 204272 559184 504633 364328 483568 158701 208027 343608 554277 654813 752375 538269 88217 207623 401050 452442 716045 462283 285577 261634 711081 364204 807531 778582 665736 103009 187437 350370 421627 808382 384885 572392 617207 489210 504573 151916 437890 653097 638261 726719 352097 361559
880693 759912 128757 702920 315981 597069 855856 1020220 679045 879530 862495 582534 551249 560139 630384 119458 286461 229703 659532 359114 262643 729541 113686 949123 866023 878869 851414 564792 225243 66052 661644 315329 299439 319625 738587 242711 516574 518868 486599 624129 337140 999999999 503153 141493 331061 369564 61566 299637 192137 88806 669486 607689 38739 639906 629378 170098 821418 279499 526666 598436 820575 148758 351451 192763 461586 544770 793019 640647 736889 864064 321450 130406 68622 769298 968288 154952 620506 535145 985553 342264 711746 1045128 730693 378654 416641 386348 108152 1063844 540935 548578 688634 826074 841464 361921 195252 801465 620789 758061 633536 675751
420160 432036 475961 430542 285235 156688 917050 649447 335399 613549 419624 134626 326688 56990 130458 571936 366806 287324 227380 172756 261882 253106 418133 496945 505927 410676 648495 522011 727005 511152 222641 200792 529736 488022 553547 661363 677388 224967 290038 186617 440448 503153 999999999 639251 189271 148744 470064 203556 351754 461506 166553 406117 514961 272203 801010 610085 319710 557523 427583 118743 572810 379753 264262 389900 292631 205123 390259 223693 316043 643735 519804 462516 516307 539028 554298 653460 602237 323551 604935 165663 411095 643665 236566 543088 627874 117741 489472 643855 136334 162055 190339 731128 713008 589097 400709 308057 210555 287509 369366 727751
1022111 897499 242367 837659 454818 721948 929936 1158076 818638 1009749 1003971 709141 645212 696160 767924 165431 416773 356917 800987 486053 387783 856385 226669 1090615 1004380 1020119 974912 678988 89655 132776 783509 455936 389710 423651 863411 252120 589883 629342 584486 747325 453011 141493 639251 999999999 471842 500072 170501 436117 304797 217470 805798 739503 148186 751208 687796 193540 958657 357657 651981 728826 950136 266369 458684 325520 598311 685966 933870 759897 852761 989416 416475 249695 128319 898323 1108861 14306 726160 671017 1124297 475453 805949 1184818 861821 471595 488398 523804 171193 1204397 682217 669450 821453 934237 954585 438555 283556 940744 740042 883108 769537 762681
551523 468090 287819 431919 114648 324889 800835 720263 375770 622387 536452 304745 404547 243507 306274 386282 189521 160154 331405 145873 155826 439685 268936 622032 566053 548659 626305 417184 556065 353237 394762 16452 349030 313434 516577 472158 521245 320123 344935 355806 273415 331061 189271 471842 999999999 126161 310685 71314 227077 277360 348686 363544 336378 414828 648617 422278 496231 372895 334496 303193 569749 237130 239202 200653 207954 228795 475863 385842 485031 630030 343212 274404 358594 524510 651723 485612 495873 273914 681013 97430 534726 734045 425834 375430 457538 79456 344035 746737 211324 300240 379327 664079 659391 413300 286119 471872 368330 473018 359802 605803
566071 540652 367913 520048 239903 230398 926473 777372 443545 710430 561868 214196 278417 202889 278566 453619 309723 143376 361086 28574 114791 360442 274923 641946 627619 557794 727305 540052 589112 369176 298039 124658 462419 432382 621732 556570 645271 195994 219705 259269 396473 369564 148744 500072 126161 999999999 329595 84296 204375 343423 311133 467721 387153 299527 772973 497093 464934 480639 453801 229119 662326 235594 133318 297381 320773 295894 521071 282046 381720 727740 460312 354847 374156 621192 691632 514374 619542 377520 734657 33932 411411 779188 361887 496983 577053 71961 343746 783606 247974 190581 321562 780204 771586 529970 251985 456587 262897 389966 450616 731604
861997 759308 171648 707627 317463 552345 900305 1018118 674059 889343 846979 539109 493348 526829 599477 180819 303636 186420 642086 315731 217532 686398 57932 932706 863330 858531 868248 591248 259777 42552 614951 294335 344086 357008 754828 304115 563651 466041 429453 578258 366391 61566 470064 170501 310685 329595 999999999 268012 138084 125553 636478 617221 98880 587716 680025 231566 789753 329232 544319 558331 831424 96958 296616 211337 465098 533872 782918 592361 686946 879100 363365 169131 47910 781028 958902 184806 651951 539345 981592 305453 654252 1038550 691320 420144 465507 355998 56105 1054327 521947 501105 651051 854518 866556 410148 134209 773905 572475 713591 636653 716187
599488 535061 285272 501900 169920 311477 860993 783925 441039 692663 588660 293894 351458 260545 331825 374469 231530 95747 383303 92054 85527 437762 218965 672542 630533 594345 697614 482991 523547 309795 380180 60010 379742 352146 587845 473923 568653 276952 288490 341135 319859 299637 203556 436117 71314 84296 268012 999999999 164433 263645 370019 434858 312693 383658 696566 416248 522561 396784 403168 303011 640520 182792 171763 213110 278986 292221 534869 365567 465404 701238 378983 272061 315046 595606 709763 450282 560514 345183 743563 50557 492046 794087 433415 418216 496544 87987 292882 804029 263227 274611 390026 733370 729762 448197 221739 505936 346612 468732 429998 665682
761484 695038 251151 655774 282278 417844 941873 946889 602763 844808 752265 405899 360271 406971 482163 301835 305492 68698 547207 185629 89884 552795 80195 835452 792924 755235 839809 592836 394426 172033 478726 211462 404386 398607 727382 421667 619797 328018 295014 442714 388098 192137 351754 304797 227077 204375 138084 164433 999999999 208990 515506 578674 221766 449643 744163 351824 669308 403629 527167 428645 790199 43691 159358 234760 420437 454987 699221 455242 549106 846372 415419 241907 176496 742794 874195 318988 663699 492194 907088 187206 520184 958361 561582 467328 530262 247115 140376 968442 427455 364657 523715 853986 857592 475634 59518 659695 435372 578771 583418 749656
816354 680339 46770 620250 239484 573727 774796 940938 603071 793973 794953 556902 563222 517714 583355 110878 200259 219762 595357 339705 252773 701402 149721 882103 787537 816332 763587 475994 290587 149933 641389 263239 218572 233139 651007 217940 438311 515383 496907 602684 248401 88806 461506 217470 277360 343423 125553 263645 208990 999999999 625040 522845 69285 632755 555914 154005 773583 205728 439023 566456 734682 168318 358392 108059 381049 475120 720720 624120 723017 776695 237983 43713 153671 683142 894682 229220 532336 453566 907649 312018 720177 969039 695745 294915 340865 343982 181482 990080 479873 531765 651135 737475 752659 285375 235434 748155 604607 732195 552082 591484
291884 401017 636328 431636 428252 170123 985676 563899 319903 587216 307122 160234 399165 109657 45712 734731 509138 452726 180972 331765 425803 153096 584025 369336 441932 276135 646990 599204 893536 677397 190254 362038 670317 623393 572599 818380 789658 306853 387882 179198 571140 669486 166553 805798 348686 311133 636478 370019 515506 625040 999999999 448144 680421 282480 906476 770824 153830 702577 505100 115496 560587 545313 408585 546536 386900 255452 316034 215017 264314 635132 656207 622940 682525 540175 449764 820010 675056 387046 517259 331422 420469 540434 104712 670232 755195 283300 654490 529220 191759 223756 62314 763407 734674 722984 561517 153245 216376 186248 391136 807625
424248 185407 498934 106412 302035 553654 539144 433633 164900 272235 381667 532435 725157 416078 410113 594858 322759 517556 279904 494466 518558 599290 595859 459094 290986 438227 262801 174620 804501 655910 608918 376037 408004 354311 154078 611104 408888 625702 677460 579774 304670 607689 406117 739503 363544 467721 617221 434858 578674 522845 448144 999999999 591787 675529 500970 602507 516381 451805 109267 499980 214295 575245 597045 415301 158279 204312 282746 619610 698237 267777 380537 490361 660873 164770 423343 750517 237317 90399 408581 450384 816461 477872 552604 355753 422502 396196 665562 511729 277245 568163 509178 325272 307849 419993 637844 458371 610113 633622 69155 371013
881366 749517 99603 689506 307793 616665 821008 1010113 671645 862598 861150 601220 582021 571764 640033 82430 269050 251623 660117 379154 285094 747557 146413 948158 856603 880622 830518 539364 223176 103467 682535 321319 265704 289635 718301 205581 480988 545082 516745 644500 311628 38739 514961 148186 336378 387153 98880 312693 221766 69285 680421 591787 999999999 665268 592306 133313 830958 243412 506409 614645 803177 178082 380042 177336 450255 541780 788415 662836 760187 844159 288984 104333 105392 751522 962795 159991 592208 522846 976650 358044 741877 1037735 745932 346070 380496 397330 146870 1058257 543151 570430 702713 798905 816044 326188 230685 808244 643055 777012 621363 642863
565610 671723 662478 687148 528063 123967 1188250 846109 581508 858482 586865 143936 150819 261548 295319 739574 604210 414622 449216 295590 381108 181040 529836 640596 722777 546560 906672 793330 840082 619642 97357 418319 760910 728036 818633 849853 933614 121894 182024 104451 687678 639906 272203 751208 414828 299527 587716 383658 449643 632755 282480 675529 665268 999999999 1059954 786292 380255 780120 699347 182735 825165 491868 292527 596719 563525 471634 597318 67693 107239 898581 757218 649836 623659 797277 729492 765104 873749 595238 799419 333457 142810 819593 230455 790114 872336 337378 580661 804130 399086 115944 233169 1000755 979998 827220 468996 414120 68294 183582 632716 997525
924529 669346 509169 586751 533978 956343 253945 863978 665724 639440 880540 934496 1048024 836915 862149 529876 465075 721026 765540 787737 744665 1043180 702825 953429 757488 939089 546684 326375 698605 695371 1023615 648359 340683 349057 487513 441267 127914 968525 984624 986934 376841 629378 801010 687796 648617 772973 680025 696566 744163 555914 906476 500970 592306 1059954 999999999 494352 1004751 350803 409815 917752 590495 711822 857291 510931 519958 653475 781010 1022163 1116971 574170 328948 513786 697596 551146 897957 690203 275854 527831 856393 740951 1183343 928844 1008461 280381 215369 723296 734735 973468 714944 944063 960598 402092 449871 270881 784691 951028 1006801 1078770 570061 172876
941459 776189 134497 706770 360024 727194 736977 1034099 709984 863518 915418 710047 711378 665426 727825 50883 295336 372211 723244 493710 405551 853688 279159 1002596 884862 943904 816127 512288 219946 227383 795129 409572 211949 256604 708512 72681 397854 668149 645517 756343 299068 170098 610085 193540 422278 497093 231566 416248 351824 154005 770824 602507 133313 786292 494352 999999999 916178 173389 503214 718082 803253 308497 507548 227171 482896 597294 833574 778101 877022 833613 240861 147887 227561 751083 1002810 196682 549478 548999 1005148 465298 870087 1070700 845863 291264 296925 493551 274873 1097007 613505 685763 800374 757233 782257 249774 363982 886424 758601 884951 644765 573732
