NAME : synthetic_000371
TYPE : CTSP-D
DIMENSION : 100
GROUPS : 8
RELAXATION_LEVEL : 1
EDGE_WEIGHT_TYPE : EXPLICIT
EDGE_WEIGHT_FORMAT : FULL_MATRIX
EDGE_WEIGHT_SECTION
999999999 891221 577661 478540 289674 1076153 382778 817257 116964 438208 871300 114715 691654 842523 673812 816679 622826 711987 878388 938699 891268 789561 450134 313027 894360 1100733 633971 421602 257116 859037 463755 224567 709569 245085 413597 472907 678531 948150 790505 769437 470260 404950 562194 912149 483862 315912 319109 724751 660032 928881 918939 453158 758900 800335 445328 615482 725953 284029 591440 516393 822174 95567 458747 656559 656225 1087217 244399 314818 998517 631012 210402 252102 758946 447018 730629 1033121 624060 1016309 1108430 788889 1242541 928159 119278 933902 513207 907542 142920 1010764 678866 455104 804977 1007475 325925 586326 670260 553208 521418 910792 799003 487314
891221 999999999 468237 576061 696135 381203 577927 561396 935693 569057 831218 851697 258769 310915 308949 453344 297696 369271 246097 179099 36309 196077 496540 587237 400232 305303 542506 541577 668727 260431 534491 750697 187763 746770 534344 729192 377711 159418 410799 537708 603271 489751 593824 51413 740799 748299 615393 393619 724925 617532 264825 609002 169910 259645 608673 440896 292550 844673 346739 461399 74988 986017 432514 579389 623948 279167 758240 678639 112907 483016 692551 644960 153636 529428 299293 336554 303998 146887 324473 526239 428766 559730 802923 642652 601962 192941 748723 441972 373612 593431 400781 134702 756722 640473 801527 505105 392417 623444 318431 421794
577661 468237 999999999 565148 301003 808801 195005 267911 667933 522361 996533 597493 448064 280683 480494 240657 194340 144108 336026 608790 447566 503404 143133 389139 724937 764455 110418 157689 320956 608490 114167 556882 371470 567251 450322 699334 114154 601463 664258 217475 585578 255742 645113 459466 715482 616844 259881 602602 808436 887898 370273 157600 298328 260986 160874 39791 520423 684274 417561 473585 432543 668071 280526 155303 731971 740570 579416 542258 577512 64485 373500 345785 316549 131477 530772 759687 182317 537652 781221 745051 895435 849646 461418 907017 616845 385121 450874 817430 116355 145584 667180 602795 631286 699771 868198 38060 171676 881917 237383 184721
478540 576061 565148 999999999 496671 631087 457700 824626 458340 50752 454600 384135 318927 700661 274492 762184 448378 622329 693396 544047 593980 405068 440870 234056 430991 686047 672638 461262 421433 434643 504682 259753 399026 243132 120398 156566 595757 562359 324702 776025 27347 319816 95241 617193 170254 202129 424171 267558 248531 452454 734162 565791 525461 634188 558169 581101 312154 297524 232783 118483 501735 551792 284949 715473 196404 679945 249171 165610 656546 628017 388895 354883 509138 479015 311709 594602 459513 722519 688051 310350 820774 449620 463181 459548 53313 687555 380079 545689 593045 553585 341049 651062 204270 142008 303292 571725 399839 435516 668605 380769
289674 696135 301003 496671 999999999 964182 120268 527938 394747 445927 949254 340799 563636 578667 568465 533712 400822 443023 626036 789981 686572 651519 202115 262634 821598 955823 345172 160102 77049 743731 188775 353013 538970 371392 382805 576154 410792 791881 731874 480611 504579 234926 591778 704159 591610 443038 88562 661997 737065 923400 663706 163741 539170 547842 156128 340540 620913 474890 482579 464472 638387 373696 305543 366888 692609 936760 380614 388475 808849 347654 127971 144190 547033 179999 628941 916362 397086 799144 968234 772759 1096422 903430 170412 935934 547795 666018 193919 932542 412020 166908 741666 825986 458035 636501 775529 271461 303822 910538 534826 276193
1076153 381203 808801 631087 964182 999999999 860639 940694 1081095 654938 642678 1001038 400948 692116 405342 833570 616002 737536 625909 206108 415946 314959 788824 767895 211424 130002 899906 833323 913504 221497 843665 879381 441393 866497 663578 741478 739017 222057 312313 913955 651569 730197 588759 421208 745876 833216 875820 363532 640952 377187 639688 923899 528248 638597 921091 790152 352050 927770 491421 561382 384326 1161932 659836 940785 553807 151433 874583 787530 324145 838520 915493 867259 504177 830256 346400 49211 627166 443112 112713 387829 207959 317614 1020230 400968 624336 568219 946956 132102 734727 907557 294781 288795 834940 608417 710936 841673 681546 394858 697860 699205
382778 577927 195005 457700 120268 860639 999999999 447165 474066 408345 910950 406345 463533 464646 475719 435009 281369 331046 508456 679487 567317 545935 82032 237907 731717 844609 265032 40791 125957 642594 81930 381442 427301 395257 337504 565383 297940 679708 649091 397319 471569 149516 549475 584560 581545 455735 65707 580262 705782 853968 546980 110157 419203 430006 101945 232723 526221 509640 393132 399381 522364 473917 214744 297421 647067 824545 406610 387844 690797 250931 179819 158868 427672 64516 535072 812137 277179 678932 857929 703745 984072 827687 267507 868906 510918 546670 257599 838870 298679 100703 656977 708979 470827 599620 754263 173136 187038 843296 420777 162862
817257 561396 267911 824626 527938 940694 447165 999999999 917533 784534 1238692 853052 648940 255783 692738 109286 397662 221433 330349 735019 528737 673533 410034 656999 908884 863460 183723 416211 568857 775453 366907 822423 549996 833679 713669 964227 237789 718933 870101 50562 846632 523102 898643 528877 980264 884685 512435 817483 1061881 1098239 336388 364205 420035 302161 371947 244667 720909 950380 648398 724221 560934 900987 540568 163749 978712 836254 845703 810164 646692 203624 625739 605147 446048 390122 731452 894261 384261 560610 883610 965874 972980 1051955 698030 1119921 874796 394781 703359 982020 241442 362386 868986 680046 899160 953985 1125516 276701 424787 1095981 243032 445763
116964 935693 667933 458340 394747 1081095 474066 917533 999999999 427213 805717 84122 715130 921097 689148 908557 686908 795417 950127 962126 939993 813020 532441 348639 887741 1119095 733819 510244 349256 870848 555995 201734 749326 215764 422195 415342 761860 974541 781746 868647 443906 465729 529671 961907 423328 267242 408477 720466 601907 894279 991666 555635 817546 873414 547419 704036 738633 204078 613062 521525 863556 113198 507912 759597 615004 1108207 209170 294723 1038331 724974 294477 325854 814187 536491 741751 1040957 690132 1068430 1124637 763049 1259139 901230 227379 896197 482527 973258 217121 1003257 761701 555696 797552 1043490 272600 543417 600254 647093 588622 874614 878365 554324
438208 569057 522361 50752 445927 654938 408345 784534 427213 999999999 505061 349550 317166 671824 278484 726025 416757 586835 669346 553112 584191 409078 394638 183327 460965 701521 628629 413225 370765 450292 457566 225817 386438 211769 72793 183166 559073 569556 355370 735421 64051 273183 145899 607437 198559 185541 373671 293257 297438 497925 710750 516961 504128 606803 509234 540187 322029 283507 222319 108744 494126 515412 243988 670913 246959 693512 219648 132698 655799 585850 339029 304319 489761 431730 323236 616148 427144 714191 705019 352917 838856 491747 416217 506116 103010 667847 333392 576894 556570 505051 370814 653074 191316 192145 348813 527160 360431 481718 637987 339070
871300 831218 996533 454600 949254 642678 910950 1238692 805717 505061 999999999 758621 611370 1063320 559854 1158867 841875 1021341 1031297 701683 862720 637303 886218 687149 462863 759530 1106767 911411 872997 581678 951903 652154 718161 630436 573803 398743 1001222 728518 420838 1193522 444729 768076 361484 882288 387439 555922 878730 444519 215074 267029 1065533 1017536 865470 993875 1010209 1004773 550539 601714 590637 523898 774079 917333 720800 1151230 265804 770648 628823 576989 858257 1055537 834845 805781 841646 926964 541495 638066 855068 964755 748274 305103 845963 325079 891418 245378 402178 1002038 810060 510830 997720 1004582 432224 834801 545406 313074 206477 1009579 825000 248040 1042146 814073
114715 851697 597493 384135 340799 1001038 406345 853052 84122 349550 758621 999999999 631620 843838 606575 837903 605913 720630 870491 878839 856250 729610 458830 264852 810472 1036556 669902 440325 285137 789135 487805 124410 665233 141767 339832 361255 687169 890974 704913 803457 372120 385077 461271 878235 371483 205583 340770 642155 548931 828048 912247 495802 735143 794357 487309 632351 656566 170062 529591 440267 779474 168330 424843 698512 551482 1025301 137984 218654 954210 656548 227402 252058 731261 466753 659959 960222 609616 984912 1042429 692486 1176955 831450 186825 831534 412972 892013 150251 926444 686782 494052 720345 959408 214267 480545 556447 579163 508852 809131 801533 474699
691654 258769 448064 318927 563636 400948 463533 648940 715130 317166 611370 631620 999999999 452544 53578 558122 259321 427512 420945 247630 280108 98185 396874 378695 277702 409274 553199 439577 512828 180096 457044 518925 106805 511227 295453 470645 414474 259428 221487 609029 345911 329287 336396 302938 482093 501191 475157 170881 476245 449479 456783 537245 254124 383286 533251 441175 73051 599001 102080 208435 186035 782289 258887 597771 377184 395622 521664 437205 338772 493658 517539 468843 230352 440188 83597 353712 272773 405656 417772 319912 551333 405446 624677 470987 343197 397447 555737 377572 410437 521050 221725 336250 508036 385085 551572 474534 294597 447066 433914 305988
842523 310915 280683 700661 578667 692116 464646 255783 921097 671824 1063320 843838 452544 999999999 503473 146521 256564 136577 75759 488554 276606 451146 392405 598676 684731 609060 297014 424132 586941 545725 389907 777885 345916 782804 610431 854255 167939 470201 664091 241793 726410 462891 755509 274593 869119 814281 524748 622570 912180 888994 95020 436978 199181 69498 440937 241056 518283 897583 485112 585757 323531 935971 445343 319377 818541 581639 795362 737030 391077 254036 632661 595785 224417 400635 528276 647146 247794 307738 629509 770703 717221 837075 730923 912484 743764 140133 706551 745109 166647 425899 659542 424730 826860 809954 983341 315574 338831 890186 43889 371795
673812 308949 480494 274492 568465 405342 475719 692738 689148 278484 559854 606575 53578 503473 999999999 604802 298062 471571 473790 275471 331885 130958 415135 363119 256107 429988 588017 455631 512157 185459 478129 489907 158953 480421 266959 422895 456329 291147 183777 651353 300928 333872 284908 354494 433723 463952 480059 124867 422729 408986 509990 557295 305945 434045 552610 477130 53485 561948 86857 171408 237628 762142 263604 632959 323606 419304 490211 404109 382434 529774 510755 462867 282723 459215 60605 360505 311661 455629 436066 273235 570573 369153 614894 429324 294601 451006 542064 364280 452418 541372 187453 376617 469716 332551 498164 504353 318895 404776 483263 325054
816679 453344 240657 762184 533712 833570 435009 109286 908557 726025 1158867 837903 558122 146521 604802 999999999 319085 140124 221377 628375 420222 574320 380462 618273 810022 754492 200939 398334 560852 674287 353284 791962 455494 800716 657906 908543 167034 611578 777483 101339 785871 480259 829480 419855 924237 844238 500283 728531 991243 1005237 229929 374532 318595 195341 380785 205874 628603 917825 569084 655067 456495 905579 484308 205814 903586 727223 813102 767765 537416 186177 614093 585955 344863 372066 639033 787582 306507 452426 774731 877595 863742 956775 699200 1027641 810098 285887 691524 878879 169460 368025 775146 570825 858084 884885 1058135 263571 367712 1004243 136035 394416
622826 297696 194340 448378 400822 616002 281369 397662 686908 416757 841875 605913 259321 256564 298062 319085 999999999 179825 267218 419078 285952 309082 199492 349352 533348 579171 295010 244137 381731 414239 238172 528280 177129 531354 353994 599772 159888 414229 479775 354409 473337 221196 511162 303338 614927 558793 324234 422776 672345 706762 309477 315292 139304 195446 314057 182570 332368 644338 251239 337397 248307 718328 190755 339169 584658 556741 543858 481703 410559 234751 414745 370744 146304 231819 342902 566809 13601 400250 594711 569924 714560 664531 522549 727351 494154 286387 480881 623439 156221 299270 480887 430583 571093 566478 740025 225819 102034 702838 221286 135662
711987 369271 144108 622329 443023 737536 331046 221433 795417 586835 1021341 720630 427512 136577 471571 140124 179825 999999999 195337 531765 341809 455764 263153 487579 690028 674259 177883 291038 455182 559370 254320 664474 329547 671655 519545 769666 33571 519080 648738 183059 646209 349215 689426 348603 785264 710941 392997 596216 851367 876866 227229 300771 209334 126033 304547 104524 499568 788247 430822 514965 353278 804395 346688 211100 764437 648379 684161 633945 469910 124599 503519 469634 233960 266607 510119 689629 166957 411573 692979 744792 796252 831014 598382 898498 670032 249946 579078 768001 33890 289433 647814 499400 724426 744842 918037 179353 231191 874548 93387 260252
878388 246097 336026 693396 626036 625909 508456 330349 950127 669346 1031297 870491 420945 75759 473790 221377 267218 195337 999999999 425179 210415 404867 431444 616520 633609 537843 366462 467670 626413 493099 438855 795497 314968 798399 613001 849224 222064 405107 622637 317551 719977 485639 739882 205174 863452 823188 564857 587229 891739 843580 42299 493623 170423 78531 496714 297663 481397 910666 468279 575883 270676 973050 457447 391777 795179 510200 810884 746560 318198 318767 668019 627901 191514 446114 490852 582212 261793 231979 558608 732978 642926 789360 770598 867739 732976 64532 739145 686284 219691 481278 616433 352512 834940 793081 964968 372858 361656 846376 106354 395876
938699 179099 608790 544047 789981 206108 679487 735019 962126 553112 701683 878839 247630 488554 275471 628375 419078 531765 425179 999999999 215054 149445 603156 625679 244370 166024 696325 648565 747713 125024 653213 764409 252242 755532 540823 682280 534168 27100 289684 707863 569144 561958 532485 224206 690803 738628 703218 301602 633677 463986 443018 732433 322661 433137 730414 587907 232001 836534 349371 446850 179060 1029776 494220 736480 534155 149116 765479 679556 158561 635133 758718 709787 299073 642371 232439 159248 429273 274148 178453 401785 307707 403050 867608 489674 554588 371001 801405 265474 529893 716190 274918 133118 743809 568771 710058 642969 494646 473680 492456 516634
891268 36309 447566 593980 686572 415946 567317 528737 939993 584191 862720 856250 280108 276606 331885 420222 285952 341809 210415 215054 999999999 225837 485433 591400 435606 335538 517073 529883 662967 295408 519667 758586 198486 755673 545667 748486 352479 194702 443021 506504 621297 487493 616451 23253 760551 760761 607923 422725 751353 652234 228527 592286 151227 228040 592426 418382 319795 856287 362406 477710 94259 986462 433698 552718 650681 308794 767368 689578 130058 458482 689609 642706 139657 516247 327141 371839 290820 130758 355289 558073 454452 594818 799611 677258 622250 156632 748423 478274 348486 577008 433569 157700 769741 664383 827679 484956 384092 657755 286196 414923
789561 196077 503404 405068 651519 314959 545935 673533 813020 409078 637303 729610 98185 451146 130958 574320 309082 455764 404867 149445 225837 999999999 473933 476541 235710 312008 601860 518367 604734 105375 529672 616057 132031 607776 392406 550995 449569 161969 219586 638602 431260 419486 407503 246229 561088 594349 563598 197551 530513 438906 434788 610081 256056 385161 606999 489702 99463 692345 200031 301200 137543 880406 350163 644984 429343 297662 617979 532723 254063 540663 612544 563677 229785 515613 104743 266263 321372 338261 321386 333343 454223 385964 720610 462927 422343 367711 652963 315154 445308 593739 212076 246131 600388 450673 607344 533963 367019 441517 441684 384251
450134 496540 143133 440870 202115 788824 82032 410034 532441 394638 886218 458830 396874 392405 415135 380462 199492 263153 431444 603156 485433 473933 999999999 247678 670626 767447 238251 45611 195192 573471 66437 413770 351112 424155 321849 565483 229582 602174 594186 359476 458666 121500 527328 502567 581728 475046 133419 527049 688536 807221 470956 142464 337173 352930 137506 174636 463276 541150 337250 364293 442424 543652 167921 278347 620452 746735 436301 401447 609444 206587 240638 206987 345776 44255 472692 739971 195148 597037 781367 658751 905996 776486 339456 823806 493864 467044 315926 774326 229587 126840 600511 628205 489649 580297 743387 136361 108518 798244 348870 90888
313027 587237 389139 234056 262634 767895 237907 656999 348639 183327 687149 264852 378695 598676 363119 618273 349352 487579 616520 625679 591400 476541 247678 999999999 596992 787902 485158 252523 187569 548552 301373 179361 401600 184474 124125 327563 455528 635370 497857 606502 242474 138422 329217 613389 343700 227707 193846 428888 476306 670430 658744 348033 472841 543085 339739 416200 416036 300686 279112 219316 515603 404663 161743 523586 430183 774202 197026 153872 691104 453382 161125 121793 467598 275481 421495 723573 354968 720151 795914 521183 929839 656628 254893 681025 285269 632675 179062 712528 454180 338269 510383 697863 242162 374153 519567 383780 260074 655985 558578 228179
894360 400232 724937 430991 821598 211424 731717 908884 887741 460965 462863 810472 277702 684731 256107 810022 533348 690028 633609 244370 435606 235710 670626 596992 999999999 305443 828353 711607 761532 140818 732703 686734 361385 671981 481921 531746 681895 271458 106295 873078 449121 588240 380086 450951 535542 631947 733653 169648 431922 220047 659649 812386 491627 619931 807938 715916 207633 724174 339625 379670 363040 975424 518599 872466 342618 312352 679001 593048 402930 767973 753546 707404 465343 714545 198001 188433 546457 516801 298280 179855 416941 160163 851848 245663 418348 589389 773809 116405 677687 796343 90190 376230 632364 397291 503873 752103 571372 229313 677020 580110
1100733 305303 764455 686047 955823 130002 844609 863460 1119095 701521 759530 1036556 409274 609060 429988 754492 579171 674259 537843 166024 335538 312008 767447 787902 305443 999999999 845564 812973 913666 251564 815656 919303 417380 908974 696904 812636 681156 165406 390180 842042 709376 727910 659479 334643 819157 885659 869191 425227 734737 497977 545150 894126 469746 563577 892495 740557 380975 982766 509454 598943 332177 1190700 659928 883584 641036 27966 918302 831446 221226 785229 923934 875016 448886 805859 378720 121514 588500 332865 21773 484854 142236 436655 1032419 522656 688663 476078 964888 255764 676979 877985 372760 185901 889438 687505 808102 799865 658966 513901 621546 681851
633971 542506 110418 672638 345172 899906 265032 183723 733819 628629 1106767 669902 553199 297014 588017 200939 295010 177883 366462 696325 517073 601860 238251 485158 828353 845564 999999999 236794 385317 707231 186841 644075 470112 656492 556108 802901 164801 686259 771536 135484 692270 357862 754227 525210 819122 711537 329752 711049 917334 996371 392029 181626 375952 303134 189056 112476 626041 772376 527345 583494 517519 718770 389066 45108 841994 820400 668258 639025 646232 61467 442504 423761 397907 211539 636495 851160 281964 589015 863529 854527 971041 956881 514838 1015842 724791 425182 519989 916984 168893 178878 773788 674727 726321 808642 975923 102096 282076 990845 260125 293728
421602 541577 157689 461262 160102 833323 40791 416211 510244 413225 911411 440325 439577 424132 455631 398334 244137 291038 467670 648565 529883 518367 45611 252523 711607 812973 236794 999999999 164491 617134 49978 407318 396435 419732 340986 577488 257799 647726 632685 365920 477123 143488 550676 546680 593730 476272 102647 564760 709777 842500 506196 107220 380863 389227 100743 194301 504742 535602 375646 393367 487973 513442 200933 272598 646206 792316 431472 405524 654483 216402 215835 189511 390256 26435 513961 784548 239171 639880 826825 693116 951595 813632 307349 858383 514560 506166 293190 816601 258431 93348 639646 673534 491201 602369 761480 139759 154008 832779 380281 134257
257116 668727 320956 421433 77049 913504 125957 568857 349256 370765 872997 285137 512828 586941 512157 560852 381731 455182 626413 747713 662967 604734 195192 187569 761532 913666 385317 164491 999999999 692088 207575 281011 500641 298379 309748 499230 421803 751891 668454 519670 428517 185756 516657 682087 514728 368202 62232 598522 660409 853708 666108 211274 520881 547941 202684 358467 565356 405793 425385 396041 606114 349266 254597 413379 617702 896086 308218 311785 780263 376150 58733 67313 525175 189953 572739 866524 380566 781713 924830 703429 1055362 836112 144265 865431 472050 660067 134909 874344 422258 208947 679154 794555 383289 560513 698483 298193 280166 840168 543229 248173
859037 260431 608490 434643 743731 221497 642594 775453 870848 450292 581678 789135 180096 545725 185459 674287 414239 559370 493099 125024 295408 105375 573471 548552 140818 251564 707231 617134 692088 999999999 631188 670051 237338 658964 449469 565247 554217 150350 165161 741790 458276 509278 413363 311523 572807 634123 655244 179495 508841 357169 518835 711665 355854 482106 708231 595076 133138 731203 270544 349414 222852 946738 438780 750317 409660 245636 668001 580941 277041 646021 694239 645910 329662 615987 129183 175421 426622 384183 254761 278857 388872 299412 799573 382371 439311 448603 727438 209834 549942 695351 151083 255965 637877 446755 585128 638650 468100 363639 539974 482932
463755 534491 114167 504682 188775 843665 81930 366907 555995 457566 951903 487805 457044 389907 478129 353284 238172 254320 438855 653213 519667 529672 66437 301373 732703 815656 186841 49978 207575 631188 999999999 457239 403011 469710 384923 624817 222017 650301 658542 316753 521604 184924 592349 534923 641071 525973 147573 591938 752860 873000 475751 80477 368722 361173 77444 152917 525083 585536 402025 430567 486233 553912 234359 222814 686214 793867 481444 454769 646960 169027 261696 238274 381184 26100 534721 794585 230696 623370 830502 724818 952247 841515 347257 889783 557854 481825 339445 834516 223266 64166 664409 668230 540871 644893 806322 91364 163108 864237 346081 153182
224567 750697 556882 259753 353013 879381 381442 822423 201734 225817 652154 124410 518925 777885 489907 791962 528280 664474 795497 764409 758586 616057 413770 179361 686734 919303 644075 407318 281011 670051 457239 999999999 562955 21866 223656 254012 631912 778001 580975 771917 248347 315920 338780 781189 266660 99011 321033 518949 438636 705818 837756 485222 648329 722400 476507 587302 538397 128324 417099 320659 676901 292183 338842 678528 431707 909197 27845 94248 848989 619840 225116 224599 641177 432914 541146 839419 534178 888822 924308 568634 1058723 707743 244885 710140 290067 809912 170577 802542 630809 479445 596560 851651 112316 361772 456200 545870 439108 687320 737529 406680
709569 187763 371470 399026 538970 441393 427301 549996 749326 386438 718161 665233 106805 345916 158953 455494 177129 329547 314968 252242 198486 132031 351112 401600 361385 417380 470112 396435 500641 237338 403011 562955 999999999 559038 347426 554962 320510 252924 322071 512503 426363 315979 431481 221646 567761 562308 453155 276762 578361 549746 351731 482963 147319 276785 480440 357832 173677 658037 166246 281330 114287 803563 252476 513472 480737 397827 570540 491549 289567 409034 517375 468790 123771 390955 183976 392209 189347 329148 430651 425318 557488 502066 627667 572185 431293 295319 568162 446924 316305 466637 319712 298081 571255 482852 652636 402448 242676 548914 328491 264488
245085 746770 567251 243132 371392 866497 395257 833679 215764 211769 630436 141767 511227 782804 480421 800716 531354 671655 798399 755532 755673 607776 424155 184474 671981 908974 656492 419732 298379 658964 469710 21866 559038 999999999 215869 232190 639368 769733 565984 783132 230389 322488 319763 778421 244800 77299 336099 504962 417073 686734 840692 500347 648693 726148 491645 596787 528012 117164 409822 310036 672605 310073 341019 691706 411612 899427 12560 79081 843537 630627 243424 240011 640687 445024 530394 827145 537744 886172 913534 550738 1047818 689683 266562 690680 271303 811106 191454 787505 638130 494073 581793 845311 90859 341360 434335 557482 444469 668034 742945 412644
413597 534344 450322 120398 382805 663578 337504 713669 422195 72793 573803 339832 295453 610431 266959 657906 353994 519545 613001 540823 545667 392406 321849 124125 481921 696904 556108 340986 309748 449469 384923 223656 347426 215869 999999999 251031 490883 554359 379801 664301 136820 200408 212448 568720 266924 215645 306421 312372 368904 546320 654910 445397 452085 547187 437789 469078 316749 310627 193955 102801 459635 498363 173925 598253 311702 686144 226519 144319 628542 514041 285056 245368 440239 359135 320292 621608 363522 676420 702608 397260 837132 533349 373517 556933 173708 616420 293190 598223 488555 433196 393404 629622 225562 262142 421568 454528 290808 531872 574962 267908
472907 729192 699334 156566 576154 741478 565383 964227 415342 183166 398743 361255 470645 854255 422895 908543 599772 769666 849224 682280 748486 550995 565483 327563 531746 812636 802901 577488 499230 565247 624817 254012 554962 232190 251031 999999999 741517 702771 429311 914638 129517 445042 153435 771631 16256 157193 519166 387483 187738 488417 890186 675537 681814 788601 667273 719561 453900 216576 388853 275046 655470 524024 424947 843794 209135 809864 230141 188351 804725 763474 452985 432899 665681 598716 451544 710803 610260 876003 811902 374377 941002 505119 496461 487210 128656 844108 417212 638819 739100 665484 446932 796612 147101 139880 203417 700833 541819 467413 820911 518580
678531 377711 114154 595757 410792 739017 297940 237789 761860 559073 1001222 687169 414474 167939 456329 167034 159888 33571 222064 534168 352479 449569 229582 455528 681895 681156 164801 257799 421803 554217 222017 631912 320510 639368 490883 741517 999999999 523027 635947 195028 619190 317107 665117 361239 757221 679710 359599 581196 827680 863784 256162 271703 212132 148419 275025 75634 487181 756103 410718 490447 355109 771048 317378 202682 742392 655830 651856 602859 481939 106271 469967 436091 235096 233580 497758 690634 146472 430703 699322 729054 806254 819510 565142 884917 644224 273129 545506 763719 4303 259702 635883 510060 693318 720557 893303 150796 201031 860665 124188 228967
948150 159418 601463 562359 791881 222057 679708 718933 974541 569556 728518 890974 259428 470201 291147 611578 414229 519080 405107 27100 194702 161969 602174 635370 271458 165406 686259 647726 751891 150350 650301 778001 252924 769733 554359 702771 523027 999999999 315419 693123 587821 566320 553963 202104 711640 755070 705818 324791 658189 491021 421368 728908 310925 416774 727203 579125 250330 853057 361507 462394 169183 1039938 499675 725666 558319 144913 779906 694489 131479 625333 764920 716013 288353 640459 251621 177163 423836 247608 180482 428106 304567 430023 874357 516713 574681 349413 809750 289739 518780 712743 300925 106353 760656 591409 734714 636316 493733 500770 475981 517105
790505 410799 664258 324702 731874 312313 649091 870101 781746 355370 420838 704913 221487 664091 183777 777483 479775 648738 622637 289684 443021 219586 594186 497857 106295 390180 771536 632685 668454 165161 658542 580975 322071 565984 379801 429311 635947 315419 999999999 830501 342926 501983 276446 462039 434089 525722 645031 69947 347598 228140 653803 736647 465328 596081 731499 660293 149204 618297 257083 278810 357112 870422 434354 816416 251304 391721 572885 487130 441405 712925 656588 611618 439738 638439 138678 282197 493321 544427 386813 115776 512810 185395 752054 250169 312965 587261 672779 221568 631916 720985 17688 421114 526276 298548 422946 687982 501613 226862 649802 505460
769437 537708 217475 776025 480611 913955 397319 50562 868647 735421 1193522 803457 609029 241793 651353 101339 354409 183059 317551 707863 506504 638602 359476 606502 873078 842042 135484 365920 519670 741790 316753 771917 512503 783132 664301 914638 195028 693123 830501 999999999 797759 472869 851151 508702 930702 834176 462724 776219 1014532 1058487 329828 316959 388466 278465 324483 195245 681509 899851 603981 676989 531372 854125 491564 121606 932485 815230 795162 759729 628491 153121 576259 555026 414008 339778 692080 866804 340877 549526 861727 924047 956096 1013484 650319 1079767 826504 381864 653955 949802 198937 314333 830048 660826 848664 906419 1077481 226302 376308 1055580 221067 396429
470260 603271 585578 27347 504579 651569 471569 846632 443906 64051 444729 372120 345911 726410 300928 785871 473337 646209 719977 569144 621297 431260 458666 242474 449121 709376 692270 477123 428517 458276 521604 248347 426363 230389 136820 129517 619190 587821 342926 797759 999999999 337226 93473 644506 143480 182845 435007 288420 234638 458674 760839 580509 552322 660206 572721 602619 337500 276202 260117 145656 528991 540347 306217 734702 193229 703818 235301 155484 683194 648844 392838 361434 536179 495756 336706 616029 484278 749771 710926 320370 843180 459410 461717 464313 44920 714612 378562 562877 616556 568751 359644 677348 183527 132005 284762 590931 422002 440852 693938 401752
404950 489751 255742 319816 234926 730197 149516 523102 465729 273183 768076 385077 329287 462891 333872 480259 221196 349215 485639 561958 487493 419486 121500 138422 588240 727910 357862 143488 185756 509278 184924 315920 315979 322488 200408 445042 317107 566320 501983 472869 337226 999999999 407737 507934 461261 364189 146378 432643 567936 704499 527535 250345 354413 410164 243426 279954 386088 439038 248634 250754 424028 500465 70628 399058 502752 710383 335008 288222 599670 320213 202854 155293 353998 159414 394233 682721 224550 611446 739136 554234 869616 678908 313307 719390 372952 507578 262108 698135 315773 236822 510650 612080 378214 460019 621976 255810 124513 693780 421972 91096
562194 593824 645113 95241 591778 588759 549475 898643 529671 145899 361484 461271 336396 755509 284908 829480 511162 689426 739882 532485 616451 407503 527328 329217 380086 659479 754227 550676 516657 413363 592349 338780 431481 319763 212448 153435 665117 553963 276446 851151 93473 407737 999999999 639197 159732 263407 518305 234642 163500 367040 779107 656379 569577 687168 648969 657777 308497 348765 271696 174680 522268 629560 365243 797902 101213 657169 323410 247574 661348 706571 483761 450124 550207 567068 304862 557474 523321 740383 658538 234082 787590 371595 555063 371725 49095 726408 471893 489673 662072 643644 293999 650794 260623 55440 228884 654705 475817 348636 726859 460558
912149 51413 459466 617193 704159 421208 584560 528877 961907 607437 882288 878235 302938 274593 354494 419855 303338 348603 205174 224206 23253 246229 502567 613389 450951 334643 525210 546680 682087 311523 534923 781189 221646 778421 568720 771631 361239 202104 462039 508702 644506 507934 639197 999999999 783662 783877 626440 443550 773245 668684 219281 606393 166289 230826 606800 429060 341298 879326 385658 500959 116931 1007428 455131 559696 672464 307379 790144 712572 121354 467493 709678 663020 157318 532351 348435 378410 307522 107797 354966 577389 448734 610656 819503 693846 645301 147382 769258 489103 357350 591303 452135 152246 792894 686900 849662 497123 402596 674743 287689 433920
483862 740799 715482 170254 591610 745876 581545 980264 423328 198559 387439 371483 482093 869119 433723 924237 614927 785264 863452 690803 760551 561088 581728 343700 535542 819157 819122 593730 514728 572807 641071 266660 567761 244800 266924 16256 757221 711640 434089 930702 143480 461261 159732 783662 999999999 168891 535122 394360 178626 485358 904316 691696 695713 803280 683425 735600 463472 222559 401831 288599 667309 532897 440812 860036 207706 816890 242200 203487 815018 779604 468076 448515 679318 614970 460818 716027 625496 887662 818024 375142 946449 503998 509942 483312 139123 857704 431182 641330 754784 681674 451753 806352 157986 140504 189763 717058 557667 464068 835990 534581
315912 748299 616844 202129 443038 833216 455735 884685 267242 185541 555922 205583 501191 814281 463952 844238 558793 710941 823188 738628 760761 594349 475046 227707 631947 885659 711537 476272 368202 634123 525973 99011 562308 77299 215645 157193 679710 755070 525722 834176 182845 364189 263407 783877 168891 999999999 400276 469686 344133 627037 865381 563545 665972 754138 554917 643575 507300 98002 403221 293255 673369 371434 368952 748786 348053 878323 73435 77300 838943 681062 315602 306181 655122 500504 508185 796508 566700 891456 888467 497426 1021757 634861 343859 629122 217559 830097 268132 745650 678067 555996 542366 837439 15179 276593 357814 610730 480265 607411 776239 450770
319109 615393 259881 424171 88562 875820 65707 512435 408477 373671 878730 340770 475157 524748 480059 500283 324234 392997 564857 703218 607923 563598 133419 193846 733653 869191 329752 102647 62232 655244 147573 321033 453155 336099 306421 519166 359599 705818 645031 462724 435007 146378 518305 626440 535122 400276 999999999 575263 669477 840298 604348 164258 463531 486346 155551 296914 532422 448640 394359 381443 555171 411494 216986 360626 618099 850573 347010 336278 727629 316599 114125 96493 469166 128480 540497 828087 322196 724463 881258 689548 1010187 818458 206265 853624 476617 599575 191894 844229 360038 158601 654470 743386 415450 565768 713353 238838 223861 828123 481022 193606
724751 393619 602602 267558 661997 363532 580262 817483 720466 293257 444519 642155 170881 622570 124867 728531 422776 596216 587229 301602 422725 197551 527049 428888 169648 425227 711049 564760 598522 179495 591938 518949 276762 504962 312372 387483 581196 324791 69947 776219 288420 432643 234642 443550 394360 469686 575263 999999999 335994 285336 621055 669411 423551 553533 664073 600835 106022 564535 189914 210441 331459 806334 365551 756090 235076 422530 512527 425884 441655 653449 587087 541902 398965 571291 97077 327672 436377 534760 425041 149099 555851 249612 683436 305006 264041 557724 604735 286040 577284 653886 81496 426378 471540 267425 412922 624839 437165 280249 604748 439203
660032 724925 808436 248531 737065 640952 705782 1061881 601907 297438 215074 548931 476245 912180 422729 991243 672345 851367 891739 633677 751353 530513 688536 476306 431922 734737 917334 709777 660409 508841 752860 438636 578361 417073 368904 187738 827680 658189 347598 1014532 234638 567936 163500 773245 178626 344133 669477 335994 999999999 326757 929671 814228 721502 843204 806559 821275 432402 400118 427149 337666 657620 711453 528268 960840 101195 738195 416185 361921 777617 870035 620695 593099 700470 727293 425998 620276 684766 868765 729261 253124 848239 358233 676473 319781 195222 873101 595000 521320 824563 802100 364251 761564 334680 108692 76946 817430 639318 304230 885342 623790
928881 617532 887898 452454 923400 377187 853968 1098239 894279 497925 267029 828048 449479 888994 408986 1005237 706762 876866 843580 463986 652234 438906 807221 670430 220047 497977 996371 842500 853708 357169 873000 705818 549746 686734 546320 488417 863784 491021 228140 1058487 458674 704499 367040 668684 485358 627037 840298 285336 326757 999999999 872272 948731 691201 821763 942893 885967 377341 703596 472773 459040 573849 996216 641581 1041403 280417 511483 690078 614063 622461 938601 831317 791101 665298 851232 366809 376762 720345 736848 485234 150749 579034 62165 914067 25716 415825 803388 831313 245085 859777 933619 230188 594789 622200 351905 378726 909687 721463 22808 876467 721488
918939 264825 370273 734162 663706 639688 546980 336388 991666 710750 1065533 912247 456783 95020 509990 229929 309477 227229 42299 443018 228527 434788 470956 658744 659649 545150 392029 506196 666108 518835 475751 837756 351731 840692 654910 890186 256162 421368 653803 329828 760839 527535 779107 219281 904316 865381 604348 621055 929671 872272 999999999 527656 209661 118633 531139 331218 515043 952956 507773 616396 298435 1013422 499745 413909 832455 517259 853178 788788 323966 348036 708538 668899 229299 484074 524242 597554 303931 225740 566350 765466 643126 816934 810361 896729 773139 72018 780147 706797 254176 515851 646850 359276 877097 831972 1003342 406364 403399 875875 134522 437561
453158 609002 157600 565791 163741 923899 110157 364205 555635 516961 1017536 495802 537245 436978 557295 374532 315292 300771 493623 732433 592286 610081 142464 348033 812386 894126 181626 107220 211274 711665 80477 485222 482963 500347 445397 675537 271703 728908 736647 316959 580509 250345 656379 606393 691696 563545 164258 669411 814228 948731 527656 999999999 441071 418224 8719 196442 604836 612593 479677 500569 563570 537171 307528 203994 752674 871954 511267 497132 720836 190772 269912 260624 455367 98219 614386 874794 306814 690542 909285 799692 1029840 918753 333893 964912 619093 541859 345654 914782 273954 16345 742952 743347 578693 707416 863862 121429 243577 939320 394145 232312
758900 169910 298328 525461 539170 528248 419203 420035 817546 504128 865470 735143 254124 199181 305945 318595 139304 209334 170423 322661 151227 256056 337173 472841 491627 469746 375952 380863 520881 355854 368722 648329 147319 648693 452085 681814 212132 310925 465328 388466 552322 354413 569577 166289 695713 665972 463531 423551 721502 691201 209661 441071 999999999 130753 441200 271598 319101 757032 298124 407337 143947 854466 311121 414807 625415 444861 660946 590672 280162 315484 552413 507333 26285 366118 329102 480296 142088 260946 487587 571532 597780 640584 660991 714391 563632 164338 616289 562032 207894 425780 461274 304521 676847 622674 794573 335230 240785 691794 185778 273636
800335 259645 260986 634188 547842 638597 430006 302161 873414 606803 993875 794357 383286 69498 434045 195341 195446 126033 78531 433137 228040 385161 352930 543085 619931 563577 303134 389227 547941 482106 361173 722400 276785 726148 547187 788601 148419 416774 596081 278465 660206 410164 687168 230826 803280 754138 486346 553533 843204 821763 118633 418224 130753 999999999 420931 223725 449595 839649 416301 518443 261916 894874 386114 333512 749248 536779 738678 677101 351549 250517 589937 550296 156479 367863 459662 592375 188415 285882 583292 701880 679344 770643 692149 845042 676420 124726 661540 684587 145543 405388 591948 383070 766334 741437 914669 298446 285736 822510 59326 319722
445328 608673 160874 558169 156128 921091 101945 371947 547419 509234 1010209 487309 533251 440937 552610 380785 314057 304547 496714 730414 592426 606999 137506 339739 807938 892495 189056 100743 202684 708231 77444 476507 480440 491645 437789 667273 275025 727203 731499 324483 572721 243426 648969 606800 683425 554917 155551 664073 806559 942893 531139 8719 441200 420931 999999999 200066 600462 603875 474456 493873 562361 529727 301473 212178 745474 870490 502558 488624 720701 196369 261300 251908 455065 93406 609956 872018 305879 691844 907505 793691 1028585 913304 326086 958939 611462 544260 337136 910822 277166 15670 737962 742879 570068 699862 855920 125430 240166 933340 397932 227839
615482 440896 39791 581101 340540 790152 232723 244667 704036 540187 1004773 632351 441175 241056 477130 205874 182570 104524 297663 587907 418382 489702 174636 416200 715916 740557 112476 194301 358467 595076 152917 587302 357832 596787 469078 719561 75634 579125 660293 195245 602619 279954 657777 429060 735600 643575 296914 600835 821275 885967 331218 196442 271598 223725 200066 999999999 514112 713948 419760 484399 409950 706433 296402 156654 741640 716072 609080 568059 548428 52644 409912 380309 291671 168522 524596 741228 169492 503577 757893 745646 869336 845513 499833 905829 631904 348304 486918 804754 78241 184915 662170 574904 657785 712866 883119 75225 181996 880981 197890 201188
