NAME : synthetic_000518
TYPE : CTSP-D
DIMENSION : 100
GROUPS : 8
RELAXATION_LEVEL : 1
EDGE_WEIGHT_TYPE : EXPLICIT
EDGE_WEIGHT_FORMAT : FULL_MATRIX
EDGE_WEIGHT_SECTION
999999999 314031 516610 693262 668202 212138 131691 634373 336524 834001 818098 441593 686718 593179 726324 537940 631826 363119 762877 198520 112743 748047 763717 721471 250067 769101 1047416 451723 962573 185043 276705 13145 287480 227501 563975 371798 780768 572467 541783 390194 179761 726012 243432 315222 315902 676614 781332 103812 522671 427644 882912 59625 568578 546849 237930 624986 91308 604572 851475 552947 851984 209122 245538 153602 225712 734140 403707 375594 308711 805442 732183 227850 56150 183158 464016 160602 527805 447676 850521 514314 287841 676267 298983 469170 328315 673436 473086 207509 123318 700511 522375 194772 572391 757343 118165 439461 620350 780613 968232 913364
314031 999999999 755023 885872 851052 367589 286868 784891 591651 707715 549843 322866 650129 810528 822797 455225 584439 288958 532403 195665 388981 531923 502397 715222 177777 905223 1041215 424074 934725 231992 388016 306892 77394 412977 772318 347817 532884 683266 641232 181776 298570 935931 465590 527788 567597 914907 509083 256066 507307 119489 956835 308779 594779 372267 550028 808353 375345 590077 787301 498762 839859 475147 333299 274266 535421 539453 553713 179151 615169 912141 787716 166509 262530 262090 293867 275763 504894 598005 786113 649977 393502 506648 34850 448097 425170 599796 683010 364512 434023 715496 768318 320478 725347 911386 425422 468710 676109 602193 992877 969633
516610 755023 999999999 210154 207209 388470 471880 250827 180534 844083 1068397 632104 611510 92785 403506 615838 601954 573142 958378 560540 404354 924475 1011347 580444 591932 360526 807345 521306 776616 523732 767251 529703 765956 691625 93624 516151 1001233 310449 326859 708279 690269 218367 291360 227492 200739 161672 1045878 620292 515627 832057 548771 569684 461738 739394 372312 178613 546871 539361 756225 580994 670942 307495 750991 481270 360077 881441 254072 692958 307836 436990 480390 593595 566127 493712 696950 479380 528040 235329 755953 253764 386027 806051 724874 514305 374160 662512 97138 696509 421866 533681 25589 435675 223458 321583 416106 441032 427354 888826 694718 600864
693262 885872 210154 999999999 42539 525070 621295 144195 372301 798278 1100935 691829 563197 117423 270036 634722 576846 652880 977150 691636 581308 938652 1046780 506575 710866 177780 657450 561210 652647 656807 957939 706342 911213 886922 131774 587406 1026518 266139 305148 800828 872120 71325 451560 379554 386818 157852 1085698 794363 523710 943000 380064 750293 438961 781557 578606 78876 737267 513077 675091 586760 561591 489870 935983 623857 564454 888186 333274 787385 517410 265544 370115 719395 736872 627369 760769 620110 535696 291181 675158 255618 493170 814393 852776 546002 465758 633668 220335 886516 614232 457271 222946 570124 179052 127361 606025 479891 369261 878961 539499 436893
668202 851052 207209 42539 999999999 493328 590808 102220 355644 757288 1058536 650892 521806 118737 235758 592351 534587 613458 934626 657692 557163 896115 1004456 466707 675169 158183 630469 519667 620064 623370 936188 681201 878526 867233 118320 547637 984039 223600 262725 761949 847691 113202 425168 353124 368058 187983 1043455 768097 481285 905544 357092 726015 396463 739630 566488 43650 716213 470743 636619 544252 526151 468229 912319 592161 551008 845656 297430 748718 509479 242272 333306 684554 710062 594224 719892 588136 493250 254077 636652 214819 457688 771854 817658 504166 428827 591610 198521 864726 594634 417342 224096 537576 137473 114712 585598 438652 327536 836638 513391 412763
212138 367589 388470 525070 493328 999999999 99815 441835 237463 659813 740062 308619 486830 443511 518767 366288 437679 230137 655113 172273 141548 630736 682470 513950 205160 572996 836787 267123 755285 135635 486298 222702 386435 439307 406288 203885 685957 365541 332133 334913 382394 570885 108084 161013 213497 547509 709955 294004 325324 445093 673172 270346 359204 425297 301680 449807 293205 402188 654147 367070 643475 154708 449524 98846 278544 603331 204205 318745 328788 600965 520206 205181 235363 105532 357456 95065 332554 250096 653284 313075 78495 535027 336716 279279 117281 486098 315965 418742 221976 490310 403121 47234 379633 568366 206171 235379 408214 636293 756142 702036
131691 286868 471880 621295 590808 99815 999999999 541556 304825 704699 723808 320010 555427 534475 616374 408084 500152 239402 654877 105213 120378 636066 667444 592362 154111 672794 920351 320108 832976 73859 394465 139118 294418 355986 499195 241124 678476 463823 428933 298999 287576 664188 180585 247369 280816 633099 689919 197818 391331 379783 768981 183947 441270 431041 299109 547184 221766 473878 719846 421434 723230 190925 354443 25340 279111 616974 304011 282956 348318 699634 612328 141969 140736 57501 352241 31210 396264 349883 718888 412750 164795 555110 259772 337484 205876 541975 407685 329708 192967 573540 483665 66881 479312 667952 178760 310018 498780 659129 845041 795684
634373 784891 250827 144195 102220 441835 541556 999999999 354660 655486 960619 562103 419733 184720 153414 495132 432718 531703 835209 596068 528007 796271 907196 366545 607252 135589 557371 428341 534138 563880 908893 646946 819238 846170 159338 464887 885316 124712 166629 681550 813613 215344 393014 324108 360723 281775 946780 729474 383756 829901 300161 693671 295729 645327 569666 87826 693107 369066 538505 445448 434522 448668 879867 538946 551178 745170 237812 669220 524351 192872 240461 619566 670496 536126 631129 534061 395443 191855 538476 134989 393660 671805 750689 411160 359787 489480 199077 837925 577557 317190 273701 482431 62354 127168 566418 349645 225331 734895 443963 350681
336524 591651 180534 372301 355644 237463 304825 354660 999999999 813890 965649 525962 599640 262670 487432 545741 571097 454618 869564 402337 224853 840540 907866 593497 441069 486608 873389 442710 819349 365753 588695 349576 594859 515330 240587 410217 905918 350565 343454 571893 509789 394878 129757 97579 24239 340115 938149 440312 465976 679253 646509 389156 447244 641078 215096 315764 367830 516522 761658 525613 706819 127567 570895 318502 197326 805251 205830 555804 176007 546145 535347 437761 387071 336857 583421 318043 477135 222788 761104 280583 264131 732027 563839 443900 270367 629381 159389 517605 243317 554082 185996 282097 301455 460590 236523 375252 448692 826060 771071 690820
834001 707715 844083 798278 757288 659813 704699 655486 813890 999999999 440653 403824 236569 819848 548815 296733 244475 474475 311667 649626 799454 273927 412461 295867 608315 674740 447434 392705 330226 651748 1055481 839022 782922 1043345 780690 464091 364857 545384 519461 526102 946843 869549 729355 718921 798856 931959 453745 864517 348645 649181 559742 877485 382352 336421 957035 738835 925247 305047 172003 294525 310498 800072 1003662 681088 933384 223470 613525 530452 966547 610560 446262 634970 823475 650854 414546 674282 338112 614812 171013 591312 587679 211297 681784 382235 561269 184803 749567 1005801 880602 343785 869468 651537 641754 719651 864819 441893 431160 159991 474101 527799
818098 549843 1068397 1100935 1058536 740062 723808 960619 965649 440653 999999999 440386 588176 1080181 903995 466243 545565 511869 135575 625137 843777 177493 57786 671355 572850 1026198 887977 549125 770254 650424 936654 816173 621278 961544 1037021 557281 79974 836015 795813 428477 847675 1169206 843851 871529 943559 1199103 42301 793614 577270 437640 962974 835049 667384 329038 1022697 1026934 899261 602192 606917 515320 734182 893375 882203 699361 1002109 234485 814551 443674 1065132 983965 815641 591898 780417 668782 383100 695241 565375 839588 605781 850840 701586 296690 544556 559811 700762 503539 973041 913708 915069 707093 1090547 705530 923088 1059516 901664 631417 750707 282699 905628 942697
441593 322866 632104 691829 650892 308619 320010 562103 525962 403824 440386 999999999 329478 653098 552829 132557 263494 81118 346814 248559 431347 322238 382685 400003 204750 657661 720352 135567 612240 256552 651666 444741 392313 641451 610053 117034 380262 441132 397205 150793 543094 755508 407267 431224 504288 770990 414989 461846 205454 305739 664856 479410 304516 116787 605992 614002 532371 278790 465174 179938 520146 463255 600005 294824 583628 297916 380578 147121 637406 642369 495215 231358 424038 262760 69068 288826 199062 411270 464001 436215 261895 235255 292022 156377 260726 277163 538689 602659 510133 407983 653336 282264 513564 678186 495051 212645 393950 339475 679401 668571
686718 650129 611510 563197 521806 486830 555427 419733 599640 236569 588176 329478 999999999 583673 324968 198026 65987 367638 453547 531645 627777 411770 542836 84431 504721 451044 391162 241328 286652 521168 939807 694543 715704 910549 544986 326416 508435 309023 284998 479739 829556 634522 533831 509531 587607 695392 585639 740799 164100 631597 377088 738711 153551 336903 765975 502390 774791 85872 167832 151503 190745 607653 892959 535625 742374 355492 394305 476598 763229 398497 229235 529784 690323 510400 377580 528495 159849 388237 167035 357787 408761 292778 617834 220440 373850 84695 518832 880484 706705 120130 637042 492589 405326 491999 691059 251625 194775 327882 355151 364176
593179 810528 92785 117423 118737 443511 534475 184720 262670 819848 1080181 653098 583673 999999999 336787 617820 584060 602827 963419 614864 480447 927253 1024159 541252 640622 276144 739201 531422 718851 578687 851288 606324 828358 777751 43205 540968 1009431 274701 302158 745382 769952 132900 357251 287300 279770 118936 1060834 696003 510982 878576 471572 648425 441955 753403 463393 99970 630369 519845 716120 576506 618261 385691 832301 540530 450184 880613 274596 730822 400443 357537 424448 645624 639989 548647 720534 537691 523453 242025 715989 234578 425967 805357 778817 520472 405957 643844 127557 780119 505987 492592 106359 490310 178759 233249 498952 448894 391241 880670 623807 525884
726324 822797 403506 270036 235758 518767 616374 153414 487432 548815 903995 552829 324968 336787 999999999 455459 358608 544477 771876 648612 628984 730786 854716 253115 647582 126404 404023 418849 384534 621541 1002936 738008 868930 948279 312728 479227 825375 153859 187819 691254 900947 337677 497323 436448 488875 423729 896507 812762 350760 846777 160537 785808 250333 612454 698862 237371 795866 303062 410643 399717 291666 562668 968065 607938 678537 675873 324636 681614 662116 90134 104046 665018 754104 597441 618912 601952 359762 284217 410841 216662 454164 607645 787948 396728 414326 406018 341963 933677 689421 206693 426796 551370 188850 171505 676547 356139 160232 652691 291590 203626
537940 455225 615838 634722 592351 366288 408084 495132 545741 296733 466243 132557 198026 617820 455459 999999999 132209 184817 345629 359305 504135 309687 412184 272527 323531 570827 588185 103653 479685 357592 769641 543367 523588 751227 574940 167374 392747 370420 329662 281920 659686 703000 445459 448204 527417 736593 451654 574334 111383 433758 549991 583067 207137 157035 666794 560816 629065 159228 334774 56521 388725 512586 719739 384673 643348 265662 363987 279365 683813 542148 383739 349884 530102 354837 180682 377814 99885 381449 333631 385689 298419 190374 423947 102985 278516 146448 518815 715927 585273 286998 639560 355206 456914 599244 569543 175715 295828 280331 551106 547919
631826 584439 601954 576846 534587 437679 500152 432718 571097 244475 545565 263494 65987 584060 358608 132209 999999999 303487 413316 470348 579223 372369 497175 142880 441451 482066 457030 181564 351177 461786 880017 639062 650536 853555 543391 265880 466785 313524 281918 413773 769670 647770 494151 477446 556985 699394 539391 681579 112672 565939 430260 682239 142116 275662 725270 510409 721058 64396 219881 86453 256714 566915 832325 479319 701568 318037 369252 410615 728377 438880 271961 466857 632518 452804 312290 472201 105176 370717 218897 351403 360919 249049 552299 162702 329063 60565 506517 822054 659288 166135 627164 439224 408985 518480 643523 206116 210355 302241 419552 422377
363119 288958 573142 652880 613458 230137 239402 531703 454618 474475 511869 81118 367638 602827 544477 184817 303487 999999999 425317 175468 350264 402298 454113 427800 139068 638917 756688 135119 654260 178502 584961 366953 349618 568961 560413 67004 455932 417005 373067 149998 475149 713036 332051 362458 432153 718774 483579 390719 218455 302747 670872 403584 307285 196154 525364 574106 454263 302117 517539 217116 554719 384772 534924 214333 503139 379028 328246 138453 558567 634590 500959 165226 349117 182421 128901 208193 216530 364386 516433 399806 191751 315742 255032 159149 199094 330101 482982 532281 429026 426565 593008 201576 478096 653410 413935 188975 391624 419727 704291 681465
762877 532403 958378 977150 934626 655113 654877 835209 869564 311667 135575 346814 453547 963419 771876 345629 413316 425317 999999999 564691 771861 41954 100815 536333 512820 895176 757192 437200 638874 584191 918020 763015 608798 930917 920500 459753 55706 711176 672400 378170 820180 1046413 753721 773201 848657 1082215 142335 755068 454523 435864 827585 788564 540068 230039 949231 904828 849395 471864 474041 390472 599183 809820 863272 629648 927415 98919 704603 390873 983810 850516 681765 535510 732422 597778 302725 624575 442273 725689 472880 731066 606808 164655 518751 444553 600076 369073 861831 885451 847814 572935 981459 626106 800879 930091 833406 517617 620900 151712 771103 807127
198520 195665 560540 691636 657692 172273 105213 596068 402337 649626 625137 248559 531645 614864 648612 359305 470348 175468 564691 999999999 223985 549528 569613 581849 52416 720947 913314 290406 816916 36883 410830 199632 223315 393737 576741 205284 584105 502095 462265 197254 300631 740588 273742 333056 378104 719780 589956 215265 371497 277272 792451 231259 441885 349150 401219 614667 287130 457308 688339 385613 712149 294691 362124 85329 382152 536420 361239 181660 453244 736048 627662 36787 175563 66828 265665 84663 373192 406364 687275 462047 202409 480704 164443 312173 237957 502746 487348 356850 290445 571572 574644 125053 535305 723168 277573 308268 513296 584907 849451 812261
112743 388981 404354 581308 557163 141548 120378 528007 224853 799454 843777 431347 627777 480447 628984 504135 579223 350264 771861 223985 999999999 751386 787234 651621 274209 663404 969690 407286 892484 194229 381111 125888 379123 319833 451553 338168 797143 475767 449121 419334 290817 613293 134994 205319 203632 564865 810152 216047 466822 491660 787861 168999 495913 545396 178921 514183 166942 542748 795310 507940 779843 97325 355158 144438 158733 729250 304349 403314 230137 704630 644580 260288 162253 175200 469259 148586 474102 346067 794460 413658 219032 664377 366422 420384 255090 627380 360992 309979 81161 625122 410846 150579 466652 649049 65409 376153 536370 767428 883627 821880
748047 531923 924475 938652 896115 630736 636066 796271 840540 273927 177493 322238 411770 927253 730786 309687 372369 402298 41954 549528 751386 999999999 139855 494444 498356 854394 717728 404185 599222 566845 914262 748870 609023 923294 884461 432160 97553 672543 634312 369379 814078 1008197 727093 743671 820090 1045902 182323 745771 417159 441839 785634 776480 500776 206189 927583 866936 835904 431562 433800 352505 557733 785240 859672 610741 905425 56997 671206 380912 959461 809015 640166 522051 720164 578660 284548 605373 404812 690852 432627 694164 579202 124600 515755 410176 570371 327366 827670 878783 828581 531272 947837 603840 763049 889798 813895 483443 580638 114375 729886 765246
763717 502397 1011347 1046780 1004456 682470 667444 907196 907866 412461 57786 382685 542836 1024159 854716 412184 497175 454113 100815 569613 787234 139855 999999999 626734 517243 975851 857486 492831 739031 594242 890237 762121 575513 912223 980977 499620 52126 782501 741823 373607 798860 1114675 786116 813786 885773 1143049 43073 742226 523488 393613 919251 782197 615260 271969 966131 972279 845906 552030 573642 462538 696252 835924 835591 642879 945407 195446 757629 388535 1007895 936055 768523 536843 727184 612126 325378 638655 511753 783209 572468 795683 643809 250061 495050 504094 643153 458185 916178 864853 859119 660603 1033388 648222 868554 1008028 845581 575275 699844 252481 868860 901260
721471 715222 580444 506575 466707 513950 592362 366545 593497 295867 671355 400003 84431 541252 253115 272527 142880 427800 536333 581849 651621 494444 626734 999999999 560542 379314 331466 294645 241364 566999 983662 730392 777388 948141 505533 378273 591485 270261 257328 550757 874136 577464 545007 510155 584579 647488 669604 784304 211237 705104 292759 776226 155923 418356 775488 452794 806564 125837 175839 220194 131058 619149 939110 574843 752281 437834 388803 546171 763911 319977 151881 584365 731031 552567 453194 567787 211547 373049 175597 329809 435648 376756 681967 271392 397121 168649 492940 921397 727710 49377 605983 526919 363210 423784 712431 282344 153139 405979 279399 280397
250067 177777 591932 710866 675169 205160 154111 607252 441069 608315 572850 204750 504721 640622 647582 323531 441451 139068 512820 52416 274209 498356 517243 560542 999999999 727619 891316 266021 791262 80622 447639 250532 222670 437298 601071 182709 531751 505982 464330 145452 338562 763143 311377 365248 416884 748993 537861 257416 349324 240216 785829 279613 428063 299824 452302 632833 337598 434858 656573 355382 689415 339675 396769 131647 432817 486764 377792 129659 502209 736426 618344 26665 223367 105814 215421 129258 349391 421440 655470 472299 217698 433140 143440 289151 247725 469150 513790 397936 342432 554452 607516 159102 547983 733649 329342 297280 505034 537013 833143 802081
769101 905223 360526 177780 158183 572996 672794 135589 486608 674740 1026198 657661 451044 276144 126404 570827 482066 638917 895176 720947 663404 854394 975851 379314 727619 999999999 481537 522115 486044 690294 1044119 781586 944136 981753 267483 572108 948119 222799 266201 788404 948010 234704 528417 459697 494200 335148 1017198 863101 462260 941090 202434 828513 363690 726862 701594 182063 828677 424017 532337 516362 405559 584093 1014457 668648 683834 800014 369012 777362 652160 88701 228678 742007 804050 663535 725537 663426 472409 323417 532624 260492 519493 730613 870612 501741 483014 531301 328134 973237 712970 333097 379600 611753 196835 53654 701932 450720 276235 778489 363149 259573
1047416 1041215 807345 657450 630469 836787 920351 557371 873389 447434 887977 720352 391162 739201 404023 588185 457030 756688 757192 913314 969690 717728 857486 331466 891316 481537 999999999 625307 118767 898074 1313471 1056963 1105949 1274840 716709 709482 811382 522875 533502 870056 1204375 716108 851988 804735 870131 815285 899517 1114342 542380 1019686 281334 1103543 479127 713027 1074421 639246 1129858 456592 285635 542455 202000 924404 1269744 903959 1052264 663571 682131 867434 1049278 392840 338046 915443 1060119 882816 765003 896968 541925 653217 286860 592822 759677 628008 1008748 602382 719601 451230 740417 1250032 1041862 346949 830788 854087 588255 534824 1027190 611267 435025 605934 118551 223591
451723 424074 521306 561210 519667 267123 320108 428341 442710 392705 549125 135567 241328 531422 418849 103653 181564 135119 437200 290406 407286 404185 492831 294645 266021 522115 625307 999999999 526661 280339 698824 458523 483502 672156 488225 85123 480173 306214 262502 273939 588510 626702 342122 345131 424072 650270 529452 500138 83761 430571 538029 501101 174262 222218 565512 484384 541728 168868 401301 101573 423450 410108 651669 298553 541954 364468 267408 265639 580552 508740 367833 290218 450996 271424 203898 291462 83398 290466 400297 306273 196133 290168 390090 24047 174866 222122 425021 640497 488343 291512 544275 261696 382225 542906 472539 82623 261617 383525 569559 546890
962573 934725 776616 652647 620064 755285 832976 534138 819349 330226 770254 612240 286652 718851 384534 479685 351177 654260 638874 816916 892484 599222 739031 241364 791262 486044 118767 526661 999999999 804519 1222584 971348 1001643 1188931 690677 611713 693261 474591 475942 760464 1112661 717430 782530 742399 813132 808018 781166 1023198 445908 907660 304956 1016920 396591 597952 1010777 620690 1047918 360637 166928 437591 113603 856319 1176940 814883 987906 544892 619369 758773 993377 400379 296256 816179 970863 791617 653347 807793 443731 596570 168157 542572 677008 509581 903003 504759 638357 338464 699907 1161339 967846 269460 801282 767891 553246 539335 952690 523160 370981 487865 164434 253509
185043 231992 523732 656807 623370 135635 73859 563880 365753 651748 650424 256552 521168 578687 621541 357592 461786 178502 584191 36883 194229 566845 594242 566999 80622 690294 898074 280339 804519 999999999 418640 188489 255703 393945 540843 196106 606293 473137 434311 225148 308417 704948 236961 296265 341515 683115 616273 219802 358675 313585 767946 225760 422825 363396 372854 580197 275949 443943 681168 378825 697863 259948 372434 51051 352960 550399 327805 209097 421609 708125 605038 72153 172562 30104 282326 49122 361537 373267 680141 430539 170810 491371 201166 300733 208250 497934 451139 360481 265061 553928 537773 88487 502699 691048 251357 288772 490501 595708 830514 789692
276705 388016 767251 957939 936188 486298 394465 908893 588695 1055481 936654 651666 939807 851288 1002936 769641 880017 584961 918020 410830 381111 914262 890237 983662 447639 1044119 1313471 698824 1222584 418640 999999999 264928 315441 86369 826608 614140 920706 849092 817808 547329 110353 983554 515989 586282 571907 920736 895399 199403 777067 499711 1159030 217144 834925 734804 416529 893677 220938 861965 1098817 796053 1114718 468191 54789 409615 419559 915166 680304 538001 496846 1082077 1005883 420988 253810 431128 649817 416569 780150 723989 1097766 790856 558624 871459 399269 719372 599683 913576 738259 71464 345524 967156 768104 461316 847286 1030105 352388 702208 892850 972809 1239503 1188293
13145 306892 529703 706342 681201 222702 139118 646946 349576 839022 816173 444741 694543 606324 738008 543367 639062 366953 763015 199632 125888 748870 762121 730392 250532 781586 1056963 458523 971348 188489 264928 999999999 277882 217914 577097 377814 780006 584165 553126 388894 166936 739156 256337 328179 329004 689650 779071 90825 530448 421608 894315 47847 577962 548635 247177 637966 87728 612808 858836 559532 861041 222209 232920 159988 235735 735940 415778 374551 319144 817442 742900 227537 45964 188602 465289 167068 535350 459900 857872 526410 297683 678965 293037 476361 338339 679914 486184 196240 133604 710019 535397 203476 584922 770079 129357 448188 630790 783298 978532 924395
287480 77394 765956 911213 878526 386435 294418 819238 594859 782922 621278 392313 715704 828358 868930 523588 650536 349618 608798 223315 379123 609023 575513 777388 222670 944136 1105949 483502 1001643 255703 315441 277882 999999999 348184 792204 403091 607702 724513 683949 256934 234020 957047 474623 541644 571413 927362 579968 209438 567257 184434 1008487 268400 649962 448369 525058 835207 333122 651635 857480 564253 904078 472029 261163 288112 513179 616842 583506 252730 595830 957215 840933 203915 231918 284397 368448 291414 565957 628952 856309 685352 425620 583363 101350 507272 461128 669346 701160 298813 410754 774472 776997 341102 758266 946373 404630 519925 727704 679436 1052938 1024460
227501 412977 691625 886922 867233 439307 355986 846170 515330 1043345 961544 641451 910549 777751 948279 751227 853555 568961 930917 393737 319833 923294 912223 948141 437298 981753 1274840 672156 1188931 393945 86369 217914 348184 999999999 755189 589275 938686 794701 766158 553921 114558 909185 454070 522086 500110 842447 921282 179980 746534 530474 1106464 172054 795873 734178 333658 825388 153184 829726 1073413 772073 1078870 399643 108571 374946 338367 918852 623772 542604 413397 1024462 958619 411007 221501 400755 648783 382076 750883 665886 1072418 733438 515339 869412 417199 691093 555797 891687 668727 49603 272742 927905 691060 421265 785397 964766 281720 665839 847394 972643 1195413 1138694
563975 772318 93624 131774 118320 406288 499195 159338 240587 780690 1037021 610053 544986 43205 312728 574940 543391 560413 920500 576741 451553 884461 980977 505533 601071 267483 716709 488225 690677 540843 826608 577097 792204 755189 999999999 498220 966373 236740 261804 703650 742136 164993 324526 253285 255116 162082 1017632 665953 468493 838224 455436 620339 401298 710199 448884 85427 605814 479335 681009 534081 587644 358854 805487 504102 433959 838072 232190 689209 391165 343384 394823 606836 609120 510901 677581 500977 480975 198889 680833 192792 385362 762771 740247 477349 364188 603400 91885 755222 482534 457347 114952 452722 142393 230691 474480 405706 354110 838884 603017 507974
371798 347817 516151 587406 547637 203885 241124 464887 410217 464091 557281 117034 326416 540968 479227 167374 265880 67004 459753 205284 338168 432160 499620 378273 182709 572108 709482 85123 611713 196106 614140 377814 403091 589275 498220 999999999 495788 350047 306143 216994 503795 648497 295074 314729 389010 657947 531997 415799 167103 369159 609122 419079 247309 230868 505513 508758 462630 252910 485071 182836 507834 355937 566688 218210 482422 401221 266761 205375 529828 569253 439902 206115 367812 189406 180864 211248 168101 300651 484042 333507 147118 331572 313225 107204 143704 302556 423768 556578 419128 371873 537023 188286 411783 586408 403479 123108 328673 432417 650558 622230
780768 532884 1001233 1026518 984039 685957 678476 885316 905918 364857 79974 380262 508435 1009431 825375 392747 466785 455932 55706 584105 797143 97553 52126 591485 531751 948119 811382 480173 693261 606293 920706 780006 607702 938686 966373 495788 999999999 760939 721430 391523 826321 1095328 787168 810441 884442 1128347 89532 765707 502983 428847 883011 802734 590970 264994 975562 953356 865198 524306 528946 439916 654812 840398 865933 653504 954252 154550 747165 405509 1013676 904747 736222 552949 747065 622089 329250 648840 490895 770155 527794 778360 642052 217735 522693 489207 638071 423844 905162 892102 871210 627546 1023900 654340 849403 982225 857212 561718 673140 205449 826609 862797
572467 683266 310449 266139 223600 365541 463823 124712 350565 545384 836015 441132 309023 274701 153859 370420 313524 417005 711176 502095 475767 672543 782501 270261 505982 222799 522875 306214 474591 473137 849092 584165 724513 794701 236740 350047 760939 999999999 44134 566847 747394 336112 345419 288041 348121 387104 822069 659503 259045 718628 312123 631958 173326 521119 555455 196948 642516 249196 446099 321024 364887 412978 814492 456452 534127 622098 171671 555422 526529 235969 184841 521333 600727 447800 509913 450678 270750 134089 445858 69995 303565 548255 648565 287999 264895 372103 226352 779820 538141 223232 335938 399596 96402 237394 524869 230291 117636 614533 421655 348497
541783 641232 326859 305148 262725 332133 428933 166629 343454 519461 795813 397205 284998 302158 187819 329662 281918 373067 672400 462265 449121 634312 741823 257328 464330 266201 533502 262502 475942 434311 817808 553126 683949 766158 261804 306143 721430 44134 999999999 522848 714523 374018 322597 271319 338009 417811 781019 625855 218563 674932 341222 600973 139850 478724 540942 232694 615002 217687 431881 281933 363730 393010 781653 420146 518878 584867 149470 511507 518104 273861 198100 480359 567420 409805 466046 414141 230558 120793 431524 73273 266346 510450 606471 244713 226617 341707 236253 749282 515161 213707 352432 363647 129035 281516 501304 186158 106299 580298 438110 372820
390194 181776 708279 800828 761949 334913 298999 681550 571893 526102 428477 150793 479739 745382 691254 281920 413773 149998 378170 197254 419334 369379 373607 550757 145452 788404 870056 273939 760464 225148 547329 388894 256934 553921 703650 216994 391523 566847 522848 999999999 445121 859485 442978 487493 548115 859247 392799 376984 351954 156809 811217 411378 447998 191810 597690 721959 473692 428785 608849 330731 670483 479947 493159 275646 578042 367840 472085 16298 646084 781358 641057 163431 355581 247136 112155 272459 346928 510678 607642 549107 322325 327835 156184 297268 339467 422898 622280 509528 487696 557585 726373 293051 627353 803400 474735 337794 535433 426702 830150 817318
179761 298570 690269 872120 847691 382394 287576 813613 509789 946843 847675 543094 829556 769952 900947 659686 769670 475149 820180 300631 290817 814078 798860 874136 338562 948010 1204375 588510 1112661 308417 110353 166936 234020 114558 742136 503795 826321 747394 714523 445121 999999999 902843 423180 494891 490709 848100 807245 90188 666986 415916 1055454 121830 726341 629583 365379 804555 152495 752024 988473 685714 1005170 384277 67131 301262 362563 812144 580967 434724 445399 981938 899901 311898 147245 321610 544267 308112 669954 625602 987424 691562 452343 765854 303911 609135 493434 803358 651795 66033 272904 858457 693934 354391 751501 936991 275821 593179 786314 868086 1131993 1083113
726012 935931 218367 71325 113202 570885 664188 215344 394878 869549 1169206 755508 634522 132900 337677 703000 647770 713036 1046413 740588 613293 1008197 1114675 577464 763143 234704 716108 626702 717430 704948 983554 739156 957047 909185 164993 648497 1095328 336112 374018 859485 902843 999999999 488822 418002 412498 110007 1153207 828718 592345 998339 435843 781325 509284 848004 590092 142508 762708 583882 745076 655941 629247 518573 965089 668935 578352 958152 388245 845601 522655 323371 439230 769967 772486 675103 824205 665720 604445 348878 745167 320431 546040 884113 903503 612375 521536 704800 256687 912483 638078 528205 223362 617082 246130 181285 631370 544726 440541 949773 597630 493430
243432 465590 291360 451560 425168 108084 180585 393014 129757 729355 843851 407267 533831 357251 497323 445459 494151 332051 753721 273742 134994 727093 786116 545007 311377 528417 851988 342122 782530 236961 515989 256337 474623 454070 324526 295074 787168 345419 322597 442978 423180 488822 999999999 72089 105641 452749 814842 343013 382782 550054 657153 301981 390032 523807 232155 381814 300892 448030 701021 435175 668979 74211 488578 191343 208584 695817 174066 426820 238441 570915 520376 308696 285315 207678 460753 190193 392350 213209 700297 280919 148827 624782 436658 348470 168353 548422 232708 444935 192847 513094 303181 152348 331693 514470 179451 288625 416985 723044 760410 693522
315222 527788 227492 379554 353124 161013 247369 324108 97579 718921 871529 431224 509531 287300 436448 448204 477446 362458 773201 333056 205319 743671 813786 510155 365248 459697 804735 345131 742399 296265 586282 328179 541644 522086 253285 314729 810441 288041 271319 487493 494891 418002 72089 999999999 80052 387204 845017 415102 370407 605458 596948 373456 359271 545453 269708 309813 369091 425102 674013 428973 628969 126481 560015 254760 247559 707866 123166 471722 254310 506196 468858 366186 357363 266229 490637 252500 381300 153959 673393 220245 170721 634518 497425 346529 173300 534890 161403 515021 254696 473915 242293 208195 263721 443828 242873 278631 372203 728509 708324 636139
315902 567597 200739 386818 368058 213497 280816 360723 24239 798856 943559 504288 587607 279770 488875 527417 556985 432153 848657 378104 203632 820090 885773 584579 416884 494200 870131 424072 813132 341515 571907 329004 571413 500110 255116 389010 884442 348121 338009 548115 490709 412498 105641 80052 999999999 361388 915732 419556 450410 655015 648733 369572 436125 619769 210256 327157 350986 503732 750941 508981 700176 106846 552598 294317 190788 785553 195801 532005 180245 550702 532354 413523 365583 312622 561027 293827 461336 217315 750355 278243 242400 712686 539690 426146 250594 614695 169940 500619 227419 546384 207749 257948 305316 470431 219548 358661 442153 807594 769619 691675
676614 914907 161672 157852 187983 547509 633099 281775 340115 931959 1199103 770990 695392 118936 423729 736593 699394 718774 1082215 719780 564865 1045902 1143049 647488 748993 335148 815285 650270 808018 683115 920736 689650 927362 842447 162082 657947 1128347 387104 417811 859247 848100 110007 452749 387204 361388 999999999 1179630 780414 629299 988468 537580 728456 557557 872162 513951 194705 701901 635021 820244 694710 713546 467658 907383 641820 505385 998914 391187 844379 440686 423280 520042 752057 726957 653022 838066 639683 641750 360461 820207 352357 537804 923736 884223 639408 520611 758683 237010 850753 577043 598251 154327 594729 290807 283355 572594 567774 501151 997729 697350 594587
781332 509083 1045878 1085698 1043455 709955 689919 946780 938149 453745 42301 414989 585639 1060834 896507 451654 539391 483579 142335 589956 810152 182323 43073 669604 537861 1017198 899517 529452 781166 616273 895399 779071 579968 921282 1017632 531997 89532 822069 781019 392799 807245 1153207 814842 845017 915732 1179630 999999999 754478 563036 396066 962177 796891 655870 307505 989018 1010732 861475 593626 616066 502886 739231 862405 841016 665733 968742 238282 792645 408297 1033223 978247 810946 556127 742599 635566 354728 661837 551442 819387 614897 833658 674535 292869 504626 541607 675701 501015 951245 873269 880293 703184 1067588 674129 907173 1048823 867122 612050 741058 293929 911771 944320
103812 256066 620292 794363 768097 294004 197818 729474 440312 864517 793614 461846 740799 696003 812762 574334 681579 390719 755068 215265 216047 745771 742226 784304 257416 863101 1114342 500138 1023198 219802 199403 90825 209438 179980 665953 415799 765707 659503 625855 376984 90188 828718 343013 415102 419556 780414 754478 999999999 577794 375386 966458 61665 636178 554480 325991 724665 123842 662593 900850 598290 915356 312851 156699 211078 317804 739714 494806 364894 402063 894650 810073 231061 59070 231743 469135 217924 581039 539925 899817 605146 362604 689491 251742 520373 403674 716764 574636 141606 218371 768315 626184 264513 667182 854007 216760 503101 696356 792835 1041833 993501
522671 507307 515627 523710 481285 325324 391331 383756 465976 348645 577270 205454 164100 510982 350760 111383 112672 218455 454523 371497 466822 417159 523488 211237 349324 462260 542380 83761 445908 358675 777067 530448 567257 746534 468493 167103 502983 259045 218563 351954 666986 592345 382782 370407 450410 629299 563036 577794 999999999 508682 459710 574647 100469 264881 613228 450437 611008 85855 329624 65690 340802 455036 731056 371589 589520 369638 270221 345000 618579 439343 289841 373145 526599 346757 269163 364460 12496 280354 328717 277131 248291 294440 473479 60194 216622 165737 418593 716925 546729 208232 540084 328789 346473 488920 530975 94159 190622 373199 485893 465693
427644 119489 832057 943000 905544 445093 379783 829901 679253 649181 437640 305739 631597 878576 846777 433758 565939 302747 435864 277272 491660 441839 393613 705104 240216 941090 1019686 430571 907660 313585 499711 421608 184434 530474 838224 369159 428847 718628 674932 156809 415916 998339 550054 605458 655015 988468 396066 375386 508682 999999999 968026 426900 604733 316141 660009 864291 493496 584512 750924 484942 822013 570696 445558 362271 643933 458830 610376 165250 721104 936911 797865 241498 378542 342426 254687 361926 503461 651836 749689 695829 452880 439736 128662 453998 477320 569227 752463 481526 544254 713616 847732 398516 773565 953682 534385 491722 691849 525891 984372 973793
882912 956835 548771 380064 357092 673172 768981 300161 646509 559742 962974 664856 377088 471572 160537 549991 430260 670872 827585 792451 787861 785634 919251 292759 785829 202434 281334 538029 304956 767946 1159030 894315 1008487 1106464 455436 609122 883011 312123 341222 811217 1055454 435843 657153 596948 648733 537580 962177 966458 459710 968026 999999999 942163 363878 703693 858896 372685 954529 390816 395244 493812 254227 723098 1122567 758739 838756 728751 483758 803533 820238 114895 170207 805382 908254 745646 726143 752455 465801 444335 395909 376965 604849 669409 922152 514321 564131 461387 497085 1090422 849553 264578 570274 702944 345680 254903 836531 488794 280925 691468 162916 57770
59625 308779 569684 750293 726015 270346 183947 693671 389156 877485 835049 479410 738711 648425 785808 583067 682239 403584 788564 231259 168999 776480 782197 776226 279613 828513 1103543 501101 1016920 225760 217144 47847 268400 172054 620339 419079 802734 631958 600973 411378 121830 781325 301981 373456 369572 728456 796891 61665 574647 426900 942163 999999999 624436 579420 264494 682939 66601 657687 902118 601567 907028 262895 186597 203106 256839 766355 463332 397943 341119 865060 790546 254826 56343 229818 494953 210237 579158 507282 901135 573939 344772 711902 300122 519621 385559 721620 529967 148442 158935 756602 574143 249531 631756 816294 158932 493891 678269 816046 1025878 972177
568578 594779 461738 438961 396463 359204 441270 295729 447244 382352 667384 304516 153551 441955 250333 207137 142116 307285 540068 441885 495913 500776 615260 155923 428063 363690 479127 174262 396591 422825 834925 577962 649962 795873 401298 247309 590970 173326 139850 447998 726341 509284 390032 359271 436125 557557 655870 636178 100469 604733 363878 624436 999999999 363426 621366 370064 652310 78106 314854 153183 284310 464241 792230 425316 598008 449441 241490 439896 613571 338895 193761 449664 581295 405446 369330 418381 109516 234889 314256 209656 281305 376224 560314 150736 242016 202149 367440 770976 571789 132278 487116 374960 267643 393020 556519 134055 90154 441379 407775 374935
546849 372267 739394 781557 739630 425297 431041 645327 641078 336421 329038 116787 336903 753403 612454 157035 275662 196154 230039 349150 545396 206189 271969 418356 299824 726862 713027 222218 597952 363396 734804 548635 448369 734178 710199 230868 264994 521119 478724 191810 629583 848004 523807 545453 619769 872162 307505 554480 264881 316141 703693 579420 363426 999999999 721394 705522 636243 314488 437182 213208 521587 579974 681274 405702 699246 187309 485668 198350 754077 699149 539447 325048 523190 373546 85421 400142 254472 511883 435934 527735 377496 136777 347961 235642 373166 263123 644232 692236 623049 439272 761509 397659 602556 753661 608239 304838 452654 238589 691117 697971
237930 550028 372312 578606 566488 301680 299109 569666 215096 957035 1022697 605992 765975 463393 698862 666794 725270 525364 949231 401219 178921 927583 966131 775488 452302 701594 1074421 565512 1010777 372854 416529 247177 525058 333658 448884 505513 975562 555455 540942 597690 365379 590092 232155 269708 210256 513951 989018 325991 613228 660009 858896 264494 621366 721394 999999999 528326 213304 680158 933163 662571 897199 158461 413884 323353 23709 903132 392648 581759 80706 760627 738056 436899 293141 354024 647053 327477 622284 422161 932443 486148 369534 836084 532032 574804 396824 778327 373754 350460 116023 741569 367283 323791 515388 674299 125758 519219 641527 937831 976929 901249
624986 808353 178613 78876 43650 449807 547184 87826 315764 738835 1026934 614002 502390 99970 237371 560816 510409 574106 904828 614667 514183 866936 972279 452794 632833 182063 639246 484384 620690 580197 893677 637966 835207 825388 85427 508758 953356 196948 232694 721959 804555 142508 381814 309813 327157 194705 1010732 724665 450437 864291 372685 682939 370064 705522 528326 999999999 673993 446118 625707 514462 522166 426025 869331 548648 512173 817534 255053 708509 473942 259446 328106 641844 666569 550973 682853 544660 462613 212459 625656 178158 415204 743142 775076 469885 387153 568666 157225 822225 552997 403547 198509 494189 103964 146714 543674 402602 307675 811415 523871 426428
