NAME : synthetic_000886
TYPE : CTSP-D
DIMENSION : 100
GROUPS : 8
RELAXATION_LEVEL : 1
EDGE_WEIGHT_TYPE : EXPLICIT
EDGE_WEIGHT_FORMAT : FULL_MATRIX
EDGE_WEIGHT_SECTION
999999999 664956 193822 272505 235626 320548 471804 91227 572880 190025 500616 458939 621067 212353 713777 529112 331723 631332 606017 490209 314117 805256 752098 472664 162083 842733 666246 490060 409654 702233 391277 201502 328735 297835 343790 336230 762975 358645 528373 162056 477982 220387 743210 927316 492822 717625 517301 538046 156467 724281 842098 826356 454792 694402 266128 907617 402706 641230 616922 280605 443064 406975 621797 135106 387834 304878 589275 398732 468424 312930 801316 849690 510458 602431 350559 110840 489194 653001 209986 541349 643894 154669 660229 302148 521108 219964 411148 455753 677682 296798 175639 722587 409138 413583 310070 651247 623099 450848 558251 799714
664956 999999999 486509 439958 765472 542657 383899 721964 739110 631278 271099 325602 420856 765603 638078 256012 352003 546098 1054434 768221 358387 781199 423860 210114 622033 688889 340967 334454 289491 455226 354086 631202 573276 920112 323386 535579 678088 312666 823900 645675 665593 553329 724855 729433 1054281 846045 225720 1024657 532027 142787 695939 763164 820638 838006 403126 687242 403382 639734 886956 406001 392281 259383 137161 799359 376959 377969 282684 962113 1038129 410284 797265 724319 325435 254919 891573 556853 317803 209200 768161 995204 89760 615864 186687 926343 297916 570421 1026687 327156 1148598 429806 834669 776406 835741 671140 938962 54711 456298 470426 444455 738993
193822 486509 999999999 84313 382803 324015 288969 273682 483187 273931 376451 352499 441645 290090 567360 402057 200410 474156 644512 435705 128157 679011 566702 315249 148525 689070 476744 389288 216930 523268 199540 174037 219409 486075 164276 205260 618616 173934 486776 264548 381898 115348 613618 769624 591036 629733 378604 593549 145260 565231 689955 691743 438680 609657 85343 744925 328308 505969 573289 87180 261042 239508 466650 326868 297599 112904 396865 571367 571260 226901 680084 702370 406839 409016 512846 114314 298024 513499 291580 579136 479558 236095 466853 441693 407972 130817 545149 264400 730838 221865 351200 611469 421036 335953 453756 466545 449080 288296 385471 663846
272505 439958 84313 999999999 466875 387032 204657 356029 430223 354803 379837 368441 357364 325904 490102 402015 218208 394315 642539 400910 99787 607583 482852 297348 183369 608972 394240 405972 153886 438978 119109 191616 176837 568118 139005 150831 541611 137136 455350 347364 330363 114294 541668 688279 616596 573799 371769 600539 223479 535483 610258 617350 421334 555430 89181 662559 362765 433339 537685 46972 176761 218550 442921 401795 327056 69964 317044 655584 599421 266982 610435 623964 420891 331456 597135 198448 216692 500128 328625 578944 447448 318127 395893 489899 416408 131896 587619 183285 733090 267811 417398 546505 417354 296778 503227 412593 365331 209246 302135 589251
235626 765472 382803 466875 999999999 256850 671157 152543 808492 134380 533707 478016 824095 425071 940062 561213 415153 852127 804113 724198 466919 1037946 945795 555662 397207 1066229 851710 495436 569097 905639 575787 437063 560214 177185 481130 562995 990288 502135 759883 125592 713094 447128 974935 1148833 651953 953172 567018 728800 255000 783282 1066348 1057106 682196 929868 421992 1125929 398438 870947 847584 455825 643557 515336 682903 221645 406803 471714 765986 198808 625328 356296 1034922 1076142 515423 772416 132516 268490 672793 686911 421188 742965 718392 157163 811683 441498 536298 449977 537956 639591 862886 336471 294882 957323 629727 649192 441644 767780 831839 667242 768022 1030013
320548 542657 324015 387032 256850 999999999 563301 304397 807187 150750 287471 229620 708942 528246 872559 313110 224154 773090 920370 754104 332620 994258 807882 336510 428699 984477 706958 241678 420299 786044 458251 467644 543215 433095 325520 528513 924090 348224 802186 181061 705898 433444 928248 1058487 812740 953723 326320 855794 192436 537877 986890 1002379 743144 933664 305847 1027885 147182 819859 890439 352461 540919 323079 441606 404647 166128 353061 615548 435926 787953 149738 997443 1003522 260957 612997 364007 250066 540624 435380 526668 854810 482237 171301 628786 615108 283684 445585 722716 511765 995918 136189 472465 932660 710445 657766 620664 556383 726842 592650 669828 974195
471804 383899 288969 204657 671157 563301 999999999 558458 356917 555248 457173 471383 152997 468360 318407 469052 352855 215742 683301 387090 230725 453648 280316 347049 347963 421844 199969 505484 160860 234483 105069 334286 223028 769438 244186 187253 368789 223465 441972 550195 282215 267941 388942 495299 717778 475107 429284 664105 423062 515315 424713 452082 448492 463707 261901 465805 498014 285866 503057 219491 28793 288510 449673 594455 458571 211798 145414 860112 706670 422035 462818 443226 513660 171341 801738 402961 66097 524919 472611 628281 431726 520188 258618 639360 498736 278263 722510 66990 778318 430276 597707 419308 475945 295822 654168 337168 164696 87155 106869 424202
91227 721964 273682 356029 152543 304397 558458 999999999 659999 155196 530319 482139 709081 273841 804998 559104 375285 722304 659281 572661 383942 895469 838294 520473 251704 933930 750125 508910 483707 790497 473210 289867 419666 212400 408658 427441 854159 426147 607518 124027 566700 311502 833772 1018431 522063 803448 553663 586332 191246 767207 933315 917120 529678 779867 335672 998471 414793 732233 695095 357765 529864 462675 664217 100273 408384 379593 670387 307582 496111 339319 891098 940899 529695 681650 260037 169814 571675 685874 270199 596656 691460 135660 734144 316286 544508 311174 421521 538059 723291 320598 169675 811549 477948 500952 320087 713630 712284 541065 647508 890573
572880 739110 483187 430223 808492 807187 356917 659999 999999999 735898 789398 789687 360823 424875 243783 806338 645587 248302 396132 117024 517181 258402 471326 687099 411696 362871 464482 826631 496372 393985 422057 371451 264168 832970 548763 280586 270181 535376 137983 716738 101290 377510 212879 446960 518961 147329 769418 413048 621933 872221 357108 294332 208787 126486 519265 449437 792432 165431 157213 474054 354514 616382 804206 638921 755845 487074 470754 956421 520876 697102 246298 347825 838996 500947 918324 573081 422510 877152 430249 362749 788389 695468 590611 553864 829465 368666 587696 419941 485578 697038 600192 159855 275846 159299 568565 690083 328818 273873 306621 274632
190025 631278 273931 354803 134380 150750 555248 155196 735898 999999999 405699 351953 707856 402310 841025 433842 280791 748009 795750 665648 340086 949088 824109 421657 330361 962916 727690 373300 441321 788780 455466 371586 475797 297387 350698 471105 892167 372349 708269 31267 636386 360239 884345 1042971 672609 883009 436533 726699 132186 653196 963863 963939 639550 861009 297797 1017304 276208 777589 797315 336189 528778 381300 551828 254998 278887 348582 640005 332629 647128 223111 948613 976233 393856 644572 264090 165218 550204 560739 399833 731255 585887 40436 679963 469994 412405 367512 576245 517653 865786 203196 324657 875830 597565 578743 474502 633445 718783 562176 656435 936215
500616 271099 376451 379837 533707 287471 457173 530319 789398 405699 999999999 58132 566738 661870 770515 28791 177469 668117 1017901 777591 280917 909519 625569 112601 524364 856069 526011 64637 298314 628924 369390 549952 554679 703082 244167 524006 818827 254709 832985 427729 695503 482563 845525 915177 964206 922919 45768 969594 345628 250736 861003 904230 800999 908305 299369 877481 140665 742981 912410 332984 447460 173166 154876 623186 127032 311833 439307 721761 943174 191056 919624 884447 61821 424322 649892 391882 405733 155903 662617 953128 198457 402756 404593 796683 41645 500064 904673 390760 1105980 209760 675804 875037 792863 672962 806425 299054 595321 523453 555523 876948
458939 325602 352499 368441 478016 229620 471383 482139 789687 351953 58132 999999999 591593 630866 788620 83687 153029 685785 996986 769279 273422 925006 660497 144129 497694 880625 559570 37537 310527 658017 376517 526388 545226 648994 241028 517146 838054 255980 823786 375290 693101 463586 860094 943345 932641 927131 100591 945226 302576 308278 885041 922553 786082 911270 282600 906988 82596 755323 905707 321668 458396 182940 212985 577165 73954 304178 470390 664548 910779 146025 933707 907158 54422 458308 592642 352867 425596 209065 631203 931635 255992 351689 447514 758466 62523 480557 867093 406679 1083118 162956 632790 884496 773061 664952 767528 349774 618083 530695 573701 894885
621067 420856 441645 357364 824095 708942 152997 709081 360823 707856 566738 591593 999999999 592822 217432 572780 491329 128454 738804 432327 377591 360783 139051 454190 487069 289409 103784 622379 291714 81645 253860 466855 337582 918878 384354 309135 259777 362068 479769 703155 324518 409290 304109 353450 810050 438192 531475 735397 575701 563134 294264 345845 512788 434625 412665 319961 630220 226642 518008 371734 180604 411951 521635 739541 590857 361921 139386 1012290 802944 563621 376431 318185 627026 165963 954491 555790 169987 601233 597576 692376 491221 673075 245526 761399 607979 416763 834400 197205 832575 573849 736482 360156 556584 367144 776635 366735 36144 181962 72192 320370
212353 765603 290090 325904 425071 528246 468360 273841 424875 402310 661870 630866 592822 999999999 618759 688606 484417 559158 393782 320423 412235 678916 731827 605240 144180 751057 666193 665822 479061 666842 428786 137997 255352 412355 451045 284895 661913 456432 345279 373788 348528 214929 624237 838422 302336 557552 667556 327554 345547 853925 748124 709055 261571 532905 374659 827986 589305 536798 429575 360880 441941 528718 756390 222232 566588 388853 610016 541523 281614 490455 669490 748260 684959 631664 513436 287110 511309 803139 5428 329001 767253 366750 708550 171034 690017 199311 262079 482553 467712 478437 175438 584212 204869 277828 185809 738184 582415 411106 521403 685327
713777 638078 567360 490102 940062 872559 318407 804998 243783 841025 770515 788620 217432 618759 999999999 779549 669915 102852 637228 354251 543704 143399 268400 658416 556867 132380 305947 821891 478676 200104 420327 523920 386956 1001440 561483 377889 51570 541390 381764 829466 275546 494177 89679 219683 759828 252930 738675 656827 712063 780498 130023 133937 447197 258356 566726 211962 816173 84196 383612 520344 335651 605747 737461 809521 776781 520256 356694 1112218 759924 736873 159396 136108 828864 383318 1063267 677541 364782 816701 624129 606422 708300 802449 459245 769715 812143 493832 818067 381952 723797 743377 786634 161659 509521 344003 784986 583787 182738 280975 215144 106438
529112 256012 402057 402015 561213 313110 469052 559104 806338 433842 28791 83687 572780 688606 779549 999999999 204299 677588 1041893 797762 302520 919617 625502 122007 550290 861605 527131 79826 312295 632391 384925 575088 575639 731189 264750 544163 827212 273622 853399 456147 713643 506615 856155 918620 990909 938081 41357 994566 374296 224812 866811 912940 823346 924003 323522 880205 165934 754832 931852 355386 460883 190418 132426 651948 154979 333236 442351 748235 970058 219847 930380 890928 69446 425661 676327 420159 415165 127274 689437 977322 178376 431354 399847 824657 42233 524221 932522 402226 1130481 238535 704377 887984 816692 693185 834495 288186 602391 538158 565074 885890
331723 352003 200410 218208 415153 224154 352855 375285 645587 280791 177469 153029 491329 484417 669915 204299 999999999 567883 844448 618717 130190 800187 584522 145457 347412 773758 483284 190324 199766 566122 249593 374439 394782 568386 108668 368622 720833 129906 672675 293802 547028 310562 734324 843929 786749 786476 186733 793921 184094 393470 776996 802737 633231 769320 130429 811288 148644 627052 755764 172295 334269 102646 290620 460837 110630 159014 391735 613223 765791 74472 806505 796050 207045 388848 543826 221007 321469 323230 485194 779231 316177 263863 408453 622000 207592 327567 729332 295091 931214 89257 507216 750711 620228 514854 632283 352675 512239 398207 459420 774632
631332 546098 474156 394315 852127 773090 215742 722304 248302 748009 668117 685785 128454 559158 102852 677588 567883 999999999 640333 338548 442661 242432 223025 556203 479842 214914 228659 719125 375838 145711 318444 450692 312442 924278 459320 296343 153065 438996 378708 738151 239439 411023 180956 296769 736518 310517 636848 647249 617575 687487 215961 236771 427201 308191 467639 276517 713702 98898 403869 421822 233866 502900 639531 735475 674277 420143 263427 1029827 733046 635599 254976 230534 726237 291791 977954 586414 262492 718272 564361 600330 612428 710198 373848 719347 709757 413139 779066 279109 731814 642629 719594 231845 481184 298430 734752 492558 92373 185863 112596 209133
606017 1054434 644512 642539 804113 920370 683301 659281 396132 795750 1017901 996986 738804 393782 637228 1041893 844448 640333 999999999 306491 742048 609397 861556 939764 502819 745122 838888 1033797 771811 784381 701547 470989 482416 741646 781525 519550 655843 778463 261635 766764 414928 535348 587446 822613 209439 429826 1013668 80728 732980 1169221 737874 654472 234951 410070 718544 833143 967677 561491 260299 688034 667896 861036 1082399 584305 940171 712490 822171 877250 229657 866219 588377 721721 1051286 850929 868451 673848 746252 1142502 396033 65914 1080893 760525 940565 384053 1051447 517840 337553 729959 95047 857150 514495 510707 225319 387479 391217 1013780 711289 597935 673614 643224
490209 768221 435705 400910 724198 754104 387090 572661 117024 665648 777591 769279 432327 320423 354251 797762 618717 338548 306491 999999999 497272 374289 556943 684066 335321 477881 532584 806795 500127 480204 425672 294072 224074 732467 533433 253624 384947 524354 56356 643356 108957 321637 329853 562880 405582 237178 764021 308737 563115 892796 472515 411210 93052 212491 488453 563498 759927 271715 137709 447612 376020 608239 814831 540229 725957 466275 520199 859783 406001 660257 360763 464361 821377 549610 826558 509173 452363 882585 325635 262141 805891 625506 639926 438954 815597 308625 470683 441132 400524 656953 495306 273705 158837 104630 453443 723522 405216 300010 367506 391651
314117 358387 128157 99787 466919 332620 230725 383942 517181 340086 280917 273422 377591 412235 543704 302520 130190 442661 742048 497272 999999999 671536 485634 198553 268116 652307 387943 310737 102295 456276 125657 284186 273849 593837 39888 244148 594978 45785 552395 341577 419821 209781 605547 725870 709158 656885 271985 698763 211936 442109 654945 675615 520912 640092 48356 695546 278814 497870 632974 54231 209108 119785 346602 449114 240715 30998 299935 663777 690795 193214 677269 672453 324502 305496 599434 214189 212457 401158 414285 678229 355070 310115 350562 568779 318366 227660 670870 181408 832220 200035 478266 620570 516776 392687 581126 339053 394344 268700 337404 647442
805256 781199 679011 607583 1037946 994258 453648 895469 258402 949088 909519 925006 360783 678916 143399 919617 800187 242432 609397 374289 671536 999999999 396469 797992 643779 156219 446453 959095 614483 336232 551660 606563 477744 1080510 692790 478121 106540 673776 381249 934457 332972 591883 66087 217865 764385 181479 879000 645864 824139 923718 146845 46842 463081 199471 689611 238295 947983 174433 349688 642550 467662 742158 880573 886231 908872 645947 500086 1199004 769482 864237 24872 121212 966943 526583 1155505 783930 504467 959688 684336 592856 851686 909425 601106 812266 951161 588034 843168 519121 685825 869134 853136 102495 532078 403008 826963 726818 326124 403255 354627 50567
752098 423860 566702 482852 945795 807882 280316 838294 471326 824109 625569 660497 139051 731827 268400 625502 584522 223025 861556 556943 485634 396469 999999999 516872 623716 273836 101788 686640 388758 77397 370009 604922 476626 1049633 483833 447800 290447 461002 600109 822424 452230 544950 356239 305743 944589 518621 584761 864123 693050 563755 282091 366368 641930 520874 526312 263383 711632 314958 626574 489988 309086 492811 547171 873986 673437 475570 193316 1137775 938469 658845 417755 312800 687375 202198 1077520 679434 273908 626111 736566 818979 507655 791558 237910 900437 664755 553373 972645 306589 953805 671711 873622 429556 689804 501024 915678 370319 155195 320810 210960 347617
472664 210114 315249 297348 555662 336510 347049 520473 687099 421657 112601 144129 454190 605240 658416 122007 145457 556203 939764 684066 198553 797992 516872 999999999 462349 743558 416328 170160 191306 517246 265049 481633 464881 713007 158713 431471 706498 161790 740132 437098 596215 408244 734347 803350 905125 817098 82711 897310 329229 252509 748450 792021 715630 803430 230704 766066 206911 632828 816342 252777 339238 78834 151736 604141 174277 227392 328200 752017 885935 200174 808545 771846 173050 314806 681460 362021 293712 202780 606803 876288 171510 407887 304944 753784 154038 426119 859070 280221 1030432 219698 647023 766060 714668 579930 765033 219873 482728 417146 443622 764826
162083 622033 148525 183369 397207 428699 347963 251704 411696 330361 524364 497694 487069 144180 556867 550290 347412 479842 502819 335321 268116 643779 623716 462349 999999999 687447 547901 533821 337220 565961 292589 41267 169917 445026 307079 184058 605069 312254 378494 308228 315956 80324 582305 773199 442890 557364 527118 447755 236496 710016 686234 665936 314627 534531 231671 756087 464871 481907 467529 216757 319793 385226 613050 255955 438001 244758 482719 556601 423600 363511 639455 692151 552109 501741 511738 178803 381819 661802 146402 436974 623178 290297 573760 306687 554800 70351 404687 350867 586387 354361 250063 560505 284129 252514 320194 595905 483397 307907 419156 639616
842733 688889 689070 608972 1066229 984477 421844 933930 362871 962916 856069 880625 289409 751057 132380 861605 773758 214914 745122 477881 652307 156219 273836 743558 687447 999999999 348186 911717 576344 234423 526777 655301 517729 1132386 665271 506512 92942 643874 498834 952986 406385 622496 157832 87391 881826 328985 820259 772508 832357 831020 9728 112180 570786 342658 680193 88021 916350 214924 485639 635044 443559 699872 802585 941047 876856 631597 421574 1241453 883536 843798 181084 41137 916432 442940 1191072 801184 456163 882463 756432 720684 767659 925103 502678 900734 897244 623134 946046 479294 826883 852095 918947 237844 635547 475599 915954 634307 262964 400775 314987 108731
666246 340967 476744 394240 851710 706958 199969 750125 464482 727690 526011 559570 103784 666193 305947 527131 483284 228659 838888 532584 387943 446453 101788 416328 547901 348186 999999999 586371 289139 114281 277547 533725 414828 962336 383929 381930 341035 361136 581416 727402 423961 467795 395296 394440 900594 539129 486105 832136 597614 483453 355083 424577 610051 536663 430321 354393 609881 327556 621623 396549 228145 391028 456163 792165 571655 380085 91652 1045669 891921 557683 464619 383353 587733 101690 983916 587604 179295 535866 670610 790629 419795 696254 155904 836837 565699 478228 916151 212829 933106 570858 797491 457806 649873 461049 851811 286303 137756 260156 165414 401655
490060 334454 389288 405972 495436 241678 505484 508910 826631 373300 64637 37537 622379 665822 821891 79826 190324 719125 1033797 806795 310737 959095 686640 170160 533821 911717 586371 999999999 344794 687079 412092 563024 582748 668805 277873 554577 871001 292275 861319 398242 730286 500814 894403 972971 967216 963597 110263 981508 333618 300497 916333 955819 823494 947912 320087 935997 97314 790142 943187 359187 493290 217091 211944 605342 102240 341539 498328 677504 945111 177772 968170 938952 20789 484766 605608 385618 457944 194013 666043 968383 258202 376334 468380 790738 42638 517727 899546 440199 1119621 193262 662794 920013 810070 702453 799487 363606 649682 566452 606791 928257
409654 289491 216930 153886 569097 420299 160860 483707 496372 441321 298314 310527 291714 479061 478676 312295 199766 375838 771811 500127 102295 614483 388758 191306 337220 576344 289139 344794 999999999 366517 74997 342936 289565 694681 95119 253107 528593 72288 556477 443664 407502 264967 549646 644767 764823 625879 273977 737781 314166 397465 580016 612532 540997 612124 149114 611657 340018 445522 629318 129823 149179 127717 314817 543614 300519 104800 199383 766071 748859 272802 623378 600411 353466 203411 701602 314579 121751 383234 481947 710779 309241 412159 250799 643785 339631 281715 741048 97338 864963 284246 566551 576764 549885 397617 657092 259140 313757 225911 264485 584748
702233 455226 523268 438978 905639 786044 234483 790497 393985 788780 628924 658017 81645 666842 200104 632391 566122 145711 784381 480204 456276 336232 77397 517246 565961 234423 114281 687079 366517 999999999 333920 544109 411708 999983 460632 385581 229878 438046 522863 784459 376357 489040 289599 286292 870603 445761 591078 787890 656687 597734 241092 311736 566025 446764 492764 248980 701506 239125 549462 452591 262227 481957 568398 819553 662423 441881 190058 1093923 865172 639306 355725 269103 690144 209296 1036112 637385 245424 648251 671732 742327 533242 754275 269953 833724 669512 495825 902601 274956 876501 650358 814587 358810 615366 427399 849050 400547 84466 258651 146967 289824
391277 354086 199540 119109 575787 458251 105069 473210 422057 455466 369390 376517 253860 428786 420327 384925 249593 318444 701547 425672 125657 551660 370009 265049 292589 526777 277547 412092 74997 333920 999999999 290817 219420 685590 141339 182007 471296 122173 482028 452642 332517 214566 486057 600274 704807 553534 347459 670577 323709 469265 529520 553205 469186 539125 158865 570304 396503 379809 554350 120000 84677 196486 389177 520866 357289 108062 198015 768466 690232 317463 558962 547485 422291 212607 707575 310169 98497 458209 432214 641533 381500 421954 281173 597519 410241 229519 690207 64868 795296 325328 534558 507983 481681 323768 611500 317650 269023 154450 211809 525123
201502 631202 174037 191616 437063 467644 334286 289867 371451 371586 549952 526388 466855 137997 523920 575088 374439 450692 470989 294072 284186 606563 604922 481633 41267 655301 533725 563024 342936 544109 290817 999999999 138329 477721 323922 158683 571288 326384 337613 349487 276848 77974 545881 741614 425453 516706 549862 419667 275214 725629 653719 629944 275584 493748 252633 726006 497791 447235 426615 230756 307029 403398 630779 285768 469359 258104 473754 592598 407890 396070 601568 658491 580766 494654 549623 218368 374227 683013 141534 405434 637978 331487 570656 307826 581970 61539 399565 344944 556807 388098 270936 521683 249154 212158 322188 601950 460527 285499 397194 603965
328735 573276 219409 176837 560214 543215 223028 419666 264168 475797 554679 545226 337582 255352 386956 575639 394782 312442 482416 224074 273849 477744 476626 464881 169917 517729 414828 582748 289565 411708 219420 138329 999999999 614664 310891 38027 435225 303505 278701 458911 162970 115581 414878 603742 495688 411185 543160 451870 358168 687027 516405 497684 251951 390639 264710 587702 537309 312584 360987 223562 200222 387550 602268 423813 502647 242880 368368 726014 483929 438816 475193 522268 597455 393432 679272 311241 276999 666051 260171 422114 598797 435560 477846 424024 592167 110317 501413 254672 575946 436922 407730 400206 262619 120107 439213 534966 327366 156334 266054 470983
297835 920112 486075 568118 177185 433095 769438 212400 832970 297387 703082 648994 918878 412355 1001440 731189 568386 924278 741646 732467 593837 1080510 1049633 713007 445026 1132386 962336 668805 694681 999983 685590 477721 614664 999999999 615952 627938 1049008 634626 756814 277073 747636 514538 1021687 1218224 560283 969324 733444 661739 390190 950067 1131050 1106240 671013 944791 545883 1200747 571496 924841 838961 569898 740734 663129 848219 194371 576213 591152 882766 135674 533798 518429 1073510 1136208 689105 893783 140838 380104 784040 857961 407249 687545 880628 305259 944395 357952 708794 511233 431695 750430 784052 498545 240677 990309 607898 678211 352187 916455 920395 747007 855531 1080730
343790 323386 164276 139005 481130 325520 244186 408658 548763 350698 244167 241028 384354 451045 561483 264750 108668 459320 781525 533433 39888 692790 483833 158713 307079 665271 383929 277873 95119 460632 141339 323922 310891 615952 999999999 279839 612317 22833 588887 355591 452871 249670 627077 736129 748684 686332 233103 738598 228146 402938 668438 694512 559402 670287 79792 704106 255215 520328 668358 94076 225933 79913 306868 478844 216088 69149 293537 679385 730162 179327 699695 687387 290477 295181 613284 239349 215227 361391 452985 717826 316270 324033 330908 605914 282630 267548 708792 187365 871881 189730 511428 646243 556300 428805 618027 307458 404223 292479 350779 666441
336230 535579 205260 150831 562995 528513 187253 427441 280586 471105 524006 517146 309135 284895 377889 544163 368622 296343 519550 253624 244148 478121 447800 431471 184058 506512 381930 554577 253107 385581 182007 158683 38027 627938 279839 999999999 427613 270928 309258 456412 179976 116292 413744 591332 532973 425842 510735 489822 348466 650405 505877 494694 287890 406570 239968 572838 513559 308237 388829 196349 163453 354931 566783 440013 477861 213196 332224 734942 520820 416910 477547 513954 568627 356766 685380 305894 239549 631721 289474 459657 562289 431340 440488 455080 562209 116874 535530 216746 613307 416488 429561 406647 300523 149023 470123 497005 301864 127243 238786 467364
762975 678088 618616 541611 990288 924090 368789 854159 270181 892167 818827 838054 259777 661913 51570 827212 720833 153065 655843 384947 594978 106540 290447 706498 605069 92942 341035 871001 528593 229878 471296 571288 435225 1049008 612317 427613 999999999 592054 406697 880356 315282 543876 74500 179002 789122 250343 786192 680976 763415 820822 87978 86185 477870 260542 618266 179361 866767 125276 397732 571905 386641 655317 781375 856449 827341 571698 398941 1161091 790667 788104 127309 87217 877596 424374 1112869 728465 413282 860911 667312 629468 750737 853493 496318 809252 860418 543027 853293 431587 739421 794737 831568 156718 542635 385143 824424 623519 226667 332522 264364 60905
358645 312666 173934 137136 502135 348224 223465 426147 535376 372349 254709 255980 362068 456432 541390 273622 129906 438996 778463 524354 45785 673776 461002 161790 312254 643874 361136 292275 72288 438046 122173 326384 303505 634626 22833 270928 592054 999999999 580148 376546 440811 250469 608214 714196 751811 671331 239827 737605 248337 399252 647155 674677 553864 655787 92580 681921 274800 501936 658233 95820 206285 84065 305789 493737 235453 68288 270835 700129 733887 201558 681131 666433 303824 272869 634427 256413 192694 364179 458617 715307 311645 344975 310749 614173 294253 268275 715820 165321 869596 212329 523882 629167 553597 419865 626607 293520 382395 275186 329748 646657
528373 823900 486776 455350 759883 802186 441972 607518 137983 708269 832985 823786 479769 345279 381764 853399 672675 378708 261635 56356 552395 381249 600109 740132 378494 498834 581416 861319 556477 522863 482028 337613 278701 756814 588887 309258 406697 580148 999999999 684793 161085 371866 344897 581382 384490 224063 819900 275083 610337 948997 492623 421842 88675 199319 542276 586041 812661 302599 89054 502188 431622 664098 871187 567402 779204 521402 572997 886798 388477 712454 364724 481107 876141 602627 857227 555107 507506 938868 350203 224881 862161 668457 693054 445284 870761 357940 463864 496932 353803 708520 517054 278774 158383 160290 459008 778802 451014 354819 417238 405201
162056 645675 264548 347364 125592 181061 550195 124027 716738 31267 427729 375290 703155 373788 829466 456147 293802 738151 766764 643356 341577 934457 822424 437098 308228 952986 727402 398242 443664 784459 452642 349487 458911 277073 355591 456412 880356 376546 684793 999999999 617994 343448 870149 1034053 641685 863531 456712 697108 129878 673220 953634 950610 614437 841210 297192 1009454 301664 764094 773769 332695 523122 392128 571205 223986 301634 347334 641030 323905 616149 241365 933258 965109 418922 647040 257996 151943 548877 583348 371154 702495 603691 31571 686271 438758 436487 349508 544978 515887 835961 221494 293409 859088 570847 558708 443238 645415 712580 552361 649495 923054
477982 665593 381898 330363 713094 705898 282215 566700 101290 636386 695503 693101 324518 348528 275546 713643 547028 239439 414928 108957 419821 332972 452230 596215 315956 406385 423961 730286 407502 376357 332517 276848 162970 747636 452871 179976 315282 440811 161085 617994 999999999 276983 276021 493609 497080 248224 677841 412005 520986 793676 402642 360910 189709 227769 419535 487415 693049 191628 222841 374947 273967 523231 720008 553312 656903 389322 411970 867442 493810 596869 326087 400698 743328 441560 826287 472846 348134 790557 353953 367960 707872 595992 531978 494367 734966 268874 544306 339859 509246 596401 521212 244872 241793 70720 509604 619384 298734 195237 258713 336847
220387 553329 115348 114294 447128 433444 267941 311502 377510 360239 482563 463586 409290 214929 494177 506615 310562 411023 535348 321637 209781 591883 544950 408244 80324 622496 467795 500814 264967 489040 214566 77974 115581 514538 249670 116292 543876 250469 371866 343448 276983 999999999 528237 706936 502308 524834 479254 489368 244850 649502 621990 610027 323899 503608 183198 687423 443375 423819 458913 155679 239650 329549 555915 330542 411875 182294 402554 619082 485260 342155 590057 630246 517560 421944 569090 195945 301820 610583 218132 470709 561582 319985 495429 382954 516531 17878 476945 271241 624048 337162 329772 515763 310337 224449 396947 524009 407495 232806 342819 582890
743210 724855 613618 541668 974935 928248 388942 833772 212879 884345 845525 860094 304109 624237 89679 856155 734324 180956 587446 329853 605547 66087 356239 734347 582305 157832 395296 894403 549646 289599 486057 545881 414878 1021687 627077 413744 74500 608214 344897 870149 276021 528237 999999999 236886 729285 175893 815716 616604 758817 866887 150433 84892 421461 186789 623531 245815 882232 108390 327810 576474 402273 677361 820481 827698 843164 579883 442512 1138454 732425 798190 74289 136252 902543 469943 1093717 719281 441286 899221 629665 564379 792988 844806 547800 763494 887151 524979 800531 454833 669099 803051 797226 82365 488690 346690 778427 670825 268558 337189 291905 62039
927316 729433 769624 688279 1148833 1058487 495299 1018431 446960 1042971 915177 943345 353450 838422 219683 918620 843929 296769 822613 562880 725870 217865 305743 803350 773199 87391 394440 972971 644767 286292 600274 741614 603742 1218224 736129 591332 179002 714196 581382 1034053 493609 706936 236886 999999999 965395 398640 877323 853464 911715 869477 91080 171082 655527 415045 756235 44226 983668 302263 562343 711992 518763 765125 850133 1027380 944306 706767 476273 1326012 967809 915376 241656 100980 976325 494162 1274670 882576 523232 929620 843795 801160 812179 1005683 543039 987900 955801 708148 1032106 548878 901743 924673 1006036 312031 721085 562944 1003104 675627 331971 481879 389353 179404
492822 1054281 591036 616596 651953 812740 717778 522063 518961 672609 964206 932641 810050 302336 759828 990909 786749 736518 209439 405582 709158 764385 944589 905125 442890 881826 900594 967216 764823 870603 704807 425453 495688 560283 748684 532973 789122 751811 384490 641685 497080 502308 729285 965395 999999999 595494 969377 134959 641104 1151019 875981 805962 312751 572463 674527 968271 887991 677120 423765 656096 695857 827604 1055397 431647 867122 683543 863118 693824 26782 790793 746549 865411 986570 888845 695123 584416 772521 1104535 301670 184394 1063429 643121 973458 210582 992156 484803 133656 748760 226314 777807 357696 661999 255525 443569 211915 1021822 789416 641997 738963 789687
717625 846045 629733 573799 953172 953723 475107 803448 147329 883009 922919 927131 438192 557552 252930 938081 786476 310517 429826 237178 656885 181479 518621 817098 557364 328985 539129 963597 625879 445761 553534 516706 411185 969324 686332 425842 250343 671331 224063 863531 248224 524834 175893 398640 595494 999999999 899804 471363 769170 984214 320520 227820 312230 24915 662348 415403 934333 211678 172939 616367 478560 749892 924376 776489 897067 627469 566642 1095645 603261 840693 159224 299440 974905 596292 1060247 720394 537705 1000025 562780 418086 903830 842574 681980 669064 963686 515941 685610 541325 504491 841438 732479 93670 382297 305019 682910 794206 402449 399969 401775 221273
517301 225720 378604 371769 567018 326320 429284 553663 769418 436533 45768 100591 531475 667556 738675 41357 186733 636848 1013668 764021 271985 879000 584761 82711 527118 820259 486105 110263 273977 591078 347459 549862 543160 733444 233103 510735 786192 239827 819900 456712 677841 479254 815716 877323 969377 899804 999999999 968390 365188 216667 825476 871976 792493 886091 297255 838976 181351 714877 897197 325729 421899 155807 116117 643721 161654 302190 401050 757878 949156 216009 889969 849637 105167 384568 686183 407015 374541 136549 668668 949532 156191 430206 360795 808583 80367 497019 915658 362356 1103204 235640 692940 848477 788349 659611 818961 253344 561189 499847 524395 844979
538046 1024657 593549 600539 728800 855794 664105 586332 413048 726699 969594 945226 735397 327554 656827 994566 793921 647249 80728 308737 698763 645864 864123 897310 447755 772508 832136 981508 737781 787890 670577 419667 451870 661739 738598 489822 680976 737605 275083 697108 412005 489368 616604 853464 134959 471363 968390 999999999 671586 1133459 765947 689238 222631 449451 671373 860112 911138 576962 298424 644534 645956 818503 1043237 507974 885479 670249 806774 797264 152264 810416 626525 752627 999647 834521 789696 612633 724438 1099864 329160 53278 1045036 692676 922722 303884 1001508 471536 258351 705111 140220 800140 437061 544473 189386 371994 310734 986827 710661 581597 667085 675206
156467 532027 145260 223479 255000 192436 423062 191246 621933 132186 345628 302576 575701 345547 712063 374296 184094 617575 732980 563115 211936 824139 693050 329229 236496 832357 597614 333618 314166 656687 323709 275214 358168 390190 228146 348466 763415 248337 610337 129878 520986 244850 758817 911715 641104 769170 365188 671586 999999999 576813 833535 836982 550749 748226 167333 885556 247816 651224 698832 204131 396622 273481 473818 278535 231412 217630 511163 452096 617770 156552 824927 846682 353996 517428 387515 59132 419304 499553 344733 667145 500262 98641 558965 457604 364849 255568 566558 386461 811743 140366 330494 755101 519409 468961 466048 526393 586662 432008 524494 809069
724281 142787 565231 535483 783282 537877 515315 767207 872221 653196 250736 308278 563134 853925 780498 224812 393470 687487 1169221 892796 442109 923718 563755 252509 710016 831020 483453 300497 397465 597734 469265 725629 687027 950067 402938 650405 820822 399252 948997 673220 793676 649502 866887 869477 1151019 984214 216667 1133459 576813 999999999 838184 905945 938205 975200 479942 826819 390725 779924 1016331 494923 519947 325728 103004 854307 376744 467539 424391 972482 1132874 432098 939554 866764 284263 397185 900621 613458 449802 114760 855795 1107869 88434 646350 328355 1005662 257970 667242 1110248 453971 1262168 451869 899138 916829 946605 792500 1017104 197467 598379 599986 583720 881726
842098 695939 689955 610258 1066348 986890 424713 933315 357108 963863 861003 885041 294264 748124 130023 866811 776996 215961 737874 472515 654945 146845 282091 748450 686234 9728 355083 916333 580016 241092 529520 653719 516405 1131050 668438 505877 87978 647155 492623 953634 402642 621990 150433 91080 875981 320520 825476 765947 833535 838184 999999999 102559 565326 334510 682270 95532 920032 211519 478186 636930 446015 703986 808905 939400 880530 633900 427416 1240772 877930 846744 171717 31706 921236 449153 1190803 801769 460191 888790 753508 714007 774298 925905 509889 896873 902235 622349 941246 482852 819244 854842 916578 229799 630451 472141 912069 641322 267068 401693 317850 99826
826356 763164 691743 617350 1057106 1002379 452082 917120 294332 963939 904230 922553 345845 709055 133937 912940 802737 236771 654472 411210 675615 46842 366368 792021 665936 112180 424577 955819 612532 311736 553205 629944 497684 1106240 694512 494694 86185 674677 421842 950610 360910 610027 84892 171082 805962 227820 871976 689238 836982 905945 102559 999999999 501597 245086 696699 191925 949470 186526 394378 649929 468579 739671 867476 912345 910127 651322 484872 1222372 810313 868815 71136 75064 962722 510006 1176915 799222 498521 947042 714483 636396 836562 924693 580327 847031 945845 607438 881523 515880 731807 874739 882117 144767 569815 431571 861890 708527 312852 409730 349043 28200
454792 820638 438680 421334 682196 743144 448492 529678 208787 639550 800999 786082 512788 261571 447197 823346 633231 427201 234951 93052 520912 463081 641930 715630 314627 570786 610051 823494 540997 566025 469186 275584 251951 671013 559402 287890 477870 553864 88675 614437 189709 323899 421461 655527 312751 312230 792493 222631 550749 938205 565326 501597 999999999 287391 503661 656530 766986 364369 168178 468059 432956 637610 854218 483605 735775 490399 588430 802159 312951 665486 448060 556609 839629 616885 774962 493423 511301 917481 266255 181076 850150 600497 706201 356842 836865 307877 380108 495283 329896 659456 430648 361219 70197 152791 370687 779244 488127 363585 444796 482971
694402 838006 609657 555430 929868 933664 463707 779867 126486 861009 908305 911270 434625 532905 258356 924003 769320 308191 410070 212491 640092 199471 520874 803430 534531 342658 536663 947912 612124 446764 539125 493748 390639 944791 670287 406570 260542 655787 199319 841210 227769 503608 186789 415045 572463 24915 886091 449451 748226 975200 334510 245086 287391 999999999 644241 429860 916821 209488 151318 598561 465833 735160 913364 752094 879821 610406 560256 1071351 579837 822412 178341 314969 959571 590119 1036321 698864 527192 988396 538123 396204 893935 820574 676852 644211 948880 494330 661368 529416 486801 822757 707758 104904 357483 282508 658077 786696 399261 386448 394634 236327
266128 403126 85343 89181 421992 305847 261901 335672 519265 297797 299369 282600 412665 374659 566726 323522 130429 467639 718544 488453 48356 689611 526312 230704 231671 680193 430321 320087 149114 492764 158865 252633 264710 545883 79792 239968 618266 92580 542276 297192 419535 183198 623531 756235 674527 662348 297255 671373 167333 479942 682270 696699 503661 644241 999999999 727588 273595 515204 625661 47132 237485 154258 381736 401200 238116 50955 343997 617890 655235 178428 693732 698168 335978 351187 554444 165993 252408 430682 376319 653848 394221 265963 398621 526868 333734 200735 630492 219934 806963 180577 431925 632516 493499 384818 538809 385905 426597 287022 366892 668506
907617 687242 744925 662559 1125929 1027885 465805 998471 449437 1017304 877481 906988 319961 827986 211962 880205 811288 276517 833143 563498 695546 238295 263383 766066 756087 88021 354393 935997 611657 248980 570304 726006 587702 1200747 704106 572838 179361 681921 586041 1009454 487415 687423 245815 44226 968271 415403 838976 860112 885556 826819 95532 191925 656530 429860 727588 999999999 949318 296134 573623 684163 490347 730154 809194 1011391 910074 677603 438185 1305867 969466 883426 262948 117091 938838 454934 1253026 858560 489910 888516 833312 808414 770633 980600 501129 981273 917863 689653 1029788 516759 914766 893320 992997 325256 720339 555348 996572 633644 301282 458852 361298 194152
