NAME : synthetic_000144
TYPE : CTSP-D
DIMENSION : 100
GROUPS : 8
RELAXATION_LEVEL : 1
EDGE_WEIGHT_TYPE : EXPLICIT
EDGE_WEIGHT_FORMAT : FULL_MATRIX
EDGE_WEIGHT_SECTION
999999999 613078 552375 757059 554674 841213 735107 545285 738882 209803 209256 124384 121100 228692 523966 559822 612569 694334 425434 844121 655728 589555 678598 499738 639293 406346 433379 834963 309159 443984 624842 221883 430650 365679 570585 661527 819688 539914 850563 518339 531504 451373 593323 385277 332597 720082 450419 632106 549203 473105 301795 390227 568932 32583 151551 334953 462564 320254 600621 543278 780152 431773 468008 497429 374751 537195 131947 126805 399138 411395 490034 623982 708120 560345 370770 569805 120290 676977 401779 861333 98771 740414 540435 715409 571117 781542 223188 196185 595774 557122 336580 493053 260194 423115 701046 248514 468667 672405 2266 569099
613078 999999999 449891 198368 63553 656926 125472 897393 236141 678827 727447 653289 717361 811106 707126 338333 832236 150768 421458 581955 472539 385608 80423 839044 441340 857531 567328 639937 641370 636302 46082 433446 212095 848779 1005874 49530 590269 708936 562534 982840 232005 402121 489158 339169 887325 447647 437695 746886 67784 299197 342660 854014 563243 582999 719285 395523 214597 705155 107857 159335 351958 655224 357944 717525 643444 140542 572113 607221 368544 503255 975131 39620 217068 281013 579251 215613 629142 177730 569832 652145 552875 465408 274643 372948 892508 405549 436449 801156 316781 202270 426588 448964 389245 483669 307503 708183 599419 69945 611344 58835
552375 449891 999999999 645812 445894 296840 545146 518364 360696 732878 520295 661611 588874 633371 292745 701288 407078 387716 687780 292262 104503 85202 446028 466168 95599 549091 193155 287712 775285 255152 494150 536892 302270 908490 654607 484517 267508 287983 301433 654883 598283 107054 49398 586027 657081 183882 715968 303130 401956 167670 501143 555619 115732 540509 558851 227409 264771 411819 348915 290943 315615 283159 663177 317562 816115 311701 612143 456504 172684 742209 663619 488188 340405 656261 772106 238271 478655 622549 783928 312667 453847 200491 639654 220933 499100 280443 542591 733674 153063 248642 631320 60485 518418 141211 254157 772988 200987 450455 550117 395340
757059 198368 645812 999999999 226659 829792 119146 1091619 369539 777290 898088 771366 870644 971081 905217 314090 1030475 291761 455068 744336 659206 577163 210219 1033097 628664 1042287 764706 811954 709860 833221 159049 550031 401238 929847 1195223 161617 759218 907211 720288 1168633 253366 600398 683035 410204 1056208 621441 458905 944703 258813 497556 459738 1037166 760128 725049 880207 586234 410808 891623 297447 356928 493060 851330 381043 914894 692508 338855 688750 773916 564642 536639 1158134 163787 364108 265562 626489 408428 794051 90046 606597 820566 713117 636600 274239 540027 1088326 556909 551291 931495 505948 397172 496885 647132 505797 681242 471304 799314 797414 202362 755651 256548
554674 63553 445894 226659 999999999 676071 180433 865965 284830 615467 677845 591111 661553 757540 685972 294820 811878 202993 363243 608487 482303 390856 142673 807394 450920 816279 543409 659840 578255 610706 72218 370531 175216 785226 968572 108082 612766 689310 591829 942442 185087 384403 488859 277475 837219 469145 381145 734483 45618 284743 279429 811591 555395 524084 665839 359895 190721 665192 134670 160024 393206 627548 302991 693105 581579 136948 509616 555630 342049 443978 932679 70168 261884 239266 517834 225147 576906 179654 509569 674267 498688 488372 229416 400753 863862 440926 373429 740776 327231 208416 364117 436440 326167 460894 339490 644670 578071 132811 553005 62974
841213 656926 296840 829792 676071 999999999 713234 650127 468652 1028199 774409 954766 862082 887812 433159 959949 485752 538516 969840 106054 207778 300952 620055 615787 236259 744007 427337 18559 1071947 456531 702801 832331 572483 1202068 797290 675136 74032 417716 139586 819821 851278 403884 250618 867184 886826 209527 996751 357123 630630 442069 790433 756850 281656 832170 825380 524028 527803 639903 549476 518101 354782 483604 936367 472053 1111615 541755 908252 734923 468828 1030168 841285 696260 467607 908948 1065734 451512 755083 833789 1075749 33075 742518 193240 895185 289847 614841 286330 838005 1013187 351357 469184 920641 351749 811537 418224 358644 1068461 406717 628772 838987 615294
735107 125472 545146 119146 180433 713234 999999999 1014959 250493 787518 852918 768497 841387 936086 816909 381668 940527 174770 498418 626101 549002 471504 99375 956924 519124 980948 680577 695242 737883 750411 111945 546353 336268 951863 1127122 76007 641994 817262 601614 1105751 293278 512276 578952 431574 1012797 505973 508863 847390 193164 409219 454340 977908 660692 704482 844279 517644 333698 828208 198549 265858 373941 770863 427625 830168 731399 252425 686350 732565 485853 581875 1098944 111799 246155 325876 665621 307194 754391 161933 651145 703086 677575 520348 327440 423427 1007950 438090 548786 920499 399159 298982 520899 553422 501533 596808 354625 814344 710196 94810 733438 180512
545285 897393 518364 1091619 865965 650127 1014959 999999999 873812 745385 345793 660234 468058 411178 231754 1019270 173108 884548 925894 720759 588672 603034 922640 58592 599571 168233 339256 656743 854289 269350 932802 710213 690756 859664 147196 942824 680257 242414 746731 177409 947799 508078 515073 850542 339178 679640 954805 294183 833228 608347 745514 189073 423618 563886 417969 506515 682861 233692 820104 750282 832548 245634 943105 201303 919964 762540 674643 428317 529311 936269 208916 928418 850248 996425 911516 723026 427005 1039926 940003 682392 491759 688354 975837 736214 43848 789595 714477 603323 664343 725123 839593 482158 726863 421164 772260 779511 318975 923397 544203 838656
738882 236141 360696 369539 284830 468652 250493 873812 999999999 852636 796121 809168 821397 897780 652841 574389 767340 86190 645595 377122 329664 276070 170492 819108 304050 879007 536395 450313 839494 605114 274770 607472 312119 1030828 1003579 232023 395847 648622 351609 995445 467032 373926 379883 553511 951712 267897 664949 656950 251060 290352 526635 881131 471903 713890 809220 436287 276377 728961 160097 198071 123691 630740 587665 675299 852688 209761 734604 693443 380867 724268 997670 268673 30767 517139 791606 173689 717340 393202 787231 455931 656812 278854 510308 183052 857602 187933 611815 934983 209691 183232 634729 391672 568000 459307 117895 886994 555047 181583 736795 226554
209803 678827 732878 777290 615467 1028199 787518 745385 852636 999999999 400293 86270 281931 371666 733330 511800 821849 792029 353045 1019046 832427 755654 754987 703427 811955 594599 636290 1020159 128117 652095 676332 247303 543084 180460 751353 722054 998931 749081 1021221 693135 526479 626978 777658 367452 480909 885851 367297 840683 625433 623624 336263 576204 765282 205023 329971 506087 584857 527325 698562 655547 916838 640950 419144 707205 196656 642901 122910 336604 566260 300242 659143 677520 822541 533870 223172 698071 328611 688777 258590 1045479 298094 907174 517774 866646 774256 930534 243642 209070 746965 682075 284442 676463 290228 615004 839489 40458 673436 746339 211523 649144
209256 727447 520295 898088 677845 774409 852918 345793 796121 400293 999999999 316037 123282 113953 383985 746160 443191 772447 624976 803316 622575 582903 778873 307450 615661 197439 347545 772637 513467 324935 750046 410731 519955 518585 361386 776929 771208 401742 817697 310476 699645 443185 548313 569811 159986 703522 651646 495417 659794 506680 472548 180982 493019 234243 72892 359878 535928 150144 685702 618363 805560 302353 658683 348952 580862 620172 341185 125694 417089 618506 284857 747625 766601 737458 579924 622843 109382 827303 611034 800275 192649 720743 716782 723550 376856 788958 413589 270662 613755 615669 535633 461208 440089 379163 729143 433820 368993 775349 208691 674438
124384 653289 661611 771366 591111 954766 768497 660234 809168 86270 316037 999999999 200949 297769 648349 530978 735686 754656 379037 950880 763068 690411 725925 617602 744224 511808 555035 947512 200070 568062 656552 222721 497089 247314 670918 699108 928861 664283 954890 614150 527675 557243 704914 369664 407713 821235 398609 756360 594998 563777 314734 493887 687261 123789 247159 437167 535626 441071 660275 611098 864347 556138 436630 621658 268953 600918 82709 250963 499440 342480 581597 656921 778616 544256 280648 647666 242418 685422 315004 973332 216675 842208 526241 807972 688554 873033 220829 166752 687724 632849 298088 603786 267592 538578 785917 124199 591297 718193 126212 617485
121100 717361 588874 870644 661553 862082 841387 468058 821397 281931 123282 200949 999999999 107701 496237 680922 564188 785321 545087 879504 693302 639948 778214 430724 681674 312922 437097 858338 400967 428195 732942 342792 522832 395630 470076 766532 850681 513613 890266 413271 650659 498003 623589 506219 213902 767140 569370 607799 651535 541056 420265 294327 581495 153184 50392 394086 548535 267512 693555 631333 848554 409191 589034 463548 469674 628490 242883 133778 457378 526047 381304 731556 790903 680884 476323 648569 110618 792734 509315 885623 166572 786077 660855 774866 499948 841291 344209 155196 658509 638167 456682 528399 380139 449932 769957 313379 465251 772976 121769 669669
228692 811106 633371 971081 757540 887812 936086 411178 897780 371666 113953 297769 107701 999999999 489071 788429 534080 868545 652537 917240 736052 694072 868074 384825 728550 244715 461308 886261 496287 435936 829487 450023 609840 454127 385879 860566 885156 506967 931460 324754 756051 553292 662091 613417 109945 816179 676565 599360 744265 610719 525536 224125 606633 260546 91822 462612 630840 255370 779035 713909 913577 412009 696692 452213 565524 713449 348522 206380 522627 631459 288759 827707 867776 787552 577586 724091 183210 895094 611353 913916 258901 833679 767406 833707 448517 899490 451570 194898 721793 715527 564281 573942 486540 492161 836302 397821 481746 863596 229288 760977
523966 707126 292745 905217 685972 433159 816909 231754 652841 733330 383985 648349 496237 489071 999999999 885853 126006 672693 822979 494163 357116 377939 720463 187083 369075 312011 144276 437181 817982 88316 746926 622095 514630 882746 375756 748871 454678 17904 518509 389792 798983 305244 284558 732911 465390 447982 852774 111655 647831 408518 629814 326114 192098 529754 449791 345067 495746 234436 618582 551570 603356 92574 823142 39562 875638 567395 633645 397783 344812 852802 408826 741798 631328 853004 850942 514054 409436 865082 873333 464026 438993 456606 833453 506601 207568 558446 627348 650761 443573 519305 745246 265988 624916 225112 546459 772427 107942 722843 522144 648680
559822 338333 701288 314090 294820 959949 381668 1019270 574389 511800 746160 530978 680922 788429 885853 999999999 1008809 489060 160099 899359 757991 663593 411514 962510 727233 925277 743305 944672 419775 800274 303330 338755 399045 640949 1090528 352617 900485 893844 884412 1049541 110187 615404 748904 176429 889658 757446 153777 958072 337116 533813 276708 914447 797510 527888 706002 541266 438237 791285 429480 443587 687324 808667 94353 881759 389903 420047 454571 623265 555489 232646 1028890 308766 554079 57634 325680 510484 636895 228582 300748 961172 554466 777589 65622 693593 1028690 735684 336956 697727 608660 492106 232889 675018 306088 671174 633947 524692 783533 399871 559170 357649
612569 832236 407078 1030475 811878 485752 940527 173108 767340 821849 443191 735686 564188 534080 126006 1008809 999999999 792504 939965 564484 455938 491275 843373 160327 472963 313832 269986 494072 915960 208556 872420 733969 640619 958933 316787 873391 523111 123376 592789 350362 923685 430119 390313 852568 484791 544088 969705 129814 773492 533224 748445 332757 296515 623171 514663 469334 621527 297578 742000 675829 707773 202122 943650 127876 976711 692191 731217 486178 470815 965208 380097 867233 747483 977215 956907 635854 493270 991053 981238 518563 536803 549239 957497 610978 132599 657064 739009 713651 559958 642064 859757 387569 740364 351083 656946 859513 233811 846144 610983 773934
694334 150768 387716 291761 202993 538516 174770 884548 86190 792029 772447 754656 785321 868545 672693 489060 792504 999999999 565972 452843 378462 308041 85589 828012 349591 873232 545361 520562 770088 615499 188588 544965 263829 967937 1007434 146534 467536 670704 429577 993791 382515 376699 415905 477049 930913 331322 584138 690430 174091 280183 459875 873314 502978 667305 778059 415544 237718 720773 94446 154636 207095 639023 505715 690900 779218 157297 677225 662302 368278 646028 992401 182509 73030 431671 716810 161771 685804 308487 710518 528819 618924 345578 425384 248680 872394 267156 548905 889106 235778 162201 560859 406797 503468 463776 179877 824758 569528 96238 692350 149090
425434 421458 687780 455068 363243 969840 498418 925894 645595 353045 624976 379037 545087 652537 822979 160099 939965 565972 999999999 924832 762324 668980 501472 871695 733617 814104 687228 956527 260610 734867 399565 216980 398311 482209 980763 450800 918718 833600 915331 934388 206210 588906 737124 102661 758007 780700 29797 908428 394588 528220 194538 801015 768017 395264 576152 491267 444361 692778 487562 478128 744607 737913 74111 812222 237440 456827 307792 508538 523108 83457 909825 403315 620328 192261 171460 541086 518132 365291 153027 976484 440186 802120 181014 730102 940999 782028 213281 544980 627466 522083 89379 649553 200428 626361 679699 364723 728764 490453 425179 419046
844121 581955 292262 744336 608487 106054 626101 720759 377122 1019046 803316 950880 879504 917240 494163 899359 564484 452843 924832 999999999 188393 265917 536914 680878 207092 797526 458283 88618 1050463 500502 627014 807234 527336 1196732 867436 594744 41655 480700 33620 883937 789417 393758 256161 822658 928381 144144 950336 434704 563977 406758 755224 808331 317875 831193 847285 513811 480761 679377 476752 456133 257771 529070 884817 531105 1084527 479523 896881 748013 452788 990588 901728 620465 380231 846029 1034334 389491 769787 756006 1041059 82824 745793 122879 833875 209016 688733 189927 812775 1025732 297366 408216 883795 352433 781575 429589 275570 1058700 446469 546455 841859 546060
655728 472539 104503 659206 482303 207778 549002 588672 329664 832427 622575 763068 693302 736052 357116 757991 455938 378462 762324 188393 999999999 94586 450590 540804 31392 638388 285625 195424 868854 339302 518504 627356 365786 1009357 730633 498751 166669 348028 196965 737267 650727 205842 77597 659691 755512 91141 789407 335472 436739 234316 582897 646645 165057 642947 662807 326452 322015 507918 365280 322288 252662 368230 730318 388469 906306 345540 710757 561006 266949 822413 749576 512116 317139 708788 859130 258259 583134 650030 868493 217716 557420 102592 693999 156775 563832 201867 632991 838088 155974 274059 713023 164977 604995 244542 212297 872292 283539 457375 653466 424567
589555 385608 85202 577163 390856 300952 471504 603034 276070 755654 582903 690411 639948 694072 377939 663593 491275 308041 668980 265917 94586 999999999 372153 550272 64710 627484 272995 287565 784546 337893 431152 541415 271616 934504 738051 415633 252493 373001 265680 736357 556638 141993 107976 566319 726396 130882 695811 383282 345507 142477 492229 632837 196546 573634 614580 254769 227493 485550 280158 231129 233771 365312 635942 402518 819201 253922 633022 506192 191187 730517 743491 424897 256793 614746 770156 170002 529409 562003 778250 308116 493100 151805 599754 142605 584235 206530 546972 778200 72604 184094 621901 128331 516605 208504 169228 794961 284751 377695 587292 334940
678598 80423 446028 210219 142673 620055 99375 922640 170492 754987 778873 725925 778214 868074 720463 411514 843373 85589 501472 536914 450590 372153 999999999 864970 420466 896388 586093 602330 720884 656217 108194 508424 259008 926622 1038526 61670 550091 720283 514359 1019891 308332 416964 479576 419503 938745 411344 517157 748567 130975 314675 418835 894523 561654 649513 776455 432678 247483 743277 102588 172533 292611 677598 436943 734978 723771 162936 645679 662298 395355 583487 1015102 102785 158392 353881 659651 208482 685006 222973 650215 611675 612139 426815 349550 330624 914077 352478 511718 869706 299858 201310 506668 455875 464808 502589 262163 785256 614391 11651 676763 109565
499738 839044 466168 1033097 807394 615787 956924 58592 819108 703427 307450 617602 430724 384825 187083 962510 160327 828012 871695 680878 540804 550272 864970 999999999 550003 153968 283267 621104 808806 213995 874308 656810 632188 825458 189830 884606 641077 200191 705539 204055 889986 451337 465816 794735 326212 631944 900774 265706 774760 550953 689567 173425 376244 516500 380332 447923 624557 182339 762484 692528 781365 189083 887305 152511 873499 704532 627262 379412 471152 884329 227237 869943 795068 938964 862559 666345 380105 981349 890289 647437 440781 641697 918415 685516 71480 740500 661206 572450 610011 668059 786051 427553 672095 364292 719340 738715 265534 865597 498519 780331
639293 441340 95599 628664 450920 236259 519124 599571 304050 811955 615661 744224 681674 728550 369075 727233 472963 349591 733617 207092 31392 64710 420466 550003 999999999 641246 285956 223025 845116 343900 487282 602754 336320 989769 739636 467986 189936 361252 211279 743603 619763 187932 84542 630957 752499 88331 760493 355779 405353 206402 555890 648563 177851 625290 652968 307058 292044 506561 334198 290910 235119 372564 700574 398457 881245 314178 689803 548592 245696 794720 754249 480903 290005 677796 833107 226894 571163 618773 841784 244057 541517 105134 663122 138185 576566 190572 608355 824236 124663 242667 685786 154648 579197 236498 187855 851610 288421 427066 637027 393191
406346 857531 549091 1042287 816279 744007 980948 168233 879007 594599 197439 511808 312922 244715 312011 925277 313832 873232 814104 797526 638388 627484 896388 153968 641246 999999999 355939 747009 710388 299520 887004 597481 645458 697005 166664 905784 759803 328531 818837 126762 867463 505436 560854 750583 172993 727990 841704 408602 790360 593597 648639 20852 481197 429997 264762 463887 649074 153118 796418 726013 861072 270540 841761 272591 778069 733469 538275 305580 505013 812968 119170 883556 852056 910480 777116 713435 297016 979931 807917 774216 374204 740979 889654 769041 208317 829529 600944 438733 676674 711087 725282 499243 621856 422349 791617 626244 355160 895018 405687 800543
433379 567328 193155 764706 543409 427337 680577 339256 536395 636290 347545 555035 437097 461308 144276 743305 269986 545361 687228 458283 285625 272995 586093 283267 285956 355939 999999999 425162 706868 70269 605902 494559 370924 799029 467480 610564 424689 150735 475087 463433 655037 169459 208314 594238 471089 373505 716982 221665 506371 271531 492896 362708 145685 431733 398545 202040 354081 222580 483553 414751 506705 94372 683238 150206 759824 428951 526307 315681 201460 722608 470801 600967 511959 709390 729014 384002 333579 722030 748732 452778 338516 387714 689977 413499 328089 473590 500046 590503 328147 386765 613009 146144 492343 83814 440148 676516 41592 587566 431293 508589
834963 639937 287712 811954 659840 18559 695242 656743 450313 1020159 772637 947512 858338 886261 437181 944672 494072 520562 956527 88618 195424 287565 602330 621104 223025 747009 425162 999999999 1062031 457014 685761 821692 558754 1194744 803939 657665 55477 422135 122234 825149 835797 394569 242646 853866 887574 192329 983267 364848 614459 429309 778310 759447 279630 825270 822393 515121 513756 639935 532616 502300 336233 484474 922186 475754 1100890 525960 899766 730265 458870 1017622 845838 679216 449500 893375 1054357 435590 750734 816618 1063909 27697 736206 175573 879792 271941 622174 267778 827352 1008727 336015 453408 908402 343859 800173 412469 340715 1060352 406168 611118 832729 598841
309159 641370 775285 709860 578255 1071947 737883 854289 839494 128117 513467 200070 400967 496287 817982 419775 915960 770088 260610 1050463 868854 784546 720884 808806 845116 710388 706868 1062031 999999999 732850 630462 243977 542968 221647 870716 679592 1034883 832561 1048587 814211 456671 668268 822750 306310 606074 911261 267227 920938 597095 645062 313400 692883 824157 293636 446402 549457 588517 628439 680339 648693 918336 725620 333313 795730 69254 632352 184829 431680 603181 191424 781584 632806 810732 451846 102527 700210 428804 619852 136890 1085892 379787 933015 438799 880473 880219 941145 238594 336647 764107 682588 216984 723237 275677 672235 844223 118749 746444 711050 310329 621912
443984 636302 255152 833221 610706 456531 750411 269350 605114 652095 324935 568062 428195 435936 88316 800274 208556 615499 734867 500502 339302 337893 656217 213995 343900 299520 70269 457014 732850 999999999 674260 533910 436990 806573 400250 680000 464117 100672 520472 400023 715614 239722 261970 645413 430569 429502 764660 188764 574576 341578 541974 308821 182731 447458 384742 261276 422414 183645 553655 484662 570672 28982 736002 82972 789462 498505 549125 319552 268817 764526 410506 669435 581138 768832 763565 454225 333609 788610 785572 484659 355442 441858 749055 475979 257879 533860 539181 583377 396119 457032 656933 213633 536623 153667 506431 691659 55763 657594 442064 577499
624842 46082 494150 159049 72218 702801 111945 932802 274770 676332 750046 656552 732942 829487 746926 303330 872420 188588 399565 627014 518504 431152 108194 874308 487282 887004 605902 685761 630462 674260 999999999 434450 243124 842297 1038006 51328 635873 749292 607103 1012945 201338 442668 534109 324849 909436 493445 413347 789522 99764 340418 342471 882645 606847 593920 737827 428111 251868 735443 153934 203212 393463 692282 332398 756054 627730 183164 574416 627829 405613 482528 1003775 6556 258053 245696 562561 261230 649061 131654 550608 697757 570597 511053 241724 418083 929286 448908 436921 808979 362679 247434 413823 491214 389650 522565 352044 703775 639036 96547 623218 99429
221883 433446 536892 550031 370531 832331 546353 710213 607472 247303 410731 222721 342792 450023 622095 338755 733969 544965 216980 807234 627356 541415 508424 656810 602754 597481 494559 821692 243977 533910 434450 999999999 302231 423515 764099 478115 792686 634318 804824 718680 312762 430575 585306 163427 550982 667438 245236 715506 378388 401242 92089 584747 596384 189609 367377 315774 346654 476694 451829 411964 678441 533391 248624 607290 279304 397869 140173 291934 364216 231242 695304 435038 577717 338704 237592 459397 302574 465525 254602 844935 223336 689209 318973 637060 726770 698432 5718 381654 520207 442346 129398 487972 44890 446325 602948 279928 535884 500044 221094 401947
430650 212095 302270 401238 175216 572483 336268 690756 312119 543084 519955 497089 522832 609840 514630 399045 640619 263829 398311 527336 365786 271616 259008 632188 336320 645458 370924 558754 542968 436990 243124 302231 999999999 722634 794970 260641 520411 519115 519461 770895 297527 220875 350143 295781 679883 383424 424654 571102 144988 135112 233089 641938 400910 404084 518459 185035 46990 493213 170856 114109 376219 452971 364658 519733 567035 106567 423427 403701 169881 463420 763047 239192 281534 355105 512192 157340 426637 351654 515977 578306 356260 405034 337932 340345 688849 398903 307094 625864 230412 140116 358182 278461 267291 289969 301270 578731 407203 255404 428649 155869
365679 848779 908490 929847 785226 1202068 951863 859664 1030828 180460 518585 247314 395630 454127 882746 640949 958933 967937 482209 1196732 1009357 934504 926622 825458 989769 697005 799029 1194744 221647 806573 842297 423515 722634 999999999 838041 889895 1175478 899427 1199781 775156 676483 803544 952118 522249 552163 1064998 487710 992922 798705 803734 508793 676825 933701 370521 445841 682986 764900 661421 875203 834452 1097070 791960 554933 852953 258901 821104 303092 487076 744287 410168 736576 844077 1000940 673430 317501 878160 473540 839982 347602 1220494 462372 1086212 660128 1046998 893666 1110971 419337 259332 927223 861997 433675 850949 464474 785707 1019853 143943 833899 917464 367782 822906
570585 1005874 654607 1195223 968572 797290 1127122 147196 1003579 751353 361386 670918 470076 385879 375756 1090528 316787 1007434 980763 867436 730633 738051 1038526 189830 739636 166664 467480 803939 870716 400250 1038006 764099 794970 838041 999999999 1053067 827083 387670 893024 64845 1029900 631797 655551 916394 286946 821773 1008366 440984 939701 727813 813821 180762 566015 595327 424534 610385 793443 305285 936797 866274 970155 373436 1007839 342263 939091 876161 702448 472230 643254 979022 106404 1034155 978570 1074270 940980 845787 463499 1136646 972343 829579 540787 831444 1053453 874648 184263 930180 767585 579082 795618 845878 891945 613348 788007 545076 906678 780680 453622 1038195 570053 947844
661527 49530 484517 161617 108082 675136 76007 942824 232023 722054 776929 699108 766532 860566 748871 352617 873391 146534 450800 594744 498751 415633 61670 884606 467986 905784 610564 657665 679592 680000 51328 478115 260641 889895 1053067 999999999 606290 750015 573108 1030846 252284 443638 521422 374688 936821 465737 464675 784473 117157 340354 386625 902515 599175 631237 768746 443008 260231 753206 135848 197663 353576 699654 383715 760594 678156 181668 617486 656750 413530 533690 1023596 47557 218670 295044 613160 246840 678657 162283 601619 668074 602249 482148 292010 386992 936951 412243 480884 848639 344678 235934 463352 487873 433577 526761 319239 750416 641526 50440 659817 105327
819688 590269 267508 759218 612766 74032 641994 680257 395847 998931 771208 928861 850681 885156 454678 900485 523111 467536 918718 41655 166669 252493 550091 641077 189936 759803 424689 55477 1034883 464117 635873 792686 520411 1175478 827083 606290 999999999 440897 73199 844447 791041 372028 227542 816185 893325 143622 944876 393308 567662 394913 744639 771017 282104 808009 817137 492857 474506 644446 483545 457033 280861 492465 881606 492003 1071144 480647 877381 720230 433608 982202 862846 629319 395947 848258 1022612 390115 741570 766185 1030685 61885 721049 124891 835282 219488 647846 212389 798289 998542 293205 408388 874116 326670 768899 401140 287993 1038845 410776 559124 817434 551091
539914 708936 287983 907211 689310 417716 817262 242414 648622 749081 401742 664283 513613 506967 17904 893844 123376 670704 833600 480700 348028 373001 720283 200191 361252 328531 150735 422135 832561 100672 749292 634318 519115 899427 387670 750015 440897 999999999 505601 403709 805681 306817 276947 742619 482963 438552 863396 94186 650522 409870 640010 342937 183532 545185 467330 352625 498757 252277 618761 552458 596080 108147 832432 56806 889731 568836 648432 413963 349250 864704 423708 744067 627718 860121 864224 513100 425984 868692 886227 448826 454032 446499 840712 499189 215805 549751 639617 668236 439900 518982 756669 264728 636177 229150 540814 788290 112016 722944 538072 650688
850563 562534 301433 720288 591829 139586 601614 746731 351609 1021221 817697 954890 890266 931460 518509 884412 592789 429577 915331 33620 196965 265680 514359 705539 211279 818837 475087 122234 1048587 520472 607103 804824 519461 1199781 893024 573108 73199 505601 999999999 907916 774277 399211 269385 813600 946071 137462 940288 463194 547885 403583 749604 829062 337837 836467 859477 517878 472578 697201 458769 442558 230294 549254 873128 554779 1080739 465660 898658 757911 455578 982801 924696 600573 356629 830358 1029214 376556 780088 734960 1034821 115109 752706 115658 818819 191079 715587 163678 810301 1034661 289101 395487 877200 361918 777632 441140 255070 1060596 465747 524205 848297 529060
518339 982840 654883 1168633 942442 819821 1105751 177409 995445 693135 310476 614150 413271 324754 389792 1049541 350362 993791 934388 883937 737267 736357 1019891 204055 743603 126762 463433 825149 814211 400023 1012945 718680 770895 775156 64845 1030846 844447 403709 907916 999999999 993590 621645 660690 874190 223262 828143 961441 467649 915874 713626 773201 135223 574659 544518 369566 588170 773023 277688 919212 848670 969914 371747 964763 353150 882944 856981 649647 427264 626420 928872 41760 1009411 969322 1035970 887328 832969 416289 1106667 919319 851492 496252 839302 1015149 875813 219866 933821 721878 516626 789974 831623 845184 609315 744930 536321 903325 721403 455227 1018859 517965 925535
531504 232005 598283 253366 185087 851278 293278 947799 467032 526479 699645 527675 650659 756051 798983 110187 923685 382515 206210 789417 650727 556638 308332 889986 619763 867463 655037 835797 456671 715614 201338 312762 297527 676483 1029900 252284 791041 805681 774277 993590 999999999 517366 645078 159368 851012 647819 215585 864853 226955 430652 230519 858579 698350 498921 668681 454386 333720 726090 319628 334010 578145 726591 134373 798170 442281 310409 446118 574180 460723 289495 976470 206105 445721 58162 376145 400930 590853 163547 359236 851908 507362 667837 44565 583423 953618 625699 312828 691826 499927 382696 243932 575810 271561 579146 523845 546955 694140 296805 530442 247737
451373 402121 107054 600398 384403 403884 512276 508078 373926 626978 443185 557243 498003 553292 305244 615404 430119 376699 588906 393758 205842 141993 416964 451337 187932 505436 169459 394569 668268 239722 442668 430575 220875 803544 631797 443638 372028 306817 399211 621645 517366 999999999 154791 488416 590524 270131 617655 351078 344356 103289 398953 508244 182279 437539 472784 120916 193861 356972 314542 246545 363817 262451 569574 318052 709616 262163 505756 364274 66942 639801 623879 437376 347692 574384 666583 215008 387440 564056 679344 419228 353746 289862 556470 280470 497524 346204 436285 637519 173427 217312 528491 60747 413604 87081 289630 666962 197987 418730 449107 343894
593323 489158 49398 683035 488859 250618 578952 515073 379883 777658 548313 704914 623589 662091 284558 748904 390313 415905 737124 256161 77597 107976 479576 465816 84542 560854 208314 242646 822750 261970 534109 585306 350143 952118 655551 521422 227542 276947 269385 660690 645078 154791 999999999 635314 678831 167587 765277 277103 444302 215113 550496 569051 94001 582889 591135 273765 311359 430806 385593 331517 319141 290858 712045 314037 864400 353172 657641 492731 221180 791570 672410 528001 362619 703151 820935 274647 514185 663777 833025 268444 494566 180150 686831 222243 492080 274714 591013 771001 180557 286908 680645 101224 567428 173722 266975 817895 206225 484822 591078 436167
385277 339169 586027 410204 277475 867184 431574 850542 553511 367452 569811 369664 506219 613417 732911 176429 852568 477049 102661 822658 659691 566319 419503 794735 630957 750583 594238 853866 306310 645413 324849 163427 295781 522249 916394 374688 816185 742619 813600 874190 159368 488416 635314 999999999 713633 678562 130037 814263 303278 425647 105280 739266 668679 353036 529963 395141 341989 619964 393869 378917 647758 650627 92571 724716 304275 358350 289082 447356 423232 172206 852924 327496 526993 176458 240373 440609 460605 321363 233746 873855 378445 700039 157450 629461 862477 682725 162139 535023 525321 421662 89329 549151 129728 529778 580810 389192 635542 409107 384507 328206
332597 887325 657081 1056208 837219 886826 1012797 339178 951712 480909 159986 407713 213902 109945 465390 889658 484791 930913 758007 928381 755512 726396 938745 326212 752499 172993 471089 887574 606074 430569 909436 550982 679883 552163 286946 936821 893325 482963 946071 223262 851012 590524 678831 713633 999999999 840825 782749 569930 819703 661446 621365 152912 611236 363307 183671 516526 695107 249005 845037 777231 954341 403225 799200 426201 675322 779590 456656 282297 571097 739834 184435 907113 922587 885589 687379 779163 262516 983738 721034 915209 345047 856513 865160 868655 380581 932854 552997 294428 763381 772810 669169 600502 585013 518478 879487 505889 482646 935286 332901 834423
720082 447647 183882 621441 469145 209527 505973 679640 267897 885851 703522 821235 767140 816179 447982 757446 544088 331322 780700 144144 91141 130882 411344 631944 88331 727990 373505 192329 911261 429502 493445 667438 383424 1064998 821773 465737 143622 438552 137462 828143 647819 270131 167587 678562 840825 999999999 806194 420777 424046 266204 612492 735744 256050 704460 739600 385523 336751 594683 340475 313861 171490 458354 740953 479592 943297 337425 763087 633659 322067 846808 839981 486898 262405 704895 891995 246964 656528 624301 897990 205191 623226 21814 692136 84845 654321 113329 672906 907630 153243 265434 740509 242314 640188 324450 152350 924991 373779 419801 717817 407533
450419 437695 715968 458905 381145 996751 508863 954805 664949 367297 651646 398609 569370 676565 852774 153777 969705 584138 29797 950336 789407 695811 517157 900774 760493 841704 716982 983267 267227 764660 413347 245236 424654 487710 1008366 464675 944876 863396 940288 961441 215585 617655 765277 130037 782749 806194 999999999 938148 414403 555531 224221 828389 797109 420732 601560 520789 470372 721548 508029 501457 766192 767663 81321 841973 236493 479768 330022 536230 552026 79051 936412 417436 640308 193602 171917 565164 545339 369862 148234 1002960 468101 827529 185253 754139 970195 805063 241354 563541 653032 546143 116423 678340 229957 655867 702551 376093 758512 505962 450247 438547
632106 746886 303130 944703 734483 357123 847390 294183 656950 840683 495417 756360 607799 599360 111655 958072 129814 690430 908428 434704 335472 383282 748567 265706 355779 408602 221665 364848 920938 188764 789522 715506 571102 992922 440984 784473 393308 94186 463194 467649 864853 351078 277103 814263 569930 420777 938148 999999999 693086 449982 713944 424822 187498 636178 561445 419521 544597 345580 649844 587790 588095 200973 902118 147149 976573 606539 737609 506734 404131 944182 492888 783890 639546 920824 948480 540200 519384 913924 969143 389747 544198 424246 902094 492119 257795 534106 720942 762398 454820 549049 834674 298427 714005 286922 542969 880141 180085 752587 630221 690097
549203 67784 401956 258813 45618 630630 193164 833228 251060 625433 659794 594998 651535 744265 647831 337116 773492 174091 394588 563977 436739 345507 130975 774760 405353 790360 506371 614459 597095 574576 99764 378388 144988 798705 939701 117157 567662 650522 547885 915874 226955 344356 444302 303278 819703 424046 414403 693086 999999999 243131 289976 786637 512507 519669 652447 329380 152292 638196 94272 114503 353930 592519 338414 656474 605138 91610 514940 539935 305873 473327 907772 95203 225908 282496 542760 179549 561998 221213 536958 629086 486446 443436 271507 356851 829529 399022 381853 739249 281613 162805 386784 394699 335256 423180 296947 656516 539898 123721 547413 25001
473105 299197 167670 497556 284743 442069 409219 608347 290352 623624 506680 563777 541056 610719 408518 533813 533224 280183 528220 406758 234316 142477 314675 550953 206402 593597 271531 429309 645062 341578 340418 401242 135112 803734 727813 340354 394913 409870 403583 713626 430652 103289 215113 425647 661446 266204 555531 449982 243131 999999999 349754 594304 271526 453052 524100 148211 97625 441693 212094 143377 308225 363023 498686 420949 677787 158967 500735 409484 90552 588330 712737 334988 261587 488604 627945 119940 433455 463984 635783 450408 381984 287968 471993 244206 599413 309562 406718 667402 123948 118132 479461 151710 374821 187924 229267 662111 301247 316036 470886 241272
301795 342660 501143 459738 279429 790433 454340 745514 526635 336263 472548 314734 420265 525536 629814 276708 748445 459875 194538 755224 582897 492229 418835 689567 555890 648639 492896 778310 313400 541974 342471 92089 233089 508793 813821 386625 744639 640010 749604 773201 230519 398953 550496 105280 621365 612492 224221 713944 289976 349754 999999999 638029 575610 269257 438517 297065 279765 515552 368336 335490 605851 546365 197789 620569 333988 318951 232252 348154 332320 241085 753369 343148 497614 264945 279723 389045 363216 376769 286053 799938 279942 634278 244315 573359 757211 631791 94451 471924 461012 370971 130343 459131 47211 432159 532997 366593 534396 410100 300641 314115
390227 854014 555619 1037166 811591 756850 977908 189073 881131 576204 180982 493887 294327 224125 326114 914447 332757 873314 801015 808331 646645 632837 894523 173425 648563 20852 362708 759447 692883 308821 882645 584747 641938 676825 180762 902515 771017 342937 829062 135223 858579 508244 569051 739266 152912 735744 828389 424822 786637 594304 638029 999999999 491230 414611 246728 461847 647052 152616 795151 724907 866084 279922 830069 286574 760786 731719 522165 292899 505070 798272 121147 879327 853832 900760 760899 714238 283126 973530 791992 786760 361796 749185 879940 774833 229005 835987 588083 418354 680341 711340 712002 504506 610169 426394 795719 607450 364162 892885 389641 797407
568932 563243 115732 760128 555395 281656 660692 423618 471903 765282 493019 687261 581495 606633 192098 797510 296515 502978 768017 317875 165057 196546 561654 376244 177851 481197 145685 279630 824157 182731 606847 596384 400910 933701 566015 599175 282104 183532 337837 574659 698350 182279 94001 668679 611236 256050 797109 187498 512507 271526 575610 491230 999999999 563504 543924 281337 368719 362431 463892 403918 412903 211443 751295 223752 871685 423747 649786 456745 245556 814786 588966 601022 453313 755707 833974 353603 475956 733695 849687 307282 471346 265458 738078 315964 399166 366401 602077 733859 267515 363275 703346 122594 585266 151934 360450 805737 128697 565948 566763 507576
32583 582999 540509 725049 524084 832170 704482 563886 713890 205023 234243 123789 153184 260546 529754 527888 623171 667305 395264 831193 642947 573634 649513 516500 625290 429997 431733 825270 293636 447458 593920 189609 404084 370521 595327 631237 808009 545185 836467 544518 498921 437539 582889 353036 363307 704460 420732 636178 519669 453052 269257 414611 563504 999999999 180890 318974 437548 335212 573296 517370 758694 437206 436399 505088 357119 510458 110807 138059 382536 384356 517335 593171 683125 527906 348475 546269 136889 644666 378363 851310 93226 725089 507963 696492 587980 762344 191046 221814 576453 533024 306140 481988 227628 415207 679673 245015 468520 643105 31584 539954
151551 719285 558851 880207 665839 825380 844279 417969 809220 329971 72892 247159 50392 91822 449791 706002 514663 778059 576152 847285 662807 614580 776455 380332 652968 264762 398545 822393 446402 384742 737827 367377 518459 445841 424534 768746 817137 467330 859477 369566 668681 472784 591135 529963 183671 739600 601560 561445 652447 524100 438517 246728 543924 180890 999999999 375936 540360 218847 688024 623455 829349 364429 615753 416227 514602 622492 280896 115942 437487 562636 339591 736006 779034 702245 517812 635621 92268 805086 550018 849852 167369 757912 681878 752176 449605 818363 369464 201156 638030 626470 486992 498628 401458 418340 751415 362450 424423 771905 151553 669217
334953 395523 227409 586234 359895 524028 517644 506515 436287 506087 359878 437167 394086 462612 345067 541266 469334 415544 491267 513811 326452 254769 432678 447923 307058 463887 202040 515121 549457 261276 428111 315774 185035 682986 610385 443008 492857 352625 517878 588170 454386 120916 273765 395141 516526 385523 520789 419521 329380 148211 297065 461847 281337 318974 375936 999999999 185230 310861 333730 263923 454506 273478 482602 343988 593211 269892 384865 261677 64408 534141 582460 424086 406723 507988 553252 262978 285615 533614 568405 539987 239497 406116 488392 382600 506384 449037 321485 525582 264726 256287 422858 173780 304053 135105 376056 546052 242464 431150 332692 337693
