NAME : synthetic_000131
TYPE : CTSP-D
DIMENSION : 100
GROUPS : 8
RELAXATION_LEVEL : 1
EDGE_WEIGHT_TYPE : EXPLICIT
EDGE_WEIGHT_FORMAT : FULL_MATRIX
EDGE_WEIGHT_SECTION
999999999 1021182 263008 469164 953206 516062 849317 563047 527330 808584 193318 669683 229759 695980 976656 699385 801450 257346 883864 234222 869068 306713 584948 810912 841996 948298 665292 638142 951240 490630 809095 732278 716901 922536 1010825 535814 768303 848360 740148 685483 95341 633232 1079410 818738 426448 186331 737537 612519 695013 564730 689235 1055220 162138 537066 332653 685262 705019 551328 758686 188125 561032 894588 1122211 636316 796077 924478 962881 428990 181604 486221 1017625 798658 577451 195157 855154 421574 425444 183339 637011 1069908 873495 813384 721371 541027 855525 716571 75171 647877 755680 715612 733817 858217 602264 232695 892756 521839 1006236 928064 562646 304503
1021182 999999999 925325 952428 208903 913058 822204 699570 606776 777227 956002 513255 821832 654206 68878 343366 343922 775562 175340 793908 197073 777210 523059 442842 236445 164806 387865 456385 523685 553167 531967 524882 635551 348408 424653 715207 566883 347848 580120 359177 971983 390877 260214 1024711 595982 1020973 711654 773835 837424 786624 931621 439417 860159 626878 874366 524059 385502 639867 727652 913696 513577 317186 362139 492342 570216 509453 71392 632711 1010707 547342 341624 496843 455463 930598 193081 630417 616891 843269 809364 358761 418383 601725 436743 587159 398433 473553 965062 903001 752096 310316 993446 364316 611139 979505 678551 622948 495069 158681 670763 787528
263008 925325 999999999 668699 911954 700166 981340 330538 586664 932457 408984 480217 343138 463302 868906 582384 791586 205501 763961 208888 745230 415339 419272 620773 796705 817261 636713 643256 996165 374339 862471 528679 487147 920655 1025152 648422 550970 679704 521584 566669 319292 542637 1044784 1002923 364537 117307 847584 747017 844264 704836 864474 1069240 216866 337455 77280 731381 558174 632060 872301 85921 415318 883304 1108464 660552 861353 714317 858406 466573 422609 385522 1009795 841034 472910 396154 793184 450753 315125 276753 781761 1061718 684366 586942 547641 592614 868008 531036 194883 819120 876497 617640 919988 860144 675951 457696 983409 588971 1039250 869827 339312 140900
469164 952428 668699 999999999 798631 63676 423744 842145 348428 399084 276327 846260 334830 949437 937502 744420 626991 507948 885226 488588 880766 287710 748085 957406 719817 957314 571846 496624 646897 622918 518634 920173 960439 704431 748709 240175 976714 946750 956046 738141 376254 658481 891408 349984 524728 640689 363292 228514 263832 189594 227221 787032 453227 768666 708550 447080 798837 313062 373760 583798 702765 699098 892018 460525 487523 1093623 920273 373007 295499 598964 792536 530663 649082 279892 759360 386844 588773 395425 225209 837394 1006715 1034502 857257 367561 626790 874615 498127 192652 359313 723042 265139 647660 348254 238203 522634 331635 713290 808942 825329 611090
953206 208903 911954 798631 999999999 751728 619198 754420 470970 576857 852826 588191 733612 745046 244756 376593 172123 732093 296504 744908 313763 673819 561824 564812 115303 331945 288105 326128 314987 544150 332455 623523 732030 139677 223458 558577 677593 479459 682798 390407 888506 378072 133072 828810 551894 990774 518818 598877 650028 619576 746288 246920 800220 666650 875816 352859 449503 489011 532112 881288 535066 113197 213205 347287 371594 663066 231583 531543 907590 528341 148663 300494 449637 829279 130265 535190 597679 769915 629933 184135 560717 724094 522674 451730 196899 562457 908614 722338 556939 321945 804721 164986 450380 867385 471299 484912 290419 69123 723794 771149
516062 913058 700166 63676 751728 999999999 361016 850787 317300 335466 322916 840621 359314 952153 901889 724001 581260 527670 855573 510491 852515 300610 743495 945231 678296 927300 538927 460359 586996 619301 461698 914360 961544 652019 691419 197960 972606 928394 953366 718946 421489 638447 839711 305197 522405 681125 300934 168308 200690 134062 173319 728886 483324 772727 734537 398894 783326 274215 310638 616708 696903 649271 836302 421031 429264 1082220 884524 361690 348493 593915 738244 475973 635849 322513 720207 377438 591272 423794 161894 781941 991866 1031166 845842 335430 574566 865767 538556 134142 295800 698264 220884 597097 303194 289726 459437 300260 653733 765964 832082 631330
849317 822204 981340 423744 619198 361016 999999999 1034875 420761 55127 663340 958897 647769 1102712 838994 776868 489346 781806 837204 773544 843405 569276 876085 1021206 600708 899686 550919 473617 337459 771178 290906 1025841 1103843 483507 462208 333024 1088587 971487 1077743 779323 754464 706034 653791 226803 694632 991543 147505 238207 160661 284989 220313 484469 773890 942468 994922 349354 856109 363509 121679 906828 828561 506578 610047 427353 253956 1153169 822359 534660 698827 742937 537319 327728 739547 655654 653701 553165 773385 714944 212929 563589 1049782 1147386 934170 424568 423939 965666 854507 236430 108547 729576 242072 457896 334872 639597 162353 411612 399069 663826 1009145 877888
563047 699570 330538 842145 754420 850787 1034875 999999999 615188 980336 643465 189588 519333 133884 633831 378477 689963 349600 524678 374293 503194 554436 193488 311673 648797 559083 541919 590451 937593 265331 830165 212251 156835 811526 925394 724106 222650 389671 193235 364198 583073 389285 882836 1124146 343039 447816 887883 831256 933936 802337 985250 965145 439417 95712 254243 710911 315766 674235 913976 379100 228666 766851 966961 627681 844079 386871 628245 510734 677906 293252 883900 797929 325507 621595 624285 492187 265669 477248 873559 930760 372532 256440 267534 610338 783554 236937 487879 939434 926696 432525 1050323 763414 700113 691145 983861 625999 961549 695768 30697 263118
527330 606776 586664 348428 470970 317300 420761 615188 999999999 366863 391491 557472 297687 690928 589315 412201 301029 381243 538452 379451 535216 222330 467015 644482 379085 610306 223419 150808 425254 353979 284318 628819 694829 406934 485762 127982 690321 617643 675487 408919 446167 328349 581585 525190 273878 622893 275234 226646 325895 212504 394373 529779 403166 524152 587545 157933 478522 60045 301301 523356 418790 387389 607278 123936 277121 781487 572143 120613 444871 325798 502192 271436 339877 370353 414349 137717 352627 353593 270359 553157 685814 749786 548214 19694 334337 573648 504117 352508 312252 382273 462310 343164 90517 399810 397277 17040 478941 470074 590222 468224
808584 777227 932457 399084 576857 335466 55127 980336 366863 999999999 625664 903800 602041 1047618 791525 722573 440639 731608 786405 724122 792072 522672 820978 966839 552373 849829 496803 418941 309919 716405 245345 970833 1048719 443814 433163 284312 1033569 918083 1022654 724841 714303 651218 619602 255562 640626 946103 92564 196167 137346 244349 216767 459336 727158 887742 944176 295193 801519 310295 66617 859217 773472 463733 582812 372514 207052 1099155 774716 481939 663706 688174 504058 280707 684426 616445 605019 500348 719380 668785 178170 534088 996015 1092399 879399 370167 380297 910749 810585 221941 56059 675784 253035 413600 280229 604815 142245 358185 374674 618570 954479 826612
193318 956002 408984 276327 852826 322916 663340 643465 391491 625664 999999999 701027 144221 767394 922209 669681 688103 294265 843303 269218 832387 180042 605145 833076 749798 913135 574555 526922 799610 487845 657690 771745 783849 798399 874124 366728 819127 849387 793821 658451 100015 590449 970118 625510 398320 366545 561226 430010 506255 381557 496193 917449 208632 590406 461168 544178 698036 399355 580423 323136 568817 777442 998763 512592 638880 960599 906600 324972 54998 472879 893683 653757 551980 26226 773713 325742 432600 166613 450414 944583 891396 871789 735080 408782 725518 740787 225238 455363 574768 670128 540593 734507 450460 49434 720895 381457 859381 840264 634082 385740
669683 513255 480217 846260 588191 840621 958897 189588 557472 903800 701027 999999999 560567 159232 446457 216302 552422 420054 337916 445791 316208 569228 98606 142386 491331 369560 422226 488893 808258 223736 719180 73913 151458 663809 777599 680924 133109 203907 118918 205383 664421 259292 711566 1082547 322112 594161 812216 783928 883106 764774 949541 814267 520251 142784 411355 614886 138704 617137 837541 504673 143755 617787 801218 533083 740121 259791 441876 479480 745327 247337 726310 683297 219871 676046 458698 463252 269231 539210 827618 769842 205951 192503 77987 547029 648861 51040 597073 905910 854221 274154 1017119 623834 630046 743696 881986 571760 822396 525092 163383 370445
229759 821832 343138 334830 733612 359314 647769 519333 297687 602041 144221 560567 999999999 637166 784754 526557 576199 174465 702441 153926 690812 80762 463610 690428 625718 771564 448432 412542 722255 344416 580414 632317 651826 694808 781309 319752 681944 705210 657629 515020 154942 448730 856606 660135 254101 344063 523413 410164 503968 365603 521375 825653 127715 457271 375333 455606 553818 324675 546439 262540 425866 668567 895079 407652 568964 819465 769578 202943 195163 328809 790165 569104 408068 118154 644774 198439 291354 67621 442086 842238 748117 736179 591873 311270 626561 598844 211626 475982 546991 529409 577696 630404 374907 183483 672659 292691 776628 714520 506438 276684
695980 654206 463302 949437 745046 952153 1102712 133884 690928 1047618 767394 159232 637166 999999999 585724 375498 711018 473399 480719 498873 458997 663302 226765 223035 650193 499054 576870 638914 966308 338705 873346 129542 26262 823038 936807 808759 105897 315162 80844 364585 712224 414466 866000 1211841 431293 580381 955288 914542 1015932 890485 1075384 973324 567261 181130 386447 764129 296333 750960 981033 512873 274155 777009 957594 681198 892473 264426 583661 598687 804561 366371 884741 838226 365798 744500 616271 580918 361107 600798 957841 927589 274447 124930 223436 682883 807328 184009 620820 1030432 996239 433369 1141989 782740 769657 814020 1034243 703778 981444 680644 134572 393790
976656 68878 868906 937502 244756 901889 838994 633831 589315 791525 922209 446457 784754 585724 999999999 286903 351490 726962 109312 746462 130648 745392 460996 374003 239757 98191 366325 441627 556888 499874 548237 456316 566878 379752 467406 704190 498005 279094 511336 302482 932088 343465 318597 1033488 550220 967443 720307 770865 841128 779477 933263 486889 814812 563552 815482 523598 321697 627675 738176 861313 454724 342898 420341 481710 585136 443757 17464 602599 976458 496447 387848 511312 403836 896437 188704 598465 564748 801681 808476 411202 350658 533091 369453 570022 419317 405760 917963 901995 762087 261195 996945 384671 603797 948441 702450 605979 535174 182199 605383 732723
699385 343366 582384 744420 376593 724001 776868 378477 412201 722573 669681 216302 526557 375498 286903 999999999 339102 445006 185699 466096 169821 503831 188016 244397 275514 249010 226142 304610 595799 213918 517201 265672 366152 447582 561309 540104 326629 205446 323983 15839 664321 85941 504359 926560 276709 680690 634257 632824 724563 624305 802761 598042 537370 293969 531179 427520 83594 466899 658164 575102 171012 401522 589642 351983 542361 377282 276041 375417 721703 213571 511052 479761 122039 643456 246328 365043 279500 531994 675824 555762 276475 381931 164703 396838 435625 201984 637002 762804 677632 57906 870552 409189 465764 702914 682919 428737 607055 317325 347974 445822
801450 343922 791586 626991 172123 581260 489346 689963 301029 440639 688103 552422 576199 711018 351490 339102 999999999 598549 351103 607618 359757 511185 499055 571938 111825 410917 156653 163664 256720 445721 200832 604751 703665 129221 238698 386830 665341 504706 663046 347968 730750 301409 282033 682592 427231 858299 369228 432907 493502 450301 587856 281161 655251 595714 766326 183583 422433 316896 386710 749929 461354 93686 322265 177126 235674 692627 334501 373380 742446 423893 219664 162541 365271 665395 164415 379884 487236 618732 466757 272142 586884 719507 503267 282172 96556 541055 763234 560204 410700 282131 649531 73513 278836 699898 363733 314301 271977 188075 659651 653408
257346 775562 205501 507948 732093 527670 781806 349600 381243 731608 294265 420054 174465 473399 726962 445006 598549 999999999 630476 25967 614788 228478 330508 558898 617381 693182 447818 444060 792765 233744 657718 487064 490433 726497 827463 449151 530013 591746 503583 430622 244719 384725 863214 822011 182113 259964 644998 551332 651354 511970 681812 871882 100337 298552 213910 526662 447674 427713 670086 151416 304060 691703 919438 457854 655965 678817 714048 261071 331702 231504 818150 637246 323939 272031 622014 245332 168219 127737 588567 870552 620488 580584 466408 387126 669634 464599 192033 635657 675550 466176 741728 664372 470765 341603 778228 383884 837805 697590 339832 103662
883864 175340 763961 885226 296504 855573 837204 524678 538452 786405 843303 337916 702441 480719 109312 185699 351103 630476 999999999 651229 21804 670678 352583 276869 245542 72175 317911 400003 587439 399467 551710 352014 463040 414256 516242 660820 397778 185749 408692 200572 845161 254039 398162 1016668 458723 864949 707377 738788 818439 740816 906228 542992 721731 454482 708659 501315 212652 584033 727898 760178 348758 371140 496705 444909 585340 366592 103975 532361 896618 398972 445160 513183 306714 817206 193329 525602 465161 713344 779065 477816 265133 437693 261522 520145 435392 298743 822387 871195 750545 173177 972157 401885 568263 873055 714445 555477 577681 227392 496133 629535
234222 793908 208888 488588 744908 510491 773544 374293 379451 724122 269218 445791 153926 498873 746462 466096 607618 25967 651229 999999999 635913 213599 355736 584357 630645 714720 458995 450731 795575 256419 658993 512974 516089 734812 834026 440525 555974 616129 529523 451942 218822 403460 875330 807223 198458 251366 638767 540991 639987 500400 667291 878549 75040 324453 226123 528195 471167 423389 663558 145547 328355 701080 929302 461954 655692 704673 733273 260535 305958 252569 827268 639850 344514 247379 637121 245916 191439 103053 577236 879759 645798 606475 491421 386590 676108 490105 171504 621277 668110 485360 726215 672126 467985 316889 775260 380945 842169 712249 365099 122817
869068 197073 745230 880766 313763 852515 843405 503194 535216 792072 832387 316208 690812 458997 130648 169821 359757 614788 21804 635913 999999999 661138 332380 256364 256811 80762 316859 399724 600038 382824 559726 330379 441417 428244 531914 658867 376610 166474 387211 184215 832075 242090 418089 1019627 444947 847087 711709 739093 820532 739693 907256 559626 706995 433708 689156 504553 192026 582276 732700 742840 329913 384457 516063 445385 592610 349633 125733 524368 885397 383390 462271 521082 291618 806238 205699 516944 448677 700011 779842 496033 246993 417209 239735 517222 446262 276941 806801 871492 755041 163038 973550 413179 568369 863017 723481 552256 592212 244676 474739 611549
306713 777210 415339 287710 673819 300610 569276 554436 222330 522672 180042 569228 80762 663302 745392 503831 511185 228478 670678 213599 661138 999999999 470657 690482 569867 741578 394530 348630 644625 346178 502407 642704 675317 625619 707974 239487 696593 694255 674384 494079 223854 421135 793051 593769 248663 423861 443005 332645 428930 289577 453733 752060 204623 482217 439700 379833 542499 245004 466241 338004 428130 602008 826290 338073 489685 823781 729479 145042 235040 325402 721133 492744 392141 155706 593793 147014 304529 146222 366474 772759 744772 753189 590280 237486 555153 602482 292370 407690 467360 498118 513252 561299 295696 203076 591917 215655 700330 660248 537800 331844
584948 523059 419272 748085 561824 743495 876085 193488 467015 820978 605145 98606 463610 226765 460996 188016 499055 330508 352583 355736 332380 470657 999999999 229233 455347 400067 355778 413362 750118 125251 650074 172342 228281 618855 732886 588065 229120 265742 210594 173003 572992 197646 691298 990810 223623 527758 728715 692460 792842 671240 856301 772218 430741 105965 358472 537995 140917 527014 754413 430575 48229 573913 773956 454858 667627 355862 452886 383206 650637 149598 690418 615948 140365 579899 431966 366547 172550 445383 736030 737319 290096 287754 136442 457952 593806 135778 514339 812148 769860 239965 923599 572267 543657 647006 809130 480575 771024 504654 162795 295161
810912 442842 620773 957406 564812 945231 1021206 311673 644482 966839 833076 142386 690428 223035 374003 244397 571938 558898 276869 584357 256364 690482 229233 999999999 487943 281631 470534 548345 826637 346500 758848 100249 200404 665200 774957 771849 125203 95416 143118 242210 802120 319223 674284 1166016 442061 735570 878106 869492 964221 856572 1038584 806493 659233 283780 550130 671881 166965 701958 902212 647046 264606 619364 771442 595462 785438 137242 374702 584847 879381 365238 711594 720860 309384 807587 444161 570571 400936 674528 912976 748730 63704 160847 100427 631043 666874 94404 738768 996986 921369 294856 1106542 637218 705873 873875 925102 660234 829242 496592 291279 512792
841996 236445 796705 719817 115303 678296 600708 648797 379085 552373 749798 491331 625718 650193 239757 275514 111825 617381 245542 630645 256811 569867 455347 487943 999999999 301367 177389 228863 343811 430035 310926 534299 639456 177282 288590 480931 591911 411965 593653 287869 780188 265871 248106 793887 436784 875727 480615 537406 602973 550605 696300 323393 687319 558687 761246 287748 354244 406761 498428 766230 425415 131439 320283 259543 346796 600149 222716 425663 804772 413557 235769 273196 336950 725552 53429 427620 482633 659006 573212 281972 494802 642540 431980 359412 189857 471380 795579 666875 522331 218306 758999 156422 375523 767522 470485 394441 341381 91306 618099 655928
948298 164806 817261 957314 331945 927300 899686 559083 610306 849829 913135 369560 771564 499054 98191 249010 410917 693182 72175 714720 80762 741578 400067 281631 301367 999999999 389061 470574 636353 460242 611600 369692 478735 460215 555290 732129 406691 186229 422192 262823 912465 322849 415778 1083642 525111 921419 772877 808600 886530 811637 975320 577834 786339 497196 758504 568562 259456 655280 792712 818451 402823 419656 517188 514883 646492 345569 104925 604040 966159 462177 478776 573444 371048 886990 247952 596987 526195 780312 848457 505493 253695 438485 291575 591908 489801 324671 885201 940942 815761 243489 1040869 455541 638362 943621 771779 627322 620513 264848 532088 685867
665292 387865 636713 571846 288105 538927 550919 541919 223419 496803 574555 422226 448432 576870 366325 226142 156653 447818 317911 458995 316859 394530 355778 470534 177389 389061 999999999 83479 395674 290433 296958 483153 572876 285631 394862 343079 545688 422965 538636 229514 602815 162943 416711 708663 272218 707688 409488 422740 507578 422979 591698 437693 512333 446567 609842 201612 306888 266219 432919 598592 314102 246713 472401 130501 318790 602360 349264 249638 629550 267767 373103 261377 216837 549922 199642 250629 330585 482098 464059 425012 499559 603129 386677 204383 243952 420759 620761 555033 453033 179672 658549 228599 252026 594578 460418 240245 422313 266339 512144 497720
638142 456385 643256 496624 326128 460359 473617 590451 150808 418941 526922 488893 412542 638914 441627 304610 163664 444060 400003 450731 399724 348630 413362 548345 228863 470574 83479 999999999 358375 328236 239904 553625 637271 285837 383439 263019 616413 504823 607098 306154 567151 232658 444699 625618 284720 702097 329764 339459 424303 341111 508247 427906 494217 494837 626125 126036 382607 186241 353928 595108 368146 256456 484301 47594 254525 681876 424295 209725 581601 302049 380157 209286 273228 503644 263669 216640 354878 455784 380624 432631 580156 674808 460599 131119 225575 492634 601653 471819 373069 261579 575071 222180 168707 541432 395794 166698 396611 320094 561813 509119
951240 523685 996165 646897 314987 586996 337459 937593 425254 309919 799610 808258 722255 966308 556888 595799 256720 792765 587439 795575 600038 644625 750118 826637 343811 636353 395674 358375 999999999 682253 142444 861462 959664 177141 124825 437641 922038 754902 919691 604457 866623 553452 320301 562790 642770 1044361 292023 418759 423727 458461 517251 149763 826936 842208 983377 268700 679153 401849 291708 941105 709585 216848 273160 335709 162817 943274 542342 536804 848925 657407 203812 155752 612353 782096 394382 550093 713042 778766 431363 226182 837670 975978 759970 413650 160336 797767 929253 509122 314341 538835 561603 189537 350451 795857 175632 429567 67336 374771 907799 865354
490630 553167 374339 622918 544150 619301 771178 265331 353979 716405 487845 223736 344416 338705 499874 213918 445721 233744 399467 256419 382824 346178 125251 346500 430035 460242 290433 328236 682253 999999999 568000 297566 344963 573150 684417 470064 353897 363980 334074 198896 465572 168804 677159 873136 98381 467916 623852 576023 677720 551893 736889 726594 330060 171415 332028 446263 215616 413810 649889 361447 82191 531343 748399 363329 580105 477998 488157 260882 535737 28258 655253 537285 98585 462104 421169 243577 65954 334334 619240 705539 403702 412065 247481 347452 534236 256594 425431 692124 663405 243729 803696 518580 436347 527683 719122 366123 712403 497717 238413 234809
809095 531967 862471 518634 332455 461698 290906 830165 284318 245345 657690 719180 580414 873346 548237 517201 200832 657718 551710 658993 559726 502407 650074 758848 310926 611600 296958 239904 142444 568000 999999999 779200 869773 204585 230084 298494 841471 698737 835274 522886 724189 459900 389507 496401 517356 905950 189509 294863 324258 329070 421176 269224 687181 734495 854224 131090 600154 259430 200365 804223 606141 219282 375046 207425 39283 884998 531687 398797 707467 541540 280236 38716 509782 639898 364230 413086 591262 637837 316085 321110 779731 898210 680950 273860 135556 716291 788365 403352 225259 464069 475838 168351 208028 655100 166395 287809 202283 373361 801346 735170
732278 524882 528679 920173 623523 914360 1025841 212251 628819 970833 771745 73913 632317 129542 456316 265672 604751 487064 352014 512974 330379 642704 172342 100249 534299 369692 483153 553625 861462 297566 779200 999999999 111047 709994 822721 753134 62790 187182 59426 257642 731782 321452 741297 1154007 395947 644808 879765 855443 953974 837212 1021761 857450 586721 196249 456036 679582 182387 688239 904848 561248 217604 663773 834824 598855 801939 192322 454523 553054 815032 321246 766221 742511 289529 747007 496642 536945 341344 608597 899154 807191 160288 121701 102383 617804 701250 63698 658624 978378 922146 322797 1089440 674384 699410 815070 943543 643391 871393 557607 193541 429514
716901 635551 487147 960439 732030 961544 1103843 156835 694829 1048719 783849 151458 651826 26262 566878 366152 703665 490433 463040 516089 441417 675317 228281 200404 639456 478735 572876 637271 959664 344963 869773 111047 999999999 813520 926981 814310 80418 293784 57294 356039 730873 409998 851381 1217418 439528 604351 956592 919524 1020421 896670 1081732 962833 585539 194577 410516 762936 285225 754867 982209 534920 276348 767382 944049 680390 889907 238192 565375 605749 822028 372144 873131 834173 364981 760619 604005 588246 371667 617398 962971 915175 249931 99974 209371 686110 800151 169596 641792 1037059 997932 424035 1148629 774800 771913 830035 1031776 708084 973093 666857 154312 413697
922536 348408 920655 704431 139677 652019 483507 811526 406934 443814 798399 663809 694808 823038 379752 447582 129221 726497 414256 734812 428244 625619 618855 665200 177282 460215 285631 285837 177141 573150 204585 709994 813520 999999999 114154 469121 768367 587879 769197 458585 848107 422364 187981 698249 556399 985909 394087 490307 528539 517972 625466 153992 780041 718450 895453 261916 528637 408981 404345 877912 583797 46222 200678 287640 243611 775548 365218 493570 851778 552030 95515 179202 489296 776974 223473 501863 616136 740975 516334 147433 670641 819577 607614 389717 77648 646708 887469 605997 429214 389686 680380 64410 362851 805585 332372 417642 164531 197635 780977 782618
1010825 424653 1025152 748709 223458 691419 462208 925394 485762 433163 874124 777599 781309 936807 467406 561309 238698 827463 516242 834026 531914 707974 732886 774957 288590 555290 394862 383439 124825 684417 230084 822721 926981 114154 999999999 525017 880500 694797 882023 572504 931819 536135 198721 687104 662326 1085358 406358 523873 540842 559130 636062 44615 874647 832064 1003164 329978 641885 475943 409500 978546 697419 159865 150202 375727 262566 881222 454767 584378 925913 662489 85698 222893 602427 854361 330943 594702 725047 831927 541874 101381 777201 930855 720354 470625 157918 759624 980693 624515 433146 503446 683215 166355 425907 876163 300451 493823 72945 290838 894874 888666
535814 715207 648422 240175 558577 197960 333024 724106 127982 284312 366728 680924 319752 808759 704190 540104 386830 449151 660820 440525 658867 239487 588065 771849 480931 732129 343079 263019 437641 470064 298494 753134 814310 469121 525017 999999999 814021 745549 798005 536901 444416 456326 654421 403130 381440 663339 203701 107221 210031 84722 268634 566164 443386 636606 662697 208446 606225 76905 226754 574943 539954 460696 662303 223071 275070 908963 686802 213413 413493 442423 560123 302372 465549 352035 522290 232027 458483 385673 149586 607352 813732 873426 674944 143593 391704 699327 530441 225556 228563 508948 336321 410175 108302 358910 357059 111754 500395 569355 701051 546692
768303 566883 550970 976714 677593 972606 1088587 222650 690321 1033569 819127 133109 681944 105897 498005 326629 665341 530013 397778 555974 376610 696593 229120 125203 591911 406691 545688 616413 922038 353897 841471 62790 80418 768367 880500 814021 999999999 220482 29450 319247 774028 384190 792212 1215474 451986 668166 942448 916862 1015766 897883 1082643 914392 628348 232419 475727 742365 243058 749887 967558 591487 275975 722160 887430 661638 864476 164224 497903 611976 860602 378718 821931 804651 351610 794878 552420 595511 392935 654257 960561 861654 170145 59465 162075 679605 761729 125208 693752 1039018 984784 383210 1150228 734329 761734 863580 1006019 704717 930571 610664 211750 463844
848360 347848 679704 946750 479459 928394 971487 389671 617643 918083 849387 203907 705210 315162 279094 205446 504706 591746 185749 616129 166474 694255 265742 95416 411965 186229 422965 504823 754902 363980 698737 187182 293784 587879 694797 745549 220482 999999999 236805 209482 829276 290130 583857 1129722 451345 791216 832157 837575 927878 829724 1007571 724157 690956 344397 613298 623521 151918 672170 855186 696069 287777 542802 682393 552413 728118 188381 280459 574900 898632 376635 627589 660178 302291 823362 364580 562819 425788 698309 880373 662330 82837 254149 132072 602247 597021 153638 778969 967975 875750 243350 1075267 565664 669392 886888 864918 634164 752410 410532 365683 560601
740148 580120 521584 956046 682798 953366 1077743 193235 675487 1022654 793821 118918 657629 80844 511336 323983 663046 503583 408692 529523 387211 674384 210594 143118 593653 422192 538636 607098 919691 334074 835274 59426 57294 769197 882023 798005 29450 236805 999999999 315357 747178 376098 799968 1200260 431595 638797 931115 901688 1001304 881483 1066467 916846 601452 205315 446291 733132 241072 735285 956421 562634 258328 722979 893889 651629 857192 193637 510318 593720 834656 359685 825642 798898 338767 769767 556056 576923 370082 628495 945342 866529 193658 78834 161678 665403 759586 122517 665489 1022493 973137 381392 1133878 733042 748865 838667 998967 689538 930343 616708 182429 435646
685483 359177 566669 738141 390407 718946 779323 364198 408919 724841 658451 205383 515020 364585 302482 15839 347968 430622 200572 451942 184215 494079 173003 242210 287869 262823 229514 306154 604457 198896 522886 257642 356039 458585 572504 536901 319247 209482 315357 999999999 651537 80721 518760 925814 264009 665260 635905 631031 723829 621324 800824 609705 523562 278895 515343 430158 77466 464465 660061 559858 155203 412644 603293 353252 547188 376702 291738 367796 710181 199375 523597 485751 108688 632226 260178 356846 264616 519156 674208 568779 277583 375393 158067 394044 444521 194139 622650 760406 679159 69564 868693 418771 465070 692296 688178 425292 617109 331860 333635 430283
95341 971983 319292 376254 888506 421489 754464 583073 446167 714303 100015 664421 154942 712224 932088 664321 730750 244719 845161 218822 832075 223854 572992 802120 780188 912465 602815 567151 866623 465572 724189 731782 730873 848107 931819 444416 774028 829276 747178 651537 999999999 591379 1011458 725041 387612 267476 644760 518147 599748 470175 594478 975914 145732 541864 378405 603456 680879 465033 665441 234853 542458 822812 1048635 560517 709173 923482 917416 357766 103339 455901 943579 715998 542918 99832 798002 353316 403863 132402 541970 995458 862955 823416 707615 461259 778578 708088 128305 552823 661800 673391 640145 783707 516349 143901 801424 439077 923447 868562 577662 320119
633232 390877 542637 658481 378072 638447 706034 389285 328349 651218 590449 259292 448730 414466 343465 85941 301409 384725 254039 403460 242090 421135 197646 319223 265871 322849 162943 232658 553452 168804 459900 321452 409998 422364 536135 456326 384190 290130 376098 80721 591379 999999999 510643 846962 206784 632455 561120 551263 645085 540815 720881 576157 471348 296167 500374 358375 152262 384304 585749 524203 161570 378000 586095 278704 481112 455179 329943 289991 643334 158142 497530 424175 71682 564278 252871 280173 228671 459873 594573 546102 357637 442318 228238 313706 396311 260019 574877 680163 604052 82421 788793 374653 386649 621886 622923 344666 573378 329249 358806 402366
1079410 260214 1044784 891408 133072 839711 653791 882836 581585 619602 970118 711566 856606 866000 318597 504359 282033 863214 398162 875330 418089 793051 691298 674284 248106 415778 416711 444699 320301 677159 389507 741297 851381 187981 198721 654421 792212 583857 799968 518760 1011458 510643 999999999 875156 683841 1122419 578285 678262 713544 705709 810385 196608 928755 796701 1008880 446065 573214 590811 586403 1012987 666301 195009 102001 458239 427725 759633 310931 653693 1024413 661409 116736 366749 582284 947424 259798 658905 730691 896119 703766 107360 661825 835049 642588 563139 265168 682167 1037185 792617 611057 451488 863111 244249 546949 981243 494365 594001 270961 187166 852329 904027
818738 1024711 1002923 349984 828810 305197 226803 1124146 525190 255562 625510 1082547 660135 1211841 1033488 926560 682592 822011 1016668 807223 1019627 593769 990810 1166016 793887 1083642 708663 625618 562790 873136 496401 1154007 1217418 698249 687104 403130 1215474 1129722 1200260 925814 725041 846962 875156 999999999 783061 986294 313371 298618 202001 322030 140385 710819 786213 1038567 1033111 515354 999104 465884 297248 920424 942631 715671 835879 578214 457220 1302123 1016313 614503 644986 845543 759491 529063 864875 626912 844991 632780 858760 726175 254933 788363 1203014 1274937 1071756 536608 631937 1098403 843687 186667 272664 886949 84921 664203 460809 588156 388778 510789 625484 866322 1102148 924901
426448 595982 364537 524728 551894 522405 694632 343039 273878 640626 398320 322112 254101 431293 550220 276709 427231 182113 458723 198458 444947 248663 223623 442061 436784 525111 272218 284720 642770 98381 517356 395947 439528 556399 662326 381440 451986 451345 431595 264009 387612 206784 683841 783061 999999999 438957 548677 488460 591036 461047 645294 706107 264627 255506 341729 389058 299764 332067 574788 329457 179701 518767 744349 310045 523697 575129 536542 168560 448515 76824 645265 490854 155570 372221 439967 150327 78756 255295 531012 697227 497354 509879 342067 271036 506262 353886 369137 599970 586130 289176 711419 496575 361461 435622 657950 283751 680758 515694 319613 226389
186331 1020973 117307 640689 990774 681125 991543 447816 622893 946103 366545 594161 344063 580381 967443 680690 858299 259964 864949 251366 847087 423861 527758 735570 875727 921419 707688 702097 1044361 467916 905950 644808 604351 985909 1085358 663339 668166 791216 638797 665260 267476 632455 1122419 986294 438957 999999999 866714 753574 844860 708100 851865 1129892 221350 451800 193948 775969 663999 660489 890088 109500 518678 951564 1179395 712460 899959 831342 955984 507583 365304 474427 1077948 888656 565576 360798 877590 494443 404272 277671 783866 1130382 799254 704187 659266 632156 927442 644673 142692 808240 891023 710952 901753 923394 708267 411339 1012487 622046 1092467 953788 456450 235597
737537 711654 847584 363292 518818 300934 147505 887883 275234 92564 561226 812216 523413 955288 720307 634257 369228 644998 707377 638767 711709 443005 728715 878106 480615 772877 409488 329764 292023 623852 189509 879765 956592 394087 406358 203701 942448 832157 931115 635905 644760 561120 578285 313371 548677 866714 999999999 137676 135492 184422 232148 439388 646237 795200 856453 208876 712154 219917 26120 776490 681133 406338 555872 282732 150694 1011400 703176 391860 603460 595623 466718 218391 592622 549346 531991 410091 627410 589064 140722 503683 909021 1001411 789351 277908 323041 820112 734103 218172 43614 589087 286548 353843 187783 545809 162247 267281 359358 553505 861960 738220
612519 773835 747017 228514 598877 168308 238207 831256 226646 196167 430010 783928 410164 914542 770865 632824 432907 551332 738788 540991 739093 332645 692460 869492 537406 808600 422740 339459 418759 576023 294863 855443 919524 490307 523873 107221 916862 837575 901688 631031 518147 551263 678262 298618 488460 753574 137676 999999999 102823 48496 170001 560837 536923 743405 765239 249962 702877 167734 152799 670648 644252 491911 669906 293881 261387 1006130 753405 320616 469590 548201 573577 311956 566485 420338 583868 339241 565664 477561 43712 615876 908614 976324 774188 238666 413682 800182 616303 132415 144878 596878 237729 438896 170752 411198 299764 212174 485436 620751 808062 650626
695013 837424 844264 263832 650028 200690 160661 933936 325895 137346 506255 883106 503968 1015932 841128 724563 493502 651354 818439 639987 820532 428930 792842 964221 602973 886530 507578 424303 423727 677720 324258 953974 1020421 528539 540842 210031 1015766 927878 1001304 723829 599748 645085 713544 202001 591036 844860 135492 102823 999999999 139603 96930 572559 631568 845737 865169 318410 797278 266020 132019 766113 744613 538531 690696 377082 285819 1100208 823781 423386 539728 649781 602210 350975 664517 500201 652493 442025 668392 571588 62787 638849 1001013 1075223 870402 336174 455979 897622 705253 86878 110058 685308 156054 485547 258808 480418 272258 312338 490808 680588 910589 751588
564730 786624 704836 189594 619576 134062 284989 802337 212504 244349 381557 764774 365603 890485 779477 624305 450301 511970 740816 500400 739693 289577 671240 856572 550605 811637 422979 341111 458461 551893 329070 837212 896670 517972 559130 84722 897883 829724 881483 621324 470175 540815 705709 322030 461047 708100 184422 48496 139603 999999999 185102 597484 492929 716553 725707 266957 690914 158281 200788 627204 623234 515809 702947 298148 298105 993684 762027 292500 421149 524532 604353 342114 550077 372100 594720 310752 536821 433182 76935 648451 898318 957246 759614 227479 440548 783788 569947 141167 193374 592035 252396 463427 175810 362832 346658 196427 524450 636637 780151 612640
689235 931621 864474 227221 746288 173319 220313 985250 394373 216767 496193 949541 521375 1075384 933263 802761 587856 681812 906228 667291 907256 453733 856301 1038584 696300 975320 591698 508247 517251 736889 421176 1021761 1081732 625466 636062 268634 1082643 1007571 1066467 800824 594478 720881 810385 140385 645294 851865 232148 170001 96930 185102 999999999 666684 648104 900687 893303 409667 872204 336695 226566 782688 808269 635106 786135 461945 382676 1175414 915857 476938 521009 709588 698728 447747 733819 495166 744953 494991 720228 587905 127670 734702 1078386 1142040 942587 407560 552742 967659 709668 46287 203088 766756 67958 582047 339827 462583 358222 379050 583935 775482 963705 784602
1055220 439417 1069240 787032 246920 728886 484469 965145 529779 459336 917449 814267 825653 973324 486889 598042 281161 871882 542992 878549 559626 752060 772218 806493 323393 577834 437693 427906 149763 726594 269224 857450 962833 153992 44615 566164 914392 724157 916846 609705 975914 576157 196608 710819 706107 1129892 439388 560837 572559 597484 666684 999999999 919261 872304 1046651 373501 677610 518799 440626 1023007 737661 198309 126758 420314 299649 909251 475314 628959 969012 705030 99124 264882 643288 897887 362597 639313 768152 876472 576914 89930 806095 963705 755215 514813 202457 794691 1025286 657327 463632 540341 711343 209655 468460 918836 322136 537606 85413 315796 934560 932485
162138 860159 216866 453227 800220 483324 773890 439417 403166 727158 208632 520251 127715 567261 814812 537370 655251 100337 721731 75040 706995 204623 430741 659233 687319 786339 512333 494217 826936 330060 687181 586721 585539 780041 874647 443386 628348 690956 601452 523562 145732 471348 928755 786213 264627 221350 646237 536923 631568 492929 648104 919261 999999999 396137 256993 558238 545336 439238 669927 134876 403186 748924 977482 499212 679796 778697 801169 291221 238667 324476 874015 671621 415391 190212 697531 279983 265711 60291 569558 926547 720776 677710 566461 413458 717256 564936 108435 602965 671713 553681 703152 716341 487353 257849 791138 401537 877292 771524 432797 178112
537066 626878 337455 768666 666650 772727 942468 95712 524152 887742 590406 142784 457271 181130 563552 293969 595714 298552 454482 324453 433708 482217 105965 283780 558687 497196 446567 494837 842208 171415 734495 196249 194577 718450 832064 636606 232419 344397 205315 278895 541864 296167 796701 1038567 255506 451800 795200 743405 845737 716553 900687 872304 396137 999999999 269019 615737 241858 583676 821249 365177 134654 674166 878200 532427 748644 387775 556219 424063 630047 199603 792801 702218 230628 566834 537108 405815 181632 424359 786185 840476 347473 282035 213172 518363 688764 193695 462991 855250 834573 345213 966606 669217 607601 636113 888661 535650 866945 610288 67235 233428
332653 874366 77280 708550 875816 734537 994922 254243 587545 944176 461168 411355 375333 386447 815482 531179 766326 213910 708659 226123 689156 439700 358472 550130 761246 758504 609842 626125 983377 332028 854224 456036 410516 895453 1003164 662697 475727 613298 446291 515343 378405 500374 1008880 1033111 341729 193948 856453 765239 865169 725707 893303 1046651 256993 269019 999999999 723794 499123 637539 881821 145785 360915 856002 1077662 648513 856628 639527 805944 467112 481160 347775 981717 829959 429062 445342 753111 449837 280047 313180 802383 1032946 613454 510415 481658 590987 847763 462387 260680 847333 888134 571016 951717 836998 677980 510547 984326 592042 1022457 829592 264607 119547
685262 524059 731381 447080 352859 398894 349354 710911 157933 295193 544178 614886 455606 764129 523598 427520 183583 526662 501315 528195 504553 379833 537995 671881 287748 568562 201612 126036 268700 446263 131090 679582 762936 261916 329978 208446 742365 623521 733132 430158 603456 358375 446065 515354 389058 775969 208876 249962 318410 266957 409667 373501 558238 615737 723794 999999999 507159 147789 231666 673550 492044 252300 458691 83425 134799 803963 506190 268422 596190 418965 354823 113708 398338 524405 335414 282295 464513 510549 285520 403865 700948 800668 585876 145164 185274 618392 660923 379185 252488 380757 473727 201833 101029 547386 272950 164426 321034 370959 682946 604574
