NAME : synthetic_000700
TYPE : CTSP-D
DIMENSION : 100
GROUPS : 8
RELAXATION_LEVEL : 1
EDGE_WEIGHT_TYPE : EXPLICIT
EDGE_WEIGHT_FORMAT : FULL_MATRIX
EDGE_WEIGHT_SECTION
999999999 504073 238723 632654 237508 140107 88966 658739 237462 443241 201701 463546 662899 395917 249666 602261 467039 558740 242968 408600 318091 165857 538946 200977 526467 396643 395150 356321 408068 140130 295120 502911 382428 533143 224561 335124 401565 430831 424730 369434 418553 576768 460936 355868 497938 364921 358535 459107 426123 100782 240837 355821 270026 547213 490806 595968 363031 521924 517171 369362 152371 689898 169219 369896 521180 228736 132530 499722 398041 307808 506072 593183 283168 528686 395902 245601 519243 330145 435791 92832 489253 262519 520172 213060 249991 494230 535263 269065 193351 586726 400213 213711 370950 607875 398018 237880 631945 240511 191066 353558
504073 999999999 420426 647761 568157 447110 498817 488343 732308 848360 659501 502247 557639 108276 322090 187007 402633 221216 417868 534725 575123 420785 639548 703731 741711 729980 868561 715022 389045 591118 213389 667093 163442 89305 704887 240177 905205 919421 789824 862107 679918 560921 851812 658972 842133 859826 855617 865566 760478 422774 527195 701845 446130 520632 960826 189529 725057 918279 825072 716448 547161 609417 473570 449574 889697 682839 573882 208344 881740 209133 420339 396384 332252 536996 898582 725820 46551 637347 699799 565543 939625 650659 214166 635631 639660 97544 910242 629497 691995 991874 893828 636577 512064 669921 783099 439699 593257 671832 478597 740694
238723 420426 999999999 792614 150605 98919 310292 751127 376566 681736 438875 614235 781434 331709 101044 444657 232207 565687 4754 187913 526633 74726 719995 401497 739989 629389 474620 294625 523993 378822 229866 700903 376643 408361 452962 183735 561377 537395 662080 577712 274940 720871 699659 580673 734421 570249 560548 446549 342110 257117 107237 589155 436459 684092 713085 435934 598874 760409 749423 296182 162184 819952 84807 519887 469880 293689 206016 323485 614380 305546 613731 667468 384189 676491 548647 472709 413609 554143 656274 331417 719889 498663 533919 237234 227685 366272 490166 500835 350427 824274 520569 238140 149998 781736 363225 405894 772790 479209 74173 321859
632654 647761 792614 999999999 861047 725480 546393 236819 808558 552085 577728 178454 153286 606082 722099 834699 942653 461978 794395 979240 342019 729220 118684 708123 259131 411195 974422 988971 281804 561832 624244 193139 512754 735752 632615 728107 881784 976967 468960 748240 1040001 86844 531180 370974 458557 755900 763138 1081006 1058589 553958 850294 425217 365593 127335 741359 836773 449369 573282 402316 1001821 781709 122945 767408 273089 1150466 848743 764919 822183 729742 536597 227453 289158 412693 119298 890119 640467 693865 379513 318374 590555 682846 479308 447250 844340 882645 728849 1162908 446076 766069 631663 938183 844919 942055 59721 1028035 398195 73332 539445 788249 984613
237508 568157 150605 861047 999999999 145462 326175 855130 264394 643584 403758 686555 873474 474299 246070 592917 339593 697122 154053 208622 555556 158246 773138 323762 763356 624555 331390 150605 613034 361030 367391 740011 506421 558955 397948 334067 442755 398913 642605 490627 181244 798411 666438 590498 717289 480957 469022 297410 209429 307343 46102 583684 495463 765291 635295 583907 586490 720316 744076 156345 86948 906345 105093 590870 329154 163266 125973 470141 533421 430355 708711 777879 474722 751355 427242 414082 563453 565384 671439 313888 654816 487989 662747 104784 79766 516854 348130 500462 252961 776170 387274 105474 179050 840561 215589 462877 852736 451915 92287 172546
140107 447110 98919 725480 145462 999999999 215994 710007 299942 582852 339975 548767 730312 345667 138463 506666 329775 556312 103293 273388 439346 32074 644279 309302 652102 533743 422161 293541 469841 280228 236395 618703 366267 454048 355372 233601 483326 476824 564392 485508 316105 659197 600950 487968 637199 478795 469928 430303 354829 174274 125320 493212 361795 624771 617633 498964 501879 661520 654122 300970 100144 764665 42354 453034 471668 236187 130437 392439 520212 288944 564617 632418 330560 612914 472647 375440 450366 461627 565450 232621 622330 401443 520917 189058 200058 412361 489702 405314 267405 725388 454777 189999 235128 709186 353368 329753 712878 380443 62789 308150
88966 498817 310292 546393 326175 215994 999999999 587241 289910 386124 162842 380638 584604 391812 297034 621155 529006 517476 314044 489180 229436 235570 450561 220765 439287 319188 456084 443515 336375 93230 305221 413979 357586 541875 206131 369021 429010 480796 355213 364193 507344 493768 399683 272054 425918 362724 359718 538359 513750 79203 327103 279154 188582 466156 465438 616095 290325 463883 439131 457057 241336 608717 251023 289306 604617 305609 219123 530469 382999 291295 433552 528342 226646 445474 427481 227008 521392 245794 350332 71235 452266 191526 478256 297959 337246 506287 617710 190683 244001 532767 446453 298533 451008 519953 481868 157939 549060 186403 273294 438240
658739 488343 751127 236819 855130 710007 587241 999999999 875546 724849 675955 242574 88640 482961 661520 669988 847669 272275 751513 925030 453739 703205 313674 790945 466471 576401 1042840 999061 251155 637024 539965 384685 397720 577016 734626 636543 988358 1061959 642186 875886 1021259 177740 710245 516411 652150 880785 884716 1116936 1063717 561842 832435 575922 403147 166386 902853 674309 603395 763144 603865 1008530 789247 139326 751681 307268 1173320 887433 786420 687835 868728 451976 153720 92882 381700 203253 992213 748171 534287 513447 493946 649456 852439 596710 274233 867354 896553 581814 1189183 562070 829903 829235 1025427 868115 891330 289521 1050778 430743 163490 651385 769140 1005240
237462 732308 376566 808558 264394 299942 289910 875546 999999999 434840 240519 657540 866934 625449 438351 806516 597364 795817 381240 471665 467445 331542 699590 108918 638896 468380 167958 270367 625483 247107 519260 644683 619305 750082 200097 533274 184852 193560 461269 234355 388670 768368 462753 463443 532782 223278 210080 289253 333405 336345 303221 432005 473045 745326 381867 798877 423072 503805 575182 288510 214479 885992 293107 572218 372773 108009 171633 691856 280702 543660 721885 818252 513588 720368 172942 205543 742086 444836 542571 226326 412429 345032 757094 161131 202630 709058 378841 372568 45922 547341 163053 160602 443410 771691 266896 444803 823133 288677 302770 238722
443241 848360 681736 552085 643584 582852 386124 724849 434840 999999999 243935 485293 673727 749280 682588 994569 909682 791369 686047 841497 293591 609048 435199 333631 302207 148481 557792 699613 535981 303782 680847 359194 688368 907116 247405 754076 401728 525577 83702 249169 805874 559083 30568 213915 117191 261132 273975 716230 766098 461945 664291 156795 410502 559387 191118 990652 129591 78683 176432 717363 560969 666424 607086 455590 803364 529873 517747 913020 210891 642679 598517 713218 520486 523169 417694 234453 879710 225764 235508 350415 130776 200838 755318 564083 611926 875968 806714 218886 415079 147077 488204 564040 805546 496277 701733 410364 601306 203031 627440 672119
201701 659501 438875 577728 403758 339975 162842 675955 240519 243935 999999999 441938 653292 553356 447996 783706 668619 656487 443267 598090 236505 367228 464759 133292 398599 232521 400069 478318 437382 69737 467965 405993 512269 704631 58702 527195 312716 399290 239838 212536 573334 547210 264309 222994 314537 213968 214609 528117 548073 241905 421654 193984 281503 529784 302640 778507 189367 322371 346866 495131 319184 665450 363184 369266 608577 311590 277978 690426 223797 450730 526175 633869 362318 500651 317754 74367 683514 205214 302192 109793 291356 104539 617512 334121 381569 669127 616494 133583 204817 385420 360618 334256 561878 536788 494422 262690 600416 50653 383506 458057
463546 502247 614235 178454 686555 548767 380638 242574 657540 485293 441938 999999999 211455 444659 544227 686196 767739 353406 615987 800786 212360 551477 137311 564427 260648 337034 825373 818619 114688 411835 450614 177130 352565 586549 500054 554409 754292 836656 403865 635736 864221 113249 472732 274416 422624 641202 645873 918947 887377 379284 673915 333937 193536 88188 660584 686944 361565 529180 381727 830712 609394 228846 590897 95793 984440 686129 596010 659471 626879 365166 119127 231005 235105 65172 759692 511960 546566 270874 261297 432969 611311 356454 327099 676556 712624 573786 998000 321656 613123 598309 798922 677194 763613 176883 861378 225872 168500 412979 611433 817086
662899 557639 781434 153286 873474 730312 584604 88640 866934 673727 653292 211455 999999999 539285 697717 742478 897862 349123 782331 961396 421177 727299 245990 775528 398579 526671 1034891 1012634 260506 622443 583018 321063 449285 646922 711283 683633 965413 1047790 590120 843948 1045505 114657 656427 473110 591835 849966 855221 1121639 1079515 571006 854944 531757 396140 123529 857520 746104 558376 705146 539795 1023409 801993 53137 772581 295577 1183169 889555 793963 750406 832262 493356 167777 165194 400108 155089 971032 722807 604104 474370 438857 641196 803483 565534 344842 875135 907957 647814 1197840 530766 822064 768177 1010181 875835 926214 209750 1060007 426802 81489 623163 791474 1014965
395917 108276 331709 606082 474299 345667 391812 482961 625449 749280 553356 444659 539285 999999999 230760 253089 366732 246243 329858 470177 485622 321438 579713 595456 666337 637229 764846 623671 330186 484531 109291 597061 93328 158865 597644 166814 797224 813836 694561 754409 601351 520674 754456 567670 750536 751966 747609 770783 673789 315055 435975 606785 356385 479694 855413 251468 628758 821075 738108 626697 445719 587961 375375 377388 800761 579747 469785 216114 774799 106630 384021 390610 243963 489313 790815 618670 130993 544671 615356 457795 836224 549811 222203 534722 542265 133975 820660 530668 584621 894279 787478 535663 442487 619453 689875 345412 560628 567735 382824 646302
249666 322090 101044 722099 246070 138463 297034 661520 438351 682588 447996 544227 697717 230760 999999999 368204 238383 465867 99422 263937 487806 107346 659884 440448 698500 609431 556213 393835 445597 381110 129862 650076 278225 318590 474222 95293 621303 613658 650922 614926 374041 645928 696704 552576 719788 609205 601337 543481 443037 226361 205829 571006 381226 607516 740343 360526 585009 760653 726591 396266 233501 738942 155081 453129 570239 370855 268547 255324 646302 210712 530219 575354 309414 603787 610930 495230 318996 526116 622192 338373 738150 487972 434956 319026 318565 276533 590306 483081 404865 828703 592659 319970 229812 717127 461227 353853 695826 480704 157273 418614
602261 187007 444657 834699 592917 506666 621155 669988 806516 994569 783706 686196 742478 253089 368204 999999999 323725 398343 440651 492018 738267 475363 823221 801444 917955 888376 918911 724169 571997 713972 316111 846465 337147 99666 821064 273296 988933 979655 943955 971533 657298 747867 1001753 819622 1001998 967179 960686 879956 754485 541953 547284 856636 609234 707511 1085611 10353 877559 1068299 990959 720880 599415 794694 519318 627060 885409 735739 636533 124311 997988 357063 607310 579353 497050 723227 978936 842428 140849 796114 868445 679753 1073006 793829 397676 680976 671685 119843 907221 777514 772209 1140846 960070 681899 481929 855964 795182 596977 780097 804948 516168 758126
467039 402633 232207 942653 339593 329775 529006 847669 597364 909682 668619 767739 897862 366732 238383 323725 999999999 608258 227564 176981 726140 301426 890351 632540 936281 845687 666644 437175 661210 605900 318694 885465 450214 343360 684959 215288 779988 736882 884207 808278 346650 861974 926084 790415 954610 800370 790151 589733 451930 462993 296122 806618 616819 821934 945079 313378 819178 988306 963786 429393 385783 943764 315197 681139 579654 502119 432283 210467 845934 407675 734779 756058 534025 823359 765349 704822 371644 763894 860571 559721 951932 720430 587931 443275 416757 311234 601794 718233 576555 1053754 726738 444041 179191 943651 506755 590701 908186 706652 299700 477477
558740 221216 565687 461978 697122 556312 517476 272275 795817 791369 656487 353406 349123 246243 465867 398343 608258 999999999 564626 715700 498219 538979 483699 738212 613185 652769 952195 847649 261179 597147 336039 530424 190712 307852 711395 412804 946481 989366 718982 869005 839906 377498 786887 581168 755331 870007 869462 986192 903704 459603 663946 635027 386613 341000 938240 403041 661834 850186 723887 853089 651568 402149 592951 340297 1026247 774679 664324 427658 876912 267376 243876 183971 294600 366799 944607 730035 265687 566018 597532 588615 902936 613095 39243 739114 756122 317928 1044964 583684 750922 923114 957784 740008 686887 496176 909567 397002 398148 651912 605047 864447
242968 417868 4754 794395 154053 103293 314044 751513 381240 686047 443267 615987 782331 329858 99422 440651 227564 564626 999999999 185632 529764 78543 722309 406232 743111 633184 478776 297301 525185 383042 228678 703636 375846 405009 457550 180636 566042 541729 666119 582453 275648 722365 703896 584202 738391 574995 565299 449579 344098 260193 110280 592986 438848 685470 717775 431896 602824 764724 753171 298613 166835 821060 89559 521770 472173 298084 210738 319304 619096 305202 614598 667584 385502 678109 553284 477318 410623 557661 659636 335697 724487 502652 533055 241510 231461 362944 492534 504636 355166 828677 525024 242413 147883 783841 366114 408394 774167 483471 78758 324960
408600 534725 187913 979240 208622 273388 489180 925030 471665 841497 598090 800786 961396 470177 263937 492018 176981 715700 185632 999999999 711664 258336 907905 530737 924830 805177 510860 268635 707153 545944 387188 888099 535442 493323 599957 303432 645252 584381 831733 699226 169674 905956 862387 761233 905605 689579 677623 416735 275986 443167 178325 764393 624365 868422 843533 481820 771309 919408 925706 258513 282194 1001934 239416 706990 402762 366759 327981 371000 741759 473255 793751 837912 568547 862342 628452 617402 513276 734939 838822 497518 861192 670880 688497 310579 273068 455428 424907 677220 461560 978389 579804 311133 38397 969415 335692 593717 957037 643253 217548 311352
318091 575123 526633 342019 555556 439346 229436 453739 467445 293591 236505 212360 421177 485622 487806 738267 726140 498219 529764 711664 999999999 453607 232487 366104 213357 157008 632575 667141 242924 222300 441585 185737 411792 644012 292853 533826 545680 635662 221499 423446 736644 312091 288778 84822 267225 429086 434093 745295 737972 269606 555685 136897 129412 298074 454668 736021 164032 352842 252855 681706 470225 430002 477325 162974 819017 515539 444247 676310 414992 381528 313497 427501 243156 266672 552396 302792 611517 67855 135532 256738 410946 144397 462694 519307 561810 618497 829894 109605 425899 426297 597079 519759 673268 304460 698490 143228 364510 202320 499566 656992
165857 420785 74726 729220 158246 32074 235570 703205 331542 609048 367228 551477 727299 321438 107346 475363 301426 538979 78543 258336 453607 999999999 652080 340921 666911 554667 450479 308677 467456 305528 212661 629998 348317 424549 384922 202636 515183 506643 587773 517005 318526 660417 626361 506220 659916 510418 501668 450547 366573 184845 129436 514448 368509 624925 648193 467565 524328 687726 674700 314511 127394 763359 54418 456155 487278 264640 161219 360549 551246 272109 560498 623319 327296 614894 504351 405215 422235 479716 582269 258679 651705 424213 504503 214996 221027 382691 506015 426114 299416 752506 485331 215943 219956 715469 371481 337145 713421 406174 66950 326911
538946 639548 719995 118684 773138 644279 450561 313674 699590 435199 464759 137311 245990 579713 659884 823221 890351 483699 722309 907905 232487 652080 999999999 596704 153221 292774 863779 893753 251249 454736 577258 76413 488458 723605 518238 680118 765215 863160 351724 630066 953944 136033 415403 253121 346721 637903 645389 977349 964181 470103 766971 306639 283679 154711 623578 823834 330686 460776 293815 907536 690626 231888 685163 209688 1049875 746655 669470 793201 611102 495148 240562 336837 357137 120823 774087 525056 683786 263160 200376 487409 565942 364119 460298 747005 787624 710059 1061268 331763 658348 522485 824182 747518 869936 72136 928522 314967 168256 424378 706783 886179
200977 703731 401497 708123 323762 309302 220765 790945 108918 333631 133292 564427 775528 595456 440448 801444 632540 738212 406232 530737 366104 340921 596704 999999999 530595 359466 267168 365995 544543 153948 496065 539166 573692 734064 91659 531084 208282 272262 353982 176363 474548 672960 360198 356069 426460 169499 160978 398140 432946 285260 353321 323174 388484 652612 314268 794824 314208 406246 467150 383732 251146 791166 317415 484229 481050 196242 204102 694991 213707 502608 638326 740462 446633 625533 207001 99737 720042 338489 434409 149823 331072 237642 699000 233652 280961 694956 487572 266649 81503 456280 234854 233491 498042 668824 371784 363414 727063 180202 333228 339570
526467 741711 739989 259131 763356 652102 439287 466471 638896 302207 398599 260648 398579 666337 698500 917955 936281 613185 743111 924830 213357 666911 153221 530595 999999999 179790 793678 865299 359217 411692 640347 84642 581399 819871 442527 737711 670595 780897 222859 524909 943508 289114 278073 177601 200360 534566 544315 926596 936162 482932 766383 209474 322566 304136 493322 917128 225249 315050 143187 880889 676929 380082 689389 292138 1005964 704995 646820 870333 497861 569303 377726 482939 425198 268051 682478 443603 783016 200221 96453 454193 431426 294522 585039 717306 762161 800143 1014557 270872 603026 372571 741700 717646 886440 200254 889255 346136 319248 350393 711671 850372
396643 729980 629389 411195 624555 533743 319188 576401 468380 148481 232521 337034 526671 637229 609431 888376 845687 652769 633184 805177 157008 554667 292774 359466 179790 999999999 617753 710048 393713 263525 583160 218656 567071 796078 268835 668075 490808 602011 67402 346013 799999 412044 136549 72241 113801 355346 364796 757595 780130 383117 635380 40949 284066 411122 331661 885547 46162 197569 120531 726611 537804 521777 565762 313334 839755 544092 501450 818795 321610 531517 451322 565858 397779 375058 502739 267368 765059 92690 93419 310992 276928 136602 618042 564276 611089 768575 846852 128555 436101 270352 562878 564481 767400 358145 726805 291818 456042 182006 587692 690558
395150 868561 474620 974422 331390 422161 456084 1042840 167958 557792 400069 825373 1034891 764846 556213 918911 666644 952195 478776 510860 632575 450479 863779 267168 793678 617753 999999999 250513 792344 414253 655979 806044 770054 874712 351338 650644 183877 75754 599940 317918 378022 935928 587776 621767 666563 305056 290709 173715 284848 495858 377333 584403 640767 913217 452670 910336 571631 616364 715405 265772 323101 1053689 401369 740125 262317 185978 295063 798077 365110 692739 889127 983867 676667 888008 163223 350494 872471 605163 698284 394123 501261 503763 914023 238035 251792 832712 259747 533632 213127 645326 87951 237106 492885 935909 203594 612184 990581 444837 402828 206277
356321 715022 294625 988971 150605 293541 443515 999061 270367 699613 478318 818619 1012634 623671 393835 724169 437175 847649 297301 268635 667141 308677 893753 365995 865299 710048 250513 999999999 753252 453642 517538 852811 656966 699716 454718 477427 410004 326103 715451 501996 128645 931604 726104 688195 789354 490212 476299 155836 70935 441795 188015 670407 625269 900539 649218 714637 667651 771377 825069 18173 210650 1042790 254928 723896 178602 169806 224392 599913 549401 580698 850228 924218 617416 883784 390725 465504 707504 665086 770091 412044 682621 575769 813106 148171 106341 657991 197551 595126 284536 817328 329198 147788 258079 963447 71079 592796 986569 528943 242871 44349
408068 389045 523993 281804 613034 469841 336375 251155 625483 535981 437382 114688 260506 330186 445597 571997 661210 261179 525185 707153 242924 467456 251249 544543 359217 393713 792344 753252 999999999 391477 342598 280351 237894 472404 495766 446403 746506 813697 460614 645401 785287 201203 529238 323081 494316 648716 650888 866884 819577 312703 594605 379214 156738 162041 694650 572586 406670 591253 463082 763657 542659 296157 512131 80490 925418 636603 537040 545427 645116 254816 98005 196714 140252 162628 748822 511369 432827 310427 336464 400047 653421 372443 229102 618185 649262 459121 940705 339777 579703 663629 777829 618922 671011 289661 802467 181440 250230 420497 531167 757137
140130 591118 378822 561832 361030 280228 93230 637024 247107 303782 69737 411835 622443 484531 381110 713972 605900 597147 383042 545944 222300 305528 454736 153948 411692 263525 414253 453642 391477 999999999 398241 404571 446336 635104 115710 458419 355834 425772 285803 274726 537259 521743 320873 234604 359714 274395 272842 523247 524482 172190 373028 222666 234980 499927 372221 708785 226299 382413 383216 469353 274311 639645 307567 330300 598369 295220 238527 621245 290766 382790 484561 587877 302645 473917 357460 135835 614405 211527 316509 48426 360483 126976 557967 305781 351230 599454 608584 141813 204241 448506 388698 306100 508800 526611 479278 211210 576336 100753 328866 439297
295120 213389 229866 624244 367391 236395 305221 539965 519260 680847 467965 450614 583018 109291 129862 316111 318694 336039 228678 387188 441585 212661 577258 496065 640347 583160 655979 517538 342598 398241 999999999 580482 149051 238873 507209 103899 694096 706054 634697 660762 503876 543281 689615 517826 696819 657331 651925 662826 570165 226065 330841 548779 318309 503276 770308 311330 567825 755871 692637 521434 336429 627285 266848 367665 695454 470656 360992 235677 684687 89764 417733 451400 220565 504953 686770 528524 224358 492780 576430 365807 756895 480063 305203 425443 433676 201583 714971 466139 479556 827672 680495 426383 355460 627249 582671 298557 589803 488947 275362 538668
502911 667093 700903 193139 740011 618703 413979 384685 644683 359194 405993 177130 321063 597061 650076 846465 885465 530424 703636 888099 185737 629998 76413 539166 84642 218656 806044 852811 280351 404571 580482 999999999 509323 747572 456715 680800 698860 801119 275898 560198 921241 208693 339062 186575 270839 568561 576709 927375 923663 445316 738096 235991 268893 220624 548220 846174 258567 384604 219497 867428 655255 308301 658122 219713 1002872 699507 629965 805610 539105 504319 293308 398393 361112 184174 708703 461686 709547 200946 125431 441709 489969 302625 503268 704890 747544 730083 1013145 272522 605259 447143 761952 705331 849784 139610 883100 296799 244435 362410 680190 842066
382428 163442 376643 512754 506421 366267 357586 397720 619305 688368 512269 352565 449285 93328 278225 337147 450214 190712 375846 535442 411792 348317 488458 573692 581399 567071 770054 656966 237894 446336 149051 509323 999999999 238520 561919 239324 780570 811888 627673 720833 651493 427397 690619 495824 678911 719902 717234 796515 713132 288564 473424 539754 283033 386421 809671 336907 563512 756900 661690 662380 462766 496973 402373 289962 835559 589245 478314 309438 736050 77943 291359 306852 169353 396091 776501 582170 202081 474537 536652 427786 784406 493066 157378 551024 566292 221705 854330 469992 575722 830628 782321 551932 504300 526600 719224 278246 467867 519111 414335 674228
533143 89305 408361 735752 558955 454048 541875 577016 750082 907116 704631 586549 646922 158865 318590 99666 343360 307852 405009 493323 644012 424549 723605 734064 819871 796078 874712 699716 472404 635104 238873 747572 238520 999999999 745595 225378 928900 930872 853336 899632 649345 648955 912844 726392 909338 896191 890702 853847 738326 463229 515092 765600 514641 608481 1007272 101051 787425 979467 896155 698888 551723 698721 473656 528439 869192 689101 584224 135452 923146 265149 508505 485326 401481 623756 920458 766867 42831 703501 772589 604328 990967 707063 303073 637591 634908 42173 890447 688820 712717 1052532 908274 638534 475887 756421 769738 504261 682143 722258 474532 729618
224561 704887 452962 632615 397948 355372 206131 734626 200097 247405 58702 500054 711283 597644 474222 821064 684959 711395 457550 599957 292853 384922 518238 91659 442527 268835 351338 454718 495766 115710 507209 456715 561919 745595 999999999 558422 254291 344956 262539 159015 558528 604448 272403 271049 335456 158896 158108 489275 522701 282944 421706 233691 339602 587754 266439 815364 223227 322846 375491 472204 317810 722590 372617 427968 572637 285109 272894 722820 177558 497335 584861 692339 416819 558191 259873 21364 726646 256051 346956 141440 266977 154351 672295 316761 364629 708782 578937 186616 171766 378633 305946 316733 565217 590006 463137 319829 657295 94306 391294 430030
335124 240177 183735 728107 334067 233601 369021 636543 533274 754076 527195 554409 683633 166814 95293 273296 215288 412804 180636 303432 533826 202636 680118 531084 737711 668075 650644 477427 446403 458419 103899 680800 239324 225378 558422 999999999 715693 708797 715165 703831 440365 646886 765727 606038 780774 698707 691448 630214 520670 292134 290912 631624 415189 606752 824802 265835 648384 831036 781401 477877 328445 728936 249281 470430 650397 465671 363819 164597 733156 192394 519711 546128 323002 608822 705640 579683 230092 580213 669344 419113 818545 555280 387039 412950 409547 183206 671167 545801 499020 901063 687950 413890 276561 730946 546647 392563 692899 555370 249252 505581
401565 905205 561377 881784 442755 483326 429010 988358 184852 401728 312716 754292 965413 797224 621303 988933 779988 946481 566042 645252 545680 515183 765215 208282 670595 490808 183877 410004 746506 355834 694096 698860 780570 928900 254291 715693 999999999 129065 458412 152559 537908 857755 432296 512767 516865 140734 128608 357575 457523 492056 484254 464535 589768 841888 271968 981527 445681 450156 571627 427361 399228 975662 477938 681268 446151 279704 356341 875731 194421 708090 837660 943171 654389 811912 20668 242895 918319 502312 580066 357939 325551 403136 907264 337977 372186 888489 442942 437216 216771 470367 97690 337281 620019 835982 377954 567014 910021 343622 487489 368676
430831 919421 537395 976967 398913 476824 480796 1061959 193560 525577 399290 836656 1047790 813836 613658 979655 736882 989366 541729 584381 635662 506643 863160 272262 780897 602011 75754 326103 813697 425772 706054 801119 811888 930872 344956 708797 129065 999999999 576404 277858 453764 944728 556066 614776 638699 265371 251942 240486 359860 529900 444325 571896 658863 924843 400592 971365 556014 577571 691185 341486 380466 1062995 460363 755915 326424 244025 346851 860424 322105 735668 908801 1008218 706137 897486 110109 339524 926159 600866 687435 413862 454567 499266 950653 300373 320283 889161 320656 531426 238788 599395 39239 299486 565122 934960 278627 632280 998562 439082 464183 281927
424730 789824 662080 468960 642605 564392 355213 642186 461269 83702 239838 403865 590120 694561 650922 943955 884207 718982 666119 831733 221499 587773 351724 353982 222859 67402 599940 715451 460614 285803 634697 275898 627673 853336 262539 715165 458412 576404 999999999 308162 813143 475493 69154 137826 74733 318856 330014 749164 784261 425369 657870 87981 345551 476403 272710 940710 66921 131353 115466 732638 557021 582776 593240 380162 833959 546586 517247 869615 277031 588211 518630 633112 458403 440041 472341 255761 823603 154614 151819 334224 214264 163844 683893 573277 620926 824413 839359 169383 434221 204834 537824 573373 794600 413688 725673 350196 517613 190717 614634 692234
369434 862107 577712 748240 490627 485508 364193 875886 234355 249169 212536 635736 843948 754409 614926 971533 808278 869005 582453 699226 423446 517005 630066 176363 524909 346013 317918 501996 645401 274726 660762 560198 720833 899632 159015 703831 152559 277858 308162 999999999 622824 732713 279737 377324 364543 12865 27331 485821 560867 439368 524257 324212 491500 721292 147565 965337 302522 300079 420068 520156 424507 849050 493415 573172 574842 342106 377382 868283 48284 655439 730094 840642 574704 688939 168828 139317 882397 371165 437816 296615 185070 279351 830010 391858 435865 861804 575091 314117 237667 327837 241663 391463 668307 699188 487326 474556 782801 225424 508641 466619
418553 679918 274940 1040001 181244 316105 507344 1021259 388670 805874 573334 864221 1045505 601351 374041 657298 346650 839906 275648 169674 736644 318526 953944 474548 943508 799999 378022 128645 785287 537259 503876 921241 651493 649345 558528 440365 537908 453764 813143 622824 999999999 975140 830773 769426 887801 611482 597939 255290 109833 486133 190837 759382 674767 940874 770388 647243 760182 880240 918316 112382 266703 1080619 273767 768428 233195 282039 298734 534325 669372 580222 878958 939862 645397 928634 518843 571875 664407 744700 850790 491381 799890 663557 808664 241793 193976 609419 255342 678261 394900 930475 457810 241842 175436 1020919 181534 642285 1028941 623049 254156 172137
576768 560921 720871 86844 798411 659197 493768 177740 768368 559083 547210 113249 114657 520674 645928 747867 861974 377498 722365 905956 312091 660417 136033 672960 289114 412044 935928 931604 201203 521743 543281 208693 427397 648955 604448 646886 857755 944728 475493 732713 975140 999999999 541958 359496 478707 739139 744906 1031985 1000189 491467 784503 417789 306743 40981 743062 749967 444207 591453 428168 943564 722092 118289 701467 207861 1097689 799147 709209 736661 719563 454684 140610 211150 337427 48332 864253 614860 607038 361981 324363 544900 688830 455719 361328 789793 825687 642385 1111232 421147 724352 655481 906597 790432 869306 120967 974626 339006 55294 514364 721653 930318
460936 851812 699659 531180 666438 600950 399683 710245 462753 30568 264309 472732 656427 754456 696704 1001753 926084 786887 703896 862387 288778 626361 415403 360198 278073 136549 587776 726104 529238 320873 689615 339062 690619 912844 272403 765727 432296 556066 69154 279737 830773 541958 999999999 206172 87592 291697 304521 745365 793068 473861 685834 152621 410121 544189 216471 998123 127311 66623 147865 743768 582951 647179 626551 448754 832255 556299 540474 923115 241225 647849 587759 702210 521821 507654 448252 260601 884347 221192 217595 368351 153385 210496 751472 589083 636964 882665 835861 224249 441701 140063 518634 589069 826085 474515 729608 412407 582593 220539 647230 699342
355868 658972 580673 370974 590498 487968 272054 516411 463443 213915 222994 274416 473110 567670 552576 819622 790415 581168 584202 761233 84822 506220 253121 356069 177601 72241 621767 688195 323081 234604 517826 186575 495824 726392 271049 606038 512767 614776 137826 377324 769426 359496 206172 999999999 183206 384926 392278 749954 758997 327864 596699 59529 212842 353596 386474 817057 87173 269043 175366 703954 503641 473680 522795 242592 828647 527397 471445 753412 360769 462558 385156 499900 326732 318783 522289 275259 694680 26601 81905 278382 337188 118462 546185 540385 585683 699778 837506 93284 426358 342200 575581 540703 723048 323310 711664 222667 407369 176981 545022 672807
497938 842133 734421 458557 717289 637199 425918 652150 532782 117191 314537 422624 591835 750536 719788 1001998 954610 755331 738391 905605 267225 659916 346721 426460 200360 113801 666563 789354 494316 359714 696819 270839 678911 909338 335456 780774 516865 638699 74733 364543 887801 478707 87592 183206 999999999 376145 388448 819410 857895 493538 732234 149227 396016 485954 301974 999230 135651 114761 61467 806623 631620 577850 666796 415170 904985 620193 591971 932409 327808 645039 540927 653598 509918 449014 532145 327389 877860 205912 161399 408132 237061 235788 721965 647733 695426 882176 909789 236710 507209 177085 600709 647819 868341 400255 798222 405180 514971 265434 688312 765478
364921 859826 570249 755900 480957 478795 362724 880785 223278 261132 213968 641202 849966 751966 609205 967179 800370 870007 574995 689579 429086 510418 637903 169499 534566 355346 305056 490212 648716 274395 657331 568561 719902 896191 158896 698707 140734 265371 318856 12865 611482 739139 291697 384926 376145 999999999 14525 473012 548725 437065 515132 332601 494196 727109 159058 960879 311444 312774 431269 508364 415984 855763 485785 577220 562047 331177 368918 863035 60930 653729 734277 844333 575513 695047 156619 139985 879508 378041 446725 294321 197798 284759 830949 381551 425206 858105 562253 319566 228098 340686 229015 381139 658953 707328 474929 476529 789561 229625 500673 454566
358535 855617 560548 763138 469022 469928 359718 884716 210080 273975 214609 645873 855221 747609 601337 960686 790151 869462 565299 677623 434093 501668 645389 160978 544315 364796 290709 476299 650888 272842 651925 576709 717234 890702 158108 691448 128608 251942 330014 27331 597939 744906 304521 392278 388448 14525 999999999 458497 534527 433041 503737 340941 495750 732161 172921 954276 320444 326716 443020 494443 405248 861843 475945 580272 547527 318063 358272 855602 75449 650221 737417 846869 574868 700453 143783 140254 874625 384545 455597 290516 212322 289699 830345 369020 412319 852343 547760 324488 216438 355165 215278 368591 647293 715161 460557 477274 795713 233338 490473 440440
459107 865566 446549 1081006 297410 430303 538359 1116936 289253 716230 528117 918947 1121639 770783 543481 879956 589733 986192 449579 416735 745295 450547 977349 398140 926596 757595 173715 155836 866884 523247 662826 927375 796515 853847 489275 630214 357575 240486 749164 485821 255290 1031985 745365 749954 819410 473012 458497 999999999 146029 555174 339318 720920 726617 1004403 624710 870442 712325 779690 863707 160822 335251 1147030 396158 827256 89192 232842 330842 755719 533814 718996 964867 1047751 737241 983664 336914 493662 860156 729951 830147 490616 670661 632097 950254 250660 230246 811951 90498 657659 323616 813497 261205 249845 410724 1048915 84778 695221 1087277 577219 387997 124877
426123 760478 342110 1058589 209429 354829 513750 1063717 333405 766098 548073 887377 1079515 673789 443037 754485 451930 903704 344098 275986 737972 366573 964181 432946 936162 780130 284848 70935 819577 524482 570165 923663 713132 738326 522701 520670 457523 359860 784261 560867 109833 1000189 793068 758997 857895 548725 534527 146029 999999999 509411 239776 740641 694269 968594 707081 744636 737439 836720 894569 56770 278178 1110583 314370 792358 131138 237703 294710 630438 608801 638088 916067 987196 682532 952510 437464 532670 749483 735957 840884 482979 743633 646222 870134 219106 176560 697272 152789 665887 351487 880548 369716 218721 275277 1033695 81260 661726 1055034 598723 299696 94765
100782 422774 257117 553958 307343 174274 79203 561842 336345 461945 241905 379284 571006 315055 226361 541953 462993 459603 260193 443167 269606 184845 470103 285260 482932 383117 495858 441795 312703 172190 226065 445316 288564 463229 282944 292134 492056 529900 425369 439368 486133 491467 473861 327864 493538 437065 433041 555174 509411 999999999 297271 344657 188659 459236 544358 536896 359100 538968 500795 452997 231310 601179 215088 283700 612746 327601 224592 452212 460413 217823 410433 493787 183147 444185 488318 304100 443703 301282 400722 142771 531382 263655 420800 305622 336962 427292 628010 256882 291325 608949 498197 306372 404795 535563 489766 156251 546054 264652 236682 444460
240837 527195 107237 850294 46102 125320 327103 832435 303221 664291 421654 673915 854944 435975 205829 547284 296122 663946 110280 178325 555685 129436 766971 353321 766383 635380 377333 188015 594605 373028 330841 738096 473424 515092 421706 290912 484254 444325 657870 524257 190837 784503 685834 596699 732234 515132 503737 339318 239776 297271 999999999 594434 485768 750074 667049 538217 599318 741920 755660 190765 103897 889796 83042 578148 364853 206039 149790 424295 565604 398803 688714 752750 454888 738158 469338 439078 520844 570973 676523 324846 683176 499506 630540 147192 125853 473075 384685 509001 287368 800240 431787 147968 144725 832830 256054 453472 838198 468035 63492 214682
355821 701845 589155 425217 583684 493212 279154 575922 432005 156795 193984 333937 531757 606785 571006 856636 806618 635027 592986 764393 136897 514448 306639 323174 209474 40949 584403 670407 379214 222666 548779 235991 539754 765600 233691 631624 464535 571896 87981 324212 759382 417789 152621 59529 149227 332601 340941 720920 740641 344657 594434 999999999 257982 412836 327012 853515 27833 217906 161378 686861 496909 530917 524979 298864 802286 505169 460758 784141 304589 500527 444079 558799 370531 377797 475361 234143 735679 69042 115764 270060 277893 95840 599290 524243 570904 736999 809814 88532 398436 291694 532669 524463 726652 375068 688368 262220 464685 143913 546884 651589
270026 446130 436459 365593 495463 361795 188582 403147 473045 410502 281503 193536 396140 356385 381226 609234 616819 386613 438848 624365 129412 368509 283679 388484 322566 284066 640767 625269 156738 234980 318309 268893 283033 514641 339602 415189 589768 658863 345551 491500 674767 306743 410121 212842 396016 494196 495750 726617 694269 188659 485768 257982 999999999 277804 551736 607152 282847 475844 381738 637554 416612 420480 403244 100726 791056 494034 402474 550819 494318 253058 249978 353422 113904 258695 592151 355754 482144 191650 260277 246722 516950 226524 348977 483066 519185 489555 804805 197350 427640 549644 622507 483708 586337 347411 667949 32621 361922 268470 424528 623582
547213 520632 684092 127335 765291 624771 466156 166386 745326 559387 529784 88188 123529 479694 607516 707511 821934 341000 685470 868422 298074 624925 154711 652612 304136 411122 913217 900539 162041 499927 503276 220624 386421 608481 587754 606752 841888 924843 476403 721292 940874 40981 544189 353596 485954 727109 732161 1004403 968594 459236 750074 412836 277804 999999999 739704 709515 439967 596758 438667 912101 690423 142709 667107 177343 1068386 771748 679300 695680 710720 414441 100714 182543 300028 36945 847515 599313 566664 353079 327589 520284 687770 442471 323137 760208 794971 601573 1082389 407674 700756 663025 887106 760872 831999 155179 945210 309478 88698 499806 686982 900583
490806 960826 713085 741359 635295 617633 465438 902853 381867 191118 302640 660584 857520 855413 740343 1085611 945079 938240 717775 843533 454668 648193 623578 314268 493322 331661 452670 649218 694650 372221 770308 548220 809671 1007272 266439 824802 271968 400592 272710 147565 770388 743062 216471 386474 301974 159058 172921 624710 707081 544358 667049 327012 551736 739704 999999999 1080193 299742 203492 363307 667363 565393 853424 630060 616362 713880 489482 518307 989116 101992 751716 767893 882130 650622 704387 291906 245259 985857 390553 423202 406450 66552 325220 900312 538275 582871 971650 712337 355807 382858 203557 369224 537915 811647 686392 632198 542505 787698 290637 646765 613195
595968 189529 435934 836773 583907 498964 616095 674309 798877 990652 778507 686944 746104 251468 360526 10353 313378 403041 431896 481820 736021 467565 823834 794824 917128 885547 910336 714637 572586 708785 311330 846174 336907 101051 815364 265835 981527 971365 940710 965337 647243 749967 998123 817057 999230 960879 954276 870442 744636 536896 538217 853515 607152 709515 1080193 999999999 874227 1064636 988803 711249 591247 798191 511089 626625 875530 727403 628674 114723 992137 354581 609483 583378 495353 724754 971399 836729 143088 793397 866667 674132 1068134 789856 401448 672458 662777 117632 897355 773920 764849 1137062 952005 673379 471898 857363 785665 594391 782785 800276 507678 748756
