NAME : synthetic_000244
TYPE : CTSP-D
DIMENSION : 100
GROUPS : 8
RELAXATION_LEVEL : 1
EDGE_WEIGHT_TYPE : EXPLICIT
EDGE_WEIGHT_FORMAT : FULL_MATRIX
EDGE_WEIGHT_SECTION
999999999 420196 658803 961078 636500 796383 687126 152825 545767 350203 750884 722662 982769 278989 560660 567599 275106 860353 230854 760787 450428 712283 630516 431298 153710 424708 745091 946390 436238 855439 845020 453568 500853 1008916 1055024 201479 707512 23977 617873 359044 386047 648784 975874 604647 973142 935512 737260 598893 65832 990776 567132 903601 618937 573722 495970 922439 939741 699996 882843 142478 786001 487714 582698 1027209 362224 493925 407915 942562 991444 359507 960209 920176 736938 877280 427846 240366 667793 830819 451783 510831 529169 599802 848655 465625 614676 556116 565950 555840 712854 842209 605424 377331 394185 1047085 1120454 591743 971201 1000428 714737 857993
420196 999999999 709009 862444 486601 715302 267389 300849 363470 177977 741283 665017 647618 454244 187099 175628 302888 486468 251724 384448 479542 293658 350810 359436 266597 558348 608606 843369 83415 565294 534040 181914 441556 745422 890323 223243 328866 406219 573212 80404 337178 239738 573870 630815 647949 738346 493285 226627 385468 736725 253464 511813 306437 369845 757191 504601 777331 688181 526209 447134 515048 186465 220032 916678 167637 705633 585493 770035 889277 664900 616681 609959 542652 536997 62085 330371 690547 410813 153820 90635 188649 768565 428638 223023 328439 140348 856196 216433 588459 769623 709478 671445 636541 896020 973681 181986 768366 749377 345789 445859
658803 709009 999999999 366372 324100 237006 839003 566136 397316 814581 120783 177120 751647 379839 889985 685931 452520 767516 767854 721789 237571 841274 515878 987518 642015 236937 303905 359911 638017 592929 626352 545928 272458 632001 515862 619344 703799 675011 171776 639808 946619 897616 928176 79237 724778 479448 472682 657185 705365 604310 565694 843481 564494 416062 358506 977527 431045 102349 739170 520757 531063 890722 638318 431727 815255 272947 270556 447230 394113 436177 755649 663705 393328 700516 767144 458002 44954 942484 853082 750881 604219 199409 955821 507923 525357 740882 437789 925087 280394 251504 91598 416219 339061 492816 547203 852269 510123 605441 685747 892506
961078 862444 366372 999999999 376182 164788 882424 835786 499475 1013918 245618 239052 583343 694258 1010993 763596 704143 688308 1006642 693212 511754 871590 543333 1201379 899415 575991 253974 19860 779422 463168 514620 680636 468705 390559 167611 861464 704058 972130 343207 817150 1167489 976753 833384 379008 552475 231400 416975 713942 993760 364763 634671 762170 601094 493293 724093 932782 151153 279824 635821 837490 442459 1046573 702306 67491 1009618 639319 621535 173368 30395 798147 604856 507137 336685 588270 924442 727814 331990 937564 1016186 866796 696197 556560 945395 639880 563656 832526 796923 1057972 275069 121768 457172 779292 699915 137157 181011 948542 239918 358044 677839 855405
636500 486601 324100 376182 999999999 232384 542221 493704 123299 639121 293468 198621 450024 412710 641841 403523 362466 443770 641182 399942 243637 538788 200405 827207 546000 362564 123577 357325 403873 290215 313212 304692 150548 391915 427398 502246 387453 642258 152791 441747 794742 621095 604374 256365 427063 299013 157698 361722 655665 369217 273366 519471 255260 120573 590340 656485 310465 251464 418617 538366 219729 671549 346123 432596 634315 502514 417694 309851 403576 596067 446943 364629 107488 383142 548661 396336 285150 629651 640415 496768 328724 487635 641661 263771 214709 469024 691507 686627 101988 286443 381535 585198 507931 425562 502655 585816 334725 376549 366914 571754
796383 715302 237006 164788 232384 999999999 767388 671461 352929 859184 128841 76558 557400 531300 874151 634574 540207 618286 845777 600636 347657 760945 422172 1045332 736103 419595 127546 150155 633528 409734 454022 533891 305350 407166 285368 699347 600158 807350 178545 664265 1010078 851667 774559 227078 527935 246878 321014 590099 829050 379066 504115 695246 479709 352957 590879 853035 194041 136292 575936 673931 365184 901292 575753 230919 855767 502325 468274 210498 195110 649427 569428 471474 231668 531225 777343 563187 194701 841493 868895 729065 560985 436365 851648 492529 439821 700960 674322 918543 132726 54347 327279 631991 551273 266877 332007 817790 275315 378176 576249 770843
687126 267389 839003 882424 542221 767388 999999999 559870 442630 404148 833835 740804 487010 678587 216707 158422 526818 298259 507975 219901 643509 31169 345221 538415 533416 749521 642125 862573 266133 471020 422976 315914 571249 647527 859014 487855 185610 673546 675397 332225 535264 118203 329907 760762 499001 700441 466370 182454 652532 648909 273965 289515 287928 428320 972666 238542 761625 787552 356813 701246 454168 311113 200748 922401 389798 907287 788632 747451 903777 900720 450069 484258 546619 388141 275978 563670 808811 143820 314407 177139 239148 947039 161656 344007 328221 133705 1076504 267776 635250 819097 865760 903530 855475 874455 947658 135489 721400 662624 213274 191107
152825 300849 566136 835786 493704 671461 559870 999999999 396245 294061 643016 601043 830141 206368 468094 427643 132712 711407 209845 613174 337167 582413 477691 435760 78948 349702 607581 819865 298091 702947 692195 302947 367898 858572 917928 84648 561038 152444 495214 227855 391825 539726 832589 501453 820342 791871 586358 453574 161962 841121 415934 757779 466928 423175 491979 789464 801538 589668 731738 147664 633954 415942 436280 900378 301347 462186 352708 802721 865884 378765 807936 767382 590699 725088 325742 110207 566514 703222 376115 388969 381636 551821 720989 313113 461911 426336 581554 476416 576627 720445 530057 389448 374018 912359 987409 481768 827184 851105 566542 720453
545767 363470 397316 499475 123299 352929 442630 396245 999999999 516910 395847 309101 466579 361564 522626 293655 272223 408229 525219 339954 234954 444021 133364 705245 439253 358290 246326 480587 281000 319834 322754 181574 141567 463218 542631 392205 312521 548264 233158 319282 673677 510278 563384 320066 450015 402780 192816 260306 556499 445079 168715 477683 171040 32263 595069 589217 426305 346987 400796 466538 246804 548817 241979 555385 511743 514109 409584 422861 526779 571069 453498 390903 198770 376863 425549 311826 366191 546503 517288 377713 214286 526420 560407 140515 135313 355047 700192 565979 225004 407262 432879 564630 494929 543600 621210 470963 436912 454915 298293 504527
350203 177977 814581 1013918 639121 859184 404148 294061 516910 999999999 866466 801070 824269 493734 224184 350111 366773 657891 123319 557058 577119 434411 524469 188471 223177 625906 762688 995493 253993 742720 712007 341903 565046 922076 1055582 213276 502097 329304 701486 197678 160639 329094 729785 740409 825358 907115 665143 403522 294784 912589 428912 675686 483033 529255 786023 639603 940649 812077 700990 432249 690624 138682 397839 1071683 14733 752917 638739 935093 1042013 669919 792606 787928 707122 713812 134422 375009 804045 537761 106761 241558 365351 835256 554795 379644 502397 300836 874803 208576 738982 912827 797028 681988 667626 1058893 1136661 279002 938381 925054 520872 594172
750884 741283 120783 245618 293468 128841 833835 643016 395847 866466 999999999 98938 677333 474146 913464 689185 518960 720019 834718 689227 305881 831613 493870 1046915 714839 341670 229380 239231 663877 524142 564273 566109 302224 535565 397004 685399 680326 765022 168097 679842 1008334 906120 879317 146827 648660 375660 419161 651960 791948 507486 561432 797157 548332 405997 479034 945350 319057 54494 683457 617986 471210 927099 635068 311249 865220 393718 382418 337067 273553 554499 686391 590118 331762 640959 802073 532835 88933 922803 891641 769888 610104 315316 934534 525405 507815 750707 555583 953439 216986 132252 211943 535094 456642 372949 426420 866116 403493 506859 658928 861302
722662 665017 177120 239052 198621 76558 740804 601043 309101 801070 98938 999999999 583453 455450 831183 599825 471084 621137 780911 590956 272777 737322 398260 985389 667804 343343 133050 225583 585061 428055 466740 485831 239188 454944 360090 633103 583422 734229 105836 608966 948822 817421 780563 153375 555418 303591 320309 559900 757034 427217 470519 698262 453790 315398 521584 846844 262125 75927 585162 598480 373074 851481 543803 305992 798530 432111 392607 275911 269442 574604 590847 495764 233362 543139 726672 491877 132349 826019 817549 686519 522541 374601 837444 444521 413246 663457 608797 873328 118143 119729 263068 557598 476672 342821 408565 779774 335405 428328 561506 762955
982769 647618 751647 583343 450024 557400 487010 830141 466579 824269 677333 583453 999999999 828134 693778 474460 724401 190080 889302 274924 685167 460432 354267 993766 848933 808324 450566 566729 583417 160472 143832 532753 586539 213273 480870 796566 326082 979684 592199 660914 979168 605194 273628 696585 30868 352215 292994 421006 977131 230947 419723 231028 365381 434362 1039805 407297 432436 657593 130403 925782 230773 775247 428625 591316 812631 952446 862734 410612 590850 1034036 37889 87950 359551 110677 692404 766844 707659 458471 764915 589794 471080 932899 457618 517158 368500 531548 1141484 747084 471355 588165 823098 1025768 951777 508618 563189 611364 350429 242220 304446 354951
278989 454244 379839 694258 412710 531300 678587 206368 361564 493734 474146 455450 828134 999999999 638326 525362 153417 752338 416160 666738 185411 694462 482995 642110 285213 148265 501482 681030 416908 679273 684315 369752 262706 804056 803809 280700 623542 295326 354575 373841 598056 688606 895983 327366 811359 702399 547140 529769 327038 781828 460804 813278 497015 393772 303028 885520 692587 424770 755387 144105 605501 603648 509304 761390 499097 259448 146403 699024 724609 224501 814296 751620 520008 735926 496317 124710 389557 814545 563312 529492 455463 345453 831489 355289 475498 549272 402506 656809 467654 573297 330658 225309 182306 791731 861667 632544 738461 789258 619795 806918
560660 187099 889985 1010993 641841 874151 216707 468094 522626 224184 913464 831183 693778 638326 999999999 252455 488755 509106 345143 419363 664400 247492 472537 324948 415441 745446 758527 991383 252000 651917 609808 347486 619157 833903 1016498 384270 372162 542067 745927 266188 327118 112803 543957 811127 702296 859134 612937 308196 511686 830921 377016 506101 417355 521344 941247 433491 909345 861678 563700 615576 618339 100039 314639 1059930 209704 891991 772047 898736 1035897 842851 658010 678845 678430 588972 143296 513720 868842 329199 118292 145088 314847 955598 344942 388060 450812 182221 1038609 53475 743068 928278 894710 850987 820456 1026888 1103271 82851 885119 844390 397593 403569
567599 175628 685931 763596 403523 634574 158422 427643 293655 350111 689185 599825 474460 525362 252455 999999999 376094 311021 425488 208862 485361 169964 221359 521387 416762 591280 513969 743838 131379 406691 369449 158260 415695 589167 764055 366395 153243 557591 526416 210385 504975 217655 408825 607117 476690 606713 360538 57576 543592 583914 130464 340599 165159 284436 815971 364880 657461 640641 351087 561308 367413 312388 62276 810223 338256 749321 631070 646498 787531 749074 442505 443181 428419 364269 218038 415206 657776 289197 295307 119622 81968 788825 306131 185661 200243 70269 920288 303442 501971 687925 709029 750671 699765 774702 850929 184951 632982 597153 170787 292932
275106 302888 452520 704143 362466 540207 526818 132712 272223 366773 518960 471084 724401 153417 488755 376094 999999999 625402 316593 533382 216209 543817 370382 535069 196925 262080 475005 687979 263666 587761 582800 225105 235646 735204 785414 167322 486113 279875 365501 222755 494124 535375 760671 382264 711683 661285 464834 386216 294093 716460 327428 680542 371401 301457 455083 739414 669147 464868 636873 202415 516378 462339 366394 768352 369349 403303 283669 670675 734145 373913 705626 655668 461857 624049 348693 43050 447254 664600 422381 376176 311180 473302 681775 219304 357996 396429 555713 510771 443938 589988 430274 376993 334836 779662 854701 479564 696823 725888 485961 663093
860353 486468 767516 688308 443770 618286 298259 711407 408229 657891 720019 621137 190080 752338 509106 311021 625402 999999999 736236 102396 643055 270897 275343 818186 715848 766504 494063 669483 434564 226620 174081 408887 547296 374638 621215 663710 158081 853587 596559 514889 807352 416397 160662 699597 205714 471085 300872 265911 844696 383161 298499 77186 255618 378284 1003289 245976 545730 687307 63642 826579 253357 595123 279503 711921 645220 921869 817365 526760 702733 971884 152548 207089 389226 107469 523715 668357 727332 275231 588645 417542 331412 925445 277142 406339 278492 358091 1108411 561975 503033 660756 823241 967587 901191 643652 708727 426276 481812 396509 146040 176330
230854 251724 767854 1006642 641182 845777 507975 209845 525219 123319 834718 780911 889302 416160 345143 425488 316593 736236 999999999 633874 532709 536847 562683 225965 130947 558764 763105 989267 305917 789816 765891 370784 541775 962937 1067308 149391 578169 208837 676804 229432 182018 445397 824679 698788 886572 926926 695446 472107 172415 950229 475301 763532 531137 544105 692794 746263 950603 780410 772541 329843 730185 261913 461804 1068131 136887 669896 562403 947928 1035926 568191 860447 842960 723128 778881 232195 311049 763820 646994 229425 334415 418606 761592 664454 401095 542079 390278 775492 331893 735731 897686 737666 582399 578206 1066692 1143836 392012 960270 961877 592995 693800
760787 384448 721789 693212 399942 600636 219901 613174 339954 557058 689227 590956 274924 666738 419363 208862 533382 102396 633874 999999999 573048 197814 208596 720864 614875 694106 473209 673652 332459 254885 204742 312330 481513 428067 650232 562921 55707 753382 550168 412845 708355 336265 229335 649224 283002 493321 280922 163909 743544 430500 206586 147191 173119 313306 930107 256586 560816 650716 146036 732716 251597 500540 178398 725703 544625 852029 742708 544417 711383 889083 240059 264422 369380 170050 423251 576006 684493 244362 491450 318026 231729 865746 252693 314375 204751 258891 1035717 472775 475321 647979 768720 886279 823413 668521 739011 337349 510776 444221 47423 172113
450428 479542 237571 511754 243637 347657 643509 337167 234954 577119 305881 272777 685167 185411 664400 485361 216209 643055 532709 573048 999999999 651572 368285 750475 409879 124335 318512 497778 414868 528369 543242 332079 98782 633501 618437 383525 540937 462791 169709 406657 710031 685084 798166 166079 664576 521074 393609 469399 487612 609654 383056 712542 400902 264880 360591 816645 507734 252799 632852 326500 455243 657362 448873 578454 578002 279266 177791 514808 542149 352525 677222 602699 349998 605131 535398 227030 231138 763599 618957 531140 404452 303550 778881 299798 368637 530609 465431 695855 284537 392009 230351 342202 266652 606376 676723 635327 556986 615931 529626 732967
712283 293658 841274 871590 538788 760945 31169 582413 444021 434411 831613 737322 460432 694462 247492 169964 543817 270897 536847 197814 651572 999999999 339658 569567 558635 760249 634756 851769 286255 451492 402296 328167 576033 625830 842803 512161 169377 699222 675643 355493 566395 146162 298758 763577 473426 684565 454704 184497 679124 628217 275658 259128 283536 427681 985919 210969 747672 786470 330647 722211 438750 342258 204154 909794 420123 918685 800792 732860 892223 917562 423217 461153 537131 363760 305224 581665 809846 121434 345465 204211 247717 955009 139011 353504 324085 156529 1090251 298185 629484 811972 871184 919710 869674 859183 931569 166592 704403 641940 196761 160213
630516 350810 515878 543333 200405 422172 345221 477691 133364 524469 493870 398260 354267 482995 472537 221359 370382 275343 562683 208596 368285 339658 999999999 709823 503167 491326 297452 523518 270557 229009 214512 192099 274173 400595 545564 451655 188280 628737 345184 335672 685107 433593 430046 441845 342913 390151 143245 170641 629265 389176 98511 344323 58010 105007 728105 462136 436875 451057 272465 572280 167727 521632 159410 588937 515950 647472 542023 426760 566721 698948 335408 289952 207242 254544 408934 413012 480268 429598 497396 331919 164343 657361 441963 167437 22483 291242 833346 522103 290102 474066 560252 693762 626150 554711 631478 406023 418797 401333 169991 377088
431298 359436 987518 1201379 827207 1045332 538415 435760 705245 188471 1046915 985389 993766 642110 324948 521387 535069 818186 225965 720864 750475 569567 709823 999999999 356905 783946 950784 1183085 439597 923367 889626 530068 747543 1104330 1243896 369332 667896 407358 884095 386114 45523 436943 867855 915931 997556 1094779 851582 577620 365690 1096053 612875 824940 665706 717714 914779 757458 1129079 992421 866785 549859 874471 227318 574844 1259650 194889 895206 788368 1123398 1229662 785552 960275 964269 895397 884484 304990 534364 980472 653091 229563 404016 548011 987552 668284 568080 687541 462327 993291 281053 926659 1098677 961580 801271 802197 1247351 1325121 403060 1125699 1108750 689458 727823
153710 266597 642015 899415 546000 736103 533416 78948 439253 223177 714839 667804 848933 285213 415441 416762 196925 715848 130947 614875 409879 558635 503167 356905 999999999 428438 664085 882867 285589 731815 715687 316194 430816 895425 973067 52482 560576 141232 562340 206787 312888 497929 825581 575405 841847 840786 623270 451488 129008 879787 429431 755333 483582 463086 566076 768941 856195 660992 742584 209096 666026 352681 436522 962883 232179 539786 431471 855810 929245 446895 823971 792222 637383 740970 277806 184039 640557 677117 314052 357223 384874 630648 694954 335731 485090 402595 652472 417091 634480 786430 608288 459388 449676 969478 1045540 440427 875446 890485 569809 705422
424708 558348 236937 575991 362564 419595 749521 349702 358290 625906 341670 343343 808324 148265 745446 591280 262080 766504 558764 694106 124335 760249 491326 783946 428438 999999999 420198 565047 504648 650563 666949 433807 222853 746714 702624 416583 659614 442193 256656 480061 740672 779531 920586 197506 787145 622852 515952 581621 474973 721783 498892 835163 521208 388717 236788 933589 598604 297504 757134 284709 577907 724224 560833 643449 629539 159274 55227 608790 605830 238151 801080 725032 466432 729417 608398 251381 253569 875495 684358 621610 512709 211336 891342 406862 490560 629376 342064 770798 386811 454328 182399 224739 145659 686150 751007 726636 658060 727037 649794 850765
745091 608606 303905 253974 123577 127546 642125 607581 246326 762688 229380 133050 450566 501482 758527 513969 475005 494063 763105 473209 318512 634756 297452 950784 664085 420198 999999999 234791 525507 295135 334978 426918 244927 334728 310444 622069 472851 752752 165745 565266 918225 729765 652046 259915 422751 203232 194519 467089 769068 308041 383878 571221 355372 239333 626653 726282 194650 207160 454891 636592 242658 792601 453813 309099 757825 536393 474277 198434 280694 658296 457831 362801 105145 411808 670566 505230 259194 713976 762295 613892 443755 494788 724102 386366 316153 581842 720627 804808 33981 177228 382686 644104 563566 305400 381620 698452 238900 311434 448780 643737
946390 843369 359911 19860 357325 150155 862573 819865 480587 995493 239231 225583 566729 681030 991383 743838 687979 669483 989267 673652 497778 851769 523518 1183085 882867 565047 234791 999999999 760295 444676 495936 661612 452390 376438 164682 844477 684287 957148 328660 798580 1149402 956918 815215 368714 535872 215399 397177 694119 978307 350245 614980 743550 581267 474047 718263 913745 135475 270364 617377 823927 423050 1027332 682520 80821 991091 632657 611459 157914 46689 789324 587683 489700 316834 569885 905345 712254 324026 918011 997079 847243 676611 552482 925905 620924 543867 812805 793016 1038445 256520 111144 451173 770771 691013 136453 187888 928787 225894 343997 658094 836158
436238 83415 638017 779422 403873 633528 266133 298091 281000 253993 663877 585061 583417 416908 252000 131379 263666 434564 305917 332459 414868 286255 270557 439597 285589 504648 525507 760295 999999999 490395 462573 99649 367306 668559 807336 235024 277242 426263 495875 80421 414606 275168 540061 559130 581155 656029 411987 168655 413010 658692 175245 470205 230085 286544 716377 491469 694086 611413 467488 435978 436711 267830 156501 833364 245403 657698 537405 686981 806128 636531 554595 539342 459425 472966 145114 298593 617019 407654 236799 117099 113727 711660 425265 141049 248429 133451 818401 289610 505821 687873 645068 640415 597073 812765 890450 222098 686455 671112 289334 422898
855439 565294 592929 463168 290215 409734 471020 702947 319834 742720 524142 428055 160472 679273 651917 406691 587761 226620 789816 254885 528369 451492 229009 923367 731815 650563 295135 444676 490395 999999999 53015 420419 430300 182530 398156 680498 286437 854946 431866 561135 902472 583315 371287 536401 136868 244936 134761 349136 857141 179321 315673 299133 260330 288430 880490 472524 319137 500876 172717 785724 73869 719048 349236 485303 732875 792715 705310 300164 476623 879357 163012 74511 199817 125378 618487 628991 549332 490797 701115 526265 377476 772527 495779 396203 248393 473680 981673 704850 313392 446440 662966 870176 794907 418826 486585 574083 258190 192916 259037 399340
845020 534040 626352 514620 313212 454022 422976 692195 322754 712007 564273 466740 143832 684315 609808 369449 582800 174081 765891 204742 543242 402296 214512 889626 715687 666949 334978 495936 462573 53015 999999999 400579 444471 225254 450914 663710 240236 843067 460934 536468 870633 536916 322188 565893 128883 297934 155822 312381 842731 225985 290766 247652 234967 290544 900072 419802 371722 537683 122825 783453 95323 680695 314952 537961 701526 813668 721011 352960 528697 890805 134337 77111 234252 77206 584759 624952 583621 438173 664754 488880 348853 800182 442954 380751 230947 434330 1002702 663051 349856 493082 692314 882867 809582 471805 539235 530579 310959 239706 213397 346325
453568 181914 545928 680636 304692 533891 315914 302947 181574 341903 566109 485831 532753 369752 347486 158260 225105 408887 370784 312330 332079 328167 192099 530068 316194 433807 426918 661612 99649 420419 400579 999999999 273593 592156 713858 263874 262588 448634 398449 146436 501525 353876 537064 466717 525852 565472 326430 161167 444454 579709 113778 458709 167388 188979 657759 515900 599369 514194 429277 421011 359413 367419 141291 735410 335264 591372 472864 593357 707612 594168 508221 477484 365347 425180 243985 266629 522570 446438 335732 205330 86189 634323 463056 41415 172032 198557 762193 387759 406548 588235 559854 594747 541947 717854 795627 306508 597158 591508 265156 438343
500853 441556 272458 468705 150548 305350 571249 367898 141567 565046 302224 239188 586539 262706 619157 415695 235646 547296 541775 481513 98782 576033 274173 747543 430816 222853 244927 452390 367306 430300 444471 273593 999999999 542460 554218 394362 453191 509351 136580 377803 710293 625395 703976 193222 566221 441739 295587 391664 527770 519695 301667 618150 311801 169409 458215 729922 439358 248200 535056 392716 356940 626320 371882 532712 563404 374849 276573 443227 498631 449287 578440 504499 258035 506614 501505 262089 249713 683326 590217 478777 333731 385260 697842 235494 276869 468733 562506 656168 212198 356300 295267 439875 365245 546453 620529 579819 477818 526854 439698 645442
1008916 745422 632001 390559 391915 407166 647527 858572 463218 922076 535565 454944 213273 804056 833903 589167 735204 374638 962937 428067 633501 625830 400595 1104330 895425 746714 334728 376438 668559 182530 225254 592156 542460 999999999 269688 845486 465489 1010920 498873 736221 1082331 762090 485565 594431 184553 165720 272499 531599 1017196 28107 493321 433267 439099 435412 960836 612376 241885 530541 311477 924544 232872 901545 531247 387613 912674 870655 801753 219404 392739 983867 244758 167835 284433 268215 799779 773905 587121 649639 883270 708703 556895 827563 651771 563520 421788 656186 1055355 886960 365254 423540 715362 971400 892037 299136 350200 755375 150648 32542 438589 550385
1055024 890323 515862 167611 427398 285368 859014 917928 542631 1055582 397004 360090 480870 803809 1016498 764055 785414 621215 1067308 650232 618437 842803 545564 1243896 973067 702624 310444 164682 807336 398156 450914 713858 554218 269688 999999999 929643 673811 1063037 450835 858516 1214371 964654 748879 512412 450970 158723 403604 709101 1079495 249931 643593 688352 599285 526857 873666 866189 116933 419510 561593 942761 404955 1066662 701861 132365 1049122 786120 752624 120501 153383 934581 509433 419779 348511 514516 950688 815497 476551 888942 1040876 877431 709013 712281 893867 676066 567831 834316 952582 1066973 342201 264778 607432 917306 836515 33947 88809 945682 139966 239026 646235 796415
201479 223243 619344 861464 502246 699347 487855 84648 392205 213276 685399 633103 796566 280700 384270 366395 167322 663710 149391 562921 383525 512161 451655 369332 52482 416583 622069 844477 235024 680498 663710 263874 394362 845486 929643 999999999 508807 191327 528465 157650 327524 459539 775024 549586 789643 794707 573721 399771 181431 830306 377001 703979 431250 414884 573996 721695 812710 631125 690130 231408 615334 331535 384529 923983 219363 539683 426289 811548 891035 463247 771514 740339 590866 688520 242707 165528 614571 631674 291609 313259 332576 623931 649508 284295 433315 355684 665190 391779 593353 750657 592474 473578 454902 927131 1003671 401641 829053 841179 517682 656536
707512 328866 703799 704058 387453 600158 185610 561038 312521 502097 680326 583422 326082 623542 372162 153243 486113 158081 578169 55707 540937 169377 188280 667896 560576 659614 472851 684287 277242 286437 240236 262588 453191 465489 673811 508807 999999999 699626 533421 357660 654399 296962 274625 628986 331720 515406 287227 109103 689050 465256 163288 196792 141495 289061 894200 276750 578366 638773 199335 683598 269408 449655 124882 740929 489810 818479 706513 563483 724048 847120 292393 306855 372141 218082 368601 528340 668528 242600 438855 264221 179518 838449 254236 268713 178850 205571 999846 425625 470966 649692 745084 845293 784890 689874 762530 291478 535876 478933 27665 192308
23977 406219 675011 972130 642258 807350 673546 152444 548264 329304 765022 734229 979684 295326 542067 557591 279875 853587 208837 753382 462791 699222 628737 407358 141232 442193 752752 957148 426263 854946 843067 448634 509351 1010920 1063037 191327 699626 999999999 629026 347942 362126 632078 966315 619213 970775 941150 738775 590715 41864 993296 562400 895165 614996 575508 519083 909777 947340 713631 877661 162588 786275 467295 575037 1037959 341614 515538 427302 949621 1002460 383129 956386 918663 741333 873373 411141 247540 682803 817031 431897 496772 522177 620518 834854 462724 612296 543484 589744 535868 720862 853909 623590 400780 416166 1055803 1129684 575352 976698 1003179 707708 846652
617873 573212 171776 343207 152791 178545 675397 495214 233158 701486 168097 105836 592199 354575 745927 526416 365501 596559 676804 550168 169709 675643 345184 884095 562340 256656 165745 328660 495875 431866 460934 398449 136580 498873 450835 528465 533421 629026 999999999 512616 846681 742026 757163 104959 566996 366787 305509 492944 651378 472692 401469 672219 395497 248095 462016 806150 343154 115769 570307 496205 365840 759121 474974 409453 699663 371911 309857 352490 373571 494080 592842 504857 233239 533290 634082 386061 135139 773535 723860 602835 446020 340710 786452 357993 355759 585824 558017 785472 133744 225425 231453 479263 398469 437471 507122 700363 401736 476642 514720 721170
359044 80404 639808 817150 441747 664265 332225 227855 319282 197678 679842 608966 660914 373841 266188 210385 222755 514889 229432 412845 406657 355493 335672 386114 206787 480061 565266 798580 80421 561135 536468 146436 377803 736221 858516 157650 357660 347942 512616 999999999 355893 318126 619116 562629 657490 711512 472661 248986 333212 724685 245998 550292 301811 331821 676797 564323 743276 625970 546873 371607 503381 250989 236227 874341 192569 625842 505860 738075 845018 585371 632913 613531 510274 550800 129204 250029 624040 475814 213366 162338 189834 690861 493615 182485 314465 199018 775834 291222 542088 718235 635356 591549 556139 861400 939155 260846 743431 736691 369463 498961
386047 337178 946619 1167489 794742 1010078 535264 391825 673677 160639 1008334 948822 979168 598056 327118 504975 494124 807352 182018 708355 710031 566395 685107 45523 312888 740672 918225 1149402 414606 902472 870633 501525 710293 1082331 1214371 327524 654399 362126 846681 355893 999999999 439921 865142 875807 981625 1066993 825673 560070 320522 1073083 589373 818297 643232 687563 869383 760483 1098953 953852 853725 504422 851144 227217 555785 1226608 169662 850377 744188 1093949 1196047 740029 946501 946076 866166 869194 286959 491897 940539 656262 221391 390331 525447 943420 672060 538378 663026 449540 947768 288235 893300 1063121 919018 755761 757044 1216885 1294598 401146 1098512 1085584 674799 726019
648784 239738 897616 976753 621095 851667 118203 539726 510278 329094 906120 817421 605194 688606 112803 217655 535375 416397 445397 336265 685084 146162 433593 436943 497929 779531 729765 956918 275168 583315 536916 353876 625395 762090 964654 459539 296962 632078 742026 318126 439921 999999999 435235 818426 616918 805966 565431 262987 605200 762218 347784 403927 375702 502063 990115 320788 863202 856911 474954 686603 560297 212790 276054 1020552 314366 932828 812498 850357 999662 903356 568272 600547 640169 505530 220968 566604 871587 216451 227014 159301 296126 985215 232139 390055 413876 156755 1091071 157561 718964 904771 913681 909104 870155 978263 1052854 57961 828853 775895 324281 294750
975874 573870 928176 833384 604374 774559 329907 832589 563384 729785 879317 780563 273628 895983 543957 408825 760671 160662 824679 229335 798166 298758 430046 867855 825581 920586 652046 815215 540061 371287 322188 537064 703976 485565 748879 775024 274625 966315 757163 619116 865142 435235 999999999 860015 301120 608162 460333 379269 952208 500734 435393 85881 401509 534567 1157145 148394 686225 847529 199366 957982 409685 640580 397396 850711 715824 1077422 970188 665827 845240 1118412 240825 330243 547793 245980 597305 802954 887963 233216 644075 491173 452874 1084570 224457 542556 430052 434402 1262610 592403 662422 815002 983272 1115512 1051966 774596 833497 464856 613128 512888 276193 140537
604647 630815 79237 379008 256365 227078 760762 501453 320066 740409 146827 153375 696585 327366 811127 607117 382264 699597 698788 649224 166079 763577 441845 915931 575405 197506 259915 368714 559130 536401 565893 466717 193222 594431 512412 549586 628986 619213 104959 562629 875807 818426 860015 999999999 671035 452006 410436 579269 647067 567490 487919 774746 488767 340240 370163 903979 415276 100013 674746 471161 470787 813318 560205 446381 740568 280143 242752 428397 408678 422444 697692 609056 337167 638123 689376 391799 65154 866226 775994 671725 525328 236895 879845 428689 450182 661702 461276 846672 231244 257648 126592 404914 324230 493560 555731 773035 485256 570256 611822 818929
973142 647949 724778 552475 427063 527935 499001 820342 450015 825358 648660 555418 30868 811359 702296 476690 711683 205714 886572 283002 664576 473426 342913 997556 841847 787145 422751 535872 581155 136868 128883 525852 566221 184553 450970 789643 331720 970775 566996 657490 981625 616918 301120 671035 999999999 321351 271195 421890 969499 201178 413892 253606 358717 417954 1017357 431541 401569 629899 143193 912241 209334 781336 428081 560631 814069 929534 841794 379751 560011 1014740 60668 62463 333878 113639 694666 753821 680605 478237 769477 593667 467971 907658 478273 508087 358515 536165 1118462 755731 444384 558053 797412 1005975 931212 478428 533847 620350 319802 212749 308530 375663
935512 738346 479448 231400 299013 246878 700441 791871 402780 907115 375660 303591 352215 702399 859134 606713 661285 471085 926926 493321 521074 684565 390151 1094779 840786 622852 203232 215399 656029 244936 297934 565472 441739 165720 158723 794707 515406 941150 366787 711512 1066993 805966 608162 452006 321351 999999999 247138 551284 953739 138149 488607 541612 442501 382852 822136 717051 80276 377099 414216 834318 246298 911778 544658 242557 899916 732015 676535 58436 238918 860728 374976 278702 204040 366498 797863 695309 435233 734072 887196 721308 554355 678038 739762 529459 412580 676914 911861 910003 237101 258558 566657 846049 765232 175201 247228 787516 36087 134476 487874 644214
737260 493285 472682 416975 157698 321014 466370 586358 192816 665143 419161 320309 292994 547140 612937 360538 464834 300872 695446 280922 393609 454704 143245 851582 623270 515952 194519 397177 411987 134761 155822 326430 295587 272499 403604 573721 287227 738775 305509 472661 825673 565431 460333 410436 271195 247138 999999999 306157 744698 256585 241754 378031 195684 163597 746812 532024 297997 387718 266863 658687 62235 664725 298304 456168 657155 659587 570630 286153 437580 744761 289257 209129 89436 227999 551952 504642 430762 524168 640633 474219 307587 644363 533314 294370 165721 430806 848652 663379 202179 367245 536721 735452 660164 414392 490407 543153 275561 267541 261338 449987
598893 226627 657185 713942 361722 590099 182454 453574 260306 403522 651960 559900 421006 529769 308196 57576 386216 265911 472107 163909 469399 184497 170641 577620 451488 581621 467089 694119 168655 349136 312381 161167 391664 531599 709101 399771 109103 590715 492944 248986 560070 262987 379269 579269 421890 551284 306157 999999999 579948 526370 91591 304730 112880 246088 811719 356101 603902 605243 300614 579853 310479 369963 20835 758774 392179 740777 624830 592306 737147 754264 390167 386649 377570 310417 273267 427469 626489 294314 352498 177134 75041 772271 309868 176655 150974 126356 916920 359828 457414 642778 686898 754115 698363 720543 796374 237026 576943 539623 120983 277331
65832 385468 705365 993760 655665 829050 652532 161962 556499 294784 791948 757034 977131 327038 511686 543592 294093 844696 172415 743544 487612 679124 629265 365690 129008 474973 769068 978307 413010 857141 842731 444454 527770 1017196 1079495 181431 689050 41864 651378 333212 320522 605200 952208 647067 969499 953739 744698 579948 999999999 1000487 557965 883195 611761 582414 559940 890066 963235 739825 871557 200339 789942 433379 565273 1059019 307672 554291 462935 964602 1023999 424664 952564 918965 752178 869538 384975 266107 711249 795360 399176 475393 513859 657875 813133 462061 611827 524636 631463 502730 737826 876749 657070 442102 455524 1073453 1148124 549214 988999 1010753 698659 829467
990776 736725 604310 364763 369217 379066 648909 841121 445079 912589 507486 427217 230947 781828 830921 583914 716460 383161 950229 430500 609654 628217 389176 1096053 879787 721783 308041 350245 658692 179321 225985 579709 519695 28107 249931 830306 465256 993296 472692 724685 1073083 762218 500734 567490 201178 138149 256585 526370 1000487 999999999 483711 444896 430348 418118 934501 623971 215242 502745 320788 903979 221981 896160 524935 364222 903520 844278 776737 192726 367917 959249 260271 176357 261822 275859 792099 754622 559452 657149 876782 703147 548079 800171 660010 549797 410803 651810 1028580 883732 338972 395598 687990 946518 866929 278113 332896 753375 125060 13723 438006 559444
567132 253464 565694 634671 273366 504115 273965 415934 168715 428912 561432 470519 419723 460804 377016 130464 327428 298499 475301 206586 383056 275658 98511 612875 429431 498892 383878 614980 175245 315673 290766 113778 301667 493321 643593 377001 163288 562400 401469 245998 589373 347784 435393 487919 413892 488607 241754 91591 557965 483711 999999999 353715 55838 155480 732166 434698 533846 514157 315819 528112 261800 423240 73675 682916 419821 658113 544539 524380 659166 684015 394599 367875 301514 311573 310769 370258 534901 381852 398906 234584 65848 684497 396638 108125 76045 198033 837749 425542 371507 557467 596868 682029 621868 652057 729084 314573 517297 496237 159319 352168
903601 511813 843481 762170 519471 695246 289515 757779 477683 675686 797157 698262 231028 813278 506101 340599 680542 77186 763532 147191 712542 259128 344323 824940 755333 835163 571221 743550 470205 299133 247652 458709 618150 433267 688352 703979 196792 895165 672219 550292 818297 403927 85881 774746 253606 541612 378031 304730 883195 444896 353715 999999999 317309 448743 1071809 179148 617757 764152 127401 879520 330147 598418 321509 783570 662243 991774 885031 598206 775718 1034961 193959 269265 466409 175117 541554 723129 803628 230069 597135 434333 376309 998747 227655 461565 344779 375570 1177220 557259 580174 737319 897707 1031651 967314 712164 774883 424104 550035 457807 194595 125635
618937 306437 564494 601094 255260 479709 287928 466928 171040 483033 548332 453790 365381 497015 417355 165159 371401 255618 531137 173119 400902 283536 58010 665706 483582 521208 355372 581267 230085 260330 234967 167388 311801 439099 599285 431250 141495 614996 395497 301811 643232 375702 401509 488767 358717 442501 195684 112880 611761 430348 55838 317309 999999999 148541 757030 418232 492307 504088 266171 573516 209046 470640 102890 646040 473575 679451 569595 481398 624269 717793 341392 312077 264694 258395 362070 414450 530536 378127 448407 278988 117814 697053 391328 154615 40551 235377 862653 467695 347382 531816 603763 714344 650516 609580 685917 349119 469744 443068 128735 333652
573722 369845 416062 493293 120573 352957 428320 423175 32263 529255 405997 315398 434362 393772 521344 284436 301457 378284 544105 313306 264880 427681 105007 717714 463086 388717 239333 474047 286544 288430 290544 188979 169409 435412 526857 414884 289061 575508 248095 331821 687563 502063 534567 340240 417954 382852 163597 246088 582414 418118 155480 448743 148541 999999999 625385 565092 411455 359235 369303 497433 215774 553286 229079 546833 523303 543594 440507 406511 519717 603124 421247 359067 179417 344789 431657 341735 382769 526424 523309 376297 208300 552457 539798 149690 110266 348886 730311 566478 221821 406991 456389 596525 526367 529638 607407 465589 416203 428340 273154 480156
495970 757191 358506 724093 590340 590879 972666 491979 595069 786023 479034 521584 1039805 303028 941247 815971 455083 1003289 692794 930107 360591 985919 728105 914779 566076 236788 626653 718263 716377 880490 900072 657759 458215 960836 873666 573996 894200 519083 462016 676797 869383 990115 1157145 370163 1017357 822136 746812 811719 559940 934501 732166 1071809 757030 625385 999999999 1166264 783326 454828 993231 365053 809039 903278 790887 788436 793027 90284 187688 797495 751134 142572 1034405 954947 689270 964456 798931 427528 397173 1103656 862972 830817 740345 176353 1119987 635255 727094 846823 105657 958587 595585 609891 267091 121334 120792 851215 905098 934590 855404 938087 885342 1084312
922439 504601 977527 932782 656485 853035 238542 789464 589217 639603 945350 846844 407297 885520 433491 364880 739414 245976 746263 256586 816645 210969 462136 757458 768941 933589 726282 913745 491469 472524 419802 515900 729922 612376 866189 721695 276750 909777 806150 564323 760483 320788 148394 903979 431541 717051 532024 356101 890066 623971 434698 179148 418232 565092 1166264 999999999 791520 907287 304641 925932 492818 533266 376776 957762 625038 1092802 978820 772687 947966 1110002 371208 448070 621417 351709 514095 779396 940755 104373 543922 415101 430059 1115168 89624 532459 454868 366347 1271718 476806 730410 898426 1021453 1110144 1054084 889236 953175 362162 727217 636920 292195 85052
