NAME : synthetic_000290
TYPE : CTSP-D
DIMENSION : 100
GROUPS : 8
RELAXATION_LEVEL : 1
EDGE_WEIGHT_TYPE : EXPLICIT
EDGE_WEIGHT_FORMAT : FULL_MATRIX
EDGE_WEIGHT_SECTION
999999999 291812 464304 914723 672112 555269 426209 545724 218290 564002 164369 617054 244127 151726 293161 810116 277679 576873 160565 395121 362121 722131 376293 428856 84267 374412 714353 607908 624543 148816 681407 812580 718387 535715 445103 259474 352670 525508 306776 321254 86087 161299 735131 430616 345091 469336 215893 449521 590619 177090 299950 514400 101319 412588 249166 593132 175292 454141 375055 342252 681838 599232 189347 465219 337575 269701 57404 231613 350305 472141 620759 684528 127442 144187 350339 750921 711374 572543 318749 585124 430526 481967 468303 250116 261649 393132 439425 541681 401658 254537 243914 587102 750785 819068 308558 356652 76405 675129 188239 599706
291812 999999999 415733 624269 380333 264004 540324 350939 252590 280829 139360 389587 458693 377512 546737 519093 223964 327915 313127 369506 177162 435754 178520 370883 363221 473401 445794 417943 520481 439221 546114 521658 440592 348560 238774 550306 330222 301856 344675 346824 216854 329047 458634 489993 417492 188567 506641 553669 432943 454796 591090 492884 229756 261064 345719 487955 360195 525615 155646 620984 632342 413234 397439 332244 168530 149185 318945 105983 183966 436588 587168 414755 325736 309888 276560 468077 443662 446219 610524 432599 440197 501041 260033 306883 347467 310254 286224 356583 401909 544746 248567 591411 469470 527787 76800 588645 355735 638430 201762 307894
464304 415733 999999999 843961 615595 511445 262636 759406 247356 607000 455301 779393 383530 387163 487834 691664 610464 705784 318561 69715 253513 715676 262291 774237 541517 219830 498150 824875 169641 530584 242465 691966 534168 759270 254460 648957 718657 292006 167003 150361 467505 327766 771788 853250 181121 409165 576989 255252 846862 494270 642690 890797 501306 181106 237914 143472 338424 884107 569628 599292 225334 251986 364815 747553 582499 272809 521527 332724 598430 25204 172886 481773 362260 334222 677767 580859 493384 150415 671603 192834 87671 120766 256300 654543 223980 105918 172552 767477 787134 649998 224668 983596 573236 703844 492310 469326 534665 226144 291936 559686
914723 624269 843961 999999999 248468 369788 1076424 526053 833955 356740 753530 438136 1064423 993684 1162089 158576 730985 408701 919453 846657 644702 200792 628203 746017 980069 1013700 373329 526215 814681 1063028 770037 159536 325134 542093 599750 1170192 776071 552099 885410 877962 834587 936565 229645 929848 954959 474791 1130386 1079105 595865 1078354 1214645 835169 838776 678015 920772 798661 967493 964188 571124 1243580 961381 629038 1006985 638442 626673 711031 934784 709165 623604 868795 956027 376822 941379 920534 713974 279961 377982 748592 1233081 698929 917612 964224 591609 835527 916324 766631 676415 544699 823452 1163852 816198 920898 290900 146421 612898 1192814 973107 984039 800857 320258
672112 380333 615595 248468 999999999 121322 835297 382616 585873 145903 514299 323173 815971 745630 913796 147386 517323 257355 671004 609891 399606 108502 383579 572034 741252 771208 227328 413152 615705 819413 587755 150694 181112 395725 363421 929986 583114 330723 641068 634589 594737 688126 181781 748638 712065 227347 886835 839709 475911 832121 971330 680456 602288 441240 673568 594061 719036 785026 354817 996572 761765 432028 758547 472029 412286 462779 696281 461242 413361 640781 745881 210383 693360 672208 517457 166233 229968 541939 990848 496774 683066 733616 359321 622470 669583 529681 443804 401409 641665 924142 568679 776753 176314 153494 379443 944470 734003 781041 552409 72658
555269 264004 511445 369788 121322 999999999 719663 356353 464968 119169 401218 325584 694677 624563 792560 255091 426268 247872 549686 498829 282348 206268 267017 509214 627044 654700 232623 403715 534542 701471 519881 257675 205870 365776 257001 814215 506047 243220 523410 517778 480480 566813 260782 675135 595401 108493 768834 725353 455820 712300 853379 626383 490743 332344 553406 509242 597715 712072 269398 876146 676831 360556 637233 420396 325014 341743 582519 340380 329856 536584 653734 204336 572328 550962 440241 219114 232822 457129 873598 417406 573231 626446 257702 529154 549822 419270 339020 373012 570685 808723 448324 726302 223877 263832 274652 823276 619611 693418 431093 51167
426209 540324 262636 1076424 835297 719663 999999999 886294 289611 792992 507891 929881 218661 284610 288906 931237 667359 865856 272880 233906 437427 925160 452655 833320 474477 67112 751181 953468 404039 412220 484870 932053 782432 881597 477197 503010 762813 535571 199536 202625 476054 267160 969688 856780 125535 611262 431170 26240 957564 355926 470843 932587 507697 399370 200990 388704 251095 880135 689928 395591 365059 514140 246409 840493 680979 397949 477163 434927 697121 244363 303048 731610 298897 287195 742572 827975 746563 409802 499792 455035 175122 163000 487573 670408 195656 311742 404921 889199 820363 507738 291863 1011073 821607 943059 606190 240379 470475 344075 345378 770630
545724 350939 759406 526053 382616 356353 886294 999999999 596694 246181 396036 94110 770939 679348 837725 513967 278047 126607 635878 718597 507545 339975 501634 225265 577930 820055 584423 67228 838281 682918 844006 517808 548859 16346 537426 758277 273110 564583 694247 697243 461298 648992 296600 408513 765940 396369 743504 901324 99734 722017 819541 309775 445778 588400 687048 807932 677738 441297 196703 883409 965503 689575 709009 118475 212027 500028 536741 453009 197428 781774 926764 558233 633667 627594 225029 545637 585337 759689 829224 732019 790520 851163 550775 363048 690957 653629 608195 19199 305304 749649 596749 399952 554364 515119 280351 895447 573396 975311 541271 350503
218290 252590 247356 833955 585873 464968 289611 596694 999999999 519092 229107 641771 233085 182370 337441 703716 391064 580215 99212 179295 198747 663153 215916 558740 298498 223452 562685 663878 406339 308698 465104 705351 579447 592121 271734 432722 494238 350833 106266 115846 223509 115433 698386 614486 171368 359306 366776 305001 669383 289858 444692 667385 257702 216343 93475 375113 142317 643554 400330 434969 469015 398557 181614 554829 392799 123336 275076 146609 409060 257359 410358 536125 138284 108976 464383 619602 558850 356870 471175 374301 226848 284881 291935 417030 94955 177426 239666 599765 558522 431523 28000 754581 616404 714498 316600 359334 291232 465048 57379 515634
564002 280829 607000 356740 145903 119169 792992 246181 519092 999999999 400521 206748 737715 658260 827541 290724 378533 129875 591428 584915 361435 158695 348889 426197 625485 726384 338842 287749 646565 712818 636431 294266 302708 257592 356561 816017 438344 356687 593577 590733 481462 607836 179442 602994 667458 199321 779773 801762 343937 733473 863397 535889 483444 425902 611742 619758 639124 639304 216345 900246 786015 477305 677128 327265 273193 398363 580163 378730 272288 631717 758580 313553 606352 589426 373026 301578 339953 568180 880511 531220 660151 716653 361994 483871 610620 508108 437483 264106 495917 809351 507683 633211 309671 295188 257606 867773 618732 800958 475531 104360
164369 139360 455301 753530 514299 401218 507891 396036 229107 400521 999999999 459750 374903 283686 446016 655943 161992 414729 243164 394515 268651 559014 277565 329673 227036 444924 582834 461231 590946 312875 631544 658636 579480 388105 346798 416691 266150 420591 335314 343910 81086 254926 570763 399956 398047 327205 379508 526535 454900 338812 462911 439428 90400 342137 307468 557918 282611 432397 213611 505372 680527 518184 313003 334059 184012 193323 181986 132737 198809 470969 626699 551971 237693 233294 235928 607431 580481 524677 480104 522837 452758 512304 370074 202212 314669 359444 370032 394904 332656 410472 240896 529323 608759 664222 144199 500164 219882 680816 172612 442677
617054 389587 779393 438136 323173 325584 929881 94110 641771 206748 459750 999999999 831983 742641 905578 441853 360661 78612 691914 745734 526010 261906 517293 319204 656494 862914 540225 92364 840296 758900 836933 445741 499556 110330 541771 840680 366122 555513 733211 734198 531247 706201 208861 501989 806572 389533 821462 942876 160428 794144 899654 397751 519630 601845 734390 811638 736109 534300 247789 958147 974505 678848 769711 212569 279531 534695 613786 495317 267449 802970 941026 516907 694577 685324 314858 489364 541835 761326 910866 728392 819744 879321 551586 451824 736726 675189 618349 110704 399340 832359 638045 482957 499228 441467 328663 959148 651420 986893 588932 306899
244127 458693 383530 1064423 815971 694677 218661 770939 233085 737715 374903 831983 999999999 93693 108745 936570 516538 780278 146384 321792 431274 887889 448481 672553 270158 194964 792242 835969 551611 194661 625980 938247 811286 762870 500163 287011 596727 576331 227789 243572 316736 129881 916653 664836 205785 590835 214095 244849 826033 137269 264629 757433 341646 435391 162391 526944 98602 684215 584201 217225 555683 601852 62277 702041 558915 354002 283927 359466 573640 377775 491040 766657 137512 148870 591015 852124 788231 528383 294009 560826 311249 338428 518577 493584 173231 369440 453705 769566 644900 290992 255120 826149 848634 947268 505164 130062 267792 539914 264238 744725
151726 377512 387163 993684 745630 624563 284610 679348 182370 658260 283686 742641 93693 999999999 169364 872437 422870 693452 83164 319062 377329 811559 394192 579237 189870 242342 742889 743937 556420 144570 624696 874375 757070 670909 453422 262076 503734 533022 220360 237118 223127 67291 836013 578062 229554 524636 191194 309518 732814 109970 264330 666057 248034 398035 149257 528325 48739 599278 495183 255315 584467 576857 38854 608598 467479 291258 195910 284533 481922 387507 520456 715581 52328 75899 497322 795532 739187 520472 291788 545539 330420 371085 474040 401818 163226 347387 420261 677485 553343 262873 209160 737240 793120 882647 418085 216554 185976 572728 195997 673451
293161 546737 487834 1162089 913796 792560 288906 837725 337441 827541 446016 905578 108745 169364 999999999 1038221 570386 859514 243747 428348 536185 980892 553347 714688 287532 284833 899114 900638 654034 184589 730032 1040033 916869 828168 607163 229082 636941 684097 336003 351533 376440 226500 1005049 678858 307414 690986 166745 314304 883566 126352 184382 786187 394424 543671 271108 630702 196419 693000 659443 111914 646138 710421 156569 758030 627460 455136 315935 453293 641035 480172 582023 873084 221543 241598 641807 956961 895169 634657 212590 668395 411229 430746 626040 528555 281955 478101 562314 834296 675969 236066 361014 844520 953837 1048670 584719 78586 288213 627885 361890 841841
810116 519093 691664 158576 147386 255091 931237 513967 703716 290724 655943 441853 936570 872437 1038221 999999999 664709 387443 794477 698988 508213 181854 491187 714494 882092 870274 214942 534190 656382 955675 611567 3891 166579 528354 454446 1069228 729057 399924 745189 736418 735499 811727 252204 893283 812322 347841 1022941 932302 600997 964242 1107466 818938 745048 531894 786286 640865 841943 929421 502187 1126296 802964 471043 881779 611822 559656 583169 837496 590846 560574 716217 798561 218530 820643 797468 663653 121572 219557 591196 1128113 541168 768057 812348 443780 769844 780557 619715 527588 533132 786043 1063783 683547 912944 132768 12323 524675 1062669 874675 825801 676777 214611
277679 223964 610464 730985 517323 426268 667359 278047 391064 378533 161992 360661 516538 422870 570386 664709 999999999 340556 397729 552687 396074 530193 400007 167682 300581 605508 643705 335606 734924 406998 766750 668003 627766 265865 462603 480616 109088 524536 497217 505524 199892 407276 519615 266530 559776 389829 466101 686798 313227 449935 541503 280347 176496 477653 468022 701948 431983 302575 162709 607791 834491 637170 456999 187644 105397 339778 260772 278404 107405 627692 783058 612748 384000 385739 75509 645277 642461 663772 551330 654167 613489 673442 483993 105374 475813 510187 504349 270800 179940 472128 401997 374357 649567 670533 163736 634016 296400 836607 334350 453816
576873 327915 705784 408701 257355 247872 865856 126607 580215 129875 414729 78612 780278 693452 859514 387443 340556 999999999 637284 674740 453069 215868 443501 337597 624457 798750 467042 158665 762588 722606 758420 391278 428455 140927 464995 812606 369460 477038 667606 667574 490861 652338 183645 521218 741460 311566 787195 877706 218717 753145 867825 433476 483711 526954 673522 734201 682908 555774 201822 919113 897789 600257 718129 230552 245573 468451 580283 433761 237005 729676 865490 442614 643762 632040 309994 422007 468390 683651 881207 650162 749294 808265 474161 440233 674885 602463 542558 145735 414753 804824 574334 525813 431215 388769 275396 909023 618726 910685 529492 232449
160565 313127 318561 919453 671004 549686 272880 635878 99212 591428 243164 691914 146384 83164 243747 794477 397729 637284 999999999 249014 295184 741588 312168 561967 227429 216291 660458 702049 485655 215502 550517 796298 675597 629016 370430 338120 490362 449895 153203 169182 203257 17251 770478 587250 184545 447307 269953 294479 698032 191306 346207 659709 234848 315146 89252 456194 48108 612452 444602 337001 527714 495335 87572 576894 424765 211490 216437 213084 440235 322428 465220 633415 43859 16655 473234 714718 656707 444375 373099 466654 273729 322611 390932 397872 102373 268114 337771 636103 547500 337737 126172 738907 712006 804923 363470 276389 221306 519055 118595 599400
395121 369506 69715 846657 609891 498829 233906 718597 179295 584915 394515 745734 321792 319062 428348 698988 552687 674740 249014 999999999 223742 705029 236066 718358 471890 178765 517513 785014 237477 461834 306674 699676 548566 717221 247243 581116 659840 301754 98777 81993 401406 258554 755941 789762 128611 392257 509612 233369 802448 427120 577208 832753 435428 168951 170162 209345 270368 819919 525052 538834 290045 289908 298438 698219 532672 221584 452422 278167 548861 78182 232959 497708 292772 264592 622100 594216 512922 206593 605901 240955 75237 133595 255403 591247 156437 80258 171538 725331 727158 581904 158186 923824 587752 710924 444824 416930 465068 287484 226817 548874
362121 177162 253513 644702 399606 282348 437427 507545 198747 361435 268651 526010 431274 377329 536185 508213 396074 453069 295184 223742 999999999 487757 17208 547955 445840 372354 365628 572362 343436 487282 370684 509638 380764 508256 83044 610366 504361 163482 241474 235443 319152 312166 534469 658325 313060 173878 550884 443767 597564 479960 632679 669619 346036 84155 278073 311029 340563 692817 322782 632172 459874 249574 380138 505814 344776 92792 409057 139312 359727 276961 419234 338274 328437 301551 453162 420916 361977 269159 657393 258342 298953 356435 106410 466037 272518 149394 109113 516506 575799 607424 176333 767543 417657 519337 252492 555260 437888 468297 185769 333410
722131 435754 715676 200792 108502 206268 925160 339975 663153 158695 559014 261906 887889 811559 980892 181854 530193 215868 741588 705029 487757 999999999 472797 552291 784180 859790 329037 354181 723129 870924 696226 185733 279841 355233 461527 974711 577680 435869 727860 722868 640016 758352 77461 735040 800467 314102 937996 931306 422087 890160 1021768 648995 642110 537958 753913 700836 789618 770134 370652 1056630 868761 540155 828345 446029 425945 540152 738858 528632 422815 740872 851158 315419 759350 740827 514668 254219 332203 648604 1039087 604224 779297 831917 459921 634779 751314 625338 543155 359134 627967 968045 648763 739824 265848 180343 416302 1017661 777425 887516 623904 156315
376293 178520 262291 628203 383579 267017 452655 501634 215916 348889 277565 517293 448481 394192 553347 491187 400007 443501 312168 236066 17208 472797 999999999 549201 459754 387900 348903 565888 344106 503013 367640 492594 363648 502871 70238 625864 507724 149340 257548 251095 330930 329175 520655 663658 328658 158705 566893 458513 592897 496435 648899 671388 356987 86959 295122 312086 357662 698460 319815 649129 464274 241137 397259 503834 344512 107921 422339 150625 359123 286207 425524 321391 345103 318374 455079 403722 345290 268428 673467 254362 311290 367971 93791 472896 289443 159827 109275 511133 579314 622803 193538 769883 400490 502338 252389 572433 451795 473677 201954 317978
428856 370883 774237 746017 572034 509214 833320 225265 558740 426197 329673 319204 672553 579237 714688 714494 167682 337597 561967 718358 547955 552291 549201 999999999 430484 772255 740353 254602 890863 538936 916351 718176 714795 208954 605721 587178 78019 657931 664872 673049 360032 570393 518312 184058 727267 504396 589554 853265 202826 589783 655201 123336 331699 631584 634898 858167 593370 218191 249542 736062 996796 777427 615247 107941 207515 501774 398753 441540 195125 792339 947110 710745 544619 549127 96472 722515 740062 817086 659022 802463 780503 840660 625202 187958 642999 672011 657061 208663 80347 577628 569348 224033 729151 717657 297649 783403 428442 1000167 501969 522022
84267 363221 541517 980069 741252 627044 474477 577930 298498 625485 227036 656494 270158 189870 287532 882092 300581 624457 227429 471890 445840 784180 459754 430484 999999999 429954 794790 636169 704458 108613 763249 884709 796946 566206 528872 190580 352465 609071 379547 394936 146625 223272 791086 396313 408842 546120 165585 499316 610128 161224 243552 498715 142496 496775 316231 673487 227808 414382 424472 308323 754903 683437 228294 484946 379527 353646 45324 313198 389928 547647 692613 764671 186849 210856 365675 828033 791941 654628 257063 668476 501157 549097 552140 242808 329649 475004 523535 571301 388506 183881 325040 559992 828412 890591 367879 360848 7962 746484 272055 669460
374412 473401 219830 1013700 771208 654700 67112 820055 223452 726384 444924 862914 194964 242342 284833 870274 605508 798750 216291 178765 372354 859790 387900 772255 429954 999999999 695102 887257 376123 379735 455134 871208 724383 815568 415829 481417 703072 477706 132807 136940 417729 213203 903418 803407 59323 546219 408143 81859 892367 328242 458302 874070 450241 338795 137512 356382 202389 828149 623549 396101 362215 466467 206589 776255 615715 330864 427833 368160 631913 206008 297783 674333 247429 231702 680411 769379 690568 370153 487673 411836 134165 145928 427523 613674 130679 252882 346624 823216 762379 484970 224869 954856 763449 881983 539808 253276 425215 345416 279771 705760
714353 445794 498150 373329 227328 232623 751181 584423 562685 338842 582834 540225 792242 742889 899114 214942 643705 467042 660458 517513 365628 329037 348903 740353 794790 695102 999999999 625698 444136 849047 396715 213817 51091 595037 292080 970287 731982 218728 580286 568735 653913 677309 405900 901358 640115 258144 914067 748652 682731 845137 996829 858612 672381 361155 632759 430845 705000 938326 495528 997400 589905 261312 744208 653018 548294 454945 753439 482843 555330 521537 589111 31159 694006 667162 666955 93382 4871 383046 1020797 331918 580379 618219 274301 741860 624449 442640 349119 601903 798853 966523 538198 958744 82549 226975 482384 911156 786902 613520 550359 234749
607908 417943 824875 526215 413152 403715 953468 67228 663878 287749 461231 92364 835969 743937 900638 534190 335606 158665 702049 785014 572362 354181 565888 254602 636169 887257 625698 999999999 899887 742403 902843 538078 586891 73131 599085 813022 314531 622147 761453 764393 524343 714955 298484 430982 833169 453943 801632 968543 69651 783382 875991 315625 507251 652397 754100 869959 743453 460910 263929 943170 1029009 746878 774197 158155 277501 566950 596096 520229 262430 847453 991356 601104 698917 693493 275402 578959 627026 821080 884445 791797 857199 917769 611477 412761 758089 719232 671499 66467 334252 804145 663976 395491 588508 533830 347578 959641 632002 1039395 608374 391045
624543 520481 169641 814681 615705 534542 404039 838281 406339 646565 590946 840296 551611 556420 654034 656382 734924 762588 485655 237477 343436 723129 344106 890863 704458 376123 444136 899887 999999999 699288 81146 655728 490010 841191 300886 818384 843960 291330 336062 319314 616808 495803 789788 990481 346726 451088 746561 389328 932789 663876 812128 1011824 649465 259417 407271 33060 507693 1023308 663351 765872 147087 186255 534455 847819 688152 398148 681024 459804 702984 173963 149494 437879 529508 500839 795486 536255 439311 78983 841094 118931 243484 241287 288931 793151 393399 234813 234879 849439 914719 819292 380768 1108681 526200 668652 595878 629356 697311 169465 442698 575261
148816 439221 530584 1063028 819413 701471 412220 682918 308698 712818 312875 758900 194661 144570 184589 955675 406998 722606 215502 461834 487282 870924 503013 538936 108613 379735 849047 742403 699288 999999999 765703 958031 856902 671697 568376 124252 460923 649370 363583 380235 232962 203831 883496 494278 373090 611609 67423 438234 718044 61567 151935 603765 239498 522974 293110 670526 192896 508627 521030 200793 728652 707102 174604 592648 479956 395242 146311 368893 491477 531717 664482 820057 172195 201864 473692 891554 845763 659864 172911 681574 474912 514165 590603 351098 307147 483162 547517 677053 494903 122828 336694 660058 890680 964911 457041 261254 111443 716359 302100 746855
681407 546114 242465 770037 587755 519881 484870 844006 465104 636431 631544 836933 625980 624696 730032 611567 766750 758420 550517 306674 370684 696226 367640 916351 763249 455134 396715 902843 81146 765703 999999999 610508 445452 848444 312479 886633 874999 281458 405194 388429 665558 561901 766618 1027777 422749 449022 815726 470416 941021 733472 883852 1038847 697041 290281 476560 99382 576201 1061713 679685 841628 201524 159325 605107 864670 710277 438636 736799 498847 724259 250516 221702 395457 594253 564992 822658 490075 392055 109069 912570 114140 321525 322294 295540 832900 462967 288307 262897 856604 946472 887019 438234 1137516 479213 623649 618829 708029 755854 228582 495368 555681
812580 521658 691966 159536 150694 257675 932053 517808 705351 294266 658636 445741 938247 874375 1040033 3891 668003 391278 796298 699676 509638 185733 492594 718176 884709 871208 213817 538078 655728 958031 610508 999999999 165793 532186 455384 1071736 732586 400326 746333 737490 738127 813548 255995 896891 813314 349829 1025283 933011 604877 966398 1109802 822714 747801 532740 787709 640384 843730 933041 505510 1128325 802244 470521 883570 615562 562979 584948 840140 592975 563954 716488 798151 217947 822611 799358 667160 120438 218458 590819 1130507 540707 768586 812672 444542 773117 781921 620477 528235 536972 789660 1066314 685082 916756 131490 13211 527640 1064233 877282 825165 678666 217560
718387 440592 534168 325134 181112 205870 782432 548859 579447 302708 579480 499556 811286 757070 916869 166579 627766 428455 675597 548566 380764 279841 363648 714795 796946 724383 51091 586891 490010 856902 445452 165793 999999999 560256 313419 976446 711314 246884 605375 594774 653545 692670 357041 880583 668120 252285 922833 781265 646007 856616 1006386 830923 669739 386833 654141 475158 721308 917544 474376 1012317 636458 305212 760902 623627 529009 466461 754462 488336 534738 558141 633183 53031 707031 681171 645666 47046 55136 426138 1029481 375619 614169 654813 298254 728412 646671 471535 377843 566812 776472 972200 556217 930275 39212 178796 469580 932893 789143 659467 562298 198574
535715 348560 759270 542093 395725 365776 881597 16346 592121 257592 388105 110330 762870 670909 828168 528354 265865 140927 629016 717221 508256 355233 502871 208954 566206 815568 595037 73131 841191 671697 848444 532186 560256 999999999 540527 745513 257602 569854 690683 694059 451762 641868 312715 392167 761950 401911 731788 897004 92810 711627 807287 294095 435369 589771 681862 810592 670332 424961 193329 872334 967066 694845 701079 102369 204386 497744 525425 449393 189300 781386 927440 568485 625794 620396 210786 557987 595850 762773 816608 736038 788650 849413 554438 348904 686076 653395 610097 8266 289027 736815 592919 385009 566548 529685 276510 886722 561805 976413 536308 361723
445103 238774 254460 599750 363421 257001 477197 537426 271734 356561 346798 541771 500163 453422 607163 454446 462603 464995 370430 247243 83044 461527 70238 605721 528872 415829 292080 599085 300886 568376 312479 455384 313419 540527 999999999 691899 568872 81028 292589 282787 401165 386999 517524 728001 358009 157243 631153 479363 632407 558415 712121 728738 427146 78319 341173 270910 413878 763261 367248 706669 432805 174695 452782 552272 398740 175521 492038 220863 412370 279615 402241 266879 406185 378302 513490 356568 288075 222273 737362 198401 319726 370608 23554 539744 333379 167033 82051 548765 640559 689182 246540 828307 351775 466166 308207 619889 520921 445972 266283 305358
259474 550306 648957 1170192 929986 814215 503010 758277 432722 816017 416691 840680 287011 262076 229082 1069228 480616 812606 338120 581116 610366 974711 625864 587178 190580 481417 970287 813022 818384 124252 886633 1071736 976446 745513 691899 999999999 511245 772923 482374 499146 335696 325391 981261 503220 483697 728580 73458 529217 779923 155794 72219 629685 332995 647226 411112 790400 310748 508796 613945 176124 838986 831232 285654 657355 567067 517955 235882 488193 576455 648359 774394 940954 295433 325158 538023 1009844 967112 781757 71917 804754 588036 622271 714276 403424 424999 606222 671742 749929 529617 10058 460702 668873 1009447 1078045 558415 304908 197286 824723 425768 857848
352670 330222 718657 776071 583114 506047 762813 273110 494238 438344 266150 366122 596727 503734 636941 729057 109088 369460 490362 659840 504361 577680 507724 78019 352465 703072 731982 314531 843960 460923 874999 732586 711314 257602 568872 511245 999999999 627835 600468 609655 287285 497922 553081 169404 660202 484642 511908 783461 271393 511875 578561 173286 257426 586386 566283 810994 519799 206381 236959 658274 943046 742990 540258 157055 184041 448694 321032 387188 176739 735458 891017 701502 470838 476924 66016 724022 731180 772544 583155 762072 718899 778326 589753 110050 575085 619002 612927 259440 71689 501805 507020 265371 729526 733461 263773 706113 350438 944752 438442 526180
525508 301856 292006 552099 330723 243220 535571 564583 350833 356687 420591 555513 576331 533022 684097 399924 524536 477038 449895 301754 163482 435869 149340 657931 609071 477706 218728 622147 291330 649370 281458 400326 246884 569854 81028 772923 627835 999999999 361591 350017 478963 466263 499836 791058 421947 168310 711993 534747 662652 638760 792721 781247 503690 142569 415492 266530 492449 826968 411897 785225 434485 125001 530936 594569 450658 256235 571600 298866 462829 316749 415353 196678 486438 458276 569118 292470 214384 214277 818109 174599 368653 412549 59066 607863 406681 224829 131083 577925 699194 770209 324903 881862 286044 412059 364150 693233 601112 452172 347270 284696
306776 344675 167003 885410 641068 523410 199536 694247 106266 593577 335314 733211 227789 220360 336003 745189 497217 667606 153203 98777 241474 727860 257548 664872 379547 132807 580286 761453 336062 363583 405194 746333 605375 690683 292589 482374 600468 361591 999999999 16787 326122 161222 770696 718026 74106 414946 410837 210112 770574 328376 479028 773574 360262 219169 71401 308122 171640 746208 497586 444820 375567 374686 200069 658342 494760 199162 364084 241296 511095 169341 314013 557224 196402 169390 570265 649056 575966 303195 507595 333354 124370 179880 307185 521576 57782 143332 232865 698506 664433 483230 98227 860253 644007 756671 414174 333841 373098 368353 162953 574551
321254 346824 150361 877962 634589 517778 202625 697243 115846 590733 343910 734198 243572 237118 351533 736418 505524 667574 169182 81993 235443 722868 251095 673049 394936 136940 568735 764393 319314 380235 388429 737490 594774 694059 282787 499146 609655 350017 16787 999999999 337911 177606 767096 729614 77625 409292 427624 211225 774985 345160 495720 782886 372106 208028 88186 291336 188405 758180 500773 460727 360657 359673 216781 664047 499822 199511 378626 244944 516168 153249 299603 546140 212568 185237 578019 638815 564368 286635 524310 317312 111617 169036 296534 532604 74538 129373 220381 701943 674308 499984 104132 870420 633539 747984 417683 347509 388404 354087 171301 568852
86087 216854 467505 834587 594737 480480 476054 461298 223509 481462 81086 531247 316736 223127 376440 735499 199892 490861 203257 401406 319152 640016 330930 360032 146625 417729 653913 524343 616808 232962 665558 738127 653545 451762 401165 335696 287285 478963 326122 337911 999999999 210663 650646 391918 378566 401706 299124 497246 510192 263030 382170 456606 34210 382683 282619 584254 233400 420278 289040 428313 691429 566155 257143 385604 251920 232021 102093 180324 264989 479565 633621 623391 184829 189641 274754 683314 651294 556805 399072 561900 449513 505975 424718 196800 292682 381997 410576 457949 344669 329579 243255 537744 684092 743974 224513 436253 139292 688299 175740 522869
161299 329047 327766 936565 688126 566813 267160 648992 115433 607836 254926 706201 129881 67291 226500 811727 407276 652338 17251 258554 312166 758352 329175 570393 223272 213203 677309 714955 495803 203831 561901 813548 692670 641868 386999 325391 497922 466263 161222 177606 210663 999999999 786784 590552 185901 464537 256245 289593 709749 176526 331287 666195 241239 330757 93594 466788 31299 614980 458658 320096 533639 509902 70421 587960 437502 228738 215714 229755 452825 330485 470635 650349 36447 21676 482767 731871 673541 456427 358471 479880 279060 325828 407349 403352 107375 281415 352993 648876 553722 325366 141947 743914 729127 822170 378036 259942 217551 524121 135725 616479
735131 458634 771788 229645 181781 260782 969688 296600 698386 179442 570763 208861 916653 836013 1005049 252204 519615 183645 770478 755941 534469 77461 520655 518312 791086 903418 405900 298484 789788 883496 766618 255995 357041 312715 517524 981261 553081 499836 770696 767096 650646 786784 999999999 702366 844272 363940 949753 977504 367956 907662 1032384 605524 648659 591765 790853 766199 818051 736195 368105 1074622 934234 609086 855803 410426 419289 577154 746040 558029 413283 796876 913607 391307 784352 768131 493398 331588 408965 713903 1047894 671212 830908 885515 518432 621561 789475 677332 599575 315152 596726 974020 686502 691818 343256 248745 426577 1046711 784778 951936 654922 215264
430616 489993 853250 929848 748638 675135 856780 408513 614486 602994 399956 501989 664836 578062 678858 893283 266530 521218 587250 789762 658325 735040 663658 184058 396313 803407 901358 430982 990481 494278 1027777 896891 880583 392167 728001 503220 169404 791058 718026 729614 391918 590552 702366 999999999 768692 652737 527743 879885 370484 553666 575325 141238 357829 737519 672050 957428 605895 36977 406309 671975 1078522 902695 616805 291985 353204 592343 382161 530779 346142 867426 1022716 870848 557891 571706 234921 892633 900535 922517 571301 916542 841134 897890 749750 198708 682958 759336 764901 391292 107356 493163 632168 166686 898341 897073 428989 754835 397762 1077236 563061 693906
345091 417492 181121 954959 712065 595401 125535 765940 171368 667458 398047 806572 205785 229554 307414 812322 559776 741460 184545 128611 313060 800467 328658 727267 408842 59323 640115 833169 346726 373090 422749 813314 668120 761950 358009 483697 660202 421947 74106 77625 378566 185901 844272 768692 999999999 486915 410383 136326 840411 327996 469272 832478 412042 281642 96733 323379 183619 795062 569247 419186 355869 418514 199107 726184 563963 273094 400860 313078 580249 172789 291513 618603 222151 201024 633967 712753 635644 330200 498551 368158 105582 141614 370466 575367 85893 197511 291030 769694 721791 486074 169260 916136 707084 823973 485606 289394 403297 343295 228640 646470
469336 188567 409165 474791 227347 108493 611262 396369 359306 199321 327205 389533 590835 524636 690986 347841 389829 311566 447307 392257 173878 314102 158705 504396 546120 546219 258144 453943 451088 611609 449022 349829 252285 401911 157243 728580 484642 168310 414946 409292 401706 464537 363940 652737 486915 999999999 678460 617204 494720 617200 762759 626773 417454 228328 446252 423036 495035 689492 254894 778517 587981 293249 534799 432207 301337 236846 503068 243862 311077 434095 559327 227001 472804 449835 421795 281918 256273 372195 784508 339054 467084 521626 163482 485169 442244 313400 238421 409941 554199 723845 341466 727869 282413 358012 226523 718494 538391 602228 329191 159610
215893 506641 576989 1130386 886835 768834 431170 743504 366776 779773 379508 821462 214095 191194 166745 1022941 466101 787195 269953 509612 550884 937996 566893 589554 165585 408143 914067 801632 746561 67423 815726 1025283 922833 731788 631153 73458 511908 711993 410837 427624 299124 256245 949753 527743 410383 678460 999999999 457406 774313 82848 84546 645514 303489 582699 339454 718956 239534 538071 585992 147007 765555 764992 212826 649546 543402 459478 207700 435320 554382 575846 700956 885313 228527 258063 529973 957936 910711 711660 106736 736111 514903 548813 653040 401944 353239 537660 606435 736862 539782 76904 394585 694427 956901 1032213 523545 245017 170201 751266 365168 814274
449521 553669 255252 1079105 839709 725353 26240 901324 305001 801762 526535 942876 244849 309518 314304 932302 686798 877706 294479 233369 443767 931306 458513 853265 499316 81859 748652 968543 389328 438234 470416 933011 781265 897004 479363 529217 783461 534747 210112 211225 497246 289593 977504 879885 136326 617204 457406 999999999 974148 382105 496663 953847 529268 401151 219069 375693 274784 903631 704717 420204 343367 507230 271536 858109 697496 409272 501111 448890 713706 235336 282306 729949 322089 309203 761822 827168 743982 399616 525561 446191 168998 148255 488579 692337 212531 312737 404902 904681 841834 533963 305191 1033278 820475 944216 620997 263703 495192 321570 361524 776135
590619 432943 846862 595865 475911 455820 957564 99734 669383 343937 454900 160428 826033 732814 883566 600997 313227 218717 698032 802448 597564 422087 592897 202826 610128 892367 682731 69651 932789 718044 941021 604877 646007 92810 632407 779923 271393 662652 770574 774985 510192 709749 367956 370484 840411 494720 774313 974148 999999999 762894 845360 248858 489304 679856 756780 901971 736882 398596 277544 918443 1057138 787639 765173 125670 276653 581538 572570 530140 260462 868496 1016253 656970 690568 688092 244459 640703 683769 854543 851773 828438 872660 933610 646690 376560 761987 740953 700800 84795 279530 770708 672383 326109 649838 601050 358260 946233 606691 1065842 612626 448246
177090 454796 494270 1078354 832121 712300 355926 722017 289858 733473 338812 794144 137269 109970 126352 964242 449935 753145 191306 427120 479960 890160 496435 589783 161224 328242 845137 783382 663876 61567 733472 966398 856616 711627 558415 155794 511875 638760 328376 345160 263030 176526 907662 553666 327996 617200 82848 382105 762894 999999999 154906 659837 276267 506185 256975 636438 157605 568930 551452 166961 683539 686421 129985 637225 514651 390482 191541 373460 527276 493000 618999 817069 152348 180996 519613 893421 841601 629956 181949 655493 432242 467167 579695 402951 270689 457354 529060 717394 549719 158101 317266 718881 891712 973975 481934 201169 162111 669718 294809 759484
299950 591090 642690 1214645 971330 853379 470843 819541 444692 863397 462911 899654 264629 264330 184382 1107466 541503 867825 346207 577208 632679 1021768 648899 655201 243552 458302 996829 875991 812128 151935 883852 1109802 1006386 807287 712121 72219 578561 792721 479028 495720 382170 331287 1032384 575325 469272 762759 84546 496663 845360 154906 999999999 700947 384532 661034 407984 785837 310809 581011 667273 108458 820072 841159 278975 721728 623072 541925 287557 519394 633438 639295 755465 968293 306812 335754 602069 1041857 993409 781969 29390 809061 574835 602888 733676 469669 421294 611383 683966 812031 599661 82268 472154 741066 1040691 1116750 606678 253655 249116 803718 446948 898781
514400 492884 890797 835169 680456 626383 932587 309775 667385 535889 439428 397751 757433 666057 786187 818938 280347 433476 659709 832753 669619 648995 671388 123336 498715 874070 858612 315625 1011824 603765 1038847 822714 830923 294095 728738 629685 173286 781247 773574 782886 456606 666195 605524 141238 832478 626773 645514 953847 248858 659837 700947 999999999 425001 752893 737888 979012 686302 159482 371926 792076 1114615 900708 703711 208626 330834 619548 474929 558473 318421 908010 1063404 829456 637250 645635 216461 835931 858532 938754 699770 925086 892182 951601 748369 264317 747066 790049 778711 290845 112788 619707 680305 101100 843177 821058 420546 859157 498411 1116941 611708 635368
101319 229756 501306 838776 602288 490743 507697 445778 257702 483444 90400 519630 341646 248034 394424 745048 176496 483711 234848 435428 346036 642110 356987 331699 142496 450241 672381 507251 649465 239498 697041 747801 669739 435369 427146 332995 257426 503690 360262 372106 34210 241239 648659 357829 412042 417454 303489 529268 489304 276267 384532 425001 999999999 412383 315846 616820 262393 386077 282752 438605 725419 594423 283594 363937 240468 261280 97382 206725 252189 513569 667746 641609 213414 220635 249837 697830 669943 588487 399271 592303 483712 540094 450670 163548 326151 414722 440361 441175 312668 326089 277250 504727 699149 753119 225971 457537 136119 722419 209405 531178
412588 261064 181106 678015 441240 332344 399370 588400 216343 425902 342137 601845 435391 398035 543671 531894 477653 526954 315146 168951 84155 537958 86959 631584 496775 338795 361155 652397 259417 522974 290281 532740 386833 589771 78319 647226 586386 142569 219169 208028 382683 330757 591765 737519 281642 228328 582699 401151 679856 506185 661034 752893 412383 999999999 273717 226923 355066 771435 406319 646839 377326 186676 392564 589799 428913 151149 464185 209478 443882 205899 339497 338144 354471 325304 536452 431175 356858 186162 687471 180772 241863 294102 88824 542840 264494 88719 28017 598035 657585 645458 188980 850350 425679 543698 336630 550816 488960 387002 225363 381643
249166 345719 237914 920772 673568 553406 200990 687048 93475 611742 307468 734390 162391 149257 271108 786286 468022 673522 89252 170162 278073 753913 295122 634898 316231 137512 632759 754100 407271 293110 476560 787709 654141 681862 341173 411112 566283 415492 71401 88186 282619 93594 790853 672050 96733 446252 339454 219069 756780 256975 407984 737888 315846 273717 999999999 379504 100522 698333 491350 377603 440071 440377 129047 639518 480315 214018 305487 239773 496405 238644 377046 608038 129893 105904 542900 696259 628633 373992 436449 402518 185466 233359 358492 479333 14049 207834 291405 689369 626674 412087 105208 820363 692102 797396 407808 278764 310267 430582 145940 604392
593132 487955 143472 798661 594061 509242 388704 807932 375113 619758 557918 811638 526944 528325 630702 640865 701948 734201 456194 209345 311029 700836 312086 858167 673487 356382 430845 869959 33060 670526 99382 640384 475158 810592 270910 790400 810994 266530 308122 291336 584254 466788 766199 957428 323379 423036 718956 375693 901971 636438 785837 979012 616820 226923 379504 999999999 479663 990270 631637 742339 168048 169946 507475 815912 655801 365092 649444 426744 670703 151203 158269 422508 500048 471158 762711 521831 425986 52298 814673 99732 222473 227601 260062 760127 365750 202333 202812 818847 881723 791091 349236 1075769 512181 653174 563517 608973 666283 187167 410469 551184
