NAME : synthetic_000815
TYPE : CTSP-D
DIMENSION : 100
GROUPS : 8
RELAXATION_LEVEL : 1
EDGE_WEIGHT_TYPE : EXPLICIT
EDGE_WEIGHT_FORMAT : FULL_MATRIX
EDGE_WEIGHT_SECTION
999999999 323031 355009 350475 752076 477473 377780 508352 919581 653883 246822 842765 942924 142271 307967 444908 933800 448507 458095 1067089 634325 376866 840443 906421 457484 221870 600480 192882 580769 687124 691775 431253 434278 770974 432632 412735 286499 503494 254541 817888 561128 354001 853266 917132 703109 183644 292645 696775 891892 201538 186502 107089 589661 665155 726096 620193 443773 664035 735008 317194 667865 566894 447580 602450 839715 478920 111781 604690 133023 852772 265245 270537 67232 611208 452664 934459 909806 459642 454522 637706 602378 951017 756286 589121 285776 619487 605393 438078 481150 469093 506195 597085 244633 708671 756317 220031 687818 931525 445387 830886
323031 999999999 360861 195244 625059 363609 56072 779507 934143 348017 105861 789726 953654 286677 475196 133563 885926 744698 242746 1075447 406837 235405 824283 971398 563343 101244 290777 474729 544468 864120 799745 720725 143690 710424 334106 258495 390160 231741 249373 892496 421771 97827 710810 974740 846635 321634 52885 645953 640668 488421 171012 400672 402671 730552 606258 586748 566363 359490 548628 594504 687291 468633 393856 723890 882656 773322 248287 468684 191301 829583 65312 320680 372857 892966 348389 924657 820111 722950 204689 841979 540432 960390 775763 770651 488974 362732 791760 506226 762706 556192 589210 427394 482832 748245 779530 160177 496765 933260 618015 646894
355009 360861 999999999 530394 405606 160853 378581 534386 593434 508941 268958 490436 615057 212828 196743 477814 583529 548014 255566 739604 374462 164546 498479 614334 211934 322969 478163 335096 227116 523940 439882 515007 342182 416845 123971 177500 108861 345730 126454 533127 240031 455170 508357 619354 493354 175911 384816 343000 621188 349378 396162 326756 300414 370843 378391 267986 222523 513687 421081 397813 339221 221729 99515 368102 530143 568520 397587 273891 334366 508443 311440 84532 419444 650733 138538 596637 554806 475598 295236 520028 247466 622553 429909 438806 241541 398641 461338 147442 536171 198996 229723 291246 279905 394387 432188 224748 383318 598916 298214 507242
350475 195244 530394 999999999 820275 556493 222773 856595 1118066 486913 262201 982116 1138455 391594 599595 196009 1078394 798771 436849 1261571 592987 426673 1012346 1144512 715500 208628 429381 539464 731543 996974 957821 781679 324230 902959 524174 452295 531539 411913 406590 1062083 616928 107920 905217 1149747 993000 439252 151795 836783 810318 549800 168989 454238 596210 899927 801486 774242 712879 499320 739934 665040 866926 662006 579170 875821 1060102 829264 239834 663905 240070 1018719 222285 471900 368784 961451 539762 1112631 1015069 805457 394905 961526 731111 1145492 956875 899830 598467 540524 919138 667679 831043 714120 749669 621993 574489 924487 959921 306763 688195 1119455 747081 837228
752076 625059 405606 820275 999999999 280270 604830 857139 430668 505706 584806 221142 439069 611348 566056 679439 302349 904400 385441 534353 280941 405381 304175 543755 465636 647214 521409 734363 222380 695992 524801 869569 510885 162337 323264 373661 505328 438598 499295 509839 205285 717534 102862 533021 618300 580350 671827 167495 355878 747664 739951 732361 233470 414979 28112 211549 493615 500512 146961 771887 314235 185429 307096 520421 445095 917722 770047 157702 697478 295803 611554 487641 818568 961500 303524 385436 203205 805200 433594 740727 178841 442091 343323 656470 617581 354764 676472 412552 873921 434563 425864 201811 668386 370957 352161 568044 175066 409579 585638 151833
477473 363609 160853 556493 280270 999999999 356778 689191 580374 388321 308048 426119 598192 340333 355740 446811 522330 708091 156844 717220 218704 130340 464548 638822 329229 370557 371504 491754 192001 634150 512072 674779 281792 346823 44945 105560 269519 245136 222932 570450 84460 460628 378481 638021 584944 317574 404957 283386 460437 506467 461512 472174 140293 417982 256639 231438 349053 390255 264664 558641 349069 105657 80706 460618 542837 727909 489826 127339 417223 468343 338950 227580 544594 804239 25103 564538 462201 631118 210299 646493 178793 604378 430480 560962 402030 255598 583667 257624 693744 305147 322168 130888 440387 416044 435823 287945 223768 575688 437206 356211
377780 56072 378581 222773 604830 356778 999999999 823686 934915 293524 148003 780479 953519 331799 510572 99353 876204 793084 219408 1073616 370267 235441 821163 980432 586835 156012 235856 523590 544323 892854 818269 768154 101567 701234 333113 251664 421247 189903 278283 904130 405668 115367 685873 982477 870238 362456 103181 640036 594895 537635 225986 452013 376254 743278 587915 585727 592312 305187 517771 641202 693088 459273 397769 745892 889029 821273 304279 451252 246809 825121 114657 349560 428658 938228 344893 921259 803604 766383 173459 875248 535529 959938 779764 801262 528448 319997 822833 525861 808628 576986 608303 404043 526656 756242 784116 199982 466159 931792 649980 614671
508352 779507 534386 856595 857139 689191 823686 999999999 759621 1031801 675983 811117 783118 492838 339467 912929 868926 109776 781486 883847 907214 682701 752448 667383 391659 688123 992611 317134 634987 317579 453336 96533 834013 774188 657491 705352 435722 864758 563637 588579 756765 840933 951316 687530 392695 462337 769115 714400 1144111 307073 688456 402561 828884 515465 829895 648833 364005 1038172 926293 191564 592399 709983 612092 388546 656593 94728 620096 776675 621295 771961 714202 503524 510250 117276 669858 809604 915160 59275 810715 232185 679912 791379 641373 261069 303896 932631 256332 451006 44403 422692 433237 813054 297034 581156 635343 623864 898961 789040 271510 994324
919581 934143 593434 1118066 430668 580374 934915 759621 999999999 918042 856344 214273 24432 787388 627542 1027012 178562 849203 733610 147586 693414 700387 127357 147191 471316 914087 921907 808469 390609 472918 306478 817969 861644 270744 601935 683788 633718 812919 719859 182246 554504 1031906 447358 127028 381719 739069 967897 306058 775280 815739 989542 851277 623129 266200 424912 349344 492376 914931 577378 776279 254900 485881 540365 377832 103278 847912 984430 521498 926059 135071 895870 667184 974460 826141 590194 70061 297660 729915 787636 552946 403302 32952 164371 499367 669221 764215 507622 481556 794607 453610 417873 587160 727736 212154 163499 816866 598554 37349 540915 562025
653883 348017 508941 486913 505706 388321 293524 1031801 918042 999999999 407191 721963 930829 570814 694048 291726 807800 1024237 253438 1035930 226141 349841 791698 1003774 710369 440044 58346 765640 561868 1020374 899102 994824 219647 650695 399540 331476 597014 167106 472068 945005 373740 386008 549691 999033 973263 582710 396578 614029 340795 780804 519023 708613 296525 800906 502011 592396 726492 12434 369754 868180 720871 447549 465466 848731 903946 1049403 594471 398560 530474 788304 392466 528299 711476 1149075 396021 883399 703898 972545 221402 1026245 530645 935225 790483 942583 728158 153863 965327 639105 1026262 689256 709302 332124 745613 789188 797456 442414 331081 903412 807009 443346
246822 105861 268958 262201 584806 308048 148003 675983 856344 407191 999999999 727809 876969 183796 369520 238793 823881 645564 229791 1000478 408242 179450 752668 883274 463351 62542 354490 376588 472042 760192 702801 620310 187544 649338 270410 211874 286167 259154 148769 801852 379879 189777 678237 888073 745641 216135 116652 580559 659671 390872 155974 308213 381953 639551 562848 514853 464596 417256 531882 493248 604739 412869 319466 624364 798017 673569 204568 427372 131712 759897 44139 218664 306372 790300 288011 852711 770146 618920 213786 736516 475371 884099 694760 666032 383290 381628 686954 409968 660629 458466 492785 399230 378966 662480 697750 54362 481031 858524 513072 630923
842765 789726 490436 982116 221142 426119 780479 811117 214273 721963 727809 999999999 219832 701749 589656 865391 96280 881744 566280 314239 495827 555449 96042 343342 448177 789308 732433 773841 263417 579994 396896 847648 696067 79332 458448 531403 562665 635357 609907 332702 378630 886621 234449 328608 490856 659574 830364 148458 561010 784420 874796 796023 434591 302100 220322 222720 475539 717612 367836 775629 219249 321490 411197 429277 253312 887931 886581 337769 819890 81169 762364 573609 904846 899451 442378 164345 109552 768639 619033 644294 252503 222176 184990 570421 639083 568832 585860 425451 837831 420697 394790 399157 696902 238635 193476 697752 394355 189680 552479 347756
942924 953654 615057 1138455 439069 598192 953519 783118 24432 930829 876969 219832 999999999 810254 651615 1044993 173242 873147 750507 124808 705595 719428 139167 159814 495434 935051 935975 832729 409501 494380 329834 841999 878977 281295 620804 702116 656890 828685 741416 202998 569832 1051459 450278 138221 403541 762109 988010 321135 779801 840042 1011218 875185 636852 290603 434763 367797 516627 927446 586018 800699 277216 502219 560116 402016 126529 871667 1006984 535621 948141 143727 916195 689486 998074 848661 608645 62632 296026 753813 804494 575091 420367 8522 187053 522649 693460 776967 530578 504850 818321 477482 441867 600869 752004 236110 186621 838053 608975 30763 565336 566660
142271 286677 212828 391594 611348 340333 331799 492838 787388 570814 183796 701749 810254 999999999 208438 420154 793579 462759 345985 934931 514372 253858 702878 785308 338829 198720 523183 196066 439133 605608 580590 436839 356490 629251 295411 288262 155857 408502 120366 698307 424688 353733 713061 794224 605969 50870 279679 555165 772918 210956 228057 142015 460933 540532 585059 479036 330701 579454 602148 309564 533487 425945 305736 494214 712414 490366 199291 466721 155446 714468 221383 128481 207617 606659 315272 798472 767577 436344 355223 570900 460122 818178 623200 508281 208796 510400 527545 307479 476844 344899 382188 464545 196262 578789 623908 133996 556907 797254 355832 696097
307967 475196 196743 599595 566056 355740 510572 339467 627542 694048 369520 589656 651615 208438 999999999 606716 671361 352600 442457 773525 571194 344264 565807 600970 156323 400354 657165 185019 351816 397380 383821 319089 504264 529693 320695 365959 97068 527414 235062 511923 429990 554046 667416 612850 399654 160529 479005 457759 815664 194926 436282 225237 495996 364858 537945 380697 137991 700014 607637 207532 387166 395547 283589 294529 540449 372184 397965 457227 363480 581163 412462 168138 353634 456489 334616 652058 676318 280314 473893 367244 389476 659982 469128 300477 51659 593541 320300 164741 339529 175589 209924 484102 107352 415570 467496 315167 574141 644176 147488 686633
444908 133563 477814 196009 679439 446811 99353 912929 1027012 291726 238793 865391 1044993 420154 606716 999999999 960322 876296 299174 1163706 424498 331054 910879 1076802 686154 228587 234894 606335 637047 991590 917349 852989 169667 786561 426935 343537 519053 244397 376415 1001546 487284 104713 753610 1078284 969580 454907 152268 728361 621805 619711 270492 529921 446582 841184 664886 677723 691420 304158 578583 727246 788450 546202 493382 845241 984316 905212 354944 530818 312017 913827 198785 447879 487208 1026107 437195 1010507 881129 856474 247241 972574 625211 1051189 874045 899495 622065 362970 920934 625148 895666 676318 707519 477686 616359 852457 878692 292770 528311 1022407 747703 671782
933800 885926 583529 1078394 302349 522330 876204 868926 178562 807800 823881 96280 173242 793579 671361 960322 999999999 946418 661149 237499 582277 651726 116567 324352 523946 885279 821268 856324 357254 613484 432752 913002 790815 175508 554696 627547 651167 728185 704424 339332 473122 982747 289177 305179 521766 750238 926644 243751 620114 866201 970283 883043 525544 353473 306643 315603 550150 802779 445493 849478 288308 417523 506626 481029 253739 950204 980558 431032 914588 96977 858597 665937 994923 949938 538657 110638 126020 830432 713563 685314 348511 171963 227682 618294 719437 655892 631244 509048 898683 498461 469220 490610 777940 287772 234101 793279 477413 143637 620258 409376
448507 744698 548014 798771 904400 708091 793084 109776 849203 1024237 645564 881744 873147 462759 352600 876296 946418 999999999 780644 978616 921770 681108 830840 765732 443076 647983 980592 270006 682819 423374 545432 34862 816545 837639 671735 707886 441575 857791 552228 683939 782348 795773 1002421 785072 493321 442365 727353 773061 1168245 256618 634158 348996 848217 595328 876542 702417 414583 1031705 958580 156061 662727 744092 635897 472427 747135 30785 559081 807931 572145 849712 679922 501381 438039 169664 686486 895100 982038 119554 803330 339467 725564 881543 720703 357416 306607 938834 356318 491933 65395 473699 491476 836694 278968 660247 715468 596741 926413 876707 329694 1033870
458095 242746 255566 436849 385441 156844 219408 781486 733610 253438 229791 566280 750507 345985 442457 299174 661149 780644 999999999 867187 178844 99567 614482 795641 460021 286698 224560 532357 348255 772008 663052 749881 129827 487567 153230 78067 345780 92519 232772 726943 188188 332505 468369 794669 730683 346113 292529 431169 434107 547710 381694 487996 160003 572779 368636 386487 474726 258492 307597 625076 505913 248754 222849 604872 699380 804422 433871 232565 360028 616442 242818 279787 523152 898688 155340 713412 584575 722224 54037 774151 330308 756351 586666 691345 479117 164416 714042 389604 778206 440790 463906 185271 501954 572830 592200 238991 255862 726778 553742 406531
1067089 1075447 739604 1261571 534353 717220 1073616 883847 147586 1035930 1000478 314239 124808 934931 773525 1163706 237499 978616 867187 999999999 809802 840584 252847 221971 617202 1058948 1044850 953090 530992 581071 433387 948681 996430 386352 741789 821957 781299 942437 865897 295277 683360 1173274 526448 199788 494374 886654 1110766 436027 856999 959886 1135755 997828 745865 409867 534561 488733 637369 1031727 679989 915360 402024 618437 682625 512979 236743 974860 1131781 646302 1072890 251226 1039288 814289 1121674 940162 728884 154171 361236 859080 920973 665637 538533 117108 311774 622983 814120 882528 628019 629107 921219 600410 564335 710041 872334 359003 311078 962204 708455 142210 680644 646846
634325 406837 374462 592987 280941 218704 370267 907214 693414 226141 408242 495827 705595 514372 571194 424498 582277 921770 178844 809802 999999999 260574 566612 784972 544313 463565 241039 690144 354905 840739 701004 889097 268756 424908 250499 226293 480278 182089 395510 731537 168642 485251 336097 778857 782735 506016 459180 391760 258611 705358 557907 655386 85306 596845 276018 379487 565712 222067 156029 769473 509181 239746 298328 662733 684581 942814 612595 180339 538848 562666 417993 426091 700137 1022634 237359 657422 481856 848864 202760 859979 317607 709817 572083 773635 615200 73836 796158 473428 910466 518248 530337 115713 648240 576926 579544 416823 109357 677865 655268 247297
376866 235405 164546 426673 405381 130340 235441 682701 700387 349841 179450 555449 719428 253858 344264 331054 651726 681108 99567 840584 260574 999999999 589017 745751 375256 241922 315195 434948 309927 687877 592952 650315 180347 476287 98816 35994 247289 183709 136175 670953 200695 333089 499611 747374 653424 248871 274957 410717 519174 450289 334720 395231 213499 511483 383435 351889 386991 355753 361442 525610 457749 235984 162448 527425 653690 704855 371107 248083 296962 594183 208687 180270 443584 799955 113197 689374 592117 623427 131436 684291 305115 726018 544350 603352 379836 260678 625877 307497 678848 359487 386640 224883 402504 521414 548675 167535 312568 698469 461167 459362
840443 824283 498479 1012346 304175 464548 821163 752448 127357 791698 752668 96042 139167 702878 565807 910879 116567 830840 614482 252847 566612 589017 999999999 247626 414556 812348 796946 750635 280828 500463 318357 797611 743621 143419 490218 569515 554682 690919 623302 239161 431813 922055 329444 233582 409378 657117 860981 183506 652708 759790 892639 782728 497761 236985 297657 238103 439766 788374 450551 737391 178779 365738 433377 364463 157787 834173 895371 396707 832764 20330 790307 577608 899310 833588 476751 100380 198531 714406 668328 570282 285782 143870 111121 502016 612338 637835 515300 407125 782479 390850 359461 461780 671182 171318 117583 717023 471197 112855 506134 439869
906421 971398 614334 1144512 543755 638822 980432 667383 147191 1003774 883274 343342 159814 785308 600970 1076802 324352 765732 795641 221971 784972 745751 247626 999999999 449080 936388 1000214 770110 448115 359738 227970 737254 918468 381813 651157 735632 629585 881669 738299 89334 630976 1067663 577016 23015 275166 734831 998776 394482 897358 774853 1002156 825361 707566 245811 532564 412971 463270 1002180 686735 716582 289854 557918 583488 315830 100518 759894 984569 606005 933968 262577 925458 676704 954598 719133 643294 217251 438302 646735 849076 445011 473863 165003 213307 408333 634668 851800 411076 480686 706263 440415 403120 672416 690444 224361 206355 838000 700051 184262 487243 685537
457484 563343 211934 715500 465636 329229 586835 391659 471316 710369 463351 448177 495434 338829 156323 686154 523946 443076 460021 617202 544313 375256 414556 449080 999999999 507908 684555 338254 243354 312733 242992 408279 554053 396880 311007 383209 185419 552150 314783 360917 381248 653116 561133 459658 283538 287980 579537 330297 763326 346481 562162 381060 460605 209020 438295 259605 28493 713795 539886 327477 236158 324951 248622 161038 384588 454052 537322 393284 491445 430977 507426 245041 507494 498495 316493 497554 542955 339720 504019 317375 288303 503819 314255 232446 198990 584731 255200 71711 408732 31078 55117 438543 257886 259534 312171 412102 517572 488566 120487 603460
221870 101244 322969 208628 647214 370557 156012 688123 914087 440044 62542 789308 935051 198720 400354 228587 885279 647983 286698 1058948 463565 241922 812348 936388 507908 999999999 384419 378184 532144 796218 749709 625212 223855 711023 332583 273976 325438 304377 198133 853584 442181 155055 740242 941983 787453 240795 81174 641744 710938 391366 95193 301419 441861 691502 625349 574947 506500 450933 591660 500323 661239 475268 379805 668647 853111 677070 155891 489707 91298 820009 48423 263546 273463 799852 350363 912176 832599 632811 264228 766827 536807 942297 751640 700319 406807 431542 720503 459057 669020 505734 541130 460308 393599 717355 754315 98395 540481 917227 546903 690791
600480 290777 478163 429381 521409 371504 235856 992611 921907 58346 354490 732433 935975 523183 657165 234894 821268 980592 224560 1044850 241039 315195 796946 1000214 684555 384419 999999999 718913 553872 996540 883411 951944 167818 658506 376409 301668 560201 132573 429854 937527 369763 327824 574616 996793 953847 538251 338737 616072 391068 733948 461677 658982 299264 788784 514653 587274 698906 70522 393414 824725 713653 442319 444823 828346 901294 1006422 538042 400428 475280 795028 337321 489750 656872 1109762 375680 891247 722885 933478 183848 997938 526491 940816 787553 915612 688730 167487 938283 614150 985227 665254 687697 335221 702903 781801 794078 392505 349985 909494 776035 474604
192882 474729 335096 539464 734363 491754 523590 317134 808469 765640 376588 773841 832729 196066 185019 606335 856324 270006 532357 953090 690144 434948 750635 770110 338254 378184 718913 999999999 529086 509728 545071 247221 552520 711923 449550 466099 229443 601575 299586 680843 573975 527618 837025 784006 538821 186258 457990 638986 945931 15352 371428 85939 626198 543223 706481 561129 316105 773961 755379 125602 571901 554587 433865 455219 717768 298902 304045 608986 305409 766122 410055 265659 208396 424173 467476 835726 857984 266949 547585 452464 562885 841167 652476 413637 139350 695566 427278 348390 293123 359928 392992 622381 80760 597429 650420 329451 715488 826686 285526 842319
580769 544468 227116 731543 222380 192001 544323 634987 390609 561868 472042 263417 409501 439133 351816 637047 357254 682819 348255 530992 354905 309927 280828 448115 243354 532144 553872 529086 999999999 498158 346913 647963 473644 190214 211341 293529 306608 433558 347251 383757 189146 642295 319685 446533 432008 398496 580271 116033 536626 541247 614464 540701 271237 241964 194948 42814 271256 561563 308375 554115 159786 115599 152602 318337 351157 695615 623366 177666 557468 287888 509479 310728 643911 740504 199862 381087 331908 582823 402030 531607 46414 416101 238496 445423 403398 414204 466668 192057 651552 212301 206136 239236 457511 227949 243947 437894 296975 388795 363576 362164
687124 864120 523940 996974 695992 634150 892854 317579 472918 1020374 760192 579994 494380 605608 397380 991590 613484 423374 772008 581071 840739 687877 500463 359738 312733 796218 996540 509728 498158 999999999 183131 399758 866012 568845 621104 695669 474082 864356 615431 291619 672576 948206 771621 381426 92073 557825 873279 530680 1033968 508514 832857 586025 755478 285308 672999 490697 302064 1023188 805408 417340 384878 605664 555200 179858 371403 412219 788124 672868 759984 520786 804080 543905 716581 359423 624495 532912 689527 310374 816695 86645 543229 502022 395243 98201 403879 888529 82451 382411 359781 331385 312065 728390 443125 343033 387027 706521 794813 506803 249901 846879
691775 799745 439882 957821 524801 512072 818269 453336 306478 899102 702801 396896 329834 580590 383821 917349 432752 545432 663052 433387 701004 592952 318357 227970 242992 749709 883411 545071 346913 183131 999999999 515302 772962 388835 510069 592134 428385 754757 554115 140765 533201 892025 594140 244568 95295 529742 819415 357443 872198 549047 805097 604760 616440 110072 503796 329873 250159 900167 644869 488668 210570 461290 440216 90169 203308 542614 777793 524501 734149 338683 746595 486187 735727 521836 508352 359642 506440 425879 712928 252740 388260 338070 212115 192904 412513 756914 202039 293523 489105 244358 210535 585634 466432 161121 203931 652901 640990 336942 260361 676620
431253 720725 515007 781679 869569 674779 768154 96533 817969 994824 620310 847648 841999 436839 319089 852989 913002 34862 749881 948681 889097 650315 797611 737254 408279 625212 951944 247221 647963 399758 515302 999999999 788763 803079 638857 676526 409182 828114 522777 654508 748513 774692 967561 756261 466379 414143 705193 738326 1134724 234705 615587 329014 814986 562563 841718 667581 379786 1002109 924356 127656 628743 709668 602075 440622 716242 54598 542630 773707 551780 816387 655690 470265 425613 180343 653375 862962 947629 90803 773658 317621 690737 850419 687698 329416 273947 907215 329757 457125 55462 438880 456863 803057 249221 627276 682585 570597 892515 845021 295363 999282
434278 143690 342182 324230 510885 281792 101567 834013 861644 219647 187544 696067 878977 356490 504264 169667 790815 816545 129827 996430 268756 180347 743621 918468 554053 223855 167818 552520 473644 866012 772962 788763 999999999 617390 267838 183313 408787 88809 270858 846661 317707 216534 588246 918584 833604 374666 196470 560527 496986 567443 309872 491233 279215 689051 495678 513179 564153 229763 417522 661184 628755 378096 337050 707658 823748 843033 379687 361167 312699 745922 175518 336329 492534 950677 275223 842817 711937 775255 77631 858140 458617 884959 711955 779242 531244 219660 801544 487379 824174 539383 566967 309101 540646 694485 717095 224820 366146 855673 633010 513806
770974 710424 416845 902959 162337 346823 701234 774188 270744 650695 649338 79332 281295 629251 529693 786561 175508 837639 487567 386352 424908 476287 143419 381813 396880 711023 658506 711923 190214 568845 388835 803079 617390 999999999 379577 452077 494795 558178 534004 352974 300373 807293 207352 370734 484122 588632 751233 74361 515899 723222 797283 728979 359552 283744 154280 152263 425082 646954 307691 722902 187301 242165 334166 404556 283972 846136 811132 260811 743533 137841 683496 500795 834075 868806 363292 232891 146837 728168 540537 625137 174601 285196 188762 546049 580272 496961 563583 365024 797750 367572 346275 323778 636956 228137 197853 620253 327874 253077 508305 305491
432632 334106 123971 524174 323264 44945 333113 657491 601935 399540 270410 458448 620804 295411 320695 426935 554696 671735 153230 741789 250499 98816 490218 651157 311007 332583 376409 449550 211341 621104 510069 638857 267838 379577 999999999 84565 230880 245506 178115 578834 129298 431848 422418 651890 577664 273364 372386 312617 498987 464399 421781 427872 177880 421955 298914 253137 328170 402808 308639 520558 361892 143357 70028 451999 557567 692448 447012 172068 375005 495515 303927 184383 499729 773435 20044 590581 500620 598905 203068 627723 206943 627348 447136 543408 365141 277895 566162 239598 660025 289794 311291 173091 400810 426938 451757 246526 266353 599693 412646 400953
412735 258495 177500 452295 373661 105560 251664 705352 683788 331476 211874 531403 702116 288262 365959 343537 627547 707886 78067 821957 226293 35994 569515 735632 383209 273976 301668 466099 293529 695669 592134 676526 183313 452077 84565 999999999 269808 169108 169254 663350 168399 355219 466364 736189 656756 280674 301294 388894 484704 481404 367736 429093 177510 506007 352564 334447 397239 336389 325658 553017 446197 210142 153850 530719 641689 730941 406360 215980 332091 573663 238108 206604 479504 822439 93667 669652 563535 646138 121624 696419 283995 708462 530741 613945 404207 231241 636615 313395 703242 364959 389548 189512 430173 511462 535554 203029 276627 680172 475684 423753
286499 390160 108861 531539 505328 269519 421247 435722 633718 597014 286167 562665 656890 155857 97068 519053 651167 441575 345780 781299 480278 247289 554682 629585 185419 325438 560201 229443 306608 474082 428385 409182 408787 494795 230880 269808 999999999 430347 143040 542867 348697 474879 608106 638377 462025 105917 400230 420594 729507 243173 376746 234234 408462 384676 477541 342532 181345 603036 529437 289679 381371 325237 205379 344513 556863 463207 355133 381155 306235 567562 330138 72781 344667 552909 246671 648031 638432 376469 376842 454119 336618 664928 470035 380624 135329 498919 401927 152381 433694 189287 226503 400082 171049 423853 470281 232767 492163 645087 228734 614051
503494 231741 345730 411913 438598 245136 189903 864758 812919 167106 259154 635357 828685 408502 527414 244397 728185 857791 92519 942437 182089 183709 690919 881669 552150 304377 132573 601575 433558 864356 754757 828114 88809 558178 245506 169108 430347 999999999 305589 815218 259141 304007 509463 879730 823118 417192 284624 507629 409452 616834 394286 548609 205203 662936 426197 469826 566341 174010 334427 701737 592701 327383 314792 697348 784201 882707 459668 297593 389550 691220 256191 361236 565022 982028 246443 788268 641526 805511 54463 865384 411142 834128 670817 783052 561065 131015 805719 481947 859186 533226 556411 238508 578969 660260 676776 285479 283940 803735 643775 428870
254541 249373 126454 406590 499295 222932 278283 563637 719859 472068 148769 609907 741416 120366 235062 376415 704424 552228 232772 865897 395510 136175 623302 738299 314783 198133 429854 299586 347251 615431 554115 522777 270858 534004 178115 169254 143040 305589 999999999 655496 306682 338413 599683 744076 597592 113343 265314 461498 653743 314938 269898 259961 340567 493377 473930 389388 317013 479477 482442 396168 465660 315151 200849 475732 655839 577348 277258 350183 210227 632558 192740 71527 321680 680557 198154 722048 666230 504718 251137 597157 360379 748880 556359 523096 260412 396233 544594 261723 555379 309758 344334 344641 273557 520055 558599 99827 436732 724986 371731 577207
817888 892496 533127 1062083 509839 570450 904130 588579 182246 945005 801852 332702 202998 698307 511923 1001546 339332 683939 726943 295277 731537 670953 239161 89334 360917 853584 937527 680843 383757 291619 140765 654508 846661 352974 578834 663350 542867 815218 655496 999999999 571316 987944 557834 104078 201562 647673 917934 349313 865703 685673 917059 736134 650990 162303 494741 352996 374394 944271 646817 629070 224173 497463 509831 227063 85725 679686 897429 551221 848174 257975 844558 592253 865554 647933 572617 246038 437686 564496 779660 373541 415017 210519 166591 327722 545340 795303 332958 395717 626032 353588 316459 616842 601127 155865 157867 755322 654205 217483 398453 657852
561128 421771 240031 616928 205285 84460 405668 756765 554504 373740 379879 378630 569832 424688 429990 487284 473122 782348 188188 683360 168642 200695 431813 630976 381248 442181 369763 573975 189146 672576 533201 748513 317707 300373 129298 168399 348697 259141 306682 571316 999999999 516008 299141 627142 614140 401807 467404 248696 387456 588518 535402 556428 83452 430563 184812 218700 404398 372972 181410 635662 347255 73892 146451 494213 531705 800842 569120 47585 495644 432134 406288 311194 628314 870042 109563 529205 398589 699699 240461 694242 157162 575170 417985 607617 478205 225063 629984 311977 764266 353755 363342 57299 519668 415555 424662 365774 144172 544650 496244 271765
354001 97827 455170 107920 717534 460628 115367 840933 1031906 386008 189777 886621 1051459 353733 554046 104713 982747 795773 332505 1173274 485251 333089 922055 1067663 653116 155055 327824 527618 642295 948206 892025 774692 216534 807293 431848 355219 474879 304007 338413 987944 516008 999999999 800322 1071370 935343 395383 75050 743399 703788 539998 171720 446847 490816 825776 699715 684569 654220 398296 633114 651601 784528 565255 491572 814115 979661 825435 256374 562407 223964 927258 145691 408402 390286 951283 445916 1022425 914592 786348 288485 921054 637959 1058204 873240 853101 561815 432706 873616 598756 820227 647811 681716 517729 547926 844960 876919 242164 581475 1031087 699741 730029
853266 710810 508357 905217 102862 378481 685873 951316 447358 549691 678237 234449 450278 713061 667416 753610 289177 1002421 468369 526448 336097 499611 329444 577016 561133 740242 574616 837025 319685 771621 594140 967561 588246 207352 422418 466364 608106 509463 599683 557834 299141 800322 999999999 562866 689203 682827 759408 243125 331112 850258 834067 835108 309620 486650 130567 302497 589427 542574 181203 872436 386780 287569 409631 601075 483740 1014791 867774 252303 794569 315608 702426 590095 919957 1053089 402468 390354 166595 900725 512573 822657 278414 451402 395743 740394 719022 407852 759401 511480 969852 530108 518258 283439 770458 434501 404844 664754 227324 419553 680095 120962
917132 974740 619354 1149747 533021 638021 982477 687530 127028 999033 888073 328608 138221 794224 612850 1078284 305179 785072 794669 199788 778857 747374 233582 23015 459658 941983 996793 784006 446533 381426 244568 756261 918584 370734 651890 736189 638377 879730 744076 104078 627142 1071370 562866 999999999 295893 743941 1003151 387420 885318 789089 1009300 837693 702564 253743 522836 410134 474913 997162 677075 733101 290001 554564 584940 331051 95574 779708 993510 600705 941706 247504 929921 683644 966304 740710 643377 196912 421101 665890 848308 466378 470328 143070 209271 427831 647746 846518 431203 488334 726053 449623 412283 667181 704033 226520 203002 843596 691929 163693 502375 672945
703109 846635 493354 993000 618300 584944 870238 392695 381719 973263 745641 490856 403541 605969 399654 969580 521766 493321 730683 494374 782735 653424 409378 275166 283538 787453 953847 538821 432008 92073 95295 466379 833604 484122 577664 656756 462025 823118 597592 201562 614140 935343 689203 295893 999999999 556029 861231 451299 962970 540153 833790 607927 697588 203492 596641 419019 281206 975111 734906 462712 304339 544073 509063 126078 279706 485903 797473 609324 761390 429675 789777 526980 739956 446499 578382 440987 600384 375579 778367 171988 475260 411307 305866 137938 417531 835275 137039 346435 432413 294515 267231 668284 465064 256366 297421 693474 728426 415202 257878 769993
183644 321634 175911 439252 580350 317574 362456 462337 739069 582710 216135 659574 762109 50870 160529 454907 750238 442365 346113 886654 506016 248871 657117 734831 287980 240795 538251 186258 398496 557825 529742 414143 374666 588632 273364 280674 105917 417192 113343 647673 401807 395383 682827 743941 556029 999999999 320539 514310 763273 201610 277765 154622 446023 490334 553438 437250 279921 590557 582002 286649 485872 395316 273255 443510 662779 468484 249767 441313 205521 669255 257150 92736 245455 578011 292566 751775 729137 404462 362897 526065 422555 770097 575115 461002 167465 509376 480725 258166 450106 294429 331749 445836 166350 529656 575577 162599 539015 749731 307932 673411
292645 52885 384816 151795 671827 404957 103181 769115 967897 396578 116652 830364 988010 279679 479005 152268 926644 727353 292529 1110766 459180 274957 860981 998776 579537 81174 338737 457990 580271 873279 819415 705193 196470 751233 372386 301294 400230 284624 265314 917934 467404 75050 759408 1003151 861231 320539 999999999 684999 693452 470872 124787 379391 452495 755639 652209 622906 580036 408295 599491 580859 718115 510552 428148 740575 912367 756669 206644 514692 159762 867150 73376 334556 336496 880506 387993 961311 864703 713932 256676 846049 579326 994956 807596 778083 487252 415618 798577 526615 749584 575066 609437 476047 474773 777121 810915 167762 547638 968587 624711 698028
696775 645953 343000 836783 167495 283386 640036 714400 306058 614029 580559 148458 321135 555165 457759 728361 243751 773061 431169 436027 391760 410717 183506 394482 330297 641744 616072 638986 116033 530680 357443 738326 560527 74361 312617 388894 420594 507629 461498 349313 248696 743399 243125 387420 451299 514310 684999 999999999 519826 650513 726549 654813 317936 247823 148003 78184 358748 611529 297666 653841 146976 182443 262890 358102 293971 782939 738318 215936 671439 185468 615995 426751 759761 812942 297578 282291 219003 666244 484947 579625 105674 326505 183967 497296 508698 460623 516280 293525 735797 300155 282277 282082 564813 204325 192203 549534 306164 296190 445306 319315
891892 640668 621188 810318 355878 460437 594895 1144111 775280 340795 659671 561010 779801 772918 815664 621805 620114 1168245 434107 856999 258611 519174 652708 897358 763326 710938 391068 945931 536626 1033968 872198 1134724 496986 515899 498987 484704 729507 409452 653743 865703 387456 703788 331112 885318 962970 763273 693452 519826 999999999 961031 802893 913701 321120 762312 372000 544177 788118 329139 228560 1018989 663294 438455 533252 854467 799855 1187491 863955 370042 791326 641165 663502 680556 957220 1256904 482842 720809 495894 1087148 446846 1067461 490966 781351 699153 980913 862455 279563 1002520 696544 1151618 734171 737521 331834 899796 724071 707960 673093 245904 749207 881120 213256
201538 488421 349378 549800 747664 506467 537635 307073 815739 780804 390872 784420 840042 210956 194926 619711 866201 256618 547710 959886 705358 450289 759790 774853 346481 391366 733948 15352 541247 508514 549047 234705 567443 723222 464399 481404 243173 616834 314938 685673 588518 539998 850258 789089 540153 201610 470872 650513 961031 999999999 382254 95565 641184 550087 719746 572785 323636 789152 769907 115675 581012 568406 447952 459457 724165 285799 313153 623242 317200 775486 423892 280654 212550 412621 482246 844026 869468 258272 562863 449217 575560 848499 660711 413152 147577 710912 426120 359071 281712 368942 401411 637153 88656 605153 658480 344122 730224 834484 288911 856526
186502 171012 396162 168989 739951 461512 225986 688456 989542 519023 155974 874796 1011218 228057 436282 270492 970283 634158 381694 1135755 557907 334720 892639 1002156 562162 95193 461677 371428 614464 832857 805097 615587 309872 797283 421781 367736 376746 394286 269898 917059 535402 171720 834067 1009300 833790 277765 124787 726549 802893 382254 999999999 286882 537004 756347 717510 657052 556527 530501 686831 497016 735018 565099 463659 720273 923141 664391 84766 582801 72873 901393 140038 325673 218575 794694 440275 991698 922387 636778 357187 794507 622683 1018714 825765 735161 431602 523337 753912 521531 663924 564444 601118 555073 405719 787580 827770 177049 635671 994883 583424 785956
107089 400672 326756 454238 732361 472174 452013 402561 851277 708613 308213 796023 875185 142015 225237 529921 883043 348996 487996 997828 655386 395231 782728 825361 381060 301419 658982 85939 540701 586025 604760 329014 491233 728979 427872 429093 234234 548609 259961 736134 556428 446847 835108 837693 607927 154622 379391 654813 913701 95565 286882 999999999 598976 589957 705106 576719 363143 717708 736491 211036 605712 548104 425724 514643 765564 378822 218107 595730 223153 796772 337408 246366 132044 507816 447149 872591 872593 352882 495928 533221 569165 883488 690836 488594 192436 652410 503798 375603 377061 397712 433500 599995 143411 639124 689806 266491 693056 866491 350554 828019
589661 402671 300414 596210 233470 140293 376254 828884 623129 296525 381953 434591 636852 460933 495996 446582 525544 848217 160003 745865 85306 213499 497761 707566 460605 441861 299264 626198 271237 755478 616440 814986 279215 359552 177880 177510 408462 205203 340567 650990 83452 490816 309620 702564 697588 446023 452495 317936 321120 641184 537004 598976 999999999 513122 221289 298049 482651 294633 149930 698060 427548 155671 217240 577428 607576 868177 581951 102095 507522 495777 400279 360539 656606 943492 161894 592100 436323 771011 203000 775473 236000 641622 494264 689014 541924 144430 711488 390182 833955 434032 445347 35984 578679 495655 501373 379694 99504 610246 573170 248990
665155 730552 370843 899927 414979 417982 743278 515465 266200 800906 639551 302100 290603 540532 364858 841184 353473 595328 572779 409867 596845 511483 236985 245811 209020 691502 788784 543223 241964 285308 110072 562563 689051 283744 421955 506007 384676 662936 493377 162303 430563 825776 486650 253743 203492 490334 755639 247823 762312 550087 756347 589957 513122 999999999 393763 221366 227745 801255 535286 511506 100851 357452 352172 128094 175607 597737 739805 418463 688246 256525 682263 430956 716371 598595 417494 302159 410428 478041 624485 343199 281135 299104 125955 268399 404315 655458 283815 234891 545763 196356 159078 481149 462467 65714 120256 593190 532750 287751 276449 566757
726096 606258 378391 801486 28112 256639 587915 829895 424912 502011 562848 220322 434763 585059 537945 664886 306643 876542 368636 534561 276018 383435 297657 532564 438295 625349 514653 706481 194948 672999 503796 841718 495678 154280 298914 352564 477541 426197 473930 494741 184812 699715 130567 522836 596641 553438 652209 148003 372000 719746 717510 705106 221289 393763 999999999 185947 466198 497453 154241 743791 293409 159202 280225 496466 433028 889994 745925 137589 673709 291036 590672 460776 792445 934715 279359 383458 216262 777732 418118 716154 150991 438283 328213 631511 589471 349432 651727 384648 846374 407234 399215 187832 640325 352325 336878 544580 174459 405914 558431 173884
620193 586748 267986 774242 211549 231438 585727 648833 349344 592396 514853 222720 367797 479036 380697 677723 315603 702417 386487 488733 379487 351889 238103 412971 259605 574947 587274 561129 42814 490697 329873 667581 513179 152263 253137 334447 342532 469826 389388 352996 218700 684569 302497 410134 419019 437250 622906 78184 544177 572785 657052 576719 298049 221366 185947 999999999 288055 591436 315909 579076 129698 145137 195404 312291 314561 713653 665004 199360 599610 245075 552223 350901 682673 751130 240885 338407 297016 598616 440457 530669 62051 374265 201014 445702 431880 442311 466087 217245 667902 228782 215797 264215 487500 197632 207138 480578 311391 346588 377748 358664
