NAME : synthetic_000765
TYPE : CTSP-D
DIMENSION : 100
GROUPS : 8
RELAXATION_LEVEL : 1
EDGE_WEIGHT_TYPE : EXPLICIT
EDGE_WEIGHT_FORMAT : FULL_MATRIX
EDGE_WEIGHT_SECTION
999999999 334710 392157 280860 598863 736857 386627 491128 445106 259017 438860 591497 543245 235682 520900 453987 565579 466294 270614 439330 683205 185552 581691 307537 169263 517934 323075 607317 537255 493379 269099 608275 429449 538692 577298 233810 428786 466963 174923 747466 402320 482254 412609 500004 517848 666584 463103 540131 408286 503534 678331 268271 431791 322087 304539 216076 261889 186227 214166 187195 648058 255387 521504 381924 494642 203369 421790 258603 568833 477075 511601 327864 387530 374464 488353 472271 619695 476121 662419 209252 630916 23592 353667 63686 480794 227486 383551 449301 729166 521232 335699 515737 587269 264011 398211 523923 267770 654974 531074 217267
334710 999999999 506817 225485 279165 444944 433033 707515 701897 282019 364442 534860 506754 478114 328608 648307 232354 167073 137898 105872 366976 429084 247053 480902 415785 245184 587914 450862 202880 672525 310955 284408 673945 820685 329366 220347 462210 641547 466762 596541 612143 305018 320259 168517 185912 401371 245905 211733 655711 300398 562349 499390 318336 655580 411274 414174 563576 496037 491674 172817 423731 448280 709299 324961 514205 412910 582942 524118 292109 394143 651629 628518 580635 262450 307781 748776 584759 144037 524644 542854 377919 318105 28902 395989 196295 221753 478564 333577 579511 312824 627123 391720 603372 220825 65196 528208 600138 455994 614612 368785
392157 506817 999999999 611497 634442 679074 768584 238185 288811 225147 245921 955019 911386 618173 815224 836136 696615 673501 368928 566106 689177 572996 685851 100107 237727 503442 245501 927004 663045 877965 637895 767879 251184 856149 833941 569161 810167 853506 286926 1074830 165076 373350 749972 649507 613977 582964 737567 694395 770137 410663 1021231 651322 291241 485185 100328 179672 315850 529743 582390 363635 925120 147319 215074 730773 875861 594961 90911 627165 798906 824283 144839 650084 773165 294196 379044 803239 991281 627178 994168 426213 883953 408277 501851 380376 703062 289026 33483 779634 1056735 423975 314941 322093 970706 595399 560661 902713 519237 950433 922509 606780
280860 225485 611497 999999999 486868 663352 208045 759414 723139 403940 545403 346770 307676 301882 241521 434332 386962 250318 297437 308506 573690 265696 420482 550710 434130 470595 600930 328517 370473 453977 91539 398708 704592 636946 309096 47204 239565 423040 454685 472310 666005 517144 139203 324508 381943 626123 194797 349078 461179 518791 411178 313222 510308 575391 511576 462851 542533 365387 334769 255871 370064 503679 780380 120805 296407 235234 665984 353455 316040 212795 749655 471518 369974 447369 520978 564778 388561 307515 388518 468770 361398 257284 254276 339797 247987 339289 591516 172241 453961 532788 616555 592670 389734 17119 254777 315116 493112 374236 389785 176629
598863 279165 634442 486868 999999999 184104 683725 867503 889991 447442 405603 726443 713531 757216 473383 920106 155844 276543 338571 179300 87949 708214 112396 650415 636168 133872 792001 589555 143781 940840 577694 225004 856303 1099850 411784 493035 705035 909893 699208 710683 779455 278593 537778 182959 106856 189186 404932 192008 933894 244436 710545 777998 351614 909995 562896 613238 792513 771029 770212 415113 501643 636087 849433 557940 745468 691719 724006 803241 349115 597401 766742 906137 854009 340691 275092 1027925 781561 189281 662686 799535 433411 585784 253349 655388 305051 416529 601161 534000 697625 239639 844637 369911 823367 486906 232851 751360 866577 553326 859994 645502
736857 444944 679074 663352 184104 999999999 864272 917182 958244 537907 433255 909999 897615 918413 655588 1092954 333008 460584 466354 355431 115787 867318 287697 720080 739786 218979 875945 769193 326331 1116006 752800 390750 921976 1258297 588367 664598 887050 1085004 807892 884057 838806 307921 721391 366969 289982 97656 588790 372363 1098502 271712 889835 941730 390119 1030299 629882 704589 894632 917961 925299 549735 673462 718520 886580 740473 928872 855037 769670 961598 525174 781505 792378 1057168 1025527 409360 301789 1187271 965245 373068 841103 924562 603887 727547 416752 787154 488548 527143 646074 718094 872028 256595 936131 365607 1007417 661732 408888 935246 1000375 727143 1042062 813455
386627 433033 768584 208045 683725 864272 999999999 874454 817664 583779 741025 220405 168594 253237 305128 269271 565073 421967 497463 509155 768395 255583 604254 691694 555890 677698 698918 312827 555396 274526 137029 556419 807484 516050 402244 226927 42161 245773 551582 416844 788080 723136 167950 509530 577038 832164 316074 523905 337814 726176 331517 240638 710502 594048 672788 599900 619992 365514 307102 441464 416049 640265 907755 133204 108065 216772 807145 297290 438241 165863 896043 411171 222461 646785 727212 449283 237254 496973 335749 509332 442043 366295 461674 425394 406396 523813 754246 195969 400283 740432 694513 794707 202136 215413 456243 137642 494374 390995 181740 173464
491128 707515 238185 759414 867503 917182 874454 999999999 101814 433123 483939 1082622 1034182 668938 987025 869235 916256 873340 573901 781733 925645 637294 910311 226868 325856 738567 182017 1087292 882734 913863 760058 983219 81517 815234 1022008 712901 916448 895280 323470 1231691 95822 611397 897086 863587 837698 820875 916187 908909 779160 648656 1166901 699694 529146 412129 306727 300794 276073 556197 620067 543293 1106676 262212 66307 869824 981682 669686 147531 658964 995505 965468 158896 637303 817252 527090 617141 778736 1109854 840031 1147574 411857 1074401 513419 708503 449359 899357 486604 271395 931603 1213340 662122 219333 557583 1071560 742335 767511 1012081 488274 1123934 999911 701441
445106 701897 288811 723139 889991 958244 817664 101814 999999999 443986 529311 1031572 981717 597414 958447 788586 921853 863685 575431 785738 954929 571230 920908 240349 293850 766365 122240 1051329 888813 833417 712308 984061 37687 719052 1002454 675970 859096 816709 270398 1192508 123853 650325 857456 864914 848433 864144 892521 909956 693503 686695 1122946 626610 568270 316223 329982 287955 200317 480677 545833 531064 1082158 257027 167686 826985 923169 606231 207993 581842 981838 921957 249849 548800 740500 555025 656483 685727 1054763 840704 1107508 330934 1055725 468457 707026 394632 886868 487661 318958 893693 1174197 701656 131481 609414 1010046 706053 764842 954523 399228 1094593 931001 644337
259017 282019 225147 403940 447442 537907 583779 433123 443986 999999999 179896 750709 710737 491858 592906 707050 483166 448984 144372 348737 517011 439590 478589 207723 203048 329785 345037 707612 449669 744033 447396 550544 411552 792688 608841 366445 623379 715921 272556 855683 339940 244292 538829 431040 405922 452287 513958 476329 667252 274010 806905 523525 178884 499353 129768 167946 356750 440039 473173 148163 700459 188654 429080 524746 687161 449011 301848 517579 574105 614832 369969 579720 638676 132437 250852 728496 791583 407793 776843 401231 658810 263642 278658 285036 478109 66159 198204 565428 837784 291496 400687 259124 782752 389160 337803 710829 487095 727086 752895 441499
438860 364442 245921 545403 405603 433255 741025 483939 529311 179896 999999999 885990 851234 670577 693017 884001 496937 514371 248621 383478 450212 617893 476204 297830 361100 271735 460040 815162 464835 919842 604190 573912 492309 971332 684914 515615 778375 891129 430650 960962 407632 130699 669421 463995 409167 337048 610218 505396 846991 167958 924892 701854 55202 657710 211036 309651 499897 619320 653026 301019 781866 309715 454840 663395 839471 625075 336419 697345 637518 745856 364858 758180 815097 102141 135753 907850 931707 445759 888580 568661 728593 442768 347193 463087 548200 223195 213126 689561 943953 179673 525809 86536 934113 533069 397994 860059 658223 818177 916424 612118
591497 534860 955019 346770 726443 909999 220405 1082622 1031572 750709 885990 999999999 51935 472141 257695 427714 580576 450519 637648 576211 800623 475835 625363 887373 758816 759969 911177 174791 583743 411458 322983 542548 1019134 690504 344712 386356 183692 392463 762615 213870 993119 839878 216730 543691 623670 901066 321775 539425 524167 833811 123449 456413 846368 814266 855856 796712 836162 585874 526679 602609 304590 837723 1111266 225965 136340 436800 1003480 513415 402592 140914 1089852 621625 406916 785381 842605 631846 55767 540784 149422 729148 359858 569360 559732 637080 421463 685906 936531 201957 200499 845019 911133 924576 130438 361777 531373 106720 714069 256947 238267 389235
543245 506754 911386 307676 713531 897615 168594 1034182 981717 710737 851234 51935 999999999 420224 256028 383131 572447 437055 602616 556203 790706 424125 616473 841602 711279 738347 861676 196782 572647 369962 275958 540925 969830 645195 349822 344660 131821 349099 713302 260476 945357 811100 186544 530673 608852 883316 309581 530696 476277 807010 170851 404702 813438 762349 812769 750551 785676 533996 474744 563055 323733 791489 1063939 187899 88908 385170 957708 461707 403639 116604 1044741 570633 358511 751581 814138 584987 80897 525506 188648 677627 372188 521409 532755 587499 410459 646651 893778 180391 245857 818952 860554 893272 114683 321778 508948 64100 662134 281506 203396 338454
235682 478114 618173 301882 757216 918413 253237 668938 597414 491858 670577 472141 420224 999999999 512811 219024 680829 550202 469872 580222 845076 53480 709490 525482 382063 705255 487172 554162 660058 259920 222936 699553 594205 342921 597922 275178 288497 235466 352021 668941 593394 698569 372195 615622 659637 861385 488972 645563 182286 714377 584640 33161 657982 343536 536968 438519 397309 119449 55370 388966 638175 473557 712859 330964 344757 67421 632718 51988 614425 404919 723432 172255 155070 597233 704190 270795 481080 595517 586345 270959 646675 228270 504690 238143 549803 451243 613541 410201 652008 731436 467810 743613 421501 293016 528818 377552 242167 624582 333801 125887
520900 328608 815224 241521 473383 655588 305128 987025 958447 592906 693017 257695 256028 512811 999999999 574249 323963 202861 457105 339259 544496 488917 369065 768990 665786 522591 836722 124220 329677 576477 292758 285568 937595 817422 98771 287730 302599 549045 692868 267946 891928 622795 143054 292712 374318 653879 82945 283440 637619 610007 242540 513807 645988 814322 715486 686533 782773 596834 556086 452383 129056 726172 1001488 184313 314618 452526 880835 564170 147693 153083 958594 684638 525830 591058 624335 748462 313461 293873 199430 709441 137484 497442 346909 580942 170222 527220 790479 109400 251022 618632 856204 715298 370678 257810 303731 308181 727779 136920 440765 391048
453987 648307 836136 434332 920106 1092954 269271 869235 788586 707050 884001 427714 383131 219024 574249 999999999 818027 676763 668632 740945 1007398 268625 853679 741978 599040 888993 687804 567519 803777 44844 342879 818342 790959 262909 671512 428370 275998 38650 563039 641584 800630 901017 436297 757615 816013 1046515 581839 778381 114119 913009 551161 186008 867452 495705 755981 656500 593257 315084 255314 592642 680955 690507 918127 398858 294346 259104 846332 212375 706116 429584 936635 255394 69669 805152 906245 208199 410366 741536 571641 458242 710781 444850 676822 455765 666043 661973 832268 465225 627950 929367 657109 953655 324576 433262 687278 321215 396128 650202 204766 283721
565579 232354 696615 386962 155844 333008 565073 916256 921853 483166 496937 580576 572447 680829 323963 818027 999999999 143116 346455 136212 220583 636998 45326 690547 643346 248296 812336 436198 33607 833360 477773 78471 891538 1021512 256418 405982 580524 802914 697507 554887 822939 385664 407008 66425 88200 344390 263508 42002 847629 358904 556917 696501 441969 887277 610708 634712 794153 717252 703795 402173 345855 665069 908929 433544 613598 613465 781164 730513 193498 458365 837776 842607 755746 410132 384259 949145 636205 89562 508425 774446 277928 547814 219007 627617 163117 434204 664942 396675 541943 360257 855576 483508 685019 391729 167632 615655 828218 397522 733643 559714
466294 167073 673501 250318 276543 460584 421967 873340 863685 448984 514371 450519 437055 550202 202861 676763 143116 999999999 304675 139554 354652 509830 183548 647119 573162 320440 747097 325212 136658 691028 339290 149637 837056 887263 170883 275938 437728 660711 617724 460863 777740 429260 265174 93620 173252 452042 128746 102087 711131 412807 445101 563204 463307 786527 578339 577263 713981 598913 578168 332702 268358 612776 876250 290538 472678 482902 750004 601102 125828 321143 818238 716724 615669 415192 430055 815080 505385 91206 400375 674324 214812 445773 172991 529937 34865 388632 644816 258055 445444 420028 781327 524947 547578 257435 116865 476502 717764 309050 591329 426248
270614 137898 368928 297437 338571 466354 497463 573901 575431 144372 248621 637648 602616 469872 457105 668632 346455 304675 999999999 210307 418814 416673 347855 347072 301460 247381 466690 575765 313528 699944 362030 409947 545442 800637 466313 270577 533280 669838 361712 723332 479263 232734 421315 290347 276402 397217 376082 335617 652118 245018 681139 497432 213332 572144 273990 288371 456437 453663 467612 84084 559403 318843 572865 414795 592924 413112 445971 507441 429979 497870 513733 594370 598978 150010 237796 731296 683090 266481 647411 462785 515533 262381 134846 321630 334182 87976 340734 442887 705785 261831 513085 297271 686959 285776 194016 612512 534798 588773 676184 386409
439330 105872 566106 308506 179300 355431 509155 781733 785738 348737 383478 576211 556203 580222 339259 740945 136212 139554 210307 999999999 266995 532348 143101 555488 507785 184400 676187 462950 103631 762214 398860 202092 755611 923139 308394 313764 533185 731238 563285 600333 687909 290583 373150 83526 80226 327855 259723 128294 755433 273269 581693 600022 330432 758914 477366 498504 659682 601790 596065 268113 405991 529063 776492 388029 578202 514107 648762 627313 255997 439816 708954 733478 674722 288551 291112 851000 629552 62656 538259 646448 347892 423355 86065 499766 174382 298152 535216 376175 584798 280550 720065 387201 661324 307909 53756 587411 705581 448366 688025 466611
683205 366976 689177 573690 87949 115787 768395 925645 954929 517011 450212 800623 790706 845076 544496 1007398 220583 354652 418814 266995 999999999 795933 175432 714584 711549 188573 861866 655827 218191 1027618 664756 275154 920198 1187638 474052 580755 788410 996702 776390 768650 840713 319546 618871 261754 191983 163449 481129 261245 1021842 282491 776133 865940 399313 990937 625367 684592 868110 857356 857611 497879 557989 704609 902733 640951 826708 779643 779831 890946 410869 675414 815033 993161 941534 400292 314708 1115750 856148 271706 727052 881415 488332 670867 340880 738504 380275 492430 655694 612618 756798 272661 917147 399804 902071 574137 320374 831145 950588 611919 943133 733403
185552 429084 572996 265696 708214 867318 255583 637294 571230 439590 617893 475835 424125 53480 488917 268625 636998 509830 416673 532348 795933 999999999 664093 482537 339207 653281 456838 541289 615036 307843 196162 659466 565080 391827 569395 233914 294670 281711 315888 663786 557924 645102 352232 571254 612161 809062 457721 602893 235463 661036 582591 83968 604712 340654 489083 393798 371189 112376 69074 335543 616457 430248 678043 312092 355831 39546 592260 95036 581343 393960 683036 206908 202018 543837 650730 320236 490796 550466 579661 254094 619697 176425 455128 195737 511823 398012 566839 391061 646336 678124 444199 690421 439445 254896 481730 388115 244455 607266 362766 98439
581691 247053 685851 420482 112396 287697 604254 910311 920908 478589 476204 625363 616473 709490 369065 853679 45326 183548 347855 143101 175432 664093 999999999 686266 648379 217035 814383 481498 50014 870357 511864 113741 889511 1051483 301341 436064 621118 839743 705398 599239 818252 359169 448637 96073 72674 301560 307094 85961 879338 329928 602183 726578 421003 901878 603699 635553 801522 739900 729848 410711 389658 663908 899753 473739 655868 642369 772263 758360 238286 501888 824905 868309 790324 394835 357139 979111 680943 114083 553614 789329 321155 565132 229141 642560 206294 434269 653539 439740 586498 329516 860498 455972 728636 423971 185314 658710 846999 441891 774873 590412
307537 480902 100107 550710 650415 720080 691694 226868 240349 207723 297830 887373 841602 525482 768990 741978 690547 647119 347072 555488 714584 482537 686266 999999999 143480 526024 162931 874594 657112 784466 565826 756645 205935 756054 798594 505861 733720 760890 187213 1021110 132422 412638 689882 636994 613593 627307 695355 682313 672541 448388 961790 558503 331486 388421 90222 91817 219785 432470 487137 319494 885476 52422 232576 666733 799680 507207 116117 531459 770027 761834 204387 550432 680495 314761 418942 703446 920268 613344 938409 326131 850468 326133 481635 287465 673749 259744 111389 722154 1002826 463896 230544 382196 893393 533962 540646 827909 419216 905709 838077 524700
169263 415785 237727 434130 636168 739786 555890 325856 293850 203048 361100 758816 711279 382063 665786 599040 643346 573162 301460 507785 711549 339207 648379 143480 999999999 527639 174288 762489 611345 641294 435835 700140 271809 628521 708652 387389 598049 617508 70230 906172 234388 446395 571330 582750 577559 655270 598763 626967 532918 476952 841087 415113 375400 298221 170851 60335 156565 292529 344753 242977 788612 91519 352692 544030 663904 364741 254246 389455 689181 639685 344771 418118 537108 335193 452977 571545 788389 558234 821882 208790 761970 190119 424742 143989 594903 219653 237610 606142 887820 494363 212280 446947 756371 417022 480337 693151 300579 802337 696582 385755
517934 245184 503442 470595 133872 218979 677698 738567 766365 329785 271735 759969 738347 705255 522591 888993 248296 320440 247381 184400 188573 653281 217035 526024 527639 999999999 674039 645608 221449 915180 555603 326451 731694 1042683 482428 463747 705605 884288 594210 779703 652610 145648 553404 239659 163471 157523 443963 270098 886701 113566 765126 730057 217892 813790 436916 497706 683852 699723 709217 330891 578599 516537 718024 564304 754899 643628 593648 746752 424257 622422 633679 839522 820354 212036 142653 972202 812875 231411 720806 706823 515125 508939 216336 568332 354541 310957 470020 559078 764795 112502 730451 240066 841004 465924 229409 766381 781580 624966 858983 606231
323075 587914 245501 600930 792001 875945 698918 182017 122240 345037 460040 911177 861676 487172 836722 687804 812336 747097 466690 676187 861866 456838 814383 162931 174288 674039 999999999 929090 779761 732348 590902 871705 108668 649573 882362 553754 740618 713437 148778 1070358 121654 570485 735265 753374 742493 785128 771670 798035 600042 605180 1001216 517764 490832 253776 249635 179341 96345 374232 438052 415582 960940 157767 231657 704998 805233 490307 196010 477076 863468 800088 273237 461126 635267 466999 576925 607223 935614 728958 985394 232113 935776 346365 595083 274179 769146 380289 267422 771459 1052042 621352 69443 544921 893575 583848 651860 836220 314349 972705 818958 525455
607317 450862 927004 328517 589555 769193 312827 1087292 1051329 707612 815162 174791 196782 554162 124220 567519 436198 325212 575765 462950 655827 541289 481498 874594 762489 645608 929090 999999999 446075 560026 352103 386208 1033102 824749 183433 375549 293651 536460 782043 148071 993316 746966 195903 412246 494053 773299 206658 397676 648907 734191 121022 547802 768950 878887 826762 788925 867272 653257 603664 563421 129809 829380 1106071 231915 278563 502334 988415 602688 245874 149505 1068901 720460 531592 713058 748534 760093 226608 415482 75314 780366 188184 583762 470198 663383 291503 641509 903690 158148 130222 742713 942008 839180 303750 345635 427936 259930 785590 84800 399821 443759
537255 202880 663045 370473 143781 326331 555396 882734 888813 449669 464835 583743 572647 660058 329677 803777 33607 136658 313528 103631 218191 615036 50014 657112 611345 221449 779761 446075 999999999 820684 461866 109153 858354 1001835 270411 386286 573065 790037 666272 570068 789490 355654 401610 46203 58333 328465 263142 50314 829431 330111 567095 676875 409994 858446 577122 601876 762807 692387 681114 370914 363230 631950 875322 425547 609265 592869 747558 709130 208815 457228 804305 819718 740335 377058 354519 929457 639071 64576 519570 745697 297017 520030 187812 598826 162454 401154 631403 394451 556438 332392 823619 453716 683881 373978 139174 613105 801275 413050 727211 540592
493379 672525 877965 453977 940840 1116006 274526 913863 833417 744033 919842 411458 369962 259920 576477 44844 833360 691028 699944 762214 1027618 307843 870357 784466 641294 915180 732348 560026 820684 999999999 363393 829602 835689 285607 674724 452187 274368 31002 606591 624648 844780 932654 442429 774484 835754 1072573 590372 793041 154667 943394 534371 226761 901651 539989 796520 698293 637930 359207 298606 625780 677706 732807 962485 407071 282550 295047 889621 256298 712666 427886 980036 298905 105868 838905 937740 238388 388935 759440 558328 503016 711543 483216 701259 497669 678233 697153 873437 468643 611861 959492 701938 987932 300153 454446 708458 306469 440749 643867 178982 313582
269099 310955 637895 91539 577694 752800 137029 760058 712308 447396 604190 322983 275958 222936 292758 342879 477773 339290 362030 398860 664756 196162 511864 565826 435835 555603 590902 352103 461866 363393 999999999 486012 698119 549598 375154 93426 175986 332406 442130 484519 670158 590354 158129 415838 473188 712279 266325 439315 372141 595527 411032 229250 574523 527603 540502 474641 521018 305155 263563 304437 420432 515556 788315 120191 240123 160130 681902 274886 392344 211431 769327 395114 278483 510710 594696 477800 354477 399040 399195 428323 424499 246639 339844 318251 333751 386895 621902 197136 466442 610436 596218 659215 335727 91077 345109 265332 437021 413233 314177 98543
608275 284408 767879 398708 225004 390750 556419 983219 984061 550544 573912 542548 540925 699553 285568 818342 78471 149637 409947 202092 275154 659466 113741 756645 700140 326451 871705 386208 109153 829602 486012 999999999 954908 1035260 202779 425568 566368 799858 750534 493568 888997 464041 391205 119652 166368 413895 241895 74340 858132 437365 504849 711924 519116 930090 679414 696137 847349 747680 727791 457209 282877 728353 978583 423216 591763 632320 850853 750581 140898 431588 910209 866360 759477 485043 462686 963222 598256 143506 454970 817394 213178 588846 277044 671489 152739 497859 736728 373803 481935 438586 911511 561935 655296 406581 219886 589748 864692 337143 715525 575151
429449 673945 251184 704592 856303 921976 807484 81517 37687 411552 492309 1019134 969830 594205 937595 790959 891538 837056 545442 755611 920198 565080 889511 205935 271809 731694 108668 1033102 858354 835689 698119 954908 999999999 733779 978807 657564 849217 817809 256536 1175557 86176 614068 840346 835514 816928 827597 870010 880676 699184 650575 1107739 624314 531891 330751 294865 259898 198058 479537 544065 504410 1060118 226612 143323 811042 913880 598845 170623 581835 956455 906392 216973 556523 740449 520019 620187 697296 1044065 811427 1090818 332837 1031868 452476 678052 382454 861045 457492 281487 875998 1157218 665384 137958 572048 1002219 687475 736263 944833 407273 1074127 926766 634030
538692 820685 856149 636946 1099850 1258297 516050 815234 719052 792688 971332 690504 645195 342921 817422 262909 1021512 887263 800637 923139 1187638 391827 1051483 756054 628521 1042683 649573 824749 1001835 285607 549598 1035260 733779 999999999 911272 615682 531103 299328 569928 904353 771200 1020723 675018 956943 1002541 1196947 811174 985076 179979 1040811 813950 325033 969259 403197 799310 688558 555758 353172 333517 717047 932081 711495 875138 634613 556287 409437 838065 296971 937833 681455 921647 213179 293797 913050 1026763 72380 672651 937408 833264 430418 954893 541253 846919 508259 883298 766178 862622 708342 890546 1058366 596961 1051721 585226 630443 871688 583891 338665 905651 464177 461845
577298 329366 833941 309096 411784 588367 402244 1022008 1002454 608841 684914 344712 349822 597922 98771 671512 256418 170883 466313 308394 474052 569395 301341 798594 708652 482428 882362 183433 270411 674724 375154 202779 978807 911272 999999999 351463 401176 647030 743537 299675 926219 598970 236644 243020 323070 598772 115033 220461 731294 580810 302484 601752 634135 883676 736339 721849 836843 673499 637842 479180 97635 759800 1030429 276668 412670 534918 906187 649783 63200 251571 978696 770171 621342 585119 599492 841514 399929 251976 253052 775450 53674 554484 340381 639702 136721 545469 806675 206364 286074 586889 908312 695278 464263 323482 286934 404770 802141 142990 538950 473438
233810 220347 569161 47204 493035 664598 226927 712901 675970 366445 515615 386356 344660 275178 287730 428370 405982 275938 270577 313764 580755 233914 436064 505861 387389 463747 553754 375549 386286 452187 93426 425568 657564 615682 351463 999999999 262971 421215 407490 518813 619773 497283 184525 341264 390874 620855 236490 370388 443614 502118 456059 290656 483756 532219 469675 417288 495592 327446 302425 219592 415824 458217 734707 161671 323990 207757 621460 325554 353709 256103 705970 440822 361328 420130 501554 543303 425394 322000 434718 424357 404366 210250 249072 293223 278630 303203 550206 218754 500460 517009 569505 567790 418999 30215 260488 345700 452653 421174 406672 154394
428786 462210 810167 239565 705035 887050 42161 916448 859096 623379 778375 183692 131821 288497 302599 275998 580524 437728 533280 533185 788410 294670 621118 733720 598049 705605 740618 293651 573065 274368 175986 566368 849217 531103 401176 262971 999999999 247863 593465 386901 830208 756572 175206 527704 598179 858632 324505 538868 355876 758276 299447 273035 746583 631121 714062 641938 661054 403196 343179 479884 404993 682337 949901 147556 65963 256378 849219 330032 442191 153881 938050 440493 238144 683035 760466 466765 196460 516729 308388 548746 437177 408427 490530 467289 419293 562683 795529 196319 370991 772128 735418 830208 160630 248710 481061 95654 530540 375016 155014 215215
466963 641547 853506 423040 909893 1085004 245773 895280 816709 715921 891129 392463 349099 235466 549045 38650 802914 660711 669838 731238 996702 281711 839743 760890 617508 884288 713437 536460 790037 31002 332406 799858 817809 299328 647030 421215 247863 999999999 584924 606237 824382 902568 413713 743835 804856 1041665 561151 762686 152020 913041 515816 202394 872308 528427 770787 673894 619791 339354 277114 596189 652356 709011 942702 377789 260745 266986 867256 236377 684006 401716 957837 290194 80400 809429 907621 246420 373339 728681 537747 485818 684686 456104 670287 473609 648267 668245 848265 440743 592926 929087 685284 958596 286705 423454 677483 286396 427720 619824 166450 283429
174923 466762 286926 454685 699208 807892 551582 323470 270398 272556 430650 762615 713302 352021 692868 563039 697507 617724 361712 563285 776390 315888 705398 187213 70230 594210 148778 782043 666272 606591 442130 750534 256536 569928 743537 407490 593465 584924 999999999 922367 242064 516351 587525 635117 635740 724386 630978 678463 487527 546566 852572 384172 445628 227997 234359 123635 96825 249160 308027 295369 818668 141635 362156 556633 658487 346841 283660 350786 729109 651560 373673 363224 505051 404912 522930 516315 787783 610583 837290 142866 797179 198392 478549 126190 636886 284033 292769 624116 904072 564042 164847 516703 748091 437689 531909 689119 236074 828018 678480 378285
747466 596541 1074830 472310 710683 884057 416844 1231691 1192508 855683 960962 213870 260476 668941 267946 641584 554887 460863 723332 600333 768650 663786 599239 1021110 906172 779703 1070358 148071 570068 624648 484519 493568 1175557 904353 299675 518813 386901 606237 922367 999999999 1138284 888199 335212 541575 622377 898312 350804 520031 736749 873378 90430 657481 913782 1004324 974554 934593 1004822 776064 721502 711324 210697 975236 1252036 366246 348945 624256 1135364 714101 361683 273208 1216431 827116 618972 858990 889411 845202 240221 548294 85339 910750 280502 724066 614645 801186 426152 789580 1051680 300090 18353 880874 1079916 981941 331813 489373 569435 320474 907418 157366 448823 569277
402320 612143 165076 666005 779455 838806 788080 95822 123853 339940 407632 993119 945357 593394 891928 800630 822939 777740 479263 687909 840713 557924 818252 132422 234388 652610 121654 993316 789490 844780 670158 888997 86176 771200 926219 619773 830208 824382 242064 1138284 999999999 531154 804215 769344 745580 743813 820640 814660 717118 567964 1074820 625163 448776 374296 216590 205417 216509 485576 547373 447471 1011117 166456 120291 777913 895826 588269 86966 588514 899737 873560 152401 580744 745083 440574 537169 728184 1022014 745648 1054460 350319 978590 423949 613629 365405 803613 391683 195767 838246 1119939 582378 181804 486445 987072 648970 672540 925652 435261 1028848 920368 616075
482254 305018 373350 517144 278593 307921 723136 611397 650325 244292 130699 839878 811100 698569 622795 901017 385664 429260 232734 290583 319546 645102 359169 412638 446395 145648 570485 746966 355654 932654 590354 464041 614068 1020723 598970 497283 756572 902568 516351 888199 531154 999999999 624857 363594 297721 214785 540451 400799 880133 37415 862594 727314 82427 743596 322579 404416 596822 668425 691074 309811 696574 414147 584757 626800 812875 644275 464252 732940 545655 699138 495558 810009 831349 112151 6586 953358 889578 349261 821990 644764 637656 479793 280753 520521 464098 255138 340026 638474 872128 51334 632698 98148 904513 508044 319112 829332 728659 738268 903861 619140
412609 320259 749972 139203 537778 721391 167950 897086 857456 538829 669421 216730 186544 372195 143054 436297 407008 265174 421315 373150 618871 352232 448637 689882 571330 553404 735265 195903 401610 442429 158129 391205 840346 675018 236644 184525 175206 413713 587525 335212 804215 624857 999999999 357139 431410 701002 149443 365133 495092 620468 271977 371602 629655 685683 649862 601740 671651 462709 417728 390877 265999 642632 919208 41474 207850 314469 805187 423047 270293 76611 888716 543269 384734 568673 627814 605710 264791 348497 250591 585301 280177 389137 346216 467742 244743 473231 729313 39012 316875 632426 746501 708229 288179 155924 324181 214449 594830 255289 326711 253795
500004 168517 649507 324508 182959 366969 509530 863587 864914 431040 463995 543691 530673 615622 292712 757615 66425 93620 290347 83526 261754 571254 96073 636994 582750 239659 753374 412246 46203 774484 415838 119652 835514 956943 243020 341264 527704 743835 635117 541575 769344 363594 357139 999999999 81816 361325 222022 45322 783988 341810 533063 631920 410129 821921 560107 577085 731903 650840 637809 340333 338940 608920 859420 380150 564962 548332 731746 665027 184733 414706 792464 776573 694280 370989 363286 884563 598709 24545 486698 709064 276094 481956 158292 562321 122848 378289 618697 351496 527167 346391 794655 461497 641012 328291 103326 569593 761992 385855 682079 495407
517848 185912 613977 381943 106856 289982 577038 837698 848433 405922 409167 623670 608852 659637 374318 816013 88200 173252 276402 80226 191983 612161 72674 613593 577559 163471 742493 494053 58333 835754 473188 166368 816928 1002541 323070 390874 598179 804856 635740 622377 745580 297721 431410 81816 999999999 279580 301953 106699 833785 271804 614879 678880 354111 836019 531132 563483 731499 681937 676157 342256 417726 591468 827573 451109 638942 593261 700002 707067 262974 492428 753730 813669 750623 324366 296461 930333 678397 83364 568453 723877 352798 502435 164282 577526 204189 362232 581826 428806 608211 274083 789442 395697 717772 382864 130953 645339 784724 466060 753141 544601
666584 401371 582964 626123 189186 97656 832164 820875 864144 452287 337048 901066 883316 861385 653879 1046515 344390 452042 397217 327855 163449 809062 301560 627307 655270 157523 785128 773299 328465 1072573 712279 413895 827597 1196947 598772 620855 858632 1041665 724386 898312 743813 214785 701002 361325 279580 999999999 580183 378313 1043178 180143 894232 886700 296043 949423 537321 616834 808398 850804 863475 481287 690140 628405 789389 715068 905584 800432 673345 901922 536678 766747 694819 991584 977870 321108 208419 1126961 955220 360940 847384 846264 622293 659462 372469 713131 483692 448588 550143 702974 884843 163776 846774 267969 989170 622144 378154 915248 925493 741097 1012815 763704
463103 245905 737567 194797 404932 588790 316074 916187 892521 513958 610218 321775 309581 488972 82945 581839 263508 128746 376082 259723 481129 457721 307094 695355 598763 443963 771670 206658 263142 590372 266325 241895 870010 811174 115033 236490 324505 561151 630978 350804 820640 540451 149443 222022 301953 580183 999999999 221578 631648 528432 322903 495227 563050 768707 638361 615408 723477 559988 526559 376621 190491 654299 927886 183363 351631 424481 805623 540959 126705 194863 881577 660846 526463 508319 542106 740272 376698 219332 281551 660421 168264 440139 263964 525202 100889 448755 712010 133616 333947 537493 795530 632539 421568 208772 221673 352334 687861 213147 474164 363438
540131 211733 694395 349078 192008 372363 523905 908909 909956 476329 505396 539425 530696 645563 283440 778381 42002 102087 335617 128294 261245 602893 85961 682313 626967 270098 798035 397676 50314 793041 439315 74340 880676 985076 220461 370388 538868 762686 678463 520031 814660 400799 365133 45322 106699 378313 221578 999999999 810216 376829 518624 660267 451076 862218 605333 622073 775283 686239 670314 384238 312920 654100 904603 392061 571614 578143 776907 695735 158581 416441 837125 809185 716710 414038 400041 912756 594992 69258 470679 749375 246797 521455 203053 602898 121116 423541 663452 354683 506535 379982 838662 498941 643127 354682 146721 573667 799957 362913 691808 523276
408286 655711 770137 461179 933894 1098502 337814 779160 693503 667252 846991 524167 476277 182286 637619 114119 847629 711131 652118 755433 1021842 235463 879338 672541 532918 886701 600042 648907 829431 154667 372141 858132 699184 179979 731294 443614 355876 152020 487527 736749 717118 880133 495092 783988 833785 1043178 631648 810216 999999999 896467 646869 156796 837250 390651 698172 592559 503946 240421 194451 570873 753374 622861 831690 454640 388007 243474 770271 149683 758238 503640 859205 147748 118103 777399 885822 111471 513218 765379 662194 367939 775065 404769 683006 395094 705719 630627 770208 528664 722024 913575 562704 922331 431404 455907 702912 417805 295213 728563 314497 289310
503534 300398 410663 518791 244436 271712 726176 648656 686695 274010 167958 833811 807010 714377 610007 913009 358904 412807 245018 273269 282491 661036 329928 448388 476952 113566 605180 734191 330111 943394 595527 437365 650575 1040811 580810 502118 758276 913041 546566 873378 567964 37415 620468 341810 271804 180143 528432 376829 896467 999999999 851293 742308 119533 773009 358208 436987 628934 689683 709485 325705 678159 448291 622171 624880 812876 658129 501572 750516 525641 693575 532786 831313 843407 141805 32231 972635 884551 329322 809437 672368 617478 499586 274331 544688 447648 278279 377314 631910 857669 17827 666631 126505 903236 510768 306870 828023 754672 721560 907592 629919
678331 562349 1021231 411178 710545 889835 331517 1166901 1122946 806905 924892 123449 170851 584640 242540 551161 556917 445101 681139 581693 776133 582591 602183 961790 841087 765126 1001216 121022 567095 534371 411032 504849 1107739 813950 302484 456059 299447 515816 852572 90430 1074820 862594 271977 533063 614879 894232 322903 518624 646869 851293 999999999 571656 880507 923136 920986 873304 931841 694406 638033 659939 232596 914258 1190593 297084 258892 543073 1077157 628516 365484 201471 1160573 739918 529257 822816 864441 755025 152839 535773 50720 832605 299257 655263 583485 729273 411786 740844 999853 241780 77803 860389 1007057 953202 243816 427849 544446 230100 824842 177071 359167 490352
268271 499390 651322 313222 777998 941730 240638 699694 626610 523525 701854 456413 404702 33161 513807 186008 696501 563204 497432 600022 865940 83968 726578 558503 415113 730057 517764 547802 676875 226761 229250 711924 624314 325033 601752 290656 273035 202394 384172 657481 625163 727314 371602 631920 678880 886700 495227 660267 156796 742308 571656 999999999 688292 364426 570044 471663 426881 146411 80970 417507 637185 506618 744405 330132 325875 86695 665414 57005 621508 398303 756095 172823 121995 627130 732854 252656 462018 612495 576072 298179 649249 260174 526503 271231 560869 481686 646692 408723 640904 759235 496401 774105 398490 305891 547927 358667 261818 620754 306056 137035
431791 318336 291241 510308 351614 390119 710502 529146 568270 178884 55202 846368 813438 657982 645988 867452 441969 463307 213332 330432 399313 604712 421003 331486 375400 217892 490832 768950 409994 901651 574523 519116 531891 969259 634135 483756 746583 872308 445628 913782 448776 82427 629655 410129 354111 296043 563050 451076 837250 119533 880507 688292 999999999 673619 241790 329365 521885 616104 644824 276649 731399 335830 503587 626146 806183 608503 382151 688217 585445 705684 416403 756763 798040 63869 88394 903843 893446 392406 842939 578894 676856 432767 299140 463048 497463 206763 257853 647874 896995 133603 554275 86288 900020 498994 347626 825407 665764 769004 888357 590477
322087 655580 485185 575391 909995 1030299 594048 412129 316223 499353 657710 814266 762349 343536 814322 495705 887277 786527 572144 758914 990937 340654 901878 388421 298221 813790 253776 878887 858446 539989 527603 930090 330751 403197 883676 532219 631121 528427 227997 1004324 374296 743596 685683 821921 836019 949423 768707 862218 390651 773009 923136 364426 673619 999999999 455023 348336 169348 228779 288303 495529 943370 355708 472834 647367 688293 380200 448895 309802 882803 733386 526596 242907 459774 631768 750164 370403 824616 797936 919987 112861 936469 341263 672864 259664 798772 503222 499807 724666 986804 790610 195081 744019 762878 560410 719709 721088 103056 940329 665502 435801
304539 411274 100328 511576 562896 629882 672788 306727 329982 129768 211036 855856 812769 536968 715486 755981 610708 578339 273990 477366 625367 489083 603699 90222 170851 436916 249635 826762 577122 796520 540502 679414 294865 799310 736339 469675 714062 770787 234359 974554 216590 322579 649862 560107 531132 537321 638361 605333 698172 358208 920986 570044 241790 455023 999999999 111355 291753 459013 506089 263497 826599 100289 299445 631160 779501 507758 172083 551390 703150 724368 243224 588394 690896 225155 328912 741672 892916 537071 893840 377082 786916 318250 408425 303255 606988 190881 81467 679352 956450 373796 314797 296821 874692 495581 467571 805737 469958 850995 830867 514662
216076 414174 179672 462851 613238 704589 599900 300794 287955 167946 309651 796712 750551 438519 686533 656500 634712 577263 288371 498504 684592 393798 635553 91817 60335 497706 179341 788925 601876 698293 474641 696137 259898 688558 721849 417288 641938 673894 123635 934593 205417 404416 601740 577085 563483 616834 615408 622073 592559 436987 873304 471663 329365 348336 111355 999999999 192607 352299 403159 244803 805899 41051 317534 577337 707899 417032 207455 448111 697382 672721 296204 478416 593536 295810 410986 631856 828967 552831 851261 265973 774509 234366 419093 200738 601678 201284 177661 634885 916267 453947 232747 396114 801576 445938 476901 736206 358679 823452 747009 433064
