NAME : synthetic_000942
TYPE : CTSP-D
DIMENSION : 100
GROUPS : 8
RELAXATION_LEVEL : 1
EDGE_WEIGHT_TYPE : EXPLICIT
EDGE_WEIGHT_FORMAT : FULL_MATRIX
EDGE_WEIGHT_SECTION
999999999 435649 829633 176006 913578 781612 601520 706810 772844 257137 539240 663304 261852 691543 377100 623682 714238 898961 762340 57959 286467 383899 263574 90331 92401 687597 551868 363205 339713 313834 996820 733183 774436 480400 685303 665388 662794 555903 854344 424101 803366 112603 365223 644205 666199 428762 239014 182827 368335 180724 695716 367214 128007 406784 739935 276629 855294 712067 111143 466778 656828 787052 513508 439028 711140 849318 604505 785940 370398 708691 498275 889902 51890 155515 258942 303236 509551 162895 666246 725592 304536 677581 456653 703370 548946 130858 482821 129278 383777 820622 682512 433969 592452 746981 244858 514412 73831 787315 379841 281335
435649 999999999 552315 261084 543520 703284 457335 273594 687981 196900 526101 390274 188381 427788 569187 423508 290602 493525 326804 388794 236897 63716 455752 384131 422098 697275 127479 72772 160680 121819 597567 310579 478458 186544 610231 766327 625176 503336 430833 451228 840739 352745 408201 537241 251114 107846 385467 408480 83234 461264 443220 299887 536503 123002 310608 191877 447633 614363 524266 281749 221351 666005 425600 443032 674298 420331 357935 416979 410278 791969 62625 552279 472057 490505 384364 275236 86797 354573 734889 657694 432700 373892 327928 488451 553776 534975 186355 390355 186075 394732 710062 598491 259665 664718 679714 374273 374875 508835 648903 569843
829633 552315 999999999 686517 226558 361811 269380 461833 346792 602117 424249 171605 690698 138947 661123 949758 403088 335963 527582 771812 546763 606672 648190 830998 869985 479746 575015 590687 518111 612141 352254 624451 76083 724732 341751 625887 396552 376875 408253 484020 584076 807577 952342 296005 383189 657874 900041 680937 623327 723797 940927 849261 860096 473929 591998 709830 335350 309378 940564 830216 516460 286816 358829 460430 409531 442490 226156 218964 509638 616310 530328 138715 880742 952309 905471 526505 574945 671734 570789 361418 591347 178436 377603 147709 445962 959283 723618 713177 737921 415961 507885 638913 750795 342891 1021677 327848 756221 44439 770222 757998
176006 261084 686517 999999999 748173 703243 489171 530935 691623 87164 472155 515754 109051 547673 396038 523536 538517 726236 587815 127814 145942 213655 266065 145915 185800 640313 381279 189492 173672 139866 825673 564717 624783 336380 603586 657606 594555 473975 678846 361811 772858 121062 335391 548050 491077 270121 236432 189204 200377 231238 581373 283100 277779 236070 568925 134821 682007 623203 274074 355612 482416 693007 413531 368111 645823 673374 460862 619336 305238 694730 323602 731942 217283 266774 249094 183063 338635 129332 643707 648729 274811 522957 334312 574149 490453 288526 338388 148282 249721 644864 642626 442971 447090 665611 418826 395568 114382 642731 444399 350749
913578 543520 226558 748173 999999999 587688 452377 346394 572356 661245 614432 288792 718513 283374 827540 875673 291954 128226 385500 856572 629803 606488 785261 892699 932780 697506 513976 602892 575448 639132 126828 495022 203616 679176 558634 838868 611046 566214 225223 646224 808751 864577 949026 501869 304564 633216 926005 796456 625703 846364 846428 837749 971528 512779 459288 729666 150626 529486 1020041 790046 418278 513085 525676 623134 630132 263046 346745 129274 656090 833832 499165 90375 961161 1010849 926516 625811 530716 771462 785038 583495 731984 253490 505963 344839 640378 1035865 677324 814986 721891 248691 724822 816525 670738 566849 1133228 475924 840540 228844 936541 905483
781612 703284 361811 703243 587688 999999999 246422 741765 16862 643029 242640 379398 760251 353625 469277 1126208 690851 687622 820001 731745 563756 733721 529292 821786 853297 154437 782396 704607 586797 699938 713929 894743 395903 889331 99717 301374 122415 229774 742269 357511 223604 809913 1030573 166323 650777 806705 939660 600086 743276 619579 1143998 951313 755910 585147 868886 787664 677288 89058 885670 974073 771937 75665 293362 343482 86364 771308 371394 548992 412016 276999 713588 500504 831738 932470 952094 521138 763461 623936 247243 56023 479502 424753 386918 268882 237170 907358 889306 652429 861889 739690 181584 421920 954029 38889 898729 331639 719734 362211 559999 593713
601520 457335 269380 489171 452377 246422 999999999 514560 230837 417563 162059 175098 529465 169700 391757 880671 469588 518657 595111 545873 343576 490321 388430 622664 658515 277565 537268 462612 350688 462899 574881 659614 251566 643678 158858 399507 190618 113847 548074 216435 414984 605181 802214 82649 423424 561735 722573 434365 501031 470611 897578 715682 610313 340990 636454 555230 495715 157363 711780 731059 535506 212148 93664 193148 231422 570902 140559 369319 249273 404666 467427 384185 653396 740874 732701 308218 517267 438668 349925 204513 331289 221788 155418 121819 188405 732205 643583 475875 620718 536921 299935 370827 707782 208240 768699 94339 531554 239458 500851 491746
706810 273594 461833 530935 346394 741765 514560 999999999 724926 456390 644514 363241 461008 393140 770617 530229 59249 253036 81112 657250 468005 333028 679545 657715 695537 791133 188644 346165 390242 394276 356328 162627 389577 350855 669926 898626 705130 605623 167101 612783 929506 626293 639532 594465 91386 327398 645790 652618 351755 706991 500523 526869 800053 322175 131016 460868 209465 657996 797781 459918 74939 682128 533472 596017 744759 149192 375188 252697 591624 911894 212158 394580 744971 762232 641099 490355 219943 606474 854960 711787 641627 320429 456568 477118 674784 808565 348586 646651 415198 129230 811832 784521 325792 707936 949158 470452 642541 429320 866454 802272
772844 687981 346792 691623 572356 16862 230837 724926 999999999 630315 234762 362536 747157 336808 466132 1111074 673990 671515 803144 722427 551347 719021 522371 811597 843508 159909 766270 690126 572967 686108 698725 878003 379733 874146 88389 308824 117990 219095 725670 348907 237708 799244 1017911 151558 633950 791700 928054 591826 728772 612572 1128331 937789 749619 570258 852094 774417 660885 73639 877575 959497 755248 62248 280462 334105 88451 754621 354773 532496 402750 286482 697720 485507 823205 923050 940282 509178 747602 614367 254031 49418 471751 407900 373064 252095 231240 899201 874098 643588 847590 722959 187830 420066 938184 26101 893911 317118 710213 346350 558813 589810
257137 196900 602117 87164 661245 643029 417563 456390 630315 999999999 422816 430836 119536 463592 394943 529325 459123 641924 518454 203420 80754 165401 271227 232897 272867 595622 323479 133531 86551 90992 740393 507313 539047 315963 543536 631609 540969 417156 598449 320937 733522 206882 387597 482525 409915 237266 306079 213642 158946 265310 575653 313555 343764 150101 507268 148550 598166 559572 359675 362085 414203 626132 349864 322086 592511 595109 377373 532537 267760 664834 257008 644906 301742 353339 315385 127203 281427 157928 610868 590055 261420 436507 262342 494603 444724 374848 317412 193669 247223 565460 601425 433764 419838 604630 494356 323224 188026 558096 462327 377459
539240 526101 424249 472155 614432 242640 162059 644514 234762 422816 999999999 333496 542335 331499 249679 936095 606525 677328 725564 490209 342075 541472 288066 582504 612718 174108 629182 508865 383600 493123 736614 775604 413202 703983 149555 254159 124343 48302 699191 115439 315965 572604 805672 137071 556058 619046 707003 357457 546899 378092 967045 736299 516022 403121 757028 571172 651805 182005 643041 774699 652246 258653 111118 104365 174605 718929 288347 527855 171344 270844 553222 545206 589184 690965 720765 295991 600800 383180 213198 186647 237001 378406 200774 277937 30270 664721 704506 410197 659342 684385 184217 217453 785667 209341 663930 174064 478663 398545 354460 365597
663304 390274 171605 515754 288792 379398 175098 363241 362536 430836 333496 999999999 519693 37573 538779 801675 311464 344046 440745 605348 378127 440921 502595 660768 700016 446862 432635 422616 346533 441657 405994 519693 111295 569964 315206 574364 358156 286371 374964 357439 577565 636791 783668 243716 272996 497666 728635 524099 456693 570622 802535 682757 702777 303516 492026 539460 320661 298226 773730 671480 399583 318985 237794 334344 391116 399795 61153 194556 369449 577798 377131 236596 713858 782065 734311 361768 424897 508739 524017 353387 447642 47566 223047 114576 361506 791909 569152 551230 573734 366532 471120 528475 610084 346844 865185 187347 589556 127359 647873 620081
261852 188381 690698 109051 718513 760251 529465 461008 747157 119536 542335 519693 999999999 554969 498294 419111 478704 678889 508428 225565 200260 128281 369520 198404 235041 715130 292943 118315 180300 80164 781923 472012 622445 227946 661053 747692 660017 535870 619142 439752 852693 166670 272787 597970 437171 167300 210602 296747 110352 340219 473567 194027 377712 217127 480340 29513 633287 675627 339688 250650 403499 740206 466900 441489 711541 608535 472076 589608 385672 782119 248853 715429 291159 302155 214858 246675 251476 236541 728802 707895 370397 516909 375879 596256 564219 348863 230035 257296 141179 583111 720712 541984 339349 721660 505873 435560 215048 646261 552258 459521
691543 427788 138947 547673 283374 353625 169700 393140 336808 463592 331499 37573 554969 999999999 548470 838984 339522 351983 469151 633650 407925 478096 520629 692055 731039 431722 469256 459362 380221 477409 405188 551525 89196 607497 296574 564581 342990 283435 392246 367438 558159 668726 820073 228988 304053 535216 763289 547095 493720 592020 839136 719709 726228 339465 522973 575221 332980 276038 802330 709042 432780 289897 244105 343940 372188 419349 87281 204160 384715 565058 414529 221316 742475 813366 769328 388772 462146 534883 512751 331778 464717 72711 243767 84968 358103 820875 606677 576841 611035 386999 457099 534288 646759 322887 888391 200698 617985 95808 657981 635486
377100 569187 661123 396038 827540 469277 391757 770617 466132 394943 249679 538779 498294 548470 999999999 917385 748145 867150 847301 346983 333286 555720 130114 449016 466652 340316 693577 521713 408777 485246 941826 867916 636519 710903 390770 289543 348200 291071 865881 181376 435248 452424 715560 386254 693954 631085 596749 213326 552286 196614 969239 678424 307532 462882 858687 526891 833816 426871 459826 748927 754738 501918 304891 204668 385762 877324 481541 722330 181255 334207 617551 769602 417771 530962 614685 294325 655427 268861 297241 416890 136534 576106 331036 513551 240368 481568 712339 268871 637574 842999 327404 58011 813246 443407 433713 351705 342370 629703 109568 126404
623682 423508 949758 523536 875673 1126208 880671 530229 1111074 529325 936095 801675 419111 838984 917385 999999999 583774 779749 511527 612692 604894 395429 788317 534253 548307 1109933 375057 427349 552559 446241 878996 406529 873698 237004 1031905 1159802 1043191 919258 682871 845321 1251913 511686 297829 959950 579731 319850 405507 712554 389197 751008 89664 256470 751688 541553 439956 390536 738260 1037435 644792 168462 457397 1089398 843022 842656 1093375 652199 777301 769471 795007 1191264 424689 914483 625370 558754 386686 651762 376890 652861 1135997 1079519 788560 776240 745090 906946 961558 640304 237152 666806 282102 647332 1119688 960664 204987 1087522 832517 795615 608038 909029 966838 870937
714238 290602 403088 538517 291954 690851 469588 59249 673990 459123 606525 311464 478704 339522 748145 583774 999999999 209778 129635 662277 460401 353201 664662 671742 710545 747092 227835 361015 385802 406699 314773 221484 331431 393401 622442 859870 660022 565630 140831 583738 883541 640848 675894 547796 54275 359696 672542 645030 372566 699282 557380 563135 800322 316136 188982 482068 164184 608588 809871 503880 126478 629321 496174 565587 697842 136561 329135 193628 567414 870886 233406 336257 755095 780824 669433 477477 252268 602728 814477 663064 623159 267016 425848 424154 636723 821995 391324 644316 448967 106399 768795 758046 378809 657907 953457 433174 647051 371305 847406 788593
898961 493525 335963 726236 128226 687622 518657 253036 671515 641924 677328 344046 678889 351983 867150 779749 209778 999999999 273701 844073 625885 557116 806751 865865 905480 782535 437081 560605 560368 602952 105057 384247 291830 602048 645362 916439 694095 630397 102932 688947 903471 835908 885598 580695 242413 569060 878522 804234 576640 856880 742274 772864 971907 492235 348404 685183 46030 620484 1000256 711994 327966 615331 577415 667185 719817 139967 391875 149499 688420 916776 440061 212079 943271 979292 876379 631518 461918 770665 864732 675998 757579 299071 536591 427947 705526 1014066 599889 813885 658447 133896 808458 864364 576852 662618 1130500 520195 828287 326075 973632 930352
762340 326804 527582 587815 385500 820001 595111 81112 803144 518454 725564 440745 508428 469151 847301 511527 129635 273701 999999999 715393 537623 380666 752518 706801 743227 871948 218752 399137 458582 448549 368689 110595 458056 364293 749828 979692 785724 686735 172859 692189 1009941 675085 658325 674610 171693 359446 679291 721020 398087 775231 469221 547414 861634 392567 74716 504192 237043 737071 847978 467290 105517 758915 614500 675830 824877 140707 455359 311462 669405 992998 264222 446044 797553 805265 672421 563049 257865 672328 936071 791204 716678 396613 536663 553741 755833 857244 361725 711164 442177 139896 892788 862841 313903 786697 1006518 551500 701265 498084 941288 874158
57959 388794 771812 127814 856572 731745 545873 657250 722427 203420 490209 605348 225565 633650 346983 612692 662277 844073 715393 999999999 228648 340785 224914 102045 124210 643675 508746 317303 283959 267674 941189 691771 716477 451081 634465 631166 614343 504352 801831 374771 764002 108632 374042 590851 613330 392396 251353 139778 326630 152749 679844 358211 152194 351911 696564 244827 800745 660116 168769 450189 610062 734493 459005 388337 663506 797975 546587 729228 319736 673085 451240 832136 109025 200771 270070 245551 466139 108612 628126 675796 259336 619728 399564 646287 501675 187909 453343 82360 357390 768660 640254 401963 563217 696447 291911 457812 16037 729432 365597 266526
286467 236897 546763 145942 629803 563756 343576 468005 551347 80754 342075 378127 200260 407925 333286 604894 460401 625885 537623 228648 999999999 223974 219601 285616 323914 515028 363126 189642 79690 159229 719471 542447 488875 383806 464118 554911 460414 336882 594914 241623 653414 264675 467012 404962 407800 301144 379492 184887 222808 239253 646781 394245 346029 145833 537346 229154 584342 481325 396099 439041 437449 549388 271238 241771 511960 596695 320646 503738 190115 586843 289170 603496 336288 406591 390403 47165 323609 144825 532237 510349 196835 391117 188453 429326 364175 413940 384945 188003 323439 564827 521192 366322 481788 525539 505544 249737 212673 503648 412542 337603
383899 63716 606672 213655 606488 733721 490321 333028 719021 165401 541472 440921 128281 478096 555720 395429 353201 557116 380666 340785 223974 999999999 435333 326308 363300 714973 168129 34392 159478 76515 661238 351079 534034 163161 637970 772420 647837 523829 492906 456000 857438 294643 348160 567478 314709 78436 321750 378505 19528 429085 427298 242603 491431 149442 356179 128875 511196 645515 467358 240737 275485 701668 447738 451001 698161 481068 403307 479390 409667 801169 121063 612971 417168 429295 320751 267956 125678 321160 744949 685630 419880 428520 349935 533295 567581 476994 163912 352840 133532 456434 725484 590280 257864 694878 628750 402139 327910 562718 627344 542751
263574 455752 648190 266065 785261 529292 388430 679545 522371 271227 288066 502595 369520 520629 130114 788317 664662 806751 752518 224914 219601 435333 999999999 326237 348173 425143 582530 402059 298813 362213 890655 761917 609662 586190 437536 406572 407751 314621 791759 179325 540139 326508 587314 409999 610617 508493 470611 86022 430071 90308 841973 548309 228381 360555 756058 397807 769325 468552 359733 619924 654748 545192 294765 199839 453759 798560 441780 669320 139382 448187 508752 739143 309904 419048 487989 189471 542548 138891 403577 473636 57188 532177 279995 505758 292550 381669 587761 143503 509662 765166 419145 180211 691065 497207 381608 320978 218041 611078 193153 124370
90331 384131 830998 145915 892699 821786 622664 657715 811597 232897 582504 660768 198404 692055 449016 534253 671742 865865 706801 102045 285616 326308 326237 999999999 40084 740759 490994 311764 319448 265044 966791 667814 770255 402317 723245 732766 706833 592539 812572 467498 863779 31752 276836 674577 627088 359494 151638 240486 308717 254101 607702 277872 217914 379931 677737 206117 820988 746669 141347 379765 601768 819427 540586 478950 756858 803997 604959 763616 411160 774339 445857 877800 97702 121317 171092 314829 449790 200166 728604 766135 357339 668801 470469 714592 596069 150860 404865 182812 304266 777326 738561 503967 513344 785508 315765 530978 108337 787430 463517 364324
92401 422098 869985 185800 932780 853297 658515 695537 843508 272867 612718 700016 235041 731039 466652 548307 710545 905480 743227 124210 323914 363300 348173 40084 999999999 767806 526468 350033 359417 303934 1006577 701412 809705 430675 755278 753364 737022 624714 851355 497358 887927 69734 276987 708505 666318 392675 150822 263751 345327 270107 624892 293712 211803 420008 712382 240308 860529 779637 107794 399608 638473 853047 575027 509901 786571 842292 643872 803691 441604 795884 483468 917739 77218 82796 171005 351460 485707 229551 751725 797474 383495 708514 507337 752266 625058 114226 433292 206543 332379 815934 764463 522822 540478 817454 290114 567513 134281 826517 472236 373716
687597 697275 479746 640313 697506 154437 277565 791133 159909 595622 174108 446862 715130 431722 340316 1109933 747092 782535 871948 643675 515028 714973 425143 740759 767806 999999999 795333 682606 557578 667208 824116 931966 495586 877093 138885 150610 88805 194765 821786 278501 143631 734092 975356 203268 700304 792238 872423 505260 720757 513697 1139516 909155 642287 574369 910576 744154 764687 170625 784477 948805 807723 217425 272912 273886 73988 846348 418122 635833 335190 136630 720716 615891 734934 842464 887138 468458 769227 540772 95003 123484 384342 494423 369540 355254 150927 806442 877550 561560 833444 812748 28796 286900 956234 148682 773997 330766 633859 468874 419353 466711
551868 127479 575015 381279 513976 782396 537268 188644 766270 323479 629182 432635 292943 469256 693577 375057 227835 437081 218752 508746 363126 168129 582530 490994 526468 795333 999999999 192872 285112 241977 541767 184180 498932 165808 695274 876574 717546 600693 355735 565588 938770 459246 450915 619689 210173 141319 461543 535846 183665 588436 369903 338228 658835 234702 188076 286473 391819 693683 632338 276591 118263 736084 522676 554848 764258 336240 416760 399109 529053 898969 77467 543414 583915 586786 455521 399274 42663 481392 841401 741650 557430 403513 428409 542608 658176 640679 163815 516185 227204 317871 810784 720288 177515 744884 796722 465236 495654 534799 775614 697297
363205 72772 590687 189492 602892 704607 462612 346165 690126 133531 508865 422616 118315 459362 521713 427349 361015 560605 399137 317303 189642 34392 402059 311764 350033 682606 192872 999999999 125905 49632 663775 376996 519398 196919 608152 738427 616624 492302 501689 422066 824788 280507 361667 538586 318870 112542 323145 347156 38709 398467 461099 260719 466339 123699 379769 126774 514981 616774 451617 269577 293623 674487 416795 417411 667186 492279 381807 474551 375396 767468 135267 604339 399287 419967 324292 233568 150269 290700 711372 655798 385742 413483 319346 510881 534671 462544 197764 323945 158185 466012 692697 555962 292151 665727 607556 373010 303732 546448 594424 510898
339713 160680 518111 173672 575448 586797 350688 390242 572967 86551 383600 346533 180300 380221 408777 552559 385802 560368 458582 283959 79690 159478 298813 319448 359417 557578 285112 125905 999999999 113144 657252 463110 453659 322626 488784 613145 493812 369067 522698 296690 699354 293191 452694 422190 334346 237872 383983 262624 163444 316944 586776 365398 415120 69764 457677 204907 517412 500364 444690 391788 357879 562391 295312 291548 544809 522362 295105 447047 251867 641692 210150 558363 386096 439778 391177 114582 246655 217058 585509 536234 272427 350448 199905 416698 409035 460422 323390 258526 277152 491296 567142 437957 413564 547953 571028 257632 268091 473890 491399 417285
313834 121819 612141 139866 639132 699938 462899 394276 686108 90992 493123 441657 80164 477409 485246 446241 406699 602952 448549 267674 159229 76515 362213 265044 303934 667208 241977 49632 113144 999999999 705194 425915 543147 226054 601846 713848 605837 481021 547528 399107 807821 234208 344447 535263 362595 146288 290648 302596 68061 352754 487858 252784 416928 138221 429240 97815 557656 613461 403879 281924 343054 674893 408143 397009 657016 539350 395925 510077 349085 745024 184443 635266 350707 376340 294307 205741 199318 244825 689849 649257 350701 437437 313048 522185 517381 415444 227382 276365 166312 512338 675416 522582 328857 661097 558027 370413 254140 567709 553154 467142
996820 597567 352254 825673 126828 713929 574881 356328 698725 740393 736614 405994 781923 405188 941826 878996 314773 105057 368689 941189 719471 661238 890655 966791 1006577 824116 541767 663775 657252 705194 999999999 477955 329283 706394 685273 964743 737403 688610 196181 761260 935399 937184 990638 627452 346641 674114 982855 894112 680766 945792 837599 877895 1065036 590304 442584 788944 150986 656303 1099704 816046 431201 639066 643746 738630 756944 228733 460625 221375 766485 960346 544825 213951 1042126 1081373 980955 721544 566963 863708 911162 710317 839342 365901 614698 470611 763273 1114042 704202 907168 763503 231893 851334 934152 677605 693551 1224999 590697 925291 355640 1049969 1012972
733183 310579 624451 564717 495022 894743 659614 162627 878003 507313 775604 519693 472012 551525 867916 406529 221484 384247 110595 691771 542447 351079 761917 667814 701412 931966 184180 376996 463110 425915 477955 999999999 552095 290195 817643 1028527 848512 740942 282881 727133 1073113 636245 580945 741417 247612 308750 618637 718821 365314 771799 359700 474147 842468 405034 35902 461701 347432 808942 808612 382525 124276 838220 665169 713491 891035 249241 524035 413294 696678 1046150 253449 552118 762787 755552 609143 575232 226729 665124 988599 861320 733059 479093 578437 634241 805597 815348 287445 700306 380057 250488 950658 890281 217615 859632 977741 603505 678988 591766 954397 878937
774436 478458 76083 624783 203616 395903 251566 389577 379733 539047 413202 111295 622445 89196 636519 873698 331431 291830 458056 716477 488875 534034 609662 770255 809705 495586 498932 519398 453659 543147 329283 552095 999999999 649188 357017 635476 408351 364901 351160 455847 612249 745649 880912 298294 308652 583316 832620 634459 551086 680162 865055 776578 813380 405320 520332 640458 282586 329949 884743 755161 441922 324348 331694 432278 430103 383143 171605 157098 473910 631477 454852 133276 824878 891454 837273 473061 499118 619992 581897 385074 553851 105947 331875 141337 438268 902792 648041 662418 664388 354204 522507 620563 674765 370929 975714 289887 700659 40038 746081 724669
480400 186544 724732 336380 679176 889331 643678 350855 874146 315963 703983 569964 227946 607497 710903 237004 393401 602048 364293 451081 383806 163161 586190 402317 430675 877093 165808 196919 322626 226054 706394 290195 649188 999999999 795439 935319 808112 684834 517168 618983 1019888 372434 294146 723124 374736 84970 330793 520271 161159 566436 264182 184532 602219 305303 311067 206275 557067 800509 538209 110886 276856 852535 607928 614162 857916 494384 542242 561836 571825 964315 194421 704927 499990 474526 320078 429165 151600 460416 908110 843012 576739 548070 509890 672440 730393 541687 2775 484516 98299 479353 888130 748616 112229 850680 718078 559158 441714 682579 774673 684660
685303 610231 341751 603586 558634 99717 158858 669926 88389 543536 149555 315206 661053 296574 390770 1031905 622442 645362 749828 634465 464118 637970 437536 723245 755278 138885 695274 608152 488784 601846 685273 817643 357017 795439 999999999 284424 56089 130716 688552 261900 262359 710858 931016 76333 578545 712075 840013 504905 646860 527433 1052608 852606 665575 490352 793763 688628 629091 38325 790697 877727 693715 111155 194237 246305 75912 714643 294833 499920 314967 275390 624263 477201 735871 834995 852397 421421 673948 526274 229111 47660 385657 362552 289261 217445 150934 812246 795526 556025 764793 681617 166497 349376 864102 62289 812753 236299 622128 329991 489147 511590
665388 766327 625887 657606 838868 301374 399507 898626 308824 631609 254159 574364 747692 564581 289543 1159802 859870 916439 979692 631166 554911 772420 406572 732766 753364 150610 876574 738427 613145 713848 964743 1028527 635476 935319 284424 999999999 229347 294445 947142 316455 158318 732564 989602 337399 809893 850855 876166 492518 774615 484698 1199452 938455 594298 644912 1010673 777202 894998 319018 749103 993487 905624 367740 365272 323294 224591 968840 536556 767711 364806 47103 799590 760000 707159 820002 893016 508121 845526 540479 55784 274065 383464 621275 450628 494139 223899 770771 936189 550075 878119 934542 121876 231823 1025080 299174 703843 428204 624613 611699 333443 406308
662794 625176 396552 594555 611046 122415 190618 705130 117990 540969 124343 358156 660017 342990 348200 1043191 660022 694095 785724 614343 460414 647837 407751 706833 737022 88805 717546 616624 493812 605837 737403 848512 408351 808112 56089 229347 999999999 124816 733037 239671 224716 696705 926491 114485 614033 723779 830133 480477 655207 498057 1068391 853342 633758 503175 826181 688371 675929 93375 765458 885348 724248 158880 200211 228232 51546 757771 330888 547131 295678 223204 644348 530958 712374 815057 843537 415521 693514 507501 174481 68690 359200 405722 298235 267456 115213 787235 808386 533980 770964 724250 114421 303012 882348 95500 776395 252634 602920 383008 442322 471857
555903 503336 376875 473975 566214 229774 113847 605623 219095 417156 48302 286371 535870 283435 291071 919258 565630 630397 686735 504352 336882 523829 314621 592539 624714 194765 600693 492302 369067 481021 688610 740942 364901 684834 130716 294445 124816 999999999 654513 135575 338370 580212 803701 96944 516162 600253 710282 376975 530820 403160 946202 728897 542821 380689 721033 564056 605646 156273 662389 760717 617002 232055 78152 117421 176081 675155 243302 480898 185675 306370 525952 496954 606802 704682 723018 292857 574481 395973 249337 174801 260256 331805 175420 230097 75136 683782 685182 426702 646212 640730 210561 262890 761836 192997 694759 137501 491809 350499 397896 402095
854344 430833 408253 678846 225223 742269 548074 167101 725670 598449 699191 374964 619142 392246 865881 682871 140831 102932 172859 801831 594914 492906 791759 812572 851355 821786 355735 501689 522698 547528 196181 282881 351160 517168 688552 947142 733037 654513 999999999 693735 950400 781665 806633 618556 188654 493656 810294 778376 512145 832290 642075 693963 937817 452960 247223 621738 76310 668023 950621 625294 240312 673393 592816 673616 764310 37826 411211 194292 684729 952389 372294 300027 895656 921297 806345 608008 385859 738703 897994 723833 746851 327429 536416 474855 728670 962813 514839 780903 581946 37883 846063 869982 482112 713719 1092426 531700 786475 389418 968802 916125
424101 451228 484020 361811 646224 357511 216435 612783 348907 320937 115439 357439 439752 367438 181376 845321 583738 688947 692189 374771 241623 456000 179325 467498 497358 278501 565588 422066 296690 399107 761260 727133 455847 618983 261900 316455 239671 135575 693735 999999999 413146 458381 696928 230696 530320 534436 594663 243017 458517 267585 883155 633361 407309 331488 713111 469093 657231 290878 528815 680380 607541 367196 125297 23650 289376 707956 300665 542688 56959 345992 488146 588716 474312 575530 609039 194457 532408 267866 290790 301492 124707 395365 158145 337528 129345 550388 619825 294938 564678 673317 281643 176332 709120 323146 560393 170623 363252 450703 290694 275364
803366 840739 584076 772858 808751 223604 414984 929506 237708 733522 315965 577565 852693 558159 435248 1251913 883541 903471 1009941 764002 653414 857438 540139 863779 887927 143631 938770 824788 699354 807821 935399 1073113 612249 1019888 262359 158318 224716 338370 950400 413146 999999999 859929 1108189 335783 838296 934969 1001030 624236 862746 624397 1282675 1046458 742750 717788 1050897 881954 889477 283226 893466 1089713 948839 299257 416521 411679 186449 976889 554667 760273 468491 111965 864296 722734 847994 958869 1016636 606433 912848 665771 138099 227526 506952 624899 513122 476734 290498 915351 1020389 681715 974131 943942 132408 377479 1099811 241965 859239 473844 755651 581076 490146 557405
112603 352745 807577 121062 864577 809913 605181 626293 799244 206882 572604 636791 166670 668726 452424 511686 640848 835908 675085 108632 264675 294643 326508 31752 69734 734092 459246 280507 293191 234208 937184 636245 745649 372434 710858 732564 696705 580212 781665 458381 859929 999999999 265487 659793 596592 328072 144340 240535 276998 260708 583124 255360 240321 351897 646033 174590 790907 733057 173098 354204 570080 804874 525341 468475 747203 772785 581874 735389 401594 773167 414351 851334 127924 146716 162371 296983 418040 194165 725989 754542 353014 643387 451628 693957 587556 182397 374951 183679 274668 746296 733111 506023 483844 773143 345878 512566 110376 763791 474200 375083
365223 408201 952342 335391 949026 1030573 802214 639532 1017911 387597 805672 783668 272787 820073 715560 297829 675894 885598 658325 374042 467012 348160 587314 276836 276987 975356 450915 361667 452694 344447 990638 580945 880912 294146 931016 989602 926491 803701 806633 696928 1108189 265487 999999999 869769 647941 317104 126385 502311 330323 526086 384517 112804 488775 480948 604152 247996 839803 947060 359232 201625 567438 1012641 737461 702267 977991 786056 740023 824220 640523 1028150 450066 960463 352342 267547 106323 511025 423683 449771 978168 977354 606274 775049 648235 866619 825070 351292 296755 447076 227704 768760 978003 767524 372669 992213 544540 708217 375464 908082 739331 640126
644205 537241 296005 548050 501869 166323 82649 594465 151558 482525 137071 243716 597970 228988 386254 959950 547796 580695 674610 590851 404962 567478 409999 674577 708505 203268 619689 538586 422190 535263 627452 741417 298294 723124 76333 337399 114485 96944 618556 230696 335783 659793 869769 999999999 503124 640393 783913 468442 577225 497556 978710 787426 637637 418825 717726 624790 561727 78266 752372 807938 617444 145117 134617 210655 150294 643429 219283 433126 276892 336106 549321 425213 695640 789739 795274 364996 599101 482272 284474 121963 354674 291281 222512 157051 153339 773483 723121 515688 696136 609995 228171 354090 789486 127575 790938 165597 577527 276480 491531 498966
666199 251114 383189 491077 304564 650777 423424 91386 633950 409915 556058 272996 437171 304053 693954 579731 54275 242413 171693 613330 407800 314709 610617 627088 666318 700304 210173 318870 334346 362595 346641 247612 308652 374736 578545 809893 614033 516162 188654 530320 838296 596592 647941 503124 999999999 330909 636224 592132 334234 646306 561599 535767 749387 264582 219068 442835 196526 566713 763845 485568 133294 591972 445299 512459 653416 189032 283842 189888 513306 822131 198865 334828 708213 738506 634369 423803 226473 550852 765402 620426 568905 231521 372662 387308 586309 776638 372922 592781 420240 157088 721298 704260 375788 616745 903776 382219 597928 347585 793132 734624
428762 107846 657874 270121 633216 806705 561735 327398 791700 237266 619046 497666 167300 535216 631085 319850 359696 569060 359446 392396 301144 78436 508493 359494 392675 792238 141319 112542 237872 146288 674114 308750 583316 84970 712075 850855 723779 600253 493656 534436 934969 328072 317104 640393 330909 999999999 320226 446929 78808 495459 348934 204872 544585 221733 320964 153570 523159 718074 499980 173946 259377 771767 523567 529342 773764 476194 465730 510325 487921 879541 134399 649964 455335 448442 314346 345802 107854 387985 823264 759698 495894 479704 425553 596253 645425 506602 85600 415877 89460 455994 803178 667070 182572 767963 671888 475801 381236 614758 699101 611743
239014 385467 900041 236432 926005 939660 722573 645790 928054 306079 707003 728635 210602 763289 596749 405507 672542 878522 679291 251353 379492 321750 470611 151638 150822 872423 461543 323145 383983 290648 982855 618637 832620 330793 840013 876166 830133 710282 810294 594663 1001030 144340 126385 783913 636224 320226 999999999 384721 302236 404091 486625 161271 362503 427409 635949 196411 832541 859457 239552 271771 579473 928660 649572 602668 881225 794970 678952 797683 537715 916274 439206 925638 226891 154774 20187 419208 426112 336194 868234 885070 494918 727266 567159 799776 723950 234869 333566 328013 238940 773050 872835 650313 431188 902044 427121 628363 254501 855634 615122 515913
182827 408480 680937 189204 796456 600086 434365 652618 591826 213642 357457 524099 296747 547095 213326 712554 645030 804234 721020 139778 184887 378505 86022 240486 263751 505260 535846 347156 262624 302596 894112 718821 634459 520271 504905 492518 480477 376975 778376 243017 624236 240535 502311 468442 592132 446929 384721 999999999 370361 54382 770201 467735 179212 330578 716611 323705 764106 533162 285797 544790 619320 608991 342551 259555 528486 781144 463088 674610 191705 533862 466122 759145 231900 337214 402234 172765 494240 60211 488400 544078 121717 547375 303616 544917 366280 307383 522063 57684 437925 748982 501037 265675 628457 566122 341305 354908 132179 641081 255511 164816
368335 83234 623327 200377 625703 743276 501031 351755 728772 158946 546899 456693 110352 493720 552286 389197 372566 576640 398087 326630 222808 19528 430071 308717 345327 720757 183665 38709 163444 68061 680766 365314 551086 161159 646860 774615 655207 530820 512145 458517 862746 276998 330323 577225 334234 78808 302236 370361 999999999 420014 424934 226126 477930 161215 371657 109593 530717 655398 449939 230872 293158 712802 455442 454502 705811 500015 417704 498442 410743 804270 140065 631478 400475 410477 301324 268007 141653 312155 748387 694507 417106 445403 358040 547302 572475 459212 162223 342272 120165 475599 730569 588403 261156 704400 613157 411663 314166 579266 621204 535021
180724 461264 723797 231238 846364 619579 470611 706991 612572 265310 378092 570622 340219 592020 196614 751008 699282 856880 775231 152749 239253 429085 90308 254101 270107 513697 588436 398467 316944 352754 945792 771799 680162 566436 527433 484698 498057 403160 832290 267585 624397 260708 526086 497556 646306 495459 404091 54382 420014 999999999 811903 501550 140271 384960 770119 365821 817115 557957 270836 584437 673315 634491 377386 286901 543924 835332 509475 725707 222358 528197 519508 806593 223611 335464 422723 225497 546595 107931 486770 563894 142957 595834 348317 584764 382853 292806 568337 84210 480909 803088 506468 253256 675893 587346 298603 396189 150683 684932 216675 120006
695716 443220 940927 581373 846428 1143998 897578 500523 1128331 575653 967045 802535 473567 839136 969239 89664 557380 742274 469221 679844 646781 427298 841973 607702 624892 1139516 369903 461099 586776 487858 837599 359700 865055 264182 1052608 1199452 1068391 946202 642075 883155 1282675 583124 384517 978710 561599 348934 486625 770201 424934 811903 999999999 331182 823330 565519 395021 446579 703244 1054940 724478 229692 431982 1102070 868669 878276 1117477 608925 784655 748667 835636 1228465 431554 893002 701364 641031 468503 692650 381779 710026 1172194 1099891 837041 772701 770809 911967 993835 721254 263387 727934 332540 608444 1151262 1009416 192524 1105745 912145 817191 673774 902101 1025668 931800
367214 299887 849261 283100 837749 951313 715682 526869 937789 313555 736299 682757 194027 719709 678424 256470 563135 772864 547414 358211 394245 242603 548309 277872 293712 909155 338228 260719 365398 252784 877895 474147 776578 184532 852606 938455 853342 728897 693963 633361 1046458 255360 112804 787426 535767 204872 161271 467735 226126 501550 331182 999999999 495221 383524 495597 165143 727095 865509 394359 110502 455076 927643 658403 635473 904820 673728 642463 713831 578736 974058 338584 851578 370289 315247 145962 440698 310977 409809 921435 899753 557245 671120 564937 771145 758242 392497 187231 417948 115863 656098 914591 726059 274233 912556 581655 623011 354758 805271 718225 620666
128007 536503 860096 277779 971528 755910 610313 800053 749619 343764 516022 702777 377712 726228 307532 751688 800322 971907 861634 152194 346029 491431 228381 217914 211803 642287 658835 466339 415120 416928 1065036 842468 813380 602219 665575 594298 633758 542821 937817 407309 742750 240321 488775 637637 749387 544585 362503 179212 477930 140271 823330 495221 999999999 484859 846107 396261 930190 696909 160925 594088 756823 773563 517321 427003 677980 936810 641876 847595 362583 640057 598394 937089 138759 247859 382664 345742 616173 201364 604772 700594 282965 724708 482826 723128 518740 181253 604534 158026 507226 906182 632211 365282 714442 724711 162447 533555 163812 820292 279357 189110
406784 123002 473929 236070 512779 585147 340990 322175 570258 150101 403121 303516 217127 339465 462882 541553 316136 492235 392567 351911 145833 149442 360555 379931 420008 574369 234702 123699 69764 138221 590304 405034 405320 305303 490352 644912 503175 380689 452960 331488 717788 351897 480948 418825 264582 221733 427409 330578 161215 384960 565519 383524 484859 999999999 396629 235977 448837 496670 509678 390135 294280 552226 303201 321876 552735 452686 259363 383689 294484 669647 157292 501650 451843 498387 431972 171489 200966 286601 612433 537969 328339 299858 205290 387621 430896 524549 305479 328256 281381 421543 587060 486640 382561 546366 640321 254069 336179 429495 551261 481605
739935 310608 591998 568925 459288 868886 636454 131016 852094 507268 757028 492026 480340 522973 858687 439956 188982 348404 74716 696564 537346 356179 756058 677737 712382 910576 188076 379769 457677 429240 442584 35902 520332 311067 793763 1010673 826181 721033 247223 713111 1050897 646033 604152 717726 219068 320964 635949 716611 371657 770119 395021 495597 846107 396629 999999999 472088 311539 783844 818961 407979 105620 810960 646165 698593 867741 213972 499299 379326 684977 1026980 250665 517205 771493 769340 627359 567908 230527 664400 969563 836806 724897 450333 561877 606375 787159 826568 308366 700884 397018 214612 929943 878929 247007 834276 984784 583929 683297 560149 947702 874803
276629 191877 709830 134821 729666 787664 555230 460868 774417 148550 571172 539460 29513 575221 526891 390536 482068 685183 504192 244827 229154 128875 397807 206117 240308 744154 286473 126774 204907 97815 788944 461701 640458 206275 688628 777202 688371 564056 621738 469093 881954 174590 247996 624790 442835 153570 196411 323705 109593 365821 446579 165143 396261 235977 472088 999999999 639351 702616 347028 222117 400206 766453 494402 470625 739873 609403 493489 601276 415122 811623 249599 729901 301775 301701 198216 275752 246327 263587 758271 735595 399621 534629 402419 619038 593267 354519 208524 282276 115209 585179 749921 571027 318390 749007 518626 461622 235505 665405 579109 485505
