NAME : synthetic_000540
TYPE : CTSP-D
DIMENSION : 100
GROUPS : 8
RELAXATION_LEVEL : 1
EDGE_WEIGHT_TYPE : EXPLICIT
EDGE_WEIGHT_FORMAT : FULL_MATRIX
EDGE_WEIGHT_SECTION
999999999 713763 581334 777932 829144 610607 595204 387577 966982 916599 277005 126842 748064 774861 449978 220033 343625 609482 430501 745509 604448 122817 863534 57651 150579 662584 680965 246799 878692 622363 309269 1026971 940230 120066 842791 848231 470079 247860 837039 644872 338244 428703 525332 878852 105112 260693 182864 218452 509050 558172 456392 489660 313944 573523 694864 458000 653152 383582 732995 547592 741915 738069 486697 954080 424358 410043 1042004 641719 748849 644718 167740 176523 570930 287668 830520 480573 838065 741030 722109 692352 281629 164515 143007 164606 406143 935547 114062 552098 262326 534092 632963 536550 663074 325749 225298 338882 929029 658881 705644 565835
713763 999999999 137013 85281 545277 486379 1094042 342705 824247 653586 947511 826855 64736 755800 397392 565310 687178 1026463 453315 602501 115481 647188 759040 716490 614533 1019318 656417 815028 751036 437140 930504 838315 715557 741211 906950 814272 482243 948216 520372 921422 629673 379970 699501 801078 609773 456155 812515 594610 1067638 693794 1043395 1057795 912003 698460 828013 832939 1152724 720170 1129537 803207 748263 727004 1048931 911290 323339 719741 896738 751785 278841 72097 546077 890175 486945 879907 534013 910244 910467 67499 1191517 794664 484851 875137 574576 818728 819821 721403 715810 171694 826982 1078040 595907 1075665 481172 615518 518538 375118 808570 421349 1190530 541542
581334 137013 999999999 215124 509562 399549 963575 205697 774421 621860 810719 697541 167282 676314 274652 428345 555917 901105 329916 535837 69848 522776 696949 581452 491559 899319 569922 700220 693425 356928 793607 799642 678356 604642 821451 741395 366118 812675 491820 806851 498520 251686 585228 736092 476637 327977 690745 480176 933415 584173 907802 923054 775378 590709 727647 705699 1022919 591067 1008072 685817 663545 643922 914383 845250 221979 592708 851125 650138 271931 82062 414288 757255 390841 764908 500820 781253 823769 160935 1064513 696979 348043 741134 444750 694556 689402 681978 591588 36166 713178 944652 505539 942516 408180 483508 381743 245145 752994 353332 1062272 441698
777932 85281 215124 999999999 614905 569474 1177175 418487 896110 720425 1020066 886508 118564 836371 481912 641413 769839 1111012 537838 680752 173958 702790 835099 784784 669096 1104485 738760 860386 825811 519485 1006698 906155 783790 813170 988451 893041 567449 1016944 587883 1006695 712350 463332 784782 877762 675496 517680 864254 642040 1148515 778950 1122749 1138177 989330 783506 912223 917027 1236127 803677 1214614 888458 829980 808450 1129506 987840 369553 803824 966751 836234 346306 136939 610494 954364 571259 924952 602941 993867 992216 127075 1275761 878550 561953 941087 636447 872803 902899 790384 770640 251056 871374 1159584 679109 1157376 561813 697780 592029 439749 882393 501562 1274446 626111
829144 545277 509562 614905 999999999 219515 863644 525262 282200 112391 924940 953819 496357 288051 394200 609112 563172 753443 400124 139902 573703 845490 238675 793212 828613 704034 251689 1042902 222183 210453 862770 293409 170689 772321 435618 314942 359474 968990 35124 586009 528739 426990 426464 283092 742968 681012 1000263 856581 896000 393714 904939 897676 830917 385178 432892 617729 906868 559265 810119 515194 302710 280680 886280 387952 685459 538124 351897 384342 268606 558740 712929 966120 259608 1099471 14152 694723 442879 488113 911863 394579 556978 937475 750524 989201 642429 176137 902370 494617 1058666 890423 244592 884573 166084 531447 614949 620691 273082 182360 923450 279552
610607 486379 399549 569474 219515 999999999 699382 340882 403458 308444 712133 734732 459904 276988 193405 390700 353710 603113 185505 155154 469395 633505 311446 573795 619277 572896 171109 829692 314635 52847 654981 447149 341480 553207 422887 344311 140532 752560 231923 461709 313650 230737 255406 345722 527307 482641 783978 653640 712948 234416 713037 711349 624539 233358 345315 437118 749922 357837 684570 359833 264386 244421 700327 451738 522116 340927 483122 271974 276415 470835 502314 746873 40109 884578 222347 518361 425726 449908 769477 310191 343762 718467 539300 771830 450750 339545 687638 372320 845604 712106 109644 707190 55040 314544 400845 434450 374116 88761 775795 77702
595204 1094042 963575 1177175 863644 699382 999999999 772919 811284 885548 377277 621526 1095715 624260 698958 568889 407691 122979 643714 725445 1019237 714997 729910 542470 736288 203578 613544 803090 756139 747229 302248 883518 866086 479922 568592 661553 626833 454968 891917 302221 465055 714072 445604 712935 631221 760261 726809 806077 113116 473272 174336 134418 285977 479861 462345 266820 61241 374190 182846 348629 593305 608660 129529 717859 919975 377584 855826 484826 966917 1045160 681741 543511 671823 812324 873913 185750 558889 1085930 127349 493544 634528 517250 687237 697006 274277 855061 703733 927411 814947 83101 624045 76130 745047 480361 629114 798316 772944 787563 110937 621720
387577 342705 205697 418487 525262 340882 772919 999999999 744337 631885 605370 509887 366712 599720 150886 222985 367962 722157 187117 495934 249813 352366 650746 380737 326835 731949 488087 545678 655279 322063 588341 786391 675181 399890 725613 673026 240123 609958 520806 653002 312455 112643 440688 682235 282771 162952 520818 339240 734484 450763 705737 722959 570883 461204 606617 525263 833363 408315 836170 529322 577719 562694 714757 783778 189679 415482 824003 530462 374092 281730 227004 560615 313088 607934 521560 595488 725560 358804 880615 583021 143776 542096 262480 518994 501337 674972 418817 171938 560389 747585 422515 745996 375970 295199 176711 95540 714467 343147 875766 346036
966982 824247 774421 896110 282200 403458 811284 744337 999999999 189986 985507 1081362 777566 203896 595762 757482 641738 688950 577644 248608 841803 1014156 103518 919790 1005122 616765 286039 1203902 90478 428784 908160 72310 125772 881771 257910 149983 524239 1045918 312293 509064 631188 633605 460169 100349 900928 881532 1148712 1047000 876685 422833 904387 885162 873926 407993 351963 623730 838443 617307 702226 499835 239247 235435 873806 135034 923733 590189 79680 357391 550176 831670 888494 1069578 433220 1252827 294972 681928 268005 769092 819725 327102 730238 1037941 923523 1131565 666722 114974 1060068 754171 1219961 861951 338983 854722 373927 641934 783206 837583 40438 422541 838633 414035
916599 653586 621860 720425 112391 308444 885548 631885 189986 999999999 988544 1039102 602239 270181 494961 697465 627563 768967 493818 178544 685660 941787 184579 876952 926881 709662 279512 1138133 160007 311499 920520 185925 65580 850475 395644 268954 447902 1038446 133233 592776 600627 529630 469602 224278 835581 784402 1091869 958466 930829 433281 946792 935048 887459 421740 431473 657166 923079 616253 809301 543416 295949 278137 923531 314003 796208 592367 249895 401077 375080 669810 810190 1044098 346998 1192879 121288 728868 404448 594416 918737 395898 652061 1014293 847370 1079027 689182 75142 996016 606989 1154041 921758 298213 915317 260717 606153 709277 727421 193470 289321 933384 353090
277005 947511 810719 1020066 924940 712133 377277 605370 985507 988544 999999999 255996 970986 781664 609058 386161 362112 437748 568189 810049 846885 396941 885560 245385 427040 512919 716586 435966 906858 742229 86678 1054200 994211 206988 798202 844684 585190 78848 942405 544709 398609 603061 527853 887148 358358 518206 360600 493111 270296 565619 208829 248369 118675 579708 654172 371703 425648 373400 547708 494135 746306 751025 250025 934770 687970 398861 1050438 629080 919840 883424 423494 168818 673359 437927 930370 343743 790775 962674 501145 667202 467477 146904 410267 330280 322256 986404 362848 777308 446200 299977 690443 305012 767037 399483 428983 585310 945148 784033 478987 645449
126842 826855 697541 886508 953819 734732 621526 509887 1081362 1039102 255996 999999999 864814 885280 576797 345254 445586 659213 556369 866070 714788 188331 977864 162623 223164 722874 796115 181751 994285 748111 319541 1143296 1060443 203011 941450 957118 594373 194987 962515 723324 450176 555420 630601 990561 227954 370710 105544 273805 521218 665394 461708 499822 336951 680782 792575 535115 674494 480105 778576 638418 851435 849385 499781 1060235 522822 507677 1154849 745797 874803 756367 284466 95062 694847 196796 955548 540599 935932 858238 748210 794140 408464 109250 252799 75510 481228 1055274 128833 670062 193425 549666 751390 553783 787756 439982 351935 452604 1042694 785077 728034 686863
748064 64736 167282 118564 496357 459904 1095715 366712 777566 602239 970986 864814 999999999 721845 396858 585550 691908 1021986 452007 564407 168742 689374 717428 746358 657714 1009529 626964 863347 707726 408578 948527 787857 665404 766388 874885 776803 474176 976555 469521 907485 634711 385314 686931 760325 643172 495129 856717 642734 1075910 677832 1055176 1067270 928130 681145 804789 831490 1153291 721712 1120710 792300 716953 695067 1057976 870284 375087 718789 848222 729965 227776 126763 581347 923645 465538 928199 484432 910563 878997 10122 1188388 770069 504214 906847 612028 861215 822510 671914 758195 196270 875829 1084582 569306 1081763 448034 621960 543290 412406 764074 387537 1188945 521244
774861 755800 676314 836371 288051 276988 624260 599720 203896 270181 781664 885280 721845 999999999 449184 573428 441803 504590 417740 163500 746133 832023 107703 725262 826527 441078 111657 1016335 132787 320807 704324 273670 242317 683820 154655 75564 362736 842644 322786 325664 436717 487220 257975 106324 716730 718590 957591 874327 680794 221283 704922 687836 670103 206108 163263 421024 657851 414923 539189 298001 35358 38234 676375 186770 787682 387544 271224 153847 509831 745968 712065 869010 292107 1062273 301695 482547 160139 712220 649738 130805 558137 837118 745060 938828 463039 231014 873031 649301 1032338 668196 177665 661261 274662 449294 606607 687055 163500 334809 665290 253708
449978 397392 274652 481912 394200 193405 698958 150886 595762 494961 609058 576797 396858 449184 999999999 236717 296056 629110 55929 348279 339148 452471 500709 424100 434566 624762 337528 650223 506140 184113 571161 640551 533183 420353 578335 522228 95882 632626 395902 533057 239477 38283 312433 531553 355301 290122 611636 463516 681300 315245 664503 673791 546621 323643 466457 435857 756837 324864 733887 411371 427978 412393 664109 632907 338653 322751 675426 389071 311272 356279 319605 606096 162935 708275 392853 514086 578815 387127 794186 439926 168815 581475 357381 603279 425674 531923 511721 239663 665850 688761 271761 685713 234568 228432 226630 242000 564937 214369 793572 195743
220033 565310 428345 641413 609112 390700 568889 222985 757482 697465 386161 345254 585550 573428 236717 999999999 191623 537599 211269 528549 471289 258602 654732 188002 254909 565258 472516 446635 667887 402875 365359 814485 723196 186440 661619 648511 250178 400088 617285 512038 155233 222424 341701 674084 143639 197881 395121 309759 518571 368475 485681 505474 348297 383102 519682 347882 630101 238458 658962 395454 542593 535570 497984 757802 351117 257149 834377 455443 545261 504566 147077 369392 351141 497661 610542 404153 658477 577071 684875 509048 81387 344907 174891 381566 310465 719062 302828 393855 462695 534268 419590 533497 443042 137044 60626 229764 720811 440199 676340 349066
343625 687178 555917 769839 563172 353710 407691 367962 641738 627563 362112 445586 691908 441803 296056 191623 999999999 355618 242939 449047 611913 425360 538915 289670 430651 375432 361531 590227 557635 389058 301291 706904 636804 242873 499225 512310 240203 411338 581597 321511 57506 307548 185156 547860 311825 388027 525256 492564 385407 220696 371917 378550 270951 236009 351260 160082 467307 46874 473340 209527 407358 407080 368624 614649 529942 68634 712754 300280 588378 637469 334889 427840 316397 629823 568943 227553 494444 682314 512665 349503 237052 396249 356753 503771 133871 629788 451402 519751 605853 392791 329401 389871 408015 72977 249418 406436 602197 431517 508259 284048
609482 1026463 901105 1111012 753443 603113 122979 722157 688950 768967 437748 659213 1021986 504590 629110 537599 355618 999999999 573181 614029 961122 722176 609253 553010 738525 84736 501892 837048 635688 653231 353205 761124 746858 489606 445705 539426 547983 516404 783069 180214 409785 649419 347879 591035 625147 734984 761713 807077 211823 370629 261975 228238 327288 374966 341762 196928 154197 313842 124303 243987 474631 491041 219072 594963 884528 308739 732864 370467 876393 983167 666807 592932 579368 855243 764351 134511 436033 1012002 167390 374396 592258 563333 678941 733195 227139 735603 722632 865220 850328 188027 519069 180147 645110 427457 597982 761084 650858 691874 172784 526390
430501 453315 329916 537838 400124 185505 643714 187117 577644 493818 568189 556369 452007 417740 55929 211269 242939 573181 999999999 334766 393494 448009 479050 398621 434015 569414 306934 644403 487238 191868 525517 627252 526012 387493 538934 492349 55027 596787 406658 479330 187352 82235 260127 506515 342939 304262 600166 470604 628313 265965 613416 621404 499617 275531 420279 380085 701363 269885 678266 356989 393626 380023 611538 603754 376717 267052 656894 343689 352935 411719 316937 577711 148368 699879 400754 458610 538698 442216 738298 395987 158263 551431 353823 589205 370940 523433 502798 294641 660288 635022 243404 631806 234811 178057 215562 269694 544543 228969 737801 165914
745509 602501 535837 680752 139902 155154 725445 495934 248608 178544 810049 866070 564407 163500 348279 528549 449047 614029 334766 999999999 604797 779623 161374 703503 767657 564164 112155 973607 160927 182102 742641 292884 194752 674368 317892 212396 283757 860065 171498 446164 423296 385815 294857 200458 669704 636389 923625 805320 761921 259926 774179 764704 709773 249899 294796 485065 767696 438133 670589 377732 169939 147017 753234 310243 675413 414673 328205 244469 347613 599614 650465 867535 187223 1026101 151633 559937 323610 555026 771969 256248 491252 837392 686691 909223 513936 190554 830293 512645 989625 754985 119669 748916 128222 429681 546651 589602 220884 183400 783669 179710
604448 115481 69848 173958 573703 469395 1019237 249813 841803 685660 846885 714788 168742 746133 339148 471289 611913 961122 393494 604797 999999999 533264 765717 610833 500248 962338 639752 699549 761698 426530 835790 865264 743428 639908 891245 811014 432404 842994 554309 872195 554940 313164 651164 805172 501662 344756 697688 479155 984052 651395 955489 972712 819580 658338 796338 764829 1079152 649065 1070205 750385 733382 713771 964445 914503 208054 652383 917994 718747 325669 43439 436846 780952 460450 764427 564386 838730 893527 166200 1123095 766038 393448 767303 463559 704469 745775 747473 601701 100593 711505 996667 575301 994897 477412 539019 419921 265903 821109 421882 1119850 510902
122817 647188 522776 702790 845490 633505 714997 352366 1014156 941787 396941 188331 689374 832023 452471 258602 425360 722176 448009 779623 533264 999999999 911918 172528 34833 769904 730280 197775 924129 635074 432075 1069240 972958 235405 916566 907110 496170 358757 848342 740932 405449 423203 595761 932311 116120 196144 169325 96215 631259 624791 579126 612081 436078 639711 771763 558483 773644 469747 846346 634695 801149 794144 608893 1016271 335979 493950 1091669 711217 726251 575725 132887 271546 595790 257255 844807 590407 912872 683519 841383 764123 289746 269963 95089 171844 509307 969775 68822 498447 213379 655872 675316 658118 681955 389353 233086 279220 978080 666839 825752 602110
863534 759040 696949 835099 238675 311446 729910 650746 103518 184579 885560 977864 717428 107703 500709 654732 538915 609253 479050 161374 765717 911918 999999999 816272 903519 542534 182684 1100935 26967 343148 809531 168764 142307 778443 211111 84420 424936 944676 273131 429361 527688 538874 358638 44454 798283 783312 1045359 946688 788323 321063 812604 795495 775394 306466 267605 528035 761638 515573 636175 405487 142029 134580 784040 152944 833558 488691 179752 260644 493992 759440 787188 966711 337804 1149540 252771 590248 220011 708382 749823 237564 629528 935164 821865 1028105 568927 130006 957120 674011 1116992 775414 237679 768424 289586 538419 681710 742638 66176 343869 766635 313969
57651 716490 581452 784784 793212 573795 542470 380737 919790 876952 245385 162623 746358 725262 424100 188002 289670 553010 398621 703503 610833 172528 816272 999999999 195340 605182 634177 302666 832303 589462 264665 981155 897832 63528 788746 797921 433866 232161 803017 587477 288890 406888 473093 830011 113245 274185 235654 265023 460207 506809 410057 441550 265318 522199 640423 400419 601171 328233 676766 491472 691835 688924 437845 902636 443220 355053 993882 589200 729782 649446 178957 183119 533782 340154 795373 423407 783803 738782 668907 639100 259618 161787 165176 214352 348496 892651 171655 550203 317957 484163 588803 486198 627329 277924 207951 345684 881366 627536 653229 524420
150579 614533 491559 669096 828613 619277 736288 326835 1005122 926881 427040 223164 657714 826527 434566 254909 430651 738525 434015 767657 500248 34833 903519 195340 999999999 783284 722856 219107 914835 618217 458384 1058667 959973 256558 916158 901891 483906 391481 830206 749364 406322 403675 595669 925360 118929 167174 199208 69824 655540 623272 604796 636803 460566 637961 772914 569579 795535 476058 862825 640121 796410 788461 633177 1011795 301627 499233 1083189 710146 700885 542893 117198 305744 582332 281113 827418 605633 912827 652042 862041 763565 276412 303196 81672 204228 521850 957206 101564 468124 234093 679440 666162 681393 666405 389378 221923 249547 969688 648625 847197 591712
662584 1019318 899319 1104485 704034 572896 203578 731949 616765 709662 512919 722874 1009529 441078 624762 565258 375432 84736 569414 564164 962338 769904 542534 605182 783284 999999999 453236 897416 569339 624762 426952 688507 682698 542729 367733 468643 537109 590911 735291 118084 424293 649192 323514 520810 666789 762851 823123 850342 296531 338712 345579 312681 398592 339733 278263 217620 222071 329776 111905 217376 413713 432116 303302 516748 903589 317702 656577 320224 849103 981039 702381 662230 553851 919641 715741 182959 357838 999441 209152 314040 610855 631650 718375 795451 261614 671013 776590 864032 911277 272639 479690 264752 609975 443065 624313 780348 579740 660996 224270 498762
680965 656417 569922 738760 251689 171109 613544 488087 286039 279512 716586 796115 626964 111657 337528 472516 361531 501892 306934 112155 639752 730280 182684 634177 722856 453236 999999999 918406 198172 219317 645003 347330 277774 597923 251802 185474 251912 771490 282191 335503 346160 375568 191165 202632 616142 609276 862688 768168 652542 154196 667320 656143 611452 142262 190759 377686 655542 343284 560823 266543 93681 75392 644638 296828 676048 317802 361985 133026 426364 641926 607166 788004 181759 966856 262931 450414 254631 617101 660427 152471 451048 756836 641192 845558 410332 269818 774619 541685 934460 644658 66268 638448 180846 356254 501536 575815 248525 240842 671778 142137
246799 815028 700220 860386 1042902 829692 803090 545678 1203902 1138133 435966 181751 863347 1016335 650223 446635 590227 837048 644403 973607 699549 197775 1100935 302666 219107 897416 918406 999999999 1114461 832559 501260 1261076 1167692 359802 1089166 1090558 691166 368967 1046063 888560 581578 620878 770576 1118872 303964 384330 76282 220639 702859 802484 643057 681401 517943 817753 941483 700531 856243 630364 957774 794103 984164 978983 681480 1197790 492405 656840 1280389 887026 919520 742945 330661 268707 791486 64887 1042377 714473 1084566 858533 929883 938240 486333 289293 292852 106273 647528 1164097 143838 679866 16061 731390 866216 735529 878877 567653 428864 464702 1166913 864588 909783 794852
878692 751036 693425 825811 222183 314635 756139 655279 90478 160007 906858 994285 707726 132787 506140 667887 557635 635688 487238 160927 761698 924129 26967 832303 914835 569339 198172 1114461 999999999 342757 831619 149382 115454 795828 236515 110116 433770 964996 255932 455908 544299 544105 379240 64587 811200 791222 1060010 956525 813555 341522 837098 820471 797551 327210 293954 551589 788236 535722 663141 429657 166328 156957 809001 165842 836140 509101 169697 284373 482627 753924 798141 985115 343367 1163932 236109 614909 245597 698848 776729 263288 639801 953731 833261 1043296 591594 103097 970624 671600 1130522 800962 248821 794013 288340 554392 692912 748097 60016 340144 793475 323580
622363 437140 356928 519485 210453 52847 747229 322063 428784 311499 742229 748111 408578 320807 184113 402875 389058 653231 191868 182102 426530 635074 343148 589462 618217 624762 219317 832559 342757 999999999 689089 465869 353123 574150 470072 384484 158598 778521 214894 514190 344418 218153 305367 380548 533576 472917 790911 647414 756770 286067 754193 754268 659662 285582 397573 483133 798736 397778 736532 410664 311303 290375 743397 488919 495582 382928 507869 324690 224344 425175 502478 766539 75844 889466 209898 564750 473415 398634 819976 362050 347040 739228 540085 780647 493538 353068 692420 331943 848302 757117 160886 752435 54952 342756 405148 417362 402770 42482 825721 126873
309269 930504 793607 1006698 862770 654981 302248 588341 908160 920520 86678 319541 948527 704324 571161 365359 301291 353205 525517 742641 835790 432075 809531 264665 458384 426952 645003 501260 831619 689089 999999999 977717 922669 210404 714487 765277 535447 163965 882267 458532 345396 570295 454410 809040 371050 523515 424994 527314 203343 492028 147450 182702 34290 505539 571940 288933 355065 304619 466160 412651 669008 675003 181395 852855 693138 328166 971285 550857 878359 869802 432323 242638 617411 510425 869074 257205 706860 939742 428692 586704 445687 215280 426517 395050 241794 914360 409954 758897 512890 230836 623689 234604 709301 349823 416314 582082 867731 731416 408585 584710
1026971 838315 799642 906155 293409 447149 883518 786391 72310 185925 1054200 1143296 787857 273670 640551 814485 706904 761124 627252 292884 865264 1069240 168764 981155 1058667 688507 347330 1261076 149382 465869 977717 999999999 122779 945162 327079 222292 575262 1113423 318360 581306 693485 677724 527392 172249 957342 929250 1207800 1097841 948867 489793 976177 957230 943531 475225 424194 694476 910319 684269 772618 570896 308870 303183 945861 192809 960948 657433 71170 427513 560371 851731 941607 1134471 480103 1311441 304327 753670 337231 779926 890662 398845 782593 1103060 977335 1191541 736653 117811 1117303 782058 1277133 934228 394926 927007 411137 703323 836969 880893 111818 453652 909890 467163
940230 715557 678356 783790 170689 341480 866086 675181 125772 65580 994211 1060443 665404 242317 533183 723196 636804 746858 526012 194752 743428 972958 142307 897832 959973 682698 277774 1167692 115454 353123 922669 122779 999999999 867271 350089 224791 476805 1047919 195910 567925 615292 569292 468393 175431 863935 823276 1118305 995106 918578 430954 938686 924294 889037 417987 405519 650227 900167 620818 778002 531641 272829 258725 912779 254418 845191 595539 184570 386432 437786 729272 842823 1059749 377653 1220628 181553 717898 359461 657400 890760 372629 683735 1029209 879443 1103975 686328 12741 1024577 661723 1183691 907498 310189 900753 299516 622696 739872 770421 134653 336599 906965 374461
120066 741211 604642 813170 772321 553207 479922 399890 881771 850475 206988 203011 766388 683820 420353 186440 242873 489606 387493 674368 639908 235405 778443 63528 256558 542729 597923 359802 795828 574150 210404 945162 867271 999999999 738754 754998 415957 213653 784681 528759 252320 408563 428020 789525 160710 314983 289327 326382 400423 463232 352597 382419 206831 478595 589931 340800 539000 277237 613294 437329 649672 648414 378121 857436 485100 304744 954185 542901 730742 676611 222336 193916 513132 392225 775548 360541 733363 758298 606066 591130 266076 165305 216479 265134 288072 861367 233904 571684 374628 423491 557093 425218 607767 244699 223180 378880 842686 613960 590785 497551
842791 906950 821451 988451 435618 422887 568592 725613 257910 395644 798202 941450 874885 154655 578335 661619 499225 445705 538934 317892 891245 916566 211111 788746 916158 367733 251802 1089166 236515 470072 714487 327079 350089 738754 999999999 126697 485511 867403 470730 271855 511178 615162 320807 174732 800541 827717 1024396 970513 646454 293401 682791 658019 680634 279161 148893 426598 589449 461556 446033 307129 158774 180003 647127 149267 915266 434200 289285 206301 664457 893720 806870 910191 431496 1128843 449627 466170 10161 865174 565014 152594 662345 877728 836496 1002427 477654 337395 948951 792686 1104862 627872 316009 620256 426897 527273 704011 806995 225749 487363 585241 385000
848231 814272 741395 893041 314942 344311 661553 673026 149983 268954 844684 957118 776803 75564 522228 648511 512310 539426 492349 212396 811014 907110 84420 797921 901891 468643 185474 1090558 110116 384484 765277 222292 224791 754998 126697 999999999 437323 907958 349972 359356 509992 560402 327324 52317 791668 793877 1031065 949882 726998 291776 755694 735760 730987 276405 202262 478281 689750 482989 558008 353859 106402 113795 724438 111471 860223 455326 206023 216269 558355 808584 787565 938073 362917 1135820 329083 533493 135603 767419 673701 179571 633686 905989 820462 1011857 523495 212203 947442 715708 1106542 712032 250518 704786 334797 523085 682132 761267 111434 393415 691688 327465
470079 482243 366118 567449 359474 140532 626833 240123 524239 447902 585190 594373 474176 362736 95882 250178 240203 547983 55027 283757 432404 496170 424936 433866 483906 537109 251912 691166 433770 158598 535447 575262 476805 415957 485511 437323 999999999 620027 369468 440970 190227 130539 219127 451801 387878 358613 643973 522969 621027 219738 611555 615986 507332 227837 370682 360316 682682 258284 647593 321145 338861 325054 605628 548729 429757 249917 603290 293405 348443 446730 366720 608888 101030 745127 361507 441102 485547 464162 714731 344707 207520 581184 402955 631456 358873 473629 548468 332101 707138 625137 188609 621313 193479 186228 263089 324516 490619 199493 716194 111224
247860 948216 812675 1016944 968990 752560 454968 609958 1045918 1038446 78848 194987 976555 842644 632626 400088 411338 516404 596787 860065 842994 358757 944676 232161 391481 590911 771490 368967 964996 778521 163965 1113423 1047919 213653 867403 907958 620027 999999999 984304 618779 440275 622028 586038 948721 343159 504268 295535 453189 346341 623636 284212 324296 193805 638218 721606 441201 501857 429277 626493 561296 807369 810608 326738 1001135 671092 455991 1112953 691717 943612 881522 409117 100927 712985 365095 973503 419231 860298 968739 577761 732374 479473 89801 389474 265513 389786 1040693 314278 780798 377916 376400 740525 381763 807591 438046 434017 577713 1005739 819476 554948 689963
837039 520372 491820 587883 35124 231923 891917 520806 312293 133233 942405 962515 469521 322786 395902 617285 581597 783069 406658 171498 554309 848342 273131 803017 830206 735291 282191 1046063 255932 214894 882267 318360 195910 784681 470730 349972 369468 984304 999999999 617390 544672 426884 451890 317488 748312 679097 1005604 855484 921529 420241 928775 922613 850864 412438 465793 642958 936102 580078 842063 543288 336718 314499 911269 421452 674898 559864 379525 415183 242033 537271 715497 978086 271811 1103637 21135 720890 477973 461567 942602 427355 561557 949984 753255 995528 665741 202778 906723 478964 1061717 916737 269807 911026 177033 546262 619728 615775 305345 181588 953703 297601
644872 921422 806851 1006695 586009 461709 302221 653002 509064 592776 544709 723324 907485 325664 533057 512038 321511 180214 479330 446164 872195 740932 429361 587477 749364 118084 335503 888560 455908 514190 458532 581306 567925 528759 271855 359356 440970 618779 617390 999999999 360160 561095 222077 410860 630542 705145 817350 813016 374625 230234 411915 386242 426075 228847 162409 188400 332367 274857 225915 123681 297025 314803 375408 420045 832952 254903 555167 202617 738045 887687 656398 675912 445784 918519 597771 202103 262718 897366 326863 196878 544607 643873 677644 791780 242128 556485 757917 772405 903362 356578 364613 349048 496003 379292 567566 711544 470769 548854 340644 389967
338244 629673 498520 712350 528739 313650 465055 312455 631188 600627 398609 450176 634711 436717 239477 155233 57506 409785 187352 423296 554940 405449 527688 288890 406322 424293 346160 581578 544299 344418 345396 693485 615292 252320 511178 509992 190227 440275 544672 360160 999999999 250100 190437 541167 289537 344988 521074 464148 441857 220995 426097 434367 317107 236221 366658 213017 524519 96057 525351 241086 403671 400145 424642 616317 479298 107218 705001 306426 536343 580134 302236 444490 274752 625837 533416 283910 507425 625146 568773 358864 186789 414144 328411 502115 190967 609215 439442 462356 597488 449875 305140 447069 368627 19155 207838 356113 592589 386561 564948 249792
428703 379970 251686 463332 426990 230737 714072 112643 633605 529630 603061 555420 385314 487220 38283 222424 307548 649419 82235 385815 313164 423203 538874 406888 403675 649192 375568 620878 544105 218153 570295 677724 569292 408563 615162 560402 130539 622028 426884 561095 250100 999999999 342354 569829 330719 254771 585115 429617 690619 347692 670518 681988 547453 356833 500809 454192 772838 340346 757135 438373 465674 450321 672667 671135 300911 341105 713280 423735 323143 333748 290482 589848 201072 679988 424945 530540 615459 375890 813050 475239 147643 566533 328318 578152 439857 568316 484291 215833 636352 699651 309903 696991 270029 236762 203506 203996 602998 245507 811247 233629
525332 699501 585228 784782 426464 255406 445604 440688 460169 469602 527853 630601 686931 257975 312433 341701 185156 347879 260127 294857 651164 595761 358638 473093 595669 323514 191165 770576 379240 305367 454410 527392 468393 428020 320807 327324 219127 586038 451890 222077 190437 342354 999999999 364292 479738 517139 707952 651328 469681 37766 479468 471224 420688 52193 178331 191265 494863 157146 435279 106424 223095 224735 459821 429754 626447 130069 529194 116452 528902 665820 487987 611179 231999 812735 435330 269251 317224 676823 514650 168428 351071 579225 516517 687443 219586 459970 629240 551057 786399 465084 182120 459513 299488 206491 387213 509054 420150 344134 520460 178512
878852 801078 736092 877762 283092 345722 712935 682235 100349 224278 887148 990561 760325 106324 531553 674084 547860 591035 506515 200458 805172 932311 44454 830011 925360 520810 202632 1118872 64587 380548 809040 172249 175431 789525 174732 52317 451801 948721 317488 410860 541167 569829 364292 999999999 817696 810315 1061351 970724 776679 327514 804051 784982 774775 312379 252162 523766 741739 521242 610261 399706 141424 141177 773613 110216 866939 493847 164942 258225 537639 799962 809787 975253 369329 1165891 297178 581582 184200 751208 726017 226753 653521 943387 843710 1043117 567383 162717 975271 712298 1134905 762269 263203 755088 327970 553103 704156 772855 60465 383822 743968 340614
105112 609773 476637 675496 742968 527307 631221 282771 900928 835581 358358 227954 643172 716730 355301 143639 311825 625147 342939 669704 501662 116120 798283 113245 118929 666789 616142 303964 811200 533576 371050 957342 863935 160710 800541 791668 387878 343159 748312 630542 289537 330719 479738 817696 999999999 161302 257345 183686 558542 508672 512687 541296 366820 523598 656069 451826 691515 357136 749345 521339 685574 678956 536389 900545 329977 380437 977960 595109 647397 541323 66011 280629 488599 357298 743275 491294 796906 636072 755180 648064 186980 265664 56408 247979 405176 860226 160654 447106 320001 580239 562642 581392 577721 273282 128817 235761 864383 567950 741998 490892
260693 456155 327977 517680 681012 482641 760261 162952 881532 784402 518206 370710 495129 718590 290122 197881 388027 734984 304262 636389 344756 196144 783312 274185 167174 762851 609276 384330 791222 472917 523515 929250 823276 314983 827717 793877 358613 504268 679097 705145 344988 254771 517139 810315 161302 999999999 365342 176921 699737 537270 659306 684321 514785 550403 694157 545665 821446 434526 856736 585251 692062 680466 678152 905313 170140 451072 960918 623276 535496 385882 95305 436853 449243 447457 678376 601094 825996 488912 879248 677525 166205 424761 118812 367281 507967 821885 264653 302564 398725 718552 547124 718684 524539 325865 138617 83204 848766 498833 869305 469834
182864 812515 690745 864254 1000263 783978 726809 520818 1148712 1091869 360600 105544 856717 957591 611636 395121 525256 761713 600166 923625 697688 169325 1045359 235654 199208 823123 862688 76282 1060010 790911 424994 1207800 1118305 289327 1024396 1031065 643973 295535 1005604 817350 521074 585115 707952 1061351 257345 365342 999999999 224805 626751 740991 567126 605336 441733 756349 876065 629018 780000 563686 882062 726032 924731 920700 605324 1136918 494813 590630 1224170 824266 894071 740638 296504 194704 744943 104815 1000619 640285 1019455 851133 853604 874549 444088 213727 259352 30319 575636 1114095 102047 667222 88682 655209 813122 659314 834859 508342 385899 448266 1111022 825017 833537 744032
218452 594610 480176 642040 856581 653640 806077 339240 1047000 958466 493111 273805 642734 874327 463516 309759 492564 807077 470604 805320 479155 96215 946688 265023 69824 850342 768168 220639 956525 647414 527314 1097841 995106 326382 970513 949882 522969 453189 855484 813016 464148 429617 651328 970724 183686 176921 224805 999999999 725157 677114 674018 706318 530102 691455 829423 635489 865353 538635 931375 701380 845381 836113 702790 1060598 272805 560820 1125793 764212 708682 522514 163661 362659 618392 285515 854315 673791 967629 637976 931755 818094 317273 363784 136035 238251 588735 993110 145065 460992 233156 749176 709044 751162 697907 446447 268037 250766 1012690 674737 916992 633016
509050 1067638 933415 1148515 896000 712948 113116 734484 876685 930829 270296 521218 1075910 680794 681300 518571 385407 211823 628313 761921 984052 631259 788323 460207 655540 296531 652542 702859 813555 756770 203343 948867 918578 400423 646454 726998 621027 346341 921529 374625 441857 690619 469681 776679 558542 699737 626751 725157 999999999 502541 62393 22061 195181 512031 524756 278613 155521 362834 294926 387615 647569 659998 22369 794549 865352 374340 927826 532178 968522 1013533 614620 438640 681025 707984 904999 202130 637250 1066443 231500 551107 591725 414284 614936 596599 263571 908342 612741 897462 713950 30486 651800 36995 762778 453980 576641 747139 837143 798616 208728 635966
558172 693794 584173 778950 393714 234416 473272 450763 422833 433281 565619 665394 677832 221283 315245 368475 220696 370629 265965 259926 651395 624791 321063 506809 623272 338712 154196 802484 341522 286067 492028 489793 430954 463232 293401 291776 219738 623636 420241 230234 220995 347692 37766 327514 508672 537270 740991 677114 502541 999999999 514396 504891 458257 15396 157603 225139 520439 194536 450526 126651 186683 187429 493436 395942 638698 167646 492456 87101 510411 663682 513470 647740 215800 845806 403082 301015 290654 667711 535968 141148 371154 615877 543276 721044 256138 422434 660429 550865 818371 496724 150940 490915 274499 235828 410872 523895 382900 322874 543378 160257
456392 1043395 907802 1122749 904939 713037 174336 705737 904387 946792 208829 461708 1055176 704922 664503 485681 371917 261975 613416 774179 955489 579126 812604 410057 604796 345579 667320 643057 837098 754193 147450 976177 938686 352597 682791 755694 611555 284212 928775 411915 426097 670518 479468 804051 512687 659306 567126 674018 62393 514396 999999999 40368 145869 525258 553975 289634 217722 356491 354215 407628 670786 681471 45205 829222 827071 372114 959099 553206 959991 986733 571292 377528 679068 646751 913171 222531 673944 1045922 293834 577333 562041 353964 568829 536889 263271 928956 557140 872168 653847 92793 660416 98805 764664 436084 541746 711386 864383 796492 270737 637362
489660 1057795 923054 1138177 897676 711349 134418 722959 885162 935048 248369 499822 1067270 687836 673791 505474 378550 228238 621404 764704 972712 612081 795495 441550 636803 312681 656143 681401 820471 754268 182702 957230 924294 382419 658019 735760 615986 324296 922613 386242 434367 681988 471224 784982 541296 684321 605336 706318 22061 504891 40368 999999999 176239 514894 533532 279981 177560 358373 315412 392712 654247 666047 11523 805574 850716 371358 937643 537922 964062 1002801 598216 416814 678675 686142 906405 206467 648943 1057873 253561 558798 579771 392655 597644 575158 260767 914238 592498 887194 692409 52427 653179 58553 761856 445789 562948 733285 845430 796304 230724 634754
313944 912003 775378 989330 830917 624539 285977 570883 873926 887459 118675 336951 928130 670103 546621 348297 270951 327288 499617 709773 819580 436078 775394 265318 460566 398592 611452 517943 797551 659662 34290 943531 889037 206831 680634 730987 507332 193805 850864 426075 317107 547453 420688 774775 366820 514785 441733 530102 195181 458257 145869 176239 999999999 471681 537793 254801 341537 272084 443199 378410 634793 640885 172815 818691 683418 295124 936995 516603 851995 852613 425782 265736 587347 530693 837414 225543 673061 919201 413258 552427 427428 236636 422964 412204 207505 880658 419191 740310 530194 220298 591033 223039 678637 322652 401704 569723 833494 702068 394718 553467
573523 698460 590709 783506 385178 233358 479861 461204 407993 421740 579708 680782 681145 206108 323643 383102 236009 374966 275531 249899 658338 639711 306466 522199 637961 339733 142262 817753 327210 285582 505539 475225 417987 478595 279161 276405 227837 638218 412438 228847 236221 356833 52193 312379 523598 550403 756349 691455 512031 15396 525258 514894 471681 999999999 145795 235677 525900 209314 451283 131665 171424 172558 503413 380575 649625 182261 477315 73064 509757 669742 527796 662903 217215 861164 394889 310116 276624 671027 539344 127315 384409 631013 557833 736429 268492 409284 675632 557753 833646 505479 144452 499536 271095 250916 424883 535652 367997 321269 547506 161274
694864 828013 727647 912223 432892 345315 462345 606617 351963 431473 654172 792575 804789 163263 466457 519682 351260 341762 420279 294796 796338 771763 267605 640423 772914 278263 190759 941483 293954 397573 571940 424194 405519 589931 148893 202262 370682 721606 465793 162409 366658 500809 178331 252162 656069 694157 876065 829423 524756 157603 553975 533532 537793 145795 999999999 283008 494690 312802 379258 160317 135586 154853 522224 280932 795309 285551 405283 77691 614140 804783 666213 761912 341074 980397 445435 332319 143466 794751 487273 38625 527953 729464 694317 853846 332154 394103 802041 695910 957113 510108 237238 502928 367463 383575 565478 681367 312591 425577 502292 287059
458000 832939 705699 917027 617729 437118 266820 525263 623730 657166 371703 535115 831490 421024 435857 347882 160082 196928 380085 485065 764829 558483 528035 400419 569579 217620 377686 700531 551589 483133 288933 694476 650227 340800 426598 478281 360316 441201 642958 188400 213017 454192 191265 523766 451826 545665 629018 635489 278613 225139 289634 279981 254801 235677 283008 999999999 322417 116981 313258 124447 386110 394862 268568 563930 690024 113205 684181 267392 700788 787730 485114 490700 407356 730126 626555 81780 419302 821611 358858 298908 397112 458402 502178 603381 54002 640796 571598 669693 715244 275420 373316 270276 485527 230926 407299 566517 583342 524252 357718 359576
