NAME : synthetic_000902
TYPE : CTSP-D
DIMENSION : 100
GROUPS : 8
RELAXATION_LEVEL : 1
EDGE_WEIGHT_TYPE : EXPLICIT
EDGE_WEIGHT_FORMAT : FULL_MATRIX
EDGE_WEIGHT_SECTION
999999999 327420 412187 574258 234713 552308 263199 160526 469025 409770 102728 476939 161484 255857 551612 650276 298596 320963 202950 405782 743686 312714 728315 242010 491323 235147 683278 262909 456238 684656 341043 638910 563546 668372 482082 618977 511943 769619 459402 620948 699592 497161 373739 191587 358594 574379 721126 465766 407833 365738 326275 335126 227187 679944 160726 547503 629705 633969 882808 844856 580912 543774 645571 417455 445988 575283 322913 309830 199520 442037 276765 385605 734182 589114 746138 217301 417365 506181 429881 450618 324407 792218 207863 472548 480516 557427 289219 624631 416537 496408 135498 379456 628412 539573 465289 169549 558583 182072 414418 666686
327420 999999999 529111 246839 168371 790369 224230 475404 755850 513817 378665 593505 486674 153637 852070 348481 562780 647624 519023 406948 703578 632297 543583 528836 216640 99768 607090 482430 743350 404367 578380 421378 405534 390057 785849 330916 614511 747776 137667 764279 587738 802041 329192 495120 514694 416118 815823 426724 539834 447215 82489 363151 476698 763641 243481 220727 400181 312554 891305 789627 489048 770465 700328 569872 244276 693990 156521 320473 247698 521083 255107 237956 564812 400287 469207 378128 103302 804664 458614 767488 31578 739031 531310 564922 526288 287604 273842 297664 232096 434166 456793 87599 916955 212656 779935 209987 232904 283165 694547 777092
412187 529111 999999999 710088 363155 916833 305097 505987 788194 821859 508335 888631 470591 577618 832791 865461 671892 543781 527910 171414 1140980 586984 1059780 604703 745732 503652 1067623 183055 776872 930280 727097 945125 905652 916783 766161 856042 923986 1171923 650474 1026177 1070020 775990 751940 334619 69152 916855 1132207 853516 819403 84637 460194 173504 233038 1091914 319677 675630 926293 804409 1291858 1239706 955549 917375 1057163 826661 754567 985557 633230 212983 294374 58575 648427 354989 1075493 913918 994935 196781 548203 798352 833608 700717 502187 1186743 411003 884659 888912 816683 257866 764314 732875 878063 475723 504882 924385 671031 720809 527614 719278 272541 751668 1076707
574258 246839 710088 999999999 387054 1003941 421319 720277 989057 691850 620792 767198 733169 365959 1089048 190142 793907 894276 763716 554670 770574 877119 510549 766999 205586 342865 660957 705381 976871 274665 800692 381894 437275 268532 1024659 212614 779129 822648 126222 936067 615855 1041099 476288 737501 713467 444049 958037 545920 726585 625529 270809 536694 707934 903735 475524 34493 352239 100891 973912 835510 554399 980039 829747 761845 310993 858832 325998 499211 468167 685700 445394 358750 543592 401938 329419 597230 170527 1041390 609735 1010910 253228 792044 777319 730519 673789 229817 458212 55086 325088 535776 702800 215811 1148526 39459 1022550 444432 41279 507164 926632 930872
234713 168371 363155 387054 999999999 771853 65229 395201 702218 557066 321748 634957 391628 233078 786325 514584 523086 544002 437260 260271 816077 544768 698989 472815 383867 149904 730276 319793 689414 572696 555770 582234 549544 558427 716767 499101 663482 854344 299706 798145 722692 731785 423288 359146 346337 560628 874380 527427 571207 283373 116251 204735 320945 826070 91919 355011 563145 468471 988703 909505 613775 758715 774003 592701 393878 738076 277984 162287 81859 360408 325060 157376 716613 553408 637541 212826 216750 740828 532519 682871 145051 857177 410897 616449 596928 455191 116978 441706 374351 544791 369188 171955 862411 348296 698308 219953 384239 120258 645812 827380
552308 790369 916833 1003941 771853 999999999 812165 414527 169432 343429 453092 298999 446512 643244 234986 984478 254116 416006 388962 952618 629635 351636 849070 316744 832247 694841 657980 735074 173800 970811 216359 843258 723519 955437 240263 935967 318341 612862 878199 243280 721340 247114 553636 585334 850230 728480 380169 542447 299780 895291 830344 882529 684990 382485 711660 989555 854826 1019280 629713 713403 639586 35330 423894 260646 730865 286469 678048 860947 751272 961313 558863 928923 829091 776196 1011108 746484 893662 215895 450541 315966 804814 678095 513416 342697 418453 866398 841439 1039214 704629 576893 445646 870510 212832 981233 301690 582803 972370 733712 173284 325672
263199 224230 305097 421319 65229 812165 999999999 420229 731429 614356 359117 691238 409871 298130 809888 563220 560040 553663 460196 195059 880843 562391 761724 505185 440852 215132 795474 287307 718672 625703 597511 643223 613866 612005 739742 551575 720937 918689 347510 851790 787783 754096 487741 353544 295686 624916 932496 591924 626114 223010 157139 140885 298054 885028 102893 387771 623217 509288 1052073 974561 679004 801157 834887 645597 457090 794155 342874 98087 68197 298023 388542 125565 780096 616438 690456 179176 252199 765645 594550 699554 197113 922188 414310 674676 658170 511664 51980 476405 438400 609758 391888 207042 889656 381898 716136 279464 423993 103218 677562 884179
160526 475404 505987 720277 395201 414527 420229 999999999 311912 370559 104910 417674 45103 372095 391186 773689 165934 182690 43681 540478 738916 156916 793007 98830 610362 377441 700793 327921 299231 795849 222901 724056 629780 779240 321567 736532 455800 754001 599809 530362 732643 336638 423685 188304 441475 639585 649417 492695 351458 480792 483931 471191 278998 616941 317396 695868 720662 770431 845488 841010 615904 412402 600747 345915 543914 502453 434323 453424 353922 548021 350190 544354 791449 665895 853460 332149 570954 346040 429566 292886 476897 790537 139434 428289 461241 670057 440320 768063 512965 529093 31161 535447 469429 687704 306492 283092 700435 329422 261234 590484
469025 755850 788194 989057 702218 169432 731429 311912 999999999 409249 383783 395455 331042 623434 108377 1001970 195320 259149 274986 846960 750324 202735 922602 230398 841206 656281 758521 605203 12804 1002767 203588 893499 778850 986543 76239 957122 425737 742515 863394 396391 813874 88010 584796 453701 719704 785822 535925 603352 366485 778150 780036 779083 555452 529085 628541 969552 899732 1020865 779822 842237 716336 192684 555490 332173 750497 419710 671788 763946 665644 837217 559217 854621 908501 827481 1050835 635240 857320 65457 513417 146781 764045 801432 377270 432919 502147 887006 752187 1030859 721171 641101 341597 827166 161508 961174 133624 546904 962514 641187 62968 477747
409770 513817 821859 691850 557066 343429 614356 370559 409249 999999999 319404 79848 415537 360551 516150 647907 265730 506326 382903 794741 373620 443693 514954 307550 503804 434786 356581 665845 401542 628888 218303 500030 380717 613803 477035 598143 106584 384306 570553 250517 406534 492302 219359 550023 767707 386131 318410 199979 44349 771116 574920 726131 623101 272833 532742 683335 511408 692244 478384 474589 307293 312205 236607 83102 397592 182199 372837 692164 571530 849449 259093 707252 499531 432958 667829 626016 612322 474599 107782 514253 536460 425981 509992 62811 98338 529718 657947 719970 374502 235901 389454 600909 536764 675362 512927 337512 656230 571536 354432 270359
102728 378665 508335 620792 321748 453092 359117 104910 383783 319404 999999999 381402 134385 267663 475090 668956 201551 287526 146044 508493 671183 258352 696791 153430 505535 279265 621848 346577 371028 691100 239539 622541 532336 674497 407815 631625 417640 692265 498581 519875 647205 423848 329032 238022 450838 542485 624068 407646 312161 466547 396549 437839 303823 584934 258812 597724 618072 667512 797095 773320 528878 442961 555944 318352 439835 477239 329437 411933 298697 541432 248235 477549 697504 565960 749009 316679 477472 428092 356323 390161 383414 721475 218568 381456 399017 565187 389244 667292 408939 442139 99774 444959 545133 589463 401825 179412 599290 284174 325388 568374
476939 593505 888631 767198 634957 298999 691238 417674 395455 79848 381402 999999999 462629 440337 497677 713842 287489 532730 422822 868936 357553 466363 550235 341235 575259 514509 364905 727002 389909 688757 229895 551779 431269 674285 468426 663307 38294 356823 647257 171184 424628 482360 291657 603038 832197 435118 244626 252023 69268 841295 654728 799734 682349 203532 607084 759825 566184 763213 429371 453681 340880 264959 184643 75077 467597 103138 451043 766834 646360 918675 338595 786158 530127 485200 723344 694197 691631 460406 164830 516722 616284 409525 555773 44373 120269 596270 733827 793455 446392 283196 440199 680664 504691 751939 512248 415986 730796 644399 348348 193100
161484 486674 470591 733169 391628 446512 409871 45103 331042 415537 134385 462629 999999999 394882 400918 796492 204355 161306 57858 516045 783186 153241 829902 136606 634087 391111 743415 290061 318696 822539 263586 756917 665871 805980 330633 761156 500782 798758 615376 572797 773770 344608 461074 145794 404711 675891 693353 533639 396541 450683 487624 448043 240386 661461 308236 707324 752254 788176 890579 885334 656461 446890 645821 390609 573087 546616 459175 433771 342171 514903 382619 535221 829522 700222 881372 304861 578598 357881 472776 291276 485278 834696 94516 473386 505745 695952 424973 782446 542292 569557 34644 540939 483846 699296 307025 304940 715525 313906 285776 634190
255857 153637 577618 365959 233078 643244 298130 372095 623434 360551 267663 440337 394882 999999999 724607 401855 428156 553779 413705 493097 583268 525516 489371 404843 239217 84909 497643 481496 611335 429836 435672 388249 329754 413425 661594 366490 462354 622498 240018 610879 493522 678180 191976 446082 545371 340972 666495 295544 386208 504912 217232 434316 460194 615199 258475 348210 376526 401951 759698 676437 381890 621661 555495 416556 192669 541409 67142 393031 284462 584752 103272 361866 501322 344960 490632 394122 254578 676921 312028 654081 176071 624099 460847 412953 379127 302636 349303 407617 164976 311741 361239 240386 782594 339829 664077 89985 339217 305784 560867 625761
551612 852070 832791 1089048 786325 234986 809888 391186 108377 516150 475090 497677 400918 724607 999999999 1107863 298703 289084 349887 909148 848722 252969 1030285 323234 946355 752304 862228 652201 118254 1110183 311799 1001855 887200 1093910 70294 1063554 525870 837589 963998 477130 919179 57424 692851 503833 763644 894141 614982 711367 472913 832823 870918 843683 604094 614807 707461 1068366 1007971 1124218 863749 937921 823434 266641 648950 437579 857266 511377 775275 832881 742607 885231 664546 934754 1015666 935856 1158742 696969 952195 47686 621092 135028 858294 899084 426527 536765 607592 993526 825828 1132180 827703 749008 418283 920029 93300 1060014 114569 645074 1063766 714812 169680 559600
650276 348481 865461 190142 514584 984478 563220 773689 1001970 647907 668956 713842 796492 401855 1107863 999999999 809498 955623 814809 721880 636394 925550 339907 798068 163780 419157 525315 830896 990758 85663 801526 221980 313269 82785 1049454 51386 716625 690802 215738 872410 468469 1066180 431045 833013 858573 316189 867721 467174 688749 781287 406170 693241 823830 813907 591683 218722 192769 98411 841255 686653 435652 956032 735031 727173 254003 792176 339997 652547 595440 848443 443476 527671 376077 264554 139946 726312 319430 1060657 549052 1050317 369533 648761 858043 672079 603972 118267 607793 160319 281782 445097 763021 361063 1154411 218802 1058749 491623 160370 631547 939139 851232
298596 562780 671892 793907 523086 254116 560040 165934 195320 265730 201551 287489 204355 428156 298703 809498 999999999 245246 151365 698937 636979 179522 756891 67769 647696 463668 621078 493478 183333 814312 62260 713898 604062 797907 240756 765718 325106 642156 668150 372398 666518 257446 401972 349712 607351 612099 499382 438006 232228 644608 591756 628704 444195 473257 458651 774771 717419 825951 714172 736448 558472 248324 471008 212450 560146 356034 476878 606831 497955 713332 366038 679100 747464 649443 864899 494717 665026 251290 355225 257298 572543 689444 287330 310786 364029 695853 587813 835539 530216 476473 196248 636688 354902 766388 260176 353052 767196 479652 132726 439094
320963 647624 543781 894276 544002 416006 553663 182690 259149 506326 287526 532730 161306 553779 289084 955623 245246 999999999 144726 628031 879727 68967 967383 200050 792562 552411 856009 364014 250034 978538 304398 904147 806116 961928 223708 919007 570281 886798 776672 601610 895121 232578 598943 219020 474629 815529 735556 658013 476075 546907 645264 565590 316837 714066 455987 868137 901765 949269 958221 980058 781439 429108 715925 457696 726308 596746 616738 560144 485538 596654 531489 678843 963291 844568 1036027 418138 738178 256705 584793 157824 645370 932150 144028 555081 603577 852712 560271 943718 695338 695717 193269 699488 381195 860149 177542 464197 876831 452357 243395 674905
202950 519023 527910 763716 437260 388962 460196 43681 274986 382903 146044 422822 57858 413705 349887 814809 151365 144726 999999999 572945 755006 113403 824328 85008 651260 420926 722571 346681 262493 835233 212510 759449 662273 818610 279926 776942 461115 767186 642931 523078 757711 294685 455296 199425 461629 671821 647208 518721 359290 508511 527343 504526 296761 617818 357627 739436 757059 813060 852158 856667 642274 390051 607282 349020 582213 501646 475026 488971 393236 572644 386870 584895 821300 700090 892136 362269 614627 305456 450547 249243 520576 807047 136446 437727 476886 709948 478161 811308 551230 555866 68396 579025 430144 731264 263016 325235 743594 367001 228181 587411
405782 406948 171414 554670 260271 952618 195059 540478 846960 794741 508493 868936 516045 493097 909148 721880 698937 628031 572945 999999999 1075269 656271 950231 636275 619364 410140 990531 277432 834679 792897 745727 828107 806438 780674 839536 718824 900870 1112320 511698 1022542 982237 851761 681826 409092 207352 817390 1112800 785998 801585 100373 328396 70656 316422 1067368 262008 520268 806168 652414 1243639 1169456 874024 946807 1021526 816692 647657 970680 537077 103151 223494 133212 581353 196028 970381 806030 856560 212346 402640 869307 784215 784697 376646 1117019 484706 856502 846103 688030 143891 607531 630724 804558 509449 363064 996441 516574 803610 467683 568682 225980 800770 1061771
743686 703578 1140980 770574 816077 629635 880843 738916 750324 373620 671183 357553 783186 583268 848722 636394 636979 879727 755006 1075269 999999999 816173 331551 681159 568313 667768 111174 1006580 745642 573038 583866 416665 333412 565008 824573 588353 324851 54912 684568 403070 174183 837979 393567 908918 1096333 327176 311493 289569 404792 1076768 783820 1013761 969364 273878 826127 779225 444563 720729 205038 102260 219483 594372 208839 428942 476641 343518 549752 973748 858864 1157327 495567 937833 295480 374057 575276 945789 773738 814400 315170 874254 734212 52465 877454 326958 278138 544728 931406 772334 477595 271969 754324 784206 842420 773488 869737 614629 729296 871644 705619 334191
312714 632297 586984 877119 544768 351636 562391 156916 202735 443693 258352 466363 153241 525516 252969 925550 179522 68967 113403 656271 816173 999999999 917226 142950 761807 534321 796478 404402 192211 943151 237044 860412 758223 926529 183273 886611 503626 821658 756208 532660 838251 195667 551294 253638 518191 767234 666646 603598 411604 581588 638698 590724 355142 645538 461236 852784 859867 925854 890410 915887 726438 362861 648793 391498 688815 528283 585553 580500 494438 637294 491879 687889 911271 799045 998761 444030 727318 213606 526770 138121 633381 868636 176340 490289 541616 818869 575163 924653 657875 641722 177457 691074 340808 844620 153850 437761 856890 464664 178353 605996
728315 543583 1059780 510549 698989 849070 761724 793007 922602 514954 696791 550235 829902 489371 1030285 339907 756891 967383 824328 950231 331551 917226 999999999 774605 342192 556551 231214 970384 914167 261935 723616 130673 165131 258819 987164 301275 535261 385637 465672 669174 159158 1003027 369341 918442 1032747 154604 618317 320078 558932 982083 624235 902592 946549 569967 744935 529715 159201 435752 527639 358122 209525 815189 490623 596254 305309 592369 428126 859755 765788 1059343 453190 775529 38123 145868 249322 882717 575034 987562 409204 1014149 574420 328852 914512 506374 430685 286921 813232 495275 327441 281878 795741 602002 1050573 526386 1016127 562102 471551 791876 865196 621736
242010 528836 604703 766999 472815 316744 505185 98830 230398 307550 153430 341235 136606 404843 323234 798068 67769 200050 85008 636275 681159 142950 774605 999999999 634610 429069 656002 425819 217631 809985 127724 720701 616452 793411 257679 756752 379449 690407 642668 438155 696085 274101 410039 282107 539859 625288 562429 460701 280077 579114 549906 566424 376470 533784 402704 745627 721409 806568 770415 782073 583659 313686 525873 266684 554830 417261 459792 546381 441117 646825 357569 626755 768360 658378 863683 429843 629153 275859 385093 252630 535397 733495 221454 359134 404093 687825 529870 811326 524136 498794 129606 597761 391704 737292 260691 322578 742949 420219 173014 502537
491323 216640 745732 205586 383867 832247 440852 610362 841206 503804 505535 575259 634087 239217 946355 163780 647696 792562 651260 619364 568313 761807 342192 634610 999999999 266658 460186 689020 829792 195312 642498 213331 237173 179612 887017 127691 583418 619459 124543 740801 421348 903737 284479 677642 729733 245229 754871 343033 542112 663795 291057 579109 676903 700510 450146 211077 188570 188464 770323 638537 350323 805334 625438 579441 108667 662038 176283 536603 460602 737027 281989 436602 369159 210887 259006 588652 232877 898985 413210 886697 244564 592855 698383 536081 474628 71466 490088 220677 129306 330783 600370 261812 995452 205199 895299 329195 164992 493543 778268 730200
235147 99768 503652 342865 149904 694841 215132 377441 656281 434786 279265 514509 391111 84909 752304 419157 463668 552411 420926 410140 667768 534321 556551 429069 266658 999999999 580525 424837 643757 461937 481248 446042 402539 446268 686141 392277 538960 707344 224564 683404 573125 702353 276872 413866 476892 413710 745980 380431 456339 427819 140778 353504 410525 695492 189762 318703 430156 398824 844504 760230 463884 676179 637913 483646 252017 616856 129859 311538 209343 506731 184419 278213 571845 410720 525603 329041 201360 704897 394450 668743 110006 708057 442302 490115 460940 336706 266808 391385 229280 395984 360176 175694 817481 310487 680891 112154 324439 236046 595139 703163
683278 607090 1067623 660957 730276 657980 795474 700793 758521 356581 621848 364905 743415 497643 862228 525315 621078 856009 722571 990531 111174 796478 231214 656002 460186 580525 999999999 944237 752136 463083 574774 306230 223761 454633 829612 477183 340147 165498 578626 453329 73116 844227 315850 859056 1027276 216966 388810 217550 395469 999391 688620 931739 910464 342441 749129 670584 333787 609646 316208 182678 118080 622864 265208 426938 372884 381871 457003 890648 779392 1079795 419321 843823 198257 262966 468234 875239 671587 823841 272035 870537 638255 133553 836037 325647 258847 434112 846863 661614 377028 189654 712186 684884 867865 665055 868600 540334 619684 795704 707608 397368
262909 482430 183055 705381 319793 735074 287307 327921 605203 665845 346577 727002 290061 481496 652201 830896 493478 364014 346681 277432 1006580 404402 970384 425819 689020 424837 944237 999999999 593845 883033 550669 868009 808474 867899 584752 811013 763716 1032267 618006 855138 956707 595102 631124 151564 115236 819610 967534 726770 657947 186139 435230 227711 50137 930319 239575 672547 853829 788253 1142662 1107668 838753 736719 902443 660888 672133 820073 545447 240511 237954 233160 529947 390625 980541 826439 947474 108391 534900 616598 692663 521737 463109 1054982 228171 728019 741800 760038 263810 760321 645930 755918 298695 489573 743108 666224 541550 411522 703987 200040 568841 910321
456238 743350 776872 976871 689414 173800 718672 299231 12804 401542 371028 389909 318696 611335 118254 990758 183333 250034 262493 834679 745642 192211 914167 217631 829792 643757 752136 593845 999999999 992127 193616 883794 769535 975877 79074 946074 420850 738716 851262 396255 806818 92457 574598 442304 708461 776606 535770 594648 359111 766249 767316 766718 544033 527637 615785 957257 889757 1009111 778441 838225 708363 195202 552264 325397 739559 417155 660024 751424 652920 825664 547815 841836 900448 817896 1040507 623046 844756 73421 505078 144355 751444 796927 366064 426700 495168 875985 739527 1018821 710143 632506 328973 814512 174198 948881 132681 534504 950463 628545 51653 477176
684656 404367 930280 274665 572696 970811 625703 795849 1002767 628888 691100 688757 822539 429836 1110183 85663 814312 978538 835233 792897 573038 943151 261935 809985 195312 461937 463083 883033 992127 999999999 799835 157267 266684 16626 1055053 74313 687108 627897 281401 839761 401099 1071730 420191 872326 918903 266882 822597 437223 671592 846858 470259 759890 871947 769685 643637 301782 131974 183788 776528 615607 385313 940639 689616 710629 255172 759301 363844 718281 651666 916688 452445 601050 299257 213204 64847 781181 391008 1063655 524957 1062441 428979 580760 890663 645497 573602 127254 672569 245847 285857 409848 788326 429911 1150475 301133 1069354 519300 242418 685960 940545 811347
341043 578380 727097 800692 555770 216359 597511 222901 203588 218303 239539 229895 263586 435672 311799 801526 62260 304398 212510 745727 583866 237044 723616 127724 642498 481248 574774 550669 193616 799835 999999999 690212 576436 783682 263689 755766 266793 586350 674470 310607 624127 279723 381245 409364 663643 583705 437139 403547 180391 696102 614984 675157 501890 411514 498189 783862 696174 825315 653868 682086 520413 203655 411751 155609 548782 294187 477631 650872 538177 766749 361404 712982 711611 624405 847355 545572 681572 266583 316089 295982 591205 636249 348851 256919 316026 685568 628770 839469 519954 441760 252049 656545 353012 775484 295150 369117 771576 523110 142819 376836
638910 421378 945125 381894 582234 843258 643223 724056 893499 500030 622541 551779 756917 388249 1001855 221980 713898 904147 759449 828107 416665 860412 130673 720701 213331 446042 306230 868009 883794 157267 690212 999999999 120514 148403 952010 177504 545604 471421 335743 694013 246684 968423 312066 830498 922426 117375 668514 301086 544078 865459 500275 783584 848344 616235 635804 399853 29987 313070 620887 464737 231078 811368 535837 583095 195964 613958 322770 740750 653141 941215 374319 649154 161857 67071 174189 775015 446023 956775 392725 969129 451461 426996 835471 507608 433031 156269 694064 370396 223431 268604 722286 474727 1033350 396299 973614 469498 342271 681920 832959 660330
563546 405534 905652 437275 549544 723519 613866 629780 778850 380717 532336 431269 665871 329754 887200 313269 604062 806116 662273 806438 333412 758223 165131 616452 237173 402539 223761 808474 769535 266684 576436 120514 999999999 254372 839577 262705 425383 386006 358087 575064 186145 855817 207220 753398 875088 11221 556767 181075 424931 830344 487985 754276 783218 503514 587763 446956 137080 390292 537453 401423 122518 691386 423758 463817 161496 494790 272682 711738 611343 909028 288063 643052 172069 54537 293393 723836 456925 842803 273084 860888 437099 355816 749686 387095 312601 212226 665822 439707 175714 148090 631574 475601 915762 441533 864235 398396 395996 635013 719209 544674
668372 390057 916783 268532 558427 955437 612005 779240 986543 613803 674497 674285 805980 413425 1093910 82785 797907 961928 818610 780674 565008 926529 258819 793411 179612 446268 454633 867899 975877 16626 783682 148403 254372 999999999 1038655 62038 673119 619792 268981 826235 394020 1055336 404322 856229 904723 255063 810881 423025 656378 833526 457005 746797 856450 757790 628600 294471 121661 181041 769005 609947 374060 925392 677867 695386 238615 745762 347358 705049 637095 903821 435862 589540 295622 201486 79575 766376 379392 1047350 510253 1045881 415089 574076 874267 631153 559621 110946 659204 242676 269277 396249 771756 417611 1134503 293406 1052824 502836 234810 671156 924286 798797
482082 785849 766161 1024659 716767 240263 739742 321567 76239 477035 407815 468426 330633 661594 70294 1049454 240756 223708 279926 839536 824573 183273 987164 257679 887017 686141 829612 584752 79074 1055053 263689 952010 839577 1038655 999999999 1006159 499740 817787 900160 472205 883202 16726 640944 435431 697064 847033 611699 667144 435355 764195 802717 773799 536216 605315 637386 1003262 956656 1062541 856038 917296 782812 266347 631216 402674 800865 495773 714234 762699 672401 817908 606071 864686 974545 886736 1105306 627269 885278 33624 578818 80853 791229 875915 358009 504560 571898 936392 755533 1068703 770866 705287 348312 852398 158361 994932 63222 580254 1000300 644521 122608 553753
618977 330916 856042 212614 499101 935967 551575 736532 957122 598143 631625 663307 761156 366490 1063554 51386 765718 919007 776942 718824 588353 886611 301275 756752 127691 392277 477183 811013 946074 74313 755766 177504 262705 62038 1006159 999999999 665651 642531 207195 821264 422376 1022880 382330 804747 845141 266003 816456 416001 639338 772575 395971 685578 801117 762610 571460 236246 147640 135594 793366 641590 385200 907161 683814 677910 207049 740995 302276 643981 578493 842389 400272 527506 336091 215126 138900 708404 317361 1016528 498480 1009328 355032 602378 826074 621351 552873 70205 598298 194035 235958 393719 727290 355780 1108312 234537 1017204 456460 176500 613214 894423 799846
511943 614511 923986 779129 663482 318341 720937 455800 425737 106584 417640 38294 500782 462354 525870 716625 325106 570281 461115 900870 324851 503626 535261 379449 583418 538960 340147 763716 420850 687108 266793 545604 425383 673119 499740 665651 999999999 321340 661333 157390 403043 513237 302938 640849 868191 428292 211973 250324 105877 875376 678370 832039 719393 168036 638867 773346 561768 770294 391089 419214 327340 283443 146432 112992 474976 80233 468252 798425 677814 953168 359522 812979 513080 479802 718672 729008 710899 490157 170213 550554 638385 376366 594007 49699 113506 599999 764470 803094 455671 277946 478108 701997 527739 765602 545385 443756 741828 677099 381050 164385
769619 747776 1171923 822648 854344 612862 918689 754001 742515 384306 692265 356823 798758 622498 837589 690802 642156 886798 767186 1112320 54912 821658 385637 690407 619459 707344 165498 1032267 738716 627897 586350 471421 386006 619792 817787 642531 321340 999999999 734147 378371 228932 830506 431066 928754 1125166 380170 273637 327016 410835 1109947 827112 1049512 993452 242547 859873 830524 499202 774451 151456 100566 269360 577921 189118 430760 525446 327000 592656 1010161 893743 1190411 531088 980145 349203 427901 630075 975833 820909 805502 339810 871483 778040 73765 893270 331745 293872 597852 968682 825486 524750 313870 771255 829752 825410 824638 865719 648179 781389 904682 701274 304018
459402 137667 650474 126222 299706 878199 347510 599809 863394 570553 498581 647257 615376 240018 963998 215738 668150 776672 642931 511698 684568 756208 465672 642668 124543 224564 578626 618006 851262 281401 674470 335743 358087 268981 900160 207195 661333 734147 999999999 817364 543714 916663 358923 632105 642843 366854 847356 437623 603867 566576 190561 479049 613895 793366 380196 112866 309345 175469 883776 758985 465149 854658 722097 638399 209212 741447 200852 437826 381105 635438 320229 321726 493427 335152 345500 512212 112362 916318 493685 888585 154974 712008 665674 612158 559428 182747 392625 168827 215570 432846 583959 148636 1022594 104827 899689 320544 100710 418049 800869 816743
620948 764279 1026177 936067 798145 243280 851790 530362 396391 250517 519875 171184 572797 610879 477130 872410 372398 601610 523078 1022542 403070 532660 669174 438155 740801 683404 453329 855138 396255 839761 310607 694013 575064 826235 472205 821264 157390 378371 817364 999999999 523471 481966 459780 718402 965592 576860 139540 405266 227705 986342 824014 952384 807569 140158 762621 929683 712128 927541 386642 477940 467957 210506 194496 206380 632333 80475 622092 922009 802618 1061157 509600 951716 642694 629582 868061 836533 862760 452879 327603 539548 786586 447747 659456 205548 268489 756371 891880 960456 613013 429987 557713 851265 451974 921871 528916 581551 898986 796604 372495 82477
699592 587738 1070020 615855 722692 721340 787783 732643 813874 406534 647205 424628 773770 493522 919179 468469 666518 895121 757711 982237 174183 838251 159158 696085 421348 573125 73116 956707 806818 401099 624127 246684 186145 394020 883202 422376 403043 228932 543714 523471 999999999 898259 326035 881563 1033674 176943 461922 240143 447866 998418 670155 926592 925879 415312 750347 628458 275702 557021 375602 220023 118841 686485 337539 481773 345795 450185 445171 884657 777924 1078265 426908 825694 125295 213919 401149 881296 642963 879329 311726 919924 619282 180316 864502 383223 311732 386330 839663 611712 355678 205105 741320 660633 929270 623538 919206 546919 574830 797498 760674 469642
497161 802041 775990 1041099 731785 247114 754096 336638 88010 492302 423848 482360 344608 678180 57424 1066180 257446 232578 294685 851761 837979 195667 1003027 274101 903737 702353 844227 595102 92457 1071730 279723 968423 855817 1055336 16726 1022880 513237 830506 916663 481966 898259 999999999 657453 446482 706855 863232 621327 683052 450395 775450 818405 786388 546868 616108 651876 1019615 973160 1079190 866679 930187 798381 274539 643482 417330 817568 507535 730920 775859 686628 828191 622797 879164 990204 903093 1121923 639608 901319 32501 594499 82947 807244 889190 369151 518951 586803 953110 769292 1085232 787577 721156 363021 868261 148625 1011289 63394 596678 1016832 658370 138042 563809
373739 329192 751940 476288 423288 553636 487741 423685 584796 219359 329032 291657 461074 191976 692851 431045 401972 598943 455296 681826 393567 551294 369341 410039 284479 276872 315850 631124 574598 420191 381245 312066 207220 404322 640944 382330 302938 431066 358923 459780 326035 657453 999999999 558144 711585 216587 491485 104191 258474 684863 403524 620250 599845 438172 434195 470552 315713 472896 567844 489438 207674 524987 371785 296489 178586 382847 173843 580182 465823 765393 103515 552790 368558 248523 466167 559449 417417 647044 134907 657126 357177 436629 547542 254232 201541 312850 538016 501805 155207 126196 427140 415763 730387 462865 661551 224488 439363 480437 523311 458241
191587 495120 334619 737501 359146 585334 353544 188304 453701 550023 238022 603038 145794 446082 503833 833013 349712 219020 199425 409092 908918 253638 918442 282107 677642 413866 859056 151564 442304 872326 409364 830498 753398 856229 435431 804747 640849 928754 632105 718402 881563 446482 558144 999999999 266483 764106 837437 643428 535430 329022 471532 347640 101758 804002 267227 707590 821137 807491 1028011 1011112 762780 588451 784182 532757 637288 690266 513220 345301 287854 383804 465499 475271 923022 780324 934676 200763 570766 466737 594287 376253 484468 959382 77439 610127 634936 745414 351109 790568 608003 676660 163043 527813 593686 700235 395511 361080 727629 250381 417683 778678
358594 514694 69152 713467 346337 850230 295686 441475 719704 767707 450838 832197 404711 545371 763644 858573 607351 474629 461629 207352 1096333 518191 1032747 539859 729733 476892 1027276 115236 708461 918903 663643 922426 875088 904723 697064 845141 868191 1125166 642843 965592 1033674 706855 711585 266483 999999999 886308 1074665 811258 762937 107119 452779 184790 165373 1035723 287815 679337 905296 804126 1241239 1196172 917525 851569 1003932 768321 728890 927526 604632 216075 269841 124285 608382 368511 1046349 887119 983748 152385 546648 729298 785650 631592 490207 1143243 342436 830360 838590 801160 255256 768362 705348 837695 411672 501925 855268 674045 651674 487430 718730 240936 684016 1018341
574379 416118 916855 444049 560628 728480 624916 639585 785822 386131 542485 435118 675891 340972 894141 316189 612099 815529 671821 817390 327176 767234 154604 625288 245229 413710 216966 819610 776606 266882 583705 117375 11221 255063 847033 266003 428292 380170 366854 576860 176943 863232 216587 764106 886308 999999999 555826 186195 430415 841508 498545 765356 794262 502816 598983 454374 136040 395014 531619 393352 119667 696141 422818 469196 171947 496720 283856 722805 622541 920167 298693 653520 160933 53682 291205 735050 466519 849921 278375 869076 447674 348338 759996 390850 315935 217683 676866 445315 186677 152050 641634 485667 921803 449071 872242 409430 402785 646233 726418 544946
721126 815823 1132207 958037 874380 380169 932496 649417 535925 318410 624068 244626 693353 666495 614982 867721 499382 735556 647208 1112800 311493 666646 618317 562429 754871 745980 388810 967534 535770 822597 437139 668514 556767 810881 611699 816456 211973 273637 847356 139540 461922 621327 491485 837437 1074665 555826 999999999 412157 313388 1085868 883674 1043871 921624 54363 850807 956635 691003 934789 251072 366940 437604 348590 133017 306649 647275 147513 664033 1010392 889785 1163069 563251 1022150 586798 609456 841011 938428 908233 592000 357851 678891 841427 347162 783345 257940 290288 757310 976353 975052 633696 425805 674709 903361 584225 949349 668416 654439 918676 888754 511023 60653
465766 426724 853516 545920 527427 542447 591924 492695 603352 199979 407646 252023 533639 295544 711367 467174 438006 658013 518721 785998 289569 603598 320078 460701 343033 380431 217550 726770 594648 437223 403547 301086 181075 423025 667144 416001 250324 327016 437623 405266 240143 683052 104191 643428 811258 186195 412157 999999999 244295 787787 503666 724198 692949 357833 537056 545260 314349 525829 465639 386418 123565 510343 284617 283016 235131 325002 270212 684269 569376 868349 206155 654856 309459 234123 471474 659641 508865 668069 92199 694927 455910 333495 624453 208402 137030 351703 642200 563578 222424 38467 501186 511677 736226 538133 696431 326067 506522 582920 545334 387759
407833 539834 819403 726585 571207 299780 626114 351458 366485 44349 312161 69268 396541 386208 472913 688749 232228 476075 359290 801585 404792 411604 558932 280077 542112 456339 395469 657947 359111 671592 180391 544078 424931 656378 435355 639338 105877 410835 603867 227705 447866 450395 258474 535430 762937 430415 313388 244295 999999999 772511 597088 732118 613522 272787 540029 716729 555123 730536 494051 504286 350829 269061 249300 39134 437059 169097 404307 699823 579563 849696 287485 724145 543037 477012 711328 625122 640063 431915 152108 475301 560932 457253 490323 79131 136787 570486 667709 756416 412919 280242 372949 626149 492456 708654 473133 353878 691807 576559 312885 260313
365738 447215 84637 625529 283373 895291 223010 480792 778150 771116 466547 841295 450683 504912 832823 781287 644608 546907 508511 100373 1076768 581588 982083 579114 663795 427819 999391 186139 766249 846858 696102 865459 830344 833526 764195 772575 875376 1109947 566576 986342 998418 775450 684863 329022 107119 841508 1085868 787787 772511 999999999 376604 88874 230357 1043310 250734 591082 845917 719774 1234348 1174134 885594 892658 1003953 783177 676805 940667 557675 128766 220517 80564 581710 271473 998964 836357 911430 150655 463669 795148 774237 704658 419618 1121245 406299 833803 832281 734477 174326 679814 656229 810432 449711 420502 922278 586445 724143 462167 634653 205269 736230 1032104
326275 82489 460194 270809 116251 830344 157139 483931 780036 574920 396549 654728 487624 217232 870918 406170 591756 645264 527343 328396 783820 638698 624235 549906 291057 140778 688620 435230 767316 470259 614984 500275 487985 457005 802717 395971 678370 827112 190561 824014 670155 818405 403524 471532 452779 498545 883674 503666 597088 376604 999999999 289873 437182 832431 205916 238817 477889 353925 969171 870999 570541 813119 772022 624351 326649 756763 234464 248045 197515 447304 320427 155584 646266 481808 534829 327494 100557 824222 528827 776273 50911 820133 518159 629230 596141 360305 202357 325506 314481 513243 461243 56328 941503 232056 790358 249279 269098 236382 720612 842265
335126 363151 173504 536694 204735 882529 140885 471191 779083 726131 437839 799734 448043 434316 843683 693241 628704 565590 504526 70656 1013761 590724 902592 566424 579109 353504 931739 227711 766718 759890 675157 783584 754276 746797 773799 685578 832039 1049512 479049 952384 926592 786388 620250 347640 184790 765356 1043871 724198 732118 88874 289873 999999999 260629 998912 193746 502256 763124 630934 1178791 1109205 816196 876429 954373 746696 597958 901206 482527 42859 156617 157946 518538 184449 920937 757322 824318 147495 375081 803075 718693 721165 334545 1056550 421657 788128 779662 649312 89522 591030 579000 744306 440257 332235 930032 497589 739749 402537 545847 155812 731939 992396
227187 476698 233038 707934 320945 684990 298054 278998 555452 623101 303823 682349 240386 460194 604094 823830 444195 316837 296761 316422 969364 355142 946549 376470 676903 410525 910464 50137 544033 871947 501890 848344 783218 856450 536216 801117 719393 993452 613895 807569 925879 546868 599845 101758 165373 794262 921624 692949 613522 230357 437182 260629 999999999 885323 233925 675952 835625 786754 1100906 1070902 807396 686811 859485 615121 652476 774111 525741 266620 240776 282155 500470 410299 955031 803973 935906 122866 537695 567828 654566 474659 460134 1018418 178802 684887 701565 747219 282718 762472 625169 723360 250245 492807 694566 669237 494288 384838 703614 201365 518731 863991
679944 763641 1091914 903735 826070 382485 885028 616941 529085 272833 584934 203532 661461 615199 614807 813907 473257 714066 617818 1067368 273878 645538 569967 533784 700510 695492 342441 930319 527637 769685 411514 616235 503514 757790 605315 762610 168036 242547 793366 140158 415312 616108 438172 804002 1035723 502816 54363 357833 272787 1043310 832431 998912 885323 999999999 805418 902466 638289 880522 250805 340476 385168 348902 80507 271246 592939 117395 611132 964649 844012 1121188 512080 972413 539436 556485 789217 897041 855277 588154 305169 668500 789606 314343 753066 210879 237487 703160 929682 920691 579497 371520 640960 851105 592110 895201 659465 606179 864343 844364 498357 61519
160726 243481 319677 475524 91919 711660 102893 317396 628541 532742 258812 607084 308236 258475 707461 591683 458651 455987 357627 262008 826127 461236 744935 402704 450146 189762 749129 239575 615785 643637 498189 635804 587763 628600 637386 571460 638867 859873 380196 762621 750347 651876 434195 267227 287815 598983 850807 537056 540029 250734 205916 193746 233925 805418 999999999 444259 619692 552842 986588 923402 636170 701737 760691 556341 441419 709071 316817 159795 40325 331294 330980 227300 758718 599337 708168 139445 306230 663014 526192 598882 226210 870511 320316 594574 586345 521391 130991 529699 417557 559921 289260 262188 786822 437267 615085 211715 469904 47310 574850 800032
547503 220727 675630 34493 355011 989555 387771 695868 969552 683335 597724 759825 707324 348210 1068366 218722 774771 868137 739436 520268 779225 852784 529715 745627 211077 318703 670584 672547 957257 301782 783862 399853 446956 294471 1003262 236246 773346 830524 112866 929683 628458 1019615 470552 707590 679337 454374 956635 545260 716729 591082 238817 502256 675952 902466 444259 999999999 370636 133881 981396 847329 561393 966498 829800 751198 311974 853363 313352 464884 435757 651225 432549 324317 561681 414906 358619 564292 138266 1020767 604987 987444 224371 802692 749049 724317 670122 244960 424091 89028 322995 537501 677518 183243 1129657 8387 999507 423293 59774 474895 907403 927510
