NAME : synthetic_000999
TYPE : CTSP-D
DIMENSION : 100
GROUPS : 8
RELAXATION_LEVEL : 1
EDGE_WEIGHT_TYPE : EXPLICIT
EDGE_WEIGHT_FORMAT : FULL_MATRIX
EDGE_WEIGHT_SECTION
999999999 855418 955056 531551 835007 628851 578040 1064017 698773 1097799 922921 417530 982555 1215269 686842 585527 619110 923596 1075587 430715 639967 867368 840586 997152 914148 791447 835860 760041 1130695 329802 1011067 936646 734219 732665 517066 569428 963472 415356 841230 937926 447627 331920 557272 468447 248612 1049016 550365 623211 743214 691504 417804 438172 1139476 642475 716659 357162 601078 183309 728612 403206 224906 1000635 528080 907181 283592 512020 177986 614680 746158 585621 435011 758914 760553 84557 846865 347675 215246 829882 780970 1226297 1047965 579103 471983 569425 286600 587018 304063 231031 336350 724343 842156 1240500 890769 267247 470593 845659 886374 428490 997157 858606
855418 999999999 549261 345786 935873 737027 290734 609286 223193 413653 891835 625098 673832 695037 523418 369134 943150 572474 622590 585046 580995 817571 977801 687984 422114 961453 708736 388468 539053 540437 750960 977140 874035 736511 730879 554404 1070699 551925 30449 652129 869402 524978 746142 885394 924463 734508 784019 232898 742684 418246 844908 697543 559973 863590 216720 661476 725722 672841 884155 548453 819085 806545 819018 1099810 670432 561509 687762 932621 109725 949114 421648 957303 944285 773235 25533 510701 742081 53822 316515 617333 746112 981006 384367 314515 783467 355907 857980 632965 879470 186778 908768 700515 851848 603740 384826 999889 129021 746284 325915 675047
955056 549261 999999999 691180 513265 443483 651235 108991 414117 300717 412218 546699 130314 260718 271428 413619 655484 51962 120956 526195 333426 356503 560172 142164 127783 569222 258666 226572 222247 776109 208954 507950 504520 363928 523366 390988 609975 540302 574146 126033 690170 727762 504915 692185 872896 185299 541561 553459 361845 276074 686939 561645 218883 554102 701234 609400 455507 821481 519343 553661 791219 276013 588503 674613 674339 446355 786866 646604 555415 683640 628233 583926 567698 900317 571972 726861 751989 499964 262656 300803 197271 723978 645470 688795 725093 421592 772901 819325 772148 670391 477126 287414 382417 706509 628428 584050 678198 599882 282990 207097
531551 345786 691180 999999999 887740 649187 55883 786125 287399 692326 897003 443657 783449 912940 515707 301223 801905 688129 800085 409618 532347 821011 919218 799842 590563 886786 731283 466482 779876 203170 846658 960482 799707 699322 591063 467365 1034879 361757 325112 746479 676779 204530 622474 697770 654601 855055 649930 148998 708968 437826 644986 524390 796392 751963 186233 448810 626919 349655 804551 348366 553137 877203 668389 1030910 420800 437520 383234 792232 239018 793039 147668 870031 861465 447099 331293 187002 471242 336879 434037 872757 861792 814511 91138 38121 540512 287885 614954 301120 644604 192905 872119 928321 855248 316423 108819 936665 355679 564040 588275 720096
835007 935873 513265 887740 999999999 242404 877790 572228 723297 811872 140584 481244 417637 691432 413145 608073 252748 462064 573394 500660 365913 159992 46933 419374 601116 72627 256880 552814 726929 847384 374045 103653 101745 200078 333981 421291 147445 547676 949930 394997 400323 794432 292968 384776 635056 434330 288003 811930 193309 518151 423677 419441 717829 193497 995593 517166 268288 796888 106402 564884 611755 309472 307030 167061 592064 452096 732614 250831 886599 294010 755055 105303 93084 824751 950737 805142 630025 882246 627236 785583 422167 326088 803534 907439 548519 623582 543122 829359 519121 973701 37178 723204 144513 697729 783579 70870 1054276 412117 773078 307102
628851 737027 443483 649187 242404 999999999 643026 537246 515556 707765 296639 242351 407658 683860 229014 383800 223156 394666 544200 258818 158922 238593 270395 418223 482963 238365 228184 382431 663877 606004 409600 329449 150546 108033 112389 189947 389536 305406 746545 366891 255659 552759 75285 253442 470905 459791 102257 585115 117615 326821 261146 192396 662118 129250 768698 285887 28380 565365 156161 322706 417357 382017 147910 382695 363564 211725 504678 213128 672904 244588 513605 225624 214982 605240 748333 563111 414980 685003 452803 743977 454180 284165 563265 670882 348388 399213 369085 593322 357148 749375 234114 714396 262409 460682 543472 287478 846512 203007 642611 267766
578040 290734 651235 55883 877790 643026 999999999 743249 241155 639289 878478 451926 748675 866511 492590 277636 807885 651332 757262 415448 516575 801931 911344 764963 546132 881386 708059 429293 730419 253110 814414 946015 793310 685136 593815 456583 1024137 369347 270923 713253 691794 247094 622603 711969 687070 819616 652563 99849 694355 407640 661188 532783 747445 751741 149997 464572 622382 394999 799143 357901 583754 848724 674590 1025719 445286 433044 422766 797945 183315 801827 168255 866691 857249 493994 277030 230601 502182 280996 390940 822435 827048 825577 114349 37617 565261 263094 640599 349335 668645 149208 860086 880940 836565 349540 125529 929744 308666 575180 535701 693358
1064017 609286 108991 786125 572228 537246 743249 999999999 502773 284136 453785 654728 154970 152575 379480 517893 740666 146314 14036 634888 438845 412237 618261 155770 198594 634731 331075 328313 161002 880875 216411 548321 579593 448214 624078 498987 649140 649291 636549 180557 788749 833411 602716 789261 978032 166549 637719 644023 444297 382988 787585 666834 147950 639488 779766 717447 551959 929816 594746 662618 898250 291680 684395 725075 783065 554775 895773 732381 631243 771509 731645 653887 637596 1009213 633513 831856 860413 564110 352394 214446 181693 811929 745818 780853 831565 524896 877346 926644 875155 748031 535119 180615 431738 815079 729462 641552 736232 703478 305398 280489
698773 223193 414117 287399 723297 515556 241155 502773 999999999 417836 693713 409758 520218 625781 310904 149085 719957 419758 516803 370184 361846 617476 763471 536105 305099 743992 512882 202330 493648 425059 590935 773322 655753 523227 508074 331302 862642 342950 231018 488818 650534 390690 522950 665595 727049 589121 560864 141458 530335 207659 627651 478498 509619 641155 294906 452471 503279 525411 665187 342838 623084 634333 596284 884560 474187 339511 521968 709428 164523 726177 276900 737912 725409 622974 232940 382025 551719 173702 151592 587641 597892 758474 267638 278644 579356 137572 651654 499557 670008 266632 698543 640925 652407 432904 256703 784858 332091 527684 312951 487415
1097799 413653 300717 692326 811872 707765 639289 284136 417836 999999999 712582 735822 419447 304846 490982 512335 929451 350537 292494 703864 565579 656768 858796 426211 224835 864519 555283 356143 146340 842719 492611 808393 793814 647413 763226 594623 910440 698182 444052 425636 931142 806461 755716 938136 1075468 448962 795542 544097 647510 428944 920082 776804 168540 830056 621429 794059 712613 934031 808075 705628 979938 566094 841432 974736 840878 637450 920001 919776 478359 952318 693147 876203 860212 1027781 439098 798830 922218 385488 318125 206088 463899 991668 685098 673913 922056 510948 983461 913642 991204 589269 776247 301767 683125 831225 674538 882742 524577 822632 104976 504778
922921 891835 412218 897003 140584 296639 878478 453785 693713 712582 999999999 534905 299745 561283 388424 601138 382238 364372 452910 544782 365266 76828 178986 298048 517413 213103 183101 503482 613100 888343 244002 95838 208318 205720 406409 435953 197876 587274 909664 286997 510391 834375 365746 498390 743618 303565 375027 801050 194966 486637 528325 488899 601588 303672 980987 582106 324995 860370 220262 605026 705725 173786 406244 272463 659997 480236 800897 378458 858002 422659 777125 244145 230251 901801 909552 842522 710531 838130 575639 663050 290251 457919 819654 911391 638492 616025 646141 885345 626614 955900 108108 592788 41934 752613 799516 199399 1016177 494487 688024 221417
417530 625098 546699 443657 481244 242351 451926 654728 409758 735822 534905 999999999 565280 807194 275297 261163 358344 510993 665485 40077 222642 469502 503149 579749 527269 463064 422441 380089 740149 367154 594326 571680 382678 331802 153611 155745 626364 82582 625241 520651 246441 315070 191235 264477 339662 631486 210950 422557 342726 307185 220099 80933 745637 316985 594620 62719 214644 325951 383598 95324 247372 588345 224917 603579 134591 101532 269802 348759 535781 350061 297571 440505 434699 377847 628796 327156 206604 580439 424441 832773 630524 373906 352848 472278 186313 272193 249959 351174 263282 582606 475997 834097 497727 218424 334870 516666 710690 124811 646035 441885
982555 673832 130314 783449 417637 407658 748675 154970 520218 419447 299745 565280 999999999 282474 302953 489917 597473 102118 155761 553349 342647 257721 463494 16453 256184 481261 185884 320099 313356 843121 78716 394916 430455 308941 505928 414441 496362 577726 697530 44631 663207 791823 478667 660879 868130 72341 509895 654362 303269 348370 666520 561443 302175 497513 813337 626787 426586 867563 445656 593319 797867 147515 555322 570305 698992 472084 824379 589813 671106 630684 702064 501785 485551 936917 695753 793620 771125 623156 372715 367992 78389 670869 727440 785706 729037 500726 765933 873567 759214 783511 380486 314061 276777 751358 708976 486710 802825 591721 412298 140111
1215269 695037 260718 912940 691432 683860 866511 152575 625781 304846 561283 807194 282474 999999999 531906 659835 879822 298316 142589 786896 591219 533886 735612 276366 324414 758479 468008 469691 160142 1021806 317934 650741 712346 589741 774348 651449 747151 800116 724362 318647 937441 975999 751434 936980 1130093 257861 785316 766666 584688 529679 937532 819020 137969 779574 884844 869911 700100 1077754 727537 813044 1050811 388244 831648 832872 935020 707044 1045735 872065 735783 912594 870978 781237 765139 1159062 720351 973327 1012689 656467 481224 128803 271036 952867 880533 903780 984049 665445 1029161 1072202 1026299 852475 654422 31830 547179 963798 865274 757863 815767 855034 370300 420129
686842 523418 271428 515707 413145 229014 492590 379480 310904 490982 388424 275297 302953 531906 999999999 215224 451067 236827 390373 256302 74915 311597 454465 318704 268699 438846 215719 153436 472036 545265 348589 463651 352605 213263 272285 119563 551756 275885 536863 259278 440567 492784 266210 447164 604644 373648 306523 412666 219860 105182 431207 294871 475403 357953 592904 338010 227386 564790 363706 290982 520247 366091 351551 576396 404371 175516 523442 440825 475060 468607 411813 437111 423308 636585 537757 496102 481014 470003 224806 561935 375818 506612 445861 526741 454897 229519 506392 570945 508974 568423 387690 558842 346560 448582 426173 476475 641156 337036 417532 207309
585527 369134 413619 301223 608073 383800 277636 517893 149085 512335 601138 261163 489917 659835 215224 999999999 577501 400547 531235 221915 242647 524491 644603 506366 340035 619438 430922 190254 553547 362983 548823 670872 530529 411350 362953 194135 752598 198766 373056 450564 501581 316184 381335 516900 585599 562208 417729 203859 420050 141691 478567 329522 564970 504446 387587 306628 367811 426559 538286 201544 483439 576361 450771 762795 336877 192730 407889 567027 291630 581224 214774 609265 598046 517053 375857 314024 417080 321787 195954 649999 567595 612310 237669 311525 435221 15538 505915 414356 522816 366540 587718 680774 559208 319546 219065 664475 467362 378655 412686 418909
619110 943150 655484 801905 252748 223156 807885 740666 719957 929451 382238 358344 597473 879822 451067 577501 999999999 604643 745745 392823 378487 365112 239765 604718 704925 189179 411838 604049 877661 708042 578323 354056 177542 292697 216362 389038 353307 440201 949542 562155 171736 660202 197014 150681 396051 635736 159796 767427 296371 544743 203457 278013 873953 101439 946332 364967 224382 621520 163740 453666 395311 529069 133534 288162 424193 386244 552682 10537 868767 41290 655850 153236 161254 625780 951984 674733 435608 892826 672790 952648 626685 76342 711181 829868 343579 592040 315636 665041 285734 931317 276395 911284 368947 544012 693090 237733 1044777 243833 865759 460752
923596 572474 51962 688129 462064 394666 651332 146314 419758 350537 364372 510993 102118 298316 236827 400547 604643 999999999 155732 493129 292983 306241 508991 117280 159673 517429 206857 222064 273595 759912 178491 459797 452598 312618 478233 355569 561677 510927 595840 83111 643789 710080 457984 645021 831827 169364 493855 555669 310299 259448 641833 520707 269310 503216 711950 573652 407843 796460 467436 525190 752975 238504 540718 624211 641171 412227 758518 595864 569144 633353 614916 531976 515751 871915 594156 710421 717323 521474 271074 349461 178423 673736 636441 688616 685911 410093 731053 797597 728894 681934 426107 326885 333149 680676 618587 532898 701399 557165 325372 155410
1075587 622590 120956 800085 573394 544200 757262 14036 516803 292494 452910 665485 155761 142589 390373 531235 745745 155732 999999999 646114 448677 413480 619199 155076 212615 636735 335155 341819 164987 894204 213258 546968 583189 453636 632452 509781 647389 661092 649946 184269 796499 846603 610432 796667 987511 161112 645042 658046 449426 395860 795838 676431 150402 644723 793679 728200 559443 942289 598365 674551 908465 288526 691617 724737 794303 565803 907797 737577 645116 777054 745121 656541 640268 1021253 646874 845148 871384 577620 366393 212254 176284 817455 759547 794867 841562 538347 886624 939488 884004 761927 536240 171534 432006 827417 743143 642360 749373 712568 317067 285097
430715 585046 526195 409618 500660 258818 415448 634888 370184 703864 544782 40077 553349 786896 256302 221915 392823 493129 646114 999999999 212525 476452 525342 568315 499164 487404 420645 349387 713707 347229 587281 587474 404370 339534 182251 139021 647118 48687 585167 508799 286267 293941 216602 304007 372515 621312 240902 383271 350421 276764 260166 118247 720093 345069 556708 90226 232375 322663 406567 64806 276302 586385 259342 629586 148189 81412 272500 383009 495827 386565 265237 466775 459944 384003 588719 304487 226477 540516 390052 807323 621291 411679 319400 437057 219278 232619 286212 341639 301299 544061 492730 813054 506256 209742 300859 540082 670870 164090 612277 435561
639967 580995 333426 532347 365913 158922 516575 438845 361846 565579 365266 222642 342647 591219 74915 242647 378487 292983 448677 212525 999999999 290108 403752 357185 342536 382242 214056 225815 541784 533372 374834 429441 293907 168870 198121 77229 509957 242993 591971 298017 366777 479604 191349 372775 539513 409381 231710 446397 177856 167901 358764 228235 543892 288075 629838 284380 154139 532992 303458 259957 460269 377588 276637 523703 356476 132760 484991 368143 522941 394659 413047 376416 363668 596412 593424 485583 428782 528396 294522 629658 408979 432321 454432 548249 392946 258096 439532 546232 439771 607788 345072 619398 323762 417811 434303 424419 693924 267307 492304 223590
867368 817571 356503 821011 159992 238593 801931 412237 617476 656768 76828 469502 257721 533886 311597 524491 365112 306241 413480 476452 290108 999999999 206186 259900 453049 224641 110388 429112 567399 817159 219039 160974 188041 137705 350824 362336 260023 517358 834863 235672 472426 763154 311855 463284 701162 278844 327592 724224 126785 410180 486330 429928 557993 274284 904214 519906 266292 795441 202559 535096 654862 163980 364302 318110 598023 408744 737949 359440 781869 403208 702829 248058 232173 841605 834881 770726 653120 763797 501957 625710 267822 441354 744471 835000 586322 539339 601179 817988 584804 879210 122904 565712 35013 685605 724352 229678 941201 441013 624899 154730
840586 977801 560172 919218 46933 270395 911344 618261 763471 858796 178986 503149 463494 735612 454465 644603 239765 508991 619199 525342 403752 206186 999999999 464828 647667 50815 303741 596533 773462 870281 417800 118708 120992 241295 352165 455010 124941 573165 991247 441568 398675 817913 312342 381192 631538 478045 301531 848253 235415 559640 424775 436765 764178 199275 1032124 534645 294354 812503 119710 590028 616035 351260 313857 122419 607579 482013 746846 239785 926094 280693 783862 86543 80866 835001 992198 829342 640180 924291 670956 831286 465539 308820 833648 940127 555317 660140 543494 847450 517282 1010935 83395 767334 188504 717008 813837 23959 1095056 424349 819555 354031
997152 687984 142164 799842 419374 418223 764963 155770 536105 426211 298048 579749 16453 276366 318704 506366 604718 117280 155076 568315 357185 259900 464828 999999999 269089 484225 194122 336259 315861 859383 67665 392575 435985 317961 517881 429498 493544 593152 711908 59638 673878 808031 489895 671113 880534 55931 520477 670526 311878 364822 677819 574660 303675 505254 828986 641089 437761 883151 451174 608825 811233 139890 565611 569672 713636 487121 839603 597238 686424 638500 718465 505704 489527 952034 710060 809889 785367 637540 388230 366589 62091 678578 743892 802013 742284 517179 778270 889464 771047 799079 382196 308114 277121 766956 725426 487826 817000 604248 422565 150475
914148 422114 127783 590563 601116 482963 546132 198594 305099 224835 517413 527269 256184 324414 268699 340035 704925 159673 212615 499164 342536 453049 647667 269089 999999999 648634 345424 154184 216552 699220 334773 611484 573973 426255 540640 378528 712450 501807 447517 242776 709170 654866 531563 715274 865361 312945 571195 446549 427241 223791 699756 560146 225962 605948 582176 588088 487882 764652 587846 512135 774407 397987 617305 766998 643135 426333 739404 695193 434326 727495 547789 657671 641946 851383 445152 651242 723857 373597 157061 312308 325049 766833 556125 583675 712858 344108 769981 754381 775079 550676 566991 342873 483049 653757 540965 671568 550916 604286 172127 298331
791447 961453 569222 886786 72627 238365 881386 634731 743992 864519 213103 463064 481261 758479 438846 619438 189179 517429 636735 487404 382242 224641 50815 484225 648634 999999999 310572 585796 786580 829957 442365 166423 88910 229048 310379 427060 172213 535716 973543 455381 348325 778127 271853 330602 580838 502540 257277 822159 225253 543645 374907 393799 778593 152410 1005988 491349 259873 767529 82284 552210 566704 380059 266164 144334 562906 449375 701228 189023 904961 230223 748874 36027 30912 787469 974798 790110 592832 908307 659905 848918 490871 259265 799894 909059 506834 634952 493341 803861 466801 985889 106670 790301 214002 674386 780278 55080 1076082 378525 819473 362149
835860 708736 258666 731283 256880 228184 708059 331075 512882 555283 183101 422441 185884 468008 215719 430922 411838 206857 335155 420645 214056 110388 303741 194122 345424 310572 999999999 320431 477488 747126 181714 271357 248804 124248 334239 291085 369955 455469 726680 150908 482953 693453 302231 478931 697349 232025 329781 625818 117791 307360 489323 400896 470732 311648 803109 479657 250432 743280 263907 472765 636239 165969 373803 421770 556336 344517 691438 404057 676686 444801 622323 325817 309541 800279 726522 699058 620854 655037 392569 545046 226029 484998 659590 742406 566699 445113 595095 759203 584844 777075 221935 499449 143630 629325 639692 327700 833261 423779 517550 51782
760041 388468 226572 466482 552814 382431 429293 328313 202330 356143 503482 380089 320099 469691 153436 190254 604049 222064 341819 349387 225815 429112 596533 336259 154184 585796 320431 999999999 370676 552980 389045 588935 501755 356962 416330 240344 683655 348791 406282 286971 581214 506424 415673 590299 719713 390499 456169 334268 361679 72906 567566 421760 380008 511383 497207 439274 379867 611398 513654 358555 625653 432332 499766 718946 490869 281309 585236 593751 361209 620366 403339 586826 572451 697318 406092 504174 571943 334710 74430 466488 398326 657727 418925 466556 566402 196649 627327 603068 635517 468605 523708 491070 463386 499816 402008 619428 512938 468537 271590 289229
1130695 539053 222247 779876 726929 663877 730419 161002 493648 146340 613100 740149 313356 160142 472036 553547 877661 273595 164987 713707 541784 567399 773462 315861 216552 786580 477488 370676 999999999 907236 377406 708156 725388 586136 737525 587945 809354 718030 568812 331937 905861 865218 722339 909339 1075750 326065 760093 631324 583894 439988 900100 766895 22307 776306 735435 801745 674291 979673 740332 728580 987510 452682 807020 883106 858858 638685 955756 868734 587458 905427 755364 803255 786966 1067487 564518 860324 939289 503192 361419 96460 341232 945709 757514 766964 924412 556232 978303 967262 980836 702973 690072 161702 589107 869713 744061 797049 657577 808587 213141 425730
329802 540437 776109 203170 847384 606004 253110 880875 425059 842719 888343 367154 843121 1021806 545265 362983 708042 759912 894204 347229 533372 817159 870281 859383 699220 829957 747126 552980 907236 999999999 893750 934575 749683 682670 519699 457113 993215 301866 522713 801167 557325 54005 558296 580124 481254 915189 575019 316371 693387 501007 523055 438302 920654 681854 387036 344009 579298 151544 750752 284213 388542 908039 579771 969280 287187 408425 199797 699649 430944 689897 151878 806388 801250 245253 528681 49532 310050 522954 546070 1003252 918802 702954 161626 240578 395595 356479 463327 98775 496865 395936 839958 1041797 848614 165786 168984 883755 558848 464758 737935 750076
1011067 750960 208954 846658 374045 409600 814414 216411 590935 492611 244002 594326 78716 317934 348589 548823 578323 178491 213258 587281 374834 219039 417800 67665 334773 442365 181714 389045 377406 893750 999999999 335845 404102 303622 515755 450570 435154 616518 774209 102118 663356 841369 483910 658311 879020 60286 510664 722120 295741 408963 670702 580000 363628 481850 885281 653908 432146 907161 419061 632968 816286 75297 553841 516349 728917 507399 859781 571674 744888 614372 757193 467013 451183 970826 772577 844503 797006 699857 446078 420116 48816 653740 786212 851030 746810 560677 776739 917417 766512 855959 337210 349605 229564 791440 767226 439951 879871 604880 490185 152479
936646 977140 507950 960482 103653 329449 946015 548321 773322 808393 95838 571680 394916 650741 463651 670872 354056 459797 546968 587474 429441 160974 118708 392575 611484 166423 271357 588935 708156 934575 335845 999999999 202473 261198 429623 493736 102048 632953 993774 382831 503952 881042 388172 488414 738708 394293 387442 873523 251734 565678 527022 514953 696249 296651 1055590 611863 357038 892172 209018 650507 714112 262739 409305 183061 688092 531443 829223 352843 937832 395326 833607 202217 192821 923993 993968 890720 729696 923326 662229 755916 380357 425560 879416 977490 650046 686136 646478 922208 622725 1031762 96232 681942 128711 789779 859295 131286 1099783 511362 782633 313854
734219 874035 504520 799707 101745 150546 793310 579593 655753 793814 208318 382678 430455 712346 352605 530529 177542 452598 583189 404370 293907 188041 120992 435985 573973 88910 248804 501755 725388 749683 404102 202473 999999999 148246 233182 338326 243749 452173 885672 399074 305168 697170 192608 291643 539885 462691 186259 733312 146733 456876 326133 318456 719240 96624 917161 416328 173603 695631 15200 469041 511701 351984 206971 232746 490709 362202 631066 172469 816321 216614 663288 85179 70755 723050 887020 708475 528368 821058 575435 793774 452807 253883 713514 821383 447625 546045 445417 728910 423154 896991 109816 744077 191716 597756 693777 137009 987829 310380 742995 300200
732665 736511 363928 699322 200078 108033 685136 448214 523227 647413 205720 331802 308941 589741 213263 411350 292697 312618 453636 339534 168870 137705 241295 317961 426255 229048 124248 356962 586136 682670 303622 261198 148246 999999999 219217 233216 341651 381574 750125 271119 359734 628717 183317 355023 578822 355945 207285 614892 10929 318403 367783 294506 581762 191353 798004 382644 133571 657747 161755 399328 524376 273991 250248 363443 460740 274857 600374 284250 686659 323424 574271 232986 217787 704685 751016 637026 517766 682996 431210 659961 349365 363820 618884 716367 455128 426753 477089 680770 464602 775340 176668 620912 166723 548238 598742 263549 854267 310021 594797 169618
517066 730879 523366 591063 333981 112389 593815 624078 508074 763226 406409 153611 505928 774348 272285 362953 216362 478233 632452 182251 198121 350824 352165 517881 540640 310379 334239 416330 737525 519699 515755 429623 233182 219217 999999999 182217 476456 230868 735905 463147 168781 468183 41479 174934 363468 562954 58882 551077 229244 349346 163628 85503 738435 163458 730453 183201 85648 463050 232499 246169 305205 492676 88244 450046 258529 170551 399600 206071 653373 218318 447468 286984 281551 496340 738590 480604 304129 681689 478429 823105 558563 250617 501305 617327 236084 377155 261118 495737 253322 715066 333418 803945 373703 364859 482511 364515 829545 90811 686920 368452
569428 554404 390988 467365 421291 189947 456583 498987 331302 594623 435953 155745 414441 651449 119563 194135 389038 355569 509781 139021 77229 362336 455010 429498 378528 427060 291085 240344 587945 457113 450570 493736 338326 233216 182217 999999999 567984 166153 561736 369931 342056 403234 192130 352507 487853 482824 230964 395287 243286 169948 327313 182244 592430 311029 579009 218463 173800 456626 345326 182940 401190 454808 269634 571061 286126 57651 410316 378502 484676 397434 341355 415567 404718 522545 563940 409713 361767 503815 297852 679342 483194 431709 385741 486200 336693 209472 391487 469058 397025 559443 404765 678399 395064 341111 365608 473878 659463 228281 511837 300179
963472 1070699 609975 1034879 147445 389536 1024137 649140 862642 910440 197876 626364 496362 747151 551756 752598 353307 561677 647389 647118 509957 260023 124941 493544 712450 172213 369955 683655 809354 993215 435154 102048 243749 341651 476456 567984 999999999 694450 1086283 484874 518830 940526 436230 500177 749020 492573 426441 956339 333539 655664 546391 561338 797087 323832 1139613 659251 414950 937410 244045 711551 738644 360904 438144 103258 732467 599539 871786 355132 1026787 392684 902495 204765 203121 959464 1086739 951549 764721 1016892 757555 855104 478277 415309 950930 1054173 679047 768053 664168 972043 636592 1116977 164986 778017 229437 841283 930961 117838 1191672 549262 883908 414301
415356 551925 540302 361757 547676 305406 369347 649291 342950 698182 587274 82582 577726 800116 275885 198766 440201 510927 661092 48687 242993 517358 573165 593152 501807 535716 455469 348791 718030 301866 616518 632953 452173 381574 230868 166153 694450 999999999 550182 533518 326342 248160 265224 345278 386893 647248 289443 342582 392373 278058 298116 163483 725839 393756 512486 109891 279502 290687 454664 17754 285469 620249 306669 678108 142736 110954 247684 430493 458762 432607 216736 515359 508410 361010 554043 257865 224082 509522 380887 812935 648205 456377 271255 389882 236756 207063 308725 303741 328062 501073 538751 825172 548048 174969 252940 588186 632419 206534 603065 466327
841230 30449 574146 325112 949930 746545 270923 636549 231018 444052 909664 625241 697530 724362 536863 373056 949542 595840 649946 585167 591971 834863 991247 711908 447517 973543 726680 406282 568812 522713 774209 993774 885672 750125 735905 561736 1086283 550182 999999999 674693 870673 509798 752710 887234 917966 759204 790004 221797 756622 431780 845330 699270 589639 872075 187807 659160 734221 658186 895425 545753 812547 828463 823811 1112951 664580 565783 675844 939032 96274 954216 409440 968351 955629 758431 6360 494960 734535 74374 335769 647568 770571 985321 369305 292432 779195 359198 854150 616666 876611 158625 923570 730172 869337 593253 371195 1013071 106846 747637 355714 694361
937926 652129 126033 746479 394997 366891 713253 180557 488818 425636 286997 520651 44631 318647 259278 450564 562155 83111 184269 508799 298017 235672 441568 59638 242776 455381 150908 286971 331937 801167 102118 382831 399074 271119 463147 369931 484874 533518 674693 999999999 622014 749564 436839 620330 824741 114439 468957 620367 266259 309580 624467 517385 323271 461447 783207 582179 384891 823562 414236 549208 753672 155798 514779 552788 654365 427565 779982 554164 643250 594241 661412 473648 457347 892448 673260 751709 726527 600445 344492 394921 117704 634573 688232 750022 684931 461866 722630 830167 716467 753952 358173 349794 259051 707373 669533 465199 780793 548270 407313 101567
447627 869402 690170 676779 400323 255659 691794 788749 650534 931142 510391 246441 663207 937441 440567 501581 171736 643789 796499 286267 366777 472426 398675 673878 709170 348325 482953 581214 905861 557325 663356 503952 305168 359734 168781 342056 518830 326342 870673 622014 999999999 513515 186067 23126 234911 714943 153422 668632 367781 511931 34551 172061 906375 208597 837643 227991 237408 457129 296118 335322 223575 629212 109651 459582 270190 314212 387855 167057 782048 141131 529176 314250 317818 454988 874062 529549 267973 823234 639731 990561 708860 146347 585900 708497 174507 514014 145381 504125 118875 827178 414775 967576 486704 391540 569766 401211 957121 123118 852677 523412
331920 524978 727762 204530 794432 552759 247094 833411 390690 806461 834375 315070 791823 975999 492784 316184 660202 710080 846603 293941 479604 763154 817913 808031 654866 778127 693453 506424 865218 54005 841369 881042 697170 628717 468183 403234 940526 248160 509798 749564 513515 999999999 506304 536054 455719 863755 524137 294711 639426 451966 479581 387881 877958 630881 390665 295306 526218 148617 698515 230553 358040 854733 530599 918130 243899 354421 179166 651582 415360 643521 113801 755117 749652 248661 515514 18189 277153 502621 503825 961508 867102 658211 140629 242603 357387 310876 428067 110194 460474 395194 786586 996697 794622 124671 141763 831706 555753 416430 702152 696969
557272 746142 504915 622474 292968 75285 622603 602716 522950 755716 365746 191235 478667 751434 266210 381335 197014 457984 610432 216602 191349 311855 312342 489895 531563 271853 302231 415673 722339 558296 483910 388172 192608 183317 41479 192130 436230 265224 752710 436839 186067 506304 999999999 187284 395775 533026 40495 575000 192864 352204 187929 126829 722077 129493 756222 224263 52150 504331 192648 281264 343055 457302 85743 413120 299939 192378 441053 186483 672923 206470 480735 250200 243730 537642 755098 518263 345025 695837 481309 805613 527887 242530 533566 647472 274481 396084 293854 536450 282613 739567 291959 781525 333737 405149 514421 325460 848679 129295 683642 339582
468447 885394 692185 697770 384776 253442 711969 789261 665595 938136 498390 264477 660879 936980 447164 516900 150681 645021 796667 304007 372775 463284 381192 671113 715274 330602 478931 590299 909339 580124 658311 488414 291643 355023 174934 352507 500177 345278 887234 620330 23126 536054 187284 999999999 250597 710901 151669 687023 362592 521935 57661 187965 909289 195109 857266 249004 237312 480223 281842 354830 245045 621863 105567 438829 292948 327700 410947 146618 799336 118667 550115 296033 300359 477289 890523 552000 290952 838686 650348 992897 704376 123271 606796 729183 197405 529637 165080 527248 136418 846342 400734 967355 476139 414339 590457 382837 974731 139987 861389 520824
248612 924463 872896 654601 635056 470905 687070 978032 727049 1075468 743618 339662 868130 1130093 604644 585599 396051 831827 987511 372515 539513 701162 631538 880534 865361 580838 697349 719713 1075750 481254 879020 738708 539885 578822 363468 487853 749020 386893 917966 824741 234911 455719 395775 250597 999999999 926348 373962 697970 588068 646806 215409 311284 1079863 443413 836648 282496 447067 340001 531017 384761 105420 852532 337770 681154 254320 439292 281538 393891 822478 358083 520312 545903 550779 290084 922613 473902 185249 886975 762550 1166542 922031 343768 572732 691599 153438 593350 102358 396997 117008 835164 649594 1158646 717985 338311 562795 632339 986246 276479 984785 731720
1049016 734508 185299 855055 434330 459791 819616 166549 589121 448962 303565 631486 72341 257861 373648 562208 635736 169364 161112 621312 409381 278844 478045 55931 312945 502540 232025 390499 326065 915189 60286 394293 462691 355945 562954 482824 492573 647248 759204 114439 714943 863755 533026 710901 926348 999999999 561680 724625 348778 420619 720698 623091 310792 538202 880928 692340 480938 937561 477729 663101 859825 131714 605826 575606 765736 540348 893133 628836 737170 671144 774395 526898 511013 1005268 757108 865703 836365 684944 440018 362771 15173 710771 799685 856757 790600 572944 823991 944576 815328 850713 397487 289479 289849 821408 781258 500140 863469 650738 456808 194732
550365 784019 541561 649930 288003 102257 652563 637719 560864 795542 375027 210950 509895 785316 306523 417729 159796 493855 645042 240902 231710 327592 301531 520477 571195 257277 329781 456169 760093 575019 510664 387442 186259 207285 58882 230964 426441 289443 790004 468957 153422 524137 40495 151669 373962 561680 999999999 608574 215824 392532 160701 137014 759373 106844 788598 234151 86059 510973 183116 304500 330803 479410 46957 394307 306058 226622 445537 149344 708974 166640 506137 231652 227550 536863 792510 537017 342317 734081 521683 842364 555788 202195 560114 676196 264292 432247 273589 546588 258336 772817 292149 815686 346186 417372 541355 312077 884982 124133 724014 370022
623211 232898 553459 148998 811930 585115 99849 644023 141458 544097 801050 422557 654362 766666 412666 203859 767427 555669 658046 383271 446397 724224 848253 670526 446549 822159 625818 334268 631324 316371 722120 873523 733312 614892 551077 395287 956339 342582 221797 620367 668632 294711 575000 687023 697970 724625 608574 999999999 623425 320181 640696 501096 648114 701748 183903 448193 567313 441297 740584 335275 592653 759962 636235 965891 445983 382625 454890 757147 125532 766202 188781 810705 799998 541689 226920 281626 513743 207925 292027 723889 732590 793639 155484 137232 562867 188357 638388 404211 662804 164701 791408 781184 759160 371511 153169 867926 291382 547291 439741 607125
743214 742684 361845 708968 193309 117615 694355 444297 530335 647510 194966 342726 303269 584688 219860 420050 296371 310299 449426 350421 177856 126785 235415 311878 427241 225253 117791 361679 583894 693387 295741 251734 146733 10929 229244 243286 333539 392373 756622 266259 367781 639426 192864 362592 588068 348778 215824 623425 999999999 324842 376470 305082 579122 195307 806360 393480 143609 668672 160699 410127 534446 264520 258181 357759 471582 285457 611263 288151 694008 327982 584477 230826 215363 715485 757439 647676 528371 689100 436034 656651 341882 368316 628844 725756 465254 435420 486463 691683 473562 783486 168662 615960 155842 559158 608698 257985 861016 320055 596496 164698
691504 418246 276074 437826 518151 326821 407640 382988 207659 428944 486637 307185 348370 529679 105182 141691 544743 259448 395860 276764 167901 410180 559640 364822 223791 543645 307360 72906 439988 501007 408963 565678 456876 318403 349346 169948 655664 278058 431780 309580 511931 451966 352204 521935 646806 420619 392532 320181 324842 999999999 497075 350060 448096 455932 495760 366518 320674 548097 467582 288707 552943 441104 434657 681574 419420 208605 518281 534307 372181 558384 355509 540963 527451 631095 432623 451596 500273 364867 129259 535080 426221 594718 379071 443614 493498 152385 554609 543656 563225 469796 492148 552844 445159 434611 360662 581655 536361 397371 342568 286956
417804 844908 686939 644986 423677 261146 661188 787585 627651 920082 528325 220099 666520 937532 431207 478567 203457 641833 795838 260166 358764 486330 424775 677819 699756 374907 489323 567566 900100 523055 670702 527022 326133 367783 163628 327313 546391 298116 845330 624467 34551 479581 187929 57661 215409 720698 160701 640696 376470 497075 999999999 150398 901456 230406 807786 196684 240075 422772 318177 306148 193008 640040 122380 490280 236015 294849 353511 198052 755679 174693 497526 341632 344142 422362 848865 495728 233963 799583 623625 986414 715283 180895 554283 677135 140791 490504 119456 469595 98561 797997 435939 967275 502624 357286 538461 428569 930175 101138 839125 527507
438172 697543 561645 524390 419441 192396 532783 666834 478498 776804 488899 80933 561443 819020 294871 329522 278013 520707 676431 118247 228235 429928 436765 574660 560146 393799 400896 421760 766895 438302 580000 514953 318456 294506 85503 182244 561338 163483 699270 517385 172061 387881 126829 187965 311284 623091 137014 501096 305082 350060 150398 999999999 770160 243802 674892 97920 164154 377547 317293 176039 236735 563955 144986 531248 173141 144748 314343 268580 611678 269130 377919 368665 364355 412902 702559 401209 223315 651186 474910 856495 620197 293460 433478 553195 167625 341981 211672 410708 214942 662291 418726 847439 454723 280587 415646 448355 787325 49374 692626 428926
1139476 559973 218883 796392 717829 662118 747445 147950 509619 168540 601588 745637 302175 137969 475403 564970 873953 269310 150402 720093 543892 557993 764178 303675 225962 778593 470732 380008 22307 920654 363628 696249 719240 581762 738435 592430 797087 725839 589639 323271 906375 877958 722077 909289 1079863 310792 759373 648114 579122 448096 901456 770160 999999999 772524 755010 807538 673405 990451 734259 736794 992860 438911 806329 872467 865998 644106 965210 865170 606734 902468 768789 796109 779807 1077311 585410 873431 946120 523472 374584 87233 325920 942820 772225 784153 929114 568173 981769 979141 983505 722553 680847 140543 578730 879716 758440 787648 679067 811094 234169 419109
642475 863590 554102 751963 193497 129250 751741 639488 641155 830056 303672 316985 497513 779574 357953 504446 101439 503216 644723 345069 288075 274284 199275 505254 605948 152410 311648 511383 776306 681854 481850 296651 96624 191353 163458 311029 323832 393756 872075 461447 208597 630881 129493 195109 443413 538202 106844 701748 195307 455932 230406 243802 772524 999999999 883912 340536 137885 615289 87796 409377 418605 436899 114702 287465 410883 319931 548840 92901 795633 133252 609866 124999 121976 635731 874090 643631 440928 812040 582032 851254 529768 173358 662961 776891 356497 519570 349853 652369 326818 866448 206186 810944 283493 523870 643863 207488 970477 226157 768875 359930
716659 216720 701234 186233 995593 768698 149997 779766 294906 621429 980987 594620 813337 884844 592904 387587 946332 711950 793679 556708 629838 904214 1032124 828986 582176 1005988 803109 497207 735435 387036 885281 1055590 917161 798004 730453 579009 1139613 512486 187807 783207 837643 390665 756222 857266 836648 880928 788598 183903 806360 495760 807786 674892 755010 883912 999999999 611658 750437 535546 924335 502437 733605 929176 813927 1149772 595080 564085 568951 936181 149242 942835 318208 994205 983649 632110 193936 373216 651950 235964 440923 820163 890372 968350 264055 148114 714989 372060 790411 485704 818166 32462 974634 894283 939220 498659 275455 1051827 178412 719020 525651 780685
357162 661476 609400 448810 517166 285887 464572 717447 452471 794059 582106 62719 626787 869911 338010 306628 364967 573652 728200 90226 284380 519906 534645 641089 588088 491349 479657 439274 801745 344009 653908 611863 416328 382644 183201 218463 659251 109891 659160 582179 227991 295306 224263 249004 282496 692340 234151 448193 393480 366518 196684 97920 807538 340536 611658 999999999 257524 280312 415209 113506 186459 645126 235773 627622 78117 163734 218818 356289 566859 349717 301188 465534 461701 322267 663134 309770 144402 619388 480087 894718 691014 367546 357909 480568 129622 315857 199355 312806 218191 602722 515646 896790 546484 183347 341854 546023 739229 121142 702403 501444
