NAME : synthetic_000394
TYPE : CTSP-D
DIMENSION : 100
GROUPS : 8
RELAXATION_LEVEL : 1
EDGE_WEIGHT_TYPE : EXPLICIT
EDGE_WEIGHT_FORMAT : FULL_MATRIX
EDGE_WEIGHT_SECTION
999999999 519854 167307 338338 444892 492665 663640 480848 522274 464695 257821 385171 623341 293158 500105 505287 118386 327846 570820 54673 477992 458142 388023 315432 186156 554149 225216 174403 353862 294420 357863 305159 83179 476548 386982 106883 126131 421409 154670 317926 604042 420971 617688 89798 452150 266598 495691 461075 362611 578618 442390 203920 382654 154142 293572 527465 124206 476232 557237 619849 502542 177677 628743 291227 93403 202169 409571 526434 608280 368686 401930 372823 534702 232468 230622 649300 445434 126148 463842 153675 375912 243578 526702 536754 576694 540997 385179 297734 357511 375275 654662 246931 395805 452544 492784 637211 121274 428141 467406 589421
519854 999999999 363797 796857 665793 962390 886553 788378 630880 479886 274567 894154 1138171 275832 290051 999488 566224 842649 124912 472683 445325 344259 896578 777742 396084 77860 392277 523780 513848 338468 827308 623387 555450 92948 415773 595265 639011 907956 524490 286113 676058 634697 741465 609525 71503 786338 603680 600393 517664 693925 756650 427925 255288 419594 227003 1041346 636912 76807 1073059 707384 332410 632159 865238 232616 519037 707292 236894 1029159 280648 693919 241362 175528 1039960 529525 295329 1166685 653390 640056 967041 532027 406270 748980 362091 1048203 927080 225586 820059 734474 866096 585237 885292 608432 192791 948208 426756 152862 640896 937022 620969 308196
167307 363797 999999999 493165 416600 653336 746951 585706 453416 354557 92067 530366 774721 127772 414256 671313 254066 479722 433160 135447 354868 311246 555319 421333 71697 408641 107453 181545 282132 148933 516629 399355 228777 336146 364195 264310 277104 585525 248031 157388 529049 483395 663033 253269 300777 427929 423671 497900 390583 517563 461609 215369 220198 71025 138661 677820 274990 312994 709927 551657 430201 272775 715255 153829 156271 368503 311091 693536 503827 472693 305011 242823 676417 302614 68483 804043 411013 293404 630901 252438 350730 385197 460409 684437 701291 431341 533167 443172 502310 430078 740288 354256 278969 585833 362460 494480 286610 573225 410888 495948
338338 796857 493165 999999999 731565 165576 454223 260997 832903 797710 573794 378156 513572 620546 661160 215447 240565 320557 807815 357764 814322 795996 172515 457889 524119 807351 563554 489012 676548 631583 35651 226388 264592 728378 483153 231940 309197 123500 272393 650059 915011 336459 503229 286055 725354 248669 809719 414395 382979 880770 682271 372282 713363 492414 590164 444681 310145 772914 454327 925333 641191 415250 418040 568672 414524 160714 610619 256686 781885 208829 602733 624749 490184 283068 543941 516169 737001 230249 204397 264921 480826 337248 649746 464897 283487 733315 60213 67163 365810 333730 441421 203322 625436 464935 830324 878319 258805 403220 773236 746705
444892 665793 416600 731565 999999999 847553 1108122 921628 129747 227756 448742 508125 715617 410205 818385 818338 560457 505898 776285 471203 272486 355282 688727 335989 345249 736670 317436 271694 153081 337142 736497 749991 524563 687197 779504 533428 422789 764386 597851 386368 199822 863232 1056698 453553 632290 522748 125325 894971 790236 154569 127198 614458 410980 351475 507936 633594 421982 590298 670373 200705 840096 316355 1072930 545310 351607 570852 713519 815139 889257 811488 708782 625463 593857 673098 452809 758355 16214 507190 763219 597723 766207 424224 871744 625940 1002697 816071 789083 713978 489955 814764 1098882 691052 670470 498041 302147 818470 475206 534954 76264 891446
492665 962390 653336 165576 847553 999999999 491387 332190 958856 940110 736482 411201 460980 781098 817230 92442 403842 372267 971161 518119 960510 950112 171806 538958 678510 971917 716279 627478 812933 787028 137238 373397 424885 893174 635304 389233 438064 83494 437959 809001 1039708 458494 589208 427222 890888 327996 938156 537859 528272 1000837 779444 536988 873065 646078 754931 419919 439502 938176 415734 1046503 794195 535978 459789 734135 559358 296031 772596 141089 937559 332508 764809 789968 478311 444087 706801 449339 855186 373485 128651 430496 634535 427524 799705 442436 274970 892462 153405 229147 410062 469974 477683 363031 789538 487314 978579 1041645 395487 420258 897760 900319
663640 886553 746951 454223 1108122 491387 999999999 197650 1182130 1100933 786781 832207 945650 847285 626281 583747 547852 773175 830864 644661 1101423 1046001 613941 892895 808667 855618 850054 837952 1009957 893386 476234 358731 583690 795032 470859 578819 706939 530360 514176 885641 1262670 267093 177683 665048 825830 696789 1154264 286165 378488 1240792 1090444 534924 933973 786318 766166 889694 706918 902949 893377 1280697 585777 810694 36795 724479 757039 581875 649823 632466 720655 298182 645193 725024 940124 446059 760780 938342 1109025 618971 609983 513083 480829 773375 569895 911108 222710 713451 400493 429923 818839 321547 13706 417073 695520 919142 1107102 891558 653164 857186 1129551 674295
480848 788378 585706 260997 921628 332190 197650 999999999 1003025 933796 639784 637138 766349 698064 569348 420545 362719 577009 758329 469759 939098 894328 427763 695520 640878 773291 682902 654650 833175 734594 286626 186420 398497 702585 388318 388595 512601 352154 340595 734784 1084620 165522 257097 472629 721081 499677 976158 234125 275545 1059298 897221 387451 789342 615305 630729 703422 512708 789618 710350 1100697 535890 617873 160860 594105 573443 384363 560906 469491 681646 113731 554554 615580 750766 285651 611444 763656 923601 424342 436114 337785 393645 575802 531025 724176 142186 654682 212338 232332 622804 205909 185879 235971 596528 724463 948026 825493 458487 663809 948156 638343
522274 630880 453416 832903 129747 958856 1182130 1003025 999999999 152604 459735 635323 845363 408912 824501 935734 640618 629296 750000 537510 193270 292371 805416 462612 383376 706455 346176 349897 173286 336753 841353 823934 605089 669139 814628 620554 524719 876502 667957 376380 82333 927125 1113919 548322 610584 639167 30184 949357 842398 66290 252721 665535 380079 399798 513301 762999 523591 554089 799826 98954 851729 422910 1148105 555978 430538 673174 721453 935452 879719 890392 717974 625684 723604 738343 471915 888076 115878 603774 881513 669195 800995 542712 884644 755574 1094916 808377 888313 808268 616106 875831 1173873 768038 672881 627664 219435 782560 574107 663405 61563 888657
464695 479886 354557 797710 227756 940110 1100933 933796 152604 999999999 336809 671498 902165 279544 688525 931709 579940 650602 600530 464886 44854 139827 802413 503411 293194 556172 251340 312837 135586 214721 812289 748877 546641 522995 699590 570541 503558 861192 593212 242808 199661 837952 1014857 513883 463643 640801 128127 849725 742536 214105 350491 569499 233761 318734 383484 812227 501958 403240 849083 229646 718776 418323 1068749 428417 383223 644894 588012 939417 735375 820072 585395 489279 782771 655298 355050 942156 211833 569026 880896 596077 685939 553887 752111 808824 1039662 665368 848137 762051 648093 784563 1093974 698406 536884 683327 74406 630897 544760 706058 159729 747313
257821 274567 92067 573794 448742 736482 786781 639784 459735 336809 999999999 620766 865704 60933 370002 758834 333233 571197 353955 220006 325561 259401 645149 504399 125659 324976 135256 253684 300343 123793 599282 454660 312171 257460 363028 349733 369045 671455 314321 99852 527972 519791 684607 344981 215247 519982 429573 520643 414971 525878 514106 253817 149562 145685 60624 768750 366930 221057 801183 554170 393835 357813 757325 97230 244741 457076 265299 782610 443987 529458 260950 178208 765716 354304 29993 895521 440203 383373 719930 320094 349402 475730 426295 774894 763522 370513 609740 519787 592742 465352 781453 417496 221983 673642 325739 411367 378094 663473 427380 443275
385171 894154 530366 378156 508125 411201 832207 637138 635323 671498 620766 999999999 245966 635778 877839 349468 404540 65556 954745 438990 705688 736339 240698 172789 508728 935498 528500 395332 536285 602564 359414 544082 389370 859375 738170 357486 259355 334375 471430 645698 707789 675725 864180 299177 829954 148124 623049 743768 674333 659954 408206 564961 707017 480024 667972 149271 261352 840787 183965 705709 874571 274142 795884 672967 376463 277319 792669 330442 990266 563158 784858 757128 149788 536369 598826 279494 520282 295500 293830 464813 729900 145176 894782 154128 651149 924734 434317 408980 28063 652201 819486 489804 780959 87628 731426 1019914 276390 43086 575218 968143
623341 1138171 774721 513572 715617 460980 945650 766349 845363 902165 865704 245966 999999999 881726 1102723 370652 621417 295941 1194093 675544 939143 977135 341135 399705 754690 1176996 774115 640071 769041 847784 482705 723153 613703 1099818 949044 577286 499857 415821 686149 891486 909911 846218 1016172 534441 1072891 362107 837943 921594 869900 858282 598575 787126 952448 725866 911428 96972 501933 1086167 66703 902079 1094895 519359 911922 913964 621978 476686 1023917 326242 1218711 721191 1015945 996060 121797 740039 843044 44875 729779 518552 336161 678744 942499 390163 1111945 94191 735178 1156118 554443 566550 273710 834503 932064 678678 1016827 219319 966133 1260501 506988 204439 788578 1193083
293158 275832 127772 620546 410205 781098 847285 698064 408912 279544 60933 635778 881726 999999999 415808 798273 380712 590587 372054 263077 265907 198724 680564 506422 127117 337074 116603 250654 258151 73790 644340 512316 356416 279132 422159 392071 393160 713077 368077 38974 473940 580383 745382 375659 228006 546224 378940 581529 475904 475201 487224 313501 93634 156369 104755 784884 391061 210353 818541 501169 442927 365176 817609 149002 261185 495200 312543 819419 479241 586931 309133 217893 776973 412413 86913 913684 400207 419136 756883 373363 408587 492245 475945 789364 819764 406235 659350 569270 608024 525965 841837 472794 264571 682035 265135 422599 409589 677788 381286 483346
500105 290051 414256 661160 818385 817230 626281 569348 824501 688525 370002 877839 1102723 415808 999999999 876508 481548 815776 206777 445594 665877 574846 802196 811828 480190 238597 501854 594311 670192 488942 696114 444995 490038 200157 184874 525512 624151 783786 418369 448464 886884 404174 466215 579827 252762 741586 794612 348248 298497 890765 875253 315601 458702 485257 312416 1010819 622391 336715 1036093 915197 43177 665326 610740 273088 549269 628986 104883 915808 120732 500076 109967 199356 1027231 379852 366348 1121599 810123 585318 858575 426073 183520 741666 72264 1023384 711424 87432 664252 594000 851169 366741 627419 457904 151832 950723 656191 265277 601505 919888 796228 90440
505287 999488 671313 215447 818338 92442 583747 420545 935734 931709 758834 349468 370652 798273 876508 999999999 433521 321965 1018587 538876 955897 955299 130442 495168 687143 1015486 722159 619985 800281 795660 180399 439384 448113 935995 698387 409465 429285 93235 478191 822912 1014849 536793 677516 428944 928255 296568 917231 616258 596180 972828 739073 581930 887774 654296 783908 336339 431017 968894 328690 1018903 856592 516962 551948 767908 559593 303119 823497 49129 997239 408503 815536 830915 397076 497643 729902 357438 827430 380068 56466 470348 696225 394128 864750 358952 367086 947829 225379 282592 353568 542549 570045 418604 835273 417836 976137 1088991 395218 351218 874191 962148
118386 566224 254066 240565 560457 403842 547852 362719 640618 579940 333233 404540 621417 380712 481548 433521 999999999 340066 593297 119974 590619 561857 333568 383981 292841 585851 334165 291952 472057 397087 266628 191383 35910 506188 333631 47541 179093 342843 66932 411441 722420 315436 514255 130291 495159 261964 614076 366043 278937 696579 547641 166126 473945 263275 351819 530566 178228 536191 554866 738066 473771 270378 512513 334387 210735 149056 407980 463156 598712 251203 399901 400254 551497 138908 303395 640120 561771 109642 401320 60618 325440 283156 492036 544159 459817 538955 279142 189239 379604 275477 538471 130987 410053 484406 603493 662962 135579 444922 585443 571814
327846 842649 479722 320557 505898 372267 773175 577009 629296 650602 571197 65556 295941 590587 815776 321965 340066 999999999 898644 380708 682010 704443 200726 174179 464388 881086 487781 359050 515082 562994 304935 479006 326230 804058 673591 293289 203930 291488 406859 603449 705235 610908 800426 239761 777027 82733 614220 678471 608812 660031 418225 501833 666250 434218 615757 199667 206009 792122 230428 706154 811514 238606 736663 618072 329451 211949 732435 311700 929270 499803 724556 700666 211814 471010 547842 324332 516589 231614 265514 400132 665506 100518 831191 209241 598549 864664 378396 346958 45885 586817 760647 424373 722709 151499 706368 964743 214615 104865 568101 906173
570820 124912 433160 807815 776285 971161 830864 758329 750000 600530 353955 954745 1194093 372054 206777 1018587 593297 898644 999999999 518719 567614 467147 926729 854476 479613 47660 484367 607454 623269 441547 840724 611362 589921 97062 370928 629352 695595 925536 541075 390540 798218 596311 672946 659718 144449 834674 722095 548675 482790 813993 859232 436657 370622 497721 296295 1098282 693569 198761 1127869 829242 249417 705886 813717 282514 588533 740863 200947 1052737 162108 675841 208277 198035 1103419 527636 367081 1219174 764762 681401 992091 548997 364786 810682 273156 1107321 900094 123992 822230 742235 926830 552455 831396 608807 183638 1016200 550124 70504 688232 997826 736295 196885
54673 472683 135447 357764 471203 518119 644661 469759 537510 464886 220006 438990 675544 263077 445594 538876 119974 380708 518719 999999999 473124 441895 427120 368431 174135 503619 215935 200181 365393 277152 381271 287069 93343 425343 337460 129803 180476 451577 130619 292370 618037 392462 585655 141116 403766 316377 509607 425220 322933 596863 480827 155477 355621 146214 248580 580078 178587 433253 609224 636176 448639 226967 610819 241620 125415 238000 354961 563427 553625 356109 347303 320717 588662 202336 191038 700515 470031 167474 500766 132400 325901 298092 473288 589877 575980 486500 398813 309080 411448 343561 636529 233867 342111 507143 484921 585804 169853 481877 485822 534814
477992 445325 354868 814322 272486 960510 1101423 939098 193270 44854 325561 705688 939143 265907 665877 955897 590619 682010 567614 473124 999999999 101428 827458 539637 299196 522388 257235 335937 170124 208552 830534 753185 558443 493672 688066 584698 526682 882853 598960 227512 230740 836548 1008833 533315 433883 668003 170748 844131 737431 251719 394556 567386 207438 327424 367218 848161 524983 369197 884899 262098 697823 446787 1070003 412836 401366 664559 567444 965500 706809 825579 565364 467550 820495 657431 346703 978560 256604 587674 906130 602369 674491 583978 731266 845471 1049103 638035 863021 775663 681632 782647 1094952 704969 515055 720862 29746 594899 565186 741256 204410 720924
458142 344259 311246 795996 355282 950112 1046001 894328 292371 139827 259401 736339 977135 198724 574846 955299 561857 704443 467147 441895 101428 999999999 830284 579291 271997 421555 233933 346111 223757 164817 815982 708039 532940 395999 613531 564060 529358 876304 559144 160468 331918 779105 941741 526546 336073 678676 267707 778769 673850 352602 469303 511861 119344 304142 289788 883162 527449 268458 919220 363425 608841 465845 1016230 335365 395956 655677 479816 969922 609233 782191 478522 379245 861985 609018 285325 1014295 340310 577717 908728 563663 600210 604159 642272 882944 1012431 541780 840105 750716 710535 724684 1040513 665206 426109 762546 83373 493481 560113 774765 294904 625397
388023 896578 555319 172515 688727 171806 613941 427763 805416 802413 645149 240698 341135 680564 802196 130442 333568 200726 926729 427120 827458 830284 999999999 370110 565094 919212 598441 491591 670394 672915 141888 389486 341138 839575 633304 301313 301740 93867 388070 702973 884712 507342 675166 306306 826173 166300 786805 584192 542459 843109 612846 493852 767952 532287 675378 276081 303560 860312 282886 889140 787470 386692 578877 663963 434409 189498 738104 139775 922118 380841 730028 733547 326716 424295 617091 344160 697577 261929 78717 380122 628893 264610 799938 297264 417489 866932 215498 228779 238354 500005 600624 352803 743289 320306 848280 996492 272205 253928 743885 890753
315432 777742 421333 457889 335989 538958 892895 695520 462612 503411 504399 172789 399705 506422 811828 495168 383981 174179 854476 368431 539637 579291 370110 999999999 381836 828718 391818 255886 369513 461014 451322 561617 356180 757439 700759 338922 205186 456091 446386 508913 535804 693033 890848 254453 719480 214144 450300 749248 662017 488865 244110 518013 565695 358714 558884 308817 206219 716524 345689 534834 816804 149094 856119 573877 267413 311240 716295 485856 914808 601351 709080 662286 282750 522654 487878 438936 347814 283451 438844 441864 690170 120952 841719 305867 741367 844633 518083 464702 153989 657746 881359 500855 693967 183257 566467 914931 251273 203515 402431 899793
186156 396084 71697 524119 345249 678510 808667 640878 383376 293194 125659 508728 754690 127117 480190 687143 292841 464388 479613 174135 299196 271997 565094 381836 999999999 450072 42051 128334 211176 108731 544017 455697 262214 383068 435872 292193 270241 605842 300321 140123 460221 547821 731127 258861 340060 423432 353856 566280 459169 446971 395362 282597 204497 32854 184607 657882 268180 335353 691679 481969 498340 238435 776096 211518 135868 385332 375895 704779 563949 527195 370311 298956 649991 362648 116824 786909 339436 307528 642749 303462 422416 365524 529160 662256 750028 490735 569213 480376 481009 495304 801440 406016 339208 555469 310830 536474 292927 550688 339579 559239
554149 77860 408641 807351 736670 971917 855618 773291 706455 556172 324976 935498 1176996 337074 238597 1015486 585851 881086 47660 503619 522388 421555 919212 828718 450072 999999999 451584 578389 583948 404349 839411 618926 579637 79669 389419 619407 677292 922834 537324 352597 753115 613853 702110 643741 110109 819944 678879 571077 498362 769998 823045 435071 328345 470328 270115 1080675 675231 153194 1111131 784311 281771 680982 836884 263045 564868 731547 212388 1047978 208118 685988 218790 185671 1083257 530853 341043 1203449 724756 668897 986661 545149 381888 790719 308193 1088870 914250 162234 825155 742787 907479 567646 855485 611627 183064 994141 504274 86406 673457 978564 694518 240291
225216 392277 107453 563554 317436 716279 850054 682902 346176 251340 135256 528500 774115 116603 501854 722159 334165 487781 484367 215935 257235 233933 598441 391818 42051 451584 999999999 136198 176104 75690 582606 497634 302981 389237 469515 331856 299901 642420 342360 117779 421605 588468 770174 293216 341708 452120 316353 605114 497838 410653 378905 321949 178662 71331 195863 677731 297901 326544 712288 444270 522711 254878 817632 229382 164791 421778 396998 738215 579207 569226 391991 313367 666226 404146 135586 807775 310223 343818 676557 345514 455943 387747 554308 680860 791902 505737 609568 521059 501178 535662 842929 448066 356364 569856 269328 537599 327020 569682 305247 577636
174403 523780 181545 489012 271694 627478 837952 654650 349897 312837 253684 395332 640071 250654 594311 619985 291952 359050 607454 200181 335937 346111 491591 255886 128334 578389 136198 999999999 187538 207928 501361 479320 256154 510686 522998 270712 190945 548354 326208 253811 432093 591595 785781 203080 468392 334183 324406 625219 521910 404681 287740 348792 312834 111436 311554 544174 189296 460932 579289 446557 607802 121365 803123 334124 81221 333069 492052 629982 685335 542927 485759 422895 530618 401515 241720 674812 271470 258827 570288 326220 510292 258557 636823 546410 745224 612730 542167 459691 368499 543511 829036 421331 460380 433812 356812 664793 232637 435744 293648 677185
353862 513848 282132 676548 153081 812933 1009957 833175 173286 135586 300343 536285 769041 258151 670192 800281 472057 515082 623269 365393 170124 223757 670394 369513 211176 583948 176104 187538 999999999 184635 688532 652348 437040 534188 645556 455812 374893 732656 496005 233313 252753 753928 940784 390567 479219 507274 144566 776363 669540 235900 249726 492564 260165 226528 358166 678092 373437 438945 714855 272235 693952 284489 976208 397547 264902 519981 565604 806327 737378 720018 561292 474917 650600 565420 307862 808441 142246 446341 748579 497550 631998 418784 726191 675348 929905 664384 729537 646244 512664 702553 1001907 597499 520673 550923 197273 666270 419538 571372 129153 740913
294420 338468 148933 631583 337142 787028 893386 734594 336753 214721 123793 602564 847784 73790 488942 795660 397087 562994 441547 277152 208552 164817 672915 461014 108731 404349 75690 207928 184635 999999999 652175 548209 368164 350513 485235 399721 375363 714573 396595 52390 404180 628101 801136 367004 297099 527762 306656 636194 529270 403009 418797 358932 104964 141485 176795 751659 373351 267434 786490 430500 515147 328479 862299 219257 240174 494056 385192 812673 552796 621625 381494 291566 738430 450848 140344 882014 326831 416229 750811 400746 471570 462787 547978 754243 849591 479885 675303 585900 575428 574141 887111 502908 338048 641180 214031 488671 400987 643373 307617 557133
357863 827308 516629 35651 736497 137238 476234 286626 841353 812289 599282 359414 482705 644340 696114 180399 266628 304935 840724 381271 830534 815982 141888 451322 544017 839411 582606 501361 688532 652175 999999999 262011 287954 760243 518585 253030 316643 87985 303024 672764 923156 370545 533468 298568 755828 238488 818997 448851 418628 887323 681368 404532 736596 511869 617959 416842 317796 801555 424745 932316 676490 420500 440538 597936 429399 168703 644246 221097 816845 242313 636328 656102 464611 317414 569583 483825 742658 243263 168945 295391 516138 331952 685246 437550 293799 767694 75756 102373 349261 369018 463156 238211 657961 445070 847475 911212 269028 381695 781089 781913
305159 623387 399355 226388 749991 373397 358731 186420 823934 748877 454660 544082 723153 512316 444995 439384 191383 479006 611362 287069 753185 708039 389486 561617 455697 618926 497634 479320 652348 548209 262011 999999999 226750 543416 261978 227941 362221 349350 156531 548735 904828 132836 329249 316174 553576 396331 796335 200521 156844 882163 738698 205260 604162 431137 449234 643716 361791 616112 659857 922335 420856 460244 324260 415315 398549 267406 410424 482506 564845 74872 403098 447984 678880 100674 425961 731422 750583 278290 430629 154802 261663 449298 426593 661481 310850 522957 220003 161875 523709 111350 350092 61554 436674 630399 761756 681115 311278 578862 770904 527009
83179 555450 228777 264592 524563 424885 583690 398497 605089 546641 312171 389370 613703 356416 490038 448113 35910 326230 589921 93343 558443 532940 341138 356180 262214 579637 302981 256154 437040 368164 287954 226750 999999999 500204 351664 39874 151141 359521 90214 385473 686966 348996 547564 101848 485055 251803 578682 396853 305949 660817 512998 175633 448916 231735 336005 520949 150022 521127 547002 702413 485313 237027 548388 322835 174954 152132 410763 474788 605063 287109 402743 394156 538010 167526 282758 634671 525861 95320 412341 85973 342495 261095 505464 533346 493761 542760 307195 218162 363440 307332 574344 166712 408036 466380 572082 658852 114185 430808 549713 580477
476548 92948 336146 728378 687197 893174 795032 702585 669139 522995 257460 859375 1099818 279132 200157 935995 506188 804058 97062 425343 493672 395999 839575 757439 383068 79669 389237 510686 534188 350513 760243 543416 500204 999999999 324761 539942 600558 843409 457892 300898 722412 546114 648600 565905 59926 741712 640436 508999 429458 734231 765965 356189 289541 400737 199319 1003722 598515 138879 1033778 752641 241667 608901 774369 186455 491686 652033 145314 968343 213263 611898 150388 106084 1007707 453402 270038 1125684 676309 589937 907003 465699 315817 714973 272419 1012346 842577 147165 747174 664112 831408 497938 794047 533854 106869 919832 479294 160686 595180 902461 651170 231562
386982 415773 364195 483153 779504 635304 470859 388318 814628 699590 363028 738170 949044 422159 184874 698387 333631 673591 370928 337460 688066 613531 633304 700759 435872 389419 469515 522998 645556 485235 518585 261978 351664 324761 999999999 380814 499516 606569 266750 460689 887124 225384 334936 451202 355515 594414 784566 184716 114120 879740 810573 183080 494908 428160 323765 861015 498095 434582 883101 911658 158891 564008 449624 278177 459207 472489 179465 739535 303418 315202 174505 257727 884691 210017 345154 963902 774612 442967 684350 273469 13673 612654 166991 875686 530437 267489 481946 416238 713157 183297 469519 281923 224966 817435 686303 437335 465724 778409 774627 265032
106883 595265 264310 231940 533428 389233 578819 388595 620554 570541 349733 357486 577286 392071 525512 409465 47541 293289 629352 129803 584698 564060 301313 338922 292193 619407 331856 270712 455812 399721 253030 227941 39874 539942 380814 999999999 135341 321775 114345 419815 702788 356249 555023 88252 524910 216337 595086 410327 325678 674101 512255 210014 483834 260612 375232 485468 134716 560376 510627 716722 519117 232851 542876 362651 190963 112264 448560 435390 641599 280643 440513 433876 504950 185462 320588 597262 535902 62186 372873 108154 372421 235907 538098 498556 474556 580285 278347 191526 332344 318950 568808 166395 447143 436939 599662 698407 88731 398148 563582 615914
126131 639011 277104 309197 422789 438064 706939 512601 524719 503558 369045 259355 499857 393160 624151 429285 179093 203930 695595 180476 526682 529358 301740 205186 270241 677292 299901 190945 374893 375363 316643 362221 151141 600558 499516 135341 999999999 357942 241289 410304 606578 491521 690217 49302 573115 153266 502443 544992 456840 571601 384823 318494 474722 238257 412032 403397 2115 590080 434300 616269 624459 107491 670526 414355 135197 148691 535341 440973 733820 409801 527645 497842 408694 317527 344762 527675 427899 88278 380432 236687 489567 117732 647163 411794 581580 666973 366309 293094 231580 453983 696296 300739 521839 326921 546885 761210 54255 302397 464568 713918
421409 907956 585525 123500 764386 83494 530360 352154 876502 861192 671455 334375 415821 713077 783786 93235 342843 291488 925536 451577 882853 876304 93867 456091 605842 922834 642420 548354 732656 714573 87985 349350 359521 843409 606569 321775 357942 999999999 385519 739238 957134 453253 606145 350616 836617 244537 856163 532285 506135 917851 696058 488891 803821 573136 694292 361437 359470 878961 363172 963580 764431 453833 496286 676942 482733 220647 730265 133228 904515 324429 722305 738546 415733 404600 642191 411551 772162 298603 85272 377712 604091 344041 773224 383399 326764 854693 143923 190345 330983 454976 516837 325949 742307 414056 901715 995961 317919 347512 815298 869796
154670 524490 248031 272393 597851 437959 514176 340595 667957 593212 314321 471430 686149 368077 418369 478191 66932 406859 541075 130619 598960 559144 388070 446386 300321 537324 342360 326208 496005 396595 303024 156531 90214 457892 266750 114345 241289 385519 999999999 402408 748616 266335 463187 191987 452990 328198 640162 308647 215767 726843 596305 105783 461513 274905 321740 596173 240198 501925 619743 766529 408777 324411 480226 297095 246696 210673 350036 511662 536774 226886 341960 353228 618131 78729 284498 703672 597596 176521 451156 7958 258704 349037 426163 610151 453290 479319 299587 211329 446535 221043 505955 106329 357490 551284 608785 611330 201286 511696 615669 508302
317926 286113 157388 650059 386368 809001 885641 734784 376380 242808 99852 645698 891486 38974 448464 822912 411441 603449 390540 292370 227512 160468 702973 508913 140123 352597 117779 253811 233313 52390 672764 548735 385473 300898 460689 419815 410304 739238 402408 999999999 439022 618843 784356 396835 246207 563530 346663 620486 514796 442566 470881 351396 64980 172132 140710 794967 408237 215175 829302 466895 477067 372493 855777 185896 275930 519924 346339 842376 506276 623172 343361 249362 784000 449218 124878 924727 375411 442908 780056 407402 447140 503924 510271 798385 855055 433911 690554 600559 618243 564451 880089 507793 296684 687588 226213 436595 430937 687094 352261 512880
604042 676058 529049 915011 199822 1039708 1262670 1084620 82333 199661 527972 707789 909911 473940 886884 1014849 722420 705235 798218 618037 230740 331918 884712 535804 460221 753115 421605 432093 252753 404180 923156 904828 686966 722412 887124 702788 606578 957134 748616 439022 999999999 1006251 1191347 630612 662912 718413 108517 1026455 919265 54041 311627 742817 433401 478405 578676 830690 605478 599921 867253 32313 916088 504020 1228842 622635 512597 755131 785345 1013317 934979 971808 782376 687529 788203 818100 542530 953332 188646 686032 960254 750032 873457 621086 949291 821990 1177200 865027 970551 890601 689776 954515 1254564 849374 735073 694411 250739 825217 656241 733870 142129 946884
420971 634697 483395 336459 863232 458494 267093 165522 927125 837952 519791 675725 846218 580383 404174 536793 315436 610908 596311 392462 836548 779105 507342 693033 547821 613853 588468 591595 753928 628101 370545 132836 348996 546114 225384 356249 491521 453253 266335 618843 1006251 999999999 198881 444172 570025 528366 898461 79506 117092 987986 861492 269171 666894 527866 499606 770310 490941 643459 784400 1026067 370371 585752 238863 458620 512835 399797 402053 583345 516154 128826 396235 466230 808057 190176 494047 851469 862402 409607 537883 267439 232046 581858 365891 788814 307337 489975 311525 279669 655864 54457 262255 192319 441906 762395 841305 662459 441975 709650 877346 473021
617688 741465 663033 503229 1056698 589208 177683 257097 1113919 1014857 684607 864180 1016172 745382 466215 677516 514255 800426 672946 585655 1008833 941741 675166 890848 731127 702110 770174 785781 940784 801136 533468 329249 547564 648600 334936 555023 690217 606145 463187 784356 1191347 198881 999999999 643021 686436 718721 1084672 165207 272538 1176318 1059367 448536 824767 714366 653256 947287 689665 767649 957550 1212754 423973 784481 178552 608644 708395 592065 506127 726387 551496 301295 502794 592171 989891 385319 662163 1016244 1055059 607449 690970 464873 347156 777996 404120 967037 356180 551779 463138 457485 845985 242553 184120 390100 556475 951589 1010307 729764 640189 895705 1066608 504956
89798 609525 253269 286055 453553 427222 665048 472629 548322 513883 344981 299177 534441 375659 579827 428944 130291 239761 659718 141116 533315 526546 306306 254453 258861 643741 293216 203080 390567 367004 298568 316174 101848 565905 451202 88252 49302 350616 191987 396835 630612 444172 643021 999999999 541945 176831 524428 496334 407565 598607 425398 271132 461799 226029 383000 438985 48234 564746 468156 642377 578700 145647 628871 380929 132217 131249 493493 445936 691217 367045 485680 461686 448963 268382 318714 559783 457279 55807 383892 187412 441461 162695 600696 448996 549315 625579 340164 260888 271998 405618 654747 254622 482955 371093 551454 726507 34110 341820 489499 669916
452150 71503 300777 725354 632290 890888 825830 721081 610584 463643 215247 829954 1072891 228006 252762 928255 495159 777027 144449 403766 433883 336073 826173 719480 340060 110109 341708 468392 479219 297099 755828 553576 485055 59926 355515 524910 573115 836617 452990 246207 662912 570025 686436 541945 999999999 718737 582085 540002 452968 675438 714972 356724 230592 360837 162211 976252 571031 84417 1007414 693262 292488 572231 803233 162531 456984 637066 180684 958229 273178 624761 183667 105815 976869 458851 232605 1100525 620977 570821 896195 460531 345082 684870 324495 983751 858860 206553 748733 663009 801896 519471 823976 537402 130579 886599 419371 196461 572780 872949 594066 290797
266598 786338 427929 248669 522748 327996 696789 499677 639167 640801 519982 148124 362107 546224 741586 296568 261964 82733 834674 316377 668003 678676 166300 214144 423432 819944 452120 334183 507274 527762 238488 396331 251803 741712 594414 216337 153266 244537 328198 563530 718413 528366 718721 176831 718737 999999999 620789 595738 526875 677010 451596 426289 627865 391519 559698 269233 155345 740560 295413 723005 735413 222786 660111 557440 287970 129221 661818 299139 856853 418692 653842 636839 290491 389851 494535 384733 531406 156526 242728 321191 586768 99606 753998 282259 531116 794012 308249 267973 127527 504101 684517 341683 655675 234073 690171 902110 146533 185409 577626 832017
495691 603680 423671 809719 125325 938156 1154264 976158 30184 128127 429573 623049 837943 378940 794612 917231 614076 614220 722095 509607 170748 267707 786805 450300 353856 678879 316353 324406 144566 306656 818997 796335 578682 640436 784566 595086 502443 856163 640162 346663 108517 898461 1084672 524428 582085 620789 999999999 920010 812983 96353 252002 636204 351774 370834 483262 753775 501245 526874 790705 128118 821693 402334 1120384 525859 404568 650520 691467 918239 850614 863307 687954 595894 716382 709972 441740 880166 109816 580057 863450 641543 770930 525464 854588 747172 1069625 779112 864587 783667 602947 846981 1146117 740864 643043 619350 198274 755702 550967 652519 49578 859172
461075 600393 497900 414395 894971 537859 286165 234125 949357 849725 520643 743768 921594 581529 348248 616258 366043 678471 548675 425220 844131 778769 584192 749248 566280 571077 605114 625219 776363 636194 448851 200521 396853 508999 184716 410327 544992 532285 308647 620486 1026455 79506 165207 496334 540002 595738 920010 999999999 107339 1012092 903398 283823 662760 550174 491791 843731 544184 618088 859030 1048120 310743 633003 265840 447980 549563 466529 363728 662714 453760 208012 359039 440397 879401 229938 497615 928019 892795 467571 616715 311537 194928 642312 301424 861726 372258 435544 390946 355651 722750 92241 285058 254506 409547 829585 846105 611943 498356 779102 902754 409038
362611 517664 390583 382979 790236 528272 378488 275545 842398 742536 414971 674333 869900 475904 298497 596180 278937 608812 482790 322933 737431 673850 542459 662017 459169 498362 497838 521910 669540 529270 418628 156844 305949 429458 114120 325678 456840 506135 215767 514796 919265 117092 272538 407565 452968 526875 812983 107339 999999999 905367 803347 177045 558981 443640 389137 786248 455799 526955 805202 941101 269615 538017 352850 346534 448180 399209 286093 639320 415619 202371 280025 349437 816071 140225 391252 880987 787631 386247 586905 220154 118307 561426 272010 802637 417357 381605 375103 317549 651301 69679 375047 191350 324878 757742 739919 550166 414348 712247 796331 375377
578618 693925 517563 880770 154569 1000837 1240792 1059298 66290 214105 525878 659954 858282 475201 890765 972828 696579 660031 813993 596863 251719 352602 843109 488865 446971 769998 410653 404681 235900 403009 887323 882163 660817 734231 879740 674101 571601 917851 726843 442566 54041 987986 1176318 598607 675438 677010 96353 1012092 905367 999999999 259707 728352 444846 461965 579586 780251 570630 617226 816674 46151 918016 466910 1206412 622211 485864 720264 787743 969668 945264 947294 784263 691900 736689 798574 537714 901900 145719 653458 917764 727733 866124 578700 950925 771066 1147308 874112 937313 859424 642781 937215 1232255 825292 739123 643761 275601 844988 622634 684840 111272 954615
442390 756650 461609 682271 127198 779444 1090444 897221 252721 350491 514106 408206 598575 487224 875253 739073 547641 418225 859232 480827 394556 469303 612846 244110 395362 823045 378905 287740 249726 418797 681368 738698 512998 765965 810573 512255 384823 696058 596305 470881 311627 861492 1059367 425398 714972 451596 252002 903398 803347 259707 999999999 634146 507106 391027 574729 521519 384635 683641 557716 303741 891764 279751 1054242 606176 355414 524595 771190 729775 957781 792416 765504 691942 476999 674659 511242 642221 143254 473079 682819 594494 797936 352447 921700 511741 962433 884345 741894 675952 394204 817334 1080103 677550 733875 384885 424289 907454 439062 429308 203389 954480
203920 427925 215369 372282 614458 536988 534924 387451 665535 569499 253817 564961 787126 313501 315601 581930 166126 501833 436657 155477 567386 511861 493852 518013 282597 435071 321949 348792 492564 358932 404532 205260 175633 356189 183080 210014 318494 488891 105783 351396 742817 269171 448536 271132 356724 426289 636204 283823 177045 728352 634146 999999999 402981 266602 244055 695472 316970 413511 720503 764309 309684 381174 504547 210571 279556 314507 244253 616528 432618 279821 236177 253584 713631 105286 226623 806231 611414 270469 556414 113732 172193 433702 330145 708394 516107 373842 392257 307976 538893 215304 529033 180935 253487 641020 572292 507071 289051 606441 619296 405961
382654 255288 220198 713363 410980 873065 933973 789342 380079 233761 149562 707017 952448 93634 458702 887774 473945 666250 370622 355621 207438 119344 767952 565695 204497 328345 178662 312834 260165 104964 736596 604162 448916 289541 494908 483834 474722 803821 461513 64980 433401 666894 824767 461799 230592 627865 351774 662760 558981 444846 507106 402981 999999999 236787 171615 856197 472664 179353 890869 463331 491433 433089 905172 216824 340003 584737 361657 907354 501622 678929 360063 261242 843387 503857 178300 986372 398317 507814 845028 466877 481668 566348 524892 859004 912551 431720 752785 662714 679762 612451 929023 565894 308505 746126 197917 408147 495903 748013 366183 514044
154142 419594 71025 492414 351475 646078 786318 615305 399798 318734 145685 480024 725866 156369 485257 654296 263275 434218 497721 146214 327424 304142 532287 358714 32854 470328 71331 111436 226528 141485 511869 431137 231735 400737 428160 260612 238257 573136 274905 172132 478405 527866 714366 226029 360837 391519 370834 550174 443640 461965 391027 266602 236787 999999999 201426 628954 236183 361628 662395 498730 500764 212635 753239 222688 104859 352582 382099 671958 574159 501578 376035 311479 622748 340493 130884 757452 347091 274744 609911 277520 414925 336043 530692 633880 721888 501433 538237 449759 452176 476164 778744 379709 349128 529311 340382 556658 260104 522272 352695 566870
293572 227003 138661 590164 507936 754931 766166 630729 513301 383484 60624 667972 911428 104755 312416 783908 351819 615757 296295 248580 367218 289788 675378 558884 184607 270115 195863 311554 358166 176795 617959 449234 336005 199319 323765 375232 412032 694292 321740 140710 578676 499606 653256 383000 162211 559698 483262 491791 389137 579586 574729 244055 171615 201426 999999999 814673 409936 185143 846183 605914 338431 410894 738450 45801 294929 485953 208409 810614 383471 523870 204716 117871 814681 348822 71007 939705 498995 415842 748067 328432 310427 522836 371356 821877 760068 309997 621178 532219 639910 445386 761784 419252 162602 724478 363454 356141 414824 710934 483813 383550
527465 1041346 677820 444681 633594 419919 889694 703422 762999 812227 768750 149271 96972 784884 1010819 336339 530566 199667 1098282 580078 848161 883162 276081 308817 657882 1080675 677731 544174 678092 751659 416842 643716 520949 1003722 861015 485468 403397 361437 596173 794967 830690 770310 947287 438985 976252 269233 753775 843731 786248 780251 521519 695472 856197 628954 814673 999999999 405463 989195 36991 824950 1004317 423181 854808 817690 525014 388945 930145 299396 1125878 648317 922209 900286 63815 653398 746166 131134 647122 425630 291275 588947 853942 293193 1022334 22613 687688 1062407 491411 491872 176874 754786 876317 595955 921824 136639 874679 1164405 412380 108578 704796 1101250
