NAME : synthetic_000576
TYPE : CTSP-D
DIMENSION : 100
GROUPS : 8
RELAXATION_LEVEL : 1
EDGE_WEIGHT_TYPE : EXPLICIT
EDGE_WEIGHT_FORMAT : FULL_MATRIX
EDGE_WEIGHT_SECTION
999999999 481198 292320 343875 461775 349584 148029 349942 350550 324397 289753 673929 477101 635742 325366 614884 510640 687515 428215 384325 244193 227583 299934 322280 689826 607450 386045 171954 96460 318401 272878 395007 143860 550806 549784 439736 288040 389743 273118 453559 311953 544961 130521 181852 293779 590072 507383 383413 494976 609400 297850 426684 313397 488421 452691 381072 536276 580538 671739 9705 472706 367675 491161 293726 327211 638133 373028 597728 187603 759265 333678 496052 533714 341281 422580 303845 393284 497653 204389 641482 718971 502423 349219 416668 438754 99240 429419 536814 410354 288374 408515 474726 109341 590936 427368 505997 289637 371923 398195 701637
481198 999999999 292809 667345 357262 253926 628035 688617 812526 625357 263916 227017 523448 163765 240761 662500 711180 210454 754188 865478 698545 663054 617219 392918 570982 251475 778630 621296 404294 715383 753506 391693 399149 160911 580851 806542 731318 870462 288529 755080 776815 300939 355283 662542 596023 296229 599263 252390 513965 329408 606750 452722 519616 482557 205594 838581 668578 173467 563761 486565 557576 466235 948098 774924 323102 246185 850927 247769 336221 753685 148382 331994 634152 822013 345606 409974 288415 262610 580817 429318 246367 97389 416481 90060 752477 382494 74139 127932 644464 628223 577954 914435 452528 278683 664851 345023 641359 150977 821845 261076
292320 292809 999999999 600848 180613 350166 429984 398875 558312 569334 303561 519543 274341 406003 53785 426946 723092 460494 461975 648436 536463 402765 327705 431310 427648 515567 495071 373937 271718 601840 545869 144758 155691 431028 677914 517319 469293 644668 311322 462276 527147 513346 226284 447524 305755 299732 339422 93086 609820 317481 316723 202415 227068 255271 397086 579553 400299 319436 412127 301328 621446 506960 684610 559294 52352 524962 650360 508683 105463 550769 179237 503480 374195 611000 466101 119885 101725 462309 472794 353486 482389 262191 139017 203393 459800 211545 219588 286365 630898 548150 293282 641956 210291 524555 651106 217570 355945 284090 545891 553290
343875 667345 600848 999999999 780973 427337 311418 656633 524972 43974 403608 781226 819484 830061 615167 958759 200280 871633 728999 429456 222211 492727 623864 295216 1022051 663696 650111 443102 329329 111745 352396 726286 477846 652288 353407 714181 520462 458302 378839 762252 491922 555144 375636 354747 623367 872923 851201 679606 339615 898592 624864 765077 656557 826675 526885 557186 877712 817489 1004924 334572 276051 254511 641550 382577 646264 709255 375738 653648 499969 1102934 551860 481197 877098 389574 402732 641893 700429 530524 139862 952402 910445 729540 686672 642012 743949 392132 648294 768037 116048 55501 750854 663056 452924 624342 119959 817374 601188 518014 626885 797128
461775 357262 180613 780973 999999999 502798 587825 454435 670581 749880 466132 569590 177754 400207 180970 305797 901916 449303 494963 786974 702849 518574 392460 602016 250224 607552 564293 505316 451648 777407 693707 87108 318277 517130 843354 566037 577904 777580 478360 480048 645732 635797 406895 596145 369801 183929 255541 123568 774221 184235 380463 121027 267936 128572 522379 685327 328451 285222 236265 471257 792504 679538 780206 702099 135648 603103 798090 603036 281940 401749 310204 642353 288450 754451 619631 180311 89061 588287 651065 181221 456298 279593 145301 277857 485612 389891 290116 280125 810830 727878 274396 726023 364549 629431 831140 53892 432271 415533 628657 604131
349584 253926 350166 427337 502798 999999999 473849 660634 699266 383817 61477 360326 624506 410151 325445 777051 457342 447610 737227 705745 507057 573191 595043 139908 749258 264810 722277 519677 253283 492959 593554 493003 350605 229696 345744 767663 636554 719141 76787 751766 660360 196436 228643 519492 579498 517951 687836 379350 276367 549321 587930 552374 541061 602563 109956 730297 744506 422036 737153 350123 309170 212389 839951 620606 401298 302402 677213 254657 310691 897095 194572 160329 722107 659583 117066 457165 414364 148093 367405 632772 487450 335778 486782 261943 742292 275558 260916 372977 392224 395896 626674 823999 382448 242451 412345 515841 602565 106209 744238 380874
148029 628035 429984 311418 587825 473849 999999999 348981 240976 311357 418152 814304 569736 783637 468106 690777 506662 835220 418869 238152 126204 181546 326106 411917 798775 737706 339676 135265 229123 240381 125514 512390 274701 688236 601752 403167 212852 246993 397688 453521 202612 662851 273734 50967 330617 729707 582946 522798 559100 746867 329588 532184 389200 592231 581879 274218 595150 727650 779729 141796 519645 433923 377565 148838 457865 771944 225126 727684 328797 837948 481139 605186 603177 194021 525654 415532 528126 619234 189537 769045 866923 650317 459672 564695 434551 247187 577404 684453 409951 262509 475035 378369 223627 715860 421694 635838 297080 511856 324048 840602
349942 688617 398875 656633 454435 660634 348981 999999999 262944 649974 599680 912978 335714 802485 452622 399911 844659 856722 78574 423543 467228 171618 71401 666632 572832 887351 111474 214138 432053 588614 378699 368522 312329 811431 899701 118468 184257 400311 591216 105955 256968 853882 436510 316014 93146 636901 306301 469531 843950 638607 82152 344088 188019 383288 745453 263479 285654 705716 553079 355734 822466 717167 337785 367713 383818 905770 461421 878978 364951 540697 555319 819125 311061 411258 754783 295127 449132 802797 523425 610193 875440 659413 313602 600822 89211 388565 616980 679861 744945 604498 206344 276314 279274 884530 759378 507837 60462 640535 182130 945805
350550 812526 558312 524972 670581 699266 240976 262944 999999999 535654 640062 1018636 586024 954279 608079 662765 725244 1008260 294887 169670 303549 155718 294339 651006 826599 957891 179033 191231 446176 427537 176233 584227 416341 898831 840290 238904 92717 141378 622521 335954 39156 893231 479011 190066 313417 841776 566707 646944 799617 850626 304926 577775 411767 627021 803239 33361 548437 877260 806724 349315 757843 674863 140691 149826 565506 987719 219565 948205 479998 803336 664939 839866 573588 172955 762198 491820 638613 847050 423850 842658 1034688 812377 525689 735780 314835 439091 750641 841173 634508 484844 461403 139339 360953 941224 643026 724056 250762 719237 119595 1047748
324397 625357 569334 43974 749880 383817 311357 649974 535654 999999999 361457 737260 795928 787729 581072 937806 195644 828830 724132 452237 237706 490481 612983 251243 993253 619905 650952 438456 299309 143038 367314 698232 452720 608369 323049 714047 523521 479439 336858 755913 500967 511867 343163 357842 610907 836290 830898 645666 303415 862549 613157 739290 637745 800621 482945 568446 860553 777347 976472 315492 243134 212058 657554 398158 616032 665373 401166 609844 470461 1080760 512527 438170 857864 410369 359244 616523 667814 486732 126600 919123 867799 689235 660828 602201 738263 363453 608045 727773 99193 50860 732903 674718 432071 580818 110409 784716 592990 475578 632607 753163
289753 263916 303561 403608 466132 61477 418152 599680 640062 361457 999999999 403536 576768 426467 285670 729657 460732 468874 676498 652542 459947 512178 534546 141956 715364 319757 660803 458999 193923 457797 539770 448074 290655 273997 377276 706279 575927 664566 25169 691637 601283 257760 167223 462538 519368 501541 637338 344212 308289 531496 527633 505708 484197 558449 164007 670798 691707 421225 702183 290749 329075 220676 780740 566014 355650 354091 626676 309807 253909 853898 169070 219901 671153 606645 165501 404826 377073 208792 326911 607711 507221 333040 436993 250448 681846 214081 253248 371434 385211 366123 571711 763580 321179 301194 405925 484539 541414 114737 683143 426966
673929 227017 519543 781226 569590 360326 814304 912978 1018636 737260 403536 999999999 742622 205071 467765 874471 767627 192647 980023 1051693 863482 874660 841680 486046 753112 140621 999430 828634 585191 852918 938550 614336 614596 130637 585920 1030309 942450 1061101 427384 981761 981394 258327 543431 854693 820919 460253 819677 475879 532182 490957 831495 673994 746516 697781 254632 1046654 890455 312221 749789 677467 594708 539172 1157142 963141 549770 94181 1028924 147616 553788 951052 360353 328139 854104 1006386 388882 636988 510282 259840 727365 598899 226847 290014 642518 317042 978789 579991 301020 295248 726545 754225 804150 1128573 664688 191354 744676 546718 863823 302539 1038522 34655
477101 523448 274341 819484 177754 624506 569736 335714 586024 795928 576768 742622 999999999 577933 305889 152897 969262 626983 354496 728101 694626 450226 291686 698282 240758 768617 446245 456752 502473 791372 652698 135336 343582 679439 947147 431671 496018 711682 582649 330515 569714 781828 470634 562575 273162 348938 77857 272320 880088 339229 281190 73262 183643 56124 665737 593086 150703 462799 220887 486681 885970 770793 673487 653238 223748 769132 752006 763097 339728 286289 446150 776760 111568 703902 740285 182029 235327 731758 680990 284341 633076 453777 141802 437667 340941 437524 451892 457114 871896 764118 129908 611182 367863 785032 890900 217954 335262 553649 517840 777270
635742 163765 406003 830061 400207 410151 783637 802485 954279 787729 426467 205071 577933 999999999 352623 696087 863790 54508 860491 1019351 859733 801018 731970 550055 555271 310600 900990 764140 564204 879122 908592 462181 537973 239505 715310 920797 868938 1022210 451329 854899 920221 403225 513800 815158 709511 262332 655746 335144 651938 291025 720628 515915 620958 527575 338749 978268 728590 118001 553690 641856 702788 620025 1085911 928487 419600 279239 1008031 312460 474370 758874 303248 454501 688525 976925 487144 509569 362053 379959 744420 398879 83606 143847 502699 220159 855688 536503 206557 124394 802373 791709 660484 1046561 593766 355208 822464 366725 761787 312162 951211 234965
325366 240761 53785 615167 180970 325445 468106 452622 608079 581072 285670 467765 305889 352623 999999999 456150 724301 407129 515225 692130 568710 452946 381476 421093 431053 470010 548673 421508 289994 625355 587156 170984 197926 383659 662930 571074 520039 689905 297411 514701 576041 476008 240262 489341 359491 265795 375941 64628 593953 287490 370473 232636 278976 278324 359859 630146 440474 269276 417233 333799 611548 498777 736066 602198 85907 476849 691058 463590 139325 571819 140270 472471 411095 653384 442495 169357 92153 425869 492961 338392 429706 208776 180542 150871 512697 235860 167011 234091 635553 564220 339949 694539 254167 482073 656115 205922 409605 247861 598785 501728
614884 662500 426946 958759 305797 777051 690777 399911 662765 937806 729657 874471 152897 696087 456150 999999999 1115725 740990 387859 819430 816974 547507 379953 850494 220218 911503 499226 566436 649275 921860 758298 285278 488829 821428 1099557 465334 580011 798350 735488 352245 654270 930921 620283 675764 367820 444842 108296 416652 1032699 425685 372376 224723 304248 180823 815240 662703 117579 578224 204710 624204 1037468 922320 725284 753843 375861 908601 851446 906552 490627 147203 596216 928262 90118 801750 893022 331971 378928 881407 819157 339089 740775 584603 294019 580219 369508 584856 593502 581658 1017331 903258 216113 656978 506014 930748 1035880 329869 420838 703900 573423 908898
510640 711180 723092 200280 901916 457342 506662 844659 725244 195644 460732 767627 969262 863790 724301 1115725 999999999 896250 919341 624175 422342 686125 805370 320511 1150713 633259 846338 633928 466842 304925 552342 860974 626913 649671 218100 909605 718185 654437 440519 950612 692010 514207 501224 552289 802032 961309 1010593 788053 244177 990531 804908 907777 821164 967816 529523 757464 1045251 878325 1135187 502392 175117 244957 840637 582285 773251 681969 567864 624350 633171 1255527 628493 440614 1039299 586427 382185 787471 815350 508113 321507 1060124 937046 790995 830051 710949 933217 531738 712867 828852 100425 244270 917021 863302 614514 585892 85373 930138 787078 562483 826075 775201
687515 210454 460494 871633 449303 447610 835220 856722 1008260 828830 468874 192647 626983 54508 407129 740990 896250 999999999 914288 1071513 908831 855208 786281 586962 590788 315808 955453 817940 613973 924424 960385 513961 591920 256709 738692 974994 923172 1074859 493958 908235 974041 418661 564155 867529 763788 300887 704644 388804 677466 327073 774913 566518 674723 575607 367368 1032410 777677 164281 590620 693430 731602 654279 1140188 980692 473573 278107 1059209 319375 528278 797509 354176 476034 736950 1028794 516077 563453 414887 401491 790478 433445 41050 198354 555701 273296 909279 588299 259230 177640 838854 834964 712604 1101030 647581 363722 858650 413176 816241 354137 1005710 217327
428215 754188 461975 728999 494963 737227 418869 78574 294887 724132 676498 980023 354496 860491 515225 387859 919341 914288 999999999 463149 532609 237821 142793 745180 580828 959724 117351 286014 510590 656304 434025 412283 387579 882036 977998 78657 232881 436199 668601 41067 298686 929553 514300 381897 160927 678889 308820 525500 922466 677191 151194 377871 239569 407139 820004 286612 270281 759178 561566 433852 900512 795611 337770 418949 441020 976561 507305 951553 437532 519456 625112 896197 304593 457687 832667 350957 501527 878276 597840 637360 930738 718791 361761 665269 20021 466389 681468 736706 820010 677759 226887 269119 356956 958476 833980 546895 139019 713607 189528 1013290
384325 865478 648436 429456 786974 705745 238152 423543 169670 452237 652542 1051693 728101 1019351 692130 819430 624175 1071513 463149 999999999 219276 277900 441426 626076 968027 970540 348421 281673 466875 319644 113143 704028 494266 924734 773764 408465 239855 34235 630862 504160 166650 888624 511840 204490 456927 945213 718760 741149 745165 958682 450390 708670 546376 763151 815081 187094 708054 957693 948244 378944 692179 629973 228199 90886 667291 1006563 60302 960399 554253 962921 717970 825904 729419 46379 744111 607054 740339 847865 367817 965572 1102303 883493 646617 799560 482960 483361 812807 916368 545247 403283 610261 272794 438405 945655 548957 838617 399170 749493 287501 1077456
244193 698545 536463 222211 702849 507057 126204 467228 303549 237706 459947 863482 694626 859733 568710 816974 422342 908831 532609 219276 999999999 295938 450214 412978 921034 770087 441180 257395 295984 126433 130294 631064 385078 733686 555932 506432 309291 243798 436223 569414 271948 680199 347537 151244 455848 834000 709114 627539 525919 853583 454320 654576 515034 715243 616937 335400 720871 816574 902208 235343 473928 411449 420215 160790 569754 809357 176239 759824 431760 964140 557556 614203 729354 175044 531803 535542 637168 642688 150339 883559 943303 734501 580363 646164 549574 335173 657118 770693 334667 187315 601231 441020 339390 740971 341474 748713 418784 566722 409789 886438
227583 663054 402765 492727 518574 573191 181546 171618 155718 490481 512178 874660 450226 801018 452946 547507 686125 855208 237821 277900 295938 999999999 167633 547906 690163 823684 163931 56903 322806 418640 212010 433158 264287 758934 763631 224476 68272 262871 497766 273681 127326 769537 345738 144717 180630 687058 443960 491232 713971 696776 175237 432537 268759 485765 671732 177375 440920 721942 670370 229695 683265 586236 285349 206367 410084 850151 304396 814345 327836 693251 516903 723091 457474 255165 650163 338680 483327 720969 365496 693704 880755 658436 374813 583793 254128 301346 598970 686506 587997 442749 334531 254475 210714 811580 600839 571617 128837 579864 171154 904903
299934 617219 327705 623864 392460 595043 326106 71401 294339 612983 534546 841680 291686 731970 381476 379953 805370 786281 142793 441426 450214 167633 999999999 608832 532291 817580 173229 193056 374783 565819 379169 305590 244921 740875 846819 189664 204992 422572 527386 158151 279232 786861 374197 302149 23039 572980 277415 400027 788862 576520 12022 288236 124627 333857 677220 302216 274055 636595 512415 306876 771429 663307 389467 373903 314178 835296 471551 809317 295138 525625 484444 754404 289883 421961 692340 226591 381073 735545 486787 555291 805577 588689 248859 529443 147308 326534 545598 609732 705034 570051 168969 333572 217272 815786 720641 446271 43577 571135 236321 874560
322280 392918 431310 295216 602016 139908 411917 666632 651006 251243 141956 486046 698282 550055 421093 850494 320511 586962 745180 626076 412978 547906 608832 999999999 852145 370870 708249 491224 234604 373947 518754 575521 379535 357540 249320 761670 603699 644718 124768 766577 612000 269684 240053 461983 597655 643405 752677 482109 184269 673443 604147 629841 582658 685827 231996 683797 800733 558029 838227 318899 190574 78823 789276 548426 483571 415253 588834 360686 361236 980750 311017 201326 785104 579855 118859 519481 513224 238221 263663 748814 627001 470533 556568 390877 753771 285211 392433 508474 252319 271567 675642 784868 392291 334934 272444 623643 606282 242780 716302 502080
689826 570982 427648 1022051 250224 749258 798775 572832 826599 993253 715364 753112 240758 555271 431053 220218 1150713 590788 580828 968027 921034 690163 532291 852145 999999999 820157 681505 693453 693944 1008213 889270 296048 547357 730445 1092172 659446 736774 952175 728249 550569 810451 866434 652261 796561 513919 293372 272040 371197 1022873 264353 521898 266605 421858 207072 757480 832961 323082 441166 19876 699525 1042567 929752 909887 891437 378213 806198 990108 817424 522799 211767 554911 881504 281087 942612 865325 386661 338926 821983 888033 157404 580908 477862 341374 506581 564712 630092 515480 461473 1058288 967838 366895 845392 584048 849664 1078393 234277 575861 656493 754451 785824
607450 251475 515567 663696 607552 264810 737706 887351 957891 619905 319757 140621 768617 310600 470010 911503 633259 315808 959724 970540 770087 823684 817580 370870 820157 999999999 962641 772965 512836 744379 858253 634285 576997 90588 446063 1001106 889531 983643 340121 967319 919390 119614 479520 782287 798801 536140 842555 496394 394298 568909 808608 696347 738190 730851 155829 987979 909444 394141 813773 609192 458914 413909 1098363 885079 555888 48838 941623 10282 522476 1005159 338248 192764 877717 924390 262348 635338 533734 133173 626524 673622 354436 342309 650551 331436 961367 522403 318005 361989 599122 642433 808752 1077551 620235 50742 616286 596460 833273 247209 992901 142365
386045 778630 495071 650111 564293 722277 339676 111474 179033 650952 660803 999430 446245 900990 548673 499226 846338 955453 117351 348421 441180 163931 173229 708249 681505 962641 999999999 220325 478245 567300 330849 477828 386791 891479 927424 65389 131952 320334 648865 158167 187513 918326 493754 295576 196263 745804 412041 571708 877082 748526 185206 455388 296603 494567 815030 169277 382232 808421 661856 389393 847172 749288 228493 312086 485901 984879 395368 953767 445825 634531 639208 876591 412822 346573 806551 399464 553954 868398 527387 721657 976132 757235 421748 693088 137362 446755 709060 779965 749272 602160 316442 165026 342788 955206 761331 617913 139247 715713 74207 1031359
171954 621296 373937 443102 505316 519677 135265 214138 191231 438456 458999 828634 456752 764140 421508 566436 633928 817940 286014 281673 257395 56903 193056 491224 693453 772965 220325 999999999 267887 375575 196003 422531 226412 710569 707100 279552 116940 273272 443772 319321 156105 715758 293701 109664 200215 666284 460074 465157 657129 678457 197758 430087 273115 486789 619915 218093 465618 690570 673880 173557 626938 529379 328510 198883 387879 800786 297090 763492 289834 713413 473754 667973 477306 250862 594323 325401 461299 667688 312546 684042 845105 623014 365433 545068 300855 250979 559794 652841 535098 391761 350556 304842 170373 759359 548558 557102 161962 531041 226277 858210
96460 404294 271718 329329 451648 253283 229123 432053 446176 299309 193923 585191 502473 564204 289994 649275 466842 613973 510590 466875 295984 322806 374783 234604 693944 512836 478245 267887 999999999 336210 353790 399176 160707 459612 473670 529155 384336 475945 176709 532208 407369 448500 52405 270576 364520 553759 545097 353525 414267 577019 370540 442303 360903 503107 357516 477052 584291 522314 677196 96877 401140 289869 586863 377959 317047 544943 447785 503007 171154 788707 261593 400285 574875 421975 328353 320896 372054 401302 202968 624384 647808 439002 364105 350378 519206 65092 361153 475627 369586 276432 456451 571185 160051 495048 388825 488842 371738 282735 493828 611677
318401 715383 601840 111745 777407 492959 240381 588614 427537 143038 457797 852918 791372 879122 625355 921860 304925 924424 656304 319644 126433 418640 565819 373947 1008213 744379 567300 375575 336210 999999999 251695 713264 461632 722419 464245 632466 435511 349548 432668 692230 397362 642238 387829 274526 569056 889916 813564 688011 446433 912788 568733 744344 617673 805968 599071 458608 831514 852285 990081 308706 385535 349127 536673 280386 641868 787771 264668 734151 496818 1068352 586099 570561 836313 281523 489270 621954 703508 612108 136001 954997 961568 766182 667341 677111 672767 390772 685686 804023 227585 104250 708183 563150 425279 708785 229763 818999 537458 571615 535926 871883
272878 753506 545869 352396 693707 593554 125514 378699 176233 367314 539770 938550 652698 908592 587156 758298 552342 960385 434025 113143 130294 212010 379169 518754 889270 858253 330849 196003 353790 251695 999999999 613655 390368 811662 682077 395895 201540 126377 518321 473425 148816 778312 399196 98459 390490 844825 653364 638946 648050 860083 386095 625036 469056 682433 702643 206932 652885 850105 869734 267049 599657 528551 290240 31147 568829 893852 104758 848139 448191 904563 606429 717091 668466 68511 635845 515932 640949 736664 267441 874179 991767 774178 557846 689253 452590 372113 702189 807758 464827 316621 543625 311653 335844 834189 471767 743906 340799 636364 288930 964349
395007 391693 144758 726286 87108 493003 512390 368522 584227 698232 448074 614336 135336 462181 170984 285278 860974 513961 412283 704028 631064 433158 305590 575521 296048 634285 477828 422531 399176 713264 613655 999999999 251736 545586 822608 481576 491515 693537 456078 400068 560054 646643 359945 517042 282861 268407 208329 139308 754571 270931 293580 62243 181248 110515 530642 598527 276885 352782 278672 404677 765281 650488 693097 620551 92465 636276 717492 628571 228584 406012 311211 643010 243460 672825 609557 97731 104069 596724 591991 261544 525542 329210 58538 304284 404102 334780 318984 338297 766417 671922 198853 639097 291773 649891 786201 141000 345190 418841 541675 648961
143860 399149 155691 477846 318277 350605 274701 312329 416341 452720 290655 614596 343582 537973 197926 488829 626913 591920 387579 494266 385078 264287 244921 379535 547357 576997 386791 226412 160707 461632 390368 251736 999999999 504688 626435 424240 332540 492090 285367 401162 382360 541974 139539 292147 228903 455306 384390 248756 563536 472167 237455 287239 203480 348878 433158 440887 424919 465463 529566 153451 557544 443845 549623 404526 184705 598159 494756 568350 63681 629340 254584 510487 414296 455952 451635 164057 253582 490718 341373 498582 618719 396603 208875 319682 391936 97481 334755 426702 528799 422842 297835 515477 56538 572471 547598 363643 256566 329789 424041 645897
550806 160911 431028 652288 517130 229696 688236 811431 898831 608369 273997 130637 679439 239505 383659 821428 649671 256709 882036 924734 733686 758934 740875 357540 730445 90588 891479 710569 459612 722419 811662 545586 504688 999999999 482540 926860 825983 935229 297464 887660 860982 163738 420541 730063 721306 448723 753914 407119 422799 481705 731426 607484 655983 640895 125553 927798 821506 309957 723782 553704 480243 414673 1038434 836936 469267 94575 900418 87037 447082 914587 257111 219678 789030 879139 267602 550893 444266 145520 596774 585300 297483 252895 563964 241821 882684 459919 228015 274633 602226 624148 723416 1013409 551381 122057 620951 505926 759126 179618 925888 153013
549784 580851 677914 353407 843354 345744 601752 899701 840290 323049 377276 585920 947147 715310 662930 1099557 218100 738692 977998 773764 555932 763631 846819 249320 1092172 446063 927424 707100 473670 464245 682077 822608 626435 482540 999999999 985482 810660 799642 366778 1002716 803025 327693 487107 652344 837697 861779 1001993 721006 69453 893647 843276 878085 829915 933106 378433 873636 1049481 754263 1079258 544259 82556 183806 970220 713224 730265 494494 723974 438451 610541 1228475 539518 262865 1034368 730701 236213 768785 754305 337227 416984 978516 779642 672406 805553 605807 988371 530239 603040 707371 241934 370660 923734 979148 633715 395890 247735 860033 839341 447855 923717 587576
439736 806542 517319 714181 566037 767663 403167 118468 238904 714047 706279 1030309 431671 920797 571074 465334 909605 974994 78657 408465 506432 224476 189664 761670 659446 1001106 65389 279552 529155 632466 395895 481576 424240 926860 985482 999999999 197300 378979 695880 113484 251101 962695 540337 360071 211614 749615 387459 587349 933546 749442 200604 451235 303522 483472 856585 224376 347821 823125 640162 443878 905895 805810 262337 376506 501785 1020958 457519 992525 479785 594249 671657 924176 382998 409342 856420 412615 565975 912116 589712 713368 993348 777822 428497 719030 95931 492653 735173 797980 812017 665629 302913 192431 385404 996341 824457 618731 167865 753924 123018 1062939
288040 731318 469293 520462 577904 636554 212852 184257 92717 523521 575927 942450 496018 868938 520039 580011 718185 923172 232881 239855 309291 68272 204992 603699 736774 889531 131952 116940 384336 435511 201540 491515 332540 825983 810660 197300 999999999 218501 560544 272778 74484 832543 410523 165912 222865 749770 480801 556641 764149 758235 214996 485582 319703 535681 736762 110296 468199 788696 716902 288926 729209 636986 217149 186222 474326 916772 277504 880103 396062 723097 585069 783943 490133 227388 709339 399371 547186 784589 402318 750062 948445 726170 432976 651978 251765 367212 667183 753869 622421 473971 373606 188035 278920 876275 633607 631412 161693 646675 113337 972531
389743 870462 644668 458302 777580 719141 246993 400311 141378 479439 664566 1061101 711682 1022210 689905 798350 654437 1074859 436199 34235 243798 262871 422572 644718 952175 983643 320334 273272 475945 349548 126377 693537 492090 935229 799642 378979 218501 999999999 643542 477266 144096 904655 518993 207966 439160 939343 699199 736861 769134 951729 432044 695331 531467 748514 827902 155802 685715 957107 932341 385091 717711 652004 194271 98568 660975 1018592 94288 973562 553347 940782 722400 843408 708552 69074 762065 597298 734322 862809 389843 954891 1104784 884740 635639 802095 456123 487980 815725 916825 573722 429878 591518 238754 435739 960206 578105 829809 379681 758579 257040 1087564
273118 288529 311322 378839 478360 76787 397688 591216 622521 336858 25169 427384 582649 451329 297411 735488 440519 493958 668601 630862 436223 497766 527386 124768 728249 340121 648865 443772 176709 432668 518321 456078 285367 297464 366778 695880 560544 643542 999999999 685083 583599 271999 155543 442933 513026 520863 641186 357681 298504 550358 520931 512461 482673 566592 184362 653610 693677 444125 714622 273475 314455 203457 763201 544975 363653 375807 603974 330062 253585 862078 187998 228318 674605 584837 166432 407883 389390 224616 302050 624162 532233 355848 441877 271996 674631 203297 275543 394328 362885 341014 571967 747751 311998 319185 383658 498990 532327 139829 668908 450284
453559 755080 462276 762252 480048 751766 453521 105955 335954 755913 691637 981761 330515 854899 514701 352245 950612 908235 41067 504160 569414 273681 158151 766577 550569 967319 158167 319321 532208 692230 473425 400068 401162 887660 1002716 113484 272778 477266 685083 999999999 339463 942027 532312 418318 172277 663642 278919 519912 945773 660080 164152 360696 235918 384725 830835 327439 234905 750673 531577 459753 926245 819611 375454 458986 437042 982229 548005 959417 447172 481041 630584 911534 271548 498305 850332 347221 493699 890494 629373 614738 923012 714677 352897 665482 21215 484680 681653 730646 850878 710314 207038 305871 375413 968185 865333 530769 164623 722611 229590 1015399
311953 776815 527147 491922 645732 660360 202612 256968 39156 500967 601283 981394 569714 920221 576041 654270 692010 974041 298686 166650 271948 127326 279232 612000 810451 919390 187513 156105 407369 397362 148816 560054 382360 860982 803025 251101 74484 144096 583599 339463 999999999 854176 440844 151646 296611 814149 555285 616888 761602 824080 289038 557097 391740 608393 764593 71839 541937 845313 790587 310543 720653 636522 179628 126196 536719 949538 208675 909678 445874 796957 628926 800711 564457 159331 723054 465970 610087 808088 387163 820049 1001075 778897 501613 701161 318254 401535 715856 808342 600035 450277 447996 176131 326462 902407 609134 698860 236060 681441 140117 1010286
544961 300939 513346 555144 635797 196436 662851 853882 893231 511867 257760 258327 781828 403225 476008 930921 514207 418661 929553 888624 680199 769537 786861 269684 866434 119614 918326 715758 448500 642238 778312 646643 541974 163738 327693 962695 832543 904655 271999 942027 854176 999999999 424977 710273 770227 597152 851392 515848 274699 630335 779141 708566 723093 750993 116328 924692 913641 466424 857626 544999 339562 301751 1033775 806687 560070 168449 854920 111317 495818 1037546 335909 75260 886443 842244 153101 629398 553485 51758 532376 729416 458977 398283 652280 360632 933626 471594 351009 426157 483803 538678 802867 1019677 577299 71878 500282 634654 796639 229266 940622 261979
130521 355283 226284 375636 406895 228643 273734 436510 479011 343163 167223 543431 470634 513800 240262 620283 501224 564155 514300 511840 347537 345738 374197 240053 652261 479520 493754 293701 52405 387829 399196 359945 139539 420541 487107 540337 410523 518993 155543 532312 440844 424977 999999999 311626 361115 502613 518673 304382 423997 526417 368417 407003 342912 466678 326240 508678 562940 470016 636050 134155 419464 305101 619198 421919 274086 508713 495654 469974 132016 756590 210665 383845 549914 467667 318379 288734 324875 375692 253617 576768 597392 387037 329876 298630 521041 47953 309740 423490 406565 324074 436675 598525 157349 465889 426463 441826 377244 241437 516400 571131
181852 662542 447524 354747 596145 519492 50967 316014 190066 357842 462538 854693 562575 815158 489341 675764 552289 867529 381897 204490 151244 144717 302149 461983 796561 782287 295576 109664 270576 274526 98459 517042 292147 730063 652344 360071 165912 207966 442933 418318 151646 710273 311626 999999999 309869 746374 569042 540586 610044 761652 307244 531003 379468 589489 626537 223281 575235 753577 777187 177493 570146 484881 327293 113662 470469 815352 203187 772344 350700 822825 514572 653871 586809 164095 574888 419340 542507 665851 238546 776905 897998 679004 461958 595229 398605 280048 608602 711954 456878 308114 459733 327437 237410 761876 467791 645990 268678 552230 275217 881788
293779 596023 305755 623367 369801 579498 330617 93146 313417 610907 519368 820919 273162 709511 359491 367820 802032 763788 160927 456927 455848 180630 23039 597655 513919 798801 196263 200215 364520 569056 390490 282861 228903 721306 837697 211614 222865 439160 513026 172277 296611 770227 361115 309869 999999999 550066 263387 377213 778773 553786 11179 266796 102208 313764 659776 322541 265448 613726 494049 301204 763227 653965 411472 386803 291383 815801 485013 790641 276738 514296 464550 739262 278089 435775 678580 203600 358067 718780 485249 533685 782878 566340 225961 507947 163471 313819 524118 587109 701613 569069 153902 356237 205369 797882 717656 423640 63773 552799 258865 853927
590072 296229 299732 872923 183929 517951 729707 636901 841776 836290 501541 460253 348938 262332 265795 444842 961309 300887 678889 945213 834000 687058 572980 643405 293372 536140 745804 666284 553759 889916 844825 268407 455306 448723 861779 749615 749770 939343 520863 663642 814149 597152 502613 746374 550066 999999999 423515 207018 792898 33188 560959 303268 449278 293558 497909 858987 496133 148036 291367 598740 826321 721909 957481 857103 278405 517715 949484 534556 402588 497004 332870 625009 452726 909128 626214 351341 205022 558009 756230 138951 296705 198870 324124 256147 669487 501588 258917 174204 880120 824044 457293 905801 508995 570390 900952 133229 611279 413949 808190 492682
507383 599263 339422 851201 255541 687836 582946 306301 566707 830898 637338 819677 77857 655746 375941 108296 1010593 704644 308820 718760 709114 443960 277415 752677 272040 842555 412041 460074 545097 813564 653364 208329 384390 753914 1001993 387459 480801 699199 641186 278919 555285 851392 518673 569042 263387 423515 999999999 347229 936097 411699 268907 146595 195968 130378 735081 569503 73168 540411 252861 516639 937587 822672 640446 650190 291325 844413 748354 836770 391463 255135 515544 842806 35199 699004 802246 233537 310849 800784 711489 346910 710257 531260 201106 512500 292698 481281 527049 534955 911732 795709 109739 574679 398848 857392 930047 294251 319671 622365 485766 854331
383413 252390 93086 679606 123568 379350 522798 469531 646944 645666 344212 475879 272320 335144 64628 416652 788053 388804 525500 741149 627539 491232 400027 482109 371197 496394 571708 465157 353525 688011 638946 139308 248756 407119 721006 587349 556641 736861 357681 519912 616888 515848 304382 540586 377213 207018 347229 999999999 651740 226181 388389 200639 285931 235925 401225 666882 416190 236713 358331 392196 672131 560287 770011 652205 85862 497185 743446 491004 195812 523030 186740 519558 382245 703976 496111 174894 37751 467365 556404 273785 406003 195394 169221 165379 520544 297532 179820 211206 699872 628446 330088 724154 303280 514155 720464 142205 432840 292744 627097 510451
494976 513965 609820 339615 774221 276367 559100 843950 799617 303415 308289 532182 880088 651938 593953 1032699 244177 677466 922466 745165 525919 713971 788862 184269 1022873 394298 877082 657129 414267 446433 648050 754571 563536 422799 69453 933546 764149 769134 298504 945773 761602 274699 423997 610044 778773 792898 936097 651740 999999999 824671 784790 810560 766814 865085 313614 832954 984905 687174 1010032 490133 71149 127798 932780 679074 662155 443121 698523 385970 544907 1160553 470065 204679 968779 700789 168454 702649 685189 277406 380644 909126 718504 604540 738697 536829 932091 468374 534317 639883 238977 346602 859910 937468 573834 345385 250168 790619 783490 378953 877482 536650
609400 329408 317481 898592 184235 549321 746867 638607 850626 862549 531496 490957 339229 291025 287490 425685 990531 327073 677191 958682 853583 696776 576520 673443 264353 568909 748526 678457 577019 912788 860083 270931 472167 481705 893647 749442 758235 951729 550358 660080 824080 630335 526417 761652 553786 33188 411699 226181 824671 999999999 564511 299564 452095 283214 530837 866751 483537 178980 263570 618253 857268 752073 963385 871362 291530 549934 964835 567416 421830 470612 362525 657920 439439 923555 658305 358872 219168 591105 779867 108052 320007 232055 328298 287846 666930 523132 291135 207104 908302 849074 453090 910015 524716 603433 929120 130817 615912 445796 812560 523052
297850 606750 316723 624864 380463 587930 329588 82152 304926 613157 527633 831495 281190 720628 370473 372376 804908 774913 151194 450390 454320 175237 12022 604147 521898 808608 185206 197758 370540 568733 386095 293580 237455 731426 843276 200604 214996 432044 520931 164152 289038 779141 368417 307244 11179 560959 268907 388389 784790 564511 999999999 276592 112667 322726 669026 313349 268116 624905 502023 305053 768376 659627 401266 381601 302557 825894 479545 800406 286338 518468 474785 747532 282425 430115 686239 214763 369221 727747 487215 543603 794041 577429 236837 518775 154506 320937 534941 598260 704517 570788 159892 345563 212041 807331 720355 434279 54415 562413 248281 864456
426684 452722 202415 765077 121027 552374 532184 344088 577775 739290 505708 673994 73262 515915 232636 224723 907777 566518 377871 708670 654576 432537 288236 629841 266605 696347 455388 430087 442303 744344 625036 62243 287239 607484 878085 451235 485582 695331 512461 360696 557097 708566 407003 531003 266796 303268 146595 200639 810560 299564 276592 999999999 166045 61763 592477 588834 216461 403369 247654 436380 818611 703515 677492 628901 151138 697823 727166 690689 275060 351161 372901 703849 181613 680663 668497 123278 164340 658504 628271 267102 575529 386848 78466 365946 367372 377240 380458 393163 811642 710077 154031 619494 319126 712134 831045 170156 330561 480426 523243 708645
313397 519616 227068 656557 267936 541061 389200 188019 411767 637745 484197 746516 183643 620958 278976 304248 821164 674723 239569 546376 515034 268759 124627 582658 421858 738190 296603 273115 360903 617673 469056 181248 203480 655983 829915 303522 319703 531467 482673 235918 391740 723093 342912 379468 102208 449278 195968 285931 766814 452095 112667 166045 999999999 217048 608831 422941 224198 520246 402129 322437 760609 647227 513629 469919 201709 750353 568671 730753 230443 450710 399972 701048 220551 520866 648727 111629 262710 671342 516708 432169 691379 479603 125585 429837 235059 300249 445985 497137 721463 601125 95936 458174 206674 742827 739196 321704 165542 497583 360946 780325
488421 482557 255271 826675 128572 602563 592231 383288 627021 800621 558449 697781 56124 527575 278324 180823 967816 575607 407139 763151 715243 485765 333857 685827 207072 730851 494567 486789 503107 805968 682433 110515 348878 640895 933106 483472 535681 748514 566592 384725 608393 750993 466678 589489 313764 293558 130378 235925 865085 283214 322726 61763 217048 999999999 635656 636058 203445 411333 187749 498115 875373 760463 720258 685156 202957 728742 783714 725824 334671 295513 417493 750679 161472 736582 719335 185009 198181 701859 690002 230274 580294 407901 140008 399479 394327 438109 412897 408537 872133 771718 180559 659561 380705 749942 891643 163943 377141 525090 564895 732360
452691 205594 397086 526885 522379 109956 581879 745453 803239 482945 164007 254632 665737 338749 359859 815240 529523 367368 820004 815081 616937 671732 677220 231996 757480 155829 815030 619915 357516 599071 702643 530642 433158 125553 378433 856585 736762 827902 184362 830835 764593 116328 326240 626537 659776 497909 735081 401225 313614 530837 669026 592477 608831 635656 999999999 833647 797364 378462 747808 454125 364529 290675 943844 729334 443757 192451 787103 145831 383702 923877 219666 127112 770125 768994 148805 513561 438710 66204 476139 625626 408331 301180 535986 251060 823224 370630 243355 333506 477878 499703 687261 924754 472343 140221 496900 524146 689406 113000 841920 272843
381072 838581 579553 557186 685327 730297 274218 263479 33361 568446 670798 1046654 593086 978268 630146 662703 757464 1032410 286612 187094 335400 177375 302216 683797 832961 987979 169277 218093 477052 458608 206932 598527 440887 927798 873636 224376 110296 155802 653610 327439 71839 924692 508678 223281 322541 858987 569503 666882 832954 866751 313349 588834 422941 636058 833647 999999999 547031 898929 813109 380183 791184 708132 110637 179271 584322 1017215 241060 978345 504552 801129 691470 871940 574359 196965 794570 507994 657017 878211 457144 854981 1058120 835794 540071 760569 306628 467879 775613 863840 667207 517613 466410 106293 386212 971992 675519 739037 258944 748181 101607 1076082
