NAME : synthetic_000136
TYPE : CTSP-D
DIMENSION : 100
GROUPS : 8
RELAXATION_LEVEL : 1
EDGE_WEIGHT_TYPE : EXPLICIT
EDGE_WEIGHT_FORMAT : FULL_MATRIX
EDGE_WEIGHT_SECTION
999999999 172100 809114 800307 364859 860833 513577 416115 635380 299267 464329 473247 571782 445890 658146 873905 454703 463775 283761 252953 308115 500374 830734 782053 817253 642024 499958 773668 75781 298681 562555 504082 769115 98733 895903 738388 448518 168608 318542 618657 680198 212697 712254 276062 432694 737351 391785 482291 261871 342470 327378 459015 140715 449679 757345 75646 738220 172318 514236 620440 767888 700036 851850 220233 880675 733874 676987 291880 773590 24072 623916 463317 151559 55349 681716 688833 421194 361213 739249 503833 880390 643420 189745 206377 712105 460424 352616 353261 126562 265862 406664 613813 536323 509530 534520 355487 515648 401035 784571 474113
172100 999999999 732798 823709 529378 921499 685667 481592 675982 228898 636385 635242 736802 605269 730391 834231 625139 633686 114896 130561 278057 359696 794242 804902 774038 746002 464203 729075 227219 163980 546743 600078 861096 270212 980159 645635 608266 282374 479392 618306 792361 51288 768979 200572 268110 658793 563801 602932 269070 176442 155309 614567 207805 448757 667698 246145 697010 100320 548536 628276 686735 621701 965858 392279 831287 664947 783409 134305 726908 184416 721207 322461 48260 116869 612578 597215 515040 528884 755564 364063 948091 787173 53459 164234 815613 470100 181327 485269 297495 94201 407797 758081 592161 607199 703062 183826 481829 239060 824430 584524
809114 732798 999999999 466247 1121082 671494 1169144 583786 499603 515022 1118304 998801 1091798 963186 636287 201641 1160576 1173921 736075 602358 503268 444093 198341 457225 162535 773573 328670 151116 787084 835957 323316 690691 777518 875841 811239 112685 967260 722658 1091737 348605 832277 687475 586038 541732 786004 74064 1059755 783853 560798 628954 698230 946365 922284 419112 87945 835322 170111 655758 479979 376663 49836 111129 943989 938893 161044 79898 801962 779027 141724 797100 734866 466874 780022 778677 128733 147257 668702 973353 416037 438660 717397 984969 680110 605183 805305 434086 715261 787064 899008 716601 449495 969699 548556 698560 1247241 672431 318592 583936 536053 739066
800307 823709 466247 999999999 981337 205939 943224 397150 174003 612360 902091 739922 804040 711899 251551 308479 971426 985502 888958 722892 548424 723802 282888 18816 312100 398124 396486 315163 741052 978029 301198 399561 344918 817087 349129 531731 715310 644704 974487 218213 443481 800251 170276 637546 1003531 466683 866854 497479 557928 819189 877740 684873 940440 376351 519992 782975 302287 723547 286119 199775 481806 464738 506612 816447 356409 423547 411461 929941 324598 778676 367626 722929 857637 800927 427057 522327 438823 772381 72574 720194 251943 636349 775524 659484 399086 353609 906184 576717 828546 861495 416099 632297 281983 402654 1048417 868909 380429 808409 78978 460398
364859 529378 1121082 981337 999999999 965522 211157 594447 807876 643307 187052 327503 371338 329795 766225 1141481 120489 122017 630070 616438 626747 862995 1096806 965881 1092425 677595 793551 1053115 349077 608504 826843 593553 813899 269369 943799 1068038 328831 398513 55399 856285 685400 574958 843441 625217 763095 1054455 151968 513023 563468 704734 680221 360145 359652 713645 1083681 305825 1016035 534076 718581 846479 1086148 1018615 825245 182277 1159873 1041878 699057 624569 1055475 362831 680645 826326 495305 417956 992673 1019326 542536 227291 938274 866175 967961 546346 554198 553560 735857 709639 700938 406093 241468 618264 676711 521172 700277 593419 178641 711742 805449 764977 938424 536652
860833 921499 671494 205939 965522 999999999 883950 446320 254534 735428 851144 677777 717889 657493 206044 511037 930518 944073 1003807 840524 663781 887746 488105 214291 517955 300323 552858 520396 791754 1083499 462826 377500 189176 853919 145938 731744 660109 693605 970383 383180 321468 907938 152589 756720 1133665 667897 831609 452862 653637 951197 1002299 627143 1000380 501653 721691 826191 505283 822541 378617 355954 684908 662564 325735 822802 559959 625143 294258 1041447 529770 837304 287542 880895 947641 874280 623308 717912 448240 741334 259738 884830 46004 523043 879269 761198 266729 471672 1032721 566841 858862 975511 532601 527972 329758 375831 997667 999549 539662 951620 137960 430191
513577 685667 1169144 943224 211157 883950 999999999 596002 777955 745372 52844 206621 192661 231524 702941 1152764 93560 98417 795666 746835 709402 983219 1108834 930457 1111414 583818 843222 1077066 470889 790930 853270 543936 710763 415843 832911 1134886 228243 479078 262332 862652 573763 724555 785996 733705 939277 1109571 123853 446168 642329 852847 840890 259774 548041 750052 1146646 440896 1040493 664576 717296 846139 1141205 1076458 684297 293750 1179266 1089365 595092 797936 1081184 503236 598407 948655 660434 568884 1044778 1088696 521926 196383 914061 985493 876794 396951 698378 665894 628724 737037 865486 387392 389324 779172 721081 378375 677232 540586 117603 868908 851459 907580 886838 483089
416115 481592 583786 397150 594447 446320 596002 999999999 224837 331574 547786 415548 508275 380366 249063 557763 603430 617436 574163 420312 258007 547641 513538 380087 515413 285924 276773 481522 350171 645383 261280 144436 383745 421449 498925 569981 384409 251945 582150 267668 342351 475031 296315 344853 715981 532162 498352 211125 223560 543068 582462 362637 556527 176385 576405 389070 445209 385802 124657 253991 562648 503363 509041 422384 583273 505526 324376 608154 485957 392987 253501 526698 503933 427964 466833 529804 87233 405643 346416 546894 469103 427050 444185 329185 350584 152723 614048 208614 431771 545927 168349 405878 120703 153436 686849 587219 278852 560997 371063 168952
635380 675982 499603 174003 807876 254534 777955 224837 999999999 481731 734865 578216 650941 548063 136901 402122 801419 815524 752811 588244 411071 638386 363097 158053 378958 277296 305060 360604 572823 835722 222926 235677 285984 646165 355206 530335 551672 475303 800510 157130 334170 658701 109290 503759 879871 473587 696361 336489 406919 696964 749133 522702 776070 247128 526586 613184 332002 575956 127510 127025 497677 458048 449753 642469 440660 434832 303208 791532 368304 612996 239774 629339 705706 640778 417030 505493 265720 601776 136274 635801 289978 504243 631236 513151 305774 217251 779288 404432 656576 724647 278734 494562 107982 240378 880133 745514 293855 697205 149852 295909
299267 228898 515022 612360 643307 735428 745372 331574 481731 999999999 692585 631148 736656 595585 563464 605553 710008 721630 276771 111061 74371 243993 565370 593626 545571 617265 236273 500657 294364 368807 322847 472775 710341 378887 816012 439422 599408 266788 604542 399151 672551 193766 584578 28336 398239 441960 623137 512125 121301 216694 267665 593159 407332 237772 458889 339587 468241 141319 357139 413087 471716 404504 840600 469204 603879 442966 655764 318382 498745 291029 585026 213716 272710 264234 390333 389877 396064 556827 541624 245291 767788 723953 175765 92966 682075 265108 297587 431032 405186 249617 202997 697849 417718 481418 795946 264305 254032 229423 624049 479760
464329 636385 1118304 902091 187052 851144 52844 547786 734865 692585 999999999 174876 188334 193995 665343 1105262 87635 98838 747278 695054 656615 930702 1061173 888837 1063015 552184 791827 1028115 419536 745702 803628 502552 682439 367341 807300 1082906 191201 426243 232813 815048 546833 674382 747705 681042 892322 1058205 72694 406900 589550 802214 791690 224028 505628 699334 1094869 390865 991430 612988 670036 799262 1089874 1024897 667466 244105 1130933 1038475 566203 750823 1032072 453182 564127 896235 612475 519518 993528 1036567 475834 144961 870627 932946 846218 381044 647757 613417 600956 686982 816759 339481 341408 730169 669750 359588 632600 499746 147248 819207 800309 856374 847877 441758
473247 635242 998801 739922 327503 677777 206621 415548 578216 631148 174876 999999999 105677 36592 496982 963594 259113 271752 750132 661215 580074 875136 920471 727813 926209 378038 681633 894761 408198 771569 676823 342621 507566 391988 632713 977387 32529 373727 355987 675531 372112 662724 580334 626413 902686 944664 175812 242633 514852 781339 786088 55542 557800 583305 986247 398670 859010 585507 530213 656296 975682 913996 499422 279252 993447 920025 391343 763617 899713 454963 391805 844007 623836 523528 879228 933948 333665 123423 714455 876420 671784 219088 632018 567661 426097 565120 814771 214926 373896 728186 561093 193679 481727 338414 320107 808038 687128 826865 681515 282356
571782 736802 1091798 804040 371338 717889 192661 508275 650941 736656 188334 105677 999999999 141114 554499 1045226 274190 283517 851552 766396 684739 980649 1002993 793568 1011124 419828 779507 981814 509603 868648 768647 417285 536389 485742 652394 1075229 137260 479119 410940 760700 398775 765882 638256 732078 1003333 1040095 226180 316541 619880 885801 888867 148436 646325 680116 1083130 496421 946777 690051 616972 739445 1070762 1010435 494293 366665 1077594 1013775 423924 863359 987271 554666 441723 949627 723149 623489 974684 1032742 423210 211885 785948 981896 705456 208453 735550 673217 454432 660045 917133 315862 465204 830270 660303 194124 561517 411553 308815 911569 784043 932029 739853 360138
445890 605269 963186 711899 329795 657493 231524 380366 548063 595585 193995 36592 141114 999999999 471946 930461 273799 287110 720141 627621 543872 839574 887151 699331 892313 359508 645333 860394 378826 744563 641562 313060 492099 368300 619455 941048 4099 339944 353028 641785 359040 631374 554732 591282 873145 908656 181191 214648 478829 748620 754975 31105 536410 547184 950025 372188 824504 552808 496280 623083 939722 877845 495739 260909 959692 884298 375875 734841 865230 426802 370242 808670 595558 494981 843229 897511 299512 110785 684330 840804 653641 224071 600348 533360 411650 529327 783985 178456 351922 697693 524661 196382 449813 309405 341115 776246 650956 793240 655407 252341
658146 730391 636287 251551 766225 206044 702941 249063 136901 563464 665343 496982 554499 471946 999999999 528295 740316 754183 820219 661704 489374 748173 491962 243178 510897 149007 423515 495453 587712 893996 351547 173446 156106 648124 252888 666058 475035 490026 768143 292986 201231 721923 83852 581290 957884 610157 638338 258950 467690 779760 824698 443168 796811 346907 662948 620982 468018 633667 216424 263122 634508 593731 315035 618149 569884 571663 169411 855494 503440 634396 116246 734720 752920 674685 552725 639548 242284 545697 248223 746182 222246 385769 691702 575110 169034 314416 855941 363256 652833 791876 367459 380847 145980 172912 812583 826179 415080 789173 185517 229749
873905 834231 201641 308479 1141481 511037 1152764 557763 402122 605553 1105262 963594 1045226 930461 528295 999999999 1160435 1174371 861533 708949 569911 604249 44676 305574 61269 676034 375519 105922 835607 960615 316828 628409 648226 922864 656247 304515 934351 754437 1120978 290215 729448 795476 460433 633880 936372 243152 1055694 728725 612326 764263 832276 908505 1002007 432175 283068 883377 137427 744067 435481 307379 239630 264662 812752 961610 49978 208198 697489 905220 109678 857444 639970 619253 878180 854736 247639 322097 631692 963380 281753 599213 556625 906358 780873 684691 692346 432307 854113 765784 942052 838300 472975 896426 483720 634651 1244440 811814 359039 730152 386296 685170
454703 625139 1160576 971426 120489 930518 93560 603430 801419 710008 87635 259113 274190 273799 740316 1160435 999999999 14112 731337 698666 682368 941090 1115986 957417 1115509 633295 832109 1078807 422905 718250 852549 573301 765441 356002 891608 1117752 271505 449187 174233 870861 630927 667401 821536 695349 870172 1097597 105434 481415 616183 797108 779125 304682 471359 743997 1131307 386516 1041828 615657 727570 857175 1129393 1063112 754712 242549 1183471 1080710 649138 729824 1082168 447837 642988 905395 595604 509757 1033846 1070227 537919 199820 936039 943793 927403 468576 643534 625143 684460 734839 801941 398904 328162 717016 711191 446805 696661 571331 87094 808939 842038 854684 920538 513107
463775 633686 1173921 985502 122017 944073 98417 617436 815524 721630 98838 271752 283517 287110 754183 1174371 14112 999999999 739127 708907 694722 951886 1129913 971506 1129355 646617 845404 1092585 433547 724372 866282 587319 778494 365176 904405 1130626 284758 461559 176800 884837 643745 676435 835467 706691 876951 1110778 119530 495263 628654 806245 787324 317929 476818 757556 1144289 396416 1055598 625885 741602 871205 1142577 1076224 766301 253452 1197313 1094065 662187 736902 1095921 457447 656560 916081 603443 518687 1047096 1083027 552027 213931 950150 954635 940750 479824 652934 636302 697409 748550 809816 413004 337218 725199 724591 458416 710773 585323 74540 817414 855413 864190 934523 527097
283761 114896 736075 888958 630070 1003807 795666 574163 752811 276771 747278 750132 851552 720141 820219 861533 731337 739127 999999999 166084 342486 318228 824573 870202 800343 847648 507734 755634 342045 100012 598063 700724 957346 379961 1072328 638224 723147 394072 577877 675706 896378 99864 851499 251476 153742 662591 674950 710927 352555 113238 54927 729219 283606 513326 662166 358945 726796 190490 625941 689840 687548 627020 1069514 503498 851993 676000 885574 43689 752095 298028 820770 284385 135742 229477 625388 592589 616443 643106 818376 323434 1033335 899818 132119 245206 916513 538939 70869 596872 406355 28362 475981 870892 677800 708294 806535 90481 525516 174483 898082 689864
252953 130561 602358 722892 616438 840524 746835 420312 588244 111061 695054 661215 766396 627621 661704 708949 698666 708907 166084 999999999 177206 247446 670036 704132 648271 701573 345419 603288 276549 258023 433637 554740 803724 347213 914545 515417 631131 287683 571343 510206 753795 86667 688671 85401 296285 528330 622982 579186 196889 126964 162995 630561 330680 347298 537305 312859 572337 83022 462002 523882 556186 491292 925137 456775 703884 535188 739984 207350 600646 253655 671966 210364 178280 204317 482978 466845 472999 570395 652405 250967 871295 781928 78935 98862 768808 373280 194285 479712 375278 138661 310437 754230 517390 562886 781575 167441 363239 165650 732567 552288
308115 278057 503268 548424 626747 663781 709402 258007 411071 74371 656615 580074 684739 543872 489374 569911 682368 694722 342486 177206 999999999 302156 527764 529614 511820 543909 194394 467634 284547 429613 269753 400274 635970 373036 742053 441651 547817 233181 592933 340285 599755 251831 512304 92972 470466 432985 589742 444436 67103 290423 338539 538615 432149 172090 458149 332544 432996 179927 285163 351044 464172 396116 766994 447017 573908 426738 582375 382365 467029 294552 511250 276031 316590 284930 375004 392718 325544 516239 479037 302511 695294 658708 227903 116889 608241 196512 369106 372995 396948 314542 133514 633399 343781 409016 769253 337350 211076 303301 555600 410209
500374 359696 444093 723802 862995 887746 983219 547641 638386 243993 930702 875136 980649 839574 748173 604249 941090 951886 318228 247446 302156 999999999 575466 706660 544495 829361 334888 503290 518385 413158 426722 692067 902948 593629 992096 336361 843400 507968 818606 509316 887958 308408 747591 250698 342381 375102 859869 745041 362719 204996 270441 836851 567499 401446 361595 557952 483625 328996 531752 533879 394257 344477 1048151 698542 582817 399719 867134 357160 497194 500270 793722 37433 406531 451247 356610 296875 623407 798265 651766 5530 926663 960429 318323 317350 888750 433999 280646 673428 621546 306722 386760 935384 605706 701076 1025321 239177 348394 147381 758923 708920
830734 794242 198341 282888 1096806 488105 1108834 513538 363097 565370 1061173 920471 1002993 887151 491962 44676 1115986 1129913 824573 670036 527764 575466 999999999 277740 36451 638713 333452 72176 791668 923238 272437 586635 616839 878773 632015 291311 891056 710033 1076360 246183 693169 756378 427108 593706 903617 226748 1011299 686628 568992 729291 796797 865479 959642 387836 272148 839365 97836 703027 391658 264190 228998 242907 782384 916959 77922 187634 661371 868230 78652 814045 602102 588532 837715 812358 220380 302434 588116 919100 248315 570571 534023 867087 740985 643075 657721 387674 819392 721717 897810 800866 428836 856502 441539 593048 1200086 777356 316699 697394 358788 642858
782053 804902 457225 18816 965881 214291 930457 380087 158053 593626 888837 727813 793568 699331 243178 305574 957417 971506 870202 704132 529614 706660 277740 999999999 305573 391002 378479 306150 723118 959221 283235 386544 344171 799521 355395 519774 702786 626949 958449 200113 438041 781441 163953 618779 985051 455135 852671 485210 539197 800696 859111 672625 922118 357545 508683 765230 291461 704746 267962 181193 471156 452021 507506 800121 352633 412127 405919 911162 315508 760485 359423 705404 838871 782398 413854 509070 423525 758138 54910 703098 260173 628796 756708 640679 395150 334803 887599 561823 811201 842727 397283 623951 265950 389932 1034924 850401 362538 790249 81058 447403
817253 774038 162535 312100 1092425 517955 1111414 515413 378958 545571 1063015 926209 1011124 892313 510897 61269 1115509 1129355 800343 648271 511820 544495 36451 305573 999999999 655987 317676 44989 780997 899479 265632 596473 640526 868760 660843 255049 896266 702052 1070277 250752 711659 734851 449573 573877 875435 190808 1011313 695492 556249 703010 771008 871574 943942 380025 235724 828998 79034 684654 396040 271944 192551 208334 806670 911624 67977 152506 680116 844031 48421 801302 618716 558802 818275 796750 188153 267353 592808 919978 271945 539515 563949 881156 720637 625865 678178 382899 792881 724024 888606 777184 419681 869500 450893 603254 1200280 750602 301646 669190 386321 651276
642024 746002 773573 398124 677595 300323 583818 285924 277296 617265 552184 378038 419828 359508 149007 676034 633295 646617 847648 701573 543909 829361 638713 391002 655987 999999999 526333 637676 566942 908912 470274 147120 137287 609906 268701 792819 361881 476429 688862 425364 60833 747788 227882 629474 994527 741043 537254 171173 505308 826401 861525 328730 772803 435287 792372 590534 608178 657158 315336 396918 767338 720949 223713 553151 716572 704843 38519 877959 645225 618009 39121 810429 759640 669946 680380 761679 231290 450566 397046 828210 294152 238367 715646 606423 70204 403823 893240 301744 608222 819941 443053 236277 237192 139370 698139 869015 521642 846645 326946 168220
499958 464203 328670 396486 793551 552858 843222 276773 305060 236273 791827 681633 779507 645333 423515 375519 832109 845404 507734 345419 194394 334888 333452 378479 317676 526333 999999999 273785 467259 603090 95307 408260 579620 555845 660126 295818 649432 395885 766035 178397 587049 429914 414312 264306 610304 266378 731875 487458 240372 426828 489054 631604 626502 100442 304924 515591 238737 370477 212010 200449 298061 233513 734050 611275 380728 248944 561756 550621 273635 484590 488045 329277 506192 479245 201905 253642 363938 646941 323924 331998 591950 701507 411538 309753 577406 126537 515782 467075 577291 481864 122174 681540 290254 417150 918876 476657 17822 412179 425159 444283
773668 729075 151116 315163 1053115 520396 1077066 481522 360604 500657 1028115 894761 981814 860394 495453 105922 1078807 1092585 755634 603288 467634 503290 72176 306150 44989 637676 273785 999999999 738531 854694 226704 569767 631351 826538 660584 228261 864383 660963 1029969 221764 694748 689864 439597 528957 832149 162177 975051 667471 513096 658847 726688 840528 899664 339700 211825 786639 37099 639888 365020 245818 170445 173696 797930 871850 107704 120472 663646 799320 9516 757984 599709 516500 773366 752529 148674 233958 561099 884458 266159 498396 566312 858355 675670 581320 664061 344518 748813 689927 846755 732378 378450 845496 424414 576909 1164018 706625 258051 625894 385281 622932
75781 227219 787084 741052 349077 791754 470889 350171 572823 294364 419536 408198 509603 378826 587712 835607 422905 433547 342045 276549 284547 518385 791668 723118 780997 566942 467259 738531 999999999 368830 520115 430399 695034 88833 822565 725137 381715 98422 310664 569359 604551 258272 644846 276235 494508 717397 347121 406523 227322 383650 379955 389682 209257 405068 742294 48379 702237 193865 455440 568283 748660 680617 776090 180484 846184 709630 601660 356089 739300 52376 549565 482534 217545 116952 658482 675881 348505 302830 682719 521187 809832 570206 229708 204708 636949 411471 407717 277634 112509 320733 363101 540675 470873 435577 506944 404367 481629 436847 720851 398869
298681 163980 835957 978029 608504 1083499 790930 645383 835722 368807 745702 771569 868648 744563 893996 960615 718250 724372 100012 258023 429613 413158 923238 959221 899479 908912 603090 854694 368830 999999999 691613 763436 1025002 384033 1144084 737439 747174 439436 553971 767473 954204 177847 930911 342039 157827 762530 675116 762348 429907 209844 142729 757446 249063 601679 761525 372910 825412 261030 708244 780064 787345 727009 1127695 507202 951668 775994 946094 57024 851302 318464 884704 380780 152711 252080 725323 692134 678316 657008 908373 418505 1110915 938497 204512 322681 978697 625485 138128 640476 407110 122373 562531 909052 754769 770431 787120 175483 620910 266455 983019 746006
562555 546743 323316 301198 826843 462826 853270 261280 222926 322847 803628 676823 768647 641562 351547 316828 852549 866282 598063 433637 269753 426722 272437 283235 265632 470274 95307 226704 520115 691613 999999999 370757 506192 606725 576706 323665 645613 437611 804806 83298 530891 516057 330503 350022 704719 276881 749155 461292 301163 520833 581883 623820 695398 115430 325434 567544 189618 449626 160049 107271 305926 252697 666271 646000 333037 246339 503077 640433 229706 544755 431194 423180 586290 548760 213150 291424 345459 659377 228630 423513 503372 666754 495227 386538 513981 117842 609223 467453 625459 571560 157035 649861 234730 379017 938039 570673 79380 507444 332219 416589
504082 600078 690691 399561 593553 377500 543936 144436 235677 472775 502552 342621 417285 313060 173446 628409 573301 587319 700724 554740 400274 692067 586635 386544 596473 147120 408260 569767 430399 763436 370757 999999999 265221 482700 392215 692423 316585 336145 594710 348081 199888 600859 250158 483836 847407 647636 469643 101102 358882 679942 714425 287143 638953 310572 695718 458832 536055 510255 211115 324655 676479 622652 370411 445317 662100 615993 185371 731453 575906 480016 121443 671020 615328 528199 583692 656033 85159 375824 371862 691300 387645 296142 568797 459323 215837 281813 746140 189834 485019 672962 310107 279250 145594 9081 649054 722167 406991 701777 347498 60860
769115 861096 777518 344918 813899 189176 710763 383745 285984 710341 682439 507566 536389 492099 156106 648226 765441 778494 957346 803724 635970 902948 616839 344171 640526 137287 579620 631351 695034 1025002 506192 265221 999999999 742906 131539 815613 494177 601359 825995 442898 137754 857858 191762 726196 1099661 757415 671707 307998 607225 925043 966139 461042 902885 501508 810886 721549 607515 767916 371541 412740 780093 743436 166591 690026 693718 717443 116307 990309 639963 745043 145801 888487 878771 793199 702452 791475 349507 586654 368770 901082 169697 336171 826527 712746 82209 468953 997695 436944 742529 929195 519472 343561 297709 259588 826766 970135 571096 938299 266123 300225
98733 270212 875841 817087 269369 853919 415843 421449 646165 378887 367341 391988 485742 368300 648124 922864 356002 365176 379961 347213 373036 593629 878773 799521 868760 609906 555845 826538 88833 384033 606725 482700 742906 999999999 872916 812852 370430 173749 226493 653083 640924 311412 710904 358820 525894 805996 295134 442030 316112 441113 425216 385598 170958 491391 830321 40519 790123 264718 533420 650437 837207 769152 808256 124169 934228 798451 642173 384372 827448 93566 597282 556961 245240 153948 747266 763500 405896 273859 761367 596823 868630 578410 287847 287128 678702 496076 449647 309486 28156 363388 449941 548809 541323 486641 436313 453912 570059 499178 791989 442783
895903 980159 811239 349129 943799 145938 832911 498925 355206 816012 807300 632713 652394 619455 252888 656247 891608 904405 1072328 914545 742053 992096 632015 355395 660843 268701 660126 660584 822565 1144084 576706 392215 131539 872916 999999999 865043 621317 727521 956917 502863 260687 973622 246323 834128 1210756 802720 800013 439536 720016 1032475 1077534 588350 1031153 593870 856712 850581 642905 884702 463917 473599 821624 794393 197715 821560 704882 760597 244742 1106964 669823 871859 275821 981195 1000371 917663 754226 847432 474813 716515 395636 989707 102066 446021 943014 827123 208101 561870 1108801 568129 873159 1044013 617962 458291 398297 387341 949836 1079029 649059 1040589 275325 430798
738388 645635 112685 531731 1068038 731744 1134886 569981 530335 439422 1082906 977387 1075229 941048 666058 304515 1117752 1130626 638224 515417 441651 336361 291311 519774 255049 792819 295818 228261 725137 737439 323665 692423 815613 812852 865043 999999999 945147 671255 1034537 373259 853149 598037 627904 464154 678721 66276 1020370 778488 504718 528376 597329 927407 842500 395240 25449 772581 230857 576607 483196 403317 65734 72327 980088 887322 269424 109266 824538 680421 219156 728861 753698 361791 693621 702921 113338 49556 657106 938562 472015 330860 776847 988478 594247 532066 832849 417312 612349 762692 837634 620571 416696 970386 558356 700921 1204840 569727 291464 479604 593887 734384
448518 608266 967260 715310 328831 660109 228243 384409 551672 599408 191201 32529 137260 4099 475035 934351 271505 284758 723147 631131 547817 843400 891056 702786 896266 361881 649432 864383 381715 747174 645613 316585 494177 370430 621317 945147 999999999 343467 352659 645723 360817 634562 557889 595031 876096 912748 179735 217978 482737 752006 758135 33178 538285 551279 954123 374685 828503 556184 500229 626976 943813 881942 496527 262305 963634 888378 377921 737684 869229 429535 372946 812457 598326 497775 847321 901608 303472 111172 687943 844639 656030 223728 603579 536975 413597 533409 787102 182553 353826 700766 528759 196252 453582 312873 338241 779502 655054 796759 658623 255898
168608 282374 722658 644704 398513 693605 479078 251945 475303 266788 426243 373727 479119 339944 490026 754437 449187 461559 394072 287683 233181 507968 710033 626949 702052 476429 395885 660963 98422 439436 437611 336145 601359 173749 727521 671255 343467 999999999 370246 480208 517687 298751 546433 257270 547522 655993 357766 323166 167232 409812 422125 343392 306854 322309 686127 138283 624132 214747 360057 476877 687708 620278 690690 216583 768531 643596 512290 416619 662558 144662 456651 474937 287230 193715 594183 623038 252716 290381 587927 509816 712250 505817 266458 194456 546632 324310 452503 202957 189207 368937 282514 476987 372638 341877 536085 440271 408479 453296 622861 309760
318542 479392 1091737 974487 55399 970383 262332 582150 800510 604542 232813 355987 410940 353028 768143 1120978 174233 176800 577877 571343 592933 818606 1076360 958449 1070277 688862 766035 1029969 310664 553971 804806 594710 825995 226493 956917 1034537 352659 370246 999999999 839042 701347 526035 842925 585107 709077 1023768 185551 520664 531566 655414 628697 382106 304958 690352 1051008 265022 992993 489747 704906 831045 1055317 987475 847866 160380 1137270 1013075 712744 571174 1031883 318776 688795 781664 443798 370222 963047 985479 537280 244610 928149 821961 975425 574662 506574 513366 749920 688698 648704 405072 199495 566927 651885 548210 692534 595422 233566 660725 778725 716470 935466 540193
618657 618306 348605 218213 856285 383180 862652 267668 157130 399151 815048 675531 760700 641785 292986 290215 870861 884837 675706 510206 340285 509316 246183 200113 250752 425364 178397 221764 569359 767473 83298 348081 442898 653083 502863 373259 645723 480208 839042 999999999 484585 590591 258724 425470 786149 317411 765915 445783 361759 601956 661787 620838 755185 171575 369996 615314 188083 519436 145634 30159 342567 300953 606860 678771 317925 279848 454795 717529 227825 599223 386517 506375 655703 610328 259933 348786 342379 673308 145723 506000 424947 638591 568003 455488 460720 158345 689681 475573 669403 648737 214474 624802 202981 355313 954504 651756 162678 590197 250271 401312
680198 792361 832277 443481 685400 321468 573763 342351 334170 672551 546833 372112 398775 359040 201231 729448 630927 643745 896378 753795 599755 887958 693169 438041 711659 60833 587049 694748 604551 954204 530891 199888 137754 640924 260687 853149 360817 517687 701347 484585 999999999 796661 274123 683709 1044855 800889 539937 199160 558528 879428 912355 327951 807171 495487 852431 624584 665958 706071 376164 455823 826917 781199 173511 574203 771091 764321 32167 925339 702474 656368 99742 868365 803546 711309 740561 822313 281012 458524 448687 886908 306731 201972 764260 657479 55658 464181 944054 331543 636859 868952 502208 206756 298025 191399 690185 921109 582446 901645 368955 208290
212697 51288 687475 800251 574958 907938 724555 475031 658701 193766 674382 662724 765882 631374 721923 795476 667401 676435 99864 86667 251831 308408 756378 781441 734851 747788 429914 689864 258272 177847 516057 600859 857858 311412 973622 598037 634562 298751 526035 590591 796661 999999999 755414 166114 250216 613412 601688 612235 254828 129952 123804 638514 259091 423920 620482 283658 658741 90642 531344 602578 640790 576552 969736 430829 790546 621261 785726 133713 687270 221321 720940 271176 98733 157801 569175 549989 516599 561018 730768 312776 936502 804212 32726 147048 816651 447650 153782 500604 339251 72306 384687 775533 580489 608432 746844 146110 447699 190532 805503 590429
712254 768979 586038 170276 843441 152589 785996 296315 109290 584578 747705 580334 638256 554732 83852 460433 821536 835467 851499 688671 512304 747591 427108 163953 449573 227882 414312 439597 644846 930911 330503 250158 191762 710904 246323 627904 557889 546433 842925 258724 274123 755414 999999999 605275 982633 568160 718786 340840 501051 800883 850810 526256 852443 353674 621923 681285 415958 669959 227448 228928 589893 556128 358352 689986 504559 527486 241987 888963 448202 688982 198337 738164 795510 723674 515351 606584 308986 625465 178910 745034 183298 466187 726688 608631 232639 322707 881406 438125 717808 823185 382338 462723 177825 251026 894884 848877 402909 803656 101665 308985
276062 200572 541732 637546 625217 756720 733705 344853 503759 28336 681042 626413 732078 591282 581290 633880 695349 706691 251476 85401 92972 250698 593706 618779 573877 629474 264306 528957 276235 342039 350022 483836 726196 358820 834128 464154 595031 257270 585107 425470 683709 166114 605275 999999999 377573 468443 610800 518060 126468 198867 245581 590329 380584 261908 484089 320162 496574 114052 378108 438676 497943 430997 853128 453537 632058 470285 667992 292480 527014 269208 598188 217997 244421 238783 417653 414668 405027 547583 567174 252582 788248 727457 147481 71751 695278 288139 276139 430842 385615 223950 225436 700817 436051 492315 780784 244904 282038 218661 647431 487450
432694 268110 786004 1003531 763095 1133665 939277 715981 879871 398239 892322 902686 1003333 873145 957884 936372 870172 876951 153742 296285 470466 342381 903617 985051 875435 994527 610304 832149 494508 157827 704719 847407 1099661 525894 1210756 678721 876096 547522 709077 786149 1044855 250216 982633 377573 999999999 715835 820611 862322 492440 184379 133522 882677 405039 634408 703972 508332 807666 339809 755262 803928 736193 683571 1217415 650059 919468 737330 1032732 141543 827172 448749 966188 319829 281319 379903 690745 638759 764032 793713 931488 347874 1165726 1053335 282941 388214 1062642 662883 102013 750128 551062 178696 601175 1024463 813217 855259 941423 134838 627479 206258 1020660 839709
737351 658793 74064 466683 1054455 667897 1109571 532162 473587 441960 1058205 944664 1040095 908656 610157 243152 1097597 1110778 662591 528330 432985 375102 226748 455135 190808 741043 266378 162177 717397 762530 276881 647636 757415 805996 802720 66276 912748 655993 1023768 317411 800889 613412 568160 468443 715835 999999999 997989 737237 492229 556140 625422 893296 849025 361662 53998 765492 165019 582402 436756 347081 31803 37456 922768 872551 212401 43242 771585 705647 153158 725865 701982 396114 706063 705935 65444 80486 618528 913312 408379 369751 713214 943581 606152 532684 778130 380059 643049 731151 829628 642875 388490 926724 509531 655880 1184502 600198 258501 512487 530252 692686
391785 563801 1059755 866854 151968 831609 123853 498352 696361 623137 72694 175812 226180 181191 638338 1055694 105434 119530 674950 622982 589742 859869 1011299 852671 1011313 537254 731875 975051 347121 675116 749155 469643 671707 295134 800013 1020370 179735 357766 185551 765915 539937 601688 718786 610800 820611 997989 999999999 380039 522868 729563 719110 212161 437696 641897 1033127 318183 938134 540745 622340 751951 1029747 964025 674682 171557 1079288 979857 555791 679075 978577 380495 544322 825144 540364 446932 933779 973436 432532 94586 830780 862205 830538 394419 575100 542519 591980 631653 744305 293476 269549 657645 610303 369462 591346 468019 188982 746538 741198 783904 817126 409876
482291 602932 783853 497479 513023 452862 446168 211125 336489 512125 406900 242633 316541 214648 258950 728725 481415 495263 710927 579186 444436 745041 686628 485210 695492 171173 487458 667471 406523 762348 461292 101102 307998 442030 439536 778488 217978 323166 520664 445783 199160 612235 340840 518060 862322 737237 380039 999999999 391865 706143 731932 187421 608031 387269 783542 425461 633092 522626 304460 423567 766892 710317 369577 382047 761596 707617 200813 737018 673293 458620 168145 720341 610373 515680 672453 739621 125159 288604 472508 744933 455197 217273 579526 480592 237822 361948 763365 132545 438782 684300 378025 194959 245089 96123 554052 744329 488636 736063 441044 44806
261871 269070 560798 557928 563468 653637 642329 223560 406919 121301 589550 514852 619880 478829 467690 612326 616183 628654 352555 196889 67103 362719 568992 539197 556249 505308 240372 513096 227322 429907 301163 358882 607225 316112 720016 504718 482737 167232 531566 361759 558528 254828 501051 126468 492440 492229 522868 391865 999999999 321104 358918 474690 394575 190456 520218 275701 477249 169211 279503 367250 523756 455912 729002 382631 620514 482801 543781 388540 513442 245131 475205 334077 300062 248719 432071 456236 278894 449170 491818 363545 681716 602742 225648 107784 572131 206145 390492 310733 338480 324204 147350 576565 325661 367205 703155 364125 255259 345079 555573 360988
342470 176442 628954 819189 704734 951197 852847 543068 696964 216694 802214 781339 885801 748620 779760 764263 797108 806245 113238 126964 290423 204996 729291 800696 703010 826401 426828 658847 383650 209844 520833 679942 925043 441113 1032475 528376 752006 409812 655414 601956 879428 129952 800883 198867 184379 556140 729563 706143 321104 999999999 69284 753166 377999 450743 552701 412271 632159 195838 573460 619558 579879 521440 1050102 559390 751398 572332 864880 153118 654590 350086 795944 171342 217398 287726 523015 483827 599008 684743 747192 210197 984161 908295 154471 225740 892970 479740 90267 605475 469028 103622 418665 880433 634201 688217 876782 49842 444165 64584 836663 678963
327378 155309 698230 877740 680221 1002299 840890 582462 749133 267665 791690 786088 888867 754975 824698 832276 779125 787324 54927 162995 338539 270441 796797 859111 771008 861525 489054 726688 379955 142729 581883 714425 966139 425216 1077534 597329 758135 422125 628697 661787 912355 123804 850810 245581 133522 625422 719110 731932 358918 69284 999999999 762306 337532 505201 621735 401346 699425 209793 623690 677979 649135 590690 1084636 547584 820091 641427 899790 87342 722601 339394 832897 238432 184939 272178 591917 552998 631386 682663 806230 275796 1033687 926997 155705 255102 929449 532768 31715 623235 452261 62128 470487 898459 680314 722349 855713 35651 506623 123884 891628 708068
459015 614567 946365 684873 360145 627143 259774 362637 522702 593159 224028 55542 148436 31105 443168 908505 304682 317929 729219 630561 538615 836851 865479 672625 871574 328730 631604 840528 389682 757446 623820 287143 461042 385598 588350 927407 33178 343392 382106 620838 327951 638514 526256 590329 882677 893296 212161 187421 474690 753166 762306 999999999 555181 532558 935675 386625 804924 557729 475715 601288 924148 863154 465970 283162 938704 867873 344803 745562 845594 439025 340124 806766 607153 506484 827854 884621 279545 138259 658950 837881 622882 198537 607015 534841 380550 513335 791794 167624 370827 706065 512012 170026 426306 283023 370883 782431 636491 795883 627215 226824
140715 207805 922284 940440 359652 1000380 548041 556527 776070 407332 505628 557800 646325 536410 796811 1002007 471359 476818 283606 330680 432149 567499 959642 922118 943942 772803 626502 899664 209257 249063 695398 638953 902885 170958 1031153 842500 538285 306854 304958 755185 807171 259091 852443 380584 405039 849025 437696 608031 394575 377999 337532 555181 999999999 584684 863313 182600 865144 266666 654499 758332 878436 811580 976373 279852 1005513 850060 806471 270057 898864 163545 757159 530251 161702 147284 797449 793297 557659 436276 878642 571855 1018990 749188 252665 319433 842410 597518 352922 476032 184509 278762 541516 719612 676883 643863 538293 372014 643005 442347 925286 604633
449679 448757 419112 376351 713645 501653 750052 176385 247128 237772 699334 583305 680116 547184 346907 432175 743997 757556 513326 347298 172090 401446 387836 357545 380025 435287 100442 339700 405068 601679 115430 310572 501508 491391 593870 395240 551279 322309 690352 171575 495487 423920 353674 261908 634408 361662 641897 387269 190456 450743 505201 532558 584684 999999999 403118 452329 302681 349162 130594 179533 392915 330699 649235 532179 446919 339396 471902 553880 341866 431164 397929 387994 484927 439171 296308 353908 263512 554424 307067 399577 536491 602008 399611 285033 490576 32556 534717 369492 510029 485648 43168 581631 204689 319564 830187 499703 103938 450187 386461 344354
757345 667698 87945 519992 1083681 721691 1146646 576405 526586 458889 1094869 986247 1083130 950025 662948 283068 1131307 1144289 662166 537305 458149 361595 272148 508683 235724 792372 304924 211825 742294 761525 325434 695718 810886 830321 856712 25449 954123 686127 1051008 369996 852431 620482 621923 484089 703972 53998 1033127 783542 520218 552701 621735 935675 863313 403118 999999999 789957 217860 597053 485462 399830 43485 73226 976040 902513 246419 96573 823388 704502 202508 747307 753272 386699 715579 722842 112379 70498 663287 950264 462260 356099 767056 991855 616018 551222 830578 423725 637055 771905 854797 644201 426712 974371 559451 704094 1218364 594390 299191 504464 584114 739201
75646 246145 835322 782975 305825 826191 440896 389070 613184 339587 390865 398670 496421 372188 620982 883377 386516 396416 358945 312859 332544 557952 839365 765230 828998 590534 515591 786639 48379 372910 567544 458832 721549 40519 850581 772581 374685 138283 265022 615314 624584 283658 681285 320162 508332 765492 318183 425461 275701 412271 401346 386625 182600 452329 789957 999999999 750291 229899 498237 613408 796713 728659 794102 147188 894310 757947 623970 367508 787468 62342 575749 521569 227190 129551 706749 723257 379520 285607 726018 560994 842448 574667 257943 248411 660009 457834 427282 293638 65602 340278 410615 545006 509529 463333 468767 428370 529905 468519 760118 422483
