NAME : synthetic_000178
TYPE : CTSP-D
DIMENSION : 100
GROUPS : 8
RELAXATION_LEVEL : 1
EDGE_WEIGHT_TYPE : EXPLICIT
EDGE_WEIGHT_FORMAT : FULL_MATRIX
EDGE_WEIGHT_SECTION
999999999 215406 395409 464713 397513 257874 41215 766015 363149 193095 732818 140828 261650 258452 803088 95742 187023 905168 373250 585403 573556 188033 84725 606214 758301 232816 457307 521705 524861 444587 625417 556996 73240 580251 321351 362804 420164 219975 786568 305058 418417 259293 567759 712726 309174 607435 678808 450427 367969 200157 669322 702728 525144 223601 656663 588107 262342 501633 213625 295323 156554 553267 36159 830566 692636 669018 167317 733229 520899 590500 602205 390805 262380 426444 801252 402069 152066 533630 221010 632027 325470 766996 480311 432057 670268 109912 198136 822642 1006043 459092 595478 278564 661525 94795 488161 436992 601454 71818 318012 365036
215406 999999999 325516 304428 339855 337333 187938 692252 149956 404623 533732 192437 447738 79919 771331 125014 341034 702755 249364 508462 463083 103970 146533 588869 630810 221570 335510 526643 364962 538428 464921 357423 144419 364877 433327 303808 227087 90013 571458 114735 210357 293650 595216 501658 412758 399726 495321 517094 256073 411440 460738 694108 365864 390587 480100 373403 278353 511834 421103 219503 294574 548669 245379 619438 590049 516159 368212 648239 321998 468747 386799 205885 335381 310388 642735 190236 253792 339954 107595 646246 538877 572955 342627 246665 609827 322090 412059 635163 804661 260011 381250 489772 519620 309471 515937 265181 563416 283586 115852 211401
395409 325516 999999999 596519 665370 625772 355101 1011663 322609 558011 732837 475457 651818 399066 1096670 329073 580889 874746 567730 829944 775066 242174 322199 913827 926382 163783 107718 848104 650592 826278 290902 345037 372924 476649 707393 33822 257099 237656 666934 415442 443115 177249 912382 520524 691461 417055 735372 818510 87659 564850 632634 1018791 651999 618986 733395 512946 588837 832011 488590 109759 544450 871969 429804 755668 901243 796099 552922 964940 320375 774932 498275 488324 626904 627516 908734 413903 274738 309315 221996 967190 665798 782243 647480 238234 933064 441157 511459 854786 973341 504638 460360 633995 809352 465418 831739 204760 888891 418063 399895 520368
464713 304428 596519 999999999 209320 396101 456519 432442 281775 611237 299250 348579 597487 226817 551538 404849 481316 470017 107396 269945 189710 407870 429316 414404 330916 523944 564708 399731 61325 533406 614907 436067 396910 315456 486325 583502 381960 386896 445366 190974 171055 597562 481962 478838 463074 426459 221035 480342 512125 616417 282495 512654 61985 528237 194004 284375 306258 397096 676116 504881 440930 401853 479052 437101 309895 211957 558746 380542 416005 181622 323011 108197 387770 101011 340808 196662 551828 444870 404785 503716 739099 319936 63173 410537 374427 571602 652344 364708 564907 124498 357298 685350 216269 540230 424917 448230 365978 535399 199509 100031
397513 339855 665370 209320 999999999 223967 408556 370012 404034 486011 497074 256894 439143 269947 431900 381019 334580 660210 128904 187891 192505 432507 402266 251253 378287 546446 666309 205490 237018 326039 761069 602130 351781 510479 296446 643141 512147 428654 654604 269701 333648 608106 285316 676038 274861 608807 403125 271161 593363 489459 491536 356857 235822 372003 367747 485740 150522 197571 583009 558630 307144 218515 395791 643011 299143 329535 429573 335716 574927 219133 521757 252214 214446 108647 455853 347852 528442 601751 445388 321406 597978 507574 167864 539451 277878 485188 548283 535932 748008 313282 549072 545362 306183 442874 219498 570858 223698 456515 294070 186103
257874 337333 625772 396101 223967 999999999 288236 552573 465883 275418 695352 151489 215288 310928 560895 297306 119247 865370 289441 390065 415385 386451 307852 364009 598699 473525 662786 273088 441162 202714 802252 682044 254081 640062 100345 596160 560776 401953 818752 342438 451485 513455 310950 799335 77621 710740 611468 194738 576258 277532 667675 453086 440454 149208 578977 628736 90307 251798 390765 517106 111269 307399 237830 828496 511126 551847 219737 531389 648513 443014 657083 383599 9578 310726 679603 451674 409705 669996 412981 376867 376514 713906 375803 582529 452369 307893 349564 750493 958144 459924 670239 324988 529978 260457 232800 602510 372237 291065 367959 323128
41215 187938 355101 456519 408556 288236 999999999 778497 331994 230257 715018 156768 302802 240765 823117 63218 226123 886241 371054 595889 577425 148633 46362 627282 760000 193328 416094 545484 517449 479975 584773 520439 60424 550927 357623 322736 383271 181836 758805 286702 395912 225325 595395 679092 344216 572734 666130 482436 326763 237391 647127 725909 517882 264248 645893 561176 281919 526002 233421 254215 192618 575879 77215 806930 699110 664416 207801 743405 484365 592222 573250 375517 291847 427058 795905 377567 124265 496155 181621 658217 360408 751150 477376 394054 684526 134771 225004 809157 987667 440297 564132 315275 659433 130580 515056 397649 619033 96696 296793 356500
766015 692252 1011663 432442 370012 552573 778497 999999999 710837 827947 552798 625211 752743 614362 163233 749739 671808 647960 444246 184849 242821 792090 771560 221442 203818 908968 992521 309205 396562 524949 1045756 862460 721724 720749 578478 993606 813844 782172 772178 596630 603477 974255 342228 868451 565795 841596 451097 460432 931893 829904 615673 222059 394649 695545 418089 679653 507838 329190 939503 910378 656826 274707 761320 706428 133778 316948 772285 55523 845537 254649 720604 534883 543693 384149 342067 628872 898249 874596 799843 295944 919069 526907 372364 842462 100455 847181 900528 502037 696126 552743 764630 870901 278119 802311 368029 879612 185978 821509 614253 492133
363149 149956 322609 281775 404034 465883 331994 710837 999999999 554103 428438 333028 596145 155641 816300 269080 486529 587427 282340 537339 468692 205153 287181 652444 607053 293780 282939 607450 331448 659729 357236 216165 293832 220046 565406 315260 108236 169766 429641 136130 120513 369286 683867 351731 543345 251170 416194 628497 235579 560971 339829 757299 332989 536892 411733 236222 392176 596576 561568 247181 439489 622533 394476 489237 591467 474094 518149 660484 182895 463300 242848 175994 462111 334721 586431 91304 369221 205841 182314 725125 688015 474222 338821 136032 643173 466682 556913 543628 689340 182031 232359 639402 489184 457822 609491 170278 615510 428682 110436 225908
193095 404623 558011 611237 486011 275418 230257 827947 554103 999999999 898164 263251 118266 434180 827131 288819 156175 1071739 507915 663202 677641 378665 276403 633226 864184 396172 634706 539445 667106 387222 810502 750032 260293 768364 274137 524211 613082 412066 971720 479983 597619 393224 558948 904935 276737 800267 831893 421103 547065 7158 844985 713370 666953 140407 804948 772809 335584 517623 133464 470351 179129 575225 159806 1008064 782295 798682 56531 806326 713936 701545 789752 556925 284405 549226 930489 584725 284229 726289 411582 628395 134751 927140 611192 624303 727676 117183 86630 975893 1170602 630665 785873 85523 783240 99793 490242 627326 646474 142389 497225 516913
732818 533732 732837 299250 497074 695352 715018 552798 428438 898164 999999999 635677 894307 474767 710130 655061 777207 173582 406255 470103 375316 622400 678319 639819 359784 721602 660428 657403 260075 822479 621099 436531 660248 270797 784639 733087 476146 590665 223366 428438 324799 797426 736707 357733 761554 381845 106600 764479 646333 903868 106837 717113 261253 825304 144522 226821 605458 661014 946203 673549 734887 648160 753843 157904 423349 238404 848356 498873 440742 343036 255181 342772 687007 391205 250985 349145 784820 465279 605773 738992 1029565 52134 329210 497685 547271 842679 928921 126628 273322 274798 304771 976166 279187 818066 695733 535382 581769 804590 419186 383123
140828 192437 475457 348579 256894 151489 156768 625211 333028 263251 635677 999999999 270568 187076 666355 149465 155533 809239 247559 444738 436698 235099 163887 470708 622881 327335 511530 390409 405622 354040 655222 547115 108773 528985 242521 446521 419348 250779 723421 228740 346783 374838 444637 679719 223099 583574 568846 343064 424783 268697 587252 570121 405587 206519 542545 526127 125414 371497 334841 366324 108476 419964 140535 750758 553461 542630 212700 592562 512282 455772 548543 296669 151814 294788 675181 339201 280672 531507 261523 505183 393905 663940 353378 439052 529751 232655 306304 712972 907660 372301 553418 340599 531274 195070 363670 456064 462538 201144 250428 253681
261650 447738 651818 597487 439143 215288 302802 752743 596145 118266 894307 270568 999999999 457099 734692 350166 117654 1066801 490300 600915 630639 447395 344932 546299 813253 488047 718745 451745 647714 277259 886110 804229 311958 799020 177206 618423 670187 476528 993729 499307 617242 496535 459579 946742 187169 847110 817235 319337 629500 114672 854143 617632 647217 69306 786636 796686 296513 430102 250462 555867 162893 487994 225591 1017405 723288 765641 99491 737412 768449 658254 818850 563212 224848 520542 894355 609620 384594 784336 480002 529106 166333 917423 585251 685420 652490 223117 203691 958793 1162394 639921 822087 120400 744838 188147 397866 694359 567531 236215 520747 512273
258452 79919 399066 226817 269947 310928 240765 614362 155641 434180 474767 187076 457099 999999999 698701 183003 342590 646784 170418 431384 383405 183703 207140 521049 551203 301466 396639 465454 287883 504182 505140 371489 185569 341980 410873 379535 256610 168495 539192 46638 163478 373085 538279 493739 388519 400771 426697 474382 323973 440509 412147 626648 288670 393587 408546 340786 236802 452451 471508 296027 295551 484552 281687 574557 510406 438766 390256 569512 338529 388828 361763 135235 306861 231270 566891 152752 325839 361206 186397 584797 568617 510386 262845 281359 534025 368359 455824 568972 747821 200642 366632 516906 440804 346717 461298 308103 491814 330080 63870 131730
803088 771331 1096670 551538 431900 560895 823117 163233 816300 827131 710130 666355 734692 698701 999999999 805942 675448 810931 536057 281824 367898 864064 825197 197495 366958 976629 1091308 288427 527491 473672 1164454 987599 771665 856850 557892 1074935 923142 860469 926203 690410 719691 1035121 279280 1011208 551408 974397 606140 418154 1022554 827699 765679 120210 525523 687788 571245 818449 541404 310113 950249 990449 671729 253518 791189 865588 286781 472031 774632 212891 967067 389353 859314 644010 553449 481582 505296 742217 946901 995776 877270 213062 898082 687055 488501 951567 177472 868254 907304 664815 859027 675814 900414 855086 431706 821086 337526 986561 208310 848524 711676 590723
95742 125014 329073 404849 381019 297306 63218 749739 269080 288819 655061 149465 350166 183003 805942 999999999 259308 825530 326730 565369 538246 98217 24467 613032 717265 177881 376447 536792 466139 497205 536632 461413 43988 487757 378968 298967 324774 126471 695590 227840 334109 229296 593644 617378 362527 511769 609695 491227 287354 295870 585128 714731 466716 303361 591037 498028 271257 518606 296089 221679 218599 564778 129950 744373 662508 615194 260244 711544 425319 550324 510054 318227 298955 385298 745538 315046 151112 438494 130214 653117 420992 692332 430987 337456 658893 197941 288153 751867 927178 380291 501358 374301 612851 190281 512613 344375 599030 159712 235995 305455
187023 341034 580889 481316 334580 119247 226123 671808 486529 156175 777207 155533 117654 342590 675448 259308 999999999 949950 374495 507928 527065 357250 260433 479859 712525 419410 635592 387038 532892 264343 793472 698378 216805 684406 140595 548749 567117 382040 877069 383578 500972 444133 414404 834932 134399 737620 701716 282638 546324 158383 736525 564255 532479 51008 671885 680636 186156 365335 274882 477610 47180 422327 155915 899763 627951 655606 100637 650333 663025 552700 703806 445647 128240 407963 785913 494426 333358 680687 388420 482873 264147 801127 472058 584556 571574 202259 232042 844030 1046069 522427 708915 211051 637093 154983 341082 597283 490876 194913 405796 394794
905168 702755 874746 470017 660210 865370 886241 647960 587427 1071739 173582 809239 1066801 646784 810931 825530 949950 999999999 577402 604859 515975 787309 848422 773639 444192 880912 791886 804234 425530 982564 719431 550902 832351 398390 952318 879077 618795 754186 249721 600261 492501 955910 880224 423446 929517 484889 257126 922127 790805 1077449 247724 838548 426444 997676 293395 362522 775972 810481 1118250 826723 908007 790416 926815 137838 531831 362280 1021906 599025 564067 481811 377469 515947 856818 557500 307746 514786 951100 584093 768371 873535 1203113 152639 493559 636521 665250 1015077 1101798 146487 102155 446202 420290 1149691 401575 991201 847598 671404 714502 976855 589596 556450
373250 249364 567730 107396 128904 289441 371054 444246 282340 507915 406255 247559 490300 170418 536057 326730 374495 577402 999999999 262415 214636 351568 350736 370789 390534 469485 555433 333965 159370 437859 637246 474096 310631 383471 381670 549359 390372 338802 539069 154702 204758 538700 414197 548951 358230 479923 327223 389851 489467 512833 381556 475228 159146 421020 297993 361308 199311 326474 580379 466242 335005 344600 383356 540293 341259 296255 454409 399096 447725 223907 395862 123310 281305 61053 428776 219711 477579 475004 356642 448101 633912 427210 107087 418361 366634 476530 553675 469915 672158 187455 421169 580129 288578 441971 347273 451923 333279 441879 175652 57981
585403 508462 829944 269945 187891 390065 595889 184849 537339 663202 470103 444738 600915 431384 281824 565369 507928 604859 262415 999999999 96273 607574 587432 170015 221953 724249 816014 207724 250949 415287 882838 705970 538338 579345 436020 810919 643168 598466 670784 416595 437975 789414 277425 737768 419080 694702 363687 349033 751818 665929 505030 252229 248996 538268 325584 543111 332742 219444 767278 727269 486935 187771 583089 627783 123092 242586 606769 147828 685244 127101 583561 363275 380665 204061 336409 460894 714483 713956 616029 269732 765433 460741 206815 671709 105906 671421 730636 462636 675956 394386 622466 714675 203995 628018 260506 707487 111667 643719 435913 313631
573556 463083 775066 189710 192505 415385 577425 242821 468692 677641 375316 436698 630639 383405 367898 538246 527065 515975 214636 96273 999999999 565951 561743 264718 187030 683921 751066 288477 159593 479962 804042 622776 517592 488983 478937 758957 571072 551736 574529 359966 360764 753327 364498 644895 459144 606770 269342 415755 693289 681275 408909 348185 157626 564100 231041 451097 342173 295834 769649 677150 498527 274892 577220 532646 127014 156652 621336 191798 604388 34354 491851 292721 405815 153944 269818 386051 689343 633378 569695 363683 790432 368764 129872 599686 190909 669063 737044 377214 592098 311428 532521 737864 123243 629075 334476 636963 207318 637724 375431 255087
188033 103970 242174 407870 432507 386451 148633 792090 205153 378665 622400 235099 447395 183703 864064 98217 357250 787309 351568 607574 565951 999999999 103312 676660 734777 117980 279420 607541 468068 588572 438800 374512 140598 423695 473108 215359 237320 36584 633726 217201 298029 189772 670462 538743 455492 430432 592310 577478 190998 385813 541116 780807 469025 401577 579371 441349 346712 590930 362814 132421 315616 632590 223914 693892 692774 619264 355224 749360 338607 572384 446796 306848 386909 412597 744737 273316 164480 348803 33001 726181 507108 664457 446535 246202 707044 276004 364507 729459 889462 353524 430670 463352 623421 278878 589720 249057 655757 240594 213916 315342
84725 146533 322199 429316 402266 307852 46362 771560 287181 276403 678319 163887 344932 207140 825197 24467 260433 848422 350736 587432 561743 103312 999999999 631406 741253 165703 376142 553564 490606 505464 541291 474082 55118 506709 385398 291019 336928 135688 715245 251684 356513 211349 608448 633092 370048 526518 633828 502470 286700 283526 607232 732371 491182 302076 615354 518285 287883 534983 275417 217247 222356 582257 120624 765840 685680 639631 251937 733938 438006 574177 529201 342318 310177 409048 770002 336762 127722 449905 136285 668987 406766 715959 455238 347931 680023 179764 269905 775837 950163 403634 518956 361534 637155 176838 527515 352281 618835 142257 259138 329911
606214 588869 913827 414404 251253 364009 627282 221442 652444 633226 639819 470708 546299 521049 197495 613032 479859 773639 370789 170015 264718 676660 631406 999999999 364443 786451 917546 94572 409365 304208 1008033 841474 577258 729824 369251 890257 760661 676259 836772 519940 569879 842280 123718 892363 360106 839213 533533 240859 843810 634173 670189 105609 407496 495236 495351 697261 345368 116301 754223 805803 474546 58342 593783 797319 259057 411590 579747 228149 816863 296828 736695 489543 356375 325814 493942 588387 751367 844629 692398 99925 711790 630651 353301 788401 132947 670936 711901 630098 841695 536326 771666 666359 372073 623865 150507 820843 59162 651030 543543 428443
758301 630810 926382 330916 378287 598699 760000 203818 607053 864184 359784 622881 813253 551203 366958 717265 712525 444192 390534 221953 187030 734777 741253 364443 999999999 852137 887632 425006 275921 636884 909522 720382 699742 564328 654473 914188 698926 716208 582741 520175 488545 924287 485397 697084 636261 687438 266080 570474 841004 867703 436335 406704 274469 747882 239727 519744 528600 438988 956471 835786 685148 399528 763273 508460 105681 142810 807793 157008 709824 167870 559527 438658 589127 332955 138965 517107 868056 738578 734194 459526 974952 328275 288550 726736 237371 855471 924070 298504 494239 429355 607427 922805 118277 815909 480487 765914 308403 823593 530327 419475
232816 221570 163783 523944 546446 473525 193328 908968 293780 396172 721602 327335 488047 301466 976629 177881 419410 880912 469485 724249 683921 117980 165703 786451 852137 999999999 241376 713024 583538 670652 424322 413028 219779 498991 549594 130539 285588 137702 706406 332973 401822 76119 771341 588623 535010 478789 700307 668067 158472 403115 633194 889425 584573 456023 689909 524246 448191 695294 339295 81020 385114 739985 266585 777928 810721 734515 389233 866825 379777 690266 522270 420644 475724 530495 858214 374774 117976 381141 120255 830153 509403 766241 564161 282506 822625 280187 356088 833857 982671 460533 497009 474411 739980 302042 690298 268176 768569 255044 326911 432908
457307 335510 107718 564708 666309 662786 416094 992521 282939 634706 660428 511530 718745 396639 1091308 376447 635592 791886 555433 816014 751066 279420 376142 917546 887632 241376 999999999 860551 613157 865488 186791 248045 419713 394680 752011 133333 191088 260836 573050 400900 399136 275603 930519 419120 733853 319895 675857 849780 89452 641757 556474 1023155 614765 678213 678847 435059 612720 846445 579365 164358 594842 880859 493226 667346 874374 751342 622135 942832 228624 746234 414696 458465 662411 612006 855117 370816 359126 212505 250390 980157 750695 711382 621283 165392 921310 520207 597456 785331 888145 458595 372261 714729 769397 537764 851428 126159 886389 492418 380226 502384
521705 526643 848104 399731 205490 273088 545484 309205 607450 539445 657403 390409 451745 465454 288427 536792 387038 804234 333965 207724 288477 607541 553564 94572 425006 713024 860551 999999999 408850 217805 964667 807620 498686 711301 274752 822730 715105 610926 839342 471798 538592 764899 82238 876402 265577 813196 553683 152014 782696 540250 672909 181121 407174 400976 515468 683342 265697 21834 661822 738853 384264 36250 506869 812140 320367 444467 486435 306568 780300 322787 720968 457077 265982 301646 544131 553322 669723 806980 626142 119635 617324 655632 344486 741900 212864 580936 618962 665416 880032 514167 751167 571787 408212 533543 59046 771798 125496 562749 497041 391504
524861 364962 650592 61325 237018 441162 517449 396562 331448 667106 260075 405622 647714 287883 527491 466139 532892 425530 159370 250949 159593 468068 490606 409365 275921 583538 613157 408850 999999999 562709 650138 465898 457683 329441 526788 638981 426450 446135 430780 250885 214426 657582 490453 486824 504009 447396 170308 505703 565085 672085 264125 501604 1968 578421 138997 292235 352864 409476 735497 561769 494187 405500 538269 407776 267836 151211 613764 342585 449539 141937 332802 164243 432396 131986 279483 242371 613113 478623 463930 503883 793226 273270 69176 454713 350380 631085 710739 311162 517004 158258 372939 739443 158889 598698 441412 493363 356194 595220 257538 161013
444587 538428 826278 533406 326039 202714 479975 524949 659729 387222 822479 354040 277259 504182 473672 497205 264343 982564 437859 415287 479962 588572 505464 304208 636884 670652 865488 217805 562709 999999999 1002950 874837 453390 815272 124033 795952 758731 604659 976371 529409 627903 703877 194560 978882 135782 897454 725815 66559 778789 385608 815763 353674 561447 251138 689169 797374 267664 200275 520032 718337 288035 250615 417335 968974 534218 634994 345047 524373 842488 513494 829856 551937 203505 434096 747231 633269 595139 865385 615555 261447 431594 830329 493549 781591 430415 463958 473523 851982 1066495 623681 849418 394287 603204 417782 159052 803213 343260 459224 555804 485606
625417 464921 290902 614907 761069 802252 584773 1045756 357236 810502 621099 655222 886110 505140 1164454 536632 793472 719431 637246 882838 804042 438800 541291 1008033 909522 424322 186791 964667 650138 1002950 999999999 190034 577309 354781 897531 319353 249771 411531 476675 492996 444896 462392 1040682 303076 877376 239651 665405 978223 266219 817633 514603 1112246 652004 839427 678759 400945 739059 953594 763585 344289 749653 979580 661558 584203 917919 767144 792574 992417 200748 791464 367016 521208 800244 685479 849096 422424 542214 171688 406425 1082315 931127 673131 677165 223857 988346 698704 779284 747139 806273 493013 316816 892663 793486 711700 965370 199772 968566 668375 467627 579655
556996 357423 345037 436067 602130 682044 520439 862460 216165 750032 436531 547115 804229 371489 987599 461413 698378 550902 474096 705970 622776 374512 474082 841474 720382 413028 248045 807620 465898 874837 190034 999999999 494274 166630 781546 359127 137283 339254 325091 346420 271600 475213 886817 177922 759509 72128 475701 841279 274382 757115 329708 943667 467811 748009 488727 212412 607180 798957 734454 336977 651744 818572 591274 422011 732727 577783 720234 808380 36097 607818 181426 352260 678227 515739 659448 254392 519672 35779 342699 922121 880751 488653 499158 131570 810391 650511 738809 563141 644368 311872 132848 835398 605052 650808 815785 147623 797910 614772 319892 416262
73240 144419 372924 396910 351781 254081 60424 721724 293832 260293 660248 108773 311958 185569 771665 43988 216805 832351 310631 538338 517592 140598 55118 577258 699742 219779 419713 498686 457683 453390 577309 494274 999999999 508961 334981 342615 358911 165841 714334 232107 345192 266239 553338 645012 318587 541348 608297 448390 330809 267146 596083 677787 458082 262124 587234 515665 233078 480005 285960 265667 175130 527635 100995 757363 639873 604195 226117 685525 458282 532010 530674 318878 256033 366787 735817 329100 176793 473060 171622 613910 394459 695077 416974 373508 628924 182952 271348 751769 933371 386178 525627 345571 599018 165487 472400 382931 565939 144560 244772 296886
580251 364877 476649 315456 510479 640062 550927 720749 220046 768364 270797 528985 799020 341980 856850 487757 684406 398390 383471 579345 488983 423695 506709 729824 564328 498991 394680 711301 329441 815272 354781 166630 508961 999999999 739922 482298 222497 387535 210037 301509 188744 571086 793120 165567 716592 123111 311442 771640 393795 775057 164326 827053 331409 735414 327665 46201 554767 706413 781533 436267 637448 716043 609934 281468 588067 421694 728621 665589 170294 468829 23316 263625 634227 409794 494804 190292 586212 194484 398129 818580 902985 322816 376903 238477 679821 685692 775911 397382 496705 197359 43882 852970 452527 674301 729952 273019 680459 647444 278614 330741
321351 433327 707393 486325 296446 100345 357623 578478 565406 274137 784639 242521 177206 410873 557892 378968 140595 952318 381670 436020 478937 473108 385398 369251 654473 549594 752011 274752 526788 124033 897531 781546 334981 739922 999999999 676415 658616 492111 916123 442782 551233 580575 285249 899599 23594 811001 696258 147050 664083 273658 762585 441654 525884 133992 662129 727737 186544 253198 404302 600647 165058 310996 293452 921961 559108 624993 226896 566383 747761 509562 756688 481863 105707 394837 748093 551890 471340 768789 501643 354829 342579 799979 459172 679637 478726 341636 358667 831832 1042613 557609 770441 297521 599030 294913 220716 698108 392624 335491 468292 419710
362804 303808 33822 583502 643141 596160 322736 993606 315260 524211 733087 446521 618423 379535 1074935 298967 548749 879077 549359 810919 758957 215359 291019 890257 914188 130539 133333 822730 638981 795952 319353 359127 342615 482298 676415 999999999 260310 214488 677406 399007 435182 145025 885711 536244 660841 430599 730714 789512 88516 531046 634845 994893 640319 586284 726992 516586 561797 806248 455377 84530 512945 847320 396951 762932 885577 786188 519436 947787 332142 760170 504465 475537 597549 609675 901442 406046 240927 323742 197935 941496 632145 781700 632528 244493 913218 407341 477823 853467 978574 496750 468902 600190 797869 431810 804897 214452 866836 384388 385116 503878
420164 227087 257099 381960 512147 560776 383271 813844 108236 613082 476146 419348 670187 256610 923142 324774 567117 618795 390372 643168 571072 237320 336928 760661 698926 285588 191088 715105 426450 758731 249771 137283 358911 222497 658616 260310 999999999 201971 423771 243320 212218 353758 790914 305302 637402 195572 485389 730896 172019 620179 375553 865468 428143 615961 487778 256376 492524 703863 598302 216256 521077 730609 454721 503828 691406 561242 584345 762440 101302 563159 245031 280063 557909 441716 664058 185347 386256 114169 205743 833060 743511 526013 441546 28624 749074 513286 601758 599125 718292 269633 213500 698377 580662 513724 715714 67005 723350 477490 218192 333572
219975 90013 237656 386896 428654 401953 181836 782172 169766 412066 590665 250779 476528 168495 860469 126471 382040 754186 338802 598466 551736 36584 135688 676259 716208 137702 260836 610926 446135 604659 411531 339254 165841 387535 492111 214488 201971 999999999 597571 196143 267412 212926 676743 502372 473488 394257 564201 589838 175311 419194 507417 781155 447200 427954 552807 405949 354847 595203 399291 129981 338776 634393 255364 658933 678750 596983 386348 737866 303257 556159 410677 282966 401600 399732 720531 241653 199463 314358 18017 730230 541660 633634 429182 212244 699777 311463 400367 699707 856309 324608 394125 497104 603121 312415 596528 217905 652349 275519 189217 298131
786568 571458 666934 445366 654604 818752 758805 772178 429641 971720 223366 723421 993729 539192 926203 695590 877069 249721 539069 670784 574529 633726 715245 836772 582741 706406 573050 839342 430780 976371 476675 325091 714334 210037 916123 677406 423771 597571 999999999 495086 376697 776919 921133 175369 892530 253803 321080 925274 589630 978246 166844 922463 432510 927798 354995 198913 729709 839083 990504 640006 830899 836142 814921 111925 640417 455325 929342 717456 346633 545560 186943 435464 811817 546352 471707 387131 796116 360545 608048 933311 1106460 262821 495340 434261 757591 893391 983469 322870 330101 358836 210271 1055425 494926 879781 869103 463082 781021 854959 475432 496450
305058 114735 415442 190974 269701 342438 286702 596630 136130 479983 428438 228740 499307 46638 690410 227840 383578 600261 154702 416595 359966 217201 251684 519940 520175 332973 400900 471798 250885 529409 492996 346420 232107 301509 442782 399007 243320 196143 495086 999999999 118474 406715 547798 457373 419882 369017 382726 494879 335419 486246 365707 625301 251859 434552 366081 297401 262278 460604 517993 317697 336874 487815 328246 528319 486583 402068 435200 549504 315396 361801 320412 91623 337464 212840 528044 111217 367161 340112 214095 589941 614234 464639 234247 270161 521236 414957 502459 524203 701380 154072 328837 562263 407063 393238 473408 301161 486092 376649 26528 104957
418417 210357 443115 171055 333648 451485 395912 603477 120513 597619 324799 346783 617242 163478 719691 334109 500972 492501 204758 437975 360764 298029 356513 569879 488545 401822 399136 538592 214426 627903 444896 271600 345192 188744 551233 435182 212218 267412 376697 118474 999999999 477936 618954 350989 527881 275430 299291 586457 356067 603968 251243 672183 216090 551848 292348 179732 366053 531214 629181 364148 454539 547962 443802 412207 479456 353937 553521 551335 248091 351327 205667 81516 445556 244148 466260 29213 460021 276497 283316 651521 732091 366450 232516 240616 543451 527760 616539 432386 594485 61587 221517 680359 370360 508953 551043 279033 526702 489191 100727 148066
259293 293650 177249 597562 608106 513455 225325 974255 369286 393224 797426 374838 496535 373085 1035121 229296 444133 955910 538700 789414 753327 189772 211349 842280 924287 76119 275603 764899 657582 703877 462392 475213 266239 571086 580575 145025 353758 212926 776919 406715 477936 999999999 818686 652558 568390 543340 776324 707760 206184 399709 708198 943636 658568 474496 765632 597870 499229 746242 312589 138576 415843 793555 288227 851151 879721 808722 397198 933634 443536 761053 594282 495395 516847 599463 933255 450886 112385 441795 195806 879995 492470 842250 635858 347376 885659 276484 338408 909966 1057536 536548 566853 464187 813192 308577 737926 327935 827911 260594 401808 504815
567759 595216 912382 481962 285316 310950 595395 342228 683867 558948 736707 444637 459579 538279 279280 593644 414404 880224 414197 277425 364498 670462 608448 123718 485397 771341 930519 82238 490453 194560 1040682 886817 553338 793120 285249 885711 790914 676743 921133 547798 618954 818686 999999999 958330 282760 893982 632166 140394 850456 558711 754575 159640 488754 418541 593849 765474 324019 87865 687200 802685 420538 89892 548781 892218 379716 518716 509525 351839 858848 398500 802988 537493 305673 383659 611150 632847 718695 885169 691175 69613 620747 733082 426567 817259 256664 614893 642368 739494 953277 595877 832763 579564 481051 567169 81043 846012 177005 601106 573480 471334
712726 501658 520524 478838 676038 799335 679092 868451 351731 904935 357733 679719 946742 493739 1011208 617378 834932 423446 548951 737768 644895 538743 633092 892363 697084 588623 419120 876402 486824 978882 303076 177922 645012 165567 899599 536244 305302 502372 175369 457373 350989 652558 958330 999999999 876492 109926 432182 936450 452238 911869 262211 987788 488775 885738 457597 195177 716029 871789 901494 514079 787752 880410 745131 285943 734708 557871 869869 812935 209122 621858 155827 428331 793984 574768 606064 347753 691550 212719 508643 982544 1038189 406534 539072 306143 835474 812402 902056 475958 505372 362844 129536 990388 593076 807505 895516 325488 841595 775317 432611 495681
309174 412758 691461 463074 274861 77621 344216 565795 543345 276737 761554 223099 187169 388519 551408 362527 134399 929517 358230 419080 459144 455492 370048 360106 636261 535010 733853 265577 504009 135782 877376 759509 318587 716592 23594 660841 637402 473488 892530 419882 527881 568390 282760 876492 999999999 788334 673652 148321 646307 276867 739050 436717 503126 136586 639711 704234 162973 243807 404499 584074 152701 301767 282918 898522 542129 603926 226783 551862 725871 489357 733286 458309 82509 372114 727840 528754 460290 747143 483479 351991 353457 777252 436598 658734 465665 336656 359614 809714 1020131 534025 747281 306561 578557 289346 213947 677794 380399 327943 445486 396116
607435 399726 417055 426459 608807 710740 572734 841596 251170 800267 381845 583574 847110 400771 974397 511769 737620 484889 479923 694702 606770 430432 526518 839213 687438 478789 319895 813196 447396 897454 239651 72128 541348 123111 811001 430599 195572 394257 253803 369017 275430 543340 893982 109926 788334 999999999 432873 859424 345011 807265 275764 938915 449357 788042 450441 168248 631109 806352 792854 404778 690538 821056 640582 353403 709503 544790 767170 786655 99900 588352 130420 356639 706102 514651 615409 265143 581810 107906 399851 924417 932731 433780 489291 196396 796981 705198 794512 507619 576306 302963 80562 885789 575337 702045 826463 217547 792294 668499 343041 423495
678808 495321 735372 221035 403125 611468 666130 451097 416194 831893 106600 568846 817235 426697 606140 609695 701716 257126 327223 363687 269342 592310 633828 533533 266080 700307 675857 553683 170308 725815 665405 475701 608297 311442 696258 730714 485389 564201 321080 382726 299291 776324 632166 432182 673652 432873 999999999 666026 647716 837156 170450 610595 171020 747929 38348 265328 523068 558231 891958 662762 661855 543182 695936 264502 319695 134345 779698 396426 471946 236705 302567 291529 602691 301626 183752 327492 749091 499268 580802 632873 960132 104565 237088 510466 441223 787460 870430 144293 346742 239777 352363 906384 174435 758425 594012 549812 475341 750344 379747 316133
450427 517094 818510 480342 271161 194738 482436 460432 628497 421103 764479 343064 319337 474382 418154 491227 282638 922127 389851 349033 415755 577478 502470 240859 570474 668067 849780 152014 505703 66559 978223 841279 448390 771640 147050 789512 730896 589838 925274 494879 586457 707760 140394 936450 148321 859424 666026 999999999 765113 420489 762690 299450 504347 281042 628932 751110 239326 133922 551233 709257 296347 185727 427095 913212 467675 571497 373639 458421 810105 449552 785065 508138 192358 379806 681929 594297 602481 834197 602216 209809 480486 770333 436813 755065 364870 484873 505698 789673 1004500 577171 807450 439206 538902 437460 93010 779236 277492 474988 521405 440899
367969 256073 87659 512125 593363 576258 326763 931893 235579 547065 646333 424783 629500 323973 1022554 287354 546324 790805 489467 751818 693289 190998 286700 843810 841004 158472 89452 782696 565085 778789 266219 274382 330809 393795 664083 88516 172019 175311 589630 335419 356067 206184 850456 452238 646307 345011 647716 765113 999999999 554150 547143 949268 566536 588775 645836 428391 529819 767724 497697 78070 505897 804615 403933 674436 818808 709539 533196 884090 245688 691766 415949 404019 576244 548254 821294 326869 276133 239613 163288 902282 665366 695424 564732 156070 855986 433599 513123 767711 890159 417507 380671 628004 723609 449458 770635 127598 815780 404677 317967 439771
200157 411440 564850 616417 489459 277532 237391 829904 560971 7158 903868 268697 114672 440509 827699 295870 158383 1077449 512833 665929 681275 385813 283526 634173 867703 403115 641757 540250 672085 385608 817633 757115 267146 775057 273658 531046 620179 419194 978246 486246 603968 399709 558711 911869 276867 807265 837156 420489 554150 999999999 851116 713582 671917 140324 810047 779340 339132 518420 136092 477404 182906 576101 166756 1014239 785300 803109 59945 808709 721019 705397 796414 562827 286596 553685 934819 591214 290941 733405 418732 628211 128223 932633 615837 631433 729582 123888 89224 981105 1176210 636713 792688 78536 787393 106943 490599 634482 648054 149479 503625 522378
669322 460738 632634 282495 491536 667675 647127 615673 339829 844985 106837 587252 854143 412147 765679 585128 736525 247724 381556 505030 408909 541116 607232 670189 436335 633194 556474 672909 264125 815763 514603 329708 596083 164326 762585 634845 375553 507417 166844 365707 251243 708198 754575 262211 739050 275764 170450 762690 547143 851116 999999999 757090 265833 786387 198584 121465 577570 673060 880423 579740 691800 669339 693785 163507 482366 300102 798431 560345 334553 380901 148344 291045 660143 382907 345263 270750 705380 358704 521249 766511 978708 158969 329538 395561 594359 778854 867344 233433 349526 214965 198020 926175 337662 758852 703806 432401 614765 740311 351312 345051
702728 694108 1018791 512654 356857 453086 725909 222059 757299 713370 717113 570121 617632 626648 120210 714731 564255 838548 475228 252229 348185 780807 732371 105609 406704 889425 1023155 181121 501604 353674 1112246 943667 677787 827053 441654 994893 865468 781155 922463 625301 672183 943636 159640 987788 436717 938915 610595 299450 949268 713582 757090 999999999 499678 573295 573201 792678 444832 201714 838949 910506 564351 150170 687945 874972 307970 481582 662095 252465 919820 377049 832696 592515 446330 428134 543935 691555 850173 947802 797152 92881 779909 702290 450316 893311 173323 760884 795105 692595 898397 636053 869512 737900 440719 713330 223382 926035 146683 743527 648728 532617
525144 365864 651999 61985 235822 440454 517882 394649 332989 666953 261253 405587 647217 288670 525523 466716 532479 426444 159146 248996 157626 469025 491182 407496 274469 584573 614765 407174 1968 561447 652004 467811 458082 331409 525884 640319 428143 447200 432510 251859 216090 658568 488754 488775 503126 449357 171020 504347 566536 671917 265833 499678 999999999 577929 139441 294195 352245 407857 735666 563022 493876 403739 538428 409205 265987 150295 613554 340689 451414 140018 334765 165458 431672 131056 278858 243994 613811 480498 465006 502064 792945 274131 67960 456417 348412 631271 710800 311614 517744 160051 374907 739164 157554 598772 439867 495049 354287 595452 258679 161499
223601 390587 618986 528237 372003 149208 264248 695545 536892 140407 825304 206519 69306 393587 687788 303361 51008 997676 421020 538268 564100 401577 302076 495236 747882 456023 678213 400976 578421 251138 839427 748009 262124 735414 133992 586284 615961 427954 927798 434552 551848 474496 418541 885738 136586 788042 747929 281042 588775 140324 786387 573295 577929 999999999 717354 731537 227631 379146 270502 518100 98079 437000 189478 949486 659900 697228 93938 677474 712537 591092 754806 495720 158772 451489 826424 545426 362352 729761 433365 487991 227397 848171 516121 632802 595091 215453 224701 889516 1093140 572611 759857 176478 677055 171549 350459 644424 511800 216993 456803 443669
656663 480100 733395 194004 367747 578977 645893 418089 411733 804948 144522 542545 786636 408546 571245 591037 671885 293395 297993 325584 231041 579371 615354 495351 239727 689909 678847 515468 138997 689169 678759 488727 587234 327665 662129 726992 487778 552807 354995 366081 292348 765632 593849 457597 639711 450441 38348 628932 645836 810047 198584 573201 139441 717354 999999999 282198 491346 520173 869062 656387 632987 504840 672324 302309 285576 101575 752044 363021 482250 198535 321172 274462 570074 268368 176288 321267 733243 510244 569826 594628 931876 141441 203385 513837 404595 764499 846100 172173 380522 231188 369979 878095 140113 733987 556158 553384 437250 727847 365591 292011
588107 373403 512946 284375 485740 628736 561176 679653 236222 772809 226821 526127 796686 340786 818449 498028 680636 362522 361308 543111 451097 441349 518285 697261 519744 524246 435059 683342 292235 797374 400945 212412 515665 46201 727737 516586 256376 405949 198913 297401 179732 597870 765474 195177 704234 168248 265328 751110 428391 779340 121465 792678 294195 731537 282198 999999999 541446 679600 793699 465682 634113 686225 616128 253867 546482 377353 730671 624322 214075 429440 40980 246495 622378 381933 448620 188345 605412 239256 418006 787973 907551 278599 344018 275098 641967 695493 785422 353130 462549 173958 87806 856570 409106 681049 704964 311375 646432 656980 276934 311836
