NAME : synthetic_000410
TYPE : CTSP-D
DIMENSION : 100
GROUPS : 8
RELAXATION_LEVEL : 1
EDGE_WEIGHT_TYPE : EXPLICIT
EDGE_WEIGHT_FORMAT : FULL_MATRIX
EDGE_WEIGHT_SECTION
999999999 651826 983367 550298 461363 806259 811248 314477 502270 713136 458867 224485 731215 682175 445208 432045 300137 469966 535620 474139 79938 701423 724931 644948 367315 787694 713471 899502 221296 683738 302328 391782 480865 853992 465877 914946 624270 81504 635305 479742 568717 574669 18886 587241 686499 196358 620046 393531 367137 376545 797786 450171 490377 903705 929358 729425 917393 422880 199423 543963 177245 786374 586904 157911 323789 987717 719056 664886 710576 193609 628651 538095 768149 705655 441941 741207 184157 334059 706078 62418 651177 729330 391052 169843 419920 18668 726546 373060 737824 705693 665904 703484 467694 715493 881045 814979 538004 151894 312528 591715
651826 999999999 351518 490454 539741 165376 186939 771302 833423 742734 551870 682091 170964 503585 581085 294667 877503 813051 595799 314853 573102 115915 541916 103678 631221 137767 62055 648907 780307 222242 487223 556856 780931 471982 632590 724024 61590 704582 205660 492570 387210 90759 641913 560335 145356 644808 711947 264153 572362 441700 157597 544014 378366 289638 278355 78174 265568 791541 452481 354889 512738 328003 802583 508633 398116 829819 779727 500209 186962 477354 750789 232027 585183 96092 486053 354761 546407 714861 187803 642150 397073 795491 262024 586437 373654 644793 531480 558584 561997 305974 660436 281745 555696 493582 290306 457525 297682 661792 711167 341987
983367 351518 999999999 811373 877928 186159 172435 1040886 1049582 848314 890573 968626 259783 588064 792626 570577 1171596 1037432 767851 555329 907554 282044 602600 338594 872994 219960 292786 614217 1077755 335715 838619 903042 995971 415001 837204 705108 362125 1025709 374150 827550 548830 441934 971148 704682 416499 937668 857585 610735 814571 790337 274257 883775 713469 88356 125481 287675 153885 1029075 785820 538819 858798 311241 979235 850592 688234 802830 890689 595689 289357 821578 899243 467722 624843 278732 826779 385425 850012 972205 294683 963798 501129 905047 595261 934964 720409 973810 589515 799182 617379 373936 774703 356303 893237 554343 131979 432839 502966 965282 974809 650626
550298 490454 811373 999999999 111242 636727 669254 832300 985268 1057283 121826 727142 657980 887711 806595 561742 850306 955012 870146 621406 489653 603679 934355 570766 790347 595925 533558 1081512 766295 683046 248496 182129 946036 936006 852388 1139213 520793 631519 645863 71854 744650 410683 555442 876132 395059 685515 989161 361463 750994 181086 540360 123696 124021 768936 702034 530747 677091 914388 444257 704969 380794 802739 1021417 413248 565128 1239059 1082242 876799 665719 384727 1016585 599951 983457 586359 108686 807740 596389 818088 664870 588816 797475 1096805 424084 386736 179288 558250 927992 745174 953967 756502 982408 737212 117591 896744 777792 912056 655694 665387 801971 162009
461363 539741 877928 111242 999999999 696734 725048 757869 922482 1027741 12975 654519 698936 882027 766235 551427 760658 891265 837612 613031 409287 646750 929449 606458 736791 658643 590222 1086086 681459 710136 171537 74217 887109 956727 808531 1136439 559160 542801 668338 53239 738676 452549 468904 853128 467713 614418 952753 357004 703735 132496 614180 12736 164518 827074 775956 591393 752724 848351 387545 699753 303750 831967 971090 340004 531621 1232508 1049079 869430 701124 317368 976693 608011 978819 633035 55669 827029 533756 752084 699459 506136 800138 1062973 416107 292725 175299 471505 924497 699966 948304 776720 956956 760003 16344 896284 830029 929026 656178 588462 734320 248641
806259 165376 186159 636727 696734 999999999 42927 892145 926182 776179 709204 811537 129856 517624 667396 411341 1012244 909955 660722 409631 728968 118498 545361 170852 735242 43820 107347 609730 916393 221594 652474 718778 872473 411823 716151 695055 182020 853370 241190 647466 437779 255794 795023 609106 248061 777491 765524 426466 675670 605084 131714 701976 532882 132341 131717 106053 131656 895251 607284 416780 675135 269603 874095 668664 526294 799897 816741 519979 166282 638645 806636 318464 579846 104165 644488 326915 684399 828511 171151 790995 414992 832105 415572 750273 535737 797790 533018 660732 563655 292512 696286 268100 712334 494445 149683 411847 369004 800546 828231 479093
811248 186939 172435 669254 725048 42927 999999999 881728 907077 744640 737344 804609 103585 484518 648112 404348 1006633 892055 636315 396304 735204 110934 510264 167309 720327 85250 135779 568974 911665 193985 672293 743763 853278 370118 695785 655013 190069 854873 220572 676769 412989 277370 799222 581652 285455 771993 737946 439710 660988 628582 174590 729756 562164 102702 150173 140170 157398 879366 613448 394992 687094 229455 849903 678318 521169 759506 785665 487849 139455 649581 779313 305905 543188 106366 671945 289852 681623 816000 144723 792771 383995 800889 422833 763924 560542 801908 497730 645837 528138 258724 665628 235159 740850 459412 110432 371441 350740 797443 816836 513557
314477 771302 1040886 832300 757869 892145 881728 999999999 196744 486475 757592 105644 782760 567906 284399 481881 163229 165740 361195 486090 349216 774210 597074 721669 181960 888682 825336 757950 124225 706639 588189 693792 192240 785112 267300 743289 723273 245230 666757 766140 514234 720720 300791 435471 855954 148126 390523 568365 232858 651311 928881 747915 747196 953232 1023799 846614 1020239 118739 396903 511022 454516 772386 308537 419753 373287 790103 477200 550651 751608 447629 381723 575841 626653 788740 728319 706797 247541 77808 746258 257485 588774 482929 531208 477794 673574 298972 604074 248071 602165 690683 469853 699768 766661 610173 917185 744104 538672 169816 67495 833880
502270 833423 1049582 985268 922482 926182 907077 196744 999999999 340185 923855 278536 803726 502393 258980 540379 329488 32314 290072 521480 523297 808706 517495 763065 207912 932009 879161 653498 319527 716913 750946 863742 53807 728649 212392 618566 777528 439081 686579 923615 500805 801796 486707 364235 941369 313174 255994 678756 263423 805473 987919 913630 887430 961446 1056025 902169 1057763 79682 541011 512822 620538 753130 133734 583168 458218 644962 318559 487717 768802 605385 230538 611202 533463 828222 886765 680318 389570 171783 763410 441721 557597 319843 629108 656867 815338 485333 527650 276098 516104 678565 353011 693961 932945 545603 919185 689684 557213 351022 191637 962266
713136 742734 848314 1057283 1027741 776179 744640 486475 340185 999999999 1033250 512534 646495 261656 272782 505225 645943 354017 190775 453556 696903 673604 247190 646667 348205 797061 768144 330703 603229 555319 867450 987454 308825 459377 247387 281589 681144 678573 546918 1011164 355639 749367 694444 187194 879796 524230 96753 700088 348596 896333 874513 1022385 939308 766231 891580 791487 901885 384946 652295 389967 761074 537311 209320 723865 496168 306552 42610 256879 610327 730635 109884 515616 237269 698945 979735 464133 540502 418376 605692 652365 361187 56763 637964 824538 878113 694473 260210 345804 235053 486423 82310 509507 1041717 294045 718013 428085 448100 574343 438871 982119
458867 551870 890573 121826 12975 709204 737344 757592 923855 1033250 999999999 654663 710535 890057 770724 559446 757611 892522 842937 621118 408615 658498 937515 617839 739637 671220 602618 1094897 679431 720895 173310 68534 889062 966881 812545 1144580 570737 540195 678825 66170 746814 464436 466882 859479 480605 614868 957533 366113 707448 139743 627056 10866 177244 839429 788808 603930 765611 849306 390762 708005 304152 842779 974139 340878 537301 1240258 1054167 877315 712407 319341 981043 617508 986876 644972 66652 837158 535663 753140 710696 504782 808975 1067977 424689 289631 185896 469436 932695 703944 956287 786953 962961 770431 9099 904773 842129 938917 664987 587988 735146 261516
224485 682091 968626 727142 654519 811537 804609 105644 278536 512534 654663 999999999 708922 542699 267011 400502 203359 246234 355641 414721 247807 695063 578154 640731 168026 804678 738324 747674 114931 638948 484108 591872 256709 747530 269843 745812 637478 169853 595888 661448 464872 626058 208416 422080 758942 42675 416264 467445 195881 546087 839112 644826 641589 882157 942525 758771 937065 199760 291554 454298 350790 716635 365478 315305 285828 805154 511878 524941 679937 342415 417913 500907 614105 707438 623721 656195 144506 109774 674713 163293 544666 520409 434087 379633 567959 207156 583111 208402 586619 633643 479144 639524 663752 582521 849219 706522 472650 72653 88062 728903
731215 170964 259783 657980 698936 129856 103585 782760 803726 646495 710535 708922 999999999 388821 544803 311144 911828 788999 533068 296672 657755 55058 418344 95611 618616 153217 151953 497117 818006 91813 623575 707625 749921 308406 592280 578673 139809 769297 117706 654448 309747 248021 717994 479724 306409 677902 636141 380665 559488 590013 239383 701944 541879 174586 253587 170147 258971 777045 537035 291429 620714 161963 746646 607537 428907 684478 686957 390628 36509 581604 677359 208038 454997 77790 643965 205213 591139 715607 41550 707890 285337 702343 351954 700223 526895 720538 406278 544243 437116 165453 566462 140373 715165 367519 150371 300063 248186 706015 717226 512634
682175 503585 588064 887711 882027 517624 484518 567906 502393 261656 890057 542699 388821 999999999 283623 330615 727809 500135 215255 269006 638053 421042 47548 402119 387225 541294 520091 218761 655136 299393 742510 857581 452883 226271 306840 254705 443078 677624 299369 854469 143559 527970 663813 138826 646760 533319 274679 528249 346992 750456 622781 879449 764259 504990 630373 542770 641373 508719 553138 182993 666553 276840 405534 634858 381127 351505 303578 17786 353312 628799 315695 295829 96839 447303 828806 202886 498586 490106 349007 631443 106865 318355 466885 743256 714788 665007 45127 334317 66388 225797 186700 249637 897554 43441 457083 187477 233402 580037 502977 785242
445208 581085 792626 806595 766235 667396 648112 284399 258980 272782 770724 267011 544803 283623 999999999 294739 444407 244882 91059 266425 424439 550217 314613 505788 103953 674164 623756 481295 375392 458582 601296 721152 205195 501961 51971 479731 523286 420276 427600 754626 245602 558878 426347 155429 698041 266803 187806 463745 78136 637157 733112 759908 694696 704321 797064 647039 799023 239015 383484 254359 489766 503181 227418 452182 242621 544585 286656 266298 510007 460929 210623 354256 347997 570253 721127 433101 268289 206649 504607 386256 311440 299493 405922 551827 628108 426667 320851 73220 321455 425160 220728 438695 779438 325777 663211 461119 298394 316726 219420 752782
432045 294667 570577 561742 551427 411341 404348 481881 540379 505225 559446 400502 311144 330615 294739 999999999 602286 519057 329590 61765 365579 294562 378069 240495 336641 406808 345052 538698 507535 252679 415871 528399 488582 440342 346692 585162 242499 461654 205083 524824 187465 264198 416977 319212 403573 367692 451390 200283 278035 419881 451369 548845 439931 485643 542686 367080 538441 496874 253924 149147 359344 355474 521499 334712 117775 681305 535231 318076 285170 319131 485806 106958 427430 307431 498386 317405 280292 421666 280234 401523 255224 550603 137773 440479 385840 419242 373384 264572 396877 276830 426453 272329 566940 346692 456805 405103 115767 394873 419393 476895
300137 877503 1171596 850306 760658 1012244 1006633 163229 329488 645943 757611 203359 911828 727809 444407 602286 999999999 304117 523899 618078 365043 896614 758565 841722 340594 1003593 935356 920904 97485 842294 602029 689826 341900 941272 430272 906308 835847 218789 799199 779870 663529 815423 295184 597444 943175 234777 550975 646184 385175 674839 1033226 749227 784894 1085323 1142660 955035 1136158 264045 453584 655515 472970 918172 456670 446208 485986 951139 633645 710352 883146 480158 538919 703906 789233 908079 742044 855936 331151 239804 877937 266601 741295 638058 621944 468002 712549 292308 765149 399580 764275 835395 632699 842021 766318 769505 1052575 900175 675789 217009 225054 882197
469966 813051 1037432 955012 891265 909955 892055 165740 32314 354017 892522 246234 788999 500135 244882 519057 304117 999999999 285580 503054 491258 792036 518065 745249 183676 914480 860036 659890 289227 703406 719738 832136 48214 726207 201696 629099 758012 407079 671495 892940 489457 778909 454394 361345 918298 281075 265480 652113 241095 774961 968366 882330 858227 949149 1040379 882874 1041357 47654 510817 499200 588993 744437 153409 551732 433096 660231 335559 484835 754493 574345 244205 593453 536864 810916 855986 672452 358896 139870 749085 409408 549699 338135 603629 624718 785900 453021 527691 254526 517940 668343 359724 682820 901615 543539 907724 686688 541476 318710 159469 934327
535620 595799 767851 870146 837612 660722 636315 361195 290072 190775 842937 355641 533068 215255 91059 329590 523899 285580 999999999 286456 511944 547520 237994 509766 188689 673302 631315 397123 460952 442546 676686 796698 238971 440841 94227 390171 535330 511246 420022 822190 223333 587219 516742 76768 723478 357467 121924 516873 169011 706580 740708 832075 754054 680536 786489 654939 791670 293655 461771 245607 571337 465327 213588 534455 306493 453526 212187 199518 496887 540245 156877 363799 265463 570185 790199 391632 356711 284098 491657 477071 269465 226661 455866 636736 690861 517132 246222 162604 241534 394115 130603 411783 851452 258690 636240 401157 299661 407527 299948 803139
474139 314853 555329 621406 613031 409631 396304 486090 521480 453556 621118 414721 296672 269006 266425 61765 618078 503054 286456 999999999 412539 291136 316418 242360 325736 411696 357841 477255 526273 224415 477080 590081 468343 385991 317784 523463 256891 495676 181439 585866 125720 300796 457983 266417 437332 386422 406728 260329 266130 481596 466953 610531 498899 468161 541142 380984 540133 486097 306875 87476 415620 313783 488425 388887 150648 619984 485649 256717 266003 375815 443281 91177 365788 308549 559829 267554 309501 419711 260704 437851 195036 501233 198312 496066 446533 460009 311638 251298 335319 231973 373224 231947 628580 285042 434498 349341 63885 419545 420704 530740
79938 573102 907554 489653 409287 728968 735204 349216 523297 696903 408615 247807 657755 638053 424439 365579 365043 491258 511944 412539 999999999 626008 682651 569715 361640 709445 634890 856738 277108 614545 241842 344596 494471 796970 453100 879174 547171 150222 565748 421018 515907 495070 74611 555312 606665 210237 607626 313740 348501 311149 718139 399071 419897 829068 851008 650491 838616 446065 121786 487869 109001 721052 592252 81696 265182 957733 707464 621283 638602 116776 621372 469803 727928 629241 382976 679963 156473 351544 634266 99450 597172 718992 313399 134579 347845 77720 683016 351239 696992 641873 642306 637903 417666 668506 807987 758960 475868 179447 331898 518515
701423 115915 282044 603679 646750 118498 110934 774210 808706 673604 658498 695063 55058 421042 550217 294562 896614 792036 547520 291136 626008 999999999 454240 56560 616781 125815 102952 544385 801340 122910 577217 657651 755067 360093 599499 623639 89553 744091 128257 601539 326312 194651 689116 500049 253350 661873 655950 337609 557200 540434 201775 650088 488461 203829 250111 123826 249368 776874 504407 302172 582084 214390 760181 571379 410807 729648 713017 420859 75669 543775 696569 199967 493691 26832 592045 249994 570821 710117 78010 682047 314962 728603 315153 660340 475916 691773 442719 542282 473650 205259 592315 179921 662924 403983 190444 349066 252052 686717 710031 457616
724931 541916 602600 934355 929449 545361 510264 597074 517495 247190 937515 578154 418344 47548 314613 378069 758565 518065 237994 316418 682651 454240 999999999 439331 418543 571529 554978 174582 689176 331485 790005 905129 470137 217386 331886 207169 482150 717680 336488 901652 190832 570344 706444 161901 686102 571058 277003 575339 382351 797935 655307 926914 810777 522235 653151 577222 665800 530551 599633 230095 713169 292878 411789 681154 427526 304704 289795 62200 383808 675611 316302 340254 49373 480841 876156 222157 540948 519386 379851 673048 145724 303588 514128 789471 761893 707549 13088 370497 20305 253087 181233 277986 944995 50916 473479 182769 279249 618644 533533 830053
644948 103678 338594 570766 606458 170852 167309 721669 763065 646667 617839 640731 95611 402119 505788 240495 841722 745249 509766 242360 569715 56560 439331 999999999 567723 169340 122190 545876 746134 120015 527965 613003 709666 373411 556031 620391 50917 687588 102888 563242 293217 160637 632587 467769 249029 606946 622085 285424 508113 495239 231055 609020 452064 259568 302248 145789 298959 728294 448195 264650 527596 233253 720651 515999 355740 726161 684799 399654 95154 488946 661971 151869 481998 67074 551192 252577 514992 659001 94112 625521 295299 700514 259735 606455 433237 635240 428667 493434 459314 202996 564604 179253 622748 390556 242927 356413 210509 630999 658155 431982
367315 631221 872994 790347 736791 735242 720327 181960 207912 348205 739637 168026 618616 387225 103953 336641 340594 183676 188689 325736 361640 616781 418543 567723 999999999 736993 679853 584179 272525 537281 566675 684147 160240 603153 102238 578535 577429 330546 501051 732271 335384 595278 348913 258602 734631 176033 253445 471845 59617 613473 787404 729052 686946 784747 866595 702395 865870 160757 349440 336195 443515 594466 234805 405181 250333 637226 351900 369793 585523 421205 261624 416894 451224 634196 696587 527097 208695 104982 580110 305637 407732 362022 421279 494896 616235 348677 424799 74532 425126 513912 311173 524807 748618 429058 746209 562144 370724 226209 115862 757395
787694 137767 219960 595925 658643 43820 85250 888682 932009 797061 671220 804678 153217 541294 674164 406808 1003593 914480 673302 411696 709445 125815 571529 169340 736993 999999999 75933 644385 907042 242165 621059 683099 878518 448701 723944 728308 167842 838020 253915 608748 452024 225485 777238 625455 205120 769278 781522 401903 677393 570783 91088 664257 494364 174570 141712 67728 132571 897604 588280 427863 650503 304314 885827 646155 518851 833662 836950 542406 188033 615065 822228 321026 608060 103936 607084 356842 673775 827412 192287 775542 436632 852463 396780 723921 500581 780073 559488 662745 590331 318663 716246 293585 674081 520722 193497 446294 376798 789859 825957 437322
713471 62055 292786 533558 590222 107347 135779 825336 879161 768144 602618 738324 151953 520091 623756 345052 935356 860036 631315 357841 634890 102952 554978 122190 679853 75933 999999999 647113 838385 224882 546236 611444 826136 460359 674624 726590 102585 765358 221759 541466 415375 149928 703372 589944 157279 701828 744230 326162 620519 497807 109619 595240 426832 236942 216333 23635 204113 840573 514071 386625 574658 313893 841335 570687 453077 832599 806576 518770 178344 539384 784040 269942 595453 76283 537618 352913 604597 766692 180909 702893 413361 822272 323117 647990 428389 706237 543724 606305 574613 307985 686216 282701 605922 505113 244583 451152 331691 720367 763991 378847
899502 648907 614217 1081512 1086086 609730 568974 757950 653498 330703 1094897 747674 497117 218761 481295 538698 920904 659890 397123 477255 856738 544385 174582 545876 584179 644385 647113 999999999 856557 426735 954301 1066868 611805 202086 490661 91141 594439 891172 448962 1054689 353180 694978 881004 325865 793780 742918 398343 729227 552781 956290 734303 1084505 957507 548606 693625 666754 712164 679666 770835 389850 883903 340270 532055 852842 599155 191175 368152 235458 468789 845650 429941 481622 133646 570862 1031677 294793 715489 681148 466398 847366 285950 376888 670305 961312 914639 882098 173728 541747 162425 342951 300528 367244 1101969 192816 500263 198094 429916 791161 697022 964391
221296 780307 1077755 766295 681459 916393 911665 124225 319527 603229 679431 114931 818006 655136 375392 507535 97485 289227 460952 526273 277108 801340 689176 746134 272525 907042 838385 856557 999999999 750682 517923 612771 316212 862154 370501 849797 739229 141644 706661 696936 579797 717940 212566 530753 845956 140158 506554 549237 308305 588255 935860 670514 695026 991991 1046488 857928 1039612 242727 358073 568820 386080 830882 432280 356702 390536 903196 596903 637435 790077 389526 501379 610470 723377 812254 658915 770988 233900 184870 784923 177667 659546 603486 524460 391090 622052 209997 694675 321567 696720 747819 578947 753155 688323 695560 960332 821118 585476 119568 164870 790206
683738 222242 335715 683046 710136 221594 193985 706639 716913 555319 720895 638948 91813 299393 458582 252679 842294 703406 442546 224415 614545 122910 331485 120015 537281 242165 224882 426735 750682 999999999 614130 709217 663134 254820 504782 503243 170127 714049 48976 669923 219338 277009 669096 388019 367062 610777 544417 368149 478943 591629 323898 711522 561823 247474 344096 246492 350524 693704 497350 204223 591748 121994 656106 573530 368222 609230 595565 300241 55321 551525 585680 145831 370813 149648 654482 132644 530583 636914 50473 654173 194492 610997 326406 673007 535004 671425 319881 463539 350815 84050 474977 59505 726479 281123 210717 236453 167967 642852 640121 549562
302328 487223 838619 248496 171537 652474 672293 588189 750946 867450 173310 484108 623575 742510 601296 415871 602029 719738 676686 477080 241842 577217 790005 527965 566675 621059 546236 954301 517923 614130 999999999 120033 715780 845506 641637 996763 487871 383299 567755 179190 601592 396685 306998 698761 462543 443559 788832 246084 535922 78141 599675 162901 199062 774439 754011 554183 735058 676936 218777 564450 133800 734829 801338 168921 374507 1088576 886511 728466 617358 146032 810901 491423 838997 569939 141144 716874 362381 580627 614571 340632 670868 899969 292703 145587 140669 309824 786516 533079 807875 669173 799848 656361 182359 761821 767442 813688 528524 419538 563008 306004
391782 556856 903042 182129 74217 718778 743763 693792 863742 987454 68534 591872 707625 857581 721152 528399 689826 832136 796698 590081 344596 657651 905129 613003 684147 683099 611444 1066868 612771 709217 120033 999999999 830583 949025 761033 1112218 568448 472919 664912 113870 715473 466944 400405 817961 502455 552846 908760 344581 655062 117897 647232 61688 201204 846437 807382 615373 785642 788192 338109 677537 243260 831089 918953 280982 493859 1205450 1006522 844010 705977 263042 930519 595988 954321 646632 88804 819490 477764 692395 703779 439282 781871 1019956 398577 222113 183230 402889 901121 652557 923361 770342 919550 755549 76873 875091 845144 919027 638325 523986 673847 299993
480865 780931 995971 946036 887109 872473 853278 192240 53807 308825 889062 256709 749921 452883 205195 488582 341900 48214 238971 468343 494471 755067 470137 709666 160240 878518 826136 611805 316212 663134 715780 830583 999999999 679085 158776 581964 724678 423700 632789 885917 447263 750884 464296 314212 890532 286631 218485 632064 213133 767333 935032 878680 845337 907808 1002255 849201 1004069 77857 502371 459026 587498 700363 116425 549608 409928 615364 292727 437782 714996 569773 199497 557825 488658 774696 849515 627842 353400 146935 709604 419045 505070 296440 580913 628928 773922 463216 479862 225112 469837 625316 311792 640500 898124 496245 865686 639745 503485 329032 168811 917425
853992 471982 415001 936006 956727 411823 370118 785112 728649 459377 966881 747530 308406 226271 501961 440342 941272 726207 440841 385991 796970 360093 217386 373411 603153 448701 460359 202086 862154 254820 845506 949025 679085 999999999 530567 291740 424166 864135 290238 919164 287555 531829 836831 364888 613391 731518 494215 604445 556150 833094 539562 957094 813681 346733 491555 478055 510319 733378 692691 310041 799685 146530 628346 774398 532021 393142 501685 241377 285454 759451 533685 354096 222981 385371 901148 129744 677701 707806 284272 811175 204954 514358 552848 880776 781600 838560 205421 541947 225596 180170 398398 198818 973010 183066 298234 41098 324805 774274 718618 804376
465877 632590 837204 852388 808531 716151 695785 267300 212392 247387 812545 269843 592280 306840 51971 346692 430272 201696 94227 317784 453100 599499 331886 556031 102238 723944 674624 490661 370501 504782 641637 761033 158776 530567 999999999 479347 574505 432435 475615 798842 288494 610844 447228 170073 750011 277732 154794 513336 106546 680773 784081 801778 742127 749057 845201 697969 847807 203012 422942 300954 525691 542759 176012 487635 290743 535347 254523 290389 557077 499030 170085 404842 359549 620008 764705 470988 296900 190644 551702 404983 348314 265893 456292 583701 674548 447209 339766 108610 335753 466838 209463 481770 821354 350075 706926 490279 347448 328034 207432 802415
914946 724024 705108 1139213 1136439 695055 655013 743289 618566 281589 1144580 745812 578673 254705 479731 585162 906308 629099 390171 523463 879174 623639 207169 620391 578535 728308 726590 91141 849797 503243 996763 1112218 581964 291740 479347 999999999 667411 898531 520442 1108054 397770 763784 896160 328405 869367 746266 363619 781622 555652 1005043 817384 1133994 1015358 638465 782673 747021 800606 654425 802822 436751 916570 425588 490298 883484 630913 106021 313332 268307 548568 879766 388842 541108 157902 650368 1082985 373908 731258 668678 545760 859574 342780 319149 720790 991302 968128 896954 211997 546557 188903 419256 273790 444285 1152024 242590 589873 283693 483554 795873 686470 1029488
624270 61590 362125 520793 559160 182020 190069 723273 777528 681144 570737 637478 139809 443078 523286 242499 835847 758012 535330 256891 547171 89553 482150 50917 577429 167842 102585 594439 739229 170127 487871 568448 724678 424166 574505 667411 999999999 671823 147157 514990 325627 110200 613005 498882 203953 601679 650875 250231 518159 451081 210400 562135 402996 289385 308366 124968 300396 738118 425427 293520 497042 284095 743204 488495 351782 772931 718159 439318 145000 459529 689900 171628 526119 83955 504159 302285 505936 664160 144381 609394 336867 733922 233886 574164 387208 615772 471958 504025 502309 252113 598846 228926 575399 434365 279575 406546 236551 622031 661612 381072
81504 704582 1025709 631519 542801 853370 854873 245230 439081 678573 540195 169853 769297 677624 420276 461654 218789 407079 511246 495676 150222 744091 717680 687588 330546 838020 765358 891172 141644 714049 383299 472919 423700 864135 432435 898531 671823 999999999 666733 561108 576596 632243 77123 570457 750573 154737 583098 453879 343110 456693 854848 531563 568779 943467 979578 782709 969367 359446 256252 556562 255637 809346 534738 231848 346340 964571 680067 659956 745795 266989 586838 568585 758037 750810 523265 758329 187349 277752 741014 62480 659318 689080 442612 250820 497364 74130 720744 351990 728747 727023 639181 727589 548998 713966 917421 824058 559039 104405 255544 668494
635305 205660 374150 645863 668338 241190 220572 666757 686579 546918 678825 595888 117706 299369 427600 205083 799199 671495 420022 181439 565748 128257 336488 102888 501051 253915 221759 448962 706661 48976 567755 664912 632789 290238 475615 520442 147157 666733 999999999 629545 198109 246488 620806 371827 350541 566556 527694 322193 442024 547682 327649 669261 523445 286759 369593 244887 372679 659340 448387 175593 543013 167074 633148 524591 321576 625856 585841 297308 84874 502753 568333 98156 379527 152534 612675 162145 484233 598670 79510 606540 192511 601483 278510 624332 493038 623161 325906 426744 356503 110811 465245 91807 684664 287930 253699 266973 130484 597354 600809 517966
479742 492570 827550 71854 53239 647466 676769 766140 923615 1011164 66170 661448 654448 854469 754626 524824 779870 892940 822190 585866 421018 601539 901652 563242 732271 608748 541466 1054689 696936 669923 179190 113870 885917 919164 798842 1108054 514990 561108 629545 999999999 710910 406908 485405 833167 415753 620275 939457 326436 695648 118798 562306 62926 114634 778405 724230 541786 700734 851372 383601 671557 312636 791331 965138 346402 515757 1205796 1034296 842556 658269 319641 965204 574197 950992 586817 38045 789738 534065 754951 656848 519788 769005 1048538 387620 315152 140091 488171 896107 690762 920855 738994 938325 721352 66740 866602 782769 892746 625506 598169 738186 195447
568717 387210 548830 744650 738676 437779 412989 514234 500805 355639 746814 464872 309747 143559 245602 187465 663529 489457 223333 125720 515907 326312 190832 293217 335384 452024 415375 353180 579797 219338 601592 715473 447263 287555 288494 397770 325627 576596 198109 710910 999999999 397305 551182 174588 524672 445953 329772 384733 281377 607313 523576 736235 621426 460789 563161 438939 568470 484350 420775 39726 532742 259131 436921 503216 251723 494979 392564 132152 273554 493855 370270 161920 240204 350035 685326 192724 390413 439494 268324 524136 82796 408322 323328 611555 571254 552785 185920 266203 209945 179657 273329 193365 754253 160393 418436 247504 95063 487447 446745 646165
574669 90759 441934 410683 452549 255794 277370 720720 801796 749367 464436 626058 248021 527970 558878 264198 815423 778909 587219 300796 495070 194651 570344 160637 595278 225485 149928 694978 717940 277009 396685 466944 750884 531829 610844 763784 110200 632243 246488 406908 397305 999999999 566080 562876 139665 586699 707402 181744 538382 351255 223136 456234 293895 380048 362979 160268 347327 753015 376815 360391 427763 393751 785230 426550 350179 868306 783596 521666 255200 393953 744068 235394 616652 180592 398177 407117 485411 670359 254537 570258 424986 799304 193479 499344 283935 569047 561263 525840 590649 356061 667570 334278 468664 525205 378540 512030 302535 598455 664200 272573
18886 641913 971148 555442 468904 795023 799222 300791 486707 694444 466882 208416 717994 663813 426347 416977 295184 454394 516742 457983 74611 689116 706444 632587 348913 777238 703372 881004 212566 669096 306998 400405 464296 836831 447228 896160 613005 77123 620806 485405 551182 566080 999999999 568406 680191 178938 601479 385593 348285 379775 789200 457949 491682 890917 918946 719714 907430 407503 189594 526856 178514 770698 569560 155566 307442 968835 700559 646497 696802 191020 610354 523335 749546 693900 447465 724753 165559 317676 692249 45251 633724 710899 380459 179458 420395 3109 708132 354178 719258 689744 647036 687913 475784 697324 867590 797698 521867 135771 296324 591714
587241 560335 704682 876132 853128 609106 581652 435471 364235 187194 859479 422080 479724 138826 155429 319212 597444 361345 76768 266417 555312 500049 161901 467769 258602 625455 589944 325865 530753 388019 698761 817961 314212 364888 170073 328405 498882 570457 371827 833167 174588 562876 568406 999999999 694814 419272 156423 516439 228399 720810 698139 848634 756444 618415 731366 613515 738532 370411 490734 205539 603392 397721 275276 568058 324264 402421 220787 123577 443224 569345 197671 330520 192646 524200 803237 323152 404243 357901 438196 531273 203558 236522 453904 673777 697603 569116 169706 218546 166837 331258 107241 351029 867680 182258 572709 325569 263316 468416 372617 795871
686499 145356 416499 395059 467713 248061 285455 855954 941369 879796 480605 758942 306409 646760 698041 403573 943175 918298 723478 437332 606665 253350 686102 249029 734631 205120 157279 793780 845956 367062 462543 502455 890532 613391 750011 869367 203953 750573 350541 415753 524672 139665 680191 694814 999999999 718573 842580 297734 677946 399442 146567 474845 304185 379682 308579 146108 285015 891826 494729 489881 524980 467690 923924 531519 488123 975173 915436 642550 328144 496650 880052 364357 729949 228657 419876 499234 616206 807933 329689 689845 540755 931196 324987 586987 327489 683253 675898 665468 706262 450995 797573 426538 482316 638234 395879 601014 431783 726486 801018 234155
196358 644808 937668 685515 614418 777491 771993 148126 313174 524230 614868 42675 677902 533319 266803 367692 234777 281075 357467 386422 210237 661873 571058 606946 176033 769278 701828 742918 140158 610777 443559 552846 286631 731518 277732 746266 601679 154737 566556 620275 445953 586699 178938 419272 718573 999999999 429169 425892 190885 504431 801398 604922 599076 851839 908012 721912 901809 235873 248895 432229 310731 693171 390623 274638 251212 810336 526901 515537 649920 300872 434730 470314 609328 673326 582645 635200 102805 141592 644767 133951 527229 536413 394067 343729 525459 178152 575120 201214 580844 610039 484671 614524 623965 571740 820245 690722 446237 50346 121663 686230
620046 711947 857585 989161 952753 765524 737946 390523 255994 96753 957533 416264 636141 274679 187806 451390 550975 265480 121924 406728 607626 655950 277003 622085 253445 781522 744230 398343 506554 544417 788832 908760 218485 494215 154794 363619 650875 583098 527694 939457 329772 707402 601479 156423 842580 429169 999999999 638094 259587 822781 852957 946696 874286 772197 887527 767850 894910 292431 571267 357840 677190 547979 136039 639438 424167 400185 99843 264085 599638 648719 41677 480268 283897 679806 906664 473164 451250 321687 594616 558752 357416 111904 577405 737441 810000 601380 288798 258851 271293 485678 99494 506274 966186 314788 725696 458279 414324 479082 342127 924892
393531 264153 610735 361463 357004 426466 439710 568365 678756 700088 366113 467445 380665 528249 463745 200283 646184 652113 516873 260329 313740 337609 575339 285424 471845 401903 326162 729227 549237 368149 246084 344581 632064 604445 513336 781622 250231 453879 322193 326436 384733 181744 385593 516439 297734 425892 638094 999999999 421838 229217 404534 355869 240147 539613 542164 339770 527923 619409 197630 345267 248785 489185 688398 245099 223953 879711 727443 516640 372200 213248 668919 252021 624655 334118 302450 474919 323099 528979 369220 392630 443293 742435 62712 324267 186555 388599 569690 412522 594634 425949 623327 411812 372983 540269 527740 574736 299449 430083 518910 289086
367137 572362 814571 750994 703735 675670 660988 232858 263423 348596 707448 195881 559488 346992 78136 278035 385175 241095 169011 266130 348501 557200 382351 508113 59617 677393 620519 552781 308305 478943 535922 655062 213133 556150 106546 555652 518159 343110 442024 695648 281377 538382 348285 228399 677946 190885 259587 421838 999999999 577169 728267 696718 643673 726400 807056 643126 806262 220269 317145 279378 419144 539719 270617 381096 198170 622426 359387 329259 526626 392716 276631 357293 419136 574579 660946 473978 192029 158979 521218 308127 356788 371343 368723 477866 574486 348580 387231 15450 391176 458354 298857 468290 716308 387255 688431 515052 311873 240240 165368 709564
376545 441700 790337 181086 132496 605084 628582 651311 805473 896333 139743 546087 590013 750456 637157 419881 674839 774961 706580 481596 311149 540434 797935 495239 613473 570783 497807 956290 588255 591629 78141 117897 767333 833094 680773 1005043 451081 456693 547682 118798 607313 351255 379775 720810 399442 504431 822781 229217 577169 999999999 541011 129059 121262 731278 698925 503149 678409 733850 264963 568627 202240 713560 846431 232953 400196 1100527 918405 737634 588090 203687 847780 481236 847287 530044 83974 703413 416088 637477 585883 410598 670517 932464 286038 223680 71987 382699 793225 572517 816653 653888 824919 638608 147514 765654 728628 803856 526552 484924 621123 228521
797786 157597 274257 540360 614180 131714 174590 928881 987919 874513 627056 839112 239383 622781 733112 451369 1033226 968366 740708 466953 718139 201775 655307 231055 787404 91088 109619 734303 935860 323898 599675 647232 935032 539562 784081 817384 210400 854848 327649 562306 523576 223136 789200 698139 146567 801398 852957 404534 728267 541011 999999999 621177 450351 251167 162057 86138 138642 947976 599849 495703 647486 394665 950941 648521 555654 922978 913484 622609 272076 615229 892960 379521 693556 175798 565826 444525 702105 872260 275753 792696 516728 929131 413459 715528 469144 792163 643586 714238 674514 403871 792893 378529 628842 604794 278286 536300 441165 816880 868725 378620
450171 544014 883775 123696 12736 701976 729756 747915 913630 1022385 10866 644826 701944 879449 759908 548845 749227 882330 832075 610531 399071 650088 926914 609020 729052 664257 595240 1084505 670514 711522 162901 61688 878680 957094 801778 1133994 562135 531563 669261 62926 736235 456234 457949 848634 474845 604922 946696 355869 696718 129059 621177 999999999 170932 831948 782787 596872 759785 839204 380096 697457 294191 833440 963520 330770 526436 1229585 1043314 866675 703484 308923 970241 607399 976273 636814 58060 827360 525281 743005 701728 495539 798598 1057127 414251 281232 176549 460525 922127 693179 945667 777219 952100 760821 19592 894284 834198 928985 654605 578380 725082 258150
490377 378366 713469 124021 164518 532882 562164 747196 887430 939308 177244 641589 541879 764259 694696 439931 784894 858227 754054 498899 419897 488461 810777 452064 686946 494364 426832 957507 695026 561823 199062 201204 845337 813681 742127 1015358 402996 568779 523445 114634 621426 293895 491682 756444 304185 599076 874286 240147 643673 121262 450351 170932 999999999 663771 611872 427279 588984 819985 350946 581714 313310 682391 914095 338754 452094 1115465 965623 753569 547218 305506 903289 475932 859817 473054 115840 684989 503497 724642 546050 518523 673486 980424 302838 344082 73654 494702 804287 636614 830452 633847 863193 615045 179770 772845 668403 789034 531909 585863 710277 107380
903705 289638 88356 768936 827074 132341 102702 953232 961446 766231 839429 882157 174586 504990 704321 485643 1085323 949149 680536 468161 829068 203829 522235 259568 784747 174570 236942 548606 991991 247474 774439 846437 907808 346733 749057 638465 289385 943467 286759 778405 460789 380048 890917 618415 379682 851839 772197 539613 726400 731278 251167 831948 663771 999999999 147888 238191 170614 940721 707673 450465 785589 229377 892444 775207 603418 739262 808398 511759 202251 747471 813874 381536 547480 205600 774212 302143 765719 884195 207508 881882 415044 822993 518976 863347 663211 893514 509202 711001 537904 287204 691202 268762 842810 473007 49274 359376 414964 880509 887009 611417
929358 278355 125481 702034 775956 131717 150173 1023799 1056025 891580 788808 942525 253587 630373 797064 542686 1142660 1040379 786489 541142 851008 250111 653151 302248 866595 141712 216333 693625 1046488 344096 754011 807382 1002255 491555 845201 782673 308366 979578 369593 724230 563161 362979 918946 731366 308579 908012 887527 542164 807056 698925 162057 782787 611872 147888 999999999 202792 28450 1026397 729937 544705 790220 363479 1000076 786937 656959 884688 932992 634752 289616 755406 928967 450011 682806 235256 727079 431029 813786 960207 294869 917105 532206 948067 538487 862307 627449 921782 640351 792068 670187 405224 813476 382697 790707 602683 194105 500716 498950 929948 959945 540121
729425 78174 287675 530747 591393 106053 140170 846614 902169 791487 603930 758771 170147 542770 647039 367080 955035 882874 654939 380984 650491 123826 577222 145789 702395 67728 23635 666754 857928 246492 554183 615373 849201 478055 697969 747021 124968 782709 244887 541786 438939 160268 719714 613515 146108 721912 767850 339770 643126 503149 86138 596872 427279 238191 202792 999999999 188281 863076 530191 410258 587485 331533 864887 584794 473934 852994 829998 541659 198453 552923 807670 293385 617281 96995 539596 373139 624046 788583 201319 720286 436123 845688 340114 659603 432869 722606 565873 628978 596783 329074 709598 303722 606901 527207 250481 470135 355307 739597 785620 373743
