NAME : synthetic_000552
TYPE : CTSP-D
DIMENSION : 100
GROUPS : 8
RELAXATION_LEVEL : 1
EDGE_WEIGHT_TYPE : EXPLICIT
EDGE_WEIGHT_FORMAT : FULL_MATRIX
EDGE_WEIGHT_SECTION
999999999 844133 486732 434824 287896 710065 455890 272162 461610 227980 137726 341385 316647 407133 665251 731326 699357 183960 778462 433643 481979 411424 496913 627995 320737 684759 422463 613536 495236 379692 413576 364008 323814 597689 396778 755599 432899 134542 431109 274321 474759 444987 584207 418228 303008 401593 51198 664832 603697 334076 353325 411507 807470 575253 127056 327043 459253 57016 338858 367863 494465 733444 320800 213668 470653 662503 173320 282151 121100 627528 404650 324923 387818 688388 493056 498034 521323 175661 279475 128949 612183 545137 334770 741695 522292 225907 97182 52790 542613 352264 561557 553856 593413 320035 335285 100262 653833 388359 420004 721424
844133 999999999 881880 642151 745002 140148 1257114 599716 383192 1017099 755365 617424 542053 1207793 391810 502739 599568 827069 186682 1212949 883083 817420 677278 882560 941452 201682 772616 343230 412112 884832 432776 783229 744524 246551 653390 795944 831305 833897 414102 1020890 971617 418272 260038 846915 755490 467801 871219 335979 541782 913917 569386 842242 157010 953247 829383 601468 393712 806152 770946 522707 712824 111082 1114435 812367 888890 192338 694083 627204 914303 620071 593946 747904 1081309 359211 435993 648597 352495 670042 628727 891199 417381 830775 1087262 703768 330636 688308 930328 887745 796013 724538 357832 885980 662222 656763 809931 939811 213086 971205 533863 842421
486732 881880 999999999 821953 727330 795276 548594 596022 583267 690009 575413 709931 449865 514816 919385 489288 397361 302783 920337 484888 947952 867813 209662 152504 213598 680219 863900 541483 738113 855120 543032 143273 761753 691633 790083 332525 64978 352467 561111 352996 105346 657445 673262 70093 209640 469595 535553 888290 935147 178559 358400 874598 765437 1045896 605701 680281 545075 438938 170418 660134 907825 785709 450550 682956 938991 771248 557021 348641 601919 326268 764872 196370 312913 558054 451077 237547 714385 460869 349528 615242 880124 94368 381100 369588 589478 626739 467765 468432 978796 780403 524907 1012839 269457 712475 155995 544445 672548 174369 741630 272307
434824 642151 821953 999999999 164917 507936 880666 226639 381606 477886 297222 112028 400443 833957 304350 814453 840726 564219 496169 865539 242344 176589 722868 926285 722800 581588 130577 608590 237611 251739 375383 678712 139904 442636 38150 978968 757436 530313 373075 707306 851087 275647 442610 754124 612742 438988 422065 336046 184949 721825 504461 201850 690978 323057 332160 142524 419194 443420 651563 191462 95738 554589 752729 260191 247136 457214 280431 481476 417822 795499 67333 625739 816611 696500 542990 706589 306331 363829 479921 385033 253825 841416 769405 925045 446846 213072 527566 486423 184584 107923 556849 260286 791557 116956 671516 483501 543455 785635 124304 975804
287896 745002 727330 164917 999999999 605303 720726 186034 415882 314773 157989 127879 365474 675044 453718 816547 821704 443157 623568 709325 226203 142153 666956 848980 597360 644090 138367 634216 335201 160804 389598 587399 36221 516564 129049 932482 665313 401927 395956 561929 739513 334076 510875 657421 519794 430768 266123 474615 349202 602915 459642 153758 763709 325543 172397 145284 441248 309518 559700 226831 207442 645216 597237 95289 220197 552950 172103 415263 254106 764688 167978 536818 675637 722026 541946 656424 392689 272974 413058 221144 400133 762875 620497 892655 487503 107430 374314 336460 257621 65286 578691 285990 749133 88405 571773 322819 606508 663381 217432 917082
710065 140148 795276 507936 605303 999999999 1133114 460516 253623 877932 616861 477930 417341 1083446 287857 485754 567941 706503 139196 1091751 750022 681674 600258 817154 830920 152091 637812 284243 274123 747079 304344 683653 605631 115739 516874 760151 739718 708951 284630 900171 877636 278417 132364 752676 648041 350757 735077 229430 426148 806296 459810 706230 204434 824150 690436 461455 272323 674664 668165 382559 583407 52156 990034 672237 755071 52353 556091 510268 776214 570967 456838 643308 968259 333511 344532 572083 212624 537832 511474 752494 300767 755793 967464 673484 213461 548430 798568 755227 669255 586510 277278 757589 604182 517182 706128 804244 135939 866578 395971 796123
455890 1257114 548594 880666 720726 1133114 999999999 725814 879611 459393 589892 795357 716123 49904 1120458 999992 925718 431276 1219251 64591 859068 812231 706828 688422 358729 1073752 838497 966385 946399 750425 828830 537958 753461 1017439 842655 880171 545283 424162 848710 240269 455709 888183 1001424 520702 530425 789791 459191 1117309 1056530 396988 697011 802553 1187674 931912 549006 782667 863697 471302 534200 821416 925103 1146759 143107 628852 844498 1090465 628900 632225 469330 848765 857894 546647 235773 1018505 845362 725789 964264 604362 630449 502074 1067706 642748 180831 915596 926488 679689 358781 403269 952700 785508 925716 935246 795359 770484 498366 397917 1050112 375263 875880 815471
272162 599716 596022 226639 186034 460516 725814 999999999 239136 417431 157575 114970 184670 676452 394992 630905 639862 354221 511778 698367 402517 317180 501132 700191 511988 472753 295015 449922 223499 346812 206537 452754 207411 357451 197264 762246 531332 329140 215461 521194 629892 183107 348094 528788 387436 244875 284527 392673 355160 506131 285257 334003 595427 500038 229999 84313 258888 256758 425813 95759 316591 492751 586965 221222 399218 409653 100833 255416 317313 586480 169360 399665 620618 537205 355998 486955 256741 144590 253764 292304 342922 615075 587705 715637 310422 93500 368762 323708 396227 210820 394162 450320 575992 127412 447449 354813 436509 571261 158973 754144
461610 383192 583267 381606 415882 253623 879611 239136 999999999 646548 383954 303399 164867 829909 344024 435727 474912 454771 350912 838978 609095 527916 415929 638917 586566 234192 493677 227233 182379 574057 50801 455772 428554 138252 371943 638012 521963 455476 31068 647837 652623 110055 123302 530469 410137 113765 491061 306770 402857 565301 226803 549071 357590 699572 459445 275690 44720 422983 436126 197566 475597 272204 736513 460340 609444 211714 321251 263815 539071 443864 315315 409455 720684 315508 177014 391518 136160 286921 264617 519016 313753 564377 715437 569401 71725 332635 547152 504583 565741 420568 175364 640087 455558 336736 471637 558549 198876 628209 258456 652486
227980 1017099 690009 477886 314773 877932 459393 417431 646548 999999999 262922 428409 524612 422669 765799 957101 927313 395218 920286 469272 402681 366724 723413 838197 494731 879217 401343 825652 626650 295874 604046 581316 338258 773532 443422 978432 643249 346344 618437 391834 656133 599987 762996 625337 525023 609123 178749 781559 662835 519651 576678 352766 1003055 472523 187919 431522 654439 284984 558140 500815 496012 909552 371966 222326 387718 826918 325427 507226 112755 855443 480000 547431 505731 904980 709233 725513 671358 381309 504523 127620 711698 758833 424959 968467 714172 331942 222586 225597 506052 370953 771511 478401 820533 392212 548087 146024 845101 559417 520829 939828
137726 755365 575413 297222 157989 616861 589892 157575 383954 262922 999999999 205467 275145 541876 537192 726364 714419 285644 668449 570496 372574 293744 537203 703573 439385 617317 296172 572817 377254 282527 342725 438563 194121 510910 259236 803580 515020 243941 356321 410513 582604 340512 500148 505320 371466 356212 133304 542316 467093 445225 348782 299299 741082 470544 75529 194614 393986 151762 411092 248310 360403 647149 457554 112493 363608 566459 62741 290201 159767 650032 268151 390219 521634 655903 462699 530966 414266 143945 287650 135940 483325 617803 472186 773902 452378 89879 232346 189826 415606 219584 517519 438941 626479 182384 419418 202180 582732 505409 288816 780907
341385 617424 709931 112028 127879 477930 795357 114970 303399 428409 205467 999999999 293777 747280 339095 724542 742687 456317 497399 775026 306884 224604 614321 815132 615088 524009 192889 528596 207386 274674 286196 566686 129388 392472 82782 873257 645408 425053 288273 608482 740170 211086 388098 642166 500771 341363 337615 353235 262381 612501 396838 245710 641346 400375 257405 32511 334912 341942 539549 106374 202024 518739 662162 207295 306468 425586 175661 370314 348297 693421 63578 513710 714487 617121 449688 599123 265466 252643 368688 317390 284796 730043 672598 822998 373597 115719 437414 394079 284104 117301 474379 345324 686252 39477 559779 404343 485996 676831 92586 867433
316647 542053 449865 400443 365474 417341 716123 184670 164867 524612 275145 293777 999999999 666569 473011 455087 456358 289904 513892 674459 586603 501144 322961 533424 425083 369957 479636 301041 289282 524216 114364 311837 390368 301602 376173 579489 385522 292141 134706 483089 505786 209964 285353 389340 257075 85221 354331 447755 487842 406460 104263 516986 491663 684513 347091 261291 148507 270556 288537 217903 494509 431240 573139 375944 582761 376569 217322 105932 412422 401810 335863 260987 556937 381706 187563 306147 274967 143930 105997 399074 431296 451079 550618 530991 212109 260841 393475 353433 577870 395446 247119 634866 392503 311729 320265 416673 341072 470812 300201 575545
407133 1207793 514816 833957 675044 1083446 49904 676452 829909 422669 541876 747280 666569 999999999 1071227 957471 885498 382625 1169347 53915 819212 769921 665415 658252 317926 1025135 794902 919078 896753 710262 779136 495530 708212 967791 795886 847270 507268 374517 798991 193446 426180 838315 951824 482679 484928 740665 412025 1067712 1008815 356628 648903 761058 1139591 894442 502920 734105 814277 421597 490435 771997 880290 1097361 93431 584036 804839 1040682 579905 583514 425283 808236 810004 501780 204764 972491 797657 683519 914382 554473 581703 457776 1018578 608381 138337 879098 877157 631568 310174 354421 910137 740026 877795 895436 755584 722992 455462 352384 1001190 340506 827117 784387
665251 391810 919385 304350 453718 287857 1120458 394992 344024 765799 537192 339095 473011 1071227 999999999 734266 796749 735563 214278 1093246 524195 475415 759937 982784 886941 420090 427388 514621 185327 554817 377697 784368 437768 294891 330848 973676 856071 718242 361040 913561 978776 263061 307478 861495 729694 453779 670398 58428 154730 873503 561355 500696 492282 579497 595756 343103 387449 651520 761507 300041 347269 339902 981957 543500 533182 253921 491931 578606 686953 778133 286129 733973 1007245 587548 513928 735489 207982 528234 578447 656376 54302 907126 980800 897851 368059 448893 762376 717517 419906 408651 481527 511717 795901 373762 792986 739238 389099 938902 249047 993642
731326 502739 489288 814453 816547 485754 999992 630905 435727 957101 726364 724542 455087 957471 734266 999999999 106731 607446 624066 941140 1030022 945637 294574 427524 641597 333752 917369 220388 611230 976901 439731 462073 837876 439479 800566 297863 465788 642762 441416 767470 594208 545606 426941 489104 479592 386127 778648 681436 828888 603931 381350 963944 350462 1124874 794088 693381 395626 675332 467809 624476 909532 448408 874115 830696 1028098 494415 671472 449879 845137 163662 747301 459929 775862 152244 275447 274226 549723 584880 452581 838750 721666 407406 819599 203650 380337 714730 776930 749644 999036 837471 262587 1068952 220310 751518 502009 827286 354069 638250 693119 354294
699357 599568 397361 840726 821704 567941 925718 639862 474912 927313 714419 742687 456358 885498 796749 106731 999999999 556260 707137 864901 1042379 957018 221954 322803 567585 418429 933314 287179 656510 979489 467590 392683 846604 506017 822451 196378 382598 596708 473771 699985 502683 583889 491258 406846 422611 402042 748923 747148 876963 528976 366211 973271 451143 1139663 776786 710505 431344 642390 403529 649296 936464 535549 806361 823541 1038895 569489 664816 426340 817652 77655 773503 401115 696036 240995 300037 209280 600885 570505 429002 815356 778062 310284 747169 105671 431135 716111 732920 710617 1024035 850351 315249 1087653 130756 765326 433538 790617 432626 556088 724105 248344
183960 827069 302783 564219 443157 706503 431276 354221 454771 395218 285644 456317 289904 382625 735563 607446 556260 999999999 802375 385930 655005 578672 339353 445674 158772 642520 581521 539335 551630 557422 404205 186239 479052 590870 528341 584803 250166 49949 424499 193921 297309 481888 574186 234548 135180 359276 232989 720763 709348 159831 267044 582497 757385 751125 305214 432065 434894 138687 164096 440796 639489 717264 290087 386386 644892 666464 284206 200950 300379 480102 518047 157582 272213 598746 416747 347345 554851 210447 199185 312520 687032 364383 260964 582349 496846 353723 180517 169759 700376 502418 496087 723600 437747 447995 153389 249637 618945 221867 512966 544612
778462 186682 920337 496169 623568 139196 1219251 511778 350912 920286 668449 497399 513892 1169347 214278 624066 707137 802375 999999999 1182672 729501 672453 731344 950877 937464 290401 625410 422845 293635 746888 400058 801483 615753 228710 514810 899113 862357 797920 379698 993429 997642 333545 247077 873517 759826 460301 795860 164538 368613 915990 573287 697801 317265 790828 737394 489497 380877 750818 783700 420877 554082 177603 1076599 703232 737160 149435 612268 614726 827275 709097 459804 757678 1070821 471920 473378 703623 257142 615292 615518 800102 250136 886521 1061425 812675 330965 589042 872027 827340 631497 590950 412017 723013 740728 536333 820349 866139 274884 978457 406140 934028
433643 1212949 484888 865539 709325 1091751 64591 698367 838978 469272 570496 775026 674459 53915 1093246 941140 864901 385930 1182672 999999999 861892 809669 647210 623946 299609 1026375 832702 915117 915849 752785 788205 479687 743284 976023 827391 816077 483425 384786 808323 192060 391237 854213 959577 458894 476380 745150 443943 1087047 1037303 337256 648480 801900 1138330 939393 536943 760034 820673 441730 477530 793264 915860 1103193 112945 620282 847752 1050543 604320 586080 463570 788243 838248 491506 171985 964431 795314 666966 929690 570495 584461 495467 1041272 579148 126848 852637 882772 659480 338281 380965 949309 774560 876167 938062 734321 752678 440757 388534 1004047 312185 851966 751076
481979 883083 947952 242344 226203 750022 859068 402517 609095 402681 372574 306884 586603 819212 524195 1030022 1042379 655005 729501 861892 999999999 85484 893058 1073495 802204 820868 115885 835247 479618 109115 592976 810088 196880 683316 239857 1158307 887183 609735 595076 743901 952118 509792 682208 877862 742642 644689 445368 565666 376249 812696 683894 73480 932464 99350 354936 337103 641746 516849 782472 411582 176959 796920 755805 269295 15449 699490 397501 641403 403428 987958 300060 760490 861234 923776 754635 882155 547773 498770 639214 374575 480257 987436 794052 1116593 678088 333417 550301 521827 125621 192654 781218 76223 974262 278541 791961 480740 782638 869613 362003 1143265
411424 817420 867813 176589 142153 681674 812231 317180 527916 366724 293744 224604 501144 769921 475415 945637 957018 578672 672453 809669 85484 999999999 808243 990978 729199 744317 48105 753078 408368 84066 509803 728720 111543 608641 165173 1073222 806322 534925 512684 679806 875946 431615 606381 797786 661151 559953 379365 511132 337565 737599 598479 25386 858373 184228 285712 253816 559249 441772 701044 330476 141659 726911 700665 198056 82468 630272 314189 556702 346321 902475 225800 678501 796219 841587 670193 797047 474852 415125 554545 315120 427338 904877 733448 1031126 597749 248759 486940 454799 140603 108347 698649 145220 888944 194257 711964 422668 706105 796158 287800 1058916
496913 677278 209662 722868 666956 600258 706828 501132 415929 723413 537203 614321 322961 665415 759937 294574 221954 339353 731344 647210 893058 808243 999999999 223332 348100 475912 793050 334642 589323 816019 385842 170884 696886 504454 697093 266567 173644 382954 400411 478330 309714 508379 486400 195936 204232 308785 547842 721315 802451 310001 218698 820652 556370 992324 590064 582098 373016 440322 181957 539952 816123 585527 584849 649590 887083 582130 497917 251710 617710 144315 658771 182017 481288 348540 258196 28682 551982 397064 253944 620102 727652 155536 527145 245082 405520 559641 518878 500952 897354 707597 324223 948074 98404 627867 211690 581920 471837 344177 621745 253113
627995 882560 152504 926285 848980 817154 688422 700191 638917 838197 703573 815132 533424 658252 982784 427524 322803 445674 950877 623946 1073495 990978 223332 999999999 365774 684238 982262 540803 809944 985917 607106 266214 881869 725718 897358 197915 195520 495598 622441 504388 232714 728650 707857 212907 332353 530120 678078 944626 1019633 331063 431266 1000049 748597 1172467 741688 783827 596253 576920 293161 751032 1016582 798079 599419 814222 1065640 802286 676887 444843 746028 270974 864931 313381 453739 532639 479655 249295 774804 576645 446446 756937 949459 86106 528260 260477 628071 744370 616921 614395 1093015 897241 539884 1134718 221650 823193 292757 692220 685089 321237 833428 127776
320737 941452 213598 722800 597360 830920 358729 511988 586566 494731 439385 615088 425083 317926 886941 641597 567585 158772 937464 299609 802204 729199 348100 365774 999999999 746969 735350 626055 701872 700407 537666 180210 633507 717071 686729 540985 191959 195460 557966 140325 161402 628421 699417 167706 186750 480399 362453 868418 867093 38894 372437 730955 852636 895984 447629 590677 559646 288070 180224 596241 796752 834790 242536 533065 791143 795517 442530 322772 421128 490382 676744 197795 141602 669103 510842 367387 698424 367559 321949 441048 839903 301381 179625 564298 617583 511576 274262 287479 854980 658224 592090 873082 437690 606377 142105 353612 728889 67700 670277 484853
684759 201682 680219 581588 644090 152091 1073752 472753 234192 879217 617317 524009 369957 1025135 420090 333752 418429 642520 290401 1026375 820868 744317 475912 684238 746969 999999999 705232 143437 346595 798548 275252 584105 652786 140700 581111 612595 630103 655183 260998 834822 770595 313204 138982 646137 560262 287830 718611 363307 540242 717811 378108 767191 123840 904611 692846 500008 226110 640431 573162 418534 668228 117393 932380 693904 823341 167687 554579 441636 770292 427701 520814 551137 887917 181542 237105 447236 277022 509322 443477 751597 419954 629952 899783 524099 165045 566139 763387 723287 757901 640352 157148 840851 465850 560556 612400 783930 38235 773374 458996 652590
422463 772616 863900 130577 138367 637812 838497 295015 493677 401343 296172 192889 479636 794902 427388 917369 933314 581521 625410 832702 115885 48105 793050 982262 735350 705232 999999999 720203 365617 130716 478951 722987 102682 568131 124121 1056284 801305 540003 480347 694748 877816 393909 566699 794166 655422 533300 395196 463605 289875 741264 579685 73311 817563 207506 300298 224060 527048 447322 695288 296350 97137 683811 722219 213538 118290 586751 306973 542746 369641 881392 184583 671697 809895 808710 642333 780365 433127 405754 540733 337346 379560 896224 750937 1010627 562381 238044 503780 468775 120177 85505 666472 155387 870611 168109 708754 444227 666998 801555 246673 1045162
613536 343230 541483 608590 634216 284243 966385 449922 227233 825652 572817 528596 301041 919078 514621 220388 287179 539335 422845 915117 835247 753078 334642 540803 626055 143437 720203 999999999 394129 794496 244726 455229 650457 220588 599070 476469 494445 560160 240404 726116 635147 334163 207155 512023 440485 217007 654026 462805 609669 594198 273302 773478 227780 926578 646503 499461 193941 563048 447670 423859 702032 258613 828022 665452 835064 282402 512067 344141 713401 286906 542507 428270 767654 88530 123377 305989 330580 444644 346445 699919 501280 487563 788354 391821 163840 540930 680858 644805 792363 645064 55869 867320 322819 559960 486982 713748 148403 645913 484918 512148
495236 412112 738113 237611 335201 274123 946399 223499 182379 626650 377254 207386 289282 896753 185327 611230 656510 551630 293635 915849 479618 408368 589323 809944 701872 346595 365617 394129 999999999 472999 203562 601117 332641 206309 243242 819816 674184 536531 190363 732858 794494 81397 208210 678575 545130 280556 507456 171198 220566 688180 382064 432677 453461 559467 444438 196366 226890 475196 577679 129015 321694 318548 805892 410487 483645 222264 324137 394297 534866 626105 182887 550108 823715 478600 359384 566730 69582 346721 394031 507055 142070 731457 800538 751758 231020 295664 591312 546230 411311 312514 348688 494863 636056 246849 608438 577632 308836 753576 121869 831897
379692 884832 855120 251739 160804 747079 750425 346812 574057 295874 282527 274674 524216 710262 554817 976901 979489 557422 746888 752785 109115 84066 816019 985917 700407 798548 130716 794496 472999 999999999 549774 720423 145880 666734 232758 1082534 796039 510587 555399 636793 853226 485760 662720 785141 653626 591400 340256 587762 420457 712954 615046 62288 915936 195879 253188 299122 601101 418736 693087 380129 225723 790288 646773 172193 95239 695062 318523 565272 295127 920354 291030 672648 754318 882473 702598 807614 536611 418957 562895 267087 505303 900237 685811 1047211 645342 263481 443369 416805 213274 160654 739091 185280 901836 238182 699439 372405 760588 768047 351130 1062504
413576 432776 543032 375383 389598 304344 828830 206537 50801 604046 342725 286196 114364 779136 377697 439731 467590 404205 400058 788205 592976 509803 385842 607106 537666 275252 478951 244726 203562 549774 999999999 411986 405875 188824 360857 620151 480600 404686 20380 597126 608555 123150 173436 487789 363606 77073 444736 345323 419922 517309 184680 529622 399084 686286 418186 256017 52453 373549 391230 184756 470873 321699 685735 425762 592092 262404 280080 215310 495090 428960 308079 364194 670893 332842 168038 363178 171357 238224 215950 476436 342385 529888 664766 557066 110297 299105 497716 455529 559822 401516 189462 629391 434597 315944 425790 511389 241955 580757 256584 629206
364008 783229 143273 678712 587399 683653 537958 452754 455772 581316 438563 566686 311837 495530 784368 462073 392683 186239 801483 479687 810088 728720 170884 266214 180210 584105 722987 455229 601117 720423 411986 999999999 621293 574344 646989 399215 78832 235042 431078 307450 196853 521399 556075 77759 67608 342628 414731 756413 793717 143786 229105 736614 682997 908662 475522 537008 421150 311487 27705 518172 764948 680693 414001 548468 801713 654259 416060 207937 483729 315031 621658 53161 318649 491842 347347 187990 582322 318469 208570 492628 743130 181684 357536 403330 472016 485235 365381 355731 836890 638935 427084 873345 265532 569679 40876 435869 570363 190710 599286 358638
323814 744524 761753 139904 36221 605631 753461 207411 428554 338258 194121 129388 390368 708212 437768 837876 846604 479052 615753 743284 196880 111543 696886 881869 633507 652786 102682 650457 332641 145880 405875 621293 999999999 521860 107484 961711 699425 438060 410630 597667 775168 340285 517392 691933 553691 451756 300870 462596 324757 638846 487021 126689 770647 295768 206521 153266 456668 345714 593588 234290 172664 647420 631469 125127 192427 553370 205318 445476 285259 791283 156097 570351 711612 738701 562595 685532 393755 305293 443347 252256 385034 795774 655837 919793 499688 137916 409311 372003 221501 33010 595335 252904 777411 92304 606410 355828 614870 699464 211732 947895
597689 246551 691633 442636 516564 115739 1017439 357451 138252 773532 510910 392472 301602 967791 294891 439479 506017 590870 228710 976023 683316 608641 504454 725718 717071 140700 568131 220588 206309 666734 188824 574344 521860 999999999 444210 689877 633883 593281 169316 784480 769897 182510 18377 645445 535672 236704 624783 242244 402795 693373 347738 632095 249758 765338 585614 371290 157507 560635 557544 289796 527992 136542 874371 575146 686416 79954 449029 395453 669045 495531 383573 532066 853620 293165 246305 477146 136764 424101 396581 646846 286340 659102 851818 609257 102509 448630 684731 641791 617464 506921 193972 701073 521254 430433 594908 693273 103590 754525 321459 717719
396778 653390 790083 38150 129049 516874 842655 197264 371943 443422 259236 82782 376173 795886 330848 800566 822451 528341 514810 827391 239857 165173 697093 897358 686729 581111 124121 599070 243242 232758 360857 646989 107484 444210 999999999 955638 725802 493630 360524 669483 816868 270168 442603 721806 580565 420466 383958 358077 220211 686496 479483 189442 693790 327692 294356 115044 407127 406092 619675 176250 119341 561788 714579 223998 242302 465309 244199 452663 380608 774702 60717 594195 779142 687435 526998 681788 309779 330406 450992 347914 278630 812110 731417 904316 439624 175961 489418 448317 202182 77857 546092 268721 768502 80353 638561 445654 542876 750001 122842 950204
755599 795944 332525 978968 932482 760151 880171 762246 638012 978432 803580 873257 579489 847270 973676 297863 196378 584803 899113 816077 1158307 1073222 266567 197915 540985 612595 1056284 476469 819816 1082534 620151 399215 961711 689877 955638 999999999 351614 632547 630483 681278 426352 742208 673904 374727 453513 546466 806797 927248 1039292 503254 476997 1086239 646919 1257437 854780 840778 593300 700067 420786 790928 1073662 729970 781824 916021 1152679 757884 764280 517686 876663 195545 913203 431212 644435 437171 461697 276180 770910 663581 519990 881612 949809 240018 713371 94563 605661 825061 764572 753150 1157324 971067 495999 1211615 187468 889614 436092 833882 624253 506892 870654 75013
432899 831305 64978 757436 665313 739718 545283 531332 521963 643249 515020 645408 385522 507268 856071 465788 382598 250166 862357 483425 887183 806322 173644 195520 191959 630103 801305 494445 674184 796039 480600 78832 699425 633883 725802 351614 999999999 300100 499003 331300 140724 593729 615510 24598 146008 408199 482760 825912 870265 153329 295962 813742 720868 985503 548680 615617 484807 382782 106333 595177 843780 732551 434490 623876 878547 713740 494333 283765 550538 307082 700064 131700 313536 518934 397095 198842 651842 397207 284624 561839 816241 116557 369802 372506 531436 563725 422845 418983 915540 717436 473484 951138 251850 648506 97746 497226 620149 173537 676653 301107
134542 833897 352467 530313 401927 708951 424162 329140 455476 346344 243941 425053 292141 374517 718242 642762 596708 49949 797920 384786 609735 534925 382954 495598 195460 655183 540003 560160 536531 510587 404686 235042 438060 593281 493630 632547 300100 999999999 424608 196770 342712 471074 577316 284443 180211 368236 183131 707199 682491 202967 286990 537707 772929 705064 257665 402912 440192 93154 211883 419861 601912 723242 281092 340546 599242 666568 250121 216376 250439 521468 487839 202767 291496 624399 436805 388958 545891 190050 214190 262775 668202 414093 264763 627233 503380 317797 136296 120756 659547 462843 513989 679400 481255 413437 203159 201334 629381 261603 487905 593664
431109 414102 561111 373075 395956 284630 848710 215461 31068 618437 356321 288273 134706 798991 361040 441416 473771 424499 379698 808323 595076 512684 400411 622441 557966 260998 480347 240404 190363 555399 20380 431078 410630 169316 360524 630483 499003 424608 999999999 617329 627774 111758 154319 506587 383415 92743 461218 327220 408821 537458 203062 533101 384768 687254 431850 259075 46702 392050 410624 184401 468123 303075 705606 436064 594719 242230 293582 235511 510250 437992 306010 383678 691271 328904 173756 377092 153736 256165 236181 490829 327241 546097 684999 565270 96203 308735 516227 473758 557657 404665 186150 629242 445909 319687 445444 528387 226700 600804 252147 641534
274321 1020890 352996 707306 561929 900171 240269 521194 647837 391834 410513 608482 483089 193446 913561 767470 699985 193921 993429 192060 743901 679806 478330 504388 140325 834822 694748 726116 732858 636793 597126 307450 597667 784480 669483 681278 331300 196770 617329 999999999 286206 667822 767911 307357 291863 553092 300458 903723 869816 178194 457316 676857 947783 831508 394802 589713 628782 266884 299662 614098 768770 911170 106689 482391 731207 859529 433430 394084 342820 622360 672035 309317 117629 779062 605209 494614 742487 386137 392445 369708 862841 441699 68067 702606 690761 495323 193604 225988 814552 626517 685709 818326 571666 591163 266706 266694 812132 187351 678497 624883
474759 971617 105346 851087 739513 877636 455709 629892 652623 656133 582604 740170 505786 426180 978776 594208 502683 297309 997642 391237 952118 875946 309714 232714 161402 770595 877816 635147 794494 853226 608555 196853 775168 769897 816868 426352 140724 342712 627774 286206 999999999 715748 751570 125078 249509 539445 519350 952326 979695 140765 425940 879746 861369 1047759 600123 712699 617772 435298 217657 704011 931465 871985 372492 683134 941812 849851 575427 400230 580494 431457 798877 245050 221430 657701 536630 336506 778389 487529 400465 598823 936133 196298 299588 471479 667412 645828 435317 445997 995939 797290 613796 1020906 374671 737174 186283 514573 760012 99398 783151 359940
444987 418272 657445 275647 334076 278417 888183 183107 110055 599987 340512 211086 209964 838315 263061 545606 583889 481888 333545 854213 509792 431615 508379 728650 628421 313204 393909 334163 81397 485760 123150 521399 340285 182510 270168 742208 593729 471074 111758 667822 715748 999999999 177152 598648 466830 199805 464000 240001 297162 612915 300792 454203 430387 597039 412981 188830 152584 418013 498446 107286 368078 313701 746181 394725 511491 227010 281466 315672 500277 549682 211104 470912 753933 421507 284435 486117 76473 283982 315570 475385 222822 650060 735835 676663 171337 270040 538555 493820 458507 327149 284242 535684 557320 248400 530091 534107 275098 677995 151390 752320
584207 260038 673262 442610 510875 132364 1001424 348094 123302 762996 500148 388098 285353 951824 307478 426941 491258 574186 247077 959577 682208 606381 486400 707857 699417 138982 566699 207155 208210 662720 173436 556075 517392 18377 442603 673904 615510 577316 154319 767911 751570 177152 999999999 627097 517698 219019 612227 256069 410447 675511 329681 629539 253255 765629 575132 365789 140097 546254 539367 284098 529549 149238 858395 567065 684902 98291 437974 378110 657656 479250 382163 513946 836231 282439 228318 459159 138827 410014 379277 636010 296318 640953 835150 594042 84163 440036 670414 627725 619407 503493 177913 701927 504191 425552 576794 680380 100904 736529 320227 700914
418228 846915 70093 754124 657421 752676 520702 528788 530469 625337 505320 642166 389340 482679 861495 489104 406846 234548 873517 458894 877862 797786 195936 212907 167706 646137 794166 512023 678575 785141 487789 77759 691933 645445 721806 374727 24598 284443 506587 307357 125078 598648 627097 999999999 141404 416862 467536 832760 871339 129219 303741 804512 739050 975805 536133 612904 494471 369550 103352 595694 839169 746933 410189 612963 868898 725387 487394 285694 534620 331096 697970 130413 289200 539090 411632 220312 658618 391985 286329 546999 820620 137545 345254 396975 542937 557260 404052 402033 909393 710858 489171 942838 276090 643781 85902 479395 635073 149522 676631 322551
303008 755490 209640 612742 519794 648041 530425 387436 410137 525023 371466 500771 257075 484928 729694 479592 422611 135180 759826 476380 742642 661151 204232 332353 186750 560262 655422 440485 545130 653626 363606 67608 553691 535672 580565 453513 146008 180211 383415 291863 249509 466830 517698 141404 999999999 299683 354132 704658 732121 158614 188231 669163 666350 841292 410503 471515 379282 248717 39906 456234 698191 649692 397539 481868 734356 615008 348476 151178 423784 345895 556680 22557 328053 488219 324131 213336 531272 251287 151262 430638 686664 246958 350283 447381 434659 417741 315254 300136 769536 571450 405403 805746 302604 502835 63308 381109 542658 218877 536525 418653
401593 467801 469595 438988 430768 350757 789791 244875 113765 609123 356212 341363 85221 740665 453779 386127 402042 359276 460301 745150 644689 559953 308785 530120 480399 287830 533300 217007 280556 591400 77073 342628 451756 236704 420466 546466 408199 368236 92743 553092 539445 199805 219019 416862 299683 999999999 439546 419363 495698 456833 113535 577927 408177 740541 429567 309477 79613 354414 323746 247823 534698 358247 647456 452112 642367 315564 296172 159979 497177 357805 371913 297478 617533 299857 111202 286312 246370 229056 161347 483038 419339 453376 619583 486958 138186 331001 476349 437232 622000 452035 162401 686682 359926 366216 360074 501713 261146 518509 325179 553247
51198 871219 535553 422065 266123 735077 459191 284527 491061 178749 133304 337615 354331 412025 670398 778648 748923 232989 795860 443943 445368 379365 547842 678078 362453 718611 395196 654026 507456 340256 444736 414731 300870 624783 383958 806797 482760 183131 461218 300458 519350 464000 612227 467536 354132 439546 999999999 674404 597579 378632 398924 376949 842003 536108 94938 327908 492505 107546 389775 378567 473435 761197 331454 182089 433264 686203 183727 328811 69939 677608 399410 376084 416954 730914 535126 548599 539533 210664 326113 79928 616583 595600 355773 792503 554626 222740 108664 76561 514597 331400 601041 518914 644129 311383 385323 70298 686459 430120 422119 772438
664832 335979 888290 336046 474615 229430 1117309 392673 306770 781559 542316 353235 447755 1067712 58428 681436 747148 720763 164538 1087047 565666 511132 721315 944626 868418 363307 463605 462805 171198 587762 345323 756413 462596 242244 358077 927248 825912 707199 327220 903723 952326 240001 256069 832760 704658 419363 674404 999999999 206350 852700 530001 536518 433854 626338 605425 351876 348473 646245 734669 296991 389778 281475 977018 560379 573674 196365 492432 553657 696675 731841 307163 707313 992975 533311 470497 696016 174143 517653 553751 667264 85638 871062 971483 849363 322371 456594 761359 716284 467091 435554 432586 558533 752217 390404 767691 744184 333267 917642 260733 949996
603697 541782 935147 184949 349202 426148 1056530 355160 402857 662835 467093 262381 487842 1008815 154730 828888 876963 709348 368613 1037303 376249 337565 802451 1019633 867093 540242 289875 609669 220566 420457 419922 793717 324757 402795 220211 1039292 870265 682491 408821 869816 979695 297162 410447 871339 732121 495698 597579 206350 999999999 860279 588409 362100 628196 425831 511688 280237 447234 602938 768211 275890 200531 477927 924404 444204 386508 383934 436392 586506 599743 846215 199055 740946 973615 691076 579785 781335 279194 499546 585643 567283 125565 938472 934501 972255 448965 377824 699404 656339 266422 292416 567087 358208 854439 286242 794400 662114 505143 925659 197182 1048924
334076 913917 178559 721825 602915 806296 396988 506131 565301 519651 445225 612501 406460 356628 873503 603931 528976 159831 915990 337256 812696 737599 310001 331063 38894 717811 741264 594198 688180 712954 517309 143786 638846 693373 686496 503254 153329 202967 537458 178194 140765 612915 675511 129219 158614 456833 378632 852700 860279 999999999 346591 740656 821407 907818 459774 586756 536398 296005 146656 587017 798795 808304 281283 543471 802149 772397 442873 302039 440382 451859 673111 166752 175067 634733 480988 329847 681157 361669 301493 458186 827671 264113 218383 525507 592843 512824 297435 305703 860200 662217 562017 882250 398957 606260 107574 376209 700973 65632 663107 448282
353325 569386 358400 504461 459642 459810 697011 285257 226803 576678 348782 396838 104263 648903 561355 381350 366211 267044 573287 648480 683894 598479 218698 431266 372437 378108 579685 273302 382064 615046 184680 229105 487021 347738 479483 476997 295962 286990 203062 457316 425940 300792 329681 303741 188231 113535 398924 530001 588409 346591 999999999 612885 490691 782566 413773 364449 192453 298971 210424 321668 598183 462354 556880 457334 679144 427307 298717 72507 464323 305350 440101 184477 511923 339187 150095 202310 356007 205272 75043 457400 523522 350431 521784 433015 246441 352697 411088 377936 680659 494717 229055 735071 290930 412646 247265 451801 357510 406909 403755 471372
411507 842242 874598 201850 153758 706230 802553 334003 549071 352766 299299 245710 516986 761058 500696 963944 973271 582497 697801 801900 73480 25386 820652 1000049 730955 767191 73311 773478 432677 62288 529622 736614 126689 632095 189442 1086239 813742 537707 533101 676857 879746 454203 629539 804512 669163 577927 376949 536518 362100 740656 612885 999999999 881853 172522 284775 274026 579549 444664 708995 351959 164740 751216 693913 197978 66441 654732 324330 568944 339713 917562 249901 687016 793781 861935 688538 810177 498793 425668 566724 309410 452707 913998 728971 1045850 619276 261184 483436 453041 153418 128526 718799 142354 902760 213678 718615 416688 729003 798208 311744 1070410
807470 157010 765437 690978 763709 204434 1187674 595427 357590 1003055 741082 641346 491663 1139591 492282 350462 451143 757385 317265 1138330 932464 858373 556370 748597 852636 123840 817563 227780 453461 915936 399084 682997 770647 249758 693790 646919 720868 772929 384768 947783 861369 430387 253255 739050 666350 408177 842003 433854 628196 821407 490691 881853 999999999 1012712 816612 618834 349648 762179 675066 537132 773541 152398 1047435 816330 935849 244395 678341 557483 894087 480119 633104 655048 994204 216245 343146 528090 384733 632298 559491 875435 503507 704788 1011490 553480 288883 688628 884517 845056 861827 756470 262163 947551 526953 678772 714414 906912 158940 873666 570966 697642
575253 953247 1045896 323057 325543 824150 931912 500038 699572 472523 470544 400375 684513 894442 579497 1124874 1139663 751125 790828 939393 99350 184228 992324 1172467 895984 904611 207506 926578 559467 195879 686286 908662 295768 765338 327692 1257437 985503 705064 687254 831508 1047759 597039 765629 975805 841292 740541 536108 626338 425831 907818 782566 172522 1012712 999999999 448419 431533 733948 612587 881081 502929 240779 872732 836332 364741 106958 774980 496794 740697 488893 1086166 385936 859326 949123 1015004 849800 981265 628722 598090 738515 462048 540909 1086434 878762 1214999 767221 432698 638440 612645 159591 289319 873242 67826 1073135 374556 889911 565806 866495 963578 446610 1242614
127056 829383 605701 332160 172397 690436 549006 229999 459445 187919 75529 257405 347091 502920 595756 794088 776786 305214 737394 536943 354936 285712 590064 741688 447629 692846 300298 646503 444438 253188 418186 475522 206521 585614 294356 854780 548680 257665 431850 394802 600123 412981 575132 536133 410503 429567 94938 605425 511688 459774 413773 284775 816612 448419 999999999 253706 469326 166940 448883 316547 379185 721654 424971 87721 343604 639650 138270 350465 91317 709816 316283 431018 510716 728689 534421 586479 485471 209221 347810 62735 541492 657036 450709 830952 527898 149136 203594 169182 419838 237617 591446 427115 682572 226621 451161 151360 658246 515185 346908 827112
327043 601468 680281 142524 145284 461455 782667 84313 275690 431522 194614 32511 261291 734105 343103 693381 710505 432065 489497 760034 337103 253816 582098 783827 590677 500008 224060 499461 196366 299122 256017 537008 153266 371290 115044 840778 615617 402912 259075 589713 712699 188830 365789 612904 471515 309477 327908 351876 280237 586756 364449 274026 618834 431533 253706 999999999 305546 322839 510019 81704 234063 500379 647439 214138 336076 409155 156489 338992 345017 660963 86378 483938 693614 587932 418274 566750 249018 225542 337420 315391 289043 698903 654745 790531 346584 105791 423940 379822 316606 145623 444877 377275 653752 61088 531157 396284 462217 651468 94247 835203
