NAME : synthetic_000278
TYPE : CTSP-D
DIMENSION : 100
GROUPS : 8
RELAXATION_LEVEL : 1
EDGE_WEIGHT_TYPE : EXPLICIT
EDGE_WEIGHT_FORMAT : FULL_MATRIX
EDGE_WEIGHT_SECTION
999999999 789639 502051 569941 366618 368070 371560 612962 317124 73749 831117 938521 157347 84450 965499 705042 833429 931265 871949 799879 784625 636752 478411 278405 684699 816954 928650 958341 923386 653245 963351 302225 358627 403579 130192 890500 605213 579881 136947 725119 365462 625169 234446 453380 408768 869917 750709 305826 719116 291872 720192 248445 919842 443348 386710 106899 841947 335577 768862 464097 600122 520755 171213 926398 698039 194030 154430 601758 724612 719863 322727 450725 370745 424234 691245 397666 878569 750951 585963 825216 477336 602466 543639 785514 165398 475441 630175 852767 500141 461133 776219 847220 440028 322970 899386 379136 548635 247500 361544 257872
789639 999999999 721085 386740 628090 447539 427707 523986 533145 803894 258692 231976 635727 710351 240574 85011 459918 626302 371397 161273 68767 666651 316853 514367 137510 236677 566274 613855 149074 657909 491202 511220 663464 386112 700343 138029 185059 548736 729607 400886 426169 226428 689690 360829 584480 475910 387190 712468 421314 663824 134782 638266 135498 419459 803908 689437 504155 456890 555395 827468 413519 314384 716895 137627 121029 657307 874071 272402 333166 416552 539256 506585 436936 903846 380701 528304 226882 501174 343491 47330 748719 515367 270828 292558 625318 641289 623544 96055 646419 740355 207574 147697 779988 922626 194746 738819 412972 587514 508432 828954
502051 721085 999999999 336685 734128 370203 411994 886473 301824 572603 905132 738992 483233 497976 958798 662377 475532 500349 568996 628004 674073 160719 554935 485028 699203 595832 525439 537856 791348 181790 605878 359905 748554 478660 382517 858017 577774 197297 365543 907943 443171 494713 652079 412125 744771 505951 439863 730184 914593 218430 740881 277713 804976 330105 839598 499178 459665 429665 354287 127630 810903 643465 331557 823480 600066 583085 432944 712172 454915 912546 287160 731363 388631 234975 397558 693470 914724 367877 379432 730094 41882 237862 471581 892755 469421 81690 179018 814963 859524 49652 578395 683786 97407 332143 714074 805475 761992 326352 634340 293800
569941 386740 336685 999999999 613495 221510 244601 670720 252954 616160 593722 418542 456747 515461 626524 336013 271187 403890 303257 295658 337456 289223 310308 374725 386598 277393 380232 419038 456928 284843 395445 276017 640996 277655 446006 524569 268326 165909 459565 640033 274009 162677 594076 175881 598846 307311 181611 654964 652075 337010 425794 341200 469121 132263 769343 502278 290193 286816 258185 450642 571529 393909 433589 487109 266362 532356 593403 438927 157187 648892 248640 551953 229553 539055 122242 535113 592134 216516 43248 393563 367489 139523 171633 593862 441072 259445 247874 481907 705404 361196 250333 351657 405258 586131 388203 715410 533746 322771 481919 504008
366618 628090 734128 613495 999999999 406236 372871 258777 439708 321331 560337 838210 266972 298437 725890 549991 874107 1017319 862317 711052 655185 815617 343140 256003 493191 759564 989477 1030722 777124 824570 979806 383847 35451 337838 398079 680513 479425 713204 434082 403979 340921 568431 135312 438797 54812 907990 776708 98001 391598 526313 512557 463971 762010 492370 176295 281881 900147 334936 868071 750880 285418 314237 455065 758847 587027 178164 519289 365547 729056 393816 453988 131739 392428 748595 723680 99805 624452 829792 602924 673847 727239 715336 486748 501199 276513 673085 790753 654026 136260 710526 712992 740117 711862 673462 796521 112064 247752 408196 135112 589285
368070 447539 370203 221510 406236 999999999 41835 518723 90399 404314 565625 572043 238350 302867 658259 367890 492571 620304 511991 433810 429160 416869 191884 155765 374355 448951 601043 638462 567680 423409 614023 67014 430265 109055 259101 568032 266309 307882 284622 541008 74351 258581 373383 88808 401328 528557 400603 437204 546343 228766 415810 192549 568467 90222 552315 287140 511067 71333 465468 435436 440735 277028 269659 578723 341392 310872 428977 351934 365493 544549 100642 371568 18446 485084 342195 341903 591281 431617 226078 475947 378918 309176 181909 541562 223188 294489 388084 526235 514174 364733 408220 483291 387694 481053 533743 501573 391897 140308 283770 385107
371560 427707 411994 244601 372871 41835 999999999 477128 125766 400637 530974 567459 230541 300158 630492 345674 513330 647446 523852 428770 415295 456447 153919 131093 344922 450847 624647 663609 554319 462310 630640 85642 398554 68162 272799 543072 243499 344932 302060 500271 33766 254999 350867 84596 364744 548794 418914 410363 505250 263761 385660 221823 552955 119516 524815 282318 534632 43284 495554 475301 399003 236925 291194 561646 327915 292032 446415 313485 379415 503527 137779 331659 23534 521475 361899 304008 559717 458989 242340 459162 420285 343524 172103 504515 216568 336287 426527 502055 476536 405944 408104 475660 427818 510846 528014 471718 350067 163130 246721 414020
612962 523986 886473 670720 258777 518723 477128 999999999 586463 576127 362420 755248 484528 535900 539071 468359 891076 1052559 844911 653819 574036 928761 360601 415071 391929 719558 1009601 1055562 664282 932217 969662 529217 282426 414639 614718 524798 444515 810349 653014 171940 444533 564572 391666 505230 207781 919679 795078 351503 153109 705784 389610 646946 641373 582410 379623 515858 926536 456857 925308 932879 112396 278839 666115 630447 535123 418932 759988 263952 739073 156926 600903 167960 500645 953020 754071 219040 434832 877607 644499 570843 890241 799592 505874 297592 488301 812899 895209 512115 170266 874766 675466 663951 888344 898026 716353 323237 137343 582418 269352 806317
317124 533145 301824 252954 439708 90399 125766 586463 999999999 366360 655607 641295 219340 267576 747836 455354 517686 626545 555679 505051 509987 377753 279670 185258 464561 510551 617197 650014 647153 388330 646508 58101 458183 193069 193919 656471 354610 286906 211594 623427 150557 331615 378791 172393 445383 554203 433599 451444 627331 138545 506104 105283 650014 131235 565788 257372 528873 130911 465697 352072 517419 361713 190620 661635 422704 310605 352724 439191 408612 625855 14683 429560 106282 395777 374127 392141 681671 440978 271569 559057 303779 300021 263463 630220 203353 234378 356597 614334 560196 288375 473391 557105 305390 391609 604788 522543 466488 69833 332917 296390
73749 803894 572603 616160 321331 404314 400637 576127 366360 999999999 822034 966693 171175 101467 965410 718883 883851 989056 914968 828187 805071 703253 487846 289989 690705 851155 982968 1014504 942656 719068 1011458 341762 307755 421671 193533 896223 622024 639993 207166 701107 388658 655509 186020 484822 368660 920359 797758 248342 693059 359133 723632 310803 936780 486074 318688 118337 895051 360802 826915 537719 576024 518179 241047 941465 720219 165735 217843 596088 767760 694279 374016 420851 403889 497087 738323 368448 874116 805959 628157 842090 549140 660109 571277 772433 184254 542091 694501 860390 449794 532777 808725 872914 513007 392110 926597 317597 526741 298785 341840 331044
831117 258692 905132 593722 560337 565625 530974 362420 655607 822034 999999999 469565 675381 746679 176733 264734 715503 882936 630089 419895 327095 882934 378854 560633 207699 495307 824234 871908 354827 877889 749320 614162 593691 467440 777006 185058 328890 759354 812735 195832 513013 435274 664355 498249 506732 733321 636432 657425 217610 794148 167956 751860 325838 576996 719545 724232 758977 541244 800149 993294 279763 313011 810636 307345 346456 657696 949435 230299 579740 212851 666265 429019 549329 1050531 619960 472041 73214 746089 552905 292670 924979 732178 434529 64856 670454 823464 841299 192969 523108 913459 464054 401692 944830 1039534 439589 656332 312624 689716 482491 942234
938521 231976 738992 418542 838210 572043 567459 755248 641295 966693 469565 999999999 795563 867156 374825 293097 337880 481049 220570 138689 185069 637526 502805 680891 364580 143333 412637 456087 121782 622481 309669 638982 872959 548301 830026 294735 361186 543595 852162 630781 578117 313561 880650 485206 799349 336643 312519 914903 651652 750072 366727 742740 152435 510970 1014306 848522 381376 606001 469526 861272 644064 526209 831801 176356 253836 837655 993979 498523 284740 646827 642401 724602 567940 955396 342919 739191 416839 421744 383095 186373 774930 503558 395624 514817 782549 669398 595953 276815 870841 771373 169767 98195 818342 1003874 41749 950223 639611 706951 710011 918969
157347 635727 483233 456747 266972 238350 230541 484528 219340 171175 675381 795563 999999999 74787 808152 550824 727453 844555 750285 657103 634612 588356 322027 121856 527804 681383 831927 866577 772613 601093 851470 181207 273387 251257 132534 733691 452497 505668 170009 579262 217487 484891 168851 315073 294481 763763 637655 247222 575305 267203 562963 205846 767543 324660 356774 53786 742593 189895 684480 486382 455732 363917 188401 773030 549344 99961 281769 445466 603834 575569 230500 316980 235729 481916 578694 265556 721611 657590 464333 672802 470649 519285 400281 631555 16028 433169 571613 696368 402124 453711 638455 701751 449589 414257 755430 323251 402856 163447 218855 325302
84450 710351 497976 515461 298437 302867 300158 535900 267576 101467 746679 867156 74787 999999999 882009 625483 784061 893018 813609 728523 708341 618111 396789 196640 602394 750168 884772 917331 846593 632696 910887 240457 296151 325319 117593 808298 526837 546830 145853 642505 289937 555157 175439 384020 335619 820543 697067 253563 637092 279851 637273 224586 841883 384911 350713 22449 796352 261253 731362 481608 517784 436610 174653 847582 622638 120473 224161 517409 666451 637696 276198 371181 302689 460273 637687 318304 794428 708398 526816 747147 479446 564716 471536 701143 85409 458424 605992 771095 434366 462613 708018 774125 450327 375760 827335 330257 465842 202023 279000 295903
965499 240574 958798 626524 725890 658259 630492 539071 747836 965410 176733 374825 808152 882009 999999999 298533 678779 838930 574704 379592 299716 907081 491043 687979 286090 449257 773828 819908 253392 898053 680727 716133 760211 575513 895073 102812 394439 789256 928167 371864 620214 464749 820152 577874 673666 688335 617611 821307 393386 883875 247032 850623 223147 646435 890336 859829 723933 650610 787305 1061291 452351 447231 920737 198684 360163 805026 1070109 371453 566979 388717 756090 594210 644595 1132079 617829 632852 104494 733584 583311 246059 984853 755914 495759 241586 800850 878230 863934 144709 698010 975673 432933 340393 1013288 1139289 357668 826234 479456 793612 634533 1043288
705042 85011 662377 336013 549991 367890 345674 468359 455354 718883 264734 293097 550824 625483 298533 999999999 459176 627189 388483 186400 108094 623572 232005 429396 78847 256298 572761 620443 229680 617144 512872 430123 585182 301701 617675 202037 102180 501647 647715 366658 342495 173890 606515 283243 508576 480831 374707 631864 385053 588821 102298 559911 219358 348278 726240 604514 501104 373306 535966 762872 356052 235847 636167 222617 82909 572824 791961 206775 317197 380629 462399 432449 356248 834128 355364 450281 256179 482068 293647 126057 687226 471865 197583 280011 540524 581295 581206 159335 577756 677689 216024 197558 714815 846481 252316 661486 347332 507021 427031 751738
833429 459918 475532 271187 874107 492571 513330 891076 517686 883851 715503 337880 727453 784061 678779 459176 999999999 168040 118965 301661 391398 337260 545773 644304 534247 229547 118624 164646 439141 318039 134549 546343 903618 536507 705754 581103 448169 287722 713693 820610 540606 326517 864061 437065 853415 36517 97986 922482 837215 572397 561340 592835 465147 403405 1035864 771861 45180 556232 140578 603063 782474 614795 684170 489566 377028 803246 836382 633815 152028 833140 510956 797188 499857 709729 151533 788671 686324 108285 272270 437252 516685 251038 393909 738562 711686 428155 302728 547012 953358 519053 252346 338814 569384 790949 334386 979679 755305 586446 739798 725151
931265 626302 500349 403890 1017319 620304 647446 1052559 626545 989056 882936 481049 844555 893018 838930 627189 168040 999999999 264789 466401 557581 340783 700652 775818 701976 392273 69593 42840 592466 319367 186506 665160 1044867 680511 801124 743603 612533 352656 801939 987619 677669 489156 993205 578871 1001268 151078 258468 1057144 1003902 649817 729373 683361 620337 530267 1171990 883821 127161 688737 162405 620422 945467 774507 769607 645124 544934 928773 908774 798450 315939 999891 617029 950015 630704 730614 299763 937027 851924 188695 417030 601297 541812 329026 549397 906593 828531 478679 323779 711205 1105309 549235 419058 498830 597673 831975 485886 1119013 915874 691094 885112 782234
871949 371397 568996 303257 862317 511991 523852 844911 555679 914968 630089 220570 750285 813609 574704 388483 118965 264789 999999999 210311 303182 443714 521719 653227 466941 135022 199160 245645 327885 425972 125011 573210 894191 532048 749163 480977 402443 373151 762626 755141 546023 294474 870815 440909 834842 116483 132382 921556 773437 633487 487533 643521 355564 429225 1031570 798797 161191 566974 256824 696134 733406 577773 736018 380342 311891 815311 894377 581725 147382 769045 551828 770992 515156 799147 187219 770378 593087 215519 286816 341362 608686 333142 375967 660598 735178 511561 405603 450646 926526 608741 172495 235657 658476 868973 221471 971845 713304 625496 727309 795231
799879 161273 628004 295658 711052 433810 428770 653819 505051 828187 419895 138689 657103 728523 379592 186400 301661 466401 210311 999999999 92873 546138 370722 543219 264924 75413 405322 452818 164062 534098 331647 500802 745232 410939 692263 280064 231656 438951 715159 550141 439738 175231 746157 346638 675322 315541 238900 783800 569306 618466 280477 607696 181434 375818 886261 709970 346503 467428 408500 745620 541424 404500 695668 203088 124666 701173 857701 390536 192009 564756 506866 603618 429391 834508 247508 613326 385543 355245 256314 135633 661199 400968 256990 450869 643997 553652 503079 245353 754548 655853 54625 56019 700724 874957 99997 823041 528990 569744 580057 787624
784625 68767 674073 337456 655185 429160 415295 574036 509987 805071 327095 185069 634612 708341 299716 108094 391398 557581 303182 92873 999999999 609648 326230 515449 182108 168252 497532 545128 139024 599758 423997 495152 690171 383432 686980 197359 184921 494825 713748 461317 419201 185270 704716 340460 615132 407146 320692 734494 481051 634859 191508 615095 140097 388373 831464 688329 435764 449086 489732 785108 462071 341943 698130 153525 87773 666392 858137 314346 268066 476402 514413 539793 420994 866585 318113 555765 294997 435656 294648 56298 703898 459669 247433 358537 622936 595872 566393 158678 685838 696629 139138 89992 738424 894030 144225 767020 455202 569192 529275 802543
636752 666651 160719 289223 815617 416869 456447 928761 377753 703253 882934 637526 588356 618111 907081 623572 337260 340783 443714 546138 609648 999999999 574202 559630 675783 498868 370535 379332 709109 21451 460422 431968 835467 514666 509726 804305 556719 124433 500464 920359 490171 449700 754051 425746 816343 363350 325566 828470 930562 344879 714993 393909 727556 346401 942097 614897 313626 486417 203772 280005 839419 662985 466302 748766 549487 684985 586022 718968 356990 927769 364121 788100 433632 390136 299354 758377 879609 229937 330369 665531 201596 151850 455553 882139 573039 161319 43268 762703 930157 210232 492456 599365 257498 492823 619332 900239 795693 424911 699766 450998
478411 316853 554935 310308 343140 191884 153919 360601 279670 487846 378854 502805 322027 396789 491043 232005 545773 700652 521719 370722 326230 574202 999999999 200201 206752 416482 663854 707968 459699 575895 641890 235446 376441 88594 404477 412216 142005 452956 438431 353113 134164 227285 378691 148637 313151 577499 447889 413080 360531 417570 244052 373160 451182 230347 516714 375267 577132 162821 566435 627056 265366 89437 433593 454451 248991 341247 579298 160054 395586 358260 291438 251644 174296 675390 400938 248830 412483 520383 286151 357074 567510 439844 151918 350620 313015 475685 538494 374395 407923 554041 369932 404896 579132 660728 461136 454470 224104 310903 209922 563454
278405 514367 485028 374725 256003 155765 131093 415071 185258 289989 560633 680891 121856 196640 687979 429396 644304 775818 653227 543219 515449 559630 200201 999999999 406294 573236 754957 793247 652730 568607 761482 128249 277172 132778 218960 612109 332037 458594 256327 482392 107422 374852 219788 212320 260221 679835 550004 281451 481594 291266 442025 231878 646836 245556 396551 175294 664918 88074 621189 519048 363967 247635 260918 651822 431409 162194 388959 330410 509859 481132 199807 251012 145341 539155 492933 209111 603608 587125 373402 552128 482881 463236 288696 520616 113083 419623 534982 574583 375060 466689 528842 585583 475676 496052 640172 346534 310571 167738 150539 400417
684699 137510 699203 386598 493191 374355 344922 391929 464561 690705 207699 364580 527804 602394 286090 78847 534247 701976 466941 264924 182108 675783 206752 406294 999999999 335131 649105 696679 285813 671223 591495 430502 528635 289566 609390 205908 121590 551954 642182 288412 334136 231034 562843 298443 448215 557156 446855 580114 306500 602071 42160 565976 269049 373655 668368 580590 575295 364580 603700 791458 280036 182351 634686 265800 157522 536613 784506 135030 388885 302122 473669 369714 359914 854644 422409 393654 218608 550415 346406 184680 720486 525554 227703 210522 519341 617519 634421 169912 509046 709561 294447 272031 743009 855049 324955 603136 275956 507917 378384 758580
816954 236677 595832 277393 759564 448951 450847 719558 510551 851155 495307 143333 681383 750168 449257 256298 229547 392273 135022 75413 168252 498868 416482 573236 335131 999999999 330307 377701 215857 484910 257476 514858 792915 443869 702635 351850 284764 401000 722141 622375 466760 198529 783789 366396 727200 241213 178430 826987 641115 612223 353587 609086 239198 379316 932927 732951 274684 492064 345043 717939 607349 461028 699770 262956 184551 734247 861732 455606 142774 636641 510193 658606 447578 812419 201130 663855 460191 293432 244457 209042 631618 361218 284882 525685 667359 526090 456609 318938 812047 628043 46593 110064 675080 863518 120491 870946 591312 578267 626161 780435
928650 566274 525439 380232 989477 601043 624647 1009601 617197 982968 824234 412637 831927 884772 773828 572761 118624 69593 199160 405322 497532 370535 663854 754957 649105 330307 999999999 47759 525573 349255 118152 650942 1018374 651639 799223 679897 566292 358912 803369 936566 653203 445084 974190 551122 970137 91955 216032 1034893 953561 655223 674398 683118 553877 510954 1148945 874007 90039 667032 172116 649606 900783 733417 772169 578708 491584 911727 917740 751694 270628 949414 608989 915046 609735 759317 265857 905478 790471 177833 386564 539022 567313 329105 511937 850613 815991 493468 346426 648736 1071111 572910 360508 434622 622574 853569 418941 1093855 873913 684198 855683 797115
958341 613855 537856 419038 1030722 638462 663609 1055562 650014 1014504 871908 456087 866577 917331 819908 620443 164646 42840 245645 452818 545128 379332 707968 793247 696679 377701 47759 999999999 570617 357881 152825 686150 1059120 693031 828429 726616 612806 382661 830769 983991 692883 490997 1011844 591961 1012567 139613 260890 1073953 1000899 680214 722122 711302 599239 548240 1188380 907333 131077 705589 191991 659313 947108 778808 798909 624083 539164 948474 940907 798398 316509 996769 641142 958737 647906 769464 308172 948023 837777 209091 428090 586221 579513 356163 556100 898371 850586 512552 359994 695844 1114616 586368 408249 481295 635262 868713 464062 1134114 919590 715881 897444 816572
923386 149074 791348 456928 777124 567680 554319 664282 647153 942656 354827 121782 772613 846593 253392 229680 439141 592466 327885 164062 139024 709109 459699 652730 285813 215857 525573 570617 999999999 696464 428199 633889 812485 521360 825856 174749 320817 603013 852301 527143 557924 317838 836088 478893 733504 443840 393973 860921 548675 769102 276494 751957 30718 522942 952978 826378 484047 587931 560732 907566 556075 463231 836125 54710 226586 800927 996575 419944 352828 543764 650984 655419 559835 993947 409825 677328 297835 509289 416019 103749 823886 564953 385784 404824 761189 716045 666199 162708 793390 818039 216748 109744 862056 1027733 106634 887893 559493 707467 656426 937610
653245 657909 181790 284843 824570 423409 462310 932217 388330 719068 877889 622481 601093 632696 898053 617144 318039 319367 425972 534098 599758 21451 575895 568607 671223 484910 349255 357881 696464 999999999 440030 441520 845098 518960 525561 795242 553079 123270 517312 919845 496075 443502 765882 427894 823973 343461 310069 839644 930499 361489 709948 409006 715510 349975 953644 628914 293395 493597 183235 301454 841259 664250 483239 737030 541809 696987 605271 718303 343783 927613 374984 793839 439784 411586 286719 765287 872848 211335 324987 655412 222829 145713 453370 878642 585645 178094 37589 753945 937405 231210 480099 586757 278737 513933 605246 910799 798351 437719 706939 471068
963351 491202 605878 395445 979806 614023 630640 969662 646508 1011458 749320 309669 851470 910887 680727 512872 134549 186506 125011 331647 423997 460422 641890 761482 591495 257476 118152 152825 428199 440030 999999999 671294 1010920 645629 836781 592054 526492 421612 846049 879444 655406 414969 980791 550236 954430 100600 213912 1035050 897923 706466 611050 725302 457884 526921 1146622 897666 146976 673914 256823 732910 858278 701057 817056 482608 436877 922550 970375 706652 252292 893501 640639 892487 619438 840735 273205 889742 708320 238551 388633 457690 647415 385452 493246 782462 835930 561759 429605 565077 1048426 650647 297149 349222 700974 924756 323088 1088141 837555 715889 844702 859680
302225 511220 359905 276017 383847 67014 85642 529217 58101 341762 614162 638982 181207 240457 716133 430123 546343 665160 573210 500802 495152 431968 235446 128249 430502 514858 650942 686150 633889 441520 671294 999999999 403597 146912 192260 628433 328002 334902 218836 571441 101719 325572 330899 155425 387904 582690 457382 400766 574436 185236 471120 137717 634060 144575 515783 226419 561491 76983 506473 406411 462716 312740 206069 643754 407393 264447 363386 392541 426005 573151 72781 371524 74420 443053 398187 334119 644684 477424 286396 541025 361205 343602 248343 585104 165377 291987 408599 587228 502655 345602 474652 550278 360518 426018 600744 470022 411168 77493 274881 328965
358627 663464 748554 640996 35451 430265 398554 282426 458183 307755 593691 872959 273387 296151 760211 585182 903618 1044867 894191 745232 690171 835467 376441 277172 528635 792915 1018374 1059120 812485 845098 1010920 403597 999999999 367119 401678 715689 513687 735719 436414 433613 367381 600760 124185 467275 86960 937785 806493 69117 420355 537487 547959 475219 797437 517752 141349 281572 928822 359278 894104 759627 317197 349499 459474 794297 621391 178372 512670 400884 759657 422793 472204 166049 417247 752239 752786 135160 658438 856887 631876 709172 739836 739343 518317 533946 284473 690000 811877 689378 142154 723011 746371 774831 721987 671858 831253 78031 281391 422212 167115 590564
403579 386112 478660 277655 337838 109055 68162 414639 193069 421671 467440 548301 251257 325319 575513 301701 536507 680511 532048 410939 383432 514666 88594 132778 289566 443869 651639 693031 521360 518960 645629 146912 367119 999999999 319936 492525 201706 398567 352654 432146 45645 245484 340538 101793 321192 570689 439408 389700 437301 330026 328783 284605 516649 169296 501047 305019 562349 75221 535023 543446 332410 168851 346220 522835 298774 290855 495070 246442 393563 435528 205537 277752 90669 588105 385856 257563 499908 494089 265093 421933 487969 392241 159226 438462 239955 401756 482357 452961 428691 473779 398724 452814 495980 572195 507490 443461 284601 222390 204608 474943
130192 700343 382517 446006 398079 259101 272799 614718 193919 193533 777006 830026 132534 117593 895073 617675 705754 801124 749163 692263 686980 509726 404477 218960 609390 702635 799223 828429 825856 525561 836781 192260 401678 319936 999999999 812182 515664 449708 38433 699290 276242 517140 287139 347685 427010 742177 625296 366555 697197 166166 648083 118382 825402 324162 467556 123979 713015 245438 638719 364675 578216 464515 58276 834407 599279 223566 175135 547521 602312 697052 197366 446772 266025 350721 566021 396369 816137 621429 465457 731852 362483 472422 440558 738995 126632 348607 501362 772130 533859 345720 664021 742305 332746 283363 792258 443614 524783 124645 346382 192824
890500 138029 858017 524569 680513 568032 543072 524798 656471 896223 185058 294735 733691 808298 102812 202037 581103 743603 480977 280064 197359 804305 412216 612109 205908 351850 679897 726616 174749 795242 592054 628433 715689 492525 812182 999999999 301881 686752 843852 371224 535970 363413 762547 484831 631060 592579 516670 772493 393272 790719 173428 760512 144454 549945 851380 786498 626126 566748 686207 962404 425137 382212 834264 123747 258345 740361 987232 315726 465171 388345 663909 550816 555444 1035746 515394 583352 123276 632305 481326 144942 884852 653209 399394 241794 725113 777804 761149 43215 671361 876054 332484 245321 914617 1047950 270824 786271 441651 705801 576479 952788
605213 185059 577774 268326 479425 266309 243499 444515 354610 622024 328890 361186 452497 526837 394439 102180 448169 612533 402443 231656 184921 556719 142005 332037 121590 284764 566292 612806 320817 553079 526492 328002 513687 201706 515664 301881 999999999 432477 545548 379934 241118 124319 520661 183498 444061 475697 354067 553808 394458 489604 163109 458682 315052 254183 654824 506282 485550 271831 499332 671826 334636 176460 534065 321199 107837 481471 689827 185917 296813 390756 362240 373977 254267 738370 319870 381730 337962 447698 230034 220313 599592 407834 106193 325563 441550 496106 515955 259933 527348 588951 238532 263121 623452 746160 319465 591438 311095 405002 349197 650907
579881 548736 197297 165909 713204 307882 344932 810349 286906 639993 759354 543595 505668 546830 789256 501647 287722 352656 373151 438951 494825 124433 452956 458594 551954 401000 358912 382661 603013 123270 421612 334902 735719 398567 449708 686752 432477 999999999 449353 796718 378579 327895 664935 305367 709115 321088 242851 735668 807270 297566 591492 331490 619044 229282 850665 539816 280432 379054 190840 323449 718305 541118 416951 639039 429781 597243 558948 595209 258887 804400 275200 675140 323200 426114 200968 648928 757824 185115 208007 551083 235944 40565 331140 757795 489768 140545 85708 644566 821440 235591 387209 493943 285378 503236 520471 804294 675885 345562 591330 439854
136947 729607 365543 459565 434082 284622 302060 653014 211594 207166 812735 852162 170009 145853 928167 647715 713693 801939 762626 715159 713748 500464 438431 256327 642182 722141 803369 830769 852301 517312 846049 218836 436414 352654 38433 843852 545548 449353 999999999 737356 308181 540567 319525 373411 464247 749932 636470 398511 735408 155904 681368 120865 852850 342825 496324 155919 718577 277613 639767 336949 616498 500713 34279 862579 625975 258042 144559 583689 616640 735234 212566 485084 293244 316033 577618 434541 850679 625632 481908 759858 342193 474784 466521 775605 164781 339273 495308 803372 570123 325744 684801 766210 308193 245019 815095 475454 563051 145490 384792 155504
725119 400886 907943 640033 403979 541008 500271 171940 623427 701107 195832 630781 579262 642505 371864 366658 820610 987619 755141 550141 461317 920359 353113 482392 288412 622375 936566 983991 527143 919845 879444 571441 433613 432146 699290 371224 379934 796718 737356 999999999 472894 503844 525749 499450 349242 844695 730280 501582 22071 756488 269952 704004 501012 582150 545839 620654 860528 494473 879260 975198 125224 264570 743309 486414 445465 536195 861029 201566 672306 17173 636598 281897 522715 1013345 699524 333129 269046 827552 605747 444684 919482 777854 468426 131834 578680 828793 882259 366738 340038 905583 582673 547991 927958 978418 595218 485983 176699 638359 363610 882476
365462 426169 443171 274009 340921 74351 33766 444533 150557 388658 513013 578117 217487 289937 620214 342495 540606 677669 546023 439738 419201 490171 134164 107422 334136 466760 653203 692883 557924 496075 655406 101719 367381 45645 276242 535970 241118 378579 308181 472894 999999999 268819 325436 105308 331498 575723 445147 381917 477027 285947 373753 239257 554703 152143 495742 270686 563295 30862 527151 502389 368738 211715 300926 561970 332921 269606 451262 290888 403374 475481 163729 297929 56706 544059 389078 270430 545428 489527 268563 460226 450083 376642 183289 483385 204792 368422 460287 495904 442968 435409 422841 484344 455367 526574 537943 441409 318989 176757 213422 429312
625169 226428 494713 162677 568431 258581 254999 564572 331615 655509 435274 313561 484891 555157 464749 173890 326517 489156 294474 175231 185270 449700 227285 374852 231034 198529 445084 490997 317838 443502 414969 325572 600760 245484 517140 363413 124319 327895 540567 503844 268819 999999999 585789 171796 540373 355732 230863 631237 518656 451279 267765 435528 324025 205174 739303 537172 362477 295041 375855 601869 456448 288943 521961 338724 105406 535718 683681 309764 174502 514912 334421 477530 254455 681500 195688 475907 430030 323749 119922 239374 522389 298057 86358 441361 471293 414871 407405 320456 633546 514247 154046 225690 554714 710066 275185 678628 428882 395079 433667 619797
234446 689690 652079 594076 135312 373383 350867 391666 378791 186020 664355 880650 168851 175439 820152 606515 864061 993205 870815 746157 704716 754051 378691 219788 562843 783789 974190 1011844 836088 765882 980791 330899 124185 340538 287139 762547 520661 664935 319525 525749 325436 585789 999999999 430719 183894 899619 769742 79543 515725 435549 589643 374573 825175 463604 188394 163656 884165 307842 836346 650578 402254 381093 345414 825727 626961 69334 388570 449434 728810 517393 391488 243958 364529 635225 712717 194461 722899 804629 593100 732571 638965 674482 499693 609663 182973 600958 735063 731099 265972 622016 738200 783082 615854 549797 839108 156562 356790 330229 186231 471331
453380 360829 412125 175881 438797 88808 84596 505230 172393 484822 498249 485206 315073 384020 577874 283243 437065 578871 440909 346638 340460 425746 148637 212320 298443 366396 551122 591961 478893 427894 550236 155425 467275 101793 347685 484831 183498 305367 373411 499450 105308 171796 430719 999999999 422979 471799 340824 485829 507960 306114 340547 277438 479947 82811 598839 366572 461549 126825 433530 495045 413675 237860 357858 490588 252713 374423 517708 300776 298109 505489 179156 377421 82758 556272 285782 359244 517030 392295 164836 387836 428499 294951 93110 481484 300967 331435 390624 442450 529877 416259 324000 395191 446582 563241 446363 542820 370528 228749 306277 468626
408768 584480 744771 598846 54812 401328 364744 207781 445383 368660 506732 799349 294481 335619 673666 508576 853415 1001268 834842 675322 615132 816343 313151 260221 448215 727200 970137 1012567 733504 823973 954430 387904 86960 321192 427010 631060 444061 709115 464247 349242 331498 540373 183894 422979 999999999 886460 755538 152766 337070 543361 465239 481458 717245 483532 220855 317189 881563 330498 855895 770364 230772 273204 482367 713052 550735 215787 559106 317710 705757 339224 459972 80250 385972 775273 704494 64803 571649 815265 584664 630818 740894 708139 461666 447074 301719 679755 789120 605920 114840 724434 680630 701609 729438 707042 757818 155551 194525 421950 118084 619701
869917 475910 505951 307311 907990 528557 548794 919679 554203 920359 733321 336643 763763 820543 688335 480831 36517 151078 116483 315541 407146 363350 577499 679835 557156 241213 91955 139613 443840 343461 100600 582690 937785 570689 742177 592579 475697 321088 749932 844695 575723 355732 899619 471799 886460 999999999 131296 957481 861763 608011 582530 629068 471062 439566 1070631 808296 52038 591779 161672 633208 810329 644609 720290 495756 399634 839105 872013 660712 182130 857601 547466 829111 535619 740653 186902 821676 701079 138194 307192 450250 547377 285282 425891 758920 748011 461168 330826 560151 985366 550351 269299 348029 600690 824175 337675 1014069 784512 622958 773451 759645
750709 387190 439863 181611 776708 400603 418914 795078 433599 797758 636432 312519 637655 697067 617611 374707 97986 258468 132382 238900 320692 325566 447889 550004 446855 178430 216032 260890 393973 310069 213912 457382 806493 439408 625296 516670 354067 242851 636470 730280 445147 230863 769742 340824 755538 131296 999999999 826638 746177 503099 476844 516338 416186 313041 939565 683758 131615 462067 169717 566298 687309 517941 608695 439325 291798 710181 765348 539982 58042 742234 428335 699237 406658 667992 59494 690780 613653 116363 176670 371810 478794 202437 295992 654620 622084 379854 284702 479279 855391 478111 184806 286021 527531 736597 297233 882816 658850 503236 642218 663420
305826 712468 730184 654964 98001 437204 410363 351503 451444 248342 657425 914903 247222 253563 821307 631864 922482 1057144 921556 783800 734494 828470 413080 281451 580114 826987 1034893 1073953 860921 839644 1035050 400766 69117 389700 366555 772493 553808 735668 398511 501582 381917 631237 79543 485829 152766 957481 826638 999999999 488759 514359 602326 453055 847465 526952 115271 242845 944910 368483 902510 730120 383406 398398 424822 845739 661528 147265 460128 456771 782796 491100 464662 228406 426444 713813 770969 189271 720628 868471 650295 757215 717816 743052 546480 598809 260766 677282 808006 744313 204924 700872 780742 816747 695275 625525 873160 77060 344840 406542 205219 549244
719116 421314 914593 652075 391598 546343 505250 153109 627331 693059 217610 651652 575305 637092 393386 385053 837215 1003902 773437 569306 481051 930562 360531 481594 306500 641115 953561 1000899 548675 930499 897923 574436 420355 437301 697197 393272 394458 807270 735408 22071 477027 518656 515725 507960 337070 861763 746177 488759 999999999 759102 289555 705630 522685 590441 529582 615430 876759 497594 893509 979371 119579 271339 742363 508236 463025 528801 856976 213153 688278 4938 640718 272582 527970 1015239 714311 324622 290819 842132 618568 465434 925198 789279 480464 153798 575328 835952 892911 388530 322416 911076 600942 568156 932390 977527 615827 470546 172632 639891 358132 882001
291872 663824 218430 337010 526313 228766 263761 705784 138545 359133 794148 750072 267203 279851 883875 588821 572397 649817 633487 618466 634859 344879 417570 291266 602071 612223 655223 680214 769102 361489 706466 185236 537487 330026 166166 790719 489604 297566 155904 756488 285947 451279 435549 306114 543361 608011 503099 514359 759102 999999999 643806 62350 774678 246501 622189 280754 572994 262188 488388 227962 645976 497611 122013 788055 549146 367110 264001 576466 492017 757918 128463 542212 244820 258124 446277 498550 819709 478512 367811 686363 203457 326305 393032 768182 254266 183572 339529 748154 656754 186515 580306 672809 186083 259240 716360 590443 593706 123528 441057 169159
720192 134782 740881 425794 512557 415810 385660 389610 506104 723632 167956 366727 562963 637273 247032 102298 561340 729373 487533 280477 191508 714993 244052 442025 42160 353587 674398 722122 276494 709948 611050 471120 547959 328783 648083 173428 163109 591492 681368 269952 373753 267765 589643 340547 465239 582530 476844 602326 289555 643806 999999999 607066 256076 415770 686081 615276 603382 403970 636855 833591 279975 208874 674613 249135 185106 566975 823091 147556 419209 284917 515369 385524 401128 896698 455787 413964 176484 583165 384961 181306 762427 564235 269302 177777 555081 659210 673344 142041 517797 751571 315772 279305 785145 896187 328990 620766 283914 548430 403846 799576
248445 638266 277713 341200 463971 192549 221823 646946 105283 310803 751860 742740 205846 224586 850623 559911 592835 683361 643521 607696 615095 393909 373160 231878 565976 609086 683118 711302 751957 409006 725302 137717 475219 284605 118382 760512 458682 331490 120865 704004 239257 435528 374573 277438 481458 629068 516338 453055 705630 62350 607066 999999999 755157 231928 561889 223127 597917 212670 520983 289108 590857 449006 92497 766896 527907 305804 252940 529652 498370 704658 101107 482236 206109 309672 457737 437656 781523 505304 366177 664334 265112 355139 368745 722480 192512 233841 383737 718600 594637 248208 573794 660487 248183 289128 707063 528874 538098 65762 380667 192673
919842 135498 804976 469121 762010 568467 552955 641373 650014 936780 325838 152435 767543 841883 223147 219358 465147 620337 355564 181434 140097 727556 451182 646836 269049 239198 553877 599239 30718 715510 457884 634060 797437 516649 825402 144454 315052 619044 852850 501012 554703 324025 825175 479947 717245 471062 416186 847465 522685 774678 256076 755157 999999999 528180 937391 821326 510197 585053 584140 919405 534308 449115 837784 24846 227401 792174 997346 401644 372725 517760 654506 638517 559725 1003687 428852 662335 267676 532091 427396 94741 836596 581638 387107 377141 756574 728565 684476 134914 773857 830213 235514 130184 873385 1033761 135304 872173 539937 708675 643755 942552
443348 419459 330105 132263 492370 90222 119516 582410 131235 486074 576996 510970 324660 384911 646435 348278 403405 530267 429225 375818 388373 346401 230347 245556 373655 379316 510954 548240 522942 349975 526921 144575 517752 169296 324162 549945 254183 229282 342825 582150 152143 205174 463604 82811 483532 439566 313041 526952 590441 246501 415770 231928 528180 999999999 641933 370971 421019 158963 376510 417851 494217 319777 321044 541646 303012 400792 483224 383554 281871 588026 131453 446180 100775 485856 254035 421892 591757 341573 142656 440216 348053 224733 150714 562720 309055 249062 313200 506914 594324 336476 342477 428937 369426 505659 475135 590222 449502 199522 365450 414673
386710 803908 839598 769343 176295 552315 524815 379623 565788 318688 719545 1014306 356774 350713 890336 726240 1035864 1171990 1031570 886261 831464 942097 516714 396551 668368 932927 1148945 1188380 952978 953644 1146622 515783 141349 501047 467556 851380 654824 850665 496324 545839 495742 739303 188394 598839 220855 1070631 939565 115271 529582 622189 686081 561889 937391 641933 999999999 344124 1059024 483253 1017701 832172 439821 490432 525232 933629 762582 257722 536531 538563 894610 532783 578809 300855 541316 807330 884447 275963 787092 983355 763594 849850 825233 858302 655696 657447 371202 789347 922374 826728 210502 808286 886444 916173 799670 709571 972597 65317 411546 518620 306812 640971
106899 689437 499178 502278 281881 287140 282318 515858 257372 118337 724232 848522 53786 22449 859829 604514 771861 883821 798797 709970 688329 614897 375267 175294 580590 732951 874007 907333 826378 628914 897666 226419 281572 305019 123979 786498 506282 539816 155919 620654 270686 537172 163656 366572 317189 808296 683758 242845 615430 280754 615276 223127 821326 370971 344124 999999999 785211 242545 722618 488507 496046 414252 182154 826772 602941 103835 244215 494986 651868 615989 266868 350469 285991 471838 624503 297728 772061 698262 512196 726585 482381 556298 453019 678725 65974 456311 601282 749456 418094 465473 690418 755030 455552 391581 808520 319875 443965 194254 257298 309030
