NAME : synthetic_000524
TYPE : CTSP-D
DIMENSION : 100
GROUPS : 8
RELAXATION_LEVEL : 1
EDGE_WEIGHT_TYPE : EXPLICIT
EDGE_WEIGHT_FORMAT : FULL_MATRIX
EDGE_WEIGHT_SECTION
999999999 862364 1074401 777296 722488 488558 248399 803415 598787 678709 1101450 686206 585802 865933 139342 384270 856537 261921 1130486 176784 1035372 1036057 527358 595117 516235 415188 663579 982978 648918 181547 895237 580242 992619 605210 672231 447706 870947 871083 1042282 1084232 744241 593812 381550 794948 676963 764182 356870 527575 670410 301994 570386 691320 423978 557426 949978 961417 572249 317372 771412 949776 195781 366314 404245 667255 288138 757649 192433 656010 740685 291050 142871 568955 831507 933454 865920 1294943 1169920 795436 691782 1119280 875164 368349 194575 59086 612528 434895 277570 830826 1056918 1216844 445393 559830 843542 841836 879683 771911 947630 742313 1143324 751215
862364 999999999 265122 145498 477466 508657 620088 274357 495417 494948 284125 265069 376917 687197 729263 483954 771052 645813 288001 722816 211818 434351 352007 267663 478746 525896 784391 656818 214104 733152 468125 321091 301387 433029 216419 564823 450579 379104 180012 234947 461178 292192 657888 480510 395149 806814 612593 784891 234898 611737 577325 181447 792950 668103 756020 172720 808918 545516 193082 174984 714112 595731 465875 218994 765385 234364 713838 218215 136217 584348 719678 430171 529444 292120 263250 501539 486828 422997 457372 495251 514577 554462 684321 824517 803436 427536 660338 723751 210057 417620 490127 562195 27020 234889 91887 446030 823718 567352 442658 658519
1074401 265122 999999999 297738 509446 769693 845759 308025 760531 757496 28369 530186 640338 652282 950257 715686 748323 832091 85856 954177 54530 274996 599105 501854 740892 689010 831798 566493 453423 923014 404909 578265 156496 698124 402959 824444 401964 334412 184224 92854 483975 480603 801068 473995 658829 821317 864506 875579 497521 854035 664478 436745 913570 751662 694550 113439 886548 760252 454789 357485 904047 757037 700186 477943 923103 495586 947353 422631 397251 784629 932693 694229 502119 207050 496333 237713 256178 673051 508546 297326 752229 802493 912142 1044408 868308 648004 836766 706387 89665 153667 652810 655795 292102 476631 325558 699688 773097 582285 211528 669277
777296 145498 297738 999999999 333399 503357 548516 143676 522720 544108 324390 305852 388641 549384 652530 420581 629973 540292 354959 657579 258421 360150 316607 213952 479053 405452 639132 534517 174550 630599 346907 311643 252613 459336 105241 553008 325791 260588 297504 312566 318527 183838 530276 342410 443746 661787 580187 644104 255319 562143 434326 184237 659068 525385 622765 184378 666278 462522 272373 317850 611500 475344 406220 226333 644989 308872 651290 126413 171256 488625 635259 443316 394120 214486 376729 526608 451192 505530 312137 435481 608617 515337 615026 746681 659349 350876 548795 582394 285090 445037 368871 419984 150462 343215 228707 521212 686960 423794 412416 514468
722488 477466 509446 333399 999999999 675332 572035 215859 741783 790226 536547 578527 610000 232027 640612 501205 300504 461913 592629 675581 501630 343541 490985 412459 664798 314239 323802 282478 417217 542542 177153 526195 365582 686524 315580 704697 156116 188286 599390 572515 27454 305169 359497 72521 701027 330490 687510 373320 522152 636053 176384 462541 430974 251133 317854 429235 379065 479183 580712 651188 527007 356204 500224 490962 485109 609019 677229 342068 476776 458666 604436 655216 115200 305342 697665 662259 486733 793603 37378 419741 903012 622056 630217 716926 358951 428427 445500 252782 549148 603221 292994 176850 483854 662640 561963 800376 368140 90745 473984 181102
488558 508657 769693 503357 675332 999999999 269029 610510 114095 194648 790998 255200 135142 898873 355827 203975 941626 422538 796011 312229 718363 856384 194387 295598 33334 439864 831028 951891 328812 462590 790346 193190 755902 119885 421055 58492 764205 722841 668785 742097 681107 383596 547543 729886 193556 906495 137703 745585 273816 187644 629014 333425 685090 685387 988619 663757 789346 283970 346938 524979 450250 470469 193485 291754 575058 317478 297060 389831 373113 349182 377728 92027 784297 715213 406318 1007406 954524 307378 638235 935573 388809 125800 298655 432686 811005 256150 459678 898571 718185 923350 431590 609308 482703 391111 482457 283364 1025364 747007 915233 809417
248399 620088 845759 548516 572035 269029 999999999 599260 383082 463420 871828 438761 343866 762403 110262 137030 780614 173969 895701 110944 803144 844962 279138 352618 290142 265498 628175 852144 405993 194649 728395 332026 781191 375034 443856 246673 702310 685964 799252 847263 587852 370286 321966 640606 442822 717717 170669 518683 422030 97271 462647 445243 440602 490396 852480 732340 565176 95119 523094 701447 183924 258851 156485 419496 316195 510206 108169 423160 494600 123313 114379 335577 687137 726113 619925 1074018 969463 565262 536248 928831 655285 143702 66638 204987 594831 197757 212721 744351 820291 993261 279841 445840 599927 594780 632516 545729 870798 618299 938116 655835
803415 274357 308025 143676 215859 610510 599260 999999999 646410 676175 336231 441556 509948 413029 692786 488048 498675 547902 386639 710154 291511 250224 416459 315377 590467 396954 537985 390842 292523 638254 203544 427441 190908 584389 190075 654155 182117 119311 383548 360823 194789 237624 497532 206978 577570 544881 665485 569351 387815 633804 357215 317835 605676 445698 482273 215995 583051 505730 415526 449136 619904 461260 478370 356924 622133 451099 706859 221880 312831 513741 667121 562913 255088 130149 519897 498686 370312 646961 206322 332939 751313 598172 665042 782386 568298 411486 546224 451838 336268 426828 362537 347941 286287 486660 364302 661083 549362 301303 340617 392953
598787 495417 760531 522720 741783 114095 383082 646410 999999999 80724 778869 230446 136598 970857 468398 306971 1021214 533230 774679 422004 706985 882690 251215 336576 96945 536172 925366 1009933 354063 576310 838371 220651 770101 63693 457829 152169 813027 763656 636501 719890 743961 438753 651905 789699 114551 995586 242694 847787 270152 300244 716432 339872 792480 779569 1059019 662423 890374 392403 311117 473533 563661 573512 292924 296934 686534 273606 406425 425881 368123 458349 491547 86610 845250 737125 337124 996206 967274 204737 705631 957875 276450 239866 411433 541843 909515 345296 569637 976540 698381 912536 523186 696476 468429 330558 449703 176488 1101653 819678 925547 888754
678709 494948 757496 544108 790226 194648 463420 676175 80724 999999999 773462 239097 181500 1021382 549009 381518 1076607 610765 762668 501951 703140 903063 306751 378504 174861 604881 990986 1050897 385634 656156 873846 264097 783380 107800 492377 231199 849266 795083 618530 707995 790061 485068 724992 833400 101198 1057462 322059 918912 289189 380910 778449 360180 867277 845601 1108069 666484 960603 468995 302747 444578 643208 646061 366071 319471 764418 261928 486279 461031 378931 535101 572251 146875 889243 756143 298465 989275 977513 138064 755022 974830 196578 320448 492091 621457 977989 412548 646606 1031035 688571 906603 589236 758462 468116 300032 436271 105483 1154517 871537 934444 944572
1101450 284125 28369 324390 536547 790998 871828 336231 778869 773462 999999999 548880 660632 675462 976732 741121 771830 859885 64013 979939 72637 291473 622788 526503 761791 717147 858451 586029 477392 950781 428244 600341 179940 716859 429629 846206 426278 359854 184995 86631 510905 507646 829430 499840 675577 846612 887895 903405 518040 878682 692483 458762 941832 779480 715639 140050 914055 786865 471180 364385 931798 785250 725382 499429 951417 511624 972933 448675 418013 811927 959590 714177 526707 233045 506663 217439 258773 685344 536177 306763 761665 826390 938131 1071022 895479 674086 864789 730382 92056 133671 680918 683912 310922 488545 339077 712764 794633 608432 215381 694880
686206 265069 530186 305852 578527 255200 438761 441556 230446 239097 548880 999999999 120133 810193 546890 308960 875219 529052 547214 522650 476796 664038 169377 176624 222845 465556 821855 824453 161338 600786 642586 109080 544928 167988 266286 313529 618938 560866 414733 492638 574032 281282 601345 612736 138148 874090 377766 776112 56429 397853 602406 123740 748275 681996 893265 432522 812072 394966 92360 273503 583568 524166 288351 87939 675941 71456 510313 237265 140271 453624 551589 168853 668319 517072 183422 766307 740304 215182 546005 735834 325042 332189 493235 637984 820846 291323 556668 828142 470141 682503 439049 583057 238116 156185 227643 222944 946655 665270 697814 746181
585802 376917 640338 388641 610000 135142 343866 509948 136598 181500 660632 120133 999999999 840619 447147 229457 895110 461972 663014 415803 588066 747876 126331 200839 103169 432340 813228 874840 217878 522400 701996 84710 638489 76748 321232 193407 676742 627064 533870 608801 610824 305261 559411 655471 110247 877262 260367 748123 142877 288502 598671 208663 704892 668543 927807 537366 788207 320273 212177 391761 506800 480112 210361 165570 614676 184821 402350 289288 243210 384660 458244 54979 711191 603083 282990 877770 836590 232526 574443 824119 335924 221277 391230 534293 803154 241069 494443 849575 585392 793716 413437 578707 350508 263183 347336 221792 973270 690390 795737 763076
865933 687197 652282 549384 232027 898873 762403 413029 970857 1021382 675462 810193 840619 999999999 811396 713794 97282 621890 738050 856160 661111 407498 719644 644243 890717 497018 268286 149776 648856 685928 247376 757288 495830 916888 545800 923699 252705 325509 780965 732149 236937 536639 484446 207075 932951 201214 896694 390866 753780 838362 302509 692845 486750 312131 90726 600925 368280 675854 808531 862105 674400 514978 715889 722469 590750 838478 860779 573260 703930 640929 769951 884503 158883 450555 922593 739740 534121 1025112 266413 452725 1134252 833953 812932 873580 328663 645899 594941 65197 713333 702462 487317 317636 697788 887999 776215 1032301 137942 151871 541380 115142
139342 729263 950257 652530 640612 355827 110262 692786 468398 549009 976732 546890 447147 811396 999999999 247211 817236 190236 1002537 62443 908958 933794 389266 461606 381690 326389 644189 914228 515198 155183 805895 441211 878560 469886 547359 320525 780449 771437 908724 954834 659381 471238 338917 711716 540615 740196 231631 520026 531898 168243 508990 555345 427523 518009 899535 836849 566927 190312 632443 811381 155691 296431 266747 529740 289988 618327 76643 528499 604717 183797 45393 432500 754089 821569 726654 1175776 1062667 660693 606771 1017658 744480 232403 57252 95264 602098 303873 221759 785383 927723 1095970 349852 494790 709484 702494 742776 638540 908682 675109 1033249 699871
384270 483954 715686 420581 501205 203975 137030 488048 306971 381518 741121 308960 229457 713794 247211 999999999 748324 233143 762325 239709 671319 737764 143719 217268 210523 237073 627958 783346 270093 294454 639661 200193 661866 279401 318037 213636 613145 585943 662702 712978 511899 251343 345082 563581 337316 705880 186631 542105 287165 145756 431092 308220 485855 482645 804431 602602 585560 90851 389502 565951 278215 267135 20619 282985 386621 379860 231950 294180 357572 155971 244933 237993 614985 610159 492119 947174 854986 460977 463910 820902 560443 120910 200369 342008 607044 77263 266996 707126 686221 865308 232556 411810 463350 464922 495659 446950 834697 563179 821063 617372
856537 771052 748323 629973 300504 941626 780614 498675 1021214 1076607 771830 875219 895110 97282 817236 748324 999999999 627226 834153 866730 755681 504575 771069 704103 936557 519467 213225 233101 714560 680951 343588 813644 592007 970309 615344 961307 347257 418833 872795 826967 311838 596191 480410 291870 992295 123460 925888 350003 819147 863156 319704 761881 453360 300668 115252 693589 318196 699933 881081 945949 671724 524517 752931 788407 572305 908753 873036 640712 777266 657388 773837 935768 249764 545194 998110 836079 629485 1090322 330066 547764 1200257 866117 825535 870689 275191 685736 596176 47755 807560 799662 516461 338017 779896 963116 858379 1095168 91563 210753 637934 132497
261921 645813 832091 540292 461913 422538 173969 547902 533230 610765 859885 529052 461972 621890 190236 233143 627226 999999999 894963 240686 797604 775294 359882 391466 436465 153804 460102 728917 442809 91011 633508 421123 738539 511531 438363 411889 609103 609949 823970 852583 483004 358389 152174 534187 570426 553501 343370 345336 495847 270503 319953 494402 267579 328931 709619 721009 392040 142674 598767 762726 72232 108050 251667 482520 153842 597121 248500 428915 541448 77312 148061 470163 572757 677957 711445 1044416 910746 694009 430407 858228 793329 304985 202367 255845 423154 238926 38835 595148 825079 968736 185861 306659 631313 681291 681593 680017 718613 488555 885705 509830
1130486 288001 85856 354959 592629 796011 895701 386639 774679 762668 64013 547214 663014 738050 1002537 762325 834153 894963 999999999 1002001 98283 355286 637183 545455 765585 756241 915721 650016 494055 985439 490690 609021 242221 714144 458968 852551 487807 419913 150711 54821 567566 538530 873236 559124 667425 906777 899997 955856 522251 895901 743852 468545 990140 832074 779335 176620 968231 813930 463846 336002 966353 825285 745553 506969 993199 502866 994127 474591 424218 843211 987908 715168 587909 292313 483827 231035 313664 665712 590090 367284 735087 840681 961431 1097444 951065 698716 902167 792242 77945 154630 719737 734310 313449 469613 326615 694875 858174 667050 272137 754546
176784 722816 954177 657579 675581 312229 110944 710154 422004 501951 979939 522650 415803 856160 62443 239709 866730 240686 1002001 999999999 910586 955422 374505 456917 340644 363496 699442 953138 509449 216476 835804 421033 892006 429884 553368 271073 809908 795676 900677 952671 692723 480786 392237 745408 502335 793963 180353 578179 513785 127747 553883 544675 487776 569538 945248 840860 625153 205032 611275 792306 215406 342668 257055 515279 351220 593555 16054 531663 593652 217584 105850 394755 790193 837051 698316 1183714 1080385 619481 640561 1039318 698383 195089 45828 120506 659290 306830 275251 833227 925929 1102587 382627 538552 701518 676301 728630 595453 957891 716124 1049052 746374
1035372 211818 54530 258421 501630 718363 803144 291511 706985 703140 72637 476796 588066 661111 908958 671319 755681 797604 98283 910586 999999999 304359 551028 455753 689160 658092 825412 586128 405965 888222 414940 527818 172857 644782 363181 773606 408542 337279 140847 71649 477433 442257 775046 473415 604651 821613 815866 860711 445432 807728 648242 386251 892879 737162 709535 78415 874419 719601 400485 305778 869159 727063 655214 426816 894916 441215 903258 380459 345380 747046 893068 641686 506736 210568 442577 289790 304197 618693 496764 337596 698692 754729 869244 1003579 858646 605587 804301 712168 53143 205816 621609 638156 238704 422402 271099 645216 786552 579517 258982 668715
1036057 434351 274996 360150 343541 856384 844962 250224 882690 903063 291473 664038 747876 407498 933794 737764 504575 775294 355286 955422 304359 999999999 663593 560916 834490 621492 632279 298520 530902 862888 178272 668437 138266 819405 435806 902066 191179 165716 443912 366395 316460 487834 696254 280664 802179 597517 915660 710256 615160 883470 519812 544183 774279 591648 433070 277688 708524 750394 616647 585154 845545 677992 728458 586474 823219 656613 953033 466656 525222 751429 904793 802200 282566 147092 697396 334844 143280 852207 361994 83919 948029 848379 909890 1020305 680560 660908 767028 468760 356105 295363 590676 518951 457015 669147 522203 871881 513532 384229 136876 455509
527358 352007 599105 316607 490985 194387 279138 416459 251215 306751 622788 169377 126331 719644 389266 143719 771069 359882 637183 374505 551028 663593 999999999 103426 177152 309719 687119 762442 145894 431814 596974 61494 568419 199527 227787 238565 570983 528474 527459 585655 494074 191066 440974 541042 233118 751042 265616 625245 143446 259765 472354 171268 587676 542702 807903 488477 664354 226233 246028 422449 414428 362250 123361 140967 508114 238750 364363 197214 219658 284252 388650 164995 596227 524465 352501 835245 766446 350068 454639 743715 457353 203743 339278 483195 678093 124017 388299 726003 559728 751820 288654 452387 329232 323679 354441 344002 850685 568492 728630 638759
595117 267663 501854 213952 412459 295598 352618 315377 336576 378504 526503 176624 200839 644243 461606 217268 704103 391466 545455 456917 455753 560916 103426 999999999 275105 299943 645276 674028 53810 474395 502125 116141 465170 277460 125507 341771 476628 429777 447316 495766 411596 107995 437772 455144 288830 698223 366370 603426 124663 352199 425787 103053 583305 506047 730078 389784 637913 279246 217532 371417 455712 364184 200119 100178 526539 228277 448744 94263 150207 323543 452673 250863 510947 421096 338965 736337 663072 388672 377943 640628 498954 302107 417343 556864 645249 161110 412195 657578 469077 653422 269831 406460 248428 305261 290803 391404 778858 495954 625442 573569
516235 478746 740892 479053 664798 33334 290142 590467 96945 174861 761791 222845 103169 890717 381690 210523 936557 436465 765585 340644 689160 834490 177152 275105 999999999 442423 832902 938891 304724 481681 774037 167494 731202 89312 400464 91606 748086 704373 637030 711502 669314 368135 555605 717154 162471 905708 169329 752190 243890 214326 627125 305635 695655 687059 979953 636011 795184 295460 314272 491836 468496 477496 197278 263363 589919 284344 325780 368854 343784 361420 401205 58780 772040 692074 373157 978555 929812 279259 627967 912869 365191 149513 324441 461132 815267 253928 472747 892788 687852 894482 431453 607268 452577 357783 450366 256983 1019007 738923 889991 804112
415188 525896 689010 405452 314239 439864 265498 396954 536172 604881 717147 465556 432340 497018 326389 237073 519467 153804 756241 363496 658092 621492 309719 299943 442423 999999999 391168 589665 343259 242350 482005 368249 587862 497898 310404 449757 457143 456162 698727 717034 333451 234024 137883 385563 541747 469433 406961 315824 420714 343791 199773 399346 283643 245630 587246 580272 356118 180515 517449 662771 224516 70102 246397 399599 240131 525638 366477 308754 441070 145936 290644 458006 427836 526557 638183 895163 757265 659770 280750 704439 766846 349413 318837 404344 373405 192442 149313 481196 689682 821138 36597 181866 515501 604910 575680 653154 608432 353299 732852 391952
663579 784391 831798 639132 323802 831028 628175 537985 925366 990986 858451 821855 813228 268286 644189 627958 213225 460102 915721 699442 825412 632279 687119 645276 832902 391168 999999999 417388 671060 496863 454414 739809 683412 883243 589999 839327 445646 501477 920123 896314 348226 544717 307954 361469 919446 101519 788485 140211 769150 719527 219669 725344 246022 145849 325539 752799 104999 561488 849858 952565 490990 371255 637550 741499 375491 869441 708170 607257 753129 507305 599131 844639 349713 625703 972522 965515 771182 1030640 332599 693550 1140320 736224 662450 684952 62101 580071 424256 208612 872851 914803 402227 238828 786002 937282 861370 1028875 297161 252161 769027 178488
982978 656818 566493 534517 282478 951891 852144 390842 1009933 1050897 586029 824453 874840 149776 914228 783346 233101 728917 650016 953138 586128 298520 762442 674028 938891 589665 417388 999999999 666559 801455 188896 790131 413546 951488 559581 984242 208731 277785 718044 653978 272021 571783 603827 222026 956134 349080 969809 534801 768795 918398 412653 701673 625874 443644 138224 538617 515473 760404 805876 827433 788027 620902 781758 737182 718897 840477 955771 590359 702273 735554 875486 923572 168517 383221 910179 616453 406807 1034801 319599 324913 1140716 904085 908299 984438 476998 709738 706609 213622 639265 590048 572304 423423 672520 877262 748612 1046765 218721 240781 421948 251451
648918 214104 453423 174550 417217 328812 405993 292523 354063 385634 477392 161338 217878 648856 515198 270093 714560 442809 494055 509449 405965 530902 145894 53810 304724 343259 671060 666559 999999999 526853 488216 137668 427101 291867 107012 378994 463656 410509 393593 443696 412804 126385 480932 452318 289581 717682 411509 638567 104938 402056 451640 56621 624875 535683 732136 342584 670896 332984 180052 321714 508074 409678 252401 73860 574661 198676 500920 76495 99165 376238 506483 271629 508050 387464 303172 689357 625715 376392 384937 608417 485953 349073 470400 610442 675362 214819 462125 667344 417224 605968 311060 432988 194624 268365 238784 383805 785355 504299 586619 586323
181547 733152 923014 630599 542542 462590 194649 638254 576310 656156 950781 600786 522400 685928 155183 294454 680951 91011 985439 216476 888222 862888 431814 474395 481681 242350 496863 801455 526853 999999999 716735 491767 829023 563330 528041 441045 692933 697259 912031 942623 564970 448024 201813 615063 627428 595330 360822 367896 572132 288344 388917 576611 272732 380410 771072 811788 414517 205851 675540 844116 19130 186780 314623 561447 134823 670563 228943 517421 624572 150995 110625 522670 650481 768203 784169 1135231 999483 751104 512820 945406 845447 338064 191909 189794 451312 316627 97099 653053 915118 1059704 275777 378287 717758 755450 765197 734009 772428 560771 975186 571630
895237 468125 404909 346907 177153 790346 728395 203544 838371 873846 428244 642586 701996 247376 805895 639661 343588 633508 490690 835804 414940 178272 596974 502125 774037 482005 454414 188896 488216 716735 999999999 617730 248479 777959 381714 828096 26525 89032 539481 485555 152477 406777 536631 107200 776861 424927 825141 533604 587782 781841 351471 519000 602120 417134 296732 358743 530557 633550 619050 639568 700611 529957 634599 556415 662213 654574 835804 413380 516277 622215 772212 752971 105062 205026 721621 511265 319684 850125 203984 246844 954829 757877 790009 886339 502289 563030 619661 302722 467573 464099 456091 353532 483629 688918 559856 863543 372091 206158 314723 278794
580242 321091 578265 311643 526195 193190 332026 427441 220651 264097 600341 109080 84710 757288 441211 200193 813644 421123 609021 421033 527818 668437 61494 116141 167494 368249 739809 790131 137668 491767 617730 999999999 563708 161398 237859 246347 592376 543741 490229 556004 526520 221116 501087 570866 180418 800004 292260 682896 93370 299950 522789 141581 647965 596543 844049 471062 721111 285925 191244 371355 474620 422671 179574 102132 569607 179678 409648 205890 184976 345191 443878 135636 626612 525106 292500 815858 762319 292490 490926 746082 401169 237654 388935 533704 733336 185370 449772 767735 531089 731889 345263 502941 296266 264751 310218 289073 890660 607615 722577 682008
992619 301387 156496 252613 365582 755902 781191 190908 770101 783380 179940 544928 638489 495830 878560 661866 592007 738539 242221 892006 172857 138266 568419 465170 731202 587862 683412 413546 427101 829023 248479 563708 999999999 706413 345646 805542 246461 182142 308949 240601 338904 411798 685284 322600 682185 667594 829842 737667 500023 806504 530950 430452 785290 614217 539040 139480 744641 689499 489259 447151 810614 651868 649657 473568 810946 530035 887535 373335 404669 702068 854847 693433 347025 62940 562954 308475 198634 723235 370523 194014 815935 763925 847610 969643 723365 587597 737126 550442 225921 240387 553383 524901 325504 535954 386755 744718 617128 431860 160339 516562
605210 433029 698124 459336 686524 119885 375034 584389 63693 107800 716859 167988 76748 916888 469886 279401 970309 511531 714144 429884 644782 819405 199527 277460 89312 497898 883243 951488 291867 563330 777959 161398 706413 999999999 396650 173608 752825 702113 578068 659428 687528 381951 620076 732217 73699 949779 257586 812610 206461 303217 670715 276238 763623 737917 1004279 599175 853888 368910 251869 420547 549175 540900 262643 233352 665349 216223 415067 364788 304651 434852 487654 41412 787939 673672 291790 934279 903590 190878 650849 894342 282421 237491 412692 550350 870706 305459 546227 925013 637441 850489 481645 650727 406092 280558 390699 170866 1049126 766404 861896 838095
672231 216419 402959 105241 315580 421055 443856 190075 457829 492377 429629 266286 321232 545800 547359 318037 615344 438363 458968 553368 363181 435806 227787 125507 400464 310404 589999 559581 107012 528041 381714 237859 345646 396650 999999999 466292 356939 305914 388637 414757 308950 80018 441470 346471 396584 627535 484643 575071 210057 461507 374244 147073 577413 463005 627552 289618 602486 357293 266417 367994 508913 380453 304779 178413 550434 293476 547474 31973 164586 384255 530081 373487 402033 297985 386313 630346 541807 480067 285458 516132 588690 418409 510439 641450 601471 246542 449168 567775 387262 549405 274311 357244 208766 350986 277135 489230 683065 404593 505773 489861
447706 564823 824444 553008 704697 58492 246673 654155 152169 231199 846206 313529 193407 923699 320525 213636 961307 411889 852551 271073 773606 902066 238565 341771 91606 449757 839327 984242 378994 441045 828096 246347 805542 173608 466292 999999999 801744 763928 726611 798828 712393 422208 546519 762425 246901 919104 90878 745906 330363 154755 644703 387710 678488 694703 1014044 717350 790842 281036 405375 583429 430589 472114 208463 346807 560997 375930 255301 435772 428874 343093 347714 149794 815927 762838 463325 1062102 1003960 354741 667361 982280 427775 107005 264479 390280 815208 277831 450202 919544 774657 978099 446158 625377 539109 448942 540570 328079 1046959 772215 965411 829897
870947 450579 401964 325791 156116 764205 702310 182117 813027 849266 426278 618938 676742 252705 780449 613145 347257 609103 487807 809908 408542 191179 570983 476628 748086 457143 445646 208731 463656 692933 26525 592376 246461 752825 356939 801744 999999999 74019 529371 479741 130355 380612 514892 89566 752660 421964 798616 519087 563882 755386 331912 495513 584503 400776 308777 348854 518080 607417 597382 623226 676640 506174 608075 532435 640939 632395 809801 388490 494102 596709 747081 727491 100689 197986 701618 520409 334117 827453 180747 264240 932696 731353 764101 861395 491396 536506 595913 304515 460654 469695 430750 332964 465147 668592 542029 840368 381869 194612 325939 272788
871083 379104 334412 260588 188286 722841 685964 119311 763656 795083 359854 560866 627064 325509 771437 585943 418833 609949 419913 795676 337279 165716 528474 429777 704373 456162 501477 277785 410509 697259 89032 543741 182142 702113 305914 763928 74019 999999999 455718 408792 160912 342208 532045 140465 696744 486905 768428 561487 507028 730717 361301 437141 617171 439388 382722 275436 565585 590934 532940 550667 679983 512280 578617 476046 659091 569291 794120 337886 431231 588281 741205 679377 169469 127752 633526 473994 305506 765603 200530 248279 869200 700870 749936 856583 542650 508680 601323 374926 388833 415855 425913 358383 394795 601111 470855 780166 455810 249730 288145 335032
1042282 180012 184224 297504 599390 668785 799252 383548 636501 618530 184995 414733 533870 780965 908724 662702 872795 823970 150711 900677 140847 443912 527459 447316 637030 698727 920123 718044 393593 912031 539481 490229 308949 578068 388637 726611 529371 455718 999999999 100618 578019 467313 826907 583380 526145 927794 782203 938112 398696 786775 726170 356293 956512 817123 836182 180742 957433 725523 326226 185339 892950 768827 644232 389250 938856 362905 891220 395100 307896 763850 899641 583521 623189 335573 334013 381664 440392 516592 587524 478149 584379 727159 862986 1003942 946788 607515 837008 827523 94605 304555 662420 713248 199352 321672 187503 546466 911044 683934 395732 775228
1084232 234947 92854 312566 572515 742097 847263 360823 719890 707995 86631 492638 608801 732149 954834 712978 826967 852583 54821 952671 71649 366395 585655 495766 711502 717034 896314 653978 443696 942623 485555 556004 240601 659428 414757 798828 479741 408792 100618 999999999 548558 494717 837557 545052 612619 893237 847487 929167 468467 844901 716436 416112 958552 805897 779165 145043 943841 767123 409028 284453 923503 786598 695829 453881 955534 448054 944461 428394 371048 798609 941452 660756 578219 281774 430868 283941 345181 612189 566755 389959 683485 788826 912659 1049926 928800 650993 861332 783616 27505 204818 680442 705772 259938 415776 271855 641035 856658 651010 301422 740323
744241 461178 483975 318527 27454 681107 587852 194789 743961 790061 510905 574032 610824 236937 659381 511899 311838 483004 567566 692723 477433 316460 494074 411596 669314 333451 348226 272021 412804 564970 152477 526520 338904 687528 308950 712393 130355 160912 578019 548558 999999999 305581 384553 52754 699160 350095 698504 400609 517604 649020 203353 455952 458276 278560 319408 405991 405799 494202 571949 635609 549112 378292 509880 486168 510600 601562 693865 336822 467497 476597 624074 657353 103549 279093 687237 634852 459589 788665 52721 393207 897576 632456 647172 737262 384918 437814 467872 264145 525561 576100 310299 203128 468810 652417 547193 796586 374523 106833 446575 198543
593812 292192 480603 183838 305169 383596 370286 237624 438753 485068 507646 281282 305261 536639 471238 251343 596191 358389 538530 480786 442257 487834 191066 107995 368135 234024 544717 571783 126385 448024 406777 221116 411798 381951 80018 422208 380612 342208 467313 494717 305581 999999999 368262 350977 396754 593089 428134 514883 226447 396947 325256 181509 508126 409674 623002 367629 545896 280934 305989 432575 428896 303657 240898 197483 473196 324781 475916 74834 215189 304793 452170 352202 406498 358928 429066 704603 603698 495357 270237 570484 605597 360717 436891 564611 549346 175939 369780 549610 467217 624777 198714 306616 281494 394063 343679 499071 670941 387985 570238 465917
381550 657888 801068 530276 359497 547543 321966 497532 651905 724992 829430 601345 559411 484446 338917 345082 480410 152174 873236 392237 775046 696254 440974 437772 555605 137883 307954 603827 480932 201813 536631 501087 685284 620076 441470 546519 514892 532045 826907 837557 384553 368262 999999999 430952 669618 401755 486892 199465 557835 415809 192339 537128 146994 179871 569263 696639 244947 265573 655233 799467 191498 79324 359185 537275 127046 662731 400514 443028 578347 204855 294610 579131 459956 622477 775659 993532 837530 790066 335202 775909 895316 440352 354541 390881 272923 318737 117253 451431 810565 924045 170395 185178 649096 742552 711586 781199 571971 364405 818694 369921
794948 480510 473995 342410 72521 729886 640606 206978 789699 833400 499840 612736 655471 207075 711716 563581 291870 534187 559124 745408 473415 280664 541042 455144 717154 385563 361469 222026 452318 615063 107200 570866 322600 732217 346471 762425 89566 140465 583380 545052 52754 350977 430952 999999999 740755 348237 750212 429739 556441 701386 244345 492361 495348 311227 282558 406359 429796 546928 604600 655486 599507 428691 561121 524823 555912 636085 746598 375849 499860 529129 676080 703171 55859 266945 716770 607681 423678 826264 104984 353220 934316 683947 699875 788935 404528 489004 518018 245356 523649 553836 362909 246919 490747 682408 569197 835673 344551 109388 414740 195521
676963 395149 658829 443746 701027 193556 442822 577570 114551 101198 675577 138148 110247 932951 540615 337316 992295 570426 667425 502335 604651 802179 233118 288830 162471 541747 919446 956134 289581 627428 776861 180418 682185 73699 396584 246901 752660 696744 526145 612619 699160 396754 669618 740755 999999999 980421 331241 857567 189778 375136 703046 260358 815139 775508 1018282 566053 897197 428080 204444 359530 612490 590329 318891 220717 723639 164593 487699 365830 277752 493172 556439 108117 796595 655196 223059 892145 876493 123813 666743 873676 225697 308657 483584 622675 911209 351117 603589 946009 592246 809040 521722 683168 368214 216081 340942 111602 1067683 784736 833531 861135
764182 806814 821317 661787 330490 906495 717717 544881 995586 1057462 846612 874090 877262 201214 740196 705880 123460 553501 906777 793963 821613 597517 751042 698223 905708 469433 101519 349080 717682 595330 424927 800004 667594 949779 627535 919104 421964 486905 927794 893237 350095 593089 401755 348237 980421 999999999 873597 241568 819536 806505 279216 769508 347489 227495 238707 753412 203694 645676 892770 979349 588577 458969 713626 790315 476298 916000 801998 648657 792119 595266 695460 912584 321402 614476 1013772 932237 730222 1086733 349726 649804 1196971 818405 755581 784218 160003 651782 518938 136070 871576 888833 474905 299195 811743 978430 889162 1087694 199121 243864 733747 153018
356870 612593 864506 580187 687510 137703 170669 665485 242694 322059 887895 377766 260367 896694 231631 186631 925888 343370 899997 180353 815866 915660 265616 366370 169329 406961 788485 969809 411509 360822 825141 292260 829842 257586 484643 90878 798616 768428 782203 847487 698504 428134 486892 750212 331241 873597 999999999 685643 383683 73434 606339 431459 610769 646575 987420 754093 731658 227935 469960 651171 352233 417342 190553 394161 486517 445030 164518 456518 476892 282314 261801 227251 801519 782277 540548 1100851 1026446 443553 650267 997844 518626 67559 176837 299404 759216 262240 382202 886409 822177 1017385 410370 587871 588215 522943 599747 417865 1013989 747173 990145 796710
527575 784891 875579 644104 373320 745585 518683 569351 847787 918912 903405 776112 748123 390866 520026 542105 350003 345336 955856 578179 860711 710256 625245 603426 752190 315824 140211 534801 638567 367896 533604 682896 737667 812610 575071 745906 519087 561487 938112 929167 400609 514883 199465 429739 857567 241568 685643 999999999 727653 613927 212831 694971 106025 123928 458581 784147 46983 464888 818216 943016 364546 275115 554981 703272 240039 831700 588356 585545 729966 404132 474634 772237 434666 676229 941070 1035201 852938 975080 367809 779969 1082554 639815 544647 552566 84962 507625 307175 337941 903803 976371 337862 224872 781674 906602 852201 968944 436443 328832 844319 283747
670410 234898 497521 255319 522152 273816 422030 387815 270152 289189 518040 56429 142877 753780 531898 287165 819147 495847 522251 513785 445432 615160 143446 124663 243890 420714 769150 768795 104938 572132 587782 93370 500023 206461 210057 330363 563882 507028 398696 468467 517604 226447 557835 556441 189778 819536 383683 727653 999999999 393315 549507 71095 704304 630600 836848 394790 762491 367789 103417 279494 554276 482083 266781 31656 638837 104925 502639 180852 100332 422438 532092 197199 612060 468698 218285 735035 697137 271473 489751 688800 381154 330790 480679 625202 769875 256971 521040 772012 444394 650969 392346 530347 208887 186318 216979 279247 890289 609062 655541 690402
301994 611737 854035 562143 636053 187644 97271 633804 300244 380910 878682 397853 288502 838362 168243 145756 863156 270503 895901 127747 807728 883470 259765 352199 214326 343791 719527 918398 402056 288344 781841 299950 806504 303217 461507 154755 755386 730717 786775 844901 649020 396947 415809 701386 375136 806505 73434 613927 393315 999999999 543530 430934 537664 579074 928983 741721 660158 163278 487888 669598 279228 348366 156848 398067 413117 468190 113893 436024 478893 212258 193016 267302 750969 755535 571350 1087817 1000391 493584 599193 966646 576237 67379 111190 247659 688588 222620 309333 824920 818742 1005241 351085 525625 588965 550099 609923 470704 952217 690634 966058 735528
570386 577325 664478 434326 176384 629014 462647 357215 716432 778449 692483 602406 598671 302509 508990 431092 319704 319953 743852 553883 648242 519812 472354 425787 627125 199773 219669 412653 451640 388917 351471 522789 530950 670715 374244 644703 331912 361301 726170 716436 203353 325256 192339 244345 703046 279216 606339 212831 549507 543530 999999999 506282 255892 91117 391367 571447 231966 380271 630855 740643 375862 212568 437274 521839 313605 649863 558840 389483 535588 340011 467926 633382 268563 468598 753734 833965 662913 812225 161341 595978 922163 547337 511020 573683 227333 373375 294917 281834 691004 771083 198545 19989 576158 718569 649352 811498 408797 172337 648985 193225
691320 181447 436745 184237 462541 333425 445243 317835 339872 360180 458762 123740 208663 692845 555345 308220 761881 494402 468545 544675 386251 544183 171268 103053 305635 399346 725344 701673 56621 576611 519000 141581 430452 276238 147073 387710 495513 437141 356293 416112 455952 181509 537128 492361 260358 769508 431459 694971 71095 430934 506282 999999999 681349 591183 774148 330424 726981 378438 124576 268376 558036 465224 289127 43157 629083 147105 535012 121491 49382 425628 549853 263628 547609 397867 247577 674391 628192 334035 431820 618237 442010 373028 507821 650227 730855 261211 515215 714397 390719 590393 367464 487859 158055 212554 189386 345097 830138 551162 587128 635251
423978 792950 913570 659068 430974 685090 440602 605676 792480 867277 941832 748275 704892 486750 427523 485855 453360 267579 990140 487776 892879 774279 587676 583305 695655 283643 246022 625874 624875 272732 602120 647965 785290 763623 577413 678488 584503 617171 956512 958552 458276 508126 146994 495348 815139 347489 610769 106025 704304 537664 255892 681349 999999999 186889 559273 814830 148639 401122 800830 940682 272371 225445 501330 683153 139534 809227 499200 582213 721138 336282 382411 722427 509634 722596 921813 1089638 917547 936212 417132 848565 1040771 571486 457987 452026 190253 464899 228831 437837 932177 1025664 313937 260433 786159 888463 851629 926623 541101 404403 904639 375012
557426 668103 751662 525385 251133 685387 490396 445698 779569 845601 779480 681996 668543 312131 518009 482645 300668 328931 832074 569538 737162 591648 542702 506047 687059 245630 145849 443644 535683 380410 417134 596543 614217 737917 463005 694703 400776 439388 817123 805897 278560 409674 179871 311227 775508 227495 646575 123928 630600 579074 91117 591183 186889 999999999 393183 660855 140899 418792 715614 830315 371059 231560 491903 604081 278621 732672 576846 476657 622576 367789 474088 699108 322867 552581 838719 913380 734812 888329 244012 663962 997605 592533 529936 570077 139681 434284 296349 273410 780706 853357 256527 106096 666509 803736 739089 885509 392209 217515 724270 197152
949978 756020 694550 622765 317854 988619 852480 482273 1059019 1108069 715639 893265 927807 90726 899535 804431 115252 709619 779335 945248 709535 433070 807903 730078 979953 587246 325539 138224 732136 771072 296732 844049 539040 1004279 627552 1014044 308777 382722 836182 779165 319408 623002 569263 282558 1018282 238707 987420 458581 836848 928983 391367 774148 559273 393183 999999999 655456 429905 766375 887154 930063 760197 603338 806383 805352 670802 918511 950146 656001 782414 730677 857606 972537 228833 501148 998620 754613 545027 1107606 353478 463112 1216138 924643 902312 959642 387625 736216 681617 121561 762514 726729 577975 407097 768558 964452 846515 1115940 80749 241857 559516 199923
961417 172720 113439 184378 429235 663757 732340 215995 662423 666484 140050 432522 537366 600925 836849 602602 693589 721009 176620 840860 78415 277688 488477 389784 636011 580272 752799 538617 342584 811788 358743 471062 139480 599175 289618 717350 348854 275436 180742 145043 405991 367629 696639 406359 566053 753412 754093 784147 394790 741721 571447 330424 814830 660855 655456 999999999 798881 646894 365630 307762 792762 649067 587317 372720 816677 406915 834136 309244 294857 672056 819539 591947 443825 155436 428013 346803 314449 594801 422191 328684 683134 691275 798740 931055 784241 534587 726959 648854 120290 263649 543842 560942 199006 402945 251369 618501 730361 510033 270054 600411
