NAME : synthetic_000841
TYPE : CTSP-D
DIMENSION : 100
GROUPS : 8
RELAXATION_LEVEL : 1
EDGE_WEIGHT_TYPE : EXPLICIT
EDGE_WEIGHT_FORMAT : FULL_MATRIX
EDGE_WEIGHT_SECTION
999999999 836336 115655 716586 342426 208074 77763 269533 757772 656631 326738 658084 231993 330062 301340 404873 516607 134703 733502 549749 474548 146463 479363 474047 715172 275369 214246 216462 315900 202573 663404 120796 789187 686135 709153 94479 456572 282659 378161 444210 377357 542874 459953 632131 546836 705669 823140 714584 213845 682390 853334 410141 74740 717218 734006 798376 925848 632396 437947 309978 438419 682225 638440 216059 209459 432960 772181 791408 362628 494668 489823 742317 132798 870682 710626 641751 507481 915775 83048 733336 97685 854153 672994 427616 775916 414464 623852 396453 587328 751969 298183 838281 696249 627213 729822 694899 797215 759243 607855 493535
836336 999999999 853759 156798 725354 1019549 777283 810932 175069 368163 1083610 582283 800663 563682 815498 701326 724098 772535 121609 546843 755361 790199 803040 448159 488664 661059 814517 908686 523954 881864 403102 945027 509390 640087 404925 927962 652653 845640 587754 684260 835788 643642 508086 269553 440169 333342 86663 137790 883923 569386 619192 695335 775397 180129 465413 347878 169013 936127 478943 1092522 523446 181710 199207 620428 904800 446442 73814 187828 1128438 344708 629383 457513 703994 270841 419026 567878 874677 220545 913295 269375 822979 21133 338699 593857 384807 476483 655104 894954 850022 87807 726212 638551 334989 415074 141310 377724 167985 180890 588689 413106
115655 853759 999999999 720397 256805 279872 178395 165064 797519 626021 414234 591969 345945 305085 195797 321771 427800 81838 761215 491860 380445 258782 591394 449043 795037 223633 329085 328637 332601 87015 626273 197027 869654 781885 670213 122285 381748 171635 464771 363285 269644 467390 419930 624303 617712 678379 852191 723847 328226 771398 942152 514132 172499 755039 685593 860735 923834 522845 411723 388168 516873 715410 654713 250204 96076 421194 785098 833766 443819 525022 418359 818291 189428 851449 782442 731172 398959 905455 106245 785863 213007 869895 646588 518229 843012 396555 722211 283068 483855 773689 404796 929378 757078 697634 761513 761464 792060 799911 540890 475044
716586 156798 720397 999999999 573352 910599 665262 663426 243892 217662 988954 432700 716599 421108 665840 546367 567345 638565 155592 390535 598735 691482 765192 295699 526377 516727 727190 816877 400732 740591 254531 831048 566567 659013 264935 804752 496294 697461 527290 528111 682225 487317 353482 113061 421318 192458 208656 33946 793536 592521 680721 647215 662336 218183 329069 424023 210905 779969 328553 992406 474538 183403 103164 502027 763618 302369 84410 276609 1033058 252280 472616 505654 587255 212385 459362 580200 718018 216510 789189 323916 716953 165380 190119 547866 449698 330750 657920 741278 693728 123618 654382 694234 372119 425592 180647 413874 96252 250735 435126 261471
342426 725354 256805 573352 999999999 535128 361974 110744 721626 421533 665597 341065 528047 187037 98905 65018 174193 207849 661178 253448 135075 445101 743299 277695 820222 111901 518879 552489 293437 217221 410876 449537 891943 856347 449617 378924 128771 136144 543210 106773 113993 212051 222689 462637 634456 476109 748620 587631 544106 824962 985833 637346 354770 678105 451174 834862 753868 325601 246599 642844 566250 631500 539803 291203 236749 285801 651778 761295 697895 459610 167164 831094 307967 654268 786484 788751 207793 721345 362549 740894 420437 737100 447949 599753 830455 254647 809193 172372 260494 659690 549475 980919 734789 704970 670243 753370 622661 725954 290250 312376
208074 1019549 279872 910599 535128 999999999 245426 443763 921382 863699 139493 862481 269480 537789 473439 599702 707444 334352 909648 756099 660277 236507 485722 680940 818736 481167 247409 165464 512325 346745 871229 87938 888675 750758 917061 158440 656512 444659 490764 640656 544075 742876 668023 832838 675640 911984 996438 905280 187324 766137 930832 468081 248677 883844 941963 931009 1121299 790554 645213 108394 561361 854364 825615 410010 340113 637302 959619 951322 164315 674847 691518 852769 325137 1074178 830136 726495 670116 1115514 173741 882084 196777 1038456 879239 525351 901462 620503 683539 546077 759742 932954 363735 910170 834430 752680 902336 824093 995263 921798 811812 698994
77763 777283 178395 665262 361974 245426 999999999 309548 689763 626282 340453 652775 173451 306916 340943 419598 533096 162877 670506 540324 496996 85921 414168 444191 637543 274939 160243 195096 267313 263456 637209 167771 711503 609618 683483 168532 462736 329535 300404 455747 417008 547252 440497 588295 470573 672486 759030 660458 183440 604812 775796 336603 7251 650165 714493 723312 875903 670886 410120 334068 361210 617273 581615 165051 274449 396160 715726 722289 381322 433052 492311 665000 81571 830818 633884 564191 545784 870426 159305 661078 62842 795775 639719 350021 699897 382222 548021 444642 617892 691509 226448 760989 621794 550840 665160 619130 749940 690884 604079 458977
269533 810932 165064 663426 110744 443763 309548 999999999 788924 526735 579203 450517 482779 250084 31849 172241 268153 147034 736390 363954 217761 395466 716136 370013 849618 152803 469673 485919 331817 108378 518483 362064 923326 865508 558416 285344 238745 35729 544920 213766 108186 319505 322329 555932 664334 581198 826054 674332 481935 842651 1009297 621761 302416 745217 561731 884709 852284 363324 335293 552155 580966 700488 618466 293489 126613 364650 738258 827810 608029 517786 277374 865645 278244 759147 823999 804282 238185 823355 270180 796922 359943 824204 551912 601660 875078 334449 812367 138880 319269 739756 522194 1001055 782000 739968 742449 795265 720069 792599 399983 402707
757772 175069 797519 243892 721626 921382 689763 788924 999999999 451194 967658 661384 680075 540391 800169 712990 761518 720233 88301 597671 781457 685585 646898 462358 313615 636278 696784 793112 467746 841417 489224 855155 337539 465741 506007 852085 677791 824640 454167 705894 835584 691000 527059 326807 284856 434447 98639 210093 767460 394845 449546 548039 689365 43720 570857 182735 343758 979377 483250 982413 384111 90496 198233 549552 863517 437007 185433 39935 1012573 274132 663402 283239 626146 427315 243961 395144 898739 390832 839226 94360 726076 194439 427134 448629 214322 467948 483852 893870 893108 125414 596584 467068 160614 245892 64316 202963 309259 6892 654676 427933
656631 368163 626021 217662 421533 863699 626282 526735 451194 999999999 966421 215104 727059 327076 520224 377678 369953 547883 365002 190908 410360 677357 841323 182775 694846 403080 731258 807402 370183 621873 38071 777323 747124 804124 69827 731600 316093 556497 592174 349170 517038 284881 207498 127482 549782 54577 426308 247821 787948 745093 860202 717630 621343 417726 130121 622316 343258 573401 218706 959590 561588 373777 261609 465875 644135 232312 300226 487368 1007603 329096 284312 682948 544853 232742 634132 723783 526663 302447 714707 518079 686603 371715 30636 630100 640700 244089 787404 573688 488560 339370 689700 868937 551932 580495 386948 589270 221243 457738 221399 168778
326738 1083610 414234 988954 665597 139493 340453 579203 967658 966421 999999999 984342 287753 646429 609532 729354 839275 460017 968026 874730 793911 297575 441372 784591 820123 601552 270996 175190 602123 485066 977659 217253 884874 727556 1023928 295351 783014 582109 517195 769502 681476 869396 779501 921796 701354 1011853 1050512 979543 200485 755440 910254 460289 345725 933657 1054016 951031 1199400 929528 750559 46553 589301 909951 897093 501818 479212 735356 1029262 993674 44966 742698 816542 858065 421638 1166083 842892 718204 808467 1200212 309522 916372 279896 1103487 979131 538603 916711 722488 660190 685162 896929 995884 376242 886303 861436 772638 957298 844400 1078306 967112 934310 798552
658084 582283 591969 432700 341065 862481 652775 450517 661384 215104 984342 999999999 791096 354520 431947 278332 210471 528181 577048 115100 264560 722911 954163 265246 879388 382808 789162 847126 448677 558148 179198 774789 938114 970171 185150 711683 212317 470183 712431 237252 398671 133327 228780 334616 716075 251160 641287 462325 832692 917976 1048638 832676 646358 625362 144930 825875 535144 377578 279731 967541 700368 579357 465906 518192 577124 326413 515259 698737 1020693 491594 174297 873208 578179 398869 824082 891373 361655 481506 694755 721218 715577 584692 243757 760046 839871 315843 942991 445290 298754 553607 778301 1053973 746976 760755 597643 780831 427354 667725 51097 282178
231993 800663 345945 716599 528047 269480 173451 482779 680075 727059 287753 791096 999999999 436584 514032 581630 694557 335830 683217 676161 662764 87961 248443 553873 549726 430719 22595 115072 357829 432749 745131 240625 619257 485138 790998 292878 617191 502936 230350 614766 589875 698259 566647 662209 415748 766321 764088 703825 89179 497065 663205 200733 180499 646597 831536 668600 924776 842866 525246 305968 302520 624431 620208 273166 441128 496466 749772 705921 332603 465528 642670 584547 221822 906148 564107 457236 718002 931636 292319 629259 135117 820915 734431 257961 636667 491878 418775 618058 787035 712868 94529 643639 575977 489643 671390 561512 809342 679456 745217 559303
330062 563682 305085 421108 187037 537789 306916 250084 540391 327076 646429 354520 436584 999999999 259800 200297 294039 224297 486307 239589 285345 370521 612060 145566 636834 97798 435000 497548 115913 319518 333444 450856 707554 684448 379338 405083 202930 285590 385239 214798 299773 271740 133694 320283 452074 377315 576051 428683 481377 647520 804302 495209 301203 496679 407665 647936 620221 493526 108627 636200 394994 451258 368969 163780 342542 118744 491973 579637 686064 273465 217641 645894 227919 547372 600625 613045 386739 600390 388302 554846 369271 577905 344901 439308 643485 91812 642746 356422 416028 490330 428028 801066 547754 520086 492584 566741 487976 544319 309216 169975
301340 815498 195797 665840 98905 473439 340943 31849 800169 520224 609532 431947 514032 259800 999999999 154450 242852 178202 744875 350862 190690 426861 746185 370678 870950 165081 501135 517746 349163 132765 509772 392576 944321 890780 548300 315018 222178 38336 570858 194747 76378 299547 319160 556661 685231 574799 833854 678253 513781 866348 1032049 650383 333790 756453 548145 901191 850556 331485 337332 581790 604720 711036 625481 317944 148337 370640 742359 839362 637753 531149 260865 885859 307423 752964 843471 828331 206337 819333 300168 811582 391731 828128 546376 627711 892897 339879 838573 111222 288097 746454 551994 1024458 799021 759881 751993 813644 718841 804059 381987 404396
404873 701326 321771 546367 65018 599702 419598 172241 712990 377678 729354 278332 581630 200297 154450 999999999 113508 270192 646799 198616 86836 500888 788434 255072 836284 152922 573825 612247 314929 280211 362823 513783 906301 883524 398709 443824 67856 192784 577321 41912 139479 147645 193257 433731 652080 431878 731590 563810 602731 847728 1004306 678348 412480 670043 394661 837845 716594 293417 229960 707247 593370 622495 523985 331603 298851 277056 627516 752909 762146 461736 106463 843955 359960 609205 797868 812988 189235 679891 427398 740393 479502 711563 405740 632993 836942 246854 839813 197103 218426 641182 596284 1001325 740390 718685 658235 762271 587347 717781 227959 290558
516607 724098 427800 567345 174193 707444 533096 268153 761518 369953 839275 210471 694557 294039 242852 113508 999999999 381979 687381 179574 55964 614299 897068 301053 917162 264394 687074 725482 409702 375382 345073 622704 984603 976504 370596 550020 92856 279035 678615 81430 194238 86474 236884 455356 736479 420179 766193 590130 716177 936207 1087010 784460 525974 720176 348456 901817 712578 217968 287970 815528 688282 672093 565266 439602 391089 341207 651397 801221 870869 531006 98129 920869 472755 589299 873335 903272 157791 667145 534035 800594 592860 731345 400369 733161 905695 314883 936439 236076 132220 674966 706345 1086309 808987 797801 702424 834935 590447 766947 168394 334270
134703 772535 81838 638565 207849 334352 162877 147034 720233 547883 460017 528181 335830 224297 178202 270192 381979 999999999 681474 423140 340849 248758 570358 369109 735156 149204 323120 346246 253320 128847 549879 246842 809717 734927 594494 186387 323175 169728 414045 309738 254148 409608 343495 542748 553896 599617 772496 642165 339674 718420 887952 480066 155694 677409 613282 790987 842142 508158 331829 440198 459093 636848 573631 179036 148330 339590 703578 757055 494229 446723 357458 755814 137665 771459 717792 678868 382997 824352 169283 712525 216201 788515 567567 469706 775560 315393 678485 284022 457284 693032 377240 877153 687180 632826 682506 694205 710470 722856 477470 394219
733502 121609 761215 155592 661178 909648 670506 736390 88301 365002 968026 577048 683217 486307 744875 646799 687381 681474 999999999 518843 710870 677335 681774 392587 386252 583852 697845 792856 428618 797513 402917 838027 418405 530715 418307 826674 606845 771872 467134 636277 774472 613711 456641 242831 319551 346494 91026 121800 767782 461133 531824 573737 669197 68510 483036 269502 279086 904486 417287 978723 402073 60217 123004 519466 820117 375505 103979 122457 1012953 238940 589633 360430 600707 345215 317058 455571 829372 317502 812739 172888 712892 142718 340138 472273 297872 406641 540437 833377 817962 42948 606597 547530 229727 300453 26614 272880 225126 95143 572787 357330
549749 546843 491860 390535 253448 756099 540324 363954 597671 190908 874730 115100 676161 239589 350862 198616 179574 423140 518843 999999999 219856 608844 840875 160902 788039 274934 674471 733996 334785 468115 168910 668174 850418 869177 201074 608811 131936 388885 601250 164063 334641 96800 115202 280326 617584 242468 593379 415124 719026 820230 958394 720053 534055 558246 197781 750429 534101 389446 168724 859724 593132 510575 399463 403162 488722 218918 474910 636707 912079 396583 96044 785593 464514 416013 736775 791563 335770 491025 591742 646703 603165 553269 221133 650293 759755 204495 838495 388885 303203 502574 663531 961575 664461 668290 536150 695189 410907 603531 74065 185167
474548 755361 380445 598735 135075 660277 496996 217761 781457 410360 793911 264560 662764 285345 190690 86836 55964 340849 710870 219856 999999999 580152 873913 319167 919032 238021 653859 686690 400726 323439 388426 576776 988234 969518 417232 502161 104028 225738 664153 76210 138389 135179 254567 485808 735751 462323 792590 619458 678815 932713 1087761 764725 489785 739222 399469 913973 753597 208720 300079 768607 679563 691263 587964 417776 338197 350962 681972 821357 824256 539273 127129 925335 441980 634812 878663 898388 119350 710795 486547 814646 555079 763821 440282 719796 915126 322237 926357 180843 131609 701454 681097 1085457 818366 800703 724284 841940 628631 786587 220211 353959
146463 790199 258782 691482 445101 236507 85921 395466 685585 677357 297575 722911 87961 370521 426861 500888 614299 248758 677335 608844 580152 999999999 333088 498564 594688 352509 74462 130080 308325 345348 691974 182522 667030 549016 738254 217823 540391 415108 259217 535643 502904 623412 503481 625401 441573 720283 762690 682616 111315 552146 721779 267727 93074 648691 774182 697195 902064 756593 467039 302516 327762 620842 600665 212349 354398 445046 733592 715049 341577 446951 568002 625917 145227 870025 599714 511560 631544 902729 214339 645708 54822 809678 687783 300658 669447 435923 484748 530237 702574 702835 154745 704593 599180 519951 668705 590729 780764 685851 675484 508585
479363 803040 591394 765192 743299 485722 414168 716136 646898 841323 441372 954163 248443 612060 746185 788434 897068 570358 681774 840875 873913 333088 999999999 693942 412377 635903 268461 321667 506217 677403 867848 480181 465801 292141 910430 539922 811018 740034 249155 815640 820050 883797 725783 746223 363633 868539 743562 742768 303566 332988 473506 123743 420638 626334 962187 569238 954524 1067009 674740 478271 290858 622373 662031 457477 687272 631891 771492 660115 478382 524631 829431 454561 439716 974244 454569 301857 944159 978419 540267 569683 383387 824170 840030 217633 527727 638664 227017 854266 1003362 720415 194603 447873 502746 407896 662120 472014 861368 643815 914255 687405
474047 448159 449043 295699 277695 680940 444191 370013 462358 182775 784591 265246 553873 145566 370678 255072 301053 369109 392587 160902 319167 498564 693942 999999999 628814 230313 556125 628219 196853 454731 193583 594670 692681 708411 239911 550628 215433 403271 448994 243932 387653 239434 64723 186067 456735 231917 476567 310369 609727 659386 799323 571199 439103 420321 277712 601424 483115 518853 37320 777031 435136 372295 269589 286232 477590 62097 374443 502240 825428 237286 203299 628084 362980 402428 579603 630675 437045 458447 533861 499666 505064 459524 199408 495315 607070 62643 678747 446831 433257 386112 526670 801747 510745 508891 405271 539180 350621 467547 233544 35486
715172 488664 795037 526377 820222 818736 637543 849618 313615 694846 820123 879388 549726 636834 870950 836284 917162 735156 386252 788039 919032 594688 412377 628814 999999999 712733 571483 661412 526901 863818 731234 777042 74639 159473 760590 804214 824750 883255 337815 844650 927685 866841 687146 569534 186044 696141 408163 494010 636377 90273 170527 359833 640472 317779 824392 169468 657326 1127680 632262 847713 278328 343530 440393 559415 882157 578248 490232 306682 862345 391614 824315 43072 605621 730266 69707 111146 1023558 702327 796448 219291 647383 507804 678802 294483 124392 602685 198461 979404 1046556 428996 455212 174736 156532 119956 359997 113468 609251 307784 857609 602927
275369 661059 223633 516727 111901 481167 274939 152803 636278 403080 601552 382808 430719 97798 165081 152922 264394 149204 583852 274934 238021 352509 635903 230313 712733 999999999 424119 469916 186629 224944 402641 393247 785233 744823 446650 335584 188047 188465 431367 184077 214964 272334 196359 412868 526696 456000 673744 525503 458055 714562 876885 527394 268105 592562 464097 736640 712255 436762 193454 585161 454975 547706 466764 180442 247912 214970 589041 675260 637992 366150 217570 725433 208991 630881 681929 677941 319662 688751 318479 646510 336928 675018 424621 487872 729320 185977 697314 268101 368157 588125 443400 871185 634860 599211 589675 650720 579702 640014 332788 259828
214246 814517 329085 727190 518879 247409 160243 469673 696784 731258 270996 789162 22595 435000 501135 573825 687074 323120 697845 674471 653859 74462 268461 556125 571483 424119 999999999 96479 361223 416062 748309 218212 641266 507733 794347 271837 611454 488725 249449 607862 577242 693484 566335 669872 435175 771621 779656 715288 70701 519453 685750 223325 167433 662663 833463 688737 936122 831045 526525 287127 321497 639416 631915 272645 423695 499779 762388 723268 315952 477096 637939 606012 215303 914249 584973 479570 705982 941545 271815 647679 116674 834632 739523 279032 657278 493801 441358 603830 776843 726713 116333 666223 595312 509799 686612 581624 819225 696315 742643 562958
216462 908686 328637 816877 552489 165464 195096 485919 793112 807402 175190 847126 115072 497548 517746 612247 725482 346246 792856 733996 686690 130080 321667 628219 661412 469916 96479 999999999 438338 413313 821731 166231 729576 586307 868033 239509 657468 498681 345350 649441 593814 742250 631071 754213 530819 850334 875386 806385 25913 604433 767187 305533 201842 758722 903082 783447 1026781 848852 596231 190925 417498 734762 723507 342023 415760 575098 855081 819734 220141 568828 687378 697245 269810 998921 678180 565353 723940 1029729 245513 744005 133121 928636 817848 372001 751076 565583 518910 611602 802786 820927 207971 745912 691046 604508 782123 676390 907529 792689 798761 638637
315900 523954 332601 400732 293437 512325 267313 331817 467746 370183 602123 448677 357829 115913 349163 314929 409702 253320 428618 334785 400726 308325 506217 196853 526901 186629 361223 438338 999999999 373900 387316 430932 598984 568797 433243 405218 318004 367096 271616 330711 401370 381989 219920 321087 341038 412023 519590 399021 418212 533247 692503 386239 263708 424651 474422 552908 610434 608334 171371 599970 279104 383566 324884 102324 395862 138653 457686 505149 644742 193717 329654 538866 187356 564397 495313 498132 498562 603198 390107 466723 323375 540983 379588 324592 543745 136185 526858 454635 531730 442039 331231 688091 450215 412637 429202 464564 483087 470606 408042 201736
202573 881864 87015 740591 217221 346745 263456 108378 841417 621873 485066 558148 432749 319518 132765 280211 375382 128847 797513 468115 323439 345348 677403 454731 863818 224944 416062 413313 373900 999999999 616833 270960 938404 859631 658406 190076 345955 99345 539864 321908 198121 427710 414678 637781 682740 675819 888357 747889 414101 845495 1015503 596909 257206 798150 665601 918553 937184 444918 418154 454451 587226 755977 684830 307435 23028 438230 810852 879013 510559 567287 384385 884658 261964 852592 846572 805684 323430 912788 177211 838121 300018 896643 645351 594728 903878 410211 801531 201506 413626 805735 489095 1004081 814775 761611 800483 822610 804625 844389 507420 484757
663404 403102 626273 254531 410876 871229 637209 518483 489224 38071 977659 179198 745131 333444 509772 362823 345073 549879 402917 168910 388426 691974 867848 193583 731234 402641 748309 821731 387316 616833 999999999 784193 784220 838377 46331 735147 298651 546813 618945 331474 501272 258944 206464 165269 583561 75782 463147 285195 803042 780146 897116 744107 631970 455792 96385 660291 368043 543555 227124 969091 591213 411772 299439 479710 638702 248667 336338 525314 1018150 361155 264552 719930 556232 247298 671042 758119 502674 322447 718137 556007 698406 405786 64657 658615 678427 256179 820210 556707 459617 376803 711719 905514 589269 616228 424966 626303 251236 495776 189780 186131
120796 945027 197027 831048 449537 87938 167771 362064 855155 777323 217253 774789 240625 450856 392576 513783 622704 246842 838027 668174 576776 182522 480181 594670 777042 393247 218212 166231 430932 270960 784193 999999999 849114 724672 829923 81794 569558 366161 441592 554439 465286 655977 580477 750027 622492 826134 926235 827241 178519 732246 900694 440359 169697 816226 854221 877844 1041240 715750 558670 193622 509295 784319 749019 329058 267833 552506 883124 886751 248369 600815 604242 808438 243805 990020 781917 691835 593345 1033342 93764 821980 132131 963473 793430 482744 851121 534758 658812 472377 680359 859277 329310 882257 778507 701501 832260 771833 913869 856019 724179 613618
789187 509390 869654 566567 891943 888675 711503 923326 337539 747124 884874 938114 619257 707554 944321 906301 984603 809717 418405 850418 988234 667030 465801 692681 74639 785233 641266 729576 598984 938404 784220 849114 999999999 186418 811005 877778 892565 957111 411397 913371 1000187 931693 752448 620308 259091 744235 424829 533212 704860 132819 114214 425504 714526 350674 875523 165467 678101 1196661 698189 913988 352885 383535 488020 633716 956777 644284 521203 321982 926389 455649 890654 64933 680244 763355 114035 167054 1094218 728027 870230 245637 720112 527073 729141 366396 124741 669733 241607 1052385 1114772 459933 524949 129529 196091 187617 391792 157965 643530 331047 918653 665350
686135 640087 781885 659013 856347 750758 609618 865508 465741 804124 727556 970171 485138 684448 890780 883524 976504 734927 530715 869177 969518 549016 292141 708411 159473 744823 507733 586307 568797 859631 838377 724672 186418 999999999 872609 766604 883857 896408 321227 898909 955485 937851 759927 684415 255299 813539 562662 628570 563478 71125 182699 284465 614108 463461 934088 328364 807297 1176756 704009 761015 290378 481339 564434 572928 875122 651215 633737 462970 766717 480311 890047 200305 598022 868647 225162 80401 1063960 848172 762002 372680 603824 659926 792282 265221 283165 670615 67620 1001839 1100470 573620 395808 159697 305186 233521 505417 262895 747655 460410 941881 688111
709153 404925 670213 264935 449617 917061 683483 558416 506007 69827 1023928 185150 790998 379338 548300 398709 370596 594494 418307 201074 417232 738254 910430 239911 760590 446650 794347 868033 433243 658406 46331 829923 811005 872609 999999999 780099 332855 585760 661327 365133 535688 284176 251029 191082 618699 72657 471249 297560 849298 812838 924553 786703 678225 475201 65081 681316 350354 559860 273373 1015201 631380 433188 323326 526010 680034 294598 342595 540526 1064364 398795 296973 747241 602537 218944 698680 792226 528254 298935 763064 577860 744718 405196 81888 699738 701892 302499 856752 589824 478007 388551 756502 934154 615188 647474 441773 653515 244210 512719 207143 231755
94479 927962 122285 804752 378924 158440 168532 285344 852085 731600 295351 711683 292878 405083 315018 443824 550020 186387 826674 608811 502161 217823 539922 550628 804214 335584 271837 239509 405218 190076 735147 81794 877778 766604 780099 999999999 502805 286783 466420 485207 386178 588790 529103 716383 639087 782367 916583 804180 247058 767324 937736 485364 166934 811395 799668 891684 1012746 634979 513688 266822 529191 775979 729451 307743 186134 514641 862761 885835 322744 587737 538858 832624 226346 951313 802195 726648 513249 999904 17105 827667 163037 945471 749982 513377 868427 493564 702556 391161 601738 844252 372379 921355 789894 719325 823472 787654 882863 853599 660697 573038
456572 652653 381748 496294 128771 656512 462736 238745 677791 316093 783014 212317 617191 202930 222178 67856 92856 323175 606845 131936 104028 540391 811018 215433 824750 188047 611454 657468 318004 345955 298651 569558 892565 883857 332855 502805 999999999 260499 588153 33085 202896 86438 150740 383242 643703 369662 688694 516254 646015 843351 994458 696421 455834 635712 326943 812943 657799 306040 198212 763138 596038 587705 483949 354630 365224 250513 579096 717669 817373 440090 38719 829015 396154 545814 781697 810458 222961 618471 486075 712726 524362 661602 345066 642186 815531 223203 844333 258102 222389 597597 622450 993574 718751 705542 620346 743805 530450 682977 161479 250055
282659 845640 171635 697461 136144 444659 329535 35729 824640 556497 582109 470183 502936 285590 38336 192784 279035 169728 771872 388885 225738 415108 740034 403271 883255 188465 488725 498681 367096 99345 546813 366161 957111 896408 585760 286783 260499 999999999 575402 233027 99421 337642 353810 589324 698246 611050 861446 708838 496429 874851 1042085 648674 322557 780932 586292 920002 884709 351215 369031 552728 613268 736169 653695 325713 112518 399574 772828 863535 608812 553493 299191 899796 304982 789178 858454 836234 227492 854630 272755 832508 376368 858738 582267 631968 910055 369215 842365 115129 315084 774944 546936 1033412 817192 774277 778054 830096 752695 828320 420281 436378
378161 587754 464771 527290 543210 490764 300404 544920 454167 592174 517195 712431 230350 385239 570858 577321 678615 414045 467134 601250 664153 259217 249155 448994 337815 431367 249449 345350 271616 539864 618945 441592 411397 321227 661327 466420 588153 575402 999999999 598188 637508 653554 486267 498977 185805 619808 542499 508268 319438 306646 477517 125540 303688 423507 713628 440408 726384 867692 432961 536275 72179 407074 425108 254194 556186 386970 545222 477876 561810 279378 601214 367311 277900 732091 340551 266405 750746 743300 458855 399180 310568 608609 591039 56918 410905 396936 267790 682066 795745 501007 142541 464689 345868 261916 452203 333393 623318 453010 675245 440087
444210 684260 363285 528111 106773 640656 455747 213766 705894 349170 769502 237252 614766 214798 194747 41912 81430 309738 636277 164063 76210 535643 815640 243932 844650 184077 607862 649441 330711 321908 331474 554439 913371 898909 365133 485207 33085 233027 598188 999999999 170600 105817 179635 415053 662160 402705 718965 547545 639158 860367 1013801 703167 448705 663516 357298 837790 690846 283334 223935 748003 609765 615607 513285 358178 340319 274771 610615 745812 802742 463308 68673 850240 392977 578702 803353 826673 193125 651534 468711 738444 516428 693474 378151 653057 839147 246182 857524 225234 202355 627990 625054 1012074 742373 725965 649202 766289 563342 710964 187259 278996
377357 835788 269644 682225 113993 544075 417008 108186 835584 517038 681476 398671 589875 299773 76378 139479 194238 254148 774472 334641 138389 502904 820050 387653 927685 214964 577242 593814 401370 198121 501272 465286 1000187 955485 535688 386178 202896 99421 637508 170600 999999999 265802 328963 570289 741643 571140 861411 698003 590086 927929 1091415 721807 409834 792078 526578 947602 855888 255168 358395 652115 667104 745420 652689 383350 208895 399406 762038 875267 708205 573018 239108 940232 380478 748141 896406 890698 130125 819334 372039 854398 468109 846864 545204 694422 942196 368269 905195 59189 215680 772022 625571 1085180 846939 814003 783905 864379 726243 839929 351401 422844
542874 643642 467390 487317 212051 742876 547252 319505 691000 284881 869396 133327 698259 271740 299547 147645 86474 409608 613711 96800 135179 623412 883797 239434 866841 272334 693484 742250 381989 427710 258944 655977 931693 937851 284176 588790 86438 337642 653554 105817 265802 999999999 179789 376778 690889 334292 689544 511672 730189 892921 1037344 766535 540434 650791 264295 839051 626782 292715 235241 849565 654468 602866 493154 431096 445983 289120 571679 730328 903811 476046 55591 867217 478508 502829 818861 862106 244255 580772 572118 736180 609243 649999 315435 705781 846070 267392 902479 314214 206412 598579 698386 1038743 749940 746898 630268 778609 505928 696709 85775 269357
459953 508086 419930 353482 222689 668023 440497 322329 527059 207498 779501 228780 566647 133694 319160 193257 236884 343495 456641 115202 254567 503481 725783 64723 687146 196359 566335 631071 219920 414678 206464 580477 752448 759927 251029 529103 150740 353810 486267 179635 328963 179789 999999999 241327 511394 261188 539702 370554 614566 713674 857627 604854 434707 485044 274623 665014 531449 454459 55923 768168 480123 437017 333652 293729 437073 109431 434273 566933 818694 296928 139649 688127 361581 438075 639980 683444 372741 501029 512059 563724 502932 518491 230720 535812 669648 90346 726818 387915 369097 448905 549851 858955 573091 567223 469734 600382 400005 532261 189036 99414
632131 269553 624303 113061 462637 832838 588295 555932 326807 127482 921796 334616 662209 320283 556661 433731 455356 542748 242831 280326 485808 625401 746223 186067 569534 412868 669872 754213 321087 637781 165269 750027 620308 684415 191082 716383 383242 589324 498977 415053 570289 376778 241327 999999999 432573 129241 313224 134941 732421 623214 733677 623797 584521 291617 255267 495186 299942 669423 220852 920899 458674 246812 134170 423245 660766 203169 196281 364153 964898 222265 359960 556362 507727 244710 507712 604037 605125 283693 700225 390805 644183 278422 109268 530206 513218 228492 672115 629229 582976 222798 611707 743082 424788 457083 263030 462635 167777 333182 330383 153498
546836 440169 617712 421318 634456 675640 470573 664334 284856 549782 701354 716075 415748 452074 685231 652080 736479 553896 319551 617584 735751 441573 363633 456735 186044 526696 435175 530819 341038 682740 583561 622492 259091 255299 618699 639087 643703 698246 185805 662160 741643 690889 511394 432573 999999999 561767 380332 394265 504920 202651 352238 263808 472493 262702 679512 255628 596099 944463 455683 721697 114301 261213 320902 376222 701841 401974 413864 302217 745701 225155 645796 202151 428959 633699 164795 175583 838535 626093 629581 217243 490425 461269 539131 166739 229417 424075 239813 793436 864464 359547 325133 349945 160243 80427 298940 149352 515112 282312 689438 434578
705669 333342 678379 192458 476109 911984 672486 581198 434447 54577 1011853 251160 766321 377315 574799 431878 420179 599617 346494 242468 462323 720283 868539 231917 696141 456000 771621 850334 412023 675819 75782 826134 744235 813539 72657 782367 369662 611050 619808 402705 571140 334292 261188 129241 561767 999999999 398626 225322 830184 751899 858145 745275 667789 404688 136662 611161 292494 619214 268690 1006387 583948 363818 256340 510210 698151 276503 270052 468500 1053550 348064 337075 681004 590920 178165 632819 733177 577549 248925 765551 508300 731979 334445 32778 654358 633017 291481 801212 627544 535387 316065 724219 868752 548156 585309 370338 587406 176464 441199 265248 213517
823140 86663 852191 208656 748620 996438 759030 826054 98639 426308 1050512 641287 764088 576051 833854 731590 766193 772496 91026 593379 792590 762690 743562 476567 408163 673744 779656 875386 519590 888357 463147 926235 424829 562662 471249 916583 688694 861446 542499 718965 861411 689544 539702 313224 380332 398626 999999999 179558 850031 491596 533588 641871 757929 119283 534117 261986 253589 981857 503244 1062839 474314 142083 208824 609761 910989 463608 128946 102910 1095478 329115 669236 375054 690401 355667 338993 493253 911645 307149 902806 189984 799875 102616 398641 541413 300088 494644 582300 920470 895313 91243 683993 553580 258226 344504 94104 299830 246430 103129 642216 441095
714584 137790 723847 33946 587631 905280 660458 674332 210093 247821 979543 462325 703825 428683 678253 563810 590130 642165 121800 415124 619458 682616 742768 310369 494010 525503 715288 806385 399021 747889 285195 827241 533212 628570 297560 804180 516254 708838 508268 547545 698003 511672 370554 134941 394265 225322 179558 999999999 782610 561500 647321 626282 657874 184328 361983 390079 220962 804346 341344 984538 452867 150583 83925 498931 770888 310538 64159 243249 1023908 238299 494271 472609 583855 240611 426621 550191 738805 235793 788934 290130 710350 149907 221235 526088 415917 340084 629222 757172 717910 91621 638443 661117 339209 395050 146720 381213 120860 216924 462672 275331
213845 883923 328226 793536 544106 187324 183440 481935 767460 787948 200485 832692 89179 481377 513781 602731 716177 339674 767782 719026 678815 111315 303566 609727 636377 458055 70701 25913 418212 414101 803042 178519 704860 563478 849298 247058 646015 496429 319438 639158 590086 730189 614566 732421 504920 830184 850031 782610 999999999 580317 743869 281574 190457 733217 885496 757648 1003176 845252 578342 216838 391585 709558 699561 323579 417968 555670 830808 793962 245450 544797 675058 671984 254539 977113 652589 541060 720116 1006884 251403 718108 123757 903931 797790 346384 725401 547093 496224 610278 796940 796141 182380 722953 665143 578701 756856 650580 884625 767006 784782 619182
682390 569386 771398 592521 824962 766137 604812 842651 394845 745093 755440 917976 497065 647520 866348 847728 936207 718420 461133 820230 932713 552146 332988 659386 90273 714562 519453 604433 533247 845495 780146 732246 132819 71125 812838 767324 843351 874851 306646 860367 927929 892921 713674 623214 202651 751899 491596 561500 580317 999999999 171041 298918 608609 393517 875214 259730 736906 1141046 657867 785952 261692 413062 500036 549212 862317 604312 564515 391850 796345 426414 846989 132592 583811 800934 154173 40680 1031511 778628 761211 301613 606387 589137 731845 254791 214664 625716 110682 976692 1062648 504075 403965 158778 234401 167499 435603 191913 679800 389459 891991 636961
853334 619192 942152 680721 985833 930832 775796 1009297 449546 860202 910254 1048638 663205 804302 1032049 1004306 1087010 887952 531824 958394 1087761 721779 473506 799323 170527 876885 685750 767187 692503 1015503 897116 900694 114214 182699 924553 937736 994458 1042085 477517 1013801 1091415 1037344 857627 733677 352238 858145 533588 647321 743869 171041 999999999 462883 779626 464400 988943 271658 787168 1296479 802669 943556 429368 497744 601845 716472 1032614 748653 634117 431364 949363 562089 994582 177317 754146 876344 226077 211613 1190633 838899 931870 358936 776246 636185 842669 425792 235270 772831 250139 1141678 1215938 573004 571512 31180 310132 290483 505229 271046 756907 442930 1027675 773245
410141 695335 514132 647215 637346 468081 336603 621761 548039 717630 460289 832676 200733 495209 650383 678348 784460 480066 573737 720053 764725 267727 123743 571199 359833 527394 223325 305533 386239 596909 744107 440359 425504 284465 786703 485364 696421 648674 125540 703167 721807 766535 604854 623797 263808 745275 641871 626282 281574 298918 462883 999999999 342035 522929 838496 497297 841381 962805 552981 488503 173760 513645 544274 347031 609749 509106 658760 565973 502619 402978 712830 398064 343749 854475 385755 260061 842015 862036 482037 479332 322376 716426 716572 101537 460165 516868 218475 760639 895481 610514 112997 442945 416751 323033 555986 392955 743462 545758 793730 563979
74740 775397 172499 662336 354770 248677 7251 302416 689365 621343 345725 646358 180499 301203 333790 412480 525974 155694 669197 534055 489785 93074 420638 439103 640472 268105 167433 201842 263708 257206 631970 169697 714526 614108 678225 166934 455834 322557 303688 448705 409834 540434 434707 584521 472493 667789 757929 657874 190457 608609 779626 342035 999999999 649569 708843 724751 872878 663669 404853 338619 363700 616280 579353 161385 268495 391586 713463 722128 386326 431412 485536 667586 77108 826748 636071 568014 538574 866902 157097 661647 69231 793798 635016 353836 701721 377256 552782 437651 610641 689807 232305 765036 623008 552822 664131 620838 746587 690557 597581 454273
717218 180129 755039 218183 678105 883844 650165 745217 43720 417726 933657 625362 646597 496679 756453 670043 720176 677409 68510 558246 739222 648691 626334 420321 317779 592562 662663 758722 424651 798150 455792 816226 350674 463461 475201 811395 635712 780932 423507 663516 792078 650791 485044 291617 262702 404688 119283 184328 733217 393517 464400 522929 649569 999999999 540262 206589 344347 938121 440483 947175 355049 48083 159851 507712 820300 393754 172470 83189 978614 230946 622047 292086 585211 413518 248549 389313 856204 385311 798323 105936 687953 200922 395020 422273 231674 424640 475514 850313 851978 111226 565295 479551 161275 235289 42255 204458 293098 47859 616810 386164
734006 465413 685593 329069 451174 941963 714493 561731 570857 130121 1054016 144930 831536 407665 548145 394661 348456 613282 483036 197781 399469 774182 962187 277712 824392 464097 833463 903082 474422 665601 96385 854221 875523 934088 65081 799668 326943 586292 713628 357298 526578 264295 274623 255267 679512 136662 534117 361983 885496 875214 988943 838496 708843 540262 999999999 746397 396999 522000 307248 1042723 687247 498250 388130 562130 686369 336786 405220 605133 1093314 457514 288826 811627 634722 256108 762973 853772 503633 339996 782564 642925 776644 464443 146505 754197 766877 339712 916503 577599 443681 452642 802478 998220 679831 710507 506660 717899 301278 577584 180078 276469
798376 347878 860735 424023 834862 931009 723312 884709 182735 622316 951031 825875 668600 647936 901191 837845 901817 790987 269502 750429 913973 697195 569238 601424 169468 736640 688737 783447 552908 918553 660291 877844 165467 328364 681316 891684 812943 920002 440408 837790 947602 839051 665014 495186 255628 611161 261986 390079 757648 259730 271658 497297 724751 206589 746397 999999999 515535 1118807 614732 973796 369733 248561 361220 612165 939067 563020 367981 160261 994780 376285 804560 128122 675183 609280 114689 276062 1026935 568073 881404 104668 745723 364601 600640 412469 45200 591968 366224 1003533 1033964 308132 575908 292452 103808 178957 243627 107115 491926 175882 813347 569860
