NAME : synthetic_000496
TYPE : CTSP-D
DIMENSION : 100
GROUPS : 8
RELAXATION_LEVEL : 1
EDGE_WEIGHT_TYPE : EXPLICIT
EDGE_WEIGHT_FORMAT : FULL_MATRIX
EDGE_WEIGHT_SECTION
999999999 467771 597816 504204 543943 757624 880536 437693 557102 198087 498917 622435 570822 923725 679372 407061 302903 814637 601605 237212 458382 381777 515214 997360 337735 908632 742990 658990 548058 367611 489276 128204 344545 434458 279426 524409 845165 612542 564301 611985 986557 706814 875485 118111 867934 487979 480739 565596 625999 375377 858975 419692 683532 612562 295413 669187 831740 487733 532083 510299 515404 327577 630727 319659 487376 668843 901051 686228 512137 743006 269915 326709 398249 490509 829613 416917 972934 333984 731825 83458 183698 438545 539958 931591 710983 672774 713771 188358 1020410 328223 935469 500581 979859 91661 485908 197123 845127 1039749 465135 390389
467771 999999999 734509 327983 704884 445510 523086 244865 640605 511028 124406 214550 564503 813891 256997 634339 499995 706425 446738 289205 364614 158950 671608 607691 276974 483517 512220 542390 749004 675943 225329 351985 249849 334266 229645 239555 704932 478377 100894 224431 611209 737390 768061 562216 662144 569598 469308 284848 633122 117507 619041 315567 416480 197408 570038 326309 674289 433176 104149 726064 677691 450695 693332 545887 233796 206559 494721 256350 710991 292149 656658 245034 143026 48674 374544 87081 602878 134124 488480 496125 305379 212600 471462 493451 652988 584603 350784 588983 986088 709427 685552 33503 552739 532548 254217 560847 556290 606296 307773 190369
597816 734509 999999999 980456 56632 623722 750403 888666 103094 400732 648952 948963 217333 453809 747987 198671 301705 385886 399069 735358 968718 576559 82622 880132 828169 888088 512247 349709 97847 287549 910315 649092 488665 936368 543928 938934 440562 372522 770182 674366 847462 170304 419470 534579 534351 165135 275882 988840 185476 626089 573751 422917 542237 931575 307591 633766 454778 320526 838577 126781 82747 310507 107455 278201 914540 827674 845421 763878 107240 839748 416584 498761 788799 712137 910030 760451 829263 658157 524888 519551 678244 869265 309216 934509 281952 314044 675505 457651 462262 399646 630511 759652 943022 536781 513361 421068 632042 1003173 943840 544150
504204 327983 980456 999999999 939042 771424 836640 93738 900676 649867 451831 255932 849168 1133112 560250 833123 695739 1023009 761613 272251 75380 438924 905344 902602 168242 759777 839412 854635 968391 836041 105764 383789 507629 77292 438262 109693 1026503 790852 391215 546891 913563 1021075 1085987 622266 989395 824276 746364 104406 918409 384147 947024 599999 744287 262261 738344 651772 997489 720120 267801 937219 909388 670906 964288 735118 96294 465742 785781 553964 928974 558790 766181 492369 204871 375784 619680 253129 908038 331697 816042 574075 333145 120475 766799 753817 957195 892707 671222 684989 1294433 825032 1013170 330573 821377 594764 568536 678332 882583 863645 39504 475472
543943 704884 56632 939042 999999999 629948 760153 848151 107938 346272 626251 919344 224066 498174 736822 142212 251883 422425 401283 689055 924423 546040 33872 891332 783882 889432 525763 364650 63816 232075 872426 599640 456233 892466 505413 901970 475394 378113 746864 661223 860360 217197 461130 478416 562373 144553 261245 951819 209270 593505 596737 399186 545771 902291 251955 629231 486113 307439 808491 78941 29961 268259 144417 224965 876232 810183 849465 752315 55416 828399 360314 464575 751003 685560 901829 725491 842290 621270 535885 464835 630933 830000 305727 934398 313227 334640 672911 401125 517259 344954 657543 731442 947063 481144 495201 364940 647952 1008186 901853 515263
757624 445510 623722 771424 629948 999999999 135628 690373 524556 673734 326828 583854 407318 446518 239484 654412 582391 368290 229792 685082 809941 400619 608259 267407 709520 269930 131198 280105 692948 747898 666474 691763 413328 779084 487901 673852 337492 252002 387326 225470 243483 523004 412892 798163 249864 496615 389780 712037 445365 437756 190270 347410 87484 566721 665992 119663 300163 348197 511936 693059 616823 516279 529595 617898 675587 357678 222569 253494 668685 305740 806604 431878 584841 396919 338930 528973 226935 504676 108346 736271 669562 658090 328774 319554 387364 325137 111850 776493 649006 836754 245217 440927 319815 775871 272688 731631 111228 379469 753129 378193
880536 523086 750403 836640 760153 135628 999999999 763699 653505 806609 417472 620827 536294 509729 276873 789545 717483 454656 363098 786659 883898 510543 739846 132255 797762 181031 240298 401636 823592 883502 730941 805670 536495 855184 605135 732300 411983 382530 445492 300271 108697 636739 486159 927509 302594 629840 524857 764415 568179 539820 235233 478666 223028 605559 801304 213917 375627 483708 569420 825411 748434 651173 652263 753389 740523 384560 122892 284837 800760 306073 941226 553865 666059 475239 302472 609898 93218 604761 225555 864328 778235 731058 462543 231725 497689 442661 175707 909129 715798 972095 251363 510797 208359 904244 395193 864749 139066 261098 823697 493376
437693 244865 888666 93738 848151 690373 763699 999999999 807751 568324 366392 231250 755431 1041702 490043 745474 607317 931146 669884 200527 120279 345887 814375 838212 104772 701383 752239 762309 879095 753656 61024 311884 413912 92291 345500 92858 935865 698679 320242 468227 846091 927380 994327 554418 902092 731495 652656 128202 824676 291268 861834 506384 658358 230952 653775 571138 907474 626426 204994 848710 818621 579892 870925 647823 54949 406509 722243 485662 839666 500421 691406 398756 112536 293488 569191 164137 839303 237959 729452 501333 257960 32644 673281 700725 863943 799845 594121 611379 1201284 749924 929590 253006 766197 525745 477471 600749 801101 812690 64173 382361
557102 640605 103094 900676 107938 524556 653505 807751 999999999 368202 550106 854414 117319 412370 645027 199477 254269 325754 297668 666957 894414 484396 95817 784320 754580 786878 418065 256720 171736 304835 825278 590129 399479 861410 462418 852512 376161 272591 671384 571732 752935 151534 371081 512620 457323 76867 175252 902333 105993 535794 489573 326089 441638 836771 288122 530920 383632 218748 744737 181592 103835 242439 73640 246045 830089 726055 745315 660957 156178 736782 420759 411626 704176 615735 806944 672179 734834 573071 428700 485230 612901 786441 206215 832820 212956 227482 573024 443998 466850 418202 551748 664404 842963 509081 412605 401540 540058 903609 865216 450621
198087 511028 400732 649867 346272 673734 806609 568324 368202 999999999 492415 705642 402253 757119 660376 209150 119184 653225 478046 379991 618741 374379 318305 933656 483156 873067 627858 513614 350623 186298 608155 274472 297939 590004 281943 642049 690938 479624 590460 583704 915292 519637 710490 147890 732950 305487 329009 689128 448436 396146 736726 328539 590078 691917 98122 610434 683575 350696 600270 313348 318081 169012 441467 123836 609076 684561 853032 671317 314239 739876 148296 289389 495553 515399 825872 492075 899566 387066 622747 118931 318463 559203 396407 905371 543176 516896 658433 102880 834924 198490 811734 543981 942171 141027 423585 58446 743027 1004692 610542 363856
498917 124406 648952 451831 626251 326828 417472 366392 550106 492415 999999999 315192 462118 691423 180539 576823 452811 585270 328144 370087 484800 120808 594292 516078 383489 411433 387855 424305 676523 635508 349722 402540 197511 453312 223682 363364 581765 360859 121289 120014 513610 632249 646180 574312 537805 484616 375038 407507 528843 127896 495587 227069 292478 296856 531915 209963 550600 333944 214547 658451 601235 393778 595628 498660 358141 194888 410086 187458 640454 249338 640659 203277 258453 79558 336241 203072 503146 188876 364249 506993 367497 334699 365061 432692 538173 468383 241827 583567 867579 687788 563299 131550 482681 546404 142092 547973 436429 541575 430072 129416
622435 214550 948963 255932 919344 583854 620827 231250 854414 705642 315192 999999999 774410 996314 349010 845086 708653 894134 641735 397318 325494 373305 886013 667626 326181 517951 678737 737790 962776 879507 171723 495107 463677 310243 432310 149522 884809 674959 205199 364495 683960 946082 953052 731027 824512 783974 681890 158325 842176 327940 771798 528599 580829 18386 773942 468764 851224 644003 110987 939006 892027 662751 905428 753962 179995 236289 551265 338161 924528 322101 845778 457471 224297 240667 371136 213865 681039 319111 652907 669206 440259 209592 678897 505986 852968 782790 473923 771951 1179408 901448 828684 190227 574962 701059 456691 750208 692773 613077 263703 404827
570822 564503 217333 849168 224066 407318 536294 755431 117319 402253 462118 774410 999999999 355316 538398 283149 283254 251451 181854 638248 852181 415970 206093 667303 715642 670755 302141 143280 287734 389004 765186 577970 341681 818538 417788 789470 292792 155473 582035 468151 636333 173429 308300 550073 356270 111842 103938 838610 69420 470211 380902 251843 324976 756317 343496 418622 291556 131586 667408 292966 214647 243466 136362 294059 771036 626715 628420 554659 267710 629787 487901 357843 646645 533746 696641 607974 618279 517477 311820 509882 590446 730975 99153 717249 141248 124137 459150 493339 460528 497201 447437 584689 726057 540313 320471 447335 425009 786522 816127 379926
923725 813891 453809 1133112 498174 446518 509729 1041702 412370 757119 691423 996314 355316 999999999 675452 611777 637949 112843 371948 962033 1151467 698157 501533 605665 1024289 689275 324428 282776 551585 717087 1036351 918128 649888 1117915 735090 1053282 112057 344572 791132 635388 564625 283595 49050 905007 207178 455787 443873 1098585 313076 751643 274602 550548 419326 978114 691934 539029 147857 445533 904614 576773 508013 597806 354184 644573 1043996 790597 632078 691103 553536 750644 831142 669462 929166 770981 784125 880258 548199 812008 350891 865006 921968 1012732 391968 740511 214079 254999 552810 845441 206116 830572 277881 822743 715381 895622 564590 800218 372288 760943 1105533 662599
679372 256997 747987 560250 736822 239484 276873 490043 645027 660376 180539 349010 538398 675452 999999999 714564 604260 584424 366220 539359 609757 299068 707968 350876 533806 232130 351024 453035 793866 786724 454695 581616 362622 582137 402601 455433 563762 399481 169938 78798 356268 691612 636987 751949 487517 592371 475579 488002 595927 307077 429711 355912 258406 332717 687430 137376 527607 429455 292687 782486 715832 540015 674254 648339 464336 118196 237913 16603 761452 91764 807375 373041 398561 212671 169317 343578 349261 363059 324561 684845 543788 457513 440550 252236 572064 501612 127657 755758 871660 850778 481805 239248 303143 724600 250876 717557 345410 361252 548634 299168
407061 634339 198671 833123 142212 654412 789545 745474 199477 209150 576823 845086 283149 611777 714564 999999999 138877 521966 428053 572157 810955 477847 120461 921702 671580 895538 571432 422947 141946 106721 776587 474790 386803 780271 415386 808296 569696 414642 692429 636025 895388 343559 569911 336397 639416 171690 264688 857488 301445 517732 661500 359213 566999 829154 111893 627170 572711 306961 734633 106094 117481 184472 264456 98161 779223 769784 863011 728635 105092 803558 223398 389437 657027 623831 883661 639802 877950 532430 575276 326054 511869 730918 329125 936109 407937 407099 674270 258993 653788 218951 729948 664163 958922 340064 463842 223032 694906 1021570 794706 453071
302903 499995 301705 695739 251883 582391 717483 607317 254269 119184 452811 708653 283254 637949 604260 138877 999999999 534473 372782 438786 676167 346373 220040 847521 536075 802059 523077 399054 273208 183187 637755 347806 257133 644888 277386 669420 573152 370197 564065 525584 825823 404624 591395 267070 619740 187554 215549 718627 329712 382675 627766 251728 496140 693051 84911 534007 567062 243455 598692 241496 222040 66854 327908 46180 640450 647588 775941 617112 233924 690015 225345 256823 518155 492992 773236 501647 809321 394104 520680 232061 379795 592276 284504 838695 424045 399476 582219 212629 719276 255148 701629 530730 868853 259023 355532 165858 642033 931789 657601 325157
814637 706425 385886 1023009 422425 368290 454656 931146 325754 653225 585270 894134 251451 112843 584424 521966 534473 999999999 261412 849193 1039947 586694 419820 566285 911965 627603 238453 170252 481151 628551 927405 805972 537100 1006339 622252 945296 56419 232794 689142 537673 527178 224252 63978 800851 168208 357958 333944 991267 220738 640505 227414 437760 326019 875824 593660 447048 83142 333340 799448 501140 427159 490616 279522 544876 934868 696537 572926 600571 476559 664718 736185 556644 818647 664694 706601 770569 509507 700153 263888 758282 809246 902549 279718 678848 114124 142984 467114 744721 287741 740462 261549 716819 663002 790074 454972 698779 316142 714266 994817 550912
601605 446738 399069 761613 401283 229792 363098 669884 297668 478046 328144 641735 181854 371948 366220 428053 372782 261412 999999999 598061 779674 326477 378720 495316 654156 489221 150359 96171 463850 525564 666241 568816 286464 746171 372760 684748 268800 34027 439048 302766 467685 325393 324444 616266 267033 266916 164562 731267 231602 379724 259928 189756 144504 623349 452452 239313 244777 129360 542592 463276 387266 310629 313053 402400 673620 464970 448191 382779 438950 456052 597628 306800 557359 406785 518309 509183 450121 440800 148974 561519 563872 641161 99491 535440 212563 141593 277959 579834 539665 621282 335937 459194 545805 598599 193757 533223 270306 606919 733648 291288
237212 289205 735358 272251 689055 685082 786659 200527 666957 379991 370087 397318 638248 962033 539359 572157 438786 849193 598061 999999999 239391 286724 656152 885206 104061 770001 712344 679793 711347 566229 252812 112081 312617 210037 226948 287873 865404 620493 389705 489753 883676 801900 913116 353958 856205 590334 534879 328387 704695 247802 829255 411772 630345 390031 471716 575120 842822 520562 321966 677857 659095 426349 736148 474206 250487 494397 776217 541218 672289 581351 494115 292747 177017 327869 663254 213740 873208 181915 694051 302453 61535 202294 572917 782207 764191 708663 611022 413179 1097791 552926 903242 316735 840068 325442 425940 406212 788920 894819 232748 315387
458382 364614 968718 75380 924423 809941 883898 120279 894414 618741 484800 325494 852181 1151467 609757 810955 676167 1039947 779674 239391 999999999 453315 891114 956863 140574 817873 868512 870120 949282 804717 161259 345882 511753 33764 435094 176148 1047403 807159 439833 588387 965512 1021675 1103553 576091 1018045 817567 748391 179176 920746 400066 979453 608215 775749 329947 711097 690903 1020131 726190 321444 916389 894521 658241 960818 712861 151600 522739 840558 604982 910064 616564 725659 494623 227133 413285 681872 281745 958974 340168 846245 533199 300647 152913 775283 814915 967382 905515 714358 643845 1304702 784499 1048047 373275 881421 549969 589511 641745 920471 925987 63409 489045
381777 158950 576559 438924 546040 400619 510543 345887 484396 374379 120808 373305 415970 698157 299068 477847 346373 586694 326477 286724 453315 999999999 512713 620179 329191 526901 427474 417099 590151 526364 349916 295325 91369 419759 103534 373519 594768 353902 218758 230222 612945 589356 650252 453662 573824 412045 316569 422647 485332 54911 543571 164131 343637 356310 421139 296632 568593 284754 262469 567671 518761 293503 540193 392545 356166 310188 520177 307216 552252 370092 522629 89647 234125 146620 457032 192099 600683 114892 408228 386384 269129 318833 328881 551049 518327 453972 337707 463485 855509 571408 616972 186939 598108 425926 140857 428943 502587 658214 408962 36615
515214 671608 82622 905344 33872 608259 739846 814375 95817 318305 594292 886013 206093 501533 707968 120461 220040 419820 378720 656152 891114 512713 999999999 871515 750554 865091 508076 348816 86435 218690 838555 567809 422720 859084 471541 868100 471172 357316 714680 631832 841448 225815 462320 453847 553021 116081 232886 917948 201527 559916 584094 367319 523105 869008 226219 602933 479358 279235 775124 86971 8594 234493 148359 195583 842366 779365 826344 723313 61633 799387 342968 430884 717131 652775 873803 691693 823474 587409 516849 437187 598305 796158 281412 909401 308012 322368 647288 378444 533533 332678 647203 698364 923817 455130 464587 340381 631095 985307 868210 482198
997360 607691 880132 902602 891332 267407 132255 838212 784320 933656 516078 667626 667303 605665 350876 921702 847521 566285 495316 885206 956863 620179 871515 999999999 884623 155389 368130 530564 954892 1015157 798460 914772 655896 930503 719008 794518 518440 514268 518635 396068 41548 760476 589238 1050496 403529 761970 657020 820464 696675 642865 339335 605121 354891 654618 931691 328715 484182 615596 635947 957281 880108 780966 780383 884207 808226 437319 116933 353259 932556 346106 1070367 672142 749418 562332 307647 694425 57496 704875 355646 986176 883011 805943 594777 188971 620920 569695 283605 1035740 809031 1102475 330077 589821 130923 1026292 516022 991991 254220 158902 894649 607260
337735 276974 828169 168242 783882 709520 797762 104772 754580 483156 383489 326181 715642 1024289 533806 671580 536075 911965 654156 104061 140574 329191 750554 884623 999999999 757190 754182 741716 809271 669454 163654 215599 377834 108813 297855 197177 922934 679848 369767 497530 887974 883740 975863 455483 902028 677714 611707 231951 783722 279495 868453 476088 665482 322713 573518 593451 897499 591805 274397 776732 753988 517714 821603 573425 158992 467760 771180 532454 769998 559920 597960 359713 136374 323336 635818 190243 879339 214334 733519 405970 165244 117337 642170 762623 834598 774819 623315 516839 1171181 656803 939870 296265 824984 427532 469290 510263 817767 875638 128753 363196
908632 483517 888088 759777 889432 269930 181031 701383 786878 873067 411433 517951 670755 689275 232130 895538 802059 627603 489221 770001 817873 526901 865091 155389 757190 999999999 398287 549508 951129 979578 657489 813537 580094 793324 629924 650567 588481 515886 387424 296918 182524 792934 663537 975438 482178 750235 636534 673283 713489 538814 414767 550774 346089 505949 886903 268944 551478 591283 496696 947153 873517 735499 797432 843112 667263 295145 58514 228878 923752 201326 1016794 593289 620828 442177 152498 567957 186927 595107 377500 908969 775878 669759 583850 51363 656896 595014 221340 972100 895376 1055420 431398 461110 71275 949055 449966 931266 317025 132086 754875 521936
742990 512220 512247 839412 525763 131198 240298 752239 418065 627858 387855 678737 302141 324428 351024 571432 523077 238453 150359 712344 868512 427474 508076 368130 754182 398287 999999999 162541 589554 671875 737547 698108 411304 836013 495234 750105 212862 157017 474778 314619 335276 397481 286865 764337 149984 403836 312266 792508 328564 474740 117823 323760 97986 660812 602175 214933 176584 279621 593957 594768 516651 460916 412398 551888 745994 466573 347377 366687 569625 427696 747722 431615 641486 465820 468248 588102 317102 540843 26476 707835 685952 721179 243862 448727 259464 202364 229618 729905 522703 770189 193779 515397 442564 745656 286781 683374 123729 499292 816308 397000
658990 542390 349709 854635 364650 280105 401636 762309 256720 513614 424305 737790 143280 282776 453035 422947 399054 170252 96171 679793 870120 417099 348816 530564 741716 549508 162541 999999999 428456 527212 760599 640652 367338 836474 452887 779790 188212 64107 534716 394286 497771 245085 234179 658351 221147 251600 184614 826627 166570 471232 238624 268045 207710 719405 470285 320033 172785 171337 638721 435784 357321 345217 250758 419573 767805 556541 502502 469631 410436 540632 616825 387060 649940 502861 596723 602993 479581 530138 176327 609583 641283 734171 119345 598345 119251 48634 352423 611531 443733 631916 307734 555281 599370 644145 288647 564648 283405 657915 825769 381110
548058 749004 97847 968391 63816 692948 823592 879095 171736 350623 676523 962776 287734 551585 793866 141946 273208 481151 463850 711347 949282 590151 86435 954892 809271 951129 589554 428456 999999999 206106 906822 616028 499198 918083 541011 937437 535026 441321 796225 717428 924065 268143 516726 470755 624558 202486 319188 987074 271710 635259 659998 450172 608346 946089 252702 689356 547187 365542 851790 39066 78265 302734 201639 237837 910077 863471 911871 809125 39430 885176 337816 505634 785974 732499 960018 763979 906006 658032 599538 466226 651649 862736 367295 995636 374005 398007 733635 389782 553319 313029 720045 776767 1009414 477435 549192 359079 711767 1070728 930461 561101
367611 675943 287549 836041 232075 747898 883502 753656 304835 186298 635508 879507 389004 717087 786724 106721 183187 628551 525564 566229 804717 526364 218690 1015157 669454 979578 671875 527212 206106 999999999 791718 459553 438858 776201 447888 825143 676417 514874 744956 707961 990559 444504 675836 273988 745063 277205 361003 872894 407913 558542 765328 432187 660477 864767 105914 710678 679242 399970 771273 167611 213631 246776 366561 138389 793065 830378 950478 799798 181323 873015 131728 436803 676585 672586 955879 667988 973422 560840 674103 284240 504694 743413 428157 1017836 514571 513111 758570 190827 749334 114035 834770 707672 1044990 286065 536929 170507 794735 1107893 796751 507160
489276 225329 910315 105764 872426 666474 730941 61024 825278 608155 349722 171723 765186 1036351 454695 776587 637755 927405 666241 252812 161259 349916 838555 798460 163654 657489 737547 760599 906822 791718 999999999 361814 426703 140866 367014 35138 928445 696539 285478 441586 808668 938310 989822 604579 887460 749960 664098 81234 834605 295216 843656 513685 641627 172915 689691 546813 898508 634413 162700 878003 843295 604990 885672 679933 9780 362583 681796 448663 867483 456183 736539 413677 121523 272246 520613 158301 802891 252385 713748 548863 306728 50765 678644 653750 866632 800435 565592 657696 1202812 794596 908948 225572 720464 575408 472493 644079 777684 764731 97864 386416
128204 351985 649092 383789 599640 691763 805670 311884 590129 274472 402540 495107 577970 918128 581616 474790 347806 805972 568816 112081 345882 295325 567809 914772 215599 813537 698108 640652 616028 459553 361814 999999999 286806 318637 204706 396948 828804 586262 451475 520865 908233 732485 869115 242858 834430 515111 478004 439139 640781 274774 815904 379166 626233 485711 369575 591772 810205 472643 407797 580876 569832 347901 661927 378328 360264 557245 812022 586462 577637 637014 382400 266529 270810 380704 722371 293160 896007 221955 683098 190420 55497 311049 526256 831993 711825 663158 632960 301244 1037871 441262 891785 383664 884685 213933 420678 296029 788356 942633 344324 313732
344545 249849 488665 507629 456233 413328 536495 413912 399479 297939 197511 463677 341681 649888 362622 386803 257133 537100 286464 312617 511753 91369 422720 655896 377834 580094 411304 367338 499198 438858 426703 286806 999999999 478016 86303 453212 552858 307937 306999 286696 643231 513494 601070 396463 549190 325327 238750 502977 410830 137488 529106 99341 341956 446907 334651 327212 530877 214451 352699 476360 428567 202354 458976 303269 431931 392209 565284 373393 461142 442326 445518 20468 306443 237053 528049 272716 629211 176114 396497 330971 277623 390156 264336 609814 456765 397833 373378 393518 793520 491074 604984 278294 650330 371168 141421 354940 504335 712170 474451 68354
434458 334266 936368 77292 892466 779084 855184 92291 861410 590004 453312 310243 818538 1117915 582137 780271 644888 1006339 746171 210037 33764 419759 859084 930503 108813 793324 836013 836474 918083 776201 140866 318637 478016 999999999 401606 161227 1014022 773558 412428 558494 938270 988172 1069967 552497 985427 784581 714770 173441 887141 366655 947380 574451 743642 313022 681462 660300 986888 692447 296673 885498 862589 625861 927584 682127 131657 498291 814524 577896 878811 592214 699987 460926 195084 382921 659682 250289 931380 306463 813908 507438 271548 124657 741519 791894 933618 871786 684683 618323 1270938 758876 1016346 344395 857758 525760 556303 614650 889401 903536 48383 455428
279426 229645 543928 438262 505413 487901 605135 345500 462418 281943 223682 432310 417788 735090 402601 415386 277386 622252 372760 226948 435094 103534 471541 719008 297855 629924 495234 452887 541011 447888 367014 204706 86303 401606 999999999 396785 638941 394049 309876 333027 709696 586580 686183 350750 634823 386034 313856 446569 485964 114281 613032 184949 421549 417200 342070 392035 617164 295269 323429 513653 476314 238423 526771 322145 370903 407789 621629 410649 501832 472344 428780 66065 245607 234304 559371 224418 696672 117262 479350 283399 191616 325344 346878 654557 538899 481994 435494 364997 874357 480431 688530 262315 701066 322729 216064 333500 583651 761428 402935 111929
524409 239555 938934 109693 901970 673852 732300 92858 852512 642049 363364 149522 789470 1053282 455433 808296 669420 945296 684748 287873 176148 373519 868100 794518 197177 650567 750105 779790 937437 825143 35138 396948 453212 161227 396785 999999999 944482 715683 288531 448391 806474 962822 1007240 639702 899711 777642 689274 49907 858845 319355 853980 537646 653342 153910 722697 554426 913794 658255 163281 909111 872997 635143 911774 712002 38197 357256 677609 448218 898156 449844 771230 441026 151494 284432 509987 181536 801457 280852 725809 583850 341846 85900 701254 644148 887670 820627 570421 692545 1222908 829211 917693 235017 711793 610518 491166 678548 785032 753965 114211 409733
845165 704932 440562 1026503 475394 337492 411983 935865 376161 690938 581765 884809 292792 112057 563762 569696 573152 56419 268800 865404 1047403 594768 471172 518440 922934 588481 212862 188212 535026 676417 928445 828804 552858 1014022 638941 944482 999999999 244921 679681 523390 478607 280512 75651 837821 115940 402489 365729 989243 270281 647368 179344 454084 307276 866641 636282 427129 37445 358664 794177 553799 478732 525366 333650 586703 936276 678631 532496 579496 528976 640023 780428 572901 823412 661281 676206 773387 461235 709365 239275 792448 828528 906358 305586 639844 163215 174183 441974 784961 311523 787269 206566 712768 619986 825569 458431 738573 272929 669244 999894 559912
612542 478377 372522 790852 378113 252002 382530 698679 272591 479624 360859 674959 155473 344572 399481 414642 370197 232794 34027 620493 807159 353902 357316 514268 679848 515886 157017 64107 441321 514874 696539 586262 307937 773558 394049 715683 244921 999999999 472656 336691 484861 292274 296427 620849 256109 248766 156296 762538 200484 407793 257645 209300 169817 656574 447168 270977 224033 129084 575111 443029 365905 310817 283071 396598 703769 498931 472971 416059 418289 488948 593382 327997 586248 439160 549894 539009 467019 467467 161229 568417 584045 670379 87195 562948 178715 107926 308070 580235 507712 614019 332155 491590 570600 604547 224546 533380 280276 631059 762238 318139
564301 100894 770182 391215 746864 387326 445492 320242 671384 590460 121289 205199 582035 791132 169938 692429 564065 689142 439048 389705 439833 218758 714680 518635 369767 387424 474778 534716 796225 744956 285478 451475 306999 412428 309876 288531 679681 472656 999999999 162800 525850 750821 747873 654021 621946 605713 496278 324882 648004 196356 571703 347871 376793 186982 639866 268980 646265 454846 125353 777092 721504 508207 716236 610225 295042 105892 403405 165535 759708 192177 738137 308168 233406 75775 273692 181097 519145 230766 449221 587141 405914 287772 484180 394445 651272 580572 282014 674631 974928 788503 632296 74092 455466 624748 261576 643207 498135 507489 378736 239526
611985 224431 674366 546891 661223 225470 300271 468227 571732 583704 120014 364495 468151 635388 78798 636025 525584 537673 302766 489753 588387 230222 631832 396068 497530 296918 314619 394286 717428 707961 441586 520865 286696 558494 333027 448391 523390 336691 162800 999999999 394022 626676 593932 679517 460102 516670 400240 486820 528321 247176 408939 277182 217010 346722 608906 106333 488801 354455 286632 705191 639588 461235 604480 569582 450804 162331 291174 92628 684477 168145 730177 298328 366813 175982 248104 310544 383971 308863 288617 612760 487227 435689 369358 323581 513394 442259 126386 680214 825259 772875 469889 216417 368040 652755 172212 641211 336641 428596 530072 225644
986557 611209 847462 913563 860360 243483 108697 846091 752935 915292 513610 683960 636333 564625 356268 895388 825823 527178 467685 883676 965512 612945 841448 41548 887974 182524 335276 497771 924065 990559 808668 908233 643231 938270 709696 806474 478607 484861 525850 394022 999999999 724350 548850 1035557 363339 733388 630864 834456 663207 638855 299877 587257 330419 670229 909475 317682 444751 590590 645974 927633 850041 759612 746534 861327 818396 450488 134677 360531 902733 361913 1049779 660199 753845 564715 332084 698261 18251 702335 324622 972056 878597 813617 567120 221690 584819 535528 275284 1017790 767716 1080236 288651 595327 168829 1012040 502257 973441 217888 200319 903893 597768
706814 737390 170304 1021075 217197 523004 636739 927380 151534 519637 632249 946082 173429 283595 691612 343559 404624 224252 325393 801900 1021675 589356 225815 760476 883740 792934 397481 245085 268143 444504 938310 732485 513494 988172 586580 962822 280512 292274 750821 626676 724350 999999999 250771 664101 384759 219416 274751 1012003 104298 643506 433690 425245 452770 927900 438804 562453 300761 304967 839902 294776 231124 385649 79569 397552 944057 788074 744085 708172 272504 781220 566927 528854 819339 705518 840682 781303 706152 689588 416070 636261 750827 903465 267260 842336 139562 198125 596930 594593 315323 558490 480922 756864 839911 660568 490158 552707 506527 896718 987457 553348
875485 768061 419470 1085987 461130 412892 486159 994327 371081 710490 646180 953052 308300 49050 636987 569911 591395 63978 324444 913116 1103553 650252 462320 589238 975863 663537 286865 234179 516726 675836 989822 869115 601070 1069967 686183 1007240 75651 296427 747873 593932 548850 250771 999999999 858344 185844 410861 395299 1052882 269364 703926 251872 501731 379316 934794 647176 499914 113093 396504 859916 540033 469133 550059 316713 599285 997374 750920 607261 652877 516227 714515 787665 620601 881803 725707 751714 833328 531811 763880 313116 817488 872931 965556 342930 714897 167405 205968 516417 799931 236192 788862 268241 777658 693715 848493 517628 754438 347283 741853 1058074 614562
118111 562216 534579 622266 478416 798163 927509 554418 512620 147890 574312 731027 550073 905007 751949 336397 267070 800851 616266 353958 576091 453662 453847 1050496 455483 975438 764337 658351 470755 273988 604579 242858 396463 552497 350750 639702 837821 620849 654021 679517 1035557 664101 858344 999999999 876011 452608 473990 681940 595913 458989 876137 451035 717884 720075 227823 722531 829452 491884 635671 431806 452257 313252 585172 266583 603115 755813 961747 760689 438448 823073 159169 382275 508157 578570 910104 520967 1020711 428635 757005 67367 297862 553818 539952 1002890 691052 663654 769333 83270 979293 215377 951885 595636 1046049 30020 534529 113518 875399 1107484 583154 453873
867934 662144 534351 989395 562373 249864 302594 902092 457323 732950 537805 824512 356270 207178 487517 639416 619740 168208 267033 856205 1018045 573824 553021 403529 902028 482178 149984 221147 624558 745063 887460 834430 549190 985427 634823 899711 115940 256109 621946 460102 363339 384759 185844 876011 999999999 467897 404457 941702 353103 622580 67428 455503 246467 806800 691380 356384 85450 384346 742607 638722 561134 564000 427086 640689 895932 605287 424903 502178 613372 555339 837865 569658 791132 615583 581779 737962 346158 688059 173905 824441 826420 871099 336548 533381 252691 232636 360751 831917 413290 851732 96482 664832 508941 860321 433035 784997 165363 556164 966184 541923
487979 569598 165135 824276 144553 496615 629840 731495 76867 305487 484616 783974 111842 455787 592371 171690 187554 357958 266916 590334 817567 412045 116081 761970 677714 750235 403836 251600 202486 277205 749960 515111 325327 784581 386034 777642 402489 248766 605713 516670 733388 219416 410861 452608 467897 999999999 116909 827514 143641 462375 490224 258040 410424 766542 236316 487048 402975 163229 673711 197134 124231 167246 146836 188890 754609 666284 712619 607821 173517 683906 378308 336624 628676 547022 757830 597911 715615 497601 409929 419531 536676 710543 167960 794068 244391 235979 531690 389843 532495 385605 558270 594545 809891 446217 351269 345072 527564 871706 788659 379232
480739 469308 275882 746364 261245 389780 524857 652656 175252 329009 375038 681890 103938 443873 475579 264688 215549 333944 164562 534879 748391 316569 232886 657020 611707 636534 312266 184614 319188 361003 664098 478004 238750 714770 313856 689274 365729 156296 496278 400240 630864 274751 395299 473990 404457 116909 999999999 738702 172412 370021 412956 153783 302427 664053 290933 371324 355591 46354 573132 311402 240935 160741 224092 240320 669686 551842 601026 491094 288777 567175 437293 254378 544711 442100 640934 507782 613503 414837 313265 426801 488095 628745 69368 679400 234012 192233 416700 427461 563069 457956 486295 491663 697769 460465 237566 380540 434256 760040 712943 281265
565596 284848 988840 104406 951819 712037 764415 128202 902333 689128 407507 158325 838610 1098585 488002 857488 718627 991267 731267 328387 179176 422647 917948 820464 231951 673283 792508 826627 987074 872894 81234 439139 502977 173441 446569 49907 989243 762538 324882 486820 834456 1012003 1052882 681940 941702 827514 738702 999999999 907955 368695 894442 586767 695240 167952 770925 593143 958055 707285 200201 958581 922825 684879 961395 760981 80144 383969 703610 479586 947774 474431 816365 490892 201106 328075 528548 230926 830325 330748 767858 627637 384607 130174 749804 663373 935431 867985 606525 737054 1270074 874591 956708 277272 732001 653066 538009 724401 822970 771179 125333 458734
625999 633122 185476 918409 209270 445365 568179 824676 105993 448436 528843 842176 69420 313076 595927 301445 329712 220738 231602 704695 920746 485332 201527 696675 783722 713489 328564 166570 271710 407913 834605 640781 410830 887141 485964 858845 270281 200484 648004 528321 663207 104298 269364 595913 353103 143641 172412 907955 999999999 539612 389033 321201 368226 824024 379072 470903 277880 200749 735727 286039 209335 299165 84287 332408 840455 688627 667931 612377 260809 686592 518348 426751 716031 601547 749907 677362 644977 586739 342883 560741 655599 800331 163848 761500 107185 128588 508550 533343 397348 520223 448366 652774 765113 588735 386822 488703 446989 824103 885223 449239
375377 117507 626089 384147 593505 437756 539820 291268 535794 396146 127896 327940 470211 751643 307077 517732 382675 640505 379724 247802 400066 54911 559916 642865 279495 538814 474740 471232 635259 558542 295216 274774 137488 366655 114281 319355 647368 407793 196356 247176 638855 643506 703926 458989 622580 462375 370021 368695 539612 999999999 589490 218508 387308 311662 452654 327462 620459 339228 217121 611084 565634 334839 593089 428496 301369 296824 537905 312534 596833 367648 543050 129640 179298 120588 454348 137819 627678 67148 454344 391828 240148 263974 383757 558340 573190 508605 364556 478356 910313 594612 661683 149204 609997 430046 190344 447692 543057 668299 354554 91525
858975 619041 573751 947024 596737 190270 235233 861834 489573 736726 495587 771798 380902 274602 429711 661500 627766 227414 259928 829255 979453 543571 584094 339335 868453 414767 117823 238624 659998 765328 843656 815904 529106 947380 613032 853980 179344 257645 571703 408939 299877 433690 251872 876137 67428 490224 412956 894442 389033 589490 999999999 440610 203743 754376 703641 303238 144884 386083 694457 670831 592458 568217 467818 652913 852401 547890 357477 443760 645390 493503 850163 549427 752360 571460 516518 697979 282311 656064 135346 821291 803624 830263 343612 465960 296452 262131 302114 837739 480716 868409 76498 619081 442006 858507 403340 790917 98152 490129 925625 513879
419692 315567 422917 599999 399186 347410 478666 506384 326089 328539 227069 528599 251843 550548 355912 359213 251728 437760 189756 411772 608215 164131 367319 605121 476088 550774 323760 268045 450172 432187 513685 379166 99341 574451 184949 537646 454084 209300 347871 277182 587257 425245 501731 451035 455503 258040 153783 586767 321201 218508 440610 999999999 267159 510864 336376 283900 432957 120728 419479 433734 374345 185750 377869 294176 519715 414028 526693 369684 414777 444376 467718 119025 396142 289683 525212 356182 571797 269112 312134 390248 374822 480783 167204 586971 359175 298843 332158 430703 696506 504707 517049 338446 618229 429441 105093 386897 426798 681106 568276 128144
683532 416480 542237 744287 545771 87484 223028 658358 441638 590078 292478 580829 324976 419326 258406 566999 496140 326019 144504 630345 775749 343637 523105 354891 665482 346089 97986 207710 608346 660477 641627 626233 341956 743642 421549 653342 307276 169817 376793 217010 330419 452770 379316 717884 246467 410424 302427 695240 368226 387308 203743 267159 999999999 562881 579372 121030 272122 260715 496310 607271 531639 430366 451821 530982 650215 371617 303763 274562 583109 340262 720845 361491 548639 369475 390386 494387 313578 454247 72664 657401 608873 626923 242465 393445 322748 255435 145892 692952 613345 750048 274444 418402 401402 696585 206268 647630 162396 462418 722244 316406
612562 197408 931575 262261 902291 566721 605559 230952 836771 691917 296856 18386 756317 978114 332717 829154 693051 875824 623349 390031 329947 356310 869008 654618 322713 505949 660812 719405 946089 864767 172915 485711 446907 313022 417200 153910 866641 656574 186982 346722 670229 927900 934794 720075 806800 766542 664053 167952 824024 311662 754376 510864 562881 999999999 759096 451248 833114 626000 94547 922581 875071 646496 887501 738477 181683 221284 538036 322202 907921 308667 832836 441043 215189 222578 360600 200984 666987 304991 635020 657705 431186 207331 660696 495421 834591 764407 457079 759608 1161049 888213 811675 172424 564080 690076 438413 737136 675883 603482 267406 387504
295413 570038 307591 738344 251955 665992 801304 653775 288122 98122 531915 773942 343496 691934 687430 111893 84911 593660 452452 471716 711097 421139 226219 931691 573518 886903 602175 470285 252702 105914 689691 369575 334651 681462 342070 722697 636282 447168 639866 608906 909475 438804 647176 227823 691380 236316 290933 770925 379072 452654 703641 336376 579372 759096 999999999 618916 633580 323347 665491 215251 224959 151722 359389 50773 691418 726766 860829 699991 216829 772240 146641 331737 573170 567114 856090 562938 892840 455578 601146 214161 410504 642074 360274 923323 480526 465070 667130 155878 753251 170800 776271 601805 953759 229212 439715 114655 722590 1016694 699332 403004
669187 326309 633766 651772 629231 119663 213917 571138 530920 610434 209963 468764 418622 539029 137376 627170 534007 447048 239313 575120 690903 296632 602933 328715 593451 268944 214933 320033 689356 710678 546813 591772 327212 660300 392035 554426 427129 270977 268980 106333 317682 562453 499914 722531 356384 487048 371324 593143 470903 327462 303238 283900 121030 451248 618916 999999999 391320 325342 392947 682723 611191 467275 552069 574496 555923 251648 242860 153557 660011 221082 751530 343453 466615 277656 279007 410541 304693 393371 188480 657787 564679 538783 324798 309052 438188 368633 48269 711369 734327 788250 363566 321263 334855 697943 188247 668874 230873 397796 633707 280116
