NAME : synthetic_000575
TYPE : CTSP-D
DIMENSION : 100
GROUPS : 8
RELAXATION_LEVEL : 1
EDGE_WEIGHT_TYPE : EXPLICIT
EDGE_WEIGHT_FORMAT : FULL_MATRIX
EDGE_WEIGHT_SECTION
999999999 526060 405082 719361 475889 713134 848212 592141 828503 832879 550823 524409 537931 526324 724634 266209 946512 665409 146287 125491 679520 573376 514875 812462 561282 427141 527523 745895 305312 493306 71809 816509 906090 34768 964458 989586 365051 190426 658476 677876 420527 817613 761858 704111 373900 326905 478529 632102 633897 180302 220852 409211 833558 402778 376974 661349 799199 904400 509746 643916 366633 279735 808405 167270 254792 286025 605495 573410 847995 526908 854413 673260 193487 918281 879532 981639 693637 449015 203972 572934 346023 626256 498226 526728 277140 616445 872205 251486 413989 691655 643464 266852 347062 652703 849992 723568 303919 576056 73789 627367
526060 999999999 480776 479606 302847 614775 608220 353626 317536 409067 804976 806132 616225 613910 461216 644100 549422 425655 644596 617817 687621 123624 293114 292434 579917 142194 312954 474452 510023 520866 568571 292504 469892 501176 518332 636597 313353 384977 301223 163605 269889 399853 573183 344304 286020 199232 47539 289966 847891 652716 305547 568392 578542 661335 725824 402366 332017 593414 135032 796323 192322 679993 371150 452414 284097 247390 353584 426988 416082 25146 375719 201412 336376 472629 559207 662991 205438 385890 447808 319377 183016 159254 637761 551574 265309 676450 347433 575502 115305 621383 637373 315525 313055 623043 395381 237955 223597 333563 503255 556254
405082 480776 999999999 360030 208426 309708 469129 755957 780520 888016 327658 335078 156836 149383 376258 279587 637304 320720 544707 528099 283242 430817 245640 670761 159431 494753 241130 396824 646578 88461 377553 689472 634206 372084 692629 647073 169964 462934 755470 635278 213549 877711 374579 803383 196310 370923 449166 736309 367313 375011 344009 93204 461979 204023 302090 329340 812468 549381 565545 323245 306423 683177 851104 501234 413894 319695 293366 210536 583175 462822 635262 682005 322274 652973 532555 622155 685475 684022 202023 724220 357089 466652 158656 123525 424596 234212 741871 633477 392151 286721 241906 231221 175669 248412 605750 544755 349160 274381 454842 224623
719361 479606 360030 999999999 253945 190987 138020 831847 664061 843861 604513 630553 360228 368642 30695 639597 292077 59414 865607 844325 321594 361754 226204 489304 294628 583279 207022 42367 879707 303378 712178 518022 322131 684600 372802 287156 358453 699725 775882 565742 317462 839863 99140 814769 357350 519212 482126 767579 594685 729922 566275 429980 116308 540199 649454 77969 745737 190100 611890 508388 430131 977229 802873 758588 610211 503956 134738 151573 288611 454462 379516 645060 566350 344528 172710 265121 631916 831804 524875 797374 491577 353373 423917 298830 607523 363127 553890 901563 471758 219137 285561 464972 377017 257738 329226 366827 515749 163129 747742 198566
475889 302847 208426 253945 999999999 327788 390723 627351 580882 709775 532629 542763 319156 318666 253311 455212 475336 195803 621646 598921 385525 228298 42793 462450 277812 363564 51655 274009 627378 223833 479386 481650 450339 441507 509822 513728 111074 446024 599293 442708 63975 701420 321473 644520 104415 274370 284064 584542 561433 518429 312398 301573 370223 411229 502161 187395 625575 430923 414587 500640 185418 725115 670767 504672 359199 251683 129831 137979 394976 280680 433508 500928 312913 466506 404565 508505 499162 598045 296718 593276 248777 259584 351577 251346 358647 374564 533626 647670 248065 327516 335224 213450 128839 322511 410237 336483 266637 100174 497542 258671
713134 614775 309708 190987 327788 999999999 208145 953430 839841 1005152 454619 487504 228876 240860 221679 565157 462050 213515 854220 837122 138414 510772 324125 673966 171632 691043 303345 229269 929835 224164 687172 701598 508439 679476 555196 422405 396282 743810 915966 727123 385503 999333 118206 958767 408336 597559 604979 903744 426871 675904 612627 341362 219647 432644 543749 239956 911235 320321 737306 335504 510732 988841 964543 792303 671802 564628 268472 190833 478730 590366 570400 799653 601264 531210 321123 374546 790967 923675 509169 919138 573782 516014 297314 197392 675426 198255 740596 930805 575428 36546 117688 497965 412917 90137 520119 547209 585565 282852 758119 85822
848212 608220 469129 138020 390723 208145 999999999 961782 759251 952458 662206 694121 429060 439978 148560 744394 273909 197429 994001 973632 343773 486889 364183 572379 365863 718194 344824 133790 1017422 397593 835959 602795 344559 813478 379570 216035 492252 836745 898890 678033 454543 950018 98030 935434 493077 657194 614617 892478 634241 844045 703057 524679 32762 626982 738487 213823 851611 117095 742233 542134 568147 1110855 911563 894741 748089 641578 272329 274802 333372 583216 437493 761126 701840 367098 128642 166616 744933 968113 649399 927455 629502 470288 497294 382014 745532 406335 629569 1037563 608088 244653 325442 599403 510802 297230 380747 463169 653730 301085 880311 264296
592141 353626 755957 831847 627351 953430 961782 999999999 411842 286379 1048248 1037393 909215 903615 814426 814598 882028 776433 642067 618495 1006584 476242 629873 538044 887867 265671 650930 827996 378386 819438 659870 518598 790373 586635 828616 978472 591792 401825 124596 343234 576182 269523 923301 145445 569420 385274 351108 105948 1110105 767245 441857 826586 932168 890821 919153 754124 311940 943851 219957 1078325 455960 586433 281594 437506 371275 439788 702435 762627 743572 378579 675710 264513 476429 787265 909312 1010814 295153 166756 636196 34522 399509 502796 911915 854727 352297 980235 553442 479404 379769 954845 956796 532490 582179 947416 712096 554669 408584 679547 530903 885803
828503 317536 780520 664061 580882 839841 759251 411842 999999999 219513 1108143 1113207 899111 899243 636430 961586 580392 627277 931535 904851 941815 352601 555440 194715 852032 403469 570106 640088 734193 804354 877831 164233 476634 807251 493693 691612 620874 663101 288680 154273 567387 224805 762829 288447 593516 508450 362213 306023 1142072 967104 612982 871919 726491 971430 1041433 600714 121863 696000 327086 1080386 509366 932166 184752 724714 575019 561795 575059 674377 450736 327726 351650 167674 646556 464298 662875 743297 140171 544820 765344 393123 497071 329287 931653 829622 553212 947726 167734 821655 431456 856873 893603 633046 623626 873391 405491 297983 535062 568473 793867 803055
832879 409067 888016 843861 709775 1005152 952458 286379 219513 999999999 1208354 1206226 1025257 1022976 818870 1017043 795112 799300 906812 881602 1091064 495064 694674 409178 987575 422147 712875 825941 660543 929836 893826 379932 692169 819660 712242 904830 718729 647035 178636 278691 678855 16868 942748 141758 691886 551774 438986 205558 1255298 995163 641730 973195 920002 1059260 1110955 773285 103081 900635 337953 1205359 587016 868442 41001 696269 584024 611053 736755 825078 661593 429662 566927 208857 678056 681148 866597 953165 214214 450329 823392 285768 551821 491483 1045882 960094 561737 1084304 387107 759388 500166 1016838 1041157 698129 715981 1024670 618399 491244 579592 723448 782005 955872
550823 804976 327658 604513 532629 454619 662206 1048248 1108143 1208354 999999999 42276 244769 237548 630452 288617 896412 588837 643398 639869 327882 758133 565834 993774 310021 799861 557064 646768 850873 321848 487603 1013945 918208 531012 972994 873414 491623 691632 1065481 962040 540886 1197156 567503 1114112 518977 669063 770188 1044138 89594 407619 608640 236817 670287 158644 188205 606845 1136951 770458 877456 151914 621435 808355 1172676 703001 681287 611150 590295 486820 874295 788290 941952 1005090 576299 939300 765710 828818 1010363 947363 415843 1019199 662172 792202 187289 311688 698064 256850 1065091 801698 708367 418103 336946 518626 492795 364984 904707 865338 643205 579626 622348 408093
524409 806132 335078 630553 542763 487504 694121 1037393 1113207 1206226 42276 999999999 270510 261926 655578 259296 922618 611657 610965 608623 364312 765496 577864 1005127 336211 793542 570486 672589 826928 340023 459148 1024334 940572 506463 996182 903503 493507 672498 1059468 965210 546122 1194592 598373 1108199 520971 662057 769656 1037488 128949 374394 596081 242152 700869 147693 153603 628480 1137551 800531 872790 193816 619485 776548 1171287 680259 668134 603399 608442 507007 895156 790466 959421 1004953 562673 961304 794452 860662 1011509 931218 401909 1009110 656939 801682 207891 333985 685766 291228 1076350 774096 706150 451138 369959 511724 493086 397448 924002 877872 635578 595954 596870 436374
537931 616225 156836 360228 319156 228876 429060 909215 899111 1025257 244769 270510 999999999 12874 385779 346942 652298 344542 668153 655085 144196 546729 344199 766988 65701 645726 331285 402373 798161 95615 497419 789552 673853 507440 728330 634563 317980 616568 901990 761711 346985 1016038 331683 949191 341935 525346 589891 884128 249032 465697 500504 130873 433086 204692 315198 363394 943807 531743 712445 181488 455253 817533 987001 650739 570698 475749 351945 246032 630982 595814 702634 816955 477635 695116 524433 594625 816985 840817 343675 876929 509707 573106 68581 71280 581400 79667 838040 777812 538430 194711 120303 388042 327037 141668 662963 636634 504600 345344 595518 166793
526324 613910 149383 368642 318666 240860 439978 903615 899243 1022976 237548 261926 12874 999999999 393736 334068 660696 351291 655991 643082 156765 546692 345038 769340 75063 640679 332770 410664 788246 94890 485247 791558 680665 496021 735502 644510 313087 607163 898037 760768 344259 1013582 342411 945396 337518 519252 586754 879901 246126 452903 492249 118570 443465 192256 302980 369550 942351 541779 708327 182588 450515 805845 984908 640548 562809 468933 356191 250887 637129 593813 707416 814905 468823 701789 533937 605269 815421 833292 333032 871492 504154 574120 57318 75131 573867 90424 840481 766928 534287 206961 133107 380489 321541 154152 668471 639188 498100 348555 584406 176922
724634 461216 376258 30695 253311 221679 148560 814426 636430 818870 630452 655578 385779 393736 999999999 655606 267694 59368 870906 849060 351733 341382 221625 459971 320442 569644 203918 21391 874842 324594 720431 488903 292887 689937 344533 272125 361096 696837 755122 541331 315630 815230 126538 793161 357653 511747 466292 747595 622730 742434 564088 449867 121879 561326 669651 67439 720069 180034 594626 537173 423395 978394 777869 757095 604935 499919 127207 165819 258240 436124 348832 621808 566134 315136 158053 257029 607791 819825 533351 780029 483697 329786 448280 322524 601139 391692 524061 900121 459928 249611 314886 466357 379550 287300 298580 338736 509904 157153 750171 226518
266209 644100 279587 639597 455212 565157 744394 814598 961586 1017043 288617 259296 346942 334068 655606 999999999 913892 599319 356255 351551 488715 640358 497648 892466 394218 594941 500031 676284 570715 347406 199857 905275 902645 251164 961882 926660 363124 427935 855575 807669 428096 1003608 647720 903922 387074 466119 600503 831287 375188 125504 378203 223798 739513 158501 111263 606133 962498 828697 679205 401047 452430 520265 986093 426766 444584 407506 564402 489788 848745 634660 887080 829318 342012 919924 812141 900774 842112 691986 196656 789579 470035 686930 287394 368389 465050 414564 960794 514865 531664 534780 466608 328592 353330 485024 865448 777695 438188 541262 339439 486651
946512 549422 637304 292077 475336 462050 273909 882028 580392 795112 896412 922618 652298 660696 267694 913892 999999999 317773 1090347 1066282 600174 432618 433934 386345 586674 686861 424504 250054 1039155 591745 954437 416339 104071 912805 112111 112801 585501 878840 790755 550180 526278 797046 344398 816484 573279 676517 576213 792418 883182 990771 755554 715604 249768 828027 935242 308057 692253 161707 678540 794434 599814 1175724 756424 944924 777088 685172 351714 428370 138898 528442 228753 637479 767492 119729 145534 173874 613051 935311 771714 850196 648139 390187 715728 590158 766796 650919 423051 1084520 600906 496147 570942 679747 602398 542285 177255 327604 684423 378002 958506 489068
665409 425655 320720 59414 195803 213515 197429 776433 627277 799300 588837 611657 344542 351291 59368 599319 317773 999999999 811690 789934 330715 310760 166874 460908 280672 525475 147926 80742 820530 275298 661098 488260 329375 630699 384527 330488 302339 641009 724138 520614 258920 794530 147573 764148 299803 459803 425862 714867 587791 684095 507756 397883 174865 510635 617471 26564 702959 239401 556574 505795 370719 920365 758412 700382 550937 444883 75826 110681 287283 400534 367045 597417 508661 350574 216906 316336 585976 773158 474059 741923 432188 307845 403766 277714 548135 360446 528297 843401 413244 234616 288606 408110 320841 263028 322179 333694 456394 103748 691630 195982
146287 644596 544707 865607 621646 854220 994001 642067 931535 906812 643398 610965 668153 655991 870906 356255 1090347 811690 999999999 26843 811720 705522 660155 935896 697418 528784 673233 892160 289136 632021 170746 937100 1046716 181025 1104563 1135367 511003 268529 728434 786307 565264 890660 906819 770217 518997 449468 597753 701493 731047 236718 348092 537460 979661 510104 457462 807489 887299 1050638 605303 754722 502027 166077 887366 211057 361398 417845 751374 719229 988458 649008 989248 769179 327471 1058070 1025628 1127900 792834 481622 346779 629721 472382 758605 621748 663946 381745 744767 991880 197316 538093 831185 778650 410883 492904 789901 988118 855532 430229 721816 141476 768728
125491 617817 528099 844325 598921 837122 973632 618495 904851 881602 639869 608623 655085 643082 849060 351551 1066282 789934 26843 999999999 798148 679399 637007 909194 682343 502016 650436 870267 271258 615876 159222 910321 1021687 160173 1079407 1112521 488574 241938 703349 759494 541843 865502 887324 745469 495827 422915 571002 676417 726732 236051 321974 524766 958776 502752 455597 785229 861201 1028597 578731 747204 476411 168821 861801 185445 334561 391957 728730 698836 963407 622323 963301 742679 302043 1032859 1003236 1105955 766229 459259 328460 605519 446000 732476 610607 648428 354902 732393 965078 184130 511538 814807 763994 387310 470359 774482 962622 829335 403894 699048 114820 751465
679520 687621 283242 321594 385525 138414 343773 1006584 941815 1091064 327882 364312 144196 156765 351733 488715 600174 330715 811720 798148 999999999 597981 396447 787818 125198 740915 378250 362253 929650 198574 641060 813805 643007 648238 691462 559387 420017 745355 984702 817277 430773 1083623 256617 1030044 439375 630892 669342 969506 290864 609137 622361 274961 357495 339138 444980 355519 1002194 457932 798668 198395 551470 959250 1051276 784439 689231 587619 368022 267968 609911 664729 696694 882615 603504 665593 459517 508741 877901 954612 481347 973120 611252 612879 201991 161445 697212 77132 856678 915375 627759 104185 50301 506742 433071 68767 649093 658104 613617 373417 734653 139080
573376 123624 430817 361754 228298 510772 486889 476242 352601 495064 758133 765496 546729 546692 341382 640358 432618 310760 705522 679399 597981 999999999 204264 252252 501343 254572 220562 353428 610659 451802 603150 265355 361008 543877 413872 515272 281000 463655 414128 219296 220868 488781 457863 453448 254996 260480 143747 406214 789649 672393 357436 523368 456656 627494 707089 286062 404230 469825 258613 728131 207446 763749 454731 531695 359515 288176 243205 330644 304500 99670 284684 288901 380255 367084 435664 539807 280947 505366 451992 442183 234737 53083 579473 477665 345405 597697 320549 665023 175358 521779 548540 324942 288053 530767 291615 150263 276125 228430 565340 461409
514875 293114 245640 226204 42793 324125 364183 629873 555440 694674 565834 577864 344199 345038 221625 497648 433934 166874 660155 637007 396447 204264 999999999 427941 297106 369920 21209 241568 653756 250490 520504 448503 407561 480705 467046 475743 151575 475226 593410 422643 95826 687176 302631 637286 141182 293665 280881 580322 590157 561067 342717 338226 341488 449459 542606 154368 607069 396061 413181 525131 204290 759379 654995 535911 384076 278373 94802 134232 352191 269463 392268 486168 346383 423716 368398 473620 481902 611808 338885 595494 266478 229100 382102 274243 381371 393435 499260 678887 254804 328625 346487 250043 168663 330653 367857 300009 289548 64574 533670 263196
812462 292434 670761 489304 462450 673966 572379 538044 194715 409178 993774 1005127 766988 769340 459971 892466 386345 460908 935896 909194 787818 252252 427941 999999999 712696 425185 437524 460533 791500 676208 848574 30889 283048 785271 305350 497092 531489 677328 428834 196152 468915 411799 586004 445559 506179 487176 338475 436984 1015457 922710 591962 763957 539705 872215 956586 434805 306687 502933 376635 944747 453781 970439 371089 744575 576374 527342 421664 527232 256174 286916 157788 274919 619558 272146 470342 548664 245705 634197 703900 510896 466492 206632 809479 695782 557743 804793 71324 864124 398913 695294 742170 575322 539599 719118 210789 130735 508716 422722 794423 649223
561282 579917 159431 294628 277812 171632 365863 887867 852032 987575 310021 336211 65701 75063 320442 394218 586674 280672 697418 682343 125198 501343 297106 712696 999999999 622481 281929 336821 804944 73378 527717 736292 609597 529065 663615 569456 297752 620357 872234 719053 315186 979131 268044 918554 318653 508663 557484 855765 308398 507600 497217 170751 368631 262461 373986 300501 902799 466747 684135 232123 431912 840508 948575 660394 564417 463734 293514 186832 567746 558237 642005 778735 478353 631040 458932 530672 776708 830842 360160 854803 490158 523718 132071 36311 572796 96771 783373 792852 511254 140576 82589 381712 309872 93028 600859 581992 490432 289977 613548 102044
427141 142194 494753 583279 363564 691043 718194 265671 403469 422147 799861 793542 645726 640679 569644 594941 686861 525475 528784 502016 740915 254572 369920 425185 622481 999999999 391128 585590 368846 554724 481060 420288 610717 408365 660090 769014 327750 261134 265927 258090 310686 408671 669649 314665 304497 131741 110844 244282 855618 577571 220919 570707 690698 645849 690348 505467 374714 717620 85081 817991 190843 546091 392058 325423 172421 191013 449882 500377 555959 159710 517837 246261 256964 614160 684272 790190 266693 252747 402266 232352 138487 297985 652490 589656 150249 715449 472369 439009 115621 690850 691145 281818 319416 682027 537029 380146 158960 424411 390418 621235
527523 312954 241130 207022 51655 303345 344824 650930 570106 712875 557064 570486 331285 332770 203918 500031 424504 147926 673233 650436 378250 220562 21209 437524 281929 391128 999999999 224248 672685 238889 530706 459038 402989 493154 462375 462134 162716 493220 613597 439606 111780 705608 281784 657237 155224 313875 301642 600751 578576 567631 360219 332704 322781 445119 540800 137157 624324 380178 434004 511514 224408 775304 673034 553177 403266 296964 78577 114039 348714 289084 394307 504622 362563 419941 353351 457779 499667 632800 347215 616538 286889 242146 371989 260682 401045 377764 508817 696204 276007 308467 328493 264415 180488 311895 367024 308344 309085 48620 548477 243821
745895 474452 396824 42367 274009 229269 133790 827996 640088 825941 646768 672589 402373 410664 21391 676284 250054 80742 892160 870267 362253 353428 241568 460533 336821 585590 224248 999999999 894175 343595 741820 489922 280818 711205 330770 251022 382171 716761 766289 549283 336022 822706 126126 803594 378402 530392 481143 759381 636945 763641 584229 469435 105116 580446 689153 87209 726400 158675 608448 550387 442368 999123 784950 777335 624234 519630 146859 186568 249496 449438 343588 630864 586690 303356 136807 235746 615975 836441 554742 793665 502221 339033 465707 340313 620092 405255 523198 920346 476871 259037 327284 487221 400604 299272 291631 342104 529085 177002 771122 240897
305312 510023 646578 879707 627378 929835 1017422 378386 734193 660543 850873 826928 798161 788246 874842 570715 1039155 820530 289136 271258 929650 610659 653756 791500 804944 368846 672685 894175 999999999 731865 375578 783840 971653 320480 1023712 1109509 535639 186094 484572 610142 563403 643751 947295 519038 528491 366532 471995 458486 930659 480029 318229 679679 995245 697315 681833 807404 663374 1043232 418472 929869 452246 208159 648889 149584 269942 375871 747641 756652 915051 524779 885309 566601 329029 977154 1012517 1119663 595321 211632 457461 374795 395236 659356 772340 768648 275453 877690 833136 102416 438307 916761 886474 431870 518140 888673 900779 746987 365190 717850 231574 846525
493306 520866 88461 303378 223833 224164 397593 819438 804354 929836 321848 340023 95615 94890 324594 347406 591745 275298 632021 615876 198574 451802 250490 676208 73378 554724 238889 343595 731865 999999999 463771 697927 602054 460446 658585 588448 227811 547094 808404 666192 252135 920716 300460 855331 250227 438000 495283 791042 339771 453137 423915 127844 394566 236867 346278 290019 848193 487668 619262 276934 363883 771617 891498 587811 491427 391650 268680 167561 555476 500306 620199 721445 404996 622389 474860 556986 721372 758643 290479 786709 420534 479581 134721 37190 500157 160798 747452 721308 445489 199221 154711 308551 238825 159980 583992 546474 418952 257966 543224 141009
71809 568571 377553 712178 479386 687172 835959 659870 877831 893826 487603 459148 497419 485247 720431 199857 954437 661098 170746 159222 641060 603150 520504 848574 527717 481060 530706 741820 375578 463771 999999999 854867 921419 74294 980480 989692 368940 258364 721434 725273 429795 878892 745846 767833 382595 370417 521233 695373 572655 108909 264892 366713 823845 345120 309203 659903 855414 900360 565217 589037 396029 326612 867865 239063 310798 322346 606822 562575 863905 566713 878740 727008 232289 935051 877527 976804 745727 519684 187302 639495 385774 655234 451550 494767 333287 574069 910939 315058 454050 662945 608535 282823 352231 620465 869788 752136 345042 578455 144886 602169
816509 292504 689472 518022 481650 701598 602795 518598 164233 379932 1013945 1024334 789552 791558 488903 905275 416339 488260 937100 910321 813805 265355 448503 30889 736292 420288 459038 489922 783840 697927 854867 999999999 312779 790165 333093 527390 546150 675916 406609 180240 484695 382997 615134 421139 520320 490028 339484 416093 1037550 931647 595675 782656 570099 889779 972048 462016 277830 533822 366597 968136 462033 966363 342285 742613 576351 532754 446718 551619 286935 289620 187602 254292 624429 301234 501220 579359 224220 620826 714836 492491 470663 223150 830554 718466 557060 829112 56175 859064 402532 722310 767705 584958 553406 745055 241312 155707 512620 446456 795748 674979
906090 469892 634206 322131 450339 508439 344559 790373 476634 692169 918208 940572 673853 680665 292887 902645 104071 329375 1046716 1021687 643007 361008 407561 283048 609597 610717 402989 280818 971653 602054 921419 312779 999999999 873472 59488 216527 555642 820445 694456 453347 492287 694474 396022 718134 539300 616326 501685 697609 914913 968284 703790 719344 315407 833323 936151 312190 589495 245967 593762 830021 547023 1120054 653798 887852 716897 632774 340851 434523 58313 451008 125260 540086 719897 22924 220067 274281 514523 854029 744830 759418 588799 313173 732756 606881 704402 684471 319133 1024192 535111 539480 607657 640505 570968 579867 78353 237259 627701 361761 910657 519067
34768 501176 372084 684600 441507 679476 813478 586635 807251 819660 531012 506463 507440 496021 689937 251164 912805 630699 181025 160173 648238 543877 480705 785271 529065 408365 493154 711205 320480 460446 74294 790165 873472 999999999 931988 955148 330589 186097 647140 655503 386634 804689 727276 693560 339870 302050 453660 621086 612375 180648 195739 379731 798792 379836 362425 626749 782233 869732 492116 618598 336611 311443 793916 175700 237216 257975 571035 538678 815453 500865 823673 654569 165764 885930 844950 946950 673914 449599 170400 565770 319564 596586 469806 494252 259720 586328 846040 275572 387846 658406 611412 233474 312668 620097 818210 693871 277891 541657 92195 593676
964458 518332 692629 372802 509822 555196 379570 828616 493693 712242 972994 996182 728330 735502 344533 961882 112111 384527 1104563 1079407 691462 413872 467046 305350 663615 660090 462375 330770 1023712 658585 980480 333093 59488 931988 999999999 219494 615045 875583 727916 487612 551568 715863 440179 748577 598538 671445 552338 732883 967255 1027761 760633 777062 352715 890952 994406 368575 610731 271844 638314 881152 604016 1175511 675177 943224 771759 689632 399402 491258 116614 500647 153201 572884 777454 46946 251395 284386 545789 899861 804254 798581 644220 364356 788292 662233 758669 735926 329472 1078512 588882 587438 657983 699240 630304 629842 123109 281767 683650 420816 967942 571023
989586 636597 647073 287156 513728 422405 216035 978472 691612 904830 873414 903503 634563 644510 272125 926660 112801 330488 1135367 1112521 559387 515272 475743 497092 569456 769014 462134 251022 1109509 588448 989692 527390 216527 955148 219494 999999999 624559 941166 892516 653528 571388 906225 306185 920450 616814 743319 658346 892568 849261 1014500 812756 715917 203336 824327 934617 329801 801803 102981 769178 757568 660963 1232786 865720 1005233 842417 744185 384119 437394 243826 614053 340181 740970 820318 232489 114522 68575 717830 1020622 803295 945842 714610 478574 701424 579802 834453 619537 535659 1147080 674422 458609 538341 725786 642528 509718 286552 427989 747701 413554 1009160 467773
365051 313353 169964 358453 111074 396282 492252 591792 620874 718729 491623 493507 317980 313087 361096 363124 585501 302339 511003 488574 420017 281000 151575 531489 297752 327750 162716 382171 535639 227811 368940 546150 555642 330589 615045 624559 999999999 350502 585983 471748 65525 708195 414422 633738 27464 210990 279744 567266 536744 413521 217432 255113 474344 350557 426110 296678 645344 540178 396054 492070 137455 618905 682219 404409 275766 169684 240448 222337 499009 297014 526640 513790 210826 570581 514674 617633 518750 535227 189258 559239 192729 325042 328588 263610 280618 388562 600934 546541 222328 386829 371633 107288 18572 367059 509728 414597 193915 211118 389368 315606
190426 384977 462934 699725 446024 743810 836745 401825 663101 647035 691632 672498 616568 607163 696837 427935 878840 641009 268529 241938 745355 463655 475226 677328 620357 261134 493220 716761 186094 547094 258364 675916 820445 186097 875583 941166 350502 999999999 470706 519191 382282 631392 763767 515433 344882 204153 339896 444061 766259 366495 133915 502699 815841 534093 537669 629584 620786 869261 336793 756849 280319 300131 624698 68172 104148 197670 569910 572331 762539 393025 747328 500801 143004 828638 839799 946425 524305 264729 282341 382573 231717 515677 595335 584047 120136 695729 729641 206036 288772 730685 701466 245880 332760 703057 754516 609843 194442 539767 135145 660431
658476 301223 755470 775882 599293 915966 898890 124596 288680 178636 1065481 1059468 901990 898037 755122 855575 790755 724138 728434 703349 984702 414128 593410 428834 872234 265927 613597 766289 484572 808404 721434 406609 694456 647140 727916 892516 585983 470706 999999999 241110 557153 162308 871590 48759 560716 397540 315379 26944 1119550 824956 477460 834755 867840 911776 954092 699895 187824 868049 189939 1078044 449058 691823 164349 518167 414741 456583 653721 727588 651924 325809 574858 155050 513764 688968 833296 930592 183177 277119 666153 112828 403347 429473 914032 841554 392990 967626 436715 582163 363829 922022 934408 547745 579952 921575 616294 464556 424418 634592 605240 855948
677876 163605 635278 565742 442708 727123 678033 343234 154273 278691 962040 965210 761711 760768 541331 807669 550180 520614 786307 759494 817277 219296 422643 196152 719053 258090 439606 549283 610142 666192 725273 180240 453347 655503 487612 653528 471748 519191 241110 999999999 421798 274156 664449 266928 444287 355155 207940 245278 1000277 813252 460419 725257 645922 821814 888924 494622 184977 635461 191867 943126 355835 799644 237833 583292 426458 407738 458652 549820 411539 175505 334414 87448 493435 448024 600844 694496 66926 440831 611288 315186 342992 212833 789495 693943 405223 815682 224487 690472 277183 739800 767819 479079 473242 750006 375206 226221 381445 446527 646857 680509
420527 269889 213549 317462 63975 385503 454543 576182 567387 678855 540886 546122 346985 344259 315630 428096 526278 258920 565264 541843 430773 220868 95826 468915 315186 310686 111780 336022 563403 252135 429795 484695 492287 386634 551568 571388 65525 382282 557153 421798 999999999 669345 385059 603708 47210 212737 243173 540583 579097 478355 248847 304536 433645 406710 487673 248931 600214 491621 369003 526516 125241 663743 641037 441545 295387 187744 189977 198584 435236 250562 461125 471196 250853 506705 464194 569209 473119 538243 253701 542548 188317 262289 368501 284501 295303 410497 538929 584576 196990 382088 380803 154569 78999 371348 444772 350034 203471 159731 437873 311642
817613 399853 877711 839863 701420 999333 950018 269523 224805 16868 1197156 1194592 1016038 1013582 815230 1003608 797046 794530 890660 865502 1083623 488781 687176 411799 979131 408671 705608 822706 643751 920716 878892 382997 694474 804689 715863 906225 708195 631392 162308 274156 669345 999999999 938603 124906 681466 538782 428547 189248 1244904 980573 627751 962344 917647 1047476 1098113 768631 105167 900110 324852 1195842 575724 851673 40715 680215 569392 598128 731100 818198 662678 420932 569333 201009 664103 683943 865944 953670 208629 433482 810364 268965 539414 486926 1035784 951299 547154 1075810 392523 742670 488803 1010477 1033632 685748 705111 1017495 620053 489985 566548 717206 766296 948936
761858 573183 374579 99140 321473 118206 98030 923301 762829 942748 567503 598373 331683 342411 126538 647720 344398 147573 906819 887324 256617 457863 302631 586004 268044 669649 281784 126126 947295 300460 745846 615134 396022 727276 440179 306185 414422 763767 871590 664449 385059 938603 999999999 911307 418982 594824 572356 862435 544119 749497 629919 427106 102859 528952 640458 171802 844822 203439 703602 453311 505365 1029353 901769 818831 680405 572558 220909 192224 371430 548071 468647 743069 625247 418932 202928 262960 730458 914332 560566 888781 568291 451831 399721 284047 680116 313459 649218 960821 555846 153512 232265 521463 432701 203586 415415 465250 588086 245245 797928 166312
704111 344304 803383 814769 644520 958767 935434 145445 288447 141758 1114112 1108199 949191 945396 793161 903922 816484 764148 770217 745469 1030044 453448 637286 445559 918554 314665 657237 803594 519038 855331 767833 421139 718134 693560 748577 920450 633738 515433 48759 266928 603708 124906 911307 999999999 608290 446294 361164 72862 1167855 871936 525745 883121 904028 960508 1002715 739506 175472 900289 237901 1125723 497041 727060 136857 560807 462345 505342 694856 771275 678120 368463 596305 179507 562013 711297 865567 960900 203619 308578 714819 144282 451950 465168 961993 888204 440737 1014191 445819 618348 411449 965684 979743 596477 627973 966410 640479 492964 473176 676640 649418 900246
373900 286020 196310 357350 104415 408336 493077 569420 593516 691886 518977 520971 341935 337518 357653 387074 573279 299803 518997 495827 439375 254996 141182 506179 318653 304497 155224 378402 528491 250227 382595 520320 539300 339870 598538 616814 27464 344882 560716 444287 47210 681466 418982 608290 999999999 192247 252929 542388 563442 432582 210980 282381 473639 377933 452451 291795 618031 535252 370884 517456 113656 620741 655229 401671 264249 156491 233796 228282 482131 269565 505720 486621 209000 553544 508571 612846 491386 518267 207799 536559 171879 300049 354749 285308 267108 410965 575309 544495 196887 401038 390376 109192 33880 384250 490869 390905 177689 203781 393266 329799
326905 199232 370923 519212 274370 597559 657194 385274 508450 551774 669063 662057 525346 519252 511747 466119 676517 459803 449468 422915 630892 260480 293665 487176 508663 131741 313875 530392 366532 438000 370417 490028 616326 302050 671445 743319 210990 204153 397540 355155 212737 538782 594824 446294 192247 999999999 151693 375438 726798 459024 106336 442295 633214 514372 559371 444520 497252 677106 213936 693052 89499 504114 520111 271824 100760 59419 385141 411241 558470 200510 544996 364821 138297 624499 646125 753309 380125 326483 271619 354033 28717 313041 526677 474226 91148 598324 545546 408477 88625 592243 582241 150488 199184 576496 550564 408626 27932 356109 308127 521159
478529 47539 449166 482126 284064 604979 614617 351108 362213 438986 770188 769656 589891 586754 466292 600503 576213 425862 597753 571002 669342 143747 280881 338475 557484 110844 301642 481143 471995 495283 521233 339484 501685 453660 552338 658346 279744 339896 315379 207940 243173 428547 572356 361164 252929 151693 999999999 300537 816371 606216 258012 534420 586125 623766 684622 404190 368277 608714 132435 768425 151317 636690 402619 407676 237986 200612 351448 414878 446273 53606 413810 235312 288985 506030 575080 680532 243613 362586 403907 316591 136005 188513 607337 527523 219853 653334 394626 533544 69243 608858 619052 272106 277405 606534 429255 275331 176202 328477 456338 541662
632102 289966 736309 767579 584542 903744 892478 105948 306023 205558 1044138 1037488 884128 879901 747595 831287 792418 714867 701493 676417 969506 406214 580322 436984 855765 244282 600751 759381 458486 791042 695373 416093 697609 621086 732883 892568 567266 444061 26944 245278 540583 189248 862435 72862 542388 375438 300537 999999999 1099332 799221 453086 814428 861754 889808 930511 691029 210449 865053 171782 1059255 429981 665509 190462 491253 389483 434197 643464 714551 653523 314894 579682 162073 489322 692982 830317 928941 191879 252084 642784 89346 382410 424706 894703 824611 367879 950753 448888 555713 345703 908859 919245 525871 560654 907045 619289 465196 402008 623442 578502 842103
633897 847891 367313 594685 561433 426871 634241 1110105 1142072 1255298 89594 128949 249032 246126 622730 375188 883182 587791 731047 726732 290864 789649 590157 1015457 308398 855618 578576 636945 930659 339771 572655 1037550 914913 612375 967255 849261 536744 766259 1119550 1000277 579097 1244904 544119 1167855 563442 726798 816371 1099332 999999999 496005 675082 284923 646412 233393 277543 608514 1179212 747136 930071 93179 671374 895451 1218415 781824 748073 670531 600659 494321 875053 829464 950361 1049220 644460 936772 746369 799584 1052135 1017210 486079 1079966 717145 819163 210784 320279 763537 232264 1086606 885316 757949 390802 312642 577699 540652 341416 909052 885309 702117 594350 704299 396235
180302 652716 375011 729922 518429 675904 844045 767245 967104 995163 407619 374394 465697 452903 742434 125504 990771 684095 236718 236051 609137 672393 561067 922710 507600 577571 567631 763641 480029 453137 108909 931647 968284 180648 1027761 1014500 413521 366495 824956 813252 478355 980573 749497 871936 432582 459024 606216 799221 496005 999999999 357244 337544 835979 283945 220816 687081 952127 920013 662499 526206 469635 402624 967809 347423 411183 405653 639127 578353 912127 647951 937904 821685 322024 983736 900447 994457 838596 628560 224783 746071 470382 722739 409582 478650 433430 536500 987807 411133 537416 647582 583681 347543 399442 600034 923122 817930 432101 612964 252021 594130
220852 305547 344009 566275 312398 612627 703057 441857 612982 641730 608640 596081 500504 492249 564088 378203 755554 507756 348092 321974 622361 357436 342717 591962 497217 220919 360219 584229 318229 423915 264892 595675 703790 195739 760633 812756 217432 133915 477460 460419 248847 627751 629919 525745 210980 106336 258012 453086 675082 357244 999999999 397625 682488 450362 478971 497021 595008 738050 305999 653787 156807 420630 612657 193283 72994 71017 437517 438680 645501 306062 641426 464482 36384 713837 709272 815441 481927 343808 194388 414650 125542 410516 488229 461104 89696 578195 651353 336187 193197 601058 576706 116100 200064 576224 642196 507457 83254 407285 208248 530276
409211 568392 93204 429980 301573 341362 524679 826586 871919 973195 236817 242152 130873 118570 449867 223798 715604 397883 537460 524766 274961 523368 338226 763957 170751 570707 332704 469435 679679 127844 366713 782656 719344 379731 777062 715917 255113 502699 834755 725257 304536 962344 427106 883121 282381 442295 534420 814428 284923 337544 397625 999999999 522321 114045 219797 409858 900407 615410 645457 256230 387291 688297 937038 530678 470207 386810 379726 287575 669953 551505 725927 768880 370065 738797 602072 684804 773706 741431 222218 795997 432228 559783 92746 144870 483989 207676 835073 652822 474127 311291 246329 294304 257234 262618 694576 637753 418075 363137 469416 263674
833558 578542 461979 116308 370223 219647 32762 932168 726491 920002 670287 700869 433086 443465 121879 739513 249768 174865 979661 958776 357495 456656 341488 539705 368631 690698 322781 105116 995245 394566 823845 570099 315407 798792 352715 203336 474344 815841 867840 645922 433645 917647 102859 904028 473639 633214 586125 861754 646412 835979 682488 522321 999999999 627336 738514 188724 819057 100738 712882 555144 544569 1093236 879122 874885 725512 619710 248125 261284 302048 553610 405702 729287 682639 338109 104559 162712 712837 941400 636755 897900 605272 438864 500669 381881 722245 416227 597155 1017866 581650 255611 335028 581077 492916 306388 349183 430489 630736 277560 863412 266590
402778 661335 204023 540199 411229 432644 626982 890821 971430 1059260 158644 147693 204692 192256 561326 158501 828027 510635 510104 502752 339138 627494 449459 872215 262461 645849 445119 580446 697315 236867 345120 889779 833323 379836 890952 824327 350557 534093 911776 821814 406710 1047476 528952 960508 377933 514372 623766 889808 233393 283945 450362 114045 627336 999999999 111580 523341 991986 722797 725234 244621 473045 671264 1024634 548431 522875 455763 493756 400772 783995 646530 839054 859041 417755 852823 711214 790029 866418 788754 257210 862194 509354 666632 138245 245457 539910 262814 943035 654159 559451 399162 324212 364032 348621 346359 808392 747643 487936 476855 471969 362814
376974 725824 302090 649454 502161 543749 738487 919153 1041433 1110955 188205 153603 315198 302980 669651 111263 935242 617471 457462 455597 444980 707089 542606 956586 373986 690348 540800 689153 681833 346278 309203 972048 936151 362425 994406 934617 426110 537669 954092 888924 487673 1098113 640458 1002715 452451 559371 684622 930511 277543 220816 478971 219797 738514 111580 999999999 628740 1051143 833432 773297 320045 533728 623182 1078495 537998 547966 499993 595384 506961 885257 713809 934732 917583 443441 955033 821137 901226 928102 800915 288119 893059 559747 749962 247520 356732 567578 367911 1026537 624031 617153 509905 433683 414169 420217 456709 907191 835746 531684 576276 450417 474372
661349 402366 329340 77969 187395 239956 213823 754124 600714 773285 606845 628480 363394 369550 67439 606133 308057 26564 807489 785229 355519 286062 154368 434805 300501 505467 137157 87209 807404 290019 659903 462016 312190 626749 368575 329801 296678 629584 699895 494622 248931 768631 171802 739506 291795 444520 404190 691029 608514 687081 497021 409858 188724 523341 628740 999999999 676711 243620 534174 527806 356032 912347 732377 690140 537497 432547 59777 122773 267602 377222 343845 571916 499707 332824 218227 321169 560137 754507 473546 719638 416551 281801 420767 295181 533767 382851 502460 833146 394429 260520 312531 400829 314978 287475 300565 307287 442480 89817 684895 219482
