NAME : synthetic_000873
TYPE : CTSP-D
DIMENSION : 100
GROUPS : 8
RELAXATION_LEVEL : 1
EDGE_WEIGHT_TYPE : EXPLICIT
EDGE_WEIGHT_FORMAT : FULL_MATRIX
EDGE_WEIGHT_SECTION
999999999 321938 532521 538994 918679 457179 1087706 493300 492991 597834 884646 558919 578982 909426 231514 607509 1052273 522668 725571 240399 674252 629797 318291 470827 682472 551342 231054 897208 701432 412636 589869 460033 474447 719694 313551 1128670 1050425 891807 36985 194187 329044 313711 738613 1048608 490075 774343 241289 674724 569254 775096 497630 775229 732953 910573 444573 811962 636316 656571 403960 931097 610614 984987 172781 262023 724376 557191 938717 430011 857798 388821 80859 931499 399635 137252 317874 355277 931993 800912 613639 357178 770759 391668 648670 801582 408282 652888 995821 844093 520246 886274 969806 396368 702156 133583 760841 676697 755644 690133 573952 161523
321938 999999999 211591 436833 598447 454533 788038 188132 179334 537077 585471 254289 272335 610202 254437 351867 754048 217527 465035 82087 636776 519168 321718 179666 603289 364193 91254 577671 383030 91108 345529 300924 215273 525482 396777 840459 758910 636659 358918 138677 203520 277458 437928 739224 328660 472769 217693 446893 397487 593706 324721 490959 642536 629713 207127 505058 325270 379351 298337 615889 609410 664144 218516 380490 440048 440754 683128 164959 539071 315610 361981 611368 97877 191092 431609 77452 676803 568666 411764 235040 642852 134243 447724 544303 136485 528793 689004 523887 275146 564680 681373 278385 421568 363767 464595 459436 442736 469060 373298 219182
532521 211591 999999999 463676 397171 542910 590694 131247 102649 572267 427077 147958 99650 450266 417997 248332 558502 82208 379746 293658 672542 521084 450124 165930 614747 338768 302767 378698 194869 124742 259887 328723 180377 453154 540469 652458 569498 489103 569488 348921 315942 434086 250459 534073 341933 319084 379507 406914 376323 523243 328854 365979 640360 455276 253976 306013 130099 236057 370604 406878 671980 452651 421440 541333 322548 455507 532054 210404 327966 402676 566240 399781 165972 398381 580883 189957 526519 451522 408710 328984 611720 188339 436892 451302 201696 518194 486541 323793 271015 353865 496985 390613 313814 571278 281436 375702 266571 432140 382426 411586
538994 436833 463676 999999999 789191 151436 724971 558363 532096 108630 878303 603111 403934 899555 307863 278202 689397 384267 839718 451338 209598 91597 225198 574528 166525 141935 451779 779858 639530 456926 250627 141051 283806 224876 279258 726600 666962 451246 561965 494795 246785 693851 459083 730362 122029 776998 306490 851471 115129 256863 134889 829344 208492 521585 633902 532136 445276 345776 147409 665612 215066 762758 576558 326095 786168 25878 491170 585758 635840 151441 502770 708732 508943 444107 311360 365137 484762 340034 832821 211155 231984 316811 866697 913695 559619 114106 674275 729263 688656 698599 589895 713343 776619 659360 457651 231160 714556 875979 797569 386194
918679 598447 397171 789191 999999999 903541 430497 432014 427138 889941 201767 372476 400461 203587 813744 512555 419086 443066 377160 678671 979960 814461 836021 462526 904116 647381 688058 25374 218269 507360 539262 679879 541818 672755 928589 524588 458552 552239 955485 726669 705104 741051 345784 336030 680606 217201 775576 468984 678100 726431 664193 287801 911368 451953 526940 297432 348401 449229 739192 230101 1003786 157878 783071 934745 304052 772249 570324 513853 183156 774761 959734 156538 521478 789425 970021 587115 568841 597000 528513 711450 851693 580235 530170 383669 526227 799024 330203 74596 479124 112924 436155 661743 324626 934045 361962 605377 182163 484835 533903 808073
457179 454533 542910 151436 903541 999999999 873772 611984 589794 149403 969276 666819 505260 992008 245835 406569 837924 472215 900496 441173 217130 214154 150090 619368 234718 273653 438457 891445 732532 501725 378299 223686 367840 375620 153907 877696 816883 602642 472351 468798 251877 673456 589989 874736 225315 861983 263670 896791 257435 401215 242171 904400 286722 670673 661546 666313 555143 476060 172511 801368 161918 893657 537482 207574 857414 177261 642565 617517 763116 143415 403758 838379 543371 395890 174954 397982 636170 491470 866056 224529 344727 365537 901803 977945 589380 244533 818258 838516 726644 821483 738944 712506 844276 587736 593064 380402 806787 919996 827809 328700
1087706 788038 590694 724971 430497 873772 999999999 700217 678902 790756 631788 669751 515740 633979 903882 496106 36475 571193 779616 865783 849013 699207 878529 738284 762621 606984 873840 448182 533803 711982 520605 686005 615656 517280 965336 95506 67111 292162 1123112 925597 782230 1022827 350785 95539 667852 619947 873784 860874 616952 531450 652419 699492 744736 203411 824680 284806 464337 435826 759000 217165 906090 275826 1005934 994367 699190 700095 271527 790293 302458 793568 1098436 278745 756576 950977 1005606 735529 275313 398531 904453 768245 661101 696062 916471 803695 787982 671769 111937 449898 808706 339114 135134 968487 713329 1151196 326919 493843 555495 881373 896913 937717
493300 188132 131247 558363 432014 611984 700217 999999999 29503 665982 397903 66690 230887 422693 438888 374821 670159 203806 288625 258902 767496 626260 495037 38105 718115 447965 268088 409048 214163 111690 382924 417750 280272 577716 577267 768858 685822 619518 529509 299184 364279 326526 374154 634181 437456 285425 400870 293360 485524 648256 427198 304113 748725 580367 126413 419682 255340 367200 442296 500933 755484 524535 351058 565755 253740 554599 661874 90769 415244 468584 543504 477546 94546 372888 614244 216853 656465 582285 283532 387797 728458 247654 314348 366645 95598 627484 591665 358344 141578 421742 617237 268716 236883 502124 406197 501332 262494 318081 254196 407133
492991 179334 102649 532096 427138 589794 678902 29503 999999999 640028 407172 78872 202129 431799 424767 345317 648241 174308 311098 254985 741479 598701 476656 63547 690876 419708 264332 404980 209000 94806 353502 391871 252409 548275 560779 745736 662652 591576 529575 299850 344380 344832 348479 615164 410787 294412 386347 320640 457324 618804 400142 319979 720867 554512 152249 396750 228892 338255 419073 483016 731206 511866 357972 551646 270626 527730 634253 111898 398481 446416 539507 463303 94353 368337 598560 198240 628781 553100 312737 366318 699647 224436 343225 388159 110201 599427 571310 352801 171080 409388 592886 292231 255495 509611 380270 471846 264103 345520 283673 398085
597834 537077 572267 108630 889941 149403 790756 665982 640028 999999999 985186 711553 510603 1006158 374111 377389 756357 492625 948202 543261 101535 91809 280494 681147 85751 244468 542589 881727 746590 562999 350948 248233 392434 274007 302975 780959 729100 504777 615867 581336 339050 784181 553190 806384 230635 884819 382056 958764 211914 278935 243423 937834 137598 588743 737817 622679 549616 442215 239699 753376 117913 854115 658414 356176 894779 119282 539133 690267 730675 230879 549653 801388 613549 520251 323699 468142 533256 393819 938375 304459 199075 422299 972622 1022300 663605 121051 751455 832153 794626 795682 656247 810408 885245 725191 548061 306332 821550 983153 902519 456774
884646 585471 427077 878303 201767 969276 631788 397903 407172 985186 999999999 331326 474583 24840 830572 618411 619003 498162 213733 656102 1082142 921212 874323 414841 1014554 741857 665157 183776 238819 501304 641147 750895 602621 805556 962394 725345 656914 724632 919809 691419 739835 650065 485817 537665 759663 112766 791906 308322 777036 867086 744841 126088 1030535 633116 448826 461077 439887 567137 797342 425303 1091599 359377 727542 957100 168907 866003 749188 455074 360739 829736 939707 354813 491888 770005 1001561 600489 746769 750061 379222 755399 982594 612761 370283 193562 476414 911360 529073 196042 381422 300494 627147 559552 193391 871006 510455 731175 163776 317539 396762 804652
558919 254289 147958 603111 372476 666819 669751 66690 78872 711553 331326 999999999 241665 356099 503030 395457 641655 229546 236690 325546 812705 665575 555460 90592 758698 484222 334714 348764 157859 173380 407796 464218 320155 600508 639614 743736 661270 617265 594948 364733 422899 373212 362522 597847 481175 218772 464728 259059 521916 670345 469475 241107 786210 566980 160721 396760 250666 376117 495341 462874 805727 475512 412677 629945 191897 597131 657246 141425 375450 523604 610054 431787 161145 439539 677287 277098 652278 591893 266033 444093 759504 301306 291761 312099 154813 664162 559119 300088 141229 372998 597347 303692 177499 562669 395120 522805 198204 284289 244538 473445
578982 272335 99650 403934 400461 505260 515740 230887 202129 510603 474583 241665 999999999 495654 427199 156596 481716 56359 463002 350434 607930 448992 437798 265080 542891 267790 358678 386979 236096 201309 173438 282060 141593 360898 530848 569565 487464 390794 615334 409962 310884 522205 165793 470037 287011 376013 391008 499625 303734 430025 271555 435379 563267 364077 352392 233949 59167 136486 338814 353511 618003 419723 490540 541668 397596 391436 434481 307261 287054 374303 600547 363886 253590 441787 572635 223707 428788 352259 506191 313049 526544 195241 533183 529580 295506 441868 418265 333504 370301 330980 411291 485926 393060 635560 193652 282890 310982 524809 481130 439990
909426 610202 450266 899555 203587 992008 633979 422693 431799 1006158 24840 356099 495654 999999999 854962 637823 622549 520468 233035 680932 1102712 941232 898128 439677 1034396 762489 689990 188009 260499 525841 660953 773048 624990 822966 986414 728174 661458 736456 944566 716234 763619 673490 501293 539246 781359 137445 816280 326854 797415 883740 766409 147797 1049635 643011 473152 473368 459516 585301 820240 430893 1113184 359687 752076 981435 192357 886918 759801 479795 370012 852825 964547 359001 516707 794839 1025674 624735 757572 764938 398839 778859 1000492 636423 388417 206109 501211 930904 533247 206727 405234 307232 634549 582569 216743 895255 525078 749134 185583 334802 417684 829379
231514 254437 417997 307863 813744 245835 903882 438888 424767 374111 830572 503030 427199 854962 999999999 408950 867573 375711 719453 212898 459221 399035 96023 433921 456768 329027 207720 796160 610778 329980 386626 236912 294928 493183 144913 933184 859184 680597 256569 227892 121907 430856 567111 878521 265141 718105 38773 697404 342531 545692 275040 743000 506026 713985 453212 645159 486149 468390 174317 775120 407315 846891 291813 126918 692537 325697 726694 416460 713944 157308 206249 790972 352213 150070 177433 231073 719922 582665 655133 138384 539823 234515 691704 798728 388230 421555 823035 741194 525941 756784 777648 478636 674900 352697 583258 457321 678446 718492 615159 83293
607509 351867 248332 278202 512555 406569 496106 374821 345317 377389 618411 395457 156596 637823 408950 999999999 459675 171090 619594 413486 468879 304682 384318 404658 397021 136595 419499 504531 384025 312474 28281 194485 139474 205068 473749 524904 450234 288550 640990 473401 288214 626317 183455 479187 182911 526323 380785 654408 165572 274946 166138 589601 412300 305611 486721 260056 178592 69510 266463 395322 491714 487464 561303 499385 553387 260040 335598 438288 358413 302344 608273 432560 371399 475113 515007 279923 329038 217928 656538 272263 370690 227064 685173 685628 420452 293102 422633 455694 516391 420403 368699 607675 549463 691338 187952 127389 457187 679633 628859 450271
1052273 754048 558502 689397 419086 837924 36475 670159 648241 756357 619003 641655 481716 622549 867573 459675 999999999 536907 759441 831372 816046 664940 842056 708259 729716 570695 839360 435271 509291 678994 484137 649541 579790 483287 928902 107791 46416 260650 1087595 891322 745958 991483 316327 94307 631451 601216 837588 838828 580957 499563 615995 681282 712950 168104 795197 252523 431219 399645 722535 197506 872052 268524 972173 957892 678681 664607 243391 759885 279645 757122 1062457 264246 724470 915657 969197 700633 246666 365126 880389 731840 630108 660605 893473 786527 756856 637786 90834 432849 781363 322130 100124 938739 691946 1116885 291728 458238 534802 859815 871648 901830
522668 217527 82208 384267 443066 472215 571193 203806 174308 492625 498162 229546 56359 520468 375711 171090 536907 999999999 461873 294623 592317 439292 393014 233795 533075 256806 302762 427672 260407 152674 179736 252813 104546 374239 485524 623070 541400 432455 559049 354424 262542 474464 220600 526388 263300 393688 338777 487977 294291 444690 249436 445320 558207 414341 317400 290197 114232 172699 301753 409319 594913 472634 436026 493103 403268 374993 477492 269872 340844 335868 545084 417153 208645 385495 526978 167394 471521 382523 486309 268630 529979 141754 515731 532907 254514 436039 474500 373163 345382 381078 464182 444528 395373 580010 247094 297571 334950 513178 457959 384931
725571 465035 379746 839718 377160 900496 779616 288625 311098 948202 213733 236690 463002 233035 719453 619594 759441 461873 999999999 519509 1049295 900626 781945 286163 994111 718485 527524 352926 265788 399818 635379 700890 556396 823206 861279 867075 790106 801894 758236 540650 652585 457488 543078 691772 717738 162189 682623 95106 756062 891437 705825 91633 1020079 729981 281811 549277 453850 588072 730157 562646 1041939 527506 557668 845115 81010 833366 835788 306582 480582 757082 790256 504863 367447 628560 896622 504898 831888 797706 165812 676416 988884 535471 157412 79287 333655 897911 669176 333369 205461 442102 742587 363248 73176 690439 573996 745220 224716 107941 186933 675837
240399 82087 293658 451338 678671 441173 865783 258902 254985 543261 656102 325546 350434 680932 212898 413486 831372 294623 519509 999999999 639311 539167 296503 242489 616524 402810 9392 657478 462067 172267 403111 326528 274040 570768 357605 915358 834497 701552 277342 60667 204988 242554 515058 819271 356817 543987 182347 488649 432292 636329 356629 555068 659810 701968 243871 584149 405017 448670 305109 697132 601519 746230 147820 331865 503774 459774 748454 212932 620937 313256 284783 693419 164408 113994 387664 134679 741975 626151 443065 240418 670753 186694 479683 598441 186305 553039 768386 604075 318983 646704 755928 271338 483568 285581 540539 510615 519011 508776 402885 156686
674252 636776 672542 209598 979960 217130 849013 767496 741479 101535 1082142 812705 607930 1102712 459221 468879 816046 592317 1049295 639311 999999999 165796 363417 782642 86422 340288 638104 972937 844006 664432 443634 349746 493162 335421 366170 829178 784884 557721 688731 674463 436657 878509 638629 873622 331559 983256 471758 1060298 305470 319878 343822 1037635 117328 651055 838639 704403 644351 530753 338558 831595 85476 935058 748478 420332 995085 217379 586438 791295 815509 326072 618867 883815 714638 608222 377476 568893 581173 451037 1039634 402784 204511 523680 1073968 1123093 764487 185173 820228 924562 896003 882340 716742 908228 985902 804810 630415 383104 918798 1084685 1003615 542514
629797 519168 521084 91597 814461 214154 699207 626260 598701 91809 921212 665575 448992 941232 399035 304682 664940 439292 900626 539167 165796 999999999 313957 645765 93999 182617 540087 807773 684225 530441 280409 218385 346380 182227 358637 689280 637359 413000 652065 584428 335857 781646 472859 716417 192384 824987 398078 919341 145563 190849 200110 882746 123914 497541 710505 539305 481850 365239 237745 667839 207475 770344 667130 408530 842175 79394 447728 661595 649845 243008 591310 718644 585070 535565 386382 444969 441794 302013 905614 300238 141007 393233 938537 972198 636484 31060 661874 759922 761005 716548 564860 797180 834664 750874 465096 219094 758573 944201 871721 477762
318291 321718 450124 225198 836021 150090 878529 495037 476656 280494 874323 555460 437798 898128 96023 384318 842056 393014 781945 296503 363417 313957 999999999 496252 364474 279002 292850 820633 644924 383396 358497 192842 296859 429981 93130 898516 828785 634859 338657 319829 134519 524174 557823 863110 214358 763379 115215 768574 283101 475258 228255 796469 414714 681461 527556 636692 494434 450186 120008 770560 311883 851447 387405 116220 747278 246229 679412 486676 718014 88238 277614 795228 416378 245917 135053 278501 672682 530488 731817 124775 454782 262038 768103 860754 458200 339024 806674 766022 596861 767858 747709 566848 731623 444697 569019 406610 716335 790773 692565 179241
470827 179666 165930 574528 462526 619368 738284 38105 63547 681147 414841 90592 265080 439677 433921 404658 708259 233795 286163 242489 782642 645765 496252 999999999 736543 470113 251331 439018 246098 118715 411042 433482 301967 605747 575157 806927 723885 655008 506507 276942 368826 289591 411517 671884 455023 303685 396750 278594 507375 676368 445814 313016 768981 617667 88879 457752 292242 400788 452301 538387 766706 559846 322118 560148 261801 572318 697773 53686 452395 476455 524937 513662 81793 355893 610788 221445 692288 614915 260036 394889 752289 259395 292792 365300 64254 648559 629630 389604 115520 457024 655099 230622 242452 472105 443440 530173 288628 302552 227744 395458
682472 603289 614747 166525 904116 234718 762621 718115 690876 85751 1014554 758698 542891 1034396 456768 397021 729716 533075 994111 616524 86422 93999 364474 736543 999999999 276552 616565 898203 777912 620143 373446 305048 438939 250144 388518 743116 698462 471302 701083 657798 411547 858737 560369 788036 281590 918850 462277 1011420 239561 233747 290967 976742 52014 565017 798843 623710 574889 455487 311447 749006 156551 853459 737191 441848 936086 164484 500286 750318 736243 308248 635274 803035 673564 600842 408157 531006 494971 364800 995958 376125 125917 481250 1029289 1065966 724615 105093 734958 851161 851447 804099 630499 879829 928435 808855 550332 302056 852145 1036191 961435 538775
551342 364193 338768 141935 647381 273653 606984 447965 419708 244468 741857 484222 267790 762489 329027 136595 570695 256806 718485 402810 340288 182617 279002 470113 276552 999999999 406133 638324 503785 358764 108785 92163 168156 170699 360483 621033 553829 356005 580848 456873 223280 638948 318965 602264 65069 643592 310767 739887 37708 233738 54053 700281 301989 406230 540620 393795 305148 205042 160235 528434 356459 623131 544836 394764 659557 125429 400946 491142 494883 191059 535261 568577 416081 431957 399792 286845 394196 254043 729974 194275 283277 230683 761909 789669 467848 180010 545651 588147 585622 556913 473684 640600 652138 654687 319969 128813 578529 764902 697623 389854
231054 91254 302767 451779 688058 438457 873840 268088 264332 542589 665157 334714 358678 689990 207720 419499 839360 302762 527524 9392 638104 540087 292850 251331 616565 406133 999999999 666870 471458 181592 408651 328596 280025 574614 352150 922941 842200 707759 268003 53935 205095 242178 523078 827765 359068 553091 178194 495676 435110 639792 359308 563746 660270 709194 251021 592483 413513 455616 305127 705910 599174 755374 142112 325404 512446 460717 754700 221002 629916 312187 275518 702503 173569 104865 381615 141517 748204 631444 449242 240661 672439 192495 485868 606387 194611 554431 776751 613462 326436 655921 763483 274222 492137 277783 548364 515236 528340 515610 408978 149201
897208 577671 378698 779858 25374 891445 448182 409048 404980 881727 183776 348764 386979 188009 796160 504531 435271 427672 352926 657478 972937 807773 820633 439018 898203 638324 666870 999999999 195984 486671 530783 667782 527803 670017 912943 541577 473604 557800 933956 704750 688952 716429 342570 354467 669551 192383 757844 444327 669816 725321 653285 264131 906865 459793 502403 299299 336698 442751 725738 242940 994756 178609 760062 917960 279164 763522 577757 490033 187888 761049 939332 171209 499245 768747 954222 568434 575995 598044 503396 696296 849072 563334 505371 361592 502876 793167 345531 54966 453983 120652 447493 636728 299541 910842 360734 601139 157072 460452 508582 788690
701432 383030 194869 639530 218269 732532 533803 214163 209000 746590 238819 157859 236096 260499 610778 384025 509291 260407 265788 462067 844006 684225 644924 246098 777912 503785 471458 195984 999999999 292444 405278 512661 364942 578939 735323 615265 535183 536630 738135 508775 510808 530878 279018 454300 520902 142586 572076 333548 539404 643970 506032 212085 796009 464869 317426 284491 206266 339080 561419 319298 852800 319378 565066 735264 187210 627486 570025 298619 231872 594745 745009 278800 303291 574048 775665 380217 566163 539133 371118 523121 752783 383204 385343 316251 309077 675650 421868 144238 282637 217799 481311 458261 193096 716268 309192 502393 75043 356161 363310 597050
412636 91108 124742 456926 507360 501725 711982 111690 94806 562999 501304 173380 201309 525841 329980 312474 678994 152674 399818 172267 664432 530441 383396 118715 620143 358764 181592 486671 292444 999999999 313273 315936 192481 504913 466382 769818 687309 584793 449592 225122 252776 321863 365597 658059 338627 388622 291543 397304 395322 575190 330368 414253 654124 565229 181883 427308 247779 324755 333713 531594 648030 575309 296805 456848 364440 455684 630039 132382 452398 358512 452736 523282 59232 282090 503913 105186 624030 529496 375965 277225 642031 140836 409780 478138 110118 534873 609625 432811 231737 475054 612184 295235 348285 446551 394583 432388 353999 421255 341350 305999
589869 345529 259887 250627 539262 378299 520605 382924 353502 350948 641147 407796 173438 660953 386626 28281 484137 179736 635379 403111 443634 280409 358497 411042 373446 108785 408651 530783 405278 313273 999999999 167494 130413 194824 447227 546557 473206 302728 622770 462348 266985 621917 211736 505901 154900 547083 359754 666801 139049 265412 138184 608553 390868 327393 490823 288234 201469 97764 239926 423473 464617 515732 550754 473978 571014 232999 349804 441851 386527 275537 587814 460797 372494 459151 488322 271342 343140 223521 665955 249001 353517 216520 695464 702899 422604 270427 449281 481386 524320 448137 391707 607561 566120 677452 215846 119518 479084 692027 637070 431221
460033 300924 328723 141051 679879 223686 686005 417750 391871 248233 750895 464218 282060 773048 236912 194485 649541 252813 700890 326528 349746 218385 192842 433482 305048 92163 328596 667782 512661 315936 167494 999999999 148776 259914 279924 706039 635944 445788 489080 376721 134111 567543 374323 673395 31146 646176 219018 710636 110629 318536 38131 694486 342063 488648 493800 452515 331479 262658 72999 587665 343285 675215 463151 309015 649907 140822 491332 445350 543176 108078 443124 619403 368566 343806 320876 226661 484565 345850 691882 102936 344601 176246 725679 775793 419567 228334 616774 614962 547645 599412 554878 579167 639277 566266 381931 220498 587467 735088 656835 298732
474447 215273 180377 283806 541818 367840 615656 280272 252409 392434 602621 320155 141593 624990 294928 139474 579790 104546 556396 274040 493162 346380 296859 301967 438939 168156 280025 527803 364942 192481 130413 148776 999999999 314384 389987 654225 576214 427859 509059 333929 174399 492190 272638 584751 161827 497417 261413 573024 205513 384132 149441 546356 468484 436434 374107 350335 197576 182124 198368 480460 491774 556004 421860 403376 502527 276998 474856 324575 422517 233305 482940 499808 250982 339571 431878 141075 468329 353878 561824 172406 450668 87639 593860 629935 302467 347238 529799 473870 417470 471005 495418 482051 492814 552866 290616 245082 439491 597926 529547 322062
719694 525482 453154 224876 672755 375620 517280 577716 548275 274007 805556 600508 360898 822966 493183 205068 483287 374239 823206 570768 335421 182227 429981 605747 250144 170699 574614 670017 578939 504913 194824 259914 314384 999999999 498676 508003 455145 231358 748086 626179 393311 802640 327448 538221 229624 721313 478435 859476 150724 70623 222952 788682 244022 316592 684474 381907 373550 239916 319321 501858 388813 607991 714496 541058 754929 199042 268239 635240 497166 343209 698689 559603 564024 602496 533507 448334 262038 119894 860545 362835 179055 391419 889704 887388 614914 154505 484864 627493 719141 567146 383339 796429 752290 825224 311530 78023 649216 884702 831883 558573
313551 396777 540469 279258 928589 153907 965336 577267 560779 302975 962394 639614 530848 986414 144913 473749 928902 485524 861279 357605 366170 358637 93130 575157 388518 360483 352150 912943 735323 466382 447227 279924 389987 498676 999999999 981484 913828 713397 324335 367793 224688 566157 649575 952936 297728 850789 179347 841767 358671 536046 312938 880627 440496 766228 597896 728391 587561 540687 207315 862630 297813 944367 420810 54186 830769 303687 756709 560305 810970 171914 253004 888156 493898 281470 41976 363000 750054 606009 800045 217800 494944 352136 836615 940454 531951 387250 896374 858243 670114 860988 833225 620321 814113 446702 659844 484817 805933 863055 760069 213809
1128670 840459 652458 726600 524588 877696 95506 768858 745736 780959 725345 743736 569565 728174 933184 524904 107791 623070 867075 915358 829178 689280 898516 806927 743116 621033 922941 541577 615265 769818 546557 706039 654225 508003 981484 999999999 83088 276675 1163151 975834 813049 1086537 404234 190964 684605 709006 905681 945893 625315 509369 670287 789069 719276 219301 894722 349176 523095 472104 778542 305289 892799 370988 1058960 1014718 786266 700994 242919 857632 386900 811440 1133050 371031 818005 993402 1020450 782329 248420 388434 986329 795383 632641 738431 1000066 894247 852951 660082 198570 540490 884221 429703 159498 1037522 799301 1200642 376061 499008 642392 967059 976645 974140
1050425 758910 569498 666962 458552 816883 67111 685822 662652 729100 656914 661270 487464 661458 859184 450234 46416 541400 790106 834497 784884 637359 828785 723885 698462 553829 842200 473604 535183 687309 473206 635944 576214 455145 913828 83088 999999999 227233 1085237 894860 738248 1003556 321858 140394 616132 633820 830568 867106 561331 466360 601202 714227 679396 147616 811739 266149 440288 394328 708841 232276 843610 311130 977422 944948 709134 641766 204662 774549 309589 742646 1057083 302458 735131 914585 953531 702039 208601 335639 905903 722126 595190 659345 920431 820318 769886 609375 128366 467731 801946 357764 81538 954469 721336 1119980 294314 436489 565473 888667 895418 897353
891807 636659 489103 451246 552239 602642 292162 619518 591576 504777 724632 617265 390794 736456 680597 288550 260650 432455 801894 701552 557721 413000 634859 655008 471302 356005 707759 557800 536630 584793 302728 445788 427859 231358 713397 276675 227233 999999999 924110 761689 565330 905724 259583 330645 420985 666793 657491 860853 354782 239297 408316 744449 452580 109691 742951 263667 366973 260064 516160 337677 617844 444933 849282 750249 723831 425493 47098 698043 369929 546716 885435 408968 641031 761873 751051 567339 40493 111807 881823 542496 369475 515498 904256 851082 685495 384181 284530 529747 754822 439317 164764 876015 728805 979654 228036 228685 591789 885060 861796 731975
36985 358918 569488 561965 955485 472351 1123112 529509 529575 615867 919809 594948 615334 944566 256569 640990 1087595 559049 758236 277342 688731 652065 338657 506507 701083 580848 268003 933956 738135 449592 622770 489080 509059 748086 324335 1163151 1085237 924110 999999999 230326 359827 337387 774416 1084759 518699 809819 270091 705256 597409 802047 526930 809460 752071 944767 477959 848077 672813 691136 430534 967691 622137 1021927 202307 271147 758738 581079 970930 464879 894626 413249 74882 968401 436051 173557 323938 391661 964191 831785 642738 386595 793052 427071 677364 833709 443647 676062 1031811 880904 553187 923253 1004474 423282 736323 133400 796337 707154 791939 720048 603386 192279
194187 138677 348921 494795 726669 468798 925597 299184 299850 581336 691419 364733 409962 716234 227892 473401 891322 354424 540650 60667 674463 584428 319829 276942 657798 456873 53935 704750 508775 225122 462348 376721 333929 626179 367793 975834 894860 761689 230326 999999999 248614 204726 574998 877848 407549 580616 205132 499729 484754 690604 408783 584491 702897 762625 259206 643326 463758 509314 347408 754409 630599 800424 88730 334194 533341 505311 808634 238371 676865 350520 250404 748333 205921 92475 392795 195263 802136 684923 446828 284199 718899 246365 483232 618431 215172 600186 827423 652180 335866 699966 816431 252725 511785 225604 600778 568015 561622 517911 406288 154914
329044 203520 315942 246785 705104 251877 782230 364279 344380 339050 739835 422899 310884 763619 121907 288214 745958 262542 652585 204988 436657 335857 134519 368826 411547 223280 205095 688952 510808 252776 266985 134111 174399 393311 224688 813049 738248 565330 359827 248614 999999999 447263 445664 756746 165147 629020 92772 645271 244740 452643 170364 663498 455246 593749 410042 523941 369141 346579 100122 654815 405958 729378 332567 230854 614783 256698 611943 365652 596024 112276 320953 673262 291668 209695 265518 147734 605186 472007 614371 35653 470786 127651 650025 730889 337550 351777 701190 634146 474813 641824 656742 471621 599848 432203 461411 347653 581918 668322 576363 167681
313711 277458 434086 693851 741051 673456 1022827 326526 344832 784181 650065 373212 522205 673490 430856 626317 991483 474464 457488 242554 878509 781646 524174 289591 858737 638948 242178 716429 530878 321863 621917 567543 492190 802640 566157 1086537 1003556 905724 337387 204726 447263 999999999 683791 959947 597287 551970 409793 387229 670558 870395 595778 527336 902337 886200 214230 739107 563801 645757 547305 827286 835295 848321 149316 527086 481181 702252 951331 235955 741770 553389 392473 803037 269146 284704 586793 354323 945244 844098 317356 482803 912143 411228 349295 525325 234971 795041 915974 670918 269697 745598 930721 95061 456751 239815 713950 736831 560124 397644 281071 352787
738613 437928 250459 459083 345784 589989 350785 374154 348479 553190 485817 362522 165793 501293 567111 183455 316327 220600 543078 515058 638629 472859 557823 411517 560369 318965 523078 342570 279018 365597 211736 374323 272638 327448 649575 404234 321858 259583 774416 574998 445664 683791 999999999 312322 365668 414482 534044 601401 344380 384081 348798 489663 565813 206227 500383 78877 120373 114076 444000 213427 669730 304185 656275 670025 465945 439150 296502 459548 177485 480486 753746 249697 414720 601519 691359 385017 291949 264637 624448 437978 506503 347873 645758 595068 452133 455430 257966 300991 502644 243802 246982 640179 469913 800558 32601 259846 339517 625539 606378 592412
1048608 739224 534073 730362 336030 874736 95539 634181 615164 806384 537665 597847 470037 539246 878521 479187 94307 526388 691772 819271 873622 716417 863110 671884 788036 602264 827765 354467 454300 658059 505901 673395 584751 538221 952936 190964 140394 330645 1084759 877848 756746 959947 312322 999999999 658992 530772 846030 775487 617779 563947 642728 609513 776071 225062 756037 236706 414256 413106 745642 135352 923715 180406 954611 977395 612006 706655 322470 724920 223195 781418 1065899 187437 698122 911356 994163 693526 324593 425080 822363 746835 696588 659491 832481 712481 725276 691189 56683 359602 734054 249685 166839 900126 627343 1102818 295470 501523 469159 795211 817189 904556
490075 328660 341933 122029 680606 225315 667852 437456 410787 230635 759663 481175 287011 781359 265141 182911 631451 263300 717738 356817 331559 192384 214358 455023 281590 65069 359068 669551 520902 338627 154900 31146 161827 229624 297728 684605 616132 420985 518699 407549 165147 597287 365668 658992 999999999 656801 248843 730789 79691 287511 16892 707809 316297 468552 518172 442892 332905 252279 95185 578185 331994 668710 494149 330364 664311 117307 466005 469342 537840 126837 471348 613282 392746 374831 337763 253296 459252 318873 714370 133390 315112 200861 747725 791669 444115 200164 602310 617528 569859 596369 535498 607046 654619 597210 370745 193790 595921 755429 679970 328979
774343 472769 319084 776998 217201 861983 619947 285425 294412 884819 112766 218772 376013 137445 718105 526323 601216 393688 162189 543987 983256 824987 763379 303685 918850 643592 553091 192383 142586 388622 547083 646176 497417 721313 850789 709006 633820 666793 809819 580616 629020 551970 414482 530772 656801 999999999 679474 252027 679735 785900 642555 80549 937948 585588 344337 406055 348844 481401 689613 403770 988592 365353 620150 844731 86885 766134 696675 346111 324850 721258 828034 343481 379635 657955 889703 488389 693408 677811 311935 645664 895368 502466 312992 187732 366183 817210 510528 171499 282440 281219 591372 465040 108310 765931 442749 644919 75134 268765 319959 691942
241289 217693 379507 306490 775576 263670 873784 400870 386347 382056 791906 464728 391008 816280 38773 380785 837588 338777 682623 182347 471758 398078 115215 396750 462277 310767 178194 757844 572076 291543 359754 219018 261413 478435 179347 905681 830568 657491 270091 205132 92772 409793 534044 846030 248843 679474 999999999 662532 327965 534172 256840 704949 510050 686380 419036 611661 450090 437959 164373 740563 425505 810701 276830 165326 654591 321894 703977 380963 678006 155408 228251 754893 315191 138577 214039 192301 697213 562493 622039 116573 537718 197190 658532 761866 352604 418475 790859 702882 490822 719797 749095 451810 637173 353957 551247 437519 639675 683960 582310 81133
674724 446893 406914 851471 468984 896791 860874 293360 320640 958764 308322 259059 499625 326854 697404 654408 838828 487977 95106 488649 1060298 919341 768574 278594 1011420 739887 495676 444327 333548 397304 666801 710636 573024 859476 841767 945893 867106 860853 705256 499729 645271 387229 601401 775487 730789 252027 662532 999999999 777563 929188 720543 186506 1041404 796644 244823 617213 500995 631781 730821 643795 1045282 616135 502952 820029 165774 847957 897452 281998 559191 754363 744419 589998 353641 591002 874491 499013 893100 846090 75381 672652 1017774 537832 62326 141529 310475 919798 749472 420543 171824 526711 814857 292245 148276 625524 633382 781695 306363 25230 106366 644723
569254 397487 376323 115129 678100 257435 616952 485524 457324 211914 777036 521916 303734 797415 342531 165572 580957 294291 756062 432292 305470 145563 283101 507375 239561 37708 435110 669816 539404 395322 139049 110629 205513 150724 358671 625315 561331 354782 597409 484754 244740 670558 344380 617779 79691 679735 327965 777563 999999999 207924 75984 737188 264294 414342 577075 417022 338910 231646 169068 550519 326356 647765 572021 396970 696774 94882 398093 527646 521474 195141 548261 593902 452253 454433 396324 320447 391424 247872 767313 213021 247158 264940 799360 827065 504026 142303 561430 620384 622894 585119 482458 674849 689543 676878 342523 126549 613978 802571 734766 408392
775096 593706 523243 256863 726431 401215 531450 648256 618804 278935 867086 670345 430025 883740 545692 274946 499563 444690 891437 636329 319878 190849 475258 676368 233747 233738 639792 725321 643970 575190 265412 318536 384132 70623 536046 509369 466360 239297 802047 690604 452643 870395 384081 563947 287511 785900 534172 929188 207924 999999999 283267 854735 213388 338923 754995 431140 439850 305287 371513 542899 385293 650718 778485 581856 822119 232420 266563 705730 547267 391302 749180 605137 634248 662336 567985 516361 261302 140012 930961 420511 133074 459476 959966 954552 685241 159835 513377 685065 789709 618166 401753 866011 820123 884688 364647 147558 712994 954405 902437 615058
497630 324721 328854 134889 664193 242171 652419 427198 400142 243423 744841 469475 271555 766409 275040 166138 615995 249436 705825 356629 343822 200110 228255 445814 290967 54053 359308 653285 506032 330368 138184 38131 149441 222952 312938 670287 601202 408316 526930 408783 170364 595778 348798 642728 16892 642555 256840 720543 75984 283267 999999999 694456 323761 453688 510846 426073 316717 235464 108402 561369 346776 651818 496045 344435 651388 127717 453680 461781 520966 141444 481254 596393 385440 379753 353238 248461 446917 307774 705556 140459 318132 194576 738606 779298 437013 205522 586049 601398 560958 579598 520410 602911 642081 602429 354023 182432 581071 745278 671614 336207
775229 490959 365979 829344 287801 904400 699492 304113 319979 937834 126088 241107 435379 147797 743000 589601 681282 445320 91633 555068 1037635 882746 796469 313016 976742 700281 563746 264131 212085 414253 608553 694486 546356 788682 880627 789069 714227 744449 809460 584491 663498 527336 489663 609513 707809 80549 704949 186506 737188 854735 694456 999999999 998563 665158 332856 485137 415144 549455 732072 483782 1037763 440883 613018 869864 51304 820290 775304 346120 405386 761831 834705 422077 393902 667720 918064 518197 771893 751155 254644 683501 960163 539991 248824 107503 370209 876934 590525 249924 261389 360433 671830 435532 73188 752923 518847 711445 153444 199248 270771 708397
732953 642536 640360 208492 911368 286722 744736 748725 720867 137598 1030535 786210 563267 1049635 506026 412300 712950 558207 1020079 659810 117328 123914 414714 768981 52014 301989 660270 906865 796009 654124 390868 342063 468484 244022 440496 719276 679396 452580 752071 702897 455246 902337 565813 776071 316297 937948 510050 1041404 264294 213388 323761 998563 999999999 551394 834383 624800 590879 465987 355572 745847 198187 851976 783605 493769 959470 201806 477694 785436 739200 355133 686729 803214 708948 648584 460106 568719 472808 350993 1028949 419631 88248 517147 1061657 1090403 760384 122168 724449 861555 884337 808367 614995 920230 952968 858526 552936 306002 869457 1066350 995305 587498
910573 629713 455276 521585 451953 670673 203411 580367 554512 588743 633116 566980 364077 643011 713985 305611 168104 414341 729981 701968 651055 497541 681461 617667 565017 406230 709194 459793 464869 565229 327393 488648 436434 316592 766228 219301 147616 109691 944767 762625 593749 886200 206227 225062 468552 585588 686380 796644 414342 338923 453688 665158 551394 999999999 706543 180739 325776 254739 561476 230656 704893 336677 847475 797659 649972 496685 118514 665216 273079 595128 913819 303615 617256 775992 805916 567844 117472 200632 825367 576342 471527 521785 844553 772624 656789 470877 176070 437076 707770 339553 68312 845746 657777 986200 174242 290499 511746 819967 809438 755182
444573 207127 253976 633902 526940 661546 824680 126413 152249 737817 448826 160721 352392 473152 453212 486721 795197 317400 281811 243871 838639 710505 527556 88879 798843 540620 251021 502403 317426 181883 490823 493800 374107 684474 597896 894722 811739 742951 477959 259206 410042 214230 500383 756037 518172 344337 419036 244823 577075 754995 510846 332856 834383 706543 999999999 545606 381094 487181 501971 621646 815236 636087 280162 575243 282949 634473 786030 49534 534726 521614 508450 592460 125436 348568 629992 269748 780488 699854 204648 440288 823896 317611 240703 359256 74284 715990 715246 456699 76660 533667 743607 144103 259721 422247 532318 610340 346538 265364 166321 400190
811962 505058 306013 532136 297432 666313 284806 419682 396750 622679 461077 396760 233949 473368 645159 260056 252523 290197 549277 584149 704403 539305 636692 457752 623710 393795 592483 299299 284491 427308 288234 452515 350335 381907 728391 349176 266149 263667 848077 643326 523941 739107 78877 236706 442892 406055 611661 617213 417022 431140 426073 485137 624800 180739 545606 999999999 180058 190614 522595 135300 740050 231437 722161 748860 469234 511189 290854 508614 116139 559043 829651 179419 471968 674713 770155 457023 287807 299606 648860 516754 559334 422996 666547 592499 504701 519657 184316 266947 537906 187203 200899 688355 477183 868787 74677 321690 331706 640251 635196 668338
