NAME : synthetic_000956
TYPE : CTSP-D
DIMENSION : 100
GROUPS : 8
RELAXATION_LEVEL : 1
EDGE_WEIGHT_TYPE : EXPLICIT
EDGE_WEIGHT_FORMAT : FULL_MATRIX
EDGE_WEIGHT_SECTION
999999999 174928 575190 503995 277610 726926 300242 678621 304762 415183 696974 363601 549640 944235 709502 852190 686102 429850 432022 449713 383338 541556 202026 655097 819301 694948 623219 654587 520152 150094 356883 595858 770727 514598 284917 879430 394805 51607 239170 592374 874563 403199 307268 227866 395842 539842 689633 347076 283759 713742 536004 180575 335582 744969 135998 530004 362433 392288 741926 331945 882264 105544 968955 258611 448969 537127 503483 331404 824866 581138 624371 812327 471640 702751 169461 675606 760556 371289 345031 959806 556542 607615 220185 374914 390200 414976 882258 733207 282668 378989 318671 494553 310015 982456 487666 650736 577998 715538 711607 936260
174928 999999999 626361 595910 285253 652174 196256 505953 138531 394992 584143 228800 413314 769529 561429 773407 668040 291786 544805 293236 420155 626275 243474 531502 647474 520177 448654 569679 345601 286066 359023 628247 596371 445487 181719 705963 224165 226086 95250 567117 713966 369596 248047 58494 321694 365115 541264 348945 113030 641988 631322 122798 303634 677949 39445 536913 193177 227591 567498 311712 720018 197175 877271 357823 279708 465295 433663 226717 650332 406413 454785 637498 317313 537097 74013 520886 667456 370038 171740 845662 522895 435855 78756 297178 236333 517688 715402 593894 147778 230086 185046 370683 346992 807637 474551 476763 648388 547475 684997 761333
575190 626361 999999999 155384 851450 473059 821498 896287 740569 986678 594795 850769 614316 1157628 750803 563023 265013 580506 244526 650951 206296 124354 389279 614322 994774 952625 889026 474443 813307 442737 279890 67974 1059660 389457 503218 1069085 793553 561884 579391 259453 940298 319518 418840 624873 942370 861208 739732 921397 645681 455990 165495 721603 354456 456087 616193 160419 775120 815843 1033324 901528 957847 680473 693490 324961 713157 399501 391153 852608 1049171 862813 988389 1051947 651388 848318 683662 763054 556645 274166 740442 773019 283273 957447 578807 427549 842532 220592 994067 724563 773186 601385 809364 552162 279860 1197354 232809 895903 72137 876463 305038 1169990
503995 595910 155384 999999999 779923 604232 781978 947984 724994 918411 702511 824674 684450 1219025 836548 704570 413723 624659 98140 690151 219017 43581 353439 709701 1060534 996666 928282 589991 841534 356865 306903 220519 1099308 479462 514338 1133823 791935 478510 571893 387224 1029012 374814 438704 608988 893533 884576 822842 848185 641857 586806 36405 670921 382304 592892 576577 275408 768427 808288 1071508 835872 1045022 604705 836679 246566 741893 494928 477659 813970 1104919 896713 1005263 1103983 696157 915164 640553 838939 683055 308869 736294 904891 397442 977214 566162 470587 827513 92429 1074446 819937 742782 629224 780494 617171 267282 1259320 325189 940720 102737 940999 453664 1226696
277610 285253 851450 779923 999999999 937313 178954 697657 302057 138834 864149 255761 684240 921854 815818 1058647 938656 566362 703008 549968 654568 818341 468020 807468 836555 684991 624609 854895 533307 423208 614368 868433 725416 729364 466639 879466 373476 302542 379124 839849 941496 642451 526052 331887 171208 525395 795938 70108 368859 926933 810957 162704 573844 962548 268594 793117 345354 346964 700009 63909 943244 175316 1161187 535890 510118 749663 717559 187529 812375 583111 552566 792337 575186 758231 211478 767075 951780 627605 356012 1122716 798368 551376 363809 580847 313474 689538 924759 857134 227924 500402 234692 649879 579554 954718 740581 658910 855606 759888 959330 902613
726926 652174 473059 604232 937313 999999999 818534 599333 686961 1041216 178486 801495 331635 803712 373372 125409 230126 403551 659249 458542 446160 588467 544591 238250 643011 670185 631728 88722 606297 676917 403776 408645 776312 212531 470694 713105 683756 748682 559870 217101 531145 332577 421284 610323 944350 658700 372971 1000725 588340 17448 627295 774962 394695 40379 670814 329020 685474 718590 757465 961140 551276 814526 250511 600837 532243 190395 223880 840442 720245 627203 783021 733377 440524 512739 726146 414859 87315 389792 652723 300939 213521 748182 574004 358497 761724 620060 602281 321432 754647 466643 777561 319436 477481 839197 297269 620187 545034 543425 199779 827812
300242 196256 821498 781978 178954 818534 999999999 519434 138584 229403 722339 80941 534422 744572 651756 934220 858156 424562 721765 394176 615594 814849 434767 660528 657762 506110 445830 731962 356293 445201 555104 824489 549830 621859 361615 700636 196410 345950 268017 756630 766842 560999 438073 215354 128392 346503 632317 213044 230263 810443 816475 119915 497130 848274 206578 732336 170732 168253 523715 163621 767698 241086 1026110 537620 343880 639475 610182 32046 633921 404559 379719 614306 418988 583618 141456 599936 820371 565883 188024 973531 710813 375506 259536 477494 135241 698922 747206 697745 64304 357783 56501 511265 541686 778163 667956 480268 840659 583650 872545 726559
678621 505953 896287 947984 697657 599333 519434 999999999 405733 725426 426986 449672 291523 275892 245733 664589 770941 323380 940177 261219 729109 959973 646030 361483 142288 71996 77815 522121 166359 754818 641133 859407 177330 520992 454231 201590 324476 728236 447249 689116 262467 580010 514262 450789 595309 175661 237257 729145 394863 602940 983323 574614 566012 639609 545363 743953 354264 351294 158356 678868 258151 693129 696099 774025 232144 519931 515576 517837 157774 115417 232723 156269 252183 103345 543791 190533 545867 640023 352372 586999 644231 204539 464335 477718 389470 902005 228786 309073 472525 330749 463155 345820 688699 316073 666125 43020 951001 82631 760265 279222
304762 138531 740569 724994 302057 686961 138584 405733 999999999 367974 584541 118258 395936 653880 515696 800145 744643 288079 679488 255617 535455 752781 371832 522151 547558 406229 338540 599387 239389 424577 463393 734063 470765 497467 249006 598648 91291 356291 161849 643169 640745 453762 332502 116633 258442 244987 496034 347411 103604 679814 760931 169226 396086 718281 172205 633162 58257 89129 442445 299519 643337 292912 889059 492651 208469 513431 486071 155147 537235 295620 319610 521289 280476 457834 144399 465556 684630 471904 54492 834947 595710 303573 161919 359348 102782 650547 628556 560114 76243 221894 90854 375000 466367 690412 562924 370548 769671 461538 755406 641650
415183 394992 986678 918411 138834 1041216 229403 725426 367974 999999999 951206 279485 763807 918978 878192 1159218 1060950 652785 841841 623502 787244 956552 600226 889848 856750 699208 648471 955952 570416 561862 741731 1001067 719007 838759 574773 889459 415198 441372 482517 960704 981789 762742 642588 431135 130908 549816 859035 75442 455975 1032183 949627 275933 695222 1069195 387294 921218 394671 381731 696823 85783 980681 314063 1254138 673775 570967 857757 826952 216956 818757 610439 543795 795792 648248 800068 322529 824792 1047255 754366 416115 1202911 917304 551363 470095 691208 338733 828226 953981 925855 293025 585863 281129 739134 711926 948013 864714 683764 992879 796460 1079268 894591
696974 584143 594795 702511 864149 178486 722339 426986 584541 951206 999999999 690488 192015 625477 194933 241217 388943 298933 737505 333479 507982 696255 546660 69903 464525 498692 466953 124387 457466 684517 439708 537941 602646 229326 414938 534758 561384 729404 488973 339558 359791 358098 397509 532752 841577 507657 195335 921434 497219 186208 731207 702914 399062 218508 611263 436159 570097 597565 585283 877193 379319 768619 305984 635637 400236 210272 234711 739398 542285 468368 625227 556063 310716 336192 655152 238821 119701 429045 541427 263298 311645 590737 506460 327627 642914 696397 427106 144503 658298 365793 674490 214277 513501 661269 377324 451544 663687 366671 366255 649332
363601 228800 850769 824674 255761 801495 80941 449672 118258 279485 690488 999999999 499165 666095 601329 912308 862818 399330 771331 357229 644659 854998 472133 625481 585309 431061 374124 713382 291258 501874 576456 847532 470137 615175 366388 625043 136577 412159 276645 761307 703049 570884 448862 227127 154822 274510 582548 279809 221857 794961 860021 189091 511619 833720 250760 748904 120762 102295 444425 229549 702532 316582 996318 584840 296913 630746 603844 69081 557147 334255 299021 536747 380783 520840 195335 546729 794904 585731 149751 933727 713922 295884 273646 477585 60206 745535 678398 651439 83196 334878 45457 485833 573210 699098 679843 409121 875944 518117 873658 647169
549640 413314 614316 684450 684240 331635 534422 291523 395936 763807 192015 499165 999999999 543423 167159 424901 480576 121903 693732 141943 467873 690240 439006 126475 380524 356792 307292 245755 274768 570950 382936 572585 466071 230620 267089 454798 369368 589406 320932 397632 354341 309650 285416 357747 651247 327071 149068 738192 315418 330949 718093 526138 316904 370027 445172 457775 378554 405555 443394 692422 367836 606723 497930 552607 208624 228482 226153 549933 437478 297630 452123 443004 118739 234033 480125 155271 303284 377948 350770 439664 353159 417284 339843 225972 450937 653256 391104 183579 470938 184594 484896 68928 444852 583068 381677 302145 673717 262235 472174 557031
944235 769529 1157628 1219025 921854 803712 744572 275892 653880 918978 625477 666095 543423 999999999 431735 836782 1004004 596347 1214788 536724 1000043 1228795 921875 573774 164555 249391 321093 740949 424120 1028636 912342 1115457 200005 772224 730119 91106 564386 994906 719228 933178 298166 846976 788887 717309 789600 408910 435502 939686 662174 811638 1253901 821417 838507 843369 808834 1001014 597136 581872 222844 890497 278539 946750 827913 1049908 505384 766895 768746 734573 120014 363118 375239 132629 526223 309836 797548 401334 732505 910203 604643 691396 891933 371102 735493 748619 609351 1176207 216796 482744 710038 606639 691580 606237 962852 40370 925090 295512 1215888 281191 986763 40206
709502 561429 750803 836548 815818 373372 651756 245733 515696 878192 194933 601329 167159 431735 999999999 422861 574200 280201 853415 269182 624325 838121 606161 143238 269726 317296 301048 309578 325042 737772 542418 701283 415444 361912 431230 340739 464824 751463 474176 510015 192570 464944 452382 503518 756108 366594 20171 863053 454246 380484 868776 665090 480662 413440 596394 590614 483527 500064 400989 814749 208540 758175 450767 718589 307881 351399 361501 661241 347844 314874 465926 362631 244495 146428 622249 59629 308314 535842 463833 349494 472865 433325 493481 391107 545457 812504 244035 63383 591812 332860 597558 234339 607888 468347 520105 277911 815044 175667 555502 454634
852190 773407 563023 704570 1058647 125409 934220 664589 800145 1159218 241217 912308 424901 836782 422861 999999999 300978 513011 767562 561114 563388 683987 669621 310791 683935 736573 707813 203804 696775 801139 526695 495719 837847 337629 592621 748753 789431 874084 680017 321804 546606 457342 546117 729500 1058480 747695 428184 1121049 704140 139660 724191 896019 520042 116368 793441 433765 794067 825034 822169 1080383 567215 939036 132686 721866 632334 315258 348853 954772 767365 709536 866410 784039 540684 568973 847202 474265 122354 512449 762664 226660 329111 831887 694861 482262 869310 729681 624573 362145 870016 578350 890997 426525 599502 869109 413831 691302 634856 598512 262420 865268
686102 668040 265013 413723 938656 230126 858156 770941 744643 1060950 388943 862818 480576 1004004 574200 300978 999999999 501245 488241 570356 323711 388425 484572 431018 839895 837332 785971 265896 735281 592642 329223 197062 946554 263038 497786 912936 768971 692198 590692 101646 748727 298482 420539 643148 986376 787895 568757 1007325 641077 215228 429343 785035 365755 203270 673750 168628 760865 799424 923954 975994 768195 787302 429542 489894 643859 256739 272210 885455 909031 770971 918041 918016 560561 699234 738777 603567 317441 314889 725271 519304 149077 883922 598649 385416 836577 454280 814443 532140 798811 548434 829325 437952 384462 1041563 198948 782650 335940 729740 40071 1023772
429850 291786 580506 624659 566362 403551 424562 323380 288079 652785 298933 399330 121903 596347 280201 513011 501245 999999999 618731 71601 405902 637438 337935 241233 442619 373836 308601 314984 238058 462982 317914 550589 479584 238450 152555 513944 280810 471275 199030 405512 455088 261101 193613 237029 546451 289389 260551 622646 198353 398148 660082 406512 242650 437403 323280 436104 282009 315233 452951 578260 465689 484830 601556 460467 142761 247948 229037 443195 480661 283054 419746 479325 71730 302798 359758 251896 396578 317315 249812 556452 356958 386465 217949 155169 358173 579921 477764 304641 360315 66934 378815 86925 366619 636717 357497 317342 631323 324603 502572 602385
432022 544805 244526 98140 703008 659249 721765 940177 679488 841841 737505 771331 693732 1214788 853415 767562 488241 618731 999999999 679163 230903 141485 311491 735660 1060708 983265 912725 633199 820377 281994 311180 304320 1081947 508892 491847 1132577 753405 400524 535443 445877 1045511 389132 425963 566206 826922 859686 838093 769826 605420 641858 116609 606430 378901 652907 520634 333865 727311 765940 1053505 761278 1060250 528019 900248 187018 723022 527240 504903 753782 1097947 878224 974748 1094577 688575 917860 580937 848943 732810 317632 697344 956783 446598 948808 526761 470520 780478 41234 1084554 843905 688331 612793 726267 624971 252178 1255151 366186 928551 200266 941783 527363 1219268
449713 293236 650951 690151 549968 458542 394176 261219 255617 623502 333479 357229 141943 536724 269182 561114 570356 71601 679163 999999999 472247 704608 386907 268342 388893 306523 239216 369983 166636 503075 384484 621974 410547 307326 195100 457699 228751 495225 210662 475815 424850 331436 253530 234958 509467 218359 249028 600930 185091 454901 725898 396383 308011 494417 329347 507623 236667 264703 383449 554121 432791 490388 639451 513690 74880 315100 298435 408617 418960 211951 348784 415519 25219 257266 353088 227844 441128 384946 209014 579451 427439 315269 229826 224022 309731 641257 436525 307189 331365 73533 343583 140195 428163 577010 429041 250632 700500 274697 570089 540124
383338 420155 206296 219017 654568 446160 615594 729109 535455 787244 507982 644659 467873 1000043 624325 563388 323711 405902 230903 472247 999999999 232656 187020 504760 841939 778689 711053 408778 627013 271292 87989 213913 882326 278780 304823 915066 592149 379453 375150 249170 816788 159393 224067 419316 737460 671965 609581 724671 442829 429249 254215 518107 164327 447022 411029 156004 572095 612739 854808 701614 832034 488583 694616 166496 526783 297923 274327 646577 885936 680679 795826 885190 477509 696928 478718 622977 512576 90224 537997 736384 234287 766397 373538 251575 637808 189675 858834 613178 566890 413759 603096 399856 75368 1040348 149569 722537 236622 722423 356717 1007712
541556 626275 124354 43581 818341 588467 814849 959973 752781 956552 696255 854998 690240 1228795 838121 683987 388425 637438 141485 704608 232656 999999999 382870 707714 1068762 1010863 943586 580438 859440 395970 320137 191976 1114892 477828 534758 1142485 816861 517886 597131 371710 1030074 381956 456177 636318 928389 903837 825210 886971 666660 571142 41142 705550 396924 574520 608701 262546 794418 834604 1087425 873474 1046615 643365 815305 283093 759301 491709 477097 846756 1116115 913332 1026427 1116216 709157 922743 673648 843595 669552 320126 761592 889382 387007 997608 592523 482410 855519 134620 1078261 818316 773738 646301 811258 624096 289455 1268983 320606 954572 62062 949321 428496 1237821
202026 243474 389279 353439 468020 544591 434767 646030 371832 600226 546660 472133 439006 921875 606161 669621 484572 337935 311491 386907 187020 382870 999999999 519154 775693 682250 610312 481428 514065 137863 155762 400869 776733 337347 191977 844489 442359 209622 223969 392569 790228 212470 154722 256459 553471 550715 587941 538088 293932 529964 389232 332328 151680 557864 228281 328338 417097 456376 747956 514595 801933 305406 792799 129850 419905 360354 327503 466369 802831 573522 663532 796706 401200 639838 295130 586999 589939 170427 386327 802557 359509 638120 215527 221919 474183 279922 815699 614280 391119 315373 428514 372822 111713 961971 286842 629419 405931 659997 511078 922552
655097 531502 614322 709701 807468 238250 660528 361483 522151 889848 69903 625481 126475 573774 143238 310791 431018 241233 735660 268342 504760 707714 519154 999999999 410410 432719 398336 167318 387647 656078 429027 562128 538203 230272 370360 482671 494710 690726 437087 368247 326454 348010 365710 477941 777721 437757 138339 862842 438885 242973 740419 647701 378114 278615 560896 453933 504796 530976 519789 817615 344550 720694 372999 618362 332719 216186 232272 676351 484120 398764 555645 496151 244745 275206 600721 177325 188772 420169 477242 315251 333156 521101 455308 297238 576550 694435 385705 110648 596860 307129 611321 161915 499954 610904 387264 384131 680567 305981 412992 595145
819301 647474 994774 1060534 836555 643011 657762 142288 547558 856750 464525 585309 380524 164555 269726 683935 839895 442619 1060708 388893 841939 1068762 775693 410410 999999999 158697 211947 577725 308232 889968 754741 951622 195230 608242 583992 74363 464615 868476 585453 768630 176666 686843 636229 591722 725912 311350 272091 865075 535741 650204 1094992 716611 682450 682992 686828 837463 495157 489592 197451 814838 162785 835407 688083 901558 370868 602552 605013 654133 88717 253763 332032 112387 375032 146497 686078 236813 575009 751789 494448 559980 727513 313104 603072 591500 525407 1021435 110087 324218 613086 461457 601873 444854 808554 203320 762033 177901 1054046 119536 823269 184940
694948 520177 952625 996666 684991 670185 506110 71996 406229 699208 498692 431061 356792 249391 317296 736573 837332 373836 983265 306523 778689 1010863 682250 432719 158697 999999999 72712 591871 175092 782976 690838 918495 109346 583776 492521 194591 318337 745718 472725 753164 312380 634152 559198 468395 568302 161938 309186 710094 413602 673423 1032421 574839 614516 710396 559462 803046 350521 339324 87452 660003 304346 698632 767145 811643 262373 584131 577686 500134 131080 113835 177150 117491 302178 172901 549121 262518 617716 690880 355914 655656 707405 155164 488334 528979 371857 946111 263383 380550 466075 370475 451166 406607 733677 287532 724694 56724 1004987 148052 827930 242775
623219 448654 889026 928282 624609 631728 445830 77815 338540 648471 466953 374124 307292 321093 301048 707813 785971 308601 912725 239216 711053 943586 610312 398336 211947 72712 999999999 549665 103069 710267 623459 857353 171343 527977 421319 260173 253254 673827 400013 698294 339910 569699 489965 396231 518124 99645 288908 653910 341223 633344 964200 507715 546727 671432 488020 742177 284442 277645 144357 603636 335931 629711 750277 739859 190465 530305 521061 442716 201678 42963 165076 189940 237717 171259 480031 242119 586640 624137 286856 649034 651500 133451 415648 463070 314034 875932 305530 363762 401786 300188 389928 349954 664064 359675 663558 35309 939596 156855 779130 315465
654587 569679 474443 589991 854895 88722 731962 522121 599387 955952 124387 713382 245755 740949 309578 203804 265896 314984 633199 369983 408778 580438 481428 167318 577725 591871 549665 999999999 519658 617232 352494 415657 699448 144160 389215 649858 595048 679859 476214 216668 483397 274573 347323 525807 857195 572299 305641 917255 501702 85502 616864 692246 329757 124926 590248 318214 596970 629918 679323 876740 502683 738112 314374 551971 443872 121200 153957 753324 650760 542908 697871 661969 352289 441164 643434 343688 108641 339773 564389 328739 193436 663029 491092 281027 673141 592638 548564 266296 667907 378509 690111 230718 427619 777864 267401 540206 544482 471949 245924 762455
520152 345601 813307 841534 533307 606297 356293 166359 239389 570416 457466 291258 274768 424120 325042 696775 735281 238058 820377 166636 627013 859440 514065 387647 308232 175092 103069 519658 999999999 609364 540642 786978 262701 472607 328889 361739 159974 570786 299136 641936 411877 494572 403313 293311 442668 53016 308323 568132 238562 605108 877751 408379 463523 644372 384978 673216 188505 189813 233892 518017 411845 528260 756576 643910 100416 478908 464131 357572 304741 61416 182763 292583 174743 229652 378633 266648 574449 542909 186256 671650 593719 148830 314123 385938 231682 784670 391490 382340 306866 213352 299794 298990 575080 462559 594798 132246 859752 227518 733224 417563
150094 286066 442737 356865 423208 676917 445201 754818 424577 561862 684517 501874 570950 1028636 737772 801139 592642 462982 281994 503075 271292 395970 137863 656078 889968 782976 710267 617232 609364 999999999 276198 472963 869756 473096 311037 955890 508641 121967 310317 508895 918009 344655 290503 323155 545657 638609 719039 491322 373398 661694 387765 327282 288276 687497 254419 426794 478633 513657 840711 480111 928643 247912 926512 117852 523315 496033 463649 476950 908680 670556 738500 899761 520492 759941 307140 714663 725868 290918 454174 940016 481957 717383 295403 359004 519927 266369 938279 749134 418914 429618 456417 506493 209285 1068164 402536 733300 436818 777708 623361 1025621
356883 359023 279890 306903 614368 403776 555104 641133 463393 741731 439708 576456 382936 912342 542418 526695 329223 317914 311180 384484 87989 320137 155762 429027 754741 690838 623459 352494 540642 276198 999999999 271076 794777 212453 223384 827683 513700 364889 301569 237004 734368 81701 139652 349347 680446 586444 526947 683898 366405 387952 342193 467240 77125 412064 356605 179529 495737 536456 767365 656035 749070 458465 654250 199478 440270 234036 205572 585049 798017 593575 711608 797203 389528 610133 423990 538207 460095 14876 460850 680853 206222 681576 302848 163738 564475 270476 774010 535240 502063 327293 536859 314395 75139 952663 131080 634637 319735 635278 355317 919793
595858 628247 67974 220519 868433 408645 824489 859407 734063 1001067 537941 847532 572585 1115457 701283 495719 197062 550589 304320 621974 213913 191976 400869 562128 951622 918495 857353 415657 786978 472963 271076 999999999 1026676 343424 489823 1025977 780283 588107 572227 199040 888577 293639 404508 620418 948329 836474 691339 938539 635554 391783 233070 730780 339653 390076 622282 115487 764282 804892 1001094 915398 906626 701350 625842 357211 687795 350663 346718 854873 1009717 833608 965364 1013969 619997 805623 690077 717367 493356 262159 728953 707568 228974 933428 573913 402232 834537 275976 945250 671484 772739 578226 807802 513632 289155 1154810 193859 861862 139191 834501 237075 1129612
770727 596371 1059660 1099308 725416 776312 549830 177330 470765 719007 602646 470137 466071 200005 415444 837847 946554 479584 1081947 410547 882326 1114892 776733 538203 195230 109346 171343 699448 262701 869756 794777 1026676 999999999 693009 590102 188261 379562 822182 560443 862488 370831 740579 660752 549011 589809 231791 409737 740817 496577 780143 1135282 634268 718000 816628 634803 911295 412685 392139 29047 691940 357846 762269 860390 906569 358965 693472 686825 537887 117416 203728 175425 90008 408326 269027 615101 364242 720724 795479 425894 741403 816658 174327 574482 634303 415263 1045647 304103 477699 520140 470498 498575 515640 834465 229967 832821 165252 1110805 240158 936818 177295
514598 445487 389457 479462 729364 212531 621859 520992 497467 838759 229326 615175 230620 772224 361912 337629 263038 238450 508892 307326 278780 477828 337347 230272 608242 583776 527977 144160 472607 473096 212453 343424 693009 999999999 264126 682588 511411 537636 356429 170429 552871 132105 208841 408464 749689 525080 350365 794326 394844 200030 510175 567995 185725 233780 461356 230019 506432 543495 668952 756756 569854 602223 456452 411102 380895 23013 11824 646311 668009 510278 655354 673570 298058 462411 519398 374223 252779 200900 471485 469729 123673 621380 368754 148520 583069 467707 604682 340688 559317 289019 586036 178023 287290 811482 158249 527853 453133 491536 264626 787114
284917 181719 503218 514338 466639 470694 361615 454231 249006 574773 414938 366388 267089 730119 431230 592621 497786 152555 491847 195100 304823 534758 191977 370360 583992 492521 421319 389215 328889 311037 223384 489823 590102 264126 999999999 652528 290814 322667 93648 396140 607498 204773 85315 146313 490004 370372 411890 530650 146952 460328 550695 304486 150206 496231 201126 385376 274600 315138 561665 492634 617792 354107 699622 319928 231222 283652 252306 388072 611315 386378 491671 605843 210474 449976 255730 404428 489489 229447 239163 678234 349627 463029 104679 116600 346388 455812 627571 450025 301194 123483 331625 209671 247114 770267 313989 438777 541192 469080 511053 731478
879430 705963 1069085 1133823 879466 713105 700636 201590 598648 889459 534758 625043 454798 91106 340739 748753 912936 513944 1132577 457699 915066 1142485 844489 482671 74363 194591 260173 649858 361739 955890 827683 1025977 188261 682588 652528 999999999 512156 929319 648831 842607 218828 760530 707374 651576 758716 355997 344396 903334 595766 720854 1168408 767754 754847 752856 745408 911825 543946 533883 201135 853390 200721 889740 745060 971285 433714 676799 679376 694119 72583 303132 350818 98943 445205 220769 740055 310599 642801 824986 546983 611813 801703 338515 665918 664207 566152 1093529 138901 392530 660299 529352 645757 518807 880404 129133 836360 229562 1128192 193212 895661 116552
394805 224165 793553 791935 373476 683756 196410 324476 91291 415198 561384 136577 369368 564386 464824 789431 768971 280810 753405 228751 592149 816861 442359 494710 464615 318337 253254 595048 159974 508641 513700 780283 379562 511411 290814 512156 999999999 446406 220042 669017 570676 490705 375997 188231 291290 156400 446121 408788 150206 678797 828221 257039 440922 718119 260423 673632 33125 36296 351319 358835 571323 383265 867256 567955 162710 524206 500768 199491 448883 210894 230624 431981 250715 387596 235540 410168 669832 520207 56061 799528 620442 212826 226841 387312 82109 722246 551300 515570 148538 222550 139915 364522 527622 600445 599276 286720 828606 387241 775175 551193
51607 226086 561884 478510 302542 748682 345950 728236 356291 441372 729404 412159 589406 994906 751463 874084 692198 471275 400524 495225 379453 517886 209622 690726 868476 745718 673827 679859 570786 121967 364889 588107 822182 537636 322667 929319 446406 999999999 285620 601892 919798 419553 334310 277887 434361 591160 731755 369968 333570 734791 508876 226091 354245 764398 187382 531241 414013 443629 793362 361013 928013 127530 993851 238470 497753 560485 526922 376486 875407 631885 675891 863149 516479 749873 219503 719557 787110 379669 396572 991164 569074 659220 267021 403605 440654 387455 929539 772634 332207 423450 367599 531799 309562 1033249 495780 700974 558484 763426 719883 987289
239170 95250 579391 571893 379124 559870 268017 447249 161849 482517 488973 276645 320932 719228 474176 680017 590692 199030 535443 210662 375150 597131 223969 437087 585453 472725 400013 476214 299136 310317 301569 572227 560443 356429 93648 648831 220042 285620 999999999 489074 635462 295229 172546 52673 396409 330603 454104 441069 70182 550274 608181 216443 234980 586920 124291 472265 197505 237962 531428 401388 643094 285848 782409 352074 215124 375245 344641 294785 599214 360260 439773 589677 233042 464257 167794 437490 572763 310073 164494 750764 442922 415040 19321 209990 263175 503197 643934 503133 208157 141410 239778 275820 308316 758536 403721 423716 610700 478182 604547 715442
592374 567117 259453 387224 839849 217101 756630 689116 643169 960704 339558 761307 397632 933178 510015 321804 101646 405512 445877 475815 249170 371710 392569 368247 768630 753164 698294 216668 641936 508895 237004 199040 862488 170429 396140 842607 669017 601892 489074 999999999 693726 197973 319310 541554 884888 694105 501831 908143 539635 199703 410277 684906 266077 207150 573789 112613 660183 699001 838781 875976 712273 691807 454468 414251 548241 169191 178062 783849 832878 680635 824513 839874 467823 624660 638298 532039 298113 222227 624522 517986 48800 790766 497162 284122 735658 407877 753703 475885 697180 449686 727688 348368 299699 971733 106582 697522 330650 654582 119772 950330
874563 713966 940298 1029012 941496 531145 766842 262467 640745 981789 359791 703049 354341 298166 192570 546606 748727 455088 1045511 424850 816788 1030074 790228 326454 176666 312380 339910 483397 411877 918009 734368 888577 370831 552871 607498 218828 570676 919798 635462 693726 999999999 657395 638509 655559 852963 434219 207420 979463 601654 541843 1061093 803738 670909 568850 751612 779884 596670 601652 369949 929480 20610 910220 529923 906671 438050 541028 553049 769373 263876 373504 489056 288796 403329 183308 765924 203419 451992 728078 586301 393702 659604 464183 654570 580288 643244 1004675 81402 217939 713583 496406 710434 423076 798643 326409 711086 305486 1005659 185592 725483 331847
403199 369596 319518 374814 642451 332577 560999 580010 453762 762742 358098 570884 309650 846976 464944 457342 298482 261101 389132 331436 159393 381956 212470 348010 686843 634152 569699 274573 494572 344655 81701 293639 740579 132105 204773 760530 490705 419553 295229 197973 657395 999999999 122998 347044 688910 543383 450203 710468 351478 317693 408639 486933 68969 345450 375844 183205 477409 517522 714042 678006 672664 498796 581859 279068 394830 154329 124510 589017 735118 543327 671879 736213 332270 540961 440387 464360 382969 72159 441673 601723 156111 640161 301651 108784 550585 348042 700095 455117 503001 284603 534993 242500 155641 887128 109278 577481 371099 567378 317001 856670
307268 248047 418840 438704 526052 421284 438073 514262 332502 642588 397509 448862 285416 788887 452382 546117 420539 193613 425963 253530 224067 456177 154722 365710 636229 559198 489965 347323 403313 290503 139652 404508 660752 208841 85315 707374 375997 334310 172546 319310 638509 122998 999999999 224106 566085 447899 434482 592890 231692 408855 474797 367567 64926 441915 257623 300752 359865 400431 632861 558491 650962 393408 661686 268846 303338 230910 197410 466020 672019 458010 572202 669038 262670 495663 320110 436043 453522 144705 324467 657622 274854 542467 178657 69897 431147 387779 668035 459564 380042 190529 412294 218429 174640 829244 231175 503797 459086 518102 436951 793424
227866 58494 624873 608988 331887 610323 215354 450789 116633 431135 532752 227127 357747 717309 503518 729500 643148 237029 566206 234958 419316 636318 256459 477941 591722 468395 396231 525807 293311 323155 349347 620418 549011 408464 146313 651576 188231 277887 52673 541554 655559 347044 224106 999999999 343745 317229 483348 391930 55982 601094 645025 170164 285411 638061 96388 522491 161113 199968 519998 350951 661725 255596 829518 380132 222417 426967 396700 242316 597667 354602 416018 585885 259188 479156 122780 462485 620462 358624 132490 792868 495521 394260 46522 262540 219405 536075 657784 537078 155963 173508 188589 318543 349769 755861 455122 423087 653096 490078 657196 710596
395842 321694 942370 893533 171208 944350 128392 595309 258442 130908 841577 154822 651247 789600 756108 1058480 986376 546451 826922 509467 737460 928389 553471 777721 725912 568302 518124 857195 442668 545657 680446 948329 589809 749689 490004 758716 291290 434361 396409 884888 852963 688910 566085 343745 999999999 419876 737358 157296 356354 936694 927054 222861 624446 974802 326435 858606 274581 256369 567071 115094 851364 312394 1146798 647174 451389 767015 738047 103911 688185 480622 414397 665440 533526 672074 258765 701270 943028 691659 300480 1087630 839167 420881 387729 605810 211762 807383 823649 806183 190439 480332 167637 633375 662744 819339 795402 553432 957744 667431 1000929 766076
539842 365115 861208 884576 525395 658700 346503 175661 244987 549816 507657 274510 327071 408910 366594 747695 787895 289389 859686 218359 671965 903837 550715 437757 311350 161938 99645 572299 53016 638609 586444 836474 231791 525080 370372 355997 156400 591160 330603 694105 434219 543383 447899 317229 419876 999999999 351028 554277 265214 657712 920901 413101 509472 696927 403845 723230 188691 178547 202792 504001 431819 537840 804518 680359 148687 531662 516471 343070 292575 60813 130426 276305 227495 256844 388725 307246 625342 589388 196356 715368 645779 97181 343816 434602 214396 824890 404400 425975 304302 259888 290825 351957 617457 445658 645004 134618 906076 248756 786108 397595
689633 541264 739732 822842 795938 372971 632317 237257 496034 859035 195335 582548 149068 435502 20171 428184 568757 260551 838093 249028 609581 825210 587941 138339 272091 309186 288908 305641 308323 719039 526947 691339 409737 350365 411890 344396 446121 731755 454104 501831 207420 450203 434482 483348 737358 351028 999999999 843425 434099 379220 855364 644994 464086 413243 576255 579816 464410 481499 394107 795203 222467 738024 461501 701309 288446 340848 349411 642079 347280 300658 453284 360730 224328 141379 602103 47114 311472 520704 444343 364362 463526 420270 473412 374045 526990 797269 254335 75359 572184 312765 578268 216943 591594 472823 508278 267379 803257 171590 551305 456895
347076 348945 921397 848185 70108 1000725 213044 729145 347411 75442 921434 279809 738192 939686 863053 1121049 1007325 622646 769826 600930 724671 886971 538088 862842 865075 710094 653910 917255 568132 491322 683898 938539 740817 794326 530650 903334 408788 369968 441069 908143 979463 710468 592890 391930 157296 554277 843425 999999999 424296 990778 878828 226337 642067 1026877 335301 862824 383776 378587 716856 50281 979940 243610 1221008 604934 555422 814235 782505 211308 834303 613769 565754 812791 626072 796353 274959 812188 1012298 697037 399535 1177722 866161 568824 426737 645883 339881 757399 957696 907118 271242 556016 269188 707540 649644 970781 809559 688861 924937 795650 1027460 917886
283759 113030 645681 641857 368859 588340 230263 394863 103604 455975 497219 221857 315418 662174 454246 704140 641077 198353 605420 185091 442829 666660 293932 438885 535741 413602 341223 501702 238562 373398 366405 635554 496577 394844 146952 595766 150206 333570 70182 539635 601654 351478 231692 55982 356354 265214 434099 424296 999999999 580433 678169 211808 296146 618462 151844 532268 129445 170164 467531 380093 607374 308582 798444 421451 166738 411388 383353 252498 542404 299962 370449 531072 209977 424115 168004 410971 591287 373862 95215 754058 492121 346554 79731 255747 199479 573348 602379 490909 166308 131790 191210 283726 377477 700894 460752 367548 679005 434500 651842 656114
713742 641988 455990 586806 926933 17448 810443 602940 679814 1032183 186208 794961 330949 811638 380484 139660 215228 398148 641858 454901 429249 571142 529964 242973 650204 673423 633344 85502 605108 661694 387952 391783 780143 200030 460328 720854 678797 734791 550274 199703 541843 317693 408855 601094 936694 657712 379220 990778 580433 999999999 609927 764784 380608 39523 659888 311578 679710 713378 760809 951659 561856 802251 266643 584558 529018 178339 211552 832788 726388 627639 782954 738973 437572 518095 715995 420176 102794 373876 646613 318302 196298 748109 564064 347127 756149 602701 611976 330204 746713 460342 770245 315155 461409 847477 280208 622729 527930 548846 186183 835117
536004 631322 165495 36405 810957 627295 816475 983323 760931 949627 731207 860021 718093 1253901 868776 724191 429343 660082 116609 725898 254215 41142 389232 740419 1094992 1032421 964200 616864 877751 387765 342193 233070 1135282 510175 550695 1168408 828221 508876 608181 410277 1061093 408639 474797 645025 927054 920901 855364 878828 678169 609927 999999999 704662 417944 614131 611453 299919 804612 844429 1107524 867585 1077311 635645 855706 279886 778050 524949 508828 848491 1140112 932800 1041664 1139392 731645 949414 675021 872270 707628 343717 772553 928229 423630 1013596 602339 505735 863391 121433 1107547 850858 777969 665326 815728 651131 303663 1294174 354318 976411 101145 975461 469413 1261886
180575 122798 721603 670921 162704 774962 119915 574614 169226 275933 702914 189091 526138 821417 665090 896019 785035 406512 606430 396383 518107 705550 332328 647701 716611 574839 507715 692246 408379 327282 467240 730780 634268 567995 304486 767754 257039 226091 216443 684906 803738 486933 367567 170164 222861 413101 644994 226337 211808 764784 704662 999999999 419294 800692 111391 646733 224424 242293 606554 191095 807552 129918 998699 424812 366081 587963 556174 150847 705669 464815 473196 689017 421435 622108 48827 619685 789172 479516 222263 962804 641867 462598 201158 419547 226957 585515 795652 702715 116153 341570 146639 488704 442904 857337 588903 539765 735187 627854 803678 807709
335582 303634 354456 382304 573844 394695 497130 566012 396086 695222 399062 511619 316904 838507 480662 520042 365755 242650 378901 308011 164327 396924 151680 378114 682450 614516 546727 329757 463523 288276 77125 339653 718000 185725 150206 754847 440922 354245 234980 266077 670909 68969 64926 285411 624446 509472 464086 642067 296146 380608 417944 419294 999999999 410305 307996 237285 424642 465241 690501 610240 684705 430088 641703 240482 363147 208738 175823 525885 723291 516535 635058 721837 313958 539021 373283 471484 438259 80392 389301 651895 225039 604803 239208 91697 495470 339183 706484 479696 440775 250178 473999 247991 128018 878865 170983 558468 396607 563263 385485 845028
744969 677949 456087 592892 962548 40379 848274 639609 718281 1069195 218508 833720 370027 843369 413440 116368 203270 437403 652907 494417 447022 574520 557864 278615 682992 710396 671432 124926 644372 687497 412064 390076 816628 233780 496231 752856 718119 764398 586920 207150 568850 345450 441915 638061 974802 696927 413243 1026877 618462 39523 614131 800692 410305 999999999 694931 319679 718799 752633 797702 988258 589087 835155 248271 606009 568541 212932 245497 870915 760500 666338 821874 773713 477086 553104 751957 455229 119466 397648 685579 317767 212753 787029 600347 381951 795292 614599 640861 360818 784670 499277 808594 354636 484167 878668 297471 660218 528223 583784 169505 867732
135998 39445 616193 576577 268594 670814 206578 545363 172205 387294 611263 250760 445172 808834 596394 793441 673750 323280 520634 329347 411029 608701 228281 560896 686828 559462 488020 590248 384978 254419 356605 622282 634803 461356 201126 745408 260423 187382 124291 573789 751612 375844 257623 96388 326435 403845 576255 335301 151844 659888 611453 111391 307996 694931 999999999 535951 228666 261131 605980 302246 757965 161970 900486 334421 318578 482013 449578 238309 689695 445729 490859 676740 353013 575544 67796 557190 690373 368637 209374 873781 531134 472874 105659 312980 265508 495475 754121 627022 167697 263861 205633 399254 336410 846881 477517 516201 634102 586325 692754 800422
530004 536913 160419 275408 793117 329020 732336 743953 633162 921218 436159 748904 457775 1001014 590614 433765 168628 436104 333865 507623 156004 262546 328338 453933 837463 803046 742177 318214 673216 426794 179529 115487 911295 230019 385376 911825 673632 531241 472265 112613 779884 183205 300752 522491 858606 723230 579816 862824 532268 311578 299919 646733 237285 319679 535951 999999999 659543 699862 885796 835502 797460 633736 566445 321547 574578 239223 232520 761719 894586 718940 852635 898627 505037 691247 603168 604208 407864 167332 623900 629505 124924 820331 476139 290412 731743 296512 834115 564242 677368 466372 711048 398217 221681 1040496 78668 746426 227632 719906 203610 1014691
