NAME : synthetic_000462
TYPE : CTSP-D
DIMENSION : 100
GROUPS : 8
RELAXATION_LEVEL : 1
EDGE_WEIGHT_TYPE : EXPLICIT
EDGE_WEIGHT_FORMAT : FULL_MATRIX
EDGE_WEIGHT_SECTION
999999999 610409 63920 320098 661941 550417 763638 734203 317531 885596 365231 247278 700455 533969 257922 652439 404870 317096 198540 750499 294518 400730 469903 413350 549614 543012 681717 321528 415658 820613 597249 776307 538072 698413 340962 524981 70439 381614 556685 407983 569544 272498 871353 135569 466987 935340 247018 863685 393519 143102 140887 232533 768422 106870 811402 345411 673596 259545 877570 769369 557709 249424 821397 669138 763306 596027 249542 555423 369308 192830 427525 886751 788810 610254 493552 833544 662822 111346 413084 313514 633528 502721 609627 286140 799816 299301 872868 261951 686081 834946 707287 650751 119715 512837 199463 796009 323939 910119 432970 494016
610409 999999999 633725 428509 363573 324673 545435 333456 296109 346808 583436 570922 432338 761030 358351 470045 516949 310528 508483 311578 674980 473550 145786 535564 74474 453445 488325 375285 531052 417270 538950 321868 78570 348761 389628 746780 624875 295727 264029 493470 74775 350945 381541 701966 447428 471949 631442 263259 731076 597685 722339 464592 558736 703211 216204 738705 125734 672480 305103 405894 431583 681840 216669 661420 188255 210180 361395 569769 735559 520833 523022 412321 246103 847600 227490 304216 297039 534702 814596 465694 27563 834341 325038 520364 224086 396154 281455 537677 183151 335213 108274 501620 506578 204569 551688 203154 543323 413669 367725 201337
63920 633725 999999999 300770 713086 601166 737383 780982 337647 890256 429068 311158 682213 477095 293374 628187 368621 355073 173260 747530 355850 461134 498156 476071 577478 601319 656890 313682 377654 869260 563637 773933 558622 747542 394782 468782 130585 382773 552554 469259 599088 311102 914262 178919 525777 929097 191173 880224 333227 93786 175676 215275 741140 70185 827204 403856 686397 320091 887707 819533 534434 308805 848031 626919 795181 637901 273899 516975 307856 164357 390763 931231 825060 550910 495615 872037 709608 102781 349432 373206 658145 440398 659559 348697 832173 351861 886897 223333 723269 835771 734467 623185 171296 516952 262945 811530 283367 953017 486791 499702
320098 428509 300770 999999999 654631 553781 444459 685098 197543 611583 561888 468999 381821 361654 255560 332642 127564 294632 127758 457029 559769 524160 337704 569864 400302 618734 362066 58172 143907 779259 290044 483993 350958 670857 415013 347869 377059 132806 264651 541654 426856 277384 784360 454137 559406 632895 212581 633780 303730 221784 460981 87575 449861 364489 580347 623629 436669 534072 622186 744082 237804 531319 640545 385200 614477 526645 201036 264655 307057 137760 146811 809872 663986 452082 227264 719700 620662 208805 386103 448804 456014 412199 598236 465075 651265 377928 632403 115406 575553 550390 536766 333009 298244 252742 419809 564396 116166 820838 483363 242647
661941 363573 713086 654631 999999999 111960 900372 103986 458612 677779 420689 484874 788097 1016284 437820 813178 775210 378417 669566 674348 556578 306682 336842 345648 318760 180060 835397 597245 791551 164535 859160 682769 388681 50439 321968 1002481 636250 544068 602591 315292 299236 415283 254196 687291 236766 822554 802369 538521 939300 725731 713445 642034 913106 768803 515966 600126 485419 574673 615517 108578 755049 591055 401072 980924 308587 155462 482022 872778 931973 679195 789307 254209 268599 1106709 540316 270893 72988 644303 1003378 369529 352785 1055632 56766 421660 321883 362656 571224 730692 213170 685267 341879 840568 543017 526721 501068 510687 764015 288233 231455 512504
550417 324673 601166 553781 111960 999999999 835180 192660 356320 663865 334808 383495 725167 914765 327709 740800 677233 269739 560797 632785 463965 214845 257209 264813 263299 132370 765043 497436 693708 271717 775748 645180 327703 149568 211603 901157 526520 451302 533161 227979 251344 304837 342676 580453 155094 796390 692978 543915 832116 614494 606334 535210 847248 657286 511594 513636 450392 478135 610266 218984 674792 493555 423087 895621 332486 127511 373779 783577 823702 570088 692642 349991 314574 1005151 464028 335587 125889 532867 894072 265098 322246 949092 60156 320154 356389 251308 572812 624041 227963 659253 337739 765485 431290 454368 394906 503158 660195 379871 123697 437451
763638 545435 737383 444459 900372 835180 999999999 878888 556099 423877 967998 893802 113097 474956 648425 112803 376848 655645 566393 280841 992518 898274 579162 955114 581621 944112 83093 457664 372861 960992 190709 293705 511983 891925 786182 465509 821478 437132 302343 918541 601779 662937 907899 898357 907904 326372 589893 556789 564483 648444 904259 531577 13972 794155 522455 1058525 444831 970483 485795 951280 207202 969731 660318 231113 696930 745104 602625 256457 591139 573887 357494 941343 766154 522002 375988 821839 838995 652363 652848 843024 563969 598608 854005 875204 721613 762253 530805 517870 726789 353003 615631 114710 735525 381773 849026 512413 464899 933497 820944 400327
734203 333456 780982 685098 103986 192660 878888 999999999 496281 613267 520105 576018 765791 1044049 494156 800983 798779 432110 717752 633152 653595 403099 350364 446196 308917 283606 820543 626928 814678 94172 859957 637787 378158 53780 401329 1029961 715447 563906 591420 413599 284367 473355 152260 772090 335966 765427 851295 462948 980526 783303 797776 685242 892191 840661 448108 699831 444225 669500 545757 73058 753315 685270 318528 982902 229779 158457 531737 881388 976359 728334 810474 157335 177083 1133962 538949 169522 71410 703828 1050714 457751 315871 1094431 133709 512639 234706 438240 497529 772344 155207 630257 282759 831161 614488 521297 587102 445408 798789 188195 316165 510708
317531 296109 337647 197543 458612 356320 556099 496281 999999999 576806 412087 347408 463066 558541 95627 446542 322512 104678 226156 459253 451820 347886 166155 401515 243100 425560 475192 142137 339032 590178 447652 482827 221345 477620 234926 544890 341828 119727 279984 367337 266670 107134 608328 422622 371698 647541 358270 546154 484337 306502 439838 189679 565325 407267 493922 519139 357558 436854 562646 551466 361199 440701 511167 559670 463717 339122 69380 441708 480267 237715 339267 630813 501460 648955 203437 553199 429163 239039 555461 286996 320791 599011 401981 320797 501098 206742 555740 276076 404215 533266 398239 461178 226079 215067 309725 478578 305467 646188 290804 193579
885596 346808 890256 611583 677779 663865 423877 613267 576806 999999999 926260 900947 344150 832707 663057 425071 634649 630493 729998 169712 1006979 819436 475763 881615 419635 795426 421607 580722 641820 669489 539019 145194 383231 648001 729639 820029 917736 507499 347329 839568 421073 663255 579523 999015 793969 161387 820544 166602 866547 827293 1015266 683175 436913 959578 165550 1072745 230841 999605 76560 683141 460222 1006602 310163 634042 386057 539617 645776 599316 883122 741841 627661 613606 450732 901574 394721 493279 605077 787708 959398 804502 343190 940328 652039 856208 392933 729409 131230 724810 465624 73765 335910 460366 802883 373492 873927 168008 700669 593348 714420 391664
365231 583436 429068 561888 420689 334808 967998 520105 412087 926260 999999999 118043 874329 872106 320162 857686 683911 317375 492885 845623 139881 120794 451597 76436 509032 247853 886629 525190 699009 582187 846207 865468 544678 469578 197610 861025 306581 530908 685844 106974 513001 305077 672361 319194 184214 1029774 594191 839075 746105 490810 344944 496215 977002 455980 797023 179727 695831 166094 888534 523439 769555 184278 739619 947073 654682 445341 369482 826513 725771 495522 705405 674749 646748 955781 607202 670381 459136 418887 776428 127225 593772 860542 388317 96868 683142 208727 861992 569632 552479 901217 637978 870225 286364 612189 167137 785150 626712 707889 227456 590365
247278 570922 311158 468999 484874 383495 893802 576018 347408 900947 118043 999999999 807443 761431 251799 781634 585620 271081 386467 801610 106301 183042 428304 174558 497583 330532 811135 439742 599963 649406 758095 823706 518731 530069 190308 750828 189220 459999 627381 182047 507556 243990 725896 211809 256046 989152 480063 833508 631495 375684 238317 395800 901720 338833 787089 173128 670967 102356 872151 592471 690058 114254 751492 852389 673929 472482 291840 732355 610200 387711 607773 733326 678135 843469 550343 710270 508742 307280 659170 119829 586172 744848 442477 63399 706113 174857 852298 462820 577683 867302 642504 790435 177730 559825 52215 773754 522013 763308 261062 537929
700455 432338 682213 381821 788097 725167 113097 765791 463066 344150 874329 807443 999999999 500040 557702 83718 345122 558442 508953 183692 909095 798259 470530 856563 469466 836830 77631 382565 346129 848067 200439 202362 400204 779041 687409 488407 753004 347446 194991 818779 489198 570110 796644 832487 803748 285830 556454 459550 560839 598758 841121 468906 126457 744045 420881 975935 333499 889646 396797 838188 154169 890473 553564 290121 586038 632718 515818 265650 583372 518115 330383 829898 654928 562223 271842 711092 726195 589712 653131 747951 450966 616055 742373 783863 611765 666502 436854 472931 613801 270481 503928 117116 658159 274441 765265 409598 428559 822982 716498 294192
533969 761030 477095 361654 1016284 914765 474956 1044049 558541 832707 872106 761431 500040 999999999 602694 416434 246423 650646 381370 663160 826854 861716 694087 897912 748267 971737 429960 419188 231218 1138020 299858 687614 689189 1031856 760245 14263 604381 480904 524615 876684 775020 626035 1134244 653886 907058 783868 286956 911056 153535 391587 645814 389720 469387 497927 861700 879375 729924 792927 870774 1104733 374111 783353 956528 256628 948989 885790 549626 234809 185359 377371 238125 1161754 1005802 90434 534898 1063307 981082 454169 207753 777983 788151 126135 959882 778240 983969 718986 898457 305660 925401 759901 865877 385740 585820 559540 709251 846876 257086 1169259 837201 559930
257922 358351 293374 255560 437820 327709 648425 494156 95627 663057 320162 251799 557702 602694 999999999 537668 382844 62409 234121 552556 356464 268896 214297 317186 293592 369095 566715 210171 399018 585309 529302 575534 291477 465954 159721 589800 266535 211428 375582 286841 312377 23586 622288 344086 305491 740713 365401 618170 507172 289433 364039 213823 657196 358841 567625 423785 437985 342498 643207 539665 449497 347159 565107 635676 505384 345901 54566 515677 497089 242895 402368 640581 532174 692005 298706 578670 423447 209720 566474 198200 379765 624938 381729 226819 541908 122768 631325 301650 430040 623273 450980 550127 148285 309146 215206 552899 345665 660971 235160 287389
652439 470045 628187 332642 813178 740800 112803 800983 446542 425071 857686 781634 83718 416434 537668 999999999 275256 547705 456127 260016 879924 791358 483591 847151 496004 844341 29712 344871 273891 887086 116726 281194 425599 809080 678736 404896 709397 326988 210771 811409 518374 552886 845163 786773 804428 368309 488967 531078 481919 540809 793233 420031 120092 686729 488974 945847 386240 857725 473905 872154 94862 856931 613786 213136 636994 659311 490921 182381 505715 464094 258123 877593 704303 478793 276974 761675 755573 541096 573511 733477 491684 533238 764222 764217 665421 653199 510883 411466 653195 351312 552754 36355 622722 287135 736527 476511 361856 873713 718039 303354
404870 516949 368621 127564 775210 677233 376848 798779 322512 634649 683911 585620 345122 246423 382844 275256 999999999 421781 208648 467983 670283 651040 448467 695493 501893 745918 301350 180377 16520 892576 195405 494638 443694 788375 542442 232198 469929 234953 298209 668255 528654 404850 887946 540062 686970 623111 213832 687597 232668 276301 541822 189923 378739 420320 635900 731632 497499 641731 659844 860683 191357 636821 718284 268237 705198 640835 328281 150935 248519 212554 22782 915348 760538 335581 293725 817795 736938 297917 325038 574158 544296 321176 719303 587091 740743 504884 679815 145297 679028 566098 623150 262424 409841 319239 534838 620414 88216 923120 610560 317117
317096 310528 355073 294632 378417 269739 655645 432110 104678 630493 317375 271081 558442 650646 62409 547705 421781 999999999 291240 532787 377370 244130 164742 299532 241672 324141 575883 242777 438239 523630 552300 554113 250342 404926 131187 637385 319171 222765 368518 263927 258058 44598 559958 393415 267498 719461 423961 573175 562488 351211 414991 266034 665402 419669 524166 443884 401431 369127 604742 478826 464487 376488 511072 664101 447582 283537 104056 545726 554004 300782 439756 578172 471756 740640 289850 517328 361586 271993 624962 190242 329849 679680 321964 232449 483686 108652 588788 354827 369188 596280 397345 563886 202713 295189 244192 510010 394045 598655 188779 273294
198540 508483 173260 127758 669566 560797 566393 717752 226156 729998 492885 386467 508953 381370 234121 456127 208648 291240 999999999 580615 464655 481542 390995 516543 465008 599079 485108 149447 220804 810857 398945 607374 430128 694438 384397 369654 261614 227305 386181 495925 489880 257566 834208 334087 530714 759218 133558 736935 273466 97297 338301 47032 570764 236900 683315 524497 539689 434764 734413 768530 361900 429085 725030 476071 685756 562662 187602 359565 263037 12447 231430 856140 726658 467878 337180 779065 648730 89347 333978 396832 535020 391465 613011 397829 723167 341619 739411 76748 630287 671786 615079 452899 208746 360764 334515 667373 135852 872178 467512 346286
750499 311578 747530 457029 674348 632785 280841 633152 459253 169712 845623 801610 183692 663160 552556 260016 467983 532787 580615 999999999 907557 750858 400815 812544 369886 757336 260738 433941 474337 706685 371384 27077 311568 655863 648841 650423 790445 369099 194987 771629 381985 557808 639976 872214 739815 188288 660900 276911 698812 677333 885869 534759 294736 815289 241713 974687 189641 895025 213935 706152 290548 899584 382760 472258 429581 521756 524894 430284 716395 591904 459856 674088 499440 733058 259248 552451 605897 646588 791848 719217 321807 770742 636573 765093 450057 639242 253224 566985 477945 98354 354490 296088 680919 244326 767736 232121 537895 662477 654313 265677
294518 674980 355850 559769 556578 463965 992518 653595 451820 1006979 139881 106301 909095 826854 356464 879924 670283 377370 464655 907557 999999999 250515 533477 216055 601191 387094 909560 535751 683712 719525 849810 929792 624438 604495 288880 817317 225274 561967 731675 241408 609977 349762 805454 206552 320075 1095231 540464 936843 688035 435354 229196 481118 999941 363588 891169 67322 776801 37517 977311 661086 787154 53961 850148 938467 769839 564243 393491 819598 663524 463750 692858 809696 769162 904561 655155 797383 589738 378861 703040 213605 689356 796211 520354 156018 800734 279085 956432 538806 670896 973603 742992 886913 261707 665260 143849 878061 600061 841788 346899 643406
400730 473550 461134 524160 306682 214845 898274 403099 347886 819436 120794 183042 798259 861716 268896 791358 651040 244130 481542 750858 250515 999999999 350732 62269 399893 147992 819288 478590 667065 470502 794839 768936 442787 354113 113006 849492 357238 466845 605010 20809 401002 248135 555054 393347 73035 931177 599676 724274 750249 503227 419912 473315 908356 503123 684044 298808 590770 268070 777694 412610 708599 284656 620529 903845 534629 324963 323224 784172 734294 487070 670931 559234 525957 949194 526793 550150 340042 423402 793978 88493 481560 867750 270043 122712 562646 146236 748568 556174 431998 799350 521078 807993 295310 527753 210941 672827 607097 591286 108789 506568
469903 145786 498156 337704 336842 257209 579162 350364 166155 475763 451597 428304 470530 694087 214297 483591 448467 164742 390995 400815 533477 350732 999999999 412754 79715 366757 507948 279793 464331 444109 522588 418323 93081 342949 254251 679958 480554 213548 276819 371430 101150 205548 447831 556815 340410 580547 521306 408631 638653 472557 577598 351607 590988 566510 360215 598372 244926 529064 443870 413731 419447 537778 351499 644121 298145 192952 224322 536500 637908 402830 460149 472504 335679 783828 206896 388366 290306 402892 714971 328752 165749 749626 284259 380856 335443 254582 425138 433981 240490 449924 237385 508498 362484 197546 406775 346376 453153 484937 254011 180249
413350 535564 476071 569864 345648 264813 955114 446196 401515 881615 76436 174558 856563 897912 317186 847151 695493 299532 516543 812544 216055 62269 412754 999999999 462026 171433 875398 527231 711227 506279 846137 830817 504952 394978 169172 886133 361515 521141 664137 42099 462759 298131 598400 384956 110756 993270 628099 784986 779881 527906 411252 513002 964924 510674 745358 254608 653036 240493 839429 447436 762703 258380 678513 952629 591269 381342 370449 832417 761906 520888 716047 599855 578959 983984 585671 599797 387172 450984 817608 121413 543197 896339 315793 127400 618087 195490 809726 592540 487737 861589 580980 862652 318951 587514 214936 734310 646233 633476 169257 566152
549614 74474 577478 400302 318760 263299 581621 308917 243100 419635 509032 497583 469466 748267 293592 496004 501893 241672 465008 369886 601191 399893 79715 462026 999999999 387887 517386 343775 517069 399529 551044 383294 70406 313168 315229 734026 559415 269740 285269 419961 26780 283815 386133 634919 376526 538964 593104 335930 703797 549352 656103 423728 594346 646018 290123 664622 193146 599413 379541 378098 444501 609149 271801 673985 220959 163694 303578 573623 705196 477077 511030 413526 264213 836879 230077 319425 259605 481367 783252 391339 88978 811856 273447 446264 258381 322726 355400 502890 177135 403678 157674 524725 441562 212614 479875 277368 516467 421714 295044 201851
543012 453445 601319 618734 180060 132370 944112 283606 425560 795426 247853 330532 836830 971737 369095 844341 745918 324141 599079 757336 387094 147992 366757 171433 387887 999999999 870198 566517 762379 336192 866709 771178 447520 230456 215277 958784 503554 535478 642276 149321 379057 345707 434181 541324 76465 925284 724849 676013 872134 634221 567890 582744 955541 647334 643960 424962 578708 409600 742568 277153 770952 427030 552316 982765 460505 259658 422236 866337 859135 606358 763754 432692 434794 1061099 568498 446333 233793 552475 923367 230249 452887 990209 163723 270692 481557 259021 705126 669861 356503 788652 469995 866091 431510 562676 358366 635459 714663 467667 135372 543788
681717 488325 656890 362066 835397 765043 83093 820543 475192 421607 886629 811135 77631 429960 566715 29712 301350 575883 485108 260738 909560 819288 507948 875398 517386 870198 999999999 374575 299129 905594 131139 279937 447054 830053 706800 418973 738923 355783 232944 839407 539142 581716 860499 816166 831351 354063 515181 535439 502692 569037 822471 449386 90621 714937 495299 975511 399215 887416 474237 892122 124393 886639 624186 212511 651219 680988 520262 198573 527375 492936 283441 893248 719195 488241 301997 776183 776664 570384 593528 762180 509111 549160 787150 793357 678649 681742 513576 439264 671341 347997 567619 44582 652433 310752 766131 483453 388571 888259 744766 327788
321528 375285 313682 58172 597245 497436 457664 626928 142137 580722 525190 439742 382565 419188 210171 344871 180377 242777 149447 433941 535751 478590 279793 527231 343775 566517 374575 999999999 196897 721089 321017 460436 297093 612914 367477 405322 370757 81381 238957 496848 370191 230459 726886 450912 509657 615818 258000 590670 360093 246674 460962 102496 464623 381394 537042 601302 393068 512917 585323 686060 251458 512073 589334 425506 559764 468474 156957 305596 361754 161468 197348 752152 607839 509576 187901 663169 562590 213768 440272 407356 402646 469867 540964 429091 596759 332805 591684 162627 518279 523445 483496 351210 277947 211888 392973 521068 173443 763521 431299 198528
415658 531052 377654 143907 791551 693708 372861 814678 339032 641820 699009 599963 346129 231218 399018 273891 16520 438239 220804 474337 683712 667065 464331 711227 517069 762379 299129 196897 999999999 908429 188319 500829 458286 804536 558655 216970 481438 250784 308308 684207 543816 421090 903026 550532 703300 626289 217039 698065 224733 284705 551659 204163 374163 427607 646649 744667 509129 654801 668614 876772 193388 649609 731127 255309 719264 656814 344452 139816 242334 224076 15797 930577 775076 320030 306860 832434 753028 309820 317611 589861 558341 309311 735674 602225 754665 520946 689613 154588 694198 572611 636915 259006 423758 332193 549007 631243 94906 938076 627017 330732
820613 417270 869260 779259 164535 271717 960992 94172 590178 669489 582187 649406 848067 1138020 585309 887086 892576 523630 810857 706685 719525 470502 444109 506279 399529 336192 905594 721089 908429 999999999 949844 708905 467684 122344 483302 1123919 798233 657646 678909 478144 374205 564012 121724 851148 399476 826384 944415 510577 1074488 874728 877204 778897 974491 927384 504324 760730 520373 738568 597940 59074 842833 755117 362617 1072838 284460 252615 624318 973015 1070078 821313 904053 105223 218930 1227875 629446 185371 162239 794654 1144154 533788 397185 1188534 211689 586194 277603 522367 546470 866193 234401 694342 352258 918112 701040 610896 665059 504125 892951 143621 394426 601263
597249 538950 563637 290044 859160 775748 190709 859957 447652 539019 846207 758095 200439 299858 529302 116726 195405 552300 398945 371384 849810 794839 522588 846137 551044 866709 131139 321017 188319 949844 999999999 394144 482173 861453 682164 288499 660077 331697 275883 813873 575809 548021 920094 732803 818171 484197 403881 635128 374629 471667 735743 371590 189756 615604 589920 913504 473914 823829 583979 928705 107399 820614 704853 122994 717261 709926 477383 67629 400717 404459 173950 951219 781803 362900 321176 839937 807908 487895 464257 727404 563313 418055 806818 750049 748416 650746 617650 340503 719600 465428 632034 86566 588226 338948 709509 576416 282946 951090 734659 349419
776307 321868 773933 483993 682769 645180 293705 637787 482827 145194 865468 823706 202362 687614 575534 281194 494638 554113 607374 27077 929792 768936 418323 830817 383294 771178 279937 460436 500829 708905 394144 999999999 327679 662473 668297 674989 815572 394754 221499 789667 393873 580184 638152 897351 755886 165446 687973 263272 725186 704155 911255 561439 307434 841822 232146 996830 197422 917844 194647 710614 315888 922683 376931 492234 428980 531584 549019 454123 742981 618697 486273 672410 498662 756480 284179 550360 613354 672821 818253 739428 330039 796137 646656 786129 447490 659898 237259 594054 482764 72505 356861 316934 705408 268337 790592 224018 564900 659323 670964 289418
538072 78570 558622 350958 388681 327703 511983 378158 221345 383231 544678 518731 400204 689189 291477 425599 443694 250342 430128 311568 624438 442787 93081 504952 70406 447520 447054 297093 458286 467684 482173 327679 999999999 383549 347301 674926 556645 218181 214867 463397 93792 287181 446559 635330 428333 488497 552898 327082 654142 519981 654641 386074 524602 628429 276164 689847 152498 618557 354406 447979 375273 626509 294901 605166 263764 233938 288533 507002 657969 442497 451123 475542 316850 776803 162275 374151 330001 458594 736874 421565 105671 758828 342169 472983 300378 346251 339923 459319 239885 357002 186482 454391 438488 143245 494481 261426 466275 480680 343303 134337
698413 348761 747542 670857 50439 149568 891925 53780 477620 648001 469578 530069 779041 1031856 465954 809080 788375 404926 694438 655863 604495 354113 342949 394978 313168 230456 830053 612914 804536 122344 861453 662473 383549 999999999 361055 1017899 675993 554730 598405 363611 290916 444174 203980 729724 285395 796628 827844 503064 961259 755248 755681 664423 904956 805216 484152 649201 466222 621629 583057 74107 755897 637746 361848 983984 270566 151543 507076 878882 955442 704550 801337 205276 224580 1122133 540626 222312 53639 674614 1028341 413149 334624 1076555 89440 466696 280138 400027 536756 752527 182870 660118 313187 837877 578900 524995 543875 480089 782586 238506 272792 512469
340962 389628 394782 415013 321968 211603 786182 401329 234926 729639 197610 190308 687409 760245 159721 678736 542442 131187 384397 648841 288880 113006 254251 169172 315229 215277 706800 367477 558655 483302 682164 668297 347301 361055 999999999 747592 314938 353847 495306 132743 322114 137641 546614 371331 146839 832341 509583 649451 657072 420197 396771 370525 796105 447654 605119 350415 498928 292201 694253 430132 595607 304557 561815 792069 483622 283958 214256 672758 643861 391387 561753 557617 489267 848937 416741 523893 331073 338137 708412 76225 402228 775137 271628 132863 515914 44089 670363 456375 388003 703627 454112 695072 223512 419289 188803 592562 503741 584857 92090 397762
524981 746780 468782 347869 1002481 901157 465509 1029961 544890 820029 861025 750828 488407 14263 589800 404896 232198 637385 369654 650423 817317 849492 679958 886133 734026 958784 418973 405322 216970 1123919 288499 674989 674926 1017899 747592 999999999 595418 466736 510734 864584 760777 613107 1119994 646118 894380 772673 278117 897453 149399 382293 638522 377100 460238 491289 847999 870372 715969 783605 857621 1090740 361032 774250 942432 249877 934748 871721 536603 222895 181624 365919 223864 1147518 991540 104258 520683 1049044 967076 443552 209493 766029 773905 133700 946104 766906 969740 706478 885027 293668 911159 747325 851655 374636 574849 545346 698627 833147 244136 1155002 824152 545691
70439 624875 130585 377059 636250 526520 821478 715447 341828 917736 306581 189220 753004 604381 266535 709397 469929 319171 261614 790445 225274 357238 480554 361515 559415 503554 738923 370757 481438 798233 660077 815572 556645 675993 314938 595418 999999999 422249 599168 361649 576978 275799 857805 81779 427096 977267 317425 883725 463144 213467 98152 290472 826912 149621 832559 274995 698985 189710 904298 744683 614543 179116 830073 735981 765818 586200 272472 620838 438296 257412 492687 870729 785317 680276 531402 826645 644616 172314 478947 273841 646206 570979 586566 236898 801442 277337 895560 329102 682108 870978 716162 709842 118323 548547 147377 817571 391272 896391 404849 528531
381614 295727 382773 132806 544068 451302 437132 563906 119727 507499 530908 459999 347446 480904 211428 326988 234953 222765 227305 369099 561967 466845 213548 521141 269740 535478 355783 81381 250784 657646 331697 394754 218181 554730 353847 466736 422249 999999999 176996 486511 296476 225933 655468 503901 486701 555139 339348 510148 436088 323534 516947 180464 446098 452102 456508 628969 312657 543569 507842 626493 241766 545327 508591 447485 481814 406176 168487 332768 439861 239630 246781 682025 532339 570445 112862 588550 502794 280341 518869 406502 323221 542343 489007 438244 518535 326464 512114 243594 446327 453901 403994 341512 316842 134620 418244 440544 248217 691364 402968 119054
556685 264029 552554 264651 602591 533161 302343 591420 279984 347329 685844 627381 194991 524615 375582 210771 298209 368518 386181 194987 731675 605010 276819 664137 285269 642276 232944 238957 308308 678909 275883 221499 214867 598405 495306 510734 599168 176996 999999999 625645 307931 385034 644434 680764 608840 378720 473384 389831 530176 483184 693406 340050 314201 620328 338792 798978 205788 715690 363682 662107 169044 718578 435322 397779 441715 448545 340530 312728 543414 397635 296114 675807 505922 605666 78700 564066 544867 451792 621571 558758 287761 616788 554215 598241 473514 477158 381637 377482 446261 285964 356476 239804 493125 79600 588997 323565 355675 675222 521568 99247
407983 493470 469259 541654 315292 227979 918541 413599 367337 839568 106974 182047 818779 876684 286841 811409 668255 263927 495925 771629 241408 20809 371430 42099 419961 149321 839407 496848 684207 478144 813873 789667 463397 363611 132743 864584 361649 486511 625645 999999999 420669 266519 565808 393673 78671 951826 612193 743182 763234 514490 420217 489070 928571 508942 703362 286482 611122 261413 797345 419794 728277 278528 637876 922272 551273 341384 340956 802438 746660 501106 688335 568886 540860 963783 547385 563562 352165 435444 805163 99857 501125 880477 281424 124983 578709 164077 767776 571032 448159 819862 539472 827807 305777 548466 214437 692272 622796 601594 127397 527258
569544 74775 599088 426856 299236 251344 601779 284367 266670 421073 513001 507556 489198 775020 312377 518374 528654 258058 489880 381985 609977 401002 101150 462759 26780 379057 539142 370191 543816 374205 575809 393873 93792 290916 322114 760777 576978 296476 307931 420669 999999999 301198 359354 651363 372915 546229 618595 327350 730260 573163 673049 449068 614668 667214 284030 672455 199655 609749 376693 354326 469009 620105 253096 698792 197104 143785 325370 599362 731447 501882 537730 386802 238123 863597 255254 292983 237593 504033 809394 398327 80783 838522 256361 454337 234455 332995 349067 528864 150382 409765 139293 547693 459634 236969 492286 272227 543022 394945 294211 227094
272498 350945 311102 277384 415283 304837 662937 473355 107134 663255 305077 243990 570110 626035 23586 552886 404850 44598 257566 557808 349762 248135 205548 298131 283815 345707 581716 230459 421090 564012 548021 580184 287181 444174 137641 613107 275799 225933 385034 266519 301198 999999999 603360 351282 282713 745591 388550 612516 530702 311087 372288 237349 672009 375255 562708 416939 436153 338128 640748 517734 465991 343984 554293 655768 491898 326917 77024 536037 520478 266233 424112 621011 516342 715413 307234 561728 402422 230643 589585 180872 371263 648488 359359 213847 528093 102752 626914 325230 413731 625769 440363 566424 158641 315920 211273 548251 368973 642093 211620 294003
871353 381541 914262 784360 254196 342676 907899 152260 608328 579523 672361 725896 796644 1134244 622288 845163 887946 559958 834208 639976 805454 555054 447831 598400 386133 434181 860499 726886 903026 121724 920094 638152 446559 203980 546614 1119994 857805 655468 644434 565808 359354 603360 999999999 917899 488226 739819 966584 414992 1086419 907596 943198 797478 921726 976738 418164 852087 463183 820681 504918 171061 812825 836206 269563 1042212 211186 276454 653435 951036 1085631 845526 896651 34375 141747 1222570 607100 87877 217160 830825 1162356 606819 356782 1196550 285112 662644 190923 580885 451273 881467 209144 613562 292970 878386 752149 585341 734405 420992 900307 38774 465014 579848
135569 701966 178919 454137 687291 580453 898357 772090 422622 999015 319194 211809 832487 653886 344086 786773 540062 393415 334087 872214 206552 393347 556815 384956 634919 541324 816166 450912 550532 851148 732803 897351 635330 729724 371331 646118 81779 503901 680764 393673 651363 351282 917899 999999999 465874 1058977 369626 962225 506367 271476 26566 366796 903363 163901 911473 238944 779191 169162 984607 795791 691940 153013 904146 802993 836938 650672 353376 690348 478697 328356 562660 928782 852820 724441 613181 891740 702251 246186 508286 318155 722545 606800 640548 270752 871944 338341 974850 396282 749794 952658 790649 785838 197277 630281 186273 896625 457907 956179 456933 610213
466987 447428 525777 559406 236766 155094 907904 335966 371698 793969 184214 256046 803748 907058 305491 804428 686970 267498 530714 739815 320075 73035 340410 110756 376526 76465 831351 509657 703300 399476 818171 755886 428333 285395 146839 894380 427096 486701 608840 78671 372915 282713 488226 465874 999999999 914776 654045 687226 802727 561318 492428 517343 918724 571028 650473 363911 569668 339676 746870 341162 726407 356590 574196 931363 485215 276090 359731 813211 788633 537382 705727 490620 469667 995776 532384 489240 276427 480020 851324 153868 451526 920717 205040 195127 510599 189097 713810 603144 380977 780136 481358 823863 356705 529759 282152 640430 650447 523675 87303 509594
935340 471949 929097 632895 822554 796390 326372 765427 647541 161387 1029774 989152 285830 783868 740713 368309 623111 719461 759218 188288 1095231 931177 580547 993270 538964 925284 354063 615818 626289 826384 484197 165446 488497 796628 832341 772673 977267 555139 378720 951826 546229 745591 739819 1058977 914776 999999999 827875 327990 845339 854659 1072011 714491 336989 995638 322698 1162275 346599 1083122 237783 836654 433134 1087803 470256 555203 541965 677058 713047 550648 866769 769988 610815 774012 608490 841040 446921 653051 750846 829510 938008 904108 474986 901543 791700 951323 551648 824918 292502 737643 613833 137591 483634 398135 868760 432590 955848 322259 701291 754427 831112 453965
247018 631442 191173 212581 802369 692978 589893 851295 358270 820544 594191 480063 556454 286956 365401 488967 213832 423961 133558 660900 540464 599676 521306 628099 593104 724849 515181 258000 217039 944415 403881 687973 552898 827844 509583 278117 317425 339348 473384 612193 618595 388550 966584 369626 654045 827875 999999999 846149 152045 105305 364010 169710 591153 222981 792654 592419 648814 506186 834106 901920 402330 496424 846703 448078 812805 695974 320805 347798 134688 123303 232416 988973 856357 364570 439803 909661 782282 177123 201094 512341 658535 268356 745919 503709 850109 465871 844981 97175 761479 756741 739235 475863 309592 465180 428330 776691 127896 1004390 595817 454292
863685 263259 880224 633780 538521 543915 556789 462948 546154 166602 839075 833508 459550 911056 618170 531078 687597 573175 736935 276911 936843 724274 408631 784986 335930 676013 535439 590670 698065 510577 635128 263272 327082 503064 649451 897453 883725 510148 389831 743182 327350 612516 414992 962225 687226 327990 846149 999999999 918449 831899 981703 690369 570572 950389 53640 999717 197605 935329 90469 529738 540091 944928 147982 744150 233230 416415 614563 686974 929853 749334 685944 448811 292186 988369 406618 330072 465728 778347 1008745 725669 247487 1006558 521414 781479 233086 658650 36283 749045 326231 214937 206402 567427 765543 381039 814947 69608 738316 427339 615785 392296
393519 731076 333227 303730 939300 832116 564483 980526 484337 866547 746105 631495 560839 153535 507172 481919 232668 562488 273466 698812 688035 750249 638653 779881 703797 872134 502692 360093 224733 1074488 374629 725186 654142 961259 657072 149399 463144 436088 530176 763234 730260 530702 1086419 506367 802727 845339 152045 918449 999999999 255841 496572 297268 562122 347141 866217 737064 725727 652842 892488 1035273 413350 641958 940179 375558 917872 822872 458444 308033 32420 265792 238975 1111036 967675 218131 517541 1023220 913426 328946 93134 663393 758634 118076 882554 655738 954512 613823 911737 208759 878168 797138 839136 458824 461599 543544 579946 850568 187876 1123295 740976 537898
143102 597685 93786 221784 725731 614494 648444 783303 306502 827293 490810 375684 598758 391587 289433 540809 276301 351211 97297 677333 435354 503227 472557 527906 549352 634221 569037 246674 284705 874728 471667 704155 519981 755248 420197 382293 213467 323534 483184 514490 573163 311087 907596 271476 561318 854659 105305 831899 255841 999999999 269382 144179 651638 145921 778341 488199 635095 401347 831187 828815 448224 391999 814280 533134 770165 632449 254196 423645 234996 85578 298163 927516 807051 469870 434211 857523 712779 82210 290753 415017 623636 369775 670151 402108 807561 376109 835250 131284 708058 768936 702762 533869 209105 457549 324253 762436 190062 946031 509570 442584
140887 722339 175676 460981 713445 606334 904259 797776 439838 1015266 344944 238317 841121 645814 364039 793233 541822 414991 338301 885869 229196 419912 577598 411252 656103 567890 822471 460962 551659 877204 735743 911255 654641 755681 396771 638522 98152 516947 693406 420217 673049 372288 943198 26566 492428 1072011 364010 981703 496572 269382 999999999 373411 908888 150518 930626 257262 797107 192108 1002393 821968 698539 175303 926030 802399 859866 675159 370462 691359 468087 331716 564254 954347 876740 714258 627282 916194 727801 252197 494092 344469 743338 594185 666452 297309 895070 363101 993686 397078 773636 967667 812334 791106 216161 645067 212542 915662 458070 981529 482894 625323
232533 464592 215275 87575 642034 535210 531577 685242 189679 683175 496215 395800 468906 389720 213823 420031 189923 266034 47032 534759 481118 473315 351607 513002 423728 582744 449386 102496 204163 778897 371590 561439 386074 664423 370525 377100 290472 180464 340050 489070 449068 237349 797478 366796 517343 714491 169710 690369 297268 144179 373411 999999999 536711 281154 636738 543407 493013 453518 687386 738496 325240 449554 680846 457611 643904 528630 162407 338480 291210 59231 212244 820354 686696 478563 290153 739954 617260 121231 365809 391835 491370 413891 585286 399721 681267 329444 692570 88835 591861 625367 571753 419431 220044 313741 344919 620787 133783 835150 448968 299370
768422 558736 741140 449861 913106 847248 13972 892191 565325 436913 977002 901720 126457 469387 657196 120092 378739 665402 570764 294736 999941 908356 590988 964924 594346 955541 90621 464623 374163 974491 189756 307434 524602 904956 796105 460238 826912 446098 314201 928571 614668 672009 921726 903363 918724 336989 591153 570572 562122 651638 908888 536711 999999999 797175 536372 1065791 458626 977540 499258 964536 213473 976559 674290 222757 710780 757894 610881 254376 589212 578024 358946 955152 779980 514492 387188 835704 851976 657240 649799 852314 577417 593609 866517 883890 735526 771699 544469 520780 740248 366287 629401 117965 742280 393499 856591 526356 466920 947381 831846 411819
106870 703211 70185 364489 768803 657286 794155 840661 407267 959578 455980 338833 744045 497927 358841 686729 420320 419669 236900 815289 363588 503123 566510 510674 646018 647334 714937 381394 427607 927384 615604 841822 628429 805216 447654 491289 149621 452102 620328 508942 667214 375255 976738 163901 571028 995638 222981 950389 347141 145921 150518 281154 797175 999999999 897381 402124 756564 326267 957700 876236 594058 312071 917019 669877 862754 700877 342614 564847 318087 226752 441674 992663 891011 564306 564860 936979 769260 172759 344407 417174 727429 443716 716477 384969 899608 406154 957075 276404 788746 904384 803282 679519 226352 586483 295880 881711 332736 1015512 539590 569453
811402 216204 827204 580347 515966 511594 522455 448108 493922 165550 797023 787089 420881 861700 567625 488974 635900 524166 683315 241713 891169 684044 360215 745358 290123 643960 495299 537042 646649 504324 589920 232146 276164 484152 605119 847999 832559 456508 338792 703362 284030 562708 418164 911473 650473 322698 792654 53640 866217 778341 930626 636738 536372 897381 999999999 954745 143989 888539 99704 517663 492595 897693 149428 701453 220526 384808 562579 639860 877237 695712 634770 452484 285917 940119 353271 330873 443004 725201 956224 681304 203290 955523 493972 736386 228988 612351 65277 695570 302882 196182 175555 525209 714519 327625 766986 15976 685397 435031 576167 338698
345411 738705 403856 623629 600126 513636 1058525 699831 519139 1072745 179727 173128 975935 879375 423785 945847 731632 443884 524497 974687 67322 298808 598372 254608 664622 424962 975511 601302 744667 760730 913504 996830 689847 649201 350415 870372 274995 628969 798978 286482 672455 416939 852087 238944 363911 1162275 592419 999717 737064 488199 257262 543407 1065791 402124 954745 999999999 842313 89917 1041934 701807 852760 96361 909415 999845 827310 619744 460530 881626 711187 522800 754309 854288 823342 954728 722477 848904 638513 437130 745740 274311 752322 842071 567904 218358 857244 343794 1020021 597312 726846 1040160 803784 952253 325427 732538 210726 941858 659061 887577 401151 710677
