NAME : synthetic_000547
TYPE : CTSP-D
DIMENSION : 100
GROUPS : 8
RELAXATION_LEVEL : 1
EDGE_WEIGHT_TYPE : EXPLICIT
EDGE_WEIGHT_FORMAT : FULL_MATRIX
EDGE_WEIGHT_SECTION
999999999 132014 306864 579022 592202 590108 485023 256425 444011 368600 610432 558735 351003 517560 230145 255787 793005 396685 312815 704242 612979 369991 351671 501090 212135 733164 502134 334692 359259 419562 357595 658674 599134 779308 536208 529292 514141 584121 422111 663983 126471 139574 678578 498260 261644 388680 308297 691277 265025 655639 662399 326465 498441 799787 636933 676073 390181 681198 627743 386176 279115 742020 718755 201422 303492 400284 225924 347123 42537 466981 231891 330289 144146 241696 390823 231379 108006 425408 463618 793947 429225 613221 477373 294095 454547 599811 593469 687519 404617 173101 223904 444354 133959 589628 453682 529406 210619 392019 542981 542078
132014 999999999 435622 710990 666326 720547 461555 304557 349760 286269 523700 454135 478642 551847 259257 260280 800764 528401 382509 775287 500657 461962 468915 393696 339636 789721 505893 427874 455909 551282 242220 617691 673442 681108 554994 595348 390406 588486 523562 572913 247715 236974 617332 527867 327746 264056 433871 664976 289027 555151 653610 438398 622339 695517 542482 714679 259975 675553 550237 255027 404722 774671 662325 332882 431077 369947 159818 395931 114007 506899 161719 461702 241181 111732 263876 189817 232636 296980 415184 799995 519464 584318 560150 241820 586057 721518 722711 764342 375565 228277 318526 561790 89641 546825 341481 646988 172927 521177 670185 672488
306864 435622 999999999 299088 598536 338000 701925 312264 736467 656104 891609 855836 45742 633657 437412 391499 928562 111208 411309 702579 914541 382172 266767 800851 177959 766911 676345 358893 360284 131533 662770 884157 603728 1067990 679153 569879 820832 746239 380229 947921 242212 299454 929418 627171 392969 670644 33297 893187 361937 948121 838638 282890 318188 1093735 924554 759387 695573 850438 899162 682057 43160 831162 961701 111667 173588 636740 464959 476649 322900 581634 472911 122144 299940 547109 697557 506619 240942 731817 713323 932706 425179 824965 482869 566599 200533 416438 354221 671265 536020 375917 312818 320065 399642 822260 756632 382295 426855 85601 328612 294950
579022 710990 299088 999999999 579442 83424 853580 606378 963059 880555 1095939 1085316 272351 708050 627970 689510 979446 189418 535910 652416 1151483 450640 327430 1036961 381938 740438 793843 450670 431277 167795 915479 1026793 581583 1277180 768802 591319 1077679 842970 398788 1153789 475825 516050 1095745 714041 548502 960715 319322 1011633 657739 1166902 937498 368926 211617 1311232 1136569 781543 966055 941438 1090814 964730 341348 848659 1117495 380931 299560 813491 761481 601329 604678 666068 769341 251397 514146 818832 962182 731773 485232 998291 894124 986277 457063 958999 499380 782856 129541 240284 116447 612649 829176 581961 480142 288692 689897 976939 1000804 276521 724768 226792 156351 88953
592202 666326 598536 579442 999999999 510677 441106 811495 681764 618222 731837 783672 624222 214517 415407 840957 411735 559184 284223 112485 857749 232062 331899 763111 456729 169778 339468 265528 249970 565332 721017 558039 7131 897062 276282 79727 857344 340094 218476 783333 483902 452796 656089 239270 338852 908816 630499 509083 839005 824074 419575 319447 368623 945819 782776 208007 818986 413198 700508 870592 621714 270815 656718 548516 425033 466135 810947 279943 634604 214083 815576 482358 448254 719174 794444 532618 504258 828481 526949 419890 177380 488474 120321 537696 500710 366987 482061 98426 995035 438270 370242 304932 718453 537797 758075 304389 801980 618389 424926 490489
590108 720547 338000 83424 510677 999999999 815764 650222 946919 864874 1070342 1068803 320533 654561 607493 728197 916612 227625 501174 577264 1137267 407040 295811 1023564 382312 667448 748424 413032 389877 210201 910574 983913 512227 1251570 717327 529920 1072857 791655 347000 1128116 476700 508943 1058489 663221 521452 977528 363521 962897 699846 1145608 885173 338161 152290 1288297 1113167 715982 969320 887300 1061168 975574 381157 781315 1077080 401157 292647 783578 787313 563488 620180 616018 794964 261081 506387 824596 962374 719390 489140 999058 863869 923883 404083 914813 440550 766157 140543 158954 33226 536949 873993 568182 460658 237128 709689 937926 991123 206425 753449 279107 87628 48060
485023 461555 701925 853580 441106 815764 999999999 738944 273355 242337 290732 352930 745324 228811 269449 716553 356502 734684 317793 508037 425369 409351 526156 346202 525723 467618 105659 403601 425891 752669 365302 182245 446595 459713 178267 366182 456746 159283 475789 342875 468118 408450 242737 202188 314446 609293 721379 206564 738120 383304 196223 484932 666771 506409 341722 350656 472187 220346 261969 549547 697320 383601 264968 598108 573165 92041 618191 252624 512429 231375 618583 639188 406849 441652 438740 271968 477089 463743 95911 353427 425176 128380 413839 223808 732181 723331 798734 522179 836241 334309 393357 580620 548182 123711 359486 638675 634441 767759 732798 776442
256425 304557 312264 606378 811495 650222 738944 999999999 653727 590335 828104 753225 334028 767127 486084 93594 1048089 422850 549785 923535 792549 579659 512133 691865 362594 965612 758431 545980 563084 441757 538153 908352 817982 981838 790314 758786 666936 840204 611938 876565 330510 374668 917994 749797 504495 436378 287734 945506 52995 855549 918768 504974 615130 992431 845387 921386 522197 937623 854530 473878 269137 989527 961273 282474 428980 651659 221237 594596 226541 715126 228406 412235 378625 395203 539238 474610 311181 564563 708763 1049310 636653 866544 691618 534602 512306 717933 666176 900593 223772 426421 446886 592621 219213 838223 636990 669125 176813 379966 636292 607061
444011 349760 736467 963059 681764 946919 273355 653727 999999999 82516 175016 122257 782160 484874 340203 599351 614917 804808 467164 764723 191112 573525 653683 82304 586640 735413 373435 552543 581754 826483 133546 340221 688159 335332 446087 602322 183560 432040 647230 223201 499123 449815 297491 456004 431666 380271 744618 414749 633602 212149 448533 612143 813424 357409 193718 622407 224637 474450 209294 311880 716120 656886 347588 624870 663544 216883 469632 425813 449251 468984 466662 717743 451102 268536 188684 232817 496652 203526 178448 609967 611483 342376 621704 180782 833718 892647 938215 772444 678454 381098 486265 732333 435120 278126 86743 807292 501698 817350 875130 901452
368600 286269 656104 880555 618222 864874 242337 590335 82516 999999999 242042 204764 701837 431501 259011 543479 597381 722768 389720 707051 272474 495955 572250 159884 504356 685813 331139 473582 503143 744362 122998 352749 624851 412646 401100 538495 239258 399903 569676 295454 417521 367513 334509 402525 351773 370983 665200 416448 574721 292116 433313 530919 732486 437835 269416 579009 229860 458621 264230 308519 636931 620586 381712 544439 581033 165664 421538 352973 377674 408976 419733 635342 368741 223971 196738 150745 415685 223722 159330 593687 536422 337984 550357 98860 751205 813295 856537 711614 636837 298595 404237 652125 374799 283894 140793 728254 448873 736311 793739 819266
610432 523700 891609 1095939 731837 1070342 290732 828104 175016 242042 999999999 121714 937292 518908 468886 774322 558061 950274 572174 795299 167997 674983 774570 167485 731076 745859 394080 660991 687652 971005 303253 249786 737312 181339 463792 656568 273511 422456 746465 57858 650096 595797 163132 492793 549084 533950 902807 335321 808590 94708 400430 732205 928077 220328 51641 622906 375710 424839 55988 463636 875022 638919 211471 780231 799606 289393 643640 516932 619470 520985 640400 859055 596239 442849 341549 385896 650737 343055 212333 550760 701573 287511 698237 325024 968337 996238 1057681 811591 849493 521586 616112 843351 609867 217730 220756 910417 676467 969333 992599 1027171
558735 454135 855836 1085316 783672 1068803 352930 753225 122257 204764 121714 999999999 901435 578119 461615 690559 661380 926288 585037 859091 74192 691166 775037 61581 708498 820337 458304 671609 700415 948072 215199 359888 789749 228969 531171 705254 152063 503077 764667 141140 620197 571730 283183 550013 551856 422177 862815 443735 727938 102924 498118 733319 934210 241755 105131 701465 266329 523599 176408 352064 834081 726577 332467 744448 785797 319036 554423 539662 559980 569589 550202 839753 573091 358746 234854 354651 617017 229608 259212 654892 726428 385051 732668 302864 955969 1011670 1059733 870507 750837 503354 608210 852409 534268 314465 118166 926053 591109 937508 996364 1023474
351003 478642 45742 272351 624222 320533 745324 334028 782160 701837 937292 901435 999999999 670367 481977 418144 964722 95356 450463 725582 959902 414414 292984 846309 219998 793532 717220 393356 392210 110373 707595 927488 629102 1113730 717653 600115 865140 785749 405903 993632 287691 344558 974044 665040 434738 709175 48773 934957 385485 993843 878730 313818 321884 1139448 970295 791623 738593 889923 944621 722846 75763 863371 1005883 157406 202679 681316 500398 516643 365312 618872 508403 141936 344932 590301 741300 552358 286665 775290 758235 969142 453962 867615 511038 612292 190102 415083 340301 692797 557004 420945 354482 335603 439043 866144 801817 390122 460873 46976 322971 280875
517560 551847 633657 708050 214517 654561 228811 767127 484874 431501 518908 578119 670367 999999999 295057 772737 295089 631776 226946 281071 651576 264955 396633 563818 460968 255021 125193 278706 286875 644854 545755 349062 219540 682559 65649 145397 666165 138409 309334 569490 444370 393381 443373 29005 263938 762571 660721 311861 781993 612003 230661 363515 502389 731517 570162 162877 650114 233392 486210 713997 643266 224924 447529 550969 471971 268681 709480 172701 556207 53204 712353 539440 389688 575989 621243 382310 461147 652244 319024 299060 251212 278467 217247 367497 601961 536220 631675 293445 915455 344645 333619 419822 622904 323823 566434 457263 711807 679589 567318 622695
230145 259257 437412 627970 415407 607493 269449 486084 340203 259011 468886 461615 481977 295057 999999999 481258 562989 483739 142820 521025 531197 244578 313487 418820 266226 530752 272534 218186 248389 503819 327996 450665 422525 649776 307166 340677 483547 354120 317172 526636 199187 139619 492067 272937 95463 493450 454657 471147 494406 539207 434545 271968 473474 683270 508631 457239 414440 452383 468324 457518 429624 519634 524630 330522 330720 199343 414966 137945 265450 248224 418111 390971 138398 303931 395090 126748 207641 431390 276907 563840 292958 396665 320707 160301 499749 555671 598120 513806 620817 64953 147897 393559 327853 386254 392562 471299 416818 508700 534927 562623
255787 260280 391499 689510 840957 728197 716553 93594 599351 543479 774322 690559 418144 772737 481258 999999999 1042771 502691 566812 953434 724049 612242 562183 628986 409870 987167 748794 577344 598077 522808 476070 877444 847723 919436 788398 781857 592842 831628 653464 819685 357863 390637 876727 752684 516891 348011 370327 921977 44295 793467 904068 548763 679928 926116 787024 931819 446763 924615 805353 390729 348611 997452 922248 342166 486701 626169 140165 602884 216557 722554 146184 480242 395032 332760 467392 445494 337279 489509 675175 1043071 670943 841690 723077 501123 588462 783787 741866 933830 157367 428117 470868 648175 170708 806629 572741 728419 99631 464842 707115 683494
793005 800764 928562 979446 411735 916612 356502 1048089 614917 597381 558061 661380 964722 295089 562989 1042771 999999999 922059 521126 391017 723380 554230 684739 674856 755936 299289 295097 571748 576573 933721 720216 309621 411892 664987 258534 388147 791914 212298 586023 587366 734232 680012 412179 304673 553408 965796 955794 224427 1057342 647855 166395 654739 768320 720508 605544 203976 826454 140469 505878 905601 938302 153291 382538 845376 764785 444609 960408 462018 828153 347722 961816 831583 676717 795261 792151 613479 749706 814544 440833 10347 528564 276840 480783 575013 883925 778266 889720 427840 1175327 621702 626948 692620 881816 347006 701173 710888 970664 972275 829361 891292
396685 528401 111208 189418 559184 227625 734684 422850 804808 722768 950274 926288 95356 631776 483739 502691 922059 999999999 424380 654879 988903 367940 237652 874290 219288 728886 693621 353684 345658 22882 743987 915030 563423 1129803 684603 544916 904884 755833 344641 1007626 306457 355677 971066 630355 420258 773207 135939 913795 472947 1013883 850419 268261 232036 1159501 987006 739294 786543 859114 952010 780012 154252 810478 998958 195594 163170 680100 572141 492272 419146 582660 580015 95673 354810 638251 785312 572047 311832 820694 759544 927306 398054 851501 452599 628228 94790 321331 245742 619928 646602 428705 342395 258980 501964 857805 833904 303008 535362 64391 228072 186242
312815 382509 411309 535910 284223 501174 317793 549785 467164 389720 572174 585037 450463 226946 142820 566812 521126 424380 999999999 394567 657294 106367 208510 548457 235531 420484 269341 88862 115959 440644 469486 493907 291316 752713 267993 216915 622036 335292 180092 629618 220949 176606 559844 217027 54763 630869 436768 489418 570228 652129 428600 167139 356083 791841 617131 372606 557257 439460 560370 598467 417931 442117 582297 324256 261211 283380 527317 67925 354576 173798 531776 328977 172347 442711 537676 269140 239202 573825 363179 524531 150339 428425 179990 294172 414735 427000 486563 381950 717432 154241 107012 271181 435222 441350 528061 341213 520240 465004 421066 460218
704242 775287 702579 652416 112485 577264 508037 923535 764723 707051 795299 859091 725582 281071 521025 953434 391017 654879 394567 999999999 932408 343885 436203 844393 567071 96534 402549 377715 361085 658791 815579 596490 105777 950917 331532 180391 944454 380704 323301 843282 596358 564965 700505 309492 448848 1013149 735069 534742 951410 889383 443089 427729 447537 1002187 846882 199017 916401 430459 758340 972126 727915 238005 693287 658100 529972 547880 921859 383569 746586 298176 926343 583820 560434 823421 890141 633732 616728 923071 599905 400590 287805 530738 231923 632911 588339 422771 546161 41085 1107406 547907 482677 396293 829605 588828 844678 376899 913703 716130 496072 564486
612979 500657 914541 1151483 857749 1137267 425369 792549 191112 272474 167997 74192 959902 651576 531197 724049 723380 988903 657294 932408 999999999 763566 844621 114705 772517 892140 530953 743289 772331 1010955 258453 416980 863806 207467 603610 779395 143490 572977 837173 161677 682447 636212 329640 623593 622728 429209 919808 502217 763423 100598 562514 803164 1004520 203153 129713 772309 283016 587601 223523 361426 890829 795140 376013 803747 851975 393221 585158 613093 610402 643671 580153 904156 637835 397966 257473 419712 677973 241593 332552 716422 799711 449016 806614 371316 1021975 1083430 1129002 944251 770349 570053 676677 923404 575588 378226 159681 997957 624501 997354 1066098 1091524
369991 461962 382172 450640 232062 407040 409351 579659 573525 495955 674983 691166 414414 264955 244578 612242 554230 367940 106367 343885 763566 999999999 131679 654814 226401 392491 343261 35310 22381 380272 572573 577405 238450 854678 321411 189049 727054 394777 73736 732076 254386 231534 651894 266485 149500 719403 412172 561285 608303 756686 489779 100985 257427 895125 720903 377373 656693 495947 660364 692285 399467 449149 670059 319213 212090 385590 594259 158963 412458 218226 599645 277787 226962 534565 638927 371208 274995 675455 464108 559393 59256 508892 111962 399868 338368 321776 389389 321874 767839 239582 146516 171289 501266 530990 633854 235873 580508 418621 323450 369441
351671 468915 266767 327430 331899 295811 526156 512133 653683 572250 774570 775037 292984 396633 313487 562183 684739 237652 208510 436203 844621 131679 999999999 731815 152332 500772 469802 124324 109877 249020 628033 700382 337016 955831 452432 308748 788873 525311 113474 832360 225247 235252 768353 397602 225653 732970 299002 689465 549296 850087 620336 42369 161657 992522 817389 502364 697924 627147 766238 718063 291994 573800 790257 231722 93790 488518 574572 274102 390832 349412 581139 151862 231618 560879 686227 430707 243924 723275 569016 690140 161795 633388 218240 473397 208764 254106 284791 405962 719453 280856 170014 93000 484815 649563 702596 178267 551663 291451 221489 252950
501090 393696 800851 1036961 763111 1023564 346202 691865 82304 159884 167485 61581 846309 563818 418820 628986 674856 874290 548457 844393 114705 654814 731815 999999999 657813 812153 449153 633140 662559 896314 153736 383738 769450 290543 522208 683802 117784 502510 728546 198012 567835 521537 320007 535105 511587 367056 806783 464341 666368 164483 509139 690619 892273 301828 162742 696824 209372 535014 217206 296712 777899 727642 370510 689825 737502 297320 493008 508033 500781 549845 488851 789457 523182 297211 176357 305213 563573 175587 250295 669121 693485 398462 704008 258537 907438 973036 1015804 853045 690834 455858 563218 812006 473020 329814 57048 887885 529549 883321 953285 977625
212135 339636 177959 381938 456729 382312 525723 362594 586640 504356 731076 708498 219998 460968 266226 409870 755936 219288 235531 567071 772517 226401 152332 657813 999999999 618884 498476 196584 207010 240388 533541 707768 462811 910515 503389 414323 695762 569229 249720 788379 94625 136844 757057 452473 215026 600578 201618 715286 397811 794897 661114 142520 287020 940437 767740 595883 587323 673379 733724 594357 182449 667233 787464 93134 91539 464634 427796 299516 247379 408215 434724 131743 135735 442296 581533 353860 107127 617968 543053 759597 279452 647617 336566 409110 253034 389478 383206 541424 567169 209494 134860 240554 340968 647173 619729 323732 402168 242969 331023 334339
733164 789721 766911 740438 169778 667448 467618 965612 735413 685813 745859 820337 793532 255021 530752 987167 299289 728886 420484 96534 892140 392491 500772 812153 618884 999999999 363100 423294 412400 734757 800776 530712 165469 891966 289989 206857 918164 323712 387630 790256 635223 596579 637179 283779 471947 1013821 798548 461946 989236 840559 371418 485726 532207 944828 797418 125080 904988 355389 704554 967436 788684 146260 624679 711675 593326 521492 942458 393943 774675 287951 946246 651778 592215 825457 876260 632224 654893 907206 562780 309170 342586 469150 284609 621833 668540 515355 637039 137005 1137718 567593 519016 473423 851985 532469 818753 463931 938772 788162 584324 651843
502134 505893 676345 793843 339468 748424 105659 758431 373435 331139 394080 458304 717220 125193 272534 748794 295097 693621 269341 402549 530953 343261 469802 449153 498476 363100 999999999 345566 362672 709550 451754 236526 344613 557688 73119 267495 556838 82941 402200 444314 458127 400317 322983 100779 284035 685483 699555 220343 764881 487555 164394 431157 596807 606380 445458 249259 558559 180359 361065 630376 678213 289949 332682 580551 530463 165929 665644 201628 535571 138664 667205 598300 397658 506964 526929 319985 471033 554860 199783 294763 347217 166581 326200 287453 678556 643149 728526 417561 880231 334598 363720 511300 586766 201547 458114 560597 675574 733832 662885 712328
334692 427874 358893 450670 265528 413032 403601 545980 552543 473582 660991 671609 393356 278706 218186 577344 571748 353684 88862 377715 743289 35310 124324 633140 196584 423294 345566 999999999 30334 367679 545475 576326 272049 841572 331068 217833 701719 402970 100044 718460 219494 196373 646243 276690 122807 686414 387845 565438 573902 740450 497866 86223 267222 880560 705761 401392 627211 505750 649084 660633 373508 473072 666898 289716 193304 372237 559076 150980 377154 228990 564495 260747 191806 502606 610449 343976 240065 647161 451959 576414 94566 509113 146045 376243 333014 340141 397865 356546 732769 207659 111369 182431 466097 526593 609940 254765 545199 400945 332286 372901
359259 455909 360284 431277 249970 389877 425891 563084 581754 503143 687652 700415 392210 286875 248389 598077 576573 345658 115959 361085 772331 22381 109877 662559 207010 412400 362672 30334 999999999 358132 575789 595860 256172 867877 342685 210214 731883 415797 69838 744969 240683 222367 668613 287811 152955 715396 390472 581382 592910 768074 510824 78634 241810 907519 732930 399473 657449 517346 674475 690336 378182 471241 687782 299419 189793 398461 584492 173939 401547 239591 590079 255407 217846 532213 640770 374285 261354 677488 477680 581712 73569 527761 129671 406058 317413 311282 373320 337553 754230 237448 137889 156099 491640 548171 639866 225646 569305 396242 307477 351220
419562 551282 131533 167795 565332 210201 752669 441757 826483 744362 971005 948072 110373 644854 503819 522808 933721 22882 440644 658791 1010955 380272 249020 896314 240388 734757 709550 367679 358132 999999999 766522 932531 569343 1150758 698740 554115 927514 770470 353066 1028428 328539 377045 989899 644274 438430 795824 154093 929854 492310 1035245 865232 281719 228054 1180812 1008081 748799 809399 873425 972142 802848 174205 819711 1017218 218471 179837 699459 594166 508569 441976 596380 602056 113715 376076 661118 808096 593681 334244 843504 779120 939155 407709 868484 461228 649490 84340 312710 230208 623098 665369 449555 361284 262518 524545 875982 856194 300448 557089 71968 217781 170924
357595 242220 662770 915479 721017 910574 365302 538153 133546 122998 303253 215199 707595 545755 327996 476070 720216 743987 469486 815579 258453 572573 628033 153736 533541 800776 451754 545475 575789 766522 999999999 465632 727876 444101 520178 641763 162388 522401 644976 344778 440019 401681 430560 517040 423264 251856 665792 534500 512914 317865 555722 589180 789620 454769 311368 697737 107084 581152 342006 186767 636639 741674 480371 553572 619039 285838 341802 445634 352467 518152 338145 664641 404189 143625 75585 201513 432453 107553 280698 716416 619734 457653 641808 183324 786435 878415 906419 816868 546431 347282 458362 714771 319444 399374 99469 795649 376907 746970 846802 863362
658674 617691 884157 1026793 558039 983913 182245 908352 340221 352749 249786 359888 927488 349062 450665 877444 309621 915030 493907 596490 416980 577405 700382 383738 707768 530712 236526 576326 595860 932531 465632 999999999 562042 364473 283860 494252 501179 218529 638410 277947 649743 590090 107482 331139 495347 717317 903579 85628 902830 338278 162161 660181 832706 418909 296161 405724 564351 183465 196489 650500 879397 406556 98715 780176 752730 258525 767014 426704 682539 373997 766170 819390 588612 575125 528457 434079 658104 543259 202666 301910 583731 70771 561231 376347 908285 879316 964597 620751 984859 515243 574834 746931 706879 70880 420715 797071 789092 949437 898847 946833
599134 673442 603728 581583 7131 512227 446595 817982 688159 624851 737312 789749 629102 219540 422525 847723 411892 563423 291316 105777 863806 238450 337016 769450 462811 165469 344613 272049 256172 569343 727876 562042 999999999 902091 280812 86387 863943 343899 223549 788645 490581 459706 660504 244611 345953 915929 635764 512281 845644 829671 422507 325137 371054 950993 788301 207979 825944 415734 705677 877656 627186 269718 660689 554476 430285 472399 817991 287009 641544 220187 822629 487201 455161 726282 801347 539655 510955 835351 532815 420155 183387 492626 126594 544553 504108 367449 483376 91300 1001875 445376 377058 308489 725483 542497 764639 306103 808954 622867 426752 492640
779308 681108 1067990 1277180 897062 1251570 459713 981838 335332 412646 181339 228969 1113730 682559 649776 919436 664987 1129803 752713 950917 207467 854678 955831 290543 910515 891966 557688 841572 867877 1150758 444101 364473 902091 999999999 622834 824548 350949 570732 925515 123494 827601 774549 257028 658313 730398 636464 1077739 444150 956907 126292 526621 913463 1108770 55662 143437 766984 487306 547637 197754 568197 1049538 771026 282550 956359 980443 469427 782785 696085 784039 690909 778379 1039274 775191 587694 458913 561378 827127 447048 390646 656134 879151 422815 872623 502306 1149425 1175256 1238676 970974 974977 701211 797226 1023788 762719 362118 346725 1089571 819932 1147038 1173483 1208486
536208 554994 679153 768802 276282 717327 178267 790314 446087 401100 463792 531171 717653 65649 307166 788398 258534 684603 267993 331532 603610 321411 452432 522208 503389 289989 73119 331068 342685 698740 520178 283860 280812 622834 999999999 210402 629321 74339 370900 512406 476229 421534 379861 54953 295852 748561 704756 246903 801109 557854 168744 417088 565041 672859 515361 177911 626471 174772 428000 695740 685629 224643 382460 590622 522875 235441 714514 205250 572537 103213 716687 590825 418276 566271 595647 374993 491389 624552 272883 260585 313283 213448 282164 349764 659744 601356 695096 348669 925674 363959 371468 481491 631669 261888 530331 521757 720904 729754 630362 684352
529292 595348 569879 591319 79727 529920 366182 758786 602322 538495 656568 705254 600115 145397 340677 781857 388147 544916 216915 180391 779395 189049 308748 683802 414323 206857 267495 217833 210214 554115 641763 494252 86387 824548 210402 999999999 777622 279980 201360 709039 428477 391327 588521 166761 270328 833257 600447 452871 782915 748020 366809 287007 380409 872302 707169 194784 740373 364460 627244 793462 588389 265615 592811 507420 397562 387109 743580 203502 571261 136198 747846 460326 386894 643506 715425 455109 448240 749272 449642 394964 147031 423756 93607 458447 498341 399708 504195 175507 933774 368678 312410 304922 651832 468323 678370 325947 737150 600184 442376 503291
514141 390406 820832 1077679 857344 1072857 456746 666936 183560 239258 273511 152063 865140 666165 483547 592842 791914 904884 622036 944454 143490 727054 788873 117784 695762 918164 556838 701719 731883 927514 162388 501179 863943 350949 629321 777622 999999999 615010 800271 289224 602013 564027 432984 637188 578930 285905 822019 582109 633859 237206 625905 749445 950530 343859 253462 805920 146188 651819 327286 218881 792803 840067 482927 712945 781426 397486 452774 590580 504011 646965 447128 826675 566498 280436 128567 359204 593910 103439 361376 786326 771139 515877 788188 328339 948721 1037691 1068416 950202 629483 508046 618914 874383 455355 447520 99793 954136 494168 905653 1008403 1025693
584121 588486 746239 842970 340094 791655 159283 840204 432040 399903 422456 503077 785749 138409 354120 831628 212298 755833 335292 380704 572977 394777 525311 502510 569229 323712 82941 402970 415797 770470 522401 218529 343899 570732 74339 279980 615010 999999999 445225 466610 535170 478405 320190 128929 357421 761689 770845 173572 847387 517158 95030 489170 639371 622686 473936 200498 629481 104201 380953 704446 750677 225178 316989 654222 593443 238760 748165 269716 618053 176994 749628 661480 475509 586279 596641 401687 549002 622511 253668 211835 387621 150486 355651 365973 733129 674587 769342 403093 963064 415122 435529 555810 669679 209286 518448 595583 758450 799506 704663 758655
422111 523562 380229 398788 218476 347000 475789 611938 647230 569676 746465 764667 405903 309334 317172 653464 586023 344641 180092 323301 837173 73736 113474 728546 249720 387630 402200 100044 69838 353066 644976 638410 223549 925515 370900 201360 800271 445225 999999999 803304 299566 288075 717312 316493 221748 784166 412385 615926 645166 829162 539309 107261 194876 966752 792920 396141 727254 542721 730250 759918 404631 466779 732974 337617 206955 457209 648001 229542 463933 269071 653850 264183 283647 601722 710401 443472 320074 747077 534893 592187 58334 568774 108166 473435 297957 249788 326344 294309 810506 307163 205044 110600 555544 595623 707418 164057 630676 401791 260804 313503
663983 572913 947921 1153789 783333 1128116 342875 876565 223201 295454 57858 141140 993632 569490 526636 819685 587366 1007626 629618 843282 161677 732076 832360 198012 788379 790256 444314 718460 744969 1028428 344778 277947 788645 123494 512406 709039 289224 466610 803304 999999999 706730 652847 178100 544063 606906 563225 958634 362950 855133 64669 435713 789993 985605 164299 36068 666249 406726 459037 85750 493043 930701 677868 219869 836430 857352 346548 686575 573768 671482 574059 682908 916618 653358 487054 374295 441638 706985 370684 268578 579449 757813 325127 753219 381396 1026153 1053091 1115343 860986 888192 578921 673930 900767 657633 258124 254549 967316 721033 1026096 1050211 1084995
126471 247715 242212 475825 483902 476700 468118 330510 499123 417521 650096 620197 287691 444370 199187 357863 734232 306457 220949 596358 682447 254386 225247 567835 94625 635223 458127 219494 240683 328539 440019 649743 490581 827601 476229 428477 602013 535170 299566 706730 999999999 59668 689172 430340 180985 510734 256733 666942 355232 709434 622515 200632 374815 855181 684274 593554 492739 637730 656951 501471 230909 662924 723166 132339 184640 397208 350964 272640 166448 391376 357256 224662 61414 348159 486973 266910 20672 523372 472280 736676 313184 594403 365356 325393 347326 474929 476787 576025 513613 135378 116388 318033 260052 585376 527913 403174 331385 319443 422789 428778
139574 236974 299454 516050 452796 508943 408450 374668 449815 367513 595797 571730 344558 393381 139619 390637 680012 355677 176606 564965 636212 231534 235252 521537 136844 596579 400317 196373 222367 377045 401681 590090 459706 774549 421534 391327 564027 478405 288075 652847 59668 999999999 630455 377569 129875 500198 315446 607643 393672 658218 564592 202153 393869 803824 631540 546763 464323 580339 600667 482921 290095 614900 663947 191122 217639 338134 362725 220693 182086 340940 368123 268074 4587 325631 454753 217079 70716 491671 413947 682106 290601 534817 337858 272579 386542 489342 505570 547946 542783 76507 85018 327224 269732 525868 484791 411990 350036 374030 447573 461682
678578 617332 929418 1095745 656089 1058489 242737 917994 297491 334509 163132 283183 974044 443373 492067 876727 412179 971066 559844 700505 329640 651894 768353 320007 757057 637179 322983 646243 668613 989899 430560 107482 660504 257028 379861 588521 432984 320190 717312 178100 689172 630455 999999999 422416 552089 676497 945832 188562 906299 241526 269642 726860 909248 311619 202063 512104 518901 290659 107218 607148 920013 514027 50688 821436 811454 292736 755938 495296 696664 461434 753983 876183 629703 556829 483246 447452 694622 491441 217454 403856 665202 169791 648613 385250 973258 963131 1041268 723244 970128 553990 628687 823090 706800 122151 366335 879206 783169 1000016 975327 1019129
498260 527867 627171 714041 239270 663221 202188 749797 456004 402525 492793 550013 665040 29005 272937 752684 304673 630355 217027 309492 623593 266485 397602 535105 452473 283779 100779 276690 287811 644274 517040 331139 244611 658313 54953 166761 637188 128929 316493 544063 430340 377569 422416 999999999 249356 735256 653360 299980 763149 585479 223636 362563 510936 706669 543884 188139 621588 229545 461392 686068 634912 247034 429030 541019 469027 239710 686161 157712 536157 48264 688850 536890 374056 549258 592553 355730 446408 623430 291102 307756 259149 260369 230688 339343 604801 549749 641378 320867 893754 325162 322316 427036 600547 301709 537451 469139 689635 676217 576435 629822
261644 327746 392969 548502 338852 521452 314446 504495 431666 351773 549084 551856 434738 263938 95463 516891 553408 420258 54763 448848 622728 149500 225653 511587 215026 471947 284035 122807 152955 438430 423264 495347 345953 730398 295852 270328 578930 357421 221748 606906 180985 129875 552089 249356 999999999 577040 415591 500276 522296 624656 447595 183339 382566 766872 591738 417114 507598 461078 542319 546021 394212 485039 578791 296955 259403 265108 473302 91671 302832 211253 477646 324833 126024 389495 489453 221798 197275 525960 345722 555993 200245 433497 233997 253868 422939 461559 509880 436673 665896 99486 80255 300676 381514 437577 487286 376722 467242 454433 445561 478089
388680 264056 670644 960715 908816 977528 609293 436378 380271 370983 533950 422177 709175 762571 493450 348011 965796 773207 630869 1013149 429209 719403 732970 367056 600578 1013821 685483 686414 715396 795824 251856 717317 915929 636464 748561 833257 285905 761689 784166 563225 510734 500198 676497 735256 577040 999999999 661119 786085 392196 518708 803388 702135 885524 629148 527283 922229 158438 828405 580454 70345 633426 973127 726967 579920 692062 523033 217680 629754 357410 725875 209930 716633 504283 189751 193533 381629 494547 192572 530308 962632 775125 708585 810847 398843 840008 985331 981880 1007183 349401 480329 579612 825841 271338 651218 313446 911029 262087 754916 931579 929610
308297 433871 33297 319322 630499 363521 721379 287734 744618 665200 902807 862815 48773 660721 454657 370327 955794 135939 436768 735069 919808 412172 299002 806783 201618 798548 699555 387845 390472 154093 665792 903579 635764 1077739 704756 600447 822019 770845 412385 958634 256733 315446 945832 653360 415591 661119 999999999 915077 338598 956672 862576 313695 350440 1102016 934356 788958 693560 874988 912262 675858 29217 860705 979274 124405 205479 653575 451730 501134 320079 608371 459739 155439 316361 545603 697257 517005 252938 730823 729013 959743 456425 845610 514239 577976 228518 447777 381360 704009 511283 391854 335895 353361 391492 840616 761085 415200 412110 95688 358665 321886
691277 664976 893187 1011633 509083 962897 206564 945506 414749 416448 335321 443735 934957 311861 471147 921977 224427 913795 489418 534742 502217 561285 689465 464341 715286 461946 220343 565438 581382 929854 534500 85628 512281 444150 246903 452871 582109 173572 615926 362950 666942 607643 188562 299980 500276 786085 915077 999999999 944332 423773 91662 651266 810661 499273 381759 338460 636508 106911 282100 720958 892549 330306 164983 793868 750625 295808 819148 421552 718993 346880 818988 818375 605572 633788 600889 476552 677617 618234 258576 216520 558976 80793 528998 423897 898201 848080 941332 562364 1037586 535977 580514 726239 752725 136624 497959 768646 837799 953048 876296 928623
265025 289027 361937 657739 839005 699846 738120 52995 633602 574721 808590 727938 385485 781993 494406 44295 1057342 472947 570228 951410 763423 608303 549296 666368 397811 989236 764881 573902 592910 492310 512914 902830 845644 956907 801109 782915 633859 847387 645166 855133 355232 393672 906299 763149 522296 392196 338598 944332 999999999 830739 922615 539045 659338 964905 822977 939084 488023 942451 837922 434010 318785 1005958 950976 323312 469564 648860 182187 610504 229335 730873 188622 457477 397893 369292 507564 469119 335061 530709 701358 1058053 666306 864504 719946 526809 561122 762719 714954 930134 175383 438023 470584 632587 199924 832206 610525 710940 139694 431711 683100 656077
655639 555151 948121 1166902 824074 1145608 383304 855549 212149 292116 94708 102924 993843 612003 539207 793467 647855 1013883 652129 889383 100598 756686 850087 164483 794897 840559 487555 740450 768074 1035245 317865 338278 829671 126292 557854 748020 237206 517158 829162 64669 709434 658218 241526 585479 624656 518708 956672 423773 830739 999999999 492997 807875 1006452 145749 43362 717597 365712 516977 142140 449281 928217 732919 284363 836469 868325 372911 657294 600312 659074 612026 653028 925041 659174 461479 335724 442524 707801 326931 299928 640188 786491 380754 786169 385833 1038198 1078462 1134536 905099 852242 586740 687088 922750 636443 311647 221018 992558 694029 1028413 1070089 1101367
662399 653610 838638 937498 419575 885173 196223 918768 448533 433313 400430 498118 878730 230661 434545 904068 166395 850419 428600 443089 562514 489779 620336 509139 661114 371418 164394 497866 510824 865232 555722 162161 422507 526621 168744 366809 625905 95030 539309 435713 622515 564592 269642 223636 447595 803388 862576 91662 922615 492997 999999999 584082 732956 580950 449899 247314 661442 25940 351284 741832 841736 244407 253376 744462 687818 287467 811816 362101 693973 271828 812556 755861 561977 637874 626850 463962 635301 648595 275392 161544 481448 113501 447137 419414 828140 764938 862321 470798 1029132 497715 526733 649905 738258 184290 534781 687345 825866 893402 797970 852812
326465 438398 282890 368926 319447 338161 484932 504974 612143 530919 732205 733319 313818 363515 271968 548763 654739 268261 167139 427729 803164 100985 42369 690619 142520 485726 431157 86223 78634 281719 589180 660181 325137 913463 417088 287007 749445 489170 107261 789993 200632 202153 726860 362563 183339 702135 313695 651266 539045 807875 584082 999999999 201818 950209 775075 477811 661473 591825 723945 684570 302963 549554 749353 230868 111229 446226 551593 233517 367044 314664 557857 176911 198207 526734 648737 390687 220467 685784 526748 659745 143142 593702 201117 432106 248124 290070 326796 400420 706065 241952 130879 126422 460384 608474 662204 210266 531260 317723 263044 295280
498441 622339 318188 211617 368623 152290 666771 615130 813424 732486 928077 934210 321884 502389 473474 679928 768320 232036 356083 447537 1004520 257427 161657 892273 287020 532207 596807 267222 241810 228054 789620 832706 371054 1108770 565041 380409 950530 639371 194876 985605 374815 393869 909248 510936 382566 885524 350440 810661 659338 1006452 732956 201818 999999999 1147391 972431 569928 857995 735313 916109 874670 357056 637148 926559 337824 197726 639459 713665 415658 534398 463783 720766 203354 390534 718710 847144 592241 391183 884175 719104 775288 251794 763322 289517 633736 147232 104032 132073 409095 834236 442505 331652 86158 627925 788127 863965 73632 685705 296365 66172 123014
799787 695517 1093735 1311232 945819 1288297 506409 992431 357409 437835 220328 241755 1139448 731517 683270 926116 720508 1159501 791841 1002187 203153 895125 992522 301828 940437 944828 606380 880560 907519 1180812 454769 418909 950993 55662 672859 872302 343859 622686 966752 164299 855181 803824 311619 706669 766872 629148 1102016 499273 964905 145749 580950 950209 1147391 999999999 175134 819973 486072 602269 245315 562739 1073490 825332 338145 982097 1013115 509589 787726 737233 801715 737767 782856 1070366 804737 597228 460466 588272 853512 444383 432527 711684 921827 475851 917508 531327 1182788 1216509 1276412 1021417 972926 731987 831144 1062987 774144 413545 355526 1130670 826493 1174145 1211585 1244518
636933 542482 924554 1136569 782776 1113167 341722 845387 193718 269416 51641 105131 970295 570162 508631 787024 605544 987006 617131 846882 129713 720903 817389 162742 767740 797418 445458 705761 732930 1008081 311368 296161 788301 143437 515361 707169 253462 473936 792920 36068 684274 631540 202063 543884 591738 527283 934356 381759 822977 43362 449899 775075 972431 175134 999999999 674344 371005 473985 99683 457132 906190 689575 246992 812922 838910 335817 653080 563596 642956 571378 649273 896972 632258 454266 338817 417946 683700 334723 260752 597987 749112 337501 747237 359101 1008340 1042541 1101310 863008 853410 558663 656428 888189 626251 268297 219535 956654 688113 1003695 1036527 1069434
676073 714679 759387 781543 208007 715982 350656 921386 622407 579009 622906 701465 791623 162877 457239 931819 203976 739294 372606 199017 772309 377373 502364 696824 595883 125080 249259 401392 399473 748799 697737 405724 207979 766984 177911 194784 805920 200498 396141 666249 593554 546763 512104 188139 417114 922229 788958 338460 939084 717597 247314 477811 569928 819973 674344 999999999 803747 232702 580503 871386 774883 71779 500177 688524 589015 413352 872045 328952 715683 209759 875006 653260 542772 737095 773265 543736 611679 802412 446538 212392 341249 344184 288207 524519 692638 574917 688272 231265 1076586 504161 478621 498105 784854 408204 707351 509664 873538 793669 629243 692846
