NAME : synthetic_000988
TYPE : CTSP-D
DIMENSION : 100
GROUPS : 8
RELAXATION_LEVEL : 1
EDGE_WEIGHT_TYPE : EXPLICIT
EDGE_WEIGHT_FORMAT : FULL_MATRIX
EDGE_WEIGHT_SECTION
999999999 222999 230355 668036 773988 150930 136825 357224 672394 145918 887861 860664 623573 356228 230581 456323 795983 616343 529310 324478 904773 294215 590563 890289 586876 412453 182732 913031 496422 129763 711540 729008 588649 866255 282699 407156 217198 404712 261076 748383 214686 791986 989707 734659 210614 467940 905991 339118 563188 913064 905366 573664 565993 257171 401982 843200 280123 199488 694806 573843 699078 112075 976091 370646 389598 315812 333339 206147 319064 794242 290279 408959 743036 803993 733751 370197 314178 170444 1018693 390627 597726 891145 632983 432020 320631 1008887 936999 447791 169555 581175 397456 723124 392741 794494 563534 714708 719177 514361 330896 407286
222999 999999999 264352 829806 819418 329627 345408 374562 731777 281610 833982 898667 639347 289600 253835 234026 944971 621024 599359 543683 827537 515484 605220 816545 662690 190122 292916 892136 607133 93939 736324 745289 650861 825510 201861 609003 341974 532240 82169 737413 403352 704679 928941 873001 86716 690616 978818 117330 684187 922977 949215 452776 523466 94596 446785 990111 102180 349726 741608 681645 621170 334665 1094023 501299 166832 426910 556064 428506 115595 789123 315827 486444 887084 797901 820440 590842 535790 90557 1144395 344209 507347 891000 749674 477589 98973 943306 1059310 601377 236596 753532 613738 755713 615494 805106 648275 888170 657684 556658 336537 189617
230355 264352 999999999 583605 567938 179541 235819 129550 474039 118030 657781 651327 401825 151813 13197 427496 689697 390985 337225 413805 677701 401667 367920 662632 400077 414537 87374 684524 344591 233689 494497 508761 391315 635930 126786 422245 118867 277548 224629 520699 232864 568718 759896 614359 181920 595221 718912 330251 422814 692114 699489 375389 336440 207816 188989 733470 227432 150897 488730 417940 474569 277413 830049 250232 377228 172061 451616 368260 275365 568124 61796 222192 630410 577717 557081 522857 421561 293923 881198 168719 380683 666952 486741 220435 342240 779487 795861 358117 60984 517963 463164 509777 524646 572876 384364 649420 490730 302858 100574 365018
668036 829806 583605 999999999 462710 518902 537985 539818 389957 551340 816078 526591 510668 676711 596581 1010708 138035 539407 366348 448108 893743 482580 509754 874556 337879 997071 536921 734938 272401 764087 504646 535415 378050 765504 702820 310429 487856 307340 806367 621549 454132 853612 901786 123000 758222 541455 442609 912389 204959 642622 533501 826291 647319 790262 470729 184975 810772 483245 433525 241827 780339 592139 363651 333385 960467 411593 498350 578559 858939 624692 558077 401216 107929 632123 312593 581432 479566 822513 384617 641956 767376 660243 195174 457076 919399 929218 319690 228454 594609 96246 393183 484728 534317 578294 315737 80868 746994 441743 569389 947987
773988 819418 567938 462710 999999999 645702 699563 445470 107050 628415 374532 88361 192473 548055 575043 901981 438950 221718 247563 743832 463510 762487 223152 445292 200542 918945 591385 274241 323121 801596 102352 117681 187180 321111 624164 635570 559851 412790 756464 202587 626564 464374 447660 367473 732702 904330 183681 846428 311437 183868 131803 563482 364433 738742 379105 450229 748203 587306 79468 271174 425276 763013 398113 440712 878888 465735 802124 809609 783845 180834 508640 365803 396181 185332 153632 896513 771775 861382 462210 491761 475647 197534 276090 347688 874322 475185 389370 447367 618783 500858 730053 73239 865536 125659 231626 536148 371807 265105 483042 844353
150930 329627 179541 518902 645702 999999999 61332 274546 540850 64851 807414 733721 514372 331273 188336 546131 645445 513510 398176 239485 838391 223563 483725 822115 451248 514947 93216 813086 351327 250659 594205 615242 458534 778699 289756 280048 92510 257229 333914 648108 73756 736335 910653 583742 278890 416952 765868 432860 414633 797566 775332 554834 494725 322590 294068 692566 346720 58613 567914 428077 641639 119539 826124 223273 484484 179970 273021 194391 394150 689260 219545 281691 592169 699218 591475 343628 243873 305947 868039 344442 555378 780998 484590 320183 427100 932319 786686 296932 135956 434391 297911 601752 345486 681508 425230 568862 650039 397490 262497 488500
136825 345408 235819 537985 699563 61332 999999999 335746 593782 117850 868679 787825 573623 386410 243343 571783 669295 573630 452173 201170 899621 178270 543423 883382 502689 534833 152055 873042 396442 257698 651599 673366 512529 839713 337314 270510 153329 300649 363226 708248 85896 797014 971925 612960 308190 368542 813028 455832 454089 854901 828099 610759 555906 354188 354443 716863 378487 117070 622589 471647 702323 63949 860223 267615 507504 235037 225261 133735 423826 748738 279564 338275 618842 758708 637562 288110 199076 305676 899144 402981 614554 839474 523818 379892 444361 993629 819650 325673 185725 448485 268552 658068 295038 739628 475286 580820 711267 455825 322741 517078
357224 374562 129550 539818 445470 274546 335746 999999999 357745 226752 535928 526571 273028 137831 133628 492103 626838 261442 231843 481355 563878 478279 238944 547697 295066 494319 187328 555905 273982 359189 367130 380135 278408 510855 187402 452583 185982 240851 316639 391590 303052 463165 638870 545708 287951 667372 605337 414712 352572 563024 576090 315359 220180 298715 78169 666891 311762 225276 367221 336180 368606 387993 738845 227059 454562 161667 528345 468794 353416 438635 67786 140199 566005 448252 453094 610056 496199 417572 794128 105047 292224 537418 407233 106048 436778 659725 708286 333726 188401 492364 514818 384023 602521 443762 286553 613902 375525 182151 38589 429852
672394 731777 474039 389957 107050 540850 593782 357745 999999999 526498 426232 195207 150225 473214 482221 833359 395457 183939 143266 637853 506033 655908 168912 486948 93539 844581 490456 351738 217226 707230 114750 145459 83895 375558 542431 532663 456669 305790 673653 232890 519863 480112 512685 314775 645378 800921 247777 768443 215065 282861 234489 526773 324866 655755 285732 417248 667368 482699 44330 172613 421664 657412 414750 333689 804441 361015 696063 702662 706152 235387 416991 263446 343462 243244 122016 790402 665493 767886 476720 418923 445994 285995 195132 254528 793235 540008 394929 343958 521692 413477 626403 96164 760306 193100 125000 468169 377100 175985 396205 773555
145918 281610 118030 551340 628415 64851 117850 226752 526498 999999999 762675 715350 482863 268702 125551 488823 671924 478242 383394 304243 788637 288214 450640 772914 441157 461492 39930 777226 354836 213237 568302 586966 442783 736848 224916 336351 72716 266885 275980 611981 131672 682980 865618 604902 221799 481421 760788 377978 425253 770779 759659 492957 445122 263407 260281 718228 287195 68381 549355 432344 588425 162234 839673 233358 429158 171447 337450 250371 335414 655829 165450 263085 616093 665696 589492 405491 308600 273034 885049 285912 497819 750793 494335 289283 376321 886380 801864 323965 71119 472428 361134 578804 409466 652879 418321 607218 600567 370631 208793 429791
887861 833982 657781 816078 374532 807414 868679 535928 426232 762675 999999999 359296 327526 550582 657316 813931 811200 311803 490256 983528 94723 990018 346181 79999 489255 855028 723152 138742 601130 858422 311483 280866 451784 53600 639309 909719 715632 658502 753783 195917 821977 170202 103266 735543 757080 1164607 518818 807877 629680 261960 397337 413421 322254 739590 518221 824544 736891 753535 383189 586784 219906 923398 756728 672139 819732 652807 1037604 999496 752097 195044 599751 556865 764492 189483 523976 1126995 1004974 906153 819875 503442 334029 214774 620985 497982 847838 126256 755477 729872 718762 832301 994659 333131 1109664 248874 518721 894375 176316 441029 557661 772715
860664 898667 651327 526591 88361 733721 787825 526571 195207 715350 359296 999999999 261902 621521 657879 969241 483341 286258 335714 830241 453139 849586 295183 436456 288520 989809 677948 236648 409925 884625 164341 164151 275329 306521 700890 719305 647341 500645 833138 225157 714913 477661 415247 420799 812047 988141 159773 919842 392570 120233 53683 613089 421395 815592 463215 486647 823756 675267 166111 354055 455403 851225 397702 528881 949968 553782 888594 897867 857357 184563 591197 453263 448426 184383 214547 983001 858508 943832 460642 564747 522537 152434 349830 431959 949523 442080 398719 531964 703564 574033 814269 142955 951104 131274 319200 595449 397739 348906 563419 913293
623573 639347 401825 510668 192473 514372 573623 273028 150225 482863 327526 261902 999999999 359627 406599 709969 537375 33721 162990 663860 391552 673941 34272 372452 172884 728521 443373 300915 274469 631836 97676 107133 132804 285430 439939 583014 422534 332726 571947 139653 514257 343101 426336 454029 553064 841513 373070 657953 311790 290368 314359 379291 177179 554518 222589 562932 562125 456631 129169 270647 275485 633853 562962 349202 688585 342883 719694 697577 595458 175258 340186 240497 481841 185238 272238 811490 687366 689379 625587 302845 296371 267935 319427 194448 687747 451878 544671 402400 458398 512807 669704 121059 790028 171239 198029 591305 236815 120059 307683 652897
356228 289600 151813 676711 548055 331273 386410 137831 473214 268702 550582 621521 359627 999999999 143179 361441 764506 337458 361434 564553 555217 553341 326493 542101 422954 371763 239062 602637 411786 308124 457272 462608 400394 538317 89164 561878 264297 373960 215308 448407 382736 438223 648865 683031 207917 746849 719554 298523 490222 636105 673776 224472 234317 198658 213437 804220 203502 300002 474051 472488 347376 423135 869363 355785 331618 282063 603357 517339 235962 500537 131527 278030 703644 509136 578547 674172 573139 356011 926214 56847 241834 602539 543472 236982 328381 665486 840519 465139 202559 625578 610721 479697 676454 519602 418595 749767 375579 299790 107913 300702
230581 253835 13197 596581 575043 188336 243343 133628 482221 125551 657316 657879 406599 143179 999999999 414412 702217 394765 346489 424101 675411 411206 372552 660576 409553 401868 97389 686724 356362 226746 500073 513672 399849 636469 113874 434641 131188 290337 212220 523410 243736 565176 759127 626611 170528 604776 727708 317681 434779 696652 706430 367418 335422 195283 196658 745875 214644 162253 495987 429287 471306 282738 841176 263231 364429 185000 461012 375002 262454 571393 66769 232649 642841 580923 566908 530994 431229 286356 892630 163959 375493 670721 498334 228050 330291 778384 807223 371244 63103 531139 474458 515958 533778 577390 394479 662540 489003 309961 101988 351904
456323 234026 427496 1010708 901981 546131 571783 492103 833359 488823 813931 969241 709969 361441 414412 999999999 1112142 683247 721885 772478 781125 746135 678851 775069 783995 64581 487479 903882 760508 327955 805858 805899 761809 820668 310067 824944 534176 703706 212843 771626 618858 656994 894689 1033630 267388 924254 1077990 117217 839919 964542 1022596 400514 552459 226080 570203 1154299 203160 552626 831142 827299 594660 567225 1230001 677540 67684 599198 788256 662274 154271 824802 456102 628142 1051919 831880 939984 824867 766683 310432 1286016 414485 483977 924362 898223 596321 142936 902724 1200197 785557 427347 944857 839758 830987 849064 855306 778113 1076865 645791 661141 455553 62918
795983 944971 689697 138035 438950 645445 669295 626838 395457 671924 811200 483341 537375 764506 702217 1112142 999999999 569599 420934 586126 896590 620600 545186 877791 374710 1103968 653223 711295 353071 885086 505779 534459 412621 758303 802099 448460 604579 413272 914312 624817 584225 875407 886524 84832 869133 672941 365504 1019897 274284 603521 476564 887839 695701 897491 551831 47689 916549 605000 433889 296077 812859 725467 233525 443675 1066089 519261 636033 715767 963620 616156 656044 486905 60913 621943 287224 717967 617565 944856 247824 723183 818929 630341 228110 532140 1030668 914028 190126 349008 708381 234279 530130 480357 670016 563502 363041 149570 771484 496799 660311 1049228
616343 621024 390985 539407 221718 513510 573630 261442 183939 478242 311803 286258 33721 337458 394765 683247 569599 999999999 184154 673421 370015 681716 34478 351107 201707 703692 438428 299638 295815 617938 122665 125150 161553 273336 420224 598235 421107 346818 551518 134618 518216 314440 412760 485947 535265 853262 403860 634800 338443 303183 339435 346324 144517 534313 219532 595777 540792 456609 162007 298248 243617 632564 596467 360547 663914 346934 728398 700080 572489 177916 329197 247118 513566 187700 305954 819173 695886 674380 659168 280640 262791 275983 349812 194036 665812 437504 578361 421166 449122 537842 682876 148974 799678 184386 224749 620195 207666 129275 294017 627042
529310 599359 337225 366348 247563 398176 452173 231843 143266 383394 490256 335714 162990 361434 346489 721885 420934 184154 999999999 512884 553628 526999 150827 534617 63530 726087 347749 450444 111775 568526 209380 236323 60388 446783 419206 422820 313403 176924 547082 298565 380976 495358 588010 336349 513984 685447 382235 646471 161437 408578 377416 467265 281159 529189 154473 455386 543205 339845 170566 127153 416542 515516 508128 199592 686265 218209 570182 565095 585259 323971 283685 120600 360920 333610 221810 663689 538532 629713 564798 312729 402364 400513 192857 125977 667467 613919 479143 239682 381467 355256 511977 209662 638054 300124 58870 446924 388713 76485 270050 660179
324478 543683 413805 448108 743832 239485 201170 481355 637853 304243 983528 830241 663860 564553 424101 772478 586126 673421 512884 999999999 1029133 38030 639714 1011449 544973 733749 326713 961811 420743 452865 722209 749065 568209 946757 529115 137718 302294 336081 564384 803509 182137 939451 1085630 552009 509315 186045 816127 656102 447194 918280 860936 784329 693355 555153 470738 632757 579461 264881 675571 479816 845997 213956 805395 315103 707650 333685 58389 148563 624991 834918 441367 426726 548443 844737 643684 152775 31691 493816 831890 568860 773157 913141 508516 486935 642526 1109749 761968 301756 375352 351905 76871 720360 126259 812946 512930 465319 843694 544842 480920 718211
904773 827537 677701 893743 463510 838391 899621 563878 506033 788637 94723 453139 391552 555217 675411 781125 896590 370015 553628 1029133 999999999 1032488 404183 19213 560696 827428 750084 231934 665402 861970 392115 362538 521708 146624 641422 965155 748544 713854 745776 273161 860520 125072 117498 819016 755959 1212910 612837 788446 701324 356475 491952 385435 343794 733086 558723 911983 727310 787425 464456 659083 208049 950798 850068 723881 794456 695615 1081252 1032470 736494 282691 623334 605720 847920 278411 609880 1168047 1048590 905238 913410 514454 320217 309481 698753 542582 830294 121730 847794 791064 738221 903489 1046325 416341 1154451 338372 588330 973110 188354 496224 580133 745666
294215 515484 401667 482580 762487 223563 178270 478279 655908 288214 990018 849586 673941 553341 411206 746135 620600 681716 526999 38030 1032488 999999999 648468 1015095 562552 705578 314309 973494 439678 423547 736255 762340 583759 954777 512614 172439 295108 351349 540203 813370 175366 939507 1092612 584071 485455 193572 841347 629301 471332 934441 881919 775314 693734 531817 473878 667468 556078 256409 692394 502097 845487 182471 837734 327634 680626 337501 50332 110898 600655 846649 433931 434611 581503 856536 667652 137553 20811 462161 865542 561354 768540 927466 534517 492142 614009 1116265 794491 325770 359063 386338 114047 735858 124440 826952 530938 501975 845861 554185 474805 693126
590563 605220 367920 509754 223152 483725 543423 238944 168912 450640 346181 295183 34272 326493 372552 678851 545186 34478 150827 639714 404183 648468 999999999 385317 173298 696258 411011 329747 262213 597625 131346 141337 133605 307153 406076 563768 391568 312374 538183 165821 486203 345530 446924 460966 518895 819153 401356 624973 307354 324194 347285 357904 156314 520711 190633 573097 528588 426354 154883 268035 270942 603061 583655 326392 656260 314757 694909 668741 562435 205646 306227 213911 488134 215582 289913 785979 662438 655118 645589 269812 278651 300592 322495 163559 654342 471782 563399 386898 424814 505468 648558 153273 765972 204964 194178 590614 238689 95097 273441 621244
890289 816545 662632 874556 445292 822115 883382 547697 486948 772914 79999 436456 372452 542101 660576 775069 877791 351107 534617 1011449 19213 1015095 385317 999999999 541492 820345 734216 218529 646387 849392 373112 343614 502518 130258 628831 946681 731994 695315 734967 254101 843445 118084 120082 800072 744020 1195032 596217 779734 682125 341831 476073 377557 327836 722007 541246 893407 716750 770795 445454 639876 195779 934999 832970 705593 786877 678041 1063761 1016061 727015 264461 607743 587582 828969 260393 591183 1150828 1031093 893398 896409 500334 309309 294349 679578 524730 821270 128416 830261 772213 723272 884306 1028141 397486 1136873 320360 569152 953943 172347 477580 564622 738388
586876 662690 400077 337879 200542 451248 502689 295066 93539 441157 489255 288520 172884 422954 409553 783995 374710 201707 63530 544973 560696 562552 173298 541492 999999999 789109 406729 431902 125205 630476 187156 217323 40180 441930 482468 442992 369897 212255 610591 293505 427312 515735 582386 289972 577425 710291 320839 709770 140734 373893 325845 515187 320991 592694 217943 405671 606609 393639 130989 98421 444153 566514 446504 240458 749233 272380 603096 609562 648438 308834 347123 180731 316400 317799 158286 697373 572356 691821 504164 372850 444247 372771 149383 189049 730970 609140 418805 254571 442924 343298 535754 178630 668027 275225 32574 418597 409152 127923 333376 722517
412453 190122 414537 997071 918945 514947 534833 494319 844581 461492 855028 989809 728521 371763 401868 64581 1103968 703692 726087 733749 827428 705578 696258 820345 789109 999999999 465150 938524 755427 282711 825595 827956 769770 858506 307432 794988 513333 692036 190724 799997 588538 702591 939218 1027526 241087 878870 1091286 84751 834587 992460 1042703 443163 579394 206896 572239 1147323 187450 527725 845708 825202 635127 524407 1232779 663964 40149 586266 745780 616802 141506 853250 450830 625510 1044394 860794 946668 777201 725854 257034 1287122 427409 522002 954044 895604 600127 91870 948562 1201302 769738 405359 926826 803361 849407 803947 880389 780612 1060288 683644 669901 456426 82313
182732 292916 87374 536921 591385 93216 152055 187328 490456 39930 723152 677948 443373 239062 97389 487479 653223 438428 347749 326713 750084 314309 411011 734216 406729 465150 999999999 737330 326389 234475 529528 547805 406596 697041 206110 343528 49066 242820 275860 572093 146823 645586 826153 583443 224096 507854 727174 380644 399459 731722 722870 461955 406379 261536 220859 698881 284345 67556 512144 403547 550938 200825 813571 210428 430823 141626 364296 285724 333211 616079 127761 227155 596134 625938 557383 436807 334187 295752 860564 251325 462592 711307 467634 250197 383601 847052 776639 308475 60153 462383 378061 540566 437451 613625 385118 596546 561879 332015 171080 426775
913031 892136 684524 734938 274241 813086 873042 555905 351738 777226 138742 236648 300915 602637 686724 903882 711295 299638 450444 961811 231934 973494 329747 218529 431902 938524 737330 999999999 554213 902932 244843 215358 400132 97123 691270 871902 720723 626937 815578 165269 815165 296446 178600 641612 809974 1135888 392409 882571 566128 126751 267132 509037 368825 799817 519169 718972 801038 755978 307548 523200 317657 932198 632223 646755 901084 643758 1018394 998291 823277 126901 623312 541329 670252 117075 427848 1110937 986296 955788 694235 549367 420751 84343 543605 493164 919583 205505 635109 685046 744240 765081 962250 256001 1087577 158638 463993 809735 260904 420868 584738 856877
496422 607133 344591 272401 323121 351327 396442 273982 217226 354836 601130 409925 274469 411786 356362 760508 353071 295815 111775 420743 665402 439678 262213 646387 125205 755427 326389 554213 999999999 559943 309656 338860 154095 556633 450594 318331 282218 96017 567876 407873 315694 605198 697859 273153 526448 585145 416758 672278 79411 499033 443069 554250 381706 550548 200545 394039 568230 297257 256176 77531 523773 460205 488062 128871 716813 184764 479014 493412 614212 429227 304967 133869 292348 438555 241123 573396 448677 621526 537285 372610 498536 497558 142574 184837 686636 724041 452368 130873 373769 247307 410632 303388 543126 399153 92726 350728 498907 178187 307257 697663
129763 93939 233689 764087 801596 250659 257698 359189 707230 213237 858422 884625 631836 308124 226746 327955 885086 617938 568526 452865 861970 423547 597625 849392 630476 282711 234475 902932 559943 999999999 726305 738960 624084 844251 220566 525841 281718 477134 147774 742569 323173 742463 956989 817149 111209 596807 950760 211083 633867 920944 933086 502372 539044 150099 422668 931284 169047 280910 722414 636629 653927 241795 1047726 444362 260754 375474 463101 334667 199394 792327 293451 450116 828960 801604 785474 496930 443658 61693 1095034 356006 543975 892981 701764 454115 190874 973497 1011037 537154 188029 683074 524417 742630 521726 801795 612200 817874 683699 536495 324258 281902
711540 736324 494497 504646 102352 594205 651599 367130 114750 568302 311483 164341 97676 457272 500073 805858 505779 122665 209380 722209 392115 736255 131346 373112 187156 825595 529528 244843 309656 726305 999999999 31004 155809 260996 537422 627783 504123 386148 669516 119190 585871 374639 399085 427069 649892 893153 286028 755520 323613 203364 217115 461183 262906 652053 309775 524093 659789 535712 72342 280464 327137 713517 494394 408659 785721 417044 779560 770375 693048 122544 433343 313416 455940 131134 221641 873052 747908 784554 558242 400471 373323 191226 309655 279521 785423 426272 481820 440386 549329 524966 719023 30197 847186 90745 219160 582913 276417 197728 402913 749413
729008 745289 508761 535415 117681 615242 673366 380135 145459 586966 280866 164151 107133 462608 513672 805899 534459 125150 236323 749065 362538 762340 141337 343614 217323 827956 547805 215358 338860 738960 31004 999999999 184774 230125 544984 656623 524364 413240 676511 90623 609528 349813 368081 456483 659233 921268 298961 759791 354442 184062 217824 451371 257303 659250 327112 551688 665919 556942 102389 311285 307597 734736 514889 434741 788291 439618 806178 793897 697532 91741 447190 335923 485392 100518 248933 899401 774366 796407 578925 405787 361896 166484 340502 297684 790960 395269 504217 469706 564892 555924 747351 54359 874363 66272 249094 613519 254561 217758 414774 750608
588649 650861 391315 378050 187180 458534 512529 278408 83895 442783 451784 275329 132804 400394 399849 761809 412621 161553 60388 568209 521708 583759 133605 502518 40180 769770 406596 400132 154095 624084 155809 184774 999999999 405367 464952 471994 373303 232475 595043 256547 440777 475562 546260 328092 564776 737524 328045 691959 179702 350712 317292 480164 283646 577120 204087 442228 589770 400170 110505 137993 404249 575897 472376 257467 729720 278565 625926 624636 630048 275266 335294 179698 354943 284536 178467 719834 594619 684923 531650 348203 407071 345361 188901 173359 715119 572804 447012 284959 438080 381822 563294 152183 692577 245918 66956 458776 368972 100763 316997 701003
866255 825510 635930 765504 321111 778699 839713 510855 375558 736848 53600 306521 285430 538317 636469 820668 758303 273336 446783 946757 146624 954777 307153 130258 441930 858506 697041 97123 556633 844251 260996 230125 405367 999999999 627476 868406 686385 618051 746694 148895 789269 199369 141250 683170 746106 1126165 466214 806918 581770 213429 345852 421950 305211 731755 486480 771235 730809 723561 332086 538716 227821 896071 703645 633414 822061 618751 1001665 969025 749319 142352 576408 520324 712115 136367 471101 1092141 969128 894218 766902 488247 336878 165139 570626 464240 845570 167483 702044 686351 696710 784181 954937 281462 1073013 195470 472100 843367 174977 402214 535365 776359
282699 201861 126786 702820 624164 289756 337314 187402 542431 224916 639309 700890 439939 89164 113874 310067 802099 420224 419206 529115 641422 512614 406076 628831 482468 307432 206110 691270 450594 220566 537422 544984 464952 627476 999999999 547811 244563 395486 132337 535587 352395 522409 737029 723647 118825 705192 790167 227315 529996 721417 752307 291320 323342 114711 264997 844250 124946 273248 547894 518579 433374 363613 925353 371125 267945 292951 561330 461652 166161 587262 146061 318936 741853 596043 640468 623866 533137 266957 979787 142408 324217 689146 589274 293442 250877 753185 893954 480638 153799 641460 583750 558151 632238 603892 473245 771255 463889 366525 149188 247168
407156 609003 422245 310429 635570 280048 270510 452583 532663 336351 909719 719305 583014 561878 434641 824944 448460 598235 422820 137718 965155 172439 563768 946681 442992 794988 343528 871902 318331 525841 627783 656623 471994 868406 547811 999999999 303454 251549 612162 721002 206488 887633 1009342 415452 557604 268848 690716 712664 328054 815522 745467 767466 644681 599759 420237 495182 623520 276040 573450 365253 797463 309410 668394 242737 764200 291295 190028 273804 671760 746137 430766 361904 411060 755635 522259 278880 169266 575998 694210 552300 740460 815739 383463 428309 706949 1034764 624846 188726 401816 214204 95581 621560 237867 717478 410421 331215 785974 469607 463207 766142
217198 341974 118867 487856 559851 92510 153329 185982 456669 72716 715632 647341 422534 264297 131188 534176 604579 421107 313403 302294 748544 295108 391568 731994 369897 513333 49066 720723 282218 281718 504123 524364 373303 686385 244563 303454 999999999 195633 323469 555682 120372 649143 818895 535492 272455 487003 688807 428708 353406 707341 690578 482063 405505 308689 201609 650382 331064 39340 481233 359704 554563 211511 767839 162653 478558 98858 345429 284273 379966 597185 139154 194082 547753 607132 517009 424610 313904 342573 813937 266704 473647 689682 422200 228138 432451 840804 730389 259410 107988 413723 346469 512905 419527 590581 346338 547726 560312 306714 179707 472959
404712 532240 277548 307340 412790 257229 300649 240851 305790 266885 658502 500645 332726 373960 290337 703706 413272 346818 176924 336081 713854 351349 312374 695315 212255 692036 242820 626937 96017 477134 386148 413240 232475 618051 395486 251549 195633 999999999 501759 471730 219714 639722 758664 341025 455887 509431 512762 607623 158706 583101 536197 548208 400966 485195 184761 457982 504970 205298 341185 171247 551734 364329 572888 34075 654762 106043 393588 398714 552730 500207 251173 117183 354899 509935 337039 487388 362171 538154 618336 345768 506625 577067 228324 184446 617445 783848 534984 93399 295764 251807 336995 384641 461130 476877 181564 376997 536455 218058 266054 640910
261076 82169 224629 806367 756464 333914 363226 316639 673653 275980 753783 833138 571947 215308 212220 212843 914312 551518 547082 564384 745776 540203 538183 734967 610591 190724 275860 815578 567876 147774 669516 676511 595043 746694 132337 612162 323469 501759 999999999 663466 406259 622700 847956 838803 55227 724296 921426 106022 646637 851363 884624 370747 446809 17924 392674 958082 21602 340152 680011 639447 539817 366668 1049814 473359 155096 395846 584585 465065 60626 715750 265616 440496 855033 724287 768873 630190 560955 167944 1102613 271529 425677 817762 709216 422279 120396 861982 1016963 579034 215760 736470 629476 690447 649153 734544 599252 869715 577479 497669 278051 154646
748383 737413 520699 621549 202587 648108 708248 391590 232890 611981 195917 225157 139653 448407 523410 771626 624817 134618 298565 803509 273161 813370 165821 254101 293505 799997 572093 165269 407873 742569 119190 90623 256547 148895 535587 721002 555682 471730 663466 999999999 652024 261794 290027 546253 653461 980901 375922 737868 433795 192917 276531 395150 220706 647017 354080 642311 650439 591223 191481 390875 230286 767101 600422 488818 761242 480576 859287 834410 676860 53259 459217 379268 575116 61045 339555 950922 826931 796969 664526 393204 303599 154714 426383 328563 772444 316378 591820 537852 579988 636401 808688 144980 929681 94190 323360 700493 173185 259194 421563 720008
214686 403352 232864 454132 626564 73756 85896 303052 519863 131672 821977 714913 514257 382736 243736 618858 584225 518216 380976 182137 860520 175366 486203 843445 427312 588538 146823 815165 315694 323173 585871 609528 440777 789269 352395 206488 120372 219714 406259 652024 999999999 765109 925053 527110 351472 366642 732296 506191 369903 788188 753109 602240 519797 394344 303785 631723 418308 82789 551282 389409 670866 147051 774436 188007 557750 171467 225584 184514 466192 689209 259526 274199 533238 699183 556407 307904 193771 376900 813253 387076 593239 775997 439370 325058 500849 947976 733790 239777 200561 366491 231366 589765 299770 675454 398457 500119 673059 394467 299772 560609
791986 704679 568718 853612 464374 736335 797014 463165 480112 682980 170202 477661 343101 438223 565176 656994 875407 314440 495358 939451 125072 939507 345530 118084 515735 702591 645586 296446 605198 742463 374639 349813 475562 199369 522409 887633 649143 639722 622700 261794 765109 999999999 237961 793674 635013 1124985 634305 663474 652713 405027 524474 260363 246097 610456 470476 896877 603888 688441 443901 612687 94697 844990 862121 644916 669443 606782 989140 930662 611933 293361 517845 525785 822015 293301 595712 1072819 956669 783894 926219 401804 198568 356054 662255 459434 705439 245988 853469 723688 628278 850599 963385 403254 1063069 348896 539144 934321 106855 428302 474507 620742
989707 928941 759896 901786 447660 910653 971925 638870 512685 865618 103266 415247 426336 648865 759127 894689 886524 412760 588010 1085630 117498 1092612 446924 120082 582386 939218 826153 178600 697859 956989 399085 368081 546260 141250 737029 1009342 818895 758664 847956 290027 925053 237961 999999999 814389 853938 1266021 570094 896701 721690 302285 443974 496086 423724 834358 621342 895927 830355 856800 468638 678562 308664 1026508 809956 773297 905281 755605 1140001 1102759 842787 277307 702309 658905 843233 269679 600728 1229709 1107394 1003307 871520 603381 423695 262872 707670 600773 937715 27552 813584 827598 820876 923758 1095354 417139 1211831 324768 612860 978590 273301 541998 660014 857119
734659 873001 614359 123000 367473 583742 612960 545708 314775 604902 735543 420799 454029 683031 626611 1033630 84832 485947 336349 552009 819016 584071 460966 800072 289972 1027526 583443 641612 273153 817149 427069 456483 328092 683170 723647 415452 535492 341025 838803 546253 527110 793674 814389 999999999 795166 659775 322656 943902 193762 539833 421287 803075 610954 821724 469831 121191 840113 539466 354782 212347 729448 671818 253725 373016 989208 446107 605472 672029 886613 540821 577820 406389 28949 547149 213864 692473 583699 877708 286587 640537 734147 562765 143495 449185 956373 841940 210766 287639 636711 207568 504296 402909 647479 489865 278301 177017 689105 412080 579980 970770
210614 86716 181920 758222 732702 278890 308190 287951 645378 221799 757080 812047 553064 207917 170528 267388 869133 535265 513984 509315 755959 485455 518895 744020 577425 241087 224096 809974 526448 111209 649892 659233 564776 746106 118825 557604 272455 455887 55227 653461 351472 635013 853938 795166 999999999 670515 892604 156756 604434 837705 862529 391571 442165 47017 360794 913543 70924 286993 654915 599790 548244 313482 1011688 426334 207532 349873 530207 412407 115824 704777 230303 402776 810418 713681 735440 577721 506227 149431 1063098 260736 436490 806492 668659 391430 161574 869449 977726 530165 164481 686152 574249 669096 595465 719523 563869 819959 581223 470086 249856 209833
467940 690616 595221 541455 904330 416952 368542 667372 800921 481421 1164607 988141 841513 746849 604776 924254 672941 853262 685447 186045 1212910 193572 819153 1195032 710291 878870 507854 1135888 585145 596807 893153 921268 737524 1126165 705192 268848 487003 509431 724296 980901 366642 1124985 1266021 659775 670515 999999999 954248 807056 596460 1083673 1013757 968377 878903 717408 655433 715533 741439 448842 841136 634086 1031730 357987 904474 492768 857404 518495 143973 262148 784060 1009363 626142 608220 649009 1019033 789119 109485 173726 626046 919691 753690 959042 1082518 649220 670328 787058 1290624 860533 457094 552024 452433 174555 888436 75251 983442 677742 531240 1028363 724057 666284 874478
905991 978818 718912 442609 183681 765868 813028 605337 247777 760788 518818 159773 373070 719554 727708 1077990 365504 403860 382235 816127 612837 841347 401356 596217 320839 1091286 727174 392409 416758 950760 286028 298961 328045 466214 790167 690716 688807 512762 921426 375922 732296 634305 570094 322656 892604 954248 999999999 1015887 370293 268210 126732 747144 547563 903526 532106 357318 915091 709722 247096 343721 604486 876866 239872 545435 1051137 590245 873842 907004 953508 341203 663340 501551 346025 342150 176000 966854 846595 1011920 301914 664431 659253 308348 307835 501228 1040996 596333 245948 515618 763558 511222 785856 256753 928460 285420 342485 498409 548808 423761 643848 1019013
339118 117330 330251 912389 846428 432860 455832 414712 768443 377978 807877 919842 657953 298523 317681 117217 1019897 634800 646471 656102 788446 629301 624973 779734 709770 84751 380644 882571 672278 211083 755520 759791 691959 806918 227315 712664 428708 607623 106022 737868 506191 663474 896701 943902 156756 807056 1015887 999999999 751285 929031 972230 403505 517540 122442 492141 1063460 104169 443702 771728 742856 588926 450034 1151796 579361 51745 501770 671140 545116 62583 790921 368350 543346 960465 798903 867781 707980 649804 198862 1205463 355164 474015 892537 813010 520756 44214 908089 1119700 684994 320762 842117 724206 778207 731859 814687 700090 975542 633368 592900 376421 75462
563188 684187 422814 204959 311437 414633 454089 352572 215065 425253 629680 392570 311790 490222 434779 839919 274284 338443 161437 447194 701324 471332 307354 682125 140734 834587 399459 566128 79411 633867 323613 354442 179702 581770 529996 328054 353406 158706 646637 433795 369903 652713 721690 193762 604434 596460 370293 751285 999999999 494461 417414 623828 442367 629387 277769 314729 647303 363915 258832 43160 576780 516793 414448 192679 796055 258702 505298 538389 693449 446150 384312 212809 213434 454713 196501 599064 477221 695210 461300 449527 562732 500792 69968 259393 765041 748626 377181 145619 449384 202640 423524 310142 563310 407664 113819 285487 545862 236843 386377 777074
913064 922977 692114 642622 183868 797566 854901 563024 282861 770779 261960 120233 290368 636105 696652 964542 603521 303183 408578 918280 356475 934441 324194 341831 373893 992460 731722 126751 499033 920944 203364 184062 350712 213429 721417 815522 707341 583101 851363 192917 788188 405027 302285 539833 837705 1083673 268210 929031 494461 999999999 141742 584166 413082 834517 511135 606676 839315 739076 242921 453377 405076 916879 507923 607913 953537 620185 976205 972675 867578 139792 630413 516651 567726 133154 330110 1070279 945090 977562 569263 579886 492756 49011 459555 481533 962637 328281 513085 626809 748721 684470 909128 198920 1041840 119263 406309 713314 345558 400693 596764 912727
905366 949215 699489 533501 131803 775332 828099 576090 234489 759659 397337 53683 314359 673776 706430 1022596 476564 339435 377416 860936 491952 881919 347285 476073 325845 1042703 722870 267132 443069 933086 217115 217824 317292 345852 752307 745467 690578 536197 884624 276531 753109 524474 443974 421287 862529 1013757 126732 972230 417414 141742 999999999 666390 475078 867016 510775 474623 875577 717144 211270 381546 506319 891795 366213 565774 1002818 595459 919318 934743 909705 233170 639910 496734 447636 231839 228001 1013622 889896 992696 427546 617069 575683 183852 367894 479379 1001479 470022 372396 560295 750578 588655 840910 194239 979845 182342 354958 598021 448115 396636 613322 966449
573664 452776 375389 826291 563482 554834 610759 315359 526773 492957 413421 613089 379291 224472 367418 400514 887839 346324 467265 784329 385435 775314 357904 377557 515187 443163 461955 509037 554250 502372 461183 451371 480164 421950 291320 767466 482063 548208 370747 395150 602240 260363 496086 803075 391571 968377 747144 403505 623828 584166 666390 999999999 202208 360540 364022 920631 350682 519657 508314 593895 194586 647039 941425 539526 409330 477011 825542 741781 353766 446224 343246 434019 828091 451672 647665 898239 794751 536748 1003486 216489 91585 539953 659781 371310 445900 505938 921183 641413 426884 794029 825365 490412 899097 486853 524800 904978 248301 391082 305813 361034
565993 523466 336440 647319 364433 494725 555906 220180 324866 445122 322254 421395 177179 234317 335422 552459 695701 144517 281159 693355 343794 693734 156314 327836 320991 579394 406379 368825 381706 539044 262906 257303 283646 305211 323342 644681 405505 400966 446809 220706 519797 246097 423724 610954 442165 878903 547563 517540 442367 413082 475078 202208 999999999 430994 225233 725871 432575 444605 306313 407718 153294 607168 739333 402713 540560 360881 743248 688953 456926 273927 280158 284538 637190 281642 446200 827689 710738 589496 801552 183051 123434 375161 469237 217174 552866 443053 719644 489310 397380 628672 718172 291205 817109 302987 335257 727711 155505 205658 237248 499725
257171 94596 207816 790262 738742 322590 354188 298715 655755 263407 739590 815592 554518 198658 195283 226080 897491 534313 529189 555153 733086 531817 520711 722007 592694 206896 261536 799817 550548 150099 652053 659250 577120 731755 114711 599759 308689 485195 17924 647017 394344 610456 834358 821724 47017 717408 903526 122442 629387 834517 867016 360540 430994 999999999 374771 941137 24309 326562 662216 621909 526587 360493 1032108 457080 170432 379378 576862 459422 72046 699194 247908 422849 838116 707781 750975 624732 552606 176363 1085012 254631 412872 801197 691756 404360 138279 848714 999344 563218 201383 721112 619184 672862 642385 717521 581430 854112 563277 479773 260127 166384
401982 446785 188989 470729 379105 294068 354443 78169 285732 260281 518221 463215 222589 213437 196658 570203 551831 219532 154473 470738 558723 473878 190633 541246 217943 572239 220859 519169 200545 422668 309775 327112 204087 486480 264997 420237 201609 184761 392674 354080 303785 470476 621342 469831 360794 655433 532106 492141 277769 511135 510775 364022 225233 374771 999999999 590994 388754 237622 299809 259068 378502 413033 660729 180294 532548 137054 522531 482576 431146 396200 131303 70511 490923 406116 376210 609974 489868 482832 715962 172065 323059 490513 330079 31447 513041 644192 630120 277603 240471 430852 493021 322797 595772 392814 208440 546932 372989 114309 115828 508000
843200 990111 733470 184975 450229 692566 716863 666891 417248 718228 824544 486647 562932 804220 745875 1154299 47689 595777 455386 632757 911983 667468 573097 893407 405671 1147323 698881 718972 394039 931284 524093 551688 442228 771235 844250 495182 650382 457982 958082 642311 631723 896877 895927 121191 913543 715533 357318 1063460 314729 606676 474623 920631 725871 941137 590994 999999999 959872 651545 453247 333030 837864 773136 197132 488908 1109208 563790 682124 763198 1006653 629906 698299 527481 103125 635083 302759 763114 664127 991237 204162 761522 849299 636559 263163 570102 1074987 923313 155491 395892 753530 281159 575676 497333 714683 575782 396814 186771 794348 530379 701072 1091413
