NAME : synthetic_000805
TYPE : CTSP-D
DIMENSION : 100
GROUPS : 8
RELAXATION_LEVEL : 1
EDGE_WEIGHT_TYPE : EXPLICIT
EDGE_WEIGHT_FORMAT : FULL_MATRIX
EDGE_WEIGHT_SECTION
999999999 709110 327302 862012 914390 434149 99734 930183 385487 549836 313582 176232 599307 603276 557565 149525 417864 695602 753858 327417 624619 76508 215498 281273 46331 206512 594008 177148 222026 513796 243832 393057 584981 466002 448446 139662 262553 232616 542774 135999 276598 685154 554732 931876 494171 168673 391904 327051 159335 306193 588403 217390 581303 779247 593910 721277 367725 511401 598118 504259 408809 641468 490336 441669 525102 102247 72706 377343 531411 611944 274782 234947 318656 222375 149203 810741 496797 740352 425729 569170 501864 672277 507870 233941 286128 80497 383975 719049 563340 665360 543066 265217 647891 183045 566549 967937 408381 281641 685996 707290
709110 999999999 786330 720054 747695 332938 624364 875192 1009740 1123542 431263 850223 286739 115232 772136 615568 818353 69269 769175 838365 915838 669637 920659 497036 753623 659805 191496 790111 876427 918650 703090 679048 287056 1015721 905980 797349 946731 738175 1082343 581190 919279 949825 925446 844494 597993 637155 704607 999904 813569 436557 1185253 905602 846543 737555 895561 1251117 580384 208428 332675 242068 319099 133773 672564 566824 185378 608056 641704 918597 395374 898418 971455 825264 743635 927900 629385 948024 970841 995155 336059 345717 481684 936685 1121457 657515 445029 730241 991435 1166018 1004770 980450 862206 722669 870350 550274 1090559 875565 940151 835217 615861 1046474
327302 786330 999999999 634657 686709 453515 292960 660059 257185 337822 367898 247248 562776 671310 262612 244627 91288 801955 488283 59904 299467 268036 347092 537618 316350 525289 612973 495982 510262 189951 103292 149867 552211 229673 136931 225282 507564 95873 296873 393051 219675 360391 228079 672352 292685 480263 128042 308199 217535 364916 401819 469909 264471 530117 269023 471768 219948 641296 536780 544462 576474 674145 241829 272657 633801 358065 310240 136126 450658 288061 492070 135637 43449 428695 455934 499864 199002 414729 619254 507361 374679 348101 346840 145288 499036 406106 229858 421431 254378 338059 218974 76837 333342 300431 307978 705334 154279 601630 476568 381646
862012 720054 634657 999999999 52853 557741 771856 161203 873533 871148 620772 866611 455872 656838 392223 713872 577167 780913 175840 687665 479719 785602 969785 889756 878858 985487 557467 1033796 1082797 595724 649688 495839 463183 785048 646451 828228 1106847 682906 806771 828662 854313 463578 562711 125275 369178 938054 510783 941720 828933 626614 939739 1063493 441497 116180 485594 898910 494436 748769 413561 585041 782430 595487 394915 420370 712259 818328 801719 737281 405970 470796 1102384 764660 607261 1038667 914295 342540 683608 472442 838146 418734 380606 458892 922482 637992 815826 935904 842557 752606 662621 524737 498057 642233 400367 704908 793299 155559 734245 1131139 176664 577906
914390 747695 686709 52853 999999999 602415 823814 158558 924014 917702 669519 919355 492117 690490 441668 766064 627872 810376 219283 739294 522767 838014 1022528 937427 931516 1035822 592098 1085800 1135323 642953 702529 548536 500407 833421 695533 881069 1159658 735683 853013 879376 906313 502701 608507 115763 421905 988583 563265 993413 881733 675504 985912 1116275 487965 162751 530389 939792 546933 787595 451494 625067 825682 626594 447443 472721 750324 869657 853707 787744 450486 514774 1155237 817121 659722 1091519 964976 370330 731001 507240 880996 459100 430023 499008 970666 690791 863132 988004 892950 791208 707588 564799 545325 694993 443414 756123 838663 135810 784029 1182749 228582 615352
434149 332938 453515 557741 602415 999999999 336434 683035 683414 791026 120965 543351 168885 218223 467540 308331 487485 353631 533777 506329 605651 375668 627360 344293 472374 472192 168291 565450 639712 590791 373483 350987 154308 683059 573935 490209 694271 410284 749409 336352 599547 647754 601952 665617 298225 431511 375596 685056 503814 128223 853466 649600 536991 524581 581973 919020 250851 223824 180104 90946 226462 225574 363368 252950 200664 346775 361469 586553 151937 588094 708912 501469 410728 655204 412981 682866 638963 698283 282915 157396 200060 633829 791687 328936 268922 481218 663261 839821 675778 669063 543301 391591 573072 253076 757853 701852 607519 642264 398555 733429
99734 624364 292960 771856 823814 336434 999999999 848506 418872 569421 215496 229646 500269 515167 491297 61208 377372 616757 673190 311228 576186 46454 297066 251363 135958 240825 498944 262004 318716 482679 193696 322759 486006 474018 426464 178967 362286 199154 550909 100604 314449 635159 518341 847465 407463 192985 327063 383582 197507 208212 617117 317118 525375 694241 545606 732236 280610 434573 498440 410076 340073 548678 413391 352383 443397 65358 29983 376913 431948 561872 373557 242193 272008 318787 167642 746619 482930 691212 367393 469448 405366 621584 540718 167338 230447 164664 409975 708281 544505 623679 494778 219430 588794 83775 570842 883952 406825 360510 595259 672314
930183 875192 660059 161203 158558 683035 848506 999999999 873220 839044 727295 904733 602379 805375 398200 787921 586165 934061 176482 704970 436967 854226 1006415 998387 939760 1076423 705326 1106475 1145111 574179 698761 541546 607978 767352 637685 873573 1158260 726189 773643 918147 874099 401914 532696 44002 442946 1027852 549358 955343 870636 732202 904254 1117069 421414 160408 452565 835298 568528 887550 557908 722722 909475 747651 440776 500644 852898 902005 877465 739273 535150 433689 1147896 795407 641850 1083884 1003035 243258 660766 391940 965951 558271 490208 402135 901160 697421 927007 1008135 841814 680760 624550 464934 480551 685656 362174 791592 754918 52545 729576 1208295 284481 504737
385487 1009740 257185 873533 924014 683414 418872 873220 999999999 172279 578668 211523 810751 895002 483286 403479 296466 1014991 713013 197409 450829 374510 243244 661368 346619 583638 849690 491199 459253 305213 310903 406483 799195 132069 235952 247639 414864 273169 189451 508034 108903 504175 351970 892893 548808 552103 383164 109059 227666 573646 202972 396003 452097 762614 427896 348926 472210 840191 788364 772625 755090 908785 491606 529511 841300 468854 417587 136270 703075 448445 380542 185236 297493 333115 534316 671996 229024 545556 785883 758356 630589 496966 122790 354537 649231 437241 31413 393495 291011 454260 393262 296320 515286 471210 219555 922542 143823 582536 725989 462316
549836 1123542 337822 871148 917702 791026 569421 839044 172279 999999999 699484 380424 896427 1008386 484302 542891 328989 1136854 698841 285546 402157 528112 414078 818420 513845 751999 950571 663387 630352 275895 423896 467204 886607 108235 240015 410199 581721 393473 65408 664436 277065 441425 309601 865996 597971 718145 440763 272541 390505 695622 69813 565945 429781 755439 389075 176678 554127 970273 867148 881947 894619 1011877 527502 595159 966237 625206 572986 205610 780876 406609 544825 327231 381041 501937 698989 612473 189157 468581 930701 838711 698818 438814 82643 470103 798322 606658 166460 246865 214563 381080 373330 402146 478916 608927 87604 890920 183565 754558 747727 365138
313582 431263 367898 620772 669519 120965 215496 727295 578668 699484 999999999 426014 286321 316973 446000 189657 419317 438103 563225 414418 570927 254957 507370 271170 351419 372186 285993 451739 522604 528493 275668 298533 271888 593132 498594 372731 574615 308575 663865 224595 488681 620661 548201 716518 299012 327631 318624 571415 387335 7490 758510 529766 505798 566942 543812 839610 204269 273519 289219 199827 221882 339340 344309 242060 266792 229701 240877 493911 235092 553843 588355 394009 327869 534281 306493 685752 563356 674750 273532 261987 240511 606394 691926 229485 200234 363850 561050 776675 608973 630871 499046 297629 553784 132128 675867 753473 517963 534711 448925 691567
176232 850223 247248 866611 919355 543351 229646 904733 211523 380424 426014 999999999 694093 738712 509083 236497 332787 845541 730789 216378 536276 183206 103174 456458 135336 372210 711144 289244 277542 403372 219399 370898 680775 307992 329430 53286 262109 183880 382035 306075 103424 596692 449917 914715 503666 340879 357955 154589 41156 419588 414241 227545 509645 768301 507083 555276 391970 664054 682086 625827 568989 765353 472682 464218 671642 267984 220157 235165 603403 527283 244827 113029 263117 181622 323789 745231 362497 648140 592855 651649 550067 585666 332880 243622 453448 226262 214149 572596 431955 563340 459611 224401 578647 300022 408624 948615 264676 388434 698569 592933
599307 286739 562776 455872 492117 168885 500269 602379 810751 896427 286321 694093 999999999 203181 495739 465278 573171 337236 484107 620771 640288 536608 783983 501468 635466 638485 103117 734331 808074 662794 501919 431362 14577 788706 663833 641889 860887 541375 847092 505237 738033 669604 662111 576137 324778 599133 457986 827116 653407 293792 962818 815985 571664 456419 622690 1004081 343051 297292 46201 142354 353045 153042 402044 306464 259004 514962 526684 698894 119480 623204 873814 636897 519515 818338 581234 661286 726419 712616 404217 62466 208113 656940 909430 462043 427361 649416 787138 903503 749918 704865 594656 514503 589060 416503 850268 609804 714955 810289 331703 771305
603276 115232 671310 656838 690490 218223 515167 805375 895002 1008386 316973 738712 203181 999999999 667210 503055 704889 141869 684599 723159 809742 559726 812185 414326 646847 573752 100081 696886 781103 806490 587906 566559 198880 900611 791947 685628 848006 623134 967529 479762 805526 846439 814909 778423 493058 545991 591812 887143 701411 322483 1070024 805715 740426 659174 788309 1137084 467230 135406 248515 127720 236107 73840 565725 457960 98513 503757 534124 803388 296620 792227 870385 710776 628705 824143 535429 856192 856913 893591 268448 254156 378933 833002 1006324 542382 353494 630356 876450 1054669 892202 874131 753133 607438 768140 438780 976075 811596 825036 750921 533523 939738
557565 772136 262612 392223 441668 467540 491297 398200 483286 484302 446000 509083 495739 667210 999999999 430733 189358 808960 230423 306942 144551 485273 609669 693815 558960 731336 580905 734194 761643 209253 315146 168823 491150 393578 254285 481834 766826 336393 421639 578327 476153 180294 186575 412941 174274 682830 165777 558933 476913 447624 553840 727344 76352 279546 128762 541001 243136 690259 454655 546032 665217 641261 104419 214764 668124 552939 517242 347213 378556 127500 753559 398242 248772 689826 657311 255340 295186 231243 718752 433310 290663 166482 531143 325981 634199 637902 452052 417768 287126 209162 115187 297457 107829 456266 412304 444720 342397 839187 265655 275580
149525 615568 244627 713872 766064 308331 61208 787921 403479 542891 189657 236497 465278 503055 430733 999999999 324611 614783 612395 271288 519259 75298 319470 292997 175479 300695 475357 320383 371550 432358 141994 262017 451414 442580 380806 183219 407881 156151 518310 152323 305710 577609 465673 787437 347795 252368 267237 384337 198421 183143 595294 362777 466678 634303 488841 699310 220843 437202 458805 389394 352845 528940 352196 293662 440498 122696 89554 343164 387142 504542 414360 219486 218808 355748 226874 686071 440184 633740 387847 429007 352769 563890 522451 109382 258438 222173 390330 664835 498752 568600 438269 168506 529253 67744 535960 823834 371683 420533 537507 619275
417864 818353 91288 577167 627872 487485 377372 586165 296466 328989 419317 332787 573171 704889 189358 324611 999999999 840877 419722 120169 208215 356143 429253 615499 407637 613445 636327 587268 600480 110649 183724 141967 564353 225346 90815 315134 594660 185393 275070 476029 288330 269156 141120 602167 269231 567590 115434 369653 306059 417698 397899 558237 177015 467124 177837 433507 238029 690898 541267 577195 636773 698423 201561 268074 678809 442729 396857 160360 455480 197088 576866 219761 105813 514241 542885 412475 153662 323444 683249 513696 371202 256968 359347 217584 571019 497039 265653 357358 189941 247992 128169 158015 245962 373530 277098 633548 161192 692918 432068 294988
695602 69269 801955 780913 810376 353631 616757 934061 1014991 1136854 438103 845541 337236 141869 808960 614783 840877 999999999 821317 851357 951246 662884 909876 464162 741124 627096 236122 762196 849898 944350 713515 704431 335276 1029846 926453 793410 923227 746632 1098826 563499 920417 988286 954374 904645 634865 608803 729197 997701 810573 442499 1196542 883545 881954 792688 929512 1271108 604435 184361 383409 265835 292099 186580 707185 598880 174301 593475 631325 931264 437691 933716 950405 829776 760124 910281 603572 996032 991578 1035444 298167 392604 520758 974834 1129764 667407 420171 709317 998482 1193200 1029406 1015560 893603 734712 910005 547805 1108839 936453 954381 799775 668860 1081032
753858 769175 488283 175840 219283 533777 673190 176482 713013 698841 563225 730789 484107 684599 230423 612395 419722 821317 999999999 536140 304066 678003 833039 832856 763291 903490 585832 930312 968656 424921 522667 365328 486355 616712 480729 698280 982573 550828 634005 745371 705211 288833 389410 184125 270494 854758 373964 789092 695919 567541 766838 941115 269478 61207 311107 723105 394183 749323 437917 586363 757884 636386 264307 328967 717825 727832 701945 577231 395258 295614 973026 622834 467672 908974 829739 192476 513018 302498 814415 430543 334530 283545 753462 520949 763429 832021 681688 577667 488306 349310 327582 510150 224674 618665 619398 217874 570935 1032473 153563 404138
327417 838365 59904 687665 739294 506329 311228 704970 197409 285546 414418 216378 620771 723159 306942 271288 120169 851357 536140 999999999 319906 278928 309990 561488 308277 531780 668124 486190 490124 190425 139754 209175 609943 178713 121193 206823 478312 115206 250808 411634 169217 380323 235317 719590 351767 489288 186382 254137 194486 410777 347143 443689 296388 580743 290824 430090 278598 686414 595644 597138 615682 728865 297871 332557 681201 374376 323650 80241 509668 311131 458574 104653 101766 396662 466112 531094 172135 432072 655548 566062 434449 369298 288747 185722 529593 402459 169956 397339 236488 348719 244064 116793 365057 333134 265942 751645 103766 590650 533000 383499
624619 915838 299467 479719 522767 605651 576186 436967 450829 402157 570927 536276 640288 809742 144551 519259 208215 951246 304066 319906 999999999 559847 627972 801086 615766 815753 724842 795357 807797 145734 384492 274462 635672 334275 218880 522499 798184 392117 336749 671445 476740 60957 99174 464101 317910 768758 259081 545351 512404 571470 468027 763410 69332 363805 30742 420724 367186 826175 599071 686982 792643 785446 244066 353358 806153 640970 598266 326091 522984 17567 777492 423942 306865 716208 743603 221167 227088 115757 844243 577861 434840 49394 465229 409884 747956 704315 420084 283083 187894 64675 81736 360680 79397 558032 318951 488771 308867 901049 389062 131038
76508 669637 268036 785602 838014 375668 46454 854226 374510 528112 254957 183206 536608 559726 485273 75298 356143 662884 678003 278928 559847 999999999 253422 290408 100438 257382 540289 252338 297743 457662 175544 319025 522537 435213 397335 132625 332593 172235 512363 136613 269071 619790 495853 855559 417663 212304 319533 337146 151352 247897 574054 287482 513039 702850 529114 693380 291251 480929 532055 452225 386390 591347 414946 365307 489329 97663 45472 339944 461842 546368 339728 201609 253050 282124 188241 739618 451029 675500 412834 502508 427845 606560 496778 159725 274946 154215 366811 676008 514706 604033 478113 199267 578471 123254 533427 891672 370402 355527 609686 649627
215498 920659 347092 969785 1022528 627360 297066 1006415 243244 414078 507370 103174 783983 812185 609669 319470 429253 909876 833039 309990 627972 253422 999999999 489082 169316 373714 793243 258025 216274 489650 322003 474052 770284 364264 414292 146923 176479 287011 430936 351133 158368 687561 537351 1017076 606415 354272 460832 145406 141967 500476 432116 153008 606142 871196 599667 590433 492882 725995 774916 705563 624284 844758 575766 565880 738074 317538 279070 311660 698578 620213 149970 211464 365522 92546 343551 841083 437406 737155 640338 744678 649227 677255 350099 343589 501133 230613 258357 631872 506371 649796 553902 327572 674944 376495 460204 1050765 337869 341677 801539 673433
281273 497036 537618 889756 937427 344293 251363 998387 661368 818420 271170 456458 501468 414326 693815 292997 615499 464162 832856 561488 801086 290408 489082 999999999 326004 163104 449137 299909 388542 724510 434745 529809 487571 725020 673685 413985 465596 447500 802032 154004 553440 856767 755888 987593 564968 148062 542346 608323 433910 266186 862875 429218 742512 838070 771463 983280 453617 288906 522074 365811 179239 474863 598974 506578 317962 193273 245437 628271 491491 785259 497089 491948 510193 466339 149253 943745 732246 912650 167226 501368 510905 842655 784145 397922 75393 263649 655928 957329 791699 854619 722140 461305 799175 243461 822195 1024531 658176 338342 719624 908438
46331 753623 316350 878858 931516 472374 135958 939760 346619 513845 351419 135336 635466 646847 558960 175479 407637 741124 763291 308277 615766 100438 169316 326004 999999999 238246 634494 179647 205429 497760 243965 398968 621283 434625 429245 107315 232754 225499 510647 182322 237957 676653 540670 943568 509750 205551 394718 282842 125541 344153 549487 187831 576714 791881 585251 687190 385059 557042 632007 545244 454974 683266 498985 459831 570074 148226 113037 350448 562279 604027 239391 209422 313870 182961 188727 809252 473512 731077 472026 602587 526982 664222 468214 242846 332452 95989 347417 692777 541421 652865 534896 262127 644479 219443 535601 979201 381380 285285 703944 691360
206512 659805 525289 985487 1035822 472192 240825 1076423 583638 751999 372186 372210 638485 573752 731336 300695 613445 627096 903490 531780 815753 257382 373714 163104 238246 999999999 599188 143533 231883 714566 431456 562537 624066 671716 652112 344083 312821 429420 748176 158279 475526 875176 753218 1071564 633589 48865 567764 509973 363098 365380 785945 281644 766093 918697 785077 925386 509669 451454 652110 511666 341103 630719 649351 575791 479028 178495 217489 583853 606820 801789 348716 441456 509628 329398 74264 986647 702455 931124 329398 627792 606330 861718 704064 408125 221221 147059 585542 925392 768237 861206 734119 456043 829605 284892 772492 1108455 614890 177268 809974 906932
594008 191496 612973 557467 592098 168291 498944 705326 849690 950571 285993 711144 103117 100081 580905 475357 636327 236122 585832 668124 724842 540289 793243 449137 634494 599188 999999999 709630 789295 733135 538932 495166 99483 842336 725595 657928 849638 576609 905583 483199 767566 758342 737484 678604 406932 564982 521304 853334 671829 292803 1014680 805725 655600 559359 705046 1069821 399065 206941 148669 90431 282775 62154 482133 378185 166996 500398 521981 747991 203960 707464 867465 668949 569620 816308 550434 760026 789820 803728 327661 156501 290308 745219 955597 495293 379449 633020 828635 978746 819861 789493 672903 555527 678864 417039 911663 711957 767186 775357 434113 855632
177148 790111 495982 1033796 1085800 565450 262004 1106475 491199 663387 451739 289244 734331 696886 734194 320383 587268 762196 930312 486190 795357 252338 258025 299909 179647 143533 709630 999999999 88880 676350 419519 570203 719755 597109 606482 280358 169339 404298 670372 229121 389088 856225 719838 1107248 668095 153408 568712 402456 295449 444317 687753 140557 755304 954284 764817 839857 541169 582208 740772 619655 471614 747870 667209 613928 606099 223433 232094 521421 683338 783504 206311 384426 492176 195308 161460 986521 647267 910712 467020 713724 665375 843737 605328 411068 345189 98413 499576 861530 716094 832295 714383 439540 822637 335017 697499 1143494 551777 105772 857232 869685
222026 876427 510262 1082797 1135323 639712 318716 1145111 459253 630352 522604 277542 808074 781103 761643 371550 600480 849898 968656 490124 807797 297743 216274 388542 205429 231883 789295 88880 999999999 679564 447877 603993 793539 576440 606411 285371 83272 425564 645641 306128 366706 868674 725331 1148976 714070 241327 598758 360131 295778 515116 646506 68254 774308 997170 777841 806663 588392 669018 811436 698951 558660 829845 704352 662788 691817 293127 289219 512103 749255 797446 124311 385519 513973 133223 247058 1008881 639582 921551 555516 783447 723526 856962 565070 448240 431453 158754 472769 844054 709092 838795 728647 464198 842883 398479 674386 1184627 540964 129254 907201 870268
513796 918650 189951 595724 642953 590791 482679 574179 305213 275895 528493 403372 662794 806490 209253 432358 110649 944350 424921 190425 145734 457662 489650 724510 497760 714566 733135 676350 679564 999999999 290438 239986 655236 193292 75499 397241 663011 285457 212529 582444 334982 201281 48194 597534 343844 669965 215225 400201 384518 527142 345111 630680 155546 480356 123187 343073 339940 798718 627348 679212 746968 795257 267644 356805 785202 547887 500173 181946 543489 143483 639619 294352 214403 579864 645756 366854 88099 248007 793782 601546 455900 192864 328846 327038 681338 590810 274387 249407 87125 160303 97673 264046 212479 483449 203460 624898 163247 781004 474397 193682
243832 703090 103292 649688 702529 373483 193696 698761 310903 423896 275668 219399 501919 587906 315146 141994 183724 713515 522667 139754 384492 175544 322003 434745 243965 431456 538932 419519 447877 290438 999999999 157402 489906 318104 240163 178540 460295 39974 390509 292442 237965 444294 324786 704956 284417 384883 150901 328822 180128 271731 483070 418482 337928 555354 353778 569112 175458 546828 482552 463499 476619 598387 259367 245616 542357 259042 214096 218442 399172 370867 453139 136248 78387 389244 359943 567083 301371 500066 517803 452162 336336 431031 418525 46207 395871 324323 289848 524658 357652 430257 302786 26566 404116 197384 404824 739938 243502 524879 479745 478709
393057 679048 149867 495839 548536 350987 322759 541546 406483 467204 298533 370898 431362 566559 168823 262017 141967 704431 365328 209175 274462 319025 474052 529809 398968 562537 495166 570203 603993 239986 157402 999999999 422426 360713 232486 334489 617633 187641 415953 409774 364880 327763 252383 547592 142853 514012 26630 455299 333820 298511 534973 575882 212937 398531 246296 574896 100325 562605 400280 439229 520333 557311 102271 128077 547044 384119 349159 278941 314195 257847 609586 270256 114292 545567 488492 424110 295566 383332 570863 372298 231799 313555 488726 159333 474141 472818 378363 488834 325734 332814 200541 146791 270340 289172 418986 582537 289673 674335 330845 393034
584981 287056 552211 463183 500407 154308 486006 607978 799195 886607 271888 680775 14577 198880 491150 451414 564353 335276 486355 609943 635672 522537 770284 487571 621283 624066 99483 719755 793539 655236 489906 422426 999999999 778760 654900 628478 846481 529255 837822 490660 725609 666128 655485 582536 319131 584629 449026 814485 640146 279354 952745 801593 566840 460328 617528 995955 332779 287746 50071 130267 340638 153367 396088 298534 249982 500433 512342 688335 113142 618503 859534 624603 508882 804181 566691 661548 717781 709876 392321 58841 202000 653326 898671 449644 413340 634890 775821 896994 742356 700309 588555 502885 585849 402234 841412 616530 704783 795766 334719 766710
466002 1015721 229673 785048 833421 683059 474018 767352 132069 108235 593132 307992 788706 900611 393578 442580 225346 1029846 616712 178713 334275 435213 364264 725020 434625 671716 842336 597109 576440 193292 318104 360713 778760 999999999 140596 327737 539728 289751 77206 571730 209968 383018 235668 790787 494381 634450 334463 240323 309088 589477 174363 516679 348204 670676 315227 258260 446127 864932 759986 773997 792062 903654 426306 488790 859912 532876 480626 100112 673664 334819 507879 234056 272837 456403 613680 553733 107205 420277 829991 731353 592512 377397 137566 364231 700161 530004 107939 267786 161353 328998 289355 295504 405327 507305 101014 818167 75578 694472 652271 331770
448446 905980 136931 646451 695533 573935 426464 637685 235952 240015 498594 329430 663833 791947 254285 380806 90815 926453 480729 121193 218880 397335 414292 673685 429245 652112 725595 606482 606411 75499 240163 232486 654900 140596 999999999 326323 588067 227313 184415 527029 259521 276067 123564 658396 358255 608920 205876 326615 312568 496264 309487 556317 216310 532984 193670 345149 326609 771835 632082 664247 711416 787609 287567 358885 761822 490869 441287 107221 546277 214461 564259 222507 171768 504756 585350 439005 65142 323492 755271 604482 461939 267054 277773 281773 635967 523635 204631 284503 118115 235508 157340 213760 279552 437356 186545 687387 92134 710437 511685 264079
139662 797349 225282 828228 881069 490209 178967 873573 247639 410199 372731 53286 641889 685628 481834 183219 315134 793410 698280 206823 522499 132625 146923 413985 107315 344083 657928 280358 285371 397241 178540 334489 628478 327737 326323 999999999 285163 147452 404094 261283 139461 583404 441864 881508 462116 308206 324326 204802 19976 366303 450037 245636 489713 733020 492490 581840 346348 612499 630723 572542 519012 712069 436761 419806 619356 222380 172400 243426 552972 512074 275103 104070 233121 211077 288790 724909 367616 636561 544776 600342 502312 571623 370411 196852 406037 203248 244560 585637 436089 555060 443293 188190 558514 247077 428631 916051 274286 384124 657808 590004
262553 946731 507564 1106847 1159658 694271 362286 1158260 414864 581721 574615 262109 860887 848006 766826 407881 594660 923227 982573 478312 798184 332593 176479 465596 232754 312821 849638 169339 83272 663011 460295 617633 846481 539728 588067 285163 999999999 432183 604137 368653 334777 858450 710237 1165225 737965 317545 608911 309225 290281 567160 590605 45212 771270 1015452 769118 756091 615341 740743 860609 759249 631194 893222 719659 690220 761470 349288 334637 487290 793519 789359 43945 375036 518236 83997 319938 1006905 613611 909349 631617 831715 759720 847578 511057 468884 503209 217774 432769 806779 682702 823311 721712 472613 840277 445400 633929 1200102 514051 203932 933334 849021
232616 738175 95873 682906 735683 410284 199154 726189 273169 393473 308575 183880 541375 623134 336393 156151 185393 746632 550828 115206 392117 172235 287011 447500 225499 429420 576609 404298 425564 285457 39974 187641 529255 289751 227313 147452 432183 999999999 364194 299717 197997 452762 323913 734097 320370 384522 176880 288860 146188 304144 450469 391642 351222 586005 361435 544512 214849 577076 522401 499752 502324 635616 289819 283887 574391 263722 214924 189655 439129 379698 422390 96278 88583 358333 360305 584139 284746 507812 541020 491994 375958 440017 383484 81368 414388 312201 253370 509908 345377 433250 310687 40872 419021 218307 380651 768603 216928 510068 514812 477518
542774 1082343 296873 806771 853013 749409 550909 773643 189451 65408 663865 382035 847092 967529 421639 518310 275070 1098826 634005 250808 336749 512363 430936 802032 510647 748176 905583 670372 645641 212529 390509 415953 837822 77206 184415 404094 604137 364194 999999999 648847 281483 376483 244618 800613 542069 711323 389330 297582 385211 660534 132969 583942 365279 690923 323863 181364 506987 936664 816098 840289 866239 967322 469760 543048 930310 610026 557789 175146 730119 341270 569975 311262 338939 521910 690695 547756 127768 404975 905129 788248 646272 373642 137470 436315 776312 605689 172875 205011 149214 316629 309468 366832 413590 582351 30735 825512 147350 766037 686125 303977
135999 581190 393051 828662 879376 336352 100604 918147 508034 664436 224595 306075 505237 479762 578327 152323 476029 563499 745371 411634 671445 136613 351133 154004 182322 158279 483199 229121 306128 582444 292442 409774 490660 571730 527029 261283 368653 299717 648847 999999999 400627 729544 617145 913403 475341 109858 417432 459816 281094 217306 709100 325990 617877 760475 641075 829941 351885 379173 512571 392832 274072 524885 492989 417512 395958 39288 91456 475822 458883 656604 390775 338220 370284 347118 85641 833100 583465 785689 289763 486089 451029 715757 630744 261661 150131 150889 502045 808814 645088 720873 590556 318585 679249 126706 669581 950277 506042 310414 652712 770970
276598 919279 219675 854313 906313 599547 314449 874099 108903 277065 488681 103424 738033 805526 476153 305710 288330 920417 705211 169217 476740 269071 158368 553440 237957 475526 767566 389088 366706 334982 237965 364880 725609 209968 259521 139461 334777 197997 281483 400627 999999999 535144 383085 888773 506385 443325 345872 91531 119565 483054 311867 308406 461907 748974 449653 452316 411292 742492 720168 686553 653394 824831 461056 476947 746160 361609 310968 154368 637120 470439 307160 101719 250588 250785 425418 693970 279116 582986 681798 689721 572594 525593 231361 275990 543945 329683 111059 477367 348008 494297 406631 231020 529652 373089 309180 920862 179640 484818 695007 515602
685154 949825 360391 463578 502701 647754 635159 401914 504175 441425 620661 596692 669604 846439 180294 577609 269156 988286 288833 380323 60957 619790 687561 856767 676653 875176 758342 856225 868674 201281 444294 327763 666128 383018 276067 583404 858450 452762 376483 729544 535144 999999999 153232 432941 353507 827958 314492 601363 573200 621641 504490 823965 115169 349998 91408 437675 416392 870158 626762 726116 841647 817895 284410 394852 848374 699708 657710 383100 554776 73427 837257 484550 367017 776250 802727 171635 276837 56148 894181 607593 468292 14275 509420 468351 801889 764956 473896 289028 228020 63180 142091 420811 81262 614346 355419 454379 364143 961930 395191 116212
554732 925446 228079 562711 608507 601952 518341 532696 351970 309601 548201 449917 662111 814909 186575 465673 141120 954374 389410 235317 99174 495853 537351 755888 540670 753218 737484 719838 725331 48194 324786 252383 655485 235668 123564 441864 710237 323913 244618 617145 383085 153232 999999999 557733 338604 707832 230032 448136 429800 547454 377430 677404 121675 446682 80183 354713 352436 814933 624550 688565 768805 799360 261066 359305 799279 583698 537310 230135 542673 99238 687304 339822 246916 627267 683288 320170 128513 199967 817279 600105 454042 145179 368476 358095 709514 632685 321381 241560 101385 113488 71707 298912 170622 513189 230685 583961 210965 824871 451413 153994
931876 844494 672352 125275 115763 665617 847465 44002 892893 865996 716518 914715 576137 778423 412941 787437 602167 904645 184125 719590 464101 855559 1017076 987593 943568 1071564 678604 1107248 1148976 597534 704956 547592 582536 790787 658396 881508 1165225 734097 800613 913403 888773 432941 557733 999999999 440128 1023259 557392 971818 879548 721750 932127 1123353 443001 153280 477602 868844 566858 865225 532542 700600 891916 718704 445670 496598 829720 899009 876783 757884 515726 459481 1156467 806958 651623 1092407 998721 280315 684929 426874 948186 534952 477143 432077 925862 700736 915204 1008835 861489 715489 651991 496121 502179 693319 387291 787334 782982 36999 749766 1207905 268732 538978
494171 597993 292685 369178 421905 298225 407463 442946 548808 597971 299012 503666 324778 493058 174274 347795 269231 634865 270494 351767 317910 417663 606415 564968 509750 633589 406932 668095 714070 343844 284417 142853 319131 494381 358255 462116 737965 320370 542069 475341 506385 353507 338604 440128 999999999 584964 165672 597273 464536 302461 667072 694438 248679 286855 298617 686917 126953 522043 286076 373011 508234 467633 77570 58635 497640 459255 436906 419018 206011 300536 734654 409426 256331 671248 560104 389280 416035 401890 563666 262418 117283 339992 626459 269122 497686 569762 520262 579399 430333 382562 270092 280894 276273 348705 540504 476725 426847 767970 195838 448736
168673 637155 480263 938054 988583 431511 192985 1027852 552103 718145 327631 340879 599133 545991 682830 252368 567590 608803 854758 489288 768758 212304 354272 148062 205551 48865 564982 153408 241327 669965 384883 514012 584629 634450 608920 308206 317545 384522 711323 109858 443325 827958 707832 1023259 584964 999999999 519572 484646 327736 320656 755016 281439 718352 870314 738121 889947 460864 429031 610799 476185 318360 599709 600501 527258 453744 129893 170820 544310 562689 754618 349331 402148 463206 321408 25520 938107 660753 883969 314405 585742 559524 814432 673758 360308 192837 123679 551993 884666 725715 815034 687210 409820 781525 236264 734815 1060129 575281 211377 762296 861718
391904 704607 128042 510783 563265 375596 327063 549358 383164 440763 318624 357955 457986 591812 165777 267237 115434 729197 373964 186382 259081 319533 460832 542346 394718 567764 521304 568712 598758 215225 150901 26630 449026 334463 205876 324326 608911 176880 389330 417432 345872 314492 230032 557392 165672 519572 999999999 435543 322183 318173 508655 567939 200949 410366 229971 548601 124764 585193 426865 464331 539946 583435 115904 154407 570508 389915 352273 254043 340804 243010 599108 253878 96489 535050 494092 420320 269077 370473 589600 398918 258106 300424 463215 160567 489018 472184 354600 464472 300403 315301 182287 136299 262048 299919 392391 591773 263901 673545 349164 373891
327051 999904 308199 941720 993413 685056 383582 955343 109059 272541 571415 154589 827116 887143 558933 384337 369653 997701 789092 254137 545351 337146 145406 608323 282842 509973 853334 402456 360131 400201 328822 455299 814485 240323 326615 204802 309225 288860 297582 459816 91531 601363 448136 971818 597273 484646 435543 999999999 187155 565432 286790 294369 538091 834723 520196 447644 502707 817240 810278 770616 723378 909594 550029 568453 823501 422131 374743 219713 727723 541012 273126 192735 341090 229771 470233 765574 331351 645684 747384 779794 664022 593047 204994 365458 607883 363354 133253 502202 396365 554997 480801 322515 604229 450264 327967 1003113 237301 486807 784626 567606
159335 813569 217535 828933 881733 503814 197507 870636 227666 390505 387335 41156 653407 701411 476913 198421 306059 810573 695919 194486 512404 151352 141967 433910 125541 363098 671829 295449 295778 384518 180128 333820 640146 309088 312568 19976 290281 146188 385211 281094 119565 573200 429800 879548 464536 327736 322183 187155 999999999 381050 430071 252418 481810 732049 482643 562506 351448 630171 641077 587136 537561 726579 435952 424076 636402 242132 191883 226602 562263 502465 277267 90191 228944 213286 308518 717340 351835 625827 563933 610629 509121 561668 350440 202733 425393 221154 224720 568390 420655 543201 433990 187029 550758 263435 410061 913790 257292 398301 659831 576588
306193 436557 364916 626614 675504 128223 208212 732202 573646 695622 7490 419588 293792 322483 447624 183143 417698 442499 567541 410777 571470 247897 500476 266186 344153 365380 292803 444317 515116 527142 271731 298511 279354 589477 496264 366303 567160 304144 660534 217306 483054 621641 547454 721750 302461 320656 318173 565432 381050 999999999 754321 522318 506677 571892 544164 836681 205329 276382 296681 206251 221854 345796 346388 245180 270631 222224 233487 490103 242150 554443 580970 388830 325234 526988 299402 688492 560925 675900 272778 269407 246182 607370 687331 225525 195922 356363 556289 775025 607184 631107 499051 294026 555351 124946 672823 758717 514408 527491 454395 691493
588403 1185253 401819 939739 985912 853466 617117 904254 202972 69813 758510 414241 962818 1070024 553840 595294 397899 1196542 766838 347143 468027 574054 432116 862875 549487 785945 1014680 687753 646506 345111 483070 534973 952745 174363 309487 450037 590605 450469 132969 709100 311867 504490 377430 932127 667072 755016 508655 286790 430071 754321 999999999 579966 498245 823879 456324 172959 619987 1027263 934338 944249 948090 1075680 597047 663037 1024798 669826 618055 266951 848011 473324 551067 376508 445246 514770 737285 674468 258811 528222 981985 905666 766753 502748 82467 529140 847343 639190 207245 283467 280156 442974 442318 462632 545644 662286 149346 956340 248040 773587 817494 421143
217390 905602 469909 1063493 1116275 649600 317118 1117069 396003 565945 529766 227545 815985 805715 727344 362777 558237 883545 941115 443689 763410 287482 153008 429218 187831 281644 805725 140557 68254 630680 418482 575882 801593 516679 556317 245636 45212 391642 583942 325990 308406 823965 677404 1123353 694438 281439 567939 294369 252418 522318 579966 999999999 734227 973095 733989 741796 571268 700438 815483 715384 591455 849926 677685 646149 720239 305338 289568 458098 748308 754032 67893 339480 478572 65406 281650 969751 585273 875647 594038 786560 714806 812778 498927 425526 463380 175485 411300 784440 654683 790784 685894 431757 803176 400301 613168 1158410 485921 197505 889587 818907
581303 846543 264471 441497 487965 536991 525375 421414 452097 429781 505798 509645 571664 740426 76352 466678 177015 881954 269478 296388 69332 513039 606142 742512 576714 766093 655600 755304 774308 155546 337928 212937 566840 348204 216310 489713 771270 351222 365279 617877 461907 115169 121675 443001 248679 718352 200949 538091 481810 506677 498245 734227 999999999 325668 52931 471285 301559 758138 530852 617828 727059 716283 174803 284388 737591 589257 549108 319497 454019 51875 753876 396658 263134 691183 692971 235635 243606 170424 779328 509209 365723 100903 484350 358045 686923 661672 420719 342985 222735 133908 59211 316143 69009 500730 352288 471345 308319 861031 332911 200069
779247 737555 530117 116180 162751 524581 694241 160408 762614 755439 566942 768301 456419 659174 279546 634303 467124 792688 61207 580743 363805 702850 871196 838070 791881 918697 559359 954284 997170 480356 555354 398531 460328 670676 532984 733020 1015452 586005 690923 760475 748974 349998 446682 153280 286855 870314 410366 834723 732049 571892 823879 973095 325668 999999999 369415 783590 413633 733379 410699 568854 750779 606413 296260 343392 699972 745771 723596 626406 379033 354672 1008112 662881 506046 944097 845705 246204 568365 363180 807329 407299 330037 344560 807916 549082 766602 855880 731443 638751 546462 410265 382697 545134 284534 634263 677204 189963 621907 1054712 127588 465345
593910 895561 269023 485594 530389 581973 545606 452565 427896 389075 543812 507083 622690 788309 128762 488841 177837 929512 311107 290824 30742 529114 599667 771463 585251 785077 705046 764817 777841 123187 353778 246296 617528 315227 193670 492490 769118 361435 323863 641075 449653 91408 80183 477602 298617 738121 229971 520196 482643 544164 456324 733989 52931 369415 999999999 420496 340687 801375 582380 664568 765665 766058 222998 330752 782166 610438 567594 300534 504506 20839 748965 394520 276125 687405 712981 245380 208306 146492 816842 560226 415893 79159 448642 379459 718990 673636 396876 290108 177200 87469 51001 329940 90441 528256 308345 503786 284880 870525 384386 151613
721277 1251117 471768 898910 939792 919020 732236 835298 348926 176678 839610 555276 1004081 1137084 541001 699310 433507 1271108 723105 430090 420724 693380 590433 983280 687190 925386 1069821 839857 806663 343073 569112 574896 995955 258260 345149 581840 756091 544512 181364 829941 452316 437675 354713 868844 686917 889947 548601 447644 562506 836681 172959 741796 471285 783590 420496 999999999 671316 1113058 969716 1009391 1045655 1131925 610526 697618 1104937 791034 738759 356283 885172 431793 718069 491960 512081 677406 869901 593900 280307 443779 1085497 943385 798269 440799 246036 614411 957492 781085 341260 157444 256974 375079 426419 544614 499391 762818 164289 887790 327706 931204 804171 330700
