NAME : synthetic_000568
TYPE : CTSP-D
DIMENSION : 100
GROUPS : 8
RELAXATION_LEVEL : 1
EDGE_WEIGHT_TYPE : EXPLICIT
EDGE_WEIGHT_FORMAT : FULL_MATRIX
EDGE_WEIGHT_SECTION
999999999 700506 432885 498239 626008 744312 654172 880260 763316 692415 167045 395710 746458 397603 538931 649270 909516 35126 905777 752079 649928 975302 479921 270749 871255 858977 385780 791102 454263 885469 336752 420819 609374 524589 781359 972357 490029 680104 435700 913063 703216 341176 587799 776404 797860 46418 877877 613996 822345 530013 445040 665173 514084 887501 180823 902605 884522 105565 721242 192765 847697 92083 631513 830436 608644 226300 940633 496971 224660 580632 872106 695179 166688 291001 365108 737732 311794 878659 999718 681521 997743 110038 514698 642392 933638 733807 881617 225632 975815 797979 1114068 112425 585642 81097 717227 632044 650921 286973 268103 891164
700506 999999999 653158 852588 848137 313261 75994 309903 673214 578603 635943 769678 149796 535582 723232 406640 214880 729060 386963 118864 53333 575477 751717 623807 181077 233312 494395 495565 249971 199598 448963 348191 97931 300633 371818 345340 321798 20464 416698 497874 7096 784027 712306 157815 206354 715825 204059 326758 162700 229302 693520 122787 571505 258341 597837 350815 218836 729869 692628 633931 195284 705688 385988 385906 791959 492069 324949 549564 545435 213116 395238 404940 748668 436350 343046 258150 620534 325874 641193 643284 572897 759222 238346 615462 543120 909185 311506 576605 546535 675820 578786 592625 114867 625247 834073 73427 194316 448445 564829 308751
432885 653158 999999999 200191 229943 502809 653624 665218 348145 302986 548551 140322 772789 120924 112653 354384 802476 463905 650114 757058 624006 637552 99832 636526 829185 879115 665098 452330 508334 767220 579666 316412 605494 672530 508336 774199 331486 637966 236834 597197 651368 192303 155145 634122 627835 478990 746128 771363 814374 424039 40395 696082 127733 712404 264454 668493 742471 353699 296805 240701 703589 517790 352398 556771 191781 322116 972016 131614 251782 670228 602163 398735 311063 313013 481470 529402 122789 652670 638884 266194 667730 542708 610952 233238 600338 327374 665976 563914 652436 386432 824017 371649 565253 434966 291408 583340 726463 510150 189897 943387
498239 852588 200191 999999999 159109 692459 850246 854673 451327 445614 648090 108787 968906 317436 175817 539812 1001623 520339 831111 954637 822019 787328 107391 747514 1029234 1076774 809004 613138 693753 966024 729173 511289 801512 849145 690453 964185 531275 837045 435892 759802 850951 157656 229757 832729 824308 542905 944268 949318 1013214 623298 160299 890603 309051 906869 377897 854072 939873 396108 388084 337610 901270 590295 541898 736455 180774 471588 1169574 321930 392493 856782 781004 580498 336416 482483 653462 723584 260478 840389 774195 383067 820190 597986 794405 366610 754428 259706 855303 682021 808912 490631 988442 479613 761827 530985 281058 782144 916446 659216 337311 1139071
626008 848137 229943 159109 999999999 635836 859945 792849 326182 349266 761684 234430 979114 343480 127966 483026 968329 652208 755050 959307 826388 677925 148326 855366 1015461 1079928 893757 520573 731611 931061 808937 532876 813964 899403 620578 901228 531681 835370 445857 663143 845242 299851 140600 799078 781625 672126 906090 997276 1010826 624837 198039 906672 276640 856016 478474 784892 898444 530246 262604 445362 861736 716545 492343 661252 58595 550118 1172458 299200 476343 891243 703168 515332 474296 542888 710472 676539 340111 775459 654022 275168 712230 731559 834708 274186 649748 108060 793201 784939 704857 362981 888382 586028 772933 644883 124168 783053 943599 739168 414942 1149402
744312 313261 502809 692459 635836 999999999 371204 162514 387477 306345 750222 641655 462175 417410 528399 153991 345153 778747 162153 428407 329589 281320 585106 780184 425724 526411 697242 185027 412214 307170 623571 324634 352166 553824 60457 271853 254432 313864 321434 203336 306940 681665 495758 188568 154952 776307 278996 613124 450590 242405 538128 426920 383420 220323 584194 168461 267941 728303 422717 602618 234815 786661 150793 94062 577285 519682 609067 372381 529749 485507 129580 122230 721040 455580 480981 56465 532070 150306 338589 381722 289098 835154 473502 367021 243177 669170 163231 713341 262835 380951 370732 633820 324240 689798 586330 290432 494149 587906 513321 608184
654172 75994 653624 850246 859945 371204 999999999 383975 711397 614200 576777 761095 119403 533394 732957 444807 280773 680858 458845 106201 41896 641907 753324 557349 217266 227485 422656 548222 200029 270404 382736 339105 49711 225291 431222 421196 328265 63372 417737 563612 82776 768814 728186 231596 279261 665675 277792 252670 172636 235412 693913 56135 584665 334333 567557 424399 293471 692671 724860 606408 271156 651614 422054 450421 805507 457020 319811 561040 517965 137175 463589 450194 716849 407012 290245 318599 607106 399000 705586 673905 641339 705170 167571 642940 607884 928260 385593 514427 614782 717676 653906 549951 88432 576432 856670 85734 123926 389414 544988 290104
880260 309903 665218 854673 792849 162514 383975 999999999 520689 452620 864949 803785 438007 576880 689075 315165 234152 913740 85905 400419 348747 291749 747366 879760 348138 467778 774526 299149 494305 200564 711810 460961 386033 600412 173924 109538 395250 320639 474370 223984 302820 842461 653806 152382 105641 908312 170405 636425 396382 353547 700641 432468 545712 85417 730367 41867 151886 874699 565096 752744 138623 912881 313294 143987 734544 653972 535500 534895 674914 518030 119937 277916 872416 589293 577716 145193 689983 23532 363872 529716 279677 963683 527200 520391 270345 818573 1637 819175 255370 505665 271558 768076 373695 818925 734393 325377 504051 689065 665195 550153
763316 673214 348145 451327 326182 387477 711397 520689 999999999 99234 848382 463478 820993 368959 283018 267072 731851 796777 463925 792059 670925 354295 365803 918843 810112 901654 899561 222798 656560 693967 812488 467046 675950 829472 350035 621704 422750 667123 387645 350226 668189 528741 223868 574320 542319 807600 665132 913773 826548 494617 357124 766140 249499 597295 583581 502043 652524 696338 64053 572832 621467 839583 289346 377668 278065 593996 988764 268686 549810 789300 412500 272017 658064 552235 678620 440653 456338 499588 327898 82580 389034 872653 750937 120951 329664 313614 520586 843702 384246 39724 568275 680419 637347 746671 229871 625852 821872 751968 496771 980710
692415 578603 302986 445614 349266 306345 614200 452620 99234 999999999 765508 434082 725271 294834 269808 172156 651057 726731 407441 697243 574102 342258 346806 831234 721761 808936 804947 171564 557842 613061 718353 370903 577823 730454 278710 558536 324133 571623 295094 316305 573829 493730 219352 488534 460537 735237 585238 814539 734364 395452 322300 668577 184174 523528 511592 440063 574240 634444 117005 506561 540923 763874 192862 315001 293156 509409 897304 196716 472599 690146 355343 185384 602357 463325 582431 356140 395423 433365 336616 77186 374730 800235 651772 79083 308815 365954 452761 756306 363368 117908 544163 602608 538910 668599 281856 528891 723382 659533 424328 886981
167045 635943 548551 648090 761684 750222 576777 864949 848382 765508 999999999 541234 650443 481681 660318 686021 850717 166308 905347 663320 582792 1007735 613369 103907 791073 757743 232364 833718 387726 832372 207967 432912 538802 405256 796708 944837 503114 615732 479112 938173 640083 494642 701646 740719 771027 139362 830375 482545 733126 513558 569343 574670 602381 855991 284819 893532 840494 269715 815609 316423 807004 96913 664326 842365 736080 256344 831643 580727 302474 477144 879697 727669 329232 309382 295243 731245 426664 867836 1042916 770130 1025494 142757 417712 729218 965795 867530 866455 71694 1001361 879093 1118694 176990 525015 117409 839827 576009 545252 187647 361892 777650
395710 769678 140322 108787 234430 641655 761095 803785 463478 434082 541234 999999999 878506 237515 183680 494481 931629 420081 790316 866642 735470 773524 102677 639782 948951 988522 700442 590266 595572 897342 621121 422900 711737 746156 648547 912390 452541 753037 356231 735955 768651 68985 243514 765121 762047 441248 877650 846485 927806 541369 112157 798499 267293 848224 269118 808093 875172 296899 404813 228962 835989 487354 491756 697075 230254 364732 1080888 271856 285388 758344 742477 539035 239980 379896 549928 665965 158090 791796 770522 385574 804481 498955 694553 358936 737280 342290 804586 573620 790085 503069 963412 371221 673101 423896 341037 697659 820059 551295 232608 1047559
746458 149796 772789 968906 979114 462175 119403 438007 820993 725271 650443 878506 999999999 652396 852246 553962 268742 770508 520597 37737 153958 717072 872533 614329 158037 114110 464839 645207 300590 274915 445582 457617 167412 256933 519961 446681 447463 153896 537103 640721 155710 883999 846738 293107 341819 752864 293935 235002 87382 354335 813044 83172 703517 370458 675619 479869 313464 794245 837917 715993 305399 733116 532413 530729 924461 562796 203589 680079 628254 173922 535593 554238 822745 517360 382426 406492 723416 457081 784788 787684 711636 786059 233970 758048 686753 1046302 439504 583111 685756 824692 695975 647601 207564 666552 973734 198874 111199 467962 659072 170713
397603 535582 120924 317436 343480 417410 533394 576880 368959 294834 481681 237515 652396 999999999 217274 283144 694218 431897 574067 637366 504614 596912 220708 558682 713404 759493 565963 408631 389011 660132 478745 195520 485018 555937 434568 683723 215623 519775 119347 544622 534131 266618 237849 528321 527375 440694 640923 653867 695819 306327 160874 575289 120737 615138 216789 585840 639055 343811 333931 213816 599758 470942 273674 484828 297433 232850 852339 100331 180936 550184 530068 330602 319771 207126 368795 435062 116513 567168 611797 289072 623456 505753 491959 248529 556696 432423 577824 483874 604569 401985 763948 311499 444971 377745 381981 464775 605712 411230 129502 822894
538931 723232 112653 175817 127966 528399 732957 689075 283018 269808 660318 183680 852246 217274 999999999 374424 851864 568532 660089 833119 699986 611707 82981 749086 893047 954158 775892 437791 604135 815110 689852 404938 686633 772869 520896 798475 404829 709925 317948 584315 720573 251589 60015 682149 668240 585308 791315 870285 885898 498237 93996 779169 153160 746689 375667 685498 784982 452910 222391 348948 747354 626006 380083 565340 80679 433842 1046857 173727 364419 763388 609268 411945 403967 420578 585780 564563 233685 673427 600401 209519 644453 647958 707245 190846 578618 216610 689588 676560 633095 322740 812875 483329 645655 545857 179681 657047 815644 620748 302544 1022719
649270 406640 354384 539812 483026 153991 444807 315165 267072 172156 686021 494481 553962 283144 374424 999999999 488669 684382 295908 525386 404078 326229 432642 734739 551571 636804 681752 148063 413056 450919 598980 256388 410982 579494 154233 424697 191524 400125 213751 265310 401788 539339 342599 321878 299615 686580 424739 657028 562326 239102 387904 499915 231330 373298 476103 314861 416095 616163 287654 486259 380207 705245 25423 203531 424432 435916 725397 222805 425650 530082 249036 47609 599815 377177 456025 194053 399644 300579 356903 240681 348629 749224 498738 219321 284451 522151 315744 662338 327325 273275 480849 544830 373529 606910 441252 359134 557683 549151 395975 714862
909516 214880 802476 1001623 968329 345153 280773 234152 731851 651057 850717 931629 268742 694218 851864 488669 999999999 939212 318109 234294 268174 523968 895772 837383 130004 254982 702823 518498 463894 37997 662532 527378 312592 500530 384257 194694 481521 235003 576719 458121 210634 956395 827874 169725 190522 927215 67106 500710 197047 401668 841622 304889 699602 148857 793278 270975 82853 930922 767718 825670 110408 919029 476608 369656 909940 693964 308195 682346 738757 410506 353288 465829 943828 634143 557040 295596 793840 257603 596660 725521 508573 972465 448344 707674 504377 1010671 235081 791414 485828 722684 449205 799624 326936 836196 929035 278001 367839 663289 748531 332688
35126 729060 463905 520339 652208 778747 680858 913740 796777 726731 166308 420081 770508 431897 568532 684382 939212 999999999 940077 777351 677994 1010424 507279 267516 898110 882364 393713 826212 481394 915760 351485 454921 636835 543184 816153 1005094 524381 708620 470792 948116 731955 362721 618463 808202 830428 27431 908737 630052 847717 562737 474540 689895 547761 919827 215238 936473 915734 124267 753960 224922 879167 76930 666584 865157 636824 260021 962681 531004 259749 602740 906706 730267 184845 324716 390891 771561 343738 912407 1034792 714823 1032839 79613 537620 675904 968757 760199 915108 231340 1010886 831686 1148681 145685 614278 104448 746063 661402 672909 306666 302415 912190
905777 386963 650114 831111 755050 162153 458845 85905 463925 407441 905347 790316 520597 574067 660089 295908 318109 940077 999999999 483227 421343 206202 724844 928539 434013 553550 832983 241680 548725 285629 765303 485322 455395 668646 141778 160701 415756 395652 482895 141805 379876 834731 619178 229745 180770 937034 255716 711337 481781 392227 682836 509680 525434 169501 746304 47275 236727 890348 513937 764209 224436 945897 301032 94757 697666 680523 621241 518500 691901 589614 52130 251692 882173 616128 626430 174501 689925 64167 278656 484173 193862 995100 592507 480881 187068 770708 84683 864497 169465 444287 213728 794851 438045 849697 685929 393001 581072 736301 674602 635994
752079 118864 757058 954637 959307 428407 106201 400419 792059 697243 663320 866642 37737 637366 833119 525386 234294 777351 483227 999999999 133314 680448 856537 632490 132128 122137 486424 612240 300726 238565 461170 444096 155912 278776 485551 409485 428594 126383 520462 604384 124100 874977 825348 256382 304910 760744 256815 266790 70399 335028 797421 88659 682985 332763 672514 442285 276208 795226 810891 711839 267675 743274 504499 494975 903970 561052 214980 660113 623532 191591 498916 523599 821164 512508 386980 372396 713111 419620 748521 761215 674606 796549 245643 732629 650552 1023822 401911 597485 648800 794605 658332 650488 193549 673012 949974 176305 136681 478403 651179 191471
649928 53333 624006 822019 826388 329589 41896 348747 670925 574102 582792 735470 153958 504614 699986 404078 268174 677994 421343 133314 999999999 601587 723394 570684 224771 255158 442930 506328 197631 252602 395883 312570 44682 253601 389702 393111 295325 33764 387292 523156 58147 746301 693168 196970 243302 664262 255802 290341 192482 201783 664386 98025 550310 304583 552805 388479 269688 682301 685519 590134 243559 653283 381617 409775 771320 444931 348075 527197 501495 169289 424151 408627 703208 391318 290506 277389 583495 362689 664698 634867 601724 706844 187158 604594 567139 892440 350377 523277 575112 676656 619803 543029 66317 573944 819786 45312 164810 395241 524441 323170
975302 575477 637552 787328 677925 281320 641907 291749 354295 342258 1007735 773524 717072 596912 611707 326229 523968 1010424 206202 680448 601587 999999999 688976 1048590 639714 757834 975660 188406 691870 491826 899197 574860 629073 834650 222964 351495 505124 580630 539975 78689 568563 829856 558865 424066 375750 1012809 461909 890124 684886 517698 661369 695910 511054 375640 800536 253071 442912 938079 416189 807511 429506 1030995 345414 192300 626066 761224 827239 514503 751233 763752 181545 281437 916662 700988 755241 326286 710728 269076 72977 406463 34941 1075391 754627 420913 41983 665680 290609 978583 41545 321850 216199 870982 603902 932653 583264 566270 765826 858107 718033 840568
479921 751717 99832 107391 148326 585106 753324 747366 365803 346806 613369 102677 872533 220708 82981 432642 895772 507279 724844 856537 723394 688976 999999999 707221 926682 978544 749759 510847 606757 859930 666141 416223 705272 768846 583853 856865 429922 736824 336103 657597 749768 171543 142903 726575 717348 526232 837813 868196 913317 522913 60006 795914 201686 799575 330314 747136 833128 387269 305371 297104 794640 569724 434515 630307 130886 406366 1071457 214777 330622 769072 675066 473787 334205 405488 575846 616306 193618 733213 680574 290892 721119 586859 709038 268834 654630 254770 748005 637154 708591 405526 886238 437749 664980 496632 241784 682399 825936 596054 270069 1043156
270749 623807 636526 747514 855366 780184 557349 879760 918843 831234 103907 639782 614329 558682 749086 734739 837383 267516 928539 632490 570684 1048590 707221 999999999 763709 715103 158864 882635 387239 823282 174878 478352 526004 358921 831135 950622 545301 604410 538012 975791 628831 595801 786873 745239 780522 240142 825099 420838 700241 538213 660274 545261 678115 860729 376909 911683 837339 373573 890882 412237 806728 193199 711488 873946 826622 326323 781677 654928 385594 441216 908086 773130 432857 367967 302425 754303 516777 885364 1089382 843248 1063484 228184 390754 802073 1007021 959884 881331 75161 1038386 947269 1142098 269839 520048 217299 927616 572045 504592 192442 447057 724883
871255 181077 829185 1029234 1015461 425724 217266 348138 810112 721761 791073 948951 158037 713404 893047 551571 130004 898110 434013 132128 224771 639714 926682 763709 999999999 125085 618538 608786 416991 151968 591369 528783 262384 410892 474750 323947 498105 199650 594093 569304 181166 964743 877055 237171 276535 882907 179902 392445 73611 407588 869390 218470 740061 266556 777361 388132 199975 906842 838475 814191 210426 868166 534818 470466 958149 669656 188030 719652 725592 323463 462271 538308 927898 615814 507487 370455 801150 370640 711427 792252 627456 921667 374670 769010 616142 1069124 349337 726576 603456 806145 578652 766138 291062 793691 990683 254482 267582 604611 745899 204423
858977 233312 879115 1076774 1079928 526411 227485 467778 901654 808936 757743 988522 114110 759493 954158 636804 254982 882364 553550 122137 255158 757834 978544 715103 125085 999999999 561037 711417 414699 276142 550874 566150 277033 356345 579965 449003 550077 244700 642445 685235 237117 995942 945023 341883 386498 864111 302928 310745 75825 456511 919486 197270 803375 388732 789579 508657 323233 908192 924032 829774 329154 842725 617230 581699 1024207 676876 92918 780850 741877 281137 578044 630525 936850 630901 495828 469985 834531 489562 828642 875357 747410 895297 344784 848335 732073 1142427 469071 689036 722812 901550 703708 761202 315464 778735 1067356 297150 212518 578051 771539 82936
385780 494395 665098 809004 893757 697242 422656 774526 899561 804947 232364 700442 464839 565963 775892 681752 702823 393713 832983 486424 442930 975660 749759 158864 618538 561037 999999999 825593 285456 692870 87761 434677 399218 207993 753186 833738 491186 476388 512233 899324 500179 669237 803532 630691 670957 368158 698413 262134 551885 458172 695797 401952 676923 744075 431983 809990 712615 476179 882153 474364 685556 329162 656841 790893 856283 343686 624517 651538 419590 295492 819869 713600 529007 359068 225782 662616 556549 783382 1024418 831206 986077 373713 256049 790640 935352 992221 776147 162676 959971 922855 1043693 339897 402354 312351 947581 453173 353797 155182 479693 567100
791102 495565 452330 613138 520573 185027 548222 299149 222798 171564 833718 590266 645207 408631 437791 148063 518498 826212 241680 612240 506328 188406 510847 882635 608786 711417 825593 999999999 550365 481159 744221 404336 522847 709758 134757 398912 338250 494280 358179 146766 489518 644343 390129 372012 333465 829856 451392 779582 635599 373046 478447 604353 324920 378374 614462 279255 437093 750564 272539 619958 409157 850508 171204 155370 464709 582184 793485 326891 566497 651213 189939 112034 728331 524558 600461 241486 522330 277514 209758 246071 216370 893241 628351 249396 148993 529706 298950 810369 200118 206566 375449 689198 489808 752302 444896 464152 668616 696198 530905 793208
454263 249971 508334 693753 731611 412214 200029 494305 656560 557842 387726 595572 300590 389011 604135 413056 463894 481394 548725 300726 197631 691870 606757 387239 416991 414699 285456 550365 999999999 444688 217527 202393 155518 174514 468977 563506 233819 229550 291942 614908 253608 592686 613630 358109 393588 466992 442889 267418 370280 177480 546899 217436 471445 473689 375733 527942 453557 494567 652355 416948 421209 455730 387636 505642 682672 262342 502624 445498 330313 163035 534451 438866 522163 220757 93152 377298 437624 501404 743120 599702 701272 509275 103110 562105 652080 814647 495900 332148 675047 673509 760727 350190 137335 377081 753603 188349 225396 201647 367261 461123
885469 199598 767220 966024 931061 307170 270404 200564 693967 613061 832372 897342 274915 660132 815110 450919 37997 915760 285629 238565 252602 491826 859930 823282 151968 276142 692870 481159 444688 999999999 648483 496806 297279 494021 346753 174668 448678 218873 543272 424317 194456 923323 790557 133366 152529 904577 30457 501813 211796 371345 806188 300851 663082 116295 764762 238882 48955 903675 729721 796203 72502 898081 439111 333320 872635 667557 336556 646150 709888 404267 318618 427842 914917 606768 537567 257673 761236 223795 564230 687552 477779 951351 437082 669837 470826 972840 201601 774794 454423 685017 428680 774822 307363 813398 891130 256791 367262 645543 717687 356385
336752 448963 579666 729173 808937 623571 382736 711810 812488 718353 207967 621121 445582 478745 689852 598980 662532 351485 765303 461170 395883 899197 666141 174878 591369 550874 87761 744221 217527 648483 999999999 348907 351212 197299 677841 778541 407672 429625 424959 823889 454027 593923 716472 573449 610554 328665 650669 278742 530029 381927 611246 373079 589195 688563 354958 745393 663223 416495 794512 398461 633279 298408 574336 717603 770378 259849 623715 563790 337451 271665 748795 632483 464774 271684 144242 592539 473716 718872 945602 743655 911174 348905 216998 703038 858387 906367 713406 138192 885375 836246 977857 271766 346574 257552 860575 398526 338423 70181 396330 569726
420819 348191 316412 511289 532876 324634 339105 460961 467046 370903 432912 422900 457617 195520 404938 256388 527378 454921 485322 444096 312570 574860 416223 478352 528783 566150 434677 404336 202393 496806 348907 999999999 290231 375890 366135 557349 70929 330880 89550 505573 347674 435963 411584 372839 385700 451771 482602 469765 504942 125720 356386 379841 269053 476520 272460 481972 485040 415735 455903 300453 446151 462559 233312 413584 482227 195202 658774 243119 216747 358641 453580 295715 420149 130946 211613 317272 272376 458328 611937 403621 592726 510586 304784 364537 532938 612962 462265 406097 568813 488724 695309 309543 250764 365297 551211 275431 411304 294400 221179 627854
609374 97931 605494 801512 813964 352166 49711 386033 675950 577823 538802 711737 167412 485018 686633 410982 312592 636835 455395 155912 44682 629073 705272 526004 262384 277033 399218 522847 155518 297279 351212 290231 999999999 214379 412623 435399 282707 78413 370275 550399 102827 719121 683554 235899 280411 622499 300137 261235 221752 191151 645720 93343 539597 346278 518635 424814 313665 645123 686424 557182 286471 610429 387332 436774 760064 408751 369169 515571 468672 135050 454531 420534 668261 357799 247739 302914 557501 398644 690041 634910 631163 664011 144138 602703 593251 884284 387669 478825 604472 684236 657575 503755 41111 532568 813994 63014 146941 351177 495287 337896
524589 300633 672530 849145 899403 553824 225291 600412 829472 730454 405256 746156 256933 555937 772869 579494 500530 543184 668646 278776 253601 834650 768846 358921 410892 356345 207993 709758 174514 494021 197299 375890 214379 999999999 613568 645799 407268 285033 465241 756147 307110 733359 785556 449892 494790 522016 502879 100342 343899 340396 709683 196294 644542 557914 500091 639065 518753 591818 826662 544147 495789 494766 554183 643198 852359 387940 426604 618486 465519 90025 664754 600397 632192 366690 196325 509476 588988 612819 891840 773996 839414 545893 81410 736567 796998 985692 602048 334989 812744 845071 871954 441741 231808 443590 926634 275816 146132 237692 513604 372441
781359 371818 508336 690453 620578 60457 431222 173924 350035 278710 796708 648547 519961 434568 520896 154233 384257 816153 141778 485551 389702 222964 583853 831135 474750 579965 753186 134757 468977 346753 677841 366135 412623 613568 999999999 280884 295207 373215 350103 146162 365357 693433 482569 238773 198837 815324 317175 673567 504293 295915 541160 486804 383858 247310 615488 164794 303464 758429 391853 630347 274578 828408 160895 50458 562529 559323 660360 376723 562329 545901 95500 110138 746774 496266 534371 113668 550883 155180 278417 355793 233339 875616 533015 347184 183844 644657 174085 762857 207669 338677 334142 672498 384507 730719 560523 350845 554370 639422 540127 662293
972357 345340 774199 964185 901228 271853 421196 109538 621704 558536 944837 912390 446681 683723 798475 424697 194694 1005094 160701 409485 393111 351495 856865 950622 323947 449003 833738 398912 563506 174668 778541 557349 435399 645799 280884 999999999 494746 360871 578200 298631 338758 949895 762596 205398 174983 997941 152766 666267 386448 442368 809872 461301 655197 89979 829129 119663 133297 972958 669021 853649 150056 999089 422639 244691 843045 746836 501322 644156 773434 558368 210055 386961 973672 682571 652048 248996 795654 125775 424063 635721 330146 1050935 579537 628066 341022 924188 108954 894393 310717 603741 254707 859932 432533 907494 839693 380971 531118 763494 767443 527375
490029 321798 331486 531275 531681 254432 328265 395250 422750 324133 503114 452541 447463 215623 404829 191524 481521 524381 415756 428594 295325 505124 429922 545301 498105 550077 491186 338250 233819 448678 407672 70929 282707 407268 295207 494746 999999999 307048 96349 435080 319909 474875 401012 319619 326558 521927 431619 494795 483570 93576 371814 375832 256915 417086 335142 414248 431914 479450 420046 358948 392583 533405 167256 342736 477408 265316 642937 232898 279664 374769 383017 227877 479016 201491 265452 250426 312568 391253 544080 367393 522382 581198 330088 331053 463274 602149 396489 474077 498290 440348 624883 379389 241603 435999 533824 253063 418262 357952 273938 617891
680104 20464 637966 837045 835370 313864 63372 320639 667123 571623 615732 753037 153896 519775 709925 400125 235003 708620 395652 126383 33764 580630 736824 604410 199650 244700 476388 494280 229550 218873 429625 330880 78413 285033 373215 360871 307048 999999999 401238 502599 24474 766403 700337 168274 215895 695363 222153 316028 176522 213936 678354 115302 558764 272922 578362 361027 236269 709904 684801 614738 210999 685255 378770 389868 779533 472151 337090 536425 526187 198860 401434 400757 729126 416829 322644 259776 603046 335638 645274 634954 579238 738786 220453 606246 547345 898106 322258 556660 552745 670890 590816 572328 94489 604793 823803 55449 185920 428287 546439 317749
435700 416698 236834 435892 445857 321434 417737 474370 387645 295094 479112 356231 537103 119347 317948 213751 576719 470792 482895 520462 387292 539975 336103 538012 594093 642445 512233 358179 291942 543272 424959 89550 370275 465241 350103 578200 96349 401238 999999999 477534 415106 380182 322281 412662 415439 472838 525150 559310 577577 187408 277229 462081 179504 504877 265475 488277 524370 408402 371215 281315 484987 492342 195913 400227 394070 224607 735360 153576 213095 447192 443846 259483 399640 170813 294615 329693 219570 467340 567896 319593 562049 535629 394269 279526 498201 523841 475464 463529 540171 412581 684239 331310 329620 394124 461666 346519 497808 364632 191902 707814
913063 497874 597197 759802 663143 203336 563612 223984 350226 316305 938173 735955 640721 544622 584315 265310 458121 948116 141805 604384 523156 78689 657597 975791 569304 685235 899324 146766 614908 424317 823889 505573 550399 756147 146162 298631 435080 502599 477534 999999999 491002 788605 535621 348245 300548 949182 394005 811477 611466 441993 624418 617825 469482 309295 741318 188825 375810 881379 407429 751296 358952 965239 281622 113629 608397 695275 757290 469440 690357 685063 107221 218357 863599 633726 680265 247597 660295 200591 144184 388007 87694 1010892 676251 395000 46869 663543 223041 906686 63257 323974 228687 806684 525266 867036 579260 487614 687538 784535 661113 768134
703216 7096 651368 850951 845242 306940 82776 302820 668189 573829 640083 768651 155710 534131 720573 401788 210634 731955 379876 124100 58147 568563 749768 628831 181166 237117 500179 489518 253608 194456 454027 347674 102827 307110 365357 338758 319909 24474 415106 491002 999999999 783613 709115 150720 199259 718934 198236 333808 165665 227804 691712 129883 568642 251575 598986 343723 212751 731624 688072 634784 188710 709228 381335 379121 788934 493783 328393 546867 546354 219814 388260 399511 749876 437578 346741 251697 620050 318777 634373 638882 565899 762741 244149 611336 536292 905645 304424 581121 539546 670508 571771 595016 117687 628256 830259 74029 201412 452677 564998 313271
341176 784027 192303 157656 299851 681665 768814 842461 528741 493730 494642 68985 883999 266618 251589 539339 956395 362721 834731 874977 746301 829856 171543 595801 964743 995942 669237 644343 592686 923323 593923 435963 719121 733359 693433 949895 474875 766403 380182 788605 783613 999999999 311088 792793 793645 385500 905318 833457 938604 559106 172603 802399 319428 881713 239136 849589 904273 238469 471264 195467 864905 433258 534004 742858 298891 345951 1087436 319786 267848 753649 788365 585298 178860 372459 537596 701516 163674 831904 830245 449490 859973 440349 687999 420705 792563 406943 843359 533254 844458 568151 1014508 332217 682052 378509 409452 711002 818072 525313 225635 1050921
587799 712306 155145 229757 140600 495758 728186 653806 223868 219352 701646 243514 846738 237849 60015 342599 827874 618463 619178 825348 693168 558865 142903 786873 877055 945023 803532 390129 613630 790557 716472 411584 683554 785556 482569 762596 401012 700337 322281 535621 709115 311088 999999999 658749 641025 633977 765509 881012 874771 492834 147302 776783 144329 715775 418760 647280 757847 505682 162569 395832 721145 672927 351747 524781 82083 465716 1037177 169380 401338 769239 567660 375938 458958 444952 604206 535963 277730 636925 544439 153355 592161 697487 716323 140739 527171 201767 654205 713228 582020 263550 763473 525179 642445 589242 144133 649120 817789 648570 340290 1016280
776404 157815 634122 832729 799078 188568 231596 152382 574320 488534 740719 765121 293107 528321 682149 321878 169725 808202 229745 256382 196970 424066 726575 745239 237171 341883 630691 372012 358109 133366 573449 372839 235899 449892 238773 205398 319619 168274 412662 348245 150720 792793 658749 999999999 49073 799423 112608 484070 266544 249831 672977 280573 529892 115638 644310 193036 112447 785874 605538 673287 73331 797929 308312 240695 740773 553381 421641 512804 588813 366180 242535 303554 792951 490426 447032 133727 631697 168080 492428 561232 418725 850350 379008 541184 394616 843828 153998 689247 392738 569269 422871 664337 228413 708418 763123 177678 352126 558345 591851 424556
797860 206354 627835 824308 781625 154952 279261 105641 542319 460537 771027 762047 341819 527375 668240 299615 190522 830428 180770 304910 243302 375750 717348 780522 276535 386498 670957 333465 393588 152529 610554 385700 280411 494790 198837 174983 326558 215895 415439 300548 199259 793645 641025 49073 999999999 823043 125270 531922 311820 267902 665756 329135 517787 90832 658147 145238 116869 801268 577232 684659 80727 824157 289329 195260 723075 572768 463368 502603 602422 412540 194231 275321 804731 508765 479851 105636 634936 119746 444682 535081 369846 875960 421989 517925 347126 820887 107277 722185 343937 534720 377164 685456 269101 732538 738884 220059 400626 591455 600496 469398
46418 715825 478990 542905 672126 776307 665675 908312 807600 735237 139362 441248 752864 440694 585308 686580 927215 27431 937034 760744 664262 1012809 526232 240142 882907 864111 368158 829856 466992 904577 328665 451771 622499 522016 815324 997941 521927 695363 472838 949182 718934 385500 633977 799423 823043 999999999 898382 607406 831142 555969 491433 672891 558175 911915 224170 932063 905914 147736 766321 238576 869783 50046 668063 863910 655046 256626 943384 540495 264706 583781 904864 731941 208858 320907 375430 767155 357574 907675 1038997 726026 1034499 65087 519366 686649 971015 779975 909706 205543 1012146 841907 1146790 142827 601280 91227 763644 649218 653780 286826 311377 892216
877877 204059 746128 944268 906090 278996 277792 170405 665132 585238 830375 877650 293935 640923 791315 424739 67106 908737 255716 256815 255802 461909 837813 825099 179902 302928 698413 451392 442889 30457 650669 482602 300137 502879 317175 152766 431619 222153 525150 394005 198236 905318 765509 112608 125270 898382 999999999 516242 236122 357917 784781 312779 639838 86830 752507 209162 20374 892685 701711 782813 44549 893544 413786 302990 847589 657792 365848 623536 697302 413760 288195 400278 902054 596059 535144 230884 743984 193556 534212 660122 448321 946597 442374 643194 440555 946156 171471 774458 424758 655667 404600 766590 306167 807155 864100 254582 381143 644434 702736 383978
613996 326758 771363 949318 997276 613124 252670 636425 913773 814539 482545 846485 235002 653867 870285 657028 500710 630052 711337 266790 290341 890124 868196 420838 392445 310745 262134 779582 267418 501813 278742 469765 261235 100342 673567 666267 494795 316028 559310 811477 333808 833457 881012 484070 531922 607406 516242 999999999 319748 419744 808857 205513 738803 582583 599347 677012 534261 686431 914739 643511 517795 576029 632107 697850 949342 487797 364974 712883 565655 128396 714185 673288 728874 466927 296664 564110 689251 651666 951251 862115 891473 625131 165448 825762 854479 1081868 638037 410907 864814 927003 905413 536963 290264 533635 1020926 323870 135180 329486 613943 306343
822345 162700 814374 1013214 1010826 450590 172636 396382 826548 734364 733126 927806 87382 695819 885898 562326 197047 847717 481781 70399 192482 684886 913317 700241 73611 75825 551885 635599 370280 211796 530029 504942 221752 343899 504293 386448 483570 176522 577577 611466 165665 938604 874771 266544 311820 831142 236122 319748 999999999 390405 854767 158761 734200 319938 740191 437718 256473 864474 849814 778927 258152 813562 543180 506802 954585 629484 163451 712249 690424 259061 504401 555155 889422 579536 457237 394161 775939 417633 755206 801531 675511 866808 315427 775221 658244 1070981 397733 666848 650576 826044 640292 720325 256767 743362 995039 231081 198522 548606 716008 158056
530013 229302 424039 623298 624837 242405 235412 353547 494617 395452 513558 541369 354335 306327 498237 239102 401668 562737 392227 335028 201783 517698 522913 538213 407588 456511 458172 373046 177480 371345 381927 125720 191151 340396 295915 442368 93576 213936 187408 441993 227804 559106 492834 249831 267902 555969 357917 419744 390405 999999999 464424 284494 349257 357924 394771 380313 361278 536044 499575 425016 322819 559362 213812 336425 570144 304948 549381 325746 339442 294695 369877 261874 544138 241224 238697 217826 395509 354903 566678 447423 529247 610355 259683 413651 477223 693248 354993 472615 503469 507261 605890 417594 150157 465964 622923 159592 331347 345798 346897 524572
445040 693520 40395 160299 198039 538128 693913 700641 357124 322300 569343 112157 813044 160874 93996 387904 841622 474540 682836 797421 664386 661369 60006 660274 869390 919486 695797 478447 546899 806188 611246 356386 645720 709683 541160 809872 371814 678354 277229 624418 691712 172603 147302 672977 665756 491433 784781 808857 854767 464424 999999999 736159 157565 749588 284568 702664 780803 359301 301484 255849 742032 532503 387385 588930 166739 352123 1012385 165752 278582 709129 634150 431147 311671 347657 517384 566381 143508 687511 658887 277113 692367 553979 649276 248213 625196 299848 701357 588786 678118 396315 852244 392520 605527 453945 272606 623735 765932 541364 217000 983616
665173 122787 696082 890603 906672 426920 56135 432468 766140 668577 574670 798499 83172 575289 779169 499915 304889 689895 509680 88659 98025 695910 795914 545261 218470 197270 401952 604353 217436 300851 373079 379841 93343 196294 486804 461301 375832 115302 462081 617825 129883 802399 776783 280573 329135 672891 312779 205513 158761 284494 736159 999999999 632747 377079 592500 473513 330149 711363 778362 632989 312377 654824 476889 504936 853041 479625 286161 608599 545378 106661 516668 506092 739580 434575 300427 373867 642610 448648 760288 727100 694467 708052 157034 695395 662434 977598 434063 509005 667995 772998 700263 565165 134398 585685 907301 141381 71583 389845 577145 249071
514084 571505 127733 309051 276640 383420 584665 545712 249499 184174 602381 267293 703517 120737 153160 231330 699602 547761 525434 682985 550310 511054 201686 678115 740061 803375 676923 324920 471445 663082 589195 269053 539597 644542 383858 655197 256915 558764 179504 469482 568642 319428 144329 529892 517787 558175 639838 738803 734200 349257 157565 632747 999999999 598593 334097 546150 634185 451176 213300 324836 596150 590210 232866 431407 221011 351805 895854 26136 301431 625481 476599 273760 418182 319018 468459 415505 211462 531756 515664 168653 540747 623244 573687 128587 473307 345985 546360 603113 525031 283925 696338 431818 498487 498020 282170 506683 673482 523757 247292 873468
887501 258341 712404 906869 856016 220323 334333 85417 597295 523528 855991 848224 370458 615138 746689 373298 148857 919827 169501 332763 304583 375640 799575 860729 266556 388732 744075 378374 473689 116295 688563 476520 346278 557914 247310 89979 417086 272922 504877 309295 251575 881713 715775 115638 90832 911915 86830 582583 319938 357924 749588 377079 598593 999999999 748972 122610 67339 892038 638329 775425 65385 911798 366673 225245 797443 662870 452643 584992 693249 471364 205107 342081 895507 599053 562620 183298 724108 108931 448157 599959 361546 963940 490367 587006 355520 888379 86295 804872 338128 584649 325743 775155 342600 821165 804971 291112 447863 673969 690995 470274
180823 597837 264454 377897 478474 584194 567557 730367 583581 511592 284819 269118 675619 216789 375667 476103 793278 215238 746304 672514 552805 800536 330314 376909 777361 789579 431983 614462 375733 764762 354958 272460 518635 500091 615488 829129 335142 578362 265475 741318 598986 239136 418760 644310 658147 224170 752507 599347 740191 394771 284568 592500 334097 748972 999999999 748296 756036 144412 543531 44322 717470 257158 460264 665502 451305 114377 878277 316357 55731 529999 708780 522982 150971 161557 307459 585394 141995 725882 821885 502229 824408 289256 462709 462638 759216 583409 731598 307333 803420 617745 949625 107958 486503 170532 555295 525010 597592 286179 87302 836428
902605 350815 668493 854072 784892 168461 424399 41867 502043 440063 893532 808093 479869 585840 685498 314861 270975 936473 47275 442285 388479 253071 747136 911683 388132 508657 809990 279255 527942 238882 745393 481972 424814 639065 164794 119663 414248 361027 488277 188825 343723 849589 647280 193036 145238 932063 209162 677012 437718 380313 702664 473513 546150 122610 748296 999999999 189934 892694 549639 768691 179653 938455 316368 125347 726989 676452 574950 537204 693215 557644 91234 273792 887749 611764 609282 164931 700502 26608 325692 517203 239330 988628 564831 511024 234305 805275 40388 849695 215596 484371 233959 790832 410750 843457 720675 363459 545088 720206 680048 590847
