NAME : synthetic_000623
TYPE : CTSP-D
DIMENSION : 100
GROUPS : 8
RELAXATION_LEVEL : 1
EDGE_WEIGHT_TYPE : EXPLICIT
EDGE_WEIGHT_FORMAT : FULL_MATRIX
EDGE_WEIGHT_SECTION
999999999 621264 317327 354668 882380 541026 589591 421722 194785 384913 643618 634236 534683 369260 711261 640405 417046 607482 173974 523423 657723 401720 527140 863065 575332 801105 809807 100637 544976 687608 766682 521035 730781 620240 688197 627251 490071 415304 150926 418844 87556 138008 452744 350218 863397 365301 793608 267052 846163 543621 958486 888984 376723 798688 409228 714089 708902 894288 833938 92396 478325 90695 789831 659725 793174 1012139 373223 612711 663320 615811 522964 536120 190874 249856 66480 185739 500547 906068 712454 711648 807899 1013384 499949 181708 435778 297932 842500 445130 263095 280156 252484 741122 905315 766100 127460 150581 415696 570319 533004 692179
621264 999999999 607011 491087 269301 232590 681055 946212 587138 714743 151278 695734 761069 304058 577846 632049 884837 321554 738301 588144 623800 227928 461596 253827 661627 194900 371015 531687 532713 541457 581695 345377 110747 398225 585936 478291 379447 632903 765139 333407 688604 740398 175335 768503 652663 256441 585101 567048 638399 400338 375871 624696 780813 736026 272010 105777 178933 459128 568585 638262 859349 710915 545187 350877 467615 399452 251595 636057 311877 592883 439384 831414 543346 378487 656491 586049 243228 380250 344349 91298 474061 393007 371865 476585 859876 611200 628872 869016 574560 390285 837041 445140 370453 194419 605201 479288 257719 740922 208695 464233
317327 607011 999999999 124745 871533 420267 859595 725986 122752 691424 551685 900346 832447 499378 924726 886698 732596 745388 485047 221494 897971 395543 735596 858662 842389 801552 912825 345150 264647 893827 968017 682004 711722 787306 909630 823763 669522 698851 425616 578248 395390 433190 494861 666445 1063937 414660 989132 546598 1046439 725092 982534 1071821 692621 1042805 526565 665018 756495 1005463 1012053 408405 794796 342144 971719 799007 943791 998564 386649 865552 785340 854539 723352 845778 141806 297564 276180 478972 612794 969840 835526 692905 956587 977421 305390 402911 753105 21179 1040397 762449 545838 454401 542793 897816 963490 794504 190473 263287 523627 858630 429233 868920
354668 491087 124745 999999999 752001 295873 828101 776336 181445 693568 427658 865442 821969 428631 863084 841260 767239 661877 528612 181822 849208 293243 678063 740086 809593 684330 814650 346266 190786 829980 900372 608915 592983 711989 851815 758112 603757 681388 488688 510885 441182 487388 396873 685377 994048 327005 918748 534747 976767 657412 866865 995111 709963 992737 448888 543296 648653 907758 934752 436167 812333 405928 896604 714091 858666 877787 291344 824109 695606 806252 663065 848246 165653 235575 334696 480957 527397 861563 744651 574504 870582 854678 183744 381036 778201 136517 969907 787967 535965 405338 601948 815722 854156 682054 244819 247180 443117 839638 305831 794479
882380 269301 871533 752001 999999999 468102 811539 1172246 856389 912969 341905 811626 922154 535320 639233 735215 1099540 421556 984494 824764 718243 496851 598971 24072 794663 82598 315596 788440 761542 608607 614724 493261 160224 488121 660142 568683 538242 815896 1021468 533033 943909 994116 429638 981453 651155 518060 603950 787175 642293 531515 138976 599110 988942 790506 496403 213254 208596 363081 558877 889345 1053092 972852 556021 414733 455771 130516 519115 751205 372954 700935 578919 1003590 812644 645415 921695 822600 427984 222780 368524 179425 453488 141212 609512 724687 1065193 877043 632026 1073471 795451 629329 1083298 464137 205870 142037 873764 745018 484937 887242 451101 517300
541026 232590 420267 295873 468102 999999999 800892 932455 439237 758872 132289 826428 845884 364560 753580 777240 893162 507173 695076 359412 775741 183270 599083 459462 780853 409575 599345 477540 300945 717018 771353 494628 315328 577041 753757 646723 512383 704035 691871 433485 623775 676751 246864 786972 853036 252792 780780 593051 837313 552153 593413 834848 805749 905464 356081 255086 410461 689455 776039 590256 899345 620514 746539 549086 681465 589130 212530 772017 516849 737920 578398 899467 402208 299720 553897 578758 388055 611678 557717 298931 689978 561174 142378 456980 883829 430040 828549 893679 598335 410216 787479 650668 601109 424755 479788 391149 342676 841926 27343 654058
589591 681055 859595 828101 811539 800892 999999999 532203 748123 257199 809945 46160 143772 438452 231975 102332 432186 390883 519390 1007161 129029 624320 220660 787537 20045 741707 545700 521187 993851 240350 295182 336905 738158 324423 198397 248959 301911 177333 613759 367984 564711 577430 558189 349049 365277 556218 326421 323019 352712 286226 796878 422467 333847 227367 445107 779716 607810 579888 393580 509897 326694 640934 356425 399737 431542 905477 601045 70412 439530 119688 242729 231792 718498 594855 655515 404037 438606 684478 454843 728010 444394 947545 867031 456695 373105 845711 355190 376116 326554 425513 576976 390203 695092 671244 698136 596681 458928 86787 776021 319955
421722 946212 725986 776336 1172246 932455 532203 999999999 608299 291323 1012266 573190 397070 643809 750364 628989 100511 791466 248066 941321 655236 764252 632053 1149492 531797 1090417 994844 457149 966345 746259 815714 700888 1044053 761067 717500 719587 655409 399818 302851 639853 335382 292914 772291 201567 895188 705883 847463 385075 881495 686546 1209227 947468 205806 752859 679838 1050328 969590 1056402 909691 347686 218892 384589 867719 828847 918593 1292624 732696 594093 853418 629545 643254 327923 611667 633538 450176 362008 744828 1122092 890685 1027100 933386 1312709 914861 480294 161765 705168 882799 161303 376825 556207 186682 868015 1127423 1035691 539090 553278 692828 458429 918614 799731
194785 587138 122752 181445 856389 439237 748123 608299 999999999 570301 562837 790180 713609 421569 830458 782153 611003 673065 364484 333112 795297 361123 640601 840768 731629 780736 855478 228131 363234 801531 877983 600701 696739 706113 812752 733701 582102 582907 312185 494491 274839 315649 447945 543710 974933 359545 901159 430166 957390 638193 955393 988708 569913 939883 454319 661147 716626 946389 930003 285653 672053 228406 888039 727239 870268 986256 343279 758952 719226 751960 630588 724217 44936 228328 158775 359162 545692 927553 769937 677334 883871 973763 355929 294186 630515 104040 952077 639891 428738 360651 428038 821671 923199 762707 69301 161423 454421 742250 440641 785770
384913 714743 691424 693568 912969 758872 257199 291323 570301 999999999 809470 302263 155376 415093 461636 345582 198395 511647 273680 874703 370853 576543 344066 889392 252011 833421 709498 349669 878412 455679 526864 425102 800692 473945 429386 428584 379006 108886 370648 385349 336146 336331 551820 93891 610077 508625 558504 167365 595561 402620 934959 659164 85620 484511 443141 820483 705433 767198 619392 294086 144734 413549 576993 544476 627725 1026734 546459 310876 572605 341429 357216 155044 551940 486583 445333 213787 488058 840513 606316 785712 642447 1054157 783071 318958 153484 673970 596106 161165 163403 349104 320846 577587 847120 772417 508693 446415 457717 204096 739068 508781
643618 151278 551685 427658 341905 132289 809945 1012266 562837 809470 999999999 828942 875774 395932 724640 769999 962609 468887 785181 483085 763964 248797 594861 335768 790096 291742 516827 568327 419687 688014 731411 481036 199001 544575 730691 622447 509323 739809 793877 447014 721674 774877 259983 850567 803766 307407 735689 650052 789384 538031 472687 775841 866427 881912 374348 129820 323048 601693 719858 680816 953473 728019 696259 501097 618606 459176 280145 770741 462803 730460 572889 939005 523341 394313 664852 651263 373748 506123 495560 186037 624766 429113 269412 532015 945750 560767 779907 955342 656532 464679 881191 596351 493731 320795 597286 493385 359523 862558 123282 613559
634236 695734 900346 865442 811626 826428 46160 573190 790180 302263 828942 999999999 179114 467092 206971 80166 472837 394620 565541 1043480 103987 652647 234488 787769 58981 744536 534657 563990 1028143 221645 266932 350364 746801 323668 174541 243480 319660 223267 659912 393012 610558 623570 581532 393360 329503 585574 297234 367330 318056 296286 789068 389795 377293 182438 470436 791927 611271 561910 365724 555362 363784 686642 331352 397189 413337 900550 630633 60962 438679 110727 256644 263797 759672 631092 700302 448909 455545 673513 448921 737691 425332 945443 897932 497572 412871 886856 321443 415301 371144 461107 622526 375792 684992 672989 741346 637131 483752 118066 801038 307474
534683 761069 832447 821969 922154 845884 143772 397070 713609 155376 875774 179114 999999999 483706 375153 245990 296579 502036 428597 1003766 272742 663230 323569 898095 150176 847752 675871 487351 1000566 380911 438822 431382 831923 445040 341484 378422 388906 143990 525659 429938 490804 491613 616382 232727 507837 593453 470136 287875 495757 390799 920811 566097 211742 355960 501494 864400 714434 717138 537024 445807 184697 568330 499124 520742 569839 1024250 635846 212948 557000 258639 343255 89154 691130 600346 597066 354591 519693 813483 579529 819534 583269 1061191 890504 440957 235582 816079 498538 237304 287570 442254 468257 525615 822893 780228 655184 577671 516289 61659 823265 454594
369260 304058 499378 428631 535320 364560 438452 643809 421569 415093 395932 467092 483706 999999999 434901 426952 580780 251730 449792 594796 430516 185875 253919 513725 418496 452730 443745 269041 569826 401430 472071 182682 400358 287934 425259 329483 175360 344730 494440 82628 416743 464242 136788 464610 566600 118632 491417 263001 549208 228821 595203 572443 477552 570567 40547 409435 345276 531437 512704 358268 559700 458580 472409 305890 448728 661159 163759 416341 300907 389190 236884 543477 378889 201820 422285 287686 131686 536929 351400 383297 462303 673643 431783 194429 556835 492712 542696 566114 270502 94891 548369 400582 536521 406848 405743 265993 50403 477424 340832 369621
711261 577846 924726 863084 639233 753580 231975 750364 830458 461636 724640 206971 375153 434901 999999999 129909 652501 256296 689342 1028854 103738 602851 189872 616212 225396 581632 340709 622318 999995 36743 65349 262439 603425 180065 33685 107850 259542 357871 774981 352352 711927 737993 510307 555304 154496 546076 97104 458551 138113 207931 597942 197533 545640 158707 420071 660528 454754 357240 161988 649959 554971 781466 124728 234660 209661 714453 589302 162209 277994 120858 201416 463683 792549 631281 776869 539971 365814 477605 271034 598421 220548 765531 852216 542734 596397 915254 136726 600595 465354 471117 764081 179731 490536 508673 795674 669179 429196 318474 726469 122575
640405 632049 886698 841260 735215 777240 102332 628989 782153 345582 769999 80166 245990 426952 129909 999999999 529763 322343 592856 1015731 26796 609557 178167 711475 97862 669918 454672 561164 995403 141721 192857 288966 676727 248744 96530 166606 264979 249897 683758 347814 627540 646827 530507 439289 266203 545126 224147 375649 252725 232200 709548 320998 426828 158620 424168 725148 537459 482219 291267 568613 427769 701268 254585 320494 333601 821807 590169 34924 362750 39602 199146 334115 748401 605686 706883 458945 396719 593485 370397 668601 345820 867795 858296 488055 471955 874716 254529 475531 381012 436494 659170 295626 605074 597825 738736 624295 436398 188595 751121 227500
417046 884837 732596 767239 1099540 893162 432186 100511 611003 198395 962609 472837 296579 580780 652501 529763 999999999 707379 248589 940066 556151 717951 542327 1076345 432284 1018595 907381 430004 957960 649730 717817 618743 978165 672117 619411 626319 572768 307154 327997 566829 337651 307282 713924 118088 795923 655296 749584 317808 782448 599775 1128902 849169 113822 652348 614257 990142 894064 965568 812674 331091 121432 401339 771213 741969 825486 1216861 686489 494922 768849 531649 555007 229579 606962 599300 458487 314414 671698 1037311 803862 961990 840120 1240608 890480 436185 61771 712522 783969 62810 310283 499227 226005 775687 1043461 960761 542233 530511 628004 357918 876998 706518
607482 321554 745388 661877 421556 507173 390883 791466 673065 511647 468887 394620 502036 251730 256296 322343 707379 999999999 649926 811800 309780 377341 178530 397496 373562 350851 208994 507380 773972 219917 264919 92869 354800 77113 265377 159516 136568 407150 714107 188647 639211 679969 275349 591573 346563 334938 273647 419916 330518 111998 424234 335867 593729 414550 219566 406800 217049 287583 275530 576309 644480 692915 241503 54175 198419 522735 372005 333670 62130 285250 159764 585555 630012 449552 665751 480780 134519 330629 106217 347495 211425 559481 618412 425862 664981 740372 321992 672308 428500 328614 742732 153865 336184 280527 656553 517367 221762 465695 479833 147052
173974 738301 485047 528612 984494 695076 519390 248066 364484 273680 785181 565541 428597 449792 689342 592856 248589 649926 999999999 696213 614989 536723 525872 963207 509820 901913 858875 217899 718945 673424 751361 557368 843114 641752 660898 625788 517008 344435 97080 471343 89694 64769 563223 207714 843654 485884 781368 236986 827448 562311 1042056 881626 234323 744054 489578 838478 793437 934278 832735 104904 328185 155020 788236 696720 813516 1110928 505757 560384 710850 577764 529037 406184 364608 395580 209969 169424 570257 971985 755657 824879 828689 1121543 668494 261813 277151 464740 825842 285641 229024 355256 98955 760558 974168 856272 295285 308393 500150 476986 683527 700757
523423 588144 221494 181822 824764 359412 1007161 941321 333112 874703 483085 1043480 1003766 594796 1028854 1015731 940066 811800 696213 999999999 1022188 434461 847977 817516 988389 768894 942235 526147 70899 994553 1061576 769439 674614 868999 1020049 922139 769667 862952 644194 677359 606927 648760 537495 863295 1152712 483602 1077618 716561 1135742 821240 952541 1147646 888370 1164345 609380 611703 761443 1034636 1087267 609846 990951 560338 1051567 861529 1003693 941149 442069 1000204 837645 979704 831588 1029543 333127 412419 491757 661552 678422 968367 884286 658342 1014415 905469 217151 562815 954584 242599 1128260 964240 717738 582389 760739 964700 958539 782261 402241 428372 601391 1020862 380529 951170
657723 623800 897971 849208 718243 775741 129029 655236 795297 370853 763964 103987 272742 430516 103738 26796 556151 309780 614989 1022188 999999999 611063 177984 694628 124554 654533 433143 576358 1000102 118169 166165 283789 664578 234510 70732 151334 263715 273369 705038 349930 647454 668049 528888 464665 240006 547940 197399 394553 226300 226225 688941 294243 452632 144847 425209 714955 522922 457996 264682 587827 454544 720499 228463 304060 309471 802315 592803 61262 346897 43437 197713 360768 760654 613808 724156 477801 392001 571724 351669 657096 321371 849537 860592 501670 498518 886471 227941 502156 400237 445686 682882 273139 583651 582092 753510 636397 436888 215072 749355 206413
401720 227928 395543 293243 496851 183270 624320 764252 361123 576543 248797 652647 663230 185875 602851 609557 717951 377341 536723 434461 611063 999999999 433090 480427 604369 419932 521437 320773 398645 567340 630529 340533 338560 436257 598010 495056 348636 520969 550019 261759 475940 528938 104403 608650 719760 69780 644983 411752 702989 395473 594659 713196 626298 747328 185897 313360 361289 614534 652828 432670 718030 489415 617501 427328 570370 627209 31578 600848 405213 571009 413948 716207 316788 153149 431458 404558 244337 574512 453291 319085 581566 619688 250094 284062 705026 396284 695221 714792 417411 227476 633290 530368 568535 402854 377295 254750 174826 661126 162536 517907
527140 461596 735596 678063 598971 599083 220660 632053 640601 344066 594861 234488 323569 253919 189872 178167 542327 178530 525872 847977 177984 433090 999999999 574901 201807 525852 365842 435146 823698 161888 240244 116447 517862 129943 174334 101183 86878 236080 604280 172376 536240 567832 352342 430487 337417 370446 266510 289027 320009 67523 600336 362537 428760 316661 247225 559228 392032 424409 309514 472973 470179 601887 264956 202386 290814 701144 415168 175892 235133 138858 22212 407194 602722 444189 591850 365346 221191 499059 263694 507453 305941 737670 682728 354385 495486 725789 315844 502140 296875 281478 610109 238570 506780 457242 606694 479308 258961 289392 572955 175129
863065 253827 858662 740086 24072 459462 787537 1149492 840768 889392 335768 787769 898095 513725 616212 711475 1076345 397496 963207 817516 694628 480427 574901 999999999 770638 61966 295062 768527 755260 585368 592509 469315 147106 464218 636849 544915 514349 792079 1001281 510033 923642 973609 410416 958264 630508 499430 582227 764449 621359 507446 138264 579471 965590 768012 474582 206094 184694 346133 538206 868627 1029349 953625 534416 390981 434554 149082 501905 727317 349090 677093 554856 979577 796806 627787 903272 800726 404962 209097 345341 165763 432668 164787 601449 703878 1041716 863695 611085 1049967 772748 607963 1061945 441739 192567 118031 856754 726891 463323 863178 441434 494137
575332 661627 842389 809593 794663 780853 20045 531797 731629 252011 790096 58981 150176 418496 225396 97862 432284 373562 509820 988389 124554 604369 201807 770638 999999999 724243 532220 505179 974633 230915 289656 317847 719573 308381 191713 234666 282345 166006 603434 347942 552683 566911 538162 344940 363694 536325 321195 308382 350466 267836 782128 418779 331059 234625 425061 760573 590292 568859 387382 496937 330126 628496 349022 383967 420907 889839 581174 63517 423228 108829 223790 239178 701495 576013 641437 390105 419020 670805 439915 709258 434068 931146 847307 439495 374175 828703 352379 377686 312256 406469 570079 378247 681129 654061 682451 579300 438884 97533 755977 307582
801105 194900 801552 684330 82598 409575 741707 1090417 780736 833421 291742 744536 847752 452730 581632 669918 1018595 350851 901913 768894 654533 419932 525852 61966 724243 999999999 278906 706589 708482 549164 563525 417001 94285 421267 599983 503547 461233 737872 939403 451806 861785 911837 348481 900515 609830 437621 556198 705354 599309 458356 184080 563779 908486 736584 413866 163140 133978 344103 517994 806949 974413 891671 509351 350745 412482 211048 440805 683720 307655 634289 505191 927782 736605 566382 841485 740062 346904 222562 311508 111040 412685 222302 551953 642244 985163 806006 589058 993550 713592 546735 1000709 412653 208090 72961 795659 665228 402351 815104 389887 459059
809807 371015 912825 814650 315596 599345 545700 994844 855478 709498 516827 534657 675871 443745 340709 454672 907381 208994 858875 942235 433143 521437 365842 295062 532220 278906 999999999 709192 893416 315904 305496 301777 337599 235996 367079 297899 344192 601896 921715 393141 846133 887990 418687 793690 335560 499377 291132 628403 326844 308299 257242 285440 793601 482434 405993 410075 193779 93120 243281 783665 834804 897046 242845 166082 141419 374988 526516 478050 148326 426882 352375 763639 811048 627320 865395 689649 312773 138916 104509 342025 138030 429934 731866 629289 861323 910930 316588 867976 636964 529654 951674 161112 150512 213514 847452 707243 403258 629559 573527 227186
100637 531687 345150 346266 788440 477540 521187 457149 228131 349669 568327 563990 487351 269041 622318 561164 430004 507380 217899 526147 576358 320773 435146 768527 505179 706589 709192 999999999 534610 596775 675387 421883 639763 522444 601149 533888 392535 354803 233616 318749 156956 209207 359589 340087 772521 275515 701321 202089 755137 446945 860538 794975 364157 719726 309197 628240 610581 793895 738918 113008 466292 189566 695145 559898 694719 917548 290383 535938 562839 533526 429213 504711 203808 177842 159437 135889 400093 805969 612101 620902 709336 921593 460806 82690 434542 329133 750969 444421 200902 179564 312872 642989 805444 668958 177815 101235 316140 514275 465650 596107
544976 532713 264647 190786 761542 300945 993851 966345 363234 878412 419687 1028143 1000566 569826 999995 995403 957960 773972 718945 70899 1000102 398645 823698 755260 974633 708482 893416 534610 999999999 964913 1029144 738363 614284 834854 993306 892472 742535 857871 675033 651573 630980 675984 498628 874563 1118183 454332 1043527 716006 1101484 792092 891392 1109384 898767 1140261 580113 549167 708752 985074 1049240 626918 1000836 591445 1015133 822006 962084 875781 410701 982050 795636 958333 806160 1032230 354711 401404 520992 667702 642522 912512 840829 598676 972167 838361 161707 561378 968098 284827 1093621 977901 718020 568567 789892 925328 902042 725672 430542 434039 570808 1013474 324020 916309
687608 541457 893827 829980 608607 717018 240350 746259 801531 455679 688014 221645 380911 401430 36743 141721 649730 219917 673424 994553 118169 567340 161888 585368 230915 549164 315904 596775 964913 999999999 79224 226808 568630 143456 51790 72470 226243 349380 756915 319101 691964 720046 474099 548639 175848 511360 108042 439877 158563 173314 572522 208328 540665 194686 385356 624911 420979 340539 163805 629395 556798 760026 121494 200298 191919 687441 554303 170011 243788 122292 171009 470019 762964 599227 752758 520003 329392 454127 240096 563264 204336 736840 816442 516249 595245 884781 155055 599990 447033 441314 751130 155254 466364 476226 768544 640119 394144 327036 689890 91507
766682 581695 968017 900372 614724 771353 295182 815714 877983 526864 731411 266932 438822 472071 65349 192857 717817 264919 751361 1061576 166165 630529 240244 592509 289656 563525 305496 675387 1029144 79224 999999999 292263 595196 195255 98512 144443 298569 422629 835611 390693 771050 798702 533383 620475 97254 578034 31767 518643 79791 243462 560958 132446 610960 176951 452675 656948 443038 308007 98813 708549 619631 839245 68182 230992 166181 680249 619774 226203 271866 186196 247761 526932 838815 672024 831734 599063 387938 437784 253169 592265 174131 735095 877500 594525 661581 959533 75847 665706 525709 517373 827619 151054 451909 491134 846330 716580 460204 381123 744040 118107
521035 345377 682004 608915 493261 494628 336905 700888 600701 425102 481036 350364 431382 182682 262439 288966 618743 92869 557368 769439 283789 340533 116447 469315 317847 417001 301777 421883 738363 226808 292263 999999999 402910 105594 259584 154593 46100 323812 623012 106479 548815 588508 248981 502040 385136 285840 309834 327114 367870 57769 510252 389860 505515 410944 160452 442831 284691 378159 330297 485597 561708 604759 289732 140437 273378 602565 328044 290881 154681 249424 94264 510792 559083 384476 581150 388409 108224 421989 198293 391905 287803 633682 589779 339489 578560 675072 361000 586247 335705 246002 649900 222572 426729 351329 578419 441488 168074 402528 467850 186940
730781 110747 711722 592983 160224 315328 738158 1044053 696739 800692 199001 746801 831923 400358 603425 676727 978165 354800 843114 674614 664578 338560 517862 147106 719573 94285 337599 639763 614284 568630 595196 402910 999999999 430713 617233 513914 443325 711859 873378 415356 796439 847783 280684 860702 653226 365505 592653 661084 640915 451992 278131 614599 871139 761614 364479 74535 153287 414767 563634 744604 944252 820706 548221 368814 458189 289531 362303 685958 325689 638987 496058 907373 653203 489165 766981 686821 314661 308310 343526 19476 461222 282705 457703 581404 949416 716988 630863 958250 668959 490970 942041 447977 295357 127446 715855 589814 351261 805398 295928 482811
620240 398225 787306 711989 488121 577041 324423 761067 706113 473945 544575 323668 445040 287934 180065 248744 672117 77113 641752 868999 234510 436257 129943 464218 308381 421267 235996 522444 834854 143456 195255 105594 430713 999999999 188265 83289 130187 366017 713766 211637 641764 678248 338175 559556 283728 386507 208760 405841 266828 79466 475815 284538 558460 337820 263195 483818 288748 296646 224786 578133 599128 701544 184850 75870 173699 581560 426951 263109 115278 213139 117937 531347 664624 489743 681869 475559 192801 370445 135079 423960 188689 623200 682361 439757 625400 780550 259262 632006 414160 349582 730190 121082 378892 349412 682646 546514 269067 403542 549777 82509
688197 585936 909630 851815 660142 753757 198397 717500 812752 429386 730691 174541 341484 425259 33685 96530 619411 265377 660898 1020049 70732 598010 174334 636849 191713 599983 367079 601149 993306 51790 98512 259584 617233 188265 999999999 108314 250807 326605 747714 342695 685976 710687 508564 523165 183187 538975 130262 432170 167562 202887 623946 230011 513063 151981 413384 671922 470920 388004 195669 624516 521357 756518 158088 250091 239730 739152 582886 128536 293600 88035 188798 430052 775738 618422 754130 514288 365829 504962 291692 611278 251263 788624 847994 522699 563071 899541 167211 567197 438721 455268 734093 206093 517428 527092 775902 651863 423403 284976 726836 143267
627251 478291 823763 758112 568683 646723 248959 719587 733701 428584 622447 243480 378422 329483 107850 166606 626319 159516 625788 922139 151334 495056 101183 544915 234666 503547 297899 533888 892472 72470 144443 154593 513914 83289 108314 999999999 154734 319806 705243 247402 637422 668723 402688 518862 241232 438894 167958 389345 223690 100947 547950 261788 514191 260109 312894 566142 371618 341778 208335 574153 543267 702871 163773 153955 199174 657598 481842 183884 196163 132855 104690 466704 694399 528248 691536 466434 258685 436247 206175 506948 213864 701967 744366 452283 575473 815153 218512 581221 397043 373053 708264 150042 446465 431312 703031 572332 321686 331789 619695 80207
490071 379447 669522 603757 538242 512383 301911 655409 582102 379006 509323 319660 388906 175360 259542 264979 572768 136568 517008 769667 263715 348636 86878 514349 282345 461233 344192 392535 742535 226243 298569 46100 443325 130187 250807 154734 999999999 278105 585695 92873 512745 550614 265567 456210 394465 288228 319872 284296 376953 56091 556309 406952 459479 398779 163035 479612 329656 417271 348968 449204 515919 571526 306291 179895 303576 648452 332342 262121 198698 225572 66046 466825 541860 373554 551910 348927 136697 466935 239931 431454 318456 678889 598690 309852 532461 661290 371065 540155 292840 222378 608213 251197 472023 396466 555224 421232 173858 362962 486183 204883
415304 632903 698851 681388 815896 704035 177333 399818 582907 108886 739809 223267 143990 344730 357871 249897 307154 407150 344435 862952 273369 520969 236080 792079 166006 737872 601896 354803 857871 349380 422629 323812 711859 366017 326605 319806 278105 999999999 437498 299513 387390 400929 479827 199775 509191 451275 454024 152748 493996 296601 831333 555064 194425 399667 366207 737852 607439 658426 513162 333231 237934 463740 470222 437585 518905 926330 493044 216584 467279 239644 250261 199386 557048 457030 480609 229710 397205 734149 499268 697994 533653 956755 746515 300839 259438 683505 493815 266217 154583 298415 409516 468702 741242 674354 528709 439735 381078 159815 681959 399984
150926 765139 425616 488688 1021468 691871 613759 302851 312185 370648 793877 659912 525659 494440 774981 683758 327997 714107 97080 644194 705038 550019 604280 1001281 603434 939403 921715 233616 675033 756915 835611 623012 873378 713766 747714 705243 585695 437498 999999999 529169 77825 37041 593133 303120 929473 508770 864932 317049 912939 634535 1089508 964269 329340 836919 534980 860638 839421 1001141 913382 138143 419451 83875 868785 763432 887102 1150172 520686 652016 773446 666555 605143 501910 323444 399631 154153 239159 621816 1027893 820324 854508 902196 1155148 645676 300036 365017 404578 910792 372759 309904 400210 117328 834159 1028708 899565 244555 301430 543663 573616 683922 777617
418844 333407 578248 510885 533033 433485 367984 639853 494491 385349 447014 393012 429938 82628 352352 347814 566829 188647 471343 677359 349930 261759 172376 510033 347942 451806 393141 318749 651573 319101 390693 106479 415356 211637 342695 247402 92873 299513 529169 999999999 453148 496058 190578 448768 485944 198083 410978 255333 468483 147237 573970 494835 457395 488703 77425 438374 329983 475689 435731 391026 528987 504662 394310 241279 379139 652844 242879 339610 245348 309388 154615 498106 453181 281441 477337 302405 105073 500756 293833 400540 393364 673948 510737 237279 534947 570607 462264 543611 263774 140561 567327 328844 502827 395861 472083 335020 90965 415702 408288 291679
87556 688604 395390 441182 943909 623775 564711 335382 274839 336146 721674 610558 490804 416743 711927 627540 337651 639211 89694 606927 647454 475940 536240 923642 552683 861785 846133 156956 630980 691964 771050 548815 796439 641764 685976 637422 512745 387390 77825 453148 999999999 53227 515978 285090 866113 432470 799688 253888 849304 562910 1011736 898021 312071 783385 457288 785042 761636 926620 845753 63654 410461 77570 801195 689224 815407 1072494 446096 597155 697999 607508 535681 479728 276286 327639 121106 172013 544558 950871 745372 777640 830436 1077936 587165 222316 362772 375129 846652 371654 247627 322677 165512 762584 951504 821741 205610 232790 465883 533391 614383 707916
138008 740398 433190 487388 994116 676751 577430 292914 315649 336331 774877 623570 491613 464242 737993 646827 307282 679969 64769 648760 668049 528938 567832 973609 566911 911837 887990 209207 675984 720046 798702 588508 847783 678248 710687 668723 550614 400929 37041 496058 53227 999999999 567147 272482 892487 484570 828072 280219 875967 598930 1059422 927493 299085 800204 504712 837443 809510 966663 876787 106061 392206 94214 832192 728855 851421 1122286 498979 615160 739670 629524 568971 470901 321778 380867 157267 203056 590259 995730 786173 829075 866533 1128841 637770 270363 339873 412442 873848 348073 273014 369576 115040 798456 996861 870405 246609 285647 513887 538583 667523 741431
452744 175335 494861 396873 429638 246864 558189 772291 447945 551820 259983 581532 616382 136788 510307 530507 713924 275349 563223 537495 528888 104403 352342 410416 538162 348481 418687 359589 498628 474099 533383 248981 280684 338175 508564 402688 265567 479827 593133 190578 515978 567147 999999999 598934 620298 90615 546082 397069 603798 306097 512313 610966 612878 659810 115115 278115 268866 511654 550734 463977 696367 543247 516573 324114 466422 559459 108232 526079 300930 491135 331558 679052 403012 223063 493594 411254 145480 479814 348889 262101 477446 562015 344231 301422 692274 493948 595707 701657 404181 216115 662049 427377 475260 318512 453195 318492 100498 605512 220617 418608
350218 768503 666445 685377 981453 786972 349049 201567 543710 93891 850567 393360 232727 464610 555304 439289 118088 591573 207714 863295 464665 608650 430487 958264 344940 900515 793690 340087 874563 548639 620475 502040 860702 559556 523165 518862 456210 199775 303120 448768 285090 272482 598934 999999999 703967 544074 652077 201880 689447 485463 1011863 752835 26982 575794 497270 874016 776087 854851 712434 258195 128373 359397 669752 627808 717614 1098961 577453 404522 653322 435249 441801 198795 532370 499132 403225 211861 553615 922007 689690 844682 732471 1122519 794542 331884 97039 647536 689964 106956 194784 385969 235594 666774 927753 842749 477605 441145 511181 288535 769502 598890
863397 652663 1063937 994048 651155 853036 365277 895188 974933 610077 803766 329503 507837 566600 154496 266203 795923 346563 843654 1152712 240006 719760 337417 630508 363694 609830 335560 772521 1118183 175848 97254 385136 653226 283728 183187 241232 394465 509191 929473 485944 866113 892487 620298 703967 999999999 669855 75305 612946 17544 338859 578151 69808 692501 185933 545396 719416 499981 309908 92302 803935 691863 935096 107529 304716 197351 700176 710649 301095 341050 269583 344967 593289 935552 767378 928598 694111 475666 453170 311198 652698 197909 760572 964327 691751 737794 1055745 24596 741117 619797 614285 917256 207776 469045 539706 943578 813560 552128 447431 825698 201874
365301 256441 414660 327005 518060 252792 556218 705883 359545 508625 307407 585574 593453 118632 546076 545126 655296 334938 485884 483602 547940 69780 370446 499430 536325 437621 499377 275515 454332 511360 578034 285840 365505 386507 538975 438894 288228 451275 508770 198083 432470 484570 90615 544074 669855 999999999 594624 345166 652761 338168 602928 668446 560823 686476 126015 353200 358707 591570 608041 383853 650935 455385 570507 387463 532269 648277 45130 534953 371160 507071 352280 646915 314651 132853 403868 344211 200560 568235 421104 346414 544484 648082 313253 226749 639898 411866 645500 649588 351182 159753 583966 488749 564271 409128 362692 228088 117840 591626 231299 468966
793608 585101 989132 918748 603950 780780 326421 847463 901159 558504 735689 297234 470136 491417 97104 224147 749584 273647 781368 1077618 197399 644983 266510 582227 321195 556198 291132 701321 1043527 108042 31767 309834 592653 208760 130262 167958 319872 454024 864932 410978 799688 828072 546082 652077 75305 594624 999999999 547885 58139 264074 543949 101113 642666 194217 470095 656445 439639 285586 69081 736974 651239 867222 48298 234739 149853 664330 635549 257708 273418 217958 272464 558082 861447 692368 858356 627791 401124 419798 249151 590756 155572 720967 890267 619994 693332 981119 51293 697441 555063 540557 858346 144812 434490 484474 870989 739885 476872 412129 753437 127496
267052 567048 546598 534747 787175 593051 323019 385075 430166 167365 650052 367330 287875 263001 458551 375649 317808 419916 236986 716561 394553 411752 289027 764449 308382 705354 628403 202089 716006 439877 518643 327114 661084 405841 432170 389345 284296 152748 317049 255333 253888 280219 397069 201880 612946 345166 547885 999999999 596283 326602 827961 647290 216423 533111 296731 672420 585315 700364 596990 193314 306355 325962 552415 463962 576797 908096 381156 346699 481790 353997 292107 317313 404853 320169 333306 83300 360049 747853 524222 644650 591975 927651 616117 154630 295811 531004 593951 305350 8612 185666 324544 523879 751607 651086 376484 289796 310327 312212 573977 463790
846163 638399 1046439 976767 642293 837313 352712 881495 957390 595561 789384 318056 495757 549208 138113 252725 782448 330518 827448 1135742 226300 702989 320009 621359 350466 599309 326844 755137 1101484 158563 79791 367870 640915 266828 167562 223690 376953 493996 912939 468483 849304 875967 603798 689447 17544 652761 58139 596283 999999999 321373 572403 74507 678339 181999 528183 706479 487628 305795 84269 787046 679405 918099 93403 289550 187120 694160 693673 287530 326581 254562 327457 581794 918009 749921 911317 677292 459007 447410 298140 640017 188828 753682 947910 674314 724640 1038226 10277 728112 603181 596742 901603 194149 463035 528714 926086 796019 535004 435713 809971 185225
543621 400338 725092 657412 531515 552153 286226 686546 638193 402620 538031 296286 390799 228821 207931 232200 599775 111998 562311 821240 226225 395473 67523 507446 267836 458356 308299 446945 792092 173314 243462 57769 451992 79466 202887 100947 56091 296601 634535 147237 562910 598930 306097 485463 338859 338168 264074 326602 321373 999999999 535645 350941 485954 353727 212154 495641 324515 374526 293178 499259 533217 623688 250304 142346 252594 634663 381391 236050 170779 192801 47789 473699 597911 428636 606128 396155 165930 437901 204235 442139 267672 670395 645293 364353 555469 717053 315318 562540 334957 278366 651072 199701 444708 389742 611016 477311 221340 356798 525430 149371
958486 375871 982534 866865 138976 593413 796878 1209227 955393 934959 472687 789068 920811 595203 597942 709548 1128902 424234 1042056 952541 688941 594659 600336 138264 782128 184080 257242 860538 891392 572522 560958 510252 278131 475815 623946 547950 556309 831333 1089508 573970 1011736 1059422 512313 1011863 578151 602928 543949 827961 572403 535645 999999999 517968 1015764 737387 554713 342878 250131 270582 488347 953408 1068699 1049064 495919 400068 394921 122334 612490 731049 365237 679742 583072 1006623 910778 734918 1004007 874834 472021 125004 342236 295116 388378 187612 735770 789489 1088437 986153 562428 1095950 836514 689866 1139503 418272 109558 193801 965227 830517 545853 878509 573955 482528
888984 624696 1071821 995111 599110 834848 422467 947468 988708 659164 775841 389795 566097 572443 197533 320998 849169 335867 881626 1147646 294243 713196 362537 579471 418779 563779 285440 794975 1109384 208328 132446 389860 614599 284538 230011 261788 406952 555064 964269 494835 898021 927493 610966 752835 69808 668446 101113 647290 74507 350941 517968 999999999 743051 255371 547093 683561 462597 247667 60438 835012 748753 964411 100681 287627 157618 640293 707078 355338 318029 318035 366070 653012 947885 774262 953086 726396 469545 393515 280394 615876 153394 702650 952547 712946 792300 1064917 69008 796147 654608 629306 959283 184589 409895 495937 961770 828110 552089 506778 807645 203164
376723 780813 692621 709963 988942 805749 333847 205806 569913 85620 866427 377293 211742 477552 545640 426828 113822 593729 234323 888370 452632 626298 428760 965590 331059 908486 793601 364157 898767 540665 610960 505515 871139 558460 513063 514191 459479 194425 329340 457395 312071 299085 612878 26982 692501 560823 642666 216423 678339 485954 1015764 743051 999999999 559476 508988 886498 782580 852430 704245 284572 102627 386334 662079 628150 713319 1104990 595284 391929 655125 425028 441235 172833 557985 520390 430108 233848 561754 923531 690045 855446 728051 1130124 816447 352416 79421 673803 679226 88927 209904 401831 258182 663095 929746 849423 504047 464981 523133 269296 787760 594383
798688 736026 1042805 992737 790506 905464 227367 752859 939883 484511 881912 182438 355960 570567 158707 158620 652348 414550 744054 1164345 144847 747328 316661 768012 234625 736584 482434 719726 1140261 194686 176951 410944 761614 337820 151981 260109 398779 399667 836919 488703 783385 800204 659810 575794 185933 686476 194217 533111 181999 353727 737387 255371 559476 999999999 561803 819221 611919 479226 257177 725458 539226 857950 241704 392827 342483 857063 730904 186476 435945 188283 334202 433847 905452 757612 865167 616310 517691 613652 425076 756906 349343 912016 997417 646022 591532 1031316 189717 593201 538165 590150 804226 326396 628103 663766 897223 781206 572502 294451 878595 279110
409228 272010 526565 448888 496403 356081 445107 679838 454319 443141 374348 470436 501494 40547 420071 424168 614257 219566 489578 609380 425209 185897 247225 474582 425061 413866 405993 309197 580113 385356 452675 160452 364479 263195 413384 312894 163035 366207 534980 77425 457288 504712 115115 497270 545396 126015 470095 296731 528183 212154 554713 547093 508988 561803 999999999 377779 304852 494708 486915 398713 587854 498762 447978 273605 417827 621610 169510 416806 265307 385408 228078 565592 410887 230027 461391 326198 93222 496842 316000 347928 430977 635295 435786 234975 587950 521074 521173 597057 304542 135214 588006 371257 496253 366766 441843 301680 14872 490525 330965 345645
714089 105777 665018 543296 213254 255086 779716 1050328 661147 820483 129820 791927 864400 409435 660528 725148 990142 406800 838478 611703 714955 313360 559228 206094 760573 163140 410075 628240 549167 624911 656948 442831 74535 483818 671922 566142 479612 737852 860638 438374 785042 837443 278115 874016 719416 353200 656445 672420 706479 495641 342878 683561 886498 819221 377779 999999999 220993 488842 631089 737014 965065 802498 613278 427401 526353 334962 340916 731586 385298 686536 537077 935977 618943 466509 744695 689336 344961 382039 408339 68135 530260 313426 396261 577469 965595 672008 696555 974749 679866 494123 936864 512552 368686 201837 686644 568109 363462 842346 239185 542106
