NAME : synthetic_000607
TYPE : CTSP-D
DIMENSION : 100
GROUPS : 8
RELAXATION_LEVEL : 1
EDGE_WEIGHT_TYPE : EXPLICIT
EDGE_WEIGHT_FORMAT : FULL_MATRIX
EDGE_WEIGHT_SECTION
999999999 728797 235425 715316 598167 644480 663860 177869 1011933 603153 868078 136899 348788 698205 844198 702155 526038 156771 550418 579249 236093 568435 187803 287271 168788 85113 516424 489500 821118 860526 436352 221784 412302 641407 575057 768858 687641 637086 1076595 558127 906122 803917 764065 637015 181401 453315 132671 645809 213294 265296 603478 277595 873027 280481 285759 453752 422269 469670 337333 978213 419421 507586 672478 784105 261315 85335 272294 541630 909951 644448 171352 476012 464457 689376 498801 733970 374013 301592 753180 831999 329105 459719 334123 209078 844064 480432 900118 826381 955368 596511 71786 945514 223080 755402 627246 313917 796730 693301 659445 388975
728797 999999999 722547 142973 642466 232744 349287 562678 502999 156636 717215 719870 485168 484723 232772 222371 256170 575544 365420 443574 521394 251363 575023 467837 566026 646224 290022 367983 596503 569138 361955 814738 419319 606021 270133 496899 571412 94852 618589 178797 688013 798662 274307 365149 561082 283763 718275 309740 515615 942906 370477 506818 438753 533014 707030 631928 580089 885218 451663 497023 341771 417162 171980 303010 701271 788745 468486 738562 297811 196164 571405 438331 381616 807049 538190 1023310 755446 781030 787835 109080 739340 329096 440467 878362 558510 433012 398364 211153 550583 917609 768380 606474 877193 260028 426559 592975 747376 150514 165185 665039
235425 722547 999999999 663426 390630 568727 545656 312920 883493 636888 666134 367084 493778 537900 772069 766994 589997 282740 663247 432713 219317 639274 347152 264036 295940 215289 450444 599559 640786 691165 367467 102917 317659 445065 654304 609434 502775 628087 927260 544208 714365 582176 670406 514631 318130 443066 102806 542171 291118 474655 481694 217892 740426 438993 54995 245738 236101 246947 270958 845122 495998 380973 722110 863915 35414 196453 276753 312303 827917 582443 313501 612517 577383 459201 322693 503394 138593 78913 529240 810337 93694 544902 282481 192914 675548 615161 783332 758809 803427 364730 188278 777666 180526 826553 484332 502371 582479 640633 606412 170870
715316 142973 663426 999999999 520151 108140 213013 567492 386083 248171 574970 733396 536175 346288 137316 355933 333274 573106 464396 321734 487396 347660 588918 432866 566521 630255 213085 449808 453809 426445 297067 762273 346250 476979 371071 354394 436199 134323 495222 172856 545047 662106 134070 233442 567191 265832 678963 177590 509612 953197 245681 460384 302455 569603 638333 532030 486590 794528 399006 372837 387516 313676 299089 443820 637188 762751 443363 627925 208830 82317 576749 520859 456801 681325 430386 906975 672180 711607 654863 165393 663344 392844 393673 836564 415633 516452 272551 116197 415628 810580 742740 466754 831811 399719 296148 642312 609372 22848 57410 577012
598167 642466 390630 520151 999999999 413882 315352 578796 567244 645359 275519 705550 701347 218171 566557 792752 658810 557818 784557 199310 420847 704044 618892 409185 564330 539844 374319 732008 267570 329513 347980 479251 302685 68140 727786 274677 138220 570090 578093 509130 327189 216947 448425 289077 582819 464211 479232 343588 519457 857232 274625 373342 433160 678492 336448 146054 179699 350020 352638 525079 615296 238437 733383 896491 355857 582527 441545 135373 595332 447890 585067 779202 719694 166112 133115 388538 290346 375785 177054 684950 317685 658514 371763 574119 316487 778749 497317 564020 458324 310614 570647 412396 556741 851309 227368 762583 199463 502849 479371 219856
644480 232744 568727 108140 413882 999999999 119603 512524 392514 286702 494383 679663 516328 255147 204471 419356 348915 513024 487737 214760 410109 376890 539470 357332 508646 559742 128094 459355 378086 364245 210759 669578 251801 373938 402122 278881 339056 180467 486062 164653 475065 566490 124376 132500 513125 219367 593893 77775 449603 893720 139422 376586 276414 537323 539774 424735 380861 688270 314044 368451 373437 206931 358952 516461 540586 683744 373727 519817 266250 37840 521810 527170 460478 576662 322374 799616 568209 612128 555105 273379 561792 392156 312627 748279 350883 523741 274090 190165 386157 702441 664234 420558 741817 470903 193874 617049 516120 89196 67616 472191
663860 349287 545656 213013 315352 119603 999999999 557516 348161 402553 375235 721056 595680 135829 254317 538387 455398 551663 594546 128348 429069 488100 589873 382913 550245 582227 179536 559859 260947 255250 236204 648572 251599 266255 513513 163581 223238 299635 419279 272160 359527 449761 137335 31779 559168 295437 590800 43272 491201 923984 63976 386365 210172 605329 507360 358813 327706 623661 327080 314626 462334 165043 477816 636021 513557 689108 406975 434945 293967 157418 566476 624374 557642 471674 251870 703852 516664 574976 441902 373870 519394 488816 333055 735092 240485 621588 239497 249717 304899 618363 670928 322187 725221 590437 88077 689246 398090 199854 185934 419736
177869 562678 312920 567492 578796 512524 557516 999999999 898291 429246 826762 167201 185313 622274 701924 524296 348745 30358 377245 501260 158031 390604 40276 182627 17129 114279 388901 314893 757321 784485 321362 352246 319756 605098 397273 688107 635640 474321 976785 400594 851183 795307 636439 535546 5210 301764 237111 530845 66787 385825 504285 206499 766539 126136 343254 450339 401255 558541 244753 868731 242029 422292 495511 606928 320855 255654 153314 562918 770968 504940 9307 310462 290180 704671 455980 804349 435081 391707 750918 668823 393021 281863 231862 372489 767917 314114 781836 682363 860905 665972 237037 865034 381286 577647 542038 194736 775531 546728 514573 408168
1011933 502999 883493 386083 567244 392514 348161 898291 999999999 633686 422672 1064151 907353 356953 270801 725095 718561 895166 850414 450787 776700 733547 927903 729110 892538 929905 509735 834608 327153 258708 580072 985808 599746 499588 756638 292826 429709 520391 120001 545427 353234 574891 270190 376014 899429 611806 936525 368392 833126 1271019 409833 734510 143088 929825 840106 667127 652547 915242 674837 42416 761729 509516 674142 796659 849735 1036276 751319 702617 215092 411508 907457 905202 840055 671527 567163 915050 831523 901967 600853 441989 843553 774018 679827 1075618 265284 901024 118526 291937 132429 870866 1018370 213092 1064018 757288 399162 1009302 518396 396579 416434 738885
603153 156636 636888 248171 645359 286702 402553 429246 633686 999999999 776593 577615 331112 533650 371949 147716 99735 446617 217241 458547 421350 100194 435531 372939 435400 524758 271185 212164 663407 650730 312797 719544 370627 624225 122962 564957 606272 114548 743331 137712 761304 830130 377080 406587 426851 201948 613753 359282 391989 799793 398496 419943 546210 383159 632163 599343 541798 830750 376346 620980 193738 407017 90529 251893 621633 671094 364235 717312 441805 251347 437325 283100 225039 810919 522863 1004232 695614 704287 809164 264170 671457 174088 360217 771854 637538 277983 520700 349402 659442 885384 650932 703137 773892 207482 459189 438380 784990 240974 231449 614917
868078 717215 666134 574970 275519 494383 375235 826762 422672 776593 999999999 967213 920206 243401 553546 913601 820844 809799 958099 343104 670818 857796 865629 646503 814090 804024 526014 916107 122973 174466 540869 753761 516515 226755 883142 220709 192729 674774 380233 642673 75465 160257 454114 370261 830150 639909 753177 418282 762714 1129943 382669 621452 338045 910785 611956 420957 445814 592510 584825 383588 807403 420041 853049 1010570 631298 857077 678174 383044 548057 531981 834114 974555 909587 288231 373543 514891 560666 648466 200996 717865 591466 842323 600845 848466 176443 972747 411597 561972 290497 506239 844584 213387 830503 965112 323365 996912 112208 567008 558971 495373
136899 719870 367084 733396 705550 679663 721056 167201 1064151 577615 967213 999999999 272256 776712 868485 651785 487502 169395 477811 655440 301284 522098 145547 339661 171648 166245 555441 423315 907743 939877 485123 358245 476666 741397 522845 844725 779990 634876 1140057 564511 998222 917522 803475 697736 166868 468142 265910 696074 231068 223036 665636 350066 930853 204633 413991 565712 526062 605895 399673 1033850 384097 578273 632946 721272 389330 213504 314098 663892 937826 672031 157900 392344 398527 811005 593709 868991 504989 436848 868961 827674 459965 413573 389979 333907 923272 397689 948178 848697 1022538 730934 205225 1022330 351080 698885 699243 203967 904979 712935 681136 508067
348788 485168 493778 536175 701347 516328 595680 185313 907353 331112 920206 272256 999999999 691807 672901 382642 232754 215277 206198 578226 302392 258123 162110 295237 201166 298622 416229 151373 832100 845125 380195 537552 406187 712986 254885 748335 728083 414597 1001988 364925 930992 916571 637165 582031 180299 301119 422400 559484 206658 484131 556651 339839 791004 69524 518150 591789 535901 735935 348752 884718 148799 500199 370624 449017 497453 432388 263908 712140 744663 495939 187648 127292 126932 845101 569624 971426 607052 572638 878213 594033 567510 157110 329603 553394 829186 131645 788891 651046 896859 834889 415374 917442 563811 427392 607440 107968 887813 519766 494087 564711
698205 484723 537900 346288 218171 255147 135829 622274 356953 533650 243401 776712 691807 999999999 361006 672442 578090 610416 715949 121327 475583 614470 658674 439875 611985 623151 285415 675893 140405 163244 312840 638253 302539 155109 639832 71811 95231 434256 389385 399277 240010 316174 245538 127064 624885 401520 603651 177605 555800 963344 140451 427424 217706 690577 490717 310924 302320 560024 378170 315844 570322 200022 611719 771063 503040 707301 469128 351589 381354 292986 630548 736511 670715 355326 215549 596425 475234 548582 313361 502361 489554 602692 390426 730750 146650 734359 279345 362370 265543 528613 691247 247336 717250 725404 84415 776526 263100 334677 321762 384325
844198 232772 772069 137316 566557 204471 254317 701924 270801 371949 553546 868485 672901 361006 999999999 454440 463798 706065 588914 381899 612058 472022 724634 558362 700147 759122 330563 580423 431191 385484 414510 873425 456030 511521 493769 341091 456232 263646 388037 310170 507604 668411 118146 284298 701850 400344 798180 238710 642376 1087019 309550 580395 230405 706918 741074 609938 573034 875506 517936 268233 524125 399988 404556 526975 743128 886813 571997 689141 71781 199751 711215 651789 589241 715547 503456 953585 762604 812400 672549 178652 760062 527131 515495 952733 379338 647084 174021 22559 333881 872403 867125 401115 946136 486892 341439 779349 611767 156111 187361 665559
702155 222371 766994 355933 792752 419356 538387 524296 725095 147716 913601 651785 382642 672442 454440 999999999 179411 546872 195715 604006 548071 133815 520671 504262 533985 630682 418440 232992 797113 778007 459306 842936 516495 770105 129023 697506 749158 238889 840960 283951 892931 974572 490002 545988 520867 345584 732453 495461 500856 866769 541012 553772 657771 447485 767370 745727 687725 971471 515889 719348 283853 554536 60782 104237 754895 777256 490433 864471 516917 381998 531055 287363 256234 958448 670563 1151142 835622 837840 955153 299670 808958 242675 498456 886327 765943 281219 620436 433159 770512 1030862 757716 822521 890855 60887 601426 479238 928063 356143 356731 758175
526038 256170 589997 333274 658810 348915 455398 348745 718561 99735 820844 487502 232754 578090 463798 179411 999999999 369742 139251 487032 370688 49962 349386 329618 357292 452432 296685 116715 714127 709774 311877 663901 364030 647751 70150 618793 640258 200352 824169 184615 813764 856921 454238 453023 345679 194704 553067 413090 321751 707955 438176 380295 620732 288222 593352 591274 532058 802113 349012 702572 106719 423487 146967 273930 579597 599278 313293 713316 534787 318106 356045 188026 126520 821010 529277 996603 665967 662405 830146 363902 636687 75949 330213 707098 695467 183419 602848 441286 732800 870821 579560 769403 711470 237347 497811 339383 816293 322011 305114 594298
156771 575544 282740 573106 557818 513024 551663 30358 895166 446617 809799 169395 215277 610416 706065 546872 369742 999999999 404673 489116 139007 413057 66546 171155 14239 86249 387406 341853 743795 773237 315760 322452 308739 586588 420914 677433 619682 485472 970705 409284 836432 773769 636197 528472 35547 307526 207157 526917 63708 381197 496524 188347 761473 156442 313873 426617 379199 528614 232282 864583 263356 410960 515909 631561 291246 230756 144728 537317 774249 507659 31256 339809 317371 680171 437479 775599 405997 361483 728490 680456 363618 305285 221363 345281 756639 343339 779584 687008 853471 637070 211588 854832 353342 601220 531563 223011 755556 551863 519041 381843
550418 365420 663247 464396 784557 487737 594546 377245 850414 217241 958099 477811 206198 715949 588914 195715 139251 404673 999999999 621140 449340 117053 362697 420078 390593 490889 432419 63811 852754 849022 436856 722590 483687 778588 95516 757848 775163 330078 958663 323764 952519 988044 589918 591586 372834 323251 607496 552313 374654 683971 575680 471358 757695 275473 676544 703872 644608 892333 453908 836548 176102 553782 207349 245049 659335 631903 396165 827110 658256 456137 381919 92902 87416 943403 652686 1104701 757558 740049 958625 465262 723370 128142 433891 749701 834698 86766 736396 566390 870250 974018 613807 908295 758007 229037 634753 290481 949472 455423 441362 696343
579249 443574 432713 321734 199310 214760 128348 501260 450787 458547 343104 655440 578226 121327 381899 604006 487032 489116 621140 999999999 354411 528140 537968 318733 490793 502893 190841 575785 257267 284438 198131 535046 181747 166246 552985 190079 154304 374440 500277 320835 354153 371977 265614 97619 503945 299125 490143 147626 434914 843991 76266 306490 307714 572994 389918 230998 204413 495393 256912 412532 465000 79695 543671 706529 398980 592519 348296 309301 421991 248590 509470 632325 567999 363500 124232 585253 391062 454188 351255 486984 397027 501609 269524 625018 267833 630712 353733 375984 377510 492909 575745 367582 613236 660927 51632 659162 329341 303877 280068 294833
236093 521394 219317 487396 420847 410109 429069 158031 776700 421350 670818 301284 302392 475583 612058 548071 370688 139007 449340 354411 999999999 419964 198055 54728 144057 153206 282118 386340 606734 638807 200551 298272 178583 447731 435225 544113 481019 426734 844937 343475 698312 637501 528359 403205 161988 237645 196881 409826 100888 495079 370063 49417 638935 264629 227259 295545 244166 443434 102005 743694 278143 278218 504549 644600 210881 275402 57666 412402 676257 412799 164586 408636 365684 550581 298585 669541 309864 292958 593704 617673 274164 327441 98123 356968 622206 410367 664206 595161 725295 533886 255469 721758 356215 607416 399277 345240 617546 464862 430441 262418
568435 251363 639274 347660 704044 376890 488100 390604 733547 100194 857796 522098 258123 614470 472022 133815 49962 413057 117053 528140 419964 999999999 388020 379463 400180 496974 337299 119598 748455 740530 358509 711959 411839 690657 25419 651644 680253 213428 842412 216021 847550 899333 474584 488197 387231 241073 600389 445176 367701 740051 475639 430207 643084 319272 643167 639841 580722 852072 398749 720174 150190 467343 112504 224761 629257 643477 362702 761542 541623 343638 397456 187926 137633 867141 575579 1045449 715925 712019 873980 354855 686612 109585 380037 753173 726705 182396 619948 449485 756018 920226 623967 796693 758110 189651 535902 360999 857405 339311 326870 643945
187803 575023 347152 588918 618892 539470 589873 40276 927903 435531 865629 145547 162110 658674 724634 520671 349386 66546 362697 537968 198055 388020 999999999 220097 56146 139343 418187 302256 794573 820381 354317 379313 356233 644590 392149 723713 674155 489390 1008835 419223 889034 835468 663769 568873 36075 324611 265595 561711 103327 368257 538175 246239 797950 96419 379958 490588 441502 593701 282297 899263 243591 458669 496207 598589 357081 270510 189697 602836 794477 529705 35549 289319 277138 744848 495535 842024 472287 425541 791171 682512 429657 278435 268477 391299 803843 293512 810793 704561 894097 703433 253297 900199 401959 571741 577686 156579 815395 568760 537455 447795
287271 467837 264036 432866 409185 357332 382913 182627 729110 372939 646503 339661 295237 439875 558362 504262 329618 171155 420078 318733 54728 379463 220097 999999999 172128 202879 229240 358680 574719 602411 149780 348877 137655 428177 396543 506393 454507 373057 801050 289520 668937 625834 476961 358563 185461 184168 250793 361052 116771 541968 326153 51485 593081 269436 263750 297023 240671 474498 62206 697136 244912 240062 458209 602966 250635 329888 32405 418559 623171 358853 190755 389472 340097 549865 280359 687262 338743 333579 585182 563280 307447 294267 50319 410794 585824 390434 615304 541211 682940 554618 309880 683718 409360 564316 360454 354187 601318 410375 376001 277697
168788 566026 295940 566521 564330 508646 550245 17129 892538 435400 814090 171648 201166 611985 700147 533985 357292 14239 390593 490793 144057 400180 56146 172128 999999999 100296 383860 327847 746251 774529 314073 336649 309724 591697 407700 678417 623400 476590 969481 401347 839542 780638 632196 527634 22303 300713 221323 524577 59420 386880 496008 193009 759735 143058 326126 434762 386307 541452 233919 862429 250746 412183 503692 618109 303729 244105 144115 546691 768717 502295 20879 325578 303320 688840 442543 787289 417973 374756 735883 671442 375893 292096 221960 359250 757943 329102 776533 680868 852885 648889 225085 855610 367450 588053 532407 211643 761517 545474 512925 391690
85113 646224 215289 630255 539844 559742 582227 114279 929905 524758 804024 166245 298622 623151 759122 630682 452432 86249 490889 502893 153206 496974 139343 202879 100296 999999999 431752 428103 749937 786183 352427 239990 331249 577570 505761 692964 619167 553828 997245 474092 837908 751294 679840 556111 119019 368856 126618 562807 132776 342366 522819 197495 791982 235517 255684 399469 360687 461763 255149 896839 346829 428967 597536 716924 231405 146931 187184 499189 825012 559375 111030 424544 403609 645794 431260 717536 348475 291737 702745 748502 304057 390189 250624 259059 769632 428276 817215 741274 876912 578624 127130 870317 267180 685834 549568 289586 739307 608216 574341 342847
516424 290022 450444 213085 374319 128094 179536 388901 509735 271185 526014 555441 416229 285415 330563 418440 296685 387406 432419 190841 282118 337299 418187 229240 383860 431752 999999999 390557 424634 430636 84541 549219 134233 354466 362159 334872 343577 204028 593198 135019 524685 562366 249126 166835 389896 117371 468328 145450 324497 767128 145225 250019 381481 426802 426871 343002 290143 595591 187736 481366 286144 136415 359126 522191 424723 556318 246272 454201 394140 133273 398114 451392 385388 540121 255346 741171 467462 500585 538925 364112 454607 317279 184984 624598 415044 449124 392946 314491 482871 629925 536691 501262 619275 477075 202744 510124 520136 190260 155969 375492
489500 367983 599559 449808 732008 459355 559859 314893 834608 212164 916107 423315 151373 675893 580423 232992 116715 341853 63811 575785 386340 119598 302256 358680 327847 428103 390557 999999999 814488 815109 386022 658916 429698 729506 109077 721847 730086 317063 939053 294983 914534 938665 568842 554020 310597 276688 543897 518739 310856 634782 535500 409728 733829 218994 613411 646011 586951 829621 395196 817831 117659 505353 228728 298314 595969 570150 333878 769287 651298 430629 319893 71379 25165 888702 599374 1044821 695170 676491 907334 473367 660485 74291 375049 687093 800267 66704 718398 557899 845094 913196 551813 878295 695064 276047 593193 246546 902032 438053 419756 635797
821118 596503 640786 453809 267570 378086 260947 757321 327153 663407 122973 907743 832100 140405 431191 797113 714127 743795 852754 257267 606734 748455 794573 574719 746251 749937 424634 814488 999999999 68932 452664 736427 438691 201755 773874 99890 138077 558344 314660 532446 100066 252038 331269 261168 760177 541318 717178 304193 691328 1086172 279420 557709 222330 829764 589422 398434 407067 614506 512568 285442 710241 336961 736890 892439 605373 821844 604904 397932 428838 415170 765342 876022 809983 345725 323848 588193 555548 637799 273903 594931 578627 741700 526154 830949 62501 873753 296342 439204 202064 552278 807211 145283 815212 847205 224816 915844 194308 446853 440865 475267
860526 569138 691165 426445 329513 364245 255250 784485 258708 650730 174466 939877 845125 163244 385484 778007 709774 773237 849022 284438 638807 740530 820381 602411 774529 786183 430636 815109 68932 999999999 470491 789051 464821 262040 765859 97241 193947 541223 248869 525567 122226 317640 296605 263803 786973 547938 762510 296813 717853 1125789 288587 590666 163824 848350 641354 453071 455386 678687 540956 217286 716210 362350 718735 869714 655867 866767 631191 462296 374758 399474 792864 879384 812717 414644 369673 657039 613540 693394 342149 556208 634024 743923 552674 882956 16605 876673 237162 396122 133343 620183 851272 86510 868104 825130 242761 933819 260479 422737 421956 529439
436352 361955 367467 297067 347980 210759 236204 321362 580072 312797 540869 485123 380195 312840 414510 459306 311877 315760 436856 198131 200551 358509 354317 149780 314073 352427 84541 386022 452664 470491 999999999 465345 58849 343704 381519 373259 349839 270275 655480 190109 551071 552674 327812 214560 323086 117436 383902 211705 254998 691466 184283 165903 445737 378086 346619 286555 229157 525981 103427 548912 271277 121502 403306 563385 342936 473023 171350 405504 476920 217806 330297 438097 375613 509162 217421 691860 394164 420627 521842 443769 377438 311950 102472 540072 454160 436943 465677 398799 539811 572852 453567 547779 534870 519788 228971 463859 517160 274219 239739 306583
221784 814738 102917 762273 479251 669578 648572 352246 985808 719544 753761 358245 537552 638253 873425 842936 663901 322452 722590 535046 298272 711959 379313 348877 336649 239990 549219 658916 736427 789051 465345 999999999 417891 537707 724677 709498 598417 719919 1027566 635942 805877 657311 772860 617547 357253 532236 115503 644766 348714 415923 584608 307974 842722 475492 147808 338267 335933 257342 365597 947201 564167 483852 801744 936301 136074 151136 355332 383865 930071 681963 350152 662091 635322 525322 422707 524621 198543 109106 602834 905775 162564 611536 374792 94903 773690 665490 886184 859743 903734 391493 154143 875427 79097 901220 586678 525749 663837 739434 705024 261471
412302 419319 317659 346250 302685 251801 251599 319756 599746 370627 516515 476666 406187 302539 456030 516495 364030 308739 483687 181747 178583 411839 356233 137655 309724 331249 134233 429698 438691 464821 58849 417891 999999999 307245 434100 368738 323790 328469 666355 248892 534350 513440 360495 224891 322347 171968 344953 236183 253263 673512 191574 134766 460856 394330 292648 229386 171249 467362 77150 565931 312687 102536 461153 620385 290938 439745 166600 349897 514856 264874 328075 476783 417026 459719 169748 635266 336177 366354 478966 498020 321044 356638 87894 496974 448240 476218 489158 441937 546943 514757 421062 546093 490108 577140 222824 480505 482110 323536 289600 247784
641407 606021 445065 476979 68140 373938 266255 605098 499588 624225 226755 741397 712986 155109 511521 770105 647751 586588 778588 166246 447731 690657 644590 428177 591697 577570 354466 729506 201755 262040 343704 537707 307245 999999999 715148 207460 70123 540205 510317 486583 269343 209460 393971 243537 608748 455410 528222 299437 542674 903812 235644 398701 366837 696491 392142 199743 219225 418142 368060 457357 614908 224823 709840 872751 409785 632593 460426 203250 535849 409885 612058 781336 719307 205512 149154 442499 353857 436988 185052 639841 378077 655302 385704 632546 248721 780349 432513 510713 390236 374828 619459 345753 616041 827161 180848 781951 174876 461405 441066 276303
575057 270133 654304 371071 727786 402122 513513 397273 756638 122962 883142 522845 254885 639832 493769 129023 70150 420914 95516 552985 435225 25419 392149 396543 407700 505761 362159 109077 773874 765859 381519 724677 434100 715148 999999999 677053 705299 237083 866121 241440 872967 923965 498868 513595 393659 264152 612162 470581 378324 738679 500919 447628 667571 318723 659872 661417 602192 870254 418412 743811 160680 491524 119797 211931 645354 651663 378382 783462 562885 368692 403723 173428 130137 890491 598813 1066688 734157 727921 898233 371398 703980 115631 399404 763242 752058 167620 643546 471268 780590 940592 632386 821750 768852 180382 561141 354714 882295 363275 351524 663792
768858 496899 609434 354394 274677 278881 163581 688107 292826 564957 220709 844725 748335 71811 341091 697506 618793 677433 757848 190079 544113 651644 723713 506393 678417 692964 334872 721847 99890 97241 373259 709498 368738 207460 677053 999999999 138371 458860 318088 435737 196350 328063 235003 168316 690516 452242 675397 206490 621404 1033823 191684 496468 160294 751113 561839 379682 373623 622530 445271 250852 620911 266527 637380 792573 574501 778961 534794 409994 348304 315717 696557 785091 718606 393195 286854 637654 543491 618608 337119 498826 559414 649943 456462 802226 80998 782542 229364 346850 194291 581336 762819 177648 788539 747360 146071 836603 270963 347055 341074 454123
687641 571412 502775 436199 138220 339056 223238 635640 429709 606272 192729 779990 728083 95231 456232 749158 640258 619682 775163 154304 481019 680253 674155 454507 623400 619167 343577 730086 138077 193947 349839 598417 323790 70123 705299 138371 999999999 513746 441231 469158 218768 227464 340581 206639 638893 453429 580517 261677 571014 952051 208152 431608 298475 718059 451348 260656 269888 488116 392613 387432 618894 228446 688422 849964 467361 685218 485975 273360 475126 376450 643187 786235 722155 260793 188844 503338 419699 500535 219411 595153 441250 655900 408334 692897 179968 784709 365820 457497 320475 442969 670997 279019 677250 804213 147823 804193 178906 422905 406626 337430
637086 94852 628087 134323 570090 180467 299635 474321 520391 114548 674774 634876 414597 434256 263646 238889 200352 485472 330078 374440 426734 213428 489390 373057 476590 553828 204028 317063 558344 541223 270275 719919 328469 540205 237083 458860 513746 999999999 629051 83997 654643 740602 262659 308530 473063 189095 623606 256869 424425 857608 306507 412034 431912 455716 613552 546891 493122 795664 357362 506771 266621 337158 178546 336891 607269 695282 374277 657679 334919 143174 483244 388373 325604 736035 457908 944220 664435 687477 724642 195045 646898 264409 345819 783689 528647 383764 406529 241184 545207 833943 674923 590535 782396 291193 366043 522285 692338 126432 119369 575688
1076595 618589 927260 495222 578093 486062 419279 976785 120001 743331 380233 1140057 1001988 389385 388037 840960 824169 970705 958663 500277 844937 842412 1008835 801050 969481 997245 593198 939053 314660 248869 655480 1027566 666355 510317 866121 318088 441231 629051 999999999 645939 305108 540014 370222 442487 978408 702257 990251 447941 910476 1339609 475107 799836 211807 1019133 879926 696274 691654 927542 743239 122432 859348 569017 788578 914892 892424 1092794 825977 711165 334903 510051 985753 1008813 942813 655352 604876 892312 858942 936061 575299 561416 876757 875523 750864 1120129 261612 1004928 222697 408465 123843 866213 1075948 172030 1106592 874916 450372 1100967 487637 503240 519308 771527
558127 178797 544208 172856 509130 164653 272160 400594 545427 137712 642673 564511 364925 399277 310170 283951 184615 409284 323764 320835 343475 216021 419223 289520 401347 474092 135019 294983 532446 525567 190109 635942 248892 486583 241440 435737 469158 83997 645939 999999999 631540 692471 276295 272563 399814 106270 540251 229372 346949 786040 261996 328040 439071 396748 530436 472568 417006 716030 273657 525779 217142 271432 224269 387413 523717 613819 292002 587117 381591 136048 409722 363529 297141 675044 389633 874365 583579 604267 671567 275108 564696 229584 261859 700297 511454 359901 427615 288950 550113 759935 593487 584881 698735 342180 322664 470186 647688 155165 129521 496675
906122 688013 714365 545047 327189 475065 359527 851183 353234 761304 75465 998222 930992 240010 507604 892931 813764 836432 952519 354153 698312 847550 889034 668937 839542 837908 524685 914534 100066 122226 551071 805877 534350 269343 872967 196350 218768 654643 305108 631540 999999999 235720 417388 360997 854223 641296 796636 402629 785707 1170169 379464 648986 282930 927140 661212 468800 486196 658282 606738 315696 810192 433650 833030 986720 679108 901210 699692 445134 494443 511651 858991 976065 910045 360727 407402 590168 616940 702971 275185 678218 644802 841766 621166 900780 130272 973808 354459 518348 220872 577754 887613 141021 883718 941762 324294 1013314 186277 539831 536206 544978
803917 798662 582176 662106 216947 566490 449761 795307 574891 830130 160257 917522 916571 316174 668411 974572 856921 773769 988044 371977 637501 899333 835468 625834 780638 751294 562366 938665 252038 317640 552674 657311 513440 209460 923965 328063 227464 740602 540014 692471 235720 999999999 557774 434102 799394 664868 678679 489006 736378 1056355 434223 590229 473557 895241 527271 351874 394617 462016 568395 534222 823578 434282 913962 1076134 549669 778444 658223 273451 675285 603912 801427 989490 928072 144032 346957 355180 458824 548467 55307 818117 496598 864517 587145 749621 314191 988659 547338 672816 444469 359229 768912 371030 729680 1030404 374621 979487 57926 649613 634035 415578
764065 274307 670406 134070 448425 124376 137335 636439 270190 377080 454114 803475 637165 245538 118146 490002 454238 636197 589918 265614 528359 474584 663769 476961 632196 679840 249126 568842 331269 296605 327812 772860 360495 393971 498868 235003 340581 262659 370222 276295 417388 557774 999999999 168179 637132 343192 705446 128583 572989 1016252 195877 491498 169360 660707 635833 495449 461617 760663 429268 249506 491771 291655 432937 576912 639864 799007 495312 571433 158817 141377 645712 638617 572718 598574 388573 835682 651247 705540 558624 263910 651456 505726 430253 855866 287136 634712 151788 117012 282707 754533 779906 332816 847681 533193 223608 739415 502175 136443 149156 554111
637015 365149 514631 233442 289077 132500 31779 535546 376014 406587 370261 697736 582031 127064 284298 545988 453023 528472 591586 97619 403205 488197 568873 358563 527634 556111 166835 554020 261168 263803 214560 617547 224891 243537 513595 168316 206639 308530 442487 272563 360997 434102 168179 999999999 537405 284163 561347 55981 468944 898278 33836 359428 236013 588436 475898 327430 295927 592501 301255 341287 452659 134651 485222 645387 482347 660372 383784 405823 325470 169811 544394 616831 550403 448146 220501 677491 484918 543308 422924 396837 487646 481804 308392 704510 248223 614322 269473 278727 325362 589403 642385 335963 694406 599666 62730 673119 384323 218198 200112 387973
181401 561082 318130 567191 582819 513125 559168 5210 899429 426851 830150 166868 180299 624885 701850 520867 345679 35547 372834 503945 161988 387231 36075 185461 22303 119019 389896 310597 760177 786973 323086 357253 322347 608748 393659 690516 638893 473063 978408 399814 854223 799394 637132 537405 999999999 301579 242162 532186 69120 386352 506266 210263 768019 120929 348410 454775 405465 563739 247639 870044 238963 424876 492516 603077 326031 259752 155791 567602 771031 505163 10473 305608 285839 709193 459657 809430 440205 396917 755139 667428 398178 278338 234462 376971 770412 309290 782842 682205 862764 671073 241241 867345 385908 574013 544445 189770 779384 546517 514489 412961
453315 283763 443066 265832 464211 219367 295437 301764 611806 201948 639909 468142 301119 401520 400344 345584 194704 307526 323251 299125 237645 241073 324611 184168 300713 368856 117371 276688 541318 547938 117436 532236 171968 455410 264152 452242 453429 189095 702257 106270 641296 664868 343192 284163 301579 999999999 434523 258417 244259 687376 262028 225381 490742 318049 433520 401247 342721 628888 175926 586751 168957 230587 291938 449096 424773 507646 185736 521748 469900 205679 311038 335092 269707 626363 334664 807193 493982 506634 636424 381335 471031 202594 161381 594610 532386 333073 493439 380626 595769 685358 487324 617617 593504 406408 317878 398753 626401 244964 213004 413159
132671 718275 102806 678963 479232 593893 590800 237111 936525 613753 753177 265910 422400 603651 798180 732453 553067 207157 607496 490143 196881 600389 265595 250793 221323 126618 468328 543897 717178 762510 383902 115503 344953 528222 612162 675397 580517 623606 990251 540251 796636 678679 705446 561347 242162 434523 999999999 580203 234560 378488 527561 218629 794506 361294 154419 333223 310721 341314 280602 900112 451482 427083 693466 824055 130441 104702 251223 412132 859079 601392 235364 546632 520161 559671 393628 603100 241364 171324 626734 813954 196499 498162 285365 160087 746393 550008 830278 782694 867062 465043 91435 848729 160217 789989 540759 415622 675306 656196 621601 263334
645809 309740 542171 177590 343588 77775 43272 530845 368392 359282 418282 696074 559484 177605 238710 495461 413090 526917 552313 147626 409826 445176 561711 361052 524577 562807 145450 518739 304193 296813 211705 644766 236183 299437 470581 206490 261677 256869 447941 229372 402629 489006 128583 55981 532186 258417 580203 999999999 465214 903007 72073 369788 236423 572171 507250 371584 334589 637148 308616 337896 423462 163154 434839 593531 511401 675928 382929 456855 287192 115547 539945 584011 517195 503782 265577 731556 524274 577062 478738 341524 523297 448348 312227 728683 282386 581086 254408 230584 337799 640427 657222 360832 720036 547898 118589 655154 438379 162227 145090 427155
213294 515615 291118 509612 519457 449603 491201 66787 833126 391989 762714 231068 206658 555800 642376 500856 321751 63708 374654 434914 100888 367701 103327 116771 59420 132776 324497 310856 691328 717853 254998 348714 253263 542674 378324 621404 571014 424425 910476 346949 785707 736378 572989 468944 69120 244259 234560 465214 999999999 444893 437576 146198 700522 164002 311978 396411 344407 529987 178970 803087 217833 355782 465696 590237 291912 279282 86679 512970 710543 443959 75485 321550 287798 651449 393898 765593 400398 369368 693486 619463 361130 263759 165397 385496 701292 324099 717119 623358 794286 628585 259220 798274 390570 557269 475332 244494 714503 488295 455397 361449
265296 942906 474655 953197 857232 893720 923984 385825 1271019 799793 1129943 223036 484131 963344 1087019 866769 707955 381197 683971 843991 495079 740051 368257 541968 386880 342366 767128 634782 1086172 1125789 691466 415923 673512 903812 738679 1033823 952051 857608 1339609 786040 1170169 1056355 1016252 898278 386352 687376 378488 903007 444893 999999999 865078 539806 1133978 420806 529326 711403 684704 669915 597064 1238581 606068 771119 851930 929013 506688 278219 521181 786783 1155422 888852 376607 593511 610826 933017 763260 935718 606504 521122 1003771 1050675 564241 633024 591219 342819 1109317 599351 1157143 1067739 1219132 806051 287553 1210676 365490 910467 891423 394655 1053793 932277 899803 641636
603478 370477 481694 245681 274625 139422 63976 504285 409833 398496 382669 665636 556651 140451 309550 541012 438176 496524 575680 76266 370063 475639 538175 326153 496008 522819 145225 535500 279420 288587 184283 584608 191574 235644 500919 191684 208152 306507 475107 261996 379464 434223 195877 33836 506266 262028 527561 72073 437576 865078 999999999 325927 269590 560533 443711 300401 265897 565958 268208 374965 430984 101134 480284 642032 449664 626536 351973 385024 354368 174481 513060 596603 530609 437313 193962 661419 455431 511812 418803 410822 456710 462432 275889 671167 272568 594349 303056 302252 356947 568537 608555 363831 661249 596289 60702 645686 387058 228236 205820 358315
277595 506818 217892 460384 373342 376586 386365 206499 734510 419943 621452 350066 339839 427424 580395 553772 380295 188347 471358 306490 49417 430207 246239 51485 193009 197495 250019 409728 557709 590666 165903 307974 134766 398701 447628 496468 431608 412034 799836 328040 648986 590229 491498 359428 210263 225381 218629 369788 146198 539806 325927 999999999 595441 307711 213606 252628 198784 423077 62551 700621 296366 231531 506483 653193 201777 307631 77483 372301 642584 382874 213363 438756 390793 507221 249551 637331 287272 284598 547348 598509 256419 345738 67310 376607 574074 439931 623540 564510 679420 503951 288424 674054 373013 614055 352320 390239 569173 437603 403005 227808
873027 438753 740426 302455 433160 276414 210172 766539 143088 546210 338045 930853 791004 217706 230405 657771 620732 761473 757695 307714 638935 643084 797950 593081 759735 791982 381481 733829 222330 163824 445737 842722 460856 366837 667571 160294 298475 431912 211807 439071 282930 473557 169360 236013 768019 490742 794506 236423 700522 1133978 269590 595441 999999999 807345 697066 525722 509678 777725 536932 105647 649694 367955 601511 741606 706648 894926 616883 567966 211526 303200 775577 802590 736108 551907 424604 796633 689990 759298 490317 407361 701050 668110 543217 932623 162202 798970 74032 244596 113348 741361 877259 171129 920950 698765 256095 889342 415641 305802 316370 596631
280481 533014 438993 569603 678492 537323 605329 126136 929825 383159 910785 204633 69524 690577 706918 447485 288222 156442 275473 572994 264629 319272 96419 269436 143058 235517 426802 218994 829764 848350 378086 475492 394330 696491 318723 751113 718059 455716 1019133 396748 927140 895241 660707 588436 120929 318049 361294 572171 164002 420806 560533 307711 807345 999999999 467935 559723 506476 684175 328440 904633 191244 493526 431148 517263 446018 364713 237035 676947 778293 521129 126388 195864 194073 814672 549556 926936 558955 517814 854036 642054 517674 212676 310985 486654 832081 200494 811412 685647 909621 789099 348202 924170 497861 494267 607000 86216 870322 551506 523239 525159
285759 707030 54995 638333 336448 539774 507360 343254 840106 632163 611956 413991 518150 490717 741074 767370 593352 313873 676544 389918 227259 643167 379958 263750 326126 255684 426871 613411 589422 641354 346619 147808 292648 392142 659872 561839 451348 613552 879926 530436 661212 527271 635833 475898 348410 433520 154419 507250 311978 529326 443711 213606 697066 467935 999999999 192429 188500 218043 257818 801049 504896 344381 719580 866657 24663 251213 282205 258135 794272 556429 345112 632298 592382 405443 275193 462903 92966 74041 474457 790162 49770 554311 272392 241686 625948 634475 742818 728952 756110 324025 242409 727766 226905 827659 441466 536460 527546 615728 582027 116605
453752 631928 245738 532030 146054 424735 358813 450339 667127 599343 420957 565712 591789 310924 609938 745727 591274 426617 703872 230998 295545 639841 490588 297023 434762 399469 343002 646011 398434 453071 286555 338267 229386 199743 661417 379682 260656 546891 696274 472568 468800 351874 495449 327430 454775 401247 333223 371584 396411 711403 300401 252628 525722 559723 192429 999999999 59373 265581 251075 626448 528573 218488 689840 849700 210633 436487 327906 123282 652768 451328 455638 683965 630128 255038 106943 405967 164402 240342 303583 695374 180962 575730 271279 433011 438188 684448 579695 602141 573082 287392 424621 539021 416879 806287 278864 640750 343088 511250 481364 76849
