NAME : synthetic_000904
TYPE : CTSP-D
DIMENSION : 100
GROUPS : 8
RELAXATION_LEVEL : 1
EDGE_WEIGHT_TYPE : EXPLICIT
EDGE_WEIGHT_FORMAT : FULL_MATRIX
EDGE_WEIGHT_SECTION
999999999 460143 543669 771392 257959 948187 144172 349605 736360 66834 913811 691863 465410 825733 129119 351486 658705 889832 572344 628120 646585 458460 358593 879062 152209 653721 687078 511928 664202 757161 492117 616662 747336 904741 476524 289625 642634 403106 243721 457824 1112403 785645 345549 868538 222355 223592 453142 903514 314143 466739 796800 338406 593763 146647 375873 519300 925115 993398 851259 433513 115549 1025422 1055226 584397 868052 430801 577700 412154 411206 98342 780839 444276 172806 765049 260740 282303 383366 711899 227197 190541 433016 701553 595595 1026304 905004 747437 919025 677844 253519 932971 489305 323082 530908 396305 660810 732490 645997 222528 643697 302537
460143 999999999 148565 926550 693691 687455 596917 110966 909817 504564 947287 662358 557214 419806 337040 131179 198920 657601 173884 643694 233975 274464 492902 636029 308106 282145 319610 801230 781284 350049 170622 854183 549694 1029704 37925 711534 754333 682200 218229 84045 819633 474198 653922 669719 477455 662901 27304 525282 194748 514272 631369 268941 581839 316743 142757 441021 775452 694591 976723 145719 438471 709524 816753 326588 598563 193803 143769 636281 283315 557868 424036 636036 597361 594280 697043 334348 182246 522391 335000 649319 122257 252241 685074 710827 886527 753967 840697 220540 224545 1033944 564973 542824 757276 262895 359975 304400 759540 422226 641810 313957
543669 148565 999999999 1074158 793811 796711 686996 216767 1056601 598223 1094427 808891 704092 477159 414568 267601 196933 775899 29622 791986 314238 421803 635150 752485 395961 381502 415413 936539 929347 414662 75914 996057 680343 1178210 175220 817244 902401 816159 322905 229338 913294 578796 782822 795180 604254 760974 175493 593418 232813 662156 764414 413605 729918 397540 168407 588709 906828 790902 1125162 116153 548129 798523 927683 460077 709352 341917 229043 775329 431856 641382 513073 778124 699329 727793 796967 472745 174266 655784 464374 733449 111149 173738 833294 799941 1031189 901249 980535 174137 290183 1182475 712599 678815 898777 411239 478670 355000 907588 551310 789690 454879
771392 926550 1074158 999999999 656384 759649 721728 877276 44410 717268 254272 355814 370902 972190 822785 811794 1039724 689437 1100382 318383 909772 667294 456430 703989 802760 849071 850628 317449 147901 942419 1073140 194897 606806 136860 906649 616599 174381 381019 806460 852550 902056 788588 442760 627861 557624 670755 900527 954243 942601 412386 560392 662645 378378 819716 967292 510617 562847 848042 89713 1019997 665805 896418 771382 700059 744511 738945 922306 359298 645279 758370 861486 330798 653918 566375 657673 618770 1004671 594418 650795 754020 1002908 1141954 244368 896098 336141 281018 441238 1093794 886810 178054 361589 454118 247475 664189 751421 974433 169030 584519 334796 629303
257959 693691 793811 656384 999999999 1048010 118812 587517 614358 196555 855836 704057 468869 1009543 383598 570425 887161 980456 823049 628040 845999 610596 387383 976289 397961 835263 863266 346411 592186 945774 746975 469788 838319 792884 702781 44374 578732 284145 477070 672557 1217678 926132 227077 944319 270482 34616 681457 1067806 569130 498151 864434 500291 618484 398188 628364 602098 968808 1109613 744920 687441 257298 1148621 1134777 731373 979714 613251 791852 339320 559262 173010 943195 383643 96421 839978 3523 421575 639603 804487 385421 111478 684753 943228 557585 1149220 878251 728484 924462 914231 506204 832782 493918 308120 412201 553842 812127 933627 580143 318371 650265 448621
948187 687455 796711 759649 1048010 999999999 1019471 739946 778372 945432 588125 420135 599482 383870 886437 678617 633356 73458 805860 487943 485358 498785 661655 71738 847904 415212 382168 892256 647501 412810 849520 844411 209739 770391 649610 1034877 633000 832835 771524 613510 169782 218149 859089 131961 784025 1034948 665660 289305 850182 557518 207283 614410 460520 867849 820015 446350 226155 89535 741352 833173 848999 137623 131082 382629 88995 555287 567741 756268 540411 1014118 295094 717643 973964 217664 1051266 666534 864169 243635 721014 1077957 809707 736750 591028 137157 479989 478891 366803 689639 840858 737058 578426 744552 789885 558886 328592 476655 636827 748609 463109 645658
144172 596917 686996 721728 118812 1019471 999999999 487767 682268 92805 897897 712111 474784 940236 272900 480284 793959 955704 715838 640277 767938 552417 377213 948413 292379 765999 796834 429045 636888 873727 636278 546585 811986 858349 610007 157082 619408 340716 378694 585522 1187594 877405 278970 926162 239106 84460 587463 1008484 458278 492128 849231 434977 619059 289457 519622 575535 965719 1073732 807453 577571 179807 1109636 1116326 677552 945083 541077 705939 375736 501812 54268 884076 416427 67841 821113 121084 363091 527496 776994 316690 59526 576644 842310 585747 1110374 906445 751230 938486 816514 397135 893460 500243 313060 474297 491948 757203 855167 621751 271022 659900 388426
349605 110966 216767 877276 587517 739946 487767 999999999 856119 395895 926846 648474 506866 513652 226115 72560 309885 700770 246252 617286 326084 271290 427404 681820 197424 358754 396329 721211 736453 443065 197104 785612 578361 989404 132989 607561 709764 600501 110474 136322 884024 536602 566125 703350 387513 555978 108568 611398 110260 471149 653872 217263 559009 205778 95403 425475 798166 758699 935251 142791 335422 779060 865449 360643 651381 193984 242732 562796 259365 447570 500548 568925 491572 616823 590811 262558 139490 547173 248437 539286 126074 355730 642750 780258 877484 734604 845887 328785 118555 999264 518998 464521 688220 235580 413131 404582 714742 334922 619755 248517
736360 909817 1056601 44410 614358 778372 682268 856119 999999999 680847 294668 366612 352608 974741 792247 792189 1029995 707074 1083328 320679 904036 655805 431499 720302 773604 845723 849251 273706 144170 942036 1052721 150634 617033 178633 891409 574145 168233 341757 781499 837777 924947 795502 403469 646413 525598 629479 884197 962176 917633 397560 575959 643557 377536 790029 944712 503897 588339 865944 133810 998529 632773 914237 796572 696343 758496 724925 912203 325273 630806 720086 865496 300072 614553 579219 615573 595540 981056 602292 624764 713226 982084 1130446 236148 913985 370922 300130 471851 1082981 860549 221985 346077 422614 208317 648722 751426 971408 162967 555314 339542 607623
66834 504564 598223 717268 196555 945432 92805 395895 680847 999999999 871287 663011 430144 850213 187146 387505 701291 883986 627323 595415 676250 467722 325726 875088 202339 676337 707904 448719 616669 783137 550429 556580 740419 851981 517258 225216 596384 343347 286354 492856 1112105 794596 284142 858263 184401 163031 494782 921281 372578 438493 783636 348625 566579 201688 432056 506726 906491 995855 799142 490958 96516 1030201 1047182 593685 868365 451401 613288 359534 417979 68792 797259 394796 106982 753643 199571 281328 443159 705097 231054 149044 488645 751062 553882 1030999 869108 711906 890707 724461 309751 882418 454959 277738 473695 406323 672430 763313 599413 200647 612816 305175
913811 947287 1094427 254272 855836 588125 897897 926846 294668 871287 999999999 286206 453125 879548 933326 855166 1014617 527577 1116784 310236 866807 672844 559507 548514 905251 795435 785662 544423 263661 867461 1110940 433478 493553 195037 919362 821073 278766 571796 882563 865090 704532 680258 629530 465165 691492 863159 919996 832598 1013084 468696 421101 712443 368013 924887 1021987 506491 366320 677167 187810 1065977 799467 724312 566378 658285 599444 753735 904074 522729 669848 924471 765522 481478 831513 442300 857780 696101 1064517 496039 742263 940199 1045501 1123983 318216 723652 109179 193370 226252 1073213 967521 151873 431862 593550 450650 692899 684553 913145 276749 699562 307267 696783
691863 662358 808891 355814 704057 420135 712111 648474 366612 663011 286206 999999999 237740 622710 685152 576081 730916 347079 830905 77901 586313 388024 337492 357411 652825 517706 512410 482585 228925 599940 827786 424673 251048 407258 633706 679892 213018 445772 615891 579643 578003 433822 486744 290106 479067 700741 635054 598663 740810 225226 213362 439589 98894 673442 743874 223506 271198 504974 363435 784948 576908 552797 463447 375350 392553 469420 618874 373486 389291 725496 510062 329678 652444 212931 706813 438616 787524 239454 490824 764055 763833 839533 175038 552679 229623 95725 227704 788987 700795 394480 212242 400911 377214 412941 410860 639537 216979 469354 53973 433454
465410 557214 704092 370902 468869 599482 474784 506866 352608 430144 453125 237740 999999999 674480 480755 440894 684893 527986 730735 165880 570915 310440 107153 528675 454006 522663 534492 312312 230206 628900 702314 315924 393511 484143 539288 447593 203848 234098 442223 486044 768093 528611 261164 484382 245887 463892 531651 692048 577388 53948 402885 291754 149823 473172 598010 186487 499991 671964 429604 649656 349955 715826 672741 377419 544195 374273 567072 157510 280095 490349 577173 123134 414705 383318 471753 252589 636680 363866 292678 526328 632235 781807 140536 716132 439778 282255 463719 735599 525360 498577 25500 163242 228003 296863 447642 646708 208658 246926 185130 260088
825733 419806 477159 972190 1009543 383870 940236 513652 974741 850213 879548 622710 674480 999999999 722618 481375 285177 398277 476587 654460 187652 403009 677299 371647 686388 174520 147455 983934 830583 70593 545360 984457 385995 1028786 386090 1012853 807316 886449 592884 379730 455978 201147 886116 445760 745273 985613 409473 118832 613300 620604 462616 509341 597707 701472 562021 489016 570937 344996 986127 550940 761364 338788 507483 298940 315522 399170 276044 816620 453442 914905 114075 793305 917614 437675 1013065 588277 598385 386407 626000 998717 529941 372169 743321 340314 783994 713438 691489 331701 631860 1010729 665383 757782 901952 456222 227470 122206 812448 692754 637405 561111
129119 337040 414568 822785 383598 886437 272900 226115 792247 187146 933326 685152 480755 722618 999999999 241333 535913 834333 443225 631372 538426 387690 376405 820368 38690 555289 590759 596810 700316 652673 363756 688548 696236 950566 357052 411687 676135 479485 129743 345712 1044776 706311 429139 821455 267809 349788 332988 809162 185720 467387 756382 274585 586543 21182 246783 486023 893115 922219 895972 304739 168651 950090 1001705 508723 802006 341731 462908 469301 347732 226934 689810 492340 292761 721930 386568 247479 256019 661365 194356 319121 303901 573809 619763 951102 909358 753772 906773 551822 124401 972457 501469 369725 595878 327911 579345 621942 680222 239256 642592 257610
351486 131179 267601 811794 570425 678617 480284 72560 792189 387505 855166 576081 440894 481375 241333 999999999 316859 636242 295881 546007 297366 199894 367647 618290 205756 316101 352507 671377 669346 411354 261686 728457 510320 921392 132880 585627 642528 551840 111609 106339 827341 481465 522770 635987 346368 540923 113259 570667 176027 402809 584157 149243 487195 220165 167856 352970 728117 702498 867490 211645 313332 725631 802147 296593 590726 125517 226438 508182 186867 446234 454245 510545 474060 547247 573845 205473 212036 478393 203871 535504 192526 382525 574739 726762 804993 662667 773645 347671 163266 929933 451662 413018 631183 163141 355556 381907 647583 291051 547954 187323
658705 198920 196933 1039724 887161 633356 793959 309885 1029995 701291 1014617 730916 684893 285177 535913 316859 999999999 624638 192556 732707 155596 374961 642933 599296 506859 231682 256567 960735 891827 228797 270127 997035 553973 1126773 184445 902343 865407 846009 415729 219584 733575 417416 825827 654714 655402 857330 206511 403467 381556 634953 640028 423578 669286 515658 319458 530201 774844 615009 1076794 290057 630183 616955 763769 356335 550122 315335 117934 790769 407076 756148 339529 782348 790759 605817 890571 500678 345319 536679 514537 847261 273267 110784 795547 618432 936945 826554 868533 59793 420901 1122030 686384 705962 902851 394487 343813 165140 870768 599049 724315 476050
889832 657601 775899 689437 980456 73458 955704 700770 707074 883986 527577 347079 527986 398277 834333 636242 624638 999999999 787530 414490 471594 448452 593350 26654 796089 397596 368466 818984 574927 415110 823833 771119 143747 705410 620211 966174 560051 760836 723721 579888 240107 209170 788261 62973 718755 968353 634258 320142 810469 487247 133941 560330 387595 816402 784881 380571 177664 158873 674329 802770 787846 207170 167463 340173 83074 511195 547613 684347 486688 952450 296248 645286 908410 145046 983673 607544 829742 178931 662834 1013760 779243 731708 517585 206911 421121 408424 312399 682813 796478 674315 506523 675457 716476 506565 298449 476307 563933 685515 389670 587968
572344 173884 29622 1100382 823049 805860 715838 246252 1083328 627323 1116784 830905 730735 476587 443225 295881 192556 787530 999999999 815762 321172 444886 663161 763677 425132 391099 423758 965565 955165 416411 94594 1024243 695886 1203269 197694 846669 928214 845269 352525 252341 918233 587713 812223 808826 633688 790143 200290 594035 260477 688145 780539 440918 753402 426411 196655 611855 922139 796846 1150410 142287 577718 802714 936937 477380 719191 365869 239952 803909 456907 669908 518875 806219 728678 744155 826195 501237 199491 672285 493609 761904 139389 153474 858929 804153 1051871 923808 998912 161401 318825 1206781 738794 707704 927012 436740 491761 354989 933422 580621 812900 482999
628120 643694 791986 318383 628040 487943 640277 617286 320679 595415 310236 77901 165880 654460 631372 546007 732707 414490 815762 999999999 595887 371261 270160 422128 601069 532467 532636 407632 176864 624085 803965 358141 303421 394067 618194 603033 155404 367871 573132 563466 649573 475884 409264 360585 411014 625712 616573 643083 702912 164213 280878 402237 63487 621250 712235 205048 349026 570145 344519 757365 512614 617260 538794 384443 451870 450074 617159 295753 362390 656178 544824 251835 579245 273764 630739 388775 754495 284600 437730 690991 737343 838622 103191 617257 278527 122500 298424 789014 658212 391920 140667 327638 303230 384853 433075 657310 160230 406658 25347 387658
646585 233975 314238 909772 845999 485358 767938 326084 904036 676250 866807 586313 570915 187652 538426 297366 155596 471594 321172 595887 999999999 265921 548247 446750 503121 76088 103536 865794 762457 117135 374269 886808 398715 988386 199110 853860 736758 757975 408873 193305 599423 267373 747712 499629 591188 819722 222139 291542 426140 518191 484726 350224 533262 517244 376718 400146 619291 476676 940116 371097 591880 485449 616409 211931 399721 234419 91749 694846 309804 738708 199027 679422 751576 450841 849510 431331 414955 382469 460747 825294 349001 265881 667907 486838 785596 681964 714051 215227 444419 980141 568181 621476 796458 305139 188748 87633 742110 536007 584936 404327
458460 274464 421803 667294 610596 498785 552417 271290 655805 467722 672844 388024 310440 403009 387690 199894 374961 448452 444886 371261 265921 999999999 282713 433367 349129 232291 255559 599874 519721 344309 440338 624723 315098 761925 247193 611323 493003 492935 275672 192590 657956 327533 486195 441426 343106 588808 247167 457733 375135 260000 385450 120127 308606 369071 364900 166974 528847 536678 710102 400199 373097 567288 615876 126204 414512 81687 257028 428932 51342 535758 333034 414167 521639 348825 614104 190304 410001 281760 236679 611897 378274 474796 422986 568200 613618 479556 575420 427184 351656 762953 311425 358486 532496 62155 204852 347928 498337 292257 368018 164165
358593 492902 635150 456430 387383 661655 377213 427404 431499 325726 559507 337492 107153 677299 376405 367647 642933 593350 663161 270160 548247 282713 999999999 589924 351614 512449 531303 318800 325475 623489 624507 361312 451949 578329 480897 373265 300580 210444 350183 430991 831436 557784 211060 557128 141577 377107 469320 712768 486352 114916 477709 224630 242284 370094 513873 218401 588891 726367 523542 568828 243061 767222 747700 379854 596490 327738 527556 148004 239484 388094 591479 143158 321482 452634 390558 165002 549617 418724 194594 431598 553413 731633 243538 767717 546411 388845 565117 688645 430503 597289 130715 84971 264391 248911 457962 630587 304865 140061 287102 180334
879062 636029 752485 703989 976289 71738 948413 681820 720302 875088 548514 357411 528675 371647 820368 618290 599296 26654 763677 422128 446750 433367 589924 999999999 781975 373202 343436 823999 586124 388688 801427 779867 138001 723966 598493 963154 570304 762333 707857 559200 241512 183106 787839 83636 712580 963315 613048 294720 791766 486134 144500 547129 391585 802133 764790 374740 203088 148033 691625 781442 778734 195483 183857 321738 56697 493706 523880 685723 473234 943711 269764 647559 902489 149092 979544 597026 809482 172013 651877 1006793 757916 706029 525312 195408 442917 423151 335909 657296 779354 694082 507949 672876 722492 492463 276242 450085 574343 677686 397680 576689
152209 308106 395961 802760 397961 847904 292379 197424 773604 202339 905251 652825 454006 686388 38690 205756 506859 796089 425132 601069 503121 349129 351614 781975 999999999 518111 553333 588633 676859 616656 350591 675291 658368 928629 325713 422830 652164 469496 94509 311172 1006098 667713 422330 783768 253440 365016 302002 771659 174763 437660 719342 236807 554536 20973 230823 450475 856777 883528 873908 290499 164229 911440 963494 470033 763377 303295 429576 453429 309636 250338 651889 473604 304193 684683 401092 214247 246575 623578 163383 342298 286865 550127 593917 912449 878363 723568 873009 525693 110044 948850 473829 352527 581066 289565 540771 587387 656406 218336 611422 222414
653721 282145 381502 849071 835263 415212 765999 358754 845723 676337 795435 517706 522663 174520 555289 316101 231682 397596 391099 532467 76088 232291 512449 373202 518111 999999999 37792 825677 702767 112080 436234 837786 322867 922465 244658 839214 677661 722827 426211 222508 538339 197375 718298 423981 572235 811148 264690 254578 465265 468988 408826 334979 470886 534309 422774 344003 543249 413808 875321 425771 586944 427403 546209 149396 328118 224975 152627 655898 281511 741530 142630 636516 743127 375186 838786 414341 464100 307476 451480 824614 402771 341907 609909 428712 712122 613010 638636 291305 474012 912162 517260 590333 750320 282675 113364 125734 682974 519088 519875 387126
687078 319610 415413 850628 863266 382168 796834 396329 849251 707904 785662 512410 534492 147455 590759 352507 256567 368466 423758 532636 103536 255559 531303 343436 553333 37792 999999999 841094 705555 94464 471919 847934 304260 919023 282220 865859 681019 741102 462047 260149 501675 164041 739300 398553 598052 839901 302416 218435 503025 480566 389455 363634 472394 569852 460482 351935 519962 377495 873093 462790 617342 390122 513249 157148 296207 256820 187483 672456 306080 773687 104844 650982 772055 357307 866786 441727 501673 292481 481148 855706 439878 365148 614413 391444 699043 606906 620929 315380 511238 906516 527387 611012 762495 309490 101644 127574 686284 545883 518497 414646
511928 801230 936539 317449 346411 892256 429045 721211 273706 448719 544423 482585 312312 983934 596810 671377 960735 818984 965565 407632 865794 599874 318800 823999 588633 825677 841094 999999999 293938 934884 914399 124555 694827 451634 793452 304299 292022 121035 625088 745909 1056392 840458 168082 767433 338907 365642 779553 1004351 754549 365215 686706 538550 432580 600577 796300 498474 750169 970926 407153 855314 428186 1016685 945962 685214 846674 646066 846057 171061 558166 473812 889013 190748 363700 675027 347226 466960 824480 668400 472800 451201 843679 1046276 307840 1016840 592473 466440 667178 1004839 691240 495502 326286 258419 106213 567543 758331 946591 290920 387253 432973 488619
664202 781284 929347 147901 592186 647501 636888 736453 144170 616669 263661 228925 230206 830583 700316 669346 891827 574927 955165 176864 762457 519721 325475 586124 676859 702767 705555 293938 999999999 798114 931030 206023 476545 254078 760431 557728 26950 308219 671657 706125 800879 652494 365943 516225 443303 599692 755006 819510 807210 267284 441773 520150 233466 695019 828101 362885 473756 733357 199446 879214 552789 781336 678515 553501 621185 592256 774433 261177 498981 666190 721518 222202 569904 441518 594142 482256 866886 460126 519184 677536 861384 994231 96784 781186 298858 180856 376435 945973 754022 272144 217683 341123 192232 518478 607394 828343 21779 461254 196706 490291
757161 350049 414662 942419 945774 412810 873727 443065 942036 783137 867461 599940 628900 70593 652673 411354 228797 415110 416411 624085 117135 344309 623489 388688 616656 112080 94464 934884 798114 999999999 480596 942379 377514 1007183 315907 950515 773861 833680 522931 309223 504814 206948 830115 455290 683959 921092 339150 179279 543082 574984 459608 445647 564694 631512 492539 446305 580002 387252 962314 483333 695488 388160 541263 251609 335169 333298 206442 765805 393579 847227 119071 744991 852973 430643 949297 525576 529601 371460 561062 931913 461937 325676 707769 389635 776719 693318 691545 280835 561267 992647 621849 702042 856902 394340 191012 64746 779099 630486 609023 498333
492117 170622 75914 1073140 746975 849520 636278 197104 1052721 550429 1110940 827786 702314 545360 363756 261686 270127 823833 94594 803965 374269 440338 624507 801427 350591 436234 471919 914399 931030 480596 999999999 982168 719706 1182945 205855 773264 904214 793389 290384 254323 973028 633011 755460 838564 577213 713376 197010 659872 178052 664405 801818 410895 743494 348815 120758 604780 945746 849332 1129112 60426 510004 859650 979911 496801 761179 358668 284612 758782 441620 588284 572886 765876 654434 764763 750000 459632 110275 692821 442462 679586 71238 247605 836354 861033 1053934 917654 1010781 250045 240991 1190701 713346 659542 884812 419158 525385 423289 909269 527146 804044 445365
616662 854183 996057 194897 469788 844411 546585 785612 150634 556580 433478 424673 315924 984457 688548 728457 997035 771119 1024243 358141 886808 624723 361312 779867 675291 837786 847934 124555 206023 942379 982168 999999999 660119 327490 841350 428246 214125 213563 698514 790358 1002151 823016 272683 714779 421882 487496 830416 990046 832521 369080 637178 585559 399019 689505 867795 496254 679318 927889 284444 924892 522292 975206 882766 690889 809798 682782 879755 224428 589984 588449 881959 218156 479793 631870 470743 523765 900005 638376 541427 572549 910931 1090114 255383 975179 493836 386845 580676 1045596 771544 372552 320657 325676 97400 603704 757016 962312 211111 461882 382257 541245
747336 549694 680343 606806 838319 209739 811986 578361 617033 740419 493553 251048 393511 385995 696236 510320 553973 143747 695886 303421 398715 315098 451949 138001 658368 322867 304260 694827 476545 377514 719706 660119 999999999 648143 513851 825199 457501 627597 590365 467771 379502 187825 651138 126331 575300 825538 524397 348779 686242 349283 86066 421651 263408 678944 667131 237161 226514 278455 608803 691703 644375 322729 307910 223157 151855 384965 459270 550982 348936 808829 271981 514142 765087 53269 841569 465083 712519 35439 520712 870098 668389 664542 404917 322980 399538 333936 316669 613741 666553 626783 373838 535062 595889 370080 210173 428714 462039 541774 280887 446317
904741 1029704 1178210 136860 792884 770391 858349 989404 178633 851981 195037 407258 484143 1028786 950566 921392 1126773 705410 1203269 394067 988386 761925 578329 723966 928629 922465 919023 451634 254078 1007183 1182945 327490 648143 999999999 1006835 752773 280294 517695 925705 952160 895654 835475 579411 642438 688182 807556 1003021 995826 1061287 518585 586940 772502 457508 946302 1081627 597956 554704 859923 54789 1132036 797176 907822 758675 776465 771049 838030 1011100 492829 746402 894414 915410 461437 790521 601175 794126 736334 1120743 642879 772633 890879 1113791 1232489 346701 907278 301196 315406 417903 1183008 1007879 54959 470483 584594 384228 767065 817674 1045695 275507 711382 403485 744138
476524 37925 175220 906649 702781 649610 610007 132989 891409 517258 919362 633706 539288 386090 357052 132880 184445 620211 197694 618194 199110 247193 480897 598493 325713 244658 282220 793452 760431 315907 205855 841350 513851 1006835 999999999 718470 733501 675685 232831 54755 781830 436278 650552 633108 476395 672886 24433 489663 227210 494389 596132 256328 555742 336267 178819 414160 739937 656753 954307 183576 445955 671943 778996 291007 560737 168808 111128 626372 261455 573295 386809 623561 606369 559126 706186 327177 219453 487132 334190 663911 160140 253402 663853 673240 856186 726272 807723 215673 250716 1009482 545581 535610 744980 242698 322344 273171 738758 420405 615205 304834
289625 711534 817244 616599 44374 1034877 157082 607561 574145 225216 821073 679892 447593 1012853 411687 585627 902343 966174 846669 603033 853860 611323 373265 963154 422830 839214 865859 304299 557728 950515 773264 428246 825199 752773 718470 999999999 545470 249727 497233 685542 1204660 921129 196085 927823 268305 73966 697887 1066641 596130 480585 847230 505169 597383 424898 653639 590687 947097 1099022 705524 713293 273065 1139101 1117794 729403 969064 619849 803679 310170 560206 211134 942359 354815 118977 824172 44262 424941 667283 791963 393659 155695 709388 962582 528143 1139646 847206 699610 897458 931803 532298 793609 472163 290843 374365 556660 810139 941344 546609 320136 625937 452182
642634 754333 902401 174381 578732 633000 619408 709764 168233 596384 278766 213018 203848 807316 676135 642528 865407 560051 928214 155404 736758 493003 300580 570304 652164 677661 681019 292022 26950 773861 904214 214125 457501 280294 733501 545470 999999999 295779 645678 679206 788683 631214 351797 502368 421080 584916 728057 798464 781101 240357 426380 493352 209664 670493 801555 336911 465885 717974 225783 852509 530455 765748 668648 528315 603756 565357 747944 243977 472049 647282 698890 203268 552838 424285 580804 456171 840482 439833 493781 661447 834618 967595 70017 765642 304915 175597 375247 919414 728271 296711 190881 319711 187505 491529 583354 803309 5364 437340 176691 463872
403106 682200 816159 381019 284145 832835 340716 600501 341757 343347 571796 445772 234098 886449 479485 551840 846009 760836 845269 367871 757975 492935 210444 762333 469496 722827 741102 121035 308219 833680 793389 213563 627597 517695 675685 249727 295779 999999999 504068 629345 1000825 756609 61750 714873 218226 293507 661065 916384 633928 281348 633144 422567 375614 482182 675274 411557 716798 906051 467189 734281 311486 949894 900735 587961 778228 532987 732791 76633 448365 378642 797244 116987 272922 615839 286034 348550 703659 597857 352064 374564 722701 928943 282948 950207 598531 454154 654502 888505 570878 553838 254412 140250 133588 455578 664422 840863 296885 266250 392340 371250
243721 218229 322905 806460 477070 771524 378694 110474 781499 286354 882563 615891 442223 592884 129743 111609 415729 723721 352525 573132 408873 275672 350183 707857 94509 426211 462047 625088 671657 522931 290384 698514 590365 925705 232831 497233 645678 504068 999999999 216668 925757 583255 465083 716658 286999 445642 209598 680474 136169 415375 657356 178631 520343 108589 171230 400886 798494 801931 871001 230631 225710 827688 891006 389782 685231 218459 335224 474101 244272 340562 562242 486062 381098 621461 480369 189647 201507 556518 157646 431532 220783 466158 582207 828756 844950 694516 827879 438202 85121 940678 458365 373256 601720 221535 456265 492907 650350 238389 579865 185822
457824 84045 229338 852550 672557 613510 585522 136322 837777 492856 865090 579643 486044 379730 345712 106339 219584 579888 252341 563466 193305 192590 430991 559200 311172 222508 260149 745909 706125 309223 254323 790358 467771 952160 54755 685542 679206 629345 216668 999999999 752157 404727 606991 589207 435818 643926 57314 475220 243371 440474 548582 207393 501062 324545 206605 359562 692913 626745 899688 224117 415328 645203 741446 244704 524530 114142 120438 577549 207272 552376 364594 573034 576486 511429 676014 281996 250674 439709 295250 641254 200718 300722 609489 646436 802961 671916 756678 259160 252959 954727 491784 489095 694399 189187 284919 276276 684474 379464 560602 258179
1112403 819633 913294 902056 1217678 169782 1187594 884024 924947 1112105 704532 578003 768093 455978 1044776 827341 733575 240107 918233 649573 599423 657956 831436 241512 1006098 538339 501675 1056392 800879 504814 973028 1002151 379502 895654 781830 1204660 788683 1000825 925757 752157 999999999 347563 1028253 289028 953046 1204371 800383 339746 993896 726940 369796 776006 626744 1025567 957810 615804 341792 125416 873167 964036 1015592 117221 139638 536424 244351 707492 688449 924376 702196 1180875 400397 885056 1143016 384993 1220942 831944 1000512 413199 885630 1246293 940954 827436 751864 115704 595647 625359 478409 784838 990590 856354 746581 914304 952739 719291 471837 569044 792131 916583 624368 810141
785645 474198 578796 788588 926132 218149 877405 536602 795502 794596 680258 433822 528611 201147 706311 481465 417416 209170 587713 475884 267373 327533 557784 183106 667713 197375 164041 840458 652494 206948 633011 823016 187825 835475 436278 921129 631214 756609 583255 404727 347563 999999999 768125 248670 655655 907442 453931 167447 646374 477033 261597 447620 425349 686368 610766 345066 373731 222163 795161 619521 699196 244482 349230 201347 132747 365126 350002 682002 376630 862895 89874 651589 841847 237970 929579 514388 653890 194375 563662 936922 596209 523244 572139 245570 583269 520560 490592 474872 644639 814607 514321 642507 748910 389585 127060 267225 636088 610530 456000 489599
345549 653922 782822 442760 227077 859089 278970 566125 403469 284142 629530 486744 261164 886116 429139 522770 825827 788261 812223 409264 747712 486195 211060 787839 422330 718298 739300 168082 365943 830115 755460 272683 651138 579411 650552 196085 351797 61750 465083 606991 1028253 768125 999999999 745536 178681 233853 634314 923828 591003 301856 664049 403419 409039 433528 635917 425384 756129 928840 528772 695660 260497 971345 933750 590121 799719 517448 715427 114343 438669 317242 802358 158991 211172 644013 229236 325153 661768 619752 319467 313619 685515 903765 332058 971748 651599 503540 701829 865386 526955 615237 284277 128341 195339 442708 668773 832542 353313 232065 432805 350026
868538 669719 795180 627861 944319 131961 926162 703350 646413 858263 465165 290106 484382 445760 821455 635987 654714 62973 808826 360585 499629 441426 557128 83636 783768 423981 398553 767433 516225 455290 838564 714779 126331 642438 633108 927823 502368 714873 716658 589207 289028 248670 745536 999999999 687585 934002 645137 376209 811743 447257 81729 546962 339446 804424 790962 351585 125286 220257 611533 813300 762956 268637 190641 344978 137631 510506 569485 638821 474715 926164 338315 598403 876042 105062 947454 586967 836249 160367 642986 983372 789864 763700 463075 268289 359301 346994 252874 713829 792825 611466 461760 637148 663715 496128 317130 513883 506072 658146 335415 569420
222355 477455 604254 557624 270482 784025 239106 387513 525598 184401 691492 479067 245887 745273 267809 346368 655402 718755 633688 411014 591188 343106 141577 712580 253440 572235 598052 338907 443303 683959 577213 421882 575300 688182 476395 268305 421080 218226 286999 435818 953046 655655 178681 687585 999999999 252812 458958 798607 415706 255463 610239 240975 383426 267748 458145 338187 727357 842107 634046 517618 109502 880043 877977 461576 712531 356908 549054 201537 292094 246668 674209 226984 189970 582524 273934 159862 485586 540652 142515 295795 507049 728658 373280 880688 685340 527952 706690 692001 352728 713788 270600 103622 328227 289619 542354 678092 424598 56383 428524 186885
223592 662901 760974 670755 34616 1034948 84460 555978 629479 163031 863159 700741 463892 985613 349788 540923 857330 968353 790143 625712 819722 588808 377107 963315 365016 811148 839901 365642 599692 921092 713376 487496 825538 807556 672886 73966 584916 293507 445642 643926 1204371 907442 233853 934002 252812 999999999 651265 1046498 535436 489895 854808 476347 612698 364708 595079 588602 962815 1094606 758554 653973 228793 1132808 1124630 711008 964890 588011 763632 342599 537488 138723 921805 386201 68175 829276 37211 398878 605724 791316 360057 85786 651615 911693 559785 1133446 881353 729614 923396 883391 472780 845963 489218 301232 424583 530940 791634 907343 586626 297446 647245 425670
453142 27304 175493 900527 681457 665660 587463 108568 884197 494782 919996 635054 531651 409473 332988 113259 206511 634258 200290 616573 222139 247167 469320 613048 302002 264690 302416 779553 755006 339150 197010 830416 524397 1003021 24433 697887 728057 661065 209598 57314 800383 453931 634314 645137 458958 651265 999999999 511900 204015 488165 605605 244863 554651 312258 158095 413761 749843 675133 950125 168544 425043 691374 794457 301242 576687 166594 135218 613620 256630 550159 407213 612344 585037 568476 684845 312642 200130 496678 316479 640999 145026 269711 658696 692652 859287 726682 813914 234479 226314 1006989 539010 521300 733692 236529 337469 297319 733276 403272 614584 291356
903514 525282 593418 954243 1067806 289305 1008484 611398 962176 921281 832598 598663 692048 118832 809162 570667 403467 320142 594035 643083 291542 457733 712768 294720 771659 254578 218435 1004351 819510 179279 659872 990046 348779 995826 489663 1066641 798464 916384 680474 475220 339746 167447 923828 376209 798607 1046498 511900 999999999 715458 639533 411780 573507 592767 788270 668025 506441 497739 235621 957425 661699 828684 223138 403874 337323 238744 472732 383049 842973 509026 988035 124699 814477 979371 394677 1071304 647963 706491 360006 691794 1067764 639971 490576 739582 224681 730845 682583 628791 450530 727860 972023 678962 796476 914651 516828 256744 239054 803311 749502 622869 621542
314143 194748 232813 942601 569130 850182 458278 110260 917633 372578 1013084 740810 577388 613300 185720 176027 381556 810469 260477 702912 426140 375135 486352 791766 174763 465265 503025 754549 807210 543082 178052 832521 686242 1061287 227210 596130 781101 633928 136169 243371 993896 646374 591003 811743 415706 535436 204015 715458 999999999 548393 760070 301559 647668 171246 65377 520494 903870 868527 1006627 119564 337615 888208 975473 470299 761637 301285 337827 608167 356120 410720 607710 621590 477181 723203 572132 324954 71850 654415 293283 502356 121864 399925 716903 889424 970433 823035 945521 385446 64943 1075399 592782 506853 736128 332145 523323 499112 785823 370830 707955 318663
466739 514272 662156 412386 498151 557518 492128 471149 397560 438493 468696 225226 53948 620604 467387 402809 634953 487247 688145 164213 518191 260000 114916 486134 437660 468988 480566 365215 267284 574984 664405 369080 349283 518585 494389 480585 240357 281348 415375 440474 726940 477033 301856 447257 255463 489895 488165 639533 548393 999999999 366692 254001 128093 457665 564201 133267 474180 627157 464709 613611 351689 670084 637247 323479 498353 327372 517024 205595 233308 502099 523850 174947 435916 343971 501211 227489 604468 318117 274295 546373 595218 733507 171951 670452 442695 286432 452758 686630 499928 528445 51593 190176 281933 251814 393892 593261 245510 244319 177472 229865
796800 631369 764414 560392 864434 207283 849231 653872 575959 783636 421101 213362 402885 462616 756382 584157 640028 133941 780539 280878 484726 385450 477709 144500 719342 408826 389455 686706 441773 459608 801818 637178 86066 586940 596132 847230 426380 633144 657356 548582 369796 261597 664049 81729 610239 854808 605605 411780 760070 366692 999999999 483309 257751 740193 744576 277633 144618 291646 551798 771774 689097 339566 270564 305189 185076 459890 544800 557100 413263 851064 349634 516689 797775 37211 867538 516956 790018 109001 573188 905934 748620 750576 383853 339422 321854 280176 232153 699791 736305 560831 380127 556806 583494 435822 296236 512739 430330 583060 255935 501138
338406 268941 413605 662645 500291 614410 434977 217263 643557 348625 712443 439589 291754 509341 274585 149243 423578 560330 440918 402237 350224 120127 224630 547129 236807 334979 363634 538550 520150 445647 410895 585559 421651 772502 256328 505169 493352 422567 178631 207393 776006 447620 403419 546962 240975 476347 244863 573507 301559 254001 483309 999999999 346146 257483 311064 222284 622461 655722 718490 359612 255182 687093 727544 246274 531902 115972 312008 370307 74001 416295 449129 367524 408440 448275 503814 81113 352533 386797 118287 494278 341323 508007 425801 687986 669157 521642 649293 466314 262452 782002 302472 282420 488908 58040 324034 437236 498394 185904 406531 54270
593763 581839 729918 378378 618484 460520 619059 559009 377536 566579 368013 98894 149823 597707 586543 487195 669286 387595 753402 63487 533262 308606 242284 391585 554536 470886 472394 432580 233466 564694 743494 399019 263408 457508 555742 597383 209664 375614 520343 501062 626744 425349 409039 339446 383426 612698 554651 592767 647668 128093 257751 346146 999999999 575083 654255 141932 350337 538346 407713 697984 479113 584211 525433 322266 414914 388060 553674 299897 302005 630093 489897 258977 561319 242890 621397 340487 697115 239681 392188 672423 677594 775135 146956 584348 324957 175700 325261 725538 605429 455141 125305 311472 332528 324930 373929 596109 214830 371248 60758 336423
146647 316743 397540 819716 398188 867849 289457 205778 790029 201688 924887 673442 473172 701472 21182 220165 515658 816402 426411 621250 517244 369071 370094 802133 20973 534309 569852 600577 695019 631512 348815 689505 678944 946302 336267 424898 670493 482182 108589 324545 1025567 686368 433528 804424 267748 364708 312258 788270 171246 457665 740193 257483 575083 999999999 230511 471447 877722 902776 891618 289271 173628 930305 983830 489311 783092 321543 441848 468624 330117 244913 669118 489958 305940 705487 401230 234938 242463 644196 183523 337146 287335 555098 612845 931327 898727 743740 893857 532352 108083 967105 493269 368173 595895 309838 559355 600784 674683 235232 631803 243360
375873 142757 168407 967292 628364 820015 519622 95403 944712 432056 1021987 743874 598010 562021 246783 167856 319458 784881 196655 712235 376718 364900 513873 764790 230823 422774 460482 796300 828101 492539 120758 867795 667131 1081627 178819 653639 801555 675274 171230 206605 957810 610766 635917 790962 458145 595079 158095 668025 65377 564201 744576 311064 654255 230511 999999999 520826 889133 832462 1027286 60336 389254 849352 947556 446285 731053 285688 286100 643644 354720 473285 565249 653233 535008 707410 631448 349198 45443 636926 326463 565253 57287 334552 735275 850623 972848 829891 940176 320777 122508 1092630 611190 543399 770668 330964 491456 444947 806461 409377 714988 338124
519300 441021 588709 510617 602098 446350 575535 425475 503897 506726 506491 223506 186487 489016 486023 352970 530201 380571 611855 205048 400146 166974 218401 374740 450475 344003 351935 498474 362885 446305 604780 496254 237161 597956 414160 590687 336911 411557 400886 359562 615804 345066 425384 351585 338187 588602 413761 506441 520494 133267 277633 222284 141932 471447 520826 999999999 408261 508339 547136 561445 411696 548852 541086 195328 378387 247302 413605 337044 166110 574579 390691 308151 527928 246924 605387 241373 564783 202728 297467 633341 540377 634733 267793 549356 452027 313122 427009 585562 484617 596963 176370 303085 413041 189937 261698 469590 342271 306577 201045 228423
