NAME : synthetic_000705
TYPE : CTSP-D
DIMENSION : 100
GROUPS : 8
RELAXATION_LEVEL : 1
EDGE_WEIGHT_TYPE : EXPLICIT
EDGE_WEIGHT_FORMAT : FULL_MATRIX
EDGE_WEIGHT_SECTION
999999999 698885 453148 703806 659923 891225 584963 1041359 539326 619688 805074 768658 159734 298208 167860 979017 902029 736085 931804 522580 111558 383239 854955 200944 315407 745791 675424 834605 653528 507387 298141 892207 861120 901230 601400 951042 157235 1185400 877170 713892 672089 782374 674132 964609 387937 288969 427362 524433 600189 1034980 137340 450009 459351 394529 687901 826462 550491 384960 623191 492357 825977 887096 817398 259424 650532 879266 1074007 908915 561420 437053 955748 93052 344632 574343 931577 782082 326373 1144580 845062 513445 606356 757934 689575 848333 938765 583801 166961 643083 618132 172587 963756 799506 752518 946010 741221 633382 561075 263902 675554 578872
698885 999999999 714710 36750 695760 194789 222880 560540 613970 131736 245425 180841 680587 420695 640511 580106 660986 78104 382285 229083 690092 712990 276873 511634 438044 166980 38885 485034 360432 194143 400790 196179 162612 218047 464436 265632 548404 595281 370408 644476 269366 783418 356783 565178 436925 513286 612114 302908 106534 500344 734542 281283 290856 307464 145072 258110 148894 314482 583365 412477 330177 402024 521894 443764 252271 405590 553473 581776 693592 265766 410953 629236 394561 143930 238747 261367 458765 542571 175663 670191 142582 895104 660122 666989 240444 366095 706705 66469 542864 762959 341970 101893 250367 486439 743183 708461 730444 713804 745291 698318
453148 714710 999999999 740522 234862 858084 742698 774729 158520 717584 669393 670317 596923 539660 586019 677771 536323 703031 1070119 674214 555649 73411 710775 499728 592350 654487 677087 550918 880121 594764 461225 857501 855623 838394 325357 972920 394035 970331 1036152 320966 520472 344103 462712 667412 286906 626832 102598 732628 613598 805814 589674 619588 431699 479225 791337 943836 611302 490683 259291 768390 638062 1059238 508637 487794 820635 1056830 826554 586397 126699 559962 754118 379876 367911 573730 939847 632090 295708 946198 890373 91454 573672 305848 285385 467695 907942 388254 611998 693417 282352 625695 819845 787648 896015 690515 309317 199592 111819 197249 234068 143462
703806 36750 740522 999999999 728608 200776 198692 593441 644129 110350 279609 215313 677088 418989 636884 615568 697733 111023 347913 214890 689160 736031 308781 512450 431752 202554 72674 521705 328609 196422 406766 202633 160026 232502 497823 250672 556230 620138 334267 679180 305556 817968 392722 600730 459595 504957 637977 281950 127311 531010 732630 273703 312531 317342 110333 222734 154623 322118 616476 391145 365515 365657 558638 446153 220378 369064 584359 618327 723558 267290 442329 637605 410839 166903 228064 297039 477513 566775 152608 698820 172743 927519 694126 703476 242182 399138 702903 60737 576199 759745 367224 110404 213707 520984 777373 740422 759879 731614 777894 728783
659923 695760 234862 728608 999999999 793072 791880 588564 126848 741027 571407 594499 786524 663593 767701 479782 313662 659167 1075884 731427 751421 305399 601412 654118 719318 585678 657024 377060 946415 636889 576320 791703 805823 759334 231923 925988 563701 799134 1055056 102218 444426 125113 362001 472415 361584 772342 232858 807262 612869 637534 791169 695490 464902 552922 806703 949222 636171 570491 112772 869840 513009 1083190 323964 620243 865611 1083738 647081 383648 108174 627808 605831 575112 460065 574878 888727 531788 406349 784764 863751 150767 556799 200203 63280 241474 839021 329666 805581 696478 153869 828929 697656 742781 919393 517354 81559 38806 132857 424006 50575 91581
891225 194789 858084 200776 793072 999999999 391663 488369 735355 309136 233592 198614 875179 615460 835064 545954 678124 161808 379349 415453 884853 868039 227431 706191 631467 208443 215853 496934 493446 388859 593231 3037 55526 57680 565796 143264 738600 455600 400569 721864 350072 858704 431267 533782 598901 705462 757260 477476 291518 408069 929329 473749 461110 497382 280823 293678 343204 506268 681829 584857 318029 434903 547482 637944 391481 443907 460222 579799 814165 460449 333178 818517 573884 321380 104002 270616 631388 400772 151006 799727 299944 992078 746086 704460 50528 477444 901234 257908 640770 957621 220632 92907 337433 441848 824307 813539 853695 885352 843641 815328
584963 222880 742698 198692 791880 391663 999999999 775669 685174 91434 459631 395728 522698 286864 483195 781841 831607 299427 351484 70167 544738 718744 496281 384050 277551 377591 234478 668918 160205 155072 315169 393947 342528 429599 577432 394722 459434 817850 303969 766034 435482 898844 511493 766282 458519 338274 645340 86331 214263 720591 583014 139196 327905 264287 118237 241518 162659 255552 686886 193418 536821 321904 694885 331138 78020 317667 773242 767857 759525 184419 630404 538739 376294 238876 387263 467494 449665 764832 287336 724547 276769 980802 771587 822618 425783 482847 546672 161822 650883 604450 564582 306863 169451 695417 854617 794204 789919 680927 837010 768943
1041359 560540 774729 593441 588564 488369 775669 999999999 616273 685602 316298 380744 1098756 862688 1063991 116912 311381 482726 867510 758471 1086430 823559 285201 919707 904759 398095 541823 224316 920922 676654 795148 485442 536753 430915 464711 622015 890645 217726 884400 486865 385548 580048 367229 119224 655029 982650 705009 844766 571794 90388 1134226 779678 603988 705517 703578 772239 638422 724742 517653 950266 243427 918817 267950 853583 812808 926651 64000 210512 669804 727090 156278 949507 704142 564208 585407 310450 715407 220307 633002 686189 519522 743930 525358 376240 505410 457966 1124609 614593 492462 1170732 272877 515883 796348 95480 568596 624837 707542 904344 628754 660189
539326 613970 158520 644129 126848 735355 685174 616273 999999999 642513 530512 540450 661341 539016 641656 519684 386869 588771 986980 621650 627408 214092 568305 527311 594674 527468 575169 392660 835796 530514 452220 734402 740195 709167 177062 859923 437373 813553 960890 178572 387442 251852 318502 509119 239796 646123 113922 693376 521863 649033 668217 580232 357667 436249 711944 859638 535664 452682 102110 750159 489680 987295 350187 494531 760913 986760 668547 429289 79766 513775 600791 452233 337848 482360 824503 491789 280728 790998 787348 71761 471650 295993 150604 322441 783851 257943 680950 605250 124198 706242 674130 673979 822631 532772 207424 113821 118387 319195 159639 85084
619688 131736 717584 110350 741027 309136 91434 685602 642513 999999999 369331 305121 578238 325702 538070 695412 754984 207993 353110 107854 594226 702377 405124 422290 330821 287614 143810 587372 239847 127176 330059 311182 263869 342845 518011 334295 480392 726997 319626 705756 356689 841697 437335 680002 430714 400784 616873 171958 136556 629390 635885 174134 288047 255121 75306 228558 107268 253479 632293 281420 448419 344943 616827 360315 136100 344247 682140 686070 719720 187053 539314 561854 362312 169186 319941 378914 434376 674194 226658 688823 199983 935173 714963 750932 347419 420326 603491 71011 594249 660929 473686 220522 180268 606825 798637 747229 752901 680325 788160 727440
805074 245425 669393 279609 571407 233592 459631 316298 530512 369331 999999999 64659 831148 578685 793357 338186 447526 168666 586584 446054 827748 692986 49887 650793 613479 82264 225533 265681 605195 371571 525392 231555 263363 190703 354201 375934 647969 388884 591569 493441 151100 628310 212964 323872 449813 692376 574374 530751 261422 264449 875295 474970 345731 427668 389901 476642 329588 444213 463414 637847 90291 625369 314427 581114 497298 631429 315720 354231 606222 430410 173894 719629 461519 261783 336700 39623 498504 343106 348527 599464 218239 767629 520304 471036 273820 281694 857697 298320 423422 909118 161124 219673 488748 241444 595811 595528 646757 735788 621612 604778
768658 180841 670317 215313 594499 198614 395728 380744 540450 305121 64659 999999999 784891 528817 746378 400964 499457 104668 530754 384630 784321 687204 102755 605608 560536 23269 161331 318439 540545 314678 481577 197211 217352 168844 368324 335332 611521 440922 532316 524114 153108 661697 232655 386356 430536 639299 571782 468218 202715 326015 831455 417354 311643 382546 325515 417246 271013 397623 483470 576002 151112 565793 362925 535489 432639 571349 378098 411047 618481 376972 235434 686135 429087 208586 296880 85226 473671 392279 294666 606724 167606 793470 547664 516819 244926 283824 811491 234135 442491 864245 197570 164628 425755 305701 626442 615375 658433 719372 645063 618860
159734 680587 596923 677088 786524 875179 522698 1098756 661341 578238 831148 784891 999999999 260462 40222 1050860 999172 732138 850836 471916 49087 530680 880293 180686 247607 761627 664976 907474 555030 487542 306580 876660 837076 895147 690639 911602 227500 1219510 791210 827749 715775 911199 736631 1035644 469804 186969 555146 447573 594807 1079642 62714 404644 495724 403485 636748 758994 534054 387414 733995 387281 868081 795791 899311 250035 575844 786328 1123464 990918 695105 416771 994656 217057 397720 578151 898145 814830 408291 1174206 803435 646693 617321 902702 808106 952633 919001 652156 26601 617788 721841 82731 982401 782314 680029 1003694 867989 763998 700152 417159 808163 712036
298208 420695 539660 418989 663593 615460 286864 862688 539016 325702 578685 528817 260462 999999999 220670 828976 810434 471872 635615 224904 270179 495498 626904 97604 55729 505658 404514 690372 372456 227153 87691 616871 578917 634686 505992 659763 182439 967467 583113 675166 477280 785948 514875 813246 303377 122710 460030 231996 334865 834569 313931 152796 264348 157382 391085 528303 273609 137946 582100 232765 624392 595577 693201 54329 354423 588778 881104 781974 597329 156334 747014 256566 206275 320510 643442 566174 258828 920434 552349 552817 361587 823377 666054 776828 660054 442152 286818 358969 558071 342481 725648 522553 455113 769401 740231 652414 616911 426680 698427 611314
167860 640511 586019 636884 767701 835064 483195 1063991 641656 538070 793357 746378 40222 220670 999999999 1018320 971585 692499 813483 431850 70530 522150 842357 144384 207537 723125 625146 875421 519572 447627 269976 836554 796866 855294 662459 871528 204569 1181967 754390 804852 680113 892708 703461 1003002 441908 149239 538124 408947 555297 1043331 100183 364432 460257 365775 596876 720212 494180 349254 710669 352303 831832 759719 868880 212602 537376 750485 1087654 960270 679266 377003 957839 208143 365673 539208 857962 777698 381306 1136300 763375 630960 578773 891025 786632 926837 878818 620298 66209 577618 696759 122950 943806 742210 641559 969125 848919 746681 686495 413300 791409 695911
979017 580106 677771 615568 479782 545954 781841 116912 519684 695412 338186 400964 1050860 828976 1018320 999999999 194474 505567 918780 754512 1033900 731412 322858 875535 875425 413130 554771 144473 934969 664884 754428 543243 588241 490790 384067 686457 834007 334588 928055 377572 359215 464238 315446 15904 591294 951213 616112 842776 569588 194069 1081170 764903 564943 672305 725165 813523 632029 692496 418538 943516 250072 962107 170757 812893 828551 968610 180699 96550 566858 706154 222385 886123 653140 554091 648084 318789 653409 335466 680507 587468 510789 628487 416546 260042 571606 399067 1075976 625628 398321 1118627 348021 555043 826667 104466 454610 517043 603160 820694 517659 555971
902029 660986 536323 697733 313662 678124 831607 311381 386869 754984 447526 499457 999172 810434 971585 194474 999999999 596678 1030006 789635 974071 599582 451933 836198 862684 503431 628141 181849 991226 692515 726819 675805 710884 628585 309328 821375 772845 528982 1028349 216120 398375 274333 320498 194068 529695 932061 496863 877103 619308 384139 1019190 781899 553580 663038 800689 913696 670492 683647 287371 966476 360142 1061062 139140 782515 891039 1065504 375147 108747 414177 716027 390338 809918 612331 592817 782091 415211 590883 528936 793929 445172 555843 438804 253812 73269 712745 370974 1022303 691158 284602 1057552 510300 663934 910802 273583 271626 352449 445218 704973 342850 400212
736085 78104 703031 111023 659167 161808 299427 482726 588771 207993 168666 104668 732138 471872 692499 505567 596678 999999999 435130 298697 737512 709344 198770 557667 495587 94274 70391 417653 438427 246226 439642 162039 152645 165234 427578 271367 581520 521026 431793 599109 218300 738189 306048 490897 437986 572868 601229 377077 137745 422343 783299 342924 299312 341624 221356 317025 199604 352560 546445 486389 255571 464756 458337 488074 330214 469677 475422 512531 668415 315618 332859 660445 412673 162172 237017 188079 469581 469098 206349 649876 138137 859370 618355 608197 212165 332748 758579 138682 505299 813641 268211 85268 321353 410102 700006 675545 706892 723680 709465 671285
931804 382285 1070119 347913 1075884 379349 351484 867510 986980 353110 586584 530754 850836 635615 813483 918780 1030006 435130 999999999 419950 880004 1055370 595931 731365 617808 526886 420338 849191 304181 478957 665967 382311 331563 436992 845608 259138 810866 817094 65429 1026761 649677 1165687 737666 905615 783457 664251 968879 408066 465211 787185 913234 490674 639008 604487 278794 127350 458818 599696 964045 468556 676787 83207 892537 682022 281352 96746 838954 940644 1065662 529210 711811 889817 714176 504620 289193 615625 786819 763259 238513 1037578 519096 1274137 1042039 1043326 370028 746796 872189 381730 923931 928857 599035 367078 182242 816083 1125265 1086519 1100505 1028393 1124863 1072022
522580 229083 674214 214890 731427 415453 70167 758471 621650 107854 446054 384630 471916 224904 431850 754512 789635 298697 419950 999999999 489874 649081 487264 322491 224315 364156 228888 634032 214994 98350 246022 417381 371457 445975 522844 439686 392134 819264 373829 710835 399749 841299 469396 738729 391488 292995 577727 88544 186800 710281 530437 72685 266549 195132 166545 305922 122553 185648 628761 191923 515984 392069 655313 265602 147710 387807 761774 732679 694747 114726 619638 472239 307043 201090 427069 448029 380313 767690 331525 658588 243739 917625 714191 775763 454898 431325 496886 162662 594093 554483 566857 325056 237715 673759 796562 732017 724181 610879 775502 704721
111558 690092 555649 689160 751421 884853 544738 1086430 627408 594226 827748 784321 49087 270179 70530 1033900 974071 737512 880004 489874 999999999 487994 877304 179903 267211 761072 671976 889836 588432 496001 302807 886188 849054 901848 667111 928499 201735 1214670 821700 796900 706426 875563 721589 1018905 446961 216946 518986 473562 599768 1071244 47899 420115 486912 401795 656099 783856 541923 387460 703871 421682 859877 827871 878813 249871 602080 818864 1113668 970620 657457 424455 987833 177302 382455 580145 913183 809309 384650 1170668 820638 609074 617414 861457 775696 925139 929951 634869 56643 629059 693920 84728 981794 791981 706104 991061 832979 727516 660691 372152 771090 674598
383239 712990 73411 736031 305399 868039 718744 823559 214092 702377 692986 687204 530680 495498 522150 731412 599582 709344 1055370 649081 487994 999999999 736906 445994 545958 669644 676613 599266 848629 576658 422660 867709 860885 853008 363733 975683 337547 1012573 1017658 386332 542105 417173 493894 720206 276436 573750 121227 700685 608782 848584 520328 589619 423590 454671 777252 930603 598331 463510 316103 727315 670414 1038948 560913 442084 796687 1035646 872714 642595 197580 534387 791312 314374 342855 569616 944330 657280 269495 985416 887879 156597 575274 374736 352447 532822 918401 411992 544568 685248 333109 555777 848063 792525 877774 736232 381572 271376 185228 124110 307171 214840
854955 276873 710775 308781 601412 227431 496281 285201 568305 405124 49887 102755 880293 626904 842357 322858 451933 198770 595931 487264 877304 736906 999999999 700066 660670 124319 262017 272113 637081 416628 574809 224958 266007 176656 391276 370473 697855 340640 606203 518636 196993 650454 249842 309719 498011 739546 617439 570329 305147 224320 924810 519634 395615 476825 418658 492231 373483 493119 496084 678437 94334 640411 325219 630287 528833 647360 277027 352392 642458 477271 134238 769421 511325 308453 331315 79804 547556 293944 357665 638243 265640 794879 547725 482677 260874 324922 906857 334465 457035 958502 112757 233704 511775 220872 620318 627465 683135 782875 651108 640035
200944 511634 499728 512450 654118 706191 384050 919707 527311 422290 650793 605608 180686 97604 144384 875535 836198 557667 731365 322491 179903 445994 700066 999999999 119745 582340 492494 733257 459550 317545 125899 707453 671842 722154 527034 755810 109814 1038944 677597 680358 535734 778881 560282 860124 309207 127759 433819 325013 419923 899148 226267 250246 315883 223330 488549 625564 362993 208090 585855 306530 687611 688691 728882 70180 450015 681343 943306 819828 575437 245921 813986 169313 225094 400428 738481 634155 252315 993896 648757 528360 438304 796721 665832 795144 751929 478758 207127 451942 567840 258655 803176 613432 551652 824914 733894 637557 589124 359616 683343 590961
315407 438044 592350 431752 719318 631467 277551 904759 594674 330821 613479 560536 247607 55729 207537 875425 862684 495587 617808 224315 267211 545958 660670 119745 999999999 537657 426347 738461 340094 249549 143317 633103 591343 655139 559742 663998 221976 1001107 562103 730401 520475 841663 562893 859620 359030 78897 514579 209754 361312 872852 306426 158105 312881 203496 389617 517413 296027 183084 637509 188306 664274 571689 743385 104556 337357 563899 920549 831337 652492 183564 784221 288684 261675 352270 650760 603698 314329 952808 555840 607706 395249 878294 721611 830458 673930 493111 272694 373565 613060 330215 755594 538976 440747 812434 795942 708019 671538 471103 754039 666602
745791 166980 654487 202554 585678 208443 377591 398095 527468 287614 82264 23269 761627 505658 723125 413130 503431 94274 526886 364156 761072 669644 124319 582340 537657 999999999 144028 323691 524713 292396 458339 207327 221605 183934 357402 341112 588693 463594 525645 518300 141719 656588 225101 398227 410451 616452 555207 448537 180845 346125 808197 395321 289337 359290 312049 410714 249181 374354 473944 555827 163226 558766 365653 512220 417194 563832 397758 418264 606018 354098 255483 663571 406815 185557 303327 94487 452477 415223 293194 592783 144358 785253 540519 517539 256409 269871 788227 216641 432802 840976 220839 163965 415033 320287 620326 605381 645709 699440 636249 606968
675424 38885 677087 72674 657024 215853 234478 541823 575169 143810 225533 161331 664976 404514 625146 554771 628141 70391 420338 228888 671976 676613 262017 492494 426347 144028 999999999 454193 380973 177702 377553 216795 191138 230184 425829 299902 522862 590390 406660 606563 233626 745399 320397 539575 401026 503239 574514 309063 75992 486321 717251 272738 255996 281577 173218 295406 131034 290501 544686 417936 306064 437758 489008 423516 273884 440827 538840 551803 654810 248235 396009 603014 362931 109785 270943 236582 425209 538832 213583 631671 104060 856296 621780 632005 264082 327376 691320 72808 504248 746861 338058 125294 282783 463998 704941 669599 691745 680446 706509 659478
834605 485034 550918 521705 377060 496934 668918 224316 392660 587372 265681 318439 907474 690372 875421 144473 181849 417653 849191 634032 889836 599266 272113 733257 738461 323691 454193 999999999 826480 540238 613574 494670 529043 448516 242915 640105 689677 424241 849332 279184 234369 395377 175585 130021 446831 812998 481031 722538 454665 261028 937023 636782 426064 534968 627411 734403 512020 555429 295720 818865 178993 882397 57350 671812 723134 887300 276107 98944 449524 574943 233909 741741 509862 433246 600808 233734 508937 407749 612493 463161 392513 552007 315361 211887 532823 255325 932436 520616 268569 974563 342239 482597 735400 141601 373161 410946 488353 682216 421718 441176
653528 360432 880121 328609 946415 493446 160205 920922 835796 239847 605195 540545 555030 372456 519572 934969 991226 438427 304181 214994 588432 848629 637081 459550 340094 524713 380973 826480 999999999 311216 428401 496195 438800 541279 736001 450792 554894 941787 240737 924432 594119 1055903 671404 919615 602506 371634 786652 147947 372444 859601 617744 260573 481543 403260 220606 246267 322828 389994 843466 167908 687005 241446 854034 425263 108258 231511 912967 925317 907855 323231 770876 627223 512655 398841 457071 617494 584415 887474 357237 870369 435626 1131772 928715 982822 515779 642372 574754 309368 808352 630294 691446 423352 169557 844933 1011295 946693 936146 795078 990349 918305
507387 194143 594764 196422 636889 388859 155072 676654 530514 127176 371571 314678 487542 227153 447627 664884 692515 246226 478957 98350 496001 576658 416628 317545 249549 292396 177702 540238 311216 999999999 210862 390187 354691 407709 425051 444951 361067 755384 441679 613322 306943 744823 372822 649015 308263 327355 495376 184621 112589 635150 540663 103541 172952 128347 202467 355502 46692 128684 532534 278983 433230 464485 559234 250162 230445 462254 685107 638433 605508 71631 545012 442658 235387 112464 424278 367647 307862 705913 341059 571664 157132 825926 617599 677591 434386 332992 513826 135696 497151 569633 507246 296009 301554 588784 700353 639170 636708 553273 681938 614565
298141 400790 461225 406766 576320 593231 315169 795148 452220 330059 525392 481577 306580 87691 269976 754428 726819 439642 665967 246022 302807 422660 574809 125899 143317 458339 377553 613574 428401 210862 999999999 594253 563153 604853 420490 655806 150606 913230 618967 587662 410444 698405 439038 738864 215713 205649 377019 281184 302747 773359 350121 176772 191235 99309 402507 550058 252705 87160 494471 307243 561857 635493 612978 58587 390170 630238 817781 702865 512264 143149 688087 232229 118737 279318 634822 508301 173206 868477 551422 468615 315035 738835 578364 691249 640635 361552 332999 346195 470833 383729 679004 501380 483737 700655 652670 565821 533345 368419 611784 525846
892207 196179 857501 202633 791703 3037 393947 485442 734402 311182 231555 197211 876660 616871 836554 543243 675805 162039 382311 417381 886188 867709 224958 707453 633103 207327 216795 494670 496195 390187 594253 999999999 58458 54698 564619 145625 739449 452619 403600 720239 348896 856996 429847 531097 598839 707201 756748 479715 292373 405079 930716 475438 461349 498267 283339 296710 344460 507260 680529 587178 315739 437933 545326 639139 394116 446940 457218 577342 813166 461759 330290 819303 574315 321979 106393 268708 631589 397791 154037 798893 300164 990641 744570 702347 50701 476513 902731 259538 639486 959082 217613 94346 340355 439113 822691 812282 852728 885448 842269 814266
861120 162612 855623 160026 805823 55526 342528 536753 740195 263869 263363 217352 837076 578917 796866 588241 710884 152645 331563 371457 849054 860885 266007 671842 591343 221605 191138 529043 438800 354691 563153 58458 999999999 110267 575567 120250 711016 510970 348647 739903 361500 878111 446585 575431 587712 663629 753730 428771 266615 458766 892638 433239 445289 470024 228918 239688 310651 477041 693525 534911 351785 383070 577077 604853 337973 391588 511449 615922 819681 426127 380690 791828 554033 300593 84446 297251 615352 456146 97335 802114 286321 1005785 761877 732676 83629 483023 862855 220023 652303 919746 272987 68372 281907 484984 841919 824031 858482 870491 856337 822028
901230 218047 838394 232502 759334 57680 429599 430915 709167 342845 190703 168844 895147 634686 855294 490790 628585 165234 436992 445975 901848 853008 176656 722154 655139 183934 230184 448516 541279 407709 604853 54698 110267 999999999 536074 195817 746339 402535 457887 683781 321726 819004 397782 478973 589679 731016 739104 514083 302509 350392 947310 499139 458397 506832 324269 349924 361116 517746 649549 622868 269778 492255 500730 652798 436923 501109 402589 528224 786971 478419 276075 824822 574150 326992 157295 229602 627018 347810 207385 775568 298694 956895 709851 658174 84317 452642 921477 284198 608876 977044 163186 122743 389915 386441 786221 781752 827029 878266 809768 787020
601400 464436 325357 497823 231923 565796 577432 464711 177062 518011 354201 368324 690639 505992 662459 384067 309328 427578 845608 522844 667111 363733 391276 527034 559742 357402 425829 242915 736001 425051 420490 564619 575567 536074 999999999 695817 465413 648846 827106 188617 215725 323737 141577 370842 220835 626137 242973 605118 385757 484966 712969 499277 262596 366876 580224 719457 416719 386904 119179 682066 313571 856151 217003 474889 647652 857388 510709 307906 252041 430944 429080 508419 304073 349341 659068 315204 282652 622222 631837 247547 327272 432010 197472 270845 613123 98975 714142 468665 78431 751188 497334 511617 693600 374424 281192 248466 292556 439716 282019 251123
951042 265632 972920 250672 925988 143264 394722 622015 859923 334295 375934 335332 911602 659763 871528 686457 821375 271367 259138 439686 928499 975683 370473 755810 663998 341112 299902 640105 450792 444951 655806 145625 120250 195817 695817 999999999 805928 558047 296073 859119 481598 996980 566213 674749 700731 730824 870698 478928 372152 537607 969872 508384 555831 567971 276872 212024 405005 572248 813739 576472 461257 328469 690257 691939 366176 339742 587763 722857 939489 514152 469518 887461 659849 409133 39297 412003 724370 504362 108204 921228 400485 1125895 881625 846962 116611 603056 936533 310297 772519 994158 349455 186103 281428 582042 961293 944281 978133 979436 976514 942017
157235 548404 394035 556230 563701 738600 459434 890645 437373 480392 647969 611521 227500 182439 204569 834007 772845 581520 810866 392134 201735 337547 697855 109814 221976 588693 522862 689677 554894 361067 150606 739449 711016 746339 465413 805928 999999999 1029459 761046 600732 516692 688791 524005 819179 245273 237076 336102 413087 447082 880728 248043 320351 302244 241322 552199 697852 401693 234243 506760 410189 670757 775213 677359 130484 531486 768947 920987 769186 477983 293699 800236 81633 188732 419394 784230 625432 182919 988053 701927 430015 450033 694984 582089 725279 786892 435548 249736 495885 494374 286063 806523 647769 628875 795166 644753 543723 488221 250382 588862 494240
1185400 595281 970331 620138 799134 455600 817850 217726 813553 726997 388884 440922 1219510 967467 1181967 334588 528982 521026 817094 819264 1214670 1012573 340640 1038944 1001107 463594 590390 424241 941787 755384 913230 452619 510970 402535 648846 558047 1029459 999999999 849130 698651 513475 797182 527504 336587 811150 1079949 891746 897794 643004 164536 1262399 857493 728874 816192 722171 747702 711007 832997 719301 1007256 360253 882792 475240 969521 835608 893023 154584 427533 873513 817596 230278 1096866 840900 648839 529017 405380 867023 54829 605689 884917 606271 960648 736402 593754 450086 618321 1246020 659408 689616 1296784 253312 518517 792336 282655 784213 834157 912539 1081084 841434 865398
877170 370408 1036152 334267 1055056 400569 303969 884400 960890 319626 591569 532316 791210 583113 754390 928055 1028349 431793 65429 373829 821700 1017658 606203 677597 562103 525645 406660 849332 240737 441679 618967 403600 348647 457887 827106 296073 761046 849130 999999999 1011430 639761 1149638 726983 914293 749310 605219 936007 352758 442192 807411 853777 442394 607672 563855 249017 115070 426864 557333 944323 406734 681704 34434 889734 631220 229569 43918 860073 943300 1038660 486198 728125 838845 675025 480393 320740 617520 748241 794693 251599 1008377 499962 1251546 1024457 1037097 399086 728156 812049 358674 904934 868364 621073 373012 140149 827061 1108081 1063524 1072282 984648 1103241 1045942
713892 644476 320966 679180 102218 721864 766034 486865 178572 705756 493441 524114 827749 675166 804852 377572 216120 599109 1026761 710835 796900 386332 518636 680358 730401 518300 606563 279184 924432 613322 587662 720239 739903 683781 188617 859119 600732 698651 1011430 999999999 380855 139168 293721 370305 373629 790779 292273 792049 572127 538132 839440 684289 447769 547289 766281 901836 605250 566543 94523 865125 427086 1041211 224374 637435 836148 1042950 545945 281437 198066 615794 511118 624633 468930 536700 820904 454226 428043 685885 805432 230397 511899 277051 39113 146758 765666 285439 848794 654148 118772 877739 609067 680057 879806 417847 102484 139899 230061 497100 142939 184347
672089 269366 520472 305556 444426 350072 435482 385548 387442 356689 151100 153108 715775 477280 680113 359215 398375 218300 649677 399749 706426 542105 196993 535734 520475 141719 233626 234369 594119 306943 410444 348896 361500 321726 215725 481598 516692 513475 639761 380855 999999999 519902 88080 343312 302714 597834 424054 488280 221676 364889 754324 405818 220064 320008 403891 527170 277651 339362 332402 585922 154076 671200 260170 468667 492782 674426 407698 333180 465373 347231 283662 583409 327960 198877 444310 117470 355238 474204 424648 454251 158713 644298 400937 398527 397526 132275 741912 293184 291220 789950 309648 299661 515644 292170 482015 463682 505345 585958 494972 465823
782374 783418 344103 817968 125113 858704 898844 580048 251852 841697 628310 661697 911199 785948 892708 464238 274333 738189 1165687 841299 875563 417173 650454 778881 841663 656588 745399 395377 1055903 744823 698405 856996 878111 819004 323737 996980 688791 797182 1149638 139168 519902 999999999 432529 460833 482854 896248 356584 920116 709242 643450 914737 809996 575585 669351 903648 1040531 739570 687663 212608 987468 557256 1179140 338070 743705 970433 1180643 642601 369669 222365 741736 629064 698860 581057 673071 958575 589524 530013 791311 944529 269419 649768 164572 127257 204321 901623 422141 929999 791772 248055 952323 734950 818842 1017108 524997 45801 149100 233038 539444 110035 204729
674132 356783 462712 392722 362001 431267 511493 367229 318502 437335 212964 232655 736631 514875 703461 315446 320498 306048 737666 469396 721589 493894 249842 560282 562893 225101 320397 175585 671404 372822 439038 429847 446585 397782 141577 566213 524005 527504 726983 293721 88080 432529 999999999 299944 288675 637464 372954 557175 300860 367794 769194 465488 250533 359407 488595 614810 350015 379890 251775 649215 176522 758152 186625 497470 572894 761102 402165 269819 393397 401831 300153 582375 339357 272617 528345 173764 348364 495364 512349 388439 237356 560817 315435 313873 477020 91847 762020 376833 211217 806194 357243 386345 601144 271891 395432 383998 433988 553993 412539 391815
964609 565178 667412 600730 472415 533782 766282 119224 509119 680002 323872 386356 1035644 813246 1003002 15904 194068 490897 905615 738729 1018905 720206 309719 860124 859620 398227 539575 130021 919615 649015 738864 531097 575431 478973 370842 674749 819179 336587 914293 370305 343312 460833 299944 999999999 576788 935456 604305 827012 553901 190993 1066215 749005 549263 656532 710216 799664 616235 676710 408373 927668 235332 948300 159294 797345 813297 954706 182076 91331 557774 690253 213103 871758 637933 538264 636244 303817 638829 334868 667237 577407 494999 624717 409136 257167 560272 384038 1060799 610302 387115 1103629 338543 541313 812107 93636 449708 509354 594486 808288 511246 547218
387937 436925 286906 459595 361584 598901 458519 655029 239796 430714 449813 430536 469804 303377 441908 591294 529695 437986 783457 391488 446961 276436 498011 309207 359030 410451 401026 446831 602506 308263 215713 598839 587712 589679 220835 700731 245273 811150 749310 373629 302714 482854 288675 576788 999999999 417187 187166 457407 332357 654828 493274 343586 147214 199481 504668 657479 324712 214468 279696 510402 451630 772683 432273 263828 536092 770517 690734 524100 306703 279312 581105 295289 98484 293295 670359 419527 62489 774767 611521 267883 301392 532866 362853 486176 649428 197156 493363 409299 258992 531334 610656 519407 609191 560029 437089 353541 333684 289015 399140 318389
288969 513286 626832 504957 772342 705462 338274 982650 646123 400784 692376 639299 186969 122710 149239 951213 932061 572868 664251 292995 216946 573750 739546 127759 78897 616452 503239 812998 371634 327355 205649 707201 663629 731016 626137 730824 237076 1079949 605219 790779 597834 896248 637464 935456 417187 999999999 557651 260923 439524 951565 249077 232025 386937 278980 454352 572377 373587 258980 696868 205795 742680 610958 815816 153362 388986 601919 999092 904678 698411 262360 863033 286423 323242 431125 719757 682452 366247 1031549 622691 652022 474146 921594 779373 896869 746738 564639 209574 447996 675045 267155 834055 613436 493153 889966 850811 758081 713933 485190 804075 713448
427362 612114 102598 637977 232858 757260 645340 705009 113922 616873 574374 571782 555146 460030 538124 616112 496863 601229 968879 577727 518986 121227 617439 433819 514579 555207 574514 481031 786652 495376 377019 756748 753730 739104 242973 870698 336102 891746 936007 292273 424054 356584 372954 604305 187166 557651 999999999 640064 511122 727938 558351 526337 329983 383739 690201 842341 510199 396705 209493 683206 549461 959690 445362 410943 723046 957621 752988 529978 141994 464376 670087 342346 274418 471226 837861 538036 205310 864246 787776 94541 471168 364249 264279 434674 807296 292739 573557 591236 219154 596078 728068 685652 795957 616526 314357 208853 156977 208358 253294 158139
524433 302908 732628 281950 807262 477476 86331 844766 693376 171958 530751 468218 447573 231996 408947 842776 877103 377077 408066 88544 473562 700685 570329 325013 209754 448537 309063 722538 147947 184621 281184 479715 428771 514083 605118 478928 413087 897794 352758 792049 488280 920116 557175 827012 457407 260923 640064 999999999 274057 794230 509129 113882 344717 257967 203781 311462 211024 243517 707586 109571 602953 363855 743350 282616 128534 356845 846213 821151 763775 179700 703647 488561 365712 289628 472837 534537 436954 845351 372263 725151 332101 988928 793464 861704 512083 515905 470495 238443 674315 528064 644572 391407 232659 761080 874963 805447 790973 648952 849785 774807
600189 106534 613598 127311 612869 291518 214263 571794 521863 136556 261422 202715 594807 334865 555297 569588 619308 137745 465211 186800 599768 608782 305147 419923 361312 180845 75992 454665 372444 112589 302747 292373 266615 302509 385757 372152 447082 643004 442192 572127 221676 709242 300860 553901 332357 439524 511122 274057 999999999 525806 645594 214659 185451 205917 194468 337913 68336 215588 502262 378475 329186 470638 481683 350371 272074 471670 576623 553601 600759 179091 435308 527097 288188 39998 344949 261353 352325 593362 279258 574137 63552 809823 583223 614378 340015 287101 621293 83734 463155 676117 394706 201278 307871 487076 666948 621919 636175 607292 661166 606870
1034980 500344 805814 531010 637534 408069 720591 90388 649033 629390 264449 326015 1079642 834569 1043331 194069 384139 422343 787185 710281 1071244 848584 224320 899148 872852 346125 486321 261028 859601 635150 773359 405079 458766 350392 484966 537607 880728 164536 807411 538132 364889 643450 367794 190993 654828 951565 727938 794230 525806 999999999 1119138 738681 584481 679306 639843 697057 593870 697455 555196 901901 211566 841836 313816 831001 751386 850259 53578 277229 709543 691308 90643 944862 692144 523998 501919 269207 712554 148163 555903 720426 479615 805157 575264 443059 421160 459448 1105913 558781 525137 1154606 188536 444795 726700 120285 627180 671866 748774 919461 681067 701734
137340 734542 589674 732630 791169 929329 583014 1134226 668217 635885 875295 831455 62714 313931 100183 1081170 1019190 783299 913234 530437 47899 520328 924810 226267 306426 808197 717251 937023 617744 540663 350121 930716 892638 947310 712969 969872 248043 1262399 853777 839440 754324 914737 769194 1066215 493274 249077 558351 509129 645594 1119138 999999999 461827 534787 448913 696042 820385 586828 434245 746916 449990 907762 858482 925399 296419 637547 849035 1161563 1017224 695188 469286 1035676 216097 430178 626694 955457 857056 430855 1218271 861817 646936 664370 894894 817314 969292 973968 682204 46958 672810 738068 38411 1028977 836424 741733 1038843 872698 766172 696585 401181 809160 712492
450009 281283 619588 273703 695490 473749 139196 779678 580232 174134 474970 417354 404644 152796 364432 764903 781899 342924 490674 72685 420115 589619 519634 250246 158105 395321 272738 636782 260573 103541 176772 475438 433239 499139 499277 508384 320351 857493 442394 684289 405818 809996 465488 749005 343586 232025 526337 113882 214659 738681 461827 999999999 236803 144249 238307 378350 146491 129674 597861 184666 536308 458729 651930 193012 213399 453562 788640 734056 650078 68495 648510 400035 252123 215593 493677 471098 323901 807470 400563 611281 260305 875506 683900 761443 515861 414435 430139 216030 565889 487374 607894 381511 308564 691106 764608 692696 677104 544415 737296 661256
459351 290856 431699 312531 464902 461110 327905 603988 357667 288047 345731 311643 495724 264348 460257 564943 553580 299312 639008 266549 486912 423590 395615 315883 312881 289337 255996 426064 481543 172952 191235 461349 445289 458397 262596 555831 302244 728874 607672 447769 220064 575585 250533 549263 147214 386937 329983 344717 185451 584481 534787 236803 999999999 110004 360520 512365 180857 130665 362988 419594 373008 632570 430833 249766 403261 631302 627762 518456 433266 168387 501047 374849 117480 146927 526683 323830 170397 686408 464709 400979 161196 652973 448787 527695 511397 182617 521849 262282 329693 570126 504746 377444 468082 509425 530585 466321 465425 425254 509341 441936
394529 307464 479225 317342 552922 497382 264287 705517 436249 255121 427668 382546 403485 157382 365775 672305 663038 341624 604487 195132 401795 454671 476825 223330 203496 359290 281577 534968 403260 128347 99309 498267 470024 506832 366876 567971 241322 816192 563855 547289 320008 669351 359407 656532 199481 278980 383739 257967 205917 679306 448913 144249 110004 999999999 330237 482637 163143 20664 458325 318308 468387 584433 540809 153463 342300 580995 725034 628144 505838 80761 592767 321828 112008 180413 544608 412241 185389 770723 466495 467328 215750 731306 544294 635172 545574 292142 430040 257935 428517 481948 580065 406451 424532 612066 623736 549034 533141 425260 593878 517017
687901 145072 791337 110333 806703 280823 118237 703578 711944 75306 389901 325515 636748 391085 596876 725165 800689 221356 278794 166545 656099 777252 418658 488549 389617 312049 173218 627411 220606 202467 402507 283339 228918 324269 580224 276872 552199 722171 249017 766281 403891 903648 488595 710216 504668 454352 690201 203781 194468 639843 696042 238307 360520 330237 999999999 153395 180039 328024 696533 306982 475248 276489 661628 429331 113443 277240 693314 724952 789883 260256 551764 633371 437597 231826 269109 406399 509562 668086 169179 760294 254715 1002673 777692 802072 311034 481524 661280 112397 657577 719023 471038 203818 113530 631216 861416 814636 823850 755490 854619 797011
826462 258110 943836 222734 949222 293678 241518 772239 859638 228558 476642 417246 758994 528303 720212 813523 913696 317025 127350 305922 783856 930603 492231 625564 517413 410714 295406 734403 246267 355502 550058 296710 239688 349924 719457 212024 697852 747702 115070 901836 527170 1040531 614810 799664 657479 572377 842341 311462 337913 697057 820385 378350 512365 482637 153395 999999999 332797 479325 837613 391787 566727 148727 775233 571346 183885 155150 750093 828239 938313 409995 616023 778148 590827 377280 227220 502452 662925 692940 142677 910347 392474 1147173 916278 923493 299571 620539 781951 254388 797678 839494 512560 258644 81192 712968 999673 959457 973192 907753 998047 944684
