NAME : synthetic_000912
TYPE : CTSP-D
DIMENSION : 100
GROUPS : 8
RELAXATION_LEVEL : 1
EDGE_WEIGHT_TYPE : EXPLICIT
EDGE_WEIGHT_FORMAT : FULL_MATRIX
EDGE_WEIGHT_SECTION
999999999 336694 806318 283351 263268 674031 493667 541080 552152 402479 105584 677057 935425 422798 457422 842580 613694 519268 116292 265435 62074 807449 201136 614349 135977 240405 353155 615776 470003 156460 353433 102005 524752 773306 349455 556055 57792 420353 682669 597368 788919 714327 350707 228998 351379 665608 657550 963116 434374 803973 731142 619078 881637 463271 485151 420696 356378 327528 317470 666727 650662 593003 243960 209981 820219 643236 583352 729199 476333 62483 955896 343413 611256 459512 633436 349729 106200 458420 575060 653601 202314 611958 608823 933093 713916 847863 206080 486407 573387 771425 855588 791335 542539 308400 263137 798240 198639 199999 642645 616486
336694 999999999 736484 206419 471778 692155 228752 420725 243637 181840 240895 351609 648277 119327 275259 549914 351891 517660 445032 598599 396030 507189 305664 325301 380411 509612 237537 279271 308613 446821 413524 265918 188120 495357 212807 604592 387753 162455 349677 434516 762715 752561 103945 468109 607382 329855 586753 662665 98953 802584 632288 282872 588826 285272 314085 143347 167303 193879 313557 731534 313993 674238 218424 139420 673370 658990 284349 769529 498766 278198 717661 230769 552933 444684 581512 432910 413480 202114 374026 474857 452757 275298 608254 681596 377360 793369 527905 280239 657365 493231 763670 682733 401447 503040 577044 707645 155562 531860 308710 662946
806318 736484 999999999 915506 616896 210712 553314 315951 626406 917341 807218 698615 613239 649908 464376 600126 500623 292171 813388 897854 849564 619028 947041 991698 937802 705600 966127 777562 429190 740456 458395 839189 756336 534178 943330 307063 802211 586939 881289 322268 101339 244801 632541 661901 687770 841561 153680 679838 761771 164168 112369 770678 613696 454276 426450 612437 902470 556605 494944 302902 798787 344270 595720 791759 184767 219028 596764 250024 339688 765365 459798 521223 196748 346811 172957 470340 908718 925219 400019 312899 681127 783766 219701 490929 844415 62371 819306 470147 353441 534707 66110 96534 338188 587439 813041 51884 802810 947229 747698 278041
283351 206419 915506 999999999 514785 839339 435063 605061 442807 135694 184891 532243 846604 325252 468872 747579 558126 665655 397524 535624 322013 702370 134799 351227 246426 516489 71186 433715 498632 435681 527047 181421 349792 698123 66679 736067 340731 366445 465626 630459 928183 893301 298347 492600 626656 461547 762375 855124 260866 960015 817444 440241 785845 478411 507101 349224 91370 359006 443064 860369 462271 793897 333361 128948 870704 806069 485678 909834 635864 254043 923830 394333 723327 593412 750785 537567 307264 195775 575844 674996 469059 426927 759913 886953 514405 968765 487633 479939 775163 695970 949449 871504 590782 556234 545805 892088 123184 433096 475187 797551
263268 471778 616896 514785 999999999 447300 515226 431933 602717 605369 333711 736669 914899 499763 426149 836401 603657 328060 213105 282089 276281 814381 461257 793654 393199 90950 585598 717163 417407 133818 179274 349700 635422 756470 574866 326498 227669 462561 807970 506649 575723 475176 422708 46167 141301 780428 486552 958478 564486 577129 568841 717165 872392 426336 434219 477456 564645 339213 231499 419796 752947 344490 264190 401386 681711 420805 617180 488298 279436 264568 880916 325801 439656 296179 453588 156532 337554 650947 520522 563756 70572 716492 400045 872962 819276 645958 202459 462591 325239 755074 675748 628648 449055 45234 201695 622770 399229 338613 727325 381130
674031 692155 210712 839339 447300 999999999 564053 318302 654257 871832 699270 756908 757070 634681 453116 720481 558275 175152 656881 719020 706958 726390 842144 989296 809833 529744 899654 808168 417734 579158 323599 727768 763950 643332 879871 120953 657587 570796 914940 369907 135164 66971 593095 493466 493914 876756 183818 819864 743338 130669 238765 803106 742922 444327 423367 596876 847185 498494 396302 97915 836134 134685 505985 710513 362542 33380 637090 83003 204562 645183 634157 461442 177592 248438 155358 324337 768548 893093 442259 393703 516510 812495 85128 654137 892107 214605 646592 474207 146093 643193 276802 275103 350688 410618 631112 243701 718066 785781 789750 71641
493667 228752 553314 435063 515226 564053 999999999 250097 96210 388832 424577 225010 442420 112529 115030 348920 126237 406560 577704 725287 555533 315181 523466 438673 576707 584059 462783 245378 147675 548885 380078 456462 204370 281454 437447 509367 529926 75405 351830 232219 601023 630235 150121 532029 655515 314538 417506 469879 216012 651818 442304 241077 387971 122215 140695 86302 388221 181303 289039 628477 275650 589496 269541 346840 459360 533680 101965 646782 409304 431448 490600 189426 396503 345119 424600 407569 590903 382905 158669 259585 527919 249124 479979 457249 336498 614277 643034 89872 576986 279482 568132 484191 220741 529064 678352 516066 363042 692404 234299 556913
541080 420725 315951 605061 431933 318302 250097 999999999 336875 601393 517910 439874 503699 336570 149407 441885 244865 183188 580843 700869 594387 435179 650910 685879 661463 520293 652442 491255 113593 522581 253850 551426 453850 359774 629147 286210 552886 272668 597965 77889 352436 385195 316824 467224 551732 559394 169885 556922 448587 401804 212662 485860 472335 139407 112922 298600 587177 247641 227997 392467 518357 367557 304706 485587 280036 289899 318814 401288 207506 489479 449078 215360 146483 152003 174502 279790 647253 610167 128909 132523 476365 495966 236898 443578 573809 373912 615422 161188 359348 358997 344660 266739 32922 423651 629969 287747 498131 714005 471511 322495
552152 243637 626406 442807 602717 654257 96210 336875 999999999 368020 470744 134034 404930 131181 210692 306352 140558 500831 645777 796835 614127 263786 549299 371354 618541 666864 455923 154484 241810 624974 474765 500006 138590 256147 430534 604237 594213 141642 261109 305005 682231 720877 202076 616171 743788 222559 499279 419765 190126 735844 514110 148986 345207 217299 232917 133256 378986 263905 381131 721880 182007 684728 347326 379057 511818 624685 44543 737222 505089 489797 490741 278757 482824 440816 510184 501938 642525 347582 226593 318701 609770 159538 571082 449129 240966 688382 717023 182265 672521 253977 633937 549654 305533 619322 756270 585297 395587 752138 138391 650434
402479 181840 917341 135694 605369 871832 388832 601393 368020 999999999 297641 431778 758711 277468 454051 660129 499961 696845 518718 663063 448391 612127 270123 216523 381650 622098 101819 321211 488462 546100 580780 303853 248884 621718 81423 780057 460175 334786 336895 609999 944539 931069 285379 590697 729226 337771 768314 758895 178542 983953 811899 328906 696749 464151 492665 311342 46699 373578 485024 906867 345184 846375 380448 205244 845813 838549 412562 947988 675133 361221 858754 410750 734771 623603 763351 596829 439984 60084 544090 645848 569943 313396 788494 816655 390728 974704 608534 454694 828756 619538 942680 860808 580766 642955 664932 887251 210534 566218 367219 839598
105584 240895 807218 184891 333711 699270 424577 517910 470744 297641 999999999 589471 865929 339580 410481 770298 549278 532702 221749 370235 158555 731889 142890 508774 152739 331623 256002 519435 430150 251470 376455 33848 428204 705943 249182 587170 162875 349257 581158 563419 803062 746804 275296 308724 441782 565967 654438 888338 335841 826093 721273 523389 809563 417974 443352 344422 251905 280051 312967 706298 553585 635711 213989 106550 797103 666870 505862 762652 495375 69674 904490 305423 610508 465308 635474 380704 173068 353015 528491 616544 284611 515021 626221 876813 615448 854338 311152 434210 616361 703952 850491 779762 513008 376670 367292 792471 93852 291576 549548 648966
677057 351609 698615 532243 736669 756908 225010 439874 134034 431778 589471 999999999 331427 254923 334056 235677 201024 615237 774923 927071 738582 185665 651423 361878 732020 800676 529947 121396 360712 757287 604887 616509 184032 222182 505820 719701 721819 275408 197170 390757 766984 823871 331189 750142 877676 159555 588822 327137 271859 825001 587521 112264 269363 338986 348853 264866 454941 397939 513584 831918 119933 801115 480783 490989 557191 729464 126599 839604 625082 615246 464454 412105 580555 560856 605982 632491 762499 394660 315017 386201 743477 130309 676718 414185 147568 760906 848424 301142 790318 220230 694536 612306 407046 752718 888933 652520 507170 876391 72316 761315
935425 648277 613239 846604 914899 757070 442420 503699 404930 758711 865929 331427 999999999 532087 494619 99091 322851 678367 1013734 1155985 997063 146719 953748 685256 1017114 996026 853647 451901 498048 975697 746604 897125 510025 162693 828753 772813 969132 517174 503899 426389 708074 817714 590637 942046 1045887 474098 573970 67379 588142 772707 526810 442902 62154 492380 481141 521818 777139 613175 685528 851173 442764 849446 702295 781129 430209 740565 364157 829672 709757 873436 193962 608063 592456 655593 606734 774466 1033321 725103 394926 379418 944056 460768 698108 140905 438596 667299 1071392 459885 845902 164470 578297 516923 477553 915661 1099363 561389 797655 1133081 402449 791223
422798 119327 649908 325252 499763 634681 112529 336570 131181 277468 339580 254923 532087 999999999 187377 434510 232900 466009 520167 672690 484575 393808 422296 354619 487634 555012 350396 217477 223625 505637 398528 368864 141243 376975 325022 562952 466900 64445 312742 334881 688055 698776 78615 506959 640667 282221 506413 550156 112043 734099 541271 217409 473670 197267 223979 38198 275693 167503 297439 687646 253198 639173 236184 249186 568560 602564 168228 715687 457708 360722 598578 195307 478780 396724 507545 422986 511569 276367 266758 368515 497254 217133 549552 562269 319516 709370 595112 180500 624319 374866 670235 587214 311836 522558 637721 616208 265728 622565 230168 616626
457422 275259 464376 468872 426149 453116 115030 149407 210692 454051 410481 334056 494619 187377 999999999 411452 177536 292029 523143 661980 516763 388234 531486 539130 561608 503277 510801 359867 36337 481308 274544 444226 310846 333220 486732 394442 483031 123286 465939 161600 500740 518645 172621 449594 562981 429110 319112 534041 299306 547649 357857 355830 448336 10112 38831 149300 442543 131299 194655 514380 390606 474472 214505 357847 401855 421979 207519 535360 294403 398512 498514 115775 291881 230156 320580 302769 561448 460972 118396 208956 450097 363265 368367 476527 451445 523041 577060 36543 461976 331667 488749 407485 126732 433625 604992 433203 372174 648268 349059 442788
842580 549914 600126 747579 836401 720481 348920 441885 306352 660129 770298 235677 99091 434510 411452 999999999 235065 622674 924419 1069076 904453 50261 855526 594289 920822 914728 754690 356961 419395 889817 673662 801082 411684 82303 729763 721797 878177 422749 417063 367571 688542 784102 495281 861018 970624 384726 536945 122743 489065 752363 502548 347861 39267 410428 402758 425876 678133 524035 605274 810796 350701 801033 613459 683694 425404 700478 266306 797375 649351 780327 245551 521947 548198 591456 566169 701926 938987 627509 322603 329246 861335 365870 654151 190980 353989 658350 985208 375591 795497 83261 575008 504169 412781 840385 1015721 548701 700234 1041219 307610 746843
613694 351891 500623 558126 603657 558275 126237 244865 140558 499961 549278 201024 322851 232900 177536 235065 999999999 425964 690986 834381 675066 210806 649616 510233 701776 680361 581086 280017 190259 654837 447179 581558 279137 160171 555586 530081 646361 201212 381407 189997 566233 625128 276064 626821 739931 341637 387865 357805 321791 623988 388710 272492 272811 177542 174570 211865 505044 290357 372159 636788 298746 611650 379578 473071 373519 531885 101179 640590 442679 552067 365772 286903 381090 380143 405872 475604 713268 484901 116495 187852 626549 286968 479912 331123 344315 562994 750302 141217 602541 158382 501669 417996 212054 610177 780712 456281 489279 810552 247238 567235
519268 517660 292171 665655 328060 175152 406560 183188 500831 696845 532702 615237 678367 466009 292029 622674 425964 999999999 521228 610141 559449 617965 675297 819974 653215 418308 725062 651824 259105 448563 167139 562731 599845 541030 705034 104518 511447 403234 757968 255104 270929 235081 419847 372026 417373 721041 159788 734764 572424 295068 242881 647635 651509 284377 268291 428868 672039 323815 223539 222674 682103 186085 332705 537101 362624 141799 490413 252068 48642 483474 596260 286903 114401 73291 125586 178193 619490 719085 311390 298999 390031 655290 94433 601573 741663 329116 529570 318598 176593 540375 348524 301667 215050 303246 527894 294785 545278 655092 638894 151168
116292 445032 813388 397524 213105 656881 577704 580843 645777 518718 221749 774923 1013734 520167 523143 924419 690986 521228 999999999 153717 82815 892794 300680 730490 202592 154894 466243 722134 528728 79408 355882 216495 631832 851055 464020 535989 59026 508077 793757 645967 781655 687699 444107 168441 259301 774885 672532 1046513 543767 787369 751461 724817 962939 527267 545067 512586 472543 400653 353231 632900 757542 557595 311440 324604 852742 628843 673054 701075 474157 167354 1015763 407519 625132 473057 643567 343164 134587 574699 636513 703790 142538 718887 602688 998140 821895 848015 90166 555776 538337 849302 868283 812187 588561 255751 148511 812722 314081 134889 745856 592603
265435 598599 897854 535624 282089 719020 725287 700869 796835 663063 370235 927071 1155985 672690 661980 1069076 834381 610141 153717 999999999 214672 1039447 421998 877512 307443 192273 600986 875844 663263 181116 456274 359363 785543 993701 602172 600320 211094 657657 946899 771254 851245 737081 595909 239081 242400 928443 768493 1191639 697235 845887 850549 878502 1107148 665030 680023 663589 616435 545543 479299 675247 911258 601660 456236 475416 961265 695313 822535 748062 561510 320555 1145311 547935 721475 575326 735677 436544 235326 720649 770939 829273 225359 872604 679481 1131629 975588 924296 85767 696174 583997 992032 957461 910532 713127 310869 89229 904798 463871 130688 899266 649429
62074 396030 849564 322013 276281 706958 555533 594387 614127 448391 158555 738582 997063 484575 516763 904453 675066 559449 82815 214672 999999999 869477 218506 663071 121544 232657 388984 675301 527928 150136 392337 144807 584130 834829 388685 587150 49601 482364 739545 653267 826447 743079 412767 235519 340239 723690 703265 1025093 492847 837544 778945 678829 943486 522291 543390 482764 401764 387739 368012 691866 709932 617060 302476 265068 872147 677253 645426 757293 514573 124557 1014879 401952 656400 503718 677297 384879 61943 506079 633858 710037 208203 671260 646197 993002 772618 888539 169237 546483 597525 832960 901014 839468 597594 321063 228728 844179 252256 138021 703154 646141
807449 507189 619028 702370 814381 726390 315181 435179 263786 612127 731889 185665 146719 393808 388234 50261 210806 617965 892794 1039447 869477 999999999 812782 544075 881300 890217 707558 306845 400111 861457 656657 762057 363359 85068 682771 719293 845002 387126 367520 364351 703618 791253 457976 836880 950692 334759 544248 156462 442771 766614 517069 297758 84637 388344 383947 388039 631227 493946 582889 814045 300466 799648 583211 642662 450235 704563 226071 805163 641357 745017 291787 494881 551231 581392 571145 685062 901989 578459 310481 332706 835788 315750 656356 238093 305113 678720 956373 351798 792938 84735 598636 524272 404472 820848 989031 568315 659202 1006853 257459 748153
201136 305664 947041 134799 461257 842144 523466 650910 549299 270123 142890 651423 953748 422296 531486 855526 649616 675297 300680 421998 218506 812782 999999999 484095 117873 440797 186343 560554 555539 356402 519157 115764 473163 799141 194477 729623 251421 449426 598962 689966 945355 889294 375230 429498 551433 593021 793734 967983 380557 968945 858088 566449 894471 539964 567116 437917 226148 405911 454390 847754 590864 776393 351462 177059 927552 809759 589619 905058 638257 202297 1013097 435750 750612 607271 776115 522655 186924 330108 646754 740311 403121 554323 768967 980711 645563 995338 387501 550264 756939 797043 988419 915640 642882 505864 447065 930386 161299 308545 599254 791360
614349 325301 991698 351227 793654 989296 438673 685879 371354 216523 508774 361878 685256 354619 539130 594289 510233 819974 730490 877512 663071 544075 484095 999999999 597647 822258 301934 242838 575394 750901 735275 518264 235708 582659 289875 914895 671536 418595 186620 669701 1038257 1053334 405215 785539 925374 211498 855084 666799 248585 1086683 880203 251897 624574 548616 573241 392453 263003 506055 633703 1040622 243644 988980 543592 408210 883085 957175 409171 1070256 808931 567981 826008 540043 830772 749607 859369 756166 656476 157280 593117 689180 767408 234200 904167 776061 253588 1052864 819515 525022 973179 580628 1003494 919183 658227 826882 874421 953138 417079 782720 289979 970012
135977 380411 937802 246426 393199 809833 576707 661463 618541 381650 152739 732020 1017114 487634 561608 920822 701776 653215 202592 307443 121544 881300 117873 597647 999999999 354192 303553 651861 579570 271259 488369 120248 561713 857823 309822 692025 166549 501313 700733 711503 923536 850277 426923 354628 461480 691006 787371 1037720 467876 939629 858584 656844 960081 568768 593380 495297 335946 430514 444628 802245 684250 728251 357280 241078 941494 778897 655311 865114 611148 173285 1056990 453353 741736 591353 764866 485497 73184 441654 679903 765792 327274 646460 743696 1029549 742575 980955 282483 586333 708638 855814 985153 918200 659261 438378 341582 927449 224851 190719 686467 752457
240405 509612 705600 516489 90950 529744 584059 520293 666864 622098 331623 800676 996026 555012 503277 914728 680361 418308 154894 192273 232657 890217 440797 822258 354192 999999999 587534 770250 498040 84463 269304 339113 684634 835976 580535 409948 190543 525278 855221 593910 660630 552221 476494 54051 111043 830492 577194 1037284 606503 658153 659617 771158 951473 504495 514963 537134 578390 403752 310511 493135 806245 418218 320309 417328 772628 504893 685346 564262 369667 263135 968698 396295 530399 386951 543892 247329 289044 672681 603342 651415 57802 768697 487463 959175 872453 732700 117079 539258 399698 834489 765227 719316 535985 119394 110830 712765 411627 263235 785018 461376
353155 237537 966127 71186 585598 899654 462783 652442 455923 101819 256002 529947 853647 350396 510801 754690 581086 725062 466243 600986 388984 707558 186343 301934 303553 587534 999999999 421998 542714 506435 591832 251163 346025 711825 25511 799206 410187 399825 437728 671321 983805 955187 338186 563761 697785 439525 813997 856574 266550 1018084 865054 429483 791983 520665 549554 379486 76954 410626 504309 924414 446733 859208 394927 193444 910690 866296 500111 971855 697435 325223 944563 447097 776709 652205 804649 603649 369099 156218 611510 712391 540246 414350 818879 904702 492452 1020969 556153 517637 840685 709648 996965 917296 635627 626773 614727 940189 190426 493440 467175 860350
615776 279271 777562 433715 717163 808168 245378 491255 154484 321211 519435 121396 451901 217477 359867 356961 280017 651824 722134 875844 675301 306845 560554 242838 651861 770250 421998 999999999 393052 716344 609648 542565 91240 339963 399070 754215 665762 263690 106775 457866 836053 874651 294755 723291 857935 69259 653408 443171 184391 890158 665204 9167 390021 367458 385512 243504 349968 383001 510652 873854 35997 833858 453259 414954 652263 778279 180895 891076 652773 556440 583576 406805 637297 588982 664666 635404 690946 278606 379278 466498 712452 8913 724611 534306 102274 839782 802254 334570 820814 337917 781431 697527 460008 739884 848237 734857 430092 810868 49455 802288
470003 308613 429190 498632 417407 417734 147675 113593 241810 488462 430150 360712 498048 223625 36337 419395 190259 259105 528728 663263 527928 400111 555539 575394 579570 498040 542714 393052 999999999 482151 256921 463997 346473 339082 518939 362442 491760 159419 499477 134433 464445 483511 205120 444034 551350 462197 283032 541175 335489 511342 323698 388685 455049 26809 16929 185507 475662 150419 187533 480807 423019 443081 226070 384211 373520 386856 234324 500169 264662 412890 487774 126918 255549 200333 284245 285346 575211 496575 107915 186404 446738 396763 333184 469547 482749 487478 577784 59974 431224 337701 455082 374630 92968 421209 602426 399063 397953 656687 380050 409249
156460 446821 740456 435681 133818 579158 548885 522581 624974 546100 251470 757287 975697 505637 481308 889817 654837 448563 79408 181116 150136 861457 356402 750901 271259 84463 506435 716344 482151 999999999 286042 256449 628200 813660 500594 458206 106250 484048 795875 591495 705351 608786 427346 89057 195088 773561 602809 1012509 545328 709450 683127 718049 927636 484168 498916 492446 501430 367902 298703 553589 752243 478272 279423 343167 788679 551656 647937 622029 400769 184925 964895 367981 555383 404920 572428 270554 208884 598645 589827 649545 63266 714031 527295 950635 817895 773164 95765 515815 459045 812022 796818 743715 533459 176368 132119 742051 335888 207545 735237 514128
353433 413524 458395 527047 179274 323599 380078 253850 474765 580780 376455 604887 746604 398528 274544 673662 447179 167139 355882 456274 392337 656657 519157 735275 488369 269304 591832 609648 256921 286042 999999999 404358 539761 592130 574562 211099 344316 345970 710095 329902 435505 370523 332437 217914 299835 677393 316992 794080 488940 452144 397091 607681 707990 271982 272803 367236 549014 232361 102033 333475 643821 267460 200397 398755 505004 291748 479531 386522 122905 321652 702839 203533 269554 119296 287708 28425 452544 613288 352189 386240 231436 610920 255399 696769 708569 496202 372630 310424 249140 590921 512426 457673 273207 170351 380004 456876 403963 490446 609476 272966
102005 265918 839189 181421 349700 727768 456462 551426 500006 303853 33848 616509 897125 368864 444226 801082 581558 562731 216495 359363 144807 762057 115764 518264 120248 339113 251163 542565 463997 256449 404358 999999999 451518 737623 247697 614384 159315 381071 600102 597254 833421 774057 306735 321193 450062 586656 686664 918517 358285 855278 754143 546895 840348 451756 477183 375336 257314 313878 344473 732043 576160 660630 247192 127613 830751 695587 535989 789739 524449 86971 937746 339222 642442 496192 667144 407156 148460 361295 562175 650389 295857 537792 655862 909690 636929 885730 306661 467719 641177 735618 883060 812794 546750 393670 364514 825061 112684 271300 574364 676052
524752 188120 756336 349792 635422 763950 204370 453850 138590 248884 428204 184032 510025 141243 310846 411684 279137 599845 631832 785543 584130 363359 473163 235708 561713 684634 346025 91240 346473 628200 539761 451518 999999999 378136 321809 699321 575147 198253 172828 434169 805361 829336 213525 638992 775341 145859 621860 510593 93839 855632 644663 95387 447995 319755 342380 174168 270917 308486 438649 822436 125922 776932 371353 323909 649410 732689 180127 846091 595118 465713 619748 336429 599905 532814 628218 564205 599846 217319 357411 453909 626924 87214 679132 574590 190198 817688 712835 292704 762641 375972 767835 683534 425021 660535 759788 717451 339165 719628 126097 751003
773306 495357 534178 698123 756470 643332 281454 359774 256147 621718 705943 222182 162693 376975 333220 82303 160171 541030 851055 993701 834829 85068 799141 582659 857823 835976 711825 339963 339082 813660 592130 737623 378136 999999999 686488 640791 806511 356691 417521 286023 618566 707771 430900 782118 889767 381129 460554 202202 445453 681615 432016 330855 116034 331531 322313 363202 634871 450482 525856 732200 342114 720433 539618 624454 367439 622264 212542 721474 567185 711466 243851 445786 469307 509156 488352 620338 871976 595311 240554 250197 783260 348703 574946 196570 360706 594084 909289 297989 714509 2180 514992 439698 330511 759473 938205 483607 640902 970595 292944 667285
349455 212807 943330 66679 574866 879871 437447 629147 430534 81423 249182 505820 828753 325022 486732 729763 555586 705034 464020 602172 388685 682771 194477 289875 309822 580535 25511 399070 518939 500594 574562 247697 321809 686488 999999999 780802 406983 374915 418315 646975 962311 936068 314126 554726 690195 418661 791505 832205 241329 997381 841674 406412 767146 496632 525520 354359 51691 388628 485337 906424 424531 842022 376376 177890 886138 846496 474693 952792 678349 317468 919061 425310 754688 632012 782741 587214 372775 138991 586629 687627 531846 391553 798609 879250 471667 998524 554156 493025 823648 684312 973517 893568 611892 615295 612201 916872 176731 498186 443739 841729
556055 604592 307063 736067 326498 120953 509367 286210 604237 780057 587170 719701 772813 562952 394442 721797 530081 104518 535989 600320 587150 719293 729623 914895 692025 409948 799206 754215 362442 458206 211099 614384 699321 640791 780802 999999999 537671 501500 859977 355084 250925 159677 511102 372663 381378 823472 217475 831204 666423 251388 295397 750265 749226 387193 372229 526609 751780 411836 295916 126958 785015 81611 404430 607246 422662 95004 594702 175490 106169 530229 676388 376125 184490 166516 179404 207670 648887 806703 414961 394365 395573 757427 91718 687150 845189 325442 526522 422210 73718 640247 371346 346548 318548 290599 513108 326600 613390 664880 742487 61868
57792 387753 802211 340731 227669 657587 529926 552886 594213 460175 162875 721819 969132 466900 483031 878177 646361 511447 59026 211094 49601 845002 251421 671536 166549 190543 410187 665762 491760 106250 344316 159315 575147 806511 406983 537671 999999999 458573 735806 614139 777657 693484 392143 188120 300459 717520 656970 999706 486249 788201 733532 668669 916971 487937 507643 461430 414126 356612 325307 642321 701002 567553 268810 265643 829131 628005 623133 707693 466156 109560 979511 367384 609925 457127 630302 336061 111539 515886 598757 671412 160758 662310 597474 959485 764993 840409 148361 514203 548010 804699 854428 794164 557702 272661 205380 797845 255056 165237 690656 596577
420353 162455 586939 366445 462561 570796 75405 272668 141642 334786 349257 275408 517174 64445 123286 422749 201212 403234 508077 657657 482364 387126 449426 418595 501313 525278 399825 263690 159419 484048 345970 381071 198253 356691 374915 501500 458573 999999999 364954 275213 623751 635174 74851 474801 603829 331525 442395 542798 176076 669654 479131 261875 461927 133262 160525 26257 327823 123375 247337 625405 298058 578742 205736 272478 512175 538823 164999 652058 396954 357952 563738 143377 414367 335005 443139 371747 516324 338344 211718 312916 468139 264982 485676 531712 363283 646017 576822 119908 564390 354704 608944 526487 248757 481174 615020 554288 288539 619747 266490 554172
682669 349677 881289 465626 807970 914940 351830 597965 261109 336895 581158 197170 503899 312742 465939 417063 381407 757968 793757 946899 739545 367520 598962 186620 700733 855221 437728 106775 499477 795875 710095 600102 172828 417521 418315 859977 735806 364954 999999999 563126 941727 981411 386351 810553 947566 39770 759431 481674 250767 996341 769042 112194 444556 473711 492173 342875 375363 480224 609745 980201 82671 939273 544046 474627 749999 885019 284969 997843 757862 626441 656457 506584 743913 694324 771198 735145 747690 282297 484602 569077 797671 102715 831345 604266 67070 943609 877514 441224 925933 415661 882813 799333 566625 833361 926582 837615 488157 871347 134685 908619
597368 434516 322268 630459 506649 369907 232219 77889 305005 609999 563419 390757 426389 334881 161600 367571 189997 255104 645967 771254 653267 364351 689966 669701 711503 593910 671321 457866 134433 591495 329902 597254 434169 286023 646975 355084 614139 275213 563126 999999999 378792 436488 333413 540400 628779 523653 198192 480664 445124 434979 210504 451430 396733 152167 123770 299074 601599 284510 293374 452409 481319 435297 355129 518275 240255 344936 278366 451653 283592 542430 374883 258275 192316 229770 216208 356401 703346 611119 78588 58050 548074 463642 294456 366867 531676 383891 685548 155305 428780 285410 336202 252614 58149 500135 702786 283865 532189 777449 431622 384875
788919 762715 101339 928183 575723 135164 601023 352436 682231 944539 803062 766984 708074 688055 500740 688542 566233 270929 781655 851245 826447 703618 945355 1038257 923536 660630 983805 836053 464445 705351 435505 833421 805361 618566 962311 250925 777657 623751 941727 378792 999999999 150789 659713 621762 628767 902331 183538 774040 799798 64659 186549 829826 704740 490937 465280 649905 925043 573948 491487 214373 860075 267952 598569 801036 283663 155944 657143 153126 312600 754376 560016 537069 210169 338286 181419 441601 887308 958519 457180 382615 643580 841569 180296 589422 909968 81585 776913 513284 280722 618885 160793 192886 380356 541236 763944 150168 810451 912803 810382 206804
714327 752561 244801 893301 475176 66971 630235 385195 720877 931069 746804 823871 817714 698776 518645 784102 625128 235081 687699 737081 743079 791253 889294 1053334 850277 552221 955187 874651 483511 608786 370523 774057 829336 707771 936068 159677 693484 635174 981411 436488 150789 999999999 654869 520943 503544 943321 247269 881295 806600 115345 293914 869660 805593 509999 489545 661149 904986 558681 450878 67164 902806 135653 560387 764356 412620 96667 704002 16989 257754 689777 687772 521875 244221 307876 221104 367182 804989 954131 509179 458801 545554 878900 150328 710645 958977 231614 669192 540444 153093 707691 308830 322424 417624 435166 648121 285894 771096 812890 856578 98107
350707 103945 632541 298347 422708 593095 150121 316824 202076 285379 275296 331189 590637 78615 172621 495281 276064 419847 444107 595909 412767 457976 375230 405215 426923 476494 338186 294755 205120 427346 332437 306735 213525 430900 314126 511102 392143 74851 386351 333413 659713 654869 999999999 428743 563262 357803 482950 614216 157068 700793 528623 295159 534531 182508 211396 70074 270579 100947 230404 637562 330657 584007 158576 198173 573314 560166 232816 671858 404939 288246 637903 135108 449702 347709 478360 355164 444046 300404 277706 376680 418720 293855 508567 606439 397005 689472 517455 181594 568040 428892 660168 579648 298072 447037 559379 603959 214087 550673 308783 567760
228998 468109 661901 492600 46167 493466 532029 467224 616171 590697 308724 750142 942046 506959 449594 861018 626821 372026 168441 239081 235519 836880 429498 785539 354628 54051 563761 723291 444034 89057 217914 321193 638992 782118 554726 372663 188120 474801 810553 540400 621762 520943 428743 999999999 139847 784716 529675 983530 563540 623270 611550 723874 897676 450691 460955 487596 548366 352489 256518 464932 759248 389604 271100 385498 722554 466936 633578 533924 323502 239056 915257 343610 482560 336552 497341 197479 295959 638944 549291 598006 27365 722056 445670 905354 825564 691669 157572 485658 370460 780640 720235 671627 482411 87312 162790 666803 381556 292494 736466 427190
351379 607382 687770 626656 141301 493914 655515 551732 743788 729226 441782 877676 1045887 640667 562981 970624 739931 417373 259301 242400 340239 950692 551433 925374 461480 111043 697785 857935 551350 195088 299835 450062 775341 889767 690195 381378 300459 603829 947566 628779 628767 503544 563262 139847 999999999 920682 576003 1091964 702055 615804 659085 858070 1005796 562412 567904 618731 686259 480466 368988 439308 893773 368160 404693 524003 779930 474314 757473 513153 370754 372782 998895 466197 531704 405040 539669 272587 393614 778279 651026 684185 159286 857117 468618 995310 960119 705943 196175 599524 351931 888468 751020 716211 572717 130309 154754 702885 519283 346412 868580 422520
665608 329855 841561 461547 780428 876756 314538 559394 222559 337771 565967 159555 474098 282221 429110 384726 341637 721041 774885 928443 723690 334759 593021 211498 691006 830492 439525 69259 462197 773561 677393 586656 145859 381129 418661 823472 717520 331525 39770 523653 902331 943321 357803 784716 920682 999999999 720193 455669 231313 957168 729327 73667 413808 436667 454470 310434 373040 449141 577774 943003 42910 903108 516238 459852 710506 847030 245389 959702 721986 607963 621620 474153 705148 658222 732322 702866 734917 286827 445163 529312 772779 66670 793385 570048 53030 903887 857169 403548 890036 379224 843062 759568 527891 804502 904921 797848 474085 857247 95062 871446
657550 586753 153680 762375 486552 183818 417506 169885 499279 768314 654438 588822 573970 506413 319112 536945 387865 159788 672532 768493 703265 544248 793734 855084 787371 577194 813997 653408 283032 602809 316992 686664 621860 460554 791505 217475 656970 442395 759431 198192 183538 247269 482950 529675 576003 720193 999999999 636296 618402 237087 83170 647357 559106 309168 282766 468396 751667 403771 343149 277277 678181 283789 442304 638193 206806 166850 475534 260937 208111 614396 461304 368047 47438 199953 38177 333050 761289 779196 275680 212491 546289 658760 129793 476102 729671 207031 686848 330067 284574 460495 198038 142127 196923 462969 687188 140914 649164 807272 629115 220596
963116 662665 679838 855124 958478 819864 469879 556922 419765 758895 888338 327137 67379 550156 534041 122743 357805 734764 1046513 1191639 1025093 156462 967983 666799 1037720 1037284 856574 443171 541175 1012509 794080 918517 510593 202202 832205 831204 999706 542798 481674 480664 774040 881295 614216 983530 1091964 455669 636296 999999999 594482 838631 591744 434538 86169 532856 524442 544354 781008 646389 727575 913095 428916 908872 735819 798809 497228 802416 382533 893558 764134 900741 257482 644675 652781 708048 668190 822233 1058261 720902 442057 436859 984017 451809 758757 206252 414887 734296 1107865 498263 904618 203524 645544 583423 529226 961666 1138457 627964 815343 1162219 394426 851892
434374 98953 761771 260866 564486 743338 216012 448587 190126 178542 335841 271859 588142 112043 299306 489065 321791 572424 543767 697235 492847 442771 380557 248585 467876 606503 266550 184391 335489 545328 488940 358285 93839 445453 241329 666423 486249 176076 250767 445124 799798 806600 157068 563540 702055 231313 618402 594482 999999999 845152 652753 189056 526813 309235 336021 150008 189642 258014 386975 792351 217910 740413 304188 230709 675371 710869 234594 823563 560405 376703 680575 291536 590247 501488 619037 510963 506719 166893 374299 475555 549279 179507 658290 639245 279776 821358 626858 291881 724677 443274 781098 697728 423807 593360 675840 727525 245732 627416 219282 721943
803973 802584 164168 960015 577129 130669 651818 401804 735844 983953 826093 825001 772707 734099 547649 752363 623988 295068 787369 845887 837544 766614 968945 1086683 939629 658153 1018084 890158 511342 709450 452144 855278 855632 681615 997381 251388 788201 669654 996341 434979 64659 115345 700793 623270 615804 957168 237087 838631 845152 999999999 249891 884212 768993 538094 513686 695906 962169 610993 518602 182501 915222 247997 627592 831749 347890 160737 712620 110999 330829 773696 623838 573825 255944 366630 227457 454267 899089 1000924 512745 442751 646656 895381 200658 653853 966639 129700 775192 562930 263877 681887 218989 257369 431390 539487 757390 214230 840194 915735 866200 196781
731142 632288 112369 817444 568841 238765 442304 212662 514110 811899 721273 587521 526810 541271 357857 502548 388710 242881 751461 850549 778945 517069 858088 880203 858584 659617 865054 665204 323698 683127 397091 754143 644663 432016 841674 295397 733532 479131 769042 210504 186549 293914 528623 611550 659085 729327 83170 591744 652753 249891 999999999 658337 519931 347753 319336 504230 799194 459073 414224 336485 686581 355144 507482 696606 127692 230642 484428 304609 291075 685299 395397 425275 129240 278502 119741 414407 835901 817351 287860 201349 627548 671398 204528 416739 732809 174594 768408 360881 358413 432338 132025 60733 231133 545934 769808 75368 708615 886338 635606 289135
619078 282872 770678 440241 717165 803106 241077 485860 148986 328906 523389 112264 442902 217409 355830 347861 272492 647635 724817 878502 678829 297758 566449 251897 656844 771158 429483 9167 388685 718049 607681 546895 95387 330855 406412 750265 668669 261875 112194 451430 829826 869660 295159 723874 858070 73667 647357 434538 189056 884212 658337 999999999 380999 363268 380835 242303 357073 382035 509098 869470 36200 830091 453493 419289 644353 773363 173914 886047 649205 559461 574445 405174 631739 585304 659006 633608 695199 286925 372855 459297 713356 18063 719718 525148 102193 832928 804452 329923 817196 328812 774057 690219 454455 739392 850022 727742 434551 814681 40468 797926
881637 588826 613696 785845 872392 742922 387971 472335 345207 696749 809563 269363 62154 473670 448336 39267 272811 651509 962939 1107148 943486 84637 894471 624574 960081 951473 791983 390021 455049 927636 707990 840348 447995 116034 767146 749226 916971 461927 444556 396733 704740 805593 534531 897676 1005796 413808 559106 86169 526813 768993 519931 380999 999999999 446986 438303 465141 715566 562416 641591 834707 381592 827689 651816 722856 435037 724115 305448 818418 679775 819410 230815 559670 572957 622988 589677 736162 978196 662951 356072 355153 898413 398900 679051 175486 379999 670516 1023113 412718 822818 117365 584766 517251 444117 875499 1053062 561938 739397 1080163 340566 772049
463271 285272 454276 478411 426336 444327 122215 139407 217299 464151 417974 338986 492380 197267 10112 410428 177542 284377 527267 665030 522291 388344 539964 548616 568768 504495 520665 367458 26809 484168 271982 451756 319755 331531 496632 387193 487937 133262 473711 152167 490937 509999 182508 450691 562412 436667 309168 532856 309235 538094 347753 363268 446986 999999999 28890 159228 452545 138258 194932 506493 397853 467479 219839 366743 392395 413334 212387 526683 287962 404763 492656 120574 282257 223632 310930 300306 567624 471050 111869 200349 451802 371005 359686 471566 458227 512973 579933 38602 455226 330024 478671 397462 116625 432761 606988 423101 380959 653157 355685 434909
485151 314085 426450 507101 434219 423367 140695 112922 232917 492665 443352 348853 481141 223979 38831 402758 174570 268291 545067 680023 543390 383947 567116 573241 593380 514963 549554 385512 16929 498916 272803 477183 342380 322313 525520 372229 507643 160525 492173 123770 465280 489545 211396 460955 567904 454470 282766 524442 336021 513686 319336 380835 438303 28890 999999999 186196 481372 163308 204459 488965 414720 453245 241199 394623 363864 393009 222898 506087 276254 427596 471879 141766 257760 212103 286246 301224 590135 498771 91448 173520 463661 389536 339310 453105 473484 485514 594570 50949 441866 320945 450047 368671 88358 437717 619342 394652 408664 672662 370689 417519
420696 143347 612437 349224 477456 596876 86302 298600 133256 311342 344422 264866 521818 38198 149300 425876 211865 428868 512586 663589 482764 388039 437917 392453 495297 537134 379486 243504 185507 492446 367236 375336 174168 363202 354359 526609 461430 26257 342875 299074 649905 661149 70074 487596 618731 310434 468396 544354 150008 695906 504230 242303 465141 159228 186196 999999999 306332 139852 267346 650847 278482 603446 216825 261823 534661 564848 162743 678044 421750 358221 576862 163782 440587 360187 469354 392478 513952 313122 233275 334907 479648 244222 511750 542970 344284 671699 583999 144002 588885 361156 633667 550941 274264 497854 624067 579294 278170 620625 249896 579693
