NAME : synthetic_000470
TYPE : CTSP-D
DIMENSION : 100
GROUPS : 8
RELAXATION_LEVEL : 1
EDGE_WEIGHT_TYPE : EXPLICIT
EDGE_WEIGHT_FORMAT : FULL_MATRIX
EDGE_WEIGHT_SECTION
999999999 560251 746039 732606 41509 265982 451784 549330 331257 470284 334890 225791 903112 206736 277912 293954 700203 866700 557351 749577 183547 728126 250573 358851 64105 799045 574843 399741 449641 678845 365242 620301 321194 642848 974396 461879 516303 719495 607634 352682 663957 379603 96827 703854 334428 694993 232260 614502 148191 580829 618126 1018992 666906 207604 666321 164186 801305 605351 563690 265976 320596 233775 593154 619589 740515 110795 189364 835590 640749 153260 316042 192315 651908 963131 195986 465221 310542 256602 24435 364348 803415 367430 280879 448848 210828 450555 378190 97588 467164 729703 770132 175374 687892 673366 551630 159775 604818 250020 371623 164559
560251 999999999 591274 273130 545421 611070 404246 20430 553552 327151 407462 466943 384733 755858 554092 644833 146174 387422 43952 190507 410719 751884 624667 527712 496292 257105 400878 163047 403247 255533 531768 80991 409052 82601 419713 155716 682546 601808 180844 284867 194812 458192 579634 148318 655150 373439 679111 397347 707203 459709 90416 467313 175809 549259 381399 669810 295111 231920 580876 464885 460574 506157 104720 171971 445484 451333 501185 359986 274459 429854 564380 368111 96288 448811 391333 333772 283283 440101 582529 325231 359525 193033 287140 601404 621464 428992 534242 657430 106504 767940 305710 510931 504540 437543 697518 492217 621709 410255 301392 572051
746039 591274 999999999 853418 766732 554812 918045 606497 449726 861835 857207 520710 548810 931684 936119 559626 585115 457776 547399 671219 739967 238443 960566 408455 704597 769548 963775 563192 916217 845366 971488 658625 849986 610860 706571 692534 370757 1169400 771944 748941 781225 367402 681381 591832 530133 243704 970050 971952 830530 1014150 531973 717070 757847 888333 218243 910078 492006 820880 219294 481125 892881 521109 496214 763083 1035733 667817 561205 443666 864929 731780 471370 638038 642921 566892 725355 865199 702768 834504 767948 800342 387947 584381 657737 362998 616307 296749 980267 803182 630719 259919 418258 576843 1080903 156348 350194 811264 206764 801129 423255 873950
732606 273130 853418 999999999 705525 848889 385253 264211 807336 312557 460501 702904 494174 898751 618150 884665 286161 543807 314074 221815 553169 1024398 704716 786827 673910 159433 296455 394218 385801 59716 554015 196645 469735 243262 430328 276235 950527 441141 126783 384031 80769 722204 779593 280701 901497 620541 776182 262896 878650 354569 321579 480425 97497 644272 637063 795833 448634 133561 853909 709932 510594 743928 357632 119454 228479 637438 728623 526717 118473 581356 815072 557379 211240 549072 538029 320931 422091 528288 750432 390237 551959 407922 457859 867460 845981 700121 549974 827862 297740 1040711 496939 734845 337598 697303 967397 614841 894837 511861 562850 684402
41509 545421 766732 705525 999999999 304085 413453 533312 363461 435387 296492 250052 897676 211483 236794 333212 687762 865272 545651 733134 152723 759057 213927 388335 63832 778419 537754 387893 411338 650654 323737 601791 282837 627792 962629 438426 551070 679059 581746 322882 638962 402791 137178 691076 373142 703025 204417 578136 173401 541904 607881 1008222 643350 166758 676146 147036 796351 576504 590859 290475 280089 263208 585191 594535 704950 108892 218081 834147 610420 124225 349472 181664 634993 958630 167542 429992 284809 217345 47487 330608 804369 354129 260922 481071 250965 470125 336688 122987 448693 761417 768755 205431 649248 686870 586027 119104 633055 213137 378876 125935
265982 611070 554812 848889 304085 999999999 663269 608770 106295 655810 553725 146139 867123 398227 537330 36664 722482 806923 589087 794121 386506 481827 516548 149836 267228 868171 770960 457916 661016 805664 615621 688125 540741 686704 976240 577009 257380 943924 723791 518681 770281 215599 170974 728004 69866 586512 491535 803287 290215 792333 633887 1012454 763565 469099 548789 412738 768082 741136 343624 147845 556754 105478 597243 729436 918390 266730 125289 777695 784379 358998 84337 316760 706825 918248 386656 653356 462105 487104 277901 551365 732204 441019 411065 205601 66359 296168 628133 277630 552059 479923 716079 125045 893754 531593 293561 407290 376082 467469 322580 429902
451784 404246 918045 385253 413453 663269 999999999 383866 671078 81320 116965 539204 779227 563968 247545 699030 531650 791104 437360 525391 279913 1009041 336361 671867 412740 518462 128606 356339 2254 326032 170052 401413 130636 458238 772909 251342 855760 281811 300123 171440 354097 637949 531678 530699 730471 745661 413493 172843 576818 130200 494656 824249 374350 293139 740269 454049 696903 259055 823015 566703 146283 575762 501845 319612 301674 398713 540787 764108 267327 309952 668209 351787 443266 842608 277075 73301 225207 196728 460594 122530 762375 333686 278456 770975 631918 661495 165057 530397 312677 1019037 709477 538525 236225 782852 884098 297018 869476 202808 507471 342944
549330 20430 606497 264211 533312 608770 383866 999999999 554426 306721 388386 463828 403756 743144 536126 642979 162763 407652 61158 200249 396292 763003 607671 529944 485550 260386 381131 155632 382874 242839 512357 79426 390237 95185 434533 135839 687998 582604 165618 266456 184566 461864 571745 164384 654574 391411 663172 378344 696758 439732 110822 482706 167759 532708 398255 655612 315004 215060 590109 463536 441683 503529 124125 158272 429420 441194 496760 380311 258477 416293 564550 357654 103123 467832 377063 313344 267135 422607 571293 305953 379928 183341 273729 606011 617009 436056 514682 646726 89502 778733 326140 505992 485873 453543 703896 476981 631587 393221 303736 556586
331257 553552 449726 807336 363461 106295 671078 554426 999999999 650721 570207 133089 777087 491269 582647 120233 651342 712366 525993 728205 408613 397097 576524 43978 312889 808773 767181 413342 668847 769474 650121 633413 558278 623725 894312 545508 191777 952632 685933 512236 727037 116927 247049 657297 109571 485646 563374 794898 385824 796275 563582 927903 716846 518915 446977 490354 680193 710638 242887 105401 583102 103217 524660 688897 901936 296125 147555 683912 755796 385911 21958 319875 646925 825625 403589 649624 454255 513650 348431 552185 636248 404085 400145 117664 166676 194010 661926 365369 510314 398447 624099 158459 892271 426785 225030 448885 279318 488498 253232 487247
470284 327151 861835 312557 435387 655810 81320 306721 650721 999999999 153501 522419 698752 606391 307010 692281 451207 712666 362346 444116 288444 967854 394807 646316 422651 439431 116460 298997 80964 252847 242738 320495 164837 377950 691817 178498 829014 312839 219857 138586 275148 604429 540344 450099 720323 678450 468857 147938 605749 154097 417449 743131 294339 340486 675810 498637 617767 182177 782289 545325 199742 561328 427193 239205 270508 399937 530883 686151 197316 319442 650476 339079 362278 761989 280142 8526 196526 229843 482804 107220 686462 282029 250589 743198 632052 618938 239850 556938 241741 979174 632860 531047 241723 721569 855222 326854 828408 223515 463169 385824
334890 407462 857207 460501 296492 553725 116965 388386 570207 153501 999999999 437174 792129 454237 159150 588890 548618 790358 431319 560805 167364 925938 244289 575435 297550 573356 242754 313771 114846 401092 126125 427417 13703 476096 809114 254183 758725 391039 353836 125265 412569 549948 416213 549138 622047 709056 316334 284958 461013 246153 494510 859539 427017 186985 697540 345703 701354 327258 740898 468026 54211 471449 491952 371599 413531 287246 433796 761341 348762 196180 565325 251315 468602 856208 167901 146166 156220 80357 343660 82958 750969 283213 199773 675554 518897 583861 130894 414014 303158 934304 701678 430044 353004 732927 788803 180644 787323 87366 435904 233020
225791 466943 520710 702904 250052 146139 539204 463828 133089 522419 437174 999999999 745759 415311 454922 181762 583816 693766 447136 652315 275939 514098 457142 144530 191906 723819 638703 311942 536964 660272 518554 543037 425205 544118 844476 432085 323480 820974 578075 383901 624174 153815 167240 589039 201642 493194 454414 668290 321667 665486 495387 883187 617451 394091 459957 389975 644655 596807 341288 40432 450388 41149 460647 583458 779419 167075 46020 663429 640633 254233 129015 187467 563046 800526 270531 520824 326146 381137 247302 421610 622877 294985 272959 243584 157993 227047 530172 287057 405925 518300 599458 61794 763232 457943 355353 321171 384294 355510 191275 367700
903112 384733 548810 494174 897676 867123 779227 403756 777087 698752 792129 745759 999999999 1108227 937585 892821 247579 92234 365567 275334 780687 780390 1004819 737304 840152 344104 746287 515521 778546 524444 915928 378757 793780 321026 160752 538936 824885 925603 497011 669398 462672 660507 895866 248691 886469 326963 1053989 727860 1041629 808381 300558 168785 435007 927880 366722 1034234 102081 551820 673774 725539 845307 775717 314568 478298 722231 792729 789698 106322 575978 794638 795424 716212 337502 64079 760915 706322 662756 822592 927136 709689 162861 551216 655681 767363 900874 590943 917954 995492 490306 801324 154367 803661 821586 421106 822807 865053 695135 791475 554716 945213
206736 755858 931684 898751 211483 398227 563968 743144 491269 606391 454237 415311 1108227 999999999 327410 411610 898926 1073281 757032 942287 351494 880037 249083 527746 268324 983208 692567 599331 562190 841532 424837 809536 442050 837985 1173859 641247 653497 793810 778783 515575 837321 565281 250385 902144 453099 899129 176342 736590 108832 681254 819363 1219628 844323 271010 869103 110328 1006651 766468 733854 452957 417805 410603 796444 793133 865534 315793 371938 1042163 795487 327878 471645 392958 843987 1168746 369378 599549 486623 376615 182332 510819 1010138 565387 469575 602581 331888 642002 436730 128642 657091 877796 976704 355981 787945 872155 689731 283994 770364 387851 577129 221441
277912 554092 936119 618150 236794 537330 247545 536126 582647 307010 159150 454922 937585 327410 999999999 568212 698485 928068 572593 716614 196185 967622 88840 599437 271882 732280 373764 435984 246126 558529 98074 581998 152204 627337 963889 406138 774139 467939 512979 270104 571713 594256 373867 699586 607054 819468 166323 418956 364281 355789 637305 1013843 586036 70766 801973 217796 843211 485423 788994 492758 107561 479435 629202 530685 546705 287854 435475 898106 504290 206537 572071 298226 622458 1001521 211578 298949 277207 115981 275109 238755 881978 401273 299176 697739 487298 645711 110485 326352 447722 972681 835952 426303 461451 828467 807674 133876 834024 149265 515712 121053
293954 644833 559626 884665 333212 36664 699030 642979 120233 692281 588890 181762 892821 411610 568212 999999999 753898 830414 621911 826687 421558 470741 543912 163924 299834 901916 807328 492999 696778 841790 648288 722384 575827 719690 1004997 613258 242106 979395 759766 555258 805872 235678 197484 759522 42173 605745 515132 839810 302809 828265 665370 1040358 798828 499297 567185 434545 794595 777524 344245 180239 590781 140772 628155 765220 955046 301677 161934 801577 820856 393644 99432 353274 740347 942783 422192 689779 498735 521296 303978 587663 754876 476745 447730 201712 84994 314162 660887 295920 587573 467279 740801 161319 929961 546409 278288 439497 373138 502367 353278 458474
700203 146174 585115 286161 687762 722482 531650 162763 651342 451207 548618 583816 247579 898926 698485 753898 999999999 270452 143021 87681 556287 779986 770425 619236 636099 185294 503452 300484 530972 299316 670883 131999 551236 73556 274962 294440 752503 691236 255783 428480 232611 544069 711656 6869 758261 344055 825284 488998 845630 565199 88604 321642 204616 695302 367001 814995 172826 311962 627800 574649 602384 620439 126729 238342 502809 590038 622447 248453 342397 574561 665363 508029 92133 311037 536794 458754 429424 585315 723083 465730 267102 333641 432002 678120 741464 496282 672362 796605 252151 798397 211498 633914 588506 429661 761319 638237 662655 555974 400759 718143
866700 387422 457776 543807 865272 806923 791104 407652 712366 712666 790358 693766 92234 1073281 928068 830414 270452 999999999 359161 322140 759453 691005 989503 671062 805254 404844 772883 495255 790177 565992 916039 400518 790416 339200 252833 542833 746114 961571 526180 665441 500685 595460 850417 273788 820854 244003 1033035 759412 1000052 834315 297469 259339 472533 911507 284821 1006258 97647 582403 591847 669960 842010 720682 299167 508791 768271 757878 738882 31128 612162 770130 731692 685853 362306 116596 739804 719670 650888 812125 891038 709678 78420 531015 636368 693071 845352 521741 919343 955859 487650 712079 96579 753576 858603 335383 741908 844461 610614 779533 505389 923907
557351 43952 547399 314074 545651 589087 437360 61158 525993 362346 431319 447136 365567 757032 572593 621911 143021 359161 999999999 205207 418140 710326 639325 497952 493255 282997 441178 157838 436224 298851 556891 118385 431695 97924 417168 186184 647559 643379 224795 306681 236996 426363 569407 147006 629856 330257 690025 439307 702613 499135 65069 462598 216580 562609 337566 675387 270841 275649 541291 441688 483335 485200 64895 215726 489414 447076 483837 330485 318387 434669 538014 365318 121751 429298 398449 368536 297191 457258 580336 350532 325085 191760 293015 567759 603693 392329 560196 653631 128526 726663 272887 494595 546977 393591 661256 501568 581402 425931 272766 581774
749577 190507 671219 221815 733134 794121 525391 200249 728205 444116 560805 652315 275334 942287 716614 826687 87681 322140 205207 999999999 593225 867668 794040 697960 685796 98329 476448 353536 525077 249113 677425 135499 565480 108932 248857 311918 836663 650553 229263 448676 188458 624009 770039 80812 833527 428939 854424 454866 896981 538520 166719 299818 161455 721904 453442 852331 227964 281300 714579 646549 615004 690393 207730 209748 448146 641315 688587 306028 301676 614701 741151 557848 98318 333578 574389 452286 460558 607745 771496 478533 335484 383143 472752 760783 808617 579976 677220 846974 285307 886070 282297 699016 546452 516287 846478 671516 749906 581313 475498 750041
183547 410719 739967 553169 152723 386506 279913 396292 408613 288444 167364 275939 780687 351494 196185 421558 556287 759453 418140 593225 999999999 780000 234515 418356 134573 631715 396924 265457 277680 498002 244199 459242 154269 491468 830427 289808 599402 558252 430144 170167 487917 403697 253197 558829 455090 629957 273800 434626 326124 410073 482680 877881 493603 156536 610094 259357 681745 423787 598296 310092 174490 307549 466276 443531 558944 119888 268037 728692 457916 31004 401965 102548 494988 843500 19772 283896 135150 105269 198788 181623 706361 229631 125207 518449 352149 450790 255348 275624 308199 786472 664461 263399 514835 633905 630957 85014 644001 81129 319993 164722
728126 751884 238443 1024398 759057 481827 1009041 763003 397097 967854 925938 514098 780390 880037 967622 470741 779986 691005 710326 867668 780000 999999999 970316 371101 704896 964631 1079598 677013 1006961 1005602 1023842 828154 915978 790403 934915 818005 230715 1280647 925516 838268 946692 376939 643104 786856 431129 459860 960356 1096536 771800 1121633 712171 949174 926906 908134 424962 887172 714201 967394 186033 475230 950185 495887 672173 920604 1179802 680537 541065 674204 1013537 762971 413708 680006 821439 802695 770193 969306 783966 883848 745528 886586 617735 687301 731671 280129 548150 348917 1034592 758142 762746 21485 640730 553701 1203160 363924 195842 834424 139617 854054 504720 880770
250573 624667 960566 704716 213927 516548 336361 607671 576524 394807 244289 457142 1004819 249083 88840 543912 770425 989503 639325 794040 234515 970316 999999999 599228 265481 814590 462181 494302 334953 645230 179808 658708 235718 700832 1039528 482177 764951 545681 596723 345367 655779 605473 346442 772001 584763 863970 78717 507456 303242 442010 704389 1088867 668895 78350 843072 144302 908135 571544 797848 496969 195076 474945 692644 613943 634868 294664 429785 959034 591858 233187 563112 328262 698272 1068396 253279 386858 342250 186305 240258 320173 939035 458629 353474 693902 459814 665236 190790 273495 518304 973445 895550 418084 546374 863955 799820 152404 841352 214451 548890 89546
358851 527712 408455 786827 388335 149836 671867 529944 43978 646316 575435 144530 737304 527746 599437 163924 619236 671062 497952 697960 418356 371101 599228 999999999 333870 780922 762553 394705 669661 751357 662012 608254 564059 595137 857374 530911 183905 952333 667561 508633 706187 77269 280137 625346 149797 442504 590907 788207 423826 794687 532222 889948 694596 538076 403593 520660 641343 695204 206848 108265 592228 125247 492550 669383 891425 311584 170266 642905 740914 398013 65744 324142 619512 784883 411355 645792 450882 523589 377596 551144 594543 389007 396453 100250 208224 150948 673445 400530 491670 374457 583817 183537 887992 382817 213381 465652 246283 496529 226347 509685
64105 496292 704597 673910 63832 267228 412740 485550 312889 422651 297550 191906 840152 268324 271882 299834 636099 805254 493255 685796 134573 704896 265481 333870 999999999 736414 531432 335637 410530 621229 348495 557061 283976 578893 910320 401116 503462 687710 548199 298235 603778 342599 118973 639750 337088 639546 265481 569167 211320 542884 554128 954989 605810 206243 612421 210855 738469 548546 533103 232002 292713 210269 529477 559524 693031 47470 165376 774128 585470 103661 301063 128251 588251 900485 143008 418281 252301 224284 87343 315546 743145 303399 218969 429591 223692 407853 361068 161181 404064 708260 708678 155011 648495 623083 537573 140138 576193 210289 315385 175951
799045 257105 769548 159433 778419 868171 518462 260386 808773 439431 573356 723819 344104 983208 732280 901916 185294 404844 282997 98329 631715 964631 814590 780922 736414 999999999 447170 415420 518572 205366 680960 182220 580156 186093 271062 342098 926376 600573 220655 473717 164384 708807 829238 178461 911687 527168 880347 417838 947235 507551 257097 321450 146475 746812 551747 887370 315846 260270 808767 721893 626631 763201 298488 202125 385814 694269 757146 392640 265482 656181 820370 610684 161930 395092 613987 447937 496602 630286 819662 494459 427348 440484 518300 848548 877394 669686 678880 896551 332840 982827 376010 766327 496968 614568 937698 704560 845101 607632 555625 780340
574843 400878 963775 296455 537754 770960 128606 381131 767181 116460 242754 638703 746287 692567 373764 807328 503452 772883 441178 476448 396924 1079598 462181 762553 531432 447170 999999999 405185 130409 242416 288370 372366 256112 433763 714500 271401 945004 205689 249276 255009 289854 719460 650106 500892 836015 768006 540085 45448 703767 62143 487822 765747 315491 421686 769461 582607 675655 195198 894596 661785 274813 677435 505226 268108 173298 512076 646314 748818 181725 427774 766879 454513 411336 807421 390787 117913 312970 323111 585169 219836 756632 392306 367046 859110 745219 730934 280610 656606 334133 1091477 701325 646010 125481 818910 970873 423352 940465 324856 575149 471533
399741 163047 563192 394218 387893 457916 356339 155632 413342 298997 313771 311942 515521 599331 435984 492999 300484 495255 157838 353536 265457 677013 494302 394705 335637 415420 405185 999999999 354611 356696 438425 233288 310320 245119 574995 142059 565924 609491 272944 192739 314260 335138 416623 304113 507883 395675 539187 419718 545641 452288 220250 620334 305935 416256 386245 519584 416291 302064 493831 316088 360081 352448 200962 275557 506861 289784 342561 464740 348289 279295 420855 207550 258269 578140 245695 302120 160975 320328 422601 243905 446132 35863 141205 480773 462572 330680 444317 496330 97064 689909 401346 351197 527064 426660 586730 350198 538909 286720 178152 430166
449641 403247 916217 385801 411338 661016 2254 382874 668847 80964 114846 536964 778546 562190 246126 696778 530972 790177 436224 525077 277680 1006961 334953 669661 410530 518572 130409 354611 999999999 326533 169206 400838 128511 457541 772684 250163 853555 284056 300054 169439 354196 635805 529470 530050 728218 744145 412011 174546 574810 132424 493651 824015 374327 291397 738664 452298 696048 259299 820936 564480 144559 573515 500677 319524 303410 396468 538534 763140 267955 307727 665969 349545 442705 841951 274826 72866 223102 194662 458490 120425 761259 331847 276317 768779 629678 659449 164364 528352 311382 1016941 708411 536272 238394 781153 881906 294965 867400 200620 505466 341125
678845 255533 845366 59716 650654 805664 326032 242839 769474 252847 401092 660272 524444 841532 558529 841790 299316 565992 298851 249113 498002 1005602 645230 751357 621229 205366 242416 356696 326533 999999999 494479 188434 410482 244292 475050 229061 919681 401902 83825 328133 67360 689698 729166 294796 860486 619160 717000 212584 824001 302301 318347 525936 94856 585376 632032 737868 468989 75093 830924 669785 450969 701414 350250 85137 203516 586218 683713 546328 61074 526725 776012 507652 213867 582212 483457 261227 368935 469684 696067 331905 566148 366418 407563 835465 799591 673522 490564 773337 259687 1021118 510305 689112 297714 690374 938281 557539 873185 454084 530498 626118
365242 531768 971488 554015 323737 615621 170052 512357 650121 242738 126125 518554 915928 424837 98074 648288 670883 916039 556891 677425 244199 1023842 179808 662012 348495 680960 288370 438425 169206 494479 999999999 546446 128151 597785 926282 377016 841691 369866 460413 251374 517137 647121 458725 671046 685448 832640 258462 333795 461284 263012 619651 977165 534918 164714 819663 315630 826366 424903 841239 553827 79374 547605 617919 479297 458938 354652 505572 887154 436722 264347 641818 344111 588146 979973 253734 234226 278549 140110 365605 206641 877094 406747 315699 761883 570253 689759 12996 421783 428493 1030552 827721 498413 366610 852605 873901 209054 887197 171499 548271 217077
620301 80991 658625 196645 601791 688125 401413 79426 633413 320495 427417 543037 378757 809536 581998 722384 131999 400518 118385 135499 459242 828154 658708 608254 557061 182220 372366 233288 400838 188434 546446 999999999 431510 61675 381961 176531 763437 564032 128113 313354 122750 539114 647424 130221 733947 430734 718947 360172 768323 433866 130019 432182 99580 586407 444009 717905 303336 184324 659655 542960 481612 582840 162492 113048 388022 513933 575446 376737 220043 481661 643766 430221 41959 441695 440669 328229 325708 472402 641569 344713 388072 258473 340870 682392 695619 509430 547012 717887 153213 844677 332153 584389 462670 503021 778144 536547 699764 445817 381908 614801
321194 409052 849986 469735 282837 540741 130636 390237 558278 164837 13703 425205 793780 442050 152204 575827 551236 790416 431695 565480 154269 915978 235718 564059 283976 580156 256112 310320 128511 410482 128151 431510 999999999 479061 813427 257056 747166 404376 361284 125017 420226 539671 402595 551923 609175 704958 306535 298094 447682 259853 495318 863687 434007 176032 692714 333865 702166 336298 731173 456464 51646 459152 491614 378773 426542 274153 421183 761204 358964 182843 553148 239929 472442 857855 155398 157722 151086 67089 330027 86955 749827 278959 192250 664234 505521 574862 134144 400554 303992 924145 701047 417243 366703 727170 777440 167240 777559 73911 427994 221081
642848 82601 610860 243262 627792 686704 458238 95185 623725 377950 476096 544118 321026 837985 627337 719690 73556 339200 97924 108932 491468 790403 700832 595137 578893 186093 433763 245119 457541 244292 597785 61675 479061 999999999 339707 222012 741068 625606 189459 357245 177087 522735 661348 73281 727777 377515 757609 421840 789788 495121 79176 388319 150809 626557 393929 750795 242278 245779 627882 539452 530012 582541 118231 173662 446359 533902 579919 315145 280271 511404 635891 450710 32079 384566 472247 385437 361661 515084 665102 393148 326746 275611 368774 662653 700032 484658 599112 740030 184011 807720 270773 590221 524029 454572 753248 571935 666012 486548 370501 651400
974396 419713 706571 430328 962629 976240 772909 434533 894312 691817 809114 844476 160752 1173859 963889 1004997 274962 252833 417168 248857 830427 934915 1039528 857374 910320 271062 714500 574995 772684 475050 926282 381961 813427 339707 999999999 557918 962666 871355 473882 694611 425336 780143 981625 271933 1003648 476468 1097273 687510 1118964 775766 356835 51441 401375 965914 514235 1089492 224808 521990 817389 830050 863325 878429 386110 454234 654233 863934 885733 263089 533870 849289 910903 782477 341497 172399 811045 700082 701367 853367 997466 726567 318638 608505 706624 898929 1002301 717773 926050 1070363 523704 955571 295904 898305 767926 572254 963844 911514 842405 825622 654903 991076
461879 155716 692534 276235 438426 577009 251342 135839 545508 178498 254183 432085 538936 641247 406138 613258 294440 542833 186184 311918 289808 818005 482177 530911 401116 342098 271401 142059 250163 229061 377016 176531 257056 222012 557918 999999999 705866 477090 149455 136833 202921 475204 503813 294968 633058 500679 543043 280870 609592 324146 245374 607736 205084 410170 499617 545627 450807 165273 635548 443639 308021 473227 250519 158945 364908 362579 454676 515002 210303 315055 550602 281463 216421 602969 272409 184036 154662 295872 481270 171292 511268 141907 182768 620247 570693 472638 379060 558693 63649 831260 458846 460069 389396 547787 727641 363079 680396 269612 319916 440118
516303 682546 370757 950527 551070 257380 855760 687998 191777 829014 758725 323480 824885 653497 774139 242106 752503 746114 647559 836663 599402 230715 764951 183905 503462 926376 945004 565924 853555 919681 841691 763437 747166 741068 962666 705866 999999999 1136067 836045 691830 869841 230805 425369 759085 201427 502555 746316 969467 544771 978207 670364 988208 855471 709704 461511 669224 738688 867984 160476 290706 773806 294896 629081 835873 1069344 487900 338679 721940 914206 577375 202414 507441 768496 862710 593487 828723 634240 704616 531097 734896 667734 564822 579824 86071 322816 256783 853425 534952 661456 225713 671722 348457 1070485 417747 36252 640480 164133 678629 389253 676197
719495 601808 1169400 441141 679059 943924 281811 582604 952632 312839 391039 820974 925603 793810 467939 979395 691236 961571 643379 650553 558252 1280647 545681 952333 687710 600573 205689 609491 284056 401902 369866 564032 404376 625606 871355 477090 1136067 999999999 436273 445366 463107 914929 805642 687785 1011620 972070 622724 204798 829221 159112 686083 921179 490993 532451 974520 685265 863928 379897 1094992 847989 398970 857558 706527 453025 223350 678020 822217 939457 350086 587209 949987 633588 599929 984003 557269 311370 502298 464238 724488 401189 951946 594542 556572 1050840 909893 931738 357579 787310 539732 1291837 896105 819525 104194 1024475 1163660 559955 1141161 478273 775997 585237
607634 180844 771944 126783 581746 723791 300123 165618 685933 219857 353836 578075 497011 778783 512979 759766 255783 526180 224795 229263 430144 925516 596723 667561 548199 220655 249276 272944 300054 83825 460413 128113 361284 189459 473882 149455 836045 436273 999999999 263307 59263 605948 652943 252765 777741 552247 664811 233233 754399 311382 254746 525311 74572 531555 561888 678272 428589 56378 749286 586712 406649 619184 281652 19655 264880 511053 602699 503418 94091 457540 692703 430670 163920 558237 414262 228302 297243 414727 626015 277035 516147 283538 331324 751729 719588 590873 458549 703526 175903 940658 460201 608623 334586 618385 854893 495856 792013 394938 446815 568422
352682 284867 748941 384031 322882 518681 171440 266456 512236 138586 125265 383901 669398 515575 270104 555258 428480 665441 306681 448676 170167 838268 345367 508633 298235 473717 255009 192739 169439 328133 251374 313354 125017 357245 694611 136833 691830 445366 263307 999999999 322095 469600 412360 429511 582430 588143 407382 284850 496282 286712 370409 744276 330763 274080 578892 415315 577227 253696 652245 406856 176654 422987 366786 278154 401163 269266 393487 636293 288067 199579 511890 202168 353148 733453 156708 137407 57981 159070 368827 51591 625734 165657 112271 606240 497928 490265 255726 445787 179206 848608 576435 394374 380041 617764 718739 232634 698657 134012 336031 306747
663957 194812 781225 80769 638962 770281 354097 184566 727037 275148 412569 624174 462672 837321 571713 805872 232611 500685 236996 188458 487917 946692 655779 706187 603778 164384 289854 314260 354196 67360 517137 122750 420226 177087 425336 202921 869841 463107 59263 322095 999999999 641435 706362 228294 821977 552922 724057 266497 811190 351616 252052 476711 28153 590815 566741 737264 403366 96971 774672 630263 465105 665100 285218 44427 270603 565492 651024 480335 113337 514865 735033 484047 146516 521865 471677 283662 354169 473988 682774 336249 499124 329342 385689 786706 769161 619935 514802 760287 218341 962699 443229 657741 359285 625734 886888 554720 816034 454102 482082 627593
379603 458192 367402 722204 402791 215599 637949 461864 116927 604429 549948 153815 660507 565281 594256 235678 544069 595460 426363 624009 403697 376939 605473 77269 342599 708807 719460 335138 635805 689698 647121 539114 539671 522735 780143 475204 230805 914929 605948 469600 641435 999999999 314950 550273 225992 370956 607161 741887 466612 756073 457710 812688 628292 538257 333220 543788 564201 637202 194832 113836 573249 155285 417580 606362 839181 311046 193878 566985 683408 388141 136427 303114 548114 708722 393397 604795 413219 507054 401039 515605 519468 334578 359507 145801 265417 81559 657771 436642 430905 384532 507295 209615 844758 318824 252913 462630 240321 477115 159418 516691
96827 579634 681381 779593 137178 170974 531678 571745 247049 540344 416213 167240 895866 250385 373867 197484 711656 850417 569407 770039 253197 643104 346442 280137 118973 829238 650106 416623 529470 729166 458725 647424 402595 661348 981625 503813 425369 805642 652943 412360 706362 314950 999999999 716061 238396 658843 321127 687379 154519 661796 625606 1023536 705704 303936 626470 244406 793871 658121 486984 203327 408642 160273 595713 662678 810333 143621 122391 819626 696953 222433 229448 222355 674730 953232 260202 536230 362499 341491 106946 433125 782228 388987 321804 362986 114001 392389 471581 121804 497239 643270 754695 106305 767467 625133 461176 250367 525594 329084 345283 261330
703854 148318 591832 280701 691076 728004 530699 164384 657297 450099 549138 589039 248691 902144 699586 759522 6869 273788 147006 80812 558829 786856 772001 625346 639750 178461 500892 304113 530050 294796 671046 130221 551923 73281 271933 294968 759085 687785 252765 429511 228294 550273 716061 999999999 764094 350639 827327 485894 849489 562718 94152 319061 200234 697084 373741 817698 176143 308826 634598 580162 602983 625796 132797 235103 498232 593799 627479 252288 338615 577381 671228 511617 89644 311913 539376 457705 431360 586690 726662 466212 272018 337011 434750 684572 746612 502809 672392 800370 253872 805266 216558 638861 584898 436422 767985 640531 669493 557562 406462 720366
334428 655150 530133 901497 373142 69866 730471 654574 109571 720323 622047 201642 886469 453099 607054 42173 758261 820854 629856 833527 455090 431129 584763 149797 337088 911687 836015 507883 728218 860486 685448 733947 609175 727777 1003648 633058 201427 1011620 777741 582430 821977 225992 238396 764094 999999999 591088 557015 867280 344268 859038 670103 1037439 813621 538629 551646 476633 789748 798058 312435 191825 626128 160847 631791 782249 980346 335574 189970 792648 842105 428020 93090 381532 749780 934556 454536 718186 525231 556398 345176 616937 744321 494204 473043 168273 126940 300205 697947 338079 603781 427029 733272 192118 959495 526761 237469 477156 338482 536168 358096 498753
694993 373439 243704 620541 703025 586512 745661 391411 485646 678450 709056 493194 326963 899129 819468 605745 344055 244003 330257 428939 629957 459860 863970 442504 639546 527168 768006 395675 744145 619160 832640 430734 704958 377515 476468 500679 502555 972070 552247 588143 552922 370956 658843 350639 591088 999999999 892331 768844 813041 823751 300881 494521 527727 786408 41118 849701 254350 605045 347904 462438 753619 512529 270596 540726 816841 594533 539191 221505 646338 631721 506341 538044 409409 360498 611876 683380 554092 706956 719219 638898 165951 425999 521329 452941 633011 291643 839101 774142 437055 480183 181048 554968 876943 96010 497905 711907 368172 672549 324164 786120
232260 679111 970050 776182 204417 491535 413493 663172 563374 468857 316334 454414 1053989 176342 166323 515132 825284 1033035 690025 854424 273800 960356 78717 590907 265481 880347 540085 539187 412011 717000 258462 718947 306535 757609 1097273 543043 746316 622724 664811 407382 724057 607161 321127 827327 557015 892331 999999999 585260 246543 520706 754918 1145833 735704 133536 868490 84743 955420 642668 794812 494845 269944 465696 739828 681403 713005 303866 420921 1002213 665078 263904 547702 354756 757394 1116993 293535 461114 396039 250251 215420 387866 978611 503337 398367 680864 430140 673301 269305 226878 573741 961762 937770 407371 625061 884118 781995 189007 836535 273526 570940 109133
614502 397347 971952 262896 578136 803287 172843 378344 794898 147938 284958 668290 727860 736590 418956 839810 488998 759412 439307 454866 434626 1096536 507456 788207 569167 417838 45448 419718 174546 212584 333795 360172 298094 421840 687510 280870 969467 204798 233233 284850 266497 741887 687379 485894 867280 768844 585260 999999999 745595 92563 481288 738468 293471 465921 772719 626796 661816 177069 912527 689580 319104 707679 502052 250846 128954 547682 678200 736528 154113 465605 795597 486537 397138 787873 427306 151351 342242 365182 625614 254701 747638 410394 395435 883416 779985 748874 325958 697948 341359 1109094 691887 678674 108972 824308 994304 465113 958003 364998 593650 515334
148191 707203 830530 878650 173401 290215 576818 696758 385824 605749 461013 321667 1041629 108832 364281 302809 845630 1000052 702613 896981 326124 771800 303242 423826 211320 947235 703767 545641 574810 824001 461284 768323 447682 789788 1118964 609592 544771 829221 754399 496282 811190 466612 154519 849489 344268 813041 246543 745595 999999999 702028 762177 1162711 814673 296976 780925 162536 939560 749900 628710 356903 435425 311350 735371 766781 873576 255932 276420 969094 783687 297331 365639 339149 799535 1100339 340646 599934 457170 380656 128416 502526 933450 514178 429047 495257 223867 545452 474055 50908 615245 769300 903848 260334 809869 779360 580995 280491 664127 382257 496624 244296
580829 459709 1014150 354569 541904 792333 130200 439732 796275 154097 246153 665486 808381 681254 355789 828265 565199 834315 499135 538520 410073 1121633 442010 794687 542884 507551 62143 452288 132424 302301 263012 433866 259853 495121 775766 324146 978207 159112 311382 286712 351616 756073 661796 562718 859038 823751 520706 92563 702028 999999999 547564 826947 377453 411191 823714 570939 737202 257315 935928 691256 266805 702915 563580 330243 200462 528611 669123 809999 242182 440151 794419 478687 473118 869557 406828 152329 344007 324569 588744 244090 816877 436111 398398 892768 761959 772743 253266 656816 387633 1132756 761755 667400 107842 871620 1005396 424174 982120 332781 617056 462969
618126 90416 531973 321579 607881 633887 494656 110822 563582 417449 494510 495387 300558 819363 637305 665370 88604 297469 65069 166719 482680 712171 704389 532222 554128 257097 487822 220250 493651 318347 619651 130019 495318 79176 356835 245374 670364 686083 254746 370409 252052 457710 625606 94152 670103 300881 754918 481288 762177 547564 999999999 400866 227141 627673 315568 739279 206860 309619 552105 486051 546959 531872 41409 241614 517605 507481 534352 269716 348350 498623 577298 426780 111106 364348 462958 424127 362229 522112 641410 413032 269811 255019 357484 594081 653134 413591 622573 713730 191370 729700 215532 546018 586765 375765 680901 566340 589280 490917 312339 646557
1018992 467313 717070 480425 1008222 1012454 824249 482706 927903 743131 859539 883187 168785 1219628 1013843 1040358 321642 259339 462598 299818 877881 949174 1088867 889948 954989 321450 765747 620334 824015 525936 977165 432182 863687 388319 51441 607736 988208 921179 525311 744276 476711 812688 1023536 319061 1037439 494521 1145833 738468 1162711 826947 400866 999999999 452808 1014864 533661 1136634 250285 573399 839665 867242 913744 916206 427954 505662 703126 908336 925186 275045 584961 896151 945085 827498 391397 160551 858411 751385 749804 902835 1042258 776890 331575 654315 753636 927225 1040644 747595 977032 1114487 572094 970109 316962 938112 817945 589315 987709 959497 862456 874748 692659 1039238
666906 175809 757847 97497 643350 763565 374350 167759 716846 294339 427017 617451 435007 844323 586036 798828 204616 472533 216580 161455 493603 926906 668895 694596 605810 146475 315491 305935 374327 94856 534918 99580 434007 150809 401375 205084 855471 490993 74572 330763 28153 628292 705704 200234 813621 527727 735704 293471 814673 377453 227141 452808 999999999 602219 542493 745916 375215 120934 756683 621797 480196 658158 261638 55685 298346 566220 645897 452209 141009 519670 725579 483852 119684 494500 476745 302799 358864 485457 686354 348740 471311 323747 386950 773036 764833 603776 533111 763776 212110 943216 415455 653230 387249 602028 871632 563053 797451 464043 469311 637356
207604 549259 888333 644272 166758 469099 293139 532708 518915 340486 186985 394091 927880 271010 70766 499297 695302 911507 562609 721904 156536 908134 78350 538076 206243 746812 421686 416256 291397 585376 164714 586407 176032 626557 965914 410170 709704 532451 531555 274080 590815 538257 303936 697084 538629 786408 133536 465921 296976 411191 627673 1014864 602219 999999999 766070 160923 830725 510713 732189 432987 146872 415967 615111 548016 594808 227902 371364 880991 534845 157460 507306 252596 625290 991334 175095 333114 266111 116836 204348 254853 860721 380531 275283 635136 417658 594481 177604 257106 443212 912352 817396 361255 518472 788208 743755 77084 776534 140591 473286 52790
666321 381399 218243 637063 676146 548789 740269 398255 446977 675810 697540 459957 366722 869103 801973 567185 367001 284821 337566 453442 610094 424962 843072 403593 612421 551747 769461 386245 738664 632032 819663 444009 692714 393929 514235 499617 461511 974520 561888 578892 566741 333220 626470 373741 551646 41118 868490 772719 780925 823714 315568 533661 542493 766070 999999999 823120 290700 613200 307377 427913 740369 477555 281785 551547 826747 568250 505830 261762 655768 610085 467883 515553 426005 401375 592519 680311 541635 691005 690389 630146 206603 414547 505794 412009 596696 253064 826648 743162 436081 444932 218333 521735 881368 63025 457158 690703 328808 656595 297926 763399
164186 669810 910078 795833 147036 412738 454049 655612 490354 498637 345703 389975 1034234 110328 217796 434545 814995 1006258 675387 852331 259357 887172 144302 520660 210855 887370 582607 519584 452298 737868 315630 717905 333865 750795 1089492 545627 669224 685265 678272 415315 737264 543788 244406 817698 476633 849701 84743 626796 162536 570939 739279 1136634 745916 160923 823120 999999999 933808 662795 726602 430129 307794 396349 719964 693441 755704 255169 352650 975186 690028 240718 473487 320470 754169 1096160 278553 491586 392326 269614 143390 406061 947475 484357 383000 607066 349744 614212 327743 142705 567519 887605 910008 338082 677697 833691 705174 182903 766943 284005 525646 112818
