NAME : synthetic_000703
TYPE : CTSP-D
DIMENSION : 100
GROUPS : 8
RELAXATION_LEVEL : 1
EDGE_WEIGHT_TYPE : EXPLICIT
EDGE_WEIGHT_FORMAT : FULL_MATRIX
EDGE_WEIGHT_SECTION
999999999 486232 915891 603614 729890 717920 355829 315054 548501 63436 751989 754965 882909 726192 1080141 1097136 444563 673491 343637 536275 311297 818682 230086 615917 528992 913148 980599 551868 712010 334848 812598 1088909 635641 992244 197958 576721 615330 815448 751728 829181 1141417 702030 932740 884577 740886 782428 226286 362441 229053 574059 682832 558911 67073 335172 81949 841985 1086446 1013780 1014460 234174 651428 232140 449852 846766 727628 904450 667615 613002 637280 534402 1079195 1100943 917813 692595 553146 806504 615648 233958 56870 376919 654402 344580 989292 936137 92359 470895 733623 778737 813432 1037281 144975 356193 322323 86335 569688 604229 994349 714060 606203 594252
486232 999999999 497432 225166 244466 360061 132427 447464 719061 426655 800211 585297 523010 465780 841905 773285 641523 622449 150130 410689 352353 340085 258378 135745 137889 725760 800163 653355 236765 154247 920252 795807 233357 625758 303859 698830 161412 408023 282698 432780 845201 525948 524575 883103 582586 311132 304483 356982 443847 725987 197848 732053 435046 163332 567373 356097 826496 822528 697567 285102 183597 522529 78910 366288 332208 420377 376738 129299 570512 48412 848419 751012 727397 211464 452444 322783 200059 253236 435053 121279 708832 141759 540168 506198 511500 179050 294788 525537 619068 704246 443288 160013 281325 457753 510411 380064 832958 819194 185203 146236
915891 497432 999999999 312678 382158 211829 611483 714133 856672 852541 791095 448652 137368 313523 492151 336024 834901 599209 590850 488931 646118 432396 719586 450418 582893 482793 535199 761061 290311 631658 929406 390608 283263 169194 718499 802832 336029 100641 471096 93760 425856 429024 35563 792839 462368 231074 787264 608497 767749 844554 401470 866627 883514 649653 987480 317471 454292 536381 289011 681777 477349 840287 488382 252820 188384 284574 297556 437485 565537 466960 505970 288398 479768 424614 512480 392382 309142 711655 859089 612556 745285 606494 115130 36098 902917 445000 202842 322591 426379 271567 815378 654297 604196 856125 560290 383559 579567 858668 560943 520180
603614 225166 312678 999999999 286493 136813 312006 432375 640865 540208 657896 384887 305484 248852 617888 551814 590528 462873 282201 270470 350844 391804 410050 260384 350519 511459 584744 555815 188260 330177 790512 571209 37899 412739 405964 602179 109693 212783 375104 229821 621071 330398 331719 714623 386372 226229 482764 323107 471164 638213 264147 652893 570978 351663 676378 335215 601469 604555 474324 369760 313357 548279 187625 303920 125549 369929 159944 243773 413388 218012 624942 534858 512396 293576 309908 355075 48335 401774 546892 320428 580713 302226 389659 332625 595015 133083 142403 306385 408473 483558 509304 363037 298852 546497 371058 194205 620388 698279 367449 319752
729890 244466 382158 286493 999999999 361301 374230 665225 910998 670912 944197 659791 469066 511919 834986 711158 847473 749303 393316 553451 571641 108328 500580 117081 244896 765677 834418 832071 112742 395536 1075960 755204 259706 545555 547635 878689 181629 331744 96840 362607 796973 609966 416895 998976 664041 151210 535168 562504 676388 912015 47199 923554 676571 399200 811322 120897 806473 847645 650777 526274 108688 756290 299015 157381 303443 191682 431296 117225 699873 196055 845724 669352 765247 49714 594168 80184 238203 496109 679355 356073 865097 386024 373748 373463 755454 351563 220582 560492 672341 643029 684616 386164 503463 701791 655605 480188 874496 981988 195080 167861
717920 360061 211829 136813 361301 999999999 447492 502363 657761 655197 624982 306415 170793 154673 490489 415002 627905 426399 413525 282421 436468 453074 539076 371656 478815 404610 474372 564438 248748 464960 762813 435878 128882 279850 523439 608393 219766 117493 457583 118281 485142 265223 220192 655667 313883 244702 615258 397294 557729 648661 354511 668491 691819 487265 785946 365864 470284 489641 337788 484681 418190 629136 323800 314448 61982 375107 95403 355296 384297 347126 498947 399488 404355 384069 310796 411899 162934 530446 661116 457019 563952 436153 313355 241137 697695 253225 146910 199292 312066 346828 609176 499587 399446 652967 364503 178193 513685 681141 484895 437720
355829 132427 611483 312006 374230 447492 999999999 371545 659024 297932 776516 617063 617391 522055 904413 861129 570369 618617 60757 412364 282059 463916 126427 260221 194350 769279 843824 607512 367088 21869 884580 874417 332338 724665 185127 650228 281348 516412 399626 537762 925659 556284 635583 876333 610452 440707 176787 304659 346657 671059 327109 672021 302910 39801 437469 488118 895390 870123 781750 177768 298550 420729 124760 498361 433476 552797 438427 257205 568039 179695 908773 846693 771924 336978 450366 450699 303138 121905 306527 32441 679182 26632 664532 624194 388475 209315 412317 582557 660650 793764 329038 60117 216114 334793 500509 415592 871713 780727 267832 245590
315054 447464 714133 432375 665225 502363 371545 999999999 290758 273894 451614 453434 644550 458530 780367 825230 198824 358583 316176 251420 95181 771599 318727 577047 559712 607675 671954 257597 600544 363614 535667 805251 470217 748072 227414 293592 497794 616870 725021 620637 856814 406708 721219 577065 437643 654217 392410 109271 86451 306593 624731 303561 334824 385215 348624 749717 792217 706121 743916 206682 629487 131848 373830 730342 534838 795655 425348 566204 324168 488709 777688 841037 612774 646318 255232 744797 466223 312414 273510 403986 351274 345517 810206 742302 247541 318516 574601 501380 514207 772668 170096 417390 166141 228800 259266 344683 682814 431734 625978 592418
548501 719061 856672 640865 910998 657761 659024 290758 999999999 529161 235502 457663 749964 548708 741190 854474 104173 294477 601274 378108 377002 1019324 608105 839110 841457 565558 605523 96945 827056 652670 264633 810243 676826 833095 515576 66138 731627 773640 983368 766321 855087 445238 852111 376307 439059 865357 677388 362394 347358 31179 876096 13042 589948 675116 545303 975820 769975 641197 783749 497343 894305 316662 641164 943072 708436 1008845 563481 826116 305244 754825 732455 891657 571891 901207 346965 987179 684774 602201 525575 691351 168792 632583 967221 890475 458926 561512 771841 562793 513348 821008 419467 707260 445195 469547 296411 479733 596775 171354 902887 865240
63436 426655 852541 540208 670912 655197 297932 273894 529161 999999999 720849 702009 820818 667140 1025613 1037405 425162 629175 281945 481353 256723 761800 174400 558056 477457 860959 929646 521997 650048 277545 790622 1030851 572205 930281 134534 550796 552689 752127 696341 766030 1083416 647694 869545 849880 688551 720020 188248 308024 191372 552623 624009 540380 61751 280490 141299 781669 1030462 962271 954737 170950 595562 215253 387576 785081 664311 843362 606539 554437 590456 474996 1025196 1039963 865443 634839 500708 748263 552292 177030 8797 320995 621614 284920 925918 872712 104458 407542 670304 720675 759536 976864 110360 304004 261497 63411 521461 545123 945101 689670 554542 539815
751989 800211 791095 657896 944197 624982 776516 451614 235502 720849 999999999 344324 663920 481617 553236 702410 322844 198853 715766 394857 510726 1049574 759283 898273 935036 392939 412071 200196 843377 776290 138603 645062 687454 723067 673219 182720 763943 727963 1029827 711835 682776 364417 777112 140990 329313 862612 839133 475259 529620 204324 918461 232110 782565 801991 762198 982113 590303 445466 644474 644691 954591 523419 722170 936765 684851 999265 532378 882997 245162 825184 541527 751924 399249 946844 352856 1012107 706075 751720 719105 806823 100623 750276 906192 827053 668282 623406 763204 469603 381303 684739 611491 832643 564545 667568 292064 466290 392503 91860 983594 940025
754965 585297 448652 384887 659791 306415 617063 453434 457663 702009 344324 999999999 319614 151940 327015 398965 475288 166259 562395 222664 445318 756939 657119 645116 721630 159553 231290 362543 549491 626301 481829 362829 403037 383964 598749 394271 493732 394280 753725 374484 411983 60782 433210 351289 18693 551100 743578 394064 536734 437124 645075 464442 756133 653111 799660 672230 340057 261825 326192 559243 698199 579660 519056 619343 368381 677598 228810 628542 155540 593073 324874 433994 163725 674920 201846 716389 430799 648007 704513 639712 313765 595482 563727 484736 699030 414563 452977 126067 61636 363369 614980 677066 457243 671960 198960 205623 255185 418584 749365 701988
882909 523010 137368 305484 469066 170793 617391 644550 749964 820818 663920 319614 999999999 201759 370322 251923 740289 477733 584318 401277 590257 538662 709656 510881 631595 345605 399852 653150 361864 635231 801367 286936 289935 109745 690823 692272 370233 137348 564265 106479 331280 309053 115220 658008 334830 323197 786038 546234 708972 734861 476744 758966 859798 657094 948124 430121 338369 403252 182900 651372 548966 775234 493108 366886 191615 409863 220442 495665 449596 503668 382595 229387 342692 503884 416385 496960 322953 700981 826351 625597 625922 606681 249141 172480 856592 423382 254669 194946 291638 182344 767404 668234 561487 814362 455834 300278 443954 735964 625486 580372
726192 465780 313523 248852 511919 154673 522055 458530 548708 667140 481617 151940 201759 999999999 382359 371566 539391 286486 474664 207991 418980 606749 586736 507302 597293 262607 336049 452058 400393 535220 620214 364937 260389 294441 546748 492089 353627 246689 607088 230376 417507 117204 304923 502445 160462 399250 670576 370302 530841 534413 500416 557937 713973 560778 783444 520342 375178 356964 289033 506026 558151 590377 409577 467525 216573 526326 89468 490647 252136 465426 386918 382655 263583 530283 217002 565860 291023 577579 671396 539583 431782 504314 427696 348872 686855 312739 301495 60616 161420 315052 598125 580160 406711 650148 254076 122019 371601 545754 616175 568463
1080141 841905 492151 617888 834986 490489 904413 780367 741190 1025613 553236 327015 370322 382359 999999999 204587 782062 455785 856406 544268 769206 908800 964631 861416 967564 178490 141266 655416 724444 917458 662698 128504 618356 333707 915752 675057 710253 505859 931288 475319 142177 378118 459335 469828 342776 692586 1049736 717917 863717 714711 837398 744571 1077842 943104 1126502 800203 49657 109780 207171 875378 905651 905553 790584 736570 537986 775798 467859 845214 468660 835119 16974 272756 172513 865890 528065 867011 652088 955440 1028565 921645 575310 886511 582438 520837 1025970 695098 615426 321893 267007 237241 941447 962427 773423 998011 523634 495085 168826 644535 975189 928139
1097136 773285 336024 551814 711158 415002 861129 825230 854474 1037405 702410 398965 251923 371566 204587 999999999 873587 560091 823065 574115 790506 768237 944216 761527 883511 310891 316819 760628 608691 877769 826223 76152 539941 167031 913720 789786 622123 383433 803575 353469 91877 427033 300520 644738 417639 560895 1024329 741520 900786 832141 723590 860439 1082304 900926 1155004 653480 155367 297031 82678 873188 797385 956561 738359 588838 443301 616697 434050 746585 554480 755357 221517 68767 304789 749519 572866 727900 573464 935253 1041929 871810 700383 848185 404500 356798 1058151 658915 504143 323891 341214 69619 969573 914316 776101 1021698 590186 493136 356186 789484 875862 831317
444563 641523 834901 590528 847473 627905 570369 198824 104173 425162 322844 475288 740289 539391 782062 873587 999999999 326277 514706 346110 291164 955329 510541 767210 757755 603678 653012 133987 771638 562215 368095 837129 627839 832138 417530 140164 672186 745368 913919 742100 884907 449780 834638 462852 456746 816756 576906 286656 245883 129803 809723 115217 485841 583353 443959 921600 805568 688938 798093 402492 821142 212569 565489 894411 672739 960415 537422 755267 320126 680428 775226 903762 609759 833218 324381 925612 631135 505122 421489 602809 237267 544331 941123 866977 355499 495933 727907 564262 535219 832944 315709 615510 361726 365379 287906 451459 650697 271368 822620 787452
673491 622449 599209 462873 749303 426399 618617 358583 294477 629175 198853 166259 477733 286486 455785 560091 326277 999999999 558716 211870 384472 853565 626019 710349 759750 277440 328760 202309 646430 622265 336414 516441 490927 549210 550597 229730 570639 531305 837087 516648 562307 170203 587997 260747 148219 663932 711012 338319 444963 272243 725713 300354 688448 649042 704209 783686 480168 364528 490520 515545 766280 468954 546743 737926 486046 800429 333527 694584 51939 642414 449045 598832 283549 754606 170611 815474 511204 617515 629740 646549 148616 593607 713843 634839 603637 443422 564465 283314 219228 528528 528618 677581 421243 587328 118699 269423 331432 259459 801994 756830
343637 150130 590850 282201 393316 413525 60757 316176 601274 281945 715766 562395 584318 474664 856406 823065 514706 558716 999999999 353914 224492 490210 128759 285685 243948 716519 790815 547743 368387 64379 824290 832299 307836 693083 154355 590820 273205 492892 431343 511718 884070 501710 612429 815941 555023 439271 201807 244559 299318 612509 347230 614297 299246 91402 423238 500720 849541 817994 742470 135501 330890 376299 107098 503187 407087 561528 394138 279365 508375 198069 860078 812583 719401 361594 391196 472351 282352 120988 289997 91620 618509 34914 653174 606705 362178 164548 397588 534746 607959 756858 293287 118867 156744 308580 440412 363803 817490 720551 313020 284395
536275 410689 488931 270470 553451 282421 412364 251420 378108 481353 394857 222664 401277 207991 544268 574115 346110 211870 353914 999999999 225043 660498 437628 503431 547888 382206 453453 288220 458719 418232 523246 556969 304058 500758 376171 333980 371961 399687 636298 395997 609054 166452 489753 472615 211077 490130 524179 173834 327417 371938 525195 389409 534249 445247 586328 604338 550342 484472 492588 336861 559738 383140 334899 567452 330620 632825 191378 488140 159966 431993 543912 589892 386293 553118 42166 624860 317380 428626 484308 438763 311720 388427 595232 520868 487251 231753 394692 250236 278473 521296 400232 472167 235154 455403 102976 105379 474162 428581 591299 546741
311297 352353 646118 350844 571641 436468 282059 95181 377002 256723 510726 445318 590257 418980 769206 790506 291164 384472 224492 225043 999999999 677499 248695 481984 466684 604404 673631 329075 510936 276419 608415 778923 388169 697372 166616 370091 407574 546693 630038 553901 831321 391137 656644 625465 432026 567717 330384 51315 121716 389235 530530 390009 311426 299840 364545 659148 775154 705939 708010 134395 534313 197439 278729 642754 461571 707493 370107 471285 341078 393552 768592 799069 608834 551692 244356 651455 380617 241026 259419 314360 410602 255590 736281 672032 268273 229179 493008 469206 502873 733153 179246 331790 71058 231758 270415 298174 690423 504014 531705 497527
818682 340085 432396 391804 108328 453074 463916 771599 1019324 761800 1049574 756939 538662 606749 908800 768237 955329 853565 490210 660498 677499 999999999 588621 204778 305092 853750 920038 940230 208293 484294 1182241 819280 362662 601218 643483 986847 289328 403358 76492 433640 857287 709536 467957 1100283 762377 217062 613087 669889 779571 1020303 147001 1031881 762053 483973 900577 116891 876573 930652 715446 625015 168574 859189 401819 180423 392415 175220 530115 211087 804750 292503 920674 719637 852820 128669 700890 41990 343833 585104 770416 441792 971902 478879 394834 415445 850602 459553 306918 651638 765047 702532 783323 466345 608540 796793 762261 584142 961440 1089070 236325 229678
230086 258378 719586 410050 500580 539076 126427 318727 608105 174400 759283 657119 709656 586736 964631 944216 510541 626019 128759 437628 248695 588621 999999999 385975 303927 815181 888246 573487 490239 105051 852957 949275 436487 818926 93079 611674 399175 621443 522228 639827 1001498 597630 740942 873185 647314 562857 86562 288958 268071 625164 453430 620696 176674 106098 311958 614396 961406 917581 862753 114656 421643 330868 234084 623082 535301 678569 511449 383467 579047 306016 967006 936756 818661 462591 469025 576640 411077 9192 183155 146969 658996 118969 780955 735406 271197 286555 525799 645487 707806 879155 226623 130938 205374 218852 508259 469615 911161 748638 380782 365434
615917 135745 450418 260384 117081 371656 260221 577047 839110 558056 898273 645116 510881 507302 861416 761527 767210 710349 285685 503431 481984 204778 385975 999999999 137051 769214 841483 767079 160555 281068 1024613 796286 247657 601551 438710 813355 153917 378880 148277 408264 842021 589729 482609 967744 646083 229437 418141 480623 578413 843451 70618 851967 561161 283128 697643 236765 838671 859184 693244 420836 56386 657497 203272 262805 324676 306207 419563 16657 659037 89361 870301 728029 769762 76787 545497 190696 216280 381970 566614 240183 812250 274265 465458 449713 645867 279917 257586 562601 668078 692016 578953 269190 411566 592061 606237 448652 878521 926416 114699 70144
528992 137889 582893 350519 244896 478815 194350 559712 841457 477457 935036 721630 631595 597293 967564 883511 757755 759750 243948 547888 466684 305092 303927 137051 999999999 859018 933050 781427 295557 209271 1052435 912694 349972 727803 377765 826062 261753 505031 231213 533045 960376 662714 613943 1020479 719454 366178 312383 479932 540604 850736 202952 854498 467874 198813 610532 365457 949022 954140 811558 372074 140291 615079 213382 398019 440745 436536 507829 147166 707828 132546 975029 854411 860371 196357 589451 305269 315977 302784 486252 163802 842068 217897 602399 584332 574903 316632 384368 656088 753365 813911 521751 173453 396750 522055 646701 516959 967007 950318 77215 77802
913148 725760 482793 511459 765677 404610 769279 607675 565558 860959 392939 159553 345605 262607 178490 310891 603678 277440 716519 382206 604404 853750 815181 769214 859018 999999999 74717 477950 652966 779801 515359 252285 521670 364207 758216 499469 615322 459952 862131 433132 292305 217659 457393 338141 172410 638639 901482 553225 692341 540005 758502 569584 915483 806350 955621 756396 204438 102479 261774 718615 819120 730475 664813 697141 462655 747770 351811 752574 291035 727587 172685 365067 6414 788209 360282 811970 553092 806037 863304 790197 402155 748805 591557 517323 854679 562740 547447 206878 108632 302466 772013 828896 616536 829482 348948 353749 109395 481723 878724 831011
980599 800163 535199 584744 834418 474372 843824 671954 605523 929646 412071 231290 399852 336049 141266 316819 653012 328760 790815 453453 673631 920038 888246 841483 933050 74717 999999999 523179 721690 854205 522477 247440 593826 401440 829607 539575 687571 521840 931111 493756 276535 290682 507216 332211 242454 703818 974650 622675 757452 578142 828843 608185 985036 880794 1020538 819919 181449 35936 285716 790287 890737 791764 739511 759368 530979 807484 425452 824865 350239 801406 129566 378850 72767 858435 429296 878123 625659 879121 931708 864861 438015 823225 639708 568469 919464 637445 614963 278933 183214 324679 838302 903484 688395 896214 412712 428365 44611 503491 951669 903965
551868 653355 761061 555815 832071 564438 607512 257597 96945 521997 200196 362543 653150 452058 655416 760628 133987 202309 547743 288220 329075 940230 573487 767079 781427 477950 523179 999999999 743496 603962 279641 718643 590789 736248 483949 46618 651124 679515 908469 671315 764610 348396 755890 336016 343874 778082 649614 303332 331383 84238 799401 105883 583748 628193 562957 890940 681721 559096 688721 459316 823010 323497 574546 855534 616679 920993 469596 753284 208870 685710 647668 796327 484184 825592 254303 906594 601153 566572 519948 639238 105814 580882 872249 795114 468228 487293 682902 465922 419463 725573 412159 659901 391416 467715 200975 387074 518717 175231 838481 798508
712010 236765 290311 188260 112742 248748 367088 600544 827056 650048 843377 549491 361864 400393 724444 608691 771638 646430 368387 458719 510936 208293 490239 160555 295557 652966 721690 743496 999999999 388906 977302 648792 156042 445614 518945 789953 103572 225639 209444 256163 692250 501334 323079 891993 554490 74684 541221 493253 624439 825424 115022 839263 665902 399966 791232 150019 697285 735095 544614 490884 189039 704186 262658 135683 190733 197813 321969 148560 598252 195027 734822 571426 652517 142108 497917 169152 142401 484066 657964 358031 768391 371281 309280 289209 723952 282159 109021 448022 560267 539689 645669 395756 447797 671514 558881 377189 761758 886142 270865 229976
334848 154247 631658 330177 395536 464960 21869 363614 652670 277545 776290 626301 635231 535220 917458 877769 562215 622265 64379 418232 276419 484294 105051 281068 209271 779801 854205 603962 388906 999999999 882030 889781 351587 742910 168537 646012 302576 536078 419182 557011 941217 565574 655389 878707 619130 462467 155900 302358 334242 665614 348382 665627 281311 27024 416594 509785 909363 881040 798001 164908 318222 406823 143870 520229 452555 574598 452757 278417 572148 201373 921500 864390 782590 357759 455296 471680 322929 100914 286188 45591 678232 31047 685781 644793 369544 222881 433087 595577 671189 810709 312578 56364 213042 316005 503788 426534 881302 777926 284135 264025
812598 920252 929406 790512 1075960 762813 884580 535667 264633 790622 138603 481829 801367 620214 662698 826223 368095 336414 824290 523246 608415 1182241 852957 1024613 1052435 515359 522477 279641 977302 882030 999999999 764574 821261 857269 762858 242331 894837 866503 1159528 850438 798362 503012 914976 198335 467260 998919 928069 579955 603870 238581 1048438 255073 851935 906687 809470 1117832 703788 552983 773050 738914 1080997 580487 841499 1073624 822305 1136533 669635 1009758 380631 948315 649350 879153 521438 1076330 481981 1145471 838408 846118 787531 915909 212368 858005 1044524 965394 723469 746566 899720 607510 515781 813658 680339 938189 669017 732368 420530 601094 495489 104427 1105023 1062793
1088909 795807 390608 571209 755204 435878 874417 805251 810243 1030851 645062 362829 286936 364937 128504 76152 837129 516441 832299 556969 778923 819280 949275 796286 912694 252285 247440 718643 648792 889781 764574 999999999 564145 223287 911684 744685 651154 423713 849614 392932 52594 399847 355836 578664 381084 607184 1031671 728666 884161 786345 763679 815336 1078679 914023 1142740 706533 79215 224681 104434 870961 835661 935152 754236 641973 472753 674676 438404 780754 517059 782124 145455 144664 245932 790777 550243 778194 598166 940177 1034811 887678 651129 859493 469472 415212 1044139 667839 541397 310206 302054 120612 956630 929759 771339 1010657 560029 486428 284609 734003 910985 865244
635641 233357 283263 37899 259706 128882 332338 470217 676826 572205 687454 403037 289935 260389 618356 539941 627839 490927 307836 304058 388169 362662 436487 247657 349972 521670 593826 590789 156042 351587 821261 564145 999999999 394405 437707 637019 93756 185147 351464 205439 612860 351150 304706 739274 406064 189115 506130 360954 508150 673569 242064 688761 600907 371501 709486 300333 599056 611746 464719 402469 297775 585564 207729 266895 101260 332883 174521 231043 442389 218270 626337 518650 522155 271895 342525 324679 34066 428486 579090 337550 612575 325031 355015 300963 629705 167106 104842 314961 421685 470891 544657 380113 334898 580574 403242 221512 631021 730427 358873 311327
992244 625758 169194 412739 545555 279850 724665 748072 833095 930281 723067 383964 109745 294441 333707 167031 832138 549210 693083 500758 697372 601218 818926 601551 727803 364207 401440 736248 445614 742910 857269 223287 394405 999999999 800524 772559 468968 222999 637157 194828 256700 387858 133810 697114 401369 394779 894636 652277 815000 815514 559981 841205 969525 764250 1056823 486642 291769 394992 126540 761020 634653 879431 600048 421981 293772 451839 327332 587187 528394 603112 348829 126641 359699 585154 511393 560873 426432 810292 935749 731668 697489 714738 248797 192016 964520 532870 344304 270341 341802 102995 875269 774285 670505 922969 544673 403506 445785 801598 715072 671659
197958 303859 718499 405964 547635 523439 185127 227414 515576 134534 673219 598749 690823 546748 915752 913720 417530 550597 154355 376171 166616 643483 93079 438710 377765 758216 829607 483949 518945 168537 762858 911684 437707 800524 999999999 520967 419962 618211 582374 632733 964255 541234 736058 791265 587175 587692 166016 212797 175401 533192 501434 528106 169187 181416 273745 654488 916780 860572 831260 40726 481341 241554 256427 654462 530438 714126 480272 433135 506063 352079 916712 912852 762185 515077 402642 626518 417832 88190 141606 214106 572637 165792 791419 738330 207826 273638 535900 602832 653074 851415 144058 211597 142345 154239 435094 425593 849323 658740 452553 430391
576721 698830 802832 602179 878689 608393 650228 293592 66138 550796 182720 394271 692272 492089 675057 789786 140164 229730 590820 333980 370091 986847 611674 813355 826062 499469 539575 46618 789953 646012 242331 744685 637019 772559 520967 999999999 697735 722826 954974 713853 789265 385174 796687 323062 375771 824045 685889 346943 362253 42983 845975 70703 612407 669844 581909 937240 703896 575286 719923 498161 869233 345471 620094 901423 661402 966801 513287 799624 244194 731655 666355 828063 505807 872124 299161 953191 647633 605039 548163 682136 104329 623600 914703 837180 490300 533649 728533 502682 448927 757559 440458 701707 434174 494242 244046 431622 531410 139246 883865 844203
615330 161412 336029 109693 181629 219766 281348 497794 731627 552689 763943 493732 370233 353627 710253 622123 672186 570639 273205 371961 407574 289328 399175 153917 261753 615322 687571 651124 103572 302576 894837 651154 93756 468968 419962 697735 999999999 248269 266451 274458 698643 439914 363503 823927 495698 167844 458086 391205 520895 731686 155113 744055 572433 317695 693386 251924 689438 705450 549808 390168 204836 600621 166110 237934 179021 301189 266516 137294 520492 134146 718626 595191 615852 184257 412881 255656 62992 392287 560369 278528 683670 281046 383206 345222 623084 179286 133412 408684 514672 552572 543470 319497 344234 571144 474337 303198 724647 800421 265521 218135
815448 408023 100641 212783 331744 117493 516412 616870 773640 752127 727963 394280 137348 246689 505859 383433 745368 531305 492892 399687 546693 403358 621443 378880 505031 459952 521840 679515 225639 536078 866503 423713 185147 222999 618211 722826 248269 999999999 426948 30869 466638 363690 119560 745152 405249 186734 691070 510222 668398 763626 340661 784160 783753 555173 886855 298471 475382 529747 319359 581299 413994 741734 392274 237553 87824 288567 210170 364337 492726 382074 517470 349633 458168 367285 426919 361457 213293 613364 758627 519539 673299 509990 195875 125546 802373 344611 121367 272254 384754 314224 714955 561767 503713 755491 478809 294959 564640 789273 492821 448920
751728 282698 471096 375104 96840 457583 399626 725021 983368 696341 1029827 753725 564265 607088 931288 803575 913919 837087 431343 636298 630038 76492 522228 148277 231213 862131 931111 908469 209444 419182 1159528 849614 351464 637157 582374 954974 266451 426948 999999999 457807 890456 702611 506357 1089647 757335 242803 541812 627277 726331 986460 111414 996133 693474 416570 833674 172628 902195 944470 745196 566841 101116 805193 351429 228808 400177 239969 524929 158889 786863 237511 942166 759409 861767 83241 677766 93033 326947 519311 705041 375354 947675 416674 448965 458942 787988 421997 317394 656579 767928 736052 724286 396907 559750 734241 739149 569268 971050 1063504 160359 158215
829181 432780 93760 229821 362607 118281 537762 620637 766321 766030 711835 374484 106479 230376 475319 353469 742100 516648 511718 395997 553901 433640 639827 408264 533045 433132 493756 671315 256163 557011 850438 392932 205439 194828 632733 713853 274458 30869 457807 999999999 436095 347523 103745 724273 386365 217296 711270 515435 675379 755163 371176 776535 799490 576858 899237 327627 444576 500849 288609 595081 444218 747278 413165 265890 104679 314639 204725 393521 480032 408574 487051 321381 431140 397949 420767 391784 235476 631579 772312 542208 660538 530221 200936 124893 812930 359329 150718 250496 361432 284114 724886 584629 514150 767051 470341 290643 536856 775569 522449 478200
1141417 845201 425856 621071 796973 485142 925659 856814 855087 1083416 682776 411983 331280 417507 142177 91877 884907 562307 884070 609054 831321 857287 1001498 842021 960376 292305 276535 764610 692250 941217 798362 52594 612860 256700 964255 789265 698643 466638 890456 436095 999999999 450851 390510 608559 430023 647666 1083711 781000 936098 830518 807268 859776 1131273 965312 1195010 743202 95496 249114 148931 923532 880072 986426 804978 678536 519790 707844 490399 826688 565186 830411 158363 155934 285891 833877 601671 816624 646804 992408 1087362 938503 693904 911013 496370 447820 1096284 719556 585854 362753 350739 154778 1008887 980678 823933 1063035 610022 539021 309224 772773 956674 911334
702030 525948 429024 330398 609966 265223 556284 406708 445238 647694 364417 60782 309053 117204 378118 427033 449780 170203 501710 166452 391137 709536 597630 589729 662714 217659 290682 348396 501334 565574 503012 399847 351150 387858 541234 385174 439914 363690 702611 347523 450851 999999999 418030 391615 56812 508656 683997 339833 487891 428056 592906 453415 700674 592371 749633 629736 386227 320130 349274 501407 643532 535648 458839 579651 326770 640061 179442 573238 141151 535057 377504 454070 221330 622644 151638 669633 377296 588496 650541 578958 317322 534740 543732 464691 649582 354112 409398 117585 112068 383311 564022 616285 399241 620179 163387 145891 315788 429653 692269 645085
932740 524575 35563 331719 416895 220192 635583 721219 852111 869545 777112 433210 115220 304923 459335 300520 834638 587997 612429 489753 656644 467957 740942 482609 613943 457393 507216 755890 323079 655389 914976 355836 304706 133810 736058 796687 363503 119560 506357 103745 390510 418030 999999999 773222 447804 265704 810532 617187 777918 838812 435207 861712 902370 674177 1002973 352959 420605 506952 254951 698598 510918 848954 511658 288320 206197 318904 299304 469331 556721 495795 473434 253056 454073 458806 510758 427939 332472 732835 875876 637980 735282 629475 134479 61908 916572 462486 231355 307512 406847 236415 828430 680023 617822 870790 555904 384831 551737 847156 593932 552559
884577 883103 792839 714623 998976 655667 876333 577065 376307 849880 140990 351289 658008 502445 469828 644738 462852 260747 815941 472615 625465 1100283 873185 967744 1020479 338141 332211 336016 891993 878707 198335 578664 739274 697114 791265 323062 823927 745152 1089647 724273 608559 391615 773222 999999999 342038 899949 955846 584643 658700 345137 978766 372482 911299 905197 898863 1021108 513194 360240 599914 759691 1023247 658993 807487 969786 717550 1028711 570757 951722 312655 902203 455677 702248 343656 1008134 431276 1060742 762706 865125 848759 905043 230887 850844 906799 828803 803247 704055 800883 473805 366545 640605 741964 934569 671900 799175 376443 520763 301180 218950 1061831 1016274
740886 582586 462368 386372 664041 313883 610452 437643 439059 688551 329313 18693 334830 160462 342776 417639 456746 148219 555023 211077 432026 762377 647314 646083 719454 172410 242454 343874 554490 619130 467260 381084 406064 401369 587175 375771 495698 405249 757335 386365 430023 56812 447804 342038 999999999 558477 733848 380880 521417 418645 648073 445889 743211 646022 784536 679666 357066 274034 344850 547938 699673 563138 514948 627767 375842 686788 232760 629565 136895 591868 340110 452605 176957 677866 187879 722102 432925 638235 690898 633746 296139 588430 577495 498410 683776 409956 459826 140292 79326 381952 600257 670534 446172 657487 181795 202535 263898 402092 749009 701793
782428 311132 231074 226229 151210 244702 440707 654217 865357 720020 862612 551100 323197 399250 692586 560895 816756 663932 439271 490130 567717 217062 562857 229437 366178 638639 703818 778082 74684 462467 998919 607184 189115 394779 587692 824045 167844 186734 242803 217296 647666 508656 265704 899949 558477 999999999 615456 545473 684319 861343 172549 877184 737854 474143 860915 121190 661565 713816 502826 557976 248597 763450 332587 77794 182723 143768 331334 219209 618287 269709 704192 518182 637468 194018 526802 175081 188028 556455 727783 432409 793765 443923 236372 224211 790811 338946 99593 439525 553614 493253 710514 470371 507832 738966 586280 398850 745633 911842 334137 296796
226286 304483 787264 482764 535168 615258 176787 392410 677388 188248 839133 743578 786038 670576 1049736 1024329 576906 711012 201807 524179 330384 613087 86562 418141 312383 901482 974650 649614 541221 155900 928069 1031671 506130 894636 166016 685889 458086 691070 541812 711270 1083711 683997 810532 955846 733848 615456 999999999 373065 331092 696420 488280 689665 160649 141331 304954 653482 1045628 1003849 943394 196278 444569 382874 298946 669628 606623 720829 593312 418936 664566 348583 1052362 1014390 904919 492509 555353 606753 478261 95615 196457 183352 738577 181100 841212 800677 292702 365414 588981 729767 793956 958427 273067 149054 291333 247090 593665 554660 997707 824128 388680 383840
362441 356982 608497 323107 562504 397294 304659 109271 362394 308024 475259 394064 546234 370302 717917 741520 286656 338319 244559 173834 51315 669889 288958 480623 479932 553225 622675 303332 493253 302358 579955 728666 360954 652277 212797 346943 391205 510222 627277 515435 781000 339833 617187 584643 380880 545473 373065 999999999 162767 370815 523717 375414 362382 327487 414188 642898 724086 654852 659161 177236 534806 231846 279726 621889 427000 687378 325798 468612 293270 394316 717279 751625 557627 546780 193387 641400 357445 280730 310734 336148 376358 278067 702444 635767 316631 212287 465334 419347 451558 685071 228238 358655 89472 282121 222298 250601 639947 476068 540493 503218
229053 443847 767749 471164 676388 557729 346657 86451 347358 191372 529620 536734 708972 530841 863717 900786 245883 444963 299318 327417 121716 779571 268071 578413 540604 692341 757452 331383 624439 334242 603870 884161 508150 815000 175401 362253 520895 668398 726331 675379 936098 487891 777918 658700 521417 684319 331092 162767 999999999 368062 633048 359397 253016 351671 263283 770552 874081 791408 818806 169334 627347 80043 377816 758090 583247 822026 488530 569596 410456 489059 861490 913116 697332 651658 336353 756572 498727 263565 190062 378292 430251 322722 857788 793747 162372 345580 612858 577229 596970 845893 84171 383158 176716 142719 344796 412647 768927 501495 611918 583501
574059 725987 844554 638213 912015 648661 671059 306593 31179 552623 204324 437124 734861 534413 714711 832141 129803 272243 612509 371938 389235 1020303 625164 843451 850736 540005 578142 84238 825424 665614 238581 786345 673569 815514 533192 42983 731686 763626 986460 755163 830518 428056 838812 345137 418645 861343 696420 370815 368062 999999999 878242 30144 613758 688673 573192 973428 744425 613700 762628 513120 899020 341928 647605 938892 700867 1004454 553777 830080 287131 760372 705653 870820 546368 903903 338505 987334 683024 618965 549343 703242 140334 644503 956076 878760 485289 564516 766598 545587 491471 800354 442509 720735 455869 493902 284907 471302 568361 142187 910528 871901
682832 197848 401470 264147 47199 354511 327109 624731 876096 624009 918461 645075 476744 500416 837398 723590 809723 725713 347230 525195 530530 147001 453430 70618 202952 758502 828843 799401 115022 348382 1048438 763679 242064 559981 501434 845975 155113 340661 111414 371176 807268 592906 435207 978766 648073 172549 488280 523717 633048 878242 999999999 888769 629379 352019 764311 166153 811258 843920 659559 480837 76088 712794 255238 195145 300411 235837 416388 70027 675454 149462 847383 685395 758465 29882 566562 125131 216183 449002 632473 308884 836734 339190 404782 396623 709202 314832 222804 551954 661751 654656 639250 339241 461545 655491 627974 458168 867785 952836 161892 127978
558911 732053 866627 652893 923554 668491 672021 303561 13042 540380 232110 464442 758966 557937 744571 860439 115217 300354 614297 389409 390009 1031881 620696 851967 854498 569584 608185 105883 839263 665627 255073 815336 688761 841205 528106 70703 744055 784160 996133 776535 859776 453415 861712 372482 445889 877184 689665 375414 359397 30144 888769 999999999 601031 688036 554436 987924 774020 643762 790316 510099 907189 327325 654133 954876 719533 1020616 574039 838944 312975 767754 735589 898371 575939 913934 357736 999638 696948 614831 536692 704352 170462 645586 977462 900549 468989 574239 783431 571000 519498 827802 430860 720183 458233 480476 306349 490577 598505 164134 915905 878226
67073 435046 883514 570978 676571 691819 302910 334824 589948 61751 782565 756133 859798 713973 1077842 1082304 485841 688448 299246 534249 311426 762053 176674 561161 467874 915483 985036 583748 665902 281311 851935 1078679 600907 969525 169187 612407 572433 783753 693474 799490 1131273 700674 902370 911299 743211 737854 160649 362382 253016 613758 629379 601031 999999999 278284 144343 791013 1081086 1017218 999761 209337 593952 274699 406341 799371 696259 855215 649252 559356 648721 482597 1077950 1082019 919814 637442 555741 751803 578433 182157 64415 321007 683265 294978 951360 901807 149281 440250 695381 768987 812719 1020375 171954 296625 307342 121056 579160 592253 1001616 751204 544942 535422
335172 163332 649653 351663 399200 487265 39801 385215 675116 280490 801991 653111 657094 560778 943104 900926 583353 649042 91402 445247 299840 483973 106098 283128 198813 806350 880794 628193 399966 27024 906687 914023 371501 764250 181416 669844 317695 555173 416570 576858 965312 592371 674177 905197 646022 474143 141331 327487 351671 688673 352019 688036 278284 999999999 417120 515580 934522 907487 821516 182948 316303 422214 164219 529208 472710 581765 477667 282058 599000 208395 947292 886416 809102 359217 482253 473639 341887 104207 289250 43198 703673 57632 700472 661709 376251 248136 449616 621212 697726 833564 324492 32174 238035 323274 530519 452928 908063 802483 275254 259417
81949 567373 987480 676378 811322 785946 437469 348624 545303 141299 762198 799660 948124 783444 1126502 1155004 443959 704209 423238 586328 364545 900577 311958 697643 610532 955621 1020538 562957 791232 416594 809470 1142740 709486 1056823 273745 581909 693386 886855 833674 899237 1195010 749633 1002973 898863 784536 860915 304954 414188 263283 573192 764311 554436 144343 417120 999999999 922776 1135755 1054604 1072469 307065 733374 240304 528661 926340 799108 984652 730237 694551 672380 615632 1124514 1162227 960602 774352 598560 888167 690934 315681 133277 458840 668058 425626 1064123 1008914 101083 543298 809109 833517 859568 1097080 186132 437966 386913 133931 607826 662228 1031202 715219 687725 676164
841985 356097 317471 335215 120897 365864 488118 749717 975820 781669 982113 672230 430121 520342 800203 653480 921600 783686 500720 604338 659148 116891 614396 236765 365457 756396 819919 890940 150019 509785 1117832 706533 300333 486642 654488 937240 251924 298471 172628 327627 743202 629736 352959 1021108 679666 121190 653482 642898 770552 973428 166153 987924 791013 515580 922776 999999999 766170 828218 603309 629722 227059 850530 399649 64666 303882 71439 451942 234602 737328 308423 812683 603602 754961 169176 642349 81165 291265 609333 789928 472390 911217 497440 278892 299098 861749 431206 220382 559589 673742 588645 786824 504467 594455 808522 702620 516880 862366 1029265 311107 288022
