NAME : synthetic_000085
TYPE : CTSP-D
DIMENSION : 100
GROUPS : 8
RELAXATION_LEVEL : 1
EDGE_WEIGHT_TYPE : EXPLICIT
EDGE_WEIGHT_FORMAT : FULL_MATRIX
EDGE_WEIGHT_SECTION
999999999 912247 833914 981454 344417 509728 591738 134337 715853 115472 1036512 707154 955218 211332 926344 194006 137466 1098445 754868 56539 745745 461118 451857 316296 731528 511689 163945 854895 233593 388268 414320 904915 534368 662896 827492 653745 539549 568036 773446 511724 596068 643092 377162 175724 413377 165080 210419 1110386 615749 536034 213690 368396 158018 257486 1153183 818430 853224 723330 329930 191799 543967 433740 114781 860255 843825 96135 794373 506398 270646 794266 864190 941848 427331 975858 796768 200627 110225 637036 545565 182143 291846 413142 868152 585245 934889 73421 462237 1029279 828294 655892 371145 713865 282026 785866 659349 951164 606888 722786 216571 685247
912247 999999999 154125 122802 572439 759534 402287 909247 636639 806260 124519 353638 43030 1084658 426983 736328 821830 217803 682248 899825 644980 813794 700493 596010 332404 600327 881674 363488 1103317 581462 694471 9782 633704 315765 90742 458363 382027 349336 868662 742763 737284 344116 584992 904475 755243 1040619 785755 240593 432459 595505 804840 858819 754232 771839 252188 105405 671847 538298 744915 722168 391851 575304 892586 92834 215708 896975 266617 440827 716657 210028 165612 62708 588780 103456 630298 785121 890655 832549 762091 740831 623469 718884 124982 814827 315801 842540 809682 133636 247280 633975 646856 449975 884933 132924 406290 129801 589315 717549 903143 416136
833914 154125 999999999 276789 489650 618378 415161 811404 696424 736905 251522 409720 180509 1021990 544835 646858 761838 267204 747721 813342 710649 816282 566411 524733 396529 611932 780088 217386 1042095 472057 565612 144650 492048 185721 157429 503152 346030 311077 714943 756732 768429 368080 478257 854205 624224 975997 738185 276934 291617 455069 699658 842968 677968 733474 328689 81356 757040 384422 625547 642252 291073 454724 832392 61394 321964 804707 352842 334092 675493 291566 281399 135616 467534 257578 707257 735266 829695 683011 782386 675734 558347 711906 38551 668099 195911 761448 672862 210888 347126 482472 529470 512963 853136 96678 448924 279109 625061 774682 859711 468893
981454 122802 276789 999999999 651664 872489 425678 992093 605306 870885 114075 345775 109336 1140381 346978 815983 879548 256418 644170 974914 608016 824839 809259 667117 319756 611417 967395 484733 1157762 676754 800016 132161 747616 428413 166363 450270 441997 413820 990563 746615 727211 365323 678608 953644 861655 1098296 835335 283974 547577 708926 893892 883092 824647 815061 256947 218721 615895 660479 843940 795717 488180 677318 949166 215406 179339 976116 242293 538327 763375 205919 134469 165108 690972 21073 583457 836362 947820 951037 760234 803851 689640 740018 247349 931348 429967 914706 919541 180949 210988 754194 745856 425976 920770 238676 404657 39211 581045 685791 947304 404510
344417 572439 489650 651664 999999999 384518 322301 340556 568873 250208 696954 434642 615125 535993 670336 164516 283669 754096 622111 327609 597587 473858 297297 55469 452877 365956 317621 532445 556825 116875 261439 564637 322194 323622 491189 425103 222598 242463 635172 463106 524939 354927 104566 384871 312101 489256 282343 765978 302969 299809 250610 445954 188598 298461 809557 475630 696231 452689 245770 152641 201280 172419 351436 516358 536016 325122 498091 170103 244566 482271 546084 598751 177501 643684 633186 275260 348037 520011 501165 195503 94743 367967 523735 473512 602705 272452 386960 685883 527913 431439 175332 482113 417475 443444 405419 624965 449327 613356 400981 438029
509728 759534 618378 872489 384518 999999999 676787 396354 950637 499217 869534 773347 794303 714222 1003121 365725 554630 863143 1004768 456714 978668 838233 87304 430646 784158 750461 357140 508952 736102 273085 124540 749832 126336 444373 709806 791248 550566 550206 269390 841051 907498 689765 282866 651498 96978 670956 596430 862570 327579 164038 296398 786132 441274 632084 932287 655441 1073758 301743 185305 411966 408370 231947 593882 672752 821088 421757 804690 362662 592944 767086 810457 753891 220712 857144 1010687 585265 588773 139263 879649 492041 459334 740324 656426 89587 608235 454843 69977 825339 825436 191871 210001 842861 728925 633824 760346 859806 832097 997683 684494 793939
591738 402287 415161 425678 322301 676787 999999999 636734 307498 476444 511620 116849 441482 726058 349419 463941 472694 619328 363279 598946 329598 411825 592086 307420 139969 199844 622764 578826 741920 409384 563781 399038 580200 366491 312922 118612 130848 146265 892311 344380 353721 60411 402823 535019 621696 686772 419061 640612 445993 545434 566892 459315 445801 393418 652432 351293 408638 620298 565681 427445 297079 444841 538865 400358 261558 610809 205580 327683 345741 220684 293747 455152 456242 426966 347433 421951 538340 799506 367955 409665 312591 317559 430127 760258 600430 534599 694826 535853 240767 654833 482607 166097 495337 323122 84251 389221 214305 377425 524981 117712
134337 909247 811404 992093 340556 396354 636734 999999999 806374 200345 1033420 753523 951448 320173 983221 177278 246370 1078607 850093 78971 836633 578882 352039 333547 775408 595096 39919 798558 341635 341623 319588 901040 443295 630161 830502 716719 559091 581973 652026 619388 701935 680706 333983 307927 303753 279386 316533 1087416 561335 453040 119687 493016 196668 364311 1138356 809104 943682 641941 231858 209348 522171 373461 245744 846194 872462 40400 829759 477326 360284 819754 885462 930527 363761 983787 884339 305003 240803 515442 655463 248159 324164 516055 848003 464647 886197 125331 341484 1016208 861553 560522 300691 777217 410849 777934 712732 965507 691197 823192 348168 741968
715853 636639 696424 605306 568873 950637 307498 806374 999999999 610421 714938 288062 666040 770648 321559 661951 578448 847539 56112 745388 30274 317237 863473 530991 305603 213177 806276 879862 779029 677603 829505 637163 868620 673410 561265 196235 433457 453277 1185178 232114 162814 335350 667838 587246 880874 745447 506006 872925 751694 836875 774504 417006 612941 460466 860954 621373 137589 926656 809407 613047 600581 723480 622178 666521 429939 770955 371491 625048 448021 426681 480381 698061 732841 616285 82973 515335 624274 1081893 218055 558398 514358 307728 702257 1038242 890149 683958 955753 763218 397086 954173 743735 186965 497748 599842 249242 566489 120218 81060 557594 227559
115472 806260 736905 870885 250208 499217 476444 200345 610421 999999999 929984 591714 849290 285878 811362 137164 56090 998353 652294 135013 640575 381648 427317 212572 616160 402167 210237 778097 306624 319684 386750 799290 495993 573800 719881 539166 429083 458966 768550 419067 501625 528343 306856 154726 403194 239357 117505 1011677 542184 489497 216415 303618 67307 164667 1050679 715529 748005 669436 314070 106202 451268 372632 105719 759053 729825 162302 679581 419164 162406 680920 751463 838923 369389 866054 689972 105660 101493 635319 455292 67503 182800 315802 769682 583210 851908 75060 465253 926600 713690 617850 323821 599443 232900 682656 543943 839743 498116 623797 185399 570046
1036512 124519 251522 114075 696954 869534 511620 1033420 714938 929984 999999999 445648 81973 1207145 460476 860793 944449 143226 755458 1024341 718971 919443 815031 720229 421109 705191 1005512 430327 1225557 703680 811482 132428 743205 430176 210756 551437 503904 471966 957179 844365 830622 451707 707673 1025264 871415 1163446 906458 170995 542191 705889 928180 970829 878513 890695 146329 225853 729663 627719 865309 846617 514527 694887 1015065 197761 285354 1021419 346303 562900 836427 300520 235993 115969 708212 99412 696151 906248 1013248 933072 860508 864262 747191 829106 214174 919374 358383 966964 922787 77533 318059 731180 767544 532571 1001564 255837 502696 150454 683167 795770 1022534 506606
707154 353638 409720 345775 434642 773347 116849 753523 288062 591714 445648 999999999 386779 834069 235919 580246 585300 569289 338197 715504 301028 479851 691010 423254 27413 268052 739174 602367 848996 513143 665660 353114 668681 413848 274089 105871 223915 223952 973112 400840 385487 83650 508004 641465 725325 796330 528151 593382 512313 631909 681864 544052 562518 498512 591314 333502 353477 680666 674654 544264 374793 542691 649794 378464 168174 727648 105317 413922 454877 145795 211722 413532 554959 351766 299585 532032 649587 889667 415170 525333 429410 400751 414292 853588 604726 651064 796971 484364 140203 730509 587590 103308 591632 313049 59667 306979 237671 367807 627918 62517
955218 43030 180509 109336 615125 794303 441482 951448 666040 849290 81973 386779 999999999 1127589 439845 778880 864772 182532 710037 942586 672946 852282 737341 638999 364249 638393 923590 378684 1146214 622277 732521 50493 668148 352135 132519 492286 424799 392240 894344 779950 771832 382605 626096 947104 792904 1083592 828355 207106 466747 630320 846393 899203 797201 814022 211234 144647 694381 563781 784722 765051 432917 614629 935511 121950 239029 939490 294585 481523 759044 241390 187887 55899 628030 88267 655459 827807 933596 863205 798292 783852 666499 758685 146219 847206 320715 885439 845906 97635 271618 662976 686802 480269 926583 174025 441181 129074 623809 747090 945470 449020
211332 1084658 1021990 1140381 535993 714222 726058 320173 770648 285878 1207145 834069 1127589 999999999 1031007 401011 262846 1281663 797407 258943 798167 465738 661190 497264 860564 595294 358055 1060004 22267 595194 624495 1078175 745379 859450 996390 760483 703268 735360 972195 541624 622971 783428 583386 193282 619276 47346 307025 1295737 821874 747361 421469 360247 348992 336287 1332111 997492 901639 934459 538850 387382 737139 643083 192087 1042130 987088 292477 931413 704223 380317 942367 1014858 1120480 637292 1137478 853562 304732 194024 835614 565766 346509 464463 467821 1054189 784755 1136427 280956 661503 1208145 966757 866611 582220 816915 273339 964483 779344 1107006 680937 754985 214752 799353
926344 426983 544835 346978 670336 1003121 349419 983221 321559 811362 460476 235919 439845 1031007 999999999 812582 797346 603356 341128 940120 311258 616892 922627 656698 220406 436474 971021 759684 1043461 747709 898949 431909 893382 610597 387424 273388 458051 453522 1188281 529265 477655 318034 743042 838254 959282 997601 733321 630946 721624 855486 916311 703991 789117 696703 597255 463879 283692 879079 910407 774063 597596 774514 856624 493846 222955 955288 207306 640845 662238 261596 265727 487858 787152 364374 269043 739216 857203 1114000 526877 747059 659641 569410 533220 1080654 734478 875401 1030037 526443 200598 943412 822383 214639 769847 458401 270502 314401 360260 391760 817751 241837
194006 736328 646858 815983 164516 365725 463941 177278 661951 137164 860793 580246 778880 401011 812582 999999999 190658 913253 710168 166543 692052 485019 290981 157519 601236 448882 158989 660946 422991 194554 250199 728390 359132 471499 655673 551382 381842 404821 634933 503860 580250 505413 183220 291889 271363 353731 231757 923791 421918 354061 112617 422863 75550 270625 970610 638189 797032 537053 182540 51743 355785 242474 240046 677428 695359 160701 653485 315204 240674 642525 708215 760783 237464 808160 735581 220307 235336 503575 542212 129001 154472 398730 682270 451836 741134 120976 338113 847426 684909 481175 187625 611336 363237 606371 542501 788834 542926 690330 321611 572980
137466 821830 761838 879548 283669 554630 472694 246370 578448 56090 944449 585300 864772 262846 797346 190658 999999999 1019593 617470 173561 608313 332512 481591 238890 610791 375757 260944 815754 281820 364852 440848 815331 547717 605621 733710 523972 440686 472566 824013 376541 460409 527724 351608 104349 458844 219123 73201 1034142 582698 539470 272251 249787 116747 120863 1069415 735035 715781 716478 369663 153241 481785 419592 70927 780081 731099 206610 677957 453753 135906 684348 756172 857862 417366 876025 659518 63162 68826 691088 411456 88197 203529 276259 793202 639012 885997 123101 521309 945497 712787 669104 375074 583410 176859 702007 534241 846932 470375 585944 131006 558106
1098445 217803 267204 256418 754096 863143 619328 1078607 847539 998353 143226 569289 182532 1281663 603356 913253 1019593 999999999 890453 1079567 853545 1031107 820990 785803 546751 817935 1047204 375753 1301206 738931 824603 220391 738589 450905 306426 674716 586763 552426 909996 960559 954159 561679 745347 1107565 880883 1236356 989625 27834 545512 704314 966564 1073499 941475 979488 71086 285240 869615 590911 889251 906650 557692 719172 1090495 239538 418440 1071652 476138 601290 922923 423908 367509 165711 731623 239841 833724 987931 1088126 906186 979788 935291 817245 934813 231006 900416 284165 1026493 922960 84926 451311 703156 794452 662347 1095370 318233 623315 290838 806131 928595 1109289 631551
754868 682248 747721 644170 622111 1004768 363279 850093 56112 652294 755458 338197 710037 797407 341128 710168 617470 890453 999999999 786872 37372 335537 917536 582873 353910 261813 851639 933857 804471 731868 883159 683251 923986 728832 609466 250573 489557 509203 1240694 255800 176277 389514 721904 618705 933822 774778 544456 916283 807774 892460 822783 439128 658535 497822 900837 671619 104763 982708 861136 660563 656692 778362 657299 715965 472019 813853 415835 681045 490184 472977 522968 744195 787563 656266 74332 554339 659715 1136620 234079 602905 564722 342729 752284 1092626 942163 726551 1008693 806652 439142 1010146 797244 235434 524131 651049 302744 605807 172803 53205 586870 279228
56539 899825 813342 974914 327609 456714 598946 78971 745388 135013 1024341 715504 942586 258943 940120 166543 173561 1079567 786872 999999999 775526 504869 402308 308004 738834 536979 107432 821392 281096 355511 366005 892112 487829 637639 817323 669620 535042 561299 718764 549814 633367 647204 345509 228984 360992 214525 245922 1090275 582091 492073 162526 416240 153639 293906 1136421 803129 882976 680601 279945 179220 522280 396678 166870 843157 844692 39705 798073 481555 297371 793601 861906 926085 389065 968159 824982 234938 161965 582215 584972 193797 289872 448280 848626 530601 904430 64719 407380 1013002 831153 608428 329917 730127 332646 771024 670743 946129 633002 757415 269313 698295
745745 644980 710649 608016 597587 978668 329598 836633 30274 640575 718971 301028 672946 798167 311258 692052 608313 853545 37372 775526 999999999 341766 891572 560323 316562 243359 836545 897772 806207 705587 857897 645945 895319 694184 572097 215189 457239 475804 1211570 258050 184685 353754 695982 615799 909664 773587 535776 879308 775050 863192 804587 442960 643209 490058 864516 634383 107513 949721 838726 643222 624548 750857 651467 678646 435148 801182 378636 650244 478171 435639 486037 706890 760389 619866 56302 545181 653620 1109369 241365 588667 544130 336775 715016 1066050 905239 714165 984535 769653 402259 979390 772238 198144 525009 613972 266678 569534 149815 80946 585632 242448
461118 813794 816282 824839 473858 838233 411825 578882 317237 381648 919443 479851 852282 465738 616892 485019 332512 1031107 335537 504869 341766 999999999 754709 419532 506644 214253 591828 945528 471232 589217 714660 810754 794600 719224 724735 378975 475587 509206 1101451 87778 159286 469750 576079 300432 749774 447572 264215 1052427 751025 773631 589153 105518 414909 218232 1062486 759695 440296 917263 663789 433919 607490 645969 350602 809045 648012 539068 584972 606612 246048 620375 690378 866920 650049 829441 398067 276153 354220 977440 101470 357065 384239 110590 835998 927299 987660 454822 820461 947425 619171 905231 632838 419804 195727 729681 420444 786357 259066 290317 263391 424990
451857 700493 566411 809259 297297 87304 592086 352039 863473 427317 815031 691010 737341 661190 922627 290981 481591 820990 917536 402308 891572 754709 999999999 344054 702852 663210 312132 485199 683373 186098 40996 690940 96445 385209 644353 705637 467433 469109 347662 755238 820834 607360 195643 581516 61933 616172 518375 822967 276026 120246 239879 706271 365995 551893 888443 595299 987080 298260 122369 334063 332958 148324 526330 617275 746697 371026 726951 285050 510411 692160 739175 700597 136166 795009 923987 507558 521344 223989 793771 413692 373708 655285 604921 176280 581940 390751 110924 776451 749206 208525 123410 758006 653090 571266 675949 793992 744841 910388 612445 709542
316296 596010 524733 667117 55469 430646 307420 333547 530991 212572 720229 423254 638999 497264 656698 157519 238890 785803 582873 308004 560323 419532 344054 999999999 443888 323146 316449 581519 517448 169763 306329 588745 375338 367159 511317 400671 227357 253350 686031 412049 476853 347894 156770 337063 352492 451297 230177 799123 355760 354238 260068 390515 158353 243816 838579 503438 661623 507948 278416 128837 243103 226461 308627 546572 539387 312132 496259 218393 189281 487235 554483 626897 230627 660739 598927 223883 305675 567886 450405 151446 40005 314815 557200 520132 648241 247743 427125 714521 528016 486225 220699 459637 363736 470660 387542 638127 410804 570844 350506 418865
731528 332404 396529 319756 452877 784158 139969 775408 305603 616160 421109 27413 364249 860564 220406 601236 610791 546751 353910 738834 316562 506644 702852 443888 999999999 295258 760225 594090 875622 527320 678668 332383 677049 412652 255750 130676 237682 233962 978404 427057 409522 98228 522757 668114 738899 822568 554376 571222 515050 639773 701411 571425 585567 525244 567077 318625 361927 680964 690651 566369 381810 554602 675723 362172 141440 750202 78327 422929 481047 122872 186172 393120 567127 326311 310740 558083 675445 898067 440604 549523 451585 428140 398884 863120 592225 674531 809829 461883 112932 734827 602019 118740 618953 300168 86917 280821 262149 386096 654904 85499
511689 600327 611932 611417 365956 750461 199844 595096 213177 402167 705191 268052 638393 595294 436474 448882 375757 817935 261813 536979 243359 214253 663210 323146 295258 999999999 593713 759789 607262 479651 627217 597551 679110 537036 511887 173215 285249 315428 995928 144932 171124 256257 468663 403429 675485 563479 305990 839702 591202 650700 561473 277438 400435 264703 848342 550713 349354 765100 600551 399870 439647 530021 427662 599900 435932 560624 373350 452295 241089 406406 476972 654487 537887 615563 289292 313809 428937 885215 171600 346954 303154 135678 628827 839335 791581 474284 750204 733947 408190 775394 541078 224303 334424 521878 208385 573170 96158 247769 381417 217554
163945 881674 780088 967395 317621 357140 622764 39919 806276 210237 1005512 739174 923590 358055 971021 158989 260944 1047204 851639 107432 836545 591828 312132 316449 760225 593713 999999999 761679 379713 308663 279887 873299 403604 597565 804536 707613 538815 560050 614618 627286 708570 664316 301860 332302 264043 316250 327742 1055411 525327 413882 82656 510338 193336 374715 1107825 780482 943038 602641 192199 198523 492415 337600 269956 816460 852652 68298 811937 446419 364463 799336 863700 901123 327442 958475 882812 315885 264851 477971 664149 249007 311605 522775 817043 426855 850243 137876 303534 986250 843019 520626 263866 767884 431546 749727 700696 941769 689422 826950 371605 730768
854895 363488 217386 484733 532445 508952 578826 798558 879862 778097 430327 602367 378684 1060004 759684 660946 815754 375753 933857 821392 897772 945528 485199 581519 594090 759789 761679 999999999 1081630 466736 500041 354892 392393 226393 373526 683628 474899 444465 534818 899916 927047 544513 477737 917292 547132 1012677 811213 368630 239359 365094 679201 950802 712238 819038 446833 296553 955545 218086 579223 673350 344803 425891 882129 275383 536875 802768 561570 363162 761102 501549 498268 324036 434949 464262 901710 805323 878422 534174 930642 727751 620692 835756 238918 533417 99682 781898 574598 364347 560042 333349 497909 704499 941068 301999 631133 492572 792987 954216 932024 656315
233593 1103317 1042095 1157762 556825 736102 741920 341635 779029 306624 1225557 848996 1146214 22267 1043461 422991 281820 1301206 804471 281096 806207 471232 683373 517448 875622 607262 379713 1081630 999999999 617076 646724 1096916 767641 880377 1014808 773797 721656 753981 993598 548912 629352 799661 605219 207539 641269 69264 323258 1315472 843633 769618 443619 366012 370249 350615 1351231 1016812 908932 956682 561025 408757 757862 665146 210905 1061670 1003208 314399 947056 725343 396318 958990 1031614 1139679 659409 1155110 861836 321528 213118 857049 571883 366403 484194 478195 1074094 806275 1157709 303073 683064 1227317 982470 888859 604442 829716 281283 983789 793793 1124134 691561 761189 225890 813216
388268 581462 472057 676754 116875 273085 409384 341623 677603 319684 703680 513143 622277 595194 747709 194554 364852 738931 731868 355511 705587 589217 186098 169763 527320 479651 308663 466736 617076 999999999 154712 572626 205615 288902 510771 520947 289664 297271 518526 579979 641083 429931 13695 469174 212501 547865 380232 746811 227487 185369 227634 555406 252399 403781 800418 477828 801035 352037 169228 213520 189734 57698 425395 510882 587654 339848 559854 140780 353729 532639 588062 595981 60865 665520 737934 371346 421168 405690 618020 281276 205714 484367 509379 360786 548960 315500 285464 679844 585561 317879 74829 574571 517914 448549 493602 655441 559318 725926 491726 527096
414320 694471 565612 800016 261439 124540 563781 319588 829505 386750 811482 665660 732521 624495 898949 250199 440848 824603 883159 366005 857897 714660 40996 306329 678668 627217 279887 500041 646724 154712 999999999 685058 123717 381535 634145 675651 441747 445943 388388 716519 783135 582126 162724 541106 62207 579073 477389 827950 279542 137667 204331 665418 325104 511055 890907 589066 954670 324039 87745 293067 316943 126517 486364 613971 729092 336118 706374 267522 470000 674248 724169 698235 113142 786562 891551 466565 481405 263106 755112 372705 334806 615970 604153 214128 594812 351771 131333 776418 729972 242515 86140 729190 612113 563512 647935 782967 710362 874759 571754 681471
904915 9782 144650 132161 564637 749832 399038 901040 637163 799290 132428 353114 50493 1078175 431909 728390 815331 220391 683251 892112 645945 810754 690940 588745 332383 597551 873299 354892 1096916 572626 685058 999999999 623983 306136 86446 457431 375943 342996 859034 740352 735971 341294 576254 898532 745782 1034018 779859 242501 422722 585800 796289 854734 746897 766417 257126 96024 674331 528705 735816 714641 383086 566094 886127 83299 218639 889003 268023 431943 711026 210498 169103 60946 579556 112998 632090 779106 884156 822769 760104 734014 616525 715167 116141 805051 308716 835042 800077 136962 249812 624227 637784 450336 879968 124092 405026 137914 588081 717993 897561 415631
534368 633704 492048 747616 322194 126336 580200 443295 868620 495993 743205 668681 668148 745379 893382 359132 547717 738589 923986 487829 895319 794600 96445 375338 677049 679110 403604 392393 767641 205615 123717 623983 999999999 319208 586091 697595 450370 444849 317153 784920 843878 585918 218582 650566 157218 699440 575299 738829 201407 39112 327273 757053 430985 603616 807320 529970 985256 201987 211437 395339 295799 150297 598953 546514 703459 459095 691223 254851 556438 650247 690046 627555 144767 731950 922669 565343 594166 221035 822765 471954 410545 689974 530117 188633 490376 468957 184743 699321 709874 122258 172702 745499 712579 509119 661857 735960 753156 922380 678362 695201
662896 315765 185721 428413 323622 444373 366491 630161 673410 573800 430176 413848 352135 859450 610597 471499 605621 450905 728832 637639 694184 719224 385209 367159 412652 537036 597565 226393 880377 288902 381535 306136 319208 999999999 268313 479238 251957 224221 582469 675215 706237 342982 296179 704021 441241 812581 593458 458055 120284 280575 516286 725522 510962 597560 514106 211138 763518 269211 439826 473389 124174 269023 674486 232498 401194 626027 403294 156516 539211 352210 379619 316727 281813 412808 705580 588556 671235 526487 706831 517594 404728 609376 223988 503863 281663 589608 493975 396319 414133 338203 343913 510085 719648 190061 430174 417582 577711 743787 715351 459307
827492 90742 157429 166363 491189 709806 312922 830502 561265 719881 210756 274089 132519 996390 387424 655673 733710 306426 609466 817323 572097 724735 644353 511317 255750 511887 804536 373526 1014808 510771 634145 86446 586091 268313 999999999 376344 293152 261327 843951 655183 653232 255757 512927 814918 695928 952734 696135 327819 388579 547123 729718 768310 669659 681506 342927 76981 608830 518009 677637 638736 321879 511033 804312 109690 164650 816311 200532 371996 626603 139392 125004 142823 524694 154810 562658 695744 802503 794600 675720 653884 537177 628743 148585 772007 349205 758772 754940 223393 190879 602577 579528 374490 794247 80841 323037 150004 505738 641537 812990 336279
653745 458363 503152 450270 425103 791248 118612 716719 196235 539166 551437 105871 492286 760483 273388 551382 523972 674716 250573 669620 215189 378975 705637 400671 130676 173215 707613 683628 773797 520947 675651 457431 697595 479238 376344 999999999 249390 263812 1010597 297433 279667 139114 513320 567265 731985 725777 460244 698566 563701 663280 659656 450365 520753 424797 697173 430561 290046 737402 670824 509168 415588 559635 583534 477328 271361 686855 208135 446027 388881 251630 316847 517433 570554 456987 229108 465948 584027 916100 309974 475928 396914 308837 511537 875874 695450 604988 805948 589794 241252 773446 592591 60561 506115 407059 54276 411249 131800 272118 549069 46156
539549 382027 346030 441997 222598 550566 130848 559091 433457 429083 503904 223915 424799 703268 458051 381842 440686 586763 489557 535042 457239 475587 467433 227357 237682 285249 538815 474899 721656 289664 441747 375943 450370 251957 293152 249390 999999999 35033 761540 425237 454323 140411 285115 522640 501534 659783 404051 603918 318337 415110 473170 496971 383298 392762 632051 302174 539289 493489 453676 356099 167323 319199 511206 350112 313840 539271 276014 196939 336220 260693 327135 422069 331289 436972 477767 403169 509445 670422 455753 362306 247703 368345 370646 632385 512107 473671 573057 508968 305347 524169 364338 295158 509841 269552 211489 411726 329493 498619 522713 244869
568036 349336 311077 413820 242463 550206 146265 581973 453277 458966 471966 223952 392240 735360 453522 404821 472566 552426 509203 561299 475804 509206 469109 253350 233962 315428 560050 444465 753981 297271 445943 342996 444849 224221 261327 263812 35033 999999999 751880 456962 482945 141103 294258 556116 506830 691495 437704 569342 299915 408343 491696 531894 410885 427296 598499 267574 553441 474037 464424 382080 153265 321013 543277 315322 294868 563792 262759 190016 370506 240517 303674 388046 333719 407832 492908 436531 541384 665778 486639 392684 276599 402530 335619 629715 478884 500887 576773 475160 289629 511620 372041 304555 544715 234857 220860 384900 353779 521154 556877 253327
773446 868662 714943 990563 635172 269390 892311 652026 1185178 768550 957179 973112 894344 972195 1188281 634933 824013 909996 1240694 718764 1211570 1101451 347662 686031 978404 995928 614618 534818 993598 518526 388388 859034 317153 582469 843951 1010597 761540 751880 999999999 1097940 1159462 892229 530607 920373 365549 930868 864972 901172 466947 348387 562312 1053742 710475 899409 980976 775158 1299695 330590 454509 680404 598889 466018 862111 775896 983593 681806 981832 564629 857902 933768 961062 844112 458756 971977 1237448 853940 856971 136649 1136160 760376 718399 1000156 748133 188201 627090 722264 311402 896536 995425 245025 468613 1055898 998171 763140 972032 987831 1070207 1239531 953752 1004926
511724 742763 756732 746615 463106 841051 344380 619388 232114 419067 844365 400840 779950 541624 529265 503860 376541 960559 255800 549814 258050 87778 755238 412049 427057 144932 627286 899916 548912 579979 716519 740352 784920 675215 655183 297433 425237 456962 1097940 999999999 84688 399474 567573 364882 757501 519338 303900 982789 719640 760396 613398 184955 440129 255910 988746 695529 360058 890662 675078 452135 570889 634675 407650 744673 568397 580848 505159 576919 265004 544042 612449 797967 640484 752277 314135 315018 410554 979225 38707 381692 381718 105380 773754 930635 934954 494057 830486 876214 538650 889600 631887 334727 268331 666797 342236 707796 172952 215368 331692 343585
596068 737284 768429 727211 524939 907498 353721 701935 162814 501625 830622 385487 771832 622971 477655 580250 460409 954159 176277 633367 184685 159286 820834 476853 409522 171124 708570 927047 629352 641083 783135 735971 843878 706237 653232 279667 454323 482945 1159462 84688 999999999 401845 629294 449019 827085 602203 387507 977765 762303 817076 691143 263456 519314 339588 976582 701457 281026 936040 746939 528748 610760 693818 492335 749734 547896 663754 485262 622853 344575 531279 595190 795425 700719 735101 240785 398431 495242 1044466 57816 461230 449931 185941 781576 996979 953768 576685 900912 869259 516372 943672 697538 302998 350327 674951 330994 688014 148029 132064 415086 324024
643092 344116 368080 365323 354927 689765 60411 680706 335350 528343 451707 83650 382605 783428 318034 505413 527724 561679 389514 647204 353754 469750 607360 347894 98228 256257 664316 544513 799661 429931 582126 341294 585918 342982 255757 139114 140411 141103 892229 399474 401845 999999999 425056 593247 641938 743440 476459 583516 434809 549443 604056 519506 493577 452339 593212 299617 420747 605888 592537 472380 293356 459041 594966 348020 203716 656766 151282 331068 403353 160720 233826 398503 471315 366557 362621 478837 594235 806799 420818 461053 358093 377415 379800 770289 558100 583398 713420 477750 185425 650724 504502 167790 555547 273427 87468 329014 257045 410521 584210 116584
377162 584992 478257 678608 104566 282866 402823 333983 667838 306856 707673 508004 626096 583386 743042 183220 351608 745347 721904 345509 695982 576079 195643 156770 522757 468663 301860 477737 605219 13695 162724 576254 218582 296179 512927 513320 285115 294258 530607 567573 629294 425056 999999999 455907 218954 536044 366562 753654 238733 198887 221673 541792 239610 390101 806260 481868 792088 365507 170436 200657 193181 71345 412540 515866 586150 330903 557015 145275 340148 531175 587748 600853 73998 667735 728973 357698 408348 416553 605683 267775 192355 471519 515327 371064 558984 304190 292635 685209 583297 331429 79816 567531 504235 452169 487073 656628 549235 715303 478247 520495
175724 904475 854205 953644 384871 651498 535019 307927 587246 154726 1025264 641465 947104 193282 838254 291889 104349 1107565 618705 228984 615799 300432 581516 337063 668114 403429 332302 917292 207539 469174 541106 898532 650566 704021 814918 567265 522640 556116 920373 364882 449019 593247 455907 999999999 554868 160168 118807 1123317 685802 643243 361040 199848 220000 143121 1154599 822332 721459 820823 466223 257309 579859 523922 62377 868681 796513 268008 739856 554434 190334 753161 826010 943991 521596 951781 670126 119646 67456 785979 394118 190260 299370 280265 884152 733771 985290 201311 613658 1031246 775324 772283 478172 623950 109176 789332 586310 919341 491454 580235 41041 606083
413377 755243 624224 861655 312101 96978 621696 303753 880874 403194 871415 725325 792904 619276 959282 271363 458844 880883 933822 360992 909664 749774 61933 352492 738899 675485 264043 547132 641269 212501 62207 745782 157218 441241 695928 731985 501534 506830 365549 757501 827085 641938 218954 554868 999999999 575479 502959 883341 335411 182145 199777 693597 346743 540182 947903 649859 1008048 357934 89208 319215 379150 188570 496995 673727 791135 326944 767868 329705 503772 736263 786375 757635 175106 848025 944960 491597 491879 232395 796204 399153 377153 655000 662773 180509 643819 357865 74879 834750 791760 262142 139398 786474 633953 624729 705941 844910 761133 923246 588258 739393
165080 1040619 975997 1098296 489256 670956 686772 279386 745447 239357 1163446 796330 1083592 47346 997601 353731 219123 1236356 774778 214525 773587 447572 616172 451297 822568 563479 316250 1012677 69264 547865 579073 1034018 699440 812581 952734 725777 659783 691495 930868 519338 602203 743440 536044 160168 575479 999999999 268193 1250175 774528 700869 376822 342449 301902 301012 1287370 952526 878361 887683 493941 340195 690480 595890 149141 996856 947153 249500 892333 657197 341534 901607 973839 1075659 590185 1094996 828414 264824 150519 794221 545765 301073 419135 439648 1008438 743043 1089265 233863 619696 1163348 927531 820898 535456 783089 252199 919542 742523 1065341 651517 734185 188005 763581
210419 785755 738185 835335 282343 596430 419061 316533 506006 117505 906458 528151 828355 307025 733321 231757 73201 989625 544456 245922 535776 264215 518375 230177 554376 305990 327742 811213 323258 380232 477389 779859 575299 593458 696135 460244 404051 437704 864972 303900 387507 476459 366562 118807 502959 268193 999999999 1005714 585258 562400 328183 191447 157102 47996 1036090 704397 643183 730849 414288 184568 469518 437342 123305 751075 680082 277433 624498 448352 73385 635756 708435 825713 437371 833249 587412 12022 123954 734877 339302 104684 190610 203063 767405 683308 875118 191493 569612 912861 659797 694341 403809 518761 137781 671436 474695 801299 399565 512743 122132 496595
1110386 240593 276934 283974 765978 862570 640612 1087416 872925 1011677 170995 593382 207106 1295737 630946 923791 1034142 27834 916283 1090275 879308 1052427 822967 799123 571222 839702 1055411 368630 1315472 746811 827950 242501 738829 458055 327819 698566 603918 569342 901172 982789 977765 583516 753654 1123317 883341 1250175 1005714 999999999 548442 705306 974320 1093098 953907 996635 83204 301768 896465 585490 894465 918618 568006 725070 1104984 254648 444368 1081431 501437 610445 939743 448352 393333 185612 737300 267171 860087 1003749 1102514 901438 1002576 949234 831294 955138 242269 897256 274122 1038108 923490 109708 477203 698909 800543 687357 1113290 334547 646791 318073 829760 953984 1125872 655755
615749 432459 291617 547577 302969 327579 445993 561335 751694 542184 542191 512313 466747 821874 721624 421918 582698 545512 807774 582091 775050 751025 276026 355760 515050 591202 525327 239359 843633 227487 279542 422722 201407 120284 388579 563701 318337 299915 466947 719640 762303 434809 238733 685802 335411 774528 585258 548442 999999999 163713 442672 740364 475590 598909 612542 329255 853008 175286 349780 436537 152440 187874 647176 345178 517954 564059 514929 144485 542709 467240 498772 426792 197929 531446 792762 578225 643258 406257 754341 495542 395741 640606 329954 383912 324922 542894 381293 500754 528717 221927 261845 602096 719465 309892 519215 537666 646523 816467 703650 550682
536034 595505 455069 708926 299809 164038 545434 453040 836875 489497 705889 631909 630320 747361 855486 354061 539470 704314 892460 492073 863192 773631 120246 354238 639773 650700 413882 365094 769618 185369 137667 585800 39112 280575 547123 663280 415110 408343 348387 760396 817076 549443 198887 643243 182145 700869 562400 705306 163713 999999999 334680 740536 423257 588235 772582 491521 951749 189097 222807 386271 258113 127898 593907 508859 664542 465663 652826 218659 539001 611423 650948 590413 125537 693379 889355 552907 589262 258526 797902 460529 390970 667512 493285 227541 461695 468220 218857 663233 671183 132582 166624 710229 700131 470354 626462 697025 722455 892264 669244 659692
213690 804840 699658 893892 250610 296398 566892 119687 774504 216415 928180 681864 846393 421469 916311 112617 272251 966564 822783 162526 804587 589153 239879 260068 701411 561473 82656 679201 443619 227634 204331 796289 327273 516286 729718 659656 473170 491696 562312 613398 691143 604056 221673 361040 199777 376822 328183 974320 442672 334680 999999999 518598 174458 371533 1027875 702629 909392 523772 117521 162939 413931 254957 301047 737428 786178 131837 748646 366865 348660 732128 794355 822336 244794 884215 847793 316212 295863 426630 651465 232841 264179 508031 736884 374494 767589 160483 252978 906872 778510 446810 181307 719104 449038 672372 647589 869552 655349 802667 396925 678918
368396 858819 842968 883092 445954 786132 459315 493016 417006 303618 970829 544052 899203 360247 703991 422863 249787 1073499 439128 416240 442960 105518 706271 390515 571425 277438 510338 950802 366012 555406 665418 854734 757053 725522 768310 450365 496971 531894 1053742 184955 263456 519506 541792 199848 693597 342449 191447 1093098 740364 740536 518598 999999999 348532 154395 1110437 794168 543810 898216 605243 374438 606604 613097 254719 843213 710795 452670 648959 597014 201845 677173 749310 907891 615064 885540 499082 203194 258850 924992 205888 294444 351544 143418 866537 873661 1002443 372515 760919 991577 684180 873118 588380 498210 91865 762603 484582 845611 343816 395187 160870 494989
158018 754232 677968 824647 188598 441274 445801 196668 612941 67307 878513 562518 797201 348992 789117 75550 116747 941475 658535 153639 643209 414909 365995 158353 585567 400435 193336 712238 370249 252399 325104 746897 430985 510962 669659 520753 383298 410885 710475 440129 519314 493577 239610 220000 346743 301902 157102 953907 475590 423257 174458 348532 999999999 198034 995567 660650 749725 602283 257748 39078 389691 305404 173025 702864 691356 166248 644436 355316 175135 640598 709464 784100 302344 818651 689625 145455 168772 579040 477923 58536 136537 334792 711644 527247 787462 90525 412575 871600 677555 552461 258377 581302 287699 628025 519015 794980 496247 634855 247609 547384
257486 771839 733474 815061 298461 632084 393418 364311 460466 164667 890695 498512 814022 336287 696703 270625 120863 979488 497822 293906 490058 218232 551893 243816 525244 264703 374715 819038 350615 403781 511055 766417 603616 597560 681506 424797 392762 427296 899409 255910 339588 452339 390101 143121 540182 301012 47996 996635 598909 588235 371533 154395 198034 999999999 1023414 694867 597310 750787 452298 221051 474809 461424 163287 742490 654950 325335 597572 458414 58487 612812 685847 814531 462704 814091 542321 59314 164857 771084 291340 141625 203897 155657 761037 719914 878530 239129 608540 901023 633111 720735 434187 482129 122121 662140 443192 780032 356508 465320 132256 463113
1153183 252188 328689 256947 809557 932287 652432 1138356 860954 1050679 146329 591314 211234 1332111 597255 970610 1069415 71086 900837 1136421 864516 1062486 888443 838579 567077 848342 1107825 446833 1351231 800418 890907 257126 807320 514106 342927 697173 632051 598499 980976 988746 976582 593212 806260 1154599 947903 1287370 1036090 83204 612542 772582 1027875 1110437 995567 1023414 999999999 335161 871840 661879 953662 961633 616295 783063 1140326 293270 431630 1129979 492610 661407 967789 445775 382307 211768 795736 244711 840384 1035028 1138169 976983 1005688 986511 868520 969806 291051 970750 354734 1081895 991392 124079 464287 773869 858015 678899 1137061 368026 647807 295037 828960 941706 1154359 652567
818430 105405 81356 218721 475630 655441 351293 809104 621373 715529 225853 333502 144647 997492 463879 638189 735035 285240 671619 803129 634383 759695 595299 503438 318625 550713 780482 296553 1016812 477828 589066 96024 529970 211138 76981 430561 302174 267574 775158 695529 701457 299617 481868 822332 649859 952526 704397 301768 329255 491521 702629 794168 660650 694867 335161 999999999 677549 446816 640119 627137 288781 470188 805961 49354 240930 798430 271888 337048 638011 210511 201893 123469 483628 202206 628885 702695 803695 732368 719062 651539 533500 658652 81007 712776 276072 747531 704707 211089 265780 536441 542169 436274 811784 33040 376333 212698 555924 700530 824235 394031
