NAME : synthetic_000587
TYPE : CTSP-D
DIMENSION : 100
GROUPS : 8
RELAXATION_LEVEL : 1
EDGE_WEIGHT_TYPE : EXPLICIT
EDGE_WEIGHT_FORMAT : FULL_MATRIX
EDGE_WEIGHT_SECTION
999999999 214050 179543 673433 254014 1031331 474385 409945 1049012 912949 805157 707204 832543 308416 640350 922586 873009 781490 322276 799812 780413 851865 598128 871975 1069770 479256 493645 197995 282171 352346 589052 1037858 427389 692550 687303 520925 769944 732651 512509 669972 546412 799006 882764 424027 345303 417335 807331 583316 612945 251197 858466 279780 396147 969532 104115 442081 607443 619117 700202 640186 819405 516252 878275 771763 166249 502088 1011016 322197 518504 434942 561392 945147 301021 595499 375373 51635 392321 535301 707138 839031 653175 951758 766233 812471 793115 606106 653428 335742 847161 429604 663605 696956 863433 295007 235371 445145 891216 804356 292888 140740
214050 999999999 55230 466285 41541 859446 262352 516712 899135 812366 723991 493820 623925 274298 441383 780081 755419 788948 478154 700726 654271 642877 420016 804386 901344 276204 393800 411076 447276 437035 428164 883178 353800 684987 497157 354795 558089 519782 344919 462095 449084 656920 893384 337204 406808 216078 676192 583342 417835 398604 747457 246689 228401 777537 318164 239957 395460 582293 579829 436475 734744 446478 753483 559182 320346 389157 847165 305874 547238 530742 410262 880844 186415 471216 167519 247397 236878 347418 494252 659342 464578 848033 671549 806515 579906 395252 439714 233315 853699 440623 630789 498213 740033 105606 346312 485799 729441 741298 113717 112357
179543 55230 999999999 515825 93954 865113 309364 461620 895491 791738 697444 537369 653075 229301 461812 773191 739728 744320 424228 679014 640829 672436 427073 774860 905507 299777 368769 371529 394346 382371 426633 881402 320388 642220 551161 354965 591535 555172 345701 490485 424271 649264 848714 306962 353159 237892 664632 538513 435368 344631 729633 200244 227178 793781 281967 292749 441637 544164 563860 487618 709200 414048 740161 593920 268030 368232 849153 258926 498029 475998 404172 850902 158446 455459 196470 204937 229412 359763 529724 668357 518842 828502 648357 764186 615989 427399 482539 203900 809514 392524 592300 550641 726172 160785 291197 434682 730144 710299 168266 58372
673433 466285 515825 999999999 424744 730903 208352 946126 842393 908416 881210 105525 341166 649577 339991 771335 822059 1085600 935300 824896 725557 349705 436185 973007 778538 320387 625343 871014 908437 860670 498528 813390 646399 975636 129024 460265 257326 217702 453843 273511 659642 682942 1182429 619005 819431 350955 727604 902550 357781 856185 832428 635797 445613 573325 775665 232033 91378 850851 689889 44432 882340 705355 801727 243753 783350 598855 751993 683984 906351 951348 520179 1043307 532408 615852 350874 712195 472157 383054 207700 549404 132355 929769 812791 1081279 240706 232615 111103 557888 1141154 803356 894485 77424 795244 379362 794795 867499 669738 930559 384124 573706
254014 41541 93954 424744 999999999 838130 221147 552438 884093 810342 727102 453249 589217 297282 412286 767685 749696 808716 518163 699953 647225 607921 399801 809773 880936 246798 397844 451572 487921 471401 413897 866861 365305 703052 457212 340217 521398 482270 330052 428266 452358 645541 913010 346293 439097 189182 667626 603877 390710 438568 743420 271496 217874 749725 358063 199045 354305 596205 575108 395075 736978 456143 745952 521890 361215 389976 828341 330368 572828 565192 399507 886396 197942 467116 137257 288637 230706 324419 456759 636400 424947 845033 672093 823832 541983 359715 399415 244063 872869 465340 644836 457194 732960 73215 384468 514015 711831 748157 85513 152188
1031331 859446 865113 730903 838130 999999999 724697 1004597 152390 404368 489887 627263 401595 770319 445485 204856 332273 816073 1091376 423457 336682 400973 439455 544942 47719 599039 580437 1188392 1093974 939301 442471 119308 658285 744588 859483 511013 477191 513521 519883 475848 547725 276758 864886 645598 893347 650308 305395 759352 456024 1039188 363339 787400 638124 178184 1119872 796954 680408 656204 401049 762817 475157 613341 299750 492857 1019569 558227 58821 781654 831777 985081 472694 572848 731947 469137 704129 1034656 639272 513784 523816 203879 861554 391894 447960 775456 505357 544897 627259 704217 834748 793756 663742 804505 310136 864023 967391 855339 150576 558514 880394 891088
474385 262352 309364 208352 221147 724697 999999999 740224 804638 804891 752527 233751 403515 448489 280048 707869 727398 914129 726971 706733 624016 420019 329574 843039 771276 163028 457308 672293 700426 655172 376627 780863 462603 803947 272099 316994 324927 281533 307918 258537 500775 598618 1014837 436282 615293 164130 634738 720910 276298 647905 730505 432243 259948 601242 578110 72372 133168 682649 570067 186190 757369 534115 714063 321356 575867 435536 729553 483378 714373 746871 384488 917578 330653 476891 147975 509737 286259 254418 257168 522777 246676 832912 687422 916685 336818 184428 181732 361375 973468 608598 729138 254957 704257 190138 586541 669748 625325 791672 200151 366685
409945 516712 461620 946126 552438 1004597 740224 999999999 961328 733646 606168 937932 968439 303658 759382 833054 735344 437095 140087 637285 678795 988140 664676 635810 1029073 650886 438194 370681 176125 85821 616600 963548 367356 385906 1003284 584038 936677 913984 582039 822399 459377 729461 524300 389663 131165 602794 711232 294553 724483 168443 709384 311959 519499 1014663 390571 743802 860184 385426 605381 926378 624431 391615 755319 945626 245527 466793 963955 272643 203679 33838 576765 692955 416052 541900 595291 361039 496284 645750 891519 860116 972717 773249 602034 483267 972826 786492 883446 400290 496879 210919 408324 994319 739935 622310 178549 152589 854313 571447 629706 407779
1049012 899135 895491 842393 884093 152390 804638 961328 999999999 284069 392235 742512 530705 763883 527159 130422 235348 714620 1062997 336358 284961 533459 489062 428625 127401 661264 567441 1188142 1071608 905413 470979 33661 643902 657803 971317 544479 598124 629309 554480 574167 523821 250691 750371 637286 862508 703870 253274 692210 528393 1019911 265835 785559 671068 324238 1129011 875274 781468 588868 363978 869931 375020 580555 209177 614764 1012882 551877 101651 768493 773388 937903 491340 443179 748696 457506 757679 1044802 666131 568406 635320 293149 969386 262043 367979 668768 631147 635714 734033 713692 724162 754429 585953 918416 223819 920813 951361 808914 179318 456148 937811 912316
912949 812366 791738 908416 810342 404368 804891 733646 284069 999999999 127917 825141 667764 605843 568510 204407 91349 433273 852604 113356 183369 678269 479917 144557 399729 642702 423975 1016223 869699 693335 428270 304218 485567 388460 1030186 492253 708267 724280 502207 639583 368999 230606 466461 490769 657225 662885 182217 444481 552030 824648 75998 633486 595452 530689 974689 866193 828560 348220 238203 923801 109442 398776 120974 725281 837710 423827 345978 598504 533124 705795 424610 170624 633418 343774 710309 895980 579863 550746 720117 417556 1018758 40232 146864 385649 749184 677113 798072 589209 440161 542969 330626 985343 120603 865103 764311 583468 309201 179334 882103 790735
805157 723991 697444 881210 727102 489887 752527 606168 392235 127917 999999999 808369 683421 496748 548031 285653 159520 326467 726825 71274 184080 696895 445031 91818 494945 589866 330192 897337 745241 567991 383837 406231 380999 266375 996390 435649 709376 717646 444614 624583 275015 252193 379400 390896 533437 599056 203869 316612 524943 701716 128096 525732 520249 586758 860729 807720 795741 220882 191955 890711 18570 289226 190737 725678 719402 337515 434577 485474 405235 578062 368760 165053 539664 275807 641465 784458 500912 504863 709089 451083 981066 167140 68941 286033 751862 648961 774030 493582 346659 419004 203059 956277 179751 787495 643710 456662 366711 69500 804047 689945
707204 493820 537369 105525 453249 627263 233751 937932 742512 825141 808369 999999999 235669 635289 260379 677532 736742 1034824 942819 748298 644126 244565 367043 899658 674800 289382 579783 904805 920015 852138 432535 712808 612452 926132 232511 407155 151944 113885 402601 185669 607101 596396 1128088 584896 808082 335337 643078 861899 284751 865269 749485 626155 421445 467941 811158 283055 104241 800497 616458 144111 807837 659917 714398 138229 798784 551002 650250 668227 875834 939405 459787 967404 522271 553424 351473 740728 446673 328619 108160 450536 237880 843982 739457 1025737 136498 168002 55458 539651 1087199 777499 841541 177248 709066 422639 799239 844661 572724 861920 431146 592832
832543 623925 653075 341166 589217 401595 403515 968439 530705 667764 683421 235669 999999999 671773 209814 490259 576415 960730 1006491 615119 501960 19990 308316 769355 448229 354511 548664 1021754 992932 886014 367454 498800 606498 859580 466418 384939 85644 129945 386467 162602 554548 440072 1041913 581574 838264 416286 490546 820817 244355 935501 596299 673403 465506 233970 934790 471240 312967 738244 502358 378758 677991 620810 548376 97534 884958 517512 432604 698607 858586 961613 406068 827438 579747 479416 457600 854822 483132 325324 150177 254844 473502 678033 616711 939651 104438 229846 251988 577886 1003225 776928 770177 409976 547183 584152 863340 847016 377487 746657 597150 699362
308416 274298 229301 649577 297282 770319 448489 303658 763883 605843 496748 635289 671773 999999999 461963 634262 571199 515208 337905 493134 484718 691682 377257 565101 803213 347345 196538 424287 330924 218334 341243 757200 122391 413046 718541 293395 635041 610964 289368 521063 244384 514027 619637 126700 172969 301218 513986 309418 427601 273921 554408 30466 215849 746124 370899 464641 561404 319860 403622 633665 511011 207931 579688 643374 250061 213508 740539 35027 276223 304131 304289 639274 117838 306960 300653 290369 192993 346624 588221 598014 690346 645043 458980 535087 670278 482909 581216 96678 580288 168378 367032 703235 564408 370278 200486 222699 622207 498035 382652 202772
640350 441383 461812 339991 412286 445485 280048 759382 527159 568510 548031 260379 209814 461963 999999999 439393 482149 787182 797176 488158 385947 229719 112921 639281 491707 165532 349084 823314 784522 676536 179043 502192 400624 680886 463569 178214 185024 177496 178491 78555 364412 343596 876504 374840 628911 225498 387645 629017 35032 726997 492542 463974 258373 337786 740003 352009 263486 555998 356173 357610 547471 425681 462447 197721 679322 318138 449597 488908 658295 753407 212468 707246 372412 300230 275084 657605 274404 115751 164010 242795 455043 589878 479108 773666 226093 111695 229583 368364 836167 571596 593529 417098 455544 425725 654473 641562 348203 602397 441301 502691
922586 780081 773191 771335 767685 204856 707869 833054 130422 204407 285653 677532 490259 634262 439393 999999999 127417 612111 932979 221261 154963 497713 382014 341210 210265 556123 437729 1058544 941271 775740 354103 130719 513843 544726 898606 427654 544143 568244 437903 497970 393470 124035 660143 507825 732510 593194 122997 569688 433837 889497 158519 656429 551725 328552 1000742 776363 701635 465912 233557 794054 270535 450315 95023 561316 882880 423121 148924 638314 648222 810340 369949 374977 623388 328692 646162 916873 544640 461349 569454 235607 892730 200013 248891 570752 582001 550924 660566 586865 629894 625158 467562 848618 106300 809035 820963 680928 113782 353898 826188 787255
873009 755419 739728 822059 749696 332273 727398 735344 235348 91349 159520 736742 576415 571199 482149 127417 999999999 485696 844966 101293 104318 586945 399117 215469 335536 566847 379366 991073 857718 685664 352536 247244 448848 422995 945221 420671 617591 634472 430901 551517 327335 140576 532819 449213 645560 592127 94597 458628 467642 809078 31439 596786 532271 444780 942086 791000 744000 356087 175907 838955 143659 370910 33224 634644 812868 373167 275940 568924 542105 710144 354533 257251 583084 284525 641716 860695 519411 473102 630996 326660 934964 107735 134456 443530 658314 592017 711318 541311 502484 533622 350807 899236 29290 800269 744343 582866 222066 226895 817422 744589
781490 788948 744320 1085600 808716 816073 914129 437095 714620 433273 326467 1034824 960730 515208 787182 612111 485696 999999999 577099 393164 494321 976966 674355 292249 821231 766843 460585 799398 610817 447454 608139 730989 454393 110305 1182428 628184 967579 964677 633494 865392 427804 563699 104441 479348 439587 750049 520636 205809 756399 588707 454266 544087 654431 901601 798209 950529 994555 234865 464046 1083396 342058 381228 517199 982107 642985 486768 761033 485760 263854 403270 576532 314043 613153 487346 774556 743284 628462 706770 950158 755610 1159839 463452 372609 55647 1010115 866905 990146 569890 65871 356267 193745 1153471 506064 880405 559907 338218 687428 259144 894084 711856
322276 478154 424228 935300 518163 1091376 726971 140087 1062997 852604 726825 942819 1006491 337905 797176 932979 844966 577099 999999999 750470 778076 1026469 715146 764436 1119904 666785 511886 237476 43582 159569 676740 1061954 434824 522030 975274 631293 963885 935741 627137 851418 544550 821780 664029 451230 200490 611299 810001 424814 763362 79599 821126 333213 542413 1081544 275597 716855 855219 506930 700411 909819 744628 482915 861855 970628 161904 536571 1055424 316829 335219 173922 638461 825033 429338 622349 591584 270641 523467 681426 911700 930755 942726 892687 714667 622731 996409 805051 887392 428857 636944 311454 535638 974243 846266 580894 144529 271650 940998 698347 584704 366000
799812 700726 679014 824896 699953 423457 706733 637285 336358 113356 71274 748298 615119 493134 488158 221261 101293 393164 750470 999999999 113783 628144 389751 154503 431524 543731 310819 906332 765225 590905 332137 346802 372432 323701 942835 390584 644077 654329 400157 563339 255722 181114 450082 377413 552526 558935 132596 357580 467238 718351 72590 520526 486943 515649 862717 765232 741351 255517 137050 836664 62966 286856 128360 660594 727736 311663 369549 486784 441919 611302 322677 219107 520607 235851 604482 783439 470130 454865 646977 380119 929075 151970 35876 355205 686315 592283 716301 476133 416627 439179 249605 900813 115247 756488 656012 485204 296287 140241 773370 677417
780413 654271 640829 725557 647225 336682 624016 678795 284961 183369 184080 644126 501960 484718 385947 154963 104318 494321 778076 113783 999999999 514704 297027 267444 354158 462938 288922 908290 786776 620782 248420 284893 362964 412501 846874 316383 533698 546277 326624 458470 241266 69639 558957 359483 577594 487828 32480 422809 368728 735444 107541 508416 429463 407657 854076 687053 645219 319531 81096 740483 176721 295640 99358 550423 731478 278334 289212 486516 497406 656677 250489 327363 485850 185961 537571 771232 417617 369602 540496 267308 835398 208961 123001 461108 575586 493900 615500 445870 523798 470334 328621 802345 85788 696631 667604 527003 195448 251257 713803 648818
851865 642877 672436 349705 607921 400973 420019 988140 533459 678269 696895 244565 19990 691682 229719 497713 586945 976966 1026469 628144 514704 999999999 327385 782144 447080 374126 567519 1041357 1012921 905796 385918 501166 625867 876364 473410 404499 98227 143162 406127 182059 572658 451790 1057348 601037 858022 435850 502341 838786 264206 955490 607511 693371 485491 229775 954218 487044 325934 755464 517385 388410 691079 639232 558379 107861 904888 536383 434341 718446 877320 981187 424722 839236 599730 496899 476782 874394 503118 345270 164818 263096 481810 687542 630587 955238 109861 248313 264436 597847 1018844 796191 786886 416698 557671 601854 883327 866278 384395 760697 614672 718954
598128 420016 427073 436185 399801 439455 329574 664676 489062 479917 445031 367043 308316 377257 112921 382014 399117 674355 715146 389751 297027 327385 999999999 536823 481458 174109 240674 768206 707000 584323 66351 469524 299317 567966 553096 84176 296386 290377 89720 191047 252072 269190 764270 275356 536149 215153 305647 517630 82771 649560 404445 384830 201983 375568 691900 395859 351614 443120 253859 446914 446282 315010 384656 309830 611536 209504 428630 400073 550781 655931 100206 607429 306941 187861 269170 607164 208223 79590 276061 241373 539865 505715 376624 661502 338145 204059 329524 290879 723800 469027 480667 511493 375190 432038 576083 539092 313254 495746 448966 457411
871975 804386 774860 973007 809773 544942 843039 635810 428625 144557 91818 899658 769355 565101 639281 341210 215469 292249 764436 154503 267444 782144 536823 999999999 543001 680639 411943 950046 787062 608765 475609 448390 455115 263816 1088144 526451 798338 807780 535261 715497 357900 332251 322067 468102 579311 688079 282060 341271 616564 747866 186484 594951 606887 658522 920622 897195 887549 262051 283495 982500 92338 361537 248691 814793 774201 422348 487231 549899 432136 605288 459917 76637 618583 366154 729203 847633 586524 596405 799734 530627 1072674 171556 160368 242507 840648 740715 865709 571923 295709 466410 228804 1048095 241858 872063 695259 492971 435902 68268 888397 763232
1069770 901344 905507 778538 880936 47719 771276 1029073 127401 399729 494945 674800 448229 803213 491707 210265 335536 821231 1119904 431524 354158 447080 481458 543001 999999999 643533 610948 1223524 1123981 966108 480786 98321 688904 754921 907076 550723 524521 561099 559844 523321 575374 299648 864738 677557 920814 693788 321979 776185 501290 1069831 366970 821359 678335 221495 1156814 843472 728078 672518 423749 810528 479179 639174 304391 540097 1053048 590130 65183 813062 851509 1008440 509325 564722 769525 499094 747740 1071662 678408 556951 571508 249326 909247 382776 458670 778419 552210 592050 674978 740259 836240 818704 676770 852031 316446 908345 998647 878564 181037 562299 924817 929923
479256 276204 299777 320387 246798 599039 163028 650886 661264 642702 589866 289382 354511 347345 165532 556123 566847 766843 666785 543731 462938 374126 174109 680639 643533 999999999 306285 667243 648580 565313 214672 640290 326952 656637 417318 154219 299621 269108 145409 192223 344607 441929 865161 299425 520308 61949 475315 582190 144987 591966 568766 340605 132195 502971 580752 224155 229009 532653 407153 316593 594473 385807 555069 304933 534758 281276 595133 379627 588993 651041 221499 754890 238433 314571 109560 500329 157294 95082 244921 395408 397363 671486 524477 765083 330026 138267 236729 251032 823784 488805 577504 386633 544606 265019 522258 555477 483509 630479 281356 344855
493645 393800 368769 625343 397844 580437 457308 438194 567441 423975 330192 579783 548664 196538 349084 437729 379366 460585 511886 310819 288922 567519 240674 411943 610948 306285 999999999 620815 513537 364545 183135 561318 77957 350433 722664 174526 534076 522351 177769 423273 55524 318053 559135 70561 317038 293782 317687 282725 314947 458949 365479 219511 202229 576557 565164 500867 534161 226481 207930 622872 341106 80299 385359 546361 445624 31170 547347 202452 310109 424978 143388 488573 210369 111933 326268 482540 178818 251882 504406 422519 701074 461559 279629 459792 574713 412253 532550 165350 517741 232888 272084 692895 370321 460747 387752 302207 430625 351122 476896 367087
197995 411076 371529 871014 451572 1188392 672293 370681 1188142 1016223 897337 904805 1021754 424287 823314 1058544 991073 799398 237476 906332 908290 1041357 768206 950046 1223524 667243 620815 999999999 196017 353783 748564 1181033 545342 730408 880020 686541 962663 926682 679350 859357 667128 938057 891876 550859 373249 605522 937967 624764 793679 210856 971913 403167 569415 1143569 95744 639306 805391 688087 827264 837121 913703 620644 1001755 965342 178596 636852 1161949 422412 542155 403444 716036 1017446 461476 730903 567676 167101 560083 713145 901243 1004997 845602 1056274 870906 840626 987518 798404 850789 484527 861954 483865 725455 892420 986313 491949 254787 469628 1042675 881947 488720 322407
282171 447276 394346 908437 487921 1093974 700426 176125 1071608 869699 745241 920015 992932 330924 784522 941271 857718 610817 43582 765225 786776 1012921 707000 787062 1123981 648580 513537 196017 999999999 178313 672035 1069214 435718 550692 944150 622848 947256 917648 618054 835827 549771 827517 700048 449865 212720 591484 818335 450193 751251 57583 834920 322401 527539 1077013 232113 686962 830166 527107 707894 881621 762738 491158 873193 953331 127310 536557 1059932 313758 362308 209551 634609 849727 413471 625064 568575 230623 510123 668940 893259 928074 911240 909898 729350 654926 978606 786671 864558 417587 671794 326736 558537 944984 857577 548409 130919 294756 944065 720193 551368 335979
352346 437035 382371 860670 471401 939301 655172 85821 905413 693335 567991 852138 886014 218334 676536 775740 685664 447454 159569 590905 620782 905796 584323 608765 966108 565313 364545 353783 178313 999999999 538858 905323 290468 377080 919458 502594 852487 829145 500104 738292 391610 666909 543303 310910 48240 516977 652914 273451 641754 143395 661631 226139 434150 940319 352561 660388 774499 349008 544262 841360 585670 327103 703003 861173 198166 391708 901287 188182 188456 93792 499356 671897 330235 472083 509799 307290 411232 562254 806508 786940 889227 733458 555107 487129 888238 701238 797633 315012 511225 152042 380332 909557 687435 542362 117753 117381 788725 541886 550603 330781
589052 428164 426633 498528 413897 442471 376627 616600 470979 428270 383837 432535 367454 341243 179043 354103 352536 608139 676740 332137 248420 385918 66351 475609 480786 214672 183135 748564 672035 538858 999999999 455360 249244 502049 612557 73684 361234 356538 83859 257339 188014 233521 697926 227981 490652 241704 262284 454375 149004 615152 354109 353343 200403 405036 677703 438686 412048 377486 195107 506903 386293 253357 342181 375085 584659 152397 422947 359912 491733 605588 40009 547625 289583 121532 293447 592481 197942 122911 342409 257778 597618 456817 316200 595167 403321 267792 393523 264365 657450 415291 414498 572895 331066 455588 541728 484973 303607 432077 472778 449143
1037858 883178 881402 813390 866861 119308 780863 963548 33661 304218 406231 712808 498800 757200 502192 130719 247244 730989 1061954 346802 284893 501166 469524 448390 98321 640290 561318 1181033 1069214 905323 455360 999999999 638501 670073 942387 528421 567383 599346 538260 546697 519886 243266 770456 630503 861610 684669 252562 699528 505014 1016729 278441 777944 655762 290620 1119795 851927 754045 595828 361570 841653 389612 579039 218460 583919 1006891 544182 68133 763313 778786 940999 477885 467213 736996 450245 738651 1035232 652030 548430 605995 265011 941098 285330 376763 686484 599807 609647 705616 703394 743089 755194 595593 889113 232146 901557 947313 811524 156783 471902 918467 900146
427389 353800 320388 646399 365305 658285 462603 367356 643902 485567 380999 612452 606498 122391 400624 513843 448848 454393 434824 372432 362964 625867 299317 455115 688904 326952 77957 545342 435718 290468 249244 638501 999999999 345206 733625 222441 583606 567075 222445 470192 122081 395315 557086 27584 242452 299756 392682 258359 365657 381005 432400 148381 203160 649965 493240 496206 555196 231609 281923 638648 394184 93707 457382 594527 369041 101894 625273 124824 263500 356976 209439 530862 167859 189855 320414 412162 176580 293014 547073 497179 709242 524390 338914 463017 622602 448260 561957 121273 516042 170977 280194 709235 442076 433763 309830 240948 508560 390012 448757 309027
692550 684987 642220 975636 703052 744588 803947 385906 657803 388460 266375 926132 859580 413046 680886 544726 422995 110305 522030 323701 412501 876364 567966 263816 754921 656637 350433 730408 550692 377080 502049 670073 345206 999999999 1072122 519122 862750 858288 524187 758767 319098 480188 211881 369742 359910 639844 441547 109310 649468 520471 392092 442675 544357 815109 718977 840997 884529 125644 371004 973160 284294 270945 451902 876931 564736 376938 692245 385602 188834 353350 469211 310865 506299 382395 664928 657778 518470 597731 843127 665040 1049566 424091 296714 122112 905083 758139 880879 462216 170873 262977 89622 1043270 438942 774111 481649 260846 607925 209738 788158 613092
687303 497157 551161 129024 457212 859483 272099 1003284 971317 1030186 996390 232511 466418 718541 463569 898606 945221 1182428 975274 942835 846874 473410 553096 1088144 907076 417318 722664 880020 944150 919458 612557 942387 733625 1072122 999999999 566699 384173 345984 559167 400703 761884 807161 1281789 706954 881845 433915 850627 991958 478156 895698 954222 700519 530483 699839 784479 259883 201733 949117 806563 106394 998644 801284 926009 369767 816956 698461 881003 753549 986419 1012384 630254 1159969 600984 725906 419384 731621 557045 492562 336699 678260 34622 1052934 928649 1182177 363563 353230 238263 633269 1240392 880405 994500 56945 918941 396571 840753 940689 798144 1042526 395697 609289
520925 354795 354965 460265 340217 511013 316994 584038 544479 492253 435649 407155 384939 293395 178214 427654 420671 628184 631293 390584 316383 404499 84176 526451 550723 154219 174526 686541 622848 502594 73684 528421 222441 519122 566699 999999999 361992 348226 10354 249658 200453 306423 723106 196888 454558 171462 332748 457150 143296 565396 419731 300654 127896 458495 612291 374726 370457 393538 254836 463044 440377 253813 412426 373535 527908 144627 494235 317008 481145 576688 67938 600678 225123 160539 221670 527235 128626 78609 329933 319142 548798 522797 370462 621459 401791 239168 362005 206882 681961 393400 435513 531499 400644 382854 491929 463389 375498 477060 400057 380373
769944 558089 591535 257326 521398 477191 324927 936677 598124 708267 709376 151944 85644 635041 185024 544143 617591 967579 963885 644077 533698 98227 296386 798338 524521 299621 534076 962663 947256 852487 361234 567383 583606 862750 384173 361992 999999999 44964 361243 114317 548453 477724 1054030 557264 805585 359515 527060 813772 219224 890317 634271 633102 421894 316009 873306 390421 227786 738617 521243 293810 706058 610606 592049 17194 834378 503153 503135 664317 842941 932667 396566 861036 534571 480477 395085 795609 442570 291942 67828 310603 389614 722638 641028 951172 42808 164273 166496 538985 1014259 754429 774496 328320 588837 510023 819590 824157 434666 768950 522125 640981
732651 519782 555172 217702 482270 513521 281533 913984 629309 724280 717646 113885 129945 610964 177496 568244 634472 964677 935741 654329 546277 143162 290377 807780 561099 269108 522351 926682 917648 829145 356538 599346 567075 858288 345984 348226 44964 999999999 346243 99668 541069 493939 1053650 540199 782829 327060 542189 804179 209150 861073 649349 607201 395884 356833 836357 346103 183050 733260 527244 252171 715466 600527 610420 40019 802636 491872 536472 641343 828771 911404 389397 872700 506737 477618 359210 759836 417971 274068 25529 338272 349372 740785 648856 950779 61224 131017 122124 514395 1013417 737092 771023 291087 606164 468093 791233 806344 461372 774974 479799 605985
512509 344919 345701 453843 330052 519883 307918 582039 554480 502207 444614 402601 386467 289368 178491 437903 430901 633494 627137 400157 326624 406127 89720 535261 559844 145409 177769 679350 618054 500104 83859 538260 222445 524187 559167 10354 361243 346243 999999999 248248 206086 316752 728969 196409 452172 161262 343082 460486 143464 560549 429815 295687 118532 464994 604438 365082 363723 398704 264633 455867 449544 257556 422749 372424 521818 148458 503643 313797 482599 575273 77688 609663 217877 169163 211338 519452 120425 74148 327426 327009 540898 532884 379704 627531 400601 234759 356696 201294 687772 393387 441190 524579 410943 372502 487148 463265 385066 485328 389706 371871
669972 462095 490485 273511 428266 475848 258537 822399 574167 639583 624583 185669 162602 521063 78555 497970 551517 865392 851418 563339 458470 182059 191047 715497 523321 192223 423273 859357 835827 738292 257339 546697 470192 758767 400703 249658 114317 99668 248248 999999999 441401 411424 955019 443643 691325 253834 457624 704738 109482 778663 563871 519750 309013 342861 772190 330165 207354 633664 433058 296869 623425 501113 529828 124361 725115 392656 488779 550111 730743 818359 289759 782385 422483 378680 295270 692364 328970 177813 85504 281776 396115 658945 555646 852191 152414 74343 162602 425235 914652 640810 671687 350894 524068 428281 707379 710411 398422 679990 442286 536950
546412 449084 424271 659642 452358 547725 500775 459377 523821 368999 275015 607101 554548 244384 364412 393470 327335 427804 544550 255722 241266 572658 252072 357900 575374 344607 55524 667128 549771 391610 188014 519886 122081 319098 761884 200453 548453 541069 206086 441401 999999999 277748 522901 122447 345676 339056 271472 266437 331919 496869 312055 269477 251394 559414 615021 547941 569141 193457 160428 660110 285690 70240 335312 561854 490217 66059 510877 245272 309566 442585 151971 434526 265887 83697 375218 533367 229576 278997 525013 403715 741750 406876 224200 421652 590186 439138 562458 220718 481690 249003 235112 729451 320024 514178 427611 314954 397154 298471 530498 421754
799006 656920 649264 682942 645541 276758 598618 729461 250691 230606 252193 596396 440072 514027 343596 124035 140576 563699 821780 181114 69639 451790 269190 332251 299648 441929 318053 938057 827517 666909 233521 243266 395315 480188 807161 306423 477724 493939 316752 411424 277748 999999999 628471 387328 622049 474747 50569 484547 331465 774415 156813 535153 428762 338067 878322 664944 606603 382389 124436 701127 243472 339817 118853 494717 763633 301366 234597 520139 555157 709121 246662 387452 499453 207154 526908 794150 420987 346883 490449 199041 798019 247587 192616 530748 518799 454436 571992 463393 593421 519059 394914 760254 112673 689078 704497 579269 129820 320171 706272 663306
882764 893384 848714 1182429 913010 864886 1014837 524300 750371 466461 379400 1128088 1041913 619637 876504 660143 532819 104441 664029 450082 558957 1057348 764270 322067 864738 865161 559135 891876 700048 543303 697926 770456 557086 211881 1281789 723106 1054030 1053650 728969 955019 522901 628471 999999999 581560 539026 850711 582018 310224 846876 682172 502086 648474 755646 965477 895584 1052785 1091720 332672 540273 1181685 391957 480845 565689 1069059 740562 584076 807837 590072 364265 490624 668409 318724 717150 576415 876685 843397 729918 801427 1040279 825222 1259876 490219 436029 102891 1096770 960602 1084864 673581 41399 459840 287954 1251467 556590 984591 657947 438011 746111 309948 998344 815855
424027 337204 306962 619005 346293 645598 436282 389663 637286 490769 390896 584896 581574 126700 374840 507825 449213 479348 451230 377413 359483 601037 275356 468102 677557 299425 70561 550859 449865 310910 227981 630503 27584 369742 706954 196888 557264 540199 196409 443643 122447 387328 581560 999999999 262690 273039 388170 285040 339829 394206 434470 148968 176503 631082 494606 471256 527773 253610 278485 611546 403189 109850 455776 568002 376559 87440 614523 136283 291004 380606 188640 544325 150834 180272 295217 412075 150041 266206 520028 479537 682833 528972 344956 486428 596024 420860 534374 103983 540401 197177 301961 682124 440689 413376 321911 266919 496701 404252 428723 300311
345303 406808 353159 819431 439097 893347 615293 131165 862508 657225 533437 808082 838264 172969 628911 732510 645560 439587 200490 552526 577594 858022 536149 579311 920814 520308 317038 373249 212720 48240 490652 861610 242452 359910 881845 454558 805585 782829 452172 691325 345676 622049 539026 262690 999999999 473430 609543 252392 594081 168762 622400 183643 388643 892393 359733 623821 732373 317566 500141 801384 550745 282639 661795 814479 204947 343878 856130 141486 175822 131949 451177 645039 287441 425349 468779 304429 365220 514902 760401 739227 852214 697442 516653 475073 841665 655500 753848 269426 504692 114434 352759 870132 646191 511200 121755 101376 742793 511658 520480 305079
417335 216078 237892 350955 189182 650308 164130 602794 703870 662885 599056 335337 416286 301218 225498 593194 592127 750049 611299 558935 487828 435850 215153 688079 693788 61949 293782 605522 591484 516977 241704 684669 299756 639844 433915 171462 359515 327060 161262 253834 339056 474747 850711 273039 473430 999999999 503601 558052 201961 535358 590941 290886 96598 561563 518812 209485 261226 518605 424837 339795 605477 370039 583422 363964 475581 273253 642902 334935 556114 605123 238419 763676 186935 324124 54094 438543 123220 137022 302300 447790 410073 694006 536423 752704 388249 196189 280667 207409 809345 452448 565256 410347 571872 216954 466914 516681 528375 633799 233940 283116
807331 676192 664632 727604 667626 305395 634738 711232 253274 182217 203869 643078 490546 513986 387645 122997 94597 520636 810001 132596 32480 502341 305647 282060 321979 475315 317687 937967 818335 652914 262284 252562 392682 441547 850627 332748 527060 542189 343082 457624 271472 50569 582018 388170 609543 503601 999999999 454562 373090 766731 107258 537125 449777 383461 882483 699343 649407 351108 111081 744358 194195 327323 79899 543991 761561 305492 257127 516695 529713 689154 268715 336920 510996 211872 554418 799266 439315 380915 537901 248671 840406 202311 148037 485611 568370 497421 616939 472070 547773 502631 358811 804742 69547 714928 698526 559472 167008 272613 732129 674468
583316 583342 538513 902550 603877 759352 720910 294553 692210 444481 316612 861899 820817 309418 629017 569688 458628 205809 424814 357580 422809 838786 517630 341271 776185 582190 282725 624764 450193 273451 454375 699528 258359 109310 991958 457150 813772 804179 460486 704738 266437 484547 310224 285040 252392 558052 454562 999999999 595635 416205 430019 338287 461475 806339 610424 752422 811181 103790 363674 896317 335149 203657 483042 826738 456673 312609 711565 280083 90875 264367 417461 400219 409846 343300 577537 548500 434926 534571 786766 651689 967572 483274 324469 229763 855110 694731 813659 368072 271089 153869 114645 966863 468444 675978 373858 156076 614336 277173 689350 506775
612945 417835 435368 357781 390710 456024 276298 724483 528393 552030 524943 284751 244355 427601 35032 433837 467642 756399 763362 467238 368728 264206 82771 616564 501290 144987 314947 793679 751251 641754 149004 505014 365657 649468 478156 143296 219224 209150 143464 109482 331919 331465 846876 339829 594081 201961 373090 595635 999999999 693694 476070 430157 226462 359708 711602 346956 276566 524271 333072 371772 525309 392107 449843 231431 647338 284106 455708 454253 623770 718406 180328 685930 340034 270531 253672 628600 241356 82409 193759 252151 467321 575238 456196 744143 259792 125340 249223 334506 806344 536634 562658 434095 441953 409277 620988 606584 349104 577298 425345 474266
251197 398604 344631 856185 438568 1039188 647905 168443 1019911 824648 701716 865269 935501 273921 726997 889497 809078 588707 79599 718351 735444 955490 649560 747866 1069831 591966 458949 210856 57583 143395 615152 1016729 381005 520471 895698 565396 890317 861073 560549 778663 496869 774415 682172 394206 168762 535358 766731 416205 693694 999999999 787125 264873 470187 1020036 222137 637260 776668 486288 655946 830411 718872 440282 823495 896551 85857 481229 1006019 257929 331826 198757 577948 812825 356214 570739 513822 200109 452608 611394 836780 871562 863181 864880 682500 629790 921961 730150 809816 360010 651580 282917 520597 894698 807883 501577 73536 260275 889565 680321 505632 286413
858466 747457 729633 832428 743420 363339 730505 709384 265835 75998 128096 749485 596299 554408 492542 158519 31439 454266 821126 72590 107541 607511 404445 186484 366970 568766 365479 971913 834920 661631 354109 278441 432400 392092 954222 419731 634271 649349 429815 563871 312055 156813 502086 434470 622400 590941 107258 430019 476070 787125 999999999 580737 526946 472282 925154 792628 752616 328105 168404 847841 112248 351271 63638 651216 793447 361673 307222 550513 514503 683640 352548 232837 572068 276443 639365 844558 512728 476150 644770 349498 942910 103069 107357 412263 675501 601126 722113 529232 471430 509675 321073 909346 55385 796078 723468 557129 249537 195529 813166 732172
279780 246689 200244 635797 271496 787400 432243 311959 785559 633486 525732 626155 673403 30466 463974 656429 596786 544087 333213 520526 508416 693371 384830 594951 821359 340605 219511 403167 322401 226139 353343 777944 148381 442675 700519 300654 633102 607201 295687 519750 269477 535153 648474 148968 183643 290886 537125 338287 430157 264873 580737 999999999 211408 756985 345781 444523 548820 350324 427382 618152 539769 236589 604329 640710 232332 233801 759271 59190 301359 315584 317807 669298 104105 328064 285260 263924 190862 348228 583901 611021 671639 672494 486676 564764 667167 477801 571553 95654 609329 194122 397469 687195 589155 344686 191540 244087 640344 528024 356519 172339
396147 228401 227178 445613 217874 638124 259948 519499 671068 595452 520249 421445 465506 215849 258373 551725 532271 654431 542413 486943 429463 485491 201983 606887 678335 132195 202229 569415 527539 434150 200403 655762 203160 544357 530483 127896 421894 395884 118532 309013 251394 428762 755646 176503 388643 96598 449777 461475 226462 470187 526946 211408 999999999 575098 490690 298966 354995 424301 358554 436002 528404 275807 528093 429322 420986 185496 622124 247624 460739 519027 182162 683231 114262 251710 124086 406342 26680 144514 372774 443082 506375 629169 461179 658470 455762 267116 368308 119222 714326 358406 471523 506588 515159 269689 398492 424140 503361 549452 286661 255440
969532 777537 793781 573325 749725 178184 601242 1014663 324238 530689 586758 467941 233970 746124 337786 328552 444780 901601 1081544 515649 407657 229775 375568 658522 221495 502971 576557 1143569 1077013 940319 405036 290620 649965 815109 699839 458495 316009 356833 464994 342861 559414 338067 965477 631082 892393 561563 383461 806339 359708 1020036 472282 756985 575098 999999999 1065724 673017 534702 708701 445675 608990 575742 629524 412050 330077 986269 548650 222643 764767 865497 1000343 443086 700869 682497 475717 612469 981436 583493 434334 371663 155851 705567 528561 530442 868628 338232 416814 476851 664935 931072 806820 727677 643615 417110 762354 946556 874101 222790 655880 777526 829446
104115 318164 281967 775665 358063 1119872 578110 390571 1129011 974689 860729 811158 934790 370899 740003 1000742 942086 798209 275597 862717 854076 954218 691900 920622 1156814 580752 565164 95744 232113 352561 677703 1119795 493240 718977 784479 612291 873306 836357 604438 772190 615021 878322 895584 494606 359733 518812 882483 610424 711602 222137 925154 345781 490690 1065724 999999999 543831 711061 661201 773091 741523 876141 575963 950093 875363 155223 577661 1096628 376215 535164 420418 647513 991165 388160 672065 478371 85224 484094 632513 810857 931413 750091 1014272 828022 834791 896920 709280 757472 417008 862725 460944 702375 796676 934898 396439 238398 460748 976845 852386 393024 237360
442081 239957 292749 232033 199045 796954 72372 743802 875274 866193 807720 283055 471240 464641 352009 776363 791000 950529 716855 765232 687053 487044 395859 897195 843472 224155 500867 639306 686962 660388 438686 851927 496206 840997 259883 374726 390421 346103 365082 330165 547941 664944 1052785 471256 623821 209485 699343 752422 346956 637260 792628 444523 298966 673017 543831 999999999 178819 722730 629488 198215 813612 574492 779022 385331 560229 481949 801284 499605 737619 753624 442664 972565 348794 532127 176131 482287 323765 318505 322680 594800 228915 895459 744131 956733 398332 256324 236427 385788 1011589 630201 770240 258266 768693 147402 581070 687322 696028 843283 152316 351103
