NAME : synthetic_000989
TYPE : CTSP-D
DIMENSION : 100
GROUPS : 8
RELAXATION_LEVEL : 1
EDGE_WEIGHT_TYPE : EXPLICIT
EDGE_WEIGHT_FORMAT : FULL_MATRIX
EDGE_WEIGHT_SECTION
999999999 526766 142810 658182 371699 473615 565647 293024 592790 595431 497696 259616 32788 34238 594557 345071 452715 254133 645691 295191 283119 476943 562625 295642 440075 493821 244189 431525 487044 473364 554040 444543 448995 604380 291861 434065 344315 427782 140063 347433 555519 678981 55025 200991 335694 637969 386632 538054 459736 73716 542256 363432 580946 408162 637149 487049 395227 404733 426094 584743 148962 511984 216524 369588 513443 137483 266424 573277 249442 601430 305377 343466 543581 346108 303138 612142 197820 414208 368047 591819 294286 603802 507631 436279 354383 416129 643577 631725 233515 277778 478016 792237 207718 456449 378316 421028 482466 461428 200923 593463
526766 999999999 663110 1149057 549069 440220 430292 407737 863633 1062528 853664 336988 549929 509004 78094 587575 941456 747990 1105221 615122 771527 50227 119738 534986 905254 42936 294144 939025 740440 992091 461258 471894 960044 808582 673739 377744 253750 185480 617923 341379 552431 821915 472282 701128 570883 166788 714581 1053185 851631 529448 213478 268825 689191 934914 1138218 347876 920014 124099 586719 127881 637625 239460 437051 351060 967418 431516 318067 911011 291112 813548 573618 665437 417357 681034 739964 1104742 537978 379557 894768 649029 621298 1103298 109756 258336 836489 888717 799264 108258 752176 410164 817049 824819 651250 712864 195395 495802 476543 613154 724152 477911
142810 663110 999999999 572418 470752 599103 696158 422041 630376 531547 509675 400143 114508 154364 727789 346462 380858 123613 584361 275538 236908 612948 704475 393904 390771 632113 372565 289148 543445 363923 680477 564093 352085 663641 236009 566276 486825 546815 171122 483973 668745 749625 193425 165377 343599 763067 429590 431587 457767 183065 684855 471485 668995 276877 542984 622888 257177 539601 520132 726518 69811 653931 290899 455970 465359 242802 408151 491029 391839 658471 391351 306299 674510 394463 301195 526740 218614 491617 239765 690378 270977 512374 649489 577532 222855 363307 713598 765913 90803 353265 405539 882143 140188 516206 501103 535201 603085 552527 110303 720077
658182 1149057 572418 999999999 688312 873015 974631 770798 539330 117985 411844 817210 650332 688413 1224325 907143 208426 593257 122786 830780 380783 1102912 1145826 653928 249112 1109520 895972 516222 573349 228893 938367 820519 221852 638225 770029 885474 910270 1082451 536490 850966 862971 734281 709878 459007 907488 1283310 503447 169254 364925 628718 1082701 1021612 754838 360984 52116 952347 410759 1037911 694630 1167338 637474 1039855 858348 1021478 207339 793167 834749 921925 858824 626938 618344 844229 960237 516205 414220 46114 790710 1060952 371612 812434 824524 64633 1095164 964625 606534 261541 709244 1257314 525928 921654 876445 910634 690974 575346 1031153 779126 851904 700400 468071 969937
371699 549069 470752 688312 999999999 184775 287872 151993 315516 580112 318719 243854 401250 394664 626404 699716 504968 594076 610963 661690 381448 516315 501956 77231 443807 506162 430727 728652 191515 613930 254716 132581 564047 275673 663558 204252 298825 576753 306045 207695 205958 324456 366816 364071 687291 711896 189156 653926 335908 301112 416495 568470 211419 629647 695742 268803 645268 477919 56377 520654 509799 371509 531538 624237 483116 444813 262013 944184 323937 277730 86682 712748 272354 172195 296323 651109 557822 676500 589948 220988 661830 661598 461740 307355 691224 440005 291927 648935 540870 573800 849616 420726 576839 163923 527633 91332 166634 92909 435593 290141
473615 440220 599103 873015 184775 999999999 105267 180875 454628 764101 493130 245140 506257 485857 511550 754646 688477 721165 793475 734066 555703 421250 362813 234250 628386 399993 431321 876864 343458 792206 81441 52790 743964 381289 753556 67107 234205 524152 453315 152779 117581 382560 448201 524828 739824 606821 371802 835342 517564 416409 262095 545315 250302 795578 880381 101206 805271 408019 187548 377524 622176 218862 572803 618570 667430 498571 253231 1036329 316185 388184 262233 788874 87928 356970 477077 835878 628102 668872 754544 209299 736102 846148 336214 182368 821520 623876 361961 525403 680309 597994 938023 398256 679182 324448 484369 94047 36642 198763 588669 121012
565647 430292 696158 974631 287872 105267 999999999 274175 531613 864209 586709 319920 598435 574531 492798 824597 792657 816825 891669 811298 660945 423219 331565 339482 731556 395105 488416 977365 430243 897452 42868 155504 849092 447018 837020 131988 279616 547994 555743 223982 147585 426298 535028 628887 809043 591792 471704 940264 615803 513106 224372 584763 302467 899844 983367 97654 908519 428378 282394 341013 714596 191042 641304 664244 768219 574375 322916 1117952 378652 455572 367274 866749 22336 459571 581991 938293 706466 711997 858660 246283 814024 949336 320662 195633 917441 727819 413254 498837 779492 658445 1018981 396697 767784 415280 515778 196547 122810 285533 691261 47834
293024 407737 422041 770798 151993 180875 274175 999999999 464927 673043 446066 92868 325740 305056 485800 583783 570668 542731 711255 557589 416193 370984 378907 127662 521770 364969 285333 705000 340260 653979 261017 157909 610893 427189 573736 144840 153993 424763 289565 80342 273637 468452 267906 368917 569761 566569 307218 705091 447446 239043 312452 419204 344307 638143 768921 205819 642016 327611 202101 399664 441826 270709 405741 479595 575652 325408 110325 856836 173962 429559 166515 611753 252472 275298 357150 729270 451446 531735 596341 333009 559163 733772 331921 194023 643324 510447 438036 511781 506207 439783 758923 538075 498317 310615 375817 146300 193253 236332 423967 300444
592790 863633 630376 539330 315516 454628 531613 464927 999999999 421903 148458 553380 612415 624654 940508 937621 436827 736791 426470 882655 426809 831765 808330 349643 365261 820809 726768 804317 124672 578915 489080 407602 524591 102928 861355 500317 614338 886888 468626 522550 389419 194974 612399 470436 928480 1027239 206346 586399 213633 521135 713980 868838 244494 657779 568989 554800 693803 792460 278259 825423 691428 669432 794343 914049 350761 705309 572485 1119362 630036 91470 317496 925173 525913 246692 335781 518879 790364 965540 629614 307965 880483 542627 772320 614923 815513 382109 171770 961475 664402 846897 1035905 371324 765423 155018 836211 374398 421006 257224 544984 508106
595431 1062528 531547 117985 580112 764101 864209 673043 421903 999999999 294330 726911 592850 627802 1139081 876258 151103 576371 53150 802296 312326 1017998 1051114 551818 158806 1021870 823839 538140 456617 244750 826959 711373 211338 520341 748702 780510 817735 1010142 463623 752457 748662 616759 643676 394782 874459 1203497 392574 210881 250155 555660 982698 955850 637485 373386 149390 846910 423164 956071 582689 1072220 600226 939079 805296 964444 97751 732774 745234 932596 775318 509073 514852 823146 850630 409193 322570 100226 748704 1007228 370687 695602 796773 129052 1001989 865548 608999 179914 591404 1170491 502644 868471 875998 793089 661827 459898 957893 670054 741408 586526 421889 857507
497696 853664 509675 411844 318719 493130 586709 446066 148458 294330 999999999 522373 511634 531446 931753 836043 289210 607101 311240 774799 289337 815488 818028 318685 217229 810965 670765 660366 163663 430774 546919 440922 376328 233663 745036 522469 599954 845499 362007 517851 460740 333739 527726 344874 828720 1010116 139268 440883 65354 431864 735165 813187 343168 510652 435007 585462 548063 765408 305775 837403 575091 690202 710385 846401 211041 623604 542019 991308 589893 223063 280154 812810 575820 175857 208479 385306 690450 896043 483828 401798 771714 405917 774908 624254 679614 233652 304480 957745 532226 767898 912272 507853 648669 172025 793006 401133 465616 302014 414685 574118
259616 336988 400143 817210 243854 245140 319920 92868 553380 726911 522373 999999999 291531 261505 414534 509641 611558 513516 768732 491912 446302 295172 331342 206776 570787 295530 194639 689091 428893 678012 317926 236772 639993 519477 517534 189777 95231 333804 300938 96086 351981 561059 220224 385164 494735 488235 383301 734462 515890 226579 289071 326406 435725 643808 809959 232323 640389 243234 294920 353359 405417 254906 327676 388398 631137 255154 19654 798035 81224 521573 243681 547220 297608 347335 404792 773811 386700 440366 601973 420551 494443 774789 278938 177547 613396 555777 530844 444300 489421 355232 699063 624464 452100 398415 283984 233837 266715 329189 426235 355309
32788 549929 114508 650332 401250 506257 598435 325740 612415 592850 511634 291531 999999999 41535 616029 325820 447294 221986 643954 271366 281296 499868 590014 324692 439923 518206 262411 401589 509790 458295 586747 476762 437207 628113 262906 466846 374837 442476 149954 380022 587249 704886 78917 198629 317613 655643 406082 524119 470413 100568 572511 373507 609432 385960 626987 519645 370213 426920 455080 612042 116177 542966 212986 372190 514163 143120 297769 543003 277716 624752 332385 317590 576368 366250 311823 604219 179104 414382 346726 621836 269850 594258 535034 467722 322031 414915 669297 653730 205186 275860 448510 821313 176335 479664 394449 452694 514802 490076 186142 626183
34238 509004 154364 688413 394664 485857 574531 305056 624654 627802 531446 261505 41535 999999999 574689 314302 483958 254739 678347 268014 315518 458893 551391 319777 473104 477751 220876 438607 517227 499111 565332 459816 476958 633718 271184 442552 340668 401405 174282 353150 572628 706310 41886 233039 304315 614164 418776 564642 493910 103695 537443 333868 605199 427397 666153 492419 411010 385780 449862 573327 144420 509396 182339 336714 546725 105143 265864 554149 240585 631081 332228 318156 552298 378000 337371 642322 167523 380716 388242 613403 267701 633139 496472 435460 353329 448846 671124 612482 244452 243807 457522 815337 193495 486348 353100 438672 497000 485644 226618 604483
594557 78094 727789 1224325 626404 511550 492798 485800 940508 1139081 931753 414534 616029 574689 999999999 621829 1016397 806652 1182176 657149 845751 121413 164278 613077 981476 120848 355552 998247 817623 1063423 526420 545644 1032717 883720 720064 450854 331823 212748 691346 418736 621232 894042 539654 773914 605516 99531 792675 1125364 929576 601721 269732 302702 761527 1001936 1212519 416117 984960 190089 663102 161952 697903 302451 485557 377341 1044293 490910 395477 943566 365540 888939 651712 704807 481749 759093 816529 1179785 588101 396568 962332 719175 663793 1177700 175621 331308 891844 964506 872355 39818 815623 450706 852448 889289 705772 790281 239251 571043 548107 688822 793760 539747
345071 587575 346462 907143 699716 754646 824597 583783 937621 876258 836043 509641 325820 314302 621829 999999999 725167 320059 929295 77437 581485 544020 679886 628208 737138 577156 343198 477611 831529 684894 826765 741075 685446 947755 149232 698147 549788 409176 474208 604441 857132 1018023 334374 504054 16843 610274 731315 752276 791473 417856 713528 320095 911058 567723 871962 730287 527061 479588 755947 697752 276822 702337 183305 246742 811797 258482 503285 323448 446132 945273 644482 93659 802645 691027 631922 862611 147278 245022 543596 912010 84514 844395 632839 646462 353647 709747 983236 660938 381420 180817 230620 1116785 216207 800630 392458 728541 774219 792345 456719 863198
452715 941456 380858 208426 504968 688477 792657 570668 436827 151103 289210 611558 447294 483958 1016397 725167 999999999 427437 204193 651216 172518 894995 941734 460296 72444 902260 688160 410517 428620 142894 759420 637158 90159 520772 598266 693344 705485 874747 328153 650998 695214 621373 503299 252141 723443 1074884 333679 155772 225877 420478 883089 815683 609929 246572 198701 760441 293057 829602 521254 963462 449288 841225 658392 819480 110574 589080 628675 791896 650857 510643 427490 672622 776402 335341 214538 163420 598596 860897 233778 660751 645718 163490 890262 764589 467180 65573 590465 1049706 352707 721729 730653 792975 510784 421279 823240 596183 671475 534052 271692 793762
254133 747990 123613 593257 594076 721165 816825 542731 736791 576371 607101 513516 221986 254739 806652 320059 427437 999999999 629322 242622 320008 697930 801914 517354 455979 721024 453873 191633 657871 367212 802412 687136 373853 777664 177054 686076 595349 610868 291578 601209 792328 866525 296580 266502 323332 829768 541776 433818 549832 304776 792129 527068 790360 247725 555254 740734 208831 624008 642878 823530 112010 763979 334075 492174 526918 316513 519452 384211 494596 771811 513795 251008 794990 509155 401609 550020 237064 517467 224465 813240 235653 529418 747340 689389 100639 427865 830531 845882 77080 388925 309022 1003288 113574 631988 570897 658678 726038 674794 192561 842008
645691 1105221 584361 122786 610963 793475 891669 711255 426470 53150 311240 768732 643954 678347 1182176 929295 204193 629322 999999999 855407 362885 1061392 1090054 587829 206532 1064166 871584 586882 474901 292211 853340 740688 262290 527653 801831 813415 858258 1057550 512300 789943 771038 620986 693163 445529 927423 1248463 421973 251643 275994 603889 1018679 1004871 652480 422885 167339 879239 472952 1000686 609309 1110909 653152 974643 856658 1015061 137991 783147 787344 983683 819721 516215 550093 876281 879028 442410 366356 124954 801236 1058299 421953 712361 849896 157085 1041801 902371 660609 229565 597956 1212918 555736 919745 928178 797034 714954 481497 1005122 699606 769141 610289 474556 882471
295191 615122 275538 830780 661690 734066 811298 557589 882655 802296 774799 491912 271366 268014 657149 77437 651216 242622 855407 999999999 512192 568766 698072 587545 665930 599659 346974 403732 781130 607811 809488 715449 609267 899195 75327 681673 544226 445499 415079 587966 830748 973974 295446 437069 81997 655894 676554 675094 727521 368904 720467 355162 872735 490293 795099 719969 449823 499848 717283 717262 205795 704601 183609 293263 740269 236924 488447 310143 437425 895988 600017 55654 789055 637172 568328 786444 106147 302549 466271 878558 7872 767814 648093 642724 280098 638283 938653 696825 304860 206447 211195 1081826 140621 750903 420573 699023 750496 753256 385138 847174
283119 771527 236908 380783 381448 555703 660945 416193 426809 312326 289337 446302 281296 315518 845751 581485 172518 320008 362885 512192 999999999 724449 777636 321464 158980 733024 515740 381305 369670 238392 632489 507628 194988 483603 470808 549408 541262 702354 155715 495490 585000 580201 332088 82686 577363 902703 253593 289472 230105 247967 725902 644612 532942 253398 366771 615641 278383 658086 412160 799625 306443 685777 494230 652215 233685 420450 462479 703718 480463 475870 296017 542583 642530 234490 98258 335404 445041 695490 216943 572441 507786 331962 725062 607695 390363 133619 545316 879676 243956 557155 628037 736822 376339 350533 650766 468782 545008 434255 130525 669626
476943 50227 612948 1102912 516315 421250 423219 370984 831765 1017998 815488 295172 499868 458893 121413 544020 894995 697930 1061392 568766 724449 999999999 143604 497105 860246 36494 244058 888896 707780 943392 450672 448445 911976 781068 626023 356363 217859 151782 570254 309643 536342 799802 422367 653087 527244 195758 676226 1004872 811016 481088 218889 228263 667140 885043 1091220 334748 869896 73936 556853 157716 587469 236133 389232 312713 923456 381506 275849 867354 244140 785484 535391 619833 408227 641578 695500 1058378 489503 345454 844985 630506 574782 1056378 113282 239321 786780 843148 775620 155856 701964 365074 772519 812917 601753 679392 151921 469132 456880 584989 674812 471047
562625 119738 704475 1145826 501956 362813 331565 378907 808330 1051114 818028 331342 590014 551391 164278 679886 941734 801914 1090054 698072 777636 143604 999999999 504573 897703 107251 356923 989581 688973 1008400 367348 403198 971218 742600 750003 308614 236475 295332 630666 301573 466137 743624 511143 715115 663044 263750 681587 1065633 825016 549511 107194 369717 612376 966105 1140377 263030 957148 200322 530523 22268 689930 145155 515160 455034 954005 491242 315622 1002006 313451 748859 543265 750961 322284 652629 731759 1103117 611007 488986 924764 565657 703553 1105174 54996 194662 895839 884352 724472 167274 795199 499278 905622 728154 714689 664201 291943 434004 399315 551915 749890 377772
295642 534986 393904 653928 77231 234250 339482 127662 349643 551818 318685 206776 324692 319777 613077 628208 460296 517354 587829 587545 321464 497105 504573 999999999 405340 492310 378306 655651 226556 558415 311881 187110 510989 329433 587349 233053 281313 538291 231146 203064 278145 390577 294038 294384 616312 692190 179635 603325 320513 224320 431010 519678 285486 563533 656133 300155 576169 449599 130457 524874 432602 387266 464636 568645 454078 376489 226332 867414 280869 329349 38888 637885 321168 148122 246223 614070 484653 620663 523005 298164 587418 621299 458875 314605 614944 397249 356408 639406 465531 510536 773195 496666 499930 195093 487117 150228 225408 165915 363169 349777
440075 905254 390771 249112 443807 628386 731556 521770 365261 158806 217229 570787 439923 473104 981476 737138 72444 455979 206532 665930 158980 860246 897703 405340 999999999 864941 665338 464693 357104 213655 696986 576387 159464 448341 619238 637637 662845 851516 305769 601892 628895 548948 486823 241386 733781 1044914 266185 227353 153498 397416 833590 798349 539021 304995 252020 704657 348006 797667 456087 919090 460555 790767 652909 809658 74926 577548 588786 831329 617087 438232 370425 692601 716127 272093 166125 208746 603148 853664 285380 590907 661072 217792 847597 715534 507984 28137 518024 1013366 379149 715689 764012 720584 527404 350921 799207 535110 609466 466828 280794 730338
493821 42936 632113 1109520 506162 399993 395105 364969 820809 1021870 810965 295530 518206 477751 120848 577156 902260 721024 1064166 599659 733024 36494 107251 492310 864941 999999999 268062 911298 697554 955736 424406 430389 922676 766334 655229 336684 211013 188255 580241 298479 513356 780958 439873 663875 560345 208352 671929 1016150 809418 492881 185146 263376 648202 901779 1099482 309685 888374 100242 544056 122079 609856 205711 418660 348287 926464 405439 276823 900219 253366 771203 530981 651388 381123 638589 699377 1065406 517677 381735 861286 609138 605503 1064491 78938 217692 811543 848804 757878 148771 721863 397414 804829 787658 627411 669942 186216 453601 436132 570742 689369 442904
244189 294144 372565 895972 430727 431321 488416 285333 726768 823839 670765 194639 262411 220876 355552 343198 688160 453873 871584 346974 515740 244058 356923 378306 665338 268062 999999999 644893 604727 717499 495945 429705 691799 704744 393982 368826 209386 186626 360799 278710 543361 752962 189486 437219 326840 393815 537308 781858 649678 268381 373594 142836 629606 647979 877995 391917 629633 170136 484628 377424 343560 359623 163969 194283 735052 137545 181302 656125 115788 705686 409284 401689 467070 497056 509678 850248 254578 246470 609068 615094 351705 844054 304571 303984 543494 644265 721701 394072 460071 170165 557731 818577 359563 573103 135254 428476 456962 520023 445109 530018
431525 939025 289148 516222 728652 876864 977365 705000 804317 538140 660366 689091 401589 438607 998247 477611 410517 191633 586882 403732 381305 888896 989581 655651 464693 911298 644893 999999999 750288 294978 958134 837227 328786 864905 328858 849839 775823 801822 425305 770934 933633 961239 479641 367062 485171 1020680 633225 347066 596240 467534 973780 716992 906053 165358 468764 908801 117469 814959 770663 1011405 301493 943078 523440 677187 521001 507796 697297 407083 678972 857120 643080 391221 956235 609315 478734 480616 423477 697919 179364 938809 395942 452656 934754 866573 123970 439622 926158 1037442 199914 575496 373466 1114402 298894 729605 762427 804237 876444 798373 293090 997506
487044 740440 543445 573349 191515 343458 430243 340260 124672 456617 163663 428893 509790 517227 817623 831529 428620 657871 474901 781130 369670 707780 688973 226556 357104 697554 604727 750288 999999999 562522 389120 293470 507988 120202 766671 382996 490137 762551 374492 399084 298486 211242 500802 394173 821372 903398 117651 584297 210399 413753 597737 746234 182934 618257 593247 441134 647433 667817 159114 706746 599123 552828 680378 793884 368498 591204 447939 1034349 506041 115508 196634 826617 421414 149028 271654 544257 684563 845682 584760 239086 779629 562477 651134 494660 744327 365491 175908 839473 590222 730606 946576 369923 672305 31874 712074 257116 312504 145409 471528 413899
473364 992091 363923 228893 613930 792206 897452 653979 578915 244750 430774 678012 458295 499111 1063423 684894 142894 367212 292211 607811 238392 943392 1008400 558415 213655 955736 717499 294978 562522 999999999 867548 743046 54792 660244 544257 787727 773228 900466 377764 732764 813023 760838 528028 293316 686458 1111123 459063 68046 366460 462856 961866 830939 740768 133303 188164 854023 183597 873504 638312 1030574 423377 922544 654791 819824 246547 600037 692930 696261 702607 650412 530595 617978 879513 452774 318000 188818 577527 855229 143414 788049 601226 164287 954802 844126 377974 198708 729060 1099233 304326 717168 647906 930403 469851 551784 851576 703322 779599 655587 272636 903868
554040 461258 680477 938367 254716 81441 42868 261017 489080 826959 546919 317926 586747 565332 526420 826765 759420 802412 853340 809488 632489 450672 367348 311881 696986 424406 495945 958134 389120 867548 999999999 124889 818309 404150 831499 128626 290203 568954 534181 222372 105089 384644 527007 604548 811571 624798 434952 908592 577803 497700 260540 600071 259815 874891 948374 116695 885533 449904 244308 378063 702797 224005 643914 677294 731507 572993 323482 1113746 383099 412710 337014 864623 45104 424932 550669 902749 703881 726208 834059 204464 811821 914592 352337 215923 902815 694270 370897 534392 761735 665003 1015134 363566 758810 375114 533864 164254 88111 245096 669389 39601
444543 471894 564093 820519 132581 52790 155504 157909 407602 711373 440922 236772 476762 459816 545644 741075 637158 687136 740688 715449 507628 448445 403198 187110 576387 430389 429705 837227 293470 743046 124889 999999999 694176 339651 730094 95151 246705 539657 412183 155059 116090 351398 424233 480555 726841 638598 319024 784998 464786 383007 306432 552350 218867 750469 828320 147757 761986 427218 135893 419276 591698 262045 561616 621263 614769 482953 248474 1013324 313997 345712 212457 769505 139805 304666 426780 783596 609314 672556 709781 189061 716963 794177 371959 214368 786946 572355 327505 562184 642638 591914 915792 389393 651846 273242 496604 41393 39228 150429 546801 162697
448995 960044 352085 221852 564047 743964 849092 610893 524591 211338 376328 639993 437207 476958 1032717 685446 90159 373853 262290 609267 194988 911976 971218 510989 159464 922676 691799 328786 507988 54792 818309 694176 999999999 605466 549825 741941 735154 876687 342498 690380 761452 706057 502754 258917 685665 1084165 405543 94560 311853 431000 920883 810668 686696 163429 191088 808585 212499 843403 586677 993292 416043 880735 640699 804988 197848 580213 655649 721427 669325 595649 481834 624253 831563 400622 267725 177181 569703 842776 159687 734570 603099 160392 918186 802682 398474 143921 674268 1067758 304567 703758 666842 875654 469244 497641 826733 654070 730239 603064 251600 854183
604380 808582 663641 638225 275673 381289 447018 427189 102928 520341 233663 519477 628113 633718 883720 947755 520772 777664 527653 899195 483603 781068 742600 329433 448341 766334 704744 864905 120202 660244 404150 339651 605466 999999999 886276 434732 567314 851614 494586 472664 300779 100628 615029 513115 937125 974541 236180 674046 294956 530773 643379 843762 148511 727204 665553 482485 759156 749294 226434 758176 719131 599893 791914 897025 443656 703015 537463 1154551 599578 11491 305617 945430 444050 269195 386742 615509 801240 949187 695672 211520 897898 637791 711236 553239 863149 461551 71218 901487 709315 839611 1066645 274390 792183 148721 803003 312784 345613 196138 590233 418846
291861 673739 236009 770029 663558 753556 837020 573736 861355 748702 745036 517534 262906 271184 720064 149232 598266 177054 801831 75327 470808 626023 750003 587349 619238 655229 393982 328858 766671 544257 831499 730094 549825 886276 999999999 705632 579678 510425 393432 613106 843585 966210 305932 401365 156313 724123 657140 610730 693771 363473 764012 420548 872324 422527 732308 749176 380044 554988 717798 769976 170294 744603 236791 364174 692490 269176 516799 283231 472265 882162 595049 74539 814684 619453 536667 726502 139504 376521 401336 883552 67464 706330 698363 678419 205038 591223 930439 759868 246366 271354 186395 1084011 96395 737573 481442 709809 766721 752927 340745 870088
434065 377744 566276 885474 204252 67107 131988 144840 500317 780510 522469 189777 466846 442552 450854 698147 693344 686076 813415 681673 549408 356363 308614 233053 637637 336684 368826 849839 382996 787727 128626 95151 741941 434732 705632 999999999 167782 457045 432375 93870 184688 444275 403058 509286 682944 544532 392718 835058 539485 383515 214787 479256 311520 779890 888945 67106 785515 341062 223882 325210 582957 169837 515291 553672 682926 444926 194862 987127 254980 440670 267235 736946 109746 371424 479125 846347 576335 603577 738270 274671 684158 854181 276838 119584 786715 630218 421626 467043 650988 537145 888298 465354 635797 360200 417455 126107 101010 243422 567501 165540
344315 253750 486825 910270 298825 234205 279616 153993 614338 817735 599954 95231 374837 340668 331823 549788 705485 595349 858258 544226 541262 217859 236475 281313 662845 211013 209386 775823 490137 773228 290203 246705 735154 567314 579678 167782 999999999 292952 395996 95094 351179 594357 298793 480296 533789 413615 460944 829641 599389 319184 198062 311525 463265 737143 904067 182644 732096 182654 341447 258395 484818 168839 367089 387171 721236 310660 81186 854104 107441 571081 320021 599847 258621 427982 496725 867241 442888 436473 695407 435448 547863 868872 184899 98792 693863 648729 567593 358362 577133 379546 754932 631668 524030 461575 250740 259520 265201 371441 519695 322461
427782 185480 546815 1082451 576753 524152 547994 424763 886888 1010142 845499 333804 442476 401405 212748 409176 874747 610868 1057550 445499 702354 151782 295332 538291 851516 188255 186626 801822 762551 900466 568954 539657 876687 851614 510425 457045 292952 999999999 547394 386443 641732 885586 374001 623543 392818 218900 708673 965681 829310 454947 363680 90346 755448 823678 1063871 452839 800961 119654 625517 308597 506799 372554 280208 166686 920648 304015 315047 731446 257553 854225 573294 492321 530185 669892 694139 1036680 382839 194444 786245 728294 452311 1030091 261676 353291 690171 830710 857620 252078 629840 239448 639781 922379 504554 731870 52869 550829 556855 658099 627859 594983
140063 617923 171122 536490 306045 453315 555743 289565 468626 463623 362007 300938 149954 174282 691346 474208 328153 291578 512300 415079 155715 570254 630666 231146 305769 580241 360799 425305 374492 377764 534181 412183 342498 494586 393432 432375 395996 547394 999999999 363920 509249 578902 181909 84451 466721 747042 263719 436290 320710 92477 587713 492587 498783 348731 521673 495274 353232 502971 352460 652852 224724 550259 356581 506927 377448 275334 315360 660463 326951 489928 223144 456565 535261 226284 163125 491113 328456 552895 306872 522802 412552 487073 577041 471511 386351 283775 542886 725849 234847 417551 572085 711756 298224 346381 495550 378947 451367 383606 135522 573328
347433 341379 483973 850966 207695 152779 223982 80342 522550 752457 517851 96086 380022 353150 418736 604441 650998 601209 789943 587966 495490 309643 301573 203064 601892 298479 278710 770934 399084 732764 222372 155059 690380 472664 613106 93870 95094 386443 363920 999999999 265453 499616 312750 445250 589308 504784 380428 784700 523445 303525 232109 397413 369016 712429 849263 139623 713820 277744 247372 321810 495531 190566 421756 467718 654923 351142 101265 894006 163408 476642 241703 643296 201654 351064 437467 809547 482785 518620 670515 344001 590523 814114 257059 113705 701674 590759 472579 441880 571121 445306 795073 543750 545532 371546 342115 164669 178775 276625 496371 259382
555519 552431 668745 862971 205958 117581 147585 273637 389419 748662 460740 351981 587249 572628 621232 857132 695214 792328 771038 830748 585000 536342 466137 278145 628895 513356 543361 933633 298486 813023 105089 116090 761452 300779 843585 184688 351179 641732 509249 265453 999999999 280209 538195 569979 842921 718188 362788 848296 498546 490824 360676 661509 154928 835037 877189 205118 851218 525451 174776 478380 700858 321123 677655 733149 655694 598934 362728 1126731 427594 309759 292591 884554 148215 361085 495444 829950 724662 783933 795600 100197 832121 844397 445713 297046 891112 629642 265812 632031 743237 707196 1029649 280711 763232 289549 601690 134581 86710 162720 640816 118724
678981 821915 749625 734281 324456 382560 426298 468452 194974 616759 333739 561059 704886 706310 894042 1018023 621373 866525 620986 973974 580201 799802 743624 390577 548948 780958 752962 961239 211242 760838 384644 351398 706057 100628 966210 444275 594357 885586 578902 499616 280209 999999999 683660 604667 1006453 988691 328853 774444 395527 605389 639560 887404 132758 826171 763301 480644 857096 776685 268961 756930 801786 598547 854637 947116 542797 766903 577468 1239075 642280 110789 374090 1022235 428394 357821 482505 713196 873135 999361 793922 180193 973237 736245 718774 563581 954638 562137 36028 907719 800330 898159 1149028 176354 873768 234793 839594 334949 345960 233068 682142 389970
55025 472282 193425 709878 366816 448201 535028 267906 612399 643676 527726 220224 78917 41886 539654 334374 503299 296580 693163 295446 332088 422367 511143 294038 486823 439873 189486 479641 500802 528028 527007 424233 502754 615029 305932 403058 298793 374001 181909 312750 538195 683660 999999999 251170 322877 583145 408281 592417 494689 96266 495682 312536 578170 462685 690056 451708 448559 349932 422737 533157 186263 467511 183143 325463 559149 96022 224150 589135 199332 613073 310455 347754 512748 366975 342107 663930 191008 372421 422770 583132 296008 656446 456172 393634 395209 463847 648926 576927 284074 240343 491583 786461 232854 469402 324038 405065 460790 458951 255782 565965
200991 701128 165377 459007 364071 524828 628887 368917 470436 394782 344874 385164 198629 233039 773914 504054 252141 266502 445529 437069 82686 653087 715115 294384 241386 663875 437219 367062 394173 293316 604548 480555 258917 513115 401365 509286 480296 623543 84451 445250 569979 604667 251170 999999999 499095 827166 276955 352298 292413 172359 671110 563554 540086 271036 441186 573599 281800 584850 403958 737299 232819 633051 411590 569665 315845 338086 399760 649158 410508 506794 277649 470988 609096 247240 136692 413168 364873 612808 229772 571747 433161 407013 661486 554333 350156 216297 568876 808851 196209 474482 567810 750326 305331 370030 572468 444599 519311 431312 77513 643089
335694 570883 343599 907488 687291 739824 809043 569761 928480 874459 828720 494735 317613 304315 605516 16843 723443 323332 927423 81997 577363 527244 663044 616312 733781 560345 326840 485171 821372 686458 811571 726841 685665 937125 156313 682944 533789 392818 466721 589308 842921 1006453 322877 499095 999999999 594857 722274 754042 785066 408000 696842 303585 898530 571024 873042 714532 531268 462748 743580 680917 274323 685827 167777 231013 808558 244771 488097 340173 430473 934799 633269 106458 787125 681802 625548 862737 138521 230985 545885 898723 89606 845050 616005 630287 361333 706544 971784 644675 382400 163983 246976 1103637 216775 790349 375722 714816 759735 780021 453892 847870
637969 166788 763067 1283310 711896 606821 591792 566569 1027239 1203497 1010116 488235 655643 614164 99531 610274 1074884 829768 1248463 655894 902703 195758 263750 692190 1044914 208352 393815 1020680 903398 1111123 624798 638598 1084165 974541 724123 544532 413615 218900 747042 504784 718188 988691 583145 827166 594857 999999999 870867 1175063 1003630 655287 369180 305269 855974 1039781 1268219 513194 1018526 247988 751515 260488 725264 401070 498307 364169 1110517 520825 468669 925006 428943 979302 730265 698841 580306 835519 882131 1238085 600505 370278 1001606 815366 663097 1233832 272766 425111 908329 1026265 966020 107254 847541 453150 838777 988026 723070 875113 261966 661878 643205 778780 838889 638890
386632 714581 429590 503447 189156 371802 471704 307218 206346 392574 139268 383301 406082 418776 792675 731315 333679 541776 421973 676554 253593 676226 681587 179635 266185 671929 537308 633225 117651 459063 434952 319024 405543 236180 657140 392718 460944 708673 263719 380428 362788 328853 408281 276955 722274 870867 999999999 488362 146803 315524 602167 680127 283009 504693 515019 457869 531933 626456 191337 701367 487953 557477 591115 718256 296590 502528 402953 920515 452085 230060 140968 719728 458072 41416 155336 468492 584074 768911 469927 329031 674490 481891 637325 488907 627058 268297 293391 818998 473143 645600 834417 483339 561724 96970 656437 277807 348895 200666 354164 466648
538054 1053185 431587 169254 653926 835342 940264 705091 586399 210881 440883 734462 524119 564642 1125364 752276 155772 433818 251643 675094 289472 1004872 1065633 603325 227353 1016150 781858 347066 584297 68046 908592 784998 94560 674046 610730 835058 829641 965681 436290 784700 848296 774444 592417 352298 754042 1175063 488362 999999999 379384 523790 1015369 897279 765698 193451 123877 901842 242532 935744 673754 1087720 491408 975118 722361 887339 239268 666377 750032 752716 762789 663665 573122 684155 923124 487329 358277 134824 645566 923051 209394 816241 668440 105675 1012514 897128 439082 220313 744290 1160713 372142 784851 708670 947274 537556 576991 916358 744537 820481 688104 338037 943893
459736 851631 457767 364925 335908 517564 615803 447446 213633 250155 65354 515890 470413 493910 929576 791473 225877 549832 275994 727521 230105 811016 825016 320513 153498 809418 649678 596240 210399 366460 577803 464786 311853 294956 693771 539485 599389 829310 320710 523445 498546 395527 494689 292413 785066 1003630 146803 379384 999999999 398469 748060 790670 393273 445448 382963 604665 483306 756615 333561 845189 524907 703519 675297 817960 158482 590606 535317 933776 577648 284776 281758 763154 603038 172398 159551 334207 647660 866369 419094 448846 724008 352079 779260 633704 619067 168630 364940 957592 474038 734693 856930 567900 597727 210449 776486 423785 493197 336380 358377 607706
73716 529448 183065 628718 301112 416409 513106 239043 521135 555660 431864 226579 100568 103695 601721 417856 420478 304776 603889 368904 247967 481088 549511 224320 397416 492881 268381 467534 413753 462856 497700 383007 431000 530773 363473 383515 319184 454947 92477 303525 490824 605389 96266 172359 408000 655287 315524 523790 398469 999999999 515574 401594 508865 417993 612964 441335 413836 412501 354620 571778 210226 481158 278527 420565 468176 192274 238090 643107 239897 527916 232113 416892 491486 274580 247168 583236 270811 468214 376305 521951 367961 578545 495100 403107 405116 375948 569943 636924 267927 336561 549001 720832 275742 383014 403073 356362 421714 389530 200727 537300
542256 213478 684855 1082701 416495 262095 224372 312452 713980 982698 735165 289071 572511 537443 269732 713528 883089 792129 1018679 720467 725902 218889 107194 431010 833590 185146 373594 973780 597737 961866 260540 306432 920883 643379 764012 214787 198062 363680 587713 232109 360676 639560 495682 671110 696842 369180 602167 1015369 748060 515574 999999999 423412 509331 932778 1081372 160936 929245 250182 438628 117744 680964 45047 537515 508969 884990 496296 278022 1029678 298386 650199 468588 775279 215439 576897 669533 1041515 624851 549542 890914 460613 725058 1046224 106215 118530 889871 822808 621684 274465 775194 534042 931324 620974 716074 574908 346199 340670 298024 456757 715216 270650
363432 268825 471485 1021612 568470 545315 584763 419204 868838 955850 813187 326406 373507 333868 302702 320095 815683 527068 1004871 355162 644612 228263 369717 519678 798349 263376 142836 716992 746234 830939 600071 552350 810668 843762 420548 479256 311525 90346 492587 397413 661509 887404 312536 563554 303585 305269 680127 897279 790670 401594 423412 999999999 760940 747294 1000014 487318 721940 173912 620934 385451 426291 424229 193619 85930 869707 230914 310019 643119 245243 845175 551499 402124 565149 639818 647149 975573 295335 127989 711153 740887 361991 966930 328815 389801 603279 775941 857237 342188 551041 149295 550507 941031 418543 714738 78193 556883 574957 655519 559568 630028
580946 689191 668995 754838 211419 250302 302467 344307 244494 637485 343168 435725 609432 605199 761527 911058 609929 790360 652480 872735 532942 667140 612376 285486 539021 648202 629606 906053 182934 740768 259815 218867 686696 148511 872324 311520 463265 755448 498783 369016 154928 132758 578170 540086 898530 855974 283009 765698 393273 508865 509331 760940 999999999 785954 775914 349391 810452 645151 155469 626242 714153 467553 741245 823820 551091 655401 451164 1151028 516732 158420 278818 923343 301830 298608 435637 726749 769161 875908 749849 63519 872734 745340 586412 430867 883918 545889 112381 775697 730295 780924 1057758 213196 783431 189090 710419 204874 213662 119570 616620 271487
408162 934914 276877 360984 629647 795578 899844 638143 657779 373386 510652 643808 385960 427397 1001936 567723 246572 247725 422885 490293 253398 885043 966105 563533 304995 901779 647979 165358 618257 133303 874891 750469 163429 727204 422527 779890 737143 823678 348731 712429 835037 826171 462685 271036 571024 1039781 504693 193451 445448 417993 932778 747294 785954 999999999 317316 843615 50346 812529 663971 988360 323991 896926 561424 725457 357127 519663 655998 563005 653383 718499 543068 494741 880117 487792 350339 321981 474352 756152 41937 825791 483256 296409 911353 818314 245727 281736 792206 1039482 198362 621476 515527 987607 357608 601488 777850 713530 788935 687221 217573 913158
637149 1138218 542984 52116 695742 880381 983367 768921 568989 149390 435007 809959 626987 666153 1212519 871962 198701 555254 167339 795099 366771 1091220 1140377 656133 252020 1099482 877995 468764 593247 188164 948374 828320 191088 665553 732308 888945 904067 1063871 521673 849263 877189 763301 690056 441186 873042 1268219 515019 123877 382963 612964 1081372 1000014 775914 317316 999999999 956027 366363 1024616 706163 1162126 606052 1039260 831753 995927 224831 770107 826908 875368 847205 654440 621947 806109 968089 523797 411999 50112 760050 1033864 331539 831784 788626 35211 1088778 962920 562958 259066 736767 1246398 490656 894834 832499 939388 656267 592585 1013225 787012 861085 714506 442169 981170
487049 347876 622888 952347 268803 101206 97654 205819 554800 846910 585462 232323 519645 492419 416117 730287 760441 740734 879239 719969 615641 334748 263030 300155 704657 309685 391917 908801 441134 854023 116695 147757 808585 482485 749176 67106 182644 452839 495274 139623 205118 480644 451708 573599 714532 513194 457869 901842 604665 441335 160936 487318 349391 843615 956027 999999999 847824 333544 282809 276974 635117 118205 547044 566593 749404 483443 232452 1028247 284253 489387 334234 775575 77908 437723 546191 913347 616110 614426 801872 303487 723030 921272 240605 99548 841236 697320 461582 427564 709258 562073 929085 478248 684197 420180 419091 185032 137110 297943 629782 142905
