NAME : synthetic_000733
TYPE : CTSP-D
DIMENSION : 100
GROUPS : 8
RELAXATION_LEVEL : 1
EDGE_WEIGHT_TYPE : EXPLICIT
EDGE_WEIGHT_FORMAT : FULL_MATRIX
EDGE_WEIGHT_SECTION
999999999 833196 707357 820351 331525 268531 333591 501907 113829 989460 138053 479121 810163 512391 243340 647366 764093 667178 492959 673111 638476 940667 756437 832204 992742 609792 96438 169980 832441 694322 331911 558840 644462 337844 862300 683974 181741 205155 602748 902687 810675 1050904 634012 938550 939887 1133694 519831 916328 128573 602553 649573 366071 853920 915818 548830 933674 521779 455607 263729 862828 339511 1011409 552345 761418 287118 458093 776344 745915 709237 634172 180167 892517 346068 537383 830577 850365 936266 854044 860383 910318 782518 144911 817435 715105 631963 755187 395163 664548 710271 845636 957892 689819 338217 486683 634751 318914 151188 169652 507979 947785
833196 999999999 1052925 75587 595931 609961 854886 903971 781360 725514 968877 809133 975930 833076 643070 958653 291085 887086 347283 994980 580790 645232 278719 304459 596792 578296 744923 872285 550732 602461 501491 278124 530290 540607 386448 656993 682850 703312 366848 224090 228437 722497 203806 644091 301693 722950 981756 246206 934614 566526 276112 670288 28865 416803 570709 396492 370812 766286 585803 218757 574226 728197 888442 850676 583425 945899 818766 651477 468925 1010901 671645 647966 489524 858962 248799 967764 691049 1202944 55619 303861 181037 835102 159298 655865 816943 994689 482974 347728 276068 577985 746203 442591 532925 569098 324000 694779 894354 667779 350597 782709
707357 1052925 999999999 1092363 556720 607354 374969 211157 803446 636702 756395 277114 199547 242407 851926 94592 796448 175677 785750 57946 483954 650496 802459 831117 750820 479421 743137 542119 627075 485131 750668 898803 534510 879203 790910 426755 804587 568101 1068675 956250 1179189 714669 943482 649174 935022 822839 192577 953397 639516 489749 776910 454034 1054895 816944 482469 851915 971306 321576 807312 922014 916427 660814 183476 279363 624076 251648 325492 468293 616620 73203 644101 597357 735277 211457 872847 255081 605669 162318 1040430 901810 893083 562447 930218 444536 240779 117812 901595 709981 1119470 614593 581671 631867 638624 494402 728961 468143 571721 681487 750683 537798
820351 75587 1092363 999999999 609208 614182 871697 933626 759405 795218 953440 839817 1026278 865950 615873 997789 354980 930573 350874 1034512 629672 714715 341585 375170 669745 624404 728789 873948 616299 656072 492266 261984 580188 510982 457700 708603 660674 706772 310061 299658 152874 794844 187652 713496 377269 797675 1009643 321792 928144 611964 319072 691205 101059 490272 610461 470996 330312 795798 564623 293119 539661 798820 922811 902445 587385 970210 872698 708179 525845 1046682 667664 714749 483882 893118 320307 1021169 759059 1245584 130073 378919 246962 835369 230587 710040 860097 1040350 451265 398291 208564 643750 813766 497628 539639 601716 368092 711058 893368 659579 364420 848636
331525 595931 556720 609208 999999999 73865 263324 358519 359791 665906 460964 279615 581771 314870 332381 469214 452654 443413 261127 504627 314304 612405 447751 518096 661330 285790 292121 293148 501660 371753 194359 369004 314507 330598 537897 372404 306884 133376 516352 606608 657839 723579 430541 610285 631076 803257 423223 616510 383105 276774 354851 102710 609264 590094 223963 610729 418221 235716 270153 565777 373571 686752 373277 496646 75668 373870 497601 428754 377904 493573 160094 566494 178629 346023 526613 607065 612303 719025 606833 599159 495619 263279 534191 400943 384978 553678 346081 347308 581746 515888 639217 359534 83022 160545 327056 103912 323075 189916 245876 635744
268531 609961 607354 614182 73865 999999999 279689 401797 287224 738174 402700 332689 647139 369070 261746 523721 499390 506398 263903 557889 387137 683041 492776 566754 728373 358760 220303 262564 570374 444748 151545 360612 384756 271981 593994 446266 233363 93359 483451 645592 645575 794527 429127 680924 676904 871980 458399 657437 337076 349332 391100 160143 626225 647367 297005 665698 385936 291601 204063 605033 311206 758701 425412 566863 26800 403685 569544 502332 443059 540797 90295 638182 144447 399987 569323 674929 684538 768942 627200 646251 529337 226587 566511 474731 451306 614100 296725 397494 561300 585700 712392 422273 78280 233662 370656 139410 286723 116828 262303 709472
333591 854886 374969 871697 263324 279689 999999999 168516 428716 747425 400790 167739 484180 193326 489852 314514 674354 345121 524435 339532 429260 718696 673189 732445 794932 404976 369947 175588 634412 472381 430947 631114 459229 535633 730177 438950 437323 210796 763000 837959 919471 819405 693842 716705 847999 917062 194413 844069 285107 404865 598428 187747 866320 775622 359693 803280 665611 166736 456905 797704 565441 771785 222554 455915 303847 133382 480876 504769 545973 302028 285739 663942 423754 212534 753432 528856 698190 526663 861381 814145 737839 189154 777337 471134 325073 423782 570449 567946 839245 638120 704866 540969 340180 319673 561561 160651 210212 320743 507406 682237
501907 903971 211157 933626 358519 401797 168516 999999999 594166 647574 564945 95279 321720 80718 641229 146229 678669 191610 605019 171400 384929 634881 681261 726345 723783 368903 532744 342389 573524 410699 549292 717597 428363 672294 705098 362097 593440 357249 874836 844383 1004332 724052 770224 633094 838901 828243 80664 846057 447916 374548 631242 257286 910375 742537 346737 774434 776728 137884 598518 806372 707881 672618 64163 316386 420608 81151 350382 422880 518292 140549 433419 578597 536131 72818 758532 370136 603712 369525 900185 804603 761479 357663 800573 390793 196313 256478 698215 579303 935710 570122 598748 523539 441535 335247 586869 262665 375283 470660 576206 567416
113829 781360 803446 759405 359791 287224 428716 594166 999999999 1025382 205735 558702 890647 593897 150051 737058 752285 746662 457813 765270 674067 969769 742765 820999 1011442 645577 68716 278352 855708 731544 293960 503254 671547 254420 861169 729926 98769 258167 515203 877131 732263 1081392 578050 967654 922402 1156806 620459 892887 239159 636411 630734 420456 804423 915772 583752 929662 443471 529019 195589 838727 244086 1045921 639353 829940 296844 558467 839706 788038 725300 730662 200606 925372 314389 621221 811720 926989 971749 954598 814390 895194 754603 247032 786575 759421 704181 841706 314869 660310 628632 871939 998948 701944 339189 520335 624426 378590 263722 170458 482907 994310
989460 725514 636702 795218 665906 738174 747425 647574 1025382 999999999 1106066 587346 453745 575664 972711 576433 445259 483109 686650 595498 351937 80591 459933 421107 156698 380618 958004 894209 195065 295263 787145 759549 356329 926694 339911 311431 963132 784337 958152 525306 937430 78316 750561 81913 462365 186317 713921 509176 1005545 389146 534479 626224 710086 320840 442321 351651 889026 580692 899920 513446 976661 25070 588280 358850 730413 727949 313849 246223 328260 648294 825952 102275 761638 574845 477028 409527 53643 716740 683273 442164 548742 883087 566220 279060 452463 523789 906359 452026 936263 169839 55737 359945 695926 505599 499538 675066 931270 854995 638254 105333
138053 968877 756395 953440 460964 402700 400790 564945 205735 1106066 999999999 563114 884655 592503 355204 710411 900727 745778 630559 730962 758457 1061784 893368 968603 1119036 730042 224659 226001 957373 812617 468506 692952 769048 457801 996399 796451 298988 329183 720527 1040614 935420 1170591 768253 1059677 1077076 1257195 563868 1054123 117290 724020 787254 479961 990124 1049462 670493 1068332 645960 548186 390776 1000695 449818 1128802 622730 851985 422863 505567 872258 860364 838266 684171 316535 1011719 483522 613233 968041 929627 1053509 889701 997220 1047220 920557 225595 955485 828364 720694 821302 517531 800058 832724 968913 1071177 820498 474790 610119 771468 431023 190577 307706 646033 1057031
479121 809133 277114 839817 279615 332689 167739 95279 558702 587346 563114 999999999 332196 36635 585343 191037 584550 188439 515826 225570 297418 565617 586817 633595 649085 278981 493128 337323 493721 329394 473694 628870 338099 604522 615632 286553 543338 306419 792800 750422 913955 661470 679035 563716 746928 762435 175167 752579 449660 283446 536028 176956 815288 655107 252558 686112 695116 45542 535325 712131 643584 612082 93665 289310 347989 156023 313148 350782 428235 215829 379603 509758 458164 67303 664531 371247 540051 439428 804953 712605 666304 341648 705438 317456 158018 285851 624913 484401 848371 493116 542323 431566 361581 240159 491590 195253 373680 417407 484856 517053
810163 975930 199547 1026278 581771 647139 484180 321720 890647 453745 884655 332196 999999999 297898 907512 183932 696706 143998 763175 180223 396643 480687 705751 717414 583376 404008 824552 659747 483904 375042 770673 871803 446227 911858 662868 319036 870259 635988 1059803 843890 1133503 530007 902316 479699 809540 637466 348688 837020 768186 417171 707810 487393 972689 678657 432277 714535 966773 362959 850693 814445 955341 476637 261940 126866 656651 392861 166720 336152 511560 240332 706463 432410 750474 273167 766046 55894 430441 265291 953865 778458 802606 669706 836177 323557 196957 82674 921438 628768 1089834 465712 398008 534713 654910 468614 658840 518998 694181 743976 720464 350458
512391 833076 242407 865950 314870 369070 193326 80718 593897 575664 592503 36635 297898 999999999 621961 154804 600590 154892 546711 189788 304261 558785 603677 646940 645707 288646 528693 366505 493793 330471 509151 659867 348118 640800 624536 283138 579754 342647 826473 765988 943616 651098 708258 556948 759017 753883 160598 767155 477856 294676 558497 212423 838264 661819 269427 693745 728991 79242 571883 728369 680066 600596 59399 263062 384035 154897 290532 345241 437915 183875 416091 502586 493206 31158 680236 338690 530048 404659 826966 724743 685970 373176 724803 312622 133371 249502 660581 502879 879919 491146 528703 443841 396373 264428 512969 231871 402295 453897 514239 500631
243340 643070 851926 615873 332381 261746 489852 641229 150051 972711 355204 585343 907512 621961 999999999 774433 649351 765515 341323 806641 630516 909321 638119 717204 937439 603549 149641 376917 790397 687936 190891 366256 616953 105766 767260 698280 62308 284007 365331 758512 582591 1020798 439337 907251 810689 1086009 683566 775984 371188 592247 523861 420236 667492 822025 543764 831432 294533 547569 74232 721988 96313 991059 675006 828459 257174 623179 829951 749177 654844 781702 207831 870637 215969 652037 700419 936458 919490 1010443 679815 786167 635743 337946 664518 724486 712488 870495 166437 568280 478669 810037 953579 627514 279279 482762 526923 390678 374485 170636 375814 956515
647366 958653 94592 997789 469214 523721 314514 146229 737058 576433 710411 191037 183932 154804 774433 999999999 704653 94983 692633 37055 392774 581204 710256 741339 678951 386796 674048 488585 546566 398054 663571 805560 442868 795551 704385 340562 730104 492488 977799 865747 1085036 654736 849355 579716 847126 762402 164886 863600 593212 396731 682585 367034 960885 732978 388053 767454 880815 233569 726051 830868 834507 601187 99447 219271 538838 210378 262851 387443 526744 72021 567373 526372 647159 123761 781755 237009 540377 253432 946720 813597 799948 503527 837349 361139 151117 111269 815166 616533 1026346 536308 522970 540613 550102 400121 634753 385797 521223 605112 656890 483323
764093 291085 796448 354980 452654 499390 674354 678669 752285 445259 900727 584550 696706 600590 649351 704653 999999999 623540 310628 739251 312599 364821 15114 68718 338182 318290 696406 745256 261407 321979 462573 342709 261940 571265 128619 379521 664631 583851 529756 165965 492691 455625 315311 363409 178423 481962 759264 169929 834079 309355 126132 489136 281990 179974 332014 183202 476995 547738 576752 127781 618618 451601 649477 570027 478000 735877 534809 364835 185200 764745 584243 360385 439734 621621 80097 683658 405928 937153 259980 146925 110187 715888 139948 373277 555779 724508 532070 107059 493597 288900 459926 165018 425974 356179 129351 528232 775725 597091 273597 493724
667178 887086 175677 930573 443413 506398 345121 191610 746662 483109 745778 188439 143998 154892 765515 94983 623540 999999999 642808 121836 311121 486279 630185 656227 583988 309382 680561 520011 453316 309538 635194 754216 362104 774003 615236 251092 727071 492166 935471 781773 1026445 561328 791849 484782 759422 668701 239440 778448 630199 320716 612346 346263 887401 641740 321476 676576 840357 219298 710405 748150 816309 507982 127791 130173 517345 270022 170937 294152 442023 166798 563155 431394 616191 132588 698973 184047 445969 315898 871601 726275 722651 527932 759056 269259 70509 114012 786859 541011 974565 442251 430291 458570 519516 345787 563664 375866 555241 600763 603245 392430
492959 347283 785750 350874 261127 263903 524435 605019 457813 686650 630559 515826 763175 546711 341323 692633 310628 642808 999999999 729595 391804 613624 298562 377440 621604 373219 410890 525459 492884 440365 164371 113165 356779 260826 433530 474448 363885 357001 298162 419870 399742 720863 169415 611711 469481 770881 676243 436351 588496 359442 184497 351382 365130 487620 332205 493772 211018 470340 270840 382179 308784 700786 605888 652485 237166 631182 636073 503872 358547 730581 325185 586084 147091 576476 359109 773198 636534 945994 368941 444875 297080 487931 328796 490155 574393 756779 225717 243458 333732 516965 680607 326705 188771 297057 197102 364630 547080 324385 48882 696783
673111 994980 57946 1034512 504627 557889 339532 171400 765270 595498 730962 225570 180223 189788 806641 37055 739251 121836 729595 999999999 426934 604411 745103 774780 703470 421867 703187 511572 575115 429873 698933 842545 477326 829851 736074 371837 761229 523795 1014287 899611 1122087 673774 886408 602998 879570 781796 174195 897070 613676 432070 718965 402210 996980 763368 424536 798106 917197 268917 759529 865095 868247 620005 132501 236661 573552 226528 281880 415969 560188 60149 599168 550293 682829 158631 815947 235567 561667 216595 982582 846202 835400 528613 872627 390944 184066 99814 850358 652194 1063318 563750 541219 574861 585866 437164 671018 419384 543129 636815 693935 499571
638476 580790 483954 629672 314304 387137 429260 384929 674067 351937 758457 297418 396643 304261 630516 392774 312599 311121 391804 426934 999999999 303333 319066 349236 368105 28712 606399 554748 205962 57772 453108 491390 51098 597877 320486 83613 615532 433364 688405 473015 739341 412613 512143 301228 457912 499739 464676 471312 662989 38304 311234 279717 579157 357920 90416 389520 602685 271608 559901 438169 646951 373295 345759 274078 381017 453418 249360 119167 135468 455034 474201 254046 428358 320071 389029 394556 298435 625822 562086 423885 412151 538985 448124 99191 243211 414799 588592 233061 702902 212797 325445 147929 351253 153791 262323 328779 591016 503911 344475 326007
940667 645232 650496 714715 612405 683041 718696 634881 969769 80591 1061784 565617 480687 558785 909321 581204 364821 486279 613624 604411 303333 999999999 379540 340946 102788 331756 903339 856054 120982 250489 721494 682746 298288 858536 260267 280188 903163 735848 880494 447571 856857 111823 671630 2120 387262 198521 706188 432203 965499 338245 456574 582722 630113 244700 391967 277147 813338 552990 835844 434242 908518 88421 579285 371639 673207 713401 325385 214950 257362 653075 772215 56286 695942 562309 396959 442800 55815 745978 603501 365305 468171 841780 485963 248481 445163 543121 835576 375634 856463 99300 109224 287852 635554 454038 423370 631818 892686 799418 565682 157130
756437 278719 802459 341585 447751 492776 673189 681261 742765 459933 893368 586817 705751 603677 638119 710256 15114 630185 298562 745103 319066 379540 999999999 79085 353279 323521 687562 740707 275173 330753 452141 328288 268148 558926 143219 387837 654382 578233 514768 165141 478333 470700 300252 378114 184139 496910 761769 171083 828247 314120 114312 487230 270536 193970 334540 195863 462544 549309 565792 125662 606042 466446 653344 579225 470946 737237 544647 375181 194280 769572 576832 374416 429594 625255 80307 693623 420246 944414 249299 153882 98448 710780 130437 382621 561993 732177 519039 105263 478556 302697 474075 172328 418596 356119 122123 525435 770764 588893 262645 507403
832204 304459 831117 375170 518096 566754 732445 726345 820999 421107 968603 633595 717414 646940 717204 741339 68718 656227 377440 774780 349236 340946 79085 999999999 296903 359591 765062 809860 253925 348031 531021 401475 300735 637517 82682 406779 733174 650073 581304 126605 521233 420358 366150 339846 115565 433772 806982 122291 900425 352476 193376 549315 289271 123627 382035 119058 535135 599029 644854 99167 684360 423845 692960 590695 545758 787180 552201 381422 214610 804270 652225 347049 508308 666031 56137 699279 388004 965881 263095 81983 132258 781339 145170 395387 590721 752033 596694 170801 534426 280118 443574 203342 494000 412864 197703 590086 840928 665533 341688 482536
992742 596792 750820 669745 661330 728373 794932 723783 1011442 156698 1119036 649085 583376 645707 937439 678951 338182 583988 621604 703470 368105 102788 353279 296903 999999999 394832 947044 921842 162699 322650 746878 675680 350263 876606 214801 362879 937889 790199 867310 384125 817729 127020 653400 103706 315196 149446 797528 365832 1028413 398422 448787 645463 578240 180360 450720 205670 809346 631932 863243 378925 926171 147481 670771 472789 715318 800570 426586 300932 286143 750512 818613 153471 721583 651918 349923 545518 156052 848665 550052 299671 429112 904115 439312 333117 538812 644880 847133 378146 829611 156861 202984 310747 672737 509205 424898 694119 957733 842636 576014 253747
609792 578296 479421 624404 285790 358760 404976 368903 645577 380618 730042 278981 404008 288646 603549 386796 318290 309382 373219 421867 28712 331756 323521 359591 394832 999999999 577847 527319 232296 85990 427770 475530 59472 572941 336691 101903 587722 404691 670869 481345 729633 441236 499918 329648 470586 527779 449218 480931 635118 13811 305332 251744 578091 376669 61831 407227 583536 250409 533356 445281 621782 402006 333368 284521 353021 434850 263697 145628 149452 446520 445616 282725 403235 306583 396382 405715 327130 625204 562248 436356 413810 511023 450799 122663 239864 416518 565259 231629 689556 240306 353664 156311 324287 125246 256319 300753 563455 475493 326739 353106
96438 744923 743137 728789 292121 220303 369947 532744 68716 958004 224659 493128 824552 528693 149641 674048 696406 680561 410890 703187 606399 903339 687562 765062 947044 577847 999999999 233676 790185 663766 246891 468413 605052 241434 801864 661435 87339 190205 506323 827139 714935 1014829 543717 901222 869081 1091618 563583 841997 222239 568890 577214 351869 766625 856223 516018 871414 425758 462222 167995 788016 244965 978741 575669 761922 231726 501776 771244 719845 661052 670782 132348 858331 264343 556583 758733 860054 904390 896603 774580 840890 705404 197490 738830 691047 636781 777345 298799 601509 614089 805881 930979 638567 276803 452612 567604 310483 226943 104413 431332 925900
169980 872285 542119 873948 293148 262564 175588 342389 278352 894209 226001 337323 659747 366505 376917 488585 745256 520011 525459 511572 554748 856054 740707 809860 921842 527319 233676 999999999 759144 605577 388641 615674 573206 450053 823943 582815 316378 169303 705285 899599 892331 962107 687194 853982 923598 1053851 352122 909654 113245 523424 646831 276686 888774 874235 471594 897464 613791 324536 368304 858778 466736 917710 398120 626473 288933 290974 647922 648067 651259 468996 211559 803710 392158 387563 819739 703974 842720 685520 889655 891330 787059 41065 825113 615157 495135 598665 498290 639185 799883 767523 856123 638648 340442 416621 620204 228723 37269 232065 524614 838692
832441 550732 627075 616299 501660 570374 634412 573524 855708 195065 957373 493721 483904 493793 790397 546566 261407 453316 492884 575115 205962 120982 275173 253925 162699 232296 790185 759144 999999999 164366 601738 564549 188340 737870 184520 212191 786191 628983 763449 374573 752772 230912 557428 119022 329265 301663 650071 363647 865832 235723 340270 482780 538972 194754 288123 230637 694018 473400 716665 352695 787841 207966 524742 360908 558878 647746 317522 159185 136611 616203 660301 100103 576197 503304 309002 457835 148548 743911 514402 300416 370053 741545 393729 186574 398961 531798 714594 257023 745145 27545 200101 166870 519005 347262 304484 531472 795037 685872 444826 232337
694322 602461 485131 656072 371753 444748 472381 410699 731544 295263 812617 329394 375042 330471 687936 398054 321979 309538 440365 429873 57772 250489 330753 348031 322650 85990 663766 605577 164366 999999999 509319 535690 84134 653603 306335 58775 673296 489171 734566 474331 772996 358002 550826 248413 449893 448422 488420 469896 715105 96014 341758 332839 598197 336594 147795 370377 651316 309587 617054 442448 702882 317091 364739 248743 438786 483802 216654 63945 136809 464605 531499 199119 484393 341729 393511 365421 241958 617940 578934 416747 427621 591535 461190 54179 247069 404251 642589 258077 742628 165790 267712 160022 408730 211210 294044 381912 642197 561483 392196 268773
331911 501491 750668 492266 194359 151545 430947 549292 293960 787145 468506 473694 770673 509151 190891 663571 462573 635194 164371 698933 453108 721494 452141 531021 746878 427770 246891 388641 601738 509319 999999999 230525 433820 145730 577694 526883 202364 231062 332055 583172 504008 832556 304708 719445 629453 895660 608866 598988 435878 415434 338719 296766 522012 632517 371359 643226 234887 430048 116691 544815 194056 804643 567343 676999 129369 554961 671604 572229 465573 686443 177744 684874 25552 540308 518713 792036 734364 912910 528714 603063 460685 348490 493058 550365 573881 746689 151931 377904 414430 622231 771092 437542 115811 315240 337635 287184 404229 167342 190026 777672
558840 278124 898803 261984 369004 360612 631114 717597 503254 759549 692952 628870 871803 659867 366256 805560 342709 754216 113165 842545 491390 682746 328288 401475 675680 475530 468413 615674 564549 535690 230525 999999999 451582 266414 471307 574929 404727 451118 200488 409019 288864 784918 75304 680977 472163 822520 788005 428975 666332 461735 227541 462756 301654 522030 439592 520462 134299 583364 307683 377279 305078 771097 719052 758296 334042 741695 739218 597843 437090 843734 407047 662154 223670 689641 368347 879446 712147 1058856 313583 454133 291046 576341 312093 587621 685289 868063 212551 307529 220846 590463 759969 404428 291301 408541 260156 472915 633429 397720 151436 781256
644462 530290 534510 580188 314507 384756 459229 428363 671547 356329 769048 338099 446227 348118 616953 442868 261940 362104 356779 477326 51098 298288 268148 300735 350263 59472 605052 573206 188340 84134 433820 451582 999999999 576445 277560 129068 606900 440687 650446 423434 692518 409847 467940 296171 411211 489232 508690 422416 678507 55215 262626 296532 528321 318638 101914 348583 567597 308328 544674 388047 626101 375645 392412 322425 375220 493808 295049 147136 90137 504120 474053 254835 408523 365853 338975 442059 302874 676917 511072 377003 361057 554210 397047 136565 293889 465815 562525 182660 659493 201399 337327 97949 339597 158978 214025 344712 608645 501157 308428 345340
337844 540607 879203 510982 330598 271981 535633 672294 254420 926694 457801 604522 911858 640800 105766 795551 571265 774003 260826 829851 597877 858536 558926 637517 876606 572941 241434 450053 737870 653603 145730 266414 576445 999999999 694137 672462 158964 324920 264916 667921 477958 968606 337526 856525 724443 1026024 724202 686436 462320 560437 445190 429804 565706 748357 517014 754462 189090 562770 81906 632986 49990 943265 697386 821302 257352 666459 816889 716844 601263 812034 251931 824516 169756 671792 615489 935141 874453 1040562 579343 701998 546074 409299 572304 695597 714909 883805 60685 500267 374927 759672 913023 571598 258658 460852 455692 411063 454223 221428 302273 921335
862300 386448 790910 457700 537897 593994 730177 705098 861169 339911 996399 615632 662868 624536 767260 704385 128619 615236 433530 736074 320486 260267 143219 82682 214801 336691 801864 823943 184520 306335 577694 471307 277560 694137 999999999 364256 777715 671266 657234 191314 603871 337689 442236 259282 146675 354721 785067 179295 920481 332487 250674 553974 370274 54830 371375 73656 605600 585322 693669 174205 742314 341799 665725 537402 575454 771365 496234 328272 187461 770473 682423 271054 553683 640465 137656 640138 309239 918007 343362 116225 214488 798551 227355 347517 553353 704210 657521 200935 615139 208640 365065 189227 526061 413061 240338 598251 856871 699634 392826 406215
683974 656993 426755 708603 372404 446266 438950 362097 729926 311431 796451 286553 319036 283138 698280 340562 379521 251092 474448 371837 83613 280188 387837 406779 362879 101903 661435 582815 212191 58775 526883 574929 129068 672462 364256 999999999 678543 479991 771574 533029 821437 381043 595402 278232 508381 478253 437984 528670 694380 115475 391651 318155 653673 392680 155641 426965 685065 272862 629603 500908 720896 335107 312564 193899 443806 437864 166266 65895 194703 408042 529359 225046 502731 291294 451907 313022 260449 559287 635083 475337 483966 572436 518205 32424 190037 345721 666442 310407 786367 208060 274752 215984 420010 215528 343093 366332 619905 561645 427480 264659
181741 682850 804587 660674 306884 233363 437323 593440 98769 963132 298988 543338 870259 579754 62308 730104 664631 727071 363885 761229 615532 903163 654382 733174 937889 587722 87339 316378 786191 673296 202364 404727 606900 158964 777715 678543 999999999 237622 423087 783754 636449 1014975 479411 901066 831616 1085177 631684 800134 309151 577291 541081 385654 706105 832523 526599 844449 347040 507898 97091 745948 157906 982521 630749 797432 234971 570625 802035 732754 652617 733410 163968 861721 224916 609147 720889 901851 909586 961426 716481 805408 660938 278093 691921 706268 677418 829188 218546 577001 533844 804269 940691 627154 267628 463974 538562 351270 312709 126308 392379 940351
205155 703312 568101 706772 133376 93359 210796 357249 258167 784337 329183 306419 635988 342647 284007 492488 583851 492166 357001 523795 433364 735848 578233 650073 790199 404691 190205 169303 628983 489171 231062 451118 440687 324920 671266 479991 237622 999999999 560153 734268 733215 845878 520980 733733 762142 929681 401670 745261 250359 397625 480327 163960 719560 723448 343895 744058 464489 273068 246220 693539 355082 806256 393126 571790 119919 342593 581909 541235 509175 497698 76368 687409 229886 371740 656156 670349 731121 726450 720354 730681 619776 134326 657433 510792 446726 592145 361738 479486 645432 641412 753255 492043 171146 282188 456561 120441 194717 113411 355326 744381
602748 366848 1068675 310061 516352 483451 763000 874836 515203 958152 720527 792800 1059803 826473 365331 977799 529756 935471 298162 1014287 688405 880494 514768 581304 867310 670869 506323 705285 763449 734566 332055 200488 650446 264916 657234 771574 423087 560153 999999999 559521 226353 980419 215204 878777 631843 1011651 938276 581547 726494 657066 423923 617944 395635 704670 630147 697909 98180 747638 341915 535980 272179 968915 885765 950543 460219 885887 934108 797211 637422 1008383 496582 861708 340722 857272 539509 1071111 911507 1230617 418940 620522 456674 664221 465888 785789 868456 1049384 208964 506662 120400 789680 959939 604761 433331 591584 459729 615910 713520 473225 344152 981711
902687 224090 956250 299658 606608 645592 837959 844383 877131 525306 1040614 750422 843890 765988 758512 865747 165965 781773 419870 899611 473015 447571 165141 126605 384125 481345 827139 899599 374573 474331 583172 409019 423434 667921 191314 533029 783754 734268 559521 999999999 452403 511139 353898 446803 77623 501715 925010 22541 982641 473214 254524 651484 200913 205264 497865 178778 534211 713697 690010 40834 710801 524071 814008 717218 622097 901814 678438 507802 339751 927545 725456 462156 563407 786463 85897 825065 498734 1092265 171577 84460 122893 868051 97012 521987 715579 878484 619101 270300 488942 399493 554566 325484 568874 521255 280063 688522 928357 733258 395863 596995
810675 228437 1179189 152874 657839 645575 919471 1004332 732263 937430 935420 913955 1133503 943616 582591 1085036 492691 1026445 399742 1122087 739341 856857 478333 521233 817729 729633 714935 892331 752772 772996 504008 288864 692518 477958 603871 821437 636449 733215 226353 452403 999999999 941548 235713 855517 530026 948585 1075985 474595 929065 716371 431391 751016 253463 639523 705492 621863 289512 868650 547000 444243 493568 942573 1002324 1013264 619475 1030412 987566 829461 650218 1127232 680845 852477 503334 972680 467879 1133897 898578 1337093 282713 530768 389828 851883 379040 827120 956258 1139019 417907 516893 106109 780314 952293 619754 579313 684950 478994 761742 906062 664591 429381 984232
1050904 722497 714669 794844 723579 794527 819405 724052 1081392 78316 1170591 661470 530007 651098 1020798 654736 455625 561328 720863 673774 412613 111823 470700 420358 127020 441236 1014829 962107 230912 358002 832556 784918 409847 968606 337689 381043 1014975 845878 980419 511139 941548 999999999 768636 113924 441835 108170 791309 492825 1072511 448380 557499 690831 704500 306969 502087 332660 917033 652791 947218 505293 1018560 53856 665350 437117 784924 804132 392164 315171 367462 726605 883517 158883 807010 651253 474562 484330 121448 791694 676494 426689 551925 949259 564257 348664 529581 601253 944211 479944 949156 210858 133019 397094 747372 564609 527696 739894 998972 911001 673435 179673
634012 203806 943482 187652 430541 429127 693842 770224 578050 750561 768253 679035 902316 708258 439337 849355 315311 791849 169415 886408 512143 671630 300252 366150 653400 499918 543717 687194 557428 550826 304708 75304 467940 337526 442236 595402 479411 520980 215204 353898 235713 768636 999999999 670001 422400 796843 843130 375069 740558 486370 218085 519356 228267 489469 471802 483173 180813 633868 382466 326241 373201 759871 766836 784437 402359 799500 761497 610523 438880 891735 480096 657027 296323 737166 325567 905597 705974 1101571 242208 408397 243621 648314 257528 604316 721876 904856 281059 304416 191997 584339 756500 406691 356629 449314 260400 534003 706022 472048 194180 782239
938550 644091 649174 713496 610285 680924 716705 633094 967654 81913 1059677 563716 479699 556948 907251 579716 363409 484782 611711 602998 301228 2120 378114 339846 103706 329648 901222 853982 119022 248413 719445 680977 296171 856525 259282 278232 901066 733733 878777 446803 855517 113924 670001 999999999 386732 200544 704468 431510 963413 336130 454859 580626 629042 244126 389852 276694 811522 551021 833779 433304 906508 90148 577561 370376 671095 711580 324123 213027 255366 651576 770096 54519 693893 560534 395877 441983 55723 744990 602468 364632 466911 839689 484833 246547 443493 541939 833614 373830 854930 97238 109555 285889 633456 451920 421559 629722 890610 797302 563754 157162
939887 301693 935022 377269 631076 676904 847999 838901 922402 462365 1077076 746928 809540 759017 810689 847126 178423 759422 469481 879570 457912 387262 184139 115565 315196 470586 869081 923598 329265 449893 629453 472163 411211 724443 146675 508381 831616 762142 631843 77623 530026 441835 422400 386732 999999999 426270 919430 55580 1012275 464376 291913 664759 278213 142737 496345 110747 601028 713265 740167 96185 769080 458905 803376 684046 654949 901204 642892 474757 322455 911852 760580 408440 608090 777044 110740 786368 440625 1064224 248816 34323 181120 894308 165960 493138 696027 850317 678535 284632 565101 351817 495988 315427 602439 528392 306249 705182 954146 771728 439606 540977
1133694 722950 822839 797675 803257 871980 917062 828243 1156806 186317 1257195 762435 637466 753883 1086009 762402 481962 668701 770881 781796 499739 198521 496910 433772 149446 527779 1091618 1053851 301663 448422 895660 822520 489232 1026024 354721 478253 1085177 929681 1011651 501715 948585 108170 796843 200544 426270 999999999 896912 480998 1162697 533256 596510 779451 701745 310917 586709 326755 956544 751111 1011860 504588 1075604 162026 770525 545160 860102 907784 500060 412647 432570 834328 961952 253221 870305 755434 482990 590917 224712 898094 672670 419272 565110 1038723 570049 446281 634993 709301 996476 527445 968067 288323 241178 458629 818988 647519 574013 828500 1090351 987249 725427 287022
519831 981756 192577 1009643 423223 458399 194413 80664 620459 713921 563868 175167 348688 160598 683566 164886 759264 239440 676243 174195 464676 706188 761769 806982 797528 449218 563583 352122 650071 488420 608866 788005 508690 724202 785067 437984 631684 401670 938276 925010 1075985 791309 843130 704468 919430 896912 999999999 926720 447094 455055 710140 325295 988760 821835 427287 854017 840116 215800 647366 886945 756555 738986 126923 369410 479498 61994 408052 496848 598513 121167 477725 649974 597797 146805 839150 401853 672232 334410 979095 885140 841378 375457 880550 465555 261921 272520 754633 659560 1004204 645453 663287 604113 505819 414011 666279 322390 380346 513651 649720 628729
916328 246206 953397 321792 616510 657437 844069 846057 892887 509176 1054123 752579 837020 767155 775984 863600 169929 778448 436351 897070 471312 432203 171083 122291 365832 480931 841997 909654 363647 469896 598988 428975 422416 686436 179295 528670 800134 745261 581547 22541 474595 492825 375069 431510 55580 480998 926720 999999999 994287 473336 267014 658307 222634 188416 500171 160165 555107 716693 706926 54189 729770 507197 814159 710592 634336 904939 671052 500898 336893 926307 738419 448889 578777 786941 90787 816856 484141 1087451 193241 67012 140437 878706 117641 516361 713011 873506 638306 276175 511473 387933 539888 324648 581239 526105 289463 696347 938923 747129 410702 583180
128573 934614 639516 928144 383105 337076 285107 447916 239159 1005545 117290 449660 768186 477856 371188 593212 834079 630199 588496 613676 662989 965499 828247 900425 1028413 635118 222239 113245 865832 715105 435878 666332 678507 462320 920481 694380 309151 250359 726494 982641 929065 1072511 740558 963413 1012275 1162697 447094 994287 999999999 630405 728170 383387 953450 972083 577711 993551 642094 437773 384933 942050 467044 1028847 506258 738964 361103 388425 760988 759323 753277 567139 263317 913831 445435 497614 905708 813780 953718 774835 957256 980953 866128 124305 902955 726637 607641 704169 517767 729843 830824 875370 968265 738473 414417 520210 706360 334465 76186 268615 595633 951518
602553 566526 489749 611964 276774 349332 404865 374548 636411 389146 724020 283446 417171 294676 592247 396731 309355 320716 359442 432070 38304 338245 314120 352476 398422 13811 568890 523424 235723 96014 415434 461735 55215 560437 332487 115475 577291 397625 657066 473214 716371 448380 486370 336130 464376 533256 455055 473336 630405 999999999 292928 247132 566701 373850 53730 403741 569804 253132 521730 436700 609383 410162 340866 298103 342869 438945 277499 157178 145037 455475 436805 290309 390795 313628 387955 419323 335559 636611 551213 430090 403336 506178 440619 135382 250883 428610 552200 220522 675886 245176 363552 149204 312976 116531 243959 295945 559328 466146 312933 364268
649573 276112 776910 319072 354851 391100 598428 631242 630734 534479 787254 536028 707810 558497 523861 682585 126132 612346 184497 718965 311234 456574 114312 193376 448787 305332 577214 646831 340270 341758 338719 227541 262626 445190 250674 391651 541081 480327 423923 254524 431391 557499 218085 454859 291913 596510 710140 267014 728170 292928 999999999 410731 279830 304113 294599 309289 360652 494357 451702 214068 492714 544994 613080 584940 367587 677972 557212 398245 221719 735025 471406 439443 316701 583729 181540 704671 488738 927918 268965 264517 140919 614404 179906 395923 541982 721455 406948 86881 408553 366915 538670 190048 314390 296132 49033 442912 674783 480676 148784 564198
366071 670288 454034 691205 102710 160143 187747 257286 420456 626224 479961 176956 487393 212423 420236 367034 489136 346263 351382 402210 279717 582722 487230 549315 645463 251744 351869 276686 482780 332839 296766 462756 296532 429804 553974 318155 385654 163960 617944 651484 751016 690831 519356 580626 664759 779451 325295 658307 383387 247132 410731 999999999 680635 602360 194930 627607 519942 133483 364188 611046 470732 648863 270620 412232 172461 280173 419541 381001 376137 391032 224122 531950 281334 243579 567537 516678 573569 616331 674780 631280 550110 259284 589600 349583 292400 454337 448165 382233 679252 491984 592613 365901 185171 141570 374005 49097 312309 260439 327611 581714
853920 28865 1054895 101059 609264 626225 866320 910375 804423 710086 990124 815288 972689 838264 667492 960885 281990 887401 365130 996980 579157 630113 270536 289271 578240 578091 766625 888774 538972 598197 522012 301654 528321 565706 370274 653673 706105 719560 395635 200913 253463 704500 228267 629042 278213 701745 988760 222634 953450 566701 279830 680635 999999999 397914 573590 376055 398110 773018 609015 199324 600188 711932 892891 846862 599857 954371 813823 645295 463256 1014554 690208 635061 509129 863555 233177 962897 677100 1203277 29426 282508 172088 852081 145309 651131 817541 993795 508593 346576 304546 566006 732534 438186 548678 575139 326495 706754 911624 687539 365179 770241
915818 416803 816944 490272 590094 647367 775622 742537 915772 320840 1049462 655107 678657 661819 822025 732978 179974 641740 487620 763368 357920 244700 193970 123627 180360 376669 856223 874235 194754 336594 632517 522030 318638 748357 54830 392680 832523 723448 704670 205264 639523 306969 489469 244126 142737 310917 821835 188416 972083 373850 304113 602360 397914 999999999 415959 35905 656179 626874 748464 198590 796376 318882 700252 555276 629201 811126 512218 349514 229838 800703 736108 266626 608513 676029 172273 651887 297888 938018 369693 121426 254205 849655 260490 372485 582717 725221 711055 255660 657234 214418 353276 236460 580159 460927 295105 647482 907583 753782 447371 398338
548830 570709 482469 610461 223963 297005 359693 346737 583752 442321 670493 252558 432277 269427 543764 388053 332014 321476 332205 424536 90416 391967 334540 382035 450720 61831 516018 471594 288123 147795 371359 439592 101914 517014 371375 155641 526599 343895 630147 497865 705492 502087 471802 389852 496345 586709 427287 500171 577711 53730 294599 194930 573590 415959 999999999 444067 539712 216997 474380 459660 565321 463555 320972 320431 291716 405162 306564 206165 186293 441132 383795 343911 347358 292202 411975 440999 388791 635301 560529 462060 417086 453422 455696 180735 251058 433548 512616 233575 657758 298480 415387 182862 264848 63417 247107 243422 507220 413703 288386 413789
933674 396492 851915 470996 610729 665698 803280 774434 929662 351651 1068332 686112 714535 693745 831432 767454 183202 676576 493772 798106 389520 277147 195863 119058 205670 407227 871414 897464 230637 370377 643226 520462 348583 754462 73656 426965 844449 744058 697909 178778 621863 332660 483173 276694 110747 326755 854017 160165 993551 403741 309289 627607 376055 35905 444067 999999999 653971 656859 758378 177877 801795 348236 733169 591050 646605 842056 548070 384891 258903 834842 753609 301386 619735 708590 159409 687772 331124 973714 347283 94408 242764 871849 243848 407382 616962 760803 714879 269952 644871 250273 386168 262523 596547 486621 305888 671903 930288 769859 455706 432040
