NAME : synthetic_000109
TYPE : CTSP-D
DIMENSION : 100
GROUPS : 8
RELAXATION_LEVEL : 1
EDGE_WEIGHT_TYPE : EXPLICIT
EDGE_WEIGHT_FORMAT : FULL_MATRIX
EDGE_WEIGHT_SECTION
999999999 736838 616047 492756 495556 643682 351330 468130 497441 443876 777729 406057 432297 537359 225144 283264 583497 186250 275255 538902 296136 107067 159394 214884 118112 516984 461200 148319 150311 143166 382469 448194 571195 486988 448139 99648 534451 247203 444777 587972 281248 233126 721337 609673 287215 139546 680747 245979 651208 596084 176161 566199 371186 626736 633562 133100 145086 601566 643742 841481 330963 400383 328339 240864 788433 535652 86635 660297 698905 501316 726079 316537 526899 208694 495024 200566 525326 340689 544784 739461 459978 491489 865205 568646 374766 845446 696182 682933 164648 305117 701306 865617 511725 294235 182712 545859 727643 640914 555855 543146
736838 999999999 1107021 1169026 694909 695971 869525 640270 1061586 880597 940059 618909 806367 1153042 807546 554538 277013 856253 1011230 405215 779687 634889 829117 525488 811161 320481 1081427 868748 859324 853135 725023 1090520 1141118 877809 368892 832428 267618 916187 919812 175156 916258 835534 479854 535835 921173 861918 832859 822026 218800 267931 813935 644133 948403 1096701 1258656 843401 819963 233643 612088 724131 889117 1083041 995309 599571 689495 1200918 664395 630200 1134176 235572 425021 745614 375521 928512 1027564 935796 1145703 403059 447901 1031509 908531 287239 805510 1092786 680207 916635 110449 493097 901482 726823 612739 873839 574576 557327 828954 276012 734095 948789 777186 1203750
616047 1107021 999999999 341727 433187 527018 275752 478957 140657 227742 423217 488805 300765 209700 395582 873573 842849 740954 610061 720826 360663 630838 460562 689194 690587 788339 227641 658774 494710 499922 382555 267807 126597 231917 739010 620555 839587 394707 195164 1029656 822174 815198 782213 647753 340988 520529 423028 374028 917931 854916 760377 520412 247207 31123 257846 506171 474404 883644 605418 706018 905087 356827 347928 547606 675453 320852 604213 602616 101815 917416 828379 378005 742089 488514 122618 552191 218519 758708 686829 273694 200012 978559 662999 59825 427270 534470 1015842 738543 583391 398297 654299 601150 558583 886928 758517 833169 569903 249079 377305 310718
492756 1169026 341727 999999999 621045 761649 337075 642075 221040 398408 735783 616222 467556 134578 362127 775582 946195 533887 342917 848257 409587 563264 351075 661085 509443 880413 133297 454733 342552 349704 510028 98442 218564 443953 815439 442145 919810 257729 353108 1046960 589188 612378 971458 831960 248188 355216 700692 349420 1023629 959574 569578 721831 249728 371407 170444 359894 363213 979168 817613 967662 682796 92415 174887 570601 926121 47411 531004 822803 440936 944292 1003568 453593 856261 290117 268780 331117 123942 771170 828552 605129 381990 965134 945123 285096 546034 842520 1100812 925850 375304 467293 876327 899443 723482 786054 561574 921781 827277 551160 609161 58794
495556 694909 433187 621045 999999999 156621 287730 57053 435853 231565 308017 109799 154827 546134 336518 635474 420830 679833 676733 293944 246317 432589 425243 417349 611984 375604 495419 622262 481943 481230 127901 523374 502746 204259 342668 567321 430412 450643 279050 651039 775497 727262 357879 218869 413733 505626 196815 330840 492328 431812 671261 100809 372398 416482 641686 478534 429578 463487 196737 367914 824440 565679 488565 276973 319140 632901 426391 203450 443008 540902 398919 203277 320099 532353 389311 585173 544317 420163 256321 345969 255607 631291 375007 436071 121117 354710 595689 312619 584881 204195 256329 370073 126128 649512 678264 419337 238154 255524 88817 629911
643682 695971 527018 761649 156621 999999999 436665 175715 561418 363563 244129 239095 296460 673426 493129 750973 421860 829462 833331 299049 402609 570986 581615 536329 761316 399305 631649 775291 638263 637413 284457 663219 618445 322340 393303 720165 453353 606103 409986 691511 924838 872522 267930 160664 567118 661651 140385 487153 478673 429303 817754 82257 517398 503833 761251 634480 585649 464573 89726 212133 968624 713311 639821 412509 165628 768561 569240 79271 508063 590242 322113 359897 333929 688940 512061 741674 673616 507859 254628 353448 382460 696611 221574 544491 274360 241515 587952 229952 740594 360432 127771 232890 160356 764541 825717 436158 83965 296128 155258 764171
351330 869525 275752 337075 287730 436665 999999999 305107 193026 103935 475796 281297 141665 286110 126189 598351 625051 501462 428342 517954 91369 355518 209579 415685 442227 562516 220844 425042 258316 261261 173019 241850 273748 156195 503022 377477 607798 185798 93584 772620 591814 568922 634399 494998 136353 285866 406268 105641 702737 638154 511618 388198 87761 281017 390749 264065 221305 661562 484171 647826 664252 277960 203574 281462 602256 354740 329757 491127 349608 662231 666943 125052 529878 283134 166473 346008 280356 495633 494825 400964 112166 711869 638732 239907 210650 566968 789361 588800 362426 142947 544050 609280 386430 611820 512726 606097 510066 309521 293691 353819
468130 640270 478957 642075 57053 175715 305107 999999999 469000 266158 359251 64246 186812 576959 332243 588435 367853 654082 668146 242675 247745 396366 415406 370750 585909 320260 521069 601598 471357 469814 133078 545920 539845 247317 285718 546427 374739 452401 312532 594009 749353 696863 329472 189895 421311 493272 245741 330201 440883 379239 642039 99439 392376 464213 675721 465961 417897 410067 188666 377635 793106 580274 499038 238158 325925 657646 393694 200857 495087 483853 364633 201773 266740 526855 424705 575541 573988 365544 207911 403021 292272 574907 397102 476985 106942 396501 542563 283836 570906 196988 249717 403426 83288 602349 650027 364348 259659 312073 145579 655654
497441 1061586 140657 221040 435853 561418 193026 469000 999999999 204318 515069 459969 282702 112011 290058 767694 812000 607901 469633 699115 284273 528193 338397 601399 561277 751337 92381 525007 365256 371060 347766 133300 81084 239152 693939 490298 798254 262372 156974 965293 686093 683740 793675 654237 212294 389708 485912 269281 889329 824873 630397 533992 129362 164963 206729 378345 352658 849888 627285 760349 771189 219118 208236 473576 722268 214026 498890 629270 241681 855155 832859 315973 714415 351795 50151 414420 112969 687673 671518 385823 180945 901990 731296 81616 390743 622591 979218 748312 447707 334868 682882 681424 552265 780433 627403 795452 620020 330550 406230 207348
443876 880597 227742 398408 231565 363563 103935 266158 204318 999999999 373708 264955 79390 314742 222156 672230 620255 602210 531219 502029 152685 431892 311052 473701 541200 563386 268149 527287 361510 364165 155580 299977 273708 53344 512024 478425 613604 288414 47554 802301 693715 667553 589358 449953 236384 389005 311901 203720 696514 632691 609886 330271 161481 221933 410525 366443 321968 660066 424452 569583 763825 356659 294238 326244 527720 405328 410028 427611 277312 689953 628914 156281 520454 386689 158647 449853 313339 533533 471629 298933 27935 754211 551549 213968 200395 468336 791599 543998 466155 176229 481321 515038 349163 686116 611872 608140 429431 205726 210884 401361
777729 940059 423217 735783 308017 244129 475796 359251 515069 373708 999999999 417786 350980 618183 578225 942812 665777 953755 904131 541509 489295 730472 671777 724804 888215 640127 603717 885646 726163 727698 396699 642775 543128 320402 626340 833146 694914 661526 404753 930807 1048443 1010471 494285 404379 610090 753009 114810 564015 722453 673379 952933 306173 529999 393041 680845 728180 680408 708602 329608 322710 1108347 716021 664554 580459 313194 727373 719447 313427 361100 826176 552139 461720 575626 758532 467068 820368 623275 723810 497158 162695 375879 926778 257073 464631 414307 111435 831797 463327 832378 472635 344822 182170 386539 956897 957724 678576 221813 184631 227276 719378
406057 618909 488805 616222 109799 239095 281297 64246 459969 264955 417786 999999999 188147 563450 286195 526448 355303 592253 615500 239149 209914 332248 363589 308397 524072 299542 501818 542056 418463 416358 112205 522730 535268 258921 253516 486939 351291 409489 307829 556856 687267 633562 361114 226456 384236 439010 305892 287396 431641 367742 579094 160169 368823 477808 665553 411753 364730 395315 241875 436500 729540 548104 463631 173946 383943 635910 330190 256607 517413 444945 388270 163999 255678 477232 419518 522613 559041 313163 213604 446927 292646 528258 459936 478914 70661 459842 527208 316351 515173 153929 301897 467669 116397 540438 587364 344374 322871 350976 195818 635114
432297 806367 300765 467556 154827 296460 141665 186812 282702 79390 350980 188147 999999999 391966 227492 634815 543016 603825 560467 423414 138655 401521 321189 426635 539181 487616 340719 534692 376244 377444 84870 369485 353095 75014 438913 482426 538861 321530 125861 735025 698064 663167 511609 371884 276345 402769 269280 214283 618820 555290 605358 255061 221027 290828 489291 377549 329518 583363 350432 506741 760809 416867 345170 275234 462035 478244 384338 355247 336390 622482 550157 118065 442728 413819 237898 473335 389799 472580 392422 312489 106040 693419 497334 292173 128285 433298 715348 466116 482529 134055 408790 470791 269903 648929 609282 532442 368500 211715 152382 475129
537359 1153042 209700 134578 546134 673426 286110 576959 112011 314742 618183 563450 391966 999999999 356923 817700 911115 616755 447960 802098 373751 586703 380437 671590 580269 848572 77180 534067 391861 398608 451782 93950 84340 351136 788362 509377 893310 290274 267190 1047160 684282 695080 903565 763844 254877 411813 595737 338613 988778 924195 646230 644970 204680 240160 105749 407640 394450 947651 738717 871821 774791 176646 213118 556697 834136 111445 555474 741002 307198 939202 941495 411123 815376 358582 161705 413501 13567 768343 776512 479039 292372 976380 841073 156226 493206 727434 1075047 858082 453501 428563 794646 788646 660208 829556 640694 892038 731610 435013 518241 102022
225144 807546 395582 362127 336518 493129 126189 332243 290058 222156 578225 286195 227492 356923 999999999 479681 587410 380804 340579 498517 92367 238441 93726 314975 319071 520647 280966 308330 149420 150201 208705 284402 369471 269318 454408 257544 558270 124441 219691 692159 473481 445399 645971 512650 113944 175497 494226 21557 664291 600840 387752 428771 160902 403947 461646 150058 102296 618771 520892 704065 541737 279815 191327 208483 654294 393437 209960 532385 474642 586162 668526 133255 501929 195879 277893 249983 347437 413739 485570 520786 235989 619458 709006 352751 225307 659470 738880 601749 255486 135263 581956 692310 402345 492763 389747 561054 573705 425120 371755 396589
283264 554538 873573 775582 635474 750973 598351 588435 767694 672230 942812 526448 634815 817700 479681 999999999 511012 321337 513770 532666 520544 242833 437263 218126 296541 461463 740860 360746 433503 426368 560950 730264 844960 703664 411667 346121 447856 528881 686601 382169 365801 285101 724255 656719 563982 420679 832196 501115 553670 519798 274980 668876 638540 879250 915800 416348 423267 508052 716648 910976 335012 683314 611134 365392 858401 818830 269760 737108 945440 339589 706030 519969 504809 488091 757535 464866 806061 265790 559887 945315 694277 269927 958656 832415 532813 984356 553755 698620 421213 501824 761985 983824 592904 14182 290030 467649 829827 844200 716629 826399
583497 277013 842849 946195 420830 421860 625051 367853 812000 620255 665777 355303 543016 911115 587410 511012 999999999 743462 852398 128364 540146 476717 631521 375374 684387 68076 844241 730202 673457 668460 466166 859350 889031 611327 137624 683043 64037 707218 662630 286462 823354 748200 246680 263902 700056 683377 556910 597706 77742 13434 710071 367191 709401 830139 1015255 660060 625670 43371 341585 482842 825148 867068 778672 384382 439965 972453 498761 361031 862925 211181 209184 500209 101163 742556 773588 765822 905361 259420 170922 754562 647945 330856 556409 834203 422030 650491 174860 242286 740488 483512 352451 615335 298322 520316 723534 43364 467424 672948 501155 973468
186250 856253 740954 533887 679833 829462 501462 654082 607901 602210 953755 592253 603825 616755 380804 321337 743462 999999999 211589 714168 465189 277745 291889 368443 68186 679834 548078 83198 247678 243246 562789 522805 670274 650122 613533 123987 688533 346397 593433 691420 95687 78710 901041 793847 400151 220969 861055 398515 804924 755242 47075 752364 495523 757212 697153 238687 280360 755413 829741 1027688 164402 449515 406845 426000 974603 581063 267676 846439 833340 624985 901754 492756 698496 259151 618602 204386 603414 487188 724031 901142 613600 582804 1051032 686791 558739 1026520 833889 864144 163282 483874 886969 1049516 697557 325202 33023 702980 913397 805920 736050 591459
275255 1011230 610061 342917 676733 833331 428342 668146 469633 531219 904131 615500 560467 447960 340579 513770 852398 211589 999999999 793648 432427 380864 252745 489919 217270 784841 391403 153025 197062 199208 549136 357551 515724 584214 715243 179072 806526 242805 506770 858140 248506 285024 963735 838526 296156 177513 829747 348820 922640 865327 255780 766522 386688 632330 512531 204403 250777 873258 856043 1043511 343160 271489 262795 482283 993026 390079 355133 868990 709885 775669 976927 473550 786859 146658 494618 92902 434421 615707 791890 818436 533196 756479 1049523 551228 561984 993206 971183 921810 112085 473339 916719 1030467 731068 520370 243773 816581 914254 734215 709904 401711
538902 405215 720826 848257 293944 299049 517954 242675 699115 502029 541509 239149 423414 802098 498517 532666 128364 714168 793648 999999999 438687 437057 556295 353147 649984 101821 738772 687078 604179 600123 351350 757416 774039 488909 122109 635632 154524 622121 546168 393904 801574 732304 193107 148796 607240 618307 430889 505521 198435 138499 687118 239639 604580 706747 904610 592893 552845 171668 225529 393573 818102 774308 687048 311693 344800 870904 452290 246290 736833 298005 187621 395447 35999 670904 658245 703097 797350 266920 44426 626294 529296 411890 457375 715586 308939 534350 302595 166180 683931 380993 249914 506606 170157 544251 699117 137154 353160 544772 372960 870836
296136 779687 360663 409587 246317 402609 91369 247745 284273 152685 489295 209914 138655 373751 92367 520544 540146 465189 432427 438687 999999999 279362 185295 328556 400784 476156 304424 396455 241539 242004 118629 319614 365087 191420 414758 343871 519770 205250 167544 681252 559420 525325 570566 433815 174648 267199 402480 84545 617878 553398 467471 341356 169787 362237 479162 241172 192448 575353 435250 614230 622791 338416 253768 190364 565206 433009 257392 445490 425421 570898 597971 46322 447566 286837 256939 342269 366977 404442 419645 443525 173753 621424 617130 329231 142600 567976 701595 525502 347294 57708 496289 599980 323165 534342 471046 519111 482358 344784 279518 433587
107067 634889 630838 563264 432589 570986 355518 396366 528193 431892 730472 332248 401521 586703 238441 242833 476717 277745 380864 437057 279362 999999999 212429 109723 212927 410495 509539 253721 229018 222315 335765 504303 606897 466619 341999 206707 427387 306457 444202 492558 367972 305598 623309 518881 332016 228100 626134 259637 544142 489239 254723 490464 398842 636436 688493 212139 200052 494499 560211 759544 399382 471720 390448 158479 706065 602658 32265 578152 703104 400102 624668 283962 422989 296327 515651 301202 575908 235122 446299 714008 452943 403180 790652 590548 316712 787219 590422 586700 269179 267513 615336 799546 427841 256327 265332 438844 654426 613137 503723 608546
159394 829117 460562 351075 425243 581615 209579 415406 338397 311052 671777 363589 321189 380437 93726 437263 631521 291889 252745 556295 185295 212429 999999999 311299 233850 563538 303639 216339 56752 56725 298424 294103 411808 360292 494641 167903 594552 94104 301758 698439 382669 360457 716912 588253 127920 81909 587696 108408 706279 644876 303698 513822 213802 473350 479428 56405 14308 658582 603434 791097 454995 260035 178109 247780 740405 390238 180219 616257 547583 599040 734343 222983 554536 115308 338461 160302 368839 426720 549269 609837 321732 614184 799465 411108 309299 753060 770771 673917 162000 221193 664194 784993 479653 449154 303949 600583 663287 515966 464754 396231
214884 525488 689194 661085 417349 536329 415685 370750 601399 473701 724804 308397 426635 671590 314975 218126 375374 368443 489919 353147 328556 109723 311299 999999999 309135 311394 595140 357346 335337 328908 348336 594771 682006 498678 245686 313748 322443 403433 495569 387288 451274 379721 545027 456538 420702 336587 614075 334252 439392 387368 337006 454072 474042 690381 775742 318962 300436 389670 509268 707215 465082 570962 486456 151755 653899 698172 138945 528972 750841 291256 539034 317598 333523 403873 581614 410915 661769 125811 370351 732891 498221 305516 748710 655556 317029 767095 481312 512572 378545 298004 559101 769085 381025 232165 349882 335610 616863 632141 498992 703082
118112 811161 690587 509443 611984 761316 442227 585909 561277 541200 888215 524072 539181 580269 319071 296541 684387 68186 217270 649984 400784 212927 233850 309135 999999999 619658 508400 64280 196236 190764 495824 486817 627769 587903 552360 71318 631237 299045 535152 650945 163597 126713 835467 726621 350139 171684 794267 337748 748072 696461 69980 684178 443599 705162 666700 184450 221272 698392 761767 959590 222699 420843 367483 358323 906533 555749 200692 778386 780313 577307 837594 426682 635503 222788 567971 180085 567231 431208 658518 839820 553977 545524 982881 638283 490926 959568 782501 798019 135020 417181 819155 981807 629659 303116 70676 644735 845257 743468 669237 565259
516984 320481 788339 880413 375604 399305 562516 320260 751337 563386 640127 299542 487616 848572 520647 461463 68076 679834 784841 101821 476156 410495 563538 311394 619658 999999999 780566 664192 605385 600396 408151 794620 829291 558051 69672 616395 55445 639805 604405 292447 761526 687612 270104 250480 633663 615386 528041 531429 143681 81368 647695 335309 645817 777110 953209 592010 557625 99197 327349 490247 767156 800437 711971 316607 443148 907472 431799 348103 813696 196943 245162 437467 65927 674481 714321 697966 842450 201215 145512 716754 591252 312869 557201 776871 363514 635980 228391 254158 673010 420152 349796 608226 259491 471753 660873 44831 454981 630653 459899 908768
461200 1081427 227641 133297 495419 631649 220844 521069 92381 268149 603717 501818 340719 77180 280966 740860 844241 548078 391403 738772 304424 509539 303639 595140 508400 780566 999999999 464968 317267 323873 391812 40958 124679 311781 718847 437188 823888 214603 221788 972411 619746 625844 850071 710148 177702 338319 567466 263239 921983 857442 575471 595778 134842 254445 180697 332633 317714 879761 691002 835957 708434 129248 141366 483291 795318 137540 478295 695092 329453 865162 885211 344391 750188 288935 136947 347176 66651 693649 715421 477920 250088 900211 812070 167921 431165 709762 1005744 804431 385029 360729 748770 766195 603755 752791 570679 823517 695460 419132 478032 134676
148319 868748 658774 454733 622262 775291 425042 601598 525007 527287 885646 542056 534692 534067 308330 360746 730202 83198 153025 687078 396455 253721 216339 357346 64280 664192 464968 999999999 167902 164191 500720 440128 587076 576600 595701 55171 679461 264067 515762 711034 166908 161033 868249 753378 318432 140574 797019 324550 796415 742623 114860 700879 414243 675572 615985 160980 206181 746694 782937 978480 246374 368576 323692 384959 925999 501622 234933 798468 752020 633918 874093 428001 675207 176036 536623 123665 520768 481945 692103 825871 537111 607000 996419 604186 501567 962781 835940 829136 80726 421323 841741 989746 652174 367393 107277 691768 858825 732303 672495 511676
150311 859324 494710 342552 481943 638263 258316 471357 365256 361510 726163 418463 376244 391861 149420 433503 673457 247678 197062 604179 241539 229018 56752 335337 196236 605385 317267 167902 999999999 7152 355177 300600 433445 412041 535929 125845 633265 103784 348092 721374 334726 320555 769006 642058 153936 27563 643638 162168 746888 686705 265789 570011 248223 510040 485191 17434 53739 698468 659041 847514 412050 250149 179907 293066 796677 385347 197450 672145 585859 626341 784599 279726 600438 69729 372114 104239 379359 456360 599338 659236 370039 631414 856217 442055 365567 808818 806381 726497 106291 277832 719680 841455 534161 444307 263838 640705 720013 567147 521056 392911
143166 853135 499922 349704 481230 637413 261261 469814 371060 364165 727698 416358 377444 398608 150201 426368 668460 243246 199208 600123 242004 222315 56725 328908 190764 600396 323873 164191 7152 999999999 354776 307487 439668 414393 530893 120765 627892 110055 351576 714752 331096 315539 765857 639465 159403 25326 644353 163722 741708 681691 260462 568627 253192 514981 492162 10351 51929 693212 657243 846319 407538 257301 186832 288777 795340 392489 190833 670522 590638 619990 780990 279455 596039 75538 377308 106307 386137 450228 595727 662225 373167 624554 855742 447556 364304 809662 800652 723494 105312 277044 717805 841706 531860 437184 258795 635492 719360 569690 521477 400040
382469 725023 382555 510028 127901 284457 173019 133078 347766 155580 396699 112205 84870 451782 208705 560950 466166 562789 549136 351350 118629 335765 298424 348336 495824 408151 391812 500720 355177 354776 999999999 414725 423296 159835 356551 446326 458053 323605 196495 650362 658330 615594 461629 322587 289354 379466 298500 203055 542975 478799 558457 223209 260709 374308 553470 352586 303476 505367 317884 495755 713427 447196 366368 196703 446584 527253 323047 327407 421260 537823 494025 75607 367329 404483 307629 457892 447690 388167 324732 384782 183512 608867 501047 368719 44816 463756 636496 416079 459177 79397 378767 489150 213462 575126 564139 452845 365158 283871 173490 525866
448194 1090520 267807 98442 523374 663219 241850 545920 133300 299977 642775 522730 369485 93950 284402 730264 859350 522805 357551 757416 319614 504303 294103 594771 486817 794620 40958 440128 300600 307487 414725 999999999 159133 345907 731325 416106 836233 201383 254848 976199 590947 601135 875387 735658 174069 319455 603688 268686 937032 872649 552453 624098 154090 295016 185539 316835 307726 893740 719768 869327 681084 90174 120772 491009 827683 113492 472500 724702 369555 870564 908742 361970 767146 264765 176861 319671 80647 698054 735937 518591 283883 900286 847636 208249 452191 748121 1017925 829745 359552 376977 778271 803490 627899 741770 546808 836909 728983 458335 510765 114148
571195 1141118 126597 218564 502746 618445 273748 539845 81084 273708 543128 535268 353095 84340 369471 844960 889031 670274 515724 774039 365087 606897 411808 682006 627769 829291 124679 587076 433445 439668 423296 159133 999999999 300281 772964 556457 876954 329661 228081 1046249 743768 747486 860058 721595 284044 456353 529774 349002 966095 901783 695871 598335 208607 157499 143274 447681 426116 927497 689426 809975 831703 248815 263831 554611 775106 194597 577113 689697 222876 935978 901508 395700 790615 411385 115795 471017 94681 768731 744890 398848 247797 983011 773951 78756 467060 653539 1057475 815064 507782 414866 742885 717313 622747 857502 691793 873606 670873 362597 463728 184232
486988 877809 231917 443953 204259 322340 156195 247317 239152 53344 320402 258921 75014 351136 269318 703664 611327 650122 584214 488909 191420 466619 360292 498678 587903 558051 311781 576600 412041 414393 159835 345907 300281 999999999 511618 526733 610194 341432 91494 809585 742515 713743 560125 422385 289692 439426 260541 252098 686125 623290 655931 298091 213378 219077 441424 416185 370610 652426 389490 524207 810583 406979 346943 348015 484283 447504 446979 390603 261520 697049 602895 183704 510419 439316 190127 502131 351293 547530 455223 252548 62052 768399 502334 231843 202720 415329 784820 515332 517304 202029 444107 463231 328007 717702 658542 602859 383694 155822 167316 442593
448139 368892 739010 815439 342668 393303 503022 285718 693939 512024 626340 253516 438913 788362 454408 411667 137624 613533 715243 122109 414758 341999 494641 245686 552360 69672 718847 595701 535929 530893 356551 731325 772964 511618 999999999 547400 105040 572217 550922 308649 696900 624357 312595 261200 567927 545754 512099 466045 211672 150810 582685 320643 584495 729725 893536 522459 488493 164664 332959 512793 706421 734156 645634 248509 462612 843687 362631 354246 770927 200305 297660 378286 93230 605115 658951 628294 781731 146061 155704 688326 539955 303350 572278 723898 311773 634358 286896 288167 603453 360085 366268 614661 239805 422981 595554 106732 458489 597569 430287 845397
99648 832428 620555 442145 567321 720165 377477 546427 490298 478425 833146 486939 482426 509377 257544 346121 683043 123987 179072 635632 343871 206707 167903 313748 71318 616395 437188 55171 125845 120765 446326 416106 556457 526733 547400 999999999 634072 227958 469505 679263 215987 194774 815182 699058 279710 100590 743222 274826 750849 695661 140127 645710 373953 635745 596979 115347 156471 701200 727935 923336 287518 352326 296425 331142 870879 487935 184922 743393 711349 596915 822197 374132 624871 153167 497958 118850 496397 439394 639444 777350 489619 578625 941337 567710 446544 908965 794697 775664 75266 366943 786841 935170 597337 354563 138031 645502 803726 682555 618527 497085
534451 267618 839587 919810 430412 453353 607798 374739 798254 613604 694914 351291 538861 893310 558270 447856 64037 688533 806526 154524 519770 427387 594552 322443 631237 55445 823888 679461 633265 627892 458053 836233 876954 610194 105040 634072 999999999 674604 653619 239909 766198 689997 304862 301732 672012 641240 583138 570396 116964 71951 653673 390523 689521 829089 998420 619052 587611 67239 379247 534606 764959 837762 749251 350988 489277 948471 451477 399708 867094 152163 271266 482930 119445 702861 762539 722058 886731 201710 198838 772131 641525 271286 604592 826451 413257 688576 181856 295221 694442 464902 397955 658611 314935 456940 667435 22350 506747 685665 515120 950275
247203 916187 394707 257729 450643 606103 185798 452401 262372 288414 661526 409489 321530 290274 124441 528881 707218 346397 242805 622121 205250 306457 94104 403433 299045 639805 214603 264067 103784 110055 323605 201383 329661 341432 572217 227958 674604 999999999 265418 789822 428268 421544 769986 635740 55994 127379 590090 122414 783409 720647 368031 546596 151944 411847 386920 118358 107114 736877 640393 818158 510399 167835 84008 323786 769782 296217 274276 650740 488649 688520 792964 250711 624352 99948 272644 164757 278151 515546 609919 578371 291012 707464 816695 340464 346053 752181 853402 725582 189987 256465 701455 792270 525161 540407 365106 678897 684117 491937 473165 302131
444777 919812 195164 353108 279050 409986 93584 312532 156974 47554 404753 307829 125861 267190 219691 686601 662630 593433 506770 546168 167544 444202 301758 495569 535152 604405 221788 515762 348092 351576 196495 254848 228081 91494 550922 469505 653619 265418 999999999 836030 682670 661864 636770 497274 210701 375616 351632 199225 739323 675228 604709 377821 125248 194821 363446 355126 313934 701842 471918 614569 756753 315999 259807 352489 573542 358583 419896 474889 258902 724080 675959 182907 563479 365227 112406 429655 265818 563740 516820 313141 29746 783415 593826 172984 240930 503689 832793 591377 449994 203189 528596 553804 395709 700266 605522 649018 474170 227961 256284 354360
587972 175156 1029656 1046960 651039 691511 772620 594009 965293 802301 930807 556856 735025 1047160 692159 382169 286462 691420 858140 393904 681252 492558 698439 387288 650945 292447 972411 711034 721374 714752 650362 976199 1046249 809585 308649 679263 239909 789822 836030 999999999 746513 665640 530641 541639 802904 720277 817594 709213 272699 285044 647650 624794 843977 1023806 1152644 704626 687714 252656 619100 769296 715626 957614 872078 491918 726110 1082620 523926 639605 1070986 112543 486304 654345 358261 788851 937111 788538 1038434 278818 437909 996890 829801 112730 842273 1007086 606870 928250 210874 528743 751215 634345 636741 898279 545844 384094 662790 259463 746639 905242 738897 1086852
281248 916258 822174 589188 775497 924838 591814 749353 686093 693715 1048443 687267 698064 684282 473481 365801 823354 95687 248506 801574 559420 367972 382669 451274 163597 761526 619746 166908 334726 331096 658330 590947 743768 742515 696900 215987 766198 428268 682670 746513 999999999 80874 990379 886237 483488 307305 956487 490449 881446 834673 114486 847425 579623 840055 757130 327774 371932 832378 923828 1122157 94825 511204 480329 519629 1068975 636571 360601 940774 916917 690273 988788 587923 784158 334298 700680 272773 670756 564584 813497 992485 703928 635067 1146390 766390 654410 1122014 902679 954461 238783 579327 980605 1145203 791479 366177 102722 781882 1008789 898320 831507 647828
233126 835534 815198 612378 727262 872522 568922 696863 683740 667553 1010471 633562 663167 695080 445399 285101 748200 78710 285024 732304 525325 305598 360457 379721 126713 687612 625844 161033 320555 315539 615594 601135 747486 713743 624357 194774 689997 421544 661864 665640 80874 999999999 922913 823894 474236 294723 913841 464299 804517 759241 57861 793332 568725 830520 775863 309919 347967 755722 865613 1064819 97884 528224 484504 462034 1011385 659596 303439 883332 906066 610318 918709 548852 713236 336976 692631 283085 681769 488864 746623 965937 680614 554209 1093468 761907 606972 1078396 823220 888407 241604 538036 920934 1097206 733161 285786 56755 706273 956393 869075 788973 670049
721337 479854 782213 971458 357879 267930 634399 329472 793675 589358 494285 361114 511609 903565 645971 724255 246680 901041 963735 193107 570566 623309 716912 545027 835467 270104 850071 868249 769006 765857 461629 875387 860058 560125 312595 815182 304862 769986 636770 530641 990379 922913 999999999 139936 745154 786344 405142 648273 267317 246169 876181 262478 721809 761736 999549 759778 715825 278016 180103 244633 1010084 907655 824285 484644 210629 986938 635444 188810 772968 456625 58758 524348 219467 832102 747149 871425 901340 458606 177010 620353 613446 576074 325827 791331 428452 448229 369887 45649 857132 515041 149478 397531 248347 735498 887684 282568 273527 562633 405353 984734
609673 535835 647753 831960 218869 160664 494998 189895 654237 449953 404379 226456 371884 763844 512650 656719 263902 793847 838526 148796 433815 518881 588253 456538 726621 250480 710148 753378 642058 639465 322587 735658 721595 422385 261200 699058 301732 635740 497274 541639 886237 823894 139936 999999999 608409 661159 299916 513458 318096 270438 773568 128163 582247 628681 860388 634139 588409 305909 77862 254594 915439 769439 687031 368935 202804 847063 526172 98002 645433 446750 180754 387493 184795 702700 608088 745699 761512 396039 106906 508451 474408 559662 311102 654123 291230 387405 427424 94322 734919 379503 105956 357811 110704 669308 783869 282714 205042 439491 274035 844816
287215 921173 340988 248188 413733 567118 136353 421311 212294 236384 610090 384236 276345 254877 113944 563982 700056 400151 296156 607240 174648 332016 127920 420702 350139 633663 177702 318432 153936 159403 289354 174069 284044 289692 567927 279710 672012 55994 210701 802904 483488 474236 745154 608409 999999999 179541 542615 102405 777191 713472 419723 512082 96195 357153 356645 166285 142213 732075 607178 779145 564447 167349 79912 322413 732044 280327 300649 616180 433630 698263 771663 220949 612629 155646 218494 220585 243918 525358 591332 523195 237077 726219 773550 288153 317180 703021 852773 700133 245656 230515 667973 745570 497790 576121 417582 674475 643030 438081 428722 284064
139546 861918 520529 355216 505626 661651 285866 493272 389708 389005 753009 439010 402769 411813 175497 420679 683377 220969 177513 618307 267199 228100 81909 336587 171684 615386 338319 140574 27563 25326 379466 319455 456353 439426 545754 100590 641240 127379 375616 720277 307305 294723 786344 661159 179541 999999999 669600 189016 755834 696531 240701 592267 274574 536328 502799 27313 76054 707037 680292 870151 385370 263238 198815 306619 819002 399251 197661 693821 612374 627795 800341 304263 613155 69488 398011 85141 399070 459719 615147 686795 397602 627624 880310 467271 388157 834938 812167 744319 80099 301439 740725 866766 554128 430951 238115 649537 743779 594611 546628 407417
680747 832859 423028 700692 196815 140385 406268 245741 485912 311901 114810 305892 269280 595737 494226 832196 556910 861055 829747 430889 402480 626134 587696 614075 794267 528041 567466 797019 643638 644353 298500 603688 529774 260541 512099 743222 583138 590090 351632 817594 956487 913841 405142 299916 542615 669600 999999999 482614 616875 565174 856841 192904 473362 396163 672475 643651 594868 600064 229868 283081 1011610 667501 605638 472765 255741 699559 617410 217155 386384 712158 460821 369091 464273 683096 435852 742251 598432 609351 386815 215550 321909 812049 245400 451896 309649 165763 725866 369213 749665 377181 258305 203322 272350 846216 862630 567486 150649 176018 125030 693232
245979 822026 374028 349420 330840 487153 105641 330201 269281 203720 564015 287396 214283 338613 21557 501115 597706 398515 348820 505521 84545 259637 108408 334252 337748 531429 263239 324550 162168 163722 203055 268686 349002 252098 466045 274826 570396 122414 199225 709213 490449 464299 648273 513458 102405 189016 482614 999999999 674898 611118 406789 425215 140405 382485 443723 164655 118520 629973 518464 698754 560244 269703 181744 222457 649618 379087 231368 529218 453388 602439 672572 128841 510361 202710 256427 259779 329462 430511 490812 502636 216418 638087 701165 331301 223684 647358 751517 603688 268437 134061 579548 682067 402832 514220 408387 572470 566749 407879 361363 381729
651208 218800 917931 1023629 492328 478673 702737 440883 889329 696514 722453 431641 618820 988778 664291 553670 77742 804924 922640 198435 617878 544142 706279 439392 748072 143681 921983 796415 746888 741708 542975 937032 966095 686125 211672 750849 116964 783409 739323 272699 881446 804517 267317 318096 777191 755834 616875 674898 999999999 64583 769458 431413 787142 904528 1092838 733086 699998 49726 393685 511551 877135 944057 855608 459975 473926 1050100 567813 411553 935264 227085 217245 577925 176098 816264 850550 837398 983063 317754 237476 819885 724113 341724 590574 910477 499035 697931 109368 275813 810568 561254 394390 656380 367725 561601 783360 106302 515304 741542 569900 1051158
596084 267931 854916 959574 431812 429303 638154 379239 824873 632691 673379 367742 555290 924195 600840 519798 13434 755242 865327 138499 553398 489239 644876 387368 696461 81368 857442 742623 686705 681691 478799 872649 901783 623290 150810 695661 71951 720647 675228 285044 834673 759241 246169 270438 713472 696531 565174 611118 64583 999999999 721547 376287 722601 842000 1028274 673269 638992 35513 347856 484632 835567 880492 792099 397781 442692 985771 511500 366998 874225 214420 206077 513350 112882 755832 786296 778891 918481 270378 180207 764125 660351 333904 559346 846654 434743 656148 164106 244270 753389 496715 356587 619678 308654 528890 735077 53098 473001 683269 511457 986761
176161 813935 760377 569578 671261 817754 511618 642039 630397 609886 952933 579094 605358 646230 387752 274980 710071 47075 255780 687118 467471 254723 303698 337006 69980 647695 575471 114860 265789 260462 558457 552453 695871 655931 582685 140127 653673 368031 604709 647650 114486 57861 876181 773568 419723 240701 856841 406789 769458 721547 999999999 739125 513475 775096 730118 254335 290986 720176 813138 1012030 155501 483000 434194 408909 958688 616432 249722 830515 850289 584170 874305 491251 669695 287690 637759 238472 633056 451965 699378 908171 623170 538269 1038991 707800 550689 1021604 794645 840570 194809 480650 869187 1041318 680657 278519 15175 668909 901691 811232 731906 626425
566199 644133 520412 721831 100809 82257 388198 99439 533992 330271 306173 160169 255061 644970 428771 668876 367191 752364 766522 239639 341356 490464 513822 454072 684178 335309 595778 700879 570011 568627 223209 624098 598335 298091 320643 645710 390523 546596 377821 624794 847425 793332 262478 128163 512082 592267 192904 425215 431413 376287 739125 999999999 473182 500837 738795 564966 516699 410548 95989 278221 888953 666046 587956 332074 226736 733305 489892 104198 517522 520108 308138 296397 272117 624218 486504 674091 643578 428251 196273 388472 353099 622661 300272 528908 204539 319861 539158 218258 670158 293806 156108 315102 81696 682476 747494 375349 164225 313499 145929 730133
371186 948403 247207 249728 372398 517398 87761 392376 129362 161481 529999 368823 221027 204680 160902 638540 709401 495523 386688 604580 169787 398842 213802 474042 443599 645817 134842 414243 248223 253192 260709 154090 208607 213378 584495 373953 689521 151944 125248 843977 579623 568725 721809 582247 96195 274574 473362 140405 787142 722601 513475 473182 999999999 261817 310389 259150 227808 745006 569134 726842 659913 196456 134560 352581 682883 267090 369548 575184 337836 735287 754689 209658 615497 250652 124763 315644 197397 565328 582220 432155 154306 776612 712304 197507 298224 628222 871360 676187 341833 225888 628460 676416 474026 651349 511985 688874 587576 352046 369068 266428
626736 1096701 31123 371407 416482 503833 281017 464213 164963 221933 393041 477808 290828 240160 403947 879250 830139 757212 632330 706747 362237 636436 473350 690381 705162 777110 254445 675572 510040 514981 374308 295016 157499 219077 729725 635745 829089 411847 194821 1023806 840055 830520 761736 628681 357153 536328 396163 382485 904528 842000 775096 500837 261817 999999999 288489 520779 486950 871401 583878 679242 921562 383225 369613 546209 649771 351462 610740 580292 77615 911361 808972 375900 729119 507455 139539 571669 248655 755318 671649 242614 194986 975824 634620 87081 418674 504386 1003840 718506 601437 396154 631436 571646 542432 892763 773773 821923 544113 221133 356384 341453
633562 1258656 257846 170444 641686 761251 390749 675721 206729 410525 680845 665553 489291 105749 461646 915800 1015255 697153 512531 904610 479162 688493 479428 775742 666700 953209 180697 615985 485191 492162 553470 185539 143274 441424 893536 596979 998420 386920 363446 1152644 757130 775863 999549 860388 356645 502799 672475 443723 1092838 1028274 730118 738795 310389 288489 999999999 501691 493138 1052194 830912 953155 849988 247645 305415 662418 918371 124752 656916 831762 338805 1044866 1039395 515790 918816 443978 252415 492818 114261 873829 877819 530301 386106 1080892 916059 220584 595738 791943 1180068 954302 535418 533531 885106 857484 758979 927287 723261 996844 814138 503240 606293 112281
133100 843401 506171 359894 478534 634480 264065 465961 378345 366443 728180 411753 377549 407640 150058 416348 660060 238687 204403 592893 241172 212139 56405 318962 184450 592010 332633 160980 17434 10351 352586 316835 447681 416185 522459 115347 619052 118358 355126 704626 327774 309919 759778 634139 166285 27313 643651 164655 733086 673269 254335 564966 259150 520779 501691 999999999 49128 684504 652992 842871 402729 267484 196292 281335 791702 402564 180732 666509 596156 610105 774309 277516 588376 85120 383561 111703 395238 440567 589067 664906 376156 614262 853301 454301 360892 809119 791403 717611 106615 274373 713439 840300 526950 427222 253169 626838 716687 571716 520384 410051
