NAME : synthetic_000632
TYPE : CTSP-D
DIMENSION : 100
GROUPS : 8
RELAXATION_LEVEL : 1
EDGE_WEIGHT_TYPE : EXPLICIT
EDGE_WEIGHT_FORMAT : FULL_MATRIX
EDGE_WEIGHT_SECTION
999999999 441251 350520 544177 290199 309309 723465 679057 239030 656160 439846 62635 347537 334298 209123 341372 606630 232258 396145 595022 661439 399988 421617 451187 409682 320307 634822 393635 528494 571516 273297 594595 338486 421933 261371 433401 607588 556609 583291 321426 458921 235955 380807 598373 257463 515323 712528 479749 592579 472016 479194 237180 452886 684944 351103 543367 661263 580938 389148 386454 184002 525569 388714 245211 248949 298018 455320 471277 251380 546788 439357 216527 332801 302023 368096 290980 553583 449659 781024 507832 536473 334836 333832 321372 346622 430967 516453 413818 149607 321075 96258 412356 114582 267763 44711 638984 260933 219044 338675 346470
441251 999999999 451706 393435 493057 367491 472917 368967 680259 344167 841456 480228 743783 302695 649677 768995 242220 401236 239859 462270 466513 805461 842692 382586 228419 761491 394910 225731 260546 134964 684851 285155 309749 486299 575887 805449 432125 922985 475708 499676 678792 675059 762644 462059 657732 797608 404801 106966 210558 719650 843069 276344 728272 370790 774459 679558 498130 478896 790150 502791 585015 230511 648894 414189 300533 325170 856351 652493 193852 488524 682940 388827 770861 694832 789526 214546 182158 146599 530878 451247 745303 686231 458724 706804 561786 532595 517737 346782 437122 121647 370065 122150 346011 297842 478922 254535 509450 478635 158950 669839
350520 451706 999999999 757985 619697 85938 894752 460392 494075 445713 756351 320635 412021 566919 483352 634819 690827 536808 577684 283659 862064 473617 717321 693439 251375 549762 377449 244280 673220 573583 394641 404187 143989 71415 220139 430554 814695 889147 262088 647015 230617 513813 714691 825250 590944 360303 483403 547680 661288 276035 816022 207133 294800 467926 482829 237013 351303 257646 710071 698881 524923 652789 737033 553448 174071 128961 771215 200787 375542 211628 787012 517488 527460 372436 668759 245531 435029 347236 498570 763894 293730 681476 642098 370815 131120 92686 168041 649721 204973 364636 272066 514788 271367 507803 343557 499914 600121 556212 293628 280797
544177 393435 757985 999999999 354994 674926 192286 756107 729487 732210 756250 606113 890387 210594 694444 746128 264966 333453 180940 846910 117597 939103 792210 103140 599595 805761 788344 591248 151403 396702 813840 676504 640958 813571 785929 977574 63478 774433 856144 333867 952914 706023 666615 69886 615900 1040662 790630 298482 289709 980687 706284 550852 972995 756884 880947 994401 888502 858330 714306 277865 570907 185317 466161 329270 583930 634258 767499 944611 382488 857872 471751 341582 838624 845895 749203 523341 567716 536356 922268 104192 1029095 577359 281944 865524 828511 849943 871548 131542 640398 409283 541800 275586 526252 277932 588061 623073 398185 403102 497306 879727
290199 493057 619697 354994 999999999 558371 546911 831789 398045 806581 404858 347037 594183 211049 364619 392822 536997 97170 301686 818993 464746 631188 437334 252603 586747 466623 819126 572007 420515 584382 515175 742107 561546 689480 549771 689475 412896 447011 815071 32627 749119 369068 315539 384107 263290 799406 868207 465729 541056 761260 370926 446764 739811 835753 563276 829823 878883 814394 360706 105708 230262 436849 155841 81343 473646 531878 417072 760210 331993 791521 192978 114693 506383 557266 394380 466089 662541 579344 968803 276663 826652 226698 73573 579609 635322 707510 775835 238565 434166 412944 348295 395963 348647 195271 321920 743367 45395 73307 482867 628943
309309 367491 85938 674926 558371 999999999 809121 421289 488856 403231 737208 293895 446741 488147 472421 622776 605499 470587 494210 288121 777614 510310 705835 613608 181165 553722 351932 171006 587515 491981 414695 353502 67998 140004 253817 481029 730831 862692 274448 583801 311675 503209 686765 742744 562357 435501 448818 462116 576366 354230 786693 125440 367584 428440 507061 322112 355609 271863 688582 630907 491641 566888 685356 487560 92593 43057 752460 285757 293203 238315 734125 451154 539189 402302 654804 159594 366906 272008 488099 684879 378072 644123 574059 405424 199482 175456 217627 569794 181840 278746 219356 428919 212261 431607 312957 438518 543310 499383 208793 332716
723465 472917 894752 192286 546911 809121 999999999 796352 919061 775238 946029 784031 1071002 390692 883959 938411 253475 523318 332931 933481 90868 1122195 983780 295405 699640 996324 850222 695011 221713 417656 995974 729643 764186 942274 952512 1155043 135419 956079 948187 524796 1104784 896582 856516 175866 808185 1203050 827043 365952 289885 1137109 891087 691174 1134073 795261 1066821 1131121 963964 951537 905110 464786 762459 245330 650318 520204 723180 766492 956868 1090027 529040 960971 650012 529979 1027817 1025169 941262 650370 617338 618324 967108 280413 1178589 767453 473604 1043829 980713 983750 986243 320030 804377 530922 708315 381114 690017 455960 768008 650252 590368 595074 611130 1048151
679057 368967 460392 756107 831789 421289 796352 999999999 895796 25354 1118029 687893 866409 664166 874031 1018063 542886 734892 608604 241179 812565 929487 1099672 751547 269530 966960 102629 285521 611692 378763 835766 89686 361596 437902 672507 890939 786808 1225023 271570 845055 662029 904084 1052495 822515 933034 800044 36579 457717 506482 712804 1145176 442601 742296 7699 928324 593259 221984 278257 1066835 860532 857641 578052 984449 750447 437162 405151 1133502 613602 500205 325306 1024743 718590 957179 823032 1046467 390159 188564 252488 170772 819948 698448 990228 811382 824958 589792 485623 391782 715217 591266 419116 583902 491060 564480 644245 699821 148967 837448 799208 354360 741131
239030 680259 494075 729487 398045 488856 919061 895796 999999999 874488 274479 210095 225653 532364 35111 144708 834562 396068 609623 772235 845838 244175 224903 627961 628306 82168 838175 612767 744529 809907 157903 815944 537735 558669 300471 321377 791895 419085 753843 429056 491288 35807 262677 771527 170619 480861 927079 714413 823756 478788 358868 457170 441540 902267 170125 609908 840420 749949 236763 502907 168409 746869 405491 400689 458827 493971 287974 527427 489307 705671 451778 389167 109422 208223 180482 518812 786344 681052 976947 668198 556482 279524 466784 230311 423861 546474 657537 599162 307869 560029 321211 644775 344148 472924 204068 870909 353390 332748 571471 327311
656160 344167 445713 732210 806581 403231 775238 25354 874488 999999999 1094760 666094 849308 638870 852303 995691 521879 709712 583678 240155 790004 912585 1077121 726707 247093 946278 103747 262993 588441 357595 817118 64568 342141 426580 655564 875949 763591 1200957 269708 819766 651704 882254 1028693 798860 909563 789540 61933 433965 485374 702269 1121054 420146 730652 29415 909909 587196 228153 276237 1043503 835180 834126 554920 959351 725239 415672 385436 1110229 604292 475081 320831 999544 693457 937325 805439 1023837 366618 164495 227249 192324 795284 690517 965921 786033 807887 575868 475116 385624 690218 570931 393849 561283 466298 541582 618904 677595 131658 812427 774308 329782 726071
439846 841456 756351 756250 404858 737208 946029 1118029 274479 1094760 999999999 443348 477890 606240 275732 131481 934682 463460 696609 1025210 859934 471305 74836 655623 849099 261191 1074197 833023 822738 955710 424961 1032357 775466 824066 574236 563638 810684 147698 1009873 422685 764889 246790 89648 775692 186261 742503 1151889 843614 934301 749713 110105 677000 710354 1123747 397448 884383 1092816 1006635 51686 481889 261654 836148 306198 457408 687841 733320 15479 801878 650354 966046 327859 468560 311873 473724 95505 728251 981597 881284 1219246 667431 827924 178944 475616 493749 696933 816322 923082 643404 557047 732828 535964 770876 554065 568480 425591 1067193 366341 379113 770665 598900
62635 480228 320635 606113 347037 293895 784031 687893 210095 666094 443348 999999999 287650 395896 186227 332080 658953 294134 454858 581981 723224 342274 414766 513695 419282 287099 635085 403588 585782 613182 215745 606727 334395 391193 202753 371616 669471 570434 567293 378898 404397 216191 395050 660824 270823 454404 719924 527841 642985 414340 496012 247300 393162 694203 298553 496057 649498 564279 394728 445876 204599 581195 433104 306616 250910 291393 458623 420903 297027 525772 484192 278786 291122 241181 362672 308795 576708 471245 777751 570445 481231 361941 394313 259901 297657 393740 488632 476057 116013 358636 112486 462934 136189 329014 26007 661034 314528 274482 362266 284857
347537 743783 412021 890387 594183 446741 1071002 866409 225653 849308 477890 287650 999999999 681403 247963 348542 941422 566074 742506 691509 1007903 63870 412513 794724 621142 217021 788672 608132 873008 878747 79046 800155 511410 457753 193941 97130 953865 625573 666648 626660 312885 261432 483939 941978 395464 265047 892025 805457 922955 284798 574769 475572 241241 873720 88979 441589 757390 661289 450092 699546 378067 867354 626485 575452 461419 470833 488842 361255 575682 609588 674332 553743 169062 48979 383340 542730 801961 698681 909124 846233 362289 504981 655220 41459 297062 427273 547886 759260 307617 624158 380772 744499 403742 615202 303026 879730 552658 522510 602338 149241
334298 302695 566919 210594 211049 488147 390692 664166 532364 638870 606240 395896 681403 999999999 497317 570315 328630 145380 91055 700638 327367 731688 628220 127426 452388 611704 670784 440461 218928 377385 605688 576199 466053 628136 576435 767501 273760 657947 704006 208009 749177 512561 518752 269291 442054 831938 700643 257739 330568 774506 581264 362818 764877 666947 676298 800019 751999 704952 558676 200326 384872 229980 361379 149097 395554 450694 619524 744779 199759 694796 388655 146123 640037 636303 579928 351221 482546 416678 816379 196978 826261 432207 160370 655619 625421 659605 697204 84613 432435 257077 333391 191667 319438 67370 378508 557220 241855 228284 343276 669635
209123 649677 483352 694444 364619 472421 883959 874031 35111 852303 275732 186227 247963 497317 999999999 151537 800610 361009 574892 758128 810851 272377 234349 592993 605506 115856 819280 589801 709800 778444 174996 792912 518380 549783 300011 344817 756890 416453 740831 395903 496993 30798 252432 736751 148660 495973 905885 681603 790223 487997 351690 433287 452737 880371 200351 612128 826216 737186 233510 469793 136156 712420 379004 365746 436911 474845 290063 530201 457829 694398 426454 354056 144280 224787 185503 493430 759909 654980 959883 633696 564849 258720 432727 247578 421742 540696 648848 564072 290603 530046 295046 611593 317396 438092 177100 844836 320240 298463 544777 336889
341372 768995 634819 746128 392822 622776 938411 1018063 144708 995691 131481 332080 348542 570315 151537 999999999 892040 425181 656665 909247 857469 347239 83064 643045 748622 134257 967165 732699 789106 891624 293532 934950 666409 700883 445177 437113 805272 278524 892231 418377 633629 121007 145299 776791 130271 612333 1050739 786188 886710 618243 227009 575545 579023 1024176 271588 753876 977278 888628 102555 487809 188679 797457 343803 423909 582269 623233 144173 671264 575160 845932 380626 424869 186612 342480 36104 632124 894179 790818 1109290 668897 696445 201591 466370 362770 568538 690369 799920 622563 441001 653632 434595 713908 455161 521248 318337 979748 348423 345525 679725 467426
606630 242220 690827 264966 536997 605499 253475 542886 834562 521879 934682 658953 941422 328630 800610 892040 999999999 471845 238081 689708 280174 999548 954157 320378 469077 916437 599051 467443 124010 164302 873953 477587 550751 728178 791947 1013733 269093 983130 706843 528427 914474 820604 847377 315327 766445 1027410 573625 144027 36643 952923 907872 501761 957673 541788 956931 921200 715618 710746 886695 496967 703762 100583 679296 477275 530224 562585 948063 891256 366033 725732 697816 468904 936673 892912 904489 447563 365656 379308 713649 361901 983360 760692 475870 908099 794264 773879 758718 309907 645517 333720 560984 196942 538587 370846 650026 397011 570261 555917 397340 888124
232258 401236 536808 333453 97170 470587 523318 734892 396068 709712 463460 294134 566074 145380 361009 425181 471845 999999999 233970 724532 450117 610761 483071 232573 490052 473027 722111 475439 364305 500463 487821 645206 469023 605132 492427 657550 396056 526037 721605 115698 684045 373300 377385 378265 296676 747420 771278 384193 470844 701211 447238 354725 684230 738921 549486 755392 783553 721168 414965 162469 241294 374536 250483 17113 383079 441538 477145 689855 234894 700303 289898 19433 505171 524373 434559 370264 567260 482522 871734 280160 762065 293382 106167 545454 565513 626814 688119 203288 363400 316361 270108 312297 266174 107360 271710 648962 108374 84361 385742 578718
396145 239859 577684 180940 301686 494210 332931 608604 609623 583678 696609 454858 742506 91055 574892 656665 238081 233970 999999999 673923 286130 796111 716843 143452 424702 690377 627325 415177 134909 293905 669392 523473 460298 632662 619649 824089 237188 748695 681192 296762 777266 592338 609444 249677 529683 871151 644561 174759 239541 807329 672224 370625 802496 610559 745358 814411 719484 682990 648647 279033 469435 140863 449916 239201 403628 453374 710019 766557 202761 679803 474446 232006 715395 695735 667761 342640 421919 371515 768119 214276 852582 523166 246668 713647 652780 669401 691324 107107 471696 230601 375386 118735 357212 137181 440844 490319 332874 317887 319429 715223
595022 462270 283659 846910 818993 288121 933481 241179 772235 240155 1025210 581981 691509 700638 758128 909247 689708 724532 673923 999999999 928173 751234 992279 813049 249594 831811 138567 260458 722507 533448 678219 239265 260697 234610 502762 696994 891326 1150374 31177 840230 442516 788907 974385 916713 850065 579263 247621 568572 653862 493433 1073855 374440 528487 248455 765557 357840 68193 38007 976694 875260 778534 692778 957815 741556 351980 297757 1040435 390022 504641 90893 1004483 705655 810950 654301 941857 355855 334997 315739 218776 885795 467918 928716 820018 650890 396533 273160 160832 770996 468675 445985 501452 572011 489744 659237 600979 352902 811425 768473 357777 551319
661439 466513 862064 117597 464746 777614 90868 812565 845838 790004 859934 723224 1007903 327367 810851 857469 280174 450117 286130 928173 999999999 1056698 899909 217909 686008 921374 856625 679420 206007 437161 931423 739310 738654 914425 900703 1094787 54202 866410 940156 440899 1063250 821713 770642 85638 727580 1154511 845236 362196 313603 1092614 802353 655529 1086388 812327 998356 1099061 964359 942923 820138 378054 685589 237412 561733 445193 688332 735916 870420 1052575 488581 947239 560033 458791 955110 963286 858728 621998 627483 612987 982218 192595 1138696 681904 391174 982811 938751 953071 966375 249104 754182 504270 656124 359589 639681 394518 705431 671097 509070 517230 589524 995085
399988 805461 473617 939103 631188 510310 1122195 929487 244175 912585 471305 342274 63870 731688 272377 347239 999548 610761 796111 751234 1056698 999999999 401377 841668 685009 213050 850785 672002 927890 940393 126732 863782 575178 516870 257025 95331 1002533 617730 725765 663293 357172 279239 489162 988506 413917 287095 954788 864948 981928 322907 573840 538707 277649 936825 76569 486292 816538 720261 449771 736895 407590 923431 649662 618995 525021 534684 480718 408477 634504 667956 695686 599628 160637 111551 379823 605908 865758 762365 969372 890364 397669 520956 695285 104909 355236 484137 604826 807622 370287 685330 440110 802797 463442 666319 355279 943599 588197 561175 665421 202645
421617 842692 717321 792210 437334 705835 983780 1099672 224903 1077121 74836 414766 412513 628220 234349 83064 954157 483071 716843 992279 899909 401377 999999999 689934 830152 195891 1049807 814186 846876 962520 365602 1016012 749156 782945 524348 494944 849109 216723 975166 459152 708020 203674 139235 817060 188339 677551 1132572 854268 950960 689746 184803 657071 649029 1105715 329171 830379 1060320 971533 84562 523789 257887 857568 359557 479526 664516 706058 80857 747650 649281 928590 387567 485254 244172 412761 53727 712596 972778 870113 1192219 708518 768126 221271 510282 431618 648086 771377 881929 673512 524065 729343 515839 781602 535915 583973 400397 1058440 395296 400174 758984 540338
451187 382586 693439 103140 252603 613608 295405 751547 627961 726707 655623 513695 794724 127426 592993 643045 320378 232573 143452 813049 217909 841668 689934 999999999 563458 703534 770492 552940 196372 420336 717339 666818 587981 753579 700474 883791 164137 680506 818768 232966 876207 603847 565989 147335 512801 956566 787375 306596 336079 900807 610020 488170 890095 753361 781751 927188 860595 820200 612792 183479 468133 223642 371919 227290 521121 575203 667215 872197 321963 813614 383198 242201 737264 751280 646436 471368 564230 514555 911569 72913 953418 476693 180156 771511 752620 786106 819771 43822 558238 367199 459146 260605 446090 192273 494192 630042 295334 300100 455942 792410
409682 228419 251375 599595 586747 181165 699640 269530 628306 247093 849099 419282 621142 452388 605506 748622 469077 490052 424702 249594 686008 685009 830152 563458 999999999 701456 233821 16085 482348 332182 580677 187657 113176 268799 431260 661114 646472 959121 256699 604757 481240 635348 785336 669481 664697 611474 302853 334613 435699 527385 879727 173090 545097 275570 674084 461183 299754 258756 798059 633203 589509 454971 733693 506664 169962 150537 864577 446159 260407 261682 777418 472062 695152 574810 776937 124405 185790 97865 383712 636202 539482 726477 579377 580339 378044 318249 289653 521471 328406 196508 314375 326818 295153 414841 430503 258917 585649 544807 109195 513559
320307 761491 549762 805761 466623 553722 996324 966960 82168 946278 261191 287099 217021 611704 115856 134257 916437 473027 690377 831811 921374 213050 195891 703534 701456 999999999 905229 686178 825269 891629 172607 888991 606548 610525 341794 303168 867667 408771 811641 496420 514935 99752 276788 845402 217362 482010 997375 796573 905845 494644 361150 532253 453429 973608 137356 639492 899909 807336 236812 569699 237101 828195 453430 476491 531502 562711 271882 556878 571109 760694 495920 467286 52598 217847 167601 595400 863657 758087 1040801 740548 573009 316893 537515 236027 465016 592784 708241 676303 375941 640907 399347 726933 422722 553413 283657 947720 421334 405207 649365 346544
634822 394910 377449 788344 819126 351932 850222 102629 838175 103747 1074197 635085 788672 670784 819280 967165 599051 722111 627325 138567 856625 850785 1049807 770492 233821 905229 999999999 249340 651538 436160 764457 122516 300922 346188 595246 806122 825584 1189195 169079 835938 567036 849859 1014323 856889 892036 705020 111976 494919 562439 618041 1110335 398797 649610 109888 855571 492697 126081 175799 1023815 859997 817567 619282 967271 738502 386372 344448 1089649 517040 489142 224071 1010554 704481 891026 747376 997438 357916 233412 255981 149934 841534 599732 958492 807708 747297 503328 391788 291847 731166 530419 415326 538564 514698 521798 641056 649977 227714 819227 778577 336652 657100
393635 225731 244280 591248 572007 171006 695011 285521 612767 262993 833023 403588 608132 440461 589801 732699 467443 475439 415177 260458 679420 672002 814186 552940 16085 686178 249340 999999999 476634 334359 566676 203189 103201 265776 419056 649540 639083 943082 266087 590329 474727 619599 769266 661122 648612 603689 318912 331013 434623 520217 863706 157154 536811 291529 660096 458887 312389 267815 781979 619654 573426 449942 718479 492106 154789 138278 848502 441053 246949 267826 762399 457348 680296 561555 760954 108644 196372 102985 399166 625771 534482 710535 565573 567451 369259 314524 292178 510683 313728 185741 298384 319877 279096 401615 414636 271603 570450 529462 97324 502536
528494 260546 673220 151403 420515 587515 221713 611692 744529 588441 822738 585782 873008 218928 709800 789106 124010 364305 134909 722507 206007 927890 846876 196372 482348 825269 651538 476634 999999999 245664 801188 535592 542703 720638 740866 952109 175153 864233 735026 409387 885439 727132 734329 212653 660981 987575 645381 156628 141906 919180 790223 470600 918175 611965 878828 909451 758366 737939 776082 374115 602864 34253 558391 367363 502284 544834 835630 869256 312115 744011 575151 364371 850168 825627 798828 428660 424598 407085 780037 241008 958485 646408 356143 842801 761828 762045 766422 187600 592276 309209 499413 159551 479339 271936 573067 474737 456517 446714 390215 837202
571516 134964 573583 396702 584382 491981 417656 378763 809907 357595 955710 613182 878747 377385 778444 891624 164302 500463 293905 533448 437161 940393 962520 420336 332182 891629 436160 334359 245664 999999999 819488 314122 429654 600135 709685 939896 416952 1026486 552799 584855 803357 802771 873483 457753 775312 926087 409961 119739 127779 846125 947645 409654 857211 377817 908696 793136 554951 557201 905087 572870 704854 211501 737914 510870 432119 450982 970222 773384 320634 577396 766004 491323 902971 829794 910029 345794 203012 235579 549487 478477 866764 792717 537636 841737 689628 648686 617304 394785 572003 255693 504039 188606 480040 393162 610612 234219 607922 582672 287500 802955
273297 684851 394641 813840 515175 414695 995974 835766 157903 817118 424961 215745 79046 605688 174996 293532 873953 487821 669392 678219 931423 126732 365602 717339 580677 172607 764457 566676 801188 819488 999999999 764457 475344 449574 176869 174932 877309 571950 655706 547666 342685 192735 420441 864473 323650 322958 863503 740621 857000 324819 515374 424641 285597 842845 93421 466892 745623 650888 391786 620512 300946 796936 550939 496924 414816 432760 437239 384298 509766 601685 599465 475849 137064 50327 329457 491651 756509 651638 892550 767946 403109 433700 576235 72718 296868 426843 545068 682496 255766 563846 316499 677432 340209 540021 228586 836912 473784 443464 550301 174737
594595 285155 404187 676504 742107 353502 729643 89686 815944 64568 1032357 606727 800155 576199 792912 934950 477587 645206 523473 239265 739310 863782 1016012 666818 187657 888991 122516 203189 535592 314122 764457 999999999 289413 393890 607258 831714 710510 1137287 265349 755472 619667 822635 965428 744038 846857 756447 126120 379606 440946 669457 1057312 359814 694967 93920 857642 566331 245573 271220 981001 771691 771365 502635 894793 660766 357513 331698 1047816 575089 410532 308009 935059 628914 881826 755224 962600 304145 112373 162846 245906 736207 664268 901947 722159 758881 535284 443958 366950 629524 514934 329500 500355 407136 480122 554927 617335 114120 747860 709775 265586 682059
338486 309749 143989 640958 561546 67998 764186 361596 537735 342141 775466 334395 511410 466053 518380 666409 550751 469023 460298 260697 738654 575178 749156 587981 113176 606548 300922 103201 542703 429654 475344 289413 999999999 178565 319749 548439 694112 895085 253988 584372 374349 548943 719288 709972 595679 501319 391064 408981 520137 418679 817419 114831 434027 368489 568396 370619 324857 253034 725630 624805 522465 519690 697578 486135 91421 43846 790870 343952 266504 232111 744696 449811 595614 466011 697004 117660 298909 205049 443826 660428 437234 669730 568497 470290 266234 223132 231835 544337 230655 234533 243095 383152 229760 415413 350117 371036 551828 508575 154368 400502
421933 486299 71415 813571 689480 140004 942274 437902 558669 426580 824066 391193 457753 628136 549783 700883 728178 605132 632662 234610 914425 516870 782945 753579 268799 610525 346188 265776 720638 600135 449574 393890 178565 999999999 272732 463259 868582 958353 208940 716358 225867 579978 784395 881763 660960 363224 456530 587183 696837 276011 885851 265431 304401 445588 534118 193465 299711 203538 778454 766737 595687 698095 808269 621904 232586 179344 838800 182282 432744 152414 858172 585747 584921 422174 735275 292666 442654 366635 453252 824883 274003 752492 709883 417504 161925 50804 99068 709761 275896 411670 342628 561161 340842 571121 414438 498276 670731 626780 332881 316746
261371 575887 220139 785929 549771 253817 952512 672507 300471 655564 574236 202753 193941 576435 300011 445177 791947 492427 619649 502762 900703 257025 524348 700474 431260 341794 595246 419056 740866 709685 176869 607258 319749 272732 999999999 232223 848229 716451 479544 581564 205609 327713 550105 845579 434234 256336 698102 650355 769190 211652 650689 300081 191806 679831 262840 312753 569782 474597 533472 647749 384325 729441 628822 506035 280103 280816 588055 231724 430156 424945 679847 475747 312851 152404 480921 365352 614764 513748 718678 762117 280571 538961 595142 152483 123860 251200 368406 660044 148593 461792 244691 597250 262510 509332 228123 690156 516897 477218 425044 96497
433401 805449 430554 977574 689475 481029 1155043 890939 321377 875949 563638 371616 97130 767501 344817 437113 1013733 657550 824089 696994 1094787 95331 494944 883791 661114 303168 806122 649540 952109 939896 174932 831714 548439 463259 232223 999999999 1040975 710697 669712 722027 278572 357178 576186 1031119 491739 193309 913649 874646 993151 238508 664120 531058 193067 898465 166190 405867 759939 663794 539532 794556 475128 944318 723546 667651 512187 511372 573577 332530 648054 610127 771265 644399 251775 133230 470763 597008 845757 745630 915732 937413 309597 600898 749143 112297 302879 424653 543774 847111 369744 688751 453990 817151 475609 700618 389737 919462 648480 617333 656809 149881
607588 432125 814695 63478 412896 730831 135419 786808 791895 763591 810684 669471 953865 273760 756890 805272 269093 396056 237188 891326 54202 1002533 849109 164137 646472 867667 825584 639083 175153 416952 877309 710510 694112 868582 848229 1040975 999999999 821880 902067 389965 1012993 767974 721201 50524 675219 1102533 820389 331018 299254 1041587 756097 607730 1034633 787030 944158 1051522 930022 904571 770025 329372 632163 208790 515326 391327 640690 689569 821478 1003455 439933 906707 516494 404615 901131 909349 807213 576869 599719 577642 955166 145545 1088810 632194 339389 928948 888512 906192 923350 194920 702178 460511 603831 319786 587817 341027 651508 648774 456872 463939 547200 942318
556609 922985 889147 774433 447011 862692 956079 1225023 419085 1200957 147698 570434 625573 657947 416453 278524 983130 526037 748695 1150374 866410 617730 216723 680506 959121 408771 1189195 943082 864233 1026486 571950 1137287 895085 958353 716451 710697 821880 999999999 1137007 454944 910358 389123 175998 780772 300339 890196 1259939 909595 988030 896439 80314 790434 857510 1230272 544565 1028151 1217180 1134196 183002 497487 372621 882663 308685 515852 805094 854446 137122 945924 739166 1096192 306695 535912 459076 621005 242852 835617 1076486 980615 1336704 676369 974529 237438 508092 641226 837913 953892 1056940 677693 686178 823419 652242 838153 667679 633327 549920 1161171 418867 444910 872168 745320
583291 475708 262088 856144 815071 274448 948187 271570 753843 269708 1009873 567293 666648 704006 740831 892231 706843 721605 681192 31177 940156 725765 975166 818768 256699 811641 169079 266087 735026 552799 655706 265349 253988 208940 479544 669712 902067 1137007 999999999 837219 412735 771554 961129 926022 836699 549129 278682 582498 671313 463568 1061139 368732 499191 278910 742023 326696 90775 6830 961865 874590 766064 705996 951344 738688 344293 288260 1025019 359884 506263 60802 998641 702545 789409 630392 925271 355724 356939 329877 246377 891645 437012 917814 818888 626285 370612 245222 130606 776270 452829 451671 491074 582310 480657 660221 587112 379392 805812 762522 362827 525012
321426 499676 647015 333867 32627 583801 524796 845055 429056 819766 422685 378898 626660 208009 395903 418377 528427 115698 296762 840230 440899 663293 459152 232966 604757 496420 835938 590329 409387 584855 547666 755472 584372 716358 581564 722027 389965 454944 837219 999999999 780238 399513 333043 358860 289879 831703 881570 465428 534639 792945 381037 469858 771861 848783 594997 859459 899137 836740 380465 73892 260880 427883 153380 98687 497636 556037 434250 790562 347131 815274 183288 134675 537012 589866 418032 485765 672562 592640 985268 250644 857872 243744 53694 612220 665674 735556 801420 223873 464090 425983 376467 397436 375663 202836 353915 752050 75674 105822 499290 661269
458921 678792 230617 952914 749119 311675 1104784 662029 491288 651704 764889 404397 312885 749177 496993 633629 914474 684045 777266 442516 1063250 357172 708020 876207 481240 514935 567036 474727 885439 803357 342685 619667 374349 225867 205609 278572 1012993 910358 412735 780238 999999999 522247 749340 1016799 637072 138057 678635 770511 886475 51052 848511 415664 89176 669728 401324 129180 499670 406248 727930 843506 589689 868246 834145 698835 385266 353639 777802 55240 576151 351940 885209 666189 474386 297797 669732 466963 662729 577712 657559 942268 78031 743325 789135 282237 124500 176589 282254 833789 321461 582554 419095 730587 430305 684171 430294 722627 718591 677632 519856 168524
235955 675059 513813 706023 369068 503209 896582 904084 35807 882254 246790 216191 261432 512561 30798 121007 820604 373300 592338 788907 821713 279239 203674 603847 635348 99752 849859 619599 727132 802771 192735 822635 548943 579978 327713 357178 767974 389123 771554 399513 522247 999999999 228861 746059 134980 515544 936065 704061 811223 511378 326476 462883 474911 910390 204480 639028 856999 767892 206167 473180 138821 730938 370555 376754 467051 505446 260888 556828 482415 724963 416469 367759 137605 243046 155374 522418 788267 683562 990622 641633 588745 243720 439089 265345 450156 570230 679031 576567 321385 556099 323919 633441 345943 455199 205960 873350 324017 306047 573103 359926
380807 762644 714691 666615 315539 686765 856516 1052495 262677 1028693 89648 395050 483939 518752 252432 145299 847377 377385 609444 974385 770642 489162 139235 565989 785336 276788 1014323 769266 734329 873483 420441 965428 719288 784395 550105 576186 721201 175998 961129 333043 749340 228861 999999999 686584 124439 743312 1087075 759811 847909 740020 101609 615543 703771 1057916 412764 862853 1041182 958360 54762 392671 196945 748404 221050 370440 629525 678512 101535 781443 574023 920773 248460 383674 329362 470708 120649 662469 908958 810844 1161406 578223 817137 89299 386017 492511 669284 781798 882671 554102 510976 657580 476638 687245 492548 483509 374139 994219 277821 293124 701264 588648
598373 462059 825250 69886 384107 742744 175866 822515 771527 798860 775692 660824 941978 269291 736751 776791 315327 378265 249677 916713 85638 988506 817060 147335 669481 845402 856889 661122 212653 457753 864473 744038 709972 881763 845579 1031119 50524 780772 926022 358860 1016799 746059 686584 999999999 647394 1101219 856690 364914 343913 1043284 716879 618207 1034149 823077 927732 1061243 957974 928214 736615 293942 608651 246892 476354 371567 651322 702419 785972 1009977 449766 927660 474414 388879 880949 898613 776860 592316 634463 605676 989553 108549 1093411 598123 310733 918842 892604 917443 940850 185639 701634 478898 602637 345143 588204 336249 641489 687251 428985 440229 567057 938308
257463 657732 590944 615900 263290 562357 808185 933034 170619 909563 186261 270823 395464 442054 148660 130271 766445 296676 529683 850065 727580 413917 188339 512801 664697 217362 892036 648612 660981 775312 323650 846857 595679 660960 434234 491739 675219 300339 836699 289879 637072 134980 124439 647394 999999999 643948 967191 666141 762763 632001 225193 493594 598569 938645 338536 746313 916954 833923 134604 360829 75527 670535 237152 294526 506411 554585 201615 665914 465446 796429 281910 297725 265074 373419 138087 542945 795373 695062 1038484 539834 707670 110067 336716 396233 550516 659783 758979 492443 386817 547291 353623 593431 370433 395896 249706 880985 218546 215695 584523 482076
515323 797608 360303 1040662 799406 435501 1203050 800044 480861 789540 742503 454404 265047 831938 495973 612333 1027410 747420 871151 579263 1154511 287095 677551 956566 611474 482010 705020 603689 987575 926087 322958 756447 501319 363224 256336 193309 1102533 890196 549129 831703 138057 515544 743312 1101219 643948 999999999 816666 883629 1001430 87272 837158 525687 69752 807743 350444 240812 634697 542550 712859 900015 610677 973375 862029 760533 498141 475352 753685 189250 675479 488444 912105 731153 433765 272644 647558 583255 795228 706281 792541 1018453 128907 753785 848710 250847 236497 314478 418530 915850 400359 693690 498885 837623 514832 765040 478501 857782 763596 726185 639355 170517
712528 404801 483403 790630 868207 448818 827043 36579 927079 61933 1151889 719924 892025 700643 905885 1050739 573625 771278 644561 247621 845236 954788 1132572 787375 302853 997375 111976 318912 645381 409961 863503 126120 391064 456530 698102 913649 820389 1259939 278682 881570 678635 936065 1087075 856690 967191 816666 999999999 492151 537398 729603 1180173 475659 760580 34015 955687 604116 218386 285492 1100787 897101 891870 611599 1020727 786866 469018 434829 1167366 628917 536532 335393 1061148 754919 986480 849352 1079481 424608 223701 288963 142152 855522 711660 1025480 847960 850569 611460 502961 403653 751267 621452 455611 617060 526812 598006 680816 732406 177174 873633 835243 390070 764094
479749 106966 547680 298482 465729 462116 365952 457717 714413 433965 843614 527841 805457 257739 681603 786188 144027 384193 174759 568572 362196 864948 854268 306596 334613 796573 494919 331013 156628 119739 740621 379606 408981 587183 650355 874646 331018 909595 582498 465428 770511 704061 759811 364914 666141 883629 492151 999999999 118835 808902 831234 357942 813909 458423 826328 779580 602469 585749 793564 453418 597936 124908 618626 393761 386212 419125 857862 747822 230987 595333 646302 376298 812438 756645 802545 303693 269549 252880 624762 369275 839703 677405 417925 770863 650246 631961 623168 277883 505247 190079 424863 72782 401721 276928 521561 326344 490730 467444 254822 746217
592579 210558 661288 289709 541056 576366 289885 506482 823756 485374 934301 642985 922955 330568 790223 886710 36643 470844 239541 653862 313603 981928 950960 336079 435699 905845 562439 434623 141906 127779 857000 440946 520137 696837 769190 993151 299254 988030 671313 534639 886475 811223 847909 343913 762763 1001430 537398 118835 999999999 925793 911750 475902 931756 505449 941479 890116 679224 675290 885580 507860 698066 112438 686889 477510 503469 533623 947975 861976 347425 691063 707830 466414 924232 874239 900524 419635 329037 344674 677230 382861 954435 762292 482999 888805 767251 743109 725177 321167 623933 308498 542184 180267 519314 367043 635327 360987 572216 555199 367679 865038
472016 719650 276035 980687 761260 354230 1137109 712804 478788 702269 749713 414340 284798 774506 487997 618243 952923 701211 807329 493433 1092614 322907 689746 900807 527385 494644 618041 520217 919180 846125 324819 669457 418679 276011 211652 238508 1041587 896439 463568 792945 51052 511378 740020 1043284 632001 87272 729603 808902 925793 999999999 837597 451888 45534 720502 373767 168309 550160 457057 715235 858390 589680 903252 837830 715373 422710 395264 762056 104448 608093 402786 888661 683936 451084 276991 654221 506288 710143 623099 708069 965275 78382 740090 805100 258837 158669 227212 333020 859010 342786 619767 441761 766239 455115 708539 439771 771472 728537 688822 560805 151491
479194 843069 816022 706284 370926 786693 891087 1145176 358868 1121054 110105 496012 574769 581264 351690 227009 907872 447238 672224 1073855 802353 573840 184803 610020 879727 361150 1110335 863706 790223 947645 515374 1057312 817419 885851 650689 664120 756097 80314 1061139 381037 848511 326476 101609 716879 225193 837158 1180173 831234 911750 837597 999999999 711720 800299 1150385 498505 963342 1140361 1058480 124713 428433 295339 807607 240777 437537 727062 777212 107679 881677 658871 1021506 247915 456624 413259 565314 194102 756034 996172 900396 1258184 610688 915140 157178 434598 586517 770460 883405 984035 604755 612010 743115 574363 759524 589244 554596 474638 1080860 340802 365439 792088 686107
237180 276344 207133 550852 446764 125440 691174 442601 457170 420146 677000 247300 475572 362818 433287 575545 501761 354725 370625 374440 655529 538707 657071 488170 173090 532253 398797 157154 470600 409654 424641 359814 114831 265431 300081 531058 607730 790434 368732 469858 415664 462883 615543 618207 493594 525687 475659 357942 475902 451888 711720 999999999 455968 448659 517389 443794 437154 367848 626196 511975 418877 452640 583375 371837 33122 88867 692477 398854 168445 345596 630181 335441 529711 427163 603885 67226 333631 228039 546511 559468 487938 561071 455402 436773 293336 299242 337511 444356 169108 168090 141406 314925 123161 307356 257558 416361 437207 394097 126780 393516
452886 728272 294800 972995 739811 367584 1134073 742296 441540 730652 710354 393162 241241 764877 452737 579023 957673 684230 802496 528487 1086388 277649 649029 890095 545097 453429 649610 536811 918175 857211 285597 694967 434027 304401 191806 193067 1034633 857510 499191 771861 89176 474911 703771 1034149 598569 69752 760580 813909 931756 45534 800299 455968 999999999 749981 330067 213153 587095 492813 677190 838940 559748 903782 809708 697789 428557 406847 722404 144415 606124 438430 860267 667540 408724 236678 614863 513831 729680 639074 744842 952872 121118 707516 786718 217425 168129 257865 369211 849020 332633 623953 431521 767923 446817 698205 417949 794136 705433 666855 570216 116640
684944 370790 467926 756884 835753 428440 795261 7699 902267 29415 1123747 694203 873720 666947 880371 1024176 541788 738921 610559 248455 812327 936825 1105715 753361 275570 973608 109888 291529 611965 377817 842845 93920 368489 445588 679831 898465 787030 1230272 278910 848783 669728 910390 1057916 823077 938645 807743 34015 458423 505449 720502 1150385 448659 749981 999999999 935445 600850 228286 285608 1072521 863676 863227 578245 988635 754412 443555 411996 1139219 621296 504353 332832 1028724 722715 964025 830276 1052477 395715 189740 256411 172179 821517 706112 995297 814767 832272 597383 493320 399392 717281 597987 422939 589904 492797 570362 647718 705981 146696 841762 803690 359193 748648
351103 774459 482829 880947 563276 507061 1066821 928324 170125 909909 397448 298553 88979 676298 200351 271588 956931 549486 745358 765557 998356 76569 329171 781751 674084 137356 855571 660096 878828 908696 93421 857642 568396 534118 262840 166190 944158 544565 742023 594997 401324 204480 412764 927732 338536 350444 955687 826328 941479 373767 498505 517389 330067 935445 999999999 529682 832429 736961 374136 668840 336463 876627 574980 556536 508112 525969 407445 448747 595402 686528 620444 539687 85590 112195 304795 584254 849713 744719 981393 827406 451161 444873 629399 121162 376429 507335 627244 749460 348805 653046 404693 761340 428665 612442 307103 930282 519486 494841 642603 235522
543367 679558 237013 994401 829823 322112 1131121 593259 609908 587196 884383 496057 441589 800019 612128 753876 921200 755392 814411 357840 1099061 486292 830379 927188 461183 639492 492697 458887 909451 793136 466892 566331 370619 193465 312753 405867 1051522 1028151 326696 859459 129180 639028 862853 1061243 746313 240812 604116 779580 890116 168309 963342 443794 213153 600850 529682 999999999 405477 319876 845178 917584 692717 888197 929093 771289 410843 364631 897773 82734 611935 268724 980151 736579 600840 424055 789918 480896 628862 558746 561589 996611 115251 849302 861559 409715 198529 147766 201599 883674 395762 600358 485286 750503 490928 738640 521919 676603 803832 761110 524820 295099
