NAME : synthetic_000479
TYPE : CTSP-D
DIMENSION : 100
GROUPS : 8
RELAXATION_LEVEL : 1
EDGE_WEIGHT_TYPE : EXPLICIT
EDGE_WEIGHT_FORMAT : FULL_MATRIX
EDGE_WEIGHT_SECTION
999999999 343996 353690 176490 136320 461602 820045 349815 60462 280952 505384 353732 79537 342548 861602 605700 558512 409711 459517 110751 624674 234915 549253 513436 188843 279177 725734 600804 375483 38249 584510 690711 348378 230623 302213 289048 448941 90137 601780 652290 634431 474889 222818 100894 256373 547024 454147 447961 570442 606705 582761 285245 470450 166659 412212 66537 380771 508325 470947 573954 414970 548261 157034 191012 316777 677317 318114 518421 343720 602478 385856 310442 368671 640292 707463 604095 547496 291606 404864 552197 376882 682099 288375 586679 350973 511586 347254 263983 345914 550786 617449 293129 79307 535337 553187 335170 276899 390520 325250 494644
343996 999999999 511149 517145 462354 799844 958348 669050 303880 482478 797447 592979 286966 626180 1013025 949300 760202 753247 803503 438906 734742 488185 528585 408473 441237 529179 514119 683183 268502 307565 759780 571840 682130 562117 614384 625860 752910 271071 342695 574622 460738 447529 122249 287162 333516 708839 385776 769619 785547 533257 923671 97087 452980 279967 363349 327411 116553 517281 763370 325656 563113 754556 421279 199344 85631 671165 270531 726429 270258 483571 173127 387081 406406 569005 910000 359097 491378 479644 232237 892626 388943 882629 617612 398162 686501 853859 541496 92782 246886 852732 718783 172592 419075 306659 708592 344036 460032 734511 608234 215569
353690 511149 999999999 343238 287693 626818 473733 598237 401134 629430 355745 136093 412549 223372 520879 697322 249256 501496 556088 295505 270984 572028 278776 342947 176550 139576 590955 251699 680229 369094 251942 469375 382696 316372 279080 505107 343298 322743 557228 402484 484038 245963 442092 438186 600869 204851 282321 398895 276373 365923 604787 414165 233803 251210 253166 418141 455836 225880 329210 526643 61747 244235 502142 324336 543991 365448 635767 217119 283393 407146 643431 133045 155605 387848 399008 542193 311480 65009 377640 575117 718724 371664 529491 468968 554159 638040 54955 423521 308244 418898 264214 572621 328113 482293 207897 672619 76915 509165 627637 515260
176490 517145 343238 999999999 69883 315914 757048 255627 230503 339864 357899 275370 250572 221508 788494 440165 475730 237617 290456 84314 594639 268431 600179 606520 177508 215184 841584 589987 535833 214695 517230 770895 173845 65944 154606 165250 294991 248505 741619 717681 741525 540834 397692 265711 390804 493405 541807 279752 476757 674901 406901 448885 532592 285338 500124 220391 539422 550909 325391 711893 394347 463313 226019 342444 493264 705998 474439 435811 458200 690649 559264 367544 427271 703972 611445 739073 615175 280493 537992 376114 506157 589123 186519 703231 221021 352766 310406 432227 468703 393671 593479 465126 98278 669806 503054 473263 276472 223547 291398 646819
136320 462354 287693 69883 999999999 385747 724428 318857 196197 359356 370117 243043 215709 212341 760205 506021 449447 301076 355491 25593 548896 293854 535033 537040 114045 173397 771706 538322 510681 173062 484547 702685 219785 99764 165950 232287 312733 191288 673354 651001 671690 473359 346348 235613 380061 454950 472479 313289 455768 607731 463178 388359 465516 217574 430673 194529 476130 486785 335876 643447 342923 437904 235158 279336 446817 645452 451956 408945 388567 621615 521117 299680 359851 637469 592725 670247 547844 223133 469469 431809 499475 568748 249563 633393 289852 421049 262096 374328 399509 414515 545782 429113 62504 601056 463393 461665 216230 290281 339945 581090
461602 799844 626818 315914 385747 999999999 946496 162380 495964 429752 447545 517037 513202 428073 960554 173126 668319 144735 115598 398407 836805 369130 900358 920307 485143 487270 1157397 850386 735393 494910 724930 1079749 257930 314878 353887 173984 390409 548253 1054584 1021611 1056776 848496 677670 516299 567512 720784 855171 321597 652509 980702 243793 746845 839157 599013 813995 473230 841933 848781 433344 1025317 664833 654844 399890 647983 756100 990406 672790 635585 773995 1002654 795478 677759 735775 1007419 762983 1053293 921872 572035 851890 231578 649364 748858 186933 1019138 114235 73996 581096 724967 783892 436509 841699 702715 398936 983945 733144 637989 573646 122281 272649 954096
820045 958348 473733 757048 724428 946496 999999999 984196 871708 1083261 506142 482745 884419 544197 62047 934411 284637 801763 840206 740649 224723 1018094 485295 633594 632203 551253 808890 284297 1152272 839716 240160 619452 695868 703816 623082 889576 556943 796441 876458 544713 724211 542141 908513 909996 1072617 273021 611264 628523 294602 549005 801490 863052 531656 722448 614031 886150 876596 467121 514537 852421 412649 297865 957231 789732 1005145 397705 1109269 322903 694182 629897 1107192 575597 552246 535522 199239 850885 543082 530465 767463 784199 1191451 204050 923364 751007 918786 922764 472791 879416 719919 538866 242663 1042765 778611 817374 267286 1145877 547268 827290 1045821 893117
349815 669050 598237 255627 318857 162380 984196 999999999 369856 267552 516869 515881 384277 440989 1007760 335502 699603 233766 242359 321505 841314 209782 853889 848268 431884 465658 1072232 841942 578471 376737 749152 1018710 297523 288683 361583 95737 451963 439948 951464 969318 977226 791089 548801 381892 410306 733340 785136 397535 692138 925633 389151 628530 783675 507352 742829 343582 725805 805439 493520 923756 647269 686338 252412 540763 616346 961624 516731 662125 687141 935091 645627 617364 677865 955919 817381 953888 865633 536024 754164 369746 487491 798937 69344 932867 78119 235234 562402 602975 692391 524523 842082 555259 306818 885057 744226 477832 532033 197503 111887 841840
60462 303880 401134 230503 196197 495964 871708 369856 999999999 252215 565746 411351 20081 402892 914837 647726 614675 457360 504771 170725 671298 220689 575296 524285 244188 336747 722833 643419 315032 32056 638299 703892 404057 288149 362139 321981 508929 95490 587249 671594 636845 497369 181746 40778 201131 598941 468764 506084 627842 625674 633314 259058 494403 185349 428003 28732 356531 537906 531333 560960 462850 604763 141460 183164 266403 708409 257791 574841 349855 613705 328841 342042 397108 660387 764561 592443 567715 341392 398301 603254 320980 738917 314732 585241 382707 550903 399660 233128 347484 610683 662850 235062 136838 525024 604439 277660 325284 435416 326778 473377
280952 482478 629430 339864 359356 429752 1083261 267552 252215 999999999 691631 602369 252489 560631 1119560 602741 808406 469534 495116 342643 899204 74358 826621 774455 455571 532044 960268 879476 324232 279455 843680 954524 481067 403898 493607 293930 626341 347689 809540 923754 880678 749411 379967 233081 163159 812272 720384 594076 813018 877823 642933 476899 746189 437208 679939 226130 570014 787687 660854 786459 689461 796648 127356 428522 410236 957457 267289 767949 599011 863716 409635 590264 647208 912593 949122 819420 819931 565327 636561 619244 220236 925949 260795 825786 328670 501793 614941 445202 594007 718678 893520 331417 305183 755467 819989 215508 552694 435464 163023 686613
505384 797447 355745 357899 370117 447545 506142 516869 565746 691631 999999999 224363 584890 171355 514904 430843 247903 304494 336704 395301 444221 617805 611868 697797 356268 271605 944507 481241 880663 540467 309755 807109 220805 291955 205866 431163 66184 539556 909744 732594 837740 597296 695136 605580 746218 326796 638027 125990 221373 703480 303533 707945 584453 518587 608274 564468 775052 560439 34655 878861 351961 235709 583676 598458 800764 649375 822051 228249 624245 756081 884338 476746 510730 717966 316276 896215 655581 344961 719913 282204 863308 304057 468883 824697 442395 417540 302213 704708 646304 63189 456223 795124 431848 834147 340253 828562 361296 334788 602860 854486
353732 592979 136093 275370 243043 517037 482745 515881 411351 602369 224363 999999999 427499 92748 517220 570027 206883 382462 434672 261320 325894 535795 409849 478483 168916 74612 726795 333542 718079 380903 242589 603045 262349 227670 163325 420166 207259 357452 685443 533571 619892 381992 502939 451881 610015 218690 416827 263988 216715 499122 471163 499187 369737 314053 385257 419907 558009 356857 195474 654541 152778 195789 477850 394662 609154 478187 665667 166385 400666 543056 701539 252399 288098 518838 353823 672215 446257 121655 496397 442114 730551 328720 450559 603042 460100 518832 81138 500812 423308 286903 327988 619648 300409 609812 228954 688702 139239 395665 566223 631945
79537 286966 412549 250572 215709 513202 884419 384277 20081 252489 584890 427499 999999999 421279 928297 666254 629820 476818 523883 190183 681899 226688 578183 522085 259528 352965 715768 652401 296216 46613 652186 702083 424138 308159 381653 339287 528416 98519 576845 671927 631612 499211 165241 25637 188358 611962 468009 526061 643699 625978 653054 246416 496768 188572 427808 40728 343899 542148 550435 551071 474294 620104 148788 177600 247164 712882 239789 590157 346859 611408 308760 347763 401422 661014 780177 582897 568579 353959 390921 623051 307201 754375 330767 578884 399622 569017 413198 219265 343005 630223 672947 215008 156769 516036 617147 262786 337339 454522 336597 461230
342548 626180 223372 221508 212341 428073 544197 440989 402892 560631 171355 92748 421279 999999999 571277 477390 259752 290913 342388 235904 409429 489858 500723 560751 184950 105748 809357 422955 717386 375636 308194 692658 171190 161746 79492 345809 132309 369423 755768 624565 702747 468156 524208 443441 592326 295619 497354 176867 256756 589032 381441 537288 456360 347809 462860 405112 607017 447679 137190 724724 245498 246723 442113 427354 630080 570781 660658 221430 464994 629473 715365 324094 367783 609858 390167 744753 534841 191409 559754 351752 711816 368315 379186 681688 379409 426857 169571 533471 485342 227560 413722 627629 274730 679937 307380 673728 204157 306014 503138 691491
861602 1013025 520879 788494 760205 960554 62047 1007760 914837 1119560 514904 517220 928297 571277 999999999 937263 312769 816109 851435 777714 282508 1052760 546641 694643 672912 588226 870838 344155 1200986 882991 277244 681220 715031 732571 648887 914192 570197 842623 937919 606686 786239 602035 959444 953762 1115968 316877 671003 639794 315752 611024 802108 917186 591314 771354 672535 928014 933669 527259 527218 913681 460788 325295 994559 840671 1057575 459487 1156418 352756 750846 691884 1159154 628254 607803 597543 199014 912476 604574 574897 825962 786941 1235487 211713 948997 812745 939900 932334 515186 932550 776741 541049 301364 1092510 816298 878288 312991 1190636 592435 843455 1074407 952823
605700 949300 697322 440165 506021 173126 934411 335502 647726 602741 430843 570027 666254 477390 937263 999999999 675884 206431 150760 524189 864518 540837 976094 1018904 586558 562025 1263660 890833 904498 641737 736919 1164976 316669 416055 419824 332460 392312 686673 1178185 1099791 1159450 935817 827377 672682 737307 745434 953595 319724 651781 1062409 137707 887547 925014 723508 914548 627775 979366 923160 430060 1147952 722794 663044 565776 782516 912723 1046706 841475 650500 889010 1095426 959245 773810 827326 1085165 738936 1173672 1006100 652695 974134 150374 822069 730560 353441 1128463 279941 101729 645456 868837 902496 396331 873483 865305 534390 1104869 758690 809520 659082 216728 445435 1086784
558512 760202 249256 475730 449447 668319 284637 699603 614675 808406 247903 206883 629820 259752 312769 675884 999999999 524187 566771 468177 200313 740695 419008 538262 370487 280236 769330 247837 914615 583506 61931 607170 413812 420269 338463 604938 285326 552080 776001 528291 666447 432540 685890 654750 814800 92836 490511 358636 37569 508517 551294 663299 419314 493229 473842 624983 702937 374669 245894 746909 203642 13493 684515 570174 789852 421267 865080 40515 525212 575203 887333 379149 383986 514470 152238 756470 472417 286818 615713 529068 935215 125481 638808 669135 634888 651183 223390 671742 551024 297652 215124 811368 507292 704566 104822 892313 306214 547378 762343 752828
409711 753247 501496 237617 301076 144735 801763 233766 457360 469534 304494 382462 476818 290913 816109 206431 524187 999999999 56265 320510 696500 398012 779305 814645 380623 363126 1058253 713622 739024 447101 581428 964941 120148 209624 222663 175610 245915 486046 971960 902333 954561 734477 632519 486921 577520 579341 749244 178658 507854 863441 179655 686498 724130 518055 709675 440880 776503 726771 288925 941672 533639 510731 400128 579465 723710 860016 675661 492140 682582 892807 780106 569498 624337 887850 618912 967273 806037 452310 767931 152340 677614 604397 210235 922530 155745 136757 452229 669593 696117 299325 702413 685216 334574 898509 591942 656090 457102 36306 338470 882146
459517 803503 556088 290456 355491 115598 840206 242359 504771 495116 336704 434672 523883 342388 851435 150760 566771 56265 999999999 374128 744276 426284 834297 870871 436853 418270 1114512 763857 777540 496366 625382 1020602 173533 265564 277009 204773 283458 538167 1027428 957503 1010823 790316 682158 532474 613409 626256 805474 211846 548079 918890 148182 738950 779890 572873 765933 486760 829874 781655 325670 997205 586638 553415 437148 632873 771046 912784 714119 536470 738491 948860 823714 625714 680407 942987 652971 1022991 861673 507866 823376 127387 708526 640120 234610 978736 168519 85230 506121 721195 751800 321821 751015 729010 386091 954154 639081 690042 512967 69360 352674 936485
110751 438906 295505 84314 25593 398407 740649 321505 170725 342643 395301 261320 190183 235904 777714 524189 468177 320510 374128 999999999 560500 279531 534080 529050 119151 189582 760506 547080 485389 147483 501273 697432 243649 123763 191474 239038 338234 168087 657545 648057 661775 469641 322026 210298 356528 469804 465083 338627 475830 604197 485458 366778 462392 201249 422962 169763 455993 486998 360994 627911 352660 456910 216852 258956 421852 648377 426900 427666 375908 614788 495586 295990 356576 634768 613003 655338 544181 230513 454099 454216 476311 588680 252727 621702 298489 437021 274098 351721 385489 440048 556502 403525 39519 586028 477767 437824 221604 307718 333993 562633
624674 734742 270984 594639 548896 836805 224723 841314 671298 899204 444221 325894 681899 409429 282508 864518 200313 696500 744276 560500 999999999 839632 274311 418100 443885 379519 618194 67594 937187 639326 140376 438847 578929 552661 486833 745688 472465 589040 663224 359400 523819 321228 690134 707498 869783 119091 389676 544796 234530 351476 745283 640087 310012 509297 390037 688964 651875 247575 437007 637499 209958 210818 771850 571840 784127 231344 897497 216169 469509 428596 886675 355847 328339 347320 259153 639173 332843 334069 543456 721230 986256 238606 775175 541943 785806 829505 286805 657657 495213 497027 21543 826078 595521 600187 105836 939231 347827 714533 885502 671133
234915 488185 572028 268431 293854 369130 1018094 209782 220689 74358 617805 535795 226688 489858 1052760 540837 740695 398012 426284 279531 839632 999999999 784087 743635 396096 467251 942457 823444 368906 242503 778050 922544 406709 331475 421158 222852 552377 313021 800785 886603 857506 709663 375698 213264 200886 748700 686419 519724 743905 840892 573370 467669 705345 399232 644945 192201 563960 742512 587277 775876 630826 728683 79681 403582 424414 910587 307647 700360 570089 833037 441045 544634 603379 874782 879377 808112 781942 507250 617606 548817 282744 856640 191839 805440 262678 439212 553580 437786 568170 644363 835040 354409 244212 741924 756956 268861 496015 364637 121905 681699
549253 528585 278776 600179 535033 900358 485295 853889 575296 826621 611868 409849 578183 500723 546641 976094 419008 779305 834297 534080 274311 784087 999999999 149124 422679 416190 351295 207050 771501 547175 378071 195265 661153 586020 557453 765425 612470 480163 391330 123847 251638 83342 523112 601226 749813 328569 143720 673538 456341 91772 881006 445849 82369 389997 167335 600551 425489 53044 591042 367140 261499 423087 706093 419230 596067 143463 746399 410107 263494 157570 697232 240686 180863 109156 524628 366248 58569 328458 305738 851918 852942 500754 784584 267840 819397 915478 331242 472170 283626 673916 252996 658675 556356 332969 318970 803594 327064 785211 863507 416036
513436 408473 342947 606520 537040 920307 633594 848268 524285 774455 697797 478483 522085 560751 694643 1018904 538262 814645 870871 529050 418100 743635 149124 999999999 436102 461563 248638 352159 667207 501147 506413 180218 702991 608597 601752 768039 685625 430614 245251 166390 142027 105746 429829 541696 673311 453773 65422 737612 574201 125055 939471 339347 119009 346841 106403 552149 296579 171586 672048 219483 351307 539816 663956 346966 484619 276308 651519 521626 175707 89427 581285 245170 193398 160552 658814 222074 94593 370806 176399 908811 764848 633552 780541 130954 826762 946757 397623 369901 184583 760981 397301 557427 541575 183932 446331 715763 361543 813943 838384 269531
188843 441237 176550 177508 114045 485143 632203 431884 244188 455571 356268 168916 259528 184950 672912 586558 370487 380623 436853 119151 443885 396096 422679 436102 999999999 95323 677785 428240 549214 213093 395739 595364 275751 172604 184754 342758 313134 189977 597037 540483 574690 364502 341002 284320 444594 359375 370750 339240 384308 498077 521690 353117 355831 163852 330226 255361 427018 373637 322137 566275 234730 360625 328286 242600 447308 531408 496854 330690 304641 517531 536132 192621 251172 526691 520653 590132 438564 111546 394525 490110 564884 494859 362542 541935 397549 510937 160052 348546 320690 411812 438954 452018 151897 522245 366163 521832 102650 378071 452614 519242
279177 529179 139576 215184 173397 487270 551253 465658 336747 532044 271605 74612 352965 105748 588226 562025 280236 363126 418270 189582 379519 467251 416190 461563 95323 999999999 709523 376302 644345 306359 311697 603008 245666 179079 142201 370966 237971 285083 650527 539245 603462 374065 433905 377293 535507 281698 397144 279046 291275 500789 477948 437661 363082 249223 360952 345422 503515 363732 238795 619482 182026 269562 406417 329865 540310 503971 591424 239882 359309 534461 630695 220581 268218 524744 428296 639998 444098 91143 454007 447249 656037 403032 398038 579472 417175 499326 96903 436472 379595 330787 378340 547251 228077 574723 290416 614095 100634 369755 506040 585976
725734 514119 590955 841584 771706 1157397 808890 1072232 722833 960268 944507 726795 715768 809357 870838 1263660 769330 1058253 1114512 760506 618194 942457 351295 248638 677785 709523 999999999 550896 780678 705663 729343 191631 948934 850095 848744 998258 934026 636863 182066 264217 106917 347346 585114 730541 833397 679696 312392 986207 806424 266802 1187445 486196 360324 565002 349593 751564 402437 394937 919564 190538 594647 772724 864049 539854 599727 411833 783975 757760 385532 194143 675665 490854 441742 274001 874050 158503 296952 619066 324863 1156646 902397 850861 1006661 139368 1058694 1188224 645789 518891 380085 1007619 596664 685588 767172 208821 670245 856312 609142 1055421 1048207 302651
600804 683183 251699 589987 538322 850386 284297 841942 643419 879476 481241 333542 652401 422955 344155 890833 247837 713622 763857 547080 67594 823444 207050 352159 428240 376302 550896 999999999 895957 611818 193217 373140 594141 554293 496865 747059 501860 556783 596956 293484 456225 257912 646600 677771 838614 156939 326979 572282 284417 284111 777071 590207 247359 472896 330759 663116 595470 183133 469808 571640 195797 256283 752461 529692 736860 173555 859356 254874 414820 361005 839757 314097 278519 281041 324675 572571 265616 316695 483959 751445 952815 302966 774292 474847 791178 848841 279780 609804 439973 537630 46096 783716 579752 535049 143922 904945 327443 728676 877946 608837
375483 268502 680229 535833 510681 735393 1152272 578471 315032 324232 880663 718079 296216 717386 1200986 904498 914615 739024 777540 485389 937187 368906 771501 667207 549214 644345 780678 895957 999999999 341783 929897 837042 708308 598175 676315 574552 823047 362550 604671 833237 729090 688221 250695 275091 168181 884941 634407 815466 931842 789881 918678 328584 690906 429843 604414 317374 384588 750274 846298 590696 740258 905940 340477 366268 184745 914787 63426 876069 508301 747172 112294 582302 620510 826177 1066552 623702 742436 629823 494248 890815 140774 1040060 551066 666624 624579 802899 692461 299946 490104 924475 924638 113215 449674 574601 888090 114081 611176 710381 484247 478780
38249 307565 369094 214695 173062 494910 839716 376737 32056 279455 540467 380903 46613 375636 882991 641737 583506 447101 496366 147483 639326 242503 547175 501147 213093 306359 705663 611818 341783 999999999 606564 680089 386579 268576 338517 321442 485025 70561 575605 645629 617249 470205 185821 71246 233006 566990 444151 485587 597159 599778 620738 253193 466793 158080 402896 53428 349845 508797 505928 548488 430806 573714 162837 166513 278574 679041 286123 543774 328141 590542 348242 312162 368103 634153 733703 579330 541350 309364 382330 590235 352640 707950 317976 567265 383057 546710 367804 230109 327660 586970 630964 256069 117490 511147 572440 308859 293229 427219 342554 465224
584510 759780 251942 517230 484547 724930 240160 749152 638299 843680 309755 242589 652186 308194 277244 736919 61931 581428 625382 501273 140376 778050 378071 506413 395739 311697 729343 193217 929897 606564 999999999 560716 468688 465381 387669 653839 345513 568894 748453 481194 628719 401640 694018 677546 839386 53873 463829 418808 94235 465022 613040 662726 388715 502609 451998 650970 694125 337813 306868 720249 196678 74124 718078 576227 795735 366450 883102 89345 512844 535560 895373 373419 368420 467836 155618 727373 433830 300474 599480 590577 959202 128962 686607 636334 686769 710116 239148 674074 539020 359390 156720 823671 539586 679193 60084 914864 318811 603353 806865 734899
690711 571840 469375 770895 702685 1079749 619452 1018710 703892 954524 807109 603045 702083 692658 681220 1164976 607170 964941 1020602 697432 438847 922544 195265 180218 595364 603008 191631 373140 837042 680089 560716 999999999 848646 765084 745187 934963 807137 609683 312545 79721 134551 231279 606605 721867 852285 514855 236569 867032 644735 104068 1073878 512864 241005 524162 278644 731567 455790 247318 786251 301754 456526 612493 842911 527175 652587 221748 825802 601827 355925 91850 744479 403374 344199 92887 697703 283212 158944 512764 343044 1044392 940818 676081 950140 191153 991908 1099969 523219 544542 363906 869079 417608 729883 713503 289568 503960 892042 508095 968180 1014634 394585
348378 682130 382696 173845 219785 257930 695868 297523 404057 481067 220805 262349 424138 171190 715031 316669 413812 120148 173533 243649 578929 406709 661153 702991 275751 245666 948934 594141 708308 386579 468688 848646 999999999 120025 103704 210361 155063 411059 872635 784545 844046 619170 565643 439554 558085 462916 637816 113115 401384 746430 247330 606361 608423 426685 599385 394148 690909 608418 196069 841924 413556 400324 384933 495834 664360 739905 646313 379462 580392 778798 732898 458246 510867 769989 521632 865878 689717 336086 669590 215672 669217 504389 248122 815184 225652 256758 332600 593654 596145 238464 584097 638903 269089 797967 475235 640034 342476 135653 382350 790593
230623 562117 316372 65944 99764 314878 703816 288683 288149 403898 291955 227670 308159 161746 732571 416055 420269 209624 265564 123763 552661 331475 586020 608597 172604 179079 850095 554293 598175 268576 465381 765084 120025 999999999 89717 193180 229228 291049 762701 706833 747267 533806 445783 325390 455979 446017 543209 218028 418495 665824 364503 487199 524345 310875 502818 281162 573294 534846 259493 732323 361030 407469 291879 377251 545242 681813 537437 381080 472961 689205 616370 364318 421451 692682 551447 757717 607032 258431 558757 333000 571883 529938 222889 713647 238150 338339 275878 473873 486616 328511 553441 523120 151557 689025 456536 538451 259006 205472 342101 675581
302213 614384 279080 154606 165950 353887 623082 361583 362139 493607 205866 163325 381653 79492 648887 419824 338463 222663 277009 191474 486833 421158 557453 601752 184754 142201 848744 496865 676315 338517 387669 745187 103704 89717 999999999 266559 146800 346841 779497 680843 743274 516139 504105 401381 540400 374408 536834 155995 333428 642821 340206 531674 505239 345155 499239 359342 610202 504733 172335 748579 311830 325305 380338 420115 607558 638150 617018 300598 486516 676226 685725 357972 408923 666286 464218 771221 586289 233008 578235 308944 657837 443502 300407 716462 300202 359387 229623 523054 503991 248575 490184 594501 226721 704193 385942 622718 240357 233042 426345 703996
289048 625860 505107 165250 232287 173984 889576 95737 321981 293930 431163 420166 339287 345809 914192 332460 604938 175610 204773 239038 745688 222852 765425 768039 342758 370966 998258 747059 574552 321442 653839 934963 210361 193180 266559 999999999 365321 377148 886976 882749 900485 705511 503687 343003 409195 637621 703907 317318 598442 839766 350803 574074 697481 434538 661868 299454 669818 716048 405658 858264 552865 591731 234308 477736 583165 869609 511223 567148 612858 853416 626798 531919 591958 869090 725472 887177 779947 443836 685971 325968 504142 706358 38061 859117 62003 232278 467837 551547 620518 445096 746618 532978 231929 817896 648492 485295 440948 141791 172781 783203
448941 752910 343298 294991 312733 390409 556943 451963 508929 626341 66184 207259 528416 132309 570197 392312 285326 245915 283458 338234 472465 552377 612470 685625 313134 237971 934026 501860 823047 485025 345513 807137 155063 229228 146800 365321 999999999 489596 886896 735331 827132 589001 646461 548168 684957 353387 623535 73320 264818 703070 275413 666207 576626 476975 590797 505917 738357 559903 43065 855866 351108 272189 520051 555350 751100 664111 763542 258281 596937 749821 831484 454060 494310 720595 373230 875222 651871 320800 691886 249626 801106 358485 402959 809273 378313 366911 288361 660574 617524 101985 482039 740822 373386 811059 366706 767408 334903 274076 536791 823798
90137 271071 322743 248505 191288 548253 796441 439948 95490 347689 539556 357452 98519 369423 842623 686673 552080 486046 538167 168087 589040 313021 480163 430614 189977 285083 636863 556783 362550 70561 568894 609683 411059 291049 346841 377148 489596 999999999 511751 576224 547273 401912 157264 122759 281832 525761 373960 500577 569541 530319 653470 200878 399060 90211 332918 122196 293994 443659 504950 483842 384129 543395 233343 101030 261547 614376 314208 513533 257692 520018 346589 249522 302912 564954 704003 513958 472255 268425 314959 622269 397216 677514 378083 498099 439151 595116 330421 183864 257855 591035 579119 262241 152283 445220 529909 350360 250343 470133 411913 406103
601780 342695 557228 741619 673354 1054584 876458 951464 587249 809540 909744 685443 576845 755768 937919 1178185 776001 971960 1027428 657545 663224 800785 391330 245251 597037 650527 182066 596956 604671 575605 748453 312545 872635 762701 779497 886976 886896 511751 999999999 357777 178000 347271 429597 587676 671762 695136 285516 928585 810751 336299 1118612 333500 359982 456303 305528 615551 239806 416734 880602 31046 579667 776250 725125 410770 427820 499488 612963 755579 292983 256612 497271 433422 402085 360870 902245 29334 333377 566467 204054 1087068 731208 876567 889720 129239 948799 1094283 608559 364530 276529 972339 642328 515275 656014 75840 688538 686717 551997 963498 913436 127129
652290 574622 402484 717681 651001 1021611 544713 969318 671594 923754 732594 533571 671927 624565 606686 1099791 528291 902333 957503 648057 359400 886603 123847 166390 540483 539245 264217 293484 833237 645629 481194 79721 784545 706833 680843 882749 735331 576224 357777 999999999 186124 178875 593207 693331 832685 435791 205666 797090 565859 45950 1004688 504941 185666 487687 244306 698322 461645 176889 712835 341249 384232 533883 807471 502274 650974 148669 816066 523973 333311 102858 747559 352078 291484 14745 618106 329115 104905 450585 342393 975676 928066 596396 900221 229090 938020 1038276 455089 534939 346578 794098 338106 722910 667438 319551 424736 878800 447982 907521 972592 419576
634431 460738 484038 741525 671690 1056776 724211 977226 636845 880678 837740 619892 631612 702747 786239 1159450 666447 954561 1010823 661775 523819 857506 251638 142027 574690 603462 106917 456225 729090 617249 628719 134551 844046 747267 743274 900485 827132 547273 178000 186124 999999999 240828 514085 648379 763438 578032 206453 879612 703281 175238 1081403 416069 253895 470413 244918 665431 344515 291852 812682 168134 488394 669326 778255 454069 544697 333426 724700 653447 290893 95283 630436 385807 335387 192003 776265 148670 194891 512792 246193 1050699 842110 752347 910638 63133 960262 1085604 538877 448846 289614 900870 502308 626822 670814 161706 569117 794435 503277 952737 959071 267346
474889 447529 245963 540834 473359 848496 542141 791089 497369 749411 597296 381992 499211 468156 602035 935817 432540 734477 790316 469641 321228 709663 83342 105746 364502 374065 347346 257912 688221 470205 401640 231279 619170 533806 516139 705511 589001 401912 347271 178875 240828 999999999 439785 521701 668042 348673 69285 644495 468454 134558 849277 363136 13302 312213 84583 523347 347705 75359 572860 319750 247653 434072 630925 336908 513441 226590 663134 416049 180491 161327 614969 173765 113567 166117 554995 325743 74544 283142 230360 819180 770113 529404 722115 236688 761684 869089 300888 389062 201373 660368 301265 575358 488572 280365 341611 720743 277376 737096 793879 351002
222818 122249 442092 397692 346348 677670 908513 548801 181746 379967 695136 502939 165241 524208 959444 827377 685890 632519 682158 322026 690134 375698 523112 429829 341002 433905 585114 646600 250695 185821 694018 606605 565643 445783 504105 503687 646461 157264 429597 593207 514085 439785 999999999 167596 249434 646231 389870 657592 707416 548516 804592 98948 441743 192670 357043 205880 190091 500008 660626 406922 499757 678655 304532 118802 106407 665924 223764 649387 261840 514935 201557 334296 370036 584884 837890 440080 497739 399310 268237 773771 335055 810798 496000 455296 564448 731671 462741 66234 246640 747660 676725 137606 299413 377711 648080 285935 379783 613036 493279 307174
100894 287162 438186 265711 235613 516299 909996 381892 40778 233081 605580 451881 25637 443441 953762 672682 654750 486921 532474 210298 707498 213264 601226 541696 284320 377293 730541 677771 275091 71246 677546 721867 439554 325390 401381 343003 548168 122759 587676 693331 648379 521701 167596 999999999 162729 637493 488797 543402 668271 647387 664447 255083 519567 212323 449046 46159 352045 565908 571234 562624 499931 644944 138127 195443 240268 736692 217224 615008 366100 630857 294553 372274 425302 682624 804887 594849 590402 379531 405815 634822 281726 779165 331691 594554 402213 574318 438622 226165 360960 649766 698495 199893 175066 528788 642719 237627 362954 463201 327252 469772
256373 333516 600869 390804 380061 567512 1072617 410306 201131 163159 746218 610015 188358 592326 1115968 737307 814800 577520 613409 356528 869783 200886 749813 673311 444594 535507 833397 838614 168181 233006 839386 852285 558085 455979 540400 409195 684957 281832 671762 832685 763438 668042 249434 162729 999999999 799976 627089 668711 826726 787121 756786 348080 667469 368053 590110 190114 433090 718376 712706 651408 662610 804614 177480 331467 254814 888776 106898 774758 499587 760436 246491 529400 579165 823157 963803 684903 732770 542166 517388 729833 120539 938471 384124 704708 457400 635616 600787 315219 488736 784417 860429 171187 317605 625065 805332 82472 525675 547401 318091 545729
547024 708839 204851 493405 454950 720784 273021 733340 598941 812272 326796 218690 611962 295619 316877 745434 92836 579341 626256 469804 119091 748700 328569 453773 359375 281698 679696 156939 884941 566990 53873 514855 462916 446017 374408 637621 353387 525761 695136 435791 578032 348673 646231 637493 799976 999999999 410261 425714 130310 417081 626604 611881 335670 456034 398129 613139 641269 286423 318278 666800 146724 99932 685675 527915 746859 329625 839665 98748 459589 485622 847194 321909 314943 422063 209473 674300 383306 258165 545752 602305 919141 182831 668797 584031 674565 711455 199771 624136 485790 381601 129515 777457 507142 625584 13462 873992 275567 598544 784642 681056
454147 385776 282321 541807 472479 855171 611264 785136 468764 720384 638027 416827 468009 497354 671003 953595 490511 749244 805474 465083 389676 686419 143720 65422 370750 397144 312392 326979 634407 444151 463829 236569 637816 543209 536834 703907 623535 373960 285516 205666 206453 69285 389870 488797 627089 410261 999999999 674118 525416 160032 875085 306362 79708 287644 42371 496095 281806 144639 611391 256696 296483 490911 606858 296666 455746 285426 613513 470791 128321 149977 555837 179803 129574 196118 618459 266309 108095 306705 162620 844327 723894 592418 717109 186681 762308 881344 336467 334500 144321 701195 369954 522505 478801 215383 404163 674543 296850 748536 778200 281858
447961 769619 398895 279752 313289 321597 628523 397535 506084 594076 125990 263988 526061 176867 639794 319724 358636 178658 211846 338627 544796 519724 673538 737612 339240 279046 986207 572282 815466 485587 418808 867032 113115 218028 155995 317318 73320 500577 928585 797090 879612 644495 657592 543402 668711 425714 674118 999999999 337633 763093 208044 687641 632539 500980 639198 498975 765800 620617 114219 897559 413680 345508 497114 576082 759673 731976 754189 331355 636165 805814 833794 499507 544566 782346 441651 918716 710066 367723 729541 180287 781187 428341 355378 857981 321231 294397 344295 678648 655029 127793 553862 740910 369313 852889 438966 750937 379395 209818 490089 857722
570442 785547 276373 476757 455768 652509 294602 692138 627842 813018 221373 216715 643699 256756 315752 651781 37569 507854 548079 475830 234530 743905 456341 574201 384308 291275 806424 284417 931842 597159 94235 644735 401384 418495 333428 598442 264818 569541 810751 565859 703281 468454 707416 668271 826726 130310 525416 337633 999999999 545992 524610 688943 455197 514916 507566 636615 731852 411620 223577 781462 235038 34505 690749 593110 812217 457956 880854 59279 555868 612326 908440 408110 416241 552038 137272 791608 509479 308326 647429 503568 947263 113007 633291 705134 625106 631729 245120 696069 581474 267207 250311 830424 515257 738830 142094 905335 327963 532808 759532 784861
606705 533257 365923 674901 607731 980702 549005 925633 625674 877823 703480 499122 625978 589032 611024 1062409 508517 863441 918890 604197 351476 840892 91772 125055 498077 500789 266802 284111 789881 599778 465022 104068 746430 665824 642821 839766 703070 530319 336299 45950 175238 134558 548516 647387 787121 417081 160032 763093 545992 999999999 970091 461352 142309 441881 198374 652434 421619 143309 682339 316794 352538 513120 761711 456507 608349 163249 771681 501035 287989 81358 705859 308277 247888 36385 607512 308619 60037 411158 301386 940702 883177 584625 856637 207257 895562 998961 419506 490961 301906 765608 329937 679086 622897 290627 406850 833875 407526 867666 927533 386852
582761 923671 604787 406901 463178 243793 801490 389151 633314 642933 303533 471163 653054 381441 802108 137707 551294 179655 148182 485458 745283 573370 881006 939471 521690 477948 1187445 777071 918678 620738 613040 1073878 247330 364503 340206 350803 275413 653470 1118612 1004688 1081403 849277 804592 664447 756786 626604 875085 208044 524610 970091 999999999 851488 837619 673890 838447 618297 937606 828019 308327 1087789 621663 538921 579530 741754 898920 939184 855312 529317 825830 1010507 958447 697388 746081 989950 604528 1111007 916267 568701 916156 31659 854900 597441 382181 1056318 316612 177263 550666 837178 842377 262658 755918 863545 505179 1043593 640029 834795 578321 209712 500225 1037923
285245 97087 414165 448885 388359 746845 863052 628530 259058 476899 707945 499187 246416 537288 917186 887547 663299 686498 738950 366778 640087 467669 445849 339347 353117 437661 486196 590207 328584 253193 662726 512864 606361 487199 531674 574074 666207 200878 333500 504941 416069 363136 98948 255083 348080 611881 306362 687641 688943 461352 851488 999999999 367156 189484 278608 286394 97511 429587 674241 309654 466052 657772 393112 111559 150321 589289 312969 629772 182780 421745 252381 290282 312157 497672 812946 342533 414197 384037 171245 820069 428317 785573 571108 356711 635884 795559 445383 32863 162469 764703 624620 218080 353158 279130 611756 379870 364512 671005 582113 214893
470450 452980 233803 532592 465516 839157 531656 783675 494403 746189 584453 369737 496768 456360 591314 925014 419314 724130 779890 462392 310012 705345 82369 119009 355831 363082 360324 247359 690906 466793 388715 241005 608423 524345 505239 697481 576626 399060 359982 185666 253895 13302 441743 519567 667469 335670 79708 632539 455197 142309 837619 367156 999999999 309068 89670 520060 354965 66179 560176 332286 234521 420808 626853 336882 517460 224189 664694 402749 184387 173343 619341 166422 105819 172449 542265 338662 82777 272336 238804 807599 770711 516606 714603 249959 753271 858993 288681 392383 206258 647503 290248 577883 482150 292565 328710 721377 267129 727176 788101 361516
166659 279967 251210 285338 217574 599013 722448 507352 185349 437208 518587 314053 188572 347809 771354 723508 493229 518055 572873 201249 509297 399232 389997 346841 163852 249223 565002 472896 429843 158080 502609 524162 426685 310875 345155 434538 476975 90211 456303 487687 470413 312213 192670 212323 368053 456034 287644 500980 514916 441881 673890 189484 309068 999999999 245881 211137 265267 353618 484807 426670 310567 485994 319890 80763 297384 524387 388217 456761 179819 435826 394120 161348 212979 476123 645267 454295 383302 206676 252936 642249 480158 618203 441694 425641 495718 638074 270087 187314 185993 575224 497966 321425 202681 384954 458689 432094 187124 507830 491574 364708
412212 363349 253166 500124 430673 813995 614031 742829 428003 679939 608274 385257 427808 462860 672535 914548 473842 709675 765933 422962 390037 644945 167335 106403 330226 360952 349593 330759 604414 402896 451998 278644 599385 502818 499239 661868 590797 332918 305528 244306 244918 84583 357043 449046 590110 398129 42371 639198 507566 198374 838447 278608 89670 245881 999999999 455112 266321 154851 580591 275421 274540 473159 565454 258803 428894 310797 580743 451313 96181 192329 530387 141278 97602 233852 607517 289298 142660 271508 153445 807511 689337 580960 674851 218828 720439 841118 306061 304870 116835 671301 371402 491761 436444 231889 393279 639945 260329 708262 736010 284009
66537 327411 418141 220391 194529 473230 886150 343582 28732 226130 564468 419907 40728 405112 928014 627775 624983 440880 486760 169763 688964 192201 600551 552149 255361 345422 751564 663116 317374 53428 650970 731567 394148 281162 359342 299454 505917 122196 615551 698322 665431 523347 205880 46159 190114 613139 496095 498975 636615 652434 618297 286394 520060 211137 455112 999999999 383906 562212 530317 589390 479668 614680 112826 211867 284958 732416 257678 584858 378038 641576 340654 365446 421529 686965 773711 620949 594207 356911 427028 588663 310653 748429 290212 613947 359460 529937 413406 259713 375996 607184 681178 245926 132656 553621 619134 269715 341636 417447 298211 501016
