NAME : synthetic_000548
TYPE : CTSP-D
DIMENSION : 100
GROUPS : 8
RELAXATION_LEVEL : 1
EDGE_WEIGHT_TYPE : EXPLICIT
EDGE_WEIGHT_FORMAT : FULL_MATRIX
EDGE_WEIGHT_SECTION
999999999 1034700 761969 967584 427287 445230 411646 146392 763542 850464 933563 441754 920379 680081 760038 555716 775700 841366 338959 604700 636676 928178 785597 824219 689979 848647 632508 230421 777377 457486 596905 856644 1168358 989069 814477 967706 819175 342695 95034 858034 407616 723149 1136467 769774 815430 76795 936092 639696 1089618 1123168 1090630 191181 430043 910137 561496 969559 639324 442270 577087 338478 406591 700843 995871 1114044 1091149 661157 451733 466472 826368 658534 931010 806023 804711 616493 593722 952493 979345 695893 733645 286368 804291 772626 515653 995872 504771 735792 663082 884791 723242 637261 638724 329155 878959 553716 734391 1076883 1050324 1068392 288894 654686
1034700 999999999 333537 771169 759913 603394 659313 940563 346238 184253 339607 665523 808062 355728 275701 661041 329732 448769 699684 432371 539511 344585 259710 625194 578906 200259 503169 843115 303127 670178 486088 619487 290042 290936 340906 97379 554684 698543 1019328 390841 628777 801466 142288 424365 225549 987417 377613 397123 90327 422600 225969 946893 891487 424299 486755 414588 501442 634387 566110 701137 696379 334178 243199 387706 375530 605688 668830 576767 879709 556477 120409 796677 509020 831230 443137 389789 907293 348878 424407 748660 422008 562089 610777 217395 662934 466009 392477 155806 338591 529351 415040 790181 159517 516739 663268 350806 25718 181761 813420 609176
761969 333537 999999999 525824 606207 317115 356214 646469 20016 197186 196965 497012 540973 155074 184951 562079 16379 520603 457004 243037 206338 488037 231048 667563 256348 252306 425588 546806 302838 514084 364257 353312 406744 234718 74873 240877 277854 460932 727985 478984 363515 486363 392103 120344 221996 702945 520429 222479 417097 393528 328792 642414 560005 542742 311445 266653 168079 450432 462865 425268 515638 181139 456359 374507 351267 562822 347486 364233 580564 508844 213139 499044 227452 502015 248337 238979 643575 237639 100024 482637 142007 265058 284532 233953 534652 464219 108876 187206 60708 462566 130976 476956 188262 209388 353433 331616 357229 309291 506206 562701
967584 771169 525824 999999999 1025318 649852 624899 821263 505819 708485 431596 923461 71254 663233 710699 1029757 515666 1045521 806396 724815 422103 1010767 756662 1184276 335185 770592 923022 747570 828432 947958 851714 173653 614613 487403 468103 679388 249313 816701 889324 1004807 712596 256748 735153 406468 744618 891126 1044036 719496 860649 444689 601753 782206 559024 1068327 780201 362374 456708 873381 942524 726980 926195 698283 963190 469185 462104 1059077 553287 783899 209186 1008376 674715 174299 298976 368460 724625 383467 141597 754218 437904 782148 385119 274800 512432 559215 986744 981110 585837 677404 576185 959622 590791 645455 682918 567955 246790 474791 796533 626506 685686 1057460
427287 759913 606207 1025318 999999999 376397 414504 444279 618678 590945 803141 109379 1004925 462330 502767 135832 622585 443031 233433 367339 606194 550598 503141 398140 691062 559774 265373 411011 459435 93665 274794 866318 977385 833218 679264 725461 801194 221215 479631 474172 314870 844430 890207 679687 538531 434749 549234 395997 786986 998698 893407 491831 651834 513249 298480 869600 578811 158097 199563 323000 99147 457702 642848 977358 954473 241889 491397 249245 964197 254124 688859 909379 763861 771931 360162 843424 1093009 420714 637749 290066 715699 761903 516352 808359 101905 348047 499799 640174 547656 251774 481659 470383 631696 463025 781678 932963 767222 857944 448268 235270
445230 603394 317115 649852 376397 999999999 69319 337747 319790 422199 496734 279450 628566 250149 339108 403019 331229 547480 161837 204489 236772 587385 376173 622192 317677 435856 350632 239730 396141 305645 279637 495512 723840 547466 373582 528326 435691 170477 417675 536704 63153 474645 694770 341808 399012 388960 607832 232837 668789 691854 645500 344342 355724 602392 205254 544076 219233 231235 338361 108502 277650 280550 618797 678834 655580 463375 131578 152371 594294 424811 492688 534976 404958 417037 194820 523032 717699 297324 301669 167576 378396 393191 140417 550819 351709 447116 218808 448967 278782 379294 194501 200196 444276 112504 405334 639171 621803 623316 214594 459547
411646 659313 356214 624899 414504 69319 999999999 290264 355422 481033 521917 326726 596847 311144 401552 457414 368732 616279 184264 272913 233344 656511 440831 686452 303111 499155 417006 190607 464174 353745 347242 481119 759711 578199 403768 579865 428875 195573 371840 606004 106652 429944 743118 358896 461863 348307 677120 300037 728202 712461 684161 288767 287003 671621 273967 560183 229094 281787 400354 102284 318592 344159 685927 702577 679625 524766 76899 213104 549694 488689 545359 496624 405170 361794 263488 541914 680920 364638 322079 160079 394066 383793 116184 589319 403458 515150 268287 503760 326384 444311 244846 133923 499798 147330 378116 665237 678814 665440 154115 520588
146392 940563 646469 821263 444279 337747 290264 999999999 645525 758126 806981 421861 774054 585540 671705 554023 658970 807881 279223 522942 502601 878994 703787 821848 549759 765757 594263 99663 708484 443948 544376 712964 1049173 866084 692346 865934 678490 287649 81751 814890 316101 577146 1031480 640609 730209 69898 892005 556297 1003250 992058 974290 55164 288473 873327 493268 837009 510332 405694 549025 242348 391344 612162 932252 985125 962587 652654 316986 400771 681815 637994 830416 659814 667005 471392 512042 821741 834115 617612 606901 208820 673761 631969 383020 879482 497496 700509 555201 786607 614520 607325 531123 187808 781771 437323 589416 949859 958403 955644 149109 646654
763542 346238 20016 505819 618678 319790 355422 645525 999999999 215629 185723 509346 521055 172169 204927 577651 16528 540489 463633 257820 193407 507908 251061 686809 239147 271677 443013 545927 322791 527052 380580 333297 404890 228485 60586 252060 257850 468040 727187 498988 368576 468640 398550 100404 241750 703199 540354 238789 431080 383159 328766 639768 550261 562757 325667 251997 157496 462159 478974 428254 526997 199776 475133 365526 342205 580460 342392 374791 561693 526633 226118 479986 207441 486858 262587 225006 623666 256403 82117 486417 122250 245471 278191 233970 549013 483362 119224 203022 77524 480058 139652 473221 204637 209880 334921 323474 370343 311846 503581 580228
850464 184253 197186 708485 590945 422199 481033 758126 215629 999999999 307706 491166 730740 172586 92511 505988 201546 365071 515723 248851 394976 304831 91420 532244 452997 64918 348703 661488 160677 498749 316615 540136 395931 297226 240833 134787 466564 514836 836283 313921 444967 683333 300677 313249 57572 803755 339112 213682 247171 465462 313213 766498 728805 370263 306296 392104 351926 456364 406112 517680 520110 150041 259730 435455 415857 470135 498288 393939 777228 416679 99180 695315 416356 693656 259497 362457 833237 171111 297209 564502 325996 459538 445303 244346 498695 341863 220624 53331 176610 380429 240810 613748 44051 343523 550522 390584 200499 273026 634636 472234
933563 339607 196965 431596 803141 496734 521917 806981 185723 307706 999999999 693971 470711 346677 346772 754810 180587 671159 646854 438529 311229 609775 380989 832996 303589 372588 611518 708778 457478 710864 555527 286446 255587 71181 125925 249469 231880 651859 888506 621360 549792 493785 319069 167659 357290 868873 644531 415124 429072 197598 201334 793810 663216 677744 507409 84443 296778 647331 654289 604686 712414 364497 544324 182128 158852 746327 491933 560472 554256 691745 250044 472542 196621 550073 444440 55050 568575 417724 200239 664304 138903 254194 425194 131580 730037 634161 304796 264477 255930 647772 325316 625019 271969 384304 357696 143320 364941 209930 659826 746927
441754 665523 497012 923461 109379 279450 326726 421861 509346 491166 693971 999999999 906168 354818 400908 138604 513391 399694 162145 259645 502341 491946 406235 400628 588383 465593 194813 366018 371324 27186 180856 761763 872423 725008 569931 624708 695215 150003 473676 419086 221578 753304 791722 570909 441174 429862 496894 289653 699696 889807 788543 461622 587057 468763 191440 760222 472922 50299 135577 247762 35898 352751 571901 868827 845877 231016 402785 141604 873117 218533 587651 814382 656752 688414 251996 734054 996756 320055 529033 232577 606785 656950 419691 702046 80921 294842 390428 538692 438717 195710 372315 404913 530503 357624 682118 824592 674768 754227 390445 225131
920379 808062 540973 71254 1004925 628566 596847 774054 521055 730740 470711 906168 999999999 668936 724075 1018599 532586 1055514 780540 722759 411571 1028925 771509 1187062 324074 790879 920689 705446 840683 931476 847906 191263 670300 531437 490259 713894 264251 791396 839145 1017711 690262 199574 782351 420654 762561 843631 1061402 720902 898203 504985 651198 732469 503483 1082658 773980 408733 450487 856603 935334 697792 906207 705936 988698 527343 518376 1054822 522526 769051 138212 1005642 705848 115347 314642 311077 721488 426659 102639 760704 447096 750560 404744 278609 488685 601159 972982 985270 589064 703911 586677 956704 591103 604010 708686 556120 224206 528977 833676 672745 643601 1052777
680081 355728 155074 663233 462330 250149 311144 585540 172169 172586 346677 354818 668936 999999999 90995 408318 170587 388099 349522 95174 277193 383056 134864 521277 355098 188989 270867 489031 182255 368862 209565 489671 520065 371222 229707 289201 414350 350075 663804 355478 273181 578962 459251 260840 151358 631694 411148 68453 418660 538633 436684 594461 572718 422634 163856 420717 231950 312024 308337 345413 377957 40678 385990 515888 493222 408414 336930 235417 686340 354764 251980 609267 365993 566539 103295 392394 770216 91825 225651 393727 290238 390891 292269 347908 384073 317897 81716 204885 94666 307935 88996 444815 198889 183261 460352 471165 372948 405370 463731 408110
760038 275701 184951 710699 502767 339108 401552 671705 204927 92511 346772 400908 724075 90995 999999999 425914 196075 336011 424026 156682 352678 308381 49286 488510 423175 97995 272441 576476 117945 409815 230626 537880 476610 353584 250009 223891 462240 422846 748788 294177 356612 651944 392244 304519 60397 715150 339282 121442 331643 524586 392751 682817 662812 358590 214120 428288 307452 364724 324634 429977 428988 59621 298170 497566 476269 402624 427601 301503 754320 348081 186749 674748 412006 648202 167436 398585 826488 82407 277453 474719 326684 446161 381042 313553 413496 287673 159998 137786 138714 306942 174399 535377 129635 273289 526382 452111 290361 355681 553410 403799
555716 661041 562079 1029757 135832 403019 457414 554023 577651 505988 754810 138604 1018599 408318 425914 999999999 578031 309037 300681 320297 608253 421045 414808 269770 695828 464495 158424 503612 358145 112809 199532 862371 901037 774364 636947 639959 791810 288587 599334 343938 350787 876731 797430 653871 449865 554681 417059 340000 677521 944238 817556 596478 724748 379020 255003 828635 573328 176370 101539 385000 163735 392501 519527 919477 897394 106566 531673 252305 995961 121860 605149 932966 749139 818490 316714 800560 1112676 344776 613397 370970 687685 757455 540224 739286 57870 219850 464466 558180 501409 132738 451505 542956 549154 462695 794783 874181 665129 778693 529045 99968
775700 329732 16379 515666 622585 331229 368732 658970 16528 201546 180587 513391 532586 170587 196075 578031 999999999 532072 472524 259230 209935 496448 241063 680767 254719 258881 440739 559327 314001 530449 379981 343847 392705 219075 59120 235542 268756 476580 740571 489494 378537 483793 382833 112376 229999 716057 529189 238267 414699 377206 315568 653977 566565 552667 327712 250620 173842 466798 478651 439546 531988 195448 461253 358343 335087 577803 357478 380508 575719 523725 209648 493770 218255 503110 264612 222811 635224 251725 97574 497235 130792 258378 293653 220688 550877 477643 125020 187204 76633 477665 146836 487845 189059 222448 349442 315584 353864 297446 517761 577758
841366 448769 520603 1045521 443031 547480 616279 807881 540489 365071 671159 399694 1055514 388099 336011 309037 532072 999999999 529136 358800 662592 124837 293277 176435 742920 301365 213633 734237 218191 385839 271833 872154 731172 661572 585372 470888 796397 520281 867939 57990 524345 963469 590547 639074 313930 825322 110907 346918 430926 827349 655538 839506 903188 70265 342312 755129 618015 403779 264287 587641 435137 349859 239652 795844 777514 210971 672704 417699 1073404 189030 446936 997143 746545 938883 365048 725305 1157313 296599 608883 601727 662551 776916 649781 603505 345675 107372 469553 414071 469597 204122 472388 737595 405325 542708 848307 751897 442482 611008 738566 217048
338959 699684 457004 806396 233433 161837 184264 279223 463633 515723 646854 162145 780540 349522 424026 300681 472524 529136 999999999 267526 398408 600905 447210 557044 477627 510292 315543 208736 439279 188627 265968 656050 859461 691595 521370 638655 597404 12488 344393 535786 100116 613178 808764 499225 477802 304639 613073 302756 751480 843960 778033 311010 425724 594163 222792 700128 380405 131768 274369 89664 143479 365698 660108 828455 805112 387666 260532 127695 732658 365284 601341 680872 566653 538517 256668 677555 865184 357179 458032 73717 536056 554544 293996 685118 243066 421812 349716 553671 408208 330756 326399 243286 547134 268845 560057 787004 714156 750632 228456 382256
604700 432371 243037 724815 367339 204489 272913 522942 257820 248851 438529 259645 722759 95174 156682 320297 259230 358800 267526 999999999 314507 384690 181674 466491 400085 244452 198283 431087 191764 274001 127621 553161 614370 465919 317678 375924 479814 266174 597851 339459 207089 610072 545880 335123 210730 562508 407003 35252 484992 632346 530754 539025 554224 406661 69112 509567 272782 217223 223417 280744 283088 99600 415273 610283 587495 334532 318646 145455 723731 283585 338398 651321 434407 580236 11011 482016 821691 94982 295695 320922 368092 450016 291093 442830 291675 269863 144847 289765 182816 234807 134802 404529 282571 184337 504695 565742 446630 498228 416097 333173
636676 539511 206338 422103 606194 236772 233344 502601 193407 394976 311229 502341 411571 277193 352678 608253 209935 662592 398408 314507 999999999 658627 401862 780977 87658 440562 510890 407174 459002 526396 437399 260236 563804 376597 215038 445390 199010 407244 583216 632447 299663 301782 585651 144114 405154 567609 687677 317609 623416 489766 497919 485044 361169 699744 362612 334430 45411 452107 523763 331341 507153 317489 647161 484337 462254 643715 185721 362020 411085 595330 419222 336969 171855 298721 312151 320019 508577 366756 121650 391432 173487 156639 121115 407202 564643 582407 195994 392596 219841 546406 190276 316855 392859 145861 190412 451478 563425 490209 353701 641533
928178 344585 488037 1010767 550598 587385 656511 878994 507908 304831 609775 491946 1028925 383056 308381 421045 496448 124837 600905 384690 658627 999999999 259408 291653 731434 240884 297253 797198 201271 482670 334937 840103 633499 588622 542854 384751 765194 593786 945022 77217 576881 959460 483148 608290 266477 904216 34976 362397 313840 746880 563044 904883 938816 80242 390478 694093 613216 485908 358444 646245 527834 342379 116698 713690 697346 330277 702583 478891 1062700 299210 367870 983024 714692 949359 393513 664816 1131551 300548 584508 670209 625980 752595 668684 523840 449837 202551 462891 345350 446941 300517 472004 785605 337814 558395 834755 671613 334202 517923 792604 335928
785597 259710 231048 756662 503141 376173 440831 703787 251061 91420 380989 406235 771509 134864 49286 414808 241063 293277 447210 181674 401862 259408 999999999 452041 472364 63081 257309 610397 76512 411984 228352 584358 487330 380275 292512 225229 508885 444784 779334 248574 387690 701226 387091 351242 35467 744180 290677 147563 304295 550535 404484 717697 707437 311710 228640 464099 356598 374734 315354 461440 436733 97256 251213 521779 501377 379831 471232 321249 803368 326033 190420 723618 458499 696903 192680 434255 874021 90541 325557 502576 371830 494072 427016 332757 409079 255527 208374 144362 187535 289072 221504 574718 135165 318101 575383 476520 270633 364445 590726 381728
824219 625194 667563 1184276 398140 622192 686452 821848 686809 532244 832996 400628 1187062 521277 488510 269770 680767 176435 557044 466491 780977 291653 452041 999999999 866073 470697 274445 764994 375623 377901 348673 1010833 906859 829360 737240 644916 935610 545837 869029 234357 583302 1074517 766893 781280 477769 824413 266514 466161 604485 997415 830296 862244 968630 214748 426495 915811 738776 425491 287735 633065 430528 487944 408237 966746 947689 169776 753486 473780 1189583 197787 619209 1117803 887201 1034641 469310 885994 1287010 431337 746927 630162 808532 910766 744652 774543 324724 203659 598786 583324 611476 243096 595971 791235 574302 646392 971012 922251 618619 786029 783219 175529
689979 578906 256348 335185 691062 317677 303111 549759 239147 452997 303589 588383 324074 355098 423175 695828 254719 742920 477627 400085 87658 731434 472364 866073 999999999 504619 597360 459753 534488 612789 524194 178603 558756 373986 239131 482053 129249 487167 627873 710082 380819 230509 605387 155879 471195 617563 761732 400892 666416 458803 502361 524683 362797 776832 449920 303955 127328 538257 611313 404558 591919 394402 710740 459542 439206 730868 241740 448733 331738 682067 460934 254223 121753 254178 398269 296951 421770 446323 157145 463188 169168 82762 186943 418635 651831 666124 273441 441892 285367 633125 271598 362028 443746 233231 105497 433068 603886 502527 401595 728768
848647 200259 252306 770592 559774 435856 499155 765757 271677 64918 372588 465593 790879 188989 97995 464495 258881 301365 510292 244452 440562 240884 63081 470697 504619 999999999 306073 671710 107916 469928 285840 600965 446105 360213 302488 180414 526662 507843 841725 249371 449762 735033 333036 371256 37740 806861 274893 210020 241226 526873 365390 778655 760074 305354 291267 456999 396102 435853 367470 523472 496907 155312 206701 496050 477100 419038 525371 384248 832442 366937 150220 751216 476237 738580 255462 427365 893491 153453 351504 565365 386576 517091 477576 303884 463457 285624 253956 112857 220968 334804 270476 633047 104007 370768 604769 451611 209348 322932 650400 421697
632508 503169 425588 923022 265373 350632 417006 594263 443013 348703 611518 194813 920689 270867 272441 158424 440739 213633 315543 198283 510890 297253 257309 274445 597360 306073 999999999 521498 200055 187322 74399 751060 744455 625003 499734 482103 677257 306649 655132 225543 318170 800910 639035 529002 292085 612935 303596 206327 523435 795831 661316 626161 702764 279731 152102 689051 470298 191352 65810 377130 230671 247211 379691 769558 747992 137784 481027 208764 916819 85383 447713 846585 630996 760385 199202 660104 1019131 194369 491112 388329 560078 648227 470219 585631 164049 106276 339687 401347 365490 37142 332427 530902 392228 372946 701299 724113 507986 621712 528805 137269
230421 843115 546806 747570 411011 239730 190607 99663 545927 661488 708778 366018 705446 489031 576476 503612 559327 734237 208736 431087 407174 797198 610397 764994 459753 671710 521498 999999999 619736 390888 465273 628379 949794 767139 593162 767228 588991 219456 181260 736430 224374 513719 932250 543051 635616 160607 812425 463474 907494 895510 874691 108286 253676 797364 407623 741040 412537 340396 483028 151747 340429 517160 844117 887736 865066 595313 221683 318935 625231 574017 731938 593588 574361 415300 420352 724948 773391 526067 508559 135085 576756 542462 286548 779870 445798 627363 456107 688626 515235 538779 432118 102176 683994 337678 508684 851863 861401 855985 61919 589732
777377 303127 302838 828432 459435 396141 464174 708484 322791 160677 457478 371324 840683 182255 117945 358145 314001 218191 439279 191764 459002 201271 76512 375623 534488 107916 200055 619736 999999999 372452 190749 655413 553164 455325 367254 287788 579708 434787 780416 177037 395484 760566 439607 422058 103780 742637 228893 164804 328608 624967 471674 727997 741861 242737 216736 540609 413638 347665 263279 468175 404591 141661 224408 595553 575568 311470 504870 311677 866226 259078 255980 787837 529589 748139 201788 510766 942921 100832 393603 501773 444629 562297 468230 404973 360764 181239 263010 213733 254048 227370 271016 596267 204456 357855 638980 550483 308503 429896 607493 313999
457486 670178 514084 947958 93665 305645 353745 443948 527052 498749 710864 27186 931476 368862 409815 112809 530449 385839 188627 274001 526396 482670 411984 377901 612789 469928 187322 390888 372452 999999999 184090 785335 883846 739918 587606 632998 718108 176383 493327 408485 248364 779836 798688 591369 447235 449147 485828 302353 701021 905911 799877 484949 613906 455517 205016 778562 496053 74880 124236 274791 52766 364090 566754 884232 861401 208914 429698 164607 899619 201050 596225 840408 678931 715477 267068 752020 1022526 328034 549628 258211 626974 680399 445705 714694 54942 282893 408635 547426 455085 183288 391372 431667 539037 381196 707339 839737 678456 764638 416642 202826
596905 486088 364257 851714 274794 279637 347242 544376 380580 316615 555527 180856 847906 209565 230626 199532 379981 271833 265968 127621 437399 334937 228352 348673 524194 285840 74399 465273 190749 184090 999999999 680500 707217 575124 439069 451349 607366 258966 610175 271239 252555 726519 615414 462083 263737 569680 347798 141813 518869 744777 623326 572044 634024 332501 77844 630281 397423 158461 98807 316596 213844 193156 399754 720270 698091 207371 408885 146654 842520 157933 415099 772595 562022 686576 127100 601927 945891 148266 423077 335789 494401 576990 396167 542134 182874 168121 271798 366763 303570 109023 262412 465880 358089 298607 627746 675037 494539 586181 466948 205784
856644 619487 353312 173653 866318 495512 481119 712964 333297 540136 286446 761763 191263 489671 537880 862371 343847 872154 656050 553161 260236 840103 584358 1010833 178603 600965 751060 628379 655413 785335 680500 999999999 510187 351971 299382 524327 75758 665456 787807 832057 558652 231461 604036 233371 573638 782199 872996 546655 709794 365345 478045 681780 485826 896052 610452 237264 289729 711470 772824 582894 767327 524631 797586 379063 364728 887688 416485 620729 269527 836443 515097 190092 125884 319852 553454 248877 293359 580577 264255 641132 214390 105077 365136 418023 821515 807566 412786 512655 402661 787828 418634 527614 517468 404171 128770 369179 645178 494177 568067 886261
1168358 290042 406744 614613 977385 723840 759711 1049173 404890 395931 255587 872423 670300 520065 476610 901037 392705 731172 859461 614370 563804 633499 487330 906859 558756 446105 744455 949794 553164 883846 707217 510187 999999999 187277 357196 265720 473187 862188 1130919 673975 769060 734887 167603 419776 453125 1107870 667023 582910 348690 178690 83989 1040405 918726 712563 681208 273735 544021 831566 800363 832003 897359 519844 532814 147934 152516 864595 739096 754476 777248 811756 297555 700030 446659 801059 623135 268528 756046 558952 446556 889078 393937 503376 672627 174346 890062 731388 510414 343108 451295 776351 534296 872084 352237 614769 603997 141930 304683 123272 904837 867006
989069 290936 234718 487403 833218 547466 578199 866084 228485 297226 71181 725008 531437 371222 353584 774364 219075 661572 691595 465919 376597 588622 380275 829360 373986 360213 625003 767139 455325 739918 575124 351971 187277 999999999 174593 210396 301455 695633 947800 608815 597058 564037 252145 232523 351937 926377 623598 438806 377727 171002 130245 855361 732035 660805 534932 125505 358061 680312 672930 655957 746092 381968 512306 145150 123086 756166 553544 596766 621128 701649 220952 540129 267660 621248 473101 104779 626844 430981 260496 714573 207151 325220 486879 73629 754388 635791 343152 247580 288067 660150 365671 686719 256256 436114 428513 100041 315260 142235 720342 757381
814477 340906 74873 468103 679264 373582 403768 692346 60586 240833 125925 569931 490259 229707 250009 636947 59120 585372 521370 317678 215038 542854 292512 737240 239131 302488 499734 593162 367254 587606 439069 299382 357196 174593 999999999 243650 226484 526192 774094 540832 424970 460940 371401 83567 277335 752042 576350 297321 429559 323522 285757 683272 576190 602542 385841 191891 188634 522699 537711 481978 587465 253880 498532 307085 283742 636669 382395 435081 544536 582517 225424 461658 176816 493005 322730 164551 592641 309835 93431 541009 86040 224652 316256 193035 609154 534606 179716 215106 135574 536625 199620 515133 219201 261773 323236 266074 366180 275387 547642 636681
967706 97379 240877 679388 725461 528326 579865 865934 252060 134787 249469 624708 713894 289201 223891 639959 235542 470888 638655 375924 445390 384751 225229 644916 482053 180414 482103 767228 287788 632998 451349 524327 265720 210396 243650 999999999 458294 638942 945993 414950 560090 704089 170205 327168 190094 916286 419543 341529 186996 362182 185878 868602 800781 460439 437376 328754 408833 588399 540546 630484 652854 276489 302194 328947 312753 599244 583055 521206 782892 546755 37526 699835 412117 734915 386044 302087 813925 304983 328498 681521 324699 464841 522728 140632 633476 465715 311608 86402 254136 512766 335305 708045 94265 434296 565892 287050 122867 142664 733590 601784
819175 554684 277854 249313 801194 435691 428875 678490 257850 466564 231880 695215 264251 414350 462240 791810 268756 796397 597404 479814 199010 765194 508885 935610 129249 526662 677257 588991 579708 718108 607366 75758 473187 301455 226484 458294 999999999 606164 756065 756407 498439 262978 550673 157725 498725 746548 797928 472196 644934 348001 431011 652044 475307 820537 538587 201631 222400 644948 700748 528966 702605 449021 724984 354947 337254 814258 370513 553698 325621 762617 446489 242873 50502 331007 480528 204873 366838 505061 188758 588505 140637 46555 313076 361858 752476 732229 338218 441123 326914 714140 345045 490913 445525 338179 131460 336627 580396 441800 530645 812976
342695 698543 460932 816701 221215 170477 195573 287649 468040 514836 651859 150003 791396 350075 422846 288587 476580 520281 12488 266174 407244 593786 444784 545837 487167 507843 306649 219456 434787 176383 258966 665456 862188 695633 526192 638942 606164 999999999 351237 527941 107960 624865 809124 505796 475842 310825 605404 301424 749068 849156 780462 320714 438139 585731 218849 706210 388262 120970 264079 102032 130996 364938 654712 833221 809879 376335 272043 123983 744404 354761 601555 692185 574788 550716 255414 683330 876444 354500 464428 84395 542645 563584 304272 687880 230913 412916 353141 553649 411155 320976 330086 255684 546964 275783 570527 791508 712638 752488 240469 370873
95034 1019328 727985 889324 479631 417675 371840 81751 727187 836283 888506 473676 839145 663804 748788 599334 740571 867939 344393 597851 583216 945022 779334 869029 627873 841725 655132 181260 780416 493327 610175 787807 1130919 947800 774094 945993 756065 351237 999999999 878583 392235 640402 1112121 721947 806679 44892 956267 631789 1080423 1072900 1055951 107180 341775 934862 564005 917635 591787 464164 605573 318830 440689 689171 1003143 1066329 1043848 701709 397862 469919 739845 692083 910249 724094 746183 531586 586878 902733 893829 691952 688493 278648 754885 709643 464147 961130 544757 760821 635806 865967 695323 665039 611647 267046 860939 518734 662579 1031300 1036740 1037082 229533 695466
858034 390841 478984 1004807 474172 536704 606004 814890 498988 313921 621360 419086 1017711 355478 294177 343938 489494 57990 535786 339459 632447 77217 248574 234357 710082 249371 225543 736430 177037 408485 271239 832057 673975 608815 540832 414950 756407 527941 878583 999999999 520045 934199 532570 598692 265515 837003 78059 322524 373772 773191 598965 843282 891500 67699 334158 705640 587325 416328 284373 586949 454966 315718 185927 741292 723354 253582 657574 417547 1041650 222082 392171 963920 706183 915667 347039 675897 1119958 266177 570639 606698 620286 739333 629431 549130 373861 126408 437138 361303 431084 225457 442554 731732 352774 520341 814977 697675 384497 554294 735885 259129
407616 628777 363515 712596 314870 63153 106652 316101 368576 444967 549792 221578 690262 273181 356612 350787 378537 524345 100116 207089 299663 576881 387690 583302 380819 449762 318170 224374 395484 248364 252555 558652 769060 597058 424970 560090 498439 107960 392235 520045 999999999 532003 728987 399593 414484 358807 594246 240201 688215 746313 688950 332571 385666 583576 186521 601004 280378 175482 295988 73753 216735 296991 619892 731782 708455 419617 181511 109978 651859 385647 523420 594848 466832 468009 196262 578916 778229 301989 358626 121691 436389 456189 201579 594979 297135 420126 258958 477443 318799 342907 234871 213360 471803 169031 467560 691029 645435 664000 215963 415252
723149 801466 486363 256748 844430 474645 429944 577146 468640 683333 493785 753304 199574 578962 651944 876731 483793 963469 613178 610072 301782 959460 701226 1074517 230509 735033 800910 513719 760566 779836 726519 231461 734887 564037 460940 704089 262978 624865 640402 934199 532003 999999999 811106 378096 701317 646355 988991 617071 890467 596638 693871 534078 303971 1001522 649126 461471 347026 705765 803841 525932 747920 619192 941242 609198 593756 927760 353077 624499 119867 883038 686085 84250 298772 111944 606157 467400 259784 668328 386547 573511 380167 242109 336645 621711 826307 879876 497612 670359 515143 834694 491772 414165 672690 428131 138581 596038 826876 703199 452477 924764
1136467 142288 392103 735153 890207 694770 743118 1031480 398550 300677 319069 791722 782351 459251 392244 797430 382833 590547 808764 545880 585651 483148 387091 766893 605387 333036 639035 932250 439607 798688 615414 604036 167603 252145 371401 170205 550673 809124 1112121 532570 728987 811106 999999999 451130 351678 1083571 515134 511307 183165 331204 135636 1031562 946521 563311 606326 373756 554739 756890 700364 798553 820783 446331 375533 296592 291673 746232 739557 691256 872913 696152 207665 791497 512372 858812 556078 356412 875894 471726 464199 850598 437117 569438 676412 189406 795662 607303 476319 256116 417021 666939 500480 868078 263425 596123 673509 271165 148999 109921 895732 749527
769774 424365 120344 406468 679687 341808 358896 640609 100404 313249 167659 570909 420654 260840 304519 653871 112376 639074 499225 335123 144114 608290 351242 781280 155879 371256 529002 543051 422058 591369 462083 233371 419776 232523 83567 327168 157725 505796 721947 598692 399593 378096 451130 999999999 342025 703519 640758 322676 512762 353572 355462 626352 501590 662842 398885 202472 130568 521590 558502 447386 583743 293455 572922 344686 322031 666746 324656 430725 465094 613898 308006 382681 107533 410006 337592 183036 523269 349962 42028 507836 36852 146292 258000 267064 619685 577630 190332 293933 170268 566127 202454 457591 297047 230582 241095 309502 449579 350897 492840 665965
815430 225549 221996 744618 538531 399012 461863 730209 241750 57572 357290 441174 762561 151358 60397 449865 229999 313930 477802 210730 405154 266477 35467 477769 471195 37740 292085 635616 103780 447235 263737 573638 453125 351937 277335 190094 498725 475842 806679 265515 414484 701317 351678 342025 999999999 772334 299447 175811 274351 521268 370624 742295 722376 325533 261486 441200 360423 408932 350655 488093 471372 118574 242197 491774 471828 412564 487632 352863 800382 359139 155764 719639 448223 702642 221712 411376 865197 123382 319922 531184 359620 487000 439988 301359 444540 284984 216773 110903 186309 323293 232916 595716 101623 333036 572430 446717 237505 330052 613459 414673
76795 987417 702945 891126 434749 388960 348307 69898 703199 803755 868873 429862 843631 631694 715150 554681 716057 825322 304639 562508 567609 904216 744180 824413 617563 806861 612935 160607 742637 449147 569680 782199 1107870 926377 752042 916286 746548 310825 44892 837003 358807 646355 1083571 703519 772334 999999999 914818 596854 1046520 1056113 1031613 115492 354277 892591 525934 901622 572967 421701 562404 286350 396586 655559 964535 1048200 1025489 657319 381950 431301 749864 648368 880147 729238 733791 539831 551503 885540 902677 655955 668637 241780 737336 699998 447128 936732 500296 718355 607758 835103 667665 622047 583460 255663 829780 493627 659070 1012061 1004235 1011279 215993 651054
936092 377613 520429 1044036 549234 607832 677120 892005 540354 339112 644531 496894 1061402 411148 339282 417059 529189 110907 613073 407003 687677 34976 290677 266514 761732 274893 303596 812425 228893 485828 347798 872996 667023 623598 576350 419543 797928 605404 956267 78059 594246 988991 515134 640758 299447 914818 999999999 386613 343082 781703 597223 919617 961051 51777 407793 728874 642281 494352 361902 662280 532756 370544 143716 748458 732193 321494 725594 493513 1093277 295576 402841 1013988 747433 976542 415360 699565 1164000 326256 616195 683563 659067 784564 693809 558756 449792 203051 491710 380155 477994 302577 499853 804704 372563 583772 865487 706464 366404 552094 810208 327469
639696 397123 222479 719496 395997 232837 300037 556297 238789 213682 415124 289653 720902 68453 121442 340000 238267 346918 302756 35252 317609 362397 147563 466161 400892 210020 206327 463474 164804 302353 141813 546655 582910 438806 297321 341529 472196 301424 631789 322524 240201 617071 511307 322676 175811 596854 386613 999999999 450152 606809 499104 571120 577337 390180 98299 488750 274041 249119 240390 313953 314677 65051 386011 583694 561124 344086 340545 180376 728594 291293 304013 654206 425247 593353 46094 460577 820981 64601 285044 355467 353938 445169 307392 412510 315857 265232 133985 255240 161778 243456 129831 432946 247901 197851 506249 538826 411402 465678 446291 343380
1089618 90327 417097 860649 786986 668789 728202 1003250 431080 247171 429072 699696 898203 418660 331643 677521 414699 430926 751480 484992 623416 313840 304295 604485 666416 241226 523435 907494 328608 701021 518869 709794 348690 377727 429559 186996 644934 749068 1080423 373772 688215 890467 183165 512762 274351 1046520 343082 450152 999999999 498282 297782 1013119 970660 393529 532022 502434 583867 673668 588647 761620 732515 391256 199733 463106 453286 609937 743645 625428 969820 564958 205566 886772 599069 917585 495987 478381 997224 394624 510773 805519 511597 651790 688112 304150 686958 468761 465616 232423 415503 544817 486882 860850 233825 589568 752492 429527 64620 256674 881739 614217
1123168 422600 393528 444689 998698 691854 712461 992058 383159 465462 197598 889807 504985 538633 524586 944238 377206 827349 843960 632346 489766 746880 550535 997415 458803 526873 795831 895510 624967 905911 744777 365345 178690 171002 323522 362182 348001 849156 1072900 773191 746313 596638 331204 353572 521268 1056113 781703 606809 498282 999999999 200777 974427 819803 821850 701451 155981 483857 843779 842942 799091 909117 551752 660443 35180 49840 927161 675091 757652 621868 872649 381182 549716 337372 677438 638888 170675 584927 601653 391267 859158 318903 387631 609153 224093 922661 805874 501977 414108 451090 831081 522807 806583 423114 579380 477497 75528 443240 242033 843367 928383
1090630 225969 328792 601753 893407 645500 684161 974290 328766 313213 201334 788543 651198 436684 392751 817556 315568 655538 778033 530754 497919 563044 404484 830296 502361 365390 661316 874691 471674 799877 623326 478045 83989 130245 285757 185878 431011 780462 1055951 598965 688950 693871 135636 355462 370624 1031613 597223 499104 297782 200777 999999999 967693 857036 640946 597394 242973 474329 747897 716747 753229 813649 435907 468144 165610 157763 782809 667805 671478 747564 729664 215694 667492 397901 751193 539616 229238 742953 475060 377864 809571 333865 455464 601898 94881 806153 651011 429998 260126 370367 693552 454095 800144 269321 537987 558715 136045 244776 45131 831667 785080
191181 946893 642414 782206 491831 344342 288767 55164 639768 766498 793810 461622 732469 594461 682817 596478 653977 839506 311010 539025 485044 904883 717697 862244 524683 778655 626161 108286 727997 484949 572044 681780 1040405 855361 683272 868602 652044 320714 107180 843282 332571 534078 1031562 626352 742295 115492 919617 571120 1013119 974427 967693 999999999 238911 903494 515724 818653 497481 441084 584591 260020 432874 623734 952387 969353 947182 692558 301962 426175 635483 674786 833944 617557 644265 426126 528335 805050 788859 634003 594950 237834 658079 605791 368712 873275 539262 732333 556997 791727 615106 641672 533417 168794 787455 435439 555975 935727 965768 951422 136219 686726
430043 891487 560005 559024 651834 355724 287003 288473 550261 728805 663216 587057 503483 572718 662812 724748 566565 903188 425724 554224 361169 938816 707437 968630 362797 760074 702764 253676 741861 613906 634024 485826 918726 732035 576190 800781 475307 438139 341775 891500 385666 303971 946521 501590 722376 354277 961051 577337 970660 819803 857036 238911 999999999 957653 560898 666183 392780 549776 680955 339783 568827 610675 957961 822015 801907 803171 237090 495610 398255 771169 771495 388214 482808 192578 545700 659732 552635 641049 482819 361876 524902 432801 283521 767785 667729 802053 508528 738420 555215 728507 490009 182497 736838 389554 357227 795797 914112 851118 204648 798457
910137 424299 542742 1068327 513249 602392 671621 873327 562757 370263 677744 468763 1082658 422634 358590 379020 552667 70265 594163 406661 699744 80242 311710 214748 776832 305354 279731 797364 242737 455517 332501 896052 712563 660805 602542 460439 820537 585731 934862 67699 583576 1001522 563311 662842 325533 892591 51777 390180 393529 821850 640946 903494 957653 999999999 398665 762184 654565 470898 333197 649080 504351 382670 194814 789109 772142 279421 724371 479148 1108506 259292 441190 1030453 770181 983363 414050 732611 1185044 333749 635818 666088 683343 804573 696947 598064 415897 174481 504215 414698 496437 273054 510006 796053 406616 587970 881548 746397 414336 595880 799001 285651
561496 486755 311445 780201 298480 205254 273967 493268 325667 306296 507409 191440 773980 163856 214120 255003 327712 342312 222792 69112 362612 390478 228640 426495 449920 291267 152102 407623 216736 205016 77844 610452 681208 534932 385841 437376 538587 218849 564005 334158 186521 649126 606326 398885 261486 525934 407793 98299 532022 701451 597394 515724 560898 398665 999999999 577643 324073 151301 162397 256127 216567 162245 439249 679369 656594 281195 332628 95097 765519 234157 399975 696404 494886 608827 63115 550340 871110 138221 358411 285497 432874 506092 318341 510609 223347 242422 209985 350983 251534 185608 196503 397586 343220 221665 552566 634793 498933 563735 402451 278932
969559 414588 266653 362374 869600 544076 560183 837009 251997 392104 84443 760222 408733 420717 428288 828635 250620 755129 700128 509567 334430 694093 464099 915811 303955 456999 689051 741040 540609 778562 630281 237264 273735 125505 191891 328754 201631 706210 917635 705640 601004 461471 373756 202472 441200 901622 728874 488750 502434 155981 242973 818653 666183 762184 577643 999999999 331089 712291 729041 649855 776364 441926 626910 155899 136572 825003 520048 623264 506072 770546 332435 427355 183485 532350 514546 29850 502459 496469 242513 710308 166370 236708 454495 198513 800982 715959 369939 348750 327253 725660 388111 651042 356323 432317 333092 135050 439343 264463 688130 825342
