NAME : synthetic_000388
TYPE : CTSP-D
DIMENSION : 100
GROUPS : 8
RELAXATION_LEVEL : 1
EDGE_WEIGHT_TYPE : EXPLICIT
EDGE_WEIGHT_FORMAT : FULL_MATRIX
EDGE_WEIGHT_SECTION
999999999 303902 857487 895266 964711 565446 687226 527893 978399 973830 590663 917224 453417 45814 401535 681766 326362 941491 511258 98785 989448 700563 372456 422021 805507 427925 785157 411641 988913 414286 1076360 420349 657987 541360 761873 870767 363958 955344 639203 486092 404368 721056 619453 539834 196357 321247 805953 493423 685410 623650 241897 246656 551160 348832 837920 661493 360766 419526 772487 563066 480535 573033 206185 619316 856885 611645 668669 691357 480493 599991 226712 555105 407071 280513 484971 347202 353053 120477 73767 999718 456893 229294 841223 1011153 738260 794115 47543 101189 375844 428368 463176 221718 433141 488156 510512 903408 653457 772816 826718 347889
303902 999999999 599499 835074 684472 265681 398807 491062 809628 674851 421870 848912 266746 273597 410278 599399 279897 838255 564263 234490 864868 654579 359890 479828 731973 124094 728936 563021 703699 634371 967057 471537 559107 518308 741423 614682 209410 795490 431285 209366 234462 516447 694229 236124 430495 443674 746780 220324 381595 360914 131001 306864 667478 218748 582366 442511 83152 374796 738739 588190 401559 348824 108745 594048 561909 443172 578995 452228 360890 300426 349242 720780 123462 480628 185418 61502 135901 183606 282282 908793 308851 92660 703951 716983 452535 758584 314956 239583 279323 622548 213002 103695 155529 185125 410064 762544 354034 677031 758894 540677
857487 599499 999999999 640235 155311 376063 235984 566712 376402 300979 338167 631073 748315 843922 630107 497334 855267 548398 724239 819551 516030 585163 604869 705351 559234 512716 594092 861540 197126 998613 619302 694511 457594 592576 671228 16654 501353 390077 252247 589030 462702 212647 816967 452484 883266 774481 596151 379240 398032 239023 615702 689730 868169 773834 21296 220844 518978 560138 643908 689071 504349 290425 703811 605133 221260 328977 478832 172389 453142 480746 750243 976713 476040 876469 515006 539105 505715 753793 863495 619438 808509 637553 402692 272185 189737 649991 844867 761096 524282 954230 644990 702379 444146 452931 467494 419380 318729 489642 583764 901879
895266 835074 640235 999999999 786578 807295 753655 368808 340809 940578 446967 30001 1093590 914923 493789 235852 1101178 131327 420922 929146 208714 194711 525723 490797 104699 846329 110536 599395 829251 736616 223830 488343 278917 353936 157053 634950 626052 306454 500056 975013 601947 461844 396613 874730 778555 608030 90354 709100 921223 651208 741487 648822 497608 1052645 626409 518878 769665 485219 132278 356653 438714 566778 882291 277290 844931 431817 257061 567707 474251 946253 675236 607457 760552 711000 899391 788543 700871 864148 948862 130902 1141861 793575 238408 910109 747567 112669 854550 805648 563699 676594 1011985 895016 738753 828577 425219 240885 819853 171926 76570 683854
964711 684472 155311 786578 999999999 430473 286919 718824 495275 175752 487214 775218 785468 945691 774602 652520 915369 686359 876018 915052 644794 740141 745494 852433 710157 579784 746511 1006982 42767 1140565 741794 841425 612897 745495 825222 155459 623367 515825 398847 626907 587362 367531 971401 495282 1011427 914490 747552 472089 397120 343803 724358 819824 1020232 830227 174552 366691 610174 703664 797334 842795 651505 420792 792673 760179 163464 480035 634127 311602 596677 498373 881070 1127124 564288 1012266 563316 627858 612601 853679 961271 753774 845163 737667 548176 125616 232446 802652 957727 873034 657462 1098582 683834 787962 534882 514736 615857 556742 351104 641794 733742 1042266
565446 265681 376063 807295 430473 999999999 145788 544851 674637 409305 361663 812033 372551 538266 524855 585227 486193 768631 671676 500140 771216 664477 477856 608643 704123 150503 717886 734939 444789 838622 880156 597919 537167 576635 761030 392592 301645 671529 313767 214253 286687 379946 797199 79457 660799 620041 730532 118530 144897 172433 343866 492536 803418 402138 363720 304604 207160 461654 746894 670159 447479 240521 373811 633557 297117 375595 561879 279459 384615 139132 549887 884226 163002 689830 138966 218459 245521 446808 547963 844535 432651 337916 615239 452078 200056 762509 569637 487525 371914 812736 269397 365994 146315 84741 431834 662530 88383 635532 732893 738690
687226 398807 235984 753655 286919 145788 999999999 554214 568696 296249 333386 753240 514319 664855 568054 552966 631907 693904 699400 631396 683484 639524 527859 652010 655625 293203 677922 794350 304899 913341 792379 640813 505077 585347 735610 252637 372293 571588 257608 354494 343701 296164 815722 218189 756899 687581 686977 195960 177466 114466 451825 573592 839884 547921 226433 235197 327730 498219 715924 684285 464831 217929 507415 627223 173227 339533 530087 187679 401128 246249 634265 933337 281316 772234 283340 344001 342006 572570 678318 769763 574592 458117 537916 324803 54661 728382 684963 600608 425999 879738 410988 501921 254088 228735 438560 576113 84306 583759 683815 812788
527893 491062 566712 368808 718824 544851 554214 999999999 501475 821734 233957 389710 757285 546265 129332 161373 742076 418086 157574 560693 474245 174827 156915 161572 277814 532664 258289 315138 758094 462130 552354 153466 155294 31824 252002 571445 286014 470895 323167 662945 275736 357004 261861 593036 432173 269536 278803 428222 683676 439986 382162 281271 301497 701866 546061 355057 440084 119804 253863 130149 98312 336390 521951 103226 701962 238915 155131 413513 160251 672994 314060 411169 445209 382110 596944 455195 366555 496684 580102 472554 799413 435364 346110 820081 574609 274943 488706 436892 211788 408866 689091 536315 432911 535366 115962 405282 591018 252777 298867 379006
978399 809628 376402 340809 495275 674637 568696 501475 999999999 666315 394923 319399 1027826 982460 620701 349440 1089236 214888 631610 977828 154502 401992 625721 662416 310482 769918 356456 810023 535617 957705 246529 654781 346233 509442 445913 364902 629980 36019 381304 880507 592269 300006 667785 753251 925118 769739 345608 616597 745846 502368 763595 748277 753414 1020666 371161 377826 728662 573201 412586 572874 506566 465947 891385 469753 597658 373106 348551 395232 497909 805728 796337 870782 700278 882666 800452 750570 679682 907302 1011401 268620 1084803 805827 158086 620504 540268 406397 948954 877785 602743 901186 930081 897756 669952 727919 471854 110607 650514 274629 320592 879682
973830 674851 300979 940578 175752 409305 296249 821734 666315 999999999 588557 931934 714255 947519 854481 782398 865017 848758 974772 909148 812658 871461 817667 936976 856694 555734 889238 1084450 143190 1207521 912528 925749 738558 851095 961979 308056 668275 684535 500316 565462 638462 494473 1082021 451761 1052877 980979 892868 490299 319207 395777 744292 869645 1118159 778695 314168 469436 613391 783390 936571 950617 741447 493795 782528 878688 124295 587056 761831 410331 680413 426316 930425 1217683 567418 1068053 518874 626690 636397 855884 957073 918790 770981 745055 703541 72875 256304 944397 975440 891876 718789 1171926 619711 773785 543792 490847 710082 719354 320928 785820 882093 1107150
590663 421870 338167 446967 487214 361663 333386 233957 394923 588557 999999999 453649 661918 590917 293962 224827 701286 423603 389774 583632 443811 308195 274780 367278 343062 406613 356391 523939 525616 663236 547985 356493 176460 262693 404953 344819 235157 376997 89271 532049 197405 141736 493470 427764 569762 442617 368869 262919 484627 220223 368822 378793 534060 638498 317056 121315 344800 226060 387922 362098 166583 122850 497442 294957 470233 21834 201467 179557 122661 500097 435239 639912 325207 549652 454626 366013 288015 513075 618629 497358 714796 411097 282485 586187 346170 402430 565657 489474 217621 617108 573062 504703 299279 382756 129331 340674 385127 276180 371811 568527
917224 848912 631073 30001 775218 812033 753240 389710 319399 931934 453649 999999999 1105473 935930 516130 249869 1117253 106303 448138 948929 182066 217270 546444 516167 117122 856137 132395 627482 817767 765451 193897 513360 290428 376427 186249 625083 640488 285867 502152 984033 615012 459235 426364 880898 803951 633560 111409 716479 922803 653072 758345 670595 527146 1067032 618000 519409 781821 504513 160257 383648 455603 571679 899026 301221 838940 437490 269917 566322 488114 951147 698622 637298 771074 737536 907639 801082 714046 883259 969662 101000 1154608 810042 228394 899437 744987 141359 877076 826483 580191 705450 1022224 911343 748390 836234 440020 223742 821382 177495 91723 711514
453417 266746 748315 1093590 785468 372551 514319 757285 1027826 714255 661918 1105473 999999999 408477 675262 857933 174838 1085305 827809 354890 1103349 918017 625393 740974 989412 258482 989776 806011 790893 851754 1209224 733388 815143 784875 1006629 764892 472972 1019318 648342 159934 492398 727820 956888 296177 633238 689839 1006823 411477 397038 533634 389565 557461 922426 107801 736262 650014 323955 641533 1002646 854295 666006 564035 277255 860035 631260 681671 836532 640059 620735 290255 587855 963056 336764 702270 234256 305570 394341 357256 392455 1158320 60273 339433 942132 774902 566141 1022073 487499 442373 545515 851820 103366 258024 363311 302815 671231 997046 437193 930326 1017051 767997
45814 273597 843922 914923 945691 538266 664855 546265 982460 947519 590917 935930 408477 999999999 422812 696342 280982 955448 541103 53599 1000545 720387 389501 450622 822637 396606 804472 451149 968365 459288 1090187 448034 669882 561888 785678 857699 359145 960731 633738 446932 399319 717090 653266 507825 240423 355448 825054 473604 653367 607540 230156 267266 588726 303396 824820 654345 337132 433766 794670 590274 491775 563784 170318 640853 832461 612299 682034 680733 485764 564821 256429 597225 383567 322863 450453 321697 338229 92285 35020 1015789 411151 208078 849372 987261 716929 816257 88885 109586 380470 471843 421569 184101 411393 458721 519421 911469 626611 786505 844817 390523
401535 410278 630107 493789 774602 524855 568054 129332 620701 854481 293962 516130 675262 422812 999999999 289760 638090 547414 155206 441916 602690 299132 50987 84472 406282 477559 383862 232449 810817 369276 681671 73451 276977 139852 363593 637720 229473 591918 377874 602774 238180 433516 285657 557493 305614 152648 404748 406823 669323 459421 286936 155609 278579 607620 608842 409514 377278 71382 371858 180678 128477 361276 419986 218108 730914 307236 281194 463005 177930 638569 184728 365329 395060 264571 546816 387563 305644 381887 457259 601267 711316 339340 468848 863539 599176 393448 360946 314590 153631 324244 619740 436315 391928 495603 167271 529485 586985 381528 426247 275412
681766 599399 497334 235852 652520 585227 552966 161373 349440 782398 224827 249869 857933 696342 289760 999999999 867603 259764 282493 705264 312983 89095 309747 316990 132752 612607 134100 460836 694457 608411 394624 310428 48394 162579 182992 497593 390681 316702 295929 742198 366096 288481 335854 648097 593538 429577 149468 480424 709275 442451 509472 436782 410384 817287 478942 321897 533979 262653 163414 225876 207743 347677 649902 123934 672346 214540 23376 378596 238511 722743 474001 527438 526106 541417 668035 552739 465024 638037 729164 320109 906011 560752 191442 766721 558075 177613 644775 586862 331214 551746 777558 661892 505504 598633 190161 247388 609329 91868 159509 532703
326362 279897 855267 1101178 915369 486193 631907 742076 1089236 865017 701286 1117253 174838 280982 638090 867603 999999999 1113682 779845 231925 1143245 913649 592904 688800 1000189 342551 992483 721192 926399 740189 1244104 683357 830383 765350 993680 871328 478967 1075373 709682 299893 509610 794271 902865 421086 520742 614077 1011436 485759 546030 623211 360459 496362 851545 86363 840326 718912 360711 622275 995518 817932 662556 626131 220126 844531 770613 722713 848565 722595 631204 439603 509656 872694 392781 600382 352560 338754 413611 265762 255248 1182572 148058 307784 982782 920690 686249 1016294 368913 350485 537499 750665 248009 206292 424730 403980 677584 1041868 564803 949534 1026037 668104
941491 838255 548398 131327 686359 768631 693904 418086 214888 848758 423603 106303 1085305 955448 547414 259764 1113682 999999999 507145 962634 78369 263579 569485 562979 149199 830074 188424 690024 728449 833186 134869 558282 287069 412516 267386 540703 634933 182709 454864 954052 604512 397942 507300 841709 847381 679488 170011 683258 868246 602104 761018 696462 604071 1056860 537377 466569 765338 522146 235842 442772 464450 532246 899740 347443 762961 404449 273434 506475 483753 907108 732135 718170 748545 788420 875484 785847 702366 894444 987959 76135 1137483 810487 155995 811628 679248 222354 904482 846107 584149 773753 996420 910235 722876 802630 440952 129679 767448 168946 141751 770161
511258 564263 724239 420922 876018 671676 699400 157574 631610 974772 389774 448138 827809 541103 155206 282493 779845 507145 999999999 569473 575344 243926 206192 91492 357947 632303 321684 183076 915021 328571 633887 96499 295926 133995 268617 729019 382852 598302 479003 757959 387052 514437 130455 709177 364442 196190 342127 553148 814819 586592 438313 283896 144299 755856 703552 511088 532362 210245 288804 64757 234787 483839 565769 163678 853532 395983 286593 569007 298274 790289 284954 254246 548872 291173 701175 542768 460354 516829 576116 544737 861715 489534 473526 975666 724154 309278 465655 439609 305474 270522 774637 583077 543930 647977 264691 526991 727692 361949 368872 263941
98785 234490 819551 929146 915052 500140 631396 560693 977828 909148 583632 948929 354890 53599 441916 705264 231925 962634 569473 999999999 1004179 735513 404123 478139 834081 354836 818634 492377 936031 508993 1096884 474471 675752 578778 805422 833839 348815 957715 619519 396926 387979 704129 686146 464683 289119 390653 838882 444145 609727 581323 215570 288599 626792 250047 801030 638063 304892 444475 812379 615099 498271 545694 126835 658460 796285 605321 689586 660330 485320 518294 288098 641755 350817 368630 404953 287492 316465 70557 48147 1025372 358403 182638 849974 951344 684409 833841 137599 129872 380791 518772 369561 137809 380345 418588 522893 911754 588461 793944 857357 436386
989448 864868 516030 208714 644794 771216 683484 474245 154502 812658 443811 182066 1103349 1000545 602690 312983 1143245 78369 575344 1004179 999999999 331640 620118 625515 219732 845669 262143 758399 685957 903108 109224 620009 331507 472427 344270 506423 667394 129107 460141 965609 634158 392454 582748 846973 906221 740596 245044 695128 860279 600649 797246 747134 678014 1082206 507593 466612 788609 570574 312156 511679 509106 541962 933484 413064 735368 423093 322522 498972 519920 907821 786613 793022 767643 851190 886004 809779 729754 934883 1032144 114572 1157452 844798 161447 770390 662950 299669 954444 891974 623488 844082 1010845 942704 740083 812727 481540 108704 761024 221533 216803 836525
700563 654579 585163 194711 740141 664477 639524 174827 401992 871461 308195 217270 918017 720387 299132 89095 913649 263579 243926 735513 331640 999999999 331561 301844 114573 680182 84875 426990 782251 571485 392824 298141 135043 159298 96859 584918 445497 366891 383440 810773 426599 377372 266239 723955 588874 419185 105901 555679 792345 527816 553190 454114 352554 869531 567062 410169 595383 293095 84953 180040 253179 430427 693788 85178 761337 300069 110531 467287 298803 800442 481366 469620 592607 526200 739084 612717 523721 671372 754419 306764 963290 605989 247530 855240 646193 104069 660004 611222 377529 512559 842718 707412 574749 671741 247666 292818 693265 127535 129324 506582
372456 359890 604869 525723 745494 477856 527859 156915 625721 817667 274780 546444 625393 389501 50987 309747 592904 569485 206192 404123 620118 331561 999999999 131253 433411 426816 415202 266865 780447 395078 704323 120866 289421 175045 403149 613524 179820 598835 353489 551801 191566 416411 336644 508177 301415 169614 435687 360462 622628 421892 238223 127130 326706 559681 583576 384218 326367 52733 408556 229189 119906 327263 373671 254896 693618 290707 297788 434843 152967 589172 170617 408056 344838 274874 496247 336576 254975 341218 423235 627307 662338 291084 478599 829881 561551 429944 335038 280042 105979 355025 568878 389455 342672 446018 157247 540304 542585 401239 455326 297156
422021 479828 705351 490797 852433 608643 652010 161572 662416 936976 367278 516167 740974 450622 84472 316990 688800 562979 91492 478139 625515 301844 131253 999999999 415572 555652 385182 157720 889492 302338 694290 11232 316611 154414 345688 712084 310919 631276 453958 678333 322001 503071 216310 639278 287796 117460 406236 490844 753270 542620 351628 192572 195473 666457 684189 485986 454350 153955 361145 141750 201107 443250 475850 216681 813719 378167 314385 541146 257539 720217 195310 281386 475193 225713 625655 462909 384480 425397 485642 608517 773238 401765 506059 944304 682236 382491 377132 348267 236822 251749 691825 493429 473836 576985 238005 563991 671436 405264 431002 217468
805507 731973 559234 104699 710157 704123 655625 277814 310482 856694 343062 117122 989412 822637 406282 132752 1000189 149199 357947 834081 219732 114573 433411 415572 999999999 741646 46017 540852 752908 684373 278719 411403 174386 268174 135471 555766 523408 274471 399778 870320 498290 368691 365164 770744 701673 532642 38174 604718 820590 550708 641525 558993 458652 949989 543706 420429 665566 389699 102193 293607 338964 463755 782134 199138 755769 328539 153090 471730 371110 842905 590465 574261 655951 640467 794775 684629 597302 767789 856046 195034 1038092 693088 172113 831236 652689 98452 766517 713063 463305 625085 907356 794340 634058 724089 322897 200165 719400 72286 28770 621060
427925 124094 512716 846329 579784 150503 293203 532664 769918 555734 406613 856137 258482 396606 477559 612607 342551 830074 632303 354836 845669 680182 426816 555652 741646 999999999 746309 659001 595128 743727 952138 546060 567577 562861 773034 528790 250738 760931 389891 130779 257089 470019 762430 112054 547755 539763 762058 153324 257507 283102 233185 403867 749591 262001 497887 392345 101840 427412 765084 645271 435775 305554 228026 631910 446915 425646 590288 386541 381924 180477 453961 814885 87831 590637 70880 98425 171952 307528 402966 903969 314886 210221 684716 601550 347863 783309 438518 361122 328709 726479 166493 218240 107785 65850 433129 738954 236980 679344 769868 646938
785157 728936 594092 110536 746511 717886 677922 258289 356456 889238 356391 132395 989776 804472 383862 134100 992483 188424 321684 818634 262143 84875 415202 385182 46017 746309 999999999 503673 789189 645510 312204 381944 181152 244087 89650 591466 519552 320451 420512 876100 497388 397363 320916 781807 672730 502640 21105 614346 839005 570173 632357 538602 416023 945636 577806 443441 665973 374880 56546 256942 330001 478850 773168 169204 785400 344060 157035 497065 369089 855887 566235 530885 659536 608269 802120 684244 595862 753771 838373 223800 1036792 684721 215546 866273 678212 56328 744786 695159 455082 585901 910863 786213 639391 732708 319004 246067 738334 104753 47320 585593
411641 563021 861540 599395 1006982 734939 794350 315138 810023 1084450 523939 627482 806011 451149 232449 460836 721192 690024 183076 492377 758399 426990 266865 157720 540852 659001 503673 999999999 1043266 147765 815661 168050 467447 301659 443737 868668 433473 777536 609548 771129 453794 660675 232490 754368 226745 119605 523820 620483 879511 688699 432588 256629 143950 717445 840318 641380 557815 303663 467256 247252 357370 592683 529282 346045 960451 535458 461919 695380 410357 833612 218161 157909 587342 139128 729852 561316 495803 458194 484239 725592 828320 473964 652216 1095393 828399 486808 364205 371593 369081 94129 774472 548382 592557 691408 394979 707501 805117 543697 550973 87939
988913 703699 197126 829251 42767 444789 304899 758094 535617 143190 525616 817767 790893 968365 810817 694457 926399 728449 915021 936031 685957 782251 780447 889492 752908 595128 789189 1043266 999999999 1175444 782019 878432 654444 785139 867691 197936 653161 556896 436795 633873 618093 408640 1011873 505326 1041852 948940 790290 495497 397378 372332 749880 851263 1059301 840669 215839 404603 631661 739671 839904 882834 688874 454250 812313 801244 160473 519181 675874 348357 632942 501564 912591 1165364 585415 1045158 573841 648541 638297 876143 982742 795448 850075 760731 590858 85074 251640 845313 983607 898896 690331 1134379 690512 806716 556974 529509 653729 598888 361825 684482 776508 1076684
414286 634371 998613 736616 1140565 838622 913341 462130 957705 1207521 663236 765451 851754 459288 369276 608411 740189 833186 328571 508993 903108 571485 395078 302338 684373 743727 645510 147765 1175444 999999999 956199 311933 615098 449378 579666 1006603 543008 925105 746445 843120 569640 802246 349673 847164 220121 227004 665145 729636 980863 812895 510622 346107 247175 753520 977322 777779 646381 438500 605554 391490 497249 721673 577443 492220 1083229 676187 609681 829660 545480 923242 290553 176276 682098 153745 813275 645505 593584 494500 487189 864978 864282 541795 799834 1223313 951392 624101 371445 410178 488924 60039 837163 596571 692792 785066 535692 854756 914928 690363 692791 100617
1076360 967057 619302 223830 741794 880156 792379 552354 246529 912528 547985 193897 1209224 1090187 681671 394624 1244104 134869 633887 1096884 109224 392824 704323 694290 278719 952138 312204 815661 782019 956199 999999999 690085 421132 545666 379209 608823 766186 229225 568427 1073222 734495 501656 620078 955648 980103 811336 291867 802447 969308 709799 893790 831266 720354 1185161 612055 575568 892246 656997 351158 569145 598910 649556 1031759 477765 839832 527770 408155 608168 616124 1016944 866390 831135 872890 919022 993797 913154 831410 1028444 1122612 92939 1262682 942646 267559 866958 770992 333756 1039293 980889 717650 896340 1117766 1041771 845942 920557 574550 217829 870180 303712 265053 897783
420349 471537 694511 488343 841425 597919 640813 153466 654781 925749 356493 513360 733388 448034 73451 310428 683357 558282 96499 474471 620009 298141 120866 11232 411403 546060 381944 168050 878432 311933 690085 999999999 308723 148037 344911 701311 300654 623878 443020 669195 311247 492629 223529 629024 290796 121260 403030 480044 742501 531390 343881 187635 205880 659845 673340 475029 444891 142732 359425 142722 190204 432027 469502 212986 802487 367557 307165 530095 246366 709998 193792 292602 465224 231295 615951 453728 374698 420656 483040 604905 766226 394409 498780 933133 671005 380867 375916 344646 226192 261960 683248 486927 463534 566804 227271 557075 660436 399340 427437 225687
657987 559107 457594 278917 612897 537167 505077 155294 346233 738558 176460 290428 815143 669882 276977 48394 830383 287069 295926 675752 331507 135043 289421 316611 174386 567577 181152 467447 654444 615098 421132 308723 999999999 165878 230549 458839 351784 316027 248473 696663 324843 246398 364956 600657 582586 423838 195272 433290 660882 394222 474747 416100 431387 777596 438609 275160 491405 239186 211756 245621 178113 299307 614305 150213 627006 166254 25110 332510 199232 674894 458024 547090 481640 536693 621834 510663 423864 607399 701945 352744 864195 524989 191992 725019 511150 225971 623032 560946 297264 560248 733089 625515 460137 551925 154126 252531 560959 119439 202375 534070
541360 518308 592576 353936 745495 576635 585347 31824 509442 851095 262693 376427 784875 561888 139852 162579 765350 412516 133995 578778 472427 159298 175045 154414 268174 562861 244087 301659 785139 449378 545666 148037 165878 999999999 228581 596788 315024 477721 351640 692929 306225 381575 231419 624463 434892 268174 265020 459913 715495 471031 406475 295101 276175 727286 572104 383324 469345 144329 233611 99660 129762 367446 545336 79857 731835 266378 160892 442057 192054 704517 322641 388197 475581 379288 627611 483999 395691 516260 596123 463120 826089 459772 352345 848261 605045 255063 500710 453063 239597 394373 718210 560195 463846 566547 147507 409724 622740 251402 287035 370586
761873 741423 671228 157053 825222 761030 735610 252002 445913 961979 404953 186249 1006629 785678 363593 182992 993680 267386 268617 805422 344270 96859 403149 345688 135471 773034 89650 443737 867691 579666 379209 344911 230549 228581 999999999 669773 533703 409896 478874 903789 517592 467577 241395 819707 631316 461122 101341 651450 889201 624325 634105 518557 341149 953713 653964 504826 685735 371597 33353 206039 340713 527273 773584 149149 854028 396410 205597 561187 391113 896620 537119 452696 685258 559789 833221 702292 613168 744141 820329 286775 1050207 687335 304104 942798 741018 45651 718894 678055 462378 519633 934116 788169 668544 766710 339922 335635 790063 188326 128621 529174
870767 614682 16654 634950 155459 392592 252637 571445 364902 308056 344819 625083 764892 857699 637720 497593 871328 540703 729019 833839 506423 584918 613524 712084 555766 528790 591466 868668 197936 1006603 608823 701311 458839 596788 669773 999999999 513461 379676 260234 605638 474541 215641 819797 469096 893998 783090 592944 394369 414200 253940 629104 700341 872713 790041 32880 229315 533906 568120 641979 692623 511312 302042 718651 607193 233338 334731 479589 183260 461325 497333 760664 982012 491222 885882 531522 554151 519471 767802 877578 611031 825080 651672 396891 275648 206222 647529 857593 773995 534617 961616 661574 717418 459245 469226 474089 411342 335345 486822 579858 910301
363958 209410 501353 626052 623367 301645 372293 286014 629980 668275 235157 640488 472972 359145 229473 390681 478967 634933 382852 348815 667394 445497 179820 310919 523408 250738 519552 433473 653161 543008 766186 300654 351784 315024 533703 513461 999999999 611148 275315 379259 40412 358005 512493 328370 388807 320072 537487 187542 446434 281012 133667 201377 506380 426627 480962 297746 154389 176718 529905 394620 193034 211823 266095 387894 544439 256934 370765 331089 152600 409352 262305 582901 166035 399955 318617 169205 80687 278300 385238 703617 517834 177721 508826 690617 414202 549555 345777 263996 77982 513249 403190 275597 162930 266218 200845 569563 372886 470693 550045 442418
955344 795490 390077 306454 515825 671529 571588 470895 36019 684535 376997 285867 1019318 960731 591918 316702 1075373 182709 598302 957715 129107 366891 598835 631276 274471 760931 320451 777536 556896 925105 229225 623878 316027 477721 409896 379676 611148 999999999 371092 874418 574234 293040 632423 749461 897003 739865 309602 607859 749052 499124 744464 722547 718736 1008521 383031 370606 715430 546556 376569 538976 480392 455665 874420 435894 610709 355184 316949 393184 475178 804740 769350 836055 688835 852710 794317 737226 663898 887293 990238 240977 1075611 787958 125409 641397 546215 370413 924843 855103 580383 868262 922850 881442 659127 721374 446659 74753 652063 239755 284659 848256
639203 431285 252247 500056 398847 313767 257608 323167 381304 500316 89271 502152 648342 633738 377874 295929 709682 454864 479003 619519 460141 383440 353489 453958 399778 389891 420512 609548 436795 746445 568427 443020 248473 351640 478874 260234 275315 371092 999999999 506024 234910 85591 581930 387607 639594 522966 430081 237062 421174 151153 404742 446139 623275 639592 230974 32192 349104 307946 458489 450838 252866 84685 520189 379763 383432 86989 273307 90417 201091 452355 505223 728569 319064 626826 426185 371096 307293 549728 658523 530784 704520 439491 301999 496929 263119 470779 619280 538874 280266 702050 552808 524332 288650 352904 217021 351958 319832 328625 428259 650084
486092 209366 589030 975013 626907 214253 354494 662945 880507 565462 532049 984033 159934 446932 602774 742198 299893 954052 757959 396926 965609 810773 551801 678333 870320 130779 876100 771129 633873 843120 1073222 669195 696663 692929 903789 605638 379259 874418 506024 999999999 387643 581428 888378 136554 635553 651564 891550 270965 246286 380537 338591 514519 870157 213808 577422 503819 225907 555828 895643 773684 566356 423688 281002 762562 475331 550152 719696 488019 512676 139729 558548 928576 218606 689435 80103 215481 299094 369687 443112 1028678 220192 301502 805748 622640 406207 913750 507686 441115 456932 831911 56991 264501 236710 153197 563873 857804 277472 806802 898688 749992
404368 234462 462702 601947 587362 286687 343701 275736 592269 638462 197405 615012 492398 399319 238180 366096 509610 604512 387052 387979 634158 426599 191566 322001 498290 257089 497388 453794 618093 569640 734495 311247 324843 306225 517592 474541 40412 574234 234910 387643 999999999 317771 514844 322624 424065 344171 514565 168917 431270 247031 172441 233492 516758 453171 442166 257425 168861 177003 511491 392154 178713 172550 300714 374941 514265 219238 345201 291765 128349 403638 294828 599266 169491 430201 321428 186858 99036 317566 425077 674510 539915 213728 474522 658104 382980 530486 385857 304341 85673 536881 416531 308913 158598 262432 179082 534675 351711 442569 525540 469094
721056 516447 212647 461844 367531 379946 296164 357004 300006 494473 141736 459235 727820 717090 433516 288481 794271 397942 514437 704129 392454 377372 416411 503071 368691 470019 397363 660675 408640 802246 501656 492629 246398 381575 467577 215641 358005 293040 85591 581428 317771 999999999 604369 457099 710820 583612 403031 316702 470481 208364 488944 518866 657708 723070 192979 77839 433999 367079 442722 476992 305115 168157 605761 392654 388042 126352 268668 108552 264344 515549 576199 768132 402575 691277 501325 455993 392822 634129 742513 473925 784881 524704 241967 478659 285831 451546 699367 620271 354984 754457 630312 609917 371556 428471 266557 283857 370034 296507 395795 708795
619453 694229 816967 396613 971401 797199 815722 261861 667785 1082021 493470 426364 956888 653266 285657 335854 902865 507300 130455 686146 582748 266239 336644 216310 365164 762430 320916 232490 1011873 349673 620078 223529 364956 231419 241395 819797 512493 632423 581930 888378 514844 604369 999999999 837440 451731 298233 337737 678862 939128 701658 567341 406909 103140 882623 797037 613274 662715 337919 271648 131788 352862 598086 691818 214780 963179 495711 348152 672258 417132 918479 398126 211302 678511 367710 831047 673219 590516 637903 687988 527321 989548 617924 513703 1077375 836405 287046 572439 557121 434793 290429 904976 709540 672624 776719 377167 557943 849412 393731 366019 320083
539834 236124 452484 874730 495282 79457 218189 593036 753251 451761 427764 880898 296177 507825 557493 648097 421086 841709 709177 464683 846973 723955 508177 639278 770744 112054 781807 754368 505326 847164 955648 629024 600657 624463 819707 469096 328370 749461 387607 136554 322624 457099 837440 999999999 656540 636451 795468 168278 145616 250892 339178 503179 834720 335374 441013 380794 200951 499532 807623 714051 494736 310142 338280 686571 350262 443408 624916 358318 434435 81122 556613 907814 167030 695165 68605 204405 258657 419385 512815 917337 356444 321047 689605 502476 270562 824172 550461 472379 404174 826515 192822 327113 165566 62968 483976 738404 144178 703646 799471 748895
196357 430495 883266 778555 1011427 660799 756899 432173 925118 1052877 569762 803951 633238 240423 305614 593538 520742 847381 364442 289119 906221 588874 301415 287796 701673 547755 672730 226745 1041852 220121 980103 290796 582586 434892 631316 893998 388807 897003 639594 635553 424065 710820 451731 656540 999999999 170573 693811 563151 797079 669818 318273 193745 370468 533767 862310 667788 457396 354081 648395 425314 421252 593583 361924 503754 930071 587628 586328 710911 447473 728112 134638 360677 498485 88308 614591 452138 418158 276434 270035 895614 644345 338681 774396 1078569 801544 669594 151854 195247 359815 232174 624547 380752 515430 596840 458583 835099 743588 684688 718192 153377
321247 443674 774481 608030 914490 620041 687581 269536 769739 980979 442617 633560 689839 355448 152648 429577 614077 679488 196190 390653 740596 419185 169614 117460 532642 539763 502640 119605 948940 227004 811336 121260 423838 268174 461122 783090 320072 739865 522966 651564 344171 583612 298233 636451 170573 999999999 523695 507606 764056 586006 313076 137045 237472 604330 753189 553801 438824 216584 477839 255335 279945 494895 414376 334007 856687 457317 424647 604293 322059 715230 104518 277121 469479 112943 610578 441910 378352 348600 390027 725914 714544 355287 615454 996309 724741 499061 274351 263935 262193 193184 655533 433259 476135 573554 318834 674818 692950 519490 548406 127777
805953 746780 596151 90354 747552 730532 686977 278803 345608 892868 368869 111409 1006823 825054 404748 149468 1011436 170011 342127 838882 245044 105901 435687 406236 38174 762058 21105 523820 790290 665145 291867 403030 195272 265020 101341 592944 537487 309602 430081 891550 514565 403031 337737 795468 693811 523695 999999999 628426 849837 580433 651509 559363 434063 963851 580366 452001 682907 394871 68179 277370 348880 490823 792326 190309 790743 355676 171858 504555 386415 868876 587266 548310 675568 629166 817049 701398 613246 773801 858904 202966 1054284 703733 210151 868264 685711 61117 765688 715694 473945 605451 927010 805208 654884 747191 336717 235875 748910 107085 28302 606066
493423 220324 379240 709100 472089 118530 195960 428222 616597 490299 262919 716479 411477 473604 406823 480424 485759 683258 553148 444145 695128 555679 360462 490844 604718 153324 614346 620483 495497 729636 802447 480044 433290 459913 651450 394369 187542 607859 237062 270965 168917 316702 678862 168278 563151 507606 628426 999999999 262511 140631 255980 385049 685291 409935 362044 239068 140216 343138 639407 552357 330335 153332 325109 519493 368711 280118 457333 236879 268363 246000 444480 767837 96886 583962 192267 159921 146213 381642 489746 758090 468207 265587 534912 520681 245206 656072 489440 404933 254503 700774 315978 323172 64919 119864 316952 587701 185428 538985 633361 629165
685410 381595 398032 921223 397120 144897 177466 683676 745846 319207 484627 922803 397038 653367 669323 709275 546030 868246 814819 609727 860279 792345 622628 753270 820590 257507 839005 879511 397378 980863 969308 742501 660882 715495 889201 414200 446434 749052 421174 246286 431270 470481 939128 145616 797079 764056 849837 262511 999999999 270023 478806 634884 947801 459778 392905 403692 339690 605238 872529 810784 587501 361963 483608 768314 236907 495195 685954 362195 523758 107289 691054 1029117 299751 830739 206497 346275 387334 564977 657817 944303 455092 464829 712364 377928 210057 886733 695362 616275 516659 956395 300640 471974 288330 200748 568939 752525 101422 749745 849172 881342
623650 360914 239023 651208 343803 172433 114466 439986 502368 395777 220223 653072 533634 607540 459421 442451 623211 602104 586592 581323 600649 527816 421892 542620 550708 283102 570173 688699 372332 812895 709799 531390 394222 471031 624325 253940 281012 499124 151153 380537 247031 208364 701658 250892 669818 586006 580433 140631 270023 999999999 382102 480506 728027 544735 221497 135535 279976 388693 605829 570107 351810 103597 464788 513065 271766 227988 419323 107646 288652 307201 541829 823909 237511 676747 301135 300233 270600 516558 625870 678231 592603 400068 447112 411374 139795 619142 614664 530082 324019 776293 432631 463487 205398 230829 324525 491972 168712 479736 579250 712821
241897 131001 615702 741487 724358 343866 451825 382162 763595 744292 368822 758345 389565 230156 286936 509472 360459 761018 438313 215570 797246 553190 238223 351628 641525 233185 632357 432588 749880 510622 893790 343881 474747 406475 634105 629104 133667 744464 404742 338591 172441 488944 567341 339178 318273 313076 651509 255980 478806 382102 999999999 176086 537000 321680 596240 424499 139137 262526 635201 467246 302828 333628 140817 485035 624037 390593 491405 450820 277726 413217 221594 590181 180918 357452 302694 135325 111758 145266 253808 827420 424380 53302 640161 776617 500939 655911 233763 149095 178262 495004 343856 154279 200846 278737 320692 701374 428683 594169 666839 414438
246656 306864 689730 648822 819824 492536 573592 281271 748277 869645 378793 670595 557461 267266 155609 436782 496362 696462 283896 288599 747134 454114 127130 192572 558993 403867 538602 256629 851263 346107 831266 187635 416100 295101 518557 700341 201377 722547 446139 514519 233492 518866 406909 503179 193745 137045 559363 385049 634884 480506 176086 999999999 364971 477114 668733 474109 303715 177169 527443 326660 242223 400537 285955 373715 745811 397538 424900 517346 257886 580916 61346 414107 336927 199026 474536 305673 247551 233024 301811 753442 585679 219808 603935 891325 615377 549040 208030 159731 166097 323385 519182 304167 346702 440582 276490 665879 569801 528346 580065 246475
551160 667478 868169 497608 1020232 803418 839884 301497 753414 1118159 534060 527146 922426 588726 278579 410384 851545 604071 144299 626792 678014 352554 326706 195473 458652 749591 416023 143950 1059301 247175 720354 205880 431387 276175 341149 872713 506380 718736 623275 870157 516758 657708 103140 834720 370468 237472 434063 685291 947801 728027 537000 364971 999999999 840279 847547 655371 647930 343898 369927 185808 376967 625966 649498 286489 996434 540207 418594 713220 439397 915627 341953 117416 670254 283075 819931 655335 579165 586046 622601 627885 949819 584001 596677 1119833 866409 386621 503620 501276 431992 188520 880448 668094 669303 772365 408340 645102 864051 478998 462322 227660
348832 218748 773834 1052645 830227 402138 547921 701866 1020666 778695 638498 1067032 107801 303396 607620 817287 86363 1056860 755856 250047 1082206 869531 559681 666457 949989 262001 945636 717445 840669 753520 1185161 659845 777596 727286 953713 790041 426627 1008521 639592 213808 453171 723070 882623 335374 533767 604330 963851 409935 459778 544735 321680 477114 840279 999999999 759460 646577 293903 582977 952954 788267 616472 555211 191160 805065 684487 659479 797179 646452 578929 353536 500464 872892 320571 606697 266994 272507 354615 261059 285645 1127535 111281 268611 920973 834354 602046 973212 385229 347838 492107 757180 163211 173114 351566 321196 627428 978770 479343 895720 976672 673466
837920 582366 21296 626409 174552 363720 226433 546061 371161 314168 317056 618000 736262 824820 608842 478942 840326 537377 703552 801030 507593 567062 583576 684189 543706 497887 577806 840318 215839 977322 612055 673340 438609 572104 653964 32880 480962 383031 230974 577422 442166 192979 797037 441013 862310 753189 580366 362044 392905 221497 596240 668733 847547 759460 999999999 199550 501400 538852 627025 668843 483164 269762 686074 585628 227842 308079 460132 151399 431850 472352 729196 955853 458923 855236 502451 521728 486593 734941 844726 609257 796370 618829 389666 288852 183156 633536 824872 741224 503205 932979 633044 684974 426878 439049 446374 408963 310120 473599 568622 880583
661493 442511 220844 518878 366691 304604 235197 355057 377826 469436 121315 519409 650014 654345 409514 321897 718912 466569 511088 638063 466612 410169 384218 485986 420429 392345 443441 641380 404603 777779 575568 475029 275160 383324 504826 229315 297746 370606 32192 503819 257425 77839 613274 380794 667788 553801 452001 239068 403692 135535 424499 474109 655371 646577 199550 999999999 359599 339334 483375 482370 284923 93996 535083 409712 353657 117672 299691 59105 232301 441711 533686 760761 326448 656858 423722 381546 323270 568797 678164 542696 707164 456713 311693 465032 236192 494873 643095 561742 308017 733742 552497 538197 295042 350773 249198 357930 302336 348582 448624 681099
