NAME : synthetic_000382
TYPE : CTSP-D
DIMENSION : 100
GROUPS : 8
RELAXATION_LEVEL : 1
EDGE_WEIGHT_TYPE : EXPLICIT
EDGE_WEIGHT_FORMAT : FULL_MATRIX
EDGE_WEIGHT_SECTION
999999999 757539 783254 398362 395470 860701 616414 840014 571872 659197 697779 552705 715976 923240 201737 878186 30951 995145 656046 901029 276292 471057 107576 502231 624397 454091 758217 801533 490644 464180 535325 479858 734550 753278 53481 357670 842368 905218 582162 181890 385284 626051 837652 750362 911819 978892 495325 495830 564249 424882 412315 645160 569587 904157 283499 491836 974423 503210 469908 319885 430341 347520 324097 423871 507575 520730 65198 968410 56738 816830 467244 775224 534217 491912 664677 414192 883922 345620 859908 356788 899225 159534 393234 270261 140469 1043419 116624 570026 977797 784040 643306 882081 619551 226108 515804 827267 443256 618646 802135 683235
757539 999999999 182796 506220 672909 227382 490916 351844 298843 487534 380213 266381 188701 181712 561855 198673 779456 500474 327421 324976 844306 391379 681725 419002 640946 731514 9401 449224 315716 898009 648977 613224 226923 253222 742318 564349 473417 488175 730582 596236 683986 153313 381049 531149 216750 438105 839162 262700 359618 338958 671899 558374 505829 168900 552772 678745 437190 391786 927279 667730 860914 734448 786252 633617 546924 330711 819400 562293 701753 360804 325403 106739 774733 899922 94800 886946 196563 576518 106233 705065 229779 665446 467056 539997 731920 454908 643158 591212 333102 407971 456013 299233 689281 680107 814777 435464 427194 138907 340776 168732
783254 182796 999999999 618652 786792 78569 362223 169059 444654 652976 227990 398640 366658 187194 581601 365864 809601 323270 495221 154605 808063 514044 728110 553974 512120 646774 192162 273718 429609 822513 542160 745057 71107 83327 780422 669662 293771 305403 615784 648816 615911 290144 198737 369192 374230 266568 751193 333636 267898 410893 789087 421841 656515 165349 531775 810211 614020 321439 853692 617552 968467 675887 880360 754161 449436 276133 848157 379651 726623 543477 428575 76773 673385 1014513 191405 988726 109327 679384 181138 644109 396018 725280 573723 615138 790204 622449 666835 474768 495550 588674 620015 477649 563822 757661 720314 255848 374971 230662 160465 338984
398362 506220 618652 999999999 168607 692989 661601 746232 225728 261228 660102 241118 385136 687852 309855 552553 402972 918036 280285 769725 628256 116711 291207 116092 753008 686207 502301 771816 192247 779949 695113 146678 604227 633167 355066 61920 811516 858882 773007 225846 609268 352947 760034 780437 587396 875180 771896 289795 533895 223674 170451 721622 174417 674828 418777 204081 591492 497715 797199 550599 354910 614446 284887 137067 612070 465428 437247 935468 362861 434439 190088 573436 764357 396843 437569 380955 687672 76352 610414 602482 565361 244346 47443 136207 297078 666470 332299 686247 623264 392121 245112 520780 776074 212113 773044 781761 464857 391544 714994 368017
395470 672909 786792 168607 999999999 861457 802013 910640 383252 332745 816009 406656 538993 854185 392977 702428 386947 1082345 414567 937135 662862 281535 296833 262176 876226 775146 668604 928670 360647 837435 807622 106201 770254 798695 342767 120097 969146 1019225 878744 276621 697426 519982 922937 927148 736785 1041435 846801 455895 684702 385007 17001 856912 242731 841768 518202 96600 699634 641889 849117 632731 188940 687341 145948 49403 736278 617743 410112 1094885 382287 550180 358444 742016 856718 228242 606100 219526 856135 114283 776071 682629 711499 242456 213129 222210 259565 779693 377729 810505 756663 493949 333427 652946 892243 169403 855680 941015 600841 560151 878374 527464
860701 227382 78569 692989 861457 999999999 407052 154679 510455 711984 265153 467475 416082 157550 659184 384467 887288 276092 552417 99373 876931 586041 806571 623568 552365 703992 236044 279431 502440 881025 592576 816225 132802 127425 858566 745184 288720 282994 661325 727384 678693 355668 188196 388871 385775 211244 806111 410464 332502 488333 863236 459929 722002 139371 605425 881647 635816 389599 912573 684878 1044356 740577 957532 827641 505606 349025 925690 349970 804134 582973 503017 126451 724044 1089500 259225 1065308 63176 755238 185836 708502 412540 803835 648684 693132 868773 634151 744415 522306 505770 633994 679709 503788 604860 835758 773145 252978 445603 302280 164492 393822
616414 490916 362223 661601 802013 407052 999999999 295971 602003 818389 143274 546104 617512 549111 448792 689218 647230 406699 691566 384001 526902 604999 611691 660054 151288 309917 498914 203563 532677 486245 187836 808257 291474 283078 638178 686447 239630 305359 254513 562279 306885 493615 276108 134472 707281 414590 404983 417439 147417 449503 811516 70086 779940 527415 334541 863570 914596 164590 518211 339211 946936 373943 838725 789514 123325 210653 677656 357932 568057 802464 513131 416810 318349 1004998 426977 952015 463277 688972 535406 342602 720260 636441 615814 582514 686591 942751 518567 115712 823695 823421 785448 777546 202038 699113 369320 237282 201581 423266 262980 576256
840014 351844 169059 746232 910640 154679 295971 999999999 596914 811841 158117 546414 533850 311825 644722 530271 868985 171808 656916 90820 807981 651687 804077 697218 426915 605480 361215 128670 566619 782172 482957 881889 145842 115217 847529 790874 134054 136348 541306 733401 594857 446174 33547 244675 535109 139205 700540 456657 276875 525772 915171 334643 806691 294039 564281 945641 780440 338722 814133 614811 1084198 660639 987835 883298 411668 321946 904925 211245 785251 712402 559914 245624 611608 1134760 348127 1099781 217540 798628 335752 628484 559614 811810 699366 717916 873025 784192 727633 409842 656130 756420 778368 645165 479190 856297 663930 98929 399218 378566 38078 503856
571872 298843 444654 225728 383252 510455 602003 596914 999999999 220689 552692 56053 159553 476612 416279 327537 585033 764155 99799 599185 746368 111656 473622 122219 727180 727969 293111 654597 91650 860466 695119 315092 451293 482111 539835 287542 689683 724715 780012 390526 659077 154904 617998 695504 362429 710981 828884 186164 455934 189413 379955 670538 211895 466332 476590 380406 407851 445339 883915 615787 572126 686308 510259 340294 595720 391571 623451 802669 523837 254070 119048 384501 794929 606478 253249 601888 492165 301647 397353 665091 341974 439478 198845 308287 501704 472715 475527 663106 408941 242924 186926 310648 763154 428462 818430 654887 440056 218348 572447 144213
659197 487534 652976 261228 332745 711984 818389 811841 220689 999999999 773380 276168 304326 648319 556710 432650 662489 975782 160130 805754 884312 230363 551768 177441 936979 912170 479813 874711 287192 1024977 896368 228316 667274 698095 614509 305090 909232 942175 979643 486175 838360 365671 834585 915636 463007 918917 1006514 401024 673853 380593 320428 885877 93198 643106 647752 274654 370618 658087 1044737 786253 497013 854120 478689 283811 801126 607823 695335 1019949 623929 232219 309718 585936 985066 509950 464024 535959 683782 318843 570102 837765 431267 502950 276300 395418 549598 452242 590767 871479 449697 167124 33822 349495 969475 457890 1001873 873971 644963 435124 789363 318871
697779 380213 227990 660102 816009 265153 143274 158117 552692 773380 999999999 497465 533156 412103 509524 577634 727609 297471 630819 242749 650407 581856 672657 633425 287420 449548 389065 112900 500527 626810 330862 803426 160439 145391 710329 696339 154028 210801 396508 609160 436763 420058 145071 152058 591466 288729 547363 382518 137802 436802 822901 195440 750531 390872 416717 863968 815649 195664 658716 457584 978440 502527 876017 795211 253986 199511 761928 281897 644687 719699 486977 291811 461616 1032765 335643 989525 323267 701831 407325 470379 608662 687076 612696 608141 744672 834867 589190 258982 711214 750874 739607 677359 339828 739566 512334 131164 254714 346671 122393 495290
552705 266381 398640 241118 406656 467475 546104 546414 56053 276168 497465 999999999 163488 447529 384499 329126 568419 715082 150212 553154 710445 125179 459564 156159 672327 679361 261953 600355 62462 816587 642221 349820 400575 431280 524996 300865 635953 672456 727348 374159 612122 114409 566442 639640 363632 663862 781653 131397 399915 146827 405517 614754 260277 435281 433602 415436 442209 390190 840921 571622 594991 642414 524411 367345 542016 335785 607679 750446 501966 293988 85856 342981 744569 633548 208308 622012 454103 313840 369574 619958 347927 430863 205278 299210 495436 501563 450230 608613 425570 291656 242492 333027 708990 429860 769719 601561 386946 168946 520766 134530
715976 188701 366658 385136 538993 416082 617512 533850 159553 304326 533156 163488 999999999 344312 542813 168336 731899 688106 146057 513356 862163 270881 622911 276960 759031 803253 180124 618545 225897 953158 746184 461739 397354 426799 688440 447007 647375 669231 831353 537629 742423 127943 560876 684595 203217 626631 909099 254102 472082 300569 534326 687551 337328 338781 576647 525234 305312 482485 979419 709927 727109 780503 669232 494022 642548 420725 771166 745093 664751 186691 248737 293342 860548 757928 197572 758414 382087 461169 265806 755255 184926 592967 357661 461128 656773 352162 611982 700597 264036 222727 274695 178955 802048 586790 892145 609977 496950 194345 517995 42895
923240 181712 187194 687852 854185 157550 549111 311825 476612 648319 412103 447529 344312 999999999 723405 257973 946945 409460 490226 242531 979703 572680 854011 598150 698360 831517 185607 436855 497376 1006103 729172 791702 258291 266994 912355 746059 445830 435294 802937 769717 796788 335014 345372 544437 249647 338851 936790 435872 450300 514411 852847 607276 677882 22074 694442 856966 503753 499152 1036972 792972 1042412 854454 967791 814244 635222 446741 986611 496606 866732 479893 506411 153542 860262 1080744 263132 1068641 94389 758202 79550 823181 281300 841339 648741 718474 907782 490972 807175 661961 363545 540404 619003 381656 750315 859683 906663 410428 547731 311505 321367 337659
201737 561855 581601 309855 392977 659184 448792 644722 416279 556710 509524 384499 542813 723405 999999999 697275 228145 804788 511216 701977 332098 335499 164149 381469 493774 383781 563254 617877 326502 470573 418201 438434 534014 553720 202855 300253 659364 719820 486345 120763 305946 439650 644869 582565 729682 783925 463436 304320 372708 242479 406582 490993 479515 703971 127647 476065 823842 314022 488856 243485 507492 304982 396328 398258 358850 323114 266557 787273 145045 670080 299947 574219 464654 568015 467799 507824 682277 295456 662212 294904 720818 188834 282055 180421 238254 885839 85237 430649 806830 650353 532976 717260 503992 257537 467420 640543 256903 423308 607219 505960
878186 198673 365864 552553 702428 384467 689218 530271 327537 432650 577634 329126 168336 257973 697275 999999999 895489 657512 292525 482456 1005601 439080 788057 441913 838749 917780 190411 639244 391414 1078473 842815 619105 420841 444413 853046 614472 659313 664782 925632 702193 864572 258893 562063 727494 34895 588886 1025333 396051 554848 455870 696640 756951 485983 263362 714805 680376 251350 581316 1106553 840680 889115 909808 835693 656094 739700 518816 935068 734167 825550 230070 412390 290934 965996 916499 271852 921885 331163 628776 199411 882138 31110 759938 525972 628191 824232 257627 770832 787490 134487 296726 409223 123686 886478 755115 1003495 621483 609496 297165 526139 195402
30951 779456 809601 402972 386947 887288 647230 868985 585033 662489 727609 568419 731899 946945 228145 895489 999999999 1024882 666641 929081 296006 481757 112991 510094 655025 482652 779866 831789 506081 486318 565692 475642 761935 781113 47981 358620 872684 935389 611541 194713 414765 645444 867027 781221 929372 1007964 520849 517103 593614 444481 403916 676110 571706 928104 314025 483546 984802 532763 490568 349756 409379 375335 305730 418268 538525 549033 39986 998877 83858 826976 483494 799885 562289 470425 687206 391171 909394 345838 882536 385643 915858 159631 401436 279601 127859 1055059 142987 600875 992501 791906 648018 895650 649708 218838 542504 857302 472967 640692 831159 700207
995145 500474 323270 918036 1082345 276092 406699 171808 764155 975782 297471 715082 688106 409460 804788 657512 1024882 999999999 818463 176724 933570 822734 966621 867399 502473 708310 509498 203176 737583 878705 578429 1053277 315843 285836 1006633 962518 168918 104771 618045 899040 713321 611205 161856 302967 655324 71220 791172 628419 432202 697400 1086951 420054 975112 398175 714068 1117193 908307 492264 910329 744391 1255062 780440 1157571 1055101 529952 485476 1059373 106890 941773 858817 731436 394764 696340 1306088 512264 1269939 326412 970144 458158 749248 684319 977435 871173 887614 1037210 900210 885711 506878 772362 908416 942649 778579 550243 1024661 751018 171196 551917 546336 204614 662024
656046 327421 495221 280285 414567 552417 691566 656916 99799 160130 630819 150212 146057 490226 511216 292525 666641 818463 999999999 646996 842657 185010 553882 164193 821219 827604 319683 727223 190763 959918 792426 326960 513940 544580 620094 340393 759935 789271 877560 474226 758873 213090 681050 777749 325863 760331 928676 281214 544378 289154 407378 760895 194427 484159 576015 387851 318377 538833 983141 715363 598768 785811 553395 366842 692034 482583 703897 866636 610822 160990 218087 426686 894047 624287 308994 632967 523657 355308 411435 764796 298395 514614 267375 387072 573147 389123 565681 758024 344500 143131 129182 241233 858677 492000 918055 723776 537146 285539 636352 158836
901029 324976 154605 769725 937135 99373 384001 90820 599185 805754 242749 553154 513356 242531 701977 482456 929081 176724 646996 999999999 887158 667357 856782 708244 517550 692248 333859 216777 582545 869413 571643 898587 171567 148495 904331 818867 214058 193641 631618 781712 677793 444525 119912 334395 482106 113431 788983 481619 346326 556390 940105 425122 811068 228155 632210 963548 733704 407717 901339 693607 1116422 742706 1024944 905967 496397 380434 966214 254597 845249 682198 580041 220648 701058 1164085 345954 1134967 152981 827938 283136 710448 509961 859573 724069 756766 922842 729257 786425 498789 600935 732534 773055 602628 569885 898008 752954 183637 467451 384805 121023 489158
276292 844306 808063 628256 662862 876931 526902 807981 746368 884312 650407 710445 862163 979703 332098 1005601 296006 933570 842657 887158 999999999 667304 366059 711634 468596 253115 847972 730397 655392 193216 375523 736122 744183 752711 329108 602764 766199 831922 385662 404735 221863 747535 794734 644787 1035746 937356 246037 610932 545218 564220 679242 525161 802258 958251 292047 757545 1152376 487384 194762 193551 705366 155395 600338 684767 403618 533726 295286 879023 280592 1000434 628267 826302 315186 766416 750549 686622 917086 593548 932913 185092 1031773 420425 608012 492102 416031 1211148 296597 436934 1123989 982395 862331 1039945 442934 495070 278265 763437 433364 713626 770998 822537
471057 391379 514044 116711 281535 586041 604999 651687 111656 230363 581856 125179 270881 572680 335499 439080 481757 822734 185010 667357 667304 999999999 369132 55800 714067 681839 387084 690611 85184 798221 668591 231277 506944 536917 435407 177698 728687 771228 751061 289288 608286 238609 668471 713558 473974 775688 776853 199715 466371 156344 280744 669915 175335 560253 418229 296208 503377 441156 819157 557356 469815 626013 401374 243163 575865 397877 519234 848837 426402 345794 94882 463720 754805 508796 327726 497111 576626 191359 494742 608599 453592 331491 87297 202341 392176 573413 383116 647792 518052 317157 202369 417737 743898 316961 771617 696569 420845 283856 622846 251694
107576 681725 728110 291207 296833 806571 611691 804077 473622 551768 672657 459564 622911 854011 164149 788057 112991 966621 553882 856782 366059 369132 999999999 397154 645415 503360 681411 781695 397102 543996 563050 375152 686471 708323 66312 250272 823223 883248 621803 86334 428248 542291 805883 745830 822256 943136 561784 419302 535293 343247 313277 650880 462014 836057 281455 391935 871934 477541 553986 361076 364257 405016 252435 320872 515933 482264 150128 951239 85637 714083 375705 711030 585580 426373 591688 357358 823325 238463 786431 406432 807484 54655 288448 166818 75307 942539 99642 585107 881947 679005 536295 784239 649235 129734 576003 803795 420980 544049 766992 592670
502231 419002 553974 116092 262176 623568 660054 697218 122219 177441 633425 156159 276960 598150 381469 441913 510094 867399 164193 708244 711634 55800 397154 999999999 769863 735318 413727 741078 133065 848041 724092 194347 551712 582072 462717 176551 778576 819367 806356 322516 661146 269801 715315 767167 476547 818124 829112 250947 520423 212009 258168 725283 119902 587317 470355 259955 477328 496466 868217 608819 450721 676796 394068 218272 631638 452162 546090 897192 461173 319715 147836 499115 809017 484275 364350 481485 609674 191409 519080 660325 452884 354451 109007 232155 410761 551212 422190 703592 507615 281890 151683 404881 799637 327966 824832 745771 476644 323440 669591 266042
624397 640946 512120 753008 876226 552365 151288 426915 727180 936979 287420 672327 759031 698360 493774 838749 655025 502473 821219 517550 468596 714067 645415 769863 999999999 219304 648762 311755 649921 378634 93990 898280 441792 431461 657078 767677 336264 397798 116344 614192 253713 632739 401320 199597 857586 526890 289541 541064 287647 558212 887800 92859 888911 676843 366763 948087 1059730 282393 409793 309914 1001170 315242 889687 871285 141012 340575 678798 427648 585000 941630 627428 568070 193974 1061789 573234 1000043 610619 767566 686595 289979 869714 680531 710085 654104 720196 1090743 546341 66797 973125 957567 905064 923647 52605 751301 248778 348386 293226 565037 398635 716950
454091 731514 646774 686207 775146 703992 309917 605480 727969 912170 449548 679361 803253 831517 383781 917780 482652 708310 827604 692248 253115 681839 503360 735318 219304 999999999 737497 508198 639088 177456 130801 821132 576743 576627 496611 683293 539434 604022 134536 498779 77842 676578 585991 408618 942803 722890 107692 554509 381697 539926 789308 288845 846329 809443 267687 859822 1108025 340030 209280 143208 867557 109632 755792 782036 198391 400860 498531 642199 427668 970478 612607 684623 82310 929707 646521 858668 754395 679059 801308 97744 947248 549026 651226 563390 572968 1153105 406088 201457 1047772 970454 883839 980070 189911 625779 90468 543699 308751 622407 571473 760527
758217 9401 192162 502301 668604 236044 498914 361215 293111 479813 389065 261953 180124 185607 563254 190411 779866 509498 319683 333859 847972 387084 681411 413727 648762 737497 999999999 458546 312405 903420 655959 607819 236168 262559 742355 560767 482803 497550 737787 595754 689319 149729 390444 540119 209227 446916 845168 262828 366749 338355 667383 566542 499229 173655 556242 673289 428013 397988 932580 672297 856805 739287 783030 628935 553705 336638 819829 571626 702569 351488 322805 116025 781360 895351 97601 883165 204023 573069 108697 710053 221500 664407 463621 538343 730856 446253 644151 598634 324890 398920 448438 290006 696929 678016 821081 444852 432507 139959 350175 161200
801533 449224 273718 771816 928670 279431 203563 128670 654597 874711 112900 600355 618545 436855 617877 639244 831789 203176 727223 216777 730397 690611 781695 741078 311755 508198 458546 999999999 608015 681302 379803 914355 222999 196044 816883 808906 41611 104216 427996 720310 510347 514304 96965 118530 647895 215980 595712 490896 249307 548234 935413 223199 856792 417961 518416 975439 885609 304285 713154 541487 1091264 577441 988529 907338 326780 312383 864895 169944 749727 803043 595892 348453 502934 1145661 422705 1102098 342579 814538 452050 546159 669567 797930 724379 720956 854466 896139 695658 307085 769240 840012 840890 748148 362649 851696 556874 36633 361222 441728 116194 583607
490644 315716 429609 192247 360647 502440 532677 566619 91650 287192 500527 62462 225897 497376 326502 391414 506081 737583 190763 582545 655392 85184 397102 133065 649921 639088 312405 608015 999999999 769155 612105 316335 421776 451783 462551 248851 645577 686994 696329 311732 569111 162715 583704 635869 425847 690582 738937 118365 390300 99184 361429 599441 250492 483649 385252 381059 497494 371140 792428 524648 546928 595058 470625 325258 515000 322851 545292 764724 440359 345231 27399 381518 707695 588843 245506 571724 495489 260834 421042 574243 410387 368800 151384 237355 433662 559746 389489 584628 487247 333711 255145 393220 683249 370338 729540 612942 358690 200221 538040 196408
464180 898009 822513 779949 837435 881025 486245 782172 860466 1024977 626810 816587 953158 1006103 470573 1078473 486318 878705 959918 869413 193216 798221 543996 848041 378634 177456 903420 681302 769155 999999999 301538 901145 752928 753611 515538 764033 710494 773974 268617 566891 214210 829365 761887 576286 1105201 896947 90831 699717 555808 671307 853211 458991 949955 984049 383903 929498 1254789 509858 31968 244965 894520 174214 787329 854036 375609 568307 488053 806257 459015 1110546 741851 857419 187051 956060 809736 877484 930646 756755 972742 197904 1107106 596724 752326 646886 601255 1305213 460642 374592 1205560 1102786 999559 1131819 336621 673618 133173 717299 470940 781352 748534 911114
535325 648977 542160 695113 807622 592576 187836 482957 695119 896368 330862 642221 746184 729172 418201 842815 565692 578429 792426 571643 375523 668591 563050 724092 93990 130801 655959 379803 612105 301538 999999999 837900 471094 466604 570309 703814 409737 473923 85465 538893 159816 618281 461333 277875 864771 595411 217621 511570 289526 515870 820114 158445 841078 707205 290680 884173 1050764 264285 333424 217788 923090 221491 811070 806571 103863 326880 588051 511423 498433 923369 587668 588770 131521 984369 571849 919726 646739 702314 707444 195992 873267 601293 654587 586964 637031 1088339 463441 73304 975902 932533 865651 917634 86260 674311 181494 415762 255281 555865 450659 703387
479858 613224 745057 146678 106201 816225 808257 881889 315092 228316 803426 349820 461739 791702 438434 619105 475642 1053277 326960 898587 736122 231277 375152 194347 898280 821132 607819 914355 316335 901145 837900 999999999 737698 767463 429182 138220 953503 998779 914094 334407 743483 463935 897651 926407 652713 1006917 901331 426389 679389 366793 92576 868235 141676 781289 555880 65633 597624 644273 915622 681913 274033 742113 251363 60252 757269 610716 502698 1075948 457874 451538 322059 692601 900906 297395 557173 310821 803829 144425 712413 733309 625269 320990 192770 258036 351496 678494 441929 831595 662721 392269 232124 559382 919952 257642 905802 922722 611337 514544 852194 456681
734550 226923 71107 604227 770254 132802 291474 145842 451293 667274 160439 400575 397354 258291 534014 420841 761935 315843 513940 171567 744183 506944 686471 551712 441792 576743 236168 222999 421776 752928 471094 737698 999999999 30845 735491 651119 250069 275343 544753 610493 547874 301811 167336 307079 432797 271185 680714 314532 200413 387002 774037 352180 660851 236420 473880 801857 664046 256817 784232 552345 947242 608911 854267 741137 379003 217662 799719 352856 678309 580628 416227 131808 602363 996086 205150 964845 177718 659620 247025 576943 451652 688220 557814 585569 751757 678467 618973 403688 553333 619762 633686 526156 493295 726551 649506 212623 312960 232992 122412 364295
753278 253222 83327 633167 798695 127425 283078 115217 482111 698095 145391 431280 426799 266994 553720 444413 781113 285836 544580 148495 752711 536917 708323 582072 431461 576627 262559 196044 451783 753611 466604 767463 30845 999999999 755929 679321 221218 244698 537525 633694 551753 332592 136557 286293 454802 243232 679091 343372 207496 414707 802723 340294 691548 245623 487999 831470 689653 266704 785151 559892 974670 614175 880674 770162 378259 233459 818476 322119 697326 609293 445736 153612 598124 1024040 235680 991686 180351 687586 264266 582024 475000 711706 586581 611451 774673 701849 638327 397346 575834 649381 664514 552112 483537 751794 646590 183506 324817 263826 91859 394311
53481 742318 780422 355066 342767 858566 638178 847529 539835 614509 710329 524996 688440 912355 202855 853046 47981 1006633 620094 904331 329108 435407 66312 462717 657078 496611 742355 816883 462551 515538 570309 429182 735491 755929 999999999 310743 858133 919755 621784 150885 425187 605352 847266 772629 887130 986726 543403 479619 574446 405139 359663 671590 523766 893945 303680 439261 938055 514699 522112 358584 379492 392229 271873 372404 534541 525966 83828 985328 72084 780185 440673 767182 577748 441366 651103 365257 878144 298050 846302 398882 872829 111692 354244 233071 87084 1008820 121236 600100 947994 744431 600081 850472 655598 173651 562098 840934 455983 603972 809978 657648
357670 564349 669662 61920 120097 745184 686447 790874 287542 305090 696339 300865 447007 746059 300253 614472 358620 962518 340393 818867 602764 177698 250272 176551 767677 683293 560767 808906 248851 764033 703814 138220 651119 679321 310743 999999999 849291 899146 778503 198498 605576 411083 802926 809723 649316 922284 763131 337256 565907 265117 126631 743315 213313 732493 419004 180545 648219 524768 779179 543738 299373 603967 223754 103740 626881 498534 390527 974868 328517 492044 243117 627747 763366 345218 492504 322914 742593 14957 669202 595102 627222 199089 97604 119934 244898 724374 306731 701323 684166 446423 293591 581384 786958 155371 767659 820991 486268 445551 758428 429361
842368 473417 293771 811516 969146 288720 239630 134054 689683 909232 154028 635953 647375 445830 659364 659313 872684 168918 759935 214058 766199 728687 823223 778576 336264 539434 482803 41611 645577 710494 409737 953503 250069 221218 858133 849291 999999999 65739 452479 761916 545296 546845 100524 137278 666037 192119 623583 529037 290851 587853 975725 251535 893535 428087 559088 1014919 907746 345863 742204 578678 1132463 612427 1029940 947312 362887 353522 905576 128337 790780 830489 634138 370011 529460 1186689 453279 1143483 351583 855084 467842 581472 689208 839541 764073 762168 896044 914982 736923 337985 787340 869615 875430 771051 385607 893211 583904 37983 402633 474928 133310 613666
905218 488175 305403 858882 1019225 282994 305359 136348 724715 942175 210801 672456 669231 435294 719820 664782 935389 104771 789271 193641 831922 771228 883248 819367 397798 604022 497550 104216 686994 773974 473923 998779 275343 244698 919755 899146 65739 999999999 513518 819834 610946 577040 108502 198237 668096 140294 686402 572568 348587 635531 1025122 315493 932019 419724 622321 1061213 915546 405804 805583 644347 1186002 678073 1085059 995441 428625 408174 968743 77990 853083 848635 677480 381959 591614 1239200 480368 1198328 343211 905600 468082 647163 693704 897821 811515 816121 955440 916873 798522 402689 788541 891933 908512 780883 445887 949436 646273 79789 463787 507169 152946 638216
582162 730582 615784 773007 878744 661325 254513 541306 780012 979643 396508 727348 831353 802937 486345 925632 611541 618045 877560 631618 385662 751061 621803 806356 116344 134536 737787 427996 696329 268617 85465 914094 544753 537525 621784 778503 452479 513518 999999999 605973 196905 703487 516589 315540 946903 643234 177974 596854 371060 599487 891853 206783 922504 781130 360674 958209 1135737 349105 298814 263201 985121 243515 872939 880348 188806 411503 629671 540088 551098 1008823 671603 666317 81573 1046930 655350 979084 717780 776154 785224 226873 956223 663703 733695 660181 694002 1172518 522558 141362 1059104 1017863 949218 1002224 68600 738703 135948 464618 340489 640510 511738 788584
181890 596236 648816 225846 276621 727384 562279 733401 390526 486175 609160 374159 537629 769717 120763 702193 194713 899040 474226 781712 404735 289288 86334 322516 614192 498779 595754 720310 311732 566891 538893 334407 610493 633694 150885 198498 761916 819834 605973 999999999 421177 455991 737428 694616 736312 871846 571044 334243 471394 257418 291183 608154 400196 752078 248409 364459 792597 416913 581229 356151 387719 411434 277398 287838 478124 413614 233642 890252 138730 635081 289806 628470 580565 447807 506941 390074 741666 190231 701265 406026 721953 78430 213786 91033 141464 861577 108287 550595 797795 603659 467592 701059 624736 137796 579112 740061 364243 459043 696976 506791
385284 683986 615911 609268 697426 678693 306885 594857 659077 838360 436763 612122 742423 796788 305946 864572 414765 713321 758873 677793 221863 608286 428248 661146 253713 77842 689319 510347 569111 214210 159816 743483 547874 551753 425187 605576 545296 610946 196905 421177 999999999 617319 579099 422952 891092 720250 169832 490546 348014 470012 711539 303533 770827 774812 191568 781981 1045827 298083 243302 67212 792464 67132 680483 704198 184460 355000 433855 657163 354950 904984 542272 646364 159399 854530 595529 784706 724956 601262 760414 37084 893361 472769 574999 485656 499081 1093922 330098 215715 992326 901975 810591 920535 238258 549187 164169 544126 256813 567567 558888 700034
626051 153313 290144 352947 519982 355668 493615 446174 154904 365671 420058 114409 127943 335014 439650 258893 645444 611205 213090 444525 747535 238609 542291 269801 632739 676578 149729 514304 162715 829365 618281 463935 301811 332592 605352 411083 546845 577040 703487 455991 617319 999999999 469143 569200 290467 556676 782882 137163 346969 201169 519346 563689 366743 321910 457967 529567 433097 354779 856284 587745 707733 657872 633331 481486 514692 293330 685367 654656 571932 309151 174364 230030 732859 747402 98998 733633 339899 423343 258330 631661 284311 521062 313893 392486 587196 476776 515595 573473 377911 332114 332200 303541 674989 530290 765094 510726 369403 73388 424108 85107
837652 381049 198737 760034 922937 188196 276108 33547 617998 834585 145071 566442 560876 345372 644869 562063 867027 161856 681050 119912 794734 668471 805883 715315 401320 585991 390444 96965 583704 761887 461333 897651 167336 136557 847266 802926 100524 108502 516589 737428 579099 469143 999999999 214551 567512 143724 678879 471419 273416 537992 928020 309850 826497 327563 559045 960866 811776 334593 793853 602292 1094043 645449 995939 897020 394940 324048 902279 185588 783547 740970 575649 275510 588558 1145621 372075 1108455 251085 810173 368490 613456 591593 815843 712899 726019 875984 816596 726711 388036 688649 783597 800979 676024 453244 862813 641493 65622 394897 399953 45738 529714
750362 531149 369192 780437 927148 388871 134472 244675 695504 915636 152058 639640 684595 544437 582565 727494 781221 302967 777749 334395 644787 713558 745830 767167 199597 408618 540119 118530 635869 576286 277875 926407 307079 286293 772629 809723 137278 198237 315540 694616 422952 569200 214551 999999999 739871 329117 488300 517725 247657 561619 935818 120324 886166 524435 468968 984038 967361 285276 607790 464066 1077284 489540 970088 911731 248554 316494 811150 234570 702407 871246 619355 438650 393378 1134571 487268 1083625 451251 813277 550329 459868 758408 769565 733703 710188 820610 985052 653028 208976 860367 900965 882052 829075 248381 830751 448053 154301 331148 495946 224870 646184
911819 216750 374230 587396 736785 385775 707281 535109 362429 463007 591466 363632 203217 249647 729682 34895 929372 655324 325863 482106 1035746 473974 822256 476547 857586 942803 209227 647895 425847 1105201 864771 652713 432797 454802 887130 649316 666037 668096 946903 736312 891092 290467 567512 739871 999999999 585739 1050459 427432 575842 488810 730852 774216 518689 257829 744450 713623 254145 604875 1133583 868781 923223 937524 870412 690292 762133 542711 969000 735624 858950 253314 446552 301380 989241 950095 296291 956194 329412 663632 200049 909470 35095 794488 560861 662778 858877 249089 803920 807861 121368 321839 440510 138493 906028 789981 1027756 628441 635208 324759 533434 229614
978892 438105 266568 875180 1041435 211244 414590 139205 710981 918917 288729 663862 626631 338851 783925 588886 1007964 71220 760331 113431 937356 775688 943136 818124 526890 722890 446916 215980 690582 896947 595411 1006917 271185 243232 986726 922284 192119 140294 643234 871846 720250 556676 143724 329117 585739 999999999 811671 585642 415074 657895 1045142 439175 922732 328147 701879 1071512 839195 476722 928835 745380 1217899 786945 1123420 1011971 535794 461115 1043733 171209 924271 793830 686493 334079 718836 1267168 457814 1234721 257831 930697 389861 755122 615231 950209 828901 853835 1011790 829784 866770 522423 702114 845230 886133 710652 577011 993283 772841 179706 537191 495013 176831 602582
495325 839162 751193 771896 846801 806111 404983 700540 828884 1006514 547363 781653 909099 936790 463436 1025333 520849 791172 928676 788983 246037 776853 561784 829112 289541 107692 845168 595712 738937 90831 217621 901331 680714 679091 543403 763131 623583 686402 177974 571044 169832 782882 678879 488300 1050459 811671 999999999 658799 487895 639844 861815 372629 936853 914719 358762 935399 1213419 447567 120863 221506 921884 159618 811875 858352 301757 508536 529064 716777 479928 1074074 712079 791029 96505 984004 754170 908643 858025 757463 908130 169586 1054740 611665 739900 643646 625782 1259607 470108 290872 1155079 1071766 979222 1086422 246211 689255 42355 631988 416056 729669 667963 866474
495830 262700 333636 289795 455895 410464 417439 456657 186164 401024 382518 131397 254102 435872 304320 396051 517103 628419 281214 481619 610932 199715 419302 250947 541064 554509 262828 490896 118365 699717 511570 426389 314532 343372 479619 337256 529037 572568 596854 334243 490546 137163 471419 517725 427432 585642 658799 999999999 273147 79368 459509 485327 368853 418716 322896 489447 555413 259197 725633 455963 635199 526630 547097 426809 410825 206815 557077 649937 440548 416140 105121 299596 616822 682474 172805 655090 414750 346383 367131 501865 421334 405528 243282 285545 471943 606184 382798 477223 513270 421041 368015 433057 577609 428229 644423 497206 256383 124801 426082 212893
564249 359618 267898 533895 684702 332502 147417 276875 455934 673853 137802 399915 472082 450300 372708 554848 593614 432202 544378 346326 545218 466371 535293 520423 287647 381697 366749 249307 390300 555808 289526 679389 200413 207496 574446 565907 290851 348587 371060 471394 348014 346969 273416 247657 575842 415074 487895 273147 999999999 313978 692475 217241 639854 428243 287542 737854 772086 61907 586726 352551 843041 408515 739470 666727 188761 68845 628927 419122 510167 656087 372617 303142 416981 898242 286223 853109 376977 570437 420645 376582 585554 549278 486901 472899 607005 804197 453612 232857 688662 676058 640639 636175 332948 602399 459913 268884 122367 277793 238813 430353
424882 338958 410893 223674 385007 488333 449503 525772 189413 380593 436802 146827 300569 514411 242479 455870 444481 697400 289154 556390 564220 156344 343247 212009 558212 539926 338355 548234 99184 671307 515870 366793 387002 414707 405139 265117 587853 635531 599487 257418 470012 201169 537992 561619 488810 657895 639844 79368 313978 999999999 390067 513808 331671 497566 287614 427226 588966 285239 695103 426492 560273 497104 469521 359921 420903 245134 484437 711924 370892 440162 72818 378917 608944 609359 251306 578672 494000 272960 444345 475680 478748 327033 176233 206219 393512 646988 315150 492143 564486 432275 349789 476491 589206 348960 630372 558158 265161 202912 493369 263500
412315 671899 789087 170451 17001 863236 811516 915171 379955 320428 822901 405517 534326 852847 406582 696640 403916 1086951 407378 940105 679242 280744 313277 258168 887800 789308 667383 935413 361429 853211 820114 92576 774037 802723 359663 126631 975725 1025122 891853 291183 711539 519346 928020 935818 730852 1045142 861815 459509 692475 390067 999999999 867131 231568 840798 531201 79637 688551 650668 865104 647102 192789 702289 158795 40578 747601 625161 427110 1101057 398651 540238 360512 742943 870747 228059 606904 225609 856673 122604 774437 697188 705038 258818 216244 233739 276560 768950 393193 821911 748245 482918 322384 644571 904499 186218 870291 947178 610642 561429 883279 524087
645160 558374 421841 721622 856912 459929 70086 334643 670538 885877 195440 614754 687551 607276 490993 756951 676110 420054 760895 425122 525161 669915 650880 725283 92859 288845 566542 223199 599441 458991 158445 868235 352180 340294 671590 743315 251535 315493 206783 608154 303533 563689 309850 120324 774216 439175 372629 485327 217241 513808 867131 999999999 845166 585911 369763 921964 984112 228840 490733 347775 995247 369794 885541 846864 137592 278973 703929 354846 600148 872549 579135 480525 279842 1054359 496470 998070 518672 744980 598392 340561 788034 679812 676562 635673 726177 1011322 554639 88672 891431 893298 853116 846868 145457 745854 333678 259611 257234 493330 305862 646331
569587 505829 656515 174417 242731 722002 779940 806691 211895 93198 750531 260277 337328 677882 479515 485983 571706 975112 194427 811068 802258 175335 462014 119902 888911 846329 499229 856792 250492 949955 841078 141676 660851 691548 523766 213313 893535 932019 922504 400196 770827 366743 826497 886166 518689 922732 936853 368853 639854 331671 231568 845166 999999999 669834 579267 196693 457007 616359 968316 715477 415226 781598 388414 193384 750113 571761 603837 1009993 536525 309869 267296 595799 921835 434646 465118 452458 701419 226704 598398 767342 489651 412078 197676 310514 457104 537411 506645 822494 522109 251353 90817 419146 917783 364983 934974 859933 595717 428776 780788 340363
904157 168900 165349 674828 841768 139371 527415 294039 466332 643106 390872 435281 338781 22074 703971 263362 928104 398175 484159 228155 958251 560253 836057 587317 676843 809443 173655 417961 483649 984049 707205 781289 236420 245623 893945 732493 428087 419724 781130 752078 774812 321910 327563 524435 257829 328147 914719 418716 428243 497566 840798 585911 669834 999999999 673462 846699 511772 477240 1014926 771254 1029643 832585 953568 802487 613159 425093 967706 482727 847590 481120 491794 132430 838268 1068819 246339 1055301 76786 744429 73224 801284 288219 824237 635017 702294 890631 502220 787955 640108 374217 539995 613236 386716 728741 843895 884618 392280 526061 294857 302137 329508
283499 552772 531775 418777 518202 605425 334541 564281 476590 647752 416717 433602 576647 694442 127647 714805 314025 714068 576015 632210 292047 418229 281455 470355 366763 267687 556242 518416 385252 383903 290680 555880 473880 487999 303680 419004 559088 622321 360674 248409 191568 457967 559045 468968 744450 701879 358762 322896 287542 287614 531201 369763 579267 673462 999999999 597976 874166 225636 407490 139768 634480 209845 522926 520055 234505 256413 346492 684917 233628 727519 357954 541032 345668 695269 458722 633485 638833 416024 643619 190489 741543 313901 383582 299910 356752 928237 184999 304611 835687 718906 620576 755500 376371 384784 355733 544938 165220 421619 526203 535766
491836 678745 810211 204081 96600 881647 863570 945641 380406 274654 863968 415436 525234 856966 476065 680376 483546 1117193 387851 963548 757545 296208 391935 259955 948087 859822 673289 975439 381059 929498 884173 65633 801857 831470 439261 180545 1014919 1061213 958209 364459 781981 529567 960866 984038 713623 1071512 935399 489447 737854 427226 79637 921964 196693 846699 597976 999999999 645077 700415 942102 718594 222566 775782 223661 77936 807219 669460 506459 1138149 477031 504097 385756 758164 940665 237966 622664 262285 869461 182057 777620 769288 685367 337334 251366 298083 356125 726859 468898 881663 718383 441518 284130 615673 967474 265729 942391 984662 664730 579807 915515 521380
