NAME : synthetic_000212
TYPE : CTSP-D
DIMENSION : 100
GROUPS : 8
RELAXATION_LEVEL : 1
EDGE_WEIGHT_TYPE : EXPLICIT
EDGE_WEIGHT_FORMAT : FULL_MATRIX
EDGE_WEIGHT_SECTION
999999999 696680 699435 526844 253765 284730 668456 671316 614300 616364 821851 279661 644942 710598 298056 491992 836830 550714 169990 361644 544479 367542 772073 685250 280951 599810 597491 264941 177338 102225 487440 605229 620302 541391 571206 182033 850128 771217 372600 842301 693108 507542 368340 281738 107342 740738 512837 802040 868053 539944 442411 628722 434813 695691 217673 655901 700031 554479 282647 376275 178038 622243 797756 789306 196255 327524 841638 919800 478072 593938 95540 525464 941254 1056233 542873 475512 511297 553251 80810 462248 220911 957782 814105 479438 92301 520365 514627 715140 738757 697952 671796 533210 191475 700441 112269 558761 41916 352736 416400 461123
696680 999999999 978224 1011951 743291 511698 254891 394072 752595 260386 561572 938291 827259 27708 509249 994213 475227 498084 575489 380474 153107 365448 550329 877122 590994 357139 1056634 710838 632359 725873 219003 113712 199158 766751 873108 715168 711591 822758 878122 865596 890430 417446 612128 463320 599996 278980 997978 400889 460813 170918 940725 1068768 823836 137884 558187 64537 680818 143810 753292 932339 567489 864578 331441 904744 504061 378795 783950 821796 620538 391713 668138 296737 538606 689373 232140 870445 235002 447373 644875 326095 913010 569329 894504 219906 607097 875936 803862 1087394 121950 1035837 1051425 671583 667041 166395 642134 221563 727177 344123 515793 276693
699435 978224 999999999 287833 445803 556403 761083 639187 234804 731189 611533 587752 160798 1004990 548174 315807 712363 485783 815862 888912 866787 880214 570954 123545 485663 637090 249223 437473 547751 600577 799379 867342 1048445 214932 131196 517414 491160 277147 361767 317346 112770 560823 410427 860538 661633 794099 289609 744436 762881 922473 323558 223668 264986 1071296 860752 985230 369487 899652 416921 410492 602874 113702 803433 204954 753346 818179 404285 467088 360960 602430 788712 681655 781282 795502 747129 229585 953855 536741 641086 662622 686894 773338 248824 816929 724208 180204 199983 145935 923128 84919 139267 306654 517771 854956 794774 756784 671298 770500 476183 924317
526844 1011951 287833 999999999 302217 510799 847088 757720 408780 804168 796575 331983 368155 1035625 509614 37462 876413 584244 679648 813019 873810 809820 747283 367569 427946 726337 72390 320628 431998 425924 802217 898628 1027113 325685 235964 365240 717331 526132 157950 582683 364612 625339 401600 759376 532281 899406 14911 886799 924731 910621 85404 107645 193115 1073406 728780 1000346 564351 900859 280221 159284 503346 303360 927945 478233 648178 750171 648844 722456 430290 697116 622382 729208 964228 1012933 786118 155294 919762 627022 495832 687391 442028 964148 520467 811753 583293 181578 262586 217099 990447 232443 180951 416232 392993 927454 636967 799793 489069 725531 504715 879035
253765 743291 445803 302217 999999999 231807 624432 574115 387434 574830 678879 243074 404128 764460 235544 273567 725410 413313 385416 511236 596255 508591 626326 439708 157421 519741 366465 39015 129952 155334 525814 633345 733972 303615 318548 72136 664442 545432 146437 616152 446319 412894 191740 457663 233142 688681 287325 711985 766685 623250 218306 392974 181048 787800 433580 722338 503444 619449 28888 189616 201978 373414 732193 549351 346255 449840 634785 715020 287871 499766 344780 487585 826447 915369 532944 222793 624574 438173 202212 433490 293881 835767 578698 530818 289483 266614 266666 467666 743894 446011 424119 324261 90793 688201 353447 548325 226119 431504 288659 581564
284730 511698 556403 510799 231807 999999999 408432 389681 393924 356748 537558 446415 447870 533239 14012 488928 553906 268558 303110 332521 366329 323948 488327 497140 82901 321693 564121 199310 137212 254702 295231 401546 517645 351073 428787 213561 577670 537118 368246 605319 508342 223934 146787 311632 184012 477488 496226 523785 587349 399822 434090 582684 335905 562921 336747 492938 439401 391427 241916 420643 106894 452058 528686 579074 215850 261847 583674 657986 233969 311875 328050 265766 658316 771507 304099 385492 412682 268521 204930 206771 452925 673926 593234 302251 240501 406816 357059 628001 514858 588587 586735 299413 163289 462278 317941 319858 291865 220077 139268 376088
668456 254891 761083 847088 624432 408432 999999999 140373 527658 52280 310892 853628 603121 282031 399499 836810 240688 276739 603965 467771 242080 449988 295865 650237 468168 124840 879544 586620 545557 660604 234664 182076 416512 560576 671588 620444 456787 576873 736634 615010 663501 221923 452609 525004 561223 72814 834528 172884 243722 315628 788094 885004 653976 385574 607667 294043 434715 271671 625182 801356 500646 649640 135021 663043 509806 425584 530009 566960 422913 158820 675610 144087 327194 474305 136708 694908 387716 227075 596970 206826 859161 354324 648731 259100 594574 688345 608643 884007 165529 827755 852485 459974 570299 97480 654793 123974 686651 358379 346278 401751
671316 394072 639187 757720 574115 389681 140373 999999999 404400 141464 190348 814424 478876 421466 377555 752510 166231 173662 641932 544814 355393 527626 163052 523371 427849 77003 781629 535109 522059 642137 324721 309637 542753 450726 561873 586166 320232 438786 665872 474926 536435 166697 386352 585452 565784 155349 746374 137904 197737 430301 708257 782729 567143 521246 655975 428615 297276 388909 568611 735114 494111 531000 170583 526833 543896 489463 389949 429843 327565 77823 697853 180744 270332 397228 221277 602635 496689 136752 593271 232083 838102 288875 510469 351081 611345 587917 505303 769309 303635 710812 741036 350017 538315 236905 681083 217180 681332 417208 285567 500098
614300 752595 234804 408780 387434 393924 527658 404400 999999999 500137 394703 603836 75502 779825 382193 418030 486796 255175 688981 715229 652207 703652 348846 124529 346487 404570 409583 360112 439376 531332 588784 644303 840655 92284 177383 445667 310547 158371 386166 229459 137836 337095 255704 704853 545210 559303 401821 512925 537013 713948 392542 401129 258012 853977 727263 765019 155941 686409 363517 456413 471909 129089 569534 185157 608577 643711 255709 335229 162245 369580 688841 458491 564994 604292 524655 266134 754482 306296 540355 448976 677154 561543 201970 609133 609550 227651 153482 368242 690997 308214 344354 95982 423333 622584 687112 532760 598319 585408 278521 731640
616364 260386 731189 804168 574830 356748 52280 141464 500137 999999999 327366 802425 575549 288092 348064 792626 272545 245496 554756 426509 215908 408805 304300 624059 418057 97367 839018 537315 493771 608472 195632 168496 401324 526099 636245 569214 461271 562449 689856 605628 637383 179642 406640 479604 509099 124432 791326 211154 282951 290895 743021 845911 611177 381976 560126 289083 420443 248573 576432 753574 448379 618567 184282 645325 459783 380427 526906 570480 384803 132445 624735 91839 365876 509331 92306 653397 359717 194455 544703 154557 807002 391288 634236 221312 543112 649425 571244 849911 192457 794939 817044 426669 519008 125327 604277 82820 634390 311537 300713 368250
821851 561572 611533 796575 678879 537558 310892 190348 394703 327366 999999999 921447 456694 587692 524005 800305 114035 273122 815149 733046 543233 716078 52591 488012 553912 263352 803554 640984 657151 776114 515062 491446 726254 470988 571583 707612 166400 355678 738925 364609 499254 321366 488182 768935 720968 286783 787873 176837 161138 618237 765406 795831 621436 695518 833862 604683 242963 575865 666250 811250 644434 520647 254057 449336 717227 675143 260844 272196 395802 249050 861080 369353 170593 237385 411384 644897 686092 270212 741398 415135 963451 167601 419628 541421 773191 615685 534026 754706 453711 693125 735666 384986 664636 395659 847129 406538 825179 602639 408634 690429
279661 938291 587752 331983 243074 446415 853628 814424 603836 802425 921447 999999999 600967 956032 454447 294835 967996 656230 449421 635971 785744 639769 868864 624066 388418 756343 402522 281670 311368 214548 720086 835325 888813 512763 484699 233211 898285 756168 229611 824229 626880 650520 434804 559781 346882 920979 322100 952278 1008595 795792 267282 439003 352543 957604 496266 906458 735715 802426 255622 179028 371110 552903 968187 740170 463888 592414 858638 938643 527923 738781 363377 712008 1069377 1157457 748630 367117 778033 679481 300241 653000 112301 1078840 776034 718681 366589 419438 459550 547947 957803 553619 509160 556479 283439 907960 386469 764611 238335 600360 529106 729250
644942 827259 160798 368155 404128 447870 603121 478876 75502 575549 456694 600967 999999999 854413 437197 383282 554027 330399 734124 775466 724233 764731 413694 51498 391093 480068 357796 382575 475095 555401 659616 718372 911165 103776 132601 468771 352882 160592 374540 224600 64351 410879 303460 759383 585446 634006 363489 584031 604491 784463 366916 344432 248425 926906 774818 838551 213787 758138 377543 440473 516066 66729 642636 145280 658923 703861 280710 355386 224933 445081 725153 532378 627229 654507 598471 242124 822525 381542 575220 520287 683787 621458 176184 679229 649953 194774 142072 298958 766495 237839 279060 161608 453797 698084 725963 606943 624702 648602 343355 797686
710598 27708 1004990 1035625 764460 533239 282031 421466 779825 288092 587692 956032 854413 999999999 531245 1017408 499812 525459 584813 386037 170403 371736 577177 904354 613231 384839 1081053 732531 651734 742905 238906 138927 186642 793187 899185 734657 738570 850465 900458 893258 917658 444320 636511 470422 615646 303921 1021580 425360 483991 177216 963693 1093598 848182 116366 565389 61123 708526 156120 775084 953775 585811 891320 354677 932401 516611 389306 811387 848793 646835 419397 678787 323361 560803 711278 258359 895047 235506 474806 660954 350982 928147 591696 922209 237458 620258 901245 829699 1113378 142975 1062113 1077184 698383 686954 192103 652470 248209 742026 358975 541153 280055
298056 509249 548174 509614 235544 14012 399499 377555 382193 348064 524005 454447 437197 531245 999999999 488604 541388 254668 316665 341171 365503 332076 474654 486754 82272 310379 561650 201749 147082 265688 294112 398291 520611 341346 421324 221275 563668 524364 369333 592360 498092 211441 137859 322827 197859 467977 495134 512177 575279 401429 434055 579440 332084 563794 349822 492211 425702 391499 244081 423457 120445 442858 518367 567344 228617 270115 569975 644158 221630 299732 342050 257605 645765 758200 298230 381513 416757 255255 218032 199850 463522 661129 580985 302316 254512 401225 349314 622388 509212 581993 581429 287338 171012 455511 331944 313838 304454 225423 125309 381351
491992 994213 315807 37462 273567 488928 836810 752510 418030 792626 800305 294835 383282 1017408 488604 999999999 876423 578857 646774 784780 853860 782129 750187 387229 406451 717661 109651 294882 403496 391637 782328 881289 1003250 331352 250762 333952 728228 542987 127384 601964 385372 614898 387254 729084 501042 891199 27865 883665 924086 888354 55524 145107 185370 1051829 696013 980550 572354 880081 253361 121992 475476 320378 922078 500223 618231 723096 663534 738637 425165 689495 587513 715285 966467 1020495 770584 155408 895096 619835 463465 671197 404649 967600 541668 790887 550597 190908 267553 253537 976832 265599 216232 416899 364229 914875 602638 784617 453744 701027 492101 853446
836830 475227 712363 876413 725410 553906 240688 166231 486796 272545 114035 967996 554027 499812 541388 876423 999999999 312473 806640 697447 482624 679862 142242 589543 586091 241534 890036 686543 683851 804149 468144 421317 653635 554222 660308 744004 279820 465866 802961 478187 601412 329976 534141 744767 731683 196394 866561 74507 50519 556315 837147 885447 693090 612306 818860 524815 343383 512317 716759 874272 659232 615364 149788 559604 708811 646967 374866 383074 456713 242949 864022 338492 104442 237235 364120 722000 628208 290506 758285 394965 998233 123147 531615 493856 777574 698285 615137 852961 359958 791844 831000 460196 697516 309659 847059 355365 845769 575653 440557 640139
550714 498084 485783 584244 413313 268558 276739 173662 255175 245496 273122 656230 330399 525459 254668 578857 312473 999999999 560849 521033 407357 506254 222087 379527 280982 151971 609831 374572 384049 503046 350411 391604 599950 284214 395506 436187 315963 338666 494522 394306 392853 91443 221758 536077 452519 318678 572799 306873 355381 474662 534936 612530 393487 604354 586466 513692 206045 442400 404287 564762 374654 373487 343702 411934 465348 453622 342100 407799 153969 118226 596056 207817 413150 510080 273554 429309 524993 51147 469982 213258 691945 423182 408097 373733 508179 416557 334904 607310 437364 551064 576240 183332 392079 369280 584511 280134 552525 384606 135553 511298
169990 575489 815862 679648 385416 303110 603965 641932 688981 554756 815149 449421 734124 584813 316665 646774 806640 560849 999999999 207880 430696 218137 770118 780040 343398 565388 747857 382400 268313 258317 388384 500588 469019 631712 684728 316161 875795 837757 522037 906878 789802 494286 433381 121452 154695 676306 665106 759011 829364 408045 594253 776506 559070 551433 49357 526075 742254 431970 412517 536802 218064 724791 738701 872635 98152 197365 886509 960027 533961 569646 98682 471688 908769 1038736 468433 605018 365244 547754 184243 412089 381071 929787 890607 372953 96464 643437 619646 852583 639018 827486 809064 597510 300939 613512 71301 482830 211772 249703 440843 314748
361644 380474 888912 813019 511236 332521 467771 544814 715229 426509 733046 635971 775466 386037 341171 784780 697447 521033 207880 999999999 250456 17789 696394 825854 406583 469769 874695 493615 381288 426410 233245 325381 261450 682085 760806 454988 829337 844083 657491 907220 837566 435119 478987 87067 294765 535151 798109 637566 709330 209594 729539 898042 658072 343862 180819 325597 724261 241649 532901 689435 309689 783978 600151 898704 173535 71611 863111 927467 553093 486137 306258 364127 792376 934682 334206 707512 158094 490361 340044 320754 581446 817641 906979 209870 270457 734814 689393 954956 461606 918772 912669 619251 420558 450819 278915 344729 400354 136435 437968 108217
544479 153107 866787 873810 596255 366329 242080 355393 652207 215908 543233 785744 724233 170403 365503 853860 482624 407357 430696 250456 999999999 233463 518279 775418 447775 294238 922508 565388 481621 572935 71593 75164 193589 652141 753287 564579 671434 745126 734541 796815 788502 317633 479772 325709 446948 299840 859506 414433 484254 75009 799491 937279 689986 204997 418840 126710 607509 35239 608074 785834 415408 753554 364146 818943 353738 233530 728591 778926 505841 323267 520230 200989 567494 715954 139176 738050 145639 360765 491769 204371 760051 595473 815216 67071 455724 748752 681961 965535 211704 917425 927487 563616 517214 203354 494898 139269 574371 191754 392468 164428
367542 365448 880214 809820 508591 323948 449988 527626 703652 408805 716078 639769 764731 371736 332076 782129 679862 506254 218137 17789 233463 999999999 679736 815302 399575 452754 870699 489765 378785 428783 215457 308266 253294 672280 752674 454041 813562 830961 655001 893648 827122 419728 469922 99130 296312 517371 794912 619840 691599 194802 726773 893481 652197 333412 193899 311607 710029 225588 529600 688646 306658 774492 582369 886685 176047 62150 848351 912188 541683 469503 315910 346998 774662 917096 316506 701747 147154 474824 342144 304457 587999 799970 894343 192112 275721 728005 681007 948530 444842 911473 906436 607713 418153 433350 288676 326976 405507 121847 425837 96612
772073 550329 570954 747283 626326 488327 295865 163052 348846 304300 52591 868864 413694 577177 474654 750187 142242 222087 770118 696394 518279 679736 999999999 447846 502396 229513 756174 588467 606045 724687 484513 471849 705605 422123 524723 655515 161823 325179 686991 343317 459576 275856 435740 728373 672117 284186 738301 189359 192600 593106 714466 749570 570340 681124 790438 589038 201546 551924 613659 759264 595083 476321 262888 418730 672512 636320 245195 271993 343338 210259 813380 335168 217192 289570 382684 594823 658562 222908 691471 376303 911309 217549 392564 510815 725408 566910 484718 712560 448945 651218 691896 334029 612868 386832 800082 379603 774580 563919 357620 659615
685250 877122 123545 367569 439708 497140 650237 523371 124529 624059 488012 624066 51498 904354 486754 387229 589543 379527 780040 825854 775418 815302 447846 999999999 437917 528003 347155 421060 518304 593163 710999 768733 962597 148391 141362 506691 370639 161911 395027 215121 13329 461378 351755 808332 629906 678715 364936 623579 640056 835888 378129 328959 273709 977845 821526 889229 246301 809390 412193 457050 562183 71228 684628 116431 706737 754270 288679 357660 276271 492885 767640 582839 657740 674797 648980 258472 874007 430602 617601 571584 711872 649946 155326 730683 694283 207358 173192 268159 814301 206473 254611 213101 495035 745815 769487 657219 663176 699606 394723 849030
280951 590994 485663 427946 157421 82901 468168 427849 346487 418057 553912 388418 391093 613231 82272 406451 586091 280982 343398 406583 447775 399575 502396 437917 999999999 367939 481395 121444 105479 222315 376375 479493 600369 289591 355797 158338 569756 498730 287229 569050 448158 262501 91178 375001 199568 533771 413395 565302 624108 482688 351819 500429 254526 645592 383747 574482 419278 473636 163080 342801 125559 386396 579821 529363 269622 337554 561577 639243 198563 351265 345314 330226 689382 791043 376090 304215 494815 295589 201581 276353 412324 701800 548442 384439 263513 328434 285743 549149 586873 512205 507317 257861 111576 530785 341593 391334 275912 301352 146320 457068
599810 357139 637090 726337 519741 321693 124840 77003 404570 97367 263352 756343 480068 384839 310379 717661 241534 151971 565388 469769 294238 452754 229513 528003 367939 999999999 756611 481038 456847 576061 255313 259568 486124 435748 546807 525176 377595 465698 622438 510555 541311 107011 338573 508686 493464 173655 714121 202491 268594 368028 670413 761222 533492 474927 579010 382190 323991 328945 517178 689406 423839 525229 212453 548008 467441 413133 435845 484694 299268 35221 623009 106105 344749 474169 155655 573000 430701 102313 522919 155084 773576 364619 537398 281547 537044 564632 484355 759175 286426 703035 727688 335141 476158 218037 605684 155282 611773 340757 233163 430173
597491 1056634 249223 72390 366465 564121 879544 781629 409583 839018 803554 402522 357796 1081053 561650 109651 890036 609831 747857 874695 922508 870699 756174 347155 481395 756611 999999999 381081 495167 496088 851041 942956 1081752 335925 232204 432204 710676 508931 226059 559501 341738 659381 444544 824060 598647 927978 85259 906229 939360 962952 155082 36965 232897 1124296 796805 1048471 565002 950823 342557 231625 565333 291084 952192 450223 712579 810264 634912 704781 457487 725723 692983 768496 973222 1011367 827843 186612 975853 655397 563685 730685 513280 970812 493690 862116 651398 193781 276894 152314 1028182 180124 122652 433350 456715 963600 706961 840860 560218 781841 543526 936628
264941 710838 437473 320628 39015 199310 586620 535109 360112 537315 640984 281670 382575 732531 201749 294882 686543 374572 382400 493615 565388 489765 588467 421060 121444 481038 381081 999999999 116526 172868 494460 600036 708643 280082 307635 86283 630109 518481 170382 589521 428570 374134 153237 445382 227873 650401 305748 672976 727713 595373 239385 405026 176719 759566 429316 691856 470025 589661 42714 221724 184469 357317 693478 527723 333946 429706 603638 683714 251930 460840 351567 450756 787721 877717 497532 222906 600234 399159 203710 397749 328048 797243 555145 500669 288303 261567 249708 471586 708275 445090 428218 291807 81470 651741 357331 512756 242258 406243 249682 558689
177338 632359 547751 431998 129952 137212 545557 522059 439376 493771 657151 311368 475095 651734 147082 403496 683851 384049 268313 381288 481621 378785 606045 518304 105479 456847 495167 116526 999999999 120299 413357 526368 608176 371387 416719 82968 675012 595227 276253 666165 527219 355362 191012 329374 113883 614694 417094 657925 719635 501639 348257 520360 291846 666179 314207 605822 523114 501859 152617 312992 72619 459550 665448 617772 217836 320521 664362 742679 300811 444408 250240 402503 787852 893812 437274 338991 497938 394210 100980 342343 316728 801646 640466 414896 177079 375500 353083 587966 646593 560161 544643 356200 39391 596732 251185 453266 170433 306949 248518 453674
102225 725873 600577 425924 155334 254702 660604 642137 531332 608472 776114 214548 555401 742905 265688 391637 804149 503046 258317 426410 572935 428783 724687 593163 222315 576061 496088 172868 120299 999999999 508806 625343 675352 452921 473872 86632 786751 689565 270690 760730 600272 475460 299227 355627 133140 730843 411752 777637 839783 581275 341095 526919 335592 743112 307622 692467 630863 588586 184051 278744 162591 528001 783194 700580 252946 379039 768976 848428 408139 564419 197212 516698 908146 1013102 545979 374750 564376 514436 86728 454974 198613 921839 727844 505979 164688 420785 420745 612978 751867 596537 569660 457010 114043 705962 211050 562088 70798 386045 367768 516091
487440 219003 799379 802217 525814 295231 234664 324721 588784 195632 515062 720086 659616 238906 294112 782328 468144 350411 388384 233245 71593 215457 484513 710999 376375 255313 851041 494460 413357 508806 999999999 117849 251909 584483 684110 496176 631191 689054 663311 743691 723965 259164 408755 295495 386344 302102 787915 405614 477212 125295 728008 866023 618609 274900 383761 198224 554381 101032 537112 715286 349006 686532 367032 759507 303246 197013 681326 736280 438842 279696 472136 152220 560523 704947 104606 666786 177218 306889 429910 139988 699337 586546 758091 26362 401522 678172 612472 895669 253010 848300 857282 498310 448178 225674 448113 112867 514932 139627 323744 175390
605229 113712 867342 898628 633345 401546 182076 309637 644303 168496 491446 835325 718372 138927 398291 881289 421317 391604 500588 325381 75164 308266 471849 768733 479493 259568 942956 600036 526368 625343 117849 999999999 234827 654870 760421 608661 629722 723021 766225 769902 782001 307529 498478 399053 504090 231766 884710 350466 418464 139121 828042 955062 710184 215450 491247 123008 582314 94946 642286 821748 464388 753640 294710 801945 419194 304617 694401 738975 508346 292413 587446 186051 501029 650887 120220 756739 213657 341800 547395 212384 816927 529877 794300 128113 518803 762386 690808 974541 138605 923526 938268 560974 559734 129352 562796 111601 632744 255303 402264 238183
620302 199158 1048445 1027113 733972 517645 416512 542753 840655 401324 726254 888813 911165 186642 520611 1003250 653635 599950 469019 261450 193589 253294 705605 962597 600369 486124 1081752 708643 608176 675352 251909 234827 999999999 833601 929946 688791 861717 938241 878699 990387 975514 509438 648663 347621 542261 459582 1012393 581165 646417 126722 947848 1100048 852606 92775 437889 136338 801053 158354 750791 921055 536145 936269 518585 1010712 426009 296414 921519 970113 689119 516174 567580 394509 727203 878138 332330 901912 111099 554061 588851 391872 841035 757126 1008038 232043 528158 918637 857693 1138641 318582 1093826 1098918 749683 646911 347895 540211 330908 657475 302548 572313 159691
541391 766751 214932 325685 303615 351073 560576 450726 92284 526099 470988 512763 103776 793187 341346 331352 554222 284214 631712 682085 652141 672280 422123 148391 289591 435748 335925 280082 371387 452921 584483 654870 833601 999999999 111429 366365 400654 244512 293882 314211 158586 350716 204647 661302 482128 601672 317354 571289 603453 707559 302386 333344 165770 856838 673139 771497 241610 684850 278047 364243 413806 103231 620496 248025 558701 610700 347912 427240 146735 402426 621393 470078 639283 689185 534859 176976 739894 333527 471448 448204 589090 638586 275274 602007 546595 144787 63819 323823 718524 269545 292026 101136 350127 651197 622359 545223 521792 559293 261293 711656
571206 873108 131196 235964 318548 428787 671588 561873 177383 636245 571583 484699 132601 899185 421324 250762 660308 395506 684728 760806 753287 752674 524723 141362 355797 546807 232204 307635 416719 473872 684110 760421 929946 111429 999999999 389330 482084 292338 255125 353004 142707 459344 284582 730224 530598 713097 230949 680640 710069 805074 237286 225150 140668 958283 729557 874915 332982 785051 289833 315764 471803 70966 731346 257652 622522 690539 413212 487882 253122 513676 659198 577097 741528 780370 640969 117764 832228 444516 510863 550955 576103 738709 296423 699996 593373 66047 72472 214464 828515 164191 180919 212565 387312 761496 664574 652005 544664 645556 360854 800553
182033 715168 517414 365240 72136 213561 620444 586166 445667 569214 707612 233211 468771 734657 221275 333952 744004 436187 316161 454988 564579 454041 655515 506691 158338 525176 432204 86283 82968 86632 496176 608661 688791 366365 389330 999999999 708178 604013 207302 675126 513924 420504 222322 395437 167117 688071 350513 723532 782398 584006 279993 460386 252970 748419 364857 688758 550103 584765 100898 234608 152888 441966 736260 613958 285185 397814 686263 766066 328637 509439 272648 478875 846985 944995 517000 294878 578141 453609 131998 420327 255868 858719 641400 497863 219773 338592 334542 538707 727170 518032 495171 373960 50291 675730 281624 532879 156541 388753 303528 532816
850128 711591 491160 717331 664442 577670 456787 320232 310547 461271 166400 898285 352882 738570 563668 728228 279820 315963 875795 829337 671434 813562 161823 370639 569756 377595 710676 630109 675012 786751 631191 629722 861717 400654 482084 708178 999999999 216323 691528 206621 379542 394930 487529 850683 758977 445301 711150 342294 324565 745548 702785 696560 565049 841148 902356 748681 162740 705842 645779 763145 680228 419605 418848 305365 781017 764681 99715 110240 379542 351502 905053 479114 311991 304362 533246 576588 807752 339328 769831 510021 958024 296240 269329 657083 817971 537423 463561 637093 610664 575789 625242 341880 672727 548611 895611 532173 845197 693644 438585 804092
771217 822758 277147 526132 545432 537118 576873 438786 158371 562449 355678 756168 160592 850465 524364 542987 465866 338666 837757 844083 745126 830961 325179 161911 498730 465698 508931 518481 595227 689565 689054 723021 938241 244512 292338 604013 216323 999999999 532613 71189 168546 429918 407587 843216 698290 589655 522324 512683 515323 813274 527492 490757 404923 938108 873639 846025 142275 780293 521031 599947 623012 222886 582139 93755 752947 773557 127400 196458 303837 431471 843389 544367 519574 519714 608781 402337 862871 384398 696065 550998 833500 507628 71889 712173 762178 355356 297346 422786 741915 362065 414086 240958 580807 674328 840322 613367 756203 709809 408420 846607
372600 878122 361767 157950 146437 368246 736634 665872 386166 689856 738925 229611 374540 900458 369333 127384 802961 494522 522037 657491 734541 655001 686991 395027 287229 622438 226059 170382 276253 270690 663311 766225 878699 293882 255125 207302 691528 532613 999999999 598981 397495 516592 284293 601917 374380 795595 143257 801278 848279 765732 72724 256244 128347 929854 571090 861178 529563 759473 127946 72457 348413 323801 832124 511350 490943 596254 641674 720684 346397 597296 467880 607834 898690 968791 659421 137508 769868 529811 338031 559366 325137 903468 548125 670364 425615 189850 235532 346365 868567 338490 303814 356498 236937 809064 481194 674090 336583 576175 390599 727478
842301 865596 317346 582683 616152 605319 615010 474926 229459 605628 364609 824229 224600 893258 592360 601964 478187 394306 906878 907220 796815 893648 343317 215121 569050 510555 559501 589521 666165 760730 743691 769902 990387 314211 353004 675126 206621 71189 598981 999999999 218566 485660 477988 909308 768611 620292 579995 532620 525689 866712 589995 538249 472092 985349 942053 892702 189430 832054 591506 665021 692937 282221 605735 113208 820953 837226 106931 151446 373011 477526 913987 595894 518534 498075 658827 466392 919168 436982 766949 607564 903269 502685 70173 767553 832354 417705 364720 459450 778236 401001 456581 311190 651974 711831 910602 662153 827392 772051 474239 905203
693108 890430 112770 364612 446319 508342 663501 536435 137836 637383 499254 626880 64351 917658 498092 385372 601412 392853 789802 837566 788502 827122 459576 13329 448158 541311 341738 428570 527219 600272 723965 782001 975514 158586 142707 513924 379542 168546 397495 218566 999999999 474622 362623 819323 639188 691783 362506 636032 651914 848813 378182 322410 277905 991013 831580 902453 258057 822443 418576 458327 572092 74551 697391 115586 717257 766000 295801 363255 288733 506189 776186 596092 668748 683860 662227 260392 886652 443930 626176 584610 716018 660596 156299 743571 703493 208706 179661 258148 827598 196569 246155 225913 503321 759110 778388 670494 670460 711724 407195 861445
507542 417446 560823 625339 412894 223934 221923 166697 337095 179642 321366 650520 410879 444320 211441 614898 329976 91443 494286 435119 317633 419728 275856 461378 262501 107011 659381 374134 355362 475460 259164 307529 509438 350716 459344 420504 394930 429918 516592 485660 474622 999999999 232349 456951 403523 279064 612696 303203 364329 383739 566437 666420 432231 517255 515050 427927 297012 352471 410169 582933 329625 447223 319365 501411 396659 369761 430227 492479 206505 89156 540657 121500 434382 550648 187607 473886 433562 55688 428512 121987 671502 450266 498977 282321 453016 470065 392786 673680 370267 620261 639626 254170 372156 304520 526046 196270 515793 298994 126399 420514
368340 612128 410427 401600 191740 146787 452609 386352 255704 406640 488182 434804 303460 636511 137859 387254 534141 221758 433381 478987 479772 469922 435740 351755 91178 338573 444544 153237 191012 299227 408755 498478 648663 204647 284582 222322 487529 407587 284293 477988 362623 232349 999999999 456732 290706 511406 388079 523675 576200 525545 336612 457784 211708 683450 472431 604931 332735 509455 182909 350856 216259 305271 549497 439380 355504 407973 473380 551875 109929 314773 436092 328057 634791 725217 384586 258739 548615 249617 290498 286389 476823 644040 457565 421926 354690 270215 212243 490022 589587 446819 450310 166817 185223 527839 432746 398195 359196 360984 106356 516047
281738 463320 860538 759376 457663 311632 525004 585452 704853 479604 768935 559781 759383 470422 322827 729084 744767 536077 121452 87067 325709 99130 728373 808332 375001 508686 824060 445382 329374 355627 295495 399053 347621 661302 730224 395437 850683 843216 601917 909308 819323 456951 456732 999999999 229255 595236 744531 689780 761409 293255 674596 849707 617125 430909 94968 410530 732631 321702 481792 627233 262300 760565 659568 889946 111547 99429 874913 943549 543453 519885 220110 406461 843353 981065 388514 665654 245127 512564 271450 354165 499217 866931 902336 275606 193421 697731 660708 914820 537217 883033 871807 609579 367395 519843 192727 401091 321945 169138 435080 195031
107342 599996 661633 532281 233142 184012 561223 565784 545210 509099 720968 346882 585446 615646 197859 501042 731683 452519 154695 294765 446948 296312 672117 629906 199568 493464 598647 227873 113883 133140 386344 504090 542261 482128 530598 167117 758977 698290 374380 768611 639188 403523 290706 229255 999999999 633448 517525 695430 761954 450339 447089 625946 404453 611024 201487 563380 614688 460151 259375 398014 78750 572554 690423 726501 121474 245908 758228 834685 397168 488750 146883 418131 836021 953706 436675 450691 431331 451135 46642 354918 313239 853221 747127 380651 64535 488742 466537 698825 635461 672891 655353 457426 146494 595053 142046 452642 128897 256848 320968 382952
740738 278980 794099 899406 688681 477488 72814 155349 559303 124432 286783 920979 634006 303921 467977 891199 196394 318678 676306 535151 299840 517371 284186 678715 533771 173655 927978 650401 614694 730843 302102 231766 459582 601672 713097 688071 445301 589655 795595 620292 691783 279064 511406 595236 633448 999999999 887334 122386 187211 370296 844068 931195 706779 415912 679157 328864 449714 325900 687861 861926 571780 685110 65062 679470 582461 495839 527734 554897 470634 202445 748418 215548 269330 419578 208198 745538 444259 272750 668651 278652 929456 298466 660780 325383 667338 735065 653582 922617 166949 864703 893235 500543 638135 113315 727551 194559 758364 429760 405379 463116
512837 997978 289609 14911 287325 496226 834528 746374 401821 791326 787873 322100 363489 1021580 495134 27865 866561 572799 665106 798109 859506 794912 738301 364936 413395 714121 85259 305748 417094 411752 787915 884710 1012393 317354 230949 350513 711150 522324 143257 579995 362506 612696 388079 744531 517525 887334 999999999 876039 914692 896045 70877 119390 180651 1058912 714216 986071 557038 886451 265312 147439 488435 299439 916460 476809 633317 735272 644158 718424 418832 685145 608366 715870 955079 1005582 772492 144696 904979 615138 481224 673635 431457 955389 518671 797328 568728 174192 253907 225971 977204 237875 188396 406391 378097 914412 622771 786234 475258 710751 491574 864195
802040 400889 744436 886799 711985 523785 172884 137904 512925 211154 176837 952278 584031 425360 512177 883665 74507 306873 759011 637566 414433 619840 189359 623579 565302 202491 906229 672976 657925 777637 405614 350466 581165 571289 680640 723532 342294 512683 801278 532620 636032 303203 523675 689780 695430 122386 876039 999999999 71799 487154 841146 904613 698560 538137 767814 451211 380972 442896 706210 871165 626328 641937 77492 605665 662112 590915 432884 449032 458895 214115 822119 287345 154912 301538 303430 731521 560002 274165 725395 347712 974455 181460 581204 430705 737206 712722 629405 881167 285508 820957 856223 472923 675351 235691 803628 293016 814260 520984 423470 574602
868053 460813 762881 924731 766685 587349 243722 197737 537013 282951 161138 1008595 604491 483991 575279 924086 50519 355381 829364 709330 484254 691599 192600 640056 624108 268594 939360 727713 719635 839783 477212 418464 646417 603453 710069 782398 324565 515323 848279 525689 651914 364329 576200 761409 761954 187211 914692 71799 999999999 556233 884024 935171 740199 598677 838908 514251 393875 511870 759094 919227 691343 665679 129375 609078 732168 662614 421312 424637 502590 275555 890838 357991 83472 232443 375220 770039 629593 329251 790519 417507 1035341 111421 580402 502194 805339 747225 663977 903410 341657 842318 881286 508539 735093 298779 872829 364715 878844 592526 479786 645387
539944 170918 922473 910621 623250 399822 315628 430301 713948 290895 618237 795792 784463 177216 401429 888354 556315 474662 408045 209594 75009 194802 593106 835888 482688 368028 962952 595373 501639 581275 125295 139121 126722 707559 805074 584006 745548 813274 765732 866712 848813 383739 525545 293255 450339 370296 896045 487154 556233 999999999 833264 979916 732121 164652 388222 118049 677282 44398 637958 812246 431525 810055 433695 884628 344112 214268 800949 852612 562692 396116 502947 271419 639170 788414 212422 781076 74695 429784 496639 265281 759674 667622 882679 105574 448385 795760 732997 1014962 261963 969146 975738 623005 539256 267567 476370 213705 573506 196058 446295 107157
442411 940725 323558 85404 218306 434090 788094 708257 392542 743021 765406 267282 366916 963693 434055 55524 837147 534936 594253 729539 799491 726773 714466 378129 351819 670413 155082 239385 348257 341095 728008 828042 947848 302386 237286 279993 702785 527492 72724 589995 378182 566437 336612 674596 447089 844068 70877 841146 884024 833264 999999999 187162 144285 996890 643378 926199 543782 825416 197839 88260 420116 308252 876929 493758 563561 667645 643894 720930 382332 643205 537909 664134 929469 989791 718383 126633 839614 574110 410431 618715 372663 931989 533439 736218 497891 172343 239225 285405 925642 286484 244561 380460 309047 864414 552061 732613 405224 645571 442314 797922
628722 1068768 223668 107645 392974 582684 885004 782729 401129 845911 795831 439003 344432 1093598 579440 145107 885447 612530 776506 898042 937279 893481 749570 328959 500429 761222 36965 405026 520360 526919 866023 955062 1100048 333344 225150 460386 696560 490757 256244 538249 322410 666420 457784 849707 625946 931195 119390 904613 935171 979916 187162 999999999 247809 1140143 825243 1062696 555151 966325 367966 266716 589485 277949 953023 427384 738160 832583 617626 685486 462100 729535 724079 778085 966085 998931 838669 199237 995230 659368 592268 742687 549487 962510 471139 878019 680065 196660 277684 116177 1036308 149156 90139 432941 482436 970940 737377 851274 592089 801670 553781 957059
434813 823836 264986 193115 181048 335905 653976 567143 258012 611177 621436 352543 248425 848182 332084 185370 693090 393487 559070 658072 689986 652197 570340 273709 254526 533492 232897 176719 291846 335592 618609 710184 852606 165770 140668 252970 565049 404923 128347 472092 277905 432231 211708 617125 404453 706779 180651 698560 740199 732121 144285 247809 999999999 892448 605760 815759 403956 718713 152167 198520 354866 203354 736792 388869 506524 590541 513375 592339 239840 504712 525238 537416 785186 847367 595687 49695 748558 434839 379599 498019 438186 787826 423734 630285 464953 85642 107577 297771 798206 268442 254972 236457 258183 734739 532680 608968 406316 555693 312463 711540
695691 137884 1071296 1073406 787800 562921 385574 521246 853977 381976 695518 957604 926906 116366 563794 1051829 612306 604354 551433 343862 204997 333412 681124 977845 645592 474927 1124296 759566 666179 743112 274900 215450 92775 856838 958283 748419 841148 938108 929854 985349 991013 517255 683450 430909 611024 415912 1058912 538137 598677 164652 996890 1140143 892448 999999999 523447 92906 797675 174000 802202 976876 595765 957906 469311 1015902 499601 368296 908870 951010 710353 507860 649315 396695 676396 827078 330800 940956 186268 555443 657591 408679 916496 707163 1009228 262195 603432 953061 886918 1170391 258954 1122423 1132149 767085 703882 302723 622088 324968 731155 359897 597464 236890
217673 558187 860752 728780 433580 336747 607667 655975 727263 560126 833862 496266 774818 565389 349822 696013 818860 586466 49357 180819 418840 193899 790438 821526 383747 579010 796805 429316 314207 307622 383761 491247 437889 673139 729557 364857 902356 873639 571090 942053 831580 515050 472431 94968 201487 679157 714216 767814 838908 388222 643378 825243 605760 523447 999999999 505453 773502 416180 460402 586152 259666 767789 742683 911689 122076 187201 917495 989608 569965 586110 137894 481135 919615 1053178 471063 652172 338603 569634 233120 424156 423865 941812 928270 365692 145488 689704 663482 900228 629760 874192 856737 634493 347978 609322 111745 484635 259581 249398 471810 289025
655901 64537 985230 1000346 722338 492938 294043 428615 765019 289083 604683 906458 838551 61123 492211 980550 524815 513692 526075 325597 126710 311607 589038 889229 574482 382190 1048471 691856 605822 692467 198224 123008 136338 771497 874915 688758 748681 846025 861178 892702 902453 427927 604931 410530 563380 328864 986071 451211 514251 118049 926199 1062696 815759 92906 505453 999999999 705294 104182 734557 911953 538031 871612 385432 924647 460768 331891 815967 858446 624768 415312 620924 306680 593878 744895 240517 863543 174405 464276 609207 323960 874700 624183 917283 191569 564849 872867 804228 1088154 182252 1038750 1050769 679751 642088 215746 594389 233648 688427 306685 514409 219127
