NAME : synthetic_000743
TYPE : CTSP-D
DIMENSION : 100
GROUPS : 8
RELAXATION_LEVEL : 1
EDGE_WEIGHT_TYPE : EXPLICIT
EDGE_WEIGHT_FORMAT : FULL_MATRIX
EDGE_WEIGHT_SECTION
999999999 159296 632635 510508 673764 586644 628149 652779 163379 377412 414858 446509 650688 192941 654230 667513 398363 469611 232620 394624 343423 694595 208773 624924 745129 264920 538193 186094 395497 488888 607035 801395 442993 565484 710952 308459 240485 245236 167407 44341 336855 570917 224254 604820 283483 262486 637333 588448 222174 856106 771421 547410 360614 841604 834016 660786 697371 201484 393441 248862 643917 441022 254353 549813 706075 720189 462305 381774 627215 610798 565063 490831 608273 292296 190779 242659 73611 632725 296346 243151 307976 617699 729078 475218 421722 388142 512219 639417 214949 115875 274999 769115 193078 367416 561528 497877 698932 381448 140978 533824
159296 999999999 790763 669478 750640 600746 727973 751404 183020 536368 558414 360109 795179 166044 712875 784404 493541 426413 340404 538249 501754 800565 314321 758920 858737 338177 607533 343555 486686 644643 762730 918164 385807 720272 864162 391628 346894 196608 279908 115386 322725 728540 161123 763323 255225 323021 792435 747721 361668 960827 914080 701272 388840 961152 935031 817357 851805 221500 544324 124952 698337 556867 371724 651821 797455 879160 614092 496740 777658 726650 492374 649207 649443 449608 346935 315035 157591 790611 186783 273295 404598 696018 888257 634467 538502 545432 600734 781635 229142 269147 434290 860592 306738 526705 501516 464287 851837 456090 221511 466572
632635 790763 999999999 170145 645882 823498 521764 536283 688408 275656 294644 957548 222870 776149 710416 440461 620392 894636 588050 307555 289213 513987 598590 312082 492602 663748 624336 447211 528323 253912 69130 502636 904395 249938 304297 562498 589857 823600 552072 676970 839478 64043 786488 31332 826824 688518 247656 104217 502143 606373 291827 127694 780059 508792 613200 221715 112569 735248 351330 852121 721245 545428 557324 491766 594386 164194 208041 547286 317839 430727 1020939 141956 750528 341340 444285 663951 645694 179398 876293 734288 609265 616192 154540 181155 540118 292149 544531 243506 746173 538007 362799 625676 534264 271857 991566 892102 304125 679469 655054 986537
510508 669478 170145 999999999 701454 822297 585537 605124 598399 133112 287788 888073 346421 630837 748789 530574 450318 847171 428111 289957 188072 599394 441467 409119 596978 501382 644705 335640 517320 87430 198334 621076 847248 118856 244595 522023 429021 675177 469008 554099 679078 141362 694130 139611 672165 527118 164393 83367 347331 719368 442941 198258 614172 636839 719081 168934 278390 583716 182219 748093 754793 376120 395283 535203 668519 209687 212900 377238 206021 503623 970289 100417 768945 241653 336957 503783 538893 129560 781731 577107 442572 660966 219377 41712 370259 132683 568741 358355 593585 403688 236669 711625 458082 147738 947278 852982 237026 510155 507730 935519
673764 750640 645882 701454 999999999 293111 125059 116064 567646 658900 422566 631768 445066 863600 92754 229190 974778 504614 836053 428040 579283 166748 824262 344081 236105 901741 144258 587379 279442 766970 576788 288985 547973 820182 931329 366392 843231 913810 507142 696909 1010012 605710 622040 646828 956844 910609 857547 709648 760591 261003 479309 527634 1018704 333803 225681 846635 592936 873811 774577 709226 114612 958135 832257 167568 87865 810075 488563 919263 907460 217466 605095 602108 182000 563307 574740 884940 617245 800167 682902 910138 904997 56082 799511 667454 941907 702478 165599 418993 887530 686158 622931 131806 483093 624210 559989 471724 927142 994062 801028 580994
586644 600746 823498 822297 293111 999999999 377360 384032 434514 735834 540213 371553 666495 749160 204159 489612 961949 237547 801229 534206 653494 445842 781987 571210 520055 848659 210711 586385 304982 864167 758964 577697 288366 932774 1066650 322733 809230 791398 450557 591509 908476 769008 444056 814333 845224 848627 986690 857681 749660 553046 733691 695859 946490 623946 517175 987140 803401 780819 832085 518990 181250 974803 810507 356217 379601 980458 626147 923698 1018856 452938 317728 735157 111214 615064 575365 827402 514892 942582 473949 827221 877489 271005 975436 781917 956118 775082 286856 640531 793140 647500 661936 422620 438474 702890 271573 196621 1059320 960027 727536 297828
628149 727973 521764 585537 125059 377360 999999999 25023 548940 555032 316969 671855 320436 821046 203354 113192 890808 555550 763218 326004 479148 78468 754532 219357 151035 833689 176109 513148 241444 655294 452635 213245 591764 704366 810618 336765 769878 873054 461774 657608 958012 483480 619296 523714 910325 845650 738299 588646 681715 233233 362936 405602 954973 260746 207260 725688 468078 822074 673205 707372 220415 865062 754856 78423 87784 685929 373736 830801 790982 92418 668836 485353 273687 471396 500723 819029 581537 679262 691648 853279 827618 110664 675012 553550 849896 598606 133626 294253 835928 620643 532384 145652 435361 520958 626304 529875 806924 916926 744039 640742
652779 751404 536283 605124 116064 384032 25023 999999999 571833 577592 339733 688089 330202 845648 201147 113680 915231 569707 788134 349297 502373 63050 779509 229620 137733 858681 188989 538099 264722 676098 467201 198583 607216 723859 827822 359933 794781 897602 486249 681983 982930 500001 640862 539408 935092 870667 756340 605871 706466 210748 364528 422429 979992 246041 183629 742811 478357 846964 696031 728991 219895 888777 779639 103269 64610 700250 394110 854937 810164 105582 680981 504785 277618 495515 525682 844042 605657 696452 712112 878265 852382 113506 688754 573847 873720 621112 154348 304369 860817 645665 556548 120784 459907 543664 637847 542669 824410 941678 769013 653575
163379 183020 688408 598399 567646 434514 548940 571833 999999999 471146 420865 299803 651854 315429 531115 612738 560863 306989 394944 401856 412780 623248 371692 601945 684514 427307 424533 266249 307698 597449 648104 745231 283624 675283 822587 212414 402897 359978 136681 158517 474101 624384 98085 664752 411701 422868 744438 667102 371440 782170 765859 581740 514970 789580 755288 761608 730494 347033 518857 173068 517291 597838 414092 474274 615889 802888 491551 539808 747114 555046 408171 553085 471600 357982 262760 404633 90545 727083 187946 394780 470882 513126 807853 558560 578433 493974 419585 634924 359074 258850 367810 678853 157524 450798 400972 334505 811608 544659 301401 375645
377412 536368 275656 133112 658900 735834 555032 577592 471146 999999999 238125 765443 387429 503075 691485 525275 373978 734373 314138 230914 83182 585868 323382 420452 600090 391164 578294 205585 435553 132069 274934 636075 730000 207826 353830 420827 316548 549296 346758 420988 564898 223612 565341 244848 551181 415003 274295 212841 226693 725247 501466 240128 511130 660701 718284 290511 367023 459936 119349 616416 693767 322392 285414 491985 642195 342798 199220 303276 288189 486077 854745 142753 696790 124474 208388 389764 407580 257656 651895 458845 344030 611803 352159 100059 310508 43643 508914 390613 470688 271302 104676 693422 339462 34828 834876 744232 343617 422907 380834 820119
414858 558414 294644 287788 422566 540213 316969 339733 420865 238125 999999999 668909 236832 595180 462576 297436 585777 600354 478092 20260 163501 351854 475523 217603 375746 554432 356923 245152 237515 345654 239622 420467 611841 404177 529422 268810 483565 647681 286962 455919 704559 234427 517055 279849 670314 571631 450814 317481 389334 499717 356747 171274 679434 452844 488645 448110 312985 575922 356300 592748 467652 551380 462159 255060 404296 443009 87669 521451 491895 252203 726774 195409 481494 167443 235326 544324 401650 402972 606191 594727 532824 377809 440100 250051 537109 281736 281316 224573 589231 360021 227123 456773 263623 203989 696953 597474 523018 620546 491770 692488
446509 360109 957548 888073 631768 371553 671855 688089 299803 765443 668909 999999999 874996 525642 557413 767897 838622 134010 675477 653067 700095 749937 650232 801751 822671 690179 501014 563292 471840 894281 907895 885076 84527 971865 1118858 403640 683007 549625 419326 422547 677947 894173 222571 937477 609843 678407 1039722 950950 666219 887779 974351 839557 748937 932545 854202 1054469 980221 580874 818607 237513 535948 887398 700111 616349 707798 1086521 751215 827901 1045732 715837 134829 831099 467451 646549 558404 666689 382532 1017606 174719 632733 747711 590715 1089136 847101 868134 791138 542726 853212 589060 554549 664137 762623 430439 742152 155745 176304 1108243 809768 565430 115738
650688 795179 222870 346421 445066 666495 320436 330202 651854 387429 236832 874996 999999999 826578 520905 224444 761397 786731 684484 257050 348636 298074 687000 101091 270181 762767 456627 474400 406738 432276 159262 280962 808193 454256 526925 473133 688643 878482 521226 692291 924768 209689 745642 236089 896541 783283 466202 314103 593324 383917 121698 151598 886978 291624 390348 443503 148221 801708 497895 824817 535456 704370 661770 312144 382593 380892 200765 690333 531979 228404 911621 257781 577339 379509 466044 756371 638193 399506 833224 814807 726673 425579 366618 331650 694473 422837 379780 26456 814538 586562 428934 407286 496572 364011 875603 774172 526285 808899 717250 878987
192941 166044 776149 630837 863600 749160 821046 845648 315429 503075 595180 525642 826578 999999999 838581 858996 354165 589988 228466 575284 494457 887423 205527 809994 937052 196211 725360 352179 586901 585900 762244 992564 550993 655039 789760 497223 232342 52906 359707 166871 160226 718745 322935 746110 96283 174498 726376 713637 286859 1048903 948231 709107 223799 1031952 1026951 757091 855030 67223 474539 288729 826649 432209 265005 742731 898468 835326 630416 374652 697317 802644 658352 635975 785192 451426 360770 175987 247198 738506 351408 114452 273018 807659 848026 602729 415761 498647 703756 817874 69308 242350 415187 961597 385783 504348 667344 626372 776731 305286 123270 632600
654230 712875 710416 748789 92754 204159 203354 201147 531115 691485 462576 557413 520905 838581 999999999 314439 983175 426646 835866 464252 609311 257221 821550 420128 328239 896620 120502 593074 275492 807675 641918 381737 472929 866330 985443 347399 843404 886838 492251 672127 990641 665230 573246 708211 933755 902775 909182 765663 766836 349274 565344 587520 1008741 426490 313262 901667 667038 855713 802806 658192 22910 975653 836158 218920 180589 873899 537439 932521 954059 293058 520150 651841 93604 585544 580597 878205 591600 855372 625621 895667 908004 95441 864923 712262 958487 734426 182625 494490 869157 682198 642494 218744 470994 656690 474408 390784 980270 995956 788099 497900
667513 784404 440461 530574 229190 489612 113192 113680 612738 525275 297436 767897 224444 858996 314439 999999999 883157 657505 771287 312275 458644 73808 766318 128390 79488 845858 284087 526972 310809 608264 372385 134141 690397 647473 739701 402820 777214 911802 507519 701841 985013 412020 692309 447644 943226 860997 672317 519502 684420 202281 250933 337273 970021 176947 193010 654858 372051 851367 644513 779251 332543 845535 757706 151559 158744 602589 329314 818173 731409 57793 774373 430982 386860 464057 515347 833802 630982 609110 770587 876963 829135 223634 589461 504069 832091 567547 225819 199921 865116 640422 524354 185370 480347 493445 732956 634701 737498 917353 769617 745098
398363 493541 620392 450318 974778 961949 890808 915231 560863 373978 585777 838622 761397 354165 983175 883157 999999999 867752 165919 571783 426115 935764 189705 789354 961045 158384 862753 390104 707710 370971 638796 1002491 841054 410848 509861 647992 157975 368377 511452 416433 297549 582917 616952 589593 329346 180050 469707 526461 216508 1085410 874216 612904 200235 1030332 1074151 508387 726047 286952 270272 616016 978846 97374 151461 817845 978138 610912 569412 73132 415398 836961 961857 510159 960090 420881 402598 180226 470318 509095 674418 244108 90958 921348 629531 444567 90576 340144 810874 764282 286334 314765 359847 1035544 525262 399285 959759 894757 496682 71139 274308 931303
469611 426413 894636 847171 504614 237547 555550 569707 306989 734373 600354 134010 786731 589988 426646 657505 867752 999999999 701844 587110 660815 632450 678348 705490 706440 730515 380780 544048 380241 866200 839169 768150 52441 942049 1086609 332308 709778 622933 393045 457431 748824 833044 267105 877858 681581 723396 1006057 901736 675120 763478 877713 771133 806906 815661 729120 1015981 903655 636193 804805 318991 404744 903269 720895 507313 583822 1035049 686623 845902 1021507 608646 126506 778446 335320 610667 536518 707378 397499 975855 262632 687006 777562 467005 1035088 805489 883870 765718 432008 763277 646426 562989 639768 636249 395789 706898 100504 44226 1077019 849226 603694 92659
232620 340404 588050 428111 836053 801229 763218 788134 394944 314138 478092 675477 684484 228466 835866 771287 165919 701844 999999999 461014 335849 816154 26092 693202 850640 78342 715542 250269 561447 370191 588374 898102 675551 433946 563731 493492 8053 261380 352449 253000 251519 537749 453133 556853 246878 100894 503847 511261 91161 972210 803924 546999 202785 930906 956994 536805 680925 167491 256118 458820 829699 216559 36846 687096 848829 622970 484095 156373 470301 720408 797005 456421 805862 311722 262801 75926 304399 522936 514952 150031 76737 781157 637750 407450 198103 296957 670545 682035 174117 155149 256357 908866 368945 326978 794143 728924 550583 160563 119658 766124
394624 538249 307555 289957 428040 534206 326004 349297 401856 230914 20260 653067 257050 575284 464252 312275 571783 587110 461014 999999999 153148 364390 457868 236578 391064 536969 355843 225803 229941 343496 254841 437109 597334 404718 533214 254948 466624 627827 267467 435660 685693 246142 498344 291257 650880 553780 453906 324626 372846 514444 377007 186491 661869 470329 502383 452977 330543 556580 347755 573452 468353 539950 445915 261087 413669 452540 99518 508443 492268 265223 713386 201160 479218 151782 215784 526474 381569 408392 587639 575957 517010 381679 450504 250992 525281 274529 282028 244821 569929 340805 212246 467535 244451 196307 684357 585409 526375 605094 472522 678982
343423 501754 289213 188072 579283 653494 479148 502373 412780 83182 163501 700095 348636 494457 609311 458644 426115 660815 335849 153148 999999999 515191 338824 364077 535712 414133 495429 158426 352452 211327 268010 576378 659574 283595 426073 341121 340057 544169 281342 387760 578477 227900 509642 261572 555122 434861 345377 254425 244691 660516 468395 216005 538413 604814 650953 355848 360603 460872 195300 568656 611190 387947 313876 413276 566789 390124 148454 359708 367263 415408 783104 147460 613614 54888 156554 408070 359991 317631 598314 469073 380904 531084 395530 147011 373884 125258 426901 346630 473006 252681 81478 620128 270012 49404 761161 668414 416815 466077 377461 748356
694595 800565 513987 599394 166748 445842 78468 63050 623248 585868 351854 749937 298074 887423 257221 73808 935764 632450 816154 364390 515191 999999999 809278 201937 74737 888818 251877 567913 315661 675055 445719 135701 669478 717080 812284 410839 822464 939831 529941 725970 1020160 484188 695895 520609 974859 902328 743978 591507 731670 161542 315079 408546 1011719 183211 141284 727346 445364 884950 705178 783855 277363 903137 805114 148989 87469 676333 393791 872828 801799 99884 744029 499258 338159 514919 555800 875375 651521 681434 769319 913794 877370 174839 663262 571249 888960 628814 211687 273699 898788 678738 575918 112808 503095 553015 700887 605671 809844 966295 805136 716580
208773 314321 598590 441467 824262 781987 754532 779509 371692 323382 475523 650232 687000 205527 821550 766318 189705 678348 26092 457868 338824 809278 999999999 691900 845779 79593 701462 241601 548068 387054 596064 894428 651350 452813 584837 477400 32998 240931 334906 227686 241861 546643 428034 567540 230903 96559 523344 524808 96841 966462 807181 552319 204026 928194 950381 555500 688965 146929 273532 432807 814807 242649 60138 677812 839510 639330 486261 182465 491969 714527 772368 464629 789265 310811 253914 69429 281206 540080 489105 135886 99214 769057 653568 418874 224192 309314 658663 683551 154791 139360 258065 900086 352592 333708 770058 706016 571749 178089 93792 741674
624924 758920 312082 409119 344081 571210 219357 229620 601945 420452 217603 801751 101091 809994 420128 128390 789354 705490 693202 236578 364077 201937 691900 999999999 187948 770313 360561 462334 329911 490139 244028 216075 730837 524107 611879 407395 698319 862744 479464 663804 922159 285048 691251 319550 887224 788275 545678 392567 603222 310627 172714 212361 895416 240985 310197 527172 248882 793055 537839 774325 435041 742831 675022 215102 283966 474509 221275 721151 606582 127343 828570 311475 478857 381499 452135 760989 601513 481648 776051 812327 743979 324919 461760 386021 730840 460657 286116 74914 806439 577375 438261 313707 453105 391426 790696 689649 609936 829993 709072 796833
745129 858737 492602 596978 236105 520055 151035 137733 684514 600090 375746 822671 270181 937052 328239 79488 961045 706440 850640 391064 535712 74737 845779 187948 999999999 925311 326211 606441 378811 677256 426806 62668 742782 712001 795796 472885 856534 989797 583623 778719 1064197 471520 760854 503503 1021925 940484 731910 578744 763558 125162 260837 400206 1049502 109934 122298 711659 411443 930327 718984 848431 349128 921469 836791 213152 150316 650713 402217 895419 794061 134412 818632 498802 411677 542789 594797 913288 706685 666753 836564 956281 908064 249123 635806 572987 908395 641800 281627 249236 944092 719793 602852 147460 556497 568966 775572 680122 794554 996121 848786 791031
264920 338177 663748 501382 901741 848659 833689 858681 427307 391164 554432 690179 762767 196211 896620 845858 158384 730515 78342 536969 414133 888818 79593 770313 925311 999999999 776919 321025 624445 438630 665837 973749 699603 497770 620335 550742 74839 215249 406680 273196 178497 614635 471272 632472 186526 27523 565643 584061 169474 1046054 882263 625203 125103 1007234 1029941 600468 758173 129032 324673 462133 889178 237958 106442 756778 918414 691230 562307 182935 525514 794120 817065 533746 861190 388872 333279 23491 338501 590040 522044 91419 79459 846329 706926 482728 222617 371805 736181 760155 129693 215603 334377 979183 426072 404978 818524 760916 607051 119682 126840 787848
538193 607533 624336 644705 144258 210711 176109 188989 424533 578294 356923 501014 456627 725360 120502 284087 862753 380780 715542 355843 495429 251877 701462 360561 326211 776919 999999999 472671 155043 698423 557721 387548 419179 760493 885523 229879 723056 774700 374110 558501 875041 573765 477858 618282 819715 783578 807495 669203 646376 387708 523728 497849 890112 435024 355112 803115 595959 739461 687093 565177 117289 856368 715659 145510 208326 785101 437466 812569 848090 243289 492738 550782 126409 468560 460214 758771 478221 757321 540186 778200 787530 93099 778204 606553 839041 620669 79836 430508 753028 562148 524383 266903 352014 543681 450240 353934 879485 875546 670032 464837
186094 343555 447211 335640 587379 586385 513148 538099 266249 205585 245152 563292 474400 352179 593074 526972 390104 544048 250269 225803 158426 567913 241601 462334 606441 321025 472671 999999999 317632 331354 421082 657108 533905 409138 556406 264563 257098 404168 151063 230295 460587 385077 359768 419928 425171 334575 478202 409229 173947 725868 596054 362466 443904 692944 709111 496010 511853 330785 260762 412806 588961 389645 244892 436835 598573 543610 279686 341734 482636 474051 659742 305771 573033 106231 12639 307536 203517 462854 446460 351292 317620 533060 550660 297415 371355 227980 422343 465960 344126 115107 101588 658768 152587 188354 643955 559480 545511 406741 246740 625546
395497 486686 528323 517320 279442 304982 241444 264722 307698 435553 237515 471840 406738 586901 275492 310809 707710 380241 561447 229941 352452 315661 548068 329911 378811 624445 155043 317632 999999999 561337 467656 440484 401977 628469 761679 95344 568882 637978 228262 421117 730974 470456 382147 516004 678964 632280 681712 554417 491345 474600 502538 401304 739882 486030 448351 682451 525621 594680 539105 469626 271562 702525 560829 166808 312706 680355 324792 657907 715003 254322 505731 431099 262761 319667 305185 606961 343003 638165 459820 630698 632864 223437 676895 477013 684992 476486 116855 383697 608433 409037 372952 376015 203746 401706 471339 370072 754341 721121 521619 472703
488888 644643 253912 87430 766970 864167 655294 676098 597449 132069 345654 894281 432276 585900 807675 608264 370971 866200 370191 343496 211327 675055 387054 490139 677256 438630 698423 331354 561337 999999999 285760 704096 861018 77868 225189 552014 369789 626550 477013 530592 617103 228787 689401 224444 617021 465398 148646 155745 299070 800760 530352 282292 544812 721499 798852 173166 364290 533136 114197 734518 811805 291863 335011 599502 740252 252876 282215 298540 156271 577374 986059 178690 819857 256503 335878 444100 528143 153056 773989 520180 373337 723381 268297 104296 287467 103502 625522 443046 541704 375502 230149 786314 470863 162306 966702 876298 214165 434058 463096 951488
607035 762730 69130 198334 576788 758964 452635 467201 648104 274934 239622 907895 159262 762244 641918 372385 638796 839169 588374 254841 268010 445719 596064 244028 426806 665837 557721 421082 467656 285760 999999999 440223 851449 297892 369001 508325 591088 811523 511459 651076 837918 57134 745963 76924 819756 689254 306939 155195 499287 542925 244822 68384 786018 449619 548171 284924 93176 726360 368807 815651 653053 571147 560319 423503 525537 233308 157567 565934 373296 361634 965666 132181 683659 315257 416381 663598 612774 240442 835827 730277 617904 547496 223124 194609 563705 300637 477886 177725 738030 520690 347316 557733 491585 262528 934830 834605 367812 693519 643926 931514
801395 918164 502636 621076 288985 577697 213245 198583 745231 636075 420467 885076 280962 992564 381737 134141 1002491 768150 898102 437109 576378 135701 894428 216075 62668 973749 387548 657108 440484 704096 440223 999999999 804959 733016 806908 534104 903732 1045408 641645 835940 1116631 489262 822628 517037 1076026 989850 747162 594866 809776 104958 243276 422821 1098434 47529 120742 724054 411507 983685 753823 910066 403371 958442 882621 275449 201244 654974 436877 935325 812403 191658 879348 525578 468154 587865 645772 962576 765071 680375 898845 1008044 953077 307639 638540 600452 946160 676608 344294 264276 997389 771360 646925 181662 614475 606378 835959 741225 806688 1040360 901390 852125
442993 385807 904395 847248 547973 288366 591764 607216 283624 730000 611841 84527 808193 550993 472929 690397 841054 52441 675551 597334 659574 669478 651350 730837 742782 699603 419179 533905 401977 861018 851449 804959 999999999 937761 1083597 343224 683377 581508 384341 426707 708484 841870 230159 886111 640800 690934 1003481 905488 654939 804939 903522 783114 770584 852479 771099 1015422 919695 600119 793742 273325 451432 881342 696634 539157 624968 1040033 696603 823055 1015123 639660 125978 783378 382948 607756 527386 676264 372922 976585 214722 651460 750347 507871 1041189 805750 861941 759150 464628 785525 609767 542352 632253 679098 390648 704156 118952 96596 1073572 818972 572908 92360
565484 720272 249938 118856 820182 932774 704366 723859 675283 207826 404177 971865 454256 655039 866330 647473 410848 942049 433946 404718 283595 717080 452813 524107 712001 497770 760493 409138 628469 77868 297892 733016 937761 999999999 147324 624609 432637 693622 554102 606755 675191 244577 767252 225481 680238 525061 72260 145902 369359 833076 539882 311801 596363 745879 834286 102896 362302 599703 180583 811809 871806 321985 397716 653713 787135 200072 331627 341556 87735 621979 1062568 219075 883761 331490 413506 505596 605834 98658 851716 582889 427388 779245 219001 154132 322060 181368 685493 468851 607464 451351 307813 829537 547282 235730 1042545 951225 136397 478266 533153 1027945
710952 864162 304297 244595 931329 1066650 810618 827822 822587 353830 529422 1118858 526925 789760 985443 739701 509861 1086609 563731 533214 426073 812284 584837 611879 795796 620335 885523 556406 761679 225189 369001 806908 1083597 147324 999999999 765207 561300 825110 700571 751569 793598 328351 914522 292505 806179 647856 80827 221982 507998 910653 587811 405431 706294 811951 916980 85045 403461 731170 320292 958144 992940 413515 526908 768363 888845 168654 448592 448485 95243 722980 1208023 334748 1010752 476141 560629 631213 752842 131373 998752 709105 544850 894853 190384 285621 419503 328691 808124 546618 737727 596042 454999 924898 692951 379773 1187032 1094440 13311 580605 669941 1173338
308459 391628 562498 522023 366392 322733 336765 359933 212414 420827 268810 403640 473133 497223 347399 402820 647992 332308 493492 254948 341121 410839 477400 407395 472885 550742 229879 264563 95344 552014 508325 534104 343224 624609 765207 999999999 501258 547462 144891 330521 645303 500744 289737 545555 590782 555910 684388 571574 432510 569941 577906 440036 661402 579097 543543 690718 577239 509607 510820 376435 338784 654077 497705 261878 406409 703714 354458 604817 708206 345526 458476 447654 312540 297182 253213 531734 251053 648887 370678 548503 567789 310499 703204 480410 635659 457699 209619 452416 523190 338467 340284 469678 124829 389742 430279 332747 756536 654052 440708 424043
240485 346894 589857 429021 843231 809230 769878 794781 402897 316548 483565 683007 688643 232342 843404 777214 157975 709778 8053 466624 340057 822464 32998 698319 856534 74839 723056 257098 568882 369789 591088 903732 683377 432637 561300 501258 999999999 264002 360360 260486 250144 540108 460716 558623 247701 98664 502218 512056 95511 978278 807860 550428 198358 936316 963239 535528 683502 170361 255616 465747 837308 209974 34934 693872 855595 622650 488414 149864 467605 726531 804736 459035 813660 316921 269655 74803 312353 522330 522102 150509 68684 788387 637641 409053 191663 298348 677752 686456 176441 162989 260992 915530 376752 330144 801992 736915 548124 152835 125764 773900
245236 196608 823600 675177 913810 791398 873054 897602 359978 549296 647681 549625 878482 52906 886838 911802 368377 622933 261380 627827 544169 939831 240931 862744 989797 215249 774700 404168 637978 626550 811523 1045408 581508 693622 825110 547462 264002 999999999 411426 217014 128350 767049 357430 793307 60294 189925 764271 758307 328712 1101339 1000164 759410 211791 1084844 1079177 796201 904479 94034 513811 312370 874403 453067 298211 794793 949958 877615 681676 397958 731593 855396 683786 684192 831272 502283 412980 198589 296645 779550 375000 124695 294582 857957 890969 648435 437866 542581 754816 870058 87821 293071 464212 1013143 437698 552167 695821 660879 811963 312086 168561 659726
167407 279908 552072 469008 507142 450557 461774 486249 136681 346758 286962 419326 521226 359707 492251 507519 511452 393045 352449 267467 281342 529941 334906 479464 583623 406680 374110 151063 228262 477013 511459 641645 384341 554102 700571 144891 360360 411426 999999999 196061 502875 488031 234688 528829 450868 411201 620971 534337 299926 691433 637902 445260 516513 683559 668329 635150 594403 366676 411812 306196 483616 527465 360057 383642 538799 670240 355128 474434 630786 450053 509849 418006 454660 227360 143541 387282 123711 598464 324579 404159 428025 451061 674288 428273 508444 374837 344873 505848 380389 197598 247917 601900 27175 322829 493069 408688 690250 512592 295958 475468
44341 115386 676970 554099 696909 591509 657608 681983 158517 420988 455919 422547 692291 166871 672127 701841 416433 457431 253000 435660 387760 725970 227686 663804 778719 273196 558501 230295 421117 530592 651076 835940 426707 606755 751569 330521 260486 217014 196061 999999999 320159 615216 200521 649160 261629 266295 678778 632398 255736 887478 812663 591097 356454 876953 864336 702950 741207 189336 432783 212596 660564 466751 278945 579593 733414 763784 505502 406794 666604 644699 545788 535172 620955 336521 234713 249988 80529 675590 264349 236318 325475 641016 772878 519123 447678 430616 537918 680445 201819 155530 319021 796658 222880 411531 545658 488640 739411 392329 146361 515774
336855 322725 839478 679078 1010012 908476 958012 982930 474101 564898 704559 677947 924768 160226 990641 985013 297549 748824 251519 685693 578477 1020160 241861 922159 1064197 178497 875041 460587 730974 617103 837918 1116631 708484 675191 793598 645303 250144 128350 502875 320159 999999999 788364 482163 808308 68107 152077 742072 761997 338682 1180623 1045745 793322 104308 1153282 1161090 777625 930826 136351 503170 440607 979781 392576 283840 879671 1038729 869608 724229 346830 698390 930405 812026 706466 941114 545613 471456 175595 400256 768260 503289 110089 249044 953930 885399 658969 381237 548426 847209 919736 122560 345625 497084 1101290 527302 575503 823515 785864 780287 229813 215413 787711
570917 728540 64043 141362 605710 769008 483480 500001 624384 223612 234427 894173 209689 718745 665230 412020 582917 833044 537749 246142 227900 484188 546643 285048 471520 614635 573765 385077 470456 228787 57134 489262 841870 244577 328351 500744 540108 767049 488031 615216 788364 999999999 722466 45548 772700 638607 260638 107535 449820 590496 301587 78093 733548 501307 593638 243323 144326 680120 312703 788401 674734 514239 508617 446410 560592 211680 146918 509942 323278 394865 959191 82872 700173 278933 381719 613359 582377 197267 812279 681696 564392 572344 206639 138360 506998 246316 494318 225017 691426 478887 303896 596915 470255 215114 930492 831490 325668 638616 598756 924707
224254 161123 786488 694130 622040 444056 619296 640862 98085 565341 517055 222571 745642 322935 573246 692309 616952 267105 453133 498344 509642 695895 428034 691251 760854 471272 477858 359768 382147 689401 745963 822628 230159 767252 914522 289737 460716 357430 234688 200521 482163 722466 999999999 762763 415303 461522 837256 764067 445258 851468 857762 679408 540650 868118 822546 855769 827779 370063 605434 88150 556622 664890 477541 548104 679167 899716 589191 605345 836509 635172 345847 650898 501997 454766 357384 447827 164119 822269 89893 421325 525994 569943 905047 654715 645643 585962 486583 727840 379903 334729 461166 741004 254724 546394 348473 303723 903249 590917 345194 316686
604820 763323 31332 139611 646828 814333 523714 539408 664752 244848 279849 937477 236089 746110 708211 447644 589593 877858 556853 291257 261572 520609 567540 319550 503503 632472 618282 419928 516004 224444 76924 517037 886111 225481 292505 545555 558623 793307 528829 649160 808308 45548 762763 999999999 796020 657280 230200 80104 471168 619843 314412 120850 748728 525675 625003 208157 140076 704648 320267 826949 718148 515453 526042 489293 598974 166823 192256 516471 297654 433919 1003912 114161 744679 314515 417453 632763 619729 163519 852441 703282 577951 614812 161167 149835 509840 260833 538707 254578 715496 508712 333611 632987 511865 242091 975507 876665 291051 648369 624746 969388
283483 255225 826824 672165 956844 845224 910325 935092 411701 551181 670314 609843 896541 96283 933755 943226 329346 681581 246878 650880 555122 974859 230903 887224 1021925 186526 819715 425171 678964 617021 819756 1076026 640800 680238 806179 590782 247701 60294 450868 261629 68107 772700 415303 796020 999999999 159202 749422 755528 325414 1136027 1018117 771121 156578 1114131 1115156 783134 912932 94833 502992 372503 922125 419304 282632 831904 989252 869707 697340 367658 711578 887628 743924 689996 881290 517433 435117 175133 342157 769813 435182 97392 264879 900816 884237 648450 405626 539749 795702 889759 82182 310674 473881 1052187 476279 557809 755571 719009 792917 267642 179305 719671
262486 323021 688518 527118 910609 848627 845650 870667 422868 415003 571631 678407 783283 174498 902775 860997 180050 723396 100894 553780 434861 902328 96559 788275 940484 27523 783578 334575 632280 465398 689254 989850 690934 525061 647856 555910 98664 189925 411201 266295 152077 638607 461522 657280 159202 999999999 593068 609969 190952 1060422 903252 647338 109410 1024071 1043575 627797 781818 107488 351332 447697 894686 263264 131836 768299 929690 718112 582592 209323 553026 808555 806761 557314 864698 407341 346575 27307 335564 617049 508459 65328 105999 854965 733670 507678 248435 396902 745247 780033 106285 225324 354392 990904 431781 427662 809692 754934 634571 133235 121701 778166
637333 792435 247656 164393 857547 986690 738299 756340 744438 274295 450814 1039722 466202 726376 909182 672317 469707 1006057 503847 453906 345377 743978 523344 545678 731910 565643 807495 478202 681712 148646 306939 747162 1003481 72260 80827 684388 502218 764271 620971 678778 742072 260638 837256 230200 749422 593068 999999999 153185 441215 849654 538453 335466 660185 755597 853871 40383 355118 670271 252319 883161 916086 376899 467368 693190 818293 150840 371751 403065 74959 652293 1127723 257386 932307 395811 481973 574431 676558 68676 922311 652030 493338 819574 172340 205098 379494 251497 730661 483965 677739 523442 376628 856783 612856 299399 1106454 1013681 72639 538829 604813 1093020
588448 747721 104217 83367 709648 857681 588646 605871 667102 212841 317481 950950 314103 713637 765663 519502 526461 901736 511261 324626 254425 591507 524808 392567 578744 584061 669203 409229 554417 155745 155195 594866 905488 145902 221982 571574 512056 758307 534337 632398 761997 107535 764067 80104 755528 609969 153185 999999999 430666 696898 394317 183592 695497 604812 700747 137054 216765 667009 262366 821835 773994 447052 478158 547688 667090 135907 232287 453789 218107 501148 1026519 124214 795259 309307 409171 586846 612630 90616 852687 660405 523714 674122 141448 113327 443133 215993 590698 331137 676922 484125 313468 704275 520793 221499 1000994 904311 218660 588514 590640 991775
222174 361668 502143 347331 760591 749660 681715 706466 371440 226693 389334 666219 593324 286859 766836 684420 216508 675120 91161 372846 244691 731670 96841 603222 763558 169474 646376 173947 491345 299070 499287 809776 654939 369359 507998 432510 95511 328712 299926 255736 338682 449820 445258 471168 325414 190952 441215 430666 999999999 886038 712802 456391 293813 841748 871952 470794 592151 236475 188904 468316 762358 229104 73448 606900 768260 548998 392970 174550 418417 634735 779584 367791 744060 222164 186519 164682 284029 451661 518261 232166 145936 706590 562258 323063 209821 214678 595922 590969 246256 112594 165510 827223 311331 237069 771505 697688 495256 235213 164075 747063
856106 960827 606373 719368 261003 553046 233233 210748 782170 725247 499717 887779 383917 1048903 349274 202281 1085410 763478 972210 514444 660516 161542 966462 310627 125162 1046054 387708 725868 474600 800760 542925 104958 804939 833076 910653 569941 978278 1101339 691433 887478 1180623 590496 851468 619843 1136027 1060422 849654 696898 886038 999999999 346508 521606 1169689 118821 36324 827415 516444 1045727 844114 939611 372129 1046595 959405 309135 179988 759764 527229 1020183 913754 251935 866066 622102 441874 666214 713961 1033333 812771 783344 921623 1073714 1031050 297088 743433 696607 1033464 766916 364888 365761 1059552 837953 726600 130535 664612 694111 820992 731935 910174 1119420 965385 841663
771421 914080 291827 442941 479309 733691 362936 364528 765859 501466 356747 974351 121698 948231 565344 250933 874216 877713 803924 377007 468395 315079 807181 172714 260837 882263 523728 596054 502538 530352 244822 243276 903522 539882 587811 577906 807860 1000164 637902 812663 1045745 301587 857762 314412 1018117 903252 538453 394317 712802 346508 999999999 261441 1006017 233599 363795 509413 184435 923286 606974 938896 583191 812177 780204 379429 402207 426310 321520 802244 609597 280757 1000215 364880 635049 500892 587620 876461 756709 469806 944023 935868 843696 473559 407771 435356 803533 534142 453484 132452 936081 708242 549236 408295 612574 480478 961698 860945 589670 924313 838844 968767
547410 701272 127694 198258 527634 695859 405602 422429 581740 240128 171274 839557 151598 709107 587520 337273 612904 771133 546999 186491 216005 408546 552319 212361 400206 625203 497849 362466 401304 282292 68384 422821 783114 311801 405431 440036 550428 759410 445260 591097 793322 78093 679408 120850 771121 647338 335466 183592 456391 521606 261441 999999999 747762 439210 522497 320401 150633 676866 347063 750383 597321 553297 521469 368627 483498 287432 90224 541143 394426 317568 897614 106184 624203 258290 356746 621002 549382 274086 769207 684368 583275 494401 280435 180339 543798 273042 418169 160779 689011 466770 297298 521354 424767 220687 867082 767048 402251 663034 593330 863416
360614 388840 780059 614172 1018704 946490 954973 979992 514970 511130 679434 748937 886978 223799 1008741 970021 200235 806906 202785 661869 538413 1011719 204026 895416 1049502 125103 890112 443904 739882 544812 786018 1098434 770584 596363 706294 661402 198358 211791 516513 356454 104308 733548 540650 748728 156578 109410 660185 695497 293813 1169689 1006017 747762 999999999 1132182 1152959 697338 877670 170713 433241 512443 1000015 297286 226314 877546 1038854 794437 686767 258018 611193 917792 880936 653856 967757 513971 455941 136369 431600 692300 575036 120459 171801 962940 811527 599019 288138 488212 853534 884780 160830 334450 459142 1100169 538102 527112 888143 841063 693020 129856 221346 854367
841604 961152 508792 636839 333803 623946 260746 246041 789580 660701 452844 932545 291624 1031952 426490 176947 1030332 815661 930906 470329 604814 183211 928194 240985 109934 1007234 435024 692944 486030 721499 449619 47529 852479 745879 811951 579097 936316 1084844 683559 876953 1153282 501307 868118 525675 1114131 1024071 755597 604812 841748 118821 233599 439210 1132182 999999999 145104 730433 411293 1021232 777115 955369 448392 982849 914146 321859 245941 655573 461847 962073 822915 234733 926644 543993 514014 619584 681880 996767 807185 687908 945006 1044226 983832 354441 638084 618864 971210 700166 391447 278531 1034871 807687 677660 220122 656387 632221 883159 788629 812508 1070368 938389 899521
834016 935031 613200 719081 225681 517175 207260 183629 755288 718284 488645 854202 390348 1026951 313262 193010 1074151 729120 956994 502383 650953 141284 950381 310197 122298 1029941 355112 709111 448351 798852 548171 120742 771099 834286 916980 543543 963239 1079177 668329 864336 1161090 593638 822546 625003 1115156 1043575 853871 700747 871952 36324 363795 522497 1152959 145104 999999999 833095 527666 1025696 837517 910690 336138 1038301 945396 284783 146804 769419 521872 1010056 916326 237455 830754 620603 406049 653772 697024 1016606 788678 788412 891324 1054948 1017453 263594 753801 694556 1024691 760528 336445 370446 1039541 820015 714549 94555 641716 686401 785571 697110 915979 1106195 946195 806620
660786 817357 221715 168934 846635 987140 725688 742811 761608 290511 448110 1054469 443503 757091 901667 654858 508387 1015981 536805 452977 355848 727346 555500 527172 711659 600468 803115 496010 682451 173166 284924 724054 1015422 102896 85045 690718 535528 796201 635150 702950 777625 243323 855769 208157 783134 627797 40383 137054 470794 827415 509413 320401 697338 730433 833095 999999999 325156 702339 282601 904670 909520 416291 500604 684160 803800 110782 365700 440920 113250 637941 1138829 252756 928722 408246 498871 608468 696793 46469 941922 685783 529376 810642 132498 210646 418409 272791 725251 462649 710212 548239 394653 839996 625467 312321 1116139 1021910 82895 577095 634818 1104068
