NAME : synthetic_000270
TYPE : CTSP-D
DIMENSION : 100
GROUPS : 8
RELAXATION_LEVEL : 1
EDGE_WEIGHT_TYPE : EXPLICIT
EDGE_WEIGHT_FORMAT : FULL_MATRIX
EDGE_WEIGHT_SECTION
999999999 219531 249330 127268 741389 699195 705505 232239 418227 384058 653769 567139 218183 464235 356390 446505 181700 692243 381216 494040 173500 558537 43577 489665 623637 387034 429335 617881 682747 681874 439149 808300 517822 296973 579874 551583 325856 209699 570122 311606 254534 364530 614355 415419 93268 507987 140623 279702 190347 118264 767163 49415 356956 56359 838311 443360 340239 197815 249039 290315 74951 381106 555328 264160 487752 185673 253808 670276 57456 630900 360491 596869 349314 364045 548779 242917 623640 656905 350714 698546 510701 497180 330191 451276 613480 397328 391620 669900 524614 257400 98716 388633 197146 521554 610262 214568 652626 643665 356837 461531
219531 999999999 84050 130495 764031 711190 870622 356504 637592 501173 872953 591286 420436 677894 511352 533189 99583 882622 512535 651421 193856 579485 243231 628195 783842 182671 522392 796157 707840 891978 540306 1004667 711896 213313 592474 769450 516842 341353 729969 487089 79971 541906 821663 344970 130724 661426 139508 478867 93058 251886 956950 170814 166877 228417 1033718 554260 136998 65183 371944 315112 236438 359829 753624 417273 706462 297891 469835 796594 209588 782822 461705 785636 458794 541060 601226 458083 841072 876111 142374 866159 725232 465735 549012 667536 802474 455162 604288 730908 625872 318484 140631 535342 25550 691475 828373 402250 817356 860314 543439 422762
249330 84050 999999999 196872 688762 634558 837990 424309 655986 573594 896409 518458 421052 682851 575093 477983 179569 864239 473600 715891 156267 506215 283052 588250 750069 226711 469581 854255 633580 890244 489491 989420 698370 296859 517373 797755 567715 314396 794219 468743 9628 522415 863442 262211 156809 626925 210535 474806 62738 240802 937418 201012 107628 274782 1017520 506268 95447 147633 440533 396455 287012 284098 742532 392354 732597 365678 502590 748611 257696 745306 536381 839033 531984 521406 534610 469319 870194 891828 186863 834828 730870 385546 565746 699313 855815 394479 640903 664183 572580 395844 152596 501694 101780 752192 840166 394879 785247 868427 596537 342307
127268 130495 196872 999999999 811769 763971 829213 228004 532871 376792 760676 635814 345450 587646 381369 541160 56275 819441 492341 521766 214707 625510 131792 604819 745942 268579 526316 665665 753614 806513 539690 935487 645073 175982 643175 653734 388184 315362 600292 435483 197352 489281 696199 430503 91092 627864 19642 406955 161403 216276 894363 95294 295091 110273 965531 547876 267277 81934 243994 215208 112868 421402 682523 380507 593217 169249 354206 782907 91523 751113 340405 655698 335384 488718 630350 366824 724181 771191 235880 822752 633282 536182 447992 549829 672535 477785 483402 756987 626619 203765 116242 505224 105022 561072 728025 340050 776086 763646 413925 495604
741389 764031 688762 811769 999999999 59719 562661 969954 849488 1114693 1040115 175978 660590 776603 1062900 323522 832490 700363 436878 1180513 597138 186383 780850 418601 510379 904205 344443 1251023 58647 849298 349957 807523 653276 969537 171572 1003772 984630 545542 1244441 564311 696766 561431 1144320 443424 721156 467396 831396 645542 675124 623447 736477 733584 692239 797745 819346 365083 724929 813701 986053 1021922 816325 404775 692014 534073 945447 926989 848993 374677 795642 474711 1097964 1205486 1084840 560272 201659 725153 1061195 980916 868131 572624 806887 313178 793164 959909 1218718 345117 951566 139629 304421 996382 696050 467912 770170 1185024 917273 619759 540665 909179 1017441 355085
699195 711190 634558 763971 59719 999999999 583095 929595 833866 1076523 1033561 132701 632886 767355 1028349 300031 782429 713859 416818 1149338 549340 140667 739658 414513 523627 847828 320789 1226296 43106 855122 330132 826109 652257 918590 120800 991075 954300 509339 1215170 543020 642357 545769 1127853 385792 673922 467044 783544 622940 623510 582066 755056 688621 634690 755428 839858 348614 667912 762443 945940 975873 774096 351365 693354 505289 930832 884812 820810 396938 752307 489635 1057944 1182735 1045391 544533 177532 699506 1050942 977963 812222 591949 800360 255342 772722 941615 1196432 307223 928956 159172 298802 952152 648945 451503 718285 1156519 913893 590635 556281 908914 987413 297769
705505 870622 837990 829213 562661 583095 999999999 853433 498457 946687 581912 531474 497273 387298 860682 406419 878333 154928 365833 924298 683074 540033 720523 256043 88262 1052828 402370 922045 539989 329986 378112 245172 236664 1002448 562360 597636 749795 529270 960894 393979 847528 341235 752599 734567 755953 211181 844816 438804 786145 622361 174378 734766 909867 746380 256939 353567 922243 882601 863368 971251 758742 649202 237449 454154 565003 842200 622391 188031 757670 104063 955109 862700 936923 341653 456612 512847 628336 503544 1012098 14767 385399 663605 504333 610046 870286 494470 644299 425488 327670 924995 737089 336469 859477 900439 450392 491261 53357 421488 773331 677191
232239 356504 424309 228004 969954 929595 853433 999999999 436344 154071 622937 797109 364797 526027 157173 664309 262093 801756 581097 295489 400774 788984 190276 676418 781642 450702 645498 446486 911421 739900 651432 899292 632525 264143 811003 509964 201439 427402 373970 480739 425197 523769 511468 638845 287773 680413 217009 417481 382061 347616 873922 255386 522692 177583 930171 650724 493328 297655 17080 143453 159141 611832 657454 461811 462414 58763 250430 857200 185778 797387 128444 445158 117191 523821 773808 340738 572594 655347 429756 843643 562732 728273 375524 406092 461745 624857 332654 890113 732866 91733 307638 576786 331555 339061 627620 387045 803715 671144 216045 691492
418227 637592 655986 532871 849488 833866 498457 436344 999999999 481068 242836 715758 252497 112260 386934 535491 588956 399601 417913 428271 525925 714754 401373 441157 455366 801139 515322 430222 799335 305380 503891 475760 263162 666794 742731 162529 273152 405476 462459 296204 662907 288334 294887 726131 508404 408304 538971 226325 593372 426305 463926 466793 760740 422878 506223 485565 750821 611923 439416 577588 423745 653988 264503 358562 97747 453081 189829 582624 441384 485480 502353 374546 483574 289536 656481 189627 231395 238803 766749 485190 133047 743485 90436 116850 384789 560977 147671 725289 547736 525565 505366 382473 615365 402003 196724 293869 460912 236782 289011 726580
384058 501173 573594 376792 1114693 1076523 946687 154071 481068 999999999 615849 943824 482781 586243 95858 802412 402991 873784 710498 176892 554439 936278 341097 796406 882670 567811 782807 340997 1056429 783402 786327 956809 714931 365440 959148 505726 208050 569336 249222 599174 573712 635225 460404 792915 441596 792425 363438 526576 534430 496504 941894 409376 668035 330690 987291 782767 636339 438857 137001 218086 312504 764854 731458 593827 475411 210182 324309 973686 339708 902929 47900 358542 43074 635534 916099 441972 555331 665781 553983 935470 614035 881124 445359 413753 373433 770019 345387 1028014 864188 189168 461692 700285 477116 233809 652372 512929 900131 699392 197670 844852
653769 872953 896409 760676 1040115 1033561 581912 622937 242836 615849 999999999 925806 494260 268115 522322 744878 815703 437932 629785 495712 768736 926775 631750 621515 574278 1028724 726191 410711 995466 268476 710627 447382 391844 876142 954864 113091 426042 645112 490746 520377 903017 497694 208750 965220 745828 574719 764170 461356 834038 669080 472483 703025 1002019 650708 471446 688511 990673 841742 620825 765844 648436 890283 362162 591579 167488 654322 406551 720822 669742 610883 650736 348972 633356 499068 859683 432450 68252 83741 996503 567149 233339 973225 332917 217378 348624 784664 290461 906539 736320 714601 744672 589201 849748 445054 131971 534165 563655 163806 423342 959842
567139 591286 518458 635814 175978 132701 531474 797109 715758 943824 925806 999999999 504396 657796 896048 181300 657188 643961 298386 1018078 421223 13368 607313 321167 458769 738544 200823 1098628 117867 768424 215179 764695 556826 794679 31558 875592 823565 376967 1084742 420970 526840 430394 1007656 288299 545178 377997 655444 498819 501160 449708 694888 557974 532499 623437 782370 237844 562497 639205 813412 846087 642080 235232 601174 376675 813373 752809 691457 359389 620746 429839 925415 1056617 912779 429078 75641 572294 938201 875740 701180 537569 694329 166937 649807 820125 1070669 174832 803472 164291 211609 821117 520072 337046 596302 1026538 811507 461339 495135 811397 856792 201874
218183 420436 421052 345450 660590 632886 497273 364797 252497 482781 494260 504396 999999999 261895 414108 337393 399403 474219 232096 521652 278769 500418 225463 314051 420434 598393 316576 594267 604861 471790 314533 590391 299676 511666 527138 411379 325349 154784 583927 116822 429046 159652 519513 474618 290910 315633 358351 61612 358813 181535 549125 257622 520961 251478 620299 306249 516382 412283 376985 474476 262503 405519 337461 127743 344115 346638 188403 493350 264659 433767 479709 553507 463024 159601 459091 70651 482478 477182 560011 488963 309967 502511 165907 332403 568008 334492 302722 556867 385498 429441 280163 217720 402214 524441 422019 44878 445608 447953 357672 481234
464235 677894 682851 587646 776603 767355 387298 526027 112260 586243 268115 657796 261895 999999999 493768 476782 643717 288967 361822 540510 539056 658676 457022 359308 349077 851171 458078 536639 730103 219961 442624 374008 154518 737014 686769 231387 379830 397408 573869 257608 690760 230082 382287 711385 547212 318058 596861 213044 620480 443266 355676 509582 782630 481208 404841 420818 778225 662035 531368 662863 485945 632473 152257 334231 183673 534163 275745 483240 498301 381192 604013 478724 585226 231470 592384 221326 284659 227111 814289 373816 48104 708996 150895 223139 487558 518482 259831 646112 472181 611597 539205 321086 657983 513734 165980 292862 351674 186524 398321 698245
356390 511352 575093 381369 1062900 1028349 860682 157173 386934 95858 522322 896048 414108 493768 999999999 744528 418745 782229 645643 140810 529866 889536 313015 723972 799917 605855 724288 289695 1005317 688089 725402 862603 626767 412219 913797 411322 113994 519082 219151 528197 576808 559638 377215 771803 429386 715433 372112 451629 528047 458446 849337 391156 676343 309797 892986 719311 648348 454081 144044 272596 293734 734113 640968 532916 379624 214358 241171 897923 323258 822009 128704 292621 112035 560082 862118 365283 463268 570462 586276 849029 519980 848721 356822 318019 308833 721222 249578 968285 799397 229940 445811 631169 486089 181904 556515 448867 815477 603543 101830 815193
446505 533189 477983 541160 323522 300031 406419 664309 535491 802412 744878 181300 337393 476782 744528 999999999 575396 492028 117580 858418 341108 181897 481113 159847 322234 704352 20937 927887 268820 598764 35564 618483 383245 713433 209987 694639 662226 238044 921312 242990 487487 249144 828567 329091 451674 217051 560308 323165 440454 330395 551906 451202 527943 501646 639908 61467 547903 566367 679538 736327 519424 245073 429387 212108 632928 627652 525737 275913 503618 302909 790163 883273 775693 247835 122998 401657 756924 696428 664018 408588 514115 263604 472691 641826 896806 91026 629360 225906 95222 703469 427316 155800 530467 861689 632285 297498 360526 634410 694817 272038
181700 99583 179569 56275 832490 782429 878333 262093 588956 402991 815703 657188 399403 643717 418745 575396 999999999 872727 534901 557555 238574 646226 188051 648859 794091 213054 561783 706490 774959 862405 576703 989771 698675 138769 662044 708119 435748 357749 635997 485551 177335 539839 746266 431911 125887 674628 52183 460710 162202 259269 947638 144138 265603 166130 1019702 586733 233352 35900 276751 216888 167273 434035 736810 426637 648215 204407 409154 824875 147579 797791 362682 699872 360355 539214 657668 422742 778177 827149 181762 872298 689451 545735 504254 603814 716676 506463 536411 785952 663676 218956 148886 550557 77898 600204 784243 391686 825070 819921 459838 503763
692243 882622 864239 819441 700363 713859 154928 801756 399601 873784 437932 643961 474219 288967 782229 492028 872727 999999999 417586 826314 708325 650510 698013 332221 190346 1064568 482159 803241 671122 176921 458571 128737 174744 984893 675504 469120 668437 550049 853559 396314 873392 342011 621761 806050 758151 275111 832566 412616 806747 630929 74923 729378 948670 723892 154393 432045 954878 883185 809116 931543 733105 719679 144313 472144 447724 801005 555854 331659 738119 225674 889224 741986 870521 342980 568424 467950 490018 356688 1024810 140908 270992 755629 430385 500287 747725 570648 546847 560951 432494 882035 743119 378069 867584 795128 309203 482427 160437 274587 687285 761681
381216 512535 473600 492341 436878 416818 365833 581097 417913 710498 629785 298386 232096 361822 645643 117580 534901 417586 999999999 752793 320688 298172 409093 115661 277586 692761 97577 814708 384013 500720 87056 546318 283644 668270 326277 577223 556650 177252 812843 127477 483193 132398 711193 389326 409115 155010 510211 209040 424448 276260 485032 397617 544226 432473 570991 74390 556485 533045 595182 669350 448746 303259 331402 119725 515352 551356 418017 290572 438305 271751 703008 768620 687348 131054 239299 291241 640035 584491 651881 363806 401066 355984 356538 524809 781842 162940 514726 325577 153894 631219 387251 43510 504285 752479 520684 197658 313893 526272 588507 353326
494040 651421 715891 521766 1180513 1149338 924298 295489 428271 176892 495712 1018078 521652 540510 140810 858418 557555 826314 752793 999999999 667011 1012436 451080 819095 873247 737698 837727 164316 1123854 706405 836182 889353 687652 538427 1037639 396526 196303 642792 78548 629272 717563 652498 310842 909014 569645 802633 511983 548650 668653 590757 887195 530701 816840 449444 918514 827174 788394 593143 280939 392587 433821 867747 692683 646605 387764 353705 335011 985062 463452 899406 224704 188868 216159 653168 978881 462826 429344 559904 720657 911476 555646 981035 426998 329047 202149 843707 280730 1078242 904652 357438 585488 732842 626260 60557 561976 560989 883599 610003 164330 948963
173500 193856 156267 214707 597138 549340 683074 400774 525925 554439 768736 421223 278769 539056 529866 341108 238574 708325 320688 667011 999999999 410832 216991 436170 595428 372177 329382 785838 539066 740357 346732 833962 543843 377300 428540 677526 492687 158287 742539 313666 165599 366822 762496 242036 124740 472369 234314 327124 103772 99749 781324 146079 245374 223915 861852 360405 247073 225971 417831 427288 241950 212238 588717 236237 610616 348487 397733 602780 215130 592176 527212 760538 517673 365781 419096 336299 750000 755726 331296 679549 587127 328753 435896 585891 776856 268172 536580 547475 432710 407241 100005 346606 189448 692529 700744 246651 630132 725569 524864 290924
558537 579485 506215 625510 186383 140667 540033 788984 714754 936278 926775 13368 500418 658676 889536 181897 646226 650510 298172 1012436 410832 999999999 599004 325743 466272 725867 200843 1094672 128784 772783 216428 771953 560274 783513 28116 875063 818294 370545 1079580 419351 514547 430467 1005961 274978 535019 382914 645129 496436 489647 441421 702359 548517 519417 614782 789988 239865 549557 627888 805354 836324 633445 222694 605017 372822 812444 744167 686952 369613 611782 437938 917355 1053218 904883 429136 83433 568764 938207 877705 688606 545869 695818 153706 647610 818194 1067382 168737 800383 177536 218023 811874 509945 337638 584779 1021617 813500 457041 502903 814167 851577 188506
43577 243231 283052 131792 780850 739658 720523 190276 401373 341097 631750 607313 225463 457022 313015 481113 188051 698013 409093 451080 216991 599004 999999999 514065 640792 399767 463264 577247 722245 676470 471668 810655 523279 286881 620816 526741 286495 243106 527463 328710 287379 379568 581326 458806 126588 528321 139859 286656 226769 157605 772767 83185 390319 26015 841008 474151 370766 210755 206891 260369 39743 424481 558254 290063 464618 146945 226795 695548 41303 650342 318714 558027 307023 379231 586497 237318 598106 639928 365730 712822 502201 540439 316203 424358 574722 436068 361422 705801 556006 223060 137207 412717 219088 479662 596259 230337 668161 631905 316721 504998
489665 628195 588250 604819 418601 414513 256043 676418 441157 796406 621515 321167 314051 359308 723972 159847 648859 332221 115661 819095 436170 325743 514065 999999999 168485 808316 151098 861675 375049 447267 127052 458707 238111 780773 352432 589002 625898 291269 872694 197304 597862 166608 734591 481467 523339 57802 622257 272577 539942 389648 392583 509660 655391 538475 480456 100852 669401 647997 689417 774027 553784 395400 280832 225560 533950 651896 486517 181691 545942 157645 793660 810448 777057 165928 247949 359222 643856 563628 767434 255897 388304 423443 400178 556081 822133 242014 560853 286827 115713 733377 501947 101348 619822 811279 499662 289662 206347 494642 655797 430800
623637 783842 750069 745942 510379 523627 88262 781642 455366 882670 574278 458769 420434 349077 799917 322234 794091 190346 277586 873247 595428 466272 640792 168485 999999999 965802 316817 884916 480838 345795 292505 306097 194804 920159 490144 573165 691653 442579 915311 312367 759620 261624 727564 648829 670824 123144 761982 364355 698681 536843 236120 651073 821608 666455 323733 267365 834031 797313 792435 894803 679552 563086 213062 368409 532228 766959 559253 149221 676936 37751 888040 827635 870191 261868 383174 443131 612916 501766 925024 87417 357808 582634 447445 570837 836624 408769 596576 370838 249566 849796 651440 248905 773185 854081 442849 410559 38299 422302 717275 594077
387034 182671 226711 268579 904205 847828 1052828 450702 801139 567811 1028724 738544 598393 851171 605855 704352 213054 1064568 692761 737698 372177 725867 399767 808316 965802 999999999 695414 895288 850997 1067974 714764 1185794 893042 204640 734405 920818 640331 523637 814324 669521 217345 724371 953164 463431 307768 843125 264612 658082 268426 434335 1139032 342038 218390 378851 1215055 730509 181579 189633 462217 351545 380291 503414 933989 599872 861236 398853 622183 973192 360065 963912 521594 895849 525247 723540 759538 629905 990530 1039646 40882 1048538 897732 593335 715303 816242 912446 621170 747958 888711 798670 380424 321482 717034 197093 786773 995646 583052 999608 1030221 661495 550357
429335 522392 469581 526316 344443 320789 402370 645498 515322 782807 726191 200823 316576 458078 724288 20937 561783 482159 97577 837727 329382 200843 463264 151098 316817 695414 999999999 906953 289748 584376 24312 609363 368126 699425 228958 674801 641509 220188 900479 222267 479139 229660 808136 332209 437399 207143 545339 302296 430015 314039 543642 435473 523300 484164 631455 50274 541963 553763 660620 719455 501805 246940 414723 191621 612833 609558 504893 280563 486592 299674 771025 862380 756427 228335 143896 380726 737459 678739 654910 403799 496027 274321 451960 621253 875930 92101 608476 245229 103503 685924 413282 137009 518819 840823 614668 276881 355084 617714 674066 279806
617881 796157 854255 665665 1251023 1226296 922045 446486 430222 340997 410711 1098628 594267 536639 289695 927887 706490 803241 814708 164316 785838 1094672 577247 861675 884916 895288 906953 999999999 1196684 658279 901265 843758 691036 699028 1121307 337481 293151 734221 105666 687315 856979 698353 202740 1025009 701812 834878 658209 605682 802352 699614 854640 659971 958517 580806 870641 888013 932713 741355 433730 554757 567448 974365 684626 721956 357460 502471 409198 1012179 597000 915603 388678 62523 379267 699293 1050748 526791 342821 487871 875964 908122 537444 1083121 462241 314085 62654 927997 301389 1137271 959647 516856 714422 787490 770660 108885 508102 637773 888261 553816 261214 1054945
682747 707840 633580 753614 58647 43106 539989 911421 799335 1056429 995466 117867 604861 730103 1005317 268820 774959 671122 384013 1123854 539066 128784 722245 375049 480838 850997 289748 1196684 999999999 813579 296965 783049 612219 912296 116603 955328 928182 487449 1188401 511087 641742 511001 1093843 392912 662914 426613 773247 591821 618329 564821 711990 675031 640989 739102 796755 313814 672766 756654 927543 963445 757685 349501 652728 477858 895894 868353 793207 353911 737000 446694 1039472 1151978 1026407 509799 145964 670236 1014222 938674 814398 548851 762144 263845 740539 908420 1165420 286639 898035 116503 259467 937761 637791 416933 713445 1129233 874708 563515 513321 868823 961098 304443
681874 891978 890244 806513 849298 855122 329986 739900 305380 783402 268476 768424 471790 219961 688089 598764 862405 176921 500720 706405 740357 772783 676470 447267 345795 1067974 584376 658279 813579 999999999 563301 185600 217156 956925 799647 321149 575615 588374 721533 433938 898628 388363 465471 883173 761841 390915 816205 415530 828814 649470 204009 725937 985727 700873 213322 537399 984898 879557 743820 879272 705858 799077 169782 515525 318694 751858 490094 494442 717771 383478 806906 595857 788171 389691 694956 439689 326985 185050 1030387 315499 177915 855865 368702 378663 599216 663371 439657 710127 560038 827570 751925 457314 873110 666923 150203 495392 324678 106321 587445 853938
439149 540306 489491 539690 349957 330132 378112 651432 503891 786327 710627 215179 314533 442624 725402 35564 576703 458571 87056 836182 346732 216428 471668 127052 292505 714764 24312 901265 296965 563301 999999999 585566 347687 713739 244445 662131 639881 229451 897592 214369 499078 216349 797721 356489 451662 183468 558516 295633 448358 325593 519635 447704 545419 493279 607496 26578 563391 569845 666258 729463 510620 271137 393871 192804 601068 617236 502158 259411 496570 275530 775978 855538 761018 215073 152628 376464 723691 661413 674150 379498 479392 297372 443594 611669 868815 116368 601611 242908 87008 694684 427895 122298 535928 837532 597238 276692 330773 598999 672129 303749
808300 1004667 989420 935487 807523 826109 245172 899292 475760 956809 447382 764695 590391 374008 862603 618483 989771 128737 546318 889353 833962 771953 810655 458707 306097 1185794 609363 843758 783049 185600 585566 999999999 292786 1096867 796119 506746 748907 675893 906636 520702 998472 467140 649497 934617 878367 402250 947646 529283 931075 753766 71097 847611 1075601 836230 30880 559131 1080891 1002103 905082 1033987 844080 848226 252973 598210 501867 904110 649470 433110 851421 337383 976891 781304 958089 468183 689063 575710 509428 363898 1146435 234900 342778 881957 523799 560479 784427 698563 617417 669659 554368 983309 864469 506746 988709 851421 335667 602743 270825 290398 763629 889131
517822 711896 698370 645073 653276 652257 236664 632525 263162 714931 391844 556826 299676 154518 626767 383245 698675 174744 283644 687652 543843 560274 523279 238111 194804 893042 368126 691036 612219 217156 347687 292786 999999999 810156 587641 379708 514758 386803 725354 230301 707292 178942 533476 668444 585745 185920 658004 238121 639258 461258 249569 555748 787559 549168 322039 322221 790884 709974 640846 759287 558505 583604 47982 310250 337424 628757 391902 333274 563377 227878 726438 633242 707950 180138 485154 294930 423667 327926 853651 224017 165153 638751 269983 377197 642020 446218 407893 517159 353610 710436 571685 240306 695951 664605 264785 309999 197775 256657 537406 636949
296973 213313 296859 175982 969537 918590 1002448 264143 666794 365440 876142 794679 511666 737014 412219 713433 138769 984893 668270 538427 377300 783513 286881 780773 920159 204640 699425 699028 912296 956925 713739 1096867 810156 999999999 798597 764381 463958 491180 613762 608491 291669 661496 775532 558248 262096 803068 158673 573129 295295 392079 1059647 271128 356308 261032 1127326 722830 318069 156258 272475 147682 252837 568430 844856 556197 710863 222565 477955 958817 247013 926271 318508 704759 323488 661016 796369 521640 830314 899281 198118 995519 780084 677479 589704 659060 721031 645231 586943 924718 800746 182429 286160 681013 201535 590144 863371 511490 949521 903028 480153 634806
579874 592474 517373 643175 171572 120800 562360 811003 742731 959148 954864 31558 527138 686769 913797 209987 662044 675504 326277 1037639 428540 28116 620816 352432 490144 734405 228958 1121307 116603 799647 244445 796119 587641 798597 999999999 903116 843893 395180 1105240 447204 525454 458580 1033743 277802 553131 409371 662750 524012 503836 463411 726255 568210 525018 635980 813684 267720 556407 642588 827474 855162 654670 233296 632182 399683 840432 765317 713236 388803 632413 460993 939435 1080217 927229 457249 107128 595749 966312 905626 697800 568604 723835 151094 675238 845906 1094446 194176 827581 184276 243167 831842 528164 365743 598810 1047501 841413 483557 526417 841837 877221 189681
551583 769450 797755 653734 1003772 991075 597636 509964 162529 505726 113091 875592 411379 231387 411322 694639 708119 469120 577223 396526 677526 875063 526741 589002 573165 920818 674801 337481 955328 321149 662131 506746 379708 764381 903116 999999999 313082 565729 402687 457887 803897 445782 155064 885996 644517 549361 656258 388786 735995 577937 517648 600998 904457 544429 534105 642506 890932 735296 507748 652790 541005 815393 362639 521023 67356 542201 300045 712496 563545 607345 539301 275242 521701 447059 814260 344492 72609 163663 889546 583206 215369 905974 245535 105413 279607 723165 177786 875645 699916 601598 645252 539955 745686 351000 171297 454137 570011 218134 311355 888699
325856 516842 567715 388184 984630 954300 749795 201439 273152 208050 426042 823565 325349 379830 113994 662226 435748 668437 556650 196303 492687 818294 286495 625898 691653 640331 641509 293151 928182 575615 639881 748907 514758 463958 843893 313082 999999999 450331 261371 433892 571270 459683 313197 732189 412594 612777 384438 354017 513100 407577 735357 369666 673928 292949 779346 631013 651084 468340 196852 341794 281683 683757 527623 450582 273107 243460 139636 795628 310398 715250 232655 271580 214165 460269 782972 267632 372650 466413 614662 737855 406183 794538 245482 212912 288307 649733 140818 882011 708877 291693 423489 537546 491369 204810 447555 364913 705655 493881 33473 764723
209699 341353 314396 315362 545542 509339 529270 427402 405476 569336 645112 376967 154784 397408 519082 238044 357749 550049 177252 642792 158287 370545 243106 291269 442579 523637 220188 734221 487449 588374 229451 675893 386803 491180 395180 565729 450331 999999999 711550 156597 323639 208845 672898 320657 232091 320527 333458 185591 258568 99102 623051 221100 400756 264063 703662 234349 405003 356979 442970 500012 281630 250877 432420 77961 498570 389618 325399 467673 267124 442766 554317 698128 540500 207772 346976 224354 636407 621352 482963 524901 444722 351203 320513 486645 713313 202147 452481 463207 315110 465759 210788 194713 330745 654862 562710 111658 476012 582691 483782 327592
570122 729969 794219 600292 1244441 1215170 960894 373970 462459 249222 490746 1084742 583927 573869 219151 921312 635997 853559 812843 78548 742539 1079580 527463 872694 915311 814324 900479 105666 1188401 721533 897592 906636 725354 613762 1105240 402687 261371 711550 999999999 687371 795959 706427 290201 984349 647228 852357 590529 605819 746528 663907 910483 607806 895356 526695 934840 887152 866941 671614 359304 466977 511365 941020 725636 710543 407020 432238 395596 1033541 541046 943371 297001 151300 290365 707199 1042845 521618 422636 562229 798033 947563 583018 1053413 474679 353480 159646 911071 318794 1138307 962917 433901 662638 790328 704807 61606 573164 624898 922879 620556 228019 1022213
311606 487089 468743 435483 564311 543020 393979 480739 296204 599174 520377 420970 116822 257608 528197 242990 485551 396314 127477 629272 313666 419351 328710 197304 312367 669521 222267 687315 511087 433938 214369 520702 230301 608491 447204 457887 433892 156597 687371 999999999 477777 54879 586691 455728 365599 201026 450886 81869 410549 235209 470240 341534 557314 354258 548955 200813 560740 492054 493279 585130 367742 375323 275834 81588 393938 459581 294374 376690 364568 321884 596531 641175 579837 54095 365782 166447 523685 484711 629447 387293 302283 452864 229701 399265 654451 265667 387261 451326 275630 541987 348795 103658 473065 626665 422940 98383 341032 437108 465013 440773
254534 79971 9628 197352 696766 642357 847528 425197 662907 573712 903017 526840 429046 690760 576808 487487 177335 873392 483193 717563 165599 514547 287379 597862 759620 217345 479139 856979 641742 898628 499078 998472 707292 291669 525454 803897 571270 323639 795959 477777 999999999 531521 868248 268454 161607 636476 210332 483137 70298 249158 946623 205873 102947 278342 1026612 515883 87992 144513 441299 394055 290113 292242 751357 401589 738905 366488 508104 758214 260977 754905 535981 842410 531914 530518 543568 476639 876289 899059 177611 844342 738756 392676 572738 705080 859206 403825 646150 673100 582113 394691 158651 511210 99448 754483 847670 403318 794771 876197 599825 349390
364530 541906 522415 489281 561431 545769 341235 523769 288334 635225 497694 430394 159652 230082 559638 249144 539839 342011 132398 652498 366822 430467 379568 166608 261624 724371 229660 698353 511001 388363 216349 467140 178942 661496 458580 445782 459683 208845 706427 54879 531521 999999999 582976 495656 420379 157483 504380 108649 464742 290043 415713 395735 609298 405349 495109 197263 613783 546764 535491 633380 418110 412728 225679 131558 385070 506172 320604 338644 416442 274115 635685 648954 618473 1409 368613 194369 507811 454752 684272 334039 270953 480961 236122 398868 661320 289088 396978 440212 262111 588924 403671 94274 527943 645091 391480 150062 288652 400780 489329 473055
614355 821663 863442 696199 1144320 1127853 752599 511468 294887 460404 208750 1007656 519513 382287 377215 828567 746266 621761 711193 310842 762496 1005961 581326 734591 727564 953164 808136 202740 1093843 465471 797721 649497 533476 775532 1033743 155064 313197 672898 290201 586691 868248 582976 999999999 987117 706682 698250 694365 510535 804549 665843 666627 662441 971029 593485 675179 780032 952060 777602 504250 645536 585414 923404 517645 640172 200780 556538 365099 865311 612152 761339 502564 142161 487655 584155 950337 448999 141705 288278 926613 738142 370015 1021952 359418 188349 140257 847323 225917 1019812 842495 598321 712611 676914 796568 253576 316307 564246 724989 359384 295430 1000395
415419 344970 262211 430503 443424 385792 734567 638845 726131 792915 965220 288299 474618 711385 771803 329091 431911 806050 389326 909014 242036 274978 458806 481467 648829 463431 332209 1025009 392912 883173 356489 934617 668444 558248 277802 885996 732189 320657 984349 455728 268454 495656 987117 999999999 352332 534768 448471 504118 270965 326154 871418 383832 248900 464152 958413 381472 282537 404700 655915 644280 481635 86420 716405 377157 818729 584058 627261 598030 453515 631600 762825 996848 754663 494292 329577 542589 956940 937846 429202 735952 757274 130461 640504 803640 1012885 240123 762726 450007 417670 633548 331297 430883 358132 933668 877350 432275 687044 892835 764817 88490
93268 130724 156809 91092 721156 673922 755953 287773 508404 441596 745828 545178 290910 547212 429386 451674 125887 758151 409115 569645 124740 535019 126588 523339 670824 307768 437399 701812 662914 761841 451662 878367 585745 262096 553131 644517 412594 232091 647228 365599 161607 420379 706682 352332 999999999 550403 110708 350324 100606 134262 832842 44266 264351 121146 907776 461137 246971 126697 304767 302597 135863 334803 626291 302544 580329 231939 347075 698992 106195 673373 410518 684172 402648 419651 539296 327411 716672 746516 269117 750428 594517 450717 419252 544517 700901 386797 484674 666130 538670 284227 25166 425652 111330 602070 698039 275843 702609 729652 442248 411306
507987 661426 626925 627864 467396 467044 211181 680413 408304 792425 574719 377997 315633 318058 715433 217051 674628 275111 155010 802633 472369 382914 528321 57802 123144 843125 207143 834878 426613 390915 183468 402250 185920 803068 409371 549361 612777 320527 852357 201026 636476 157483 698250 534768 550403 999999999 644470 265982 575718 416162 337118 532648 699231 553539 424675 156961 711129 676533 692433 785986 567684 448422 226350 248004 497606 660576 475013 182853 562744 123251 793164 781540 775956 157274 304089 350790 600861 513565 802315 208814 342727 480593 377679 524767 792449 296687 536326 331974 169409 743012 530386 126099 651271 790756 450055 298772 158920 442292 641227 486881
140623 139508 210535 19642 831396 783544 844816 217009 538971 363438 764170 655444 358351 596861 372112 560308 52183 832566 510211 511983 234314 645129 139859 622257 761982 264612 545339 658209 773247 816205 558516 947646 658004 158673 662750 656258 384438 333458 590529 450886 210332 504380 694365 448471 110708 644470 999999999 419950 178486 234460 907475 112641 305834 116422 977801 566426 276422 84011 232539 196429 115885 440579 694769 397531 596690 158385 357679 800777 98642 767693 325854 649983 321582 503849 649926 376733 726178 776748 233913 838164 642047 555159 455323 551830 666807 497332 484258 776482 645406 187050 135864 522365 114574 552765 734775 354733 791767 771173 409122 514429
279702 478867 474806 406955 645542 622940 438804 417481 226325 526576 461356 498819 61612 213044 451629 323165 460710 412616 209040 548650 327124 496436 286656 272577 364355 658082 302296 605682 591821 415530 295633 529283 238121 573129 524012 388786 354017 185591 605819 81869 483137 108649 510535 504118 350324 265982 419950 999999999 413284 234004 487526 318357 571873 312658 559088 282651 569659 472933 428637 532490 323208 429169 276498 132240 322912 403458 214397 447230 326117 380130 527422 560157 510101 108968 446157 86666 457348 435769 619344 430008 260871 517190 151306 322293 573643 336999 306216 533166 357104 486286 338258 184543 461408 545005 377498 80497 387810 399347 384608 500525
190347 93058 62738 161403 675124 623510 786145 382061 593372 534430 834038 501160 358813 620480 528047 440454 162202 806747 424448 668653 103772 489647 226769 539942 698681 268426 430015 802352 618329 828814 448358 931075 639258 295295 503836 735995 513100 258568 746528 410549 70298 464742 804549 270965 100606 575718 178486 413284 999999999 179493 880367 143644 168472 221565 959474 463047 158114 139039 398785 373457 235609 273159 682853 336161 670603 324389 442161 705673 205890 695859 500201 784679 494032 463784 508780 406581 808496 829094 227549 782365 668469 383658 503097 638237 801396 362126 581000 638377 533518 365153 91978 449779 95143 702190 777465 333713 733094 805899 542846 341579
118264 251886 240802 216276 623447 582066 622361 347616 426305 496504 669080 449708 181535 443266 458446 330395 259269 630929 276260 590757 99749 441421 157605 389648 536843 434335 314039 699614 564821 649470 325593 753766 461258 392079 463411 577937 407577 99102 663907 235209 249158 290043 665843 326154 134262 416162 234460 234004 179493 999999999 705153 122410 339429 174561 782563 332322 335735 260486 364064 406184 193037 277121 504121 168440 510963 303584 302476 566756 174205 539111 476034 670693 463871 289208 430566 236705 650373 657247 394239 617133 491363 390515 336197 487236 686734 279091 440110 552392 412115 375328 114743 291439 238217 610930 603185 154222 569004 629470 440592 358326
767163 956950 937418 894363 736477 755056 174378 873922 463926 941894 472483 694888 549125 355676 849337 551906 947638 74923 485032 887195 781324 702359 772767 392583 236120 1139032 543642 854640 711990 204009 519635 71097 249569 1059647 726255 517648 735357 623051 910483 470240 946623 415713 666627 871418 832842 337118 907475 487526 880367 705153 999999999 804254 1020507 798626 88110 493370 1027495 957994 880899 1004888 807709 785005 217089 545091 503462 874406 626637 362165 812932 266651 958788 792668 940035 416644 619293 541911 530033 389022 1099199 163861 332285 814936 500753 558919 797247 633794 609824 598563 485189 955112 817635 446932 942107 853244 350388 557195 200248 309621 752818 823381
49415 170814 201012 95294 733584 688621 734766 255386 466793 409376 703025 557974 257622 509582 391156 451202 144138 729378 397617 530701 146079 548517 83185 509660 651073 342038 435473 659971 675031 725937 447704 847611 555748 271128 568210 600998 369666 221100 607806 341534 205873 395735 662441 383832 44266 532648 112641 318357 143644 122410 804254 999999999 308588 81360 877344 454732 291054 154662 272465 288842 98066 358195 594849 285214 537124 202412 303033 688168 69702 655899 381215 641210 371953 395119 546167 288680 673052 705300 304727 728535 556482 474749 378246 500605 657907 393393 440443 670675 534372 263688 54843 409943 149138 561366 657883 247673 681564 690509 399752 436964
356956 166877 107628 295091 692239 634690 909867 522692 760740 668035 1002019 532499 520961 782630 676343 527943 265603 948670 544226 816840 245374 519417 390319 655391 821608 218390 523300 958517 640989 985727 545419 1075601 787559 356308 525018 904457 673928 400756 895356 557314 102947 609298 971029 248900 264351 699231 305834 571873 168472 339429 1020507 308588 999999999 381091 1102850 565496 39326 230049 538354 477006 392479 301346 833043 477767 838993 463959 610085 803573 363538 812944 628266 944865 625610 608185 562794 572761 976965 995192 188702 908032 830734 379351 670339 806569 961673 438683 748508 689342 622996 484315 259852 577011 191302 855225 942223 491394 858115 968896 702229 337155
56359 228417 274782 110273 797745 755428 746380 177583 422878 330690 650708 623437 251478 481208 309797 501646 166130 723892 432473 449444 223915 614782 26015 538475 666455 378851 484164 580806 739102 700873 493279 836230 549168 261032 635980 544429 292949 264063 526695 354258 278342 405349 593485 464152 121146 553539 116422 312658 221565 174561 798626 81360 381091 999999999 866614 496520 359407 191049 194550 236974 18701 434311 583943 313894 483309 129385 244501 719806 19128 675729 305340 564270 294769 405000 604963 262240 615300 661020 345827 738725 526041 550714 338901 441114 581046 453650 376301 725599 578161 201827 136060 437142 203591 480966 618443 255922 693974 654753 321873 514169
838311 1033718 1017520 965531 819346 839858 256939 930171 506223 987291 471446 782370 620299 404841 892986 639908 1019702 154393 570991 918514 861852 789988 841008 480456 323733 1215055 631455 870641 796755 213322 607496 30880 322039 1127326 813684 534105 779346 703662 934840 548955 1026612 495109 675179 958413 907776 424675 977801 559088 959474 782563 88110 877344 1102850 866614 999999999 581182 1108640 1031764 935951 1064840 874568 871994 283035 625858 530849 934943 680334 444688 881728 353261 1007562 808144 988760 496125 706822 606306 534531 388350 1175603 247952 373298 903016 554675 589817 810943 721342 647405 682427 573072 1014175 893647 532050 1017961 880002 362831 632032 287299 316853 793841 911241
443360 554260 506268 547876 365083 348614 353567 650724 485565 782767 688511 237844 306249 420818 719311 61467 586733 432045 74390 827174 360405 239865 474151 100852 267365 730509 50274 888013 313814 537399 26578 559131 322221 722830 267720 642506 631013 234349 887152 200813 515883 197263 780032 381472 461137 156961 566426 282651 463047 332322 493370 454732 565496 496520 581182 999999999 582341 581361 665195 733324 513470 295757 368137 189326 582311 618560 492406 242692 500804 251667 774009 841191 758665 196047 171928 365534 703067 637938 689771 354564 456572 323950 428310 594921 854193 141510 587496 251202 82179 697134 437868 103119 548827 826728 573715 270670 305573 574541 662893 330073
