NAME : synthetic_000936
TYPE : CTSP-D
DIMENSION : 100
GROUPS : 8
RELAXATION_LEVEL : 1
EDGE_WEIGHT_TYPE : EXPLICIT
EDGE_WEIGHT_FORMAT : FULL_MATRIX
EDGE_WEIGHT_SECTION
999999999 640756 419852 146591 732408 235888 817953 903988 310299 332199 266216 258278 960010 283925 513349 381349 572550 724115 762390 465806 295003 363837 494685 264490 538693 142928 754203 920622 344399 610892 285240 83922 399108 517784 380333 764514 203744 654068 769846 656167 466228 191020 567594 397339 447023 576499 711802 242446 54456 267283 361851 653527 294806 275226 376455 224182 189420 362466 255982 762262 590752 366941 284170 570301 586429 746415 299384 440977 329346 704766 559694 169385 437806 177902 371055 208862 39982 29626 624192 278559 166671 735758 995130 849888 648829 539552 298532 523704 265024 377985 590977 435930 134927 393820 638939 149906 793282 291198 747467 723280
640756 999999999 477141 519587 300598 693412 805510 725940 645600 709763 470357 489294 770791 413825 1001244 412107 961484 175301 288260 557858 355796 400527 406804 877461 152989 564661 798869 731322 423207 834483 735619 556866 711156 786506 921668 381356 826413 768653 723433 403738 285671 451720 896734 639565 856174 1002034 748912 858575 589599 430084 410952 690647 706874 596128 510310 560310 743470 405448 648884 804316 995165 608756 793318 562072 376759 471558 718424 921011 462027 667502 479692 780952 922314 535975 322057 621153 656577 637535 630587 892788 552090 907105 833902 608245 778704 788963 572889 133350 700428 367995 1100450 626534 774339 657320 823019 492262 747437 397995 701720 83838
419852 477141 999999999 283786 388401 620979 436678 486717 210262 697602 490890 501218 543007 179994 552584 81643 489103 450863 430050 88942 369405 106141 101931 535498 484977 467220 393294 502711 103116 362895 675182 367337 244874 309365 509978 388714 509206 324214 372151 260050 522180 347678 420147 168810 395914 534510 342641 524735 402003 448332 528089 277221 282551 187009 54075 204521 390110 523937 612778 400790 523890 146725 694128 161297 199547 338963 678152 477781 541406 303837 140512 462751 480822 241991 449311 562359 457583 395736 229304 549282 476408 453311 582824 430879 329044 312460 597684 441378 645308 505664 652776 149547 506113 188413 359423 322608 397748 438075 347994 551258
146591 519587 283786 999999999 586903 339022 703552 770498 234953 421489 257907 260502 826792 137504 532834 236750 551314 585843 617940 342747 209007 218004 350675 358006 439760 191120 646821 786426 199783 536145 393007 83599 330809 448669 423423 617930 307363 554810 647870 510570 398736 115872 523477 303269 425215 570493 600578 338988 118738 232429 332858 538493 255224 183069 247323 119156 230461 331114 336974 654817 576755 266774 410442 441210 440594 601799 398245 452733 321422 580752 420852 261422 451685 56667 301580 285565 179806 130491 501699 373321 205393 655233 865825 709442 552676 466398 341045 415489 364586 331892 624058 332405 265178 306474 555461 60399 672482 241489 624489 603351
732408 300598 388401 586903 999999999 865073 556489 437753 598188 909715 662504 680068 477784 449800 936084 372934 852527 141391 44981 432331 519945 381054 286634 908785 426897 712386 571725 440473 405305 674552 915597 655751 625929 658146 898074 81572 872830 576104 475182 165134 544825 577234 771317 549636 776394 904644 528270 894983 693794 614545 638408 483908 670179 567959 440699 564015 762399 632706 834022 575248 888466 533790 958434 379727 194735 189577 906501 863913 679791 434568 302613 824883 867328 572978 537798 793483 761582 717291 428008 923419 709051 711903 542659 315810 590423 651169 778714 386424 880604 597937 1035467 516927 848727 569914 648349 590899 495375 587023 457797 319731
235888 693412 620979 339022 865073 999999999 1041029 1106576 544015 99456 223630 204823 1162894 453512 723143 563982 800703 820260 886009 681462 350082 541163 676067 430488 555764 157538 981353 1121958 528500 846437 54230 256163 634552 753527 581324 913586 371327 884487 986816 825289 440217 292563 801690 627839 677537 798417 936700 409369 226592 263908 302844 875840 530502 504129 586345 446435 412163 306999 56872 989400 815874 594930 100120 779947 755347 920051 63522 658287 249985 919772 754319 361441 654124 389285 373031 72978 198487 265422 840593 439918 156534 970939 1203796 1037952 880311 775078 148540 560894 29541 340531 787746 663342 283986 626157 873476 299976 1011328 295753 963488 766722
817953 805510 436678 703552 556489 1041029 999999999 212273 517048 1124915 927466 937451 240837 616556 664423 513153 518165 690024 596594 361860 803734 538973 434076 827960 871211 893961 80553 228994 539647 301676 1094419 785148 451854 369578 718243 489936 830526 187173 82494 406439 938775 782580 431573 424856 531022 578036 107487 827642 814948 884966 962145 165190 563423 543112 458931 595741 711842 957731 1040217 74603 547735 451626 1101996 279035 429980 370755 1101430 630457 977771 142041 343235 794411 636865 651757 877503 988924 857896 789623 207469 836951 905959 236026 229971 294173 201014 345287 1032568 824246 1067478 936718 739644 382840 863555 433211 253984 751423 61230 873892 103860 854091
903988 725940 486717 770498 437753 1106576 212273 999999999 633642 1179312 955970 969258 56324 655806 848874 544592 711662 579130 468774 442151 818054 568872 437899 967445 824046 951101 280945 19092 578878 491741 1160804 854029 593053 540041 881166 358468 958519 366189 178718 332302 916539 824307 622164 543827 702165 772030 276411 963096 888645 909263 969644 295528 693944 642863 527533 681705 835838 964536 1095012 277942 743736 558846 1180819 334780 386252 254392 1162354 803856 995972 218690 352994 916927 809770 727140 874744 1045562 942569 878367 294478 978483 958265 446207 109225 123234 383158 518686 1069653 777951 1130124 937155 931728 497211 975257 558147 445740 806847 172626 891384 188816 756372
310299 645600 210262 234953 598188 544015 517048 633642 999999999 636712 492640 495446 687523 245086 356298 241006 331251 650390 639208 199469 420583 246899 312151 338771 612419 415596 448492 651812 222994 304844 594890 300379 95884 214699 299886 597880 324965 345269 479299 466831 606488 346492 291273 92591 213577 362349 409624 331861 320695 464332 562627 356788 72366 56546 157502 118199 202202 560257 555261 456506 361234 76387 592564 305482 409419 537481 607023 277158 555491 419768 331640 283542 279136 179048 514638 504456 349883 280825 340153 351240 433643 427681 712805 606864 339153 233915 572633 576415 572477 555655 456175 137663 347281 84652 329546 294900 500411 468790 459171 726143
332199 709763 697602 421489 909715 99456 1124915 1179312 636712 999999999 247972 229927 1235490 523506 822217 634721 899847 850844 926560 763518 389867 610610 743861 527019 563335 231137 1067940 1193996 600735 940601 71491 341454 728810 848248 680031 964271 468890 973565 1067486 885619 437046 355618 899440 717929 776292 897870 1022034 506297 316320 295346 300867 959934 626912 594156 667055 534275 511378 306074 84890 1075956 915246 683761 139361 858314 816711 981066 41749 757721 248233 999756 826326 460569 753539 474763 388957 135995 296117 361422 921760 535804 221342 1064350 1279155 1104256 970188 869278 136881 576541 70239 343095 885522 751412 382090 717477 966142 375214 1092470 324102 1043767 776980
266216 470357 490890 257907 662504 223630 927466 955970 492640 247972 999999999 18944 1011479 310920 769177 417626 805207 603973 678666 568885 144265 392008 518195 529095 332574 129800 880092 969368 388291 790830 265513 211167 588379 705337 642787 719180 467235 797129 862028 648192 223885 149727 781131 555143 678178 819559 830806 506796 216302 48506 97788 766017 509893 439460 472564 375408 446179 99522 179047 887857 828696 517204 323747 650997 581098 743586 250095 692439 65417 793624 606201 435531 690247 313619 149408 152631 256268 283335 720186 542611 107428 906799 1059752 871946 797229 722118 117294 337494 230194 124576 852375 578177 387812 560720 806847 197744 887868 76164 837673 543093
258278 489294 501218 260502 680068 204823 937451 969258 495446 229927 18944 999999999 1024892 321275 764943 429210 804583 622602 696634 577871 160933 403732 531364 519565 351175 118566 888906 982843 399051 795384 246577 208290 591310 708960 636794 736083 457468 804525 872906 663471 240875 156597 782588 560319 677427 817566 839937 497210 210119 65526 111077 775361 510042 443077 481188 378976 441076 113479 160143 896710 827433 522631 304943 661803 596000 758931 231324 688912 71103 804503 618685 427125 686546 316773 168214 134144 245853 276924 730384 532853 95285 912387 1072569 886499 804242 726224 101479 356410 211252 141038 846848 584628 376693 565256 812420 200983 898670 94584 848602 561926
960010 770791 543007 826792 477784 1162894 240837 56324 687523 1235490 1011479 1024892 999999999 711993 892765 600771 752281 618902 505858 497451 873072 624982 493604 1019923 873352 1007384 315916 42339 635136 532650 1217122 910329 644234 586181 930055 397012 1012173 408668 222930 382922 968431 880394 663536 597108 748944 812593 318510 1016015 944907 964640 1023955 344232 746760 697929 583568 737492 889638 1018808 1151223 311825 783447 613143 1237089 390401 439348 300280 1218633 850453 1050913 269931 409207 970996 856491 783284 928504 1101815 998651 934288 347617 1030738 1014484 476836 66040 162674 425171 564064 1125402 827585 1186423 991019 973271 550615 1030193 610950 485788 863152 212075 946443 236426 797464
283925 413825 179994 137504 449800 453512 616556 655806 245086 523506 310920 321275 711993 999999999 593112 111225 575439 456745 481725 259804 196015 87669 222600 475496 367455 296491 570654 670551 78124 505529 507535 212560 328371 431091 507845 480728 431677 492908 551709 376853 369013 169282 527089 272617 458392 607337 520780 458790 250485 268926 353019 455698 297732 190326 165962 146745 334442 349279 439256 578322 606096 234675 535041 340605 306539 469914 507302 512041 362592 483316 302822 384010 512743 128827 284132 390152 315650 267585 409271 490719 302560 611998 756188 584488 494908 442600 418445 332537 475727 335066 690847 283130 399660 284503 513354 154634 577432 260701 527440 496937
513349 1001244 552584 532834 936084 723143 664423 848874 356298 822217 769177 764943 892765 593112 999999999 596210 155623 1002281 979310 505560 741188 603168 651704 308654 957671 655239 583987 867917 579275 362762 759381 558247 310156 311302 144098 921468 357850 484156 670600 787462 931288 646302 233718 386571 160765 108058 574272 325347 555679 756419 857378 556907 295461 405336 505283 448465 324650 856587 758662 589837 140286 406097 723202 584316 741697 838178 782878 81265 834453 637186 642693 361704 81400 490967 834382 717034 539082 490180 578159 305588 678553 456173 893553 866801 467874 330886 811565 925131 752013 862249 100347 420539 441406 366322 410446 588445 680888 770976 660479 1082236
381349 412107 81643 236750 372934 563982 513153 544592 241006 634721 417626 429210 600771 111225 596210 999999999 549419 410383 410383 170255 290650 25842 113994 535853 407049 407349 473227 559327 36993 440165 618101 317643 299125 379784 535473 390376 501039 405853 444968 275149 440562 280018 486964 227914 445890 590349 422157 522198 354638 373355 449228 356655 309139 200344 98858 191180 389482 444910 550479 480602 583060 196701 643440 234547 206026 365188 618365 517895 465177 376638 191628 453228 520033 207864 368293 501293 416286 360871 305942 550488 413771 534213 645321 474794 410558 385668 527866 364622 586602 425421 696403 220238 483951 245306 439288 264195 470940 360898 420538 490008
572550 961484 489103 551314 852527 800703 518165 711662 331251 899847 805207 804583 752281 575439 155623 549419 999999999 936282 897092 422989 749467 562528 579339 423910 941645 706274 438558 730494 541701 219935 843267 597343 251072 195833 264466 826512 460015 345744 533065 694442 937040 667008 90155 322204 127200 60369 435252 435604 604603 783577 884171 428155 296118 387513 451280 444905 388559 882396 827849 443781 35993 353056 817659 480791 658903 731874 863229 162053 870155 508134 550678 449287 168460 500025 843894 781411 605208 545245 459540 425172 727966 301825 748130 742395 328608 207783 866825 903942 830221 881445 221494 341858 533086 304169 266493 611207 540492 792192 525854 1038427
724115 175301 450863 585843 141391 820260 690024 579130 650390 850844 603973 622602 618902 456745 1002281 410383 936282 999999999 117212 514104 470438 409559 356955 931738 320248 676821 698271 581824 434914 776874 867158 642102 695731 747198 945638 221946 888305 689925 607844 286003 449018 548414 860882 619485 846736 984164 652034 915404 678653 558629 561370 601787 719465 610450 497017 591694 788541 555663 781963 702489 971691 596413 918016 484945 288250 329178 853794 925724 608564 561530 402105 840717 928267 585543 464174 747313 747587 714250 543127 946893 668915 828329 683929 457151 702789 744052 715240 287892 831664 518780 1102615 594543 850793 639231 756183 575280 629388 528072 588877 179450
762390 288260 430050 617940 44981 886009 596594 468774 639208 926560 678666 696634 505858 481725 979310 410383 897092 117212 999999999 476332 537999 416866 328661 945712 424365 735419 614207 470105 441555 719513 935606 684171 669181 702882 938992 110725 908274 620567 515859 209844 547470 601427 816121 592752 819889 948975 571441 931416 722009 631277 648416 528060 710959 607405 481743 600868 799611 642687 852754 617546 933016 576028 980831 424705 238722 226977 925224 906607 691949 477215 347461 860296 909926 606897 548425 813825 790312 748425 472516 960466 730811 756000 571412 345757 634992 696045 793755 386792 900382 607017 1078854 560742 881360 613015 693156 618527 535381 602674 499141 296080
465806 557858 88942 342747 432331 681462 361860 442151 199469 763518 568885 577871 497451 259804 505560 170255 422989 514104 476332 999999999 453720 193988 157714 538205 573051 532422 311229 459633 187151 277276 735252 425310 196821 233538 485227 416379 521785 236057 305542 282395 610728 421970 346969 123726 345066 473160 262082 530859 456833 528336 611983 197847 268003 200945 97172 241727 399085 608040 678724 318978 458667 123201 747435 108069 237630 342587 740991 436659 622264 239290 138851 478201 440704 292972 536181 627536 505192 439007 159276 550709 544127 364395 529659 407650 240335 232616 671463 528984 707304 591342 604179 85031 533381 143414 271156 389565 329882 520400 282525 628906
295003 355796 369405 209007 519945 350082 803734 818054 420583 389867 144265 160933 873072 196015 741188 290650 749467 470438 537999 453720 999999999 264876 382166 550774 243690 209690 762688 830808 266919 699684 398215 213868 512093 621648 631667 575152 493600 688357 734258 505160 190146 105393 710979 464401 625917 773636 712016 529850 241215 95761 158700 646559 456455 364123 361741 304576 436167 154535 314757 770194 777227 425910 447583 524862 438977 600373 387225 660691 177979 666176 472485 452417 659885 251918 94475 277252 304901 298290 596591 565703 199300 807888 923342 730346 690713 634917 261555 231017 362842 139207 833032 478462 429862 474151 709022 159274 760351 73415 709771 435538
363837 400527 106141 218004 381054 541163 538973 568872 246899 610610 392008 403732 624982 87669 603168 25842 562528 409559 416866 193988 264876 999999999 135089 529034 387682 384155 498654 583409 25378 460726 595199 297380 311530 397419 536613 403319 491787 429959 470773 292566 416858 255446 502777 242872 455693 601671 447667 514556 334799 347596 423489 382166 312492 201981 115821 184522 383306 419192 526553 506059 595641 209564 621968 260388 222634 384250 594885 523960 439344 402453 216138 443834 525784 193773 343209 477676 397809 344541 331728 543866 389957 557087 670151 496909 434271 404445 502637 346256 563382 399969 703073 239081 470611 259280 461389 241906 496754 335056 446337 479956
494685 406804 101931 350675 286634 676067 434076 437899 312151 743861 518195 531364 493604 222600 651704 113994 579339 356955 328661 157714 382166 135089 999999999 633109 442949 518867 408385 451640 150905 429477 730044 431587 342116 391252 611908 288581 603468 363795 358655 164510 504740 388243 504642 265469 493369 627773 356704 621306 468629 471786 537286 293585 384393 286064 155107 293835 486860 532457 660241 414914 614786 247368 756953 162170 99158 251810 729205 578131 560017 292473 91975 556246 581371 319326 447209 611885 530037 473460 235390 647205 523967 501262 541739 361893 372910 389740 631798 396634 697992 508135 751616 237744 593042 285613 416269 376995 384777 455099 334346 474310
264490 877461 535498 358006 908785 430488 827960 967445 338771 527019 529095 519565 1019923 475496 308654 535853 423910 931738 945712 538205 550774 529034 633109 999999999 792160 401280 751499 985987 504190 553897 460211 338074 377915 466105 165580 921450 62402 642618 804087 795417 729278 445465 459816 424400 326091 402220 722366 22399 317929 531727 625720 679544 273725 348563 481681 344867 146568 626533 473669 759021 427421 415145 417683 643948 732250 872342 486135 262857 590486 750073 667418 98379 256887 346823 632920 439626 274065 253983 673008 15334 424990 675365 1039536 945600 631133 491343 541288 771496 457907 642451 359863 471097 149003 409356 595634 393311 822471 554949 786289 961263
538693 152989 484977 439760 426897 555764 871211 824046 612419 563335 332574 351175 873352 367455 957671 407049 941645 320248 424365 573051 243690 387682 442949 792160 999999999 441132 851081 832102 404538 847092 594432 457163 692065 784853 860604 503007 736169 802359 791783 492012 132792 348467 888114 628548 825840 974752 799491 771653 484835 298195 262581 736518 663498 557744 503483 509279 670208 257300 507759 857474 972931 593003 655825 605117 446654 574294 575103 876406 315182 729398 529743 693837 876607 470285 183784 485200 547424 541346 678195 807243 425149 936304 933265 713680 809536 792117 427015 47029 559823 220260 1053729 626699 673538 643491 844191 398850 817250 266453 768360 213653
142928 564661 467220 191120 712386 157538 893961 951101 415596 231137 129800 118566 1007384 296491 655239 407349 706274 676821 735419 532422 209690 384155 518867 401280 441132 999999999 837929 966209 372322 720334 211266 115224 510339 629970 523255 758225 339085 745419 836400 667872 347161 136077 692821 491752 579391 714372 791518 378903 101714 145661 227581 729085 417449 368847 435918 306869 330627 229180 146304 845923 726702 456313 246178 627547 597877 762557 211265 581436 189253 768736 598335 309982 578576 245778 260038 95274 127340 165110 690628 414447 23878 841937 1049625 880690 742839 649509 160674 436524 179256 251090 733880 522952 258234 493057 742686 144628 861352 175844 812718 642996
754203 798869 393294 646821 571725 981353 80553 280945 448492 1067940 880092 888906 315916 570654 583987 473227 438558 698271 614207 311229 762688 498654 408385 751499 851081 837929 999999999 298936 495962 221225 1034178 726729 377698 290203 638622 512817 756298 108911 113135 412328 908598 732713 351403 357618 450951 498607 51779 751931 754766 839453 921355 116817 490505 479060 407723 534918 639171 917223 983676 8060 468698 387400 1038293 246625 422712 394976 1042702 550092 933245 137215 322425 721554 556522 593226 841264 932218 794179 725381 173004 760099 851286 167147 309856 343675 121527 265651 981481 804550 1008464 898620 660041 318497 792807 363920 173548 697608 109463 830782 120416 853856
920622 731322 502711 786426 440473 1121958 228994 19092 651812 1193996 969368 982843 42339 670551 867917 559327 730494 581824 470105 459633 830808 583409 451640 985987 832102 966209 298936 999999999 593897 510563 1176179 869906 611863 559131 900184 360364 976736 385102 197652 341142 926415 838759 641044 562209 721255 790863 295254 981531 904711 922475 981617 314595 712429 660461 544200 698685 854014 976469 1109807 295763 762493 576864 1196831 352037 397070 260061 1177427 822948 1008631 237595 367891 934995 828861 743560 886181 1060518 959094 895155 312982 997074 973093 463682 102624 124676 402041 537763 1083422 786217 1145323 948690 950646 515567 992898 576655 464473 822105 191045 904187 207907 759792
344399 423207 103116 199783 405305 528500 539647 578878 222994 600735 388291 399051 635136 78124 579275 36993 541701 434914 441555 187151 266919 25378 150905 504190 404538 372322 495962 593897 999999999 447098 582674 280909 290645 380526 511401 425655 467591 422801 473859 311944 426888 247321 484025 224142 433084 579735 445532 489900 317787 345320 425478 380179 287747 177024 100822 159476 358299 421416 516258 503518 574450 189462 607055 262764 242593 402180 583530 499806 438295 405453 226014 419672 501532 171645 349341 466684 379293 324099 332197 518982 379498 546999 678529 511120 426151 388744 496547 364255 551493 404197 679048 224149 448204 239688 450076 228533 499643 335017 449551 503254
610892 834483 362895 536145 674552 846437 301676 491741 304844 940601 790830 795384 532650 505529 362762 440165 219935 776874 719513 277276 699684 460726 429477 553897 847092 720334 221225 510563 447098 999999999 896080 605111 211894 93869 425474 636403 568989 126234 313203 510366 872681 641717 130909 236479 236436 280304 215336 557876 625203 758036 852041 213943 320002 353158 346281 416995 462193 848964 859796 227111 252241 274934 887644 294950 489244 531957 909779 332051 851453 292088 375455 541211 338656 479482 789632 809145 649548 581273 255062 560499 738029 126027 530904 527128 108924 71360 876394 804038 875279 838714 440621 223324 619859 230142 47694 594575 320692 757659 306692 903750
285240 735619 675182 393007 915597 54230 1094419 1160804 594890 71491 265513 246577 1217122 507535 759381 618101 843267 867158 935606 735252 398215 595199 730044 460211 594432 211266 1034178 1176179 582674 896080 999999999 309955 684341 802843 616262 965384 403516 936614 1040680 878572 474105 345518 847673 679789 721583 838398 989836 439979 279563 308807 335967 929242 578609 556256 640321 499335 455123 340609 86806 1042230 857070 647353 72053 834047 808725 973459 30752 697319 282340 973719 808521 398771 692860 442793 413773 122189 246624 314866 894435 468363 208837 1020998 1257993 1091907 932150 824755 172935 602497 35500 375938 819696 715935 318015 677601 924033 354165 1065133 340024 1017398 806938
83922 556866 367337 83599 655751 256163 785148 854029 300379 341454 211167 208290 910329 212560 558247 317643 597343 642102 684171 425310 213868 297380 431587 338074 457163 115224 726729 869906 280909 605111 309955 999999999 395246 514823 434636 691834 279948 632241 730726 589178 392044 108696 579747 377380 470146 609303 681327 316787 38169 200422 300208 619970 304898 254047 330526 192964 236860 299843 257791 734756 619525 342561 327120 524679 518915 681590 316316 481274 276565 663824 503883 240043 479105 133564 295116 206376 106210 84494 584480 352814 133794 726860 949405 791729 629154 534289 273619 440706 282331 309858 642892 409980 218000 378154 627725 66829 755187 219688 707464 639466
399108 711156 244874 330809 625929 634552 451854 593053 95884 728810 588379 591310 644234 328371 310156 299125 251072 695731 669181 196821 512093 311530 342116 377915 692065 510339 377698 611863 290645 211894 684341 395246 999999999 119739 294624 613141 378780 269998 426388 479193 695319 441651 199266 76647 151303 291483 345298 376340 413866 559410 657035 301885 113623 149778 202099 213303 261932 654518 648350 385482 284144 102425 677543 286512 431610 536415 697886 239840 651007 374506 335385 344064 243903 274761 605469 597904 437934 369483 300526 387871 528819 336710 661806 584546 260891 140535 668094 653559 663385 648658 409719 112655 417487 56582 241050 390667 444557 562909 409135 788990
517784 786506 309365 448669 658146 753527 369578 540041 214699 848248 705337 708960 586181 431091 311302 379784 195833 747198 702882 233538 621648 397419 391252 466105 784853 629970 290203 559131 380526 93869 802843 514823 119739 999999999 348691 630707 477886 182572 363252 498884 800094 557299 113781 158529 162999 251775 270065 468723 533581 674593 770651 246009 226138 265917 281664 330014 368961 767860 768020 297253 231787 196470 793822 284991 465586 536862 816939 264295 767146 326085 355712 448652 270380 392209 713534 717622 556238 488185 268289 473621 648274 219868 593135 555925 168704 25239 787332 743664 782472 759831 401039 160234 526564 147498 130208 508001 376197 676233 351224 860020
380333 921668 509978 423423 898074 581324 718243 881166 299886 680031 642787 636794 930055 507845 144098 535473 264466 945638 938992 485227 631667 536613 611908 165580 860604 523255 638622 900184 511401 425474 616262 434636 294624 348691 999999999 895951 213849 531251 708087 763493 819909 531225 314167 361685 189062 237487 617801 181456 426724 635017 734661 585942 228056 335199 457380 361537 197927 734417 618815 645530 264112 367798 579142 580775 708523 827757 640285 102855 707381 662941 623409 220694 96241 390759 722165 578988 402492 359878 592814 163994 546961 538775 940759 878942 517271 372998 676056 832421 609939 743727 210697 404862 298298 342527 471121 473876 722939 652747 693639 1004680
764514 381356 388714 617930 81572 913586 489936 358468 597880 964271 719180 736083 397012 480728 921468 390376 826512 221946 110725 416379 575152 403319 288581 921450 503007 758225 512817 360364 425655 636403 965384 691834 613141 630707 895951 999999999 890186 529482 410447 134023 616671 622163 741913 538604 760737 881151 472774 909262 729991 670766 702757 435084 670220 574593 442693 579711 775038 697116 886115 515574 862483 528228 1004132 346203 189488 119216 958310 852958 741462 377168 278864 842609 856912 597030 602104 843285 796212 746879 383259 935628 757051 661310 462192 235754 544898 620894 836276 460942 930893 663510 1019379 501194 873808 558735 605957 629223 428742 644905 395208 400948
203744 826413 509206 307363 872830 371327 830526 958519 324965 468890 467235 457468 1012173 431677 357850 501039 460015 888305 908274 521785 493600 491787 603468 62402 736169 339085 756298 976736 467591 568989 403516 279948 378780 477886 213849 890186 999999999 648076 800687 767396 669633 388217 485909 415207 351801 444758 723658 40019 257711 470954 564097 676593 267779 324728 456349 310487 122869 565006 412962 764032 467481 400529 365371 629273 702121 848048 428468 303044 528328 743477 645235 47979 297717 303140 573806 377867 211799 195461 664579 75391 362757 693143 1035564 928927 637921 502895 479200 717152 399259 581603 416631 461582 87817 402366 608084 337912 820445 494837 781624 910048
654068 768653 324214 554810 576104 884487 187173 366189 345269 973565 797129 804525 408668 492908 484156 405853 345744 689925 620567 236057 688357 429959 363795 642618 802359 745419 108911 385102 422801 126234 936614 632241 269998 182572 531251 529482 648076 999999999 187475 411101 846381 647953 256023 256904 344781 406080 90170 643189 658239 758977 845926 94989 383325 380380 326985 439304 531885 842166 890014 116403 378422 289833 937455 207565 402993 418991 946617 445115 853282 168212 291239 614062 451403 499647 772095 838568 693934 624878 148118 651189 760193 139105 411510 402576 17465 158601 893726 757000 912184 826641 565544 222469 686596 260751 82908 608521 196733 753262 180463 831389
769846 723433 372151 647870 475182 986816 82494 178718 479299 1067486 862028 872906 222930 551709 670600 444968 533065 607844 515859 305542 734258 470773 358655 804087 791783 836400 113135 197652 473859 313203 1040680 730726 426388 363252 708087 410447 800687 187475 999999999 323952 862940 719824 443476 386939 526055 593425 97941 801613 762364 818272 891957 124543 533166 498090 400716 545793 679392 887376 982601 113032 565364 408556 1052542 211108 348585 291298 1045950 627532 910046 68407 266866 761714 633581 598501 804857 931662 809509 742370 146271 814233 846987 279452 235449 230541 204483 341196 969828 744768 1012425 864959 753010 341833 826203 398480 267610 692442 26167 805525 24491 771604
656167 403738 260050 510570 165134 825289 406439 332302 466831 885619 648192 663471 382922 376853 787462 275149 694442 286003 209844 282395 505160 292566 164510 795417 492012 667872 412328 341142 311944 510366 878572 589178 479193 498884 763493 134023 767396 411101 323952 999999999 585846 533151 611024 404909 626744 748389 366676 784287 626887 599985 648775 319515 538987 447045 314059 458260 649670 643415 804023 416495 730434 395725 910695 216359 70333 95517 874912 719027 680424 275528 145011 720347 723020 482675 550789 757911 690374 636017 262983 809271 670068 547468 441511 228336 425320 490209 764947 445758 845256 613525 885466 367175 757385 424989 483335 530627 346690 578082 303965 447886
466228 285671 522180 398736 544825 440217 938775 916539 606488 437046 223885 240875 968431 369013 931288 440562 937040 449018 547470 610728 190146 416858 504740 729278 132792 347161 908598 926415 426888 872681 474105 392044 695319 800094 819909 616671 669633 846381 862940 585846 999999999 288923 894573 641593 814632 962831 856897 707622 411978 202332 138141 791927 645771 549965 527299 492578 623102 133585 388604 915595 965556 603686 539160 662912 531035 674691 452422 850831 191765 797199 596148 631750 850004 441800 97769 373206 466407 475404 736731 743767 327406 973631 1025292 813048 851063 811238 302751 161416 440592 100147 1022731 649380 597589 653405 876963 346036 888980 175321 838755 343553
191020 451720 347678 115872 577234 292563 782580 824307 346492 355618 149727 156597 880394 169282 646302 280018 667008 548414 601427 421970 105393 255446 388243 445465 348467 136077 732713 838759 247321 641717 345518 108696 441651 557299 531225 622163 388217 647953 719824 533151 288923 999999999 637041 405697 541056 686284 684029 424487 138292 117850 217307 619710 370997 292005 325038 228389 334182 215411 272199 740545 692616 367643 382058 508911 463447 628186 342119 566816 209892 651515 471541 347134 565488 168222 191164 224883 204880 192982 576058 460366 136933 757121 925320 748988 647785 573472 250116 332701 312109 216447 735624 428488 325900 411771 657179 57871 745381 125682 695671 533536
567594 896734 420147 523477 771317 801690 431573 622164 291273 899440 781131 782588 663536 527089 233718 486964 90155 860882 816121 346969 710979 502777 504642 459816 888114 692821 351403 641044 484025 130909 847673 579747 199266 113781 314167 741913 485909 256023 443476 611024 894573 637041 999999999 259977 134282 150260 345815 467749 592525 754848 853709 338083 275399 347271 388122 409307 395498 851411 823140 356984 124401 295132 829450 395710 579204 644666 865061 214021 844899 418001 468723 466613 220835 468893 804570 774504 603397 538792 370708 463877 713093 226630 661258 652375 239006 121026 853035 848280 831157 846834 309762 270640 549478 244628 178172 583861 451533 760013 435882 971400
397339 639565 168810 303269 549636 627839 424856 543827 92591 717929 555143 560319 597108 272617 386571 227914 322204 619485 592752 123726 464401 242872 265469 424400 628548 491752 357618 562209 224142 236479 679789 377380 76647 158529 361685 538604 415207 256904 386939 404909 641593 405697 259977 999999999 227931 365941 317540 419371 401949 521643 615659 264202 150725 123820 129268 184956 293032 612633 634963 365662 356418 38544 681099 222061 355572 466084 690190 314868 615218 328313 262443 375054 318599 246894 555607 583643 437256 368268 249500 435975 507845 352261 620917 523741 252488 170525 644296 588368 655711 603106 486280 46706 439871 20284 252355 360207 407878 521250 367082 716223
447023 856174 395914 425215 776394 677537 531022 702165 213577 776292 678178 677427 748944 458392 160765 445890 127200 846736 819889 345066 625917 455693 493369 326091 825840 579391 450951 721255 433084 236436 721583 470146 151303 162999 189062 760737 351801 344781 526055 626744 814632 541056 134282 227931 999999999 149044 432993 333561 477781 657169 757968 407054 170168 268245 351236 322120 266672 756302 702824 457683 151632 251030 699729 424416 581787 678021 740482 101721 743196 486309 481938 334058 107608 375038 720388 655756 480675 419292 422494 330708 600959 352055 755970 711598 330113 186225 740011 789989 707077 756251 259164 260039 417477 207878 282117 484844 539195 666506 513437 935456
576499 1002034 534510 570493 904644 798417 578036 772030 362349 897870 819559 817566 812593 607337 108058 590349 60369 984164 948975 473160 773636 601671 627773 402220 974752 714372 498607 790863 579735 280304 838398 609303 291483 251775 237487 881151 444758 406080 593425 748389 962831 686284 150260 365941 149044 999999999 495619 416389 612852 801134 902275 487854 317181 417273 493563 470655 388269 900854 829193 503742 33262 393790 807978 536356 710343 788636 859964 141930 884893 567966 603942 440276 147064 522044 868048 784547 606632 550583 517902 401407 736816 358681 808004 801936 388960 265625 873977 938597 827767 902301 161741 390135 523170 346880 326815 629345 600840 811958 586117 1080344
711802 748912 342641 600578 528270 936700 107487 276411 409624 1022034 830806 839937 318510 520780 574272 422157 435252 652034 571441 262082 712016 447667 356704 722366 799491 791518 51779 295254 445532 215336 989836 681327 345298 270065 617801 472774 723658 90170 97941 366676 856897 684029 345815 317540 432993 495619 999999999 721510 710273 789694 870712 65502 456284 436674 359037 490600 604574 866533 937550 58707 467441 345025 995956 194860 373458 356720 997599 533911 883311 95966 271315 687157 540110 547769 789983 886142 751774 683290 121317 731688 804330 192025 323115 320961 106864 246952 933312 753000 963489 847576 655499 276090 756069 325726 169689 650222 106708 780513 94291 805118
242446 858575 524735 338988 894983 409369 827642 963096 331861 506297 506796 497210 1016015 458790 325347 522198 435604 915404 931416 530859 529850 514556 621306 22399 771653 378903 751931 981531 489900 557876 439979 316787 376340 468723 181456 909262 40019 643189 801613 784287 707622 424487 467749 419371 333561 416389 721510 999999999 296044 509722 603485 677128 269258 338245 471166 331019 134634 604323 451994 759536 440655 408191 398954 637343 720356 862544 465567 275784 568119 746419 658215 77987 270052 329972 611416 417544 251675 232523 668635 36155 402606 680467 1036983 938503 632173 493924 519073 751515 436980 620432 379732 466057 127040 405066 598696 372867 820501 533138 783351 942337
54456 589599 402003 118738 693794 226592 814948 888645 320695 316320 216302 210119 944907 250485 555679 354638 604603 678653 722009 456833 241215 334799 468629 317929 484835 101714 754766 904711 317787 625203 279563 38169 413866 533581 426724 729991 257711 658239 762364 626887 411978 138292 592525 401949 477781 612852 710273 296044 999999999 214006 310293 649797 317188 278129 363306 219849 231247 310617 234601 762813 625000 368504 292199 557873 556659 719049 288381 480834 280666 695912 539568 221587 478158 163863 316624 184041 68940 67036 616107 332194 123969 748362 983012 828107 654399 554001 262234 470774 253974 324729 636732 436793 188757 401169 649916 103799 786551 237140 739332 671685
267283 430084 448332 232429 614545 263908 884966 909263 464332 295346 48506 65526 964640 268926 756419 373355 783577 558629 631277 528336 95761 347596 471786 531727 298195 145661 839453 922475 345320 758036 308807 200422 559410 674593 635017 670766 470954 758977 818272 599985 202332 117850 754848 521643 657169 801134 789694 509722 214006 999999999 101240 724624 487462 409694 432862 346201 437155 100193 223336 847148 808510 483332 363487 607497 533119 695339 295309 678119 94321 749908 560513 435576 676369 285967 115102 191258 264566 279872 677516 545840 127613 871841 1013515 824158 759758 690349 165800 298425 273314 110735 842765 542133 396230 528492 772039 172369 844206 32160 793860 505155
361851 410952 528089 332858 638408 302844 962145 969644 562627 300867 97788 111077 1023955 353019 857378 449228 884171 561370 648416 611983 158700 423489 537286 625720 262581 227581 921355 981617 425478 852041 335967 300208 657035 770651 734661 702757 564097 845926 891957 648775 138141 217307 853709 615659 757968 902275 870712 603485 310293 101240 999999999 805258 588075 507294 518967 444452 537039 5733 250558 928871 909407 577147 401310 683166 585870 742545 314554 779253 53639 824037 628518 531188 777457 385339 100716 237805 353722 377091 755139 639412 205139 963153 1076196 876540 847813 785489 165178 278676 302493 43021 943077 633112 485443 623699 863763 273152 918086 94446 867465 476225
653527 690647 277221 538493 483908 875840 165190 295528 356788 959934 766017 775361 344232 455698 556907 356655 428155 601787 528060 197847 646559 382166 293585 679544 736518 729085 116817 314595 380179 213943 929242 619970 301885 246009 585942 435084 676593 94989 124543 319515 791927 619710 338083 264202 407054 487854 65502 677128 649797 724624 805258 999999999 408916 379299 295004 430768 555684 801068 875290 124040 462341 288334 937382 131424 318031 324005 936263 508774 818137 80425 211121 638136 514605 486567 724527 823958 693425 625410 60085 689703 741393 228005 359992 314327 111307 226122 869307 690216 902297 782075 643883 220228 704064 274807 175569 587007 143941 715190 107869 749487
294806 706874 282551 255224 670179 530502 563423 693944 72366 626912 509893 510042 746760 297732 295461 309139 296118 719465 710959 268003 456455 312492 384393 273725 663498 417449 490505 712429 287747 320002 578609 304898 113623 226138 228056 670220 267779 383325 533166 538987 645771 370997 275399 150725 170168 317181 456284 269258 317188 487462 588075 408916 999999999 111059 229519 154797 148667 586335 548973 498349 321799 145414 567750 371560 481781 608441 594023 214561 574582 477187 402633 231106 215575 205015 550869 499778 332212 265492 399466 285251 437881 445954 768308 673525 374478 249425 577781 630047 559746 586087 393821 197399 303890 135820 352811 315094 552709 496370 514466 788530
275226 596128 187009 183069 567959 504129 543112 642863 56546 594156 439460 443077 697929 190326 405336 200344 387513 610450 607405 200945 364123 201981 286064 348563 557744 368847 479060 660461 177024 353158 556256 254047 149778 265917 335199 574593 324728 380380 498090 447045 549965 292005 347271 123820 268245 417273 436674 338245 278129 409694 507294 379299 111059 999999999 133120 64102 203822 504813 511349 487120 417107 91715 559392 308955 385106 524319 566399 324895 501603 435004 320571 279524 326195 126451 458125 460089 315208 246618 354233 362288 385637 473280 727888 605296 376283 283334 523372 522603 531929 499568 504327 160704 332453 124235 373868 242099 520723 413237 476527 677593
376455 510310 54075 247323 440699 586345 458931 527533 157502 667055 472564 481188 583568 165962 505283 98858 451280 497017 481743 97172 361741 115821 155107 481681 503483 435918 407723 544200 100822 346281 640321 330526 202099 281664 457380 442693 456349 326985 400716 314059 527299 325038 388122 129268 351236 493563 359037 471166 363306 432862 518967 295004 229519 133120 999999999 155775 336592 515240 582204 415537 485235 100235 655117 194633 253394 391748 645240 428970 527038 333441 189994 410228 431698 200149 447631 531131 415112 351019 254738 495400 447223 447500 619898 478785 328986 288706 574338 462011 611759 500493 605625 123554 456208 147170 349867 292600 425513 426328 377230 587269
224182 560310 204521 119156 564015 446435 595741 681705 118199 534275 375408 378976 737492 146745 448465 191180 444905 591694 600868 241727 304576 184522 293835 344867 509279 306869 534918 698685 159476 416995 499335 192964 213303 330014 361537 579711 310487 439304 545793 458260 492578 228389 409307 184956 322120 470655 490600 331019 219849 346201 444452 430768 154797 64102 155775 999999999 198825 442114 450754 542965 472997 149607 506983 347166 392002 542032 507940 367213 437736 480584 344613 262909 367562 62489 398990 399333 263740 197295 400025 359599 322914 536343 771303 634332 436215 347365 459931 476895 473633 438119 545257 217211 301618 187390 436684 177997 569396 350711 523323 643186
