NAME : synthetic_000865
TYPE : CTSP-D
DIMENSION : 100
GROUPS : 8
RELAXATION_LEVEL : 1
EDGE_WEIGHT_TYPE : EXPLICIT
EDGE_WEIGHT_FORMAT : FULL_MATRIX
EDGE_WEIGHT_SECTION
999999999 415991 860308 618975 607623 582457 604548 259281 298773 273809 461254 626291 584493 240665 820132 866123 694846 985512 334435 605747 691864 286277 156751 139713 281408 222542 291346 355923 886594 480970 632616 510428 771266 561833 431165 734528 145168 24251 722545 319951 640770 224771 671983 676416 692390 680182 454496 215993 868299 520155 577780 314147 346290 254441 728857 879490 624507 574952 137889 421034 886448 197196 626261 483584 447885 539358 780517 384388 612877 763744 228130 357903 677419 323954 198085 309176 21237 254196 514077 670534 425557 261514 650657 607279 620808 532645 594033 467851 802539 260967 142324 562277 276640 800513 240942 182709 673044 620332 365128 626021
415991 999999999 552471 218114 340207 685042 741756 214796 347310 171316 506663 276195 199277 472426 440696 486030 800498 657353 123710 668548 746319 365246 262543 404615 446393 636424 363910 60677 560368 536137 219799 241674 358558 221249 248661 716658 289052 432102 392057 152080 787259 349558 355601 713497 447204 767311 125637 558645 630930 722104 298619 207346 150070 178320 599572 621880 300210 263899 283398 235787 501949 353271 695423 399821 39339 129525 615493 206224 205050 411419 602139 190497 678817 288431 439788 360818 403793 393413 308209 286166 552839 373341 594468 198420 263164 377337 277174 337112 387606 200312 556376 639670 389449 385235 625118 580510 420977 285964 201716 288815
860308 552471 999999999 376432 252803 690629 759783 754309 597979 707591 575899 685414 365486 752327 216517 214788 752133 129881 550693 634844 657785 620442 749470 765545 690903 1037232 911542 582723 50719 590206 420204 747518 390029 332186 429792 547222 716894 864241 161279 701430 796026 885486 199051 620045 188628 710487 441762 1057026 167020 826283 283812 546805 702423 704473 348172 126322 730920 726630 768879 778676 233772 688639 653636 439789 515174 535060 291999 755703 403460 746643 943843 742641 558805 840354 753337 596568 858937 933545 351013 300369 673200 915962 456759 410514 668644 361524 280925 416078 420327 738001 969542 642365 646002 427186 972817 958060 198111 711443 753351 709088
618975 218114 376432 999999999 249467 739283 805257 432441 465319 389429 567318 314232 49354 618813 225949 270158 842000 461511 287638 705542 768190 488472 472773 577904 575554 832739 576169 270582 371121 594410 54832 372486 160203 124795 292409 703868 479975 631939 220494 366824 850133 566864 208353 730679 338278 803260 176056 775570 494966 817759 218207 340831 358877 395654 539704 473302 358260 350571 493944 414086 284689 511402 731635 424081 179648 160008 529864 398397 27750 400500 778892 392125 682068 495244 597020 474004 609547 609370 290706 77944 641170 588541 580088 34258 297158 363284 167017 359939 198688 418277 754299 688579 516892 199285 804703 768253 313744 338835 400491 337200
607623 340207 252803 249467 999999999 526273 595639 520508 351729 474100 373492 547647 209091 510540 282597 319713 616692 379725 307952 482821 534732 375129 501750 514659 451987 786725 679732 354788 282465 395415 304262 568677 364979 136646 177043 458746 464667 611440 138638 476701 638179 646537 88672 496119 107000 576033 215941 806579 292407 633933 41610 294712 483450 467281 290492 288699 587465 568096 520439 575957 344896 437846 507239 222737 309295 371911 286782 545533 274231 647777 698616 526890 442856 616557 506765 352402 606588 695869 102774 211956 464232 680075 337323 277995 530740 143489 82775 178161 406844 503880 717681 474693 402180 410781 727321 708830 80851 568826 539090 568610
582457 685042 690629 739283 526273 999999999 70066 716595 355065 690004 178764 960035 690200 342306 804887 837080 119285 809502 567072 61984 119677 347096 614247 445143 306280 606313 835316 648019 739072 149455 788027 911386 882171 615826 455964 219575 528033 565720 655504 727104 112033 772225 612335 123888 514950 97795 597437 782534 584133 160587 537935 482877 751052 668160 363234 621314 985170 946831 616906 862513 862477 416460 60219 315479 682559 791622 434325 819888 755880 1090225 475280 790073 167266 824477 384473 339544 598563 815424 450995 728353 158752 814216 240379 756159 946022 385096 590389 379468 924295 704823 585284 51603 336329 927173 498126 529426 519102 970976 803107 973709
604548 741756 759783 805257 595639 70066 999999999 758873 403473 735258 239860 1017670 756033 364653 874757 907100 95778 877726 621601 126164 149827 392412 651989 471568 339291 602635 869417 701822 808434 211545 853198 963186 949893 682446 519014 268756 565407 585917 725435 774415 45647 804815 682001 169619 584925 101771 659282 795586 649897 122134 606428 536822 799266 712780 428485 687956 1041180 1001506 652661 909810 932500 453139 113046 382488 741457 851901 498980 866946 821145 1149675 471979 836791 223549 864650 409254 388286 622077 845913 518447 796368 196635 846457 306980 821174 1004064 453888 658589 445363 991974 748027 590843 121194 377731 994719 491994 530420 589167 1027552 849570 1030530
259281 214796 754309 432441 520508 716595 758873 999999999 364020 46753 552962 369148 413249 418507 655416 700812 835836 865672 215775 718726 804390 369624 117765 318052 422696 477121 159253 172158 767220 580476 428184 251498 564216 423403 375610 807558 198697 281646 597151 70752 801632 134839 555261 778408 624269 810427 312569 351877 811287 705066 481037 268257 91936 56226 735254 809162 365355 315739 128473 166527 716692 308236 743954 498791 253974 311683 767079 126738 417560 505136 481606 98882 758968 110850 374653 379558 240716 180214 457326 500747 562504 161728 696929 410541 364957 509374 473551 451620 588390 16645 398510 680980 381361 584904 497772 441588 599538 361717 107197 367539
298773 347310 597979 465319 351729 355065 403473 364020 999999999 335259 189494 622494 418205 161028 612711 655621 474215 727439 223862 354713 440577 24158 271331 174713 110409 441515 495121 301415 632555 216545 502039 560012 624538 362457 186860 454267 190781 293493 485307 372095 448079 437052 432576 415686 415976 447106 293416 514488 579916 374796 334215 140329 396331 313795 430085 596261 642367 600752 279007 507544 679378 102205 379961 185975 354688 468126 482728 464865 472648 758727 346945 435012 401510 473688 155445 15584 306341 484523 249177 486426 208659 478820 357323 470231 610070 244870 369498 183358 663935 351394 379242 317283 52848 664602 375719 360772 401143 629892 448043 633370
273809 171316 707591 389429 474100 690004 735258 46753 335259 999999999 522342 353620 368449 406067 611094 656670 809256 819276 170848 688853 773662 343345 119726 311506 403450 495561 205663 125786 720726 550482 388006 248504 525345 376858 332017 771618 187482 294374 550610 47675 778801 180127 508540 746408 578176 782319 265838 389300 765195 687933 434492 229051 75431 23670 693106 762699 355630 306957 136354 176345 673010 290609 714523 459706 210091 276497 723310 133521 375703 492435 487874 103041 724438 149900 363995 350837 257276 226530 412630 456296 538635 208390 658817 368858 347441 466564 426810 410174 551174 30443 415730 652386 357874 548022 506231 453001 553328 349595 115113 354976
461254 506663 575899 567318 373492 178764 239860 552962 189494 522342 999999999 781338 517982 242600 656090 692509 294126 702904 390066 166705 251474 188430 459769 322392 184540 545445 683641 471291 620209 29480 614253 735590 715488 445994 279196 273355 376626 449639 509991 556488 285376 624136 462064 226274 388712 262736 419580 674400 505581 260445 377312 306745 579232 501605 307418 534261 806868 769120 466031 691217 717823 272002 192786 151243 503795 613077 374351 649058 582320 911534 423604 619802 217026 662976 272031 174162 473481 670533 285681 563509 97698 666126 200918 582117 767281 230371 427405 208953 757334 539936 502851 133367 187789 759687 451456 462109 385609 792501 633075 795168
626291 276195 685414 314232 547647 960035 1017670 369148 622494 353620 781338 999999999 342073 737015 499933 533694 1074354 753986 398716 940885 1016005 639427 473282 655389 717744 846117 438156 322589 672924 810753 265686 138707 335038 411041 512683 975217 531366 647528 534015 306595 1063218 466711 521438 981729 646320 1040093 371893 699488 809134 997044 509491 483190 280000 374921 834065 787244 46537 70907 489767 233790 537222 616676 967807 664940 278254 178613 834274 254707 286484 140203 840575 274528 942606 353698 699953 636341 608702 488446 553298 386073 828936 465326 850731 280361 17108 627817 466746 599520 333549 365595 767109 913764 662369 326919 859598 806580 620633 27939 271281 24020
584493 199277 365486 49354 209091 690200 756033 413249 418205 368449 517982 342073 999999999 573213 243014 288882 793475 461581 250505 656982 720546 441574 442675 536299 528577 795037 562834 245029 366855 545112 99642 383731 206333 77650 243316 658748 443077 596266 204840 351225 800949 548072 181815 683235 304375 754925 133592 749347 470544 768569 174705 297143 346896 372000 499345 452613 384002 370500 463799 414120 306492 468020 683159 375162 159957 173510 493798 393690 67664 438750 736823 383751 635460 485156 552836 426478 576224 592562 242556 88350 591988 572606 534512 70049 325000 315873 126500 310779 246050 398217 717383 639574 470128 247084 763075 728510 278872 364884 393369 364021
240665 472426 752327 618813 510540 342306 364653 418507 161028 406067 242600 737015 573213 999999999 773667 816646 454212 882185 351999 369351 454136 136920 303005 108151 63885 305567 509768 417286 789094 255716 651352 651948 778925 521611 347772 508867 220038 223424 645596 451333 402292 443852 592932 441665 566601 439881 443570 442443 717994 290056 494800 279945 478723 382406 541320 739218 749456 703596 299037 581386 840379 120350 388326 320378 488535 600304 603229 539004 623507 876669 193406 508654 450044 515913 45689 158335 257626 482855 407770 645091 187563 484870 442912 620335 726720 392434 530493 336479 817241 411005 260329 325309 108777 817404 222481 221881 554297 739746 520018 744134
820132 440696 216517 225949 282597 804887 874757 655416 612711 611094 656090 499933 243014 773667 999999999 46154 887799 255096 486459 757626 800021 636861 683627 756170 719975 1023303 801798 488037 186175 677808 249713 586199 178685 260009 425896 706239 676069 829943 149673 591521 916150 790229 194117 761059 302130 846299 365983 991741 377406 916530 284075 516330 584574 615009 512179 340697 546455 551643 704634 637305 67213 682622 780630 505216 401450 379090 473354 623698 246502 541665 952207 618047 703180 721193 761790 616829 813481 833849 377060 154823 746143 813384 595730 254141 484139 425944 243254 456169 205047 640651 947883 753564 665363 212116 979869 951892 290604 527404 626286 523949
866123 486030 214788 270158 319713 837080 907100 700812 655621 656670 692509 533694 288882 816646 46154 999999999 916470 228968 532559 788157 827048 679747 729775 801032 762166 1068700 846319 533905 175909 713367 290518 625310 203781 305521 469027 729124 721960 875817 182713 636482 947762 835587 231124 788165 327713 874795 412078 1037817 380795 952728 324599 561559 629031 660822 532466 341097 580206 588005 750784 679263 25422 727144 810516 542299 446844 420607 488686 666781 289595 566460 996430 661856 729303 765175 805644 659323 859552 878931 416897 200584 783944 858334 622232 297186 518333 462145 286253 495615 222995 686141 993493 786023 708136 230378 1024208 996889 319139 561418 669845 557641
694846 800498 752133 842000 616692 119285 95778 835836 474215 809256 294126 1074354 793475 454212 887799 916470 999999999 862897 684077 136510 96530 466376 732846 559516 422961 698412 953154 765235 802170 264665 892440 1029188 978957 717442 565826 221061 646480 676986 738310 846154 82750 889556 699235 132424 589225 41814 708192 889302 626191 214313 633418 600346 869948 787437 407558 667212 1100692 1063231 735047 981520 941629 534590 110418 419130 796263 903672 474110 938942 860202 1202686 567746 909179 193952 943559 497850 458675 711755 932040 551420 824640 276012 931459 296446 861025 1060013 480956 686752 484928 1021105 824099 685948 160846 455271 1024464 587740 626002 597623 1086110 922240 1088657
985512 657353 129881 461511 379725 809502 877726 865672 727439 819276 702904 753986 461581 882185 255096 228968 862897 999999999 668960 751834 767082 750027 869369 893972 820783 1165892 1020457 693528 99569 716003 496445 832665 431498 442672 556573 650358 841271 990297 269316 808793 912009 998814 315882 730503 317841 821726 555160 1178535 243173 949821 407733 671408 807008 818160 455353 199030 800433 803131 889253 874252 235678 817081 768963 569147 618727 621146 391030 855221 486380 794892 1073567 845042 668973 945522 882854 726238 983314 1045804 479664 383641 800473 1027237 571530 493921 737941 491294 397200 545869 451931 849697 1097390 762634 775729 459323 1102523 1087141 327991 781242 854866 778002
334435 123710 550693 287638 307952 567072 621601 215775 223862 170848 390066 398716 250505 351999 486459 532559 684077 668960 999999999 554783 635440 241541 200943 294093 323121 545203 374467 81296 569426 419477 309125 346002 444736 231157 162247 617606 192679 345779 400272 185976 666916 338615 353389 604503 409732 652496 120483 511004 596577 598618 270148 84865 202142 160741 524661 596277 419847 379998 221310 311779 552424 234959 581452 300156 136554 248707 552791 272383 285210 534975 494922 246385 574979 319542 322203 237625 327096 388073 241782 336099 430564 372784 499680 280557 386209 297561 271761 244580 479453 199198 467093 523428 265847 478465 519774 481085 385513 406761 259846 410051
605747 668548 634844 705542 482821 61984 126164 718726 354713 688853 166705 940885 656982 369351 757626 788157 136510 751834 554783 999999999 87115 350867 622215 466420 324815 648460 845497 636076 683852 138383 755930 900755 843527 581035 430485 161409 537349 590796 607954 723191 161352 784279 566921 73576 463109 99375 572960 811790 523942 221738 498017 472422 745860 667931 302648 561813 968382 932100 626936 857866 813477 428312 26922 282703 662631 768831 373443 815745 723692 1067858 518314 786506 106433 828307 408401 339190 620452 829286 415039 689236 181842 826372 180817 724520 926287 345191 551202 348617 885690 705975 621452 44203 345027 888932 542629 569197 469128 953395 799781 955751
691864 746319 657785 768190 534732 119677 149827 804390 440577 773662 251474 1016005 720546 454136 800021 827048 96530 767082 635440 87115 999999999 437466 709003 552790 411392 725648 932419 716584 708040 224050 820118 981276 899252 643427 503502 125882 624316 676486 651142 807019 163111 871342 614452 38969 499335 57638 645496 896368 529748 268652 554884 554371 829163 753044 311775 570935 1045094 1010215 713916 941202 852037 515425 65814 352085 738123 841699 377728 899336 787961 1140201 594709 870356 99027 914260 494134 425118 706850 916398 478156 745269 266735 913434 204862 789375 1001014 404920 608404 418244 941263 791408 702715 129652 432085 944985 617744 648134 509419 1029599 883697 1031688
286277 365246 620442 488472 375129 347096 392412 369624 24158 343345 188430 639427 441574 136920 636861 679747 466376 750027 241541 350867 437466 999999999 271689 157184 87092 420692 495435 317357 655502 213891 524542 573066 647890 386439 211017 457889 188220 279363 509135 382004 436468 435711 456419 414304 437508 440913 315810 502269 599082 357707 358122 159548 406975 321238 443700 616401 658124 615720 277603 517403 703518 89265 375453 202737 374248 487700 498307 474550 495380 776422 323832 444433 403689 478205 132978 24859 295236 482264 272462 510362 196153 477697 365639 492838 627329 265319 393642 204996 687138 357729 360179 311860 28783 687730 352688 339324 423221 646075 457267 649709
156751 262543 749470 472773 501750 614247 651989 117765 271331 119726 459769 473282 442675 303005 683627 729775 732846 869369 200943 622215 709003 271689 999999999 200589 313030 379290 223891 203899 769802 485578 481574 365317 620516 431725 335062 724839 86585 175952 601063 167171 693591 166741 553529 685913 597915 710070 319597 310104 782231 591659 466485 214298 194585 98680 676796 786563 474965 426016 21174 284066 748570 198858 646402 431222 296690 383303 717522 243375 464043 612157 368406 214185 672764 213801 258430 286210 142359 215606 420963 530544 457211 208042 622172 457991 466859 458753 472284 395719 650146 113656 299045 582331 278231 647766 386515 333547 575428 469247 223848 474661
139713 404615 765545 577904 514659 445143 471568 318052 174713 311506 322392 655389 536299 108151 756170 801032 559516 893972 294093 466420 552790 157184 200589 999999999 141766 272081 401756 345501 797123 341463 602945 559916 737051 496946 339496 595377 124764 127274 641450 358440 509975 335730 589051 536801 587540 542934 402788 352168 754506 397580 491044 240832 386270 288028 599762 770098 663403 615929 194061 483542 823378 76907 487333 359809 427355 534131 655391 441982 578023 795590 201126 412076 537999 410884 62602 181755 154060 374867 414532 616001 287177 376720 515012 573758 646569 418814 517520 355894 772809 312333 205284 423142 141841 772051 226834 196109 571096 655340 422624 660189
281408 446393 690903 575554 451987 306280 339291 422696 110409 403450 184540 717744 528577 63885 719975 762166 422961 820783 323121 324815 411392 87092 313030 141766 999999999 368681 530577 395233 728555 201138 611476 642963 734906 472355 295249 455550 226544 267684 588432 445975 380569 466628 535983 395035 504388 403794 402730 491477 654176 284873 438549 244031 472402 380201 478490 675667 733892 689868 313370 579744 786261 114631 346134 256875 457978 571196 539763 536845 582419 856044 257002 506377 397560 526364 87520 103626 295685 509240 349458 596425 147529 508506 382894 579828 706338 330119 476838 275956 774212 413012 320002 281760 59001 774818 286043 285056 492792 722800 518563 726757
222542 636424 1037232 832739 786725 606313 602635 477121 441515 495561 545445 846117 795037 305567 1023303 1068700 698412 1165892 545203 648460 725648 420692 379290 272081 368681 999999999 468412 575920 1069190 554746 850300 725210 988159 763297 611401 800918 352814 204509 912851 540938 626689 409597 860616 721947 857367 696910 662227 247943 1018634 490291 762861 507268 566607 476755 846887 1036995 841671 791937 360290 631958 1090358 348885 661830 620301 666703 761300 908400 598584 828847 982052 131157 574119 741534 523538 289551 445433 238285 418945 686284 878513 473648 434941 746359 823653 841360 686004 787668 624821 1020867 480689 80303 604979 398434 1019177 111309 83688 841850 838708 579905 844585
291346 363910 911542 576169 679732 835316 869417 159253 495121 205663 683641 438156 562834 509768 801798 846319 953154 1020457 374467 845497 932419 495435 223891 401756 530577 468412 999999999 328889 922688 709305 563559 300272 693346 579680 532430 947880 308183 315309 753103 211877 909544 66980 712649 909729 783486 931893 470363 269590 970497 799212 640151 419983 217296 213757 888808 968357 417700 370846 218688 204550 860442 418888 869381 647632 403065 437328 923419 193127 558029 556463 514962 188143 896365 87076 464084 510065 270199 53480 615347 648483 677150 33598 842590 550616 440003 664635 631295 604916 711996 175894 400982 805101 500717 707528 522929 460714 758787 421497 183306 428071
355923 60677 582723 270582 354788 648019 701822 172158 301415 125786 471291 322589 245029 417286 488037 533905 765235 693528 81296 636076 716584 317357 203899 345501 395233 575920 328889 999999999 595068 500685 277719 264743 416660 251303 233660 696408 228575 371700 425031 121919 747019 305748 383773 685419 460709 733776 141653 505271 647151 675050 314121 165202 130987 127083 594528 642131 340961 299784 224950 235499 551176 297291 662748 378361 92794 189178 617329 198517 260458 460906 542058 175552 654929 261819 382952 315766 344187 352286 305350 333332 509499 333827 577009 254273 311114 368130 302434 319888 446853 156184 495931 604641 339835 444697 564804 519865 435166 328719 188552 332367
886594 560368 50719 371121 282465 739072 808434 767220 632555 720726 620209 672924 366855 789094 186175 175909 802170 99569 569426 683852 708040 655502 769802 797123 728555 1069190 922688 595068 999999999 635516 410343 743592 364174 343897 458699 597903 742164 891699 170218 711294 845138 900016 216318 670197 231530 760485 456076 1078985 213463 872736 308922 572448 710317 719219 398801 170602 719001 718121 789685 780815 192117 720310 702997 480854 522067 531102 342596 760279 397102 725486 979330 749092 609033 848780 787968 632072 884164 947241 383734 293362 717095 928886 506450 404473 656447 401223 297667 452709 391102 751163 999854 690406 681761 398217 1008188 991119 237504 699608 759225 696826
480970 536137 590206 594410 395415 149455 211545 580476 216545 550482 29480 810753 545112 255716 677808 713367 264665 716003 419477 138383 224050 213891 485578 341463 201138 554746 709305 500685 635516 999999999 641853 764915 741342 472421 307560 254414 401644 468345 530667 585102 256924 649120 483693 200561 404504 233550 448402 692556 512331 239736 401214 336040 608030 529550 307396 542841 836343 798593 491208 719975 738738 295072 164129 174885 533137 642221 376255 677738 609849 940774 430272 648391 196568 690233 288382 201072 493969 695039 310541 588795 90776 691168 194188 609779 796669 251929 452028 235083 783277 567643 515720 103956 210857 785757 457516 471958 403024 821963 661635 824622
632616 219799 420204 54832 304262 788027 853198 428184 502039 388006 614253 265686 99642 651352 249713 290518 892440 496445 309125 755930 820118 524542 481574 602945 611476 850300 563559 277719 410343 641853 999999999 337085 138944 177184 336586 757775 498208 647247 268866 359550 898312 560611 261162 782852 392465 854102 208746 777157 545580 861317 272491 371489 347674 397352 594534 522164 310840 307779 502580 389011 301065 540001 782204 473645 185014 130280 584306 378502 32239 346191 803952 376280 735050 479815 626709 511761 621590 600457 342024 120388 684869 578782 633749 32319 248783 415511 221729 408642 170713 415265 770907 737673 552508 169430 828898 789322 368151 291355 383143 289175
510428 241674 747518 372486 568677 911386 963186 251498 560012 248504 735590 138707 383731 651948 586199 625310 1029188 832665 346002 900755 981276 573066 365317 559916 642963 725210 300272 264743 743592 764915 337085 999999999 440254 436558 489795 957352 435524 533041 588115 201514 1007996 332908 563888 949859 674104 998248 363205 564563 850867 927459 527561 428888 173744 271900 839497 835491 119099 70722 378807 97396 633198 533740 927395 639635 263045 212646 851433 126637 346644 260167 732691 152626 917925 217340 611089 575037 491396 351356 548731 450254 768539 328383 835781 339203 142748 618869 495158 578095 447988 252123 647887 868847 592175 442174 749232 692969 647674 121284 145524 127837
771266 358558 390029 160203 364979 882171 949893 564216 624538 525345 715488 335038 206333 778925 178685 203781 978957 431498 444736 843527 899252 647890 620516 737051 734906 988159 693346 416660 364174 741342 138944 440254 999999999 270327 447297 821792 635593 785596 274650 494585 993985 694963 293265 860781 426610 938900 336180 914638 542072 970458 345551 500970 480528 535532 640460 509538 381166 394461 641519 507601 203803 671395 868783 567518 323932 256142 615037 503493 159557 363487 938159 505203 807823 607808 757172 632749 760430 732903 431462 154318 794235 710730 701944 164527 320635 498379 292333 506536 42166 551896 909005 830792 676421 45812 963678 925793 407123 362971 510597 358668
561833 221249 332186 124795 136646 615826 682446 423403 362457 376858 445994 411041 77650 521611 260009 305521 717442 442672 231157 581035 643427 386439 431725 496946 472355 763297 579680 251303 343897 472421 177184 436558 270327 999999999 178898 581202 417119 570808 173752 369245 727070 556161 134363 605975 238560 678570 113007 741800 415031 700131 99086 256527 370706 375504 424722 402625 450861 432365 452289 452919 327071 424474 607047 300354 185371 235533 423410 426608 145307 514104 694597 411745 557866 508303 505916 368875 556194 603355 166030 124117 523952 585113 456897 147566 394155 238559 58605 237349 311844 407300 687975 564883 415222 313935 721868 692303 212274 432193 422904 431964
431165 248661 429792 292409 177043 455964 519014 375610 186860 332017 279196 512683 243316 347772 425896 469027 565826 556573 162247 430485 503502 211017 335062 339496 295249 611401 532430 233660 458699 307560 336586 489795 447297 178898 999999999 468018 289540 434503 302423 347846 564465 490565 249828 469046 264219 529851 142480 633548 447223 525398 151572 121594 362398 319593 362535 452948 543019 510649 352215 469159 492646 263159 457339 152474 235623 338533 391470 431615 305046 637474 529126 407009 431286 481447 337428 191657 430879 540699 85944 302774 348811 527520 345988 304295 497572 135412 182782 88464 488124 359261 541185 407037 239603 489623 557355 534937 243156 527001 420343 528850
734528 716658 547222 703868 458746 219575 268756 807558 454267 771618 273355 975217 658748 508867 706239 729124 221061 650358 617606 161409 125882 457889 724839 595377 455550 800918 947880 696408 597903 254414 757775 957352 821792 581202 468018 999999999 644912 722483 560518 799129 287948 891131 530086 99143 404424 183515 604103 946906 409747 379630 485829 543703 818406 753193 199319 452244 1008398 978013 733229 929212 753523 544278 160201 318106 702156 797307 259330 889052 726265 1091388 672419 861711 59388 918398 542760 439986 746832 938786 423006 670385 327434 932766 124859 728755 959344 347935 538284 379555 863134 793102 767481 200466 460454 867538 697883 719723 418877 991619 875229 992950
145168 289052 716894 479975 464667 528033 565407 198697 190781 187482 376626 531366 443077 220038 676069 721960 646480 841271 192679 537349 624316 188220 86585 124764 226544 352814 308183 228575 742164 401644 498208 435524 635593 417119 289540 644912 999999999 153889 577492 234013 607068 247526 527117 602201 553053 624141 311353 344793 732771 506686 433652 170089 261790 163872 610014 741331 538702 491167 89608 361615 742631 112273 561200 362515 316236 417564 655707 319455 476160 671523 314113 289238 591523 299893 176907 204926 142078 294149 374143 527901 370719 289547 546697 471066 522928 400621 448891 335918 668914 190972 274423 496942 192561 667455 336337 291955 532600 530813 300323 535724
24251 432102 864241 631939 611440 565720 585917 281646 293493 294374 449639 647528 596266 223424 829943 875817 676986 990297 345779 590796 676486 279363 175952 127274 267684 204509 315309 371700 891699 468345 647247 533041 785596 570808 434503 722483 153889 999999999 729051 340967 621444 248832 678013 662058 693726 663302 465109 224932 867564 499308 582783 319850 367604 274366 722979 879954 646543 597065 158036 444295 896519 191296 610759 479245 462996 556820 776172 407251 626724 785409 204028 380435 664913 348087 182400 302957 45459 277441 516152 681578 409815 285246 641597 621296 641740 531327 601057 466801 817547 282717 124308 547085 267523 815690 217319 159942 675030 642055 387922 647684
722545 392057 161279 220494 138638 655504 725435 597151 485307 550610 509991 534015 204840 645596 149673 182713 738310 269316 400272 607954 651142 509135 601063 641450 588432 912851 753103 425031 170218 530667 268866 588115 274650 173752 302423 560518 577492 729051 999999999 542095 766627 729806 52756 612173 156683 696864 285883 910819 277829 770093 151313 409250 542123 549002 370672 253310 578510 570643 621180 617418 208101 565438 630974 360228 354373 376344 340714 594537 248136 608653 830905 581864 554884 680354 638910 487279 718977 777099 239355 149264 602116 758853 447377 254731 517004 279708 129109 316531 312993 581052 840942 604262 536854 318556 859313 837216 142171 559054 592427 557233
319951 152080 701430 366824 476701 727104 774415 70752 372095 47675 556488 306595 351225 451333 591521 636482 846154 808793 185976 723191 807019 382004 167171 358440 445975 540938 211877 121919 711294 585102 359550 201514 494585 369245 347846 799129 234013 340967 542095 999999999 818406 201093 503048 778550 582597 818023 262662 422553 769071 730821 435976 255603 27866 70578 710380 763798 307969 259284 183185 135470 651511 334428 749205 483781 191311 241121 736435 92788 350502 445060 535473 63337 753818 140059 409895 387584 302831 242546 424267 437505 578051 221864 683558 343314 300858 483258 422479 430302 518096 61711 461401 687942 398283 514519 553668 500025 557081 302076 76701 307505
640770 787259 796026 850133 638179 112033 45647 801632 448079 778801 285376 1063218 800949 402292 916150 947762 82750 912009 666916 161352 163111 436468 693591 509975 380569 626689 909544 747019 845138 256924 898312 1007996 993985 727070 564465 287948 607068 621444 766627 818406 999999999 844505 723984 190669 623948 107031 704867 827326 680862 137102 649944 582105 843439 756188 459587 720018 1086580 1046751 693651 953723 973134 494911 143082 426873 787086 897548 529061 910825 866231 1195310 497163 880609 249234 906714 447427 432976 658804 884797 562654 840261 240355 885967 340485 866323 1049640 497128 702341 490195 1036094 791042 619754 163626 420986 1038918 515467 557395 629170 1073010 893321 1076011
224771 349558 885486 566864 646537 772225 804815 134839 437052 180127 624136 466711 548072 443852 790229 835587 889556 998814 338615 784279 871342 435711 166741 335730 466628 409597 66980 305748 900016 649120 560611 332908 694963 556161 490565 891131 247526 248832 729806 201093 844505 999999999 686578 849681 747845 869182 444168 232922 934315 732916 608287 373651 214760 181024 840978 934868 452000 403257 158174 235585 851316 356373 807749 596818 388779 439866 878975 212619 551327 592865 449723 198111 838508 117620 398203 451651 203576 50173 575269 635581 613716 42094 788874 544200 466249 619641 604586 558082 717117 149984 339198 743307 439257 713224 458666 396859 723930 453214 197831 459623
671983 355601 199051 208353 88672 612335 682001 555261 432576 508540 462064 521438 181815 592932 194117 231124 699235 315882 353389 566921 614452 456419 553529 589051 535983 860616 712649 383773 216318 483693 261162 563888 293265 134363 249828 530086 527117 678013 52756 503048 723984 686578 999999999 575564 135167 658125 242711 862678 288766 722483 98567 358173 505020 505554 347461 271614 564474 552289 573377 586044 256265 512928 590687 311405 319377 355254 327049 560664 235841 606697 778160 546098 519952 642420 586160 434633 668892 734533 187322 149354 552861 716911 412834 241483 504330 231834 82046 265192 333931 538949 789070 560854 484177 338698 806577 784717 114060 545193 557214 543968
676416 713497 620045 730679 496119 123888 169619 778408 415686 746408 226274 981729 683235 441665 761059 788165 132424 730503 604503 73576 38969 414304 685913 536801 395035 721947 909729 685419 670197 200561 782852 949859 860781 605975 469046 99143 602201 662058 612173 778550 190669 849681 575564 999999999 460457 91310 610589 883938 494528 282030 516725 524566 800128 726240 275198 535163 1011498 977341 691754 912098 813169 495102 63681 316991 704236 806690 342347 870526 750731 1104834 591684 841846 61532 888722 479810 400407 690609 895523 441079 706885 254518 891729 166059 752260 966587 367416 570234 382926 902767 765052 694879 117570 411079 906532 615813 642771 470456 995780 855248 997750
692390 447204 188628 338278 107000 514950 584925 624269 415976 578176 388712 646320 304375 566601 302130 327713 589225 317841 409732 463109 499335 437508 597915 587540 504388 857367 783486 460709 231530 404504 392465 674104 426610 238560 264219 404424 553053 693726 156683 582597 623948 747845 135167 460457 999999999 547481 322810 897563 187021 642775 148588 385737 589988 570186 214471 188786 687604 670747 615681 682944 352716 511049 484512 251306 416023 473477 192336 652472 364978 738653 759192 633591 401701 722196 570360 413116 693447 797553 178913 284355 485571 782514 294528 369848 629271 174269 180597 232624 466465 607623 792741 464894 461904 471590 788253 776705 26441 668654 645865 668020
680182 767311 710487 803260 576033 97795 101771 810427 447106 782319 262736 1040093 754925 439881 846299 874795 41814 821726 652496 99375 57638 440913 710070 542934 403794 696910 931893 733776 760485 233550 854102 998248 938900 678570 529851 183515 624141 663302 696864 818023 107031 869182 658125 91310 547481 999999999 672328 879197 585737 223820 593452 569463 841273 760894 366474 626465 1067304 1030644 713300 953126 899941 513034 72515 381525 761847 868205 433573 910754 821866 1167233 565780 881233 152786 919072 482239 431523 696345 912721 512559 784602 256304 911213 254643 822842 1025543 441362 646863 447593 981030 798222 679686 130083 431846 984469 587251 621994 556025 1052427 894406 1054832
454496 125637 441762 176056 215941 597437 659282 312569 293416 265838 419580 371893 133592 443570 365983 412078 708192 555160 120483 572960 645496 315810 319597 402788 402730 662227 470363 141653 456076 448402 208746 363205 336180 113007 142480 604103 311353 465109 285883 262662 704867 444168 242711 610589 322810 672328 999999999 629455 507970 657445 174584 164790 267854 263218 476304 501322 404296 375248 340340 361059 432035 335377 599818 293598 100423 196212 490124 329692 180043 495028 603477 311031 570713 402703 420993 303460 447517 491889 186162 216578 481950 474200 480086 177176 356414 258517 161005 227816 373827 296241 585087 549009 343764 373872 629601 595002 296783 387570 323168 389018
215993 558645 1057026 775570 806579 782534 795586 351877 514488 389300 674400 699488 749347 442443 991741 1037817 889302 1178535 511004 811790 896368 502269 310104 352168 491477 247943 269590 505271 1078985 692556 777157 564563 914638 741800 633548 946906 344793 224932 910819 422553 827326 232922 862678 883938 897563 879197 629455 999999999 1077461 697160 773261 512554 441049 380326 944500 1086018 683428 635182 289719 467200 1055839 413169 830559 698481 596180 663544 995073 445531 763691 823658 346810 429929 889037 347336 404773 525117 208683 216202 718676 837650 629997 238131 866201 757055 699168 743895 781852 678989 939923 363158 214261 767749 492020 936561 340678 282591 876681 685420 430449 691879
868299 630930 167020 494966 292407 584133 649897 811287 579916 765195 505581 809134 470544 717994 377406 380795 626191 243173 596577 523942 529748 599082 782231 754506 654176 1018634 970497 647151 213463 512331 545580 850867 542072 415031 447223 409747 732771 867564 277829 769071 680862 934315 288766 494528 187021 585737 507970 1077461 999999999 733624 333446 568586 775739 757132 221459 44812 852708 841042 799423 866010 400543 679727 538293 398468 598021 643859 152186 836955 522698 886357 911068 818994 433396 908849 729092 574223 871021 984125 361287 426923 601892 969310 343794 528774 792045 336396 356586 400763 576071 794641 959084 540846 620246 582527 940054 936039 212076 833359 831063 831942
520155 722104 826283 817759 633933 160587 122134 705066 374796 687933 260445 997044 768569 290056 916530 952728 214313 949821 598618 221738 268652 357707 591659 397580 284873 490291 799212 675050 872736 239736 861317 927459 970458 700131 525398 379630 506686 499308 770093 730821 137102 732916 722483 282030 642775 223820 657445 697160 733624 999999999 636941 514938 757274 664557 515515 768360 1015666 972729 588748 864277 978069 397560 219438 411546 728280 841406 587008 821427 830099 1133523 361572 790947 327789 805247 335658 361423 539339 770152 544466 820482 176590 773469 391883 829000 984783 490706 686034 466127 1011891 696253 486804 194389 336005 1013788 378991 422877 642347 1003758 802997 1007412
577780 298619 283812 218207 41610 537935 606428 481037 334215 434492 377312 509491 174705 494800 284075 324599 633418 407733 270148 498017 554884 358122 466485 491044 438549 762861 640151 314121 308922 401214 272491 527561 345551 99086 151572 485829 433652 582783 151313 435976 649944 608287 98567 516725 148588 593452 174584 773261 333446 636941 999999999 263690 442293 428367 325637 328328 548600 528147 485607 534358 349160 414726 523232 226366 267732 332731 326129 504051 241470 612917 679594 485607 465882 575940 487598 336610 575726 657379 93283 191237 464000 641198 362475 244568 492677 153061 53521 172553 387707 464436 692033 486394 386023 391047 708011 686492 122372 530122 497750 530093
314147 207346 546805 340831 294712 482877 536822 268257 140329 229051 306745 483190 297143 279945 516330 561559 600346 671408 84865 472422 554371 159548 214298 240832 244031 507268 419983 165202 572448 336040 371489 428888 500970 256527 121594 543703 170089 319850 409250 255603 582105 373651 358173 524566 385737 569463 164790 512554 568586 514938 263690 999999999 275951 212389 468825 574501 504712 464693 230925 387731 583477 170877 498931 230759 214703 328160 505329 346556 344047 618690 440214 318512 498284 378067 256203 153532 312149 423794 207455 375260 345821 412103 429778 340660 470436 245997 281720 184983 538444 252778 433070 439962 185499 538340 466898 435798 364298 491572 332006 494816
346290 150070 702423 358877 483450 751052 799266 91936 396331 75431 579232 280000 346896 478723 584574 629031 869948 807008 202142 745860 829163 406975 194585 386270 472402 566607 217296 130987 710317 608030 347674 173744 480528 370706 362398 818406 261790 367604 542123 27866 843439 214760 505020 800128 589988 841273 267854 441049 775739 757274 442293 275951 999999999 98443 724488 768894 280394 231580 210147 112040 643191 361401 772018 501858 188299 225109 748278 70673 340924 417975 562977 44689 774069 138514 437484 411750 328806 252830 436204 431626 603122 231113 701572 333556 274770 497601 425528 446596 502361 85986 487314 711207 423933 498494 580966 526939 564174 274814 57948 280319
254441 178320 704473 395654 467281 668160 712780 56226 313795 23670 501605 374921 372000 382406 615009 660822 787437 818160 160741 667931 753044 321238 98680 288028 380201 476755 213757 127083 719219 529550 397352 271900 535532 375504 319593 753193 163872 274366 549002 70578 756188 181024 505554 726240 570186 760894 263218 380326 757132 664557 428367 212389 98443 999999999 679030 755961 378068 329622 116555 199765 677830 267139 693469 443086 216043 290223 711037 157012 383365 514153 465893 126546 705317 165785 340331 329379 238668 229329 401762 460239 516145 212836 641602 376736 368268 453180 423565 395423 562633 40395 396687 631065 335204 559733 484677 432210 545717 371622 138442 376908
728857 599572 348172 539704 290492 363234 428485 735254 430085 693106 307418 834065 499345 541320 512179 532466 407558 455353 524661 302648 311775 443700 676796 599762 478490 846887 888808 594528 398801 307396 594534 839497 640460 424722 362535 199319 610014 722979 370672 710380 459587 840978 347461 275198 214471 366474 476304 944500 221459 515515 325637 468825 724488 679030 999999999 260573 871903 848208 690162 829315 556484 531933 316868 247544 576619 656107 71493 793039 564710 938089 729132 769161 213687 842958 561872 420038 736075 890897 291409 494533 398131 880288 123679 568480 817388 227126 373264 283943 680649 719234 796771 321487 458262 685658 757411 763201 233414 853790 782419 854097
879490 621880 126322 473302 288699 621314 687956 809162 596261 762699 534261 787244 452613 739218 340697 341097 667212 199030 596277 561813 570935 616401 786563 770098 675667 1036995 968357 642131 170602 542841 522164 835491 509538 402625 452948 452244 741331 879954 253310 763798 720018 934868 271614 535163 188786 626465 501322 1086018 44812 768360 328328 574501 768894 755961 260573 999999999 831551 822215 804422 855457 359956 694399 577110 418840 587509 626052 193353 828075 501026 859140 932613 811456 473801 903849 747877 591609 881161 984342 367403 402256 631385 968723 381083 507440 770215 351407 345051 414409 542104 792541 975262 576817 638813 548743 961676 955028 211321 812115 823180 810389
