NAME : synthetic_000162
TYPE : CTSP-D
DIMENSION : 100
GROUPS : 8
RELAXATION_LEVEL : 1
EDGE_WEIGHT_TYPE : EXPLICIT
EDGE_WEIGHT_FORMAT : FULL_MATRIX
EDGE_WEIGHT_SECTION
999999999 575289 758737 331427 378557 549720 748969 499496 176510 283322 741948 701255 498003 643453 144166 692769 457021 901531 650877 156080 302560 481037 273818 385241 289212 536609 565281 277021 118647 624117 954854 428679 278509 394248 348946 131604 642752 346276 532930 312509 315618 158835 190408 536152 394772 519004 78845 357327 786262 585697 287783 80649 382708 509993 781578 566615 163920 84786 632085 725787 180353 821679 322586 360167 374607 381679 280275 610000 474086 585676 781184 670766 572848 701086 395863 635224 769034 595236 639817 362752 459013 460840 245138 529521 444325 624909 681961 822038 632643 169914 447826 763623 528240 211827 414307 569535 643825 786495 639634 294174
575289 999999999 183811 597461 690240 312086 733478 207207 400617 478468 374740 458602 579850 676981 715600 786773 122991 741331 204768 670130 717493 864133 675901 837922 654722 890170 213696 547830 664124 411409 764869 147444 306028 182853 743406 444464 203082 604429 69474 516808 616097 447623 755134 202202 864028 260976 545761 506294 563586 161258 605905 613413 332171 476726 238401 290741 412573 592367 415801 735013 754128 427289 541315 364304 594300 539327 707519 338097 198257 770451 595940 735662 607506 269320 349922 64401 677102 568211 177108 650567 121455 164179 704749 114129 537058 361997 527250 578288 801090 699842 679842 192661 180674 370620 436985 802148 442601 487543 827590 482668
758737 183811 999999999 763896 855501 423245 829477 347922 584404 649452 398467 521522 718021 792082 899380 905768 305676 790283 254644 852763 883855 1030646 851442 1013238 818660 1051698 303533 719355 847716 498922 800273 330156 489291 365033 905684 628149 238084 769265 231749 683916 774444 627084 936884 326434 1040495 370118 726750 654477 613205 261705 767739 797064 493642 605534 152351 394723 595574 775832 500678 837610 937839 418993 707387 527982 754873 696828 884001 424519 351439 910011 654833 852317 731432 291740 507004 124412 756780 682268 233947 815481 301221 331506 883788 253829 683440 443920 609270 616626 935206 882769 834616 60121 298332 554300 587090 948406 526240 518123 963822 652247
331427 597461 763896 999999999 92946 394000 429407 420658 318996 123059 572943 478324 188156 322406 356458 361488 482500 607857 560280 244949 633815 267030 128589 266641 618155 294552 697985 65867 285576 413390 666109 489802 337758 470791 680297 316146 750492 14958 592287 80655 636448 411099 467003 449781 298619 681173 396265 642690 532940 516552 609087 271837 270435 255150 720350 422682 351866 253560 419935 402888 388721 647877 56511 235916 47455 91403 161479 438916 412867 258195 512708 342226 261977 582578 259494 660950 468016 302736 563896 54116 523501 434892 190616 615644 152228 441546 422004 571437 304570 270350 121097 742730 649983 310192 198240 253945 419038 569423 315501 116368
378557 690240 855501 92946 999999999 475432 434053 510620 398845 215281 646001 539808 224882 330337 368253 338803 575435 631283 646444 258017 674846 175226 116320 197032 667585 201959 788795 151566 305321 481446 691468 582168 427483 562415 721537 389368 842683 86242 685124 173530 692585 481538 482783 538510 230450 769816 451050 712155 580826 605578 664820 306954 361865 318791 807487 505023 428374 294638 487271 403580 393636 718079 148933 327737 106111 166577 134169 515682 504139 215251 554125 333601 288023 664667 349464 753624 490344 341183 651557 40034 615988 527379 175959 707995 210884 515508 471465 619261 261704 275030 90066 833004 741076 394758 280400 191279 482470 629726 264029 209135
549720 312086 423245 394000 475432 999999999 421450 115435 397208 312497 193988 177374 300184 370807 656644 483616 262294 449671 179302 569777 799326 646350 510356 660498 752379 655456 503638 373461 587123 108648 484404 307958 307695 321595 838057 436087 513112 393997 351128 325507 736982 499801 737964 109927 692112 527572 564010 669263 283286 163642 716760 545256 167396 184382 340118 30603 432464 520174 115183 423916 696583 273788 342274 194430 369327 308883 545289 60922 140512 490243 303262 430721 308188 189235 158318 359235 368014 260806 192429 436948 323606 188280 561200 395797 275909 80064 220555 309668 512961 601716 432797 384941 458666 358442 195934 533079 140024 246641 542146 308643
748969 733478 829477 429407 434053 421450 999999999 530681 674806 472187 460546 318879 251116 107001 785522 141229 669477 216190 574836 673522 1048946 521027 542302 611207 1023113 488175 917051 473315 714983 330801 276439 706815 632073 709380 1094410 693198 933464 416197 768782 436948 1029608 784996 896384 531277 642938 931244 801992 1002656 269442 581288 1003968 698686 471658 282858 713547 444571 714456 678349 328810 33728 816550 494598 426649 463271 382218 367361 566562 405872 548687 258462 221171 109127 177398 546635 446456 779601 99612 177966 596565 422244 729864 595212 605871 811051 306966 385615 222435 295836 236357 697089 344047 781862 869888 646966 371209 318184 303335 368353 263520 460446
499496 207207 347922 420658 510620 115435 530681 999999999 330805 314155 260764 287283 375372 470094 622443 579567 147116 564373 153985 550391 720503 685761 519887 679001 668364 704466 389046 382997 558337 223555 597296 194179 230391 211216 756235 374129 403181 424715 238215 342462 646662 421342 689865 36681 708362 412164 498902 568212 394753 97336 628611 511490 152116 269640 304381 105418 360487 487158 229696 530215 662753 336485 364526 187233 408116 349365 554034 161556 30271 567155 417654 528558 400322 201799 161239 262087 482364 361873 149068 470628 208294 74405 561251 281621 336690 185646 335869 418192 595930 582252 486695 322392 343562 291971 239234 602412 255148 344003 623155 314645
176510 400617 584404 318996 398845 397208 674806 330805 999999999 214347 583367 563051 431400 576818 314984 651262 280939 794744 478794 280058 403950 547256 331943 483010 362392 591714 418659 253131 266286 485616 842708 255600 103059 222527 444614 45064 488542 332681 362717 260351 358442 111530 363707 367032 502387 385207 168544 332264 658133 412314 334423 215355 238430 404327 605453 409308 39889 196637 493603 657851 353642 662087 281661 227263 346764 324952 355042 458094 303553 570126 661656 617294 499160 532259 258055 461800 673431 503656 466123 368056 287546 286016 337323 365418 372643 476140 562782 691099 614441 306968 437929 587513 375935 39175 307555 572513 509873 642125 629639 225910
283322 478468 649452 123059 215281 312497 472187 314155 214347 999999999 503614 434612 222518 369678 357590 437598 361257 618264 462281 260613 578167 386499 205743 365470 550932 417233 575221 69908 284922 360663 672002 366899 216383 347763 623152 224004 627500 133226 470226 47856 559139 318705 453937 346634 394358 560026 330209 546229 509991 411473 532993 251104 162317 228467 618250 337656 251716 226904 368251 451949 395954 582281 72226 127452 137247 111012 240011 366382 301795 357755 500883 405795 294790 493911 158991 542470 486100 312261 461989 177161 400708 318219 250353 492734 165243 375029 402563 547030 401169 292061 230804 632379 527100 197266 137188 365880 375009 524100 417824 11892
741948 374740 398467 572943 646001 193988 460546 260764 583367 503614 999999999 142387 440897 454411 850630 565877 387039 391975 170212 762712 979945 808778 695247 838375 928849 808235 588267 560955 780984 167957 403041 438539 487284 463135 1016427 624348 569290 570499 436399 511482 907327 680016 930992 229282 870925 630438 751689 825150 216604 222765 889374 739238 360933 329400 261528 175362 616198 714158 163744 476713 890559 79877 525353 388390 541457 483111 730004 137232 290914 612452 261284 512181 418263 110430 352220 393245 374273 356327 198026 609916 440903 328123 749238 484379 436148 131406 241337 218174 622906 794551 588635 342637 552069 544205 377185 664838 178028 119941 654148 498752
701255 458602 521522 478324 539808 177374 318879 287283 563051 434612 142387 999999999 321330 314354 791944 424455 433264 282855 271011 693759 967001 692504 605872 736283 923184 685538 664468 480466 719495 77640 310783 481417 480389 497519 1007270 598459 661210 472971 509517 430141 910793 669783 883852 269853 769536 695453 725590 846360 107681 297388 889708 683579 324941 223325 396428 181902 600323 658777 69623 334368 830531 191017 438501 342062 440277 386983 639573 126200 315136 478971 137621 371084 286069 231593 307522 492123 236591 222629 296382 507151 493530 361675 664839 556566 330018 101761 99101 132308 485710 724527 472181 469917 622373 525403 297986 533988 60007 91166 517100 427057
498003 579850 718021 188156 224882 300184 251116 375372 431400 222518 440897 321330 999999999 147186 542476 225662 487162 419706 479469 432026 797874 371222 312819 421435 772985 367358 730258 223674 470336 272940 478016 513012 404273 506463 843407 445778 764055 177247 596680 185834 781572 539418 650601 392003 454883 731134 551282 762990 355949 456438 755493 450171 262974 116891 639659 330621 470349 428992 277380 229564 575943 507025 176337 242530 141375 116325 342613 323432 381616 192128 330103 186508 75475 481180 239524 637203 280119 117168 491843 198381 541976 420220 376509 631720 58816 316613 246946 394379 221330 458262 150902 683623 681342 407375 150078 232936 267384 409161 247867 210662
643453 676981 792082 322406 330337 370807 107001 470094 576818 369678 454411 314354 147186 999999999 678568 114256 599971 304377 540140 566613 944293 432585 436394 513551 920113 407543 847487 367123 607981 300345 365264 632706 542079 631266 989986 592590 871769 309217 704691 332356 928617 685744 789386 477259 546004 855662 698230 907292 301247 534436 902603 591971 388225 204389 690645 397951 616093 571846 300965 82500 709768 503686 320875 374806 275227 262491 461540 370326 483696 179692 260198 60293 78907 523791 363184 728423 165893 110026 558457 316389 658547 527797 500177 744148 204974 354518 216791 335474 174880 590396 240914 749564 799275 551097 280592 240020 279828 384867 206084 357830
144166 715600 899380 356458 368253 656644 785522 622443 314984 357590 850630 791944 542476 678568 999999999 705365 595429 960675 776078 112265 333933 417164 251941 301068 349798 478201 708654 323000 73295 717145 1017530 570060 413287 536199 378545 271456 786725 369372 675654 370078 394750 299812 114653 658961 299656 660647 204382 469514 866259 713387 368706 111698 490474 582623 914212 677279 307149 136661 724860 758213 40327 930395 370451 462268 403879 431188 239631 714830 599468 583379 853970 694039 617426 821526 498493 776553 822324 652366 767569 367732 601187 592043 196229 673415 497355 726627 757311 903708 629545 93816 453162 901601 672211 346686 494751 553157 732493 880871 629431 365803
692769 786773 905768 361488 338803 483616 141229 579567 651262 437598 565877 424455 225662 114256 705365 999999999 704457 355908 654276 593673 995262 393475 454172 494980 977871 354428 950615 418102 639090 414419 415269 734144 629810 729821 1041707 660804 978878 346741 811334 394081 992470 756042 819315 588703 524928 954750 755183 983512 397484 647212 965594 631800 485529 310544 804793 511270 689202 614633 414864 109174 732152 611295 376855 467443 318645 326591 472560 484569 591321 132868 351842 54202 179567 637809 461163 839658 237078 223524 672342 338326 761585 633928 514748 849213 283156 468723 325607 428030 99546 612991 252237 863688 901977 629951 373691 187274 393175 488992 123727 425834
457021 122991 305676 482500 575435 262294 669477 147116 280939 361257 387039 433264 487162 599971 595429 704457 999999999 711481 235695 547305 625396 747756 554931 716811 566600 776772 247913 429706 542212 370648 743823 51573 183648 80761 655877 325500 277271 490547 111378 402113 535586 339957 640592 164884 742384 265526 433809 441465 540925 169039 521382 491665 227230 395632 331453 251607 296698 470224 376811 666030 634407 454904 427135 255684 483650 431849 586041 307080 122826 673199 564735 656087 525514 300631 248679 186932 627025 495505 214200 536263 61426 74943 582252 144828 438735 331513 482170 562956 707417 577162 572520 306613 200415 249146 338553 699692 402207 483702 732048 366470
901531 741331 790283 607857 631283 449671 216190 564373 794744 618264 391975 282855 419706 304377 960675 355908 711481 999999999 548782 851190 1190932 734367 730788 817830 1155892 703777 946890 638380 887914 341032 60982 757624 728864 770079 1234392 822323 943671 596688 792045 593951 1152584 905971 1066310 550744 850354 975847 942708 1103904 178996 580075 1129066 863616 563318 393561 651312 460655 834294 840926 334702 249803 995009 390224 590642 568065 560903 529656 758736 406951 590181 473488 146873 324324 346833 499470 540408 772859 141029 308681 575382 612624 772527 637914 794803 838849 463603 382376 236232 174527 452504 877870 543346 734574 904155 760864 491244 533703 309722 273246 479222 607598
650877 204768 254644 560280 646444 179302 574836 153985 478794 462281 170212 271011 479469 540140 776078 654276 235695 548782 999999999 704066 855118 819853 667355 823819 798737 832127 418448 529403 712308 244347 566918 286407 376174 316049 887783 523116 399994 562322 268134 485521 770273 560619 840892 118017 854183 462725 644934 676690 369792 68504 755095 665311 300572 363354 161800 148854 505204 641049 246034 583199 816366 225232 505592 334971 541056 480626 701943 170444 177004 669002 407461 600430 483517 66666 304185 225239 503672 431012 27823 607026 282067 195415 711725 315856 453664 189292 355124 379882 690276 735975 609990 209426 383489 440751 366562 712378 271653 285649 719913 461387
156080 670130 852763 244949 258017 569777 673522 550391 280058 260613 762712 693759 432026 566613 112265 593673 547305 851190 704066 999999999 424855 329978 142067 229229 427720 388104 696358 216594 48831 620857 908639 530615 364357 499608 471116 244307 768295 257564 639446 265645 463030 306197 225643 586050 239147 657097 234658 513341 762979 645270 435482 76578 408102 479001 850671 592903 286838 85811 628357 646043 143918 841859 263028 376719 292403 322912 135765 625655 530672 473227 748286 581793 506601 743880 412096 733421 712131 543624 698760 255670 563937 531045 94743 645048 388992 635259 653021 800866 519720 32059 341441 848084 655072 302260 395838 445876 633860 783882 521048 267167
302560 717493 883855 633815 674846 799326 1048946 720503 403950 578167 979945 967001 797874 944293 333933 995262 625396 1190932 855118 424855 999999999 749579 563102 635000 68055 809800 611674 579164 376076 889558 1241476 579795 493149 545650 46706 370417 697150 648618 655552 612071 126258 300124 240276 754636 632556 545698 248564 256777 1061265 786615 120960 367935 642277 797395 952236 808988 367116 382097 897548 1026768 333210 1056874 623941 628850 677160 681847 560599 859933 690938 886029 1062585 973091 871937 915588 661202 763180 1062889 889423 836845 662816 597853 661049 519162 630161 742525 878898 963172 1094716 933049 419952 748780 907869 595638 441805 699689 865920 913545 1045327 938361 589662
481037 864133 1030646 267030 175226 646350 521027 685761 547256 386499 808778 692504 371222 432585 417164 393475 747756 734367 819853 329978 749579 999999999 216956 125028 757127 62147 952872 318681 377132 641567 795307 751493 591395 729571 794922 528494 1010779 261411 856377 347537 792896 612629 525379 713296 145311 928720 559482 835232 717520 780426 765286 400797 537006 479401 981287 676392 570753 398475 646634 487497 427252 877430 323492 502743 278946 339248 201714 682837 679332 263275 683825 411954 416797 835207 524656 927787 598317 477999 825784 215259 785666 701897 236387 876943 373838 680342 613293 754910 294980 330027 220709 1008153 906075 550459 453291 206211 638267 779577 278038 381611
273818 675901 851442 128589 116320 510356 542302 519887 331943 205743 695247 605872 312819 436394 251941 454172 554931 730788 667355 142067 563102 216956 999999999 162032 560090 266950 743889 138071 189981 539182 789901 551328 385754 526052 609675 311608 806362 136687 659185 184853 589402 396286 366463 552283 189263 715877 350168 621558 661443 617212 561571 197245 368026 383126 823972 537528 354050 189093 545971 513196 278016 771610 169953 333068 172292 219160 34933 559372 506887 331529 640474 445819 383976 696148 363233 740293 590045 429177 667636 120060 585767 520096 64057 674797 280746 564060 550520 699955 377861 158896 202567 836823 698296 338444 318069 304157 546305 697033 379001 205981
385241 837922 1013238 266641 197032 660498 611207 679001 483010 365470 838375 736283 421435 513551 301068 494980 716811 817830 823819 229229 635000 125028 162032 999999999 647922 186890 899972 296059 272027 676000 878625 712094 545419 685876 679465 456163 965012 267980 820372 338299 688001 530434 404995 710421 33448 868139 463886 742554 777260 776143 660847 305051 526886 514164 982179 688938 499601 308730 682108 578663 306748 912081 318937 491769 297481 355276 131219 705292 667264 362112 749228 504256 481161 848700 520053 902317 678020 536867 825568 229482 746512 681787 146793 834664 406488 707144 668291 815614 400651 221338 276926 997744 855383 494356 464872 312184 678451 826469 388888 364377
289212 654722 818660 618155 667585 752379 1023113 668364 362392 550932 928849 923184 772985 920113 349798 977871 566600 1155892 798737 427720 68055 757127 560090 647922 999999999 815795 543977 559791 380020 846191 1204731 519681 444738 486225 89288 333803 629409 633101 591630 588293 61245 253414 272447 701617 648944 477796 222783 189346 1020102 730328 52925 362847 600048 763359 890775 760222 323717 373013 854126 1002545 356705 1004739 602464 589547 659307 658132 561821 812497 638442 874309 1024024 952436 845715 860421 620327 698828 1031195 858797 779523 651745 536120 606194 522352 564835 716172 832342 925054 1052534 921205 427919 736283 844045 528736 398576 665648 858690 871383 998987 928738 562690
536609 890170 1051698 294552 201959 655456 488175 704466 591714 417233 808235 685538 367358 407543 478201 354428 776772 703777 832127 388104 809800 62147 266950 186890 815795 999999999 990006 352572 435888 640283 764393 784126 628309 764195 855344 576054 1044624 286242 886798 374674 850168 662949 587114 729866 205305 969146 614537 888287 701321 797003 822465 456978 559401 480875 993927 685907 617488 453009 644728 454447 489069 873687 349645 526182 296924 355108 256334 687278 700573 230455 664664 379463 402881 842661 544754 953091 571370 465868 840031 240577 817932 726546 293672 909954 379692 682572 601036 737809 254883 389885 222735 1026046 942504 591831 467323 170074 633935 770025 233654 410915
565281 213696 303533 697985 788795 503638 917051 389046 418659 575221 588267 664468 730258 847487 708654 950615 247913 946890 418448 696358 611674 952872 743889 899972 543977 990006 999999999 637482 675590 609642 973801 217298 361794 228575 626198 452055 85552 708443 154991 621026 492597 409740 715230 397000 920522 68853 510189 364756 771173 370564 491209 626072 467383 643098 423568 487854 409877 611005 615025 913932 742087 640263 646338 491030 708330 662762 770120 540101 368643 911508 800306 903057 772337 482844 490773 213123 871375 743416 390804 751893 189081 321839 755407 108152 678830 564622 724004 788258 948182 721061 800765 347515 49021 405827 580295 932618 641355 699674 971290 583084
277021 547830 719355 65867 151566 373461 473315 382997 253131 69908 560955 480466 223674 367123 323000 418102 429706 638380 529403 216594 579164 318681 138071 296059 559791 352572 637482 999999999 249888 409953 694765 432934 275963 411871 625303 251020 692758 79775 537769 50382 575360 346306 428154 414802 325425 618353 337081 577733 546537 480209 548240 226602 230890 262705 686599 400123 286141 205337 417147 449234 358748 638428 47797 195794 99926 108889 172844 424231 371399 321600 531832 393937 299133 558304 225228 611934 501224 329752 530102 116602 467049 388075 188297 558538 174781 430466 436446 584521 367422 246024 185987 702099 589932 245024 185038 319685 420461 571281 379809 68358
118647 664124 847716 285576 305321 587123 714983 558337 266286 284922 780984 719495 470336 607981 73295 639090 542212 887914 712308 48831 376076 377132 189981 272027 380020 435888 675590 249888 999999999 645061 944582 521192 358609 488677 422308 226152 750263 298917 628916 296787 416886 275516 181523 594592 278601 632733 194889 472836 793067 651156 389510 50944 422076 509367 854361 608617 266452 72377 652733 688246 111036 860608 297440 392738 332831 358294 184587 644658 536657 520269 780676 625491 545484 755543 428805 726438 749895 579459 705146 300764 553618 532645 143214 630961 424429 655817 684041 830562 566920 51819 387089 846483 636169 293539 421978 494094 659929 808713 568892 292903
624117 411409 498922 413390 481446 108648 330801 223555 485616 360663 167957 77640 272940 300345 717145 414419 370648 341032 244347 620857 889558 641567 539182 676000 846191 640283 609642 409953 645061 999999999 376407 416606 404343 429825 929989 520836 614247 409438 455823 359593 834663 592777 807525 212801 708935 635591 647950 773039 177285 253554 813277 608067 247377 162910 390399 121908 523060 583168 8017 338921 756042 236702 369995 264564 378534 322215 573432 75361 249160 447665 194650 360230 254191 223454 229901 452380 265923 194866 265764 446613 431845 296887 596433 501529 270644 55159 115852 206960 461507 651965 421115 452692 565507 448111 225472 498437 31728 163750 492371 353697
954854 764869 800273 666109 691468 484404 276439 597296 842708 672002 403041 310783 478016 365264 1017530 415269 743823 60982 566918 908639 1241476 795307 789901 878625 1204731 764393 973801 694765 944582 376407 999999999 791430 772871 805997 1284443 871829 965600 655221 818838 649473 1199464 953473 1122139 580621 911189 1006161 993775 1146416 203167 604115 1176454 919106 608393 445257 656558 492227 881984 896114 369450 310129 1052307 389014 647143 615478 619373 586343 818229 436924 624366 534205 183460 384936 405984 512943 586288 792135 201153 365173 594209 672188 804258 671522 853861 866251 520175 412398 280293 187073 512518 935708 603819 742960 932526 807929 542376 594324 346158 283190 538833 661582
428679 147444 330156 489802 582168 307958 706815 194179 255600 366899 438539 481417 513012 632706 570060 734144 51573 757624 286407 530615 579795 751493 551328 712094 519681 784126 217298 432934 521192 416606 791430 999999999 167989 35640 608950 298604 260812 499114 109192 410697 486776 301162 607691 214904 736082 224462 398468 390338 588927 220315 473427 470274 250092 428646 373172 299515 265428 450249 423057 701589 608163 506433 436036 274188 495863 447707 580876 355462 167446 694721 611177 687325 556600 351740 273603 206582 668861 530865 264143 543913 34439 119917 573296 125842 461612 379708 526174 611912 730997 559333 587097 339124 168341 228498 363012 717410 447923 534141 754348 373548
278509 306028 489291 337758 427483 307695 632073 230391 103059 216383 487284 480389 404273 542079 413287 629810 183648 728864 376174 364357 493149 591395 385754 545419 444738 628309 361794 275963 358609 404343 772871 167989 999999999 140458 530878 147939 420762 348999 277152 263641 430408 193026 466691 266087 568742 343670 269130 375758 580616 309392 409472 308151 165966 351016 503084 315938 130111 286577 412153 619567 452723 564997 288527 168823 352774 314803 414282 367762 202175 567619 589708 589505 463175 430845 189922 369089 616892 455225 363121 391276 202129 182959 405450 289254 346784 387712 493174 611303 608524 393857 446355 488551 314697 66881 261789 580838 431263 554334 628063 225420
394248 182853 365033 470791 562415 321595 709380 211216 222527 347763 463135 497519 506463 631266 536199 729821 80761 770079 316049 499608 545650 729571 526052 685876 486225 764195 228575 411871 488677 429825 805997 35640 140458 999999999 575513 264840 281249 480817 140245 392970 454827 265526 572338 235989 709074 224931 362936 362564 604485 248756 440697 437733 244298 428478 408153 316241 230661 418234 436625 702479 574048 533091 418320 264734 479856 434387 554738 372506 182472 684222 624346 684427 554047 380440 268832 241092 676185 532177 294919 524854 65052 137452 545402 148800 453136 396317 536448 629050 721903 527849 572193 374738 179909 197423 356568 704181 460667 554556 744252 355216
348946 743406 905684 680297 721537 838057 1094410 756235 444614 623152 1016427 1007270 843407 989986 378545 1041707 655877 1234392 887783 471116 46706 794922 609675 679465 89288 855344 626198 625303 422308 929989 1284443 608950 530878 575513 999999999 412711 711238 695115 679789 657671 133627 338258 281059 789798 676237 558913 293067 264057 1102653 819345 138008 414636 683022 840985 979801 846769 406947 428770 937959 1072476 375967 1092710 669865 670681 723492 727501 606879 898443 726423 932718 1104913 1019239 917281 949236 702491 786639 1107185 933904 868702 709501 625165 694868 565287 651915 787788 917861 1005613 1135713 979738 465638 795439 932141 613518 481880 743215 912595 954485 1084455 985066 634707
131604 444464 628149 316146 389368 436087 693198 374129 45064 224004 624348 598459 445778 592590 271456 660804 325500 822323 523116 244307 370417 528494 311608 456163 333803 576054 452055 251020 226152 520836 871829 298604 147939 264840 412711 999999999 524809 330535 404628 266804 336411 95658 318752 410525 473472 414010 127936 326724 691066 456905 310922 175562 273648 429557 650517 449600 43466 159060 528849 674482 309692 703423 285583 258508 348864 334676 331447 497000 347342 572209 692266 629799 516238 575829 291407 505119 697597 525749 510799 361779 329873 330871 309440 404935 387616 514219 592922 724878 617587 269431 436960 632113 411134 82389 331851 569804 543910 679409 630761 235886
642752 203082 238084 750492 842683 513112 933464 403181 488542 627500 569290 661210 764055 871769 786725 978878 277271 943671 399994 768295 697150 1010779 806362 965012 629409 1044624 85552 692758 750263 614247 965600 260812 420762 281249 711238 524809 999999999 759909 167638 671508 577612 489608 797707 403358 987058 152475 590918 449003 765422 363882 576608 700102 504315 668553 373844 493099 483811 683721 618753 933393 821126 612530 696848 531650 756393 707008 834208 541169 388075 950436 798700 929256 799376 459991 525950 176807 879673 764591 372305 804608 227632 345037 822357 135167 716001 565079 730038 778613 984609 794198 847068 289415 114516 471467 615809 976007 645534 685596 1009319 634309
346276 604429 769265 14958 86242 393997 416197 424715 332681 133226 570499 472971 177247 309217 369372 346741 490547 596688 562322 257564 648618 261411 136687 267980 633101 286242 708443 79775 298917 409438 655221 499114 348999 480817 695115 330535 759909 999999999 600738 88568 651385 425604 480420 453081 300429 692611 411223 657160 525088 520047 624030 286141 275625 249647 722897 423051 365916 268116 415818 389342 401118 644742 63414 241513 35890 87450 168424 437404 417922 243333 503790 328007 250282 582975 263489 667677 456533 292833 566660 46259 532640 441317 199750 624922 144719 439207 414222 563626 289665 282320 106488 747048 660289 323066 198075 239933 414007 563943 300789 125666
532930 69474 231749 592287 685124 351128 768782 238215 362717 470226 436399 509517 596680 704691 675654 811334 111378 792045 268134 639446 655552 856377 659185 820372 591630 886798 154991 537769 628916 455823 818838 109192 277152 140245 679789 404628 167638 600738 999999999 512191 550942 396009 706986 243027 844732 194606 496452 438497 616183 216255 541907 577972 338352 501140 306261 333916 369011 558442 460999 767594 713121 492713 537344 367061 594666 543208 689189 385447 221172 783901 645557 761909 631875 334041 359318 108182 719123 598112 241075 646222 75510 177424 682299 48030 549356 409919 570783 633460 817477 667916 683846 252417 115680 337193 448974 810996 487483 545748 842499 475990
312509 516808 683916 80655 173530 325507 436948 342462 260351 47856 511482 430141 185834 332356 370078 394081 402113 593951 485521 265645 612071 347537 184853 338299 588293 374674 621026 50382 296787 359593 649473 410697 263641 392970 657671 266804 671508 88568 512191 999999999 599438 362228 472676 372778 368852 607110 366006 591336 497387 439066 572879 269690 191100 213380 644278 352823 296861 247031 366776 414856 406650 588652 25363 156233 89429 69899 219785 375052 333376 310413 483903 364778 260375 511840 182101 580322 458465 285478 487641 134156 444147 354370 237918 536472 132086 380724 387684 535231 354231 295567 183032 663826 572687 244763 134909 318049 370134 520923 370352 38230
315618 616097 774444 636448 692585 736982 1029608 646662 358442 559139 907327 910793 781572 928617 394750 992470 535586 1152584 770273 463030 126258 792896 589402 688001 61245 850168 492597 575360 416886 834663 1199464 486776 430408 454827 133627 336411 577612 651385 550942 599438 999999999 246918 326776 678487 691284 425290 241649 131515 1010451 702304 27835 393563 591523 762739 853815 742471 318644 400400 842497 1010675 405755 981594 615636 584523 675284 668679 594324 796171 616451 894349 1017289 964138 852591 833512 613202 656800 1031778 861198 749706 673706 500135 581048 556689 521060 723711 817020 919180 1041605 940932 466727 756413 802741 480643 391734 665722 882586 861154 983281 950330 571020
158835 447623 627084 411099 481538 499801 784996 421342 111530 318705 680016 669783 539418 685744 299812 756042 339957 905971 560619 306197 300124 612629 396286 530434 253414 662949 409740 346306 275516 592777 953473 301162 193026 265526 338258 95658 489608 425604 396009 362228 246918 999999999 312083 456081 544036 360884 101956 231629 766951 492360 223098 230281 346935 515854 671408 508909 71735 222198 600712 767258 332413 757298 381228 338067 444476 429633 412129 560225 392127 667716 771898 724269 608677 618926 367728 502699 784943 614866 544339 455531 326628 365261 384597 384963 480927 579608 673327 799182 713179 325210 532087 640052 375442 145685 418988 664320 618080 746215 726114 330549
190408 755134 936884 467003 482783 737964 896384 689865 363707 453937 930992 883852 650601 789386 114653 819315 640592 1066310 840892 225643 240276 525379 366463 404995 272447 587114 715230 428154 181523 807525 1122139 607691 466691 572338 281059 318752 797707 480420 706986 472676 326776 312083 999999999 726512 398483 659671 210620 425983 963713 775280 304308 203323 570582 682055 968716 755831 343894 227077 815408 869759 98281 1010820 475951 545964 514173 537040 354063 797784 664271 697966 954479 806820 725947 891489 582096 812538 929348 757632 829295 481240 635664 649605 310624 697041 602853 811728 856461 1000481 744173 208420 567081 946065 684652 400661 590224 667665 825297 970908 744048 463345
536152 202202 326434 449781 538510 109927 531277 36681 367032 346634 229282 269853 392003 477259 658961 588703 164884 550744 118017 586050 754636 713296 552283 710421 701617 729866 397000 414802 594592 212801 580621 214904 266087 235989 789798 410525 403358 453081 243027 372778 678487 456081 726512 999999999 740191 425633 534927 596538 377464 67186 661017 547925 184336 281674 271802 90904 396188 523541 218053 533136 699276 303292 394085 219218 434713 375124 586641 143961 64029 584122 403918 536627 410710 165306 190693 251164 476773 367725 115356 498648 224121 99208 595018 288852 357299 168566 327876 398391 610767 617959 510185 296306 353482 328290 262756 621977 244475 319278 638799 346489
394772 864028 1040495 298619 230450 692112 642938 708362 502387 394358 870925 769536 454883 546004 299656 524928 742384 850354 854183 239147 632556 145311 189263 33448 648944 205305 920522 325425 278601 708935 911189 736082 568742 709074 676237 473472 987058 300429 844732 368852 691284 544036 398483 740191 999999999 886854 472772 751265 810701 805613 664464 315706 556286 547269 1011994 720365 516926 321845 715084 610242 300914 944875 350116 521207 330403 387825 156571 737493 695954 392126 782588 535583 514429 880000 550146 928426 710730 570281 855451 262575 770447 709265 165123 857731 439665 739633 701739 849051 429558 226935 310114 1026063 876553 515710 496723 340656 711618 859777 416534 393778
519004 260976 370118 681173 769816 527572 931244 412164 385207 560026 630438 695453 731134 855662 660647 954750 265526 975847 462725 657097 545698 928720 715877 868139 477796 969146 68853 618353 632733 635591 1006161 224462 343670 224931 558913 414010 152475 692611 194606 607110 425290 360884 659671 425633 886854 999999999 458823 296556 802995 408758 424910 584434 469229 652175 483695 515202 370784 571295 641550 925672 692438 687255 632106 488908 695944 654591 740077 569561 388303 906361 828979 909242 778754 528630 493728 272041 892218 755014 435677 734407 204101 340317 722070 147198 677164 594158 747682 822650 945113 680060 789350 411552 80527 378272 581387 923169 667242 737691 966636 568882
78845 545761 726750 396265 451050 564010 801992 498902 168544 330209 751689 725590 551282 698230 204382 755183 433809 942708 644934 234658 248564 559482 350168 463886 222783 614537 510189 337081 194889 647950 993775 398468 269130 362936 293067 127936 590918 411223 496452 366006 241649 101956 210620 534927 472772 458823 999999999 278703 816648 577596 213953 159488 401141 549150 764347 577232 139841 161580 655967 780718 233940 830542 379734 384374 436726 435901 358314 624927 471166 653524 815979 729736 624694 699919 418143 602351 814332 640914 630839 432194 425628 450322 323859 486700 495119 642134 716452 850999 700259 246670 515469 737488 476973 207700 451559 640939 670396 807165 709022 341818
357327 506294 654477 642690 712155 669263 1002656 568212 332264 546229 825150 846360 762990 907292 469514 983512 441465 1103904 676690 513341 256777 835232 621558 742554 189346 888287 364756 577733 472836 773039 1146416 390338 375758 362564 264057 326724 449003 657160 438497 591336 131515 231629 425983 596538 751265 296556 278703 999999999 950324 610504 137786 437750 541714 724945 744561 669938 294555 437110 780547 987448 489430 895653 611368 542347 675322 657080 633518 725555 538144 898836 962961 949226 828986 742054 565620 540904 992336 827922 653892 686977 397298 497340 601224 403832 704175 748071 867806 978615 944030 524640 763625 686921 357176 356211 631761 895932 801749 911489 957482 557898
786262 563586 613205 532940 580826 283286 269442 394753 658133 509991 216604 107681 355949 301247 866259 397484 540925 178996 369792 762979 1061265 717520 661443 777260 1020102 701321 771173 546537 793067 177285 203167 588927 580616 604485 1102653 691066 765422 525088 616183 497387 1010451 766951 963713 377464 810701 802995 816648 950324 999999999 402418 988587 761095 420059 284011 478017 289456 696410 736832 169801 293664 903596 230789 501210 432583 490124 444124 693490 233879 422306 479386 49209 348651 300745 321651 400164 593960 172257 240973 396395 552878 601211 469105 723291 663449 380715 209412 110942 38561 475591 792551 502971 558542 729538 621527 373537 538596 149354 104185 506489 501019
585697 161258 261705 516552 605578 163642 581288 97336 412314 411473 222765 297388 456438 534436 713387 647212 169039 580075 68504 645270 786615 780426 617212 776143 730328 797003 370564 480209 651156 253554 604115 220315 309392 248756 819345 456905 363882 520047 216255 439066 702304 492360 775280 67186 805613 408758 577596 610504 402418 999999999 686888 603311 249327 343960 207156 137286 437775 579379 257282 585759 753586 286702 460694 284415 501891 442308 651369 178833 114652 648349 434823 594363 470971 131690 257173 198876 519324 424423 54222 565688 219068 127427 658356 264208 423534 202113 369109 417948 673640 676982 577073 229362 331587 374684 329803 687488 284079 329510 702152 411851
287783 605905 767739 609087 664820 716760 1003968 628611 334423 532993 889374 889708 755493 902603 368706 965594 521382 1129066 755095 435482 120960 765286 561571 660847 52925 822465 491209 548240 389510 813277 1176454 473427 409472 440697 138008 310922 576608 624030 541907 572879 27835 223098 304308 661017 664464 424910 213953 137786 988587 686888 999999999 365789 569081 738438 842826 723052 294780 372565 821145 984746 380820 964299 588816 561140 648164 642245 566568 776298 598483 866902 994613 937641 826829 817693 590398 648649 1007320 836292 735125 646083 488388 564300 529035 513944 697780 796824 896238 1020128 913518 439528 728933 794210 476563 368525 641204 854887 839395 963291 922775 544864
80649 613413 797064 271837 306954 545256 698686 511490 215355 251104 739238 683579 450171 591971 111698 631800 491665 863616 665311 76578 367935 400797 197245 305051 362847 456978 626072 226602 50944 608067 919106 470274 308151 437733 414636 175562 700102 286141 577972 269690 393563 230281 203323 547925 315706 584434 159488 437750 761095 603311 365789 999999999 378851 478854 805567 565658 216416 25095 615857 673452 151942 819041 274273 350998 317768 335269 200815 603720 489054 518690 751228 614062 525645 710049 387263 675623 727445 555034 657416 295783 502676 483552 164626 580182 400646 615946 653382 798097 565686 95690 382234 796365 586155 242794 387941 498139 624495 771798 570459 260254
382708 332171 493642 270435 361865 167396 471658 152116 238430 162317 360933 324941 262974 388225 490474 485529 227230 563318 300572 408102 642277 537006 368026 526886 600048 559401 467383 230890 422076 247377 608393 250092 165966 244298 683022 273648 504315 275625 338352 191100 591523 346935 570582 184336 556286 469229 401141 541714 420059 249327 569081 378851 999999999 188813 455946 186808 276387 353825 255380 461938 530586 440809 213973 35125 262685 207175 402327 227338 142432 446192 425814 440378 310340 336037 25224 394232 451411 293734 299683 321852 279629 167992 411152 370472 212041 242445 328201 452705 481334 440161 347822 472730 418433 201473 112926 472780 271478 406185 505330 162534
509993 476726 605534 255150 318791 184382 282858 269640 404327 228467 329400 223325 116891 204389 582623 310544 395632 393561 363354 479001 797395 479401 383126 514164 763359 480875 643098 262705 509367 162910 445257 428646 351016 428478 840985 429557 668553 249647 501140 213380 762739 515854 682055 281674 547269 652175 549150 724945 284011 343960 738438 478854 188813 999999999 523019 214575 444178 454991 168545 274101 619713 399601 218137 182666 217227 163977 416558 207042 280784 305865 272459 260788 130987 364404 163624 531072 269162 104922 376708 284696 454177 323892 443081 539968 107909 201737 174723 321868 329684 508713 259612 569053 594907 372679 97788 349566 164527 314338 358366 218743
781578 238401 152351 720350 807487 340118 713547 304381 605453 618250 261528 396428 639659 690645 914212 804793 331453 651312 161800 850671 952236 981287 823972 982179 890775 993927 423568 686599 854361 390399 656558 373172 503084 408153 979801 650517 373844 722897 306261 644278 853815 671408 968716 271802 1011994 483695 764347 744561 478017 207156 842826 805567 455946 523019 999999999 309521 625745 782164 390242 725879 954135 270141 665116 490930 702381 642042 858244 321976 320645 827691 522693 750614 639137 167493 462212 211655 632720 583525 156639 767917 354654 322177 865510 344958 615316 336184 491121 476785 846938 882190 771756 92236 404686 569878 528062 872551 413295 378118 877064 618274
566615 290741 394723 422682 505023 30603 444571 105418 409308 337656 175362 181902 330621 397951 677279 511270 251607 460655 148854 592903 808988 676392 537528 688938 760222 685907 487854 400123 608617 121908 492227 299515 315938 316241 846769 449600 493099 423051 333916 352823 742471 508909 755831 90904 720365 515202 577232 669938 289456 137286 723052 565658 186808 214575 309521 999999999 443223 540633 127171 448517 717380 255065 370293 216304 398956 338446 572453 56270 133806 520367 313783 458059 337035 159931 180825 335032 386578 287953 162730 466354 312240 179823 587284 379717 306430 80228 237215 312857 542558 624917 463282 355310 444048 370232 225020 563542 153572 241791 571900 334398
