NAME : synthetic_000069
TYPE : CTSP-D
DIMENSION : 100
GROUPS : 8
RELAXATION_LEVEL : 1
EDGE_WEIGHT_TYPE : EXPLICIT
EDGE_WEIGHT_FORMAT : FULL_MATRIX
EDGE_WEIGHT_SECTION
999999999 168045 47064 794001 224463 951175 299905 806639 528203 545304 828240 689790 615389 298566 532292 299490 382864 295838 85443 284918 303558 727924 799550 372980 344885 802983 256661 645031 761736 174442 234337 370574 339186 293903 407415 181865 623657 180821 437654 439972 241408 75292 317398 197466 721057 69407 309211 665687 382387 264232 680111 498120 959557 589850 824435 768972 692923 381499 328207 612227 338700 120641 732304 86761 171713 508073 367697 736272 501352 719030 441755 556604 140389 772754 529130 234728 577155 491135 787408 576482 467880 294643 297965 533667 249416 332919 476707 624525 362174 458157 694740 504282 324982 67146 591779 442700 243529 671328 350310 586697
168045 999999999 133716 939418 292460 1061316 460154 913936 656738 503740 935768 849685 783424 297752 688920 271745 522681 385978 111098 449357 284050 861643 890986 540641 445941 937161 151941 746908 929383 301372 274929 535965 346890 214921 571215 259809 609630 347685 484532 471819 363580 226148 363740 34505 825477 190310 280014 828588 550302 387959 801127 650848 1065784 740927 925527 931894 745130 392768 369376 603740 245496 161655 810118 113542 168760 675309 470497 876583 668825 885480 361117 713095 305309 940767 690752 396807 506167 465621 943156 717563 628483 200382 325266 700443 355121 477319 643996 751417 383284 549715 810289 519279 492222 108528 519878 522595 164291 834648 515001 562627
47064 133716 999999999 811047 258652 952242 345484 806268 535968 504906 828016 716309 653087 318273 556179 258301 429878 336235 38404 315883 318577 738776 793300 413374 339172 814199 209665 642019 801622 219394 262228 402654 362111 247499 451389 162281 588440 215789 415008 413332 243449 92589 349017 159343 719313 107996 268010 694876 419503 309657 685006 519214 959126 610005 821753 798184 673813 349114 302158 578023 291943 82335 721191 87876 129368 543000 410926 750468 536830 752414 396225 602551 172451 810074 557095 280007 533121 452908 810852 590763 494912 247685 324664 575180 243872 348189 511780 631876 388811 450097 697354 474271 360188 58924 547701 430354 196682 700932 393943 549412
794001 939418 811047 999999999 920164 337361 667884 302709 301800 882467 305312 197718 427643 1039602 279600 813673 774967 909616 828324 530411 1059109 126369 398585 548309 526924 104813 922969 348349 499092 812129 957613 466148 1060059 897068 605111 694659 820666 632380 621385 663648 578953 721204 996144 956182 318622 825946 815904 251363 502255 822635 230346 300106 366499 208745 345528 236961 581436 726149 672661 798805 933587 784807 464166 880422 804876 408105 903829 77206 419242 325693 946727 680428 660680 429096 312933 679188 980235 823304 120696 223128 354400 920566 1009810 525634 596776 462861 425651 231023 1059555 475696 257553 707851 522026 859945 989914 520727 887727 256764 610940 842453
224463 292460 258652 920164 999999999 1126946 281069 988172 695046 762097 1009079 777664 638140 123105 641657 515587 273127 95855 288163 391363 149611 878456 994823 400806 548646 950330 435955 835568 757298 108040 44162 456147 140412 489785 389972 404456 846784 298334 659333 663733 438483 280337 94329 325857 907328 155154 525231 740732 434723 135903 850114 621660 1139227 711603 1011386 839023 910072 605699 552055 835921 528470 340799 937644 191459 386812 559838 182481 874962 550052 766296 640989 486647 286820 789443 619392 245920 783056 711426 886250 720866 567867 482208 90430 529093 457311 490892 530690 789069 148438 662356 870607 728726 400271 215325 797385 653684 436283 743773 348425 808054
951175 1061316 952242 337361 1126946 999999999 918298 147751 432000 829627 126001 526997 750691 1235130 545746 858848 1043201 1140539 956655 746709 1247553 279977 206170 813598 615720 238563 996622 315695 835760 1022730 1157091 711242 1265550 951003 884057 801608 726344 828979 620883 655118 710203 876287 1214330 1067863 236834 1001441 857189 578675 764149 1057288 277160 538112 31349 472277 146711 574160 443157 738916 716726 707620 974705 899865 312265 1035421 900086 703493 1154779 316251 713687 661565 946923 988998 842268 766417 596370 909810 929130 788171 456721 425002 613093 977817 1216728 833633 709173 636061 712095 339853 1274515 514046 257166 664512 761426 1009277 934445 547719 960860 585598 874025 766953
299905 460154 345484 667884 281069 918298 999999999 792850 497716 786294 811824 507241 357450 403523 389992 559242 135990 245374 383288 185248 430650 649077 823053 123757 438374 714888 553155 663691 484138 185890 324562 208019 410942 580496 114619 391337 830768 173055 594816 616745 342176 281717 338201 492639 723555 272356 568232 466157 165962 159022 645185 383473 935720 464866 823780 561493 802477 593255 519719 814151 627364 395778 791075 351222 448228 282537 238126 634378 272194 485586 718312 257311 208587 510570 356384 65717 839915 722668 618390 494375 315473 586384 362280 252663 378739 314607 255192 580882 401785 535484 672662 691232 157054 351640 854490 546126 534905 468281 67357 807660
806639 913936 806268 302709 988172 147751 792850 999999999 297116 697005 21832 461424 668304 1093774 440258 712473 922036 1006815 809826 615364 1105103 198517 100863 695592 468712 200174 849271 167958 774894 885604 1016821 589180 1125660 804469 770010 654348 602858 691589 476381 512072 565280 732095 1077163 920211 89127 858694 711073 507745 646231 925331 149235 422754 152947 373101 43351 528805 326521 594417 569677 582851 829190 752599 193281 890189 752354 602837 1026412 250428 612122 601529 805844 889227 702022 711981 494913 778770 797308 651318 420034 310439 500156 831180 1077371 736612 562733 498612 606461 213361 1136320 366297 120253 527262 636017 863676 803679 400344 813455 516074 753788 638907
528203 656738 535968 301800 695046 432000 497716 297116 999999999 595924 317068 313446 444504 804606 196524 511970 629265 710090 546992 318316 818318 205694 327956 408146 226194 281000 625185 174467 585014 590765 725794 299020 833968 596272 486049 402212 554989 396980 329615 372005 293575 452937 782391 669566 226140 573437 514121 334238 359929 628242 155088 156724 445331 170023 326245 408566 378670 427211 371051 533040 632041 497040 316613 614353 510759 347941 729631 229156 354702 434127 646666 622594 411504 541435 250818 481677 690364 533066 353005 94658 229543 620258 784956 479948 303835 204186 341685 96331 842519 182785 177242 426250 341857 590186 701134 227309 589515 343914 463086 566486
545304 503740 504906 882467 762097 829627 786294 697005 595924 999999999 715354 902322 965096 798112 753812 246662 903717 840772 473938 649856 787121 762518 623952 791103 415092 824691 356026 553731 1122685 717661 759389 714397 846492 289880 859860 395941 132648 613640 266730 224768 462110 519264 848898 482452 618465 612528 236976 911768 767280 804873 663141 703518 819321 758348 684198 998585 395038 199420 276392 140537 270811 424697 518303 574257 375655 844826 912207 805325 845087 1004036 169374 1026675 578700 1099116 791348 726215 100467 67600 948598 690135 737819 309057 817883 939824 422447 563664 821257 651468 879817 413141 648483 175411 708272 547803 108204 368791 339484 920970 806278 77236
828240 935768 828016 305312 1009079 126001 811824 21832 317068 715354 999999999 470367 680552 1115020 455628 733747 940445 1027044 831639 635110 1126482 207540 108940 713383 490531 201262 870832 189696 784032 906274 1037924 607489 1146725 825790 787265 676178 619364 712247 497151 532509 586906 753653 1097870 942025 110833 880091 732280 517746 663961 945294 167078 439707 131318 387156 43419 534861 341016 615214 591133 599579 850257 774430 207314 911868 774145 617815 1045897 257532 627259 610135 825932 904429 723076 720009 509781 798554 815554 670487 424130 326858 516889 852530 1098364 751233 584514 519197 622228 231454 1157168 388053 139858 546440 654883 885390 821726 421900 835034 525883 771963 656325
689790 849685 716309 197718 777664 526997 507241 461424 313446 902322 470367 999999999 230085 900256 164092 780296 599197 752614 740879 406696 923467 263008 543522 383597 500024 288453 864390 441609 313666 671448 818372 326297 914240 852303 427730 632325 868255 513066 636036 677623 513739 623720 844435 872025 445043 707675 784754 53729 343805 666045 339610 210290 554312 144535 504334 96263 675047 720507 653578 846338 894417 709132 581429 772611 740568 228680 735131 214287 239805 140249 931437 485684 549741 251512 161698 531761 993104 837273 112163 220460 221910 872286 864462 332762 542358 385677 252818 300649 908199 492415 375261 736967 380324 756907 1004774 535102 831638 59188 444246 877977
615389 783424 653087 427643 638140 750691 357450 668304 444504 965096 680552 230085 999999999 759888 248321 791009 410943 590653 685690 346441 787740 475700 737914 246550 551060 513702 838108 608652 158416 541878 681847 263062 763488 844030 250553 621563 961789 437520 713199 750056 516397 566053 687129 811927 633588 610740 797770 176359 233613 509634 529553 289860 776541 298989 709443 235660 822740 768049 692544 940994 890296 672736 753947 686164 716240 121180 553884 434464 122972 139583 953428 260519 481718 157490 193879 404512 1043720 897523 331946 374927 231961 858384 716340 119989 553940 401752 148468 475316 749132 589663 565356 820040 294403 678512 1057049 623902 810694 171611 290330 958627
298566 297752 318273 1039602 123105 1235130 403523 1093774 804606 798112 1115020 900256 759888 999999999 762078 557183 380192 184451 336840 509414 33292 993288 1093812 523868 641092 1066121 449690 936656 875258 229065 82176 577474 49257 511850 510576 478416 896230 411457 733079 731332 533671 367585 100330 325136 1010655 237113 566342 863721 557676 252290 959482 740120 1245935 830862 1114674 962125 990685 663693 620391 887935 543129 397680 1029977 232918 434108 682940 260715 992221 673141 889034 658821 595353 393117 909887 741404 368706 803912 754917 1008413 836291 688807 498133 53024 649124 546472 600912 653785 899853 88506 754987 978034 790300 521807 262274 817594 741090 459774 866816 470851 852540
532292 688920 556179 279600 641657 545746 389992 440258 196524 753812 455628 164092 248321 762078 999999999 618313 504094 630202 579246 255354 782710 267154 498664 274011 343236 327313 700300 361631 389952 533725 679935 186563 781179 688735 339543 468252 732775 360523 490717 530843 349752 463780 716590 710223 393275 556023 623106 159456 225942 543294 293619 50305 567318 75732 478516 255650 575165 565657 495821 711281 731258 545696 506836 616826 576514 162925 627419 245475 171945 250653 771986 448971 393716 351599 56473 399621 841073 687418 255118 132002 74890 708451 730941 297260 379046 221614 166972 233869 780048 354660 327957 595389 242488 599375 853321 393659 667564 168255 336398 736453
299490 271745 258301 813673 515587 858848 559242 712473 511970 246662 733747 780296 791009 557183 618313 999999999 667809 594383 227523 451029 549017 711130 669037 585388 287664 783553 147307 546405 948891 473041 514101 528730 604750 92330 645561 173705 339555 391432 241874 216764 276023 281303 603206 258116 623963 366071 9724 776307 571299 561487 628662 570187 857486 645658 714716 873851 490822 130276 145128 332555 120498 178940 575963 329147 128995 670353 667089 740766 668040 856774 163746 809962 351290 938377 642230 495918 282067 197895 850841 595662 581525 119402 573714 743968 241247 400832 642624 594075 636468 353890 627449 251358 508809 301986 296736 314151 116221 784504 589106 295490
382864 522681 429878 774967 273127 1043201 135990 922036 629265 903717 940445 599197 410943 380192 504094 667809 999999999 196478 468135 320931 412132 769223 956117 230448 572633 831406 638800 797533 503605 221374 315500 332978 370959 675852 171482 508130 956739 299173 725897 745618 473075 386587 291434 556993 855406 334591 677210 552191 279539 140691 773388 505237 1061975 579826 954338 637813 938193 715708 644576 940970 721271 494418 926499 409139 547796 370861 143399 749388 359659 549328 820783 215194 327124 547462 462605 181397 949862 842184 711307 618201 432074 677495 329792 291673 508033 450426 349866 708996 348855 671284 802225 819476 287490 418770 964534 681044 626289 552304 169183 930533
295838 385978 336235 909616 95855 1140539 245374 1006815 710090 840772 1027044 752614 590653 184451 630202 594383 196478 999999999 369530 394155 216974 880862 1022756 369084 590110 949912 525732 862087 696645 133011 129637 444119 175462 576500 340270 466751 918011 318581 716269 725246 479794 337337 96883 419813 930022 228316 604102 711160 410270 87074 863694 617441 1155171 703557 1033322 805052 958460 674398 614808 905758 617001 416185 974029 280172 465576 527132 86699 871357 516564 724726 727612 411324 320467 735694 600329 232792 867728 786949 863684 723503 555317 570856 133360 475455 504608 509108 500400 800697 158547 701511 887305 793608 388807 300872 882208 698518 523273 713029 309791 882256
85443 111098 38404 828324 288163 956655 383288 809826 546992 473938 831639 740879 685690 336840 579246 227523 468135 369530 999999999 345042 333630 751439 792077 448093 341138 826961 171264 643944 835597 256185 287406 432047 382606 210295 488235 157133 562338 248258 401426 396087 253454 120394 375985 131158 722000 142630 237141 721427 452133 346613 693144 540389 962314 630147 823392 824588 662047 326873 286630 552908 254181 62711 716116 104176 99311 573884 446106 765692 568100 781887 359954 640482 203986 842268 583091 317706 498365 424265 832971 606554 520457 209611 348280 610401 247829 366295 542829 642146 411855 448933 703632 453495 391801 75472 512885 425726 158845 727773 430639 521420
284918 449357 315883 530411 391363 746709 185248 615364 318316 649856 635110 406696 346441 509414 255354 451029 320931 394155 345042 999999999 528715 488533 640000 141873 264598 559461 491869 479904 501848 283594 427599 87008 531747 498410 216168 278336 674573 106383 428999 456774 187778 224720 472438 474830 542355 301573 458541 380833 120317 310623 470311 230707 761987 321699 644129 484085 620190 450715 373860 656185 545016 326835 605839 366192 369809 230160 411511 483599 225332 436868 614727 381545 144613 500590 245196 163454 717674 583151 508287 330769 185650 512135 481618 293542 227441 129540 199689 406893 534685 353311 495267 531535 58630 351691 731711 368119 464254 386415 170776 658851
303558 284050 318577 1059109 149611 1247553 430650 1105103 818318 787121 1126482 923467 787740 33292 782710 549017 412132 216974 333630 528715 999999999 1009596 1102223 549653 648129 1082957 435367 946216 905232 252203 106269 599266 72465 498964 539212 480373 888560 428453 733290 729615 542326 375185 133439 309243 1021063 246432 557973 887973 582003 282132 972823 759176 1257622 850413 1124916 987113 992381 659426 619480 881017 528131 395600 1035829 231308 428793 708273 293977 1010108 698651 915640 643848 627325 407227 938698 763798 392928 789046 746106 1030842 853167 710030 483839 86317 678123 552866 615420 678760 914014 114239 761637 990390 786508 543930 260840 802523 745878 447791 891304 498000 843632
727924 861643 738776 126369 878456 279977 649077 198517 205694 762518 207540 263008 475700 993288 267154 711130 769223 880862 751439 488533 1009596 999999999 285129 538795 429688 75523 829529 222085 576619 771364 912568 441092 1018768 797904 606601 607905 696172 581837 505665 547405 498083 653085 960970 875046 195877 768248 712441 310277 489726 795374 104094 265604 303410 192681 241589 332389 455379 614926 567301 674402 831624 702502 340782 814593 716298 423519 887112 55340 433735 403034 835920 709171 603266 513491 316566 648102 861273 705191 229889 157771 337186 822565 968885 553999 509520 396219 432615 117122 1023098 363202 131767 587260 494148 791562 870441 407487 793692 318361 600373 719662
799550 890986 793300 398585 994823 206170 823053 100863 327956 623952 108940 543522 737914 1093812 498664 669037 956117 1022756 792077 640000 1102223 285129 999999999 736036 454891 298494 811469 160792 854550 896464 1019963 626975 1128973 761297 813532 634948 520495 704287 427574 458389 560172 727042 1086428 893562 105429 856785 666385 586361 687614 944819 208487 472739 195706 438979 67188 617430 238068 544347 531709 501590 781298 732035 106096 879724 724745 660982 1050387 339705 669368 683532 745886 944159 708392 795028 554912 801270 723220 584214 512970 366710 549995 788427 1082153 795405 550587 515250 660447 264806 1143184 343353 172568 461250 668688 851890 728391 368503 776401 595201 790869 560785
372980 540641 413374 548309 400806 813598 123757 695592 408146 791103 713383 383597 246550 523868 274011 585388 230448 369084 448093 141873 549653 538795 736036 999999999 403083 601244 609060 580771 388767 299262 443408 109628 533642 624284 80178 411685 815934 202467 569137 598017 329339 331668 461782 570427 633105 364369 593405 342497 49503 282761 546431 275506 832981 349712 729491 438727 746220 592206 515454 797331 671477 444072 716649 440430 492218 159397 355609 519477 149368 366669 748901 240682 247171 403580 235482 159274 856883 724603 494951 388854 201628 635075 484518 162864 368957 256713 131471 482235 525431 482331 576628 672641 85078 434171 871059 502331 585082 344770 62666 800714
344885 445941 339172 526924 548646 615720 438374 468712 226194 415092 490531 500024 551060 641092 343236 287664 572633 590110 341138 264598 648129 429688 454891 403083 999999999 503998 399860 303082 708078 458272 569912 310215 678328 370227 480186 186142 416772 280138 167210 200362 110640 273508 642275 454220 380901 404140 290591 502641 369505 521930 357903 293228 621182 360948 482757 595403 370334 222576 153577 397169 406940 284320 389496 425000 289467 431745 633784 455302 432834 591341 431893 643713 269768 684258 377124 394784 498797 347758 564365 308003 322728 394074 633096 536236 95701 153005 409947 314109 695692 114037 364802 273105 318111 397445 511376 109728 364005 511489 434973 408575
802983 937161 814199 104813 950330 238563 714888 200174 281000 824691 201262 288453 513702 1066121 327313 783553 831406 949912 826961 559461 1082957 75523 298494 601244 503998 999999999 903831 274229 598108 842884 985099 507573 1090728 871099 665677 683161 751291 654744 572588 613743 573605 728238 1031620 950487 228996 842507 784582 340374 552824 863887 161736 332612 266252 251580 242362 339757 496926 684153 639159 729825 904029 777944 372797 889688 791319 475910 952970 82808 486608 423620 904827 757789 677257 530018 371998 717176 924249 769385 225166 229839 400237 896002 1040721 602005 584824 470833 488422 190103 1094097 433007 178601 649312 561748 866817 932869 476568 867930 347154 663485 778126
256661 151941 209665 922969 435955 996622 553155 849271 625185 356026 870832 864390 838108 449690 700300 147307 638800 525732 171264 491869 435367 829529 811469 609060 399860 903831 999999999 681703 991978 423358 423338 577299 498830 66766 655214 232437 469286 406602 386587 363729 351388 277776 513038 126994 760223 307731 152758 852367 606851 513582 754736 655836 996947 739547 854330 953816 638125 277569 280351 465864 93791 165646 720865 245575 124343 721573 607071 853515 717123 922648 209213 810460 361897 992325 714215 487442 354227 324478 946118 700542 651364 48485 476222 771908 327390 478841 691439 713841 535032 484720 757342 396863 544478 226363 367951 448932 36088 859669 597391 419402
645031 746908 642019 348349 835568 315695 663691 167958 174467 553731 189696 441609 608652 936656 361631 546405 797533 862087 643944 479904 946216 222085 160792 580771 303082 274229 681703 999999999 739358 736289 861690 471204 970751 638061 659413 487728 477105 543713 314703 352938 404041 571399 926677 752600 78874 700066 545413 475614 533170 784029 118007 328063 318886 314442 179736 528268 236958 431865 402696 455609 664272 585885 145301 727128 584539 519587 889775 273641 526948 576431 647864 796932 548832 687579 417840 640667 653926 501639 442178 234654 403131 664602 923462 652817 398152 354504 515158 140985 984000 198364 95718 379135 510551 700005 661864 232990 645826 485106 633818 504415
761736 929383 801622 499092 757298 835760 484138 774894 585014 1122685 784032 313666 158416 875258 389952 948891 503605 696645 835597 501848 905232 576619 854550 388767 708078 598108 991978 739358 999999999 669656 801460 420320 872095 1000227 369964 778661 1116035 587720 868597 906185 674683 717217 793222 959162 753440 750204 955750 268193 385147 623120 647600 436262 864173 424953 817668 265984 962976 926099 850772 1094993 1046739 826342 883394 827603 871239 279596 644981 527515 281074 174618 1111548 305056 632416 75732 340432 539465 1201979 1055152 383567 505400 386537 1013865 827925 231786 712326 559807 306331 600523 852168 740923 683689 975216 447557 822590 1215266 776992 965516 259426 420368 1114586
174442 301372 219394 812129 108040 1022730 185890 885604 590765 717661 906274 671448 541878 229065 533725 473041 221374 133011 256185 283594 252203 771364 896464 299262 458272 842884 423358 736289 669656 999999999 146989 348530 248239 466479 299696 335805 789239 194027 583478 593212 347722 205839 191648 335734 806343 115699 482740 635795 329908 90464 745617 513689 1035804 603563 910188 735225 825786 545049 483346 776302 510034 294203 844196 187842 346051 456851 194673 767153 447452 665930 615618 419874 189541 696141 512341 140986 751593 661372 779361 613660 460083 464883 198058 438467 371728 387124 427014 683907 252232 570462 767178 662387 292782 199094 766219 566180 414741 639188 251940 755384
234337 274929 262228 957613 44162 1157091 324562 1016821 725794 759389 1037924 818372 681847 82176 679935 514101 315500 129637 287406 427599 106269 912568 1019963 443408 569912 985099 423338 861690 801460 146989 999999999 495308 109061 480630 434009 416200 849559 330874 671988 673678 460858 297675 90028 306861 934695 167554 523606 782253 476207 179709 880836 658293 1168546 748888 1038789 881090 926272 611342 561967 839712 516862 344302 959407 185137 386703 602127 215303 910742 592463 809380 631084 529704 314913 833447 659316 287126 774724 711493 926345 755330 606632 470751 63770 573176 476654 521731 572716 820604 127852 683939 900220 736245 439662 212218 788855 672684 427248 785473 391892 808767
370574 535965 402654 466148 456147 711242 208019 589180 299020 714397 607489 326297 263062 577474 186563 528730 332978 444119 432047 87008 599266 441092 626975 109628 310215 507573 577299 471204 420320 348530 495308 999999999 595170 581134 189063 358518 726903 190188 477391 509698 256365 311711 530030 561729 524549 382330 535720 296764 63931 357415 440420 175509 729399 259444 622064 399626 639924 515216 438463 707381 627296 412835 607183 450140 454399 144339 446021 427845 140476 349888 691739 340611 230765 415169 165046 213060 787711 646972 431769 286639 111994 595930 544967 226528 295114 157929 114778 376034 593507 378861 469568 583179 56007 436955 801422 402537 548879 301835 164719 716423
339186 346890 362111 1060059 140412 1265550 410942 1125660 833968 846492 1146725 914240 763488 49257 781179 604750 370959 175462 382606 531747 72465 1018768 1128973 533642 678328 1090728 498830 970751 872095 248239 109061 595170 999999999 560766 512989 520443 943396 437966 775872 775432 569620 405405 79618 374392 1043707 274691 613978 875650 570492 253986 989051 761922 1277248 851627 1147803 972270 1032110 709368 664113 934774 592315 442620 1067763 278434 480637 693019 240767 1015344 682857 895552 707991 584602 423650 910389 757364 383215 853057 802599 1023722 861222 707088 547258 50248 649769 584580 629800 664770 928451 41857 792363 1008815 835598 539185 307481 866760 780213 508541 878236 477639 900218
293903 214921 247499 897068 489785 951003 580496 804469 596272 289880 825790 852303 844030 511850 688735 92330 675852 576500 210295 498410 498964 797904 761297 624284 370227 871099 66766 638061 1000227 466479 480630 581134 560766 999999999 676765 224164 402603 423245 333944 307266 339723 299263 570646 192572 715840 352389 95127 844364 616817 556898 717957 642188 949782 721901 807010 944090 579245 220085 235687 399433 47266 184723 667686 298331 132960 725086 655325 825429 721606 919911 151251 836610 379651 995513 707736 515125 294097 257831 928247 676705 645623 27211 535798 786203 310015 467784 695912 681146 595921 444126 717877 334526 553877 275683 308231 405385 53516 852139 619121 352639
407415 571215 451389 605111 389972 884057 114619 770010 486049 859860 787265 427730 250553 510576 339543 645561 171482 340270 488235 216168 539212 606601 813532 80178 480186 665677 655214 659413 369964 299696 434009 189063 512989 676765 999999999 472821 890231 254744 645162 672637 400545 378457 436614 602996 709960 385491 654018 381105 126244 259305 620791 347671 904491 414836 804913 469098 826310 662084 585887 872054 724003 493136 796225 464127 543813 199416 309508 583114 188205 384938 807905 166874 297300 399493 294302 174541 921623 794072 539855 461010 271189 685160 466104 139336 439790 336057 179460 556962 498808 562033 651908 747468 162761 462799 935979 581130 634166 381502 57833 872970
181865 259809 162281 694659 404456 801608 391337 654348 402212 395941 676178 632325 621563 478416 468252 173705 508130 466751 157133 278336 480373 607905 634948 411685 186142 683161 232437 487728 778661 335805 416200 358518 520443 224164 472821 999999999 454670 220165 255789 259530 118951 130024 498247 268773 566093 249860 181760 621837 398355 417494 542528 423427 806465 507419 666880 722557 512316 210505 148249 441026 269474 98258 559833 250156 110436 501856 528642 627502 498778 695859 337317 638114 182999 771845 484446 330365 449657 334089 713887 471566 422024 241556 479823 570573 98478 246649 473153 495059 544039 291884 550728 326857 335643 221042 464136 269073 199314 629400 416902 424051
623657 609630 588440 820666 846784 726344 830768 602858 554989 132648 619364 868255 961789 896230 732775 339555 956739 918011 562338 674573 888560 696172 520495 815934 416772 751291 469286 477105 1116035 789239 849559 726903 943396 402603 890231 454670 999999999 658691 249996 217946 491048 584287 937349 592392 532002 692849 330679 885241 785270 872154 593007 683505 712975 724077 584345 963554 283625 244302 312186 22037 391892 506122 414657 665989 463271 844992 983009 743879 847006 982320 299689 1056118 630014 1084042 776993 775679 216248 144834 899880 649111 730047 425097 910590 953004 452874 569695 825009 593255 973992 378425 572693 143736 731002 637779 217496 339515 447156 894783 840554 55495
180821 347685 215789 632380 298334 828979 173055 691589 396980 613640 712247 513066 437520 411457 360523 391432 299173 318581 248258 106383 428453 581837 704287 202467 280138 654744 406602 543713 587720 194027 330874 190188 437966 423245 254744 220165 658691 999999999 427201 446460 175096 129621 385648 375009 612746 195543 400061 486436 203915 243892 551970 332369 841826 424318 716463 589534 650280 420221 347044 642477 470508 241685 656689 260184 290592 327624 354508 581704 321210 538225 553273 418538 44812 594343 351511 117843 669805 549714 614334 424905 291934 433109 388531 365306 208953 193115 296316 490738 445540 387188 573182 520436 144557 246850 684294 389860 382832 491762 197803 634726
437654 484532 415008 621385 659333 620883 594816 476381 329615 266730 497151 636036 713199 733079 490717 241874 725897 716269 401426 428999 733290 505665 427574 569137 167210 572588 386587 314703 868597 583478 671988 477391 775872 333944 645162 255789 249996 427201 999999999 42476 252904 380304 753419 480695 389441 505369 238902 647180 536595 658097 411642 440649 617882 491842 475369 732274 261183 118073 115542 230098 354279 338745 334353 501987 316052 595543 770834 544737 597329 741368 333891 809800 405877 839789 531637 544940 360872 203498 682583 423569 482077 361123 735609 703200 218493 319861 575139 391057 799828 147135 403418 106914 484060 472464 371528 102309 352497 656507 597828 246348
439972 471819 413332 663648 663733 655118 616745 512072 372005 224768 532509 677623 750056 731332 530843 216764 745618 725246 396087 456774 729615 547405 458389 598017 200362 613743 363729 352938 906185 593212 673678 509698 775432 307266 672637 259530 217946 446460 42476 999999999 275027 387930 757246 465110 426207 508781 212453 687948 567504 671017 452485 480655 650846 533585 508901 773881 275298 87238 111765 199422 323469 334044 361457 498770 305312 631516 783427 586932 632888 781452 294943 838301 421641 878847 570614 564231 318417 161066 724994 465858 519729 334444 736921 736095 238039 353253 610206 433159 801202 189605 443168 74898 513064 469271 329131 144728 331010 697227 623635 208588
241408 363580 243449 578953 438483 710203 342176 565280 293575 462110 586906 513739 516397 533671 349752 276023 473075 479794 253454 187778 542326 498083 560172 329339 110640 573605 351388 404041 674683 347722 460858 256365 569620 339723 400545 118951 491048 175096 252904 275027 999999999 167361 531906 378007 479694 296614 282259 504641 305720 413229 441557 304523 718216 388727 583198 604634 479255 262939 186120 473607 383373 205952 499178 325230 228781 395356 525589 513881 393618 581691 437249 567225 159909 662411 368291 292425 531853 395373 595073 355977 306620 358821 523728 478944 39665 128236 368496 388992 585934 223902 454391 349789 246162 299410 545697 218809 318077 512424 349651 472425
75292 226148 92589 721204 280337 876287 281717 732095 452937 519264 753653 623720 566053 367585 463780 281303 386587 337337 120394 224720 375185 653085 727042 331668 273508 728238 277776 571399 717217 205839 297675 311711 405405 299263 378457 130024 584287 129621 380304 387930 167361 999999999 374666 250325 646934 130782 290664 602534 332747 288079 604851 427462 884965 518641 750524 705817 629824 339987 277587 570920 346343 114805 662579 161584 166602 453547 398755 662314 447855 661587 437283 537350 84833 722318 464608 216821 563368 460027 718605 502470 402354 306739 361281 494516 179184 258975 422533 549254 424707 387420 619689 456576 271812 138969 578034 375010 255712 608675 320655 552183
317398 363740 349017 996144 94329 1214330 338201 1077163 782391 848898 1097870 844435 687129 100330 716590 603206 291434 96883 375985 472438 133439 960970 1086428 461782 642275 1031620 513038 926677 793222 191648 90028 530030 79618 570646 436614 498247 937349 385648 753419 757246 531906 374666 999999999 394979 997473 248477 612755 804279 500879 179415 937196 700427 1227451 788596 1101410 899435 1004387 697617 645503 927040 606651 431348 1030886 274731 475263 620726 162634 954579 610334 820541 721028 504991 378051 832575 689733 316970 864742 800249 954844 803203 641946 560587 48187 572287 551421 578759 593246 875322 63785 755804 958821 821484 474118 301232 878866 747757 517272 806475 403971 897343
197466 34505 159343 956182 325857 1067863 492639 920211 669566 482452 942025 872025 811927 325136 710223 258116 556993 419813 131158 474830 309243 875046 893562 570427 454220 950487 126994 752600 959162 335734 306861 561729 374392 192572 602996 268773 592392 375009 480695 465110 378007 250325 394979 999999999 831394 224034 265728 852427 578460 422459 811294 670847 1071341 760068 930252 955627 739868 383403 366690 587580 218938 172545 809976 147894 168828 702342 504588 891884 696145 911584 334621 746372 331791 969078 714169 428833 479815 447739 963602 733604 651579 175214 355260 731006 366185 495685 671116 763340 411833 554544 819018 508521 519489 141245 493280 525180 145245 858707 546463 543943
721057 825477 719313 318622 907328 236834 723555 89127 226140 618465 110833 445043 633588 1010655 393275 623963 855406 930022 722000 542355 1021063 195877 105429 633105 380901 228996 760223 78874 753440 806343 934695 524549 1043707 715840 709960 566093 532002 612746 389441 426207 479694 646934 997473 831394 999999999 774671 622723 485612 584365 850183 105865 367592 240374 334615 104098 523723 268250 507269 480804 511199 741170 664306 145545 803885 663395 555553 953779 251149 563947 584218 720829 838922 620575 695972 449558 704967 718932 569788 425584 261360 444980 742488 995912 689977 475503 420927 555160 159459 1055718 277237 69864 446047 567981 777043 726043 311325 724388 494668 688970 564198
69407 190310 107996 825946 155154 1001441 272356 858694 573437 612528 880091 707675 610740 237113 556023 366071 334591 228316 142630 301573 246432 768248 856785 364369 404140 842507 307731 700066 750204 115699 167554 382330 274691 352389 385491 249860 692849 195543 505369 508781 296614 130782 248477 224034 774671 999999999 375790 678957 382544 205854 727416 526594 1011263 618726 878564 781490 758744 450898 397051 681548 395195 188231 793348 78899 237275 511226 303488 772355 503337 723562 502529 523017 165656 767937 545978 211447 640716 559462 809815 613554 487216 349761 231315 519005 309957 372240 479978 669496 295194 518116 744316 573581 331273 84183 655267 505540 300079 683774 330959 655393
309211 280014 268010 815904 525231 857189 568232 711073 514121 236976 732280 784754 797770 566342 623106 9724 677210 604102 237141 458541 557973 712441 666385 593405 290591 784582 152758 545413 955750 482740 523606 535720 613978 95127 654018 181760 330679 400061 238902 212453 282259 290664 612755 265728 622723 375790 999999999 781348 578843 571153 629063 574776 855478 649477 712734 878540 485730 125490 145540 323947 119723 188654 572562 338612 138692 677011 676803 742692 674813 862418 156218 818598 360147 944670 647688 505027 272715 188622 854349 598551 587208 122336 583126 751660 246937 406356 649441 595340 645820 354002 627291 244724 516442 311526 287377 313657 122769 789600 597660 286240
665687 828588 694876 251363 740732 578675 466157 507745 334238 911768 517746 53729 176359 863721 159456 776307 552191 711160 721427 380833 887973 310277 586361 342497 502641 340374 852367 475614 268193 635795 782253 296764 875650 844364 381105 621837 885241 486436 647180 687948 504641 602534 804279 852427 485612 678957 781348 999999999 306056 625172 379747 209431 605559 165201 550255 103331 705254 724958 655270 863497 887712 693595 618067 746615 728065 184222 689966 264051 195015 101091 931118 432571 525305 211981 138666 495128 1000004 845723 161077 245823 201661 863167 826215 280531 535895 376704 211042 335197 867919 507109 415787 750489 348399 732521 1012132 548127 820623 9689 401567 891755
382387 550302 419503 502255 434723 764149 165962 646231 359929 767280 663961 343805 233613 557676 225942 571299 279539 410270 452133 120317 582003 489726 687614 49503 369505 552824 606851 533170 385147 329908 476207 63931 570492 616817 126244 398355 785270 203915 536595 567504 305720 332747 500879 578460 584365 382544 578843 306056 999999999 323305 497044 226040 783484 301493 680314 405424 703810 567867 490891 766112 663674 441208 670290 455728 486643 128994 401880 471343 120810 341183 735015 277283 248212 390617 190429 189091 837115 700188 453967 339361 152737 629530 520796 173489 345255 219031 98089 432889 564662 442146 527400 641580 62954 446418 851068 464720 580720 309301 110726 772750
264232 387959 309657 822635 135903 1057288 159022 925331 628242 804873 945294 666045 509634 252290 543294 561487 140691 87074 346613 310623 282132 795374 944819 282761 521930 863887 513582 784029 623120 90464 179709 357415 253986 556898 259305 417494 872154 243892 658097 671017 413229 288079 179415 422459 850183 205854 571153 625172 323305 999999999 780914 531295 1072582 616848 952948 720022 892135 627909 563070 858428 600498 383076 900329 275040 435420 441420 112768 784971 430984 641709 705820 351470 253736 657970 513277 147643 841071 747278 776936 638318 468404 555326 206802 397137 441765 429716 414212 717506 242852 630810 805441 741961 302337 288480 855715 631427 505205 627244 224559 840161
680111 801127 685006 230346 850114 277160 645185 149235 155088 663141 167078 339610 529553 959482 293619 628662 773388 863694 693144 470311 972823 104094 208487 546431 357903 161736 754736 118007 647600 745617 880836 440420 989051 717957 620791 542528 593007 551970 411642 452485 441557 604851 937196 811294 105865 727416 629063 379747 497044 780914 999999999 273730 291678 230801 185302 420337 352671 524652 483591 571320 748781 639804 244124 765626 647361 456543 880067 156143 465474 478484 744747 742117 566369 590251 349211 633678 762588 607651 327389 162298 351258 743528 940043 590836 446008 359274 458674 64397 997502 275288 36122 487735 488162 740585 771293 317620 718658 388810 604887 617856
498120 650848 519214 300106 621660 538112 383473 422754 156724 703518 439707 210290 289860 740120 50305 570187 505237 617441 540389 230707 759176 265604 472739 275506 293228 332612 655836 328063 436262 513689 658293 175509 761922 642188 347671 423427 683505 332369 440649 480655 304523 427462 700427 670847 367592 526594 574776 209431 226040 531295 273730 999999999 557558 92148 458690 303833 533256 515535 446085 662086 684144 503954 472201 583777 532606 191647 621525 254192 198885 300798 722769 471447 361995 400544 96389 384836 790818 637113 292853 113476 77651 662443 711719 324821 332181 177363 187944 210627 763339 305846 305962 545564 229157 564858 803046 344142 622590 218339 336063 686542
959557 1065784 959126 366499 1139227 31349 935720 152947 445331 819321 131318 554312 776541 1245935 567318 857486 1061975 1155171 962314 761987 1257622 303410 195706 832981 621182 266252 996947 318886 864173 1035804 1168546 729399 1277248 949782 904491 806465 712975 841826 617882 650846 718216 884965 1227451 1071341 240374 1011263 855478 605559 783484 1072582 291678 557558 999999999 494707 142775 603443 429353 735647 716652 694732 972141 904672 301018 1043133 903051 726395 1171417 342209 736444 689790 940735 1012466 853638 795313 618864 925353 918297 779881 486299 444131 633312 976733 1228716 857397 715491 648714 734074 355418 1287137 516821 268660 656749 778690 1016593 923175 548668 961358 612661 892899 755019
589850 740927 610005 208745 711603 472277 464866 373101 170023 758348 387156 144535 298989 830862 75732 645658 579826 703557 630147 321699 850413 192681 438979 349712 360948 251580 739547 314442 424953 603563 748888 259444 851627 721901 414836 507419 724077 424318 491842 533585 388727 518641 788596 760068 334615 618726 649477 165201 301493 616848 230801 92148 494707 999999999 412968 240590 540713 578964 514240 702192 762285 591502 458869 675682 617506 231844 702600 169851 241777 265990 792763 518404 454124 375437 124160 471916 849913 693643 206636 81026 149408 743300 801384 364299 412948 264566 239939 177068 851828 347881 266464 592439 314894 656459 861399 390667 705545 174888 412047 733442
824435 925527 821753 345528 1011386 146711 823780 43351 326245 684198 43419 504334 709443 1114674 478516 714716 954338 1033322 823392 644129 1124916 241589 67188 729491 482757 242362 854330 179736 817668 910188 1038789 622064 1147803 807010 804913 666880 584345 716463 475369 508901 583198 750524 1101410 930252 104098 878564 712734 550255 680314 952948 185302 458690 142775 412968 999999999 572154 303462 593255 573999 565005 829561 764896 170033 906808 761696 641379 1055629 293750 650457 644500 800240 927299 724654 755080 533706 807179 784024 641723 463233 347578 536307 833958 1100005 775482 577887 524249 643960 248155 1159764 375873 153006 517954 667429 879731 789701 406456 818791 558660 786781 623059
768972 931894 798184 236961 839023 574160 561493 528805 408566 998585 534861 96263 235660 962125 255650 873851 637813 805052 824588 484085 987113 332389 617430 438727 595403 339757 953816 528268 265984 735225 881090 399626 972270 944090 469098 722557 963554 589534 732274 773881 604634 705817 899435 955627 523723 781490 878540 103331 405424 720022 420337 303833 603443 240590 572154 999999999 763907 816368 748864 941605 986838 796034 664329 849681 829621 279343 778449 278579 289417 102140 1026321 495107 628598 193382 241546 594267 1089292 933524 118174 314737 304399 963451 923237 353149 634634 476409 308375 388286 962810 588409 454881 832984 450467 835774 1100992 631250 921681 97791 495489 973915
