NAME : synthetic_000431
TYPE : CTSP-D
DIMENSION : 100
GROUPS : 8
RELAXATION_LEVEL : 1
EDGE_WEIGHT_TYPE : EXPLICIT
EDGE_WEIGHT_FORMAT : FULL_MATRIX
EDGE_WEIGHT_SECTION
999999999 806211 71914 564754 677810 800875 64585 292281 804073 766091 795124 183677 1061401 249555 303372 290389 274366 888841 659709 703840 509654 340578 842409 491553 673992 661095 608286 433982 94563 796901 536766 832890 705938 355549 711498 765266 662805 618335 331344 496280 1074693 900574 869757 776072 428237 610593 592211 917841 291728 304147 699131 713354 422616 500119 685339 239653 166191 25729 876920 871176 818466 347178 436502 500477 284855 479849 608124 758805 771511 144578 309983 936475 882769 224749 875332 504543 147220 240384 335730 295810 118694 529244 230126 1154070 958187 154819 366209 698270 680659 857677 716411 546569 108569 939311 444541 745508 860498 625718 348376 769805
806211 999999999 789581 311495 1071210 442919 851394 617107 257915 734142 201271 624806 706864 559148 885471 571450 586397 694707 165485 468159 356155 466049 71669 528418 870316 622440 232240 879253 719793 52177 287965 731918 921222 470144 677965 935709 663007 495615 533736 348883 800862 852683 560603 890155 495352 1110695 246529 475549 514737 556583 197888 157950 389090 1042625 1117136 601933 905577 780929 406725 122983 668833 461650 699353 319119 734548 453419 935844 176821 424761 719906 801061 467059 876446 800007 813809 947587 680517 798585 478482 617238 793261 655071 584179 831307 497364 669113 976146 762971 1133081 54146 539835 473292 710584 693556 814158 522225 65435 587872 621282 42788
71914 789581 999999999 529440 609764 749102 67154 235190 765851 698280 761388 168067 1001411 248500 237523 244544 300630 824834 636370 649383 516969 325592 830978 434379 602170 596780 580580 363515 75244 775812 532788 766243 634029 360899 645134 693366 596513 561930 352673 499819 1010731 831143 812112 704549 378358 548294 589417 866596 278326 326996 698884 709192 400924 438803 619532 262881 129591 74087 829129 845655 754203 328111 367167 496095 214065 431819 536894 727387 720580 85040 238277 886351 812509 291316 806605 435632 177447 306523 335586 333416 47582 462359 205402 1091127 906803 180764 307974 628629 616124 839435 657363 493157 80375 876518 372639 687871 846779 563065 286479 751309
564754 311495 529440 999999999 763648 295801 595907 322189 240116 481402 232004 384295 598979 350352 583680 288565 428635 501290 148403 246113 322654 250416 375122 219413 576583 352440 82173 568084 470768 278055 245822 503903 627976 318806 416820 651569 388567 223271 399619 293889 658756 620058 406302 614462 186528 799258 270741 396551 292520 409743 346998 326081 167334 732069 808004 424348 629487 542018 339048 328252 451111 234835 387980 239174 432707 141941 629406 200077 264578 449302 496226 407296 632489 633336 581673 636120 472932 637822 303204 481029 521207 351306 335504 717055 434979 460984 672227 485848 823128 348622 307066 173942 458066 525158 502670 309426 376819 309953 315034 268711
677810 1071210 609764 763648 999999999 747022 630317 542587 893059 458695 927242 683677 816057 757024 375157 601912 856873 617592 911841 656427 975722 757745 1137703 544246 241805 491124 845758 253537 650664 1030986 940522 524856 209508 849512 469202 252879 452545 591744 888145 947271 754683 489066 713257 312007 596544 134295 989564 833852 738346 870948 1090451 1078784 770749 212065 56063 820410 540534 683850 845870 1054720 568289 743441 384543 911411 442070 625429 136039 920675 738495 580289 384535 861413 446012 901071 495150 175081 763208 916283 814673 907536 562502 416815 673262 838389 861768 760715 336378 374691 82334 1100924 601199 598363 640672 675598 283795 636974 1136494 507495 498672 1028893
800875 442919 749102 295801 747022 999999999 815430 514492 189518 322306 243878 637570 304045 625990 715791 510936 716480 252032 355565 106279 610800 533115 513347 319791 511289 256404 329086 638818 707764 390929 528384 299657 556161 612229 284612 550007 294491 196436 692771 583906 374465 417887 121282 493673 372657 828069 537510 117610 567617 700605 578345 544616 457714 797610 800954 706838 818291 782105 99950 366253 234670 514816 463584 529190 584331 322333 615968 267237 31630 664062 626333 139193 447497 910505 380071 679869 739633 916971 593288 771580 726029 368563 588214 424655 157713 728223 787327 381541 823290 444305 145889 256194 692909 253334 564678 110473 496044 249296 472227 412362
64585 851394 67154 595907 630317 815430 999999999 301058 832777 754391 827752 226856 1064521 301605 255463 311682 336718 885204 700248 715113 566746 385757 890790 499524 645556 657257 645580 393819 131667 839136 588771 823867 673983 411300 703347 734842 654930 627130 392671 551748 1070950 884002 876549 750365 445265 555856 644924 932979 337540 365774 753247 765565 463845 444963 634303 301005 103412 86591 896043 910317 814436 389844 421860 552188 266811 498854 569901 793327 787087 151707 277843 952933 863306 281040 860948 459630 209425 296954 388892 360142 95325 520483 268194 1152153 973143 215994 309556 681457 628042 901864 721306 559329 141130 937848 413660 752429 907535 624980 349957 813751
292281 617107 235190 322189 542587 514492 301058 999999999 546408 488423 550196 171444 769137 223567 269344 59709 331977 599690 453146 414198 437375 216363 670784 199625 446248 373604 389165 299319 204929 592507 414863 550059 489686 307151 428912 539440 380625 326970 352335 410437 785081 630113 577846 533243 148247 534882 469040 632080 196367 339162 577566 575437 247344 446336 572718 300432 312585 277082 596884 649982 529967 203803 185677 381764 120942 202973 429347 521666 486419 150396 190570 652361 619150 452519 600872 379356 278024 463846 272270 389056 212322 252784 141155 863205 672195 269979 361167 433153 579954 661221 424133 258320 189375 648542 259345 453555 679941 335675 63861 575444
804073 257915 765851 240116 893059 189518 832777 546408 999999999 501669 56705 624369 453414 587877 790357 521987 656990 440886 213366 242397 494293 486613 326680 387375 669236 409894 221419 743937 709786 205797 409309 487300 717665 540697 454116 720625 451121 302279 619824 472606 543706 606630 303631 668344 399266 956860 401309 221993 530921 634364 416184 378719 400553 908950 944204 657485 858712 781660 152168 177786 422632 472564 558800 421805 644036 344958 757789 92612 177299 683713 699804 218331 634647 867468 568457 798932 711789 870793 531713 704736 753887 484537 575437 578279 249390 699801 872864 547477 964030 255106 309688 318468 696707 436266 671528 283702 307618 386314 523832 232371
766091 734142 698280 481402 458695 322306 754391 488423 501669 999999999 549706 656585 366748 686771 565155 521388 795721 163582 605244 266139 788811 626186 805753 324399 217858 133308 552584 440412 688760 684849 721380 75903 251778 725753 66771 232110 109980 258166 796020 758266 332248 146686 259372 172712 413245 564721 751723 385873 638224 792509 824645 799007 585137 567778 514718 771618 716283 756043 412312 678667 109788 606227 332631 706736 487745 397431 344890 560094 325785 622655 493669 413276 151408 940788 113347 447305 765187 951829 695625 855248 659354 237469 616964 418178 409144 756400 606603 91751 540139 747167 194687 321518 673428 223535 377262 218010 794274 179058 425361 696855
795124 201271 761388 232004 927242 243878 827752 550196 56705 549706 999999999 612974 509187 569560 802950 520140 631075 495831 171794 286111 453365 467953 270392 406618 708725 451120 194541 766254 701639 149128 369093 539174 758047 512950 499228 764250 492487 335721 590357 433649 600340 659156 359747 713733 406280 985013 355705 277508 514224 606722 362876 324717 381228 931816 977204 634618 860342 771871 207835 130149 474891 455640 580795 385145 654116 353607 791388 44650 228937 681228 713143 272229 685892 844227 620710 825027 694655 846609 507249 676039 752893 513953 565109 634019 303185 682651 888016 590541 996096 200689 355830 339957 689278 492557 695189 332637 252187 423818 533977 176037
183677 624806 168067 384295 683677 637570 226856 171444 624369 656585 612974 999999999 914522 85610 346317 137181 173213 757765 476170 547277 353109 158916 664045 348366 614300 536315 424773 430640 95214 613883 364800 715118 655695 198273 595084 707822 547505 468298 209917 334031 941154 799851 718405 704030 270301 651075 421496 752565 110757 189377 531232 541129 239055 548981 705600 137005 293886 159480 706611 687521 689643 163907 354683 328105 241927 315989 583579 575898 607021 121086 301507 769228 790067 286073 769617 511104 109173 296155 169866 225304 184540 423171 49772 1015976 792863 99876 433748 604311 708124 675629 571343 391380 87692 802835 409745 595945 680680 495238 235156 587582
1061401 706864 1001411 598979 816057 304045 1064521 769137 453414 366748 509187 914522 999999999 915271 912522 780135 1011795 203256 651527 370525 914516 827926 771407 570608 580823 414028 631717 800063 972593 655712 831575 293749 606598 912258 386681 569167 428791 446382 992204 887848 113927 344000 197699 506916 644249 929238 837694 231723 858002 998194 867727 831225 757245 934195 871883 998732 1046512 1045855 301363 602757 267352 808784 661333 833176 808466 601738 710440 544840 334716 918201 831661 240509 389210 1196199 326056 813336 1021175 1204056 891183 1068491 970312 555883 866926 124866 211279 1010357 964594 458330 898368 692479 345176 523315 957147 143224 731861 318579 747532 440657 714947 685122
249555 559148 248500 350352 757024 625990 301605 223567 587877 686771 569560 85610 915271 999999999 430045 172110 110324 772495 419992 544772 268871 101624 593175 365969 668841 559894 376139 505838 173367 553293 287530 739306 713016 113168 622487 761640 576791 474380 131122 251340 951947 832591 717615 751975 279401 731331 343425 737078 58592 115703 451688 464300 188339 631161 781845 85526 376745 223888 685337 631755 707044 115551 408577 251097 315749 314492 650431 529617 594605 206560 379524 751187 827116 284992 800046 586818 125399 291015 87386 169362 269264 462033 84089 1022767 776869 113441 518479 643965 785746 611452 578841 395542 169348 813034 477767 598975 611898 516150 282898 524172
303372 885471 237523 583680 375157 715791 255463 269344 790357 565155 802950 346317 912522 430045 999999999 321334 513507 716387 720724 609513 686126 466958 940050 405982 413994 500188 655546 145897 289153 858908 676593 640085 434043 538292 528253 496833 483981 519793 555836 662380 896228 676068 744331 522392 398397 312249 732333 829599 431831 533920 842310 842603 513875 204996 382217 475205 173088 311219 810137 911359 647260 459509 255567 641707 151225 449549 320752 779198 693216 227614 90809 853836 648163 527691 659771 204517 403690 543143 505851 556656 191558 359636 354389 981403 867365 403586 92450 480017 378626 928373 591063 475612 282377 774330 189687 627581 948756 481871 269516 843498
290389 571450 244544 288565 601912 510936 311682 59709 521987 521388 520140 137181 780135 172110 321334 999999999 282254 620664 409756 416024 377825 156655 622225 211597 497441 399409 348291 358944 196838 550091 357501 578494 542438 248478 458978 589951 411821 333849 297493 351094 804334 665801 585199 579911 138496 594138 412377 627645 138556 286323 521706 521277 192542 504178 632394 253589 341244 271175 586766 612503 552464 144365 238024 323768 177388 189461 487070 488405 481325 161729 247241 646099 658060 423244 634656 439054 246302 433184 213593 340760 232756 291491 95674 879770 668006 236682 413740 473578 639659 617489 435807 258754 182069 666208 318380 461789 633065 358080 111591 530546
274366 586397 300630 428635 856873 716480 336718 331977 656990 795721 631075 173213 1011795 110324 513507 282254 999999999 876549 468480 641895 249503 183908 608249 473296 778078 667655 437141 603841 230192 590168 299189 846709 821626 119243 730982 871090 685784 576573 59379 244253 1053709 941833 814263 862164 385463 822070 348104 823591 158589 32085 445674 467093 261340 717999 878572 38465 428758 250330 767658 674851 812351 203034 517561 267330 414977 415840 755054 588463 684862 285994 474382 835540 937003 215475 908877 684240 127322 216280 125762 59531 334078 572306 190866 1122317 862647 121137 597060 754180 880674 640356 680760 497867 233372 914970 581484 698579 631315 623378 392511 556742
888841 694707 824834 501290 617592 252032 885204 599690 440886 163582 495831 757765 203256 772495 716387 620664 876549 999999999 595175 255414 823517 696390 765317 409678 379366 228061 556316 598952 804548 642809 746777 92749 408380 790050 188149 377118 233844 300801 866545 794236 185907 180500 142843 314392 493331 727434 765989 267233 718373 867892 820194 788819 638427 730962 673626 857892 858131 875716 314841 615756 70811 676390 470593 739877 622589 461137 508008 518435 270806 744291 638937 292046 219664 1043623 148669 610176 866689 1053096 764055 935390 789999 366617 713145 267587 278828 856716 764342 255082 699653 695978 198637 378964 788995 60055 532356 191980 748019 264048 540636 663167
659709 165485 636370 148403 911841 355565 700248 453146 213366 605244 171794 476170 651527 419992 720724 409756 468480 595175 999999999 346966 281882 320755 226861 367621 720054 483359 67132 714423 569675 140454 197358 615589 771377 349274 544083 791260 522180 352981 423887 261860 729818 735514 476552 750287 330036 946934 188742 425679 369345 442184 225029 195073 237115 877405 956393 476274 747797 635092 357432 211963 556533 312591 535920 214078 569638 289537 777323 127147 329448 562794 635791 426905 753557 683613 696470 783739 544947 684757 348421 509854 636206 498098 432113 775352 457710 533096 811092 621594 971519 208108 416780 317800 559176 606685 650221 407930 230152 444378 455817 123018
703840 468159 649383 246113 656427 106279 715113 414198 242397 266139 286111 547277 370525 544772 609513 416024 641895 255414 346966 999999999 568683 458253 539806 216432 427727 167999 302622 534557 611966 418713 491379 268737 475616 545814 213146 478585 209013 90601 624760 539677 416519 389050 172844 427632 277852 730238 511303 221702 487484 629332 570979 542037 391394 694959 709060 628238 714154 686160 203018 416110 209967 438887 357610 485111 478999 232074 522758 294070 86305 564492 520105 244834 409487 826487 349965 578628 652447 834036 522879 699117 624289 264617 498813 481002 260867 641413 681373 305173 730244 481420 71700 157414 596823 280386 460402 63437 528144 150139 368781 431408
509654 356155 516969 322654 975722 610800 566746 437375 494293 788811 453365 353109 914516 268871 686126 377825 249503 823517 281882 568683 999999999 221843 366192 478838 838516 655782 283811 736686 441726 371966 85068 820384 888071 156075 722269 924863 686197 534827 191034 30711 980189 932517 726329 899302 398250 971791 109688 697726 254426 217496 196429 220526 212419 879334 1008794 275567 645591 484136 632089 461383 771014 233602 596530 83651 552954 395617 853967 408748 580823 471813 622035 702315 939766 452952 895127 816501 366105 449547 183457 267682 537630 609038 332923 1035318 732503 356635 777335 775277 1016934 409941 627390 467356 438213 847640 692253 631889 392073 610384 477066 334564
340578 466049 325592 250416 757745 533115 385757 216363 486613 626186 467953 158916 827926 101624 466958 156655 183908 696390 320755 458253 221843 999999999 505440 301873 638381 494932 274778 515508 254092 456532 212646 672015 685873 101114 560102 728638 517279 395633 170853 196220 871438 772871 630447 711117 213126 750049 269441 641664 48869 171750 380163 386340 86725 657725 788955 174664 447390 315527 587736 532716 633914 20111 385368 176568 331136 235466 640035 428168 501527 263963 400342 654619 772143 382938 738258 595704 226778 387637 69445 240890 335270 416726 122308 938999 681076 214784 558907 594619 796314 517183 499194 317564 245644 732956 473963 515635 521783 449621 261159 429251
842409 71669 830978 375122 1137703 513347 890790 670784 326680 805753 270392 664045 771407 593175 940050 622225 608249 765317 226861 539806 366192 505440 999999999 593839 939838 693390 293881 940547 759245 122662 310284 803464 990865 496246 749352 1006290 733825 565959 552668 364890 867685 924203 630140 961231 555655 1173684 260412 541049 553293 577249 182317 148045 434291 1102754 1182824 627609 950531 816836 473051 173247 740273 503465 762771 344855 789885 516380 1002724 248167 495821 765081 857499 530968 948098 818015 885350 1010483 710735 815229 509065 633142 837991 722440 626314 895345 560773 699733 1031487 833819 1198197 82410 611487 540905 751080 762916 876959 593842 32143 658273 679361 110575
491553 528418 434379 219413 544246 319791 499524 199625 387375 324399 406618 348366 570608 365969 405982 211597 473296 409678 367621 216432 478838 301873 593839 999999999 365860 194405 301553 359932 401991 490685 422470 373470 416827 401875 258593 448105 215440 127606 471651 448174 592800 471079 378257 420466 88848 584396 463446 437071 314969 468661 555463 539530 267995 525532 588994 451446 498506 475401 408517 525709 342387 281967 174833 400936 266346 86263 410088 390100 293716 349889 315185 458878 470681 633999 436838 422109 457110 643417 371317 532773 408010 135352 303479 668288 476723 447064 486014 297424 604670 561309 225461 69676 386557 454611 290058 253978 593845 150196 152502 485830
673992 870316 602170 576583 241805 511289 645556 446248 669236 217858 708725 614300 580823 668841 413994 497441 778078 379366 720054 427727 838516 638381 939838 365860 999999999 259735 657457 270558 615884 825868 787299 287248 51394 738420 229015 93569 218970 376092 794548 808209 530506 277096 471570 108672 440419 348417 829288 593263 633681 783720 920032 902021 626128 364372 297633 746597 583161 670859 608729 838440 326986 620486 260572 763876 391867 452123 131169 708181 505761 542988 367744 620855 241770 878485 272022 250052 714245 891857 704396 835298 556745 231015 587381 616294 620386 708158 430211 133143 322636 893784 366729 402924 602158 438501 232118 400819 934420 285247 386020 829342
661095 622440 596780 352440 491124 256404 657257 373604 409894 133308 451120 536315 414028 559894 500188 399409 667655 228061 483359 167999 655782 494932 693390 194405 259735 999999999 426942 399035 577952 575422 589403 179549 307774 593821 66565 314178 41368 130613 665365 625202 413951 279093 247932 267980 282877 573015 621422 352239 509373 662945 698359 674659 451905 549971 544733 645250 633186 648419 355940 581223 157442 474887 247327 573961 396010 264318 359566 453992 247524 516518 417790 379165 283987 822238 243541 429809 645480 832470 564283 727148 562113 141858 494008 494955 385222 636043 558479 140661 566910 641284 110611 188429 562417 281132 326731 147609 684958 45806 313310 583101
608286 232240 580580 82173 845758 329086 645580 389165 221419 552584 194541 424773 631717 376139 655546 348291 437141 556316 67132 302622 283811 274778 293881 301553 657457 426942 999999999 647318 516412 203464 199985 568668 708842 319801 489609 730863 464584 296407 398509 258684 702017 687187 447349 691933 263112 879836 210247 414164 322030 413595 272062 247820 188313 810422 889908 440081 688413 584252 349473 265301 512218 263741 468902 205216 504342 222509 711576 153527 300115 504500 569910 419708 702578 649751 648355 716638 501491 652283 312823 483641 577664 433285 378656 753563 449552 489507 745490 563126 904824 272874 369532 254538 505081 573494 583117 365480 297140 386152 389497 189578
433982 879253 363515 568084 253537 638818 393819 299319 743937 440412 766254 430640 800063 505838 145897 358944 603841 598952 714423 534557 736686 515508 940547 359932 270558 399035 647318 999999999 398594 845552 710616 516303 288293 602619 413596 351218 374516 450468 636783 709583 772461 539452 646930 379230 384964 237321 763010 746101 491391 618743 868931 862445 540607 165602 276074 567144 318545 437056 737443 885281 532713 503092 185489 678860 190090 426282 176339 749811 620793 327320 131207 772043 508769 653696 526517 81043 510219 668527 568062 654053 315941 270255 422718 858522 781356 507457 166281 350933 281305 916281 501656 426544 388039 658437 74161 539537 944378 391695 267056 836479
94563 719793 75244 470768 650664 707764 131667 204929 709786 688760 701639 95214 972593 173367 289153 196838 230192 804548 569675 611966 441726 254092 759245 401991 615884 577952 516412 398594 999999999 708087 458714 752908 652253 285655 631437 708860 582841 527741 279820 424706 990002 827110 779447 713487 335188 601122 515187 824469 205953 254869 624325 635352 332826 493994 665704 191874 204416 74342 782762 780416 734694 258384 366031 422045 224847 386104 565271 665897 678155 73391 267841 842779 812347 262631 799881 475601 114568 276205 260582 268480 103900 451331 137808 1068037 864832 114678 368620 626341 664795 770400 627423 454553 15555 853420 394201 655409 775874 540575 264916 682308
796901 52177 775812 278055 1030986 390929 839136 592507 205797 684849 149128 613883 655712 553293 858908 550091 590168 642809 140454 418713 371966 456532 122662 490685 825868 575422 203464 845552 708087 999999999 296717 681078 876530 471861 629671 889287 616261 450144 540264 360596 748996 801761 508439 842645 464244 1074709 263195 424191 505391 561550 234257 193999 375304 1009933 1077902 602565 888171 771983 355138 89819 617741 449977 663589 324170 707687 419346 895242 125677 373159 703036 772825 416336 826100 805305 762949 911925 676893 804913 476427 625258 776467 614229 570964 780290 446817 665232 948598 716078 1094544 70755 490281 432648 698006 641384 778852 471701 109657 542116 591975 38837
536766 287965 532788 245822 940522 528384 588771 414863 409309 721380 369093 364800 831575 287530 676593 357501 299189 746777 197358 491379 85068 212646 310284 422470 787299 589403 199985 710616 458714 296717 999999999 748516 837799 186024 655413 870568 622106 464475 245774 65311 899604 863011 645214 840942 349016 947755 56910 613254 256038 268905 167547 176803 170358 861195 977115 317347 657823 511048 547299 384796 696797 217467 556771 36695 534830 336745 814033 324445 498829 476120 604701 617499 872773 512067 825048 788499 401216 510640 201112 329565 546448 556319 334152 953036 647761 390436 768939 714645 987317 342083 552765 401897 452444 768527 659704 554802 332356 544733 444841 261012
832890 731918 766243 503903 524856 299657 823867 550059 487300 75903 539174 715118 293749 739306 640085 578494 846709 92749 615589 268737 820384 672015 803464 373470 287248 179549 568668 516303 752908 681078 748516 999999999 315633 769651 121509 285683 170186 285720 842808 790235 256551 120849 213057 223144 461403 635597 774112 341990 688251 841276 839027 810655 623482 642435 580887 824708 789045 821748 379134 664976 65016 651913 403231 737180 557944 438229 416703 555402 310338 688718 567063 368494 147876 1000740 81893 522344 824216 1011214 741100 906155 728604 303885 673362 342364 359693 814947 682477 166983 606940 739489 199246 358019 737451 151274 452753 210089 789188 223332 488149 697067
705938 921222 634029 627976 209508 556161 673983 489686 717665 251778 758047 655695 606598 713016 434043 542438 821626 408380 771377 475616 888071 685873 990865 416827 51394 307774 708842 288293 652253 876530 837799 315633 999999999 785454 271983 63213 266610 426522 839904 857847 548045 285937 509817 107384 490285 327725 880172 633851 679598 828304 971298 953388 675782 359079 265442 789378 605883 704280 652506 887931 361530 668257 304530 814010 427428 503076 125074 758292 552030 578973 396822 661431 245749 914740 287805 253353 753482 928451 751226 878262 587742 281744 630760 632767 659386 747866 439742 174879 291786 944235 412829 454312 638970 466146 261417 445883 985219 335207 430846 880343
355549 470144 360899 318806 849512 612229 411300 307151 540697 725753 512950 198273 912258 113168 538292 248478 119243 790050 349274 545814 156075 101114 496246 401875 738420 593821 319801 602619 285655 471861 186024 769651 785454 999999999 659424 829104 617288 489611 80812 140737 961691 872382 715957 812170 313419 833415 239049 715357 111306 93815 343879 360187 155015 736392 878105 131870 489636 329882 656872 555910 729332 120425 483291 151753 414024 331539 735448 469991 580660 318446 481063 725730 872494 334634 837348 683518 215831 335494 34891 164114 382407 517802 184238 1026437 753697 205386 628144 695636 883893 523832 591753 412844 282337 823985 566496 605435 517717 548269 357619 439123
711498 677965 645134 416820 469202 284612 703347 428912 454116 66771 499228 595084 386681 622487 528253 458978 730982 188149 544083 213146 722269 560102 749352 258593 229015 66565 489609 413596 631437 629671 655413 121509 271983 659424 999999999 267059 48697 193698 730205 691702 370490 213005 246142 214512 347406 563621 686613 364658 573101 727142 761537 736832 518369 553603 524436 707590 671598 700250 380526 629146 119508 540106 284326 640339 438176 330682 344610 506168 282555 567260 451256 392226 217558 880278 178245 432196 704038 890963 629520 790511 608032 182904 554275 454465 393044 694960 577917 97109 548356 693781 144556 254920 615988 246327 345263 174896 739320 112288 366756 639649
765266 935709 693366 651569 252879 550007 734842 539440 720625 232110 764250 707822 569167 761640 496833 589951 871090 377118 791260 478585 924863 728638 1006290 448105 93569 314178 730863 351218 708860 889287 870568 285683 63213 829104 267059 999999999 273099 440422 886638 894375 502469 236226 490811 62749 526766 379117 910479 617935 725473 876272 997655 977631 712539 418751 307195 839854 668325 762809 643039 894388 338990 710411 353803 848600 484468 533950 186999 768164 549480 635824 457193 645301 193235 971490 244386 315870 807771 984954 795323 928486 647471 315837 680516 585706 640379 801713 502743 173783 334453 955444 411514 477852 695247 432287 321389 441452 998699 348105 478743 895779
662805 663007 596513 388567 452545 294491 654930 380625 451121 109980 492487 547505 428791 576791 483981 411821 685784 233844 522180 209013 686197 517279 733825 215440 218970 41368 464584 374516 582841 616261 622106 170186 266610 617288 48697 273099 999999999 169249 686685 655523 417761 256197 275092 228209 304161 538293 655923 385785 528424 682808 735271 712403 479459 520419 506640 661647 624492 651563 393414 622588 163719 497396 236952 605217 390151 291738 322547 495161 287190 518563 405174 413038 255615 832366 223291 399427 656333 843175 586718 745307 559607 134450 507307 501113 417169 647372 537038 100002 529313 682357 148779 220216 567403 290684 304161 184492 725737 78619 318263 623438
618335 495615 561930 223271 591744 196436 627130 326970 302279 258166 335721 468298 446382 474380 519793 333849 576573 300801 352981 90601 534827 395633 565959 127606 376092 130613 296407 450468 527741 450144 464475 285720 426522 489611 193698 440422 169249 999999999 565755 504604 477611 398546 251713 397445 198292 655454 493595 312299 419005 567231 568065 544066 339626 613184 642280 559348 623889 601571 290690 464224 240160 375658 269949 451804 388406 160736 456075 332340 173526 477338 430058 335345 409381 751405 360698 499583 575532 759850 463272 635146 535435 183739 421120 549105 351374 564907 593265 268945 661839 517721 104461 78860 512415 338715 376601 127943 559124 92324 279153 455412
331344 533736 352673 399619 888145 692771 392671 352335 619824 796020 590357 209917 992204 131122 555836 297493 59379 866545 423887 624760 191034 170853 552668 471651 794548 665365 398509 636783 279820 540264 245774 842808 839904 80812 730205 886638 686685 565755 999999999 187815 1039946 942677 795570 873622 382810 860654 292256 796169 161545 27563 387441 409963 235177 758894 912707 91728 481863 306795 737579 626463 804593 190964 535514 216100 446721 406100 780796 546889 661183 328819 509700 806501 940705 266319 908441 717718 184188 264967 102498 85968 382885 580490 215045 1105677 834500 176751 641953 760841 916275 587847 668774 488068 280940 901864 608548 683691 576548 620195 409074 505762
496280 348883 499819 293889 947271 583906 551748 410437 472606 758266 433649 334031 887848 251340 662380 351094 244253 794236 261860 539677 30711 196220 364890 448174 808209 625202 258684 709583 424706 360596 65311 790235 857847 140737 691702 894375 655523 504604 187815 999999999 952129 902101 698614 868640 367861 945231 104523 672839 231740 212816 203715 222918 182083 853886 980906 266878 627614 470618 607904 449209 741227 206735 567227 54874 527121 364906 824808 389006 553685 451127 596479 678158 909179 453340 864767 789124 355210 451002 164363 269042 518410 578568 310784 1008149 708140 345177 753968 744569 989393 402993 597738 436782 420312 819043 664032 602783 389141 579777 448620 324186
1074693 800862 1010731 658756 754683 374465 1070950 785081 543706 332248 600340 941154 113927 951947 896228 804334 1053709 185907 729818 416519 980189 871438 867685 592800 530506 413951 702017 772461 990002 748996 899604 256551 548045 961691 370490 502469 417761 477611 1039946 952129 999999999 267142 254667 442741 674129 875523 911484 327545 896553 1043158 951223 916328 807715 893070 809518 1036959 1042074 1061416 394643 702704 256556 851674 654653 897266 807641 638097 661665 632392 402139 930157 821456 341453 311961 1226498 260250 774605 1049754 1235576 937647 1111930 975706 551579 895689 86276 314663 1039555 938717 421856 836666 790789 373173 556470 974447 138914 709293 356284 845464 449441 726418 775896
900574 852683 831143 620058 489066 417887 884002 630113 606630 146686 659156 799851 344000 832591 676068 665801 941833 180500 735514 389050 932517 772871 924203 471079 277096 279093 687187 539452 827110 801761 863011 120849 285937 872382 213005 236226 256197 398546 942677 902101 267142 999999999 320850 178738 559922 613156 890769 447421 784616 939001 958307 930508 730818 640810 543381 917189 836862 892173 491690 784015 184286 752908 464094 849891 617784 543388 405813 676092 430220 758894 614050 472485 45420 1082495 39088 527021 907888 1093951 842309 1001342 789988 377379 761473 349573 459093 899435 703585 202608 570668 859673 318742 466097 811980 221148 486627 330933 909686 324885 566475 817915
869757 560603 812112 406302 713257 121282 876549 577846 303631 259372 359747 718405 197699 717615 744331 585199 814263 142843 476552 172844 726329 630447 630140 378257 471570 247932 447349 646930 779447 508439 645214 213057 509817 715957 246142 490811 275092 251713 795570 698614 254667 320850 999999999 429891 448178 809710 656902 128946 660306 801030 699621 665857 561007 795507 768902 801033 866145 853228 171999 475587 152462 611232 488955 643743 627831 404430 590707 386556 147637 727944 658852 155642 356733 998990 286021 674498 824424 1006686 694188 871151 783561 384921 670399 311116 149778 813501 805887 338568 793352 558113 156180 327055 764110 133039 574623 124293 611156 262608 526777 531673
776072 890155 704549 614462 312007 493673 750365 533243 668344 172712 713733 704030 506916 751975 522392 579911 862164 314392 750287 427632 899302 711117 961231 420466 108672 267980 691933 379230 713487 842645 840942 223144 107384 812170 214512 62749 228209 397445 873622 868640 442741 178738 429891 999999999 503550 434448 878245 557627 712082 865078 961449 939625 687985 465072 367106 832652 690743 771560 584948 843657 277652 692236 350086 820963 491870 504719 229866 719965 494926 641433 473128 584880 138471 975338 183249 355266 807279 988225 779142 920519 659987 294411 673077 526819 579186 800432 538077 128811 394124 907579 358660 442367 699259 369581 338411 386615 952278 305994 470561 851022
428237 495352 378358 186528 596544 372657 445265 148247 399266 413245 406280 270301 644249 279401 398397 138496 385463 493331 330036 277852 398250 213126 555655 88848 440419 282877 263112 384964 335188 464244 349016 461403 490285 313419 347406 526766 304161 198292 382810 367861 674129 559922 448178 503550 999999999 619485 394817 489629 226907 380074 493924 482862 185838 547380 636759 364906 460701 409525 450781 513077 427646 193281 212473 323896 248254 54740 466867 380939 343308 293572 310071 508587 559102 553217 525649 456516 377240 561839 282560 444844 359617 210958 222834 747091 529965 366624 486061 383403 649557 534609 302075 121124 320276 535309 323376 325692 560187 238129 128967 452675
610593 1110695 548294 799258 134295 828069 555856 534882 956860 564721 985013 651075 929238 731331 312249 594138 822070 727434 946934 730238 971791 750049 1173684 584396 348417 573015 879836 237321 601122 1074709 947755 635597 327725 833415 563621 379117 538293 655454 860654 945231 875523 613156 809710 434448 619485 999999999 1000310 924078 722911 840398 1106196 1099302 777865 110930 98595 784134 457641 621054 927998 1108423 672119 738502 411361 915729 419770 657465 220119 972823 815401 536762 352459 951311 571648 835152 615300 163201 715689 850876 799342 867508 503322 472325 650441 960442 955025 715229 246879 475358 79954 1145420 683234 646615 593727 786790 296725 720588 1176059 580342 504312 1067924
592211 246529 589417 270741 989564 537510 644924 469040 401309 751723 355705 421496 837694 343425 732333 412377 348104 765989 188742 511303 109688 269441 260412 463446 829288 621422 210247 763010 515187 263195 56910 774112 880172 239049 686613 910479 655923 493595 292256 104523 911484 890769 656902 878245 394817 1000310 999999999 613900 312934 316935 110729 121275 222550 915250 1027344 368917 714675 566482 546012 352893 719759 273781 605140 93503 589453 377189 861466 311713 509345 533018 659311 615607 902976 557844 852329 840193 454867 555392 256516 373348 603348 598445 391053 960742 646376 444332 824735 750750 1038206 300400 576052 436410 509101 783724 710293 574543 284686 577707 496413 225386
917841 475549 866596 396551 833852 117610 932979 632080 221993 385873 277508 752565 231723 737078 829599 627645 823591 267233 425679 221702 697726 641664 541049 437071 593263 352239 414164 746101 824469 424191 613254 341990 633851 715357 364658 617935 385785 312299 796169 672839 327545 447421 128946 557627 489629 924078 613900 999999999 678506 805900 637538 600489 562708 901346 889007 816205 935462 898793 69832 375183 280964 624062 575587 619096 700701 438521 707409 313980 146331 781557 740818 27596 484682 1022053 413701 781766 853104 1027938 698910 877160 843635 476915 703002 356522 40370 841555 898607 460269 912699 463393 244692 373798 809703 241290 672290 206721 518188 354412 589565 453402
291728 514737 278326 292520 738346 567617 337540 196367 530921 638224 514224 110757 858002 58592 431831 138556 158589 718373 369345 487484 254426 48869 553293 314969 633681 509373 322030 491391 205953 505391 256038 688251 679598 111306 573101 725473 528424 419005 161545 231740 896553 784616 660306 712082 226907 722911 312934 678506 999999999 154612 423330 431542 133751 627214 766804 140824 401892 266659 626797 581277 653851 58595 375775 219450 303223 258484 625435 475091 536200 220665 370897 692596 781103 343581 751197 572258 180896 349507 76671 217937 290416 419183 79162 966453 718285 168900 522913 600019 772687 565987 523391 340167 198083 757689 455601 542520 570081 464928 249375 478082
304147 556583 326996 409743 870948 700605 365774 339162 634364 792509 606722 189377 998194 115703 533920 286323 32085 867892 442184 629332 217496 171750 577249 468661 783720 662945 413595 618743 254869 561550 268905 841276 828304 93815 727142 876272 682808 567231 27563 212816 1043158 939001 801030 865078 380074 840398 316935 805900 154612 999999999 413746 435505 243289 737661 894314 64801 455902 279723 748599 646944 804843 191620 523783 237869 428964 406771 765908 563675 668978 306430 490559 817039 935714 243810 905337 699510 156936 243499 107318 71286 358366 573172 199522 1110288 844609 149780 619084 754391 897271 610621 670919 488941 256709 904702 592963 687237 600640 618143 397714 527639
699131 197888 698884 346998 1090451 578345 753247 577566 416184 824645 362876 531232 867727 451688 842310 521706 445674 820194 225029 570979 196429 380163 182317 555463 920032 698359 272062 868931 624325 234257 167547 839027 971298 343879 761537 997655 735271 568065 387441 203715 951223 958307 699621 961449 493924 1106196 110729 637538 423330 413746 999999999 40321 330270 1023186 1129910 470210 824787 673421 567802 319562 780876 384374 706086 203940 698312 469829 960256 323690 553371 643628 768094 634450 974507 647983 919361 945069 558919 643825 364356 462818 713712 690731 501658 992410 665494 548842 934747 832844 1141709 245322 639820 519910 618681 830744 813903 632546 212375 656663 601886 196547
713354 157950 709192 326081 1078784 544616 765565 575437 378719 799007 324717 541129 831225 464300 842603 521277 467093 788819 195073 542037 220526 386340 148045 539530 902021 674659 247820 862445 635352 193999 176803 810655 953388 360187 736832 977631 712403 544066 409963 222918 916328 930508 665857 939625 482862 1099302 121275 600489 431542 435505 40321 999999999 328744 1019121 1119617 489356 833355 687628 530679 279303 751511 388487 695318 213383 696376 454900 947193 286518 520466 650257 765858 596731 948027 673466 891476 937288 576017 670037 377624 488207 721500 674262 508609 956013 627744 565537 935016 810836 1132268 206399 611766 499969 628819 797599 805127 602814 176641 633954 595672 156451
422616 389090 400924 167334 770749 457714 463845 247344 400553 585137 381228 239055 757245 188339 513875 192542 261340 638427 237115 391394 212419 86725 434291 267995 626128 451905 188313 540607 332826 375304 170358 623482 675782 155015 518369 712539 479459 339626 235177 182083 807715 730818 561007 687985 185838 777865 222550 562708 133751 243289 330270 328744 999999999 693030 806855 257740 516897 398072 506320 448629 579751 75785 387870 140805 368194 187834 645555 341554 426108 331223 437910 574268 734741 467428 694524 618214 313472 471365 136204 314501 404435 396702 195729 871639 601559 301473 606278 565349 816962 438529 439794 265549 322719 670498 489406 451721 447798 406109 274496 350412
500119 1042625 438803 732069 212065 797610 444963 446336 908950 567778 931816 548981 934195 631161 204996 504178 717999 730962 877405 694959 879334 657725 1102754 525532 364372 549971 810422 165602 493994 1009933 861195 642435 359079 736392 553603 418751 520419 613184 758894 853886 893070 640810 795507 465072 547380 110930 915250 901346 627214 737661 1023186 1019121 693030 999999999 197588 679789 346835 511098 897029 1050773 669353 647702 351022 827882 326970 590612 235297 915350 781241 432013 257411 927870 603184 724526 636202 121409 608451 740280 702937 761648 394526 430573 552304 979195 935114 608525 136028 476036 186173 1080606 656841 592015 487373 791016 237464 694809 1107547 548568 424597 999902
685339 1117136 619532 808004 56063 800954 634303 572718 944204 514718 977204 705600 871883 781845 382217 632394 878572 673626 956393 709060 1008794 788955 1182824 588994 297633 544733 889908 276074 665704 1077902 977115 580887 265442 878105 524436 307195 506640 642280 912707 980906 809518 543381 768902 367106 636759 98595 1027344 889007 766804 894314 1129910 1119617 806855 197588 999999999 841430 540018 693381 900053 1103964 624281 775530 424302 947020 466128 668359 186521 969401 791781 597386 404193 916550 499916 909865 550346 195044 779545 925343 843432 927324 572989 464696 698792 892900 917226 777874 330724 430349 27504 1148113 655070 645410 656728 731576 317472 691132 1182521 559579 532928 1074648
239653 601933 262881 424348 820410 706838 301005 300432 657485 771618 634618 137005 998732 85526 475205 253589 38465 857892 476274 628238 275567 174664 627609 451446 746597 645250 440081 567144 191874 602565 317347 824708 789378 131870 707590 839854 661647 559348 91728 266878 1036959 917189 801033 832652 364906 784134 368917 816205 140824 64801 470210 489356 257740 679789 841430 999999999 391449 215067 762338 685382 792552 192197 486056 283563 378899 399083 720254 592924 675313 247780 437266 829281 910952 209992 884937 647346 92619 213625 127961 88962 295731 544938 159619 1107227 855681 85034 558601 727030 843232 655549 663794 480488 194912 898060 546488 683308 649447 601610 362179 570439
