NAME : synthetic_000631
TYPE : CTSP-D
DIMENSION : 100
GROUPS : 8
RELAXATION_LEVEL : 1
EDGE_WEIGHT_TYPE : EXPLICIT
EDGE_WEIGHT_FORMAT : FULL_MATRIX
EDGE_WEIGHT_SECTION
999999999 188903 128270 517633 129246 448128 272124 403591 244652 515940 578312 151634 583135 296827 643341 488630 117714 450578 582703 411889 488981 233261 70259 381564 82479 685891 310053 452325 265818 414603 697853 697851 468971 324396 219422 445330 368830 392765 351805 193529 408316 299356 234836 323106 243126 548904 571045 206837 149693 180375 557835 349252 395924 457434 344922 70818 156915 271020 361546 460354 618707 120625 367234 160424 324755 568598 305836 484514 208037 461506 104356 424206 502309 323070 187920 531178 510380 418389 355241 282486 545220 577766 441433 174154 316004 158631 424827 57636 226131 382547 392705 589862 347225 162476 334679 315888 186943 207269 397048 523025
188903 999999999 295396 387255 314454 566400 449181 420473 215376 698550 751248 227080 410937 240710 464081 404860 178978 265274 402008 311710 672518 215963 222259 301048 110308 512090 490373 633693 164200 589260 627281 521990 584928 180863 390424 561398 179965 435316 420123 360975 581767 483479 128863 209504 275537 383016 384404 328475 309903 204129 403072 174762 215386 363399 339184 208651 153347 424001 232213 273708 436340 306831 178551 314793 342896 442428 473552 428374 263498 294742 92407 463108 372201 428964 47284 364161 693251 309868 505752 379248 386011 637884 569624 149872 453708 344092 248506 193932 146204 509110 204332 498288 502289 208334 329454 285031 83949 93846 585906 411564
128270 295396 999999999 645456 131385 494449 154182 345604 252727 404881 456624 263709 650254 423598 758955 615456 240942 538939 660463 540072 379787 237437 73137 392691 203818 804914 282149 339487 312081 293989 677865 815762 515899 384718 229383 493745 469188 318608 264868 217038 286706 194132 361757 450945 356246 670797 659609 104318 23815 302356 608791 429460 510101 585214 461522 87323 193471 299704 488653 551090 731724 122890 470889 214155 277819 595615 306556 607748 317689 582636 202989 521499 536290 390482 306389 652604 399807 546658 375904 361168 600716 657634 317200 302143 356171 145328 541677 175013 272210 260086 497317 590038 362716 281784 302455 305257 311571 332196 313732 651264
517633 387255 645456 999999999 599541 633571 786019 799848 595528 1016432 1090948 423404 539527 245785 259575 134525 418103 389207 487631 122787 987950 598955 578136 639036 444156 254686 723726 956844 521496 927780 930764 274477 641938 487598 620404 625467 327588 820219 807374 592625 922415 803392 284425 194532 366121 140649 423724 704835 665682 370042 595891 419741 235507 111101 301994 569350 540504 606507 158490 378224 270149 596959 310379 542514 725775 690259 674297 206088 398068 149756 463178 416816 629812 523390 353909 142733 1010410 108040 658624 484118 571237 563699 947958 347715 596347 623435 204236 481067 520827 887449 299341 790329 666212 393714 706711 656641 337453 317014 869057 61370
129246 314454 131385 599541 999999999 363175 200976 474696 353483 416896 495513 180116 712293 358779 754694 544560 182801 578519 711715 483145 388454 339791 145470 494762 204338 792289 181389 357843 389797 335362 797456 805798 384627 452177 102113 362390 493880 449773 396145 85932 331677 205855 331726 409933 263267 651697 698514 235487 152190 231106 685092 478425 511706 521640 368123 159489 273891 169220 452198 587749 733073 9945 490837 89263 403373 689606 185975 523830 223332 567014 233545 404842 625175 261977 305151 635106 410883 493700 248340 237734 673192 530262 423325 255130 224902 29655 537220 128029 349225 371935 515516 699879 236673 207467 423516 417193 294352 312652 278400 593439
448128 566400 494449 633571 363175 999999999 510349 836597 692657 605416 715269 339513 970137 424224 870406 515716 388913 809209 949847 517798 579363 681387 496912 827096 478162 882750 280224 575430 701287 594748 1145970 901317 21451 743148 268665 8443 710971 812948 758696 277418 597029 477823 493623 514025 311913 746484 914268 598132 514459 368242 969417 738736 680886 523604 333434 507166 603766 195797 552227 811929 864790 372031 699909 290481 762785 1002111 216516 454816 307990 686480 527250 229012 932880 137900 530097 736786 599389 536332 137185 188307 951893 219163 753823 425599 138281 351561 688157 401356 665012 712328 716630 1035793 155246 359151 778730 763789 497619 503392 435427 593628
272124 449181 154182 786019 200976 510349 999999999 409984 383422 251057 306235 377787 795081 552599 911969 741821 369782 691273 809232 674562 226667 367772 227112 514332 352944 956672 241268 185469 455591 142505 761608 968020 530773 530896 252250 512213 623290 365506 301950 258981 136530 56710 506088 592243 463932 820771 811519 179980 143513 425594 746633 580712 663241 716163 569061 241503 340969 322518 632121 703844 885326 199536 625072 285829 364120 719843 295400 724127 423944 733079 356821 598692 666328 441456 457583 802897 246123 683274 375161 428227 740920 705519 243505 438423 381075 189065 694095 305172 417496 205929 651496 694823 357993 402604 399167 418905 459059 479389 189101 785873
403591 420473 345604 799848 474696 836597 409984 999999999 205468 602645 587409 551283 528711 650273 801755 824979 507789 510850 569824 732183 589736 204733 342822 209268 419106 862596 620290 545182 281507 476802 352815 865634 858004 336765 574784 835229 502262 56834 114525 560516 466184 466636 546042 629977 637440 761913 604940 248127 328933 565718 449456 413862 586031 783862 729587 335420 279259 643915 650522 527691 764348 465428 515093 548187 80891 375648 651460 843662 606822 681117 374465 825454 349747 722121 463242 742881 600492 730001 721455 684767 456057 981257 308188 533122 698734 490886 623622 460144 279152 272680 537447 308434 708311 554286 93352 146004 493409 509358 598149 830041
244652 215376 252727 595528 353483 692657 383422 205468 999999999 624968 646803 374564 417485 449637 619482 620214 326333 345178 440334 526978 604152 15670 208231 141677 231659 677024 528055 559969 91493 500101 453645 682423 713418 165657 454196 689722 312697 225952 225360 432064 490416 434713 342329 424784 452288 566173 456737 208578 249807 378077 363463 235553 389199 578712 536390 194015 90288 513085 445101 360823 584508 343546 323015 404488 130456 342890 539380 641425 426779 482371 182113 644036 284552 565149 259221 546960 620975 524574 596571 521563 358815 809507 410179 338058 560327 378149 426668 293340 75384 353985 347603 346970 587005 370841 114146 75410 291092 305891 562467 624663
515940 698550 404881 1016432 416896 605416 251057 602645 624968 999999999 113310 594926 1041161 774457 1159140 955693 599109 942097 1058051 899353 28977 609586 477367 746346 598249 1201565 338559 65791 702737 127622 950408 1213740 621451 778970 416287 610466 874038 548649 488216 437774 138073 216660 744575 826134 669020 1063329 1062130 416410 394423 647283 987540 831193 911067 936016 767697 492129 590733 464434 867865 954794 1133710 419718 875453 481958 579013 949557 406649 926587 630670 976672 606486 761217 901769 590358 703684 1045988 6333 910360 474845 596416 983734 822978 322698 670950 511031 393557 940690 539278 665834 334658 901789 907241 457116 623561 618526 648815 701377 721143 171969 1008903
578312 751248 456624 1090948 495513 715269 306235 587409 646803 113310 999999999 675628 1063604 853820 1215273 1039852 673243 979847 1086634 977402 136563 632187 529506 754737 658673 1261515 443002 144547 731390 163731 922467 1272374 731861 808402 510998 720024 920299 530978 476484 529352 170159 289684 812243 897771 755598 1126591 1097603 442334 441354 726096 1002222 867652 966439 1017021 857461 542634 627730 565270 938043 993702 1187311 496570 923718 569377 579047 952010 511338 1015679 716258 1038692 659021 861515 910849 691960 762680 1108593 118657 986988 582641 693769 1001198 931618 283735 743264 614974 475829 998289 609940 697653 315394 950321 895841 564674 702599 620079 657876 765210 785578 279882 1088260
151634 227080 263709 423404 180116 339513 377787 551283 374564 594926 675628 999999999 634666 179542 601462 364647 50422 478980 619392 304571 566209 366251 220810 498831 145068 631979 308343 537272 367068 515092 824725 647185 358324 404082 202248 334686 383023 543510 503438 172721 511074 385961 178978 240709 92852 489535 591190 355481 287372 53782 630144 400596 373431 341690 197822 222444 284560 210821 284197 483899 585094 179454 374588 121110 471185 664266 271379 347524 56405 410000 195857 274186 594605 202607 193334 474510 588811 316214 286654 153827 613002 435019 580503 98488 230225 201424 391391 94167 333689 523794 395050 706024 286281 30920 476301 449503 164665 175441 445852 414031
583135 410937 650254 539527 712293 970137 795081 528711 417485 1041161 1063604 634666 999999999 577670 379685 644572 588708 168041 62360 561226 1019406 432519 586361 322255 516342 443353 893085 975765 339531 917248 456571 436014 987412 265556 797786 964442 264849 579141 610930 769162 907665 842579 481320 495445 663270 421197 129751 625494 654146 601900 91452 236640 328344 600947 689976 570108 456789 834850 476515 171717 340643 703437 279195 724850 499298 204638 882518 702797 662238 391252 479235 828754 186910 832319 441388 409121 1036962 545985 916661 781848 75383 1005321 812879 544538 863814 741473 345706 601996 378371 761747 270856 328141 913182 611888 459208 411995 472600 467125 963361 597079
296827 240710 423598 245785 358779 424224 552599 650273 449637 774457 853820 179542 577670 999999999 450790 191882 183878 409929 546130 125168 745749 447144 364697 540956 240386 471338 478319 716497 404679 692168 864993 488389 437276 408291 374633 416968 313179 656271 628700 346872 687641 564435 113807 90320 124357 330082 501467 500115 445940 127738 599126 371196 262678 163568 112368 359967 371359 363948 128319 408609 442063 357291 298474 297013 570062 662115 430956 194309 152838 262983 277676 251279 592664 296986 193642 317983 768347 137815 423061 251376 577558 427662 738183 124590 360707 380919 265319 250001 385629 679027 308935 732379 428526 151318 562947 522570 158998 146888 623875 234668
643341 464081 758955 259575 754694 870406 911969 801755 619482 1159140 1215273 601462 379685 450790 999999999 393991 577104 295961 317691 355882 1132308 628922 685895 603436 560930 64939 909211 1095086 529236 1052941 828417 63963 881415 465257 802964 862724 307380 837771 844805 772917 1045613 942668 425653 366281 573732 125092 250137 786888 773967 549653 461440 388508 248859 365400 538310 672640 600104 807234 323878 279143 40151 749280 299094 721113 742758 573325 871433 465415 595661 191638 556253 666343 531275 747500 455470 133624 1153629 336782 872285 702120 438164 821287 1021036 506328 810288 782735 218535 626762 547992 961656 273209 692119 876485 570718 711996 657705 460618 442043 1033091 318324
488630 404860 615456 134525 544560 515716 741821 824979 620214 955693 1039852 364647 644572 191882 393991 999999999 375238 483292 598119 95472 926771 620250 556049 690068 428605 387402 642215 900104 560288 879736 1000902 407477 521881 543729 544726 507396 403818 836514 813651 519903 875701 750201 279747 196137 287049 272976 538492 690723 637821 316459 689772 486976 319939 45390 197935 550714 550189 517737 186292 475406 402950 544101 386249 473796 746442 773650 585919 71614 325024 257948 460701 291333 708421 418677 361888 272059 949477 104109 558325 386382 665746 430054 929842 315372 497598 564277 298883 441473 549833 870513 383316 862512 568284 339241 734313 689071 333963 316498 798105 80633
117714 178978 240942 418103 182801 388913 369782 507789 326333 599109 673243 50422 588708 183878 577104 375238 999999999 436002 575750 304782 570833 318629 187872 448799 95399 611816 334005 538870 316670 510543 775119 625986 407978 354276 228409 384272 341813 503002 466169 198039 505579 385294 151511 227166 129780 470359 550536 324538 263807 62664 581601 353429 340984 347055 228026 186567 236815 249355 269413 441869 558043 179420 334703 147100 427215 614086 305048 367432 100534 387208 146156 318933 544510 252557 148924 454226 593156 313799 328877 204131 564893 483379 557408 72464 275120 208707 362435 66243 283541 499129 356568 655757 326798 46666 430269 401544 124874 139262 458902 416099
450578 265274 538939 389207 578519 809209 691273 510850 345178 942097 979847 478980 168041 409929 295961 483292 436002 999999999 140765 396546 917919 357370 468793 308237 375319 359571 755622 876340 254170 824076 551067 359692 825790 180549 655360 803185 98599 550943 565866 625693 815358 732836 316780 327452 499531 291193 121007 538064 547763 441831 207451 112275 163623 438760 522155 453075 352645 685133 309774 16946 256880 570500 111700 578338 458402 302828 737590 538448 501515 239690 347148 661154 247540 671931 287092 275182 937290 382242 764690 621458 183045 837498 755304 384884 709205 608166 186713 459090 283366 698556 103187 410966 762791 454006 424252 370345 314501 306325 844352 443027
582703 402008 660463 487631 711715 949847 809232 569824 440334 1058051 1086634 619392 62360 546130 317691 598119 575750 140765 999999999 518511 1035224 454646 593354 360853 510843 381160 890805 992344 355976 936215 518081 373676 966318 279240 792296 943779 238901 617889 645006 762954 926946 854310 456913 460530 639694 364436 68631 645305 666526 582596 150601 233773 288549 555483 657687 577236 468371 824449 437500 138449 278879 703292 250688 716558 533520 264731 875524 658973 642246 341627 478378 797205 239305 812650 426875 353434 1053588 502340 904614 762185 130722 972469 844241 525641 849594 741241 300895 595728 392217 791016 237282 387761 902347 594679 494656 444663 455088 447090 971094 546456
411889 311710 540072 122787 483145 517798 674562 732183 526978 899353 977402 304571 561226 125168 355882 95472 304782 396546 518511 999999999 870684 527611 476613 594602 345290 364953 601519 840986 465205 815125 906125 383564 527607 448427 498822 509887 312374 745538 725176 471480 810291 688427 190039 102207 243412 230837 462785 608695 561521 252127 601087 392939 233197 51816 184365 469752 459754 483725 91664 390124 355792 481288 294990 421987 654311 681470 551544 141904 276033 188544 373043 310854 615402 402687 270262 223577 893259 19180 536540 362128 577437 472292 850230 238043 474166 505799 217767 369859 455715 790256 294552 768114 543810 275833 640912 594884 245013 226355 748920 111439
488981 672518 379787 987950 388454 579363 226667 589736 604152 28977 136563 566209 1019406 745749 1132308 926771 570833 917919 1035224 870684 999999999 588679 451911 727774 571378 1174294 310592 45104 680456 112953 939375 1186605 595703 756390 387367 584270 848673 536613 475214 408799 123568 189642 716758 797923 640070 1035770 1038185 395882 370176 618649 967268 807359 884468 907200 738723 466868 567320 435988 839755 930424 1107189 391415 849808 453019 562806 931743 378795 897612 601747 949279 580633 732809 882713 562068 676842 1018502 22713 881770 447886 567690 962950 796428 318496 642770 483090 364888 913805 511369 643093 325271 876080 892463 430067 594925 601809 630416 673986 693670 144685 980148
233261 215963 237437 598955 339791 681387 367772 204733 15670 609586 632187 366251 432519 447144 628922 620250 318629 357370 454646 527611 588679 999999999 194372 156183 224677 685866 513554 544538 103206 484881 464594 691633 702230 178701 440822 678579 321717 221345 216692 419099 475230 419044 341429 425419 445645 573094 469962 193247 234257 371755 379056 246955 396184 579243 531631 180476 81815 500501 447103 372829 594357 329848 331449 392541 127172 358205 525755 639756 419162 488557 176044 637037 300159 554862 258538 553863 605569 525774 583775 511860 374272 801262 398012 333472 548391 364117 433520 283242 81865 341259 356412 360197 573975 363663 115858 83485 289262 304797 546850 626718
70259 222259 73137 578136 145470 496912 227112 342822 208231 477367 529506 220810 586361 364697 685895 556049 187872 468793 593354 476613 451911 194372 999999999 349759 134139 732198 321055 412150 252521 367083 653572 742888 518170 321368 246943 494977 396763 327369 283439 226628 359720 264482 293723 384118 312924 598816 589717 136706 89207 250533 550432 360739 437036 523452 415158 16258 133293 309381 420346 480473 658588 135525 398111 206647 266529 547088 331443 554010 277079 510522 129852 491206 484343 379307 234331 580500 472208 481941 391459 342584 540632 640028 373997 240695 360576 169975 468811 126718 211765 314472 424485 554410 380859 232716 282066 272166 241861 262526 377796 587105
381564 301048 392691 639036 494762 827096 514332 209268 141677 746346 754737 498831 322255 540956 603436 690068 448799 308237 360853 594602 727774 156183 349759 999999999 353812 666169 669697 682866 137148 619201 327909 667347 847503 151661 594951 823691 318714 257342 289802 572058 609004 567951 427548 495846 567379 578560 396213 334744 387731 492928 249565 224845 409406 645777 639720 335294 224664 652059 505152 325180 564802 484839 334169 541983 178891 205527 680485 723149 547082 505109 303101 758796 156216 696157 348320 560190 742898 588000 735976 650380 252220 929878 493250 445046 697349 519728 445835 425757 165382 444980 352458 208703 726972 490003 137981 97602 384799 394317 698129 678800
82479 110308 203818 444156 204338 478162 352944 419106 231659 598249 658673 145068 516342 240386 560930 428605 95399 375319 510843 345290 571378 224677 134139 353812 999999999 603996 380367 534427 223469 495152 679762 615732 497905 268081 281782 474076 289558 419324 388715 252877 488519 381738 159746 250521 220985 467922 494701 263407 222617 147419 499931 279895 313457 393583 310538 125316 143109 320615 286223 383985 536236 196921 286853 209185 338216 524242 366177 434037 195369 380137 50799 412438 455419 344052 105467 449978 592717 349509 404014 297107 485043 578644 505428 116873 356097 233945 342445 85680 188867 445246 311888 561332 398954 139184 338078 307028 107884 128546 478079 454834
685891 512090 804914 254686 792289 882750 956672 862596 677024 1201565 1261515 631979 443353 471338 64939 387402 611816 359571 381160 364953 1174294 685866 732198 666169 603996 999999999 940293 1138208 587618 1098461 893233 20415 892397 525834 834224 874833 364330 897339 902329 804566 1091471 984907 460770 392327 595629 142551 314139 838218 820963 579008 525994 448779 297398 365262 549318 719576 652967 833290 348859 342849 105089 787459 354552 752786 801917 638111 898946 458790 620836 225361 603397 670672 596188 765064 499090 157681 1195929 346491 894377 721725 502833 817456 1074873 539848 831987 819615 263645 665084 604407 1015093 329469 757048 899784 601061 772105 717874 500382 480925 1070267 307910
310053 490373 282149 723726 181389 280224 241268 620290 528055 338559 443002 308343 893085 478319 909211 642215 334005 755622 890805 601519 310592 513554 321055 669697 380367 940293 999999999 299775 570423 314599 959600 955525 299139 633565 106249 283668 667446 584915 524230 136352 316805 200813 484211 548498 358916 797811 874513 372194 294109 361359 866397 658281 674830 630008 446355 336386 453085 128711 592051 763957 891511 190666 662740 188109 558000 868117 68346 603646 325663 718029 413878 423708 804820 252453 474641 782852 332273 615706 143320 263910 854580 490982 482253 403119 172499 153047 696268 297066 529709 447193 686272 871048 125140 339252 584394 586259 457180 472945 167227 704942
452325 633693 339487 956844 357843 575430 185469 545182 559969 65791 144547 537272 975765 716497 1095086 900104 538870 876340 992344 840986 45104 544538 412150 682866 534427 1138208 299775 999999999 637146 68882 895348 1150140 592789 713306 366821 579790 808673 492358 430683 385946 79419 154043 682612 765419 614427 1000586 996347 351525 328719 588910 922879 765406 846752 878926 715091 426786 524945 420815 806751 889067 1069263 359962 810259 427523 517710 886724 367976 873685 575480 913600 541505 716969 837924 547527 639762 983089 61252 851452 441009 549349 918783 790018 279494 610238 471114 336069 876752 477784 600129 282527 836633 847471 422905 565240 556706 585468 638417 658348 142097 951160
265818 164200 312081 521496 389797 701287 455591 281507 91493 702737 731390 367068 339531 404679 529236 560288 316670 254170 355976 465205 680456 103206 252521 137148 223469 587618 570423 637146 999999999 580278 464599 592454 721181 77012 485000 697342 223667 310679 315872 459337 570981 503243 291784 364486 431579 481031 367665 289444 314851 357434 297949 144061 304675 516880 502575 236424 119545 535325 378250 269629 493793 380215 235184 423347 214755 303363 571446 589552 413017 399612 174059 622456 236497 567512 211478 461922 698394 460271 619641 520263 288815 794630 501203 308313 576098 417433 342282 301924 40817 444408 258840 339790 612433 355923 188382 135988 247760 257824 625807 555862
414603 589260 293989 927780 335362 594748 142505 476802 500101 127622 163731 515092 917248 692168 1052941 879736 510543 824076 936215 815125 112953 484881 367083 619201 495152 1098461 314599 68882 580278 999999999 826564 1109554 613396 656992 363432 598266 760666 423687 362277 377913 10618 131928 648538 734324 597754 963065 943182 291755 279930 564607 861640 712348 804089 855633 701285 380673 471478 425226 774435 837376 1025590 335639 763364 413660 451416 822066 380567 858434 558026 875259 496881 716563 774860 550891 599439 945125 124708 824334 457912 546373 858434 803953 214391 580067 479699 317924 835499 446715 544504 213895 789913 780129 439737 541275 490904 521621 601520 621872 179261 926224
697853 627281 677865 930764 797456 1145970 761608 352815 453645 950408 922467 824725 456571 864993 828417 1000902 775119 551067 518081 906125 939375 464594 653572 327909 679762 893233 959600 895348 464599 826564 999999999 888095 1166823 459361 899562 1143172 603720 403238 465998 880195 815978 818318 751186 811968 895223 842247 581149 591557 665633 820717 368404 514718 695297 955694 966463 641461 543434 962823 814664 565496 788377 787603 621184 856636 402544 255158 981954 1040737 874218 785066 628973 1086705 303571 1018642 674345 826187 948719 896983 1044980 974397 390780 1257399 638826 772854 1012354 818659 727348 746839 492755 616041 631518 140610 1034016 817239 375444 382437 711230 719444 950354 978218
697851 521990 815762 274477 805798 901317 968020 865634 682423 1213740 1272374 647185 436014 488389 63963 407477 625986 359692 373676 383564 1186605 691633 742888 667347 615732 20415 955525 1150140 592454 1109554 888095 999999999 911141 529061 849374 893429 369920 901394 907782 819612 1102440 997091 474671 408204 612566 158630 307586 846915 831433 594432 520165 452230 306734 384852 567897 730026 660889 849572 364853 342839 102937 800800 360947 767800 806261 632949 914954 478910 637173 238878 613700 690074 592881 782836 510545 172711 1208143 364986 911439 739144 497356 837526 1082427 554253 849095 833334 274086 678316 610458 1022838 335401 752798 916627 616282 775736 721452 513047 493823 1083990 328115
468971 584928 515899 641938 384627 21451 530773 858004 713418 621451 731861 358324 987412 437276 881415 521881 407978 825790 966318 527607 595703 702230 518170 847503 497905 892397 299139 592789 721181 613396 1166823 911141 999999999 762254 289969 23843 727417 834399 780131 298867 615856 497561 509682 527365 327371 757135 929854 619573 535897 385599 987804 756741 695504 531494 343457 528347 624395 217168 564886 828228 876626 393480 716089 311671 784118 1021598 236356 459430 325188 698782 547195 232578 952257 155977 548017 747851 615472 546306 156669 206048 970079 206145 774274 442962 159732 372957 701914 421748 685118 733129 732392 1056184 174568 377224 799927 784719 515126 520402 452211 600502
324396 180863 384718 487598 452177 743148 530896 336765 165657 778970 808402 404082 265556 408291 465257 543729 354276 180549 279240 448427 756390 178701 321368 151661 268081 525834 633565 713306 77012 656992 459361 529061 762254 999999999 543065 738547 168632 373038 385433 515867 647749 577417 295014 352703 456308 429574 291265 366414 389051 384868 233546 77149 258107 498881 514063 305112 191280 587843 357652 196657 428304 442938 183365 475788 279038 261590 629169 581452 443816 353988 223798 642379 191405 606686 224819 410912 774558 440512 671660 557655 221016 818026 575645 330607 624098 480769 294849 352080 113400 519641 203206 324362 665938 387895 246835 192540 261859 266220 697849 528504
219422 390424 229383 620404 102113 268665 252250 574784 454196 416287 510998 202248 797786 374633 802964 544726 228409 655360 792296 498822 387367 440822 246943 594951 281782 834224 106249 366821 485000 363432 899562 849374 289969 543065 999999999 268958 565145 547367 491410 30375 362662 233308 378083 442706 258409 691783 773145 331433 247839 255486 776610 561587 569393 529659 352462 260357 372085 73201 486243 662975 785394 111959 559686 81894 504771 787036 86446 511279 222958 611785 319946 353135 721380 189776 371524 676726 409970 512387 146787 183297 763335 453614 492545 296945 132281 84170 590313 196568 444972 447223 582702 801018 134607 233168 525544 519023 352365 367607 253527 604230
445330 561398 493745 625467 362390 8443 512213 835229 689722 610466 720024 334686 964442 416968 862724 507396 384272 803185 943779 509887 584270 678579 494977 823691 474076 874833 283668 579790 697342 598266 1143172 893429 23843 738547 268958 999999999 704884 812105 758217 276808 600413 480455 487360 506857 305387 738730 907842 597594 513968 362555 964336 733423 674112 515439 325532 505023 600645 195883 544887 805783 857278 371139 693709 288389 761076 997810 219206 446409 302213 679065 523353 220570 928489 132541 524727 729109 604418 528449 140387 182780 946690 213330 755613 419922 137722 351423 681119 397939 661276 713621 710264 1032368 158541 353855 776614 761124 492023 497548 440145 585367
368830 179965 469188 327588 493880 710971 623290 502262 312697 874038 920299 383023 264849 313179 307380 403818 341813 98599 238901 312374 848673 321717 396763 318714 289558 364330 667446 808673 223667 760666 603720 369920 727417 168632 565145 704884 999999999 534176 538024 535112 752570 660682 218192 233899 400961 260996 208731 484027 481015 344181 290540 94158 92467 358500 425546 381910 295892 591132 222023 101216 273755 486463 17643 486445 438372 369863 645683 453320 403546 186898 269042 564017 305508 573887 193884 242291 868922 300196 669474 523452 267655 740793 714476 287566 613033 523465 127559 370443 240615 655491 35236 463574 668255 357174 410243 356415 218388 208870 765719 374690
392765 435316 318608 820219 449773 812948 365506 56834 225952 548649 530978 543510 579141 656271 837771 836514 503002 550943 617889 745538 536613 221345 327369 257342 419324 897339 584915 492358 310679 423687 403238 901394 834399 373038 547367 812105 534176 999999999 63796 535595 413081 421736 556772 643682 632584 791087 649799 216143 299539 563138 502093 449326 614249 796809 728774 322461 286362 618283 667396 567595 801212 440966 545860 528157 96077 431520 620531 850535 599747 708053 378595 816960 403114 704040 475280 771915 546684 744783 693126 669455 507551 967188 251355 535596 674673 463207 651816 450287 301335 216812 569392 364987 679134 549656 126692 180731 502731 520034 551816 846868
351805 420123 264868 807374 396145 758696 301950 114525 225360 488216 476484 503438 610930 628700 844805 813651 466169 565866 645006 725176 475214 216692 283439 289802 388715 902329 524230 430683 315872 362277 465998 907782 780131 385433 491410 758217 538024 63796 999999999 481416 351660 358076 535177 624471 594491 789198 671239 160665 244250 527792 538995 459111 612465 775691 693902 281009 267063 563243 651540 582075 809632 387755 548074 477692 111688 477670 562134 822693 559839 703867 352951 774595 442504 654183 456236 769960 486018 726004 636107 621956 541984 919699 204087 505562 620515 407514 649659 409338 298507 161134 572869 420736 621630 512471 151899 200377 480306 498837 488022 829800
193529 360975 217038 592625 85932 277418 258981 560516 432064 437774 529352 172721 769162 346872 772917 519903 198039 625693 762954 471480 408799 419099 226628 572058 252877 804566 136352 385946 459337 377913 880195 819612 298867 515867 30375 276808 535112 535595 481416 999999999 376376 246353 347866 413386 232939 662181 743238 320786 237175 226198 749345 532772 539023 503498 329925 239148 348193 83527 456896 633162 755173 95088 529527 51829 488584 762042 113522 488813 196300 581835 292300 340541 695833 184087 341403 647008 431488 484687 164875 169776 735713 451599 495092 266767 139149 76406 560019 167373 419628 447266 552465 779028 154957 203626 507566 498580 322011 337232 278493 577805
408316 581767 286706 922415 331677 597029 136530 466184 490416 138073 170159 511074 907665 687641 1045613 875701 505579 815358 926946 810291 123568 475230 359720 609004 488519 1091471 316805 79419 570981 10618 815978 1102440 615856 647749 362662 600413 752570 413081 351660 376376 999999999 130030 642564 728744 594485 956434 934316 282202 272144 560199 851714 703545 796755 851167 698359 373125 462720 425493 768650 828735 1018048 331658 755428 411119 440941 811741 382206 855186 554682 868535 489430 715683 764719 550769 592556 938434 135229 819305 460026 545280 848621 805223 205213 574743 480496 314992 828361 441417 535396 203571 781993 769554 441877 536947 480477 511414 595154 615553 185543 921478
299356 483479 194132 803392 205855 477823 56710 466636 434713 216660 289684 385961 842579 564435 942668 750201 385294 732836 854310 688427 189642 419044 264482 567951 381738 984907 200813 154043 503243 131928 818318 997091 497561 577417 233308 480455 660682 421736 358076 246353 130030 999999999 528587 611529 466704 846834 853608 234808 188433 436700 796954 623590 694865 727466 569720 279931 386330 298388 652755 744773 917610 207171 661281 281848 420452 773449 261309 727242 427138 760054 391968 585980 718677 422353 487201 829427 211052 698475 340900 415434 790399 680632 282493 456394 354966 186651 724171 323768 464235 252514 687433 750744 323098 413136 455063 473304 484774 504602 132599 799025
234836 128863 361757 284425 331726 493623 506088 546042 342329 744575 812243 178978 481320 113807 425653 279747 151511 316780 456913 190039 716758 341429 293723 427548 159746 460770 484211 682612 291784 648538 751186 474671 509682 295014 378083 487360 218192 556772 535177 347866 642564 528587 999999999 91220 182787 319983 421016 421705 381549 131639 494007 262686 194926 240585 219954 285008 270484 389349 126897 318634 407311 327201 206425 296202 467005 551145 450289 299642 188107 235811 183160 353197 481296 357337 83131 303410 738770 191914 462286 307180 473537 530478 664489 81212 403016 358858 212603 205473 274986 604124 223219 618797 463415 149329 456410 413440 55017 36766 609500 296958
323106 209504 450945 194532 409933 514025 592243 629977 424784 826134 897771 240709 495445 90320 366281 196137 227166 327452 460530 102207 797923 425419 384118 495846 250521 392327 548498 765419 364486 734324 811968 408204 527365 352703 442706 506857 233899 643682 624471 413386 728744 611529 91220 999999999 208328 249789 413285 512913 471287 187223 523949 303803 173990 153931 198094 375836 358311 441587 43554 324525 354867 406552 217829 361818 552174 595596 506751 228769 229495 175735 273778 337641 527650 384826 168590 235715 820205 101534 506136 337704 501377 511994 755634 155207 444300 435335 175009 288015 353784 695297 224727 675573 510204 209859 538749 493008 145833 126204 684385 206026
243126 275537 356246 366121 263267 311913 463932 637440 452288 669020 755598 92852 663270 124357 573732 287049 129780 499531 639694 243412 640070 445645 312924 567379 220985 595629 358916 614427 431579 597754 895223 612566 327371 456308 258409 305387 400961 632584 594491 232939 594485 466704 182787 208328 999999999 454110 602493 448171 379964 74636 670871 438207 369502 271410 105983 313666 364081 240584 249915 501376 563190 264405 389124 187106 556782 717723 308202 260701 39996 384007 270214 192063 647450 177988 232333 441566 662782 258540 298930 129634 651541 363228 672606 125702 236699 280053 378904 186258 402631 616268 405038 770893 304177 83169 558751 527698 196252 197443 511347 346187
548904 383016 670797 140649 651697 746484 820771 761913 566173 1063329 1126591 489535 421197 330082 125092 272976 470359 291193 364436 230837 1035770 573094 598816 578560 467922 142551 797811 1000586 481031 963065 842247 158630 757135 429574 691783 738730 260996 791087 789198 662181 956434 846834 319983 249789 454110 999999999 297252 711467 687990 436491 488637 353874 176975 241653 413780 587036 530602 690971 206348 276871 129975 647166 247106 610426 695010 592208 756473 343714 478555 88453 471986 541258 538732 625523 364498 19237 1057606 211763 753031 581190 463965 697375 951740 398149 690736 678657 139575 525153 491329 891389 226424 702143 758078 458616 669204 615910 362205 342243 929184 201699
571045 384404 659609 423724 698514 914268 811519 604940 456737 1062130 1097603 591190 129751 501467 250137 538492 550536 121007 68631 462785 1038185 469962 589717 396213 494701 314139 874513 996347 367665 943182 581149 307586 929854 291265 773145 907842 208731 649799 671239 743238 934316 853608 421016 413285 602493 297252 999999999 655307 668018 550474 212808 230974 239300 496938 611379 573961 471810 799830 386239 110764 210931 690637 216642 694956 561074 326280 854247 601495 608798 280646 467927 750906 292358 778348 402459 287026 1057385 445822 877815 728186 190536 924298 865952 494663 820789 728168 245604 577528 399967 810601 197803 447752 876839 564666 524113 471801 426773 416157 965328 483407
206837 328475 104318 704835 235487 598132 179980 248127 208578 416410 442334 355481 625494 500115 786888 690723 324538 538064 645305 608695 395882 193247 136706 334744 263407 838218 372194 351525 289444 291755 591557 846915 619573 366414 331433 597594 484027 216143 160665 320786 282202 234808 421705 512913 448171 711467 655307 999999999 83710 387202 571388 425791 540875 656747 551373 140149 188213 402849 546345 552243 755977 227150 489448 318023 189302 540152 404722 690494 411250 623217 242545 621105 487971 494503 352671 692575 412454 612733 476989 463957 567326 761123 243160 375628 459912 247339 575648 262147 255340 182617 515962 516653 463010 369044 221329 238939 367608 387905 366768 718055
149693 309903 23815 665682 152190 514459 143513 328933 249807 394423 441354 287372 654146 445940 773967 637821 263807 547763 666526 561521 370176 234257 89207 387731 222617 820963 294109 328719 314851 279930 665633 831433 535897 389051 247839 513968 481015 299539 244250 237175 272144 188433 381549 471287 379964 687990 668018 83710 999999999 325479 609648 437255 525177 607095 485165 101407 198191 319140 508397 560378 746009 144143 483470 236658 263933 592001 322543 630901 341462 599671 217770 545108 534309 412697 323524 669647 389561 567758 393720 384173 602498 680216 293865 323841 376266 163698 557430 198092 275812 236468 510005 581609 380010 305115 290852 297591 330499 351162 312989 672567
180375 204129 302356 370042 231106 368242 425594 565718 378077 647283 726096 53782 601900 127738 549653 316459 62664 441831 582596 252127 618649 371755 250533 492928 147419 579008 361359 588910 357434 564607 820717 594432 385599 384868 255486 362555 344181 563138 527792 226198 560199 436700 131639 187223 74636 436491 550474 387202 325479 999999999 604036 371924 326396 291036 166117 249001 290429 259005 230758 445393 534334 229554 334219 174744 484890 646455 321906 305422 60495 358031 195966 266677 576264 230485 163481 421722 641202 263197 330666 179989 585575 437197 619300 57368 271472 253777 342112 127388 328052 561294 352974 697015 332041 23725 485497 453474 129573 135512 499502 362352
557835 403072 608791 595891 685092 969417 746633 449456 363463 987540 1002222 630144 91452 599126 461440 689772 581601 207451 150601 601087 967268 379056 550432 249565 499931 525994 866397 922879 297949 861640 368404 520165 987804 233546 776610 964336 290540 502093 538995 749345 851714 796954 494007 523949 670871 488637 212808 571388 609648 604036 999999999 232665 369868 644932 710868 534301 417458 820450 511969 217673 421632 675739 307324 708622 428441 114153 862691 742748 664372 446140 457115 846926 100504 831829 440570 474580 983701 587659 903944 781885 24755 1024274 742732 547270 854792 713409 394161 584778 338669 694372 306717 237233 898706 610678 387435 344727 475193 473657 922236 650389
349252 174762 429460 419741 478425 738736 580712 413862 235553 831193 867652 400596 236640 371196 388508 486976 353429 112275 233773 392939 807359 246955 360739 224845 279895 448779 658281 765406 144061 712348 514718 452230 756741 77149 561587 733423 94158 449326 459111 532772 703545 623590 262686 303803 438207 353874 230974 425791 437255 371924 232665 999999999 186051 441641 481590 344755 240889 598323 301275 126766 351926 469877 110307 488210 354648 292068 646032 530785 432373 281034 244898 615860 223848 600895 208741 335416 826470 382885 680411 550692 213669 793092 644847 314924 628404 507876 221689 365488 171248 587533 127615 375647 676686 379586 323506 269224 242712 241044 738055 464348
395924 215386 510101 235507 511706 680886 663241 586031 389199 911067 966439 373431 328344 262678 248859 319939 340984 163623 288549 233197 884468 396184 437036 409406 313457 297398 674830 846752 304675 804089 695297 306734 695504 258107 569393 674112 92467 614249 612465 539023 796755 694865 194926 173990 369502 176975 239300 540875 525177 326396 369868 186051 999999999 275236 372083 423819 356567 584122 148993 156949 222787 505609 75752 487943 518181 457419 644202 375041 381046 95971 307425 511607 395174 547269 208208 157761 905618 218638 657032 497961 345808 685353 778612 274999 597324 540480 37610 383899 314385 718577 64582 554921 658331 344162 493040 440134 218312 201888 789359 284418
457434 363399 585214 111101 521640 523604 716163 783862 578712 936016 1017021 341690 600947 163568 365400 45390 347055 438760 555483 51816 907200 579243 523452 645777 393583 365262 630008 878926 516880 855633 955694 384852 531494 498881 529659 515439 358500 796809 775691 503498 851167 727466 240585 153931 271410 241653 496938 656747 607095 291036 644932 441641 275236 999999999 194726 517235 510807 508425 141260 431188 370880 520456 340943 455527 705853 728308 576669 105413 307223 217231 423102 305731 663034 417519 321563 238369 929858 58756 555082 381048 620973 455905 897421 283299 493317 542919 255316 412930 507529 837686 338334 817210 563783 314448 692676 646700 295385 277130 781930 75062
344922 339184 461522 301994 368123 333434 569061 729587 536390 767697 857461 197822 689976 112368 538310 197935 228026 522155 657687 184365 738723 531631 415158 639720 310538 549318 446355 715091 502575 701285 966463 567897 343457 514063 352462 325532 425546 728774 693902 329925 698359 569720 219954 198094 105983 413780 611379 551373 485165 166117 710868 481590 372083 194726 999999999 414536 451704 320454 228999 520553 535007 369695 410790 288148 648698 771088 388477 158907 145762 359340 356099 139614 701249 222842 292197 404912 761409 202927 361222 188465 689507 315349 778263 198336 300008 383387 370863 289340 478870 721609 420746 836538 370680 182446 646832 611225 255235 248098 605668 268464
70818 208651 87323 569350 159489 507166 241503 335420 194015 492129 542634 222444 570108 359967 672640 550714 186567 453075 577236 469752 466868 180476 16258 335294 125316 719576 336386 426786 236424 380673 641461 730026 528347 305112 260357 505023 381910 322461 281009 239148 373125 279931 285008 375836 313666 587036 573961 140149 101407 249001 534301 344755 423819 517235 414536 999999999 117347 321390 411208 464869 644932 149559 383571 216686 257937 531743 345366 550704 278849 498652 116393 494727 468695 387417 222821 568611 487022 474512 404013 349347 524430 646151 380490 235500 371550 184734 456026 128426 195648 320525 410006 540671 393796 232279 271591 259467 232273 252893 393963 579798
