NAME : synthetic_000406
TYPE : CTSP-D
DIMENSION : 100
GROUPS : 8
RELAXATION_LEVEL : 1
EDGE_WEIGHT_TYPE : EXPLICIT
EDGE_WEIGHT_FORMAT : FULL_MATRIX
EDGE_WEIGHT_SECTION
999999999 245722 744003 581309 750730 300829 688461 499753 239770 552660 738965 596920 584573 443825 789040 437052 579664 428097 517776 271160 128175 435239 509515 610914 608980 896735 589693 637964 639030 237656 503226 570133 757285 824624 262932 556446 878330 801451 414849 492998 672867 739098 453441 575920 561640 559005 435596 156661 374878 491089 210175 241647 265583 729679 756885 495845 507581 606226 773848 536210 23125 307165 546143 301052 850365 1026648 738273 717663 92082 622784 839109 558494 278472 444230 700986 740571 869505 797387 292736 374110 489159 767996 743226 856145 454793 761088 830684 494175 776152 920584 591496 905652 521181 578738 836777 654950 195072 513444 113465 198264
245722 999999999 551947 728617 651043 498414 444208 263906 97581 613646 695176 391390 689066 362015 715249 457919 344602 318234 277462 190814 369656 197107 334961 547752 471337 653313 346980 564596 547959 30896 642293 446781 553582 757899 46472 317903 770436 749283 582073 588204 447944 587167 363098 586873 665357 511909 308868 193456 246718 282210 75232 428643 28174 538293 621627 526768 264213 462731 659669 700043 267096 75221 355201 312838 612997 920805 492626 512837 154492 378370 762453 328601 242449 420883 640100 525639 780709 661886 132025 156188 309831 759650 535501 810656 461171 533876 765141 252224 604924 676947 580018 673218 438244 407022 693969 449039 294080 303417 306036 169887
744003 551947 999999999 906816 322513 845227 460710 326886 508656 669467 482050 163624 795356 373955 418815 545391 530577 349298 490080 723940 831524 509619 235184 387836 207554 392139 469423 366151 319943 538461 833100 252980 52114 459735 511073 504254 365310 490139 846767 721360 176829 150311 358046 559112 779594 419788 328759 744515 376931 616156 544323 785969 523782 14362 211721 578739 464306 195988 286784 920211 757280 551810 199444 533911 290509 482787 425942 64153 674281 446956 438011 554951 498067 465633 417448 106889 419303 228247 453600 395884 254849 598367 70455 542907 520224 180199 466864 478974 93969 410019 510137 280081 346816 171243 226453 112145 638251 250322 731341 550805
581309 728617 906816 999999999 686814 297520 1115395 864418 645986 250702 550757 844622 131936 548578 647889 364962 1054714 594070 981518 841936 497404 912668 729968 542515 699712 1230858 1036418 574087 613090 701076 87032 653863 948719 652238 707853 1022991 785334 604085 169590 185558 952377 802666 563857 370507 137012 495282 622511 735925 617547 1010727 654366 341568 727967 895180 773746 329069 959212 710828 734043 66352 563499 803584 781266 444476 1147451 887006 1138694 923582 637176 1054623 684739 1046431 518076 445585 572324 970286 733255 799530 655666 747830 730180 481776 950292 621474 387855 1028211 653136 953956 874269 1254332 423880 1169112 560072 757220 843392 883362 435624 804973 468665 561046
750730 651043 322513 686814 999999999 728402 745116 535575 568016 436191 169307 390300 558959 307968 96759 380388 776681 336687 717257 841857 792886 702895 346727 159134 195818 714570 723510 125459 111807 625359 631659 206046 374611 140043 604616 744660 127940 167696 682215 514752 469914 172762 300297 316588 550027 217316 342358 815446 405962 824979 606105 688822 626349 319002 114863 375120 688201 210285 49013 719160 754851 686963 363790 460170 613022 276313 725512 375266 714149 713428 125937 792042 472673 326525 118458 425774 130806 121939 520389 524450 370887 286070 391087 221543 351738 499860 147611 697176 243501 732522 263575 597076 229568 295448 161265 381254 581121 433381 690714 560166
300829 498414 845227 297520 728402 999999999 929517 699015 439187 370901 649427 735555 343214 475285 729035 348355 842287 496245 772913 571273 201218 694848 624006 569401 658195 1095868 838160 602947 625387 476824 235162 610495 875006 751282 492321 814176 850459 713221 129137 282373 834327 785318 490666 451649 324880 511098 518754 457331 483753 773437 432574 70424 506701 831465 778932 370088 755948 663141 766551 243021 280091 571947 673167 311487 1028899 982660 967108 841016 373891 864513 776282 827013 359520 407739 638633 878311 818347 814574 469946 568757 613818 631447 868710 753156 376793 920179 755143 746425 843996 1120146 491253 1068418 527077 675690 859113 786806 225149 670859 197859 354194
688461 444208 460710 1115395 745116 929517 999999999 254533 490360 935995 871889 355698 1042551 601774 838865 774832 139382 545836 175063 503063 813786 256798 433570 735175 560278 262917 100857 730778 690817 458805 1029077 576139 420884 884072 439365 144287 817836 901290 992764 945729 284941 592601 590677 860950 1020723 734126 517916 592511 503053 269253 499466 859130 428784 455738 652923 836080 181015 543915 723170 1101263 710438 382664 395404 670976 285716 943095 69280 396576 596400 65856 870454 173259 598384 704470 803777 361504 862778 679603 465245 368766 419783 975021 396183 961579 762793 304544 891803 195479 553810 281104 828778 363264 638522 457372 685393 367992 708555 338624 746023 576238
499753 263906 326886 864418 535575 699015 254533 999999999 268976 681567 639886 167549 788360 348968 622423 520305 243299 292459 181746 408203 614182 183428 194592 495943 340325 401293 197007 496803 461693 263577 778719 343753 313295 668260 237149 210266 630944 677435 749519 692147 188537 412998 338733 609392 766689 487607 265112 452468 248937 296965 290990 629656 238635 315458 464941 581750 152780 325370 524890 853676 518829 238849 172230 421353 350779 772097 274665 273948 413092 200542 660731 256580 351549 450387 573315 273678 662842 499811 229495 131525 175249 735560 291380 739679 508413 271471 676064 162967 402598 425504 580092 409331 392558 240977 519247 214880 474061 102212 530881 346966
239770 97581 508656 645986 568016 439187 490360 268976 999999999 518136 601660 357671 598196 270067 626801 360923 410932 231520 338847 279977 346491 266813 277611 455774 398269 670239 400461 474614 461546 66776 559052 367942 518980 668404 63024 380517 690730 657288 508198 497221 434027 521770 272917 489294 574644 417284 227297 250319 162656 368728 38708 368828 85816 494451 549692 429804 319298 391921 580887 622453 256210 164948 309395 217890 616140 841458 529049 479002 165738 425509 674940 400782 145603 323581 548678 500839 696039 590449 55310 138288 255044 663071 504177 718032 363665 522446 675478 311591 549254 694432 482981 668260 348235 349312 625689 415882 219852 273674 262231 87090
552660 613646 669467 250702 436191 370901 935995 681567 518136 999999999 307727 628865 126775 337669 401930 163223 899727 391499 826470 769283 521828 770064 519146 293693 462228 1016433 869858 324404 364925 583007 201185 419207 714416 411507 580312 866135 537789 366155 277734 93081 736782 556197 350837 119821 114454 250689 420081 685841 435214 882955 539821 366915 603838 658788 524320 100218 800593 474982 483341 285744 543025 682986 568305 300813 926756 648356 948303 693157 573458 880729 442154 898382 372978 232283 322668 742305 489542 549162 507782 584082 525176 263852 718784 394819 173231 805543 413466 799386 629276 1039040 173239 940367 327756 532656 592858 660047 361637 605310 447063 447960
738965 695176 482050 550757 169307 649427 871889 639886 601660 307727 999999999 518532 419137 333380 98895 313795 882798 381981 816904 881559 753562 787532 445449 149527 312815 870908 835671 143097 181087 666048 508901 297164 533843 104151 650721 849309 237135 64507 578372 397191 611554 336370 333830 199672 414902 185364 399315 832817 452883 910680 636414 624085 674546 476474 282727 279345 787875 329324 216836 592355 737865 745389 477235 438029 770718 340933 861327 528596 722789 832029 134536 893089 476478 295304 68313 580356 182578 290591 564222 596342 465064 117342 547647 117905 289969 653496 106845 793717 409965 890104 158833 760688 260899 414805 327066 522755 550305 540374 657986 569063
596920 391390 163624 844622 390300 735555 355698 167549 357671 628865 518532 999999999 748316 296385 483299 481028 393176 252085 342105 560425 694479 350866 115493 388621 205754 388002 336464 379882 337780 380156 763828 228065 162658 528633 352431 363168 472857 545756 758107 661507 108203 249851 281487 534964 729251 398277 224712 584723 251924 463217 390979 671064 363349 150989 305782 530184 314381 189261 371728 846855 612185 388268 64009 428454 303117 609442 343016 122082 521358 323591 516070 412828 376785 401515 450225 145678 511574 337834 304208 235352 121799 625507 146557 605887 461245 186483 536384 327062 235054 410969 494902 333550 305851 104893 353841 58362 516472 87992 598590 411871
584573 689066 795356 131936 558959 343214 1042551 788360 598196 126775 419137 748316 999999999 453300 516646 270026 995845 504201 922214 826460 526147 859909 636273 420125 587891 1136317 970797 450354 491471 659454 117178 544061 839689 520340 661220 962889 654413 472150 222369 100981 856505 682915 467509 244901 23802 377323 533037 730975 539509 966902 613860 363596 683463 784470 650207 219040 897740 600279 606810 181606 570591 761929 686496 382840 1048523 755102 1059285 817425 623293 984802 552937 991466 458217 347269 443027 865971 601536 674036 597202 681781 640058 351235 843374 490391 287295 927732 521207 894754 756051 1159242 298241 1064479 451550 654790 717315 782143 409940 718549 472099 519302
443825 362015 373955 548578 307968 475285 601774 348968 270067 337669 333380 296385 453300 999999999 357906 184688 580113 56976 509054 549823 497004 466648 183027 185880 183924 683894 542962 204993 197110 333237 468950 137383 409210 398711 317354 546045 434989 387479 473434 365122 404455 314168 15960 260766 433634 152952 83911 510952 121521 588036 306295 420627 341168 360754 319253 237571 481209 187951 330104 553585 449177 412813 233637 169420 598902 584281 611098 379801 406902 549497 406762 584254 165352 106119 278639 424013 431336 358672 230842 272676 187542 406276 407224 448660 166130 479751 405697 483384 369053 707077 235824 622199 79658 211278 400610 335418 287170 267759 393420 252343
789040 715249 418815 647889 96759 729035 838865 622423 626801 401930 98895 483299 516646 357906 999999999 384060 865044 397025 803402 905214 816850 783791 429899 178140 282667 810951 813506 153223 168609 687844 602768 282606 470865 45842 669323 832482 138314 73338 666730 488876 565879 268669 353922 288134 511456 231767 408166 868478 468574 906727 663724 697722 692144 415592 208838 361425 774248 298277 135262 687559 790499 757520 452296 489970 709262 253659 820962 472023 762385 805154 50107 878874 515958 348027 91375 522481 89630 206802 583266 599303 452700 205074 487680 124824 357327 596579 53649 782219 337304 828698 240453 691504 278728 385073 237890 476995 608022 520409 717591 607153
437052 457919 545391 364962 380388 348355 774832 520305 360923 163223 313795 481028 270026 184688 384060 999999999 736504 234215 663259 623999 440191 607620 367511 221261 340648 868566 706998 254976 280656 427042 287989 293254 585397 410649 421919 702914 502187 378233 310363 180556 589134 455722 199568 139493 249628 163182 263051 552156 272625 721884 386027 313666 445883 533196 439463 68882 637373 350183 419900 374821 432734 524743 418305 149597 783210 636785 789688 559107 438688 718611 432684 735320 215471 80677 292807 605401 472503 472478 346286 420861 370293 330944 586015 427051 28871 663507 415385 636193 522495 891764 157565 804191 200066 392276 517419 518468 242851 448523 346973 298520
579664 344602 530577 1054714 776681 842287 139382 243299 410932 899727 882798 393176 995845 580113 865044 736504 999999999 523221 73635 370668 707396 147534 437832 737684 582480 401188 62737 739704 704989 365526 967684 587039 500210 910883 351985 34072 865897 920718 918945 896041 357055 642753 572004 839956 972970 725605 498168 468343 466688 129875 410566 772186 335816 522450 698834 802230 99360 567144 762911 1033237 602416 273993 413064 614323 412445 1001791 207796 468203 488344 97375 902328 34111 539044 674736 816471 445054 902121 730859 399946 315650 417742 976362 475271 982921 729349 403498 918691 101148 618405 420048 815263 489206 631813 481233 744565 423954 629948 344755 650545 497821
428097 318234 349298 594070 336687 496245 545836 292459 231520 391499 381981 252085 504201 56976 397025 234215 523221 999999999 452322 508299 494974 411424 136633 232644 181536 636792 486032 246891 230317 290934 512255 142321 379173 439744 272407 489150 460589 432945 507550 412983 358935 312945 49793 317685 483813 206565 28837 479095 71759 533410 269454 436733 295474 335420 328942 291288 424390 180475 351841 594805 436226 363801 188163 184763 555083 611194 556832 346469 380716 492921 444443 527658 155875 159230 323456 387189 464541 369562 186241 217617 136418 460355 374187 495027 218603 438007 447025 426781 358421 660297 292342 583229 121422 179521 408682 296500 291934 214441 391963 230749
517776 277462 490080 981518 717257 772913 175063 181746 338847 826470 816904 342105 922214 509054 803402 663259 73635 452322 999999999 330767 644559 82763 373950 670444 521817 420941 74209 673980 640848 296333 894497 522978 465349 849212 281118 41673 811736 856885 847045 822408 323783 591437 501466 768207 899335 656139 427926 417449 394229 129080 340425 702633 266310 480585 645193 729223 29165 507001 706395 960685 540178 210622 353940 540727 414143 951132 235251 430184 425809 112805 842269 76206 465474 602310 751307 414163 844558 679019 326435 242427 352484 908026 440965 919380 656468 383473 857008 27577 573750 442096 744642 488068 563159 422670 695920 379784 558394 283884 583201 425896
271160 190814 723940 841936 841857 571273 503063 408203 279977 769283 881559 560425 826460 549823 905214 623999 370668 508299 330767 999999999 391246 257048 520083 735652 660811 750269 403609 753804 738401 217376 759700 637426 718180 947445 237252 358887 960928 937212 679951 728260 596141 773113 551986 759359 802755 696886 499645 118913 437087 253282 245532 509073 216060 710985 810215 691524 334807 651579 850082 801711 293057 172166 533852 474472 732393 1111147 565842 677828 204992 443383 952736 341180 413720 598705 828456 681751 971478 850162 322191 334020 494421 939601 697583 998009 631971 675257 954609 316931 785141 771973 758483 801382 627327 590997 880772 615444 416521 473958 376716 325561
128175 369656 831524 497404 792886 201218 813786 614182 346491 521828 753562 694479 526147 497004 816850 440191 707396 494974 644559 391246 999999999 562273 596844 641876 675268 1014434 715810 672363 681966 357767 428609 631963 850473 847597 380925 683661 920489 817825 327857 446671 778706 807118 509420 571184 505058 585540 508654 272732 454803 618886 323645 162575 387010 817179 816248 486932 633328 675310 822321 444236 105169 434188 638780 333004 962626 1064270 861637 812159 219077 747972 866642 686564 339112 469710 725974 839962 902254 855626 394172 484638 579488 762978 838753 867192 463642 867184 852851 620458 852586 1038492 597541 1013971 567842 661676 897566 751284 211898 615459 103609 282714
435239 197107 509619 912668 702895 694848 256798 183428 266813 770064 787532 350866 859909 466648 783791 607620 147534 411424 82763 257048 562273 999999999 356231 638703 507595 493907 156201 646173 617220 218261 825689 501185 492632 829212 206104 121465 806157 832138 773402 759321 357680 593128 461217 720739 836668 617927 390050 336575 346870 123266 263745 624805 188775 498499 642234 675139 78742 494140 697645 888922 457716 128105 347540 477073 476504 950334 314052 454474 343354 192746 825602 134060 401700 552572 724196 447459 832663 678649 263104 193973 332064 871646 469540 894921 603633 428931 836930 61935 585900 515967 701811 547177 528487 415023 700427 397474 484174 277339 503117 352954
509515 334961 235184 729968 346727 624006 433570 194592 277611 519146 445449 115493 636273 183027 429899 367511 437832 136633 373950 520083 596844 356231 999999999 303115 151431 501199 390335 302428 267216 316234 648685 149246 254915 475642 290354 404610 452340 483137 642952 547629 222480 253031 168814 431845 616660 300913 109259 522047 143741 478275 314832 561023 307313 220823 292882 419520 344787 138470 342566 731437 522348 353491 51531 314687 418454 599445 434726 218406 443060 388549 470167 449776 267927 289007 378733 254375 476453 331855 222325 187325 25843 543278 245866 545531 349002 301732 483423 352357 272175 524524 396382 447898 205454 72388 360805 162884 408700 95723 497537 315628
610914 547752 387836 542515 159134 569401 735175 495943 455774 293693 149527 388621 420125 185880 178140 221261 737684 232644 670444 735652 641876 638703 303115 999999999 189792 760869 692732 33924 71479 519102 480809 160641 436551 215501 502798 703947 282341 201599 524971 363663 489338 263435 185061 176037 407874 58408 249834 692924 303840 761735 491555 531134 526419 378948 231274 220178 641558 205499 200038 569141 612546 596333 340159 312450 664305 422548 730351 422244 585466 691650 228196 746640 338570 172198 93112 473796 260611 258886 416206 446969 320714 240180 445265 262970 192644 543485 222097 646687 337608 781759 124091 666284 111392 283800 303533 403262 431575 398827 541395 430347
608980 471337 207554 699712 195818 658195 560278 340325 398269 462228 312815 205754 587891 183924 282667 340648 582480 181536 521817 660811 675268 507595 151431 189792 999999999 571081 530930 176122 132471 448498 627246 48180 252389 328488 425113 550063 302547 341495 646985 514429 301232 131853 169329 354008 572041 213825 174285 648547 238024 629361 436970 604514 444988 196589 151427 371268 492716 16513 191989 714879 617595 499258 169634 353032 474892 451396 548530 234018 556840 523549 320452 596905 336742 262473 244503 285042 325071 192182 345862 334045 176194 421266 258299 402620 314507 353836 336296 501452 185934 592029 307146 480303 140663 103178 228662 213961 468560 238136 571871 410956
896735 653313 392139 1230858 714570 1095868 262917 401293 670239 1016433 870908 388002 1136317 683894 810951 868566 401188 636792 420941 750269 1014434 493907 501199 760869 571081 999999999 351774 745061 699392 659085 1148718 605407 340123 851685 634330 399979 747621 882082 1134754 1048818 279824 542391 669226 918972 1117196 779799 608419 826005 621434 530420 690789 1027479 631432 395775 603355 918085 415549 555516 678393 1229869 916806 606857 450261 802144 102189 842636 193702 342371 807224 310948 829046 435286 739829 789398 804530 290553 807000 615677 629423 532631 500931 985627 323843 934983 849199 217974 858745 433342 478261 24292 875712 149969 690868 485134 603897 359085 870880 429918 932148 747181
589693 346980 469423 1036418 723510 838160 100857 197007 400461 869858 835671 336464 970797 542962 813506 706998 62737 486032 74209 403609 715810 156201 390335 692732 530930 351774 999999999 692728 656295 363577 949585 538730 438071 859287 345993 48672 809177 871175 907246 872137 294993 585033 533650 803717 948351 684343 459657 491657 434684 181555 406007 767748 333427 461652 642143 771049 82851 515230 707750 1018646 611892 282997 361354 592763 354516 943236 162454 406653 497619 40827 849403 93094 518410 641337 768613 382547 847388 673193 381319 289481 372042 932504 413094 932972 697730 340921 867092 95555 558189 372105 776131 430548 589467 428548 685504 364172 620173 295370 651244 487334
637964 564596 366151 574087 125459 602947 730778 496803 474614 324404 143097 379882 450354 204993 153223 254976 739704 246891 673980 753804 672363 646173 302428 33924 176122 745061 692728 999999999 46250 536612 513620 154806 415985 193797 519057 706227 249814 186970 558821 396423 477355 235761 201827 205533 438807 91857 261005 715271 318644 769426 511189 563975 542292 358085 199920 253550 644926 192450 166153 601848 640332 610111 335482 341430 647173 391978 722797 404245 609292 689647 202643 750147 363196 203295 78046 456110 231703 226075 432610 456584 321978 245637 426180 249583 226295 527163 200868 650969 310694 765449 152521 645815 126477 275197 270533 389838 461404 397539 571268 454067
639030 547959 319943 613090 111807 625387 690817 461693 461546 364925 181087 337780 491471 197110 168609 280656 704989 230317 640848 738401 681966 617220 267216 71479 132471 699392 656295 46250 999999999 521111 549690 117969 369735 213067 501821 671820 239702 216042 589097 432797 433244 191982 190485 247515 478949 120579 239889 706838 301317 740400 499127 582411 524369 311837 161697 288153 611703 148960 142076 638163 643051 588978 296502 349013 601232 387699 680762 358227 603945 651559 214609 716819 361183 219032 112986 410125 234886 192220 416210 430994 288430 288975 380004 278613 251805 481441 220661 618634 266338 719655 195376 599567 118046 233756 237185 345232 470087 360992 579490 449443
237656 30896 538461 701076 625359 476824 458805 263577 66776 583007 666048 380156 659454 333237 687844 427042 365526 290934 296333 217376 357767 218261 316234 519102 448498 659085 363577 536612 521111 999999999 614542 422135 542800 730162 27824 337441 745901 720696 556698 558533 443197 566926 334864 556055 635775 482346 283008 206529 219859 309786 46730 406671 30151 524596 599408 495896 280789 440557 635342 673805 257844 102871 340049 282232 614276 896468 504218 502156 149523 393007 735376 351446 211571 390268 611675 517820 754574 639875 105020 145639 291660 729380 525681 781864 430289 530287 737350 270192 587733 682949 549538 672078 410155 388597 672987 438299 267829 292655 287675 140846
503226 642293 833100 87032 631659 235162 1029077 778719 559052 201185 508901 763828 117178 468950 602768 287989 967684 512255 894497 759700 428609 825689 648685 480809 627246 1148718 949585 513620 549690 614542 999999999 580425 873384 612594 621011 935976 737778 566754 108307 117205 871143 735938 484510 316681 106090 429736 540411 656064 532738 924282 567858 267989 641260 821033 711348 261671 872237 637467 677380 88513 486561 717160 700149 358105 1066933 849379 1053200 846765 554713 968061 643339 959426 431346 368439 521418 892424 690666 739638 568712 661201 647787 456033 873788 592104 312918 948523 614435 866936 805772 1172336 368592 1090960 486695 679235 784153 804360 350060 721364 389861 474312
570133 446781 252980 653863 206046 610495 576139 343753 367942 419207 297164 228065 544061 137383 282606 293254 587039 142321 522978 637426 631963 501185 149246 160641 48180 605407 538730 154806 117969 422135 580425 999999999 295718 328071 400310 553852 323771 333935 598903 468385 330291 176791 123422 314528 527605 174590 140709 617846 205465 624140 406545 557464 421481 241343 186752 326266 493824 57051 213269 667836 577733 480931 180749 306802 511483 474343 569807 274115 522257 534937 325138 598906 294839 214593 229885 323914 336801 227290 317736 318790 170740 399160 299580 396403 267516 389950 335804 500954 233947 627010 270309 521309 93843 123407 267021 246341 423715 243360 528398 373063
757285 553582 52114 948719 374611 875006 420884 313295 518980 714416 533843 162658 839689 409210 470865 585397 500210 379173 465349 718180 850473 492632 254915 436551 252389 340123 438071 415985 369735 542800 873384 295718 999999999 511618 515062 475834 414158 542249 882596 763162 143164 202268 393253 605955 823323 466021 356301 747017 398647 593342 553032 813837 525622 57950 263409 621937 441059 239451 338483 959848 771787 546343 211898 563652 238416 526476 381838 40752 683455 412579 489526 526446 522351 505021 468921 59953 469775 278292 464783 397791 270995 649973 25045 594867 561115 130329 518713 456779 141679 357913 557860 229864 389023 199787 273104 104570 663142 250316 752088 568079
824624 757899 459735 652238 140043 751282 884072 668260 668404 411507 104151 528633 520340 398711 45842 410649 910883 439744 849212 947445 847597 829212 475642 215501 328488 851685 859287 193797 213067 730162 612594 328071 511618 999999999 712150 878324 148455 50424 682411 501317 609951 309435 395556 303397 517219 265659 451837 908172 511445 952208 704969 723412 735163 457156 248383 381463 820056 344068 173493 695420 825242 801398 498111 524277 749758 236881 865434 514372 800967 850770 34950 924701 554039 381323 123659 564366 83731 241554 625874 644052 498347 188927 529171 83701 385087 638486 7808 827982 375651 869003 260051 729537 320201 430813 267940 521243 640640 566250 749698 645841
262932 46472 511073 707853 604616 492321 439365 237149 63024 580312 650721 352431 661220 317354 669323 421919 351985 272407 281118 237252 380925 206104 290354 502798 425113 634330 345993 519057 501821 27824 621011 400310 515062 712150 999999999 322626 723977 704196 567338 560245 415636 541889 317883 547773 637666 468227 262520 233574 200753 305714 60127 421942 24391 497245 575595 490768 263634 416685 613222 682936 282568 102838 312955 280568 587928 874363 482655 474405 176199 373776 716371 340134 207360 380470 594892 490006 734346 615924 86593 117815 265522 717484 497883 765766 423330 502865 719425 254333 561344 658277 538734 645081 392846 362627 648388 410545 278139 264875 306806 147079
556446 317903 504254 1022991 744660 814176 144287 210266 380517 866135 849309 363168 962889 546045 832482 702914 34072 489150 41673 358887 683661 121465 404610 703947 550063 399979 48672 706227 671820 337441 935976 553852 475834 878324 322626 999999999 835395 887656 888714 863238 332824 612997 537934 805921 940074 691595 464103 451184 432792 133059 381797 743932 307487 495642 668409 768495 65553 534846 731681 1002333 578999 249476 380888 581784 402753 972423 209224 442627 464668 89273 870175 50710 506609 640812 783114 422006 870643 701001 367698 282124 384249 942486 451042 949932 695562 384513 886130 69103 590778 420045 781194 478500 597875 449271 715727 396177 600035 312076 623868 467561
878330 770436 365310 785334 127940 850459 817836 630944 690730 537789 237135 472857 654413 434989 138314 502187 865897 460589 811736 960928 920489 806157 452340 282341 302547 747621 809177 249814 239702 745901 737778 323771 414158 148455 723977 835395 999999999 197991 796803 622558 534026 225410 426642 421408 648621 340663 463646 939623 528098 926076 729142 813467 744881 366801 167077 489243 783159 314114 110941 823500 882662 801575 459620 587957 645685 150728 789091 426908 840046 794121 113836 884474 600065 452836 217116 472088 69841 138423 641386 636590 477727 336696 435484 221741 473981 544477 151650 793911 272479 762585 371027 614729 357179 391356 143865 450107 708823 530362 818490 686721
801451 749283 490139 604085 167696 713221 901290 677435 657288 366155 64507 545756 472150 387479 73338 378233 920718 432945 856885 937212 817825 832138 483137 201599 341495 882082 871175 186970 216042 720696 566754 333935 542249 50424 704196 887656 197991 999999999 639698 457151 632535 340442 386316 262396 469794 244594 447918 892064 504547 955398 692842 688511 727713 486356 281459 343257 827737 357692 208471 648556 800804 796642 510153 500399 780638 283216 886202 541820 782933 864927 85278 932839 536060 357283 109495 592743 134150 280110 617608 643435 504468 138774 558398 62785 354184 666726 49622 834649 410134 900159 223204 764234 311629 444672 310317 543416 613839 576263 721855 628530
414849 582073 846767 169590 682215 129137 992764 749519 508198 277734 578372 758107 222369 473434 666730 310363 918945 507550 847045 679951 327857 773402 642952 524971 646985 1134754 907246 558821 589097 556698 108307 598903 882596 682411 567338 888714 796803 639698 999999999 184656 862635 765761 489395 379273 207129 469099 533826 570743 513332 863336 510298 173464 585243 833798 749317 307762 827071 654915 724966 121770 396156 657228 694169 332610 1059347 918502 1023294 852332 476659 929509 710808 907352 398131 384857 580036 894564 756150 781317 527538 624601 637751 541232 879919 671985 338722 944579 685201 819772 831192 1158799 426580 1090654 507888 683773 826280 804049 289233 704857 303734 421170
492998 588204 721360 185558 514752 282373 945729 692147 497221 93081 397191 661507 100981 365122 488876 180556 896041 412983 822408 728260 446671 759321 547629 363663 514429 1048818 872137 396423 432797 558533 117205 468385 763162 501317 560245 863238 622558 457151 184656 999999999 769562 620057 380102 201178 77448 313182 441715 635616 443285 865935 513017 286693 582483 709670 594389 145283 798240 525379 560274 205479 480598 660969 598612 282295 963764 738110 964594 738193 526302 887111 530980 891175 357727 260827 405688 785172 577538 622457 496865 582782 549398 356786 764839 487593 202473 843983 503667 794907 690654 1072088 252216 984032 374568 572282 666955 698819 312150 626226 382403 418514
672867 447944 176829 952377 469914 834327 284941 188537 434027 736782 611554 108203 856505 404455 565879 589134 357055 358935 323783 596141 778706 357680 222480 489338 301232 279824 294993 477355 433244 443197 871143 330291 143164 609951 415636 332824 534026 632535 862635 769562 999999999 309622 389634 641241 837454 503260 331032 639279 351652 452474 462943 768226 421242 171016 370952 638281 300597 284933 443286 953589 690081 427386 171111 531186 196733 658268 256390 112876 590908 270585 593221 383385 474840 509707 543518 90574 581731 395612 384534 299394 224956 722215 118270 690386 569448 88490 617525 317018 269102 302766 599737 236065 412369 207634 400455 89135 612096 164855 686971 498837
739098 587167 150311 802666 172762 785318 592601 412998 521770 556197 336370 249851 682915 314168 268669 455722 642753 312945 591437 773113 807118 593128 253031 263435 131853 542391 585033 235761 191982 566926 735938 176791 202268 309435 541889 612997 225410 340442 765761 620057 309622 999999999 300134 439458 669772 307392 303506 770779 365511 709921 560212 733711 559781 148049 62132 474777 563353 132914 136826 824386 748321 605705 246603 483588 440614 359706 565655 206547 683609 568999 288269 662672 468479 382048 274715 255433 272617 88160 467706 439851 278707 453578 219879 392606 427857 329472 316583 575237 75366 560031 387323 424930 259385 182894 108348 224722 600124 315904 703724 540845
453441 363098 358046 563857 300297 490666 590677 338733 272917 350837 333830 281487 467509 15960 353922 199568 572004 49793 501466 551986 509420 461217 168814 185061 169329 669226 533650 201827 190485 334864 484510 123422 393253 395556 317883 537934 426642 386316 489395 380102 389634 300134 999999999 270676 448055 156795 74018 516404 119103 583176 309829 435522 341414 344827 307006 250935 473386 172833 320547 569302 459414 411563 219059 183705 583732 576449 598763 363909 413860 539245 402287 576962 175278 120257 277025 408261 425302 346739 231300 267399 174501 410590 391317 447992 180216 464376 402674 476096 354004 692343 243263 606535 75357 195425 388212 319859 300379 255273 405811 260079
575920 586873 559112 370507 316588 451649 860950 609392 489294 119821 199672 534964 244901 260766 288134 139493 839956 317685 768207 759359 571184 720739 431845 176037 354008 918972 803717 205533 247515 556055 316681 314528 605955 303397 547773 805921 421408 262396 379273 201178 641241 439458 270676 999999999 234150 140289 344363 690998 374709 839367 517650 431311 572111 549219 405319 84560 740772 367998 363559 403322 570862 649720 477870 286961 825954 539229 866365 587658 577631 809917 331544 842729 346501 168717 204745 638091 377234 429479 466727 528173 442197 192843 612283 301997 127431 704407 306456 742060 513431 940894 53459 834304 229114 434004 473079 560096 381136 523679 482406 434117
561640 665357 779594 137012 550027 324880 1020723 766689 574644 114454 414902 729251 23802 433634 511456 249628 972970 483813 899335 802755 505058 836668 616660 407874 572041 1117196 948351 438807 478949 635775 106090 527605 823323 517219 637666 940074 648621 469794 207129 77448 837454 669772 448055 234150 999999999 363119 512645 707571 517767 943365 590145 342637 659860 768499 638709 201570 874981 584095 597440 179415 547879 738282 667114 359603 1030118 753008 1038114 800358 599690 962687 549229 968378 435013 327818 435314 848530 597480 663591 574079 659191 619912 353064 826501 490984 268006 909553 518438 871857 742378 1140220 287604 1047213 434602 636772 707229 764005 386235 697985 449371 495572
559005 511909 419788 495282 217316 511098 734126 487607 417284 250689 185364 398277 377323 152952 231767 163182 725605 206565 656139 696886 585540 617927 300913 58408 213825 779799 684343 91857 120579 482346 429736 174590 466021 265659 468227 691595 340663 244594 469099 313182 503260 307392 156795 140289 363119 999999999 228651 647748 274453 739970 451496 472810 492319 409575 282129 168066 627714 227713 256986 518246 559620 565261 343827 258697 686051 479716 734813 447370 538341 686699 281794 731991 291539 116261 142112 497835 316809 312507 382189 424181 314656 253795 472040 302974 134457 564529 271680 631257 379334 801511 96625 694070 95609 295633 357429 420725 376256 395513 485860 384072
435596 308868 328759 622511 342358 518754 517916 265112 227297 420081 399315 224712 533037 83911 408166 263051 498168 28837 427926 499645 508654 390050 109259 249834 174285 608419 459657 261005 239889 283008 540411 140709 356301 451837 262520 464103 463646 447918 533826 441715 331032 303506 74018 344363 512645 228651 999999999 477141 64760 512686 265865 457797 284713 314682 324734 319863 399713 170675 353612 622559 445080 349592 160705 207669 527418 614359 528222 322470 382806 465653 454469 503598 170604 187800 338584 361800 471841 365550 178081 197259 107747 481910 350190 510404 247309 410984 459270 402784 344047 631974 317133 556850 138760 157721 402934 270689 309766 185635 406430 237339
156661 193456 744515 735925 815446 457331 592511 452468 250319 685841 832817 584723 730975 510952 868478 552156 468343 479095 417449 118913 272732 336575 522047 692924 648547 826005 491657 715271 706838 206529 656064 617846 747017 908172 233574 451184 939623 892064 570743 635616 639279 770779 516404 690998 707571 647748 477141 999999999 412382 361686 211611 397957 221398 730733 799974 616856 414850 641949 830330 692324 177334 219848 546510 404419 795788 1090272 650559 706275 113508 529223 917606 442025 356345 540370 785839 718627 941700 840713 303239 349384 497795 878288 728941 950636 564524 723887 914910 398505 793962 848812 697459 859672 590563 594430 875560 642462 324999 496786 267360 263759
374878 246718 376931 617547 405962 483753 503053 248937 162656 435214 452883 251924 539509 121521 468574 272625 466688 71759 394229 437087 454803 346870 143741 303840 238024 621434 434684 318644 301317 219859 532738 205465 398647 511445 200753 432792 528098 504547 513332 443285 351652 365511 119103 374709 517767 274453 64760 412382 999999999 467359 201167 419186 223731 362608 388997 336424 367329 233307 418242 610713 385585 292521 190374 180732 547685 678826 521718 361978 318844 446053 515745 468230 124997 208085 395078 395861 534794 429819 114897 153512 130473 527732 389324 566523 263184 436607 518742 367766 401566 645469 355081 584719 192923 206930 466593 304607 265405 191525 354442 177134
491089 282210 616156 1010727 824979 773437 269253 296965 368728 882955 910680 463217 966902 588036 906727 721884 129875 533410 129080 253282 618886 123266 478275 761735 629361 530420 181555 769426 740400 309786 924282 624140 593342 952208 305714 133059 926076 955398 863336 865935 452474 709921 583176 839367 943365 739970 512686 361686 467359 999999999 356433 705020 283924 606102 761003 790147 152295 615568 818385 981976 514214 207145 466504 585358 535778 1068688 337438 557423 403917 221611 948183 96236 510893 670730 847454 542962 954348 796486 375601 315815 454489 993764 569149 1018181 719798 512128 959936 137185 697343 549628 822378 611347 651300 534747 816160 504830 576202 395799 576469 450453
210175 75232 544323 654366 606105 432574 499466 290990 38708 539821 636414 390979 613860 306295 663724 386027 410566 269454 340425 245532 323645 263745 314832 491555 436970 690789 406007 511189 499127 46730 567858 406545 553032 704969 60127 381797 729142 692842 510298 513017 462943 560212 309829 517650 590145 451496 265865 211611 201167 356433 999999999 362246 75033 530186 588394 454692 323533 430568 619404 627164 228320 149375 344883 239156 640906 879865 542190 512794 130422 433896 712091 397357 171296 354166 584597 532708 733799 629148 92834 163936 291778 694758 537510 753217 390942 551051 711980 313856 586810 714850 513973 695490 385009 386805 664313 449326 221263 305487 246872 94660
241647 428643 785969 341568 688822 70424 859130 629656 368828 366915 624085 671064 363596 420627 697722 313666 772186 436733 702633 509073 162575 624805 561023 531134 604514 1027479 767748 563975 582411 406671 267989 557464 813837 723412 421942 743932 813467 688511 173464 286693 768226 733711 435522 431311 342637 472810 457797 397957 419186 705020 362246 999999999 436493 772029 731418 347160 685559 608330 724424 294580 222702 502497 609354 252874 961979 950306 897009 778949 308353 794104 746229 757221 294285 363380 606469 814823 786098 768330 400341 499078 549624 618649 806565 732750 340781 854678 727852 676103 789507 1051768 465314 1003073 478238 615417 812372 723403 156744 604146 132551 284108
265583 28174 523782 727967 626349 506701 428784 238635 85816 603838 674546 363349 683463 341168 692144 445883 335816 295474 266310 216060 387010 188775 307313 526419 444988 631432 333427 542292 524369 30151 641260 421481 525622 735163 24391 307487 744881 727713 585243 582483 421242 559781 341414 572111 659860 492319 284713 221398 223731 283924 75033 436493 999999999 510124 594921 514749 250638 436087 634025 701776 286219 79155 327062 303706 588703 895088 474696 484882 175915 362968 738970 322324 231017 404857 618350 498172 756330 635082 110327 128075 282085 741803 507670 789384 447542 507582 742468 240095 576923 655209 563115 647878 416222 379268 666781 421065 296101 275395 317821 166952
729679 538293 14362 895180 319002 831465 455738 315458 494451 658788 476474 150989 784470 360754 415592 533196 522450 335420 480585 710985 817179 498499 220823 378948 196589 395775 461652 358085 311837 524596 821033 241343 57950 457156 497245 495642 366801 486356 833798 709670 171016 148049 344827 549219 768499 409575 314682 730733 362608 606102 530186 772029 510124 999999999 210019 567434 454510 184497 284874 908002 742934 538900 185331 520092 294664 487357 422861 60160 660098 440121 436311 546302 483857 453265 411247 107386 419136 228948 439373 382300 240531 592375 72089 540028 508240 181433 464378 468928 98095 414209 500684 287730 335108 157085 229951 101356 624093 237160 717027 536443
756885 621627 211721 773746 114863 778932 652923 464941 549692 524320 282727 305782 650207 319253 208838 439463 698834 328942 645193 810215 816248 642234 292882 231274 151427 603355 642143 199920 161697 599408 711348 186752 263409 248383 575595 668409 167077 281459 749317 594389 370952 62132 307006 405319 638709 282129 324734 799974 388997 761003 588394 731418 594921 210019 999999999 449849 616737 158910 75076 799804 764394 645981 294753 486526 501388 308129 627208 268679 707535 627527 226353 717601 481017 371438 225210 317395 210829 40822 497209 479856 318688 399980 281663 331857 410823 391371 255401 627839 128759 620620 352087 482776 253236 227499 81461 284962 606067 365298 712653 559664
495845 526768 578739 329069 375120 370088 836080 581750 429804 100218 279345 530184 219040 237571 361425 68882 802230 291288 729223 691524 486932 675139 419520 220178 371268 918085 771049 253550 288153 495896 261671 326266 621937 381463 490768 768495 489243 343257 307762 145283 638281 474777 250935 84560 201570 168066 319863 616856 336424 790147 454692 347160 514749 567434 449849 999999999 702945 382942 419036 350181 489711 593584 469053 217166 829602 614776 848084 598791 503368 781231 407430 801896 284328 132066 272981 647064 451054 478939 414575 486843 425110 276235 624938 385631 73397 708727 385175 702320 545562 940867 121515 845688 233057 435762 523666 563134 300779 505124 399511 366366
