NAME : synthetic_000578
TYPE : CTSP-D
DIMENSION : 100
GROUPS : 8
RELAXATION_LEVEL : 1
EDGE_WEIGHT_TYPE : EXPLICIT
EDGE_WEIGHT_FORMAT : FULL_MATRIX
EDGE_WEIGHT_SECTION
999999999 818285 806466 374745 581470 360357 555626 789355 690481 656725 344275 550328 735048 343667 251645 625688 183535 764587 273635 824304 1039287 172902 797773 396763 818564 692785 546229 839403 450897 605396 864682 1007547 185994 685730 365473 883857 865592 738707 424817 975470 516922 711106 889492 187680 850271 675858 306272 560797 561395 868124 226888 1150035 198145 755431 701728 805820 527715 757377 304281 504665 944409 207359 670195 677109 931178 851132 1114990 664897 513915 726578 482523 655739 1029458 760459 586966 575615 723182 710256 516782 295879 323121 328086 141940 519274 963638 809723 790934 731868 578230 722083 567874 918626 441671 416241 773439 845144 1031297 657546 666097 437703
818285 999999999 345946 470471 757959 801240 272767 365155 914141 473186 929530 286799 612604 575316 966907 916560 923704 129586 878909 550759 596874 969299 933202 929470 183107 579624 310128 945757 822646 375602 750537 730038 635895 212127 455034 964190 991381 525071 712466 697243 462519 164986 299847 664505 689750 181231 626747 768877 793516 475519 974714 774354 871040 151236 826417 171562 699625 816864 523559 836341 672869 661028 461057 151510 411125 276538 667857 270516 404188 941778 404392 899115 712816 342714 708354 1002327 1083037 770910 996966 711496 977607 944224 684485 624857 560900 514310 1121228 365229 262872 746793 267833 415952 993245 791503 291809 1048551 544544 209150 576885 1005341
806466 345946 999999999 577658 502948 637321 435362 28138 635123 202465 779829 315111 295910 473935 864676 658792 843688 222847 753122 208050 286057 913260 626325 758410 166456 278366 498465 630413 621552 201321 412535 386764 628264 490306 479119 641457 675601 205284 525297 352877 299283 221161 110321 717303 350125 242748 523178 522278 547717 132166 887309 453760 776539 467155 534474 507169 466790 507892 588259 614699 327410 604320 184609 291248 127042 92905 366112 168804 292729 655371 326728 629336 374009 46055 450183 773937 819019 471491 789280 585922 845064 803420 708031 402758 230189 172528 843565 78983 294331 441878 308237 117583 814054 604133 60655 744971 251495 232722 287428 829987
374745 470471 577658 999999999 630036 523520 197705 571919 787508 515777 603355 263728 652019 316136 581936 750466 522938 452757 533884 685340 856322 543227 862376 630352 524016 603472 173700 894141 590668 409982 810962 894896 223565 312607 135173 930523 933352 608944 498079 858636 382526 407360 626030 199029 771261 371308 338652 623494 639021 682731 574560 1006730 492715 385082 745880 432946 557964 775793 76007 631171 826600 296138 520218 351613 701905 586305 937178 409577 330575 824174 290262 758354 901355 537287 603415 770978 898221 720731 735569 413374 623304 604744 232881 502180 788974 657139 956812 523042 287603 715265 273770 694626 693248 549130 526044 950549 828413 364333 582054 698379
581470 757959 502948 630036 999999999 239669 645839 474969 164193 304290 357710 516182 245549 317479 489591 159692 505603 636173 373181 374292 591939 592343 234430 311928 630250 235078 692561 270327 166964 382404 309199 483853 492408 781153 497789 311445 305851 313904 158064 460647 305663 593083 613207 623137 319658 579653 313844 26929 47728 469470 527945 639633 436769 807040 123260 863232 72246 176048 579113 131320 435958 408276 321194 622364 580922 591879 648101 488538 373411 198332 394486 142804 518197 470490 52818 273184 325630 132663 299710 287151 432543 388333 575794 140317 521319 384807 364366 434493 526402 152961 530201 563627 349027 180810 517968 322441 613588 551791 218647 367186
360357 801240 637321 523520 239669 999999999 611830 612179 330150 440838 142730 519599 452052 234425 254203 266511 265935 699999 135448 569814 795119 352703 439002 128416 721063 423105 640061 481399 90542 459111 546110 713308 326948 758950 415338 526428 505795 492150 115241 686655 354347 647769 742994 448651 548412 622516 191972 214823 208930 646544 290193 866805 197474 805505 350707 863054 209372 412259 454991 144326 659094 237548 458495 650900 742192 712401 860180 558510 400147 366234 396924 295390 743972 595236 263239 248675 385131 372268 213425 110167 211834 168208 392521 244126 720190 568936 449286 559090 540310 391627 537847 726100 192066 59528 630500 486039 805336 595677 398482 204241
555626 272767 435362 197705 645839 611830 999999999 437539 810023 440496 720958 144374 591411 377946 731391 790571 680347 268090 659975 587707 721418 715351 861680 734168 345271 545841 63466 885851 657459 320229 750644 796073 380566 147425 208729 915416 929183 525826 550273 759754 347155 231525 459169 393133 700217 199242 421137 647582 668500 557622 732384 886020 636661 204332 744987 259321 576018 758145 254096 685896 729322 424641 438118 165319 549916 421048 801373 271823 279016 843755 251862 786500 793747 403131 606244 843954 951845 704551 822721 507488 756648 729614 417503 505911 662356 554227 1002171 400552 151488 690269 139856 546063 799222 619446 376896 964963 684202 203185 530943 808119
789355 365155 28138 571919 474969 612179 437539 999999999 607056 175371 754809 311562 268667 454008 841749 630681 822087 239343 729390 185968 286063 892771 599130 732509 188887 250335 500935 603799 594852 184199 388949 372805 612988 500457 468735 615558 649077 177849 499604 338090 278344 231796 138238 705517 326936 249922 502438 494431 519848 121515 865110 448672 754419 481197 506576 523164 439457 480655 578986 587320 311284 585848 157448 300066 141823 120540 366815 166892 276851 627439 312524 601201 362918 34925 422221 746166 790886 443746 762005 563177 820651 778743 694176 376171 224848 149778 815560 57655 292598 414311 306312 129746 787693 578053 73923 717717 256865 236968 259291 803738
690481 914141 635123 787508 164193 330150 810023 607056 999999999 447771 399952 679773 347231 471806 543860 76195 578009 789512 442195 471380 665073 663938 116527 341763 775983 356801 856371 160374 239643 539320 332937 517097 631792 945008 657427 205758 177109 432748 294799 504151 468745 749237 743383 761117 371136 738239 459104 164899 148592 576116 586715 670101 517337 969437 106127 1025247 234788 162213 732345 185824 487669 543325 462979 782602 693665 727158 706392 643649 536901 37491 558656 34835 558229 608643 207828 211434 187463 171337 269341 412430 469508 430474 709287 304399 603491 491833 209336 574461 689221 204438 693451 676290 349407 275284 659201 164006 698821 710641 349192 367002
656725 473186 202465 515777 304290 440838 440496 175371 447771 999999999 583517 296169 151926 313075 678508 462768 665147 345316 563153 174759 382591 740863 460034 558653 328377 109908 500552 473795 419628 120511 310154 380410 495135 546785 389512 495139 519290 93380 326762 344517 145656 310918 312328 606255 261120 307976 354714 321950 347515 214444 705061 504467 595428 552012 354594 603662 264406 344252 500135 412339 312273 449372 17965 357926 301434 288391 458607 206253 185219 472519 225754 437453 390937 166662 251577 572710 626408 297749 586827 402952 651371 608596 582626 201236 306925 154199 657008 130327 292033 273974 301859 285514 612864 403931 213764 575581 378241 282790 103752 629097
344275 929530 779829 603355 357710 142730 720958 754809 399952 583517 999999999 644056 587332 354505 144152 325128 187646 834084 74064 708507 933288 268995 516197 59928 859327 561593 740798 560062 190748 598840 666471 840859 384975 868108 515191 605584 574967 632710 257225 816316 493455 780875 885029 484400 676049 753660 304356 330922 317105 788061 187529 996087 146217 920890 450527 977840 343383 516939 529146 233745 790168 307595 601195 778161 884813 853918 996155 695710 534378 430727 526373 366625 873895 737478 391591 238585 386380 485633 174830 218257 74838 31215 425158 385705 859010 709339 454816 701456 666794 509790 662796 868671 98308 186449 771800 533495 945640 727581 537749 97876
550328 286799 315111 263728 516182 519599 144374 311562 679773 296169 644056 999999999 447055 289556 681022 667304 640028 214270 592197 447364 597547 690669 724066 646978 272517 401651 204793 746359 550547 176077 606298 657137 364396 265552 187526 774462 790305 382436 440313 620680 211310 160956 364361 423395 556280 125534 340360 520993 543521 427282 690434 755256 585260 293785 608448 351091 449145 617656 284811 571764 589691 377376 294148 135552 438345 324481 678348 146376 142881 712087 126725 658614 657460 276650 473070 735143 831814 564813 722356 425801 690888 657952 428017 376052 533488 415043 878055 267196 27967 548963 18990 431448 711446 516040 262354 830536 566527 108744 387276 722685
735048 612604 295910 652019 245549 452052 591411 268667 347231 151926 587332 447055 999999999 401771 705216 383709 706448 483077 586084 129294 347906 789229 330463 548936 451303 48579 650642 336403 401442 272224 160567 272557 595011 698380 520199 351846 381943 90979 340474 241288 269619 455094 400426 716821 121178 456123 429895 270829 293230 229974 738511 419419 635093 701187 242797 751513 244012 211995 626636 375164 211188 532396 157952 507065 346638 388793 408829 353493 325460 363477 363829 347300 296901 278048 199628 514338 534339 178010 545150 451163 660824 616279 684417 219446 276031 145010 552412 249200 443835 146885 453434 329239 591952 401050 331025 449070 368056 432080 72336 609815
343667 575316 473935 316136 317479 234425 377946 454008 471806 313075 354505 289556 401771 999999999 402924 434910 373013 484873 304933 481718 695660 439487 551738 359457 519346 356426 409461 586150 283109 274261 545859 671735 193829 524790 190664 625169 623128 396098 182976 638275 176263 430707 567232 319912 521359 401520 52929 308704 323219 525300 419566 809582 309567 571336 437400 628827 246597 475688 261690 318313 606588 136308 326743 423847 594983 531411 771371 355500 191719 508685 175064 442286 690590 428115 297879 468837 586810 421787 444834 136264 403436 368978 283167 203829 619973 466170 643097 396443 312458 423058 308291 581362 424386 243405 449887 635295 688915 376385 330265 434709
251645 966907 864676 581936 489591 254203 731391 841749 543860 678508 144152 681022 705216 402924 999999999 469241 68145 885831 119145 819837 1045102 129858 659933 203574 922257 674064 739056 703776 324919 671525 798371 967458 359247 874512 523119 749338 719112 739496 365097 940845 567266 831294 964395 425048 802511 800317 350107 463464 452720 890210 43913 1120991 95885 935613 590156 990571 463522 655493 505989 372738 913174 307964 695385 816432 978034 930231 1112136 758267 594265 574865 576996 510315 998139 820131 517077 376342 521665 620670 309209 278790 85053 114558 368556 491783 969522 816147 589818 785717 706615 642546 699993 962782 221527 310016 847938 676560 1051755 776475 648670 211208
625688 916560 658792 750466 159692 266511 790571 630681 76195 462768 325128 667304 383709 434910 469241 999999999 505573 795597 370526 511950 716567 590885 192528 266423 789701 384190 832884 236294 176920 541319 394660 579296 580833 930135 624530 281498 249944 462749 252393 563499 459664 751876 768663 708110 426126 737374 414912 147917 124073 613441 512368 734120 446927 960282 159944 1017035 218861 224954 690905 125355 544482 491112 479313 778786 728689 748984 763004 647757 525758 105690 542528 47402 619044 628143 211638 141791 166483 219263 194948 358350 393836 355391 654251 293446 651282 528253 211601 592539 679612 251933 682352 711275 273359 216275 676515 219587 746059 709411 371702 291043
183535 923704 843688 522938 505603 265935 680347 822087 578009 665147 187646 640028 706448 373013 68145 505573 999999999 848927 136250 815249 1039369 87095 692552 246953 890001 671767 684190 736093 347429 646394 810979 973904 302718 821234 473777 781668 754861 732624 367306 945588 544454 794257 939796 359361 809853 761981 321548 480606 473214 879018 52115 1125223 71359 884621 613927 938684 470421 677121 447367 398867 916774 262817 681339 774600 960874 904317 1109128 727261 564307 610987 543228 543641 1002331 798368 526943 426057 573493 638177 361036 262370 145716 162995 303936 488547 963298 808544 641925 765139 666453 657346 658867 946235 276853 325021 822579 718847 1042099 739291 645647 269034
764587 129586 222847 452757 636173 699999 268090 239343 789512 345316 834084 214270 483077 484873 885831 795597 848927 999999999 789469 423580 491605 903042 804940 828280 80179 450664 323929 816752 712620 255093 621650 609566 578666 278344 400685 834751 862395 395510 603805 575715 350452 54670 202674 631320 561256 88736 537674 648697 673748 354699 898363 666757 790828 245650 699552 284329 581089 688159 489847 721904 549934 587714 332570 102905 307552 169756 567196 148230 300036 816141 309815 775913 595562 214603 585510 887977 961799 642963 887334 618678 887645 851462 640456 506966 447077 387026 997642 235780 186410 618244 196817 308757 890669 684242 165422 920883 444588 109636 448765 903892
273635 878909 753122 533884 373181 135448 659975 729390 442195 563153 74064 592197 586084 304933 119145 370526 136250 789469 999999999 701281 926626 223049 556413 123142 820271 555247 676391 599912 211823 564165 681040 848712 313373 806414 452255 645475 619203 621549 246122 821874 458842 735469 855170 410392 683845 706445 252570 347522 338619 773431 154955 1002004 78454 861936 478514 918383 344543 542436 458989 262729 794101 239934 580308 727437 863843 822188 993214 655927 492371 475612 479753 407717 879127 709281 398663 302875 450924 505198 243155 171606 98699 70953 351149 373421 851191 698298 519065 674173 616236 525874 611130 848292 172086 192568 739759 585954 934269 681274 529991 171833
824304 550759 208050 685340 374292 569814 587707 185968 471380 174759 708507 447364 129294 481718 819837 511950 815249 423580 701281 999999999 225382 895258 439014 673165 374265 146919 650380 436188 526211 276865 205437 210473 668209 672099 562429 441606 480110 85633 455500 174003 320210 409027 297571 780927 142625 420210 518765 399139 422018 106718 850740 329960 744149 660793 365499 705512 366228 323838 673697 502841 142518 617459 166638 472155 225374 295601 294111 322230 356666 484162 397486 474090 216803 209164 326813 643604 658831 300114 674003 554554 780861 736564 756297 328093 150505 36569 672281 194749 436273 267230 448383 208357 718540 522214 258951 557001 239736 401370 171390 736208
1039287 596874 286057 856322 591939 795119 721418 286063 665073 382591 933288 597547 347906 695660 1045102 716567 1039369 491605 926626 225382 999999999 1118343 606020 896548 417389 372038 784512 589952 749155 453710 342662 193501 874338 768602 746778 579950 627754 306759 680882 181793 524495 502323 297051 978099 294511 527265 736560 617828 639273 175742 1075637 177716 968451 735523 560293 767441 590285 505079 858411 722553 184688 831947 369232 573681 185864 323077 80878 452730 544804 670025 584103 674445 154551 320988 547487 853971 849033 497585 890085 777793 1005948 961582 960052 553320 76216 231442 850781 333376 578569 464682 592323 182890 939738 746865 345196 716000 60709 518660 396768 957648
172902 969299 913260 543227 592343 352703 715351 892771 663938 740863 268995 690669 789229 439487 129858 590885 87095 903042 223049 895258 1118343 999999999 778871 328906 949080 753224 711803 822487 434494 713653 896892 1058069 335193 850858 514616 868081 840549 811730 451737 1029223 614427 848543 1006006 360569 894478 814928 390348 567481 560284 955264 87326 1208493 156122 918097 701020 970209 555623 764182 470139 485773 1000046 316473 756549 822992 1032932 969499 1189365 788537 627953 696474 603325 629710 1085710 867521 612672 505149 651169 724967 438515 340715 214882 241564 312451 570374 1042153 887035 719406 835376 717902 743780 709151 1018774 351311 411921 888609 802323 1118883 793778 726876 341036
797773 933202 626325 862376 234430 439002 861680 599130 116527 460034 516197 724066 330463 551738 659933 192528 692552 804940 556413 439014 606020 778871 999999999 458219 779937 355204 912890 43874 349461 567019 263457 438985 724778 988721 728827 89405 71420 421359 386620 432702 514586 770556 729417 855327 315066 764923 547355 246703 239436 545685 702608 585387 630379 1004782 117494 1058667 305322 118500 813211 295919 422219 638672 472370 812776 664235 719172 636572 665119 583027 91528 610767 149619 482255 607365 259963 321079 255577 162636 382761 511637 586024 546817 806134 362384 552921 466145 245699 576529 729360 186993 735575 647315 464993 381651 660021 118749 647248 738406 356316 482371
396763 929470 758410 630352 311928 128416 734168 732509 341763 558653 59928 646978 548936 359457 203574 266423 246953 828280 123142 673165 896548 328906 458219 999999999 848104 526805 758669 502090 147532 585560 618370 795677 418134 881582 532593 547519 515960 600609 233299 772509 481464 776149 865643 525837 631579 750919 313138 285003 268642 757399 247167 951548 200489 930566 397217 987966 307041 464321 557959 183252 747402 334931 576553 778937 858360 836253 956846 686166 528519 371816 525089 308903 830077 717539 350306 180630 328780 436062 120121 226703 128136 89148 466877 357879 823309 676599 397119 681025 668137 461836 665359 841842 65071 154765 754855 473576 912009 724093 504180 75872
818564 183107 166456 524016 630250 721063 345271 188887 775983 328377 859327 272517 451303 519346 922257 789701 890001 80179 820271 374265 417389 949080 779937 848104 999999999 425310 402696 787700 723765 262923 577834 547200 632879 356839 459692 801803 833246 360786 618026 514732 366734 116676 123732 695500 515787 152778 572153 645651 671146 293204 938009 594031 828658 318300 680530 350991 581806 661699 555529 727134 491022 632608 313011 180295 231839 94492 491211 164355 328279 799870 346791 765725 529719 173341 578064 891917 954319 620491 897396 648669 917191 878929 700145 510043 378132 338393 985287 203525 244885 593212 257250 234902 908585 699014 120295 897719 368035 163873 428098 922860
692785 579624 278366 603472 235078 423105 545841 250335 356801 109908 561593 401651 48579 356426 674064 384190 671767 450664 555247 146919 372038 753224 355204 526805 425310 999999999 604443 366134 380289 228349 208446 315569 549008 656095 471627 385860 411764 78993 309186 282792 221044 419177 386726 669747 169315 417598 386790 258186 282363 234831 705828 458174 600468 661888 256681 713338 219765 237653 578214 359770 251624 488633 119211 467767 346084 370653 438150 315471 277494 377311 315565 352110 336791 254007 184589 508010 541510 195262 533156 413345 633974 589659 638355 183244 297424 151044 565234 221793 399667 168215 408787 328745 573534 375334 305995 472527 385219 392627 26734 591008
546229 310128 498465 173700 692561 640061 63466 500935 856371 500552 740798 204793 650642 409461 739056 832884 684190 323929 676391 650380 784512 711803 912890 758669 402696 604443 999999999 938526 692151 380801 810450 859094 381506 139504 226136 969360 981274 587190 587614 822743 399901 291310 519126 372618 761023 260462 448092 692539 712430 621083 736273 949460 646080 211459 795693 259714 621629 811911 242134 723954 792199 437243 498912 222546 611923 481541 864350 335288 332984 890886 302260 831503 857078 466561 655288 878234 991669 757797 852864 532688 770993 746949 405012 553731 725768 617130 1044191 463934 214153 744916 202039 608441 823424 652834 439716 1013635 746716 265970 588562 831135
839403 945757 630413 894141 270327 481399 885851 603799 160374 473795 560062 746359 336403 586150 703776 236294 736093 816752 599912 436188 589952 822487 43874 502090 787700 366134 938526 999999999 392231 584823 248413 415847 762412 1009781 759897 45606 45654 427141 425204 412819 538909 784659 730751 893102 304803 780951 584151 284734 279366 542147 746422 557910 673589 1022882 148794 1075935 339632 129962 846985 338868 405288 677172 484927 829786 659992 722851 615576 679940 606835 133954 636308 193464 459666 614446 290733 363000 288225 181545 425552 551514 629880 590689 844764 392347 540965 465570 269935 585149 750224 200258 757077 643387 508407 423625 667428 126048 634064 754961 370337 525702
450897 822646 621552 590668 166964 90542 657459 594852 239643 419628 190748 550547 401442 283109 324919 176920 347429 712620 211823 526211 749155 434494 349461 147532 723765 380289 692151 392231 999999999 461507 475910 650347 407518 802598 472749 437489 415597 455260 110509 626293 362200 662961 730466 532950 485705 641585 252090 140205 127814 612502 364773 805811 282247 842693 266692 900319 160849 330966 526239 53860 600674 317445 437590 675614 716230 703291 809345 566280 418634 275695 424134 204865 683885 582661 202863 186496 307920 296101 174728 184672 265580 221390 478229 218832 676147 530710 368801 545862 568053 319312 567747 699455 194324 41854 623396 396097 765438 613863 358332 211330
605396 375602 201321 409982 382404 459111 320229 184199 539320 120511 598840 176077 272224 274261 671525 541319 646394 255093 564165 276865 453710 713653 567019 585560 262923 228349 380801 584823 461507 999999999 430572 487297 429002 428106 293434 609301 629819 206990 355120 450845 105559 210681 293446 525363 380223 199266 324872 393972 418892 278002 691578 597185 580874 438098 455598 491653 325997 454896 405310 467721 419181 403078 118130 245839 325941 258708 533827 106862 93023 568015 130735 523584 491733 155266 332824 633574 707734 404737 635692 393628 659378 619746 511170 251951 382753 247370 745731 127128 171612 384794 181349 313859 645716 436109 176480 679109 434556 172044 216974 660101
864682 750537 412535 810962 309199 546110 750644 388949 332937 310154 666471 606298 160567 545859 798371 394660 810979 621650 681040 205437 342662 896892 263457 618370 577834 208446 810450 248413 475910 430572 999999999 184689 739459 852962 678060 244104 288443 230661 447157 171752 428515 600479 502073 865087 62923 605884 566380 335765 349869 305342 835995 339689 740770 850654 234852 898661 342172 170919 782526 435151 158843 669403 313535 657655 419786 501032 375358 503723 485907 332247 523967 348796 225299 408017 284277 536312 510919 183118 583327 571188 741292 697258 828540 347311 292772 240076 508717 386487 601752 156705 611874 403967 648169 488560 459969 374232 385654 583541 228911 666577
1007547 730038 386764 894896 483853 713308 796073 372805 517097 380410 840859 657137 272557 671735 967458 579296 973904 609566 848712 210473 193501 1058069 438985 795677 547200 315569 859094 415847 650347 487297 184689 999999999 863466 872373 769922 399009 449234 287106 606603 36487 522892 604474 442517 981529 165034 620465 702034 510779 527528 254983 1003013 156256 902755 853606 419409 893828 504369 355444 880390 613379 68296 804148 374775 671613 337122 456166 200927 527014 565035 514392 605775 533484 44076 403120 450617 720878 691799 365076 766809 722484 915576 871131 952620 490986 180136 242131 684101 397359 644996 335817 657428 326106 829016 658160 445713 540514 250191 604258 342048 847396
185994 635895 628264 223565 492408 326948 380566 612988 631792 495135 384975 364396 595011 193829 359247 580833 302718 578666 313373 668209 874338 335193 724778 418134 632879 549008 381506 762412 407518 429002 739459 863466 999999999 519022 181052 803848 795825 583157 338601 829443 350309 525122 706863 130731 714996 489930 179402 478092 486834 700138 354783 997857 269154 584098 615472 637248 426246 660453 147617 455809 797506 90077 506584 492385 754393 668059 952268 481069 336140 669281 301766 599052 880574 582560 482212 574279 711868 608050 530444 222961 400246 383723 89414 394856 799914 649303 775168 556130 392278 612422 382040 742731 478532 366143 591879 795030 861258 471563 523142 481836
685730 212127 490306 312607 781153 758950 147425 500457 945008 546785 868108 265552 698380 524790 874512 930135 821234 278344 806414 672099 768602 850858 988721 881582 356839 656095 139504 1009781 802598 428106 852962 872373 519022 999999999 354263 1036269 1054142 622786 694365 837024 476850 269180 480480 510978 797770 252236 568519 785003 806925 621356 873349 942075 780544 77274 873615 120340 713125 880396 381577 829134 808692 569510 540691 200769 585662 448065 845100 350921 408326 977550 387691 923238 863305 469274 738589 988976 1093200 828396 969278 654909 902572 876319 544490 640860 719846 636368 1141478 477540 259562 810932 253183 586168 946639 765201 429728 1096007 722789 271056 644969 955540
365473 455034 479119 135173 497789 415338 208729 468735 657427 389512 515191 187526 520199 190664 523119 624530 473777 400685 452255 562429 746778 514616 728827 532593 459692 471627 226136 759897 472749 293434 678060 769922 181052 354263 999999999 795829 799587 482849 373401 733996 250799 348178 544612 239618 640367 312255 223712 492713 509526 571225 525612 888753 428113 412614 611963 468032 425553 640775 111945 508977 701767 215922 395876 311663 606005 504929 827097 318567 205938 693668 165191 629359 779227 435431 469312 657296 777468 585698 628654 307000 548327 522372 240511 367629 676186 536609 833547 415339 215438 580093 204080 596510 597308 432249 434527 819531 724700 296197 449387 605012
883857 964190 641457 930523 311445 526428 915416 615558 205758 495139 605584 774462 351846 625169 749338 281498 781668 834751 645475 441606 579950 868081 89405 547519 801803 385860 969360 45606 437489 609301 244104 399009 803848 1036269 795829 999999999 52025 441282 467716 399844 569475 804960 738590 934579 304341 803104 625084 327214 323075 545930 792007 534886 719034 1046542 188503 1098724 379263 157456 885147 384229 395793 719351 505064 852756 662375 733093 599880 701249 636698 178099 667630 239024 443083 628540 328040 405961 322792 211945 469403 594819 675235 636179 886949 428352 535796 473005 297142 600898 776999 225527 784428 646177 553000 468423 681602 144674 627017 777683 392854 570178
865592 991381 675601 933352 305851 505795 929183 649077 177109 519290 574967 790305 381943 623128 719112 249944 754861 862395 619203 480110 627754 840549 71420 515960 833246 411764 981274 45654 415597 629819 288443 449234 795825 1054142 799587 52025 999999999 472618 457451 448716 582065 830182 775410 926304 346609 826272 618642 317859 309772 585707 762298 586608 694443 1067914 187664 1121115 376658 175206 884559 361763 443173 709408 530511 874975 703200 767945 649903 725384 650218 144262 679016 211806 493276 659969 330378 365628 273555 225755 430933 581616 642653 605062 876760 432614 581170 510011 245411 630766 794586 245560 801264 686713 516642 449394 712965 92701 673444 800205 415763 533330
738707 525071 205284 608944 313904 492150 525826 177849 432748 93380 632710 382436 90979 396098 739496 462749 732624 395510 621549 85633 306759 811730 421359 600609 360786 78993 587190 427141 455260 206990 230661 287106 583157 622786 482849 441282 472618 999999999 377064 251318 236796 370873 311261 697218 175352 375267 433317 336658 361046 157384 769278 414702 661747 620191 330283 668800 294428 302864 593306 437242 219050 531828 89613 427002 267105 298187 378346 273064 278478 451293 319084 429681 298862 187446 262963 586945 618610 266591 611231 471091 703905 659940 671484 248378 230677 76813 639991 160080 375081 236625 386058 249776 649253 447440 240497 539896 313189 352914 97216 666502
424817 712466 525297 498079 158064 115241 550273 499604 294799 326762 257225 440313 340474 182976 365097 252393 367306 603805 246122 455500 680882 451737 386620 233299 618026 309186 587614 425204 110509 355120 447157 606603 338601 694365 373401 467716 457451 377064 999999999 578399 253516 553535 632343 468908 442748 531530 164385 140523 148266 531308 398051 758214 296162 732932 280748 790520 105056 333048 439227 136383 549852 252070 344546 565139 627780 603103 747092 458455 308324 332223 313775 263303 635284 484243 163876 295199 404706 285465 284506 129367 327069 283403 419607 128891 605687 453870 460161 447748 457584 298580 457401 611560 291212 80989 521925 458750 690246 503890 284117 306232
975470 697243 352877 858636 460647 686655 759754 338090 504151 344517 816316 620680 241288 638275 940845 563499 945588 575715 821874 174003 181793 1029223 432702 772509 514732 282792 822743 412819 626293 450845 171752 36487 829443 837024 733996 399844 448716 251318 578399 999999999 487525 569512 412753 946743 141147 584978 669577 487552 505362 221734 975737 180154 874325 819199 403691 860043 477334 341938 844613 591145 32280 771346 338612 636256 309783 424679 203993 490987 528929 503986 569691 518505 57592 367905 425023 704498 682539 346490 748181 692275 890866 846331 918488 460553 155403 205704 678400 361397 608627 315914 621030 297794 807847 632392 411333 538548 234339 568472 309427 826180
516922 462519 299283 382526 305663 354347 347155 278344 468745 145656 493455 211310 269619 176263 567266 459664 544454 350452 458842 320210 524495 614427 514586 481464 366734 221044 399901 538909 362200 105559 428515 522892 350309 476850 250799 569475 582065 236796 253516 487525 999999999 300990 397139 460723 389570 281379 224099 312131 335598 351524 588538 650078 477738 501458 398157 557837 240808 412020 358873 373822 455255 310577 156327 319856 418870 363444 602032 205160 68672 500813 98750 448405 535631 253917 261764 539834 625519 357924 536926 288802 553839 514200 437268 166394 449733 299380 669081 221004 220745 345474 224706 405132 542456 334216 281027 619488 514396 253394 199627 556431
711106 164986 221161 407360 593083 647769 231525 231796 749237 310918 780875 160956 455094 430707 831294 751876 794257 54670 735469 409027 502323 848543 770556 776149 116676 419177 291310 784659 662961 210681 600479 604474 525122 269180 348178 804960 830182 370873 553535 569512 300990 999999999 227848 581169 541858 36519 483448 604329 629091 352274 843705 673904 736237 251786 662405 298191 535530 655170 440381 674134 541972 533092 299984 71522 323382 190336 580407 105866 247630 777104 255717 734133 594319 201848 543375 840270 918327 607992 837663 564925 833750 797879 588446 460922 451007 372658 956243 215224 132994 584880 144118 321674 838903 633603 160554 885081 459897 54966 414599 851870
889492 299847 110321 626030 613207 742994 459169 138238 743383 312328 885029 364361 400426 567232 964395 768663 939796 202674 855170 297571 297051 1006006 729417 865643 123732 386726 519126 730751 730466 293446 502073 442517 706863 480480 544612 738590 775410 311261 632343 412753 397139 227848 999999999 784097 439171 260365 618249 632600 658036 198999 984992 474631 874259 440971 641535 470711 576734 611470 648322 724667 392882 692567 294562 297464 111553 39888 368754 226674 378541 762546 407131 738525 420013 148126 560458 884242 928110 577737 899083 685894 948698 907763 781541 511653 266051 265630 951175 184778 338903 547248 352562 118202 922223 711874 117399 848157 245370 262327 397033 937915
187680 664505 717303 199029 623137 448651 393133 705517 761117 606255 484400 423395 716821 319912 425048 708110 359361 631320 410392 780927 978099 360569 855327 525837 695500 669747 372618 893102 532950 525363 865087 981529 130731 510978 239618 934579 926304 697218 468908 946743 460723 581169 784097 999999999 837656 544693 309939 608681 617026 802471 407746 1110715 349499 584064 746201 631216 556810 790776 142081 582779 914565 217794 615855 534915 844339 744362 1057533 558184 433358 798579 394633 728036 996035 672922 612420 691816 833185 738090 642853 349837 483772 476793 59243 523133 905416 759096 897898 650641 450745 741646 438250 834292 581761 492216 673996 923871 959725 531673 644531 582225
850271 689750 350125 771261 319658 548412 700217 326936 371136 261120 676049 556280 121178 521359 802511 426126 809853 561256 683845 142625 294511 894478 315066 631579 515787 169315 761023 304803 485705 380223 62923 165034 714996 797770 640367 304341 346609 175352 442748 141147 389570 541858 439171 837656 999999999 548814 547032 346578 364218 242820 838287 320107 738841 792874 267485 839961 339753 210568 747467 450010 118712 650010 262137 600771 358170 438220 336878 447314 442507 375536 481801 382370 198609 347038 285588 566110 554523 207343 607988 561247 750719 706243 804404 331195 237892 177597 557779 327007 549979 175808 560682 342125 666732 493127 398561 429478 332522 527316 193463 685058
675858 181231 242748 371308 579653 622516 199242 249922 738239 307976 753660 125534 456123 401520 800317 737374 761981 88736 706445 420210 527265 814928 764923 750919 152778 417598 260462 780951 641585 199266 605884 620465 489930 252236 312255 803104 826272 375267 531530 584978 281379 36519 260365 544693 548814 999999999 453976 589489 613863 371401 811774 696499 704976 245194 654592 295742 519580 651066 403864 655181 556490 500142 298825 52048 351653 221908 606261 102658 223534 767233 227331 721676 612598 217705 531124 821128 903819 602329 816027 536698 804948 769851 552348 444717 472794 384315 943788 225489 97680 580717 108212 348720 814215 610895 182444 877966 487140 28035 410732 826757
306272 626747 523178 338652 313844 191972 421137 502438 459104 354714 304356 340360 429895 52929 350107 414912 321548 537674 252570 518765 736560 390348 547355 313138 572153 386790 448092 584151 252090 324872 566380 702034 179402 568519 223712 625084 618642 433317 164385 669577 224099 483448 618249 309939 547032 453976 999999999 300892 311692 568632 367403 843763 257116 617983 436597 675247 246874 481079 276132 293240 638370 103127 369417 475237 642664 582844 810892 408193 244260 496491 227901 427677 723284 477583 302932 434464 559582 428870 405046 86837 351198 317592 265699 219217 660520 505712 618693 445089 363915 434182 359217 628638 378208 210706 501037 623089 732514 429032 360154 387574
560797 768877 522278 623494 26929 214823 647582 494431 164899 321950 330922 520993 270829 308704 463464 147917 480606 648697 347522 399139 617828 567481 246703 285003 645651 258186 692539 284734 140205 393972 335765 510779 478092 785003 492713 327214 317859 336658 140523 487552 312131 604329 632600 608681 346578 589489 300892 999999999 25582 492961 502120 666561 412224 813292 141136 869861 71886 198374 570192 104880 462784 392439 339201 630918 603299 610224 674560 500631 378813 200954 397430 139007 545106 488569 73706 251943 314331 157706 275228 268172 405759 361595 560029 145750 546809 408622 357156 452269 532510 179302 535639 586062 322565 155588 535046 327069 638682 561517 240474 340680
561395 793516 547717 639021 47728 208930 668500 519848 148592 347515 317105 543521 293230 323219 452720 124073 473214 673748 338619 422018 639273 560284 239436 268642 671146 282363 712430 279366 127814 418892 349869 527528 486834 806925 509526 323075 309772 361046 148266 505362 335598 629091 658036 617026 364218 613863 311692 25582 999999999 516953 492352 683623 406077 836294 141897 893003 94790 203919 583867 85856 481380 399765 364751 654864 627903 635768 694683 525624 401753 185592 419235 119905 562809 514125 98420 226754 290123 168572 251985 272259 391822 348085 567012 169469 568901 432387 334615 477837 555584 193230 558430 610638 302869 149448 560628 312313 661281 585869 265226 321127
868124 475519 132166 682731 469470 646544 557622 121515 576116 214444 788061 427282 229974 525300 890210 613441 879018 354699 773431 106718 175742 955264 545685 757399 293204 234831 621083 542147 612502 278002 305342 254983 700138 621356 571225 545930 585707 157384 531308 221734 351524 352274 198999 802471 242820 371401 568632 492961 516953 999999999 918051 328605 808949 599318 470629 638883 451716 430489 682957 594384 197950 661164 199228 421301 118671 204971 255872 285902 369127 590025 408362 577230 242087 154889 419413 741677 763529 405251 767987 616659 858341 814701 785196 402467 106388 85220 778451 160327 410341 372672 423771 101641 806586 603677 192043 663557 163889 358270 254589 823793
226888 974714 887309 574560 527945 290193 732384 865110 586715 705061 187529 690434 738511 419566 43913 512368 52115 898363 154955 850740 1075637 87326 702608 247167 938009 705828 736273 746422 364773 691578 835995 1003013 354783 873349 525612 792007 762298 769278 398051 975737 588538 843705 984992 407746 838287 811774 367403 502120 492352 918051 999999999 1155778 110801 936674 630876 990780 498647 695718 499103 413696 947602 313685 721609 825269 1002853 950018 1143924 774741 611251 618036 591469 553005 1032850 842291 553411 420191 565274 659682 352947 302544 128140 158309 353444 522819 999789 845661 633365 808521 716670 680740 709316 987920 264958 347490 868009 720374 1080448 788751 680083 254138
1150035 774354 453760 1006730 639633 866805 886020 448672 670101 504467 996087 755256 419419 809582 1120991 734120 1125223 666757 1002004 329960 177716 1208493 585387 951548 594031 458174 949460 557910 805811 597185 339689 156256 997857 942075 888753 534886 586608 414702 758214 180154 650078 673904 474631 1110715 320107 696499 843763 666561 683623 328605 1155778 999999999 1053915 911633 574486 944624 657473 509496 1000567 769479 208463 944346 495177 744680 363229 499552 119328 614456 682990 665072 723616 687902 122937 482906 605043 875864 840433 521191 922723 870430 1070709 1026201 1086142 638806 223925 352470 827838 488079 738869 492071 752239 359129 985268 812485 514230 679219 233945 685366 484900 1003647
198145 871040 776539 492715 436769 197474 636661 754419 517337 595428 146217 585260 635093 309567 95885 446927 71359 790828 78454 744149 968451 156122 630379 200489 828658 600468 646080 673589 282247 580874 740770 902755 269154 780544 428113 719034 694443 661747 296162 874325 477738 736237 874259 349499 738841 704976 257116 412224 406077 808949 110801 1053915 999999999 840725 547527 895956 399646 609683 416744 334909 845461 212494 611806 720629 892430 839392 1037952 665030 501274 551455 482626 482654 931033 731497 456558 380866 529000 569431 319839 192496 134467 130844 290866 417235 892422 737803 597223 697772 610952 587811 604224 877590 243567 256951 757329 663514 971788 681359 574378 240124
755431 151236 467155 385082 807040 805505 204332 481197 969437 552012 920890 293785 701187 571336 935613 960282 884621 245650 861936 660793 735523 918097 1004782 930566 318300 661888 211459 1022882 842693 438098 850654 853606 584098 77274 412614 1046542 1067914 620191 732932 819199 501458 251786 440971 584064 792874 245194 617983 813292 836294 599318 936674 911633 840725 999999999 891938 57661 741632 892932 451306 865373 792419 628462 543595 194181 550135 412448 809424 347838 434543 1000479 420297 949825 840830 452883 761701 1028095 1125275 842743 1012713 704817 959261 930946 615077 667715 692713 624395 1170418 466871 280790 822746 278048 552751 995578 806951 407903 1115437 686145 269296 653692 1005443
701728 826417 534474 745880 123260 350707 744987 506576 106127 354594 450527 608448 242797 437400 590156 159944 613927 699552 478514 365499 560293 701020 117494 397217 680530 256681 795693 148794 266692 455598 234852 419409 615472 873615 611963 188503 187664 330283 280748 403691 398157 662405 641535 746201 267485 654592 436597 141136 141897 470629 630876 574486 547527 891938 999999999 946505 191002 67727 698197 217447 385298 531533 368521 701293 588515 627067 604066 556562 466748 121011 493721 114987 459109 510498 142714 301474 293410 65400 349750 409180 524198 481742 699054 245012 497729 386726 309807 477474 614698 98356 620452 571173 419278 291286 562077 223582 593021 627598 252508 437603
805820 171562 507169 432946 863232 863054 259321 523164 1025247 603662 977840 351091 751513 628827 990571 1017035 938684 284329 918383 705512 767441 970209 1058667 987966 350991 713338 259714 1075935 900319 491653 898661 893828 637248 120340 468032 1098724 1121115 668800 790520 860043 557837 298191 470711 631216 839961 295742 675247 869861 893003 638883 990780 944624 895956 57661 946505 999999999 798285 945978 501570 922799 834172 683953 594525 246150 581577 445407 839166 398137 491288 1055973 477703 1006036 879010 496555 817437 1085665 1182221 896360 1070372 762071 1015484 987589 664723 724194 728735 668975 1226912 513054 337423 875689 335110 585635 1052992 864610 449314 1170077 715803 321086 706082 1062770
