NAME : synthetic_000200
TYPE : CTSP-D
DIMENSION : 100
GROUPS : 8
RELAXATION_LEVEL : 1
EDGE_WEIGHT_TYPE : EXPLICIT
EDGE_WEIGHT_FORMAT : FULL_MATRIX
EDGE_WEIGHT_SECTION
999999999 554153 89723 83645 517957 273892 237197 605355 499648 506094 222560 448510 834864 402995 374416 577159 561358 447958 109004 515934 251550 277278 381659 621748 648876 616840 466316 294730 232942 562704 622107 509677 678632 362499 432058 341431 514057 549933 422049 637883 113429 255599 614023 538150 151043 564518 387842 463517 702140 506997 605109 690879 529804 649758 455234 504143 469963 717758 112527 530850 532850 230796 435774 458854 399912 217245 391846 526134 493046 225900 600282 599582 200760 357340 385806 142069 154097 357448 535879 607408 311913 320266 166229 215449 322369 473876 455614 493528 571777 465024 662788 698931 590894 176965 244100 558369 506218 364203 492468 303907
554153 999999999 481562 587456 304369 810853 344302 242446 782709 341275 666916 135244 294293 159871 675702 186149 557452 270153 577484 581920 805075 351627 207881 103279 113638 168131 780826 564973 322631 425984 674636 330909 124645 260416 165578 677539 621476 718521 880518 289254 601279 809741 616174 401101 424666 397195 260671 469329 187010 297098 339482 216322 447782 96023 466205 329394 991563 165104 488831 728603 624799 664618 673598 545847 951724 643076 939906 406240 485557 714716 234268 132853 353430 740928 169293 523192 553030 905499 381600 392863 483673 520423 720186 472528 555620 1005506 137614 602386 807297 89311 111536 611836 120919 521789 496880 726602 531344 791981 768774 564344
89723 481562 999999999 164287 488296 330260 150492 517094 560431 416641 299900 367939 768985 325485 431569 490751 482959 413561 106182 442992 333281 187578 328010 556923 570528 532141 531227 336089 159767 475179 552616 420080 606106 320857 375710 309912 543097 494448 439298 598238 192516 333899 538419 524088 62715 547808 299301 467819 640269 417292 575801 635304 444024 575935 372701 479439 517871 642656 36694 577804 464307 306314 386616 479018 471046 206404 458366 438362 498126 312015 512224 540629 133803 429901 312295 88655 208272 423981 518552 518266 329981 250731 248022 233565 260348 527802 374084 521233 627295 393660 587504 617960 530917 118514 172950 601445 518887 366656 551725 245912
83645 587456 164287 999999999 505441 293718 298752 665375 418876 577872 138955 494812 856314 445885 296149 632468 643785 442185 187627 599339 229928 346781 397855 644248 689099 668211 384238 228930 278100 639152 705745 580539 710216 367539 449177 418775 451619 632302 471870 632604 29787 241806 697115 510585 219230 538752 450488 421825 720028 574964 590273 701664 608302 683433 535958 487289 490778 752537 193011 456565 616494 147172 517206 404230 392028 290502 391536 602224 449890 148637 659701 615567 242944 273825 424000 225713 89295 358543 511338 680303 264793 403789 154554 177548 405928 487699 503279 432410 492877 498449 698364 780542 608197 260609 327316 486103 456484 425456 412333 387234
517957 304369 488296 505441 999999999 790155 424968 536159 532147 587230 520166 356065 428347 326520 453789 479285 781691 77273 593499 783463 733406 472395 196243 267895 406462 471189 542960 368160 362383 678035 891415 579896 365663 173092 182800 776693 338360 895599 927376 133440 503806 746896 844919 96832 459984 95280 452135 188918 296765 549965 87623 248767 683995 360492 669641 30994 987408 415648 515265 456421 821869 512668 817012 272317 897106 692893 896845 648906 195392 582211 527737 212969 368022 542129 299431 566819 432348 863590 77234 665140 281914 653446 659800 333323 681882 989009 367202 323091 537314 276658 382366 868635 216295 583963 597012 446054 240901 853880 517739 679991
273892 810853 330260 293718 790155 999999999 470232 813164 643562 678916 364595 691676 1099243 652881 545260 797982 646364 721439 235472 581354 136671 484421 652931 887042 895044 844707 600246 511398 490013 706052 659306 686228 935102 636277 702425 312045 730973 542211 216245 911653 306445 112605 679687 802937 386329 830596 601931 715260 969852 695188 876774 962183 661487 904335 574970 774771 197816 969965 322719 710345 577410 377138 429272 692420 158654 217045 135468 674746 742987 314389 809945 869044 463000 479967 641876 297344 380922 103796 802667 767719 557917 414599 149299 470581 391938 200043 696342 713877 725076 723561 914885 785627 859731 312394 371299 744884 747166 221929 641993 368357
237197 344302 150492 298752 424968 470232 999999999 368454 643537 285327 420564 221456 637398 184540 514663 340369 404004 347893 234993 384154 483699 62485 234952 429962 424846 381777 622238 403655 67806 357799 497124 286380 467177 253167 272063 358011 575146 477032 541088 511730 322819 483741 465821 485471 87927 503169 151866 464478 516191 277515 507982 521188 337248 435620 285476 425492 647382 500189 147986 637396 416614 424020 392274 500797 617490 301122 602367 320675 493717 446220 363237 423582 85785 537245 179508 178900 310491 568331 474681 388444 364057 229211 398505 286356 256916 662150 226407 552383 699338 260759 445232 524829 412476 180032 173955 653680 525607 455938 632608 255629
605355 242446 517094 665375 536159 813164 368454 999999999 955559 164385 777830 201213 444502 251015 835139 57068 366317 486633 583437 411869 847446 333637 385362 330754 196728 88925 944544 719452 392068 219162 480955 152918 278623 441162 365937 594669 825326 558599 821232 531518 687641 844946 415292 630858 454603 631152 217833 679171 394654 128235 580386 442019 257688 251395 313021 557398 965546 271326 506637 919960 454472 779271 550098 746841 968568 608994 948566 215668 700263 810641 8423 372819 427296 879979 283530 517942 662649 915941 612233 164503 651713 432608 763331 608353 467134 988446 189181 804251 994110 263409 240222 385869 361614 500786 447230 924685 744228 728282 942617 484493
499648 782709 560431 418876 532147 643562 643537 955559 999999999 922325 290697 755418 960489 704647 129774 907073 1037425 524264 606460 1002475 516095 704780 581057 785067 896231 923214 45575 240991 588891 1000486 1112911 921109 878393 525157 617436 837235 217729 1049221 854707 653224 390267 540408 1095603 462226 594589 488304 773637 344886 827570 904466 576944 780847 980569 864295 921844 501288 809999 928599 595725 107412 1024736 279234 935407 262222 652621 707663 673600 963585 347053 329852 947967 734754 559686 163618 672463 638383 352300 652579 478050 1023594 304396 811110 501391 358297 818511 789298 767172 222419 82042 712466 884991 1166035 734529 672768 733304 143511 309656 828176 14410 801661
506094 341275 416641 577872 587230 678916 285327 164385 922325 999999999 704989 233603 593300 261706 795100 186916 217433 522421 460808 252344 731146 231236 402935 443178 339713 239171 903895 681336 333585 90810 334914 11791 417076 451087 404516 436350 826616 397637 665314 617534 603954 725091 274956 673493 358645 680951 151160 693670 520602 44891 649500 557149 106698 385512 148679 601487 817548 421382 396938 905011 295612 708875 385914 748440 837005 466438 813885 65069 719256 726502 165913 471813 364321 822379 291640 394460 595818 782691 657178 103136 628916 278069 650537 564230 310807 843178 223726 804242 972502 317341 380320 281473 459359 370638 307618 916415 759037 572510 910667 330225
222560 666916 299900 138955 520166 364595 420564 777830 290697 704989 999999999 593708 912813 542299 181031 739516 781910 471901 322981 738238 253052 474382 462897 706987 775524 769725 252098 166901 385827 771092 844656 706617 784267 419550 512211 549859 371817 768941 568905 653304 109224 274578 835793 498958 349319 528807 569232 389500 774002 697833 596856 745404 742543 760989 672600 495842 547704 830256 330800 346489 755382 12548 652742 345796 412325 419232 423810 733922 412452 64987 771482 669711 350779 136343 515663 364614 116163 396156 505088 808056 241813 542739 216649 198917 544558 534544 603589 356873 369205 581019 778240 917794 664518 399502 466155 380462 404948 537904 286314 525500
448510 135244 367939 494812 356065 691676 221456 201213 755418 233603 593708 999999999 427350 52041 636738 151796 440740 296198 456337 457094 699487 219229 185949 235308 203396 176048 745770 521367 217328 323918 556056 225367 250594 240886 175104 542691 625576 589009 748727 385950 513231 701450 502178 445780 307233 450789 126465 481825 321237 194341 415926 343694 335589 217849 340252 372651 866389 279820 369315 718781 499159 593685 539306 546904 838180 513575 823670 297338 504459 633334 193335 250031 252031 686842 83027 398004 477545 789563 428474 309532 451184 385185 613948 413563 420378 882531 12181 604233 792936 84101 225321 514605 237447 393058 363395 723896 547326 659212 742330 429272
834864 294293 768985 856314 428347 1099243 637398 444502 960489 593300 912813 427350 999999999 453690 877523 407162 807498 448737 868330 845292 1081945 645671 458481 213128 253593 357628 970611 781076 609260 662461 923775 581642 180264 494375 407172 969557 761240 988831 1174802 315859 865340 1089082 859138 506002 714902 485232 548608 616432 138909 549131 396145 179725 696693 213633 735029 459206 1283496 173301 779440 881908 888645 907989 957207 699847 1234757 937181 1225363 653701 618959 968188 439326 243194 636882 959797 459124 816165 806483 1190876 487810 608053 693497 809943 998715 713997 845561 1295994 427558 748131 962632 377164 214212 826561 249104 815831 790589 867988 662278 1086077 946081 855730
402995 159871 325485 445885 326520 652881 184540 251015 704647 261706 542299 52041 453690 999999999 585235 203301 457516 260747 418555 466132 654497 195082 143243 250235 245897 227765 694393 469756 170241 352416 570051 255094 282762 195644 143865 523861 579623 590979 721711 373246 463486 657442 520280 411793 266646 419549 129284 438712 337243 227127 393694 350727 357586 251532 349796 339862 831916 317337 330257 670148 506832 542109 531567 500849 796531 483499 783334 322499 462587 582823 243353 253554 204029 634802 33035 363380 426149 749044 395505 346744 400699 372163 569047 361536 406207 846358 63089 557973 743511 81292 262194 542611 241415 362141 340598 676339 504363 634024 691657 412422
374416 675702 431569 296149 453789 545260 514663 835139 129774 795100 181031 636738 877523 585235 999999999 788485 907653 430714 482559 873019 428051 575606 469624 689431 789206 807951 109613 115730 461525 872088 983713 794247 778972 415375 510367 714644 208034 922434 749519 583398 268862 450966 965889 401673 464829 430660 647489 280577 740830 778645 513315 699882 851402 761927 792109 424291 724644 828441 467171 165492 895735 168559 809735 210351 579521 586617 595287 835090 293510 234275 827757 642547 431458 99959 553775 511081 224030 570083 413832 896904 192091 682297 397678 231040 690576 708787 648220 198949 197377 600273 781842 1036431 640666 545188 604519 199639 269609 715155 120267 674256
577159 186149 490751 632468 479285 797982 340369 57068 907073 186916 739516 151796 407162 203301 788485 999999999 400489 430777 564852 439251 823552 313872 332447 277459 154108 53627 897557 673048 355593 257145 517159 175159 234027 388658 310621 598450 771817 584343 821044 475400 653297 822597 453544 574188 428051 574218 196125 624574 345566 143825 523425 390081 289550 204337 332642 500781 958067 234636 483974 868449 482496 740266 564733 693539 951100 600349 932847 246548 645142 775430 48688 317506 391055 837062 234821 500811 623638 899617 555487 211883 602745 434942 738603 564193 470409 978952 140266 750969 943456 207807 196201 433710 306077 487082 439528 872181 689402 728463 893933 485712
561358 557452 482959 643785 781691 646364 404004 366317 1037425 217433 781910 440740 807498 457516 907653 400489 999999999 711002 478743 71010 734902 341735 588162 659961 554557 450252 1011325 801827 468928 147945 117483 228541 633384 628044 600549 345348 978783 205119 564435 826528 673137 722026 63517 860698 442882 872127 329633 861184 738025 262309 851210 773710 111234 602278 118656 791726 738186 634500 451110 1039674 101135 788869 247505 903588 801591 433276 772038 154189 889213 785863 370336 686299 489517 912840 482495 422262 688733 746024 846209 215398 767937 246616 667068 686311 258792 771161 432487 956019 1098422 524501 596125 141185 673745 388562 318186 1057162 924502 478948 1027569 282340
447958 270153 413561 442185 77273 721439 347893 486633 524264 522421 471901 296198 448737 260747 430714 430777 711002 999999999 519267 710125 671806 396237 122903 260866 380469 430116 528617 332419 285111 613066 819114 515825 354586 95880 121565 699534 351538 819865 852859 190787 443471 683927 774423 151115 383355 161185 382412 199178 310818 487321 163142 274975 616021 342525 597388 80798 917919 404958 439565 461388 747898 465703 740066 276922 834074 617171 832010 582497 216216 531372 478253 211997 291215 511063 231298 490657 375208 798345 135445 605290 244780 576607 595431 277096 604803 921038 307945 332851 541197 223239 363812 802933 210770 507180 519748 457351 261655 778178 509984 602763
109004 577484 106182 187627 593499 235472 234993 583437 606460 460808 322981 456337 868330 418555 482559 564852 478743 519267 999999999 426368 270604 251057 433473 657617 659658 610456 571720 403249 260744 503099 527497 466609 701243 426978 480432 232485 621074 445974 333908 704416 216637 264380 526547 625545 153447 650164 368825 561304 742097 470983 681088 739439 464263 670069 382742 583684 415408 735110 88891 639833 438282 332538 329953 563194 386250 110022 368849 468383 591341 313125 579656 643943 238292 459269 409393 66451 263079 335220 621010 556843 414648 232250 192759 316960 226657 428041 460892 600176 679773 491369 680103 619193 633894 93302 164100 667340 607954 265122 599753 205694
515934 581920 442992 599339 783463 581354 384154 411869 1002475 252344 738238 457094 845292 466132 873019 439251 71010 710125 426368 999999999 675087 323979 587594 685189 591732 491217 974153 771019 451375 201324 113119 264093 667895 622528 605819 276428 957707 146976 493564 839115 629022 661096 100763 857330 409893 870988 336917 847840 766470 296180 857341 797627 155517 635736 116896 790814 667912 673696 409048 1011391 43373 745948 176498 884431 735179 371336 704980 196325 876710 737573 414809 706571 467559 871482 487612 374429 651023 679745 844031 273088 744123 195855 610536 657868 200952 701270 450324 934983 1066635 538944 631725 204492 693964 339806 272131 1030995 909598 408627 993279 223667
251550 805075 333281 229928 733406 136671 483699 847446 516095 731146 253052 699487 1081945 654497 428051 823552 734902 671806 270604 675087 999999999 514018 624562 869035 900392 865421 471717 414328 484492 772615 763785 736692 929342 596949 675775 422376 624846 656620 352666 861907 229675 24772 775574 730931 395780 759990 630010 631266 947017 739661 816966 930730 732246 900860 648534 713832 296680 969075 340812 590508 677804 265280 539747 596206 164874 304442 171555 738391 656740 193845 843027 843062 452037 353081 637192 336747 302981 143103 733701 827416 475428 491179 85539 401073 476124 281599 706250 609860 598094 715815 914166 876030 835202 362826 431754 626512 654118 353451 515796 452647
277278 351627 187578 346781 472395 484421 62485 333637 704780 231236 474382 219229 645671 195082 575606 313872 341735 396237 251057 323979 514018 999999999 277678 445283 418062 360338 682620 465415 127794 298569 436626 233758 469822 303930 307898 329069 637139 423833 529534 549310 372720 511309 403774 538548 127701 554619 117777 523861 532301 229719 552671 544244 275801 437043 223136 475609 650707 497634 173316 699832 357884 478664 347198 562376 637268 295209 619069 261318 552760 495374 329468 446501 148268 594821 200571 187085 367368 585769 526660 334019 426499 183714 430345 348316 215460 669035 220888 614374 761415 276092 443776 462583 434690 176267 145592 716161 585784 440407 694021 219071
381659 207881 328010 397855 196243 652931 234952 385362 581057 402935 462897 185949 458481 143243 469624 332447 588162 122903 433473 587594 624562 277678 999999999 247073 320552 343050 576224 357594 179234 493138 696281 396998 321475 56496 51323 592266 440018 699809 761889 277625 407198 632790 651604 272919 285854 284088 260079 296124 322488 370005 274994 309371 494162 299273 474527 203695 844814 368172 347603 536528 625729 459768 624205 361484 780369 522111 773457 461622 319486 514121 377232 218601 195457 533048 111577 394548 351606 739084 258065 489976 278328 460409 542400 265991 490284 852561 198121 418890 612554 131411 317549 682147 210648 405837 408886 539734 361718 681870 567444 490295
621748 103279 556923 644248 267895 887042 429962 330754 785067 443178 706987 235308 213128 250235 689431 277459 659961 260866 657617 685189 869035 445283 247073 999999999 153154 246580 789176 585616 397469 526191 777278 432566 97856 287557 196094 773705 603929 821592 970540 211761 654227 876000 718112 361789 504250 350667 361723 451692 87021 398666 277133 114110 549848 98097 569473 297471 1073025 147761 568803 718785 728077 702995 774604 533396 1021650 731045 1012453 507935 462017 760175 323107 55791 424234 764707 250459 607674 597801 977968 341867 488607 499535 619211 785650 508299 654002 1084523 239137 587199 799286 169862 119368 709537 51738 609784 590829 711396 507941 883722 770769 661505
648876 113638 570528 689099 406462 895044 424846 196728 896231 339713 775524 203396 253593 245897 789206 154108 554557 380469 659658 591732 900392 418062 320552 153154 999999999 107811 894460 678069 416011 410888 671267 328065 82003 373843 279215 729873 731914 735630 944495 364860 704880 903243 607479 502979 510376 495538 309147 579225 201104 295555 427724 254096 443529 58312 482194 433655 1068206 83643 572702 840801 635077 773787 708297 657199 1041267 713220 1027027 400514 593892 821088 190468 205816 449277 853311 265139 600624 660582 992895 483126 361085 597222 567419 814944 583367 603267 1085176 198928 713318 919862 194565 43611 582592 197681 593914 558070 837786 639919 853391 882272 615706
616840 168131 532141 668211 471189 844707 381777 88925 923214 239171 769725 176048 357628 227765 807951 53627 450252 430116 610456 491217 865421 360338 343050 246580 107811 999999999 916193 693332 390130 304844 566213 227381 189702 399492 313937 651279 777590 636808 872940 452768 687693 865431 501540 567558 469700 564806 243392 627622 306527 196819 507108 355661 339894 162926 385826 494994 1007752 184381 527691 878834 534354 769733 618355 700158 996477 650087 979126 297045 646239 808611 82713 292370 425403 861628 256514 547369 653563 945642 548285 253299 619155 487729 780125 588248 523290 1027881 166203 757430 955460 212629 151298 474794 281931 535217 489986 880264 691391 780512 909761 538236
466316 780826 531227 384238 542960 600246 622238 944544 45575 903895 252098 745770 970611 694393 109613 897557 1011325 528617 571720 974153 471717 682620 576224 789176 894460 916193 999999999 225298 570433 979980 1083696 903217 880755 521189 615251 801136 245256 1016231 812347 667827 355083 496124 1068571 479076 568700 506334 756763 359161 835847 887972 593455 791478 958213 865093 896883 512455 765016 930639 565835 146139 995090 241158 901443 278886 607134 670910 628289 942895 364950 287460 937130 740384 539834 120660 662762 606596 323164 607519 493757 1005917 297896 781289 459475 340295 787201 744028 757314 246293 127119 707351 885390 1141894 739386 641241 703548 183761 331105 787897 50258 769675
294730 564973 336089 228930 368160 511398 403655 719452 240991 681336 166901 521367 781076 469756 115730 673048 801827 332419 403249 771019 414328 465415 357594 585616 678069 693332 225298 999999999 347924 759819 882974 680157 672149 304838 400600 634672 222752 830535 700199 501269 208256 433954 861363 335567 361126 365507 532862 222954 642804 663853 438734 606617 740902 653428 684931 341158 702973 720950 372669 241826 796206 156462 721491 182234 576783 511954 585879 723003 245551 231862 712088 541571 319138 179218 438475 420947 141768 556501 343404 782686 87717 584531 362781 117506 596299 693421 532787 203953 296622 487223 672812 927722 538525 453574 507408 265803 239804 653759 229474 581932
232942 322631 159767 278100 362383 490013 67806 392068 588891 333585 385827 217328 609260 170241 461525 355593 468928 285111 260744 451375 484492 127794 179234 397469 416011 390130 570433 347924 999999999 412446 564206 332784 447275 189418 222355 415152 509923 544380 583896 456566 297891 487986 531280 419178 108504 437703 187321 396795 481456 318471 447034 479458 396412 417686 350275 361043 675923 485229 172411 576583 484274 387530 457216 434739 629094 343562 617571 375888 425971 419841 385812 383404 35462 493141 153472 216303 271129 583127 408977 435491 301313 295199 399131 230667 321309 687056 225397 487163 641089 234195 430170 585959 373227 226607 234739 591260 458224 502806 577373 318050
562704 425984 475179 639152 678035 706052 357799 219162 1000486 90810 771092 323918 662461 352416 872088 257145 147945 613066 503099 201324 772615 298569 493138 526191 410888 304844 979980 759819 412446 999999999 261804 98553 491166 540427 495326 434707 912886 347414 664046 706311 666621 763985 196706 764163 421797 771749 237606 782279 600314 130687 739824 640281 49638 461117 134195 692247 827122 489178 450668 987836 241721 775960 361942 835080 864642 489318 838795 37259 808269 787194 223618 557924 440800 893342 382069 438468 665841 809357 747917 72809 711704 292166 695721 642323 319080 856058 313768 890385 1053488 407339 453320 190756 545600 410041 341025 1000598 847461 573048 989248 341499
622107 674636 552616 705745 891415 659306 497124 480955 1112911 334914 844656 556056 923775 570051 983713 517159 117483 819114 527497 113119 763785 436626 696281 777278 671267 566213 1083696 882974 564206 261804 999999999 346003 750482 733056 711859 347318 1070818 137463 540018 941181 735522 747813 68356 967390 521963 980237 441056 960399 855507 379787 963239 890940 228568 719532 221792 899903 720077 750590 517878 1123732 89355 852826 231391 997531 807223 459922 774956 271406 989147 840472 485400 802925 580672 979019 593476 480042 760888 752732 953653 323931 857149 302596 704952 770412 301085 756455 548202 1048096 1178089 639406 713083 164494 790352 445154 380201 1143686 1022391 464975 1103970 321847
509677 330909 420080 580539 579896 686228 286380 152918 921109 11791 706617 225367 581642 255094 794247 175159 228541 515825 466609 264093 736692 233758 396998 432566 328065 227381 903217 680157 332784 98553 346003 999999999 405591 445859 397325 446469 822824 409426 675168 608376 606336 730977 285564 666817 361409 673862 148388 688795 509595 33912 641272 546591 117563 374108 160265 594590 826457 409658 401228 902444 307350 710305 397241 744518 844140 474476 821330 75373 714132 729119 154319 461802 364100 822925 285516 400192 596747 789970 650336 102736 626492 287444 655659 563257 320512 851783 215233 800510 970480 308823 368765 289259 449376 377047 314983 913387 754246 582313 909343 339637
678632 124645 606106 710216 365663 935102 467177 278623 878393 417076 784267 250594 180264 282762 778972 234027 633384 354586 701243 667895 929342 469822 321475 97856 82003 189702 880755 672149 447275 491166 750482 405591 999999999 368843 273412 790757 700863 810257 999309 302445 723056 934231 687435 459618 548795 448104 369128 548316 121620 372418 372327 178821 522168 33436 556187 395078 1114509 50466 612770 814726 711265 781239 776948 629436 1076368 763744 1064469 479195 559360 834279 272239 153441 477966 850417 293903 645803 671952 1030074 439701 442836 587592 630328 844572 587306 666025 1129117 249606 683788 895007 213609 38410 664486 149369 642835 613644 808170 605349 909605 864168 676722
362499 260416 320857 367539 173092 636277 253167 441162 525157 451087 419550 240886 494375 195644 415375 388658 628044 95880 426978 622528 596949 303930 56496 287557 373843 399492 521189 304838 189418 540427 733056 445859 368843 999999999 95866 603655 384702 727684 759734 277675 373414 607039 691554 235053 287975 250728 304231 243469 356083 420289 258705 334202 538261 348890 512167 172348 831192 416932 345365 480075 659073 415445 645419 306018 756288 522732 751772 507711 268289 473857 433080 251296 195688 482018 162933 395772 312160 717679 222740 541147 223493 482305 517191 220755 509862 836313 253065 363351 556062 187498 368055 727797 245407 411572 424147 483604 309101 683668 511477 507337
432058 165578 375710 449177 182800 702425 272063 365937 617436 404516 512211 175104 407172 143865 510367 310621 600549 121565 480432 605819 675775 307898 51323 196094 279215 313937 615251 400600 222355 495326 711859 397325 273412 95866 999999999 629943 463660 724528 806249 241421 458380 683849 663543 270697 330518 276555 271054 314403 271243 367829 251549 259869 501450 253027 490538 197714 893317 321181 393460 566360 645439 508712 654902 386281 831183 565850 823904 466113 334524 564381 357592 167637 242181 577873 118390 438658 401914 789500 253550 484588 318282 491607 593444 314292 523001 901787 186705 443513 644131 102875 272221 685869 159438 447729 445259 566610 378923 724552 603559 524827
341431 677539 309912 418775 776693 312045 358011 594669 837235 436350 549859 542691 969557 523861 714644 598450 345348 699534 232485 276428 422376 329069 592266 773705 729873 651279 801136 634672 415152 434707 347318 446469 790757 603655 629943 999999999 849723 234295 229982 869600 447012 404519 371205 825278 319181 846728 421890 777101 860700 466629 862038 873203 385795 757411 301207 773105 394913 812649 274981 872279 267113 560281 117850 788122 461234 131154 429967 410707 807435 529636 594096 775400 409413 685793 529066 221386 495379 406273 817519 504566 638893 163552 373978 541551 128060 426522 542019 828317 911627 605043 761168 480189 763660 196056 185095 899494 828798 138343 831001 114202
514057 621476 543097 451619 338360 730973 575146 825326 217729 826616 371817 625576 761240 579623 208034 771817 978783 351538 621074 957707 624846 637139 440018 603929 731914 777590 245256 222752 509923 912886 1070818 822824 700863 384702 463660 849723 999999999 1032959 922894 447528 430781 646328 1040906 255487 554951 278544 675775 152896 634067 800024 368572 582184 903022 691986 860130 307719 918889 751255 579583 122146 987422 359567 929051 78776 781958 730785 795169 877914 143131 432716 817165 550130 490394 306050 546646 631039 363658 767943 273431 921545 215206 782043 581708 309564 798545 906359 637757 22765 201941 565772 713588 1093674 552222 661535 707499 107696 98971 875792 204433 786797
549933 718521 494448 632302 895599 542211 477032 558599 1049221 397637 768941 589009 988831 590979 922434 584343 205119 819865 445974 146976 656620 423833 699809 821592 735630 636808 1016231 830535 544380 347414 137463 409426 810257 727684 724528 234295 1032959 999999999 405880 963135 661780 638476 190646 961876 478312 978408 464238 937696 904749 440653 974026 932380 302443 777666 254111 899431 586693 818203 457876 1072193 105738 778379 118367 964067 683702 360217 650251 343228 967520 755790 561380 838884 552833 905185 608441 411418 698618 630380 950348 418215 817801 252078 606616 724820 234728 624020 583534 1010598 1119499 667917 774764 299075 826328 377653 325471 1095773 996115 336123 1041618 248710
422049 880518 439298 471870 927376 216245 541088 821232 854707 665314 568905 748727 1174802 721711 749519 821044 564435 852859 333908 493564 352666 529534 761889 970540 944495 872940 812347 700199 583896 664046 540018 675168 999309 759734 806249 229982 922894 405880 999999999 1036355 492167 328275 579072 957528 476080 982826 635609 885377 1057064 693840 1014947 1061432 614855 966439 530993 917478 180989 1025715 414956 914946 474326 581245 317905 875477 305501 240631 269577 640644 914740 524944 820168 964172 566998 691696 720360 367603 560904 261538 953792 734361 731853 388702 353498 636893 354744 219292 749970 904060 935491 800785 972515 690808 953266 361064 386473 947923 925870 92964 852199 336739
637883 289254 598238 632604 133440 911653 511730 531518 653224 617534 653304 385950 315859 373246 583398 475400 826528 190787 704416 839115 861907 549310 277625 211761 364860 452768 667827 501269 456566 706311 941181 608376 302445 277675 241421 869600 447528 963135 1036355 999999999 632923 874406 888125 192257 561627 169717 502236 308834 201562 575630 80292 141671 721272 309364 722484 160348 1107657 347519 621425 569149 880037 645943 896200 391002 1024607 797853 1022781 682141 307117 714989 523397 160672 469729 673862 354760 670317 562956 989130 175353 679888 415306 733011 786128 464035 764391 1111429 394732 435805 649441 302032 330040 895532 170837 683076 685572 553406 348717 958288 638901 765903
113429 601279 192516 29787 503806 306445 322819 687641 390267 603954 109224 513231 865340 463486 268862 653297 673137 443471 216637 629022 229675 372720 407198 654227 704880 687693 355083 208256 297891 666621 735522 606336 723056 373414 458380 447012 430781 661780 492167 632923 999999999 244191 726684 503314 245629 532001 474090 409656 728172 599879 587317 707404 636426 697051 564800 484181 501789 766342 222150 430701 646275 117388 546454 386900 393960 318004 396173 629609 436941 123419 681786 623431 262470 244077 440267 255495 75293 364061 505204 706627 252190 433520 161474 171580 435706 496386 522090 412207 465009 512727 712576 809608 616544 290392 356957 461037 440852 449290 384006 416968
255599 809741 333899 241806 746896 112605 483741 844946 540408 725091 274578 701450 1089082 657442 450966 822597 722026 683927 264380 661096 24772 511309 632790 876000 903243 865431 496124 433954 487986 763985 747813 730977 934231 607039 683849 404519 646328 638476 328275 874406 244191 999999999 761331 747020 395898 775889 628079 649197 954958 735057 831122 940158 722744 905294 638305 728006 273722 973154 338770 613935 662519 286920 522202 616089 150243 289806 152853 730235 675088 216696 840739 851391 456319 377242 641214 330822 318550 122549 749280 820176 492727 479832 90416 415743 463319 260148 707854 631000 622381 720623 918129 862998 843260 355244 422975 649766 673574 331134 539971 439708
614023 616174 538419 697115 844919 679687 465821 415292 1095603 274956 835793 502178 859138 520280 965889 453544 63517 774423 526547 100763 775574 403774 651604 718112 607479 501540 1068571 861363 531280 196706 68356 285564 687435 691554 663543 371205 1040906 190646 579072 888125 726684 761331 999999999 924187 501176 935527 392794 924342 794684 319474 913928 832103 168406 656994 181261 855131 756806 685844 505459 1100117 105238 843174 262284 966018 832035 471526 801120 210224 952452 836878 420044 746083 551074 968051 545618 473212 745525 776813 909661 256384 829384 295040 711296 746484 301664 791611 493610 1018140 1157789 586132 649737 111832 733570 438838 369928 1118188 987520 498380 1085999 324428
538150 401101 524088 510585 96832 802937 485471 630858 462226 673493 498958 445780 506002 411793 401673 574188 860698 151115 625545 857330 730931 538548 272919 361789 502979 567558 479076 335567 419178 764163 967390 666817 459618 235053 270697 825278 255487 961876 957528 192257 503314 747020 924187 999999999 506117 29940 532977 121287 381469 638044 114719 327497 766892 456040 746011 73563 1000649 509134 554912 376918 894098 489722 876205 200457 895805 730462 899421 733592 115252 563427 622437 306214 417486 496899 382388 608252 428495 867367 19944 755285 257980 714327 664085 333050 740204 998276 457311 243560 457304 369220 477920 954042 310656 629610 651937 361986 156559 890107 447981 735718
151043 424666 62715 219230 459984 386329 87927 454603 594589 358645 349319 307233 714902 266646 464829 428051 442882 383355 153447 409893 395780 127701 285854 504250 510376 469700 568700 361126 108504 421797 521963 361409 548795 287975 330518 319181 554951 478312 476080 561627 245629 395898 501176 506117 999999999 527613 236906 463810 588976 356919 546486 587945 393899 518018 328314 454774 568813 583926 64567 601812 435744 354386 378523 485826 530949 236360 516876 384651 494035 367865 449665 491741 92339 474078 256107 108760 247311 482656 498385 461109 339747 227110 310627 249058 244763 581246 312913 532505 656980 338045 528800 573706 481445 124161 153388 622420 519711 396671 584860 235424
564518 397195 547808 538752 95280 830596 503169 631152 488304 680951 528807 450789 485232 419549 430660 574218 872127 161185 650164 870988 759990 554619 284088 350667 495538 564806 506334 365507 437703 771749 980237 673862 448104 250728 276555 846728 278544 978408 982826 169717 532001 775889 935527 29940 527613 999999999 543231 150085 364181 644318 90071 308177 776325 446593 758540 80405 1028373 496978 577937 400537 908430 519605 894899 227451 924857 754197 928167 742017 141499 593237 622732 294877 437895 526309 391300 631014 457339 895993 29290 760104 287671 732353 692525 361315 759012 1026435 462041 267998 480449 371899 468415 962137 300386 651487 671562 383828 180261 914263 474133 755244
387842 260671 299301 450488 452135 601931 151866 217833 773637 151160 569232 126465 548608 129284 647489 196125 329633 382412 368825 336917 630010 117777 260079 361723 309147 243392 756763 532862 187321 237606 441056 148388 369128 304231 271054 421890 675775 464238 635609 502236 474090 628079 392794 532977 236906 543231 999999999 544928 447376 131271 522221 469779 234308 335728 220512 462907 764964 391228 289365 754074 377847 571874 413012 597758 755045 407638 736733 203815 571234 597500 213130 375021 220471 680246 152866 304696 456398 703493 517846 250189 478104 261338 545661 416480 296962 784599 123057 653349 822185 203715 339305 423577 362513 291827 249535 765263 609994 544285 761717 307741
463517 469329 467819 421825 188918 715260 464478 679171 344886 693670 389500 481825 616432 438712 280577 624574 861184 199178 561304 847840 631266 523861 296124 451692 579225 627622 359161 222954 396795 782279 960399 688795 548316 243469 314403 777101 152896 937696 885377 308834 409656 649197 924342 121287 463810 150085 544928 999999999 485675 663685 234632 436709 777272 539108 743216 157929 911406 598745 502146 267877 881067 379330 842130 83457 795460 670187 802028 748723 30336 454480 670900 398420 384939 376671 406225 555866 334566 771212 134767 784615 157471 685867 570902 248587 707316 905594 493966 135508 348714 417190 560699 967770 400060 581972 616307 259872 65654 825591 330515 699142
702140 187010 640269 720028 296765 969852 516191 394654 827570 520602 774002 321237 138909 337243 740830 345566 738025 310818 742097 766470 947017 532301 322488 87021 201104 306527 835847 642804 481456 600314 855507 509595 121620 356083 271243 860700 634067 904749 1057064 201562 728172 954958 794684 381469 588976 364181 447376 485675 999999999 475752 279261 62438 627154 143722 651617 327748 1157378 155771 653442 753070 809588 769119 860388 569035 1101832 817311 1093709 584656 490965 829685 387686 104829 506888 821737 336732 693348 668239 1059248 362309 557175 555347 705826 864543 575244 740715 1168069 324411 619533 833965 256702 158312 779150 111856 696152 677840 741590 535606 970515 813166 748408
506997 297098 417292 574964 549965 695188 277515 128235 904466 44891 697833 194341 549131 227127 778645 143825 262309 487321 470983 296180 739661 229719 370005 398666 295555 196819 887972 663853 318471 130687 379787 33912 372418 420289 367829 466629 800024 440653 693840 575630 599879 735057 319474 638044 356919 644318 131271 663685 475752 999999999 609815 512700 151437 340741 189036 565446 841134 377661 401105 882468 339522 700960 423547 721481 852299 486435 830594 109269 688463 723136 128290 428205 351170 811003 258455 404602 586201 798680 621260 121529 607136 305149 657392 547677 339343 865264 183792 777864 951790 277143 335822 320741 415802 383773 325269 892306 729268 600877 892436 357215
605109 339482 575801 590273 87623 876774 507982 580386 576944 649500 596856 415926 396145 393694 513315 523425 851210 163142 681088 857341 816966 552671 274994 277133 427724 507108 593455 438734 447034 739824 963239 641272 372327 258705 251549 862038 368572 974026 1014947 80292 587317 831122 913928 114719 546486 90071 522221 234632 279261 609815 999999999 220976 749908 375046 742059 103136 1074211 419530 602467 490501 896800 588599 898969 315098 981181 780101 981805 712848 229933 660105 572061 222279 454303 606538 369896 653754 514645 948766 99882 720321 355550 735184 744808 415963 764530 1075268 426100 357664 570496 332685 396477 930446 230047 670248 681071 473858 270101 941107 562699 763550
690879 216322 635304 701664 248767 962183 521188 442019 780847 557149 745404 343694 179725 350727 699882 390081 773710 274975 739439 797627 930730 544244 309371 114110 254096 355661 791478 606617 479458 640281 890940 546591 178821 334202 259869 873203 582184 932380 1061432 141671 707404 940158 832103 327497 587945 308177 469779 436709 62438 512700 220976 999999999 663787 195785 681461 279567 1153088 216982 651721 702493 840332 739690 881050 520130 1088660 820843 1082513 621964 439587 803329 434618 97859 501563 784374 344308 694803 643823 1048186 308932 601758 518906 722839 849973 548049 756932 1161638 348848 568711 783279 269618 213110 823083 109554 700708 688640 689242 483291 977123 766441 762795
529804 447782 444024 608302 683995 661487 337248 257688 980569 106698 742543 335589 696693 357586 851402 289550 111234 616021 464263 155517 732246 275801 494162 549848 443529 339894 958213 740902 396412 49638 228568 117563 522168 538261 501450 385795 903022 302443 614855 721272 636426 722744 168406 766892 393899 776325 234308 777272 627154 151437 749908 663787 999999999 491046 86894 696193 778937 523885 417295 972963 197350 748025 312456 826030 819883 444467 793417 43016 804186 755378 261156 577775 422222 867708 385025 400879 640388 764452 751437 122128 697605 246906 656995 623568 272215 808324 326545 880367 1036350 419689 484959 190791 565277 370961 300703 987445 841856 524105 969760 295029
649758 96023 575935 683433 360492 904335 435620 251395 864295 385512 760989 217849 213633 251532 761927 204337 602278 342525 670069 635736 900860 437043 299273 98097 58312 162926 865093 653428 417686 461117 719532 374108 33436 348890 253027 757411 691986 777666 966439 309364 697051 905294 656994 456040 518018 446593 335728 539108 143722 340741 375046 195785 491046 999999999 523561 388942 1082752 69397 581778 803865 679095 758344 743616 619030 1046624 731288 1034250 448135 551797 809762 244626 152904 448998 830899 264219 614011 647757 999893 436101 414806 570015 596905 815879 565185 632607 1097742 216554 674226 883720 185292 21881 636752 146301 610518 580601 798801 597891 876588 850158 643357
455234 466205 372701 535958 669641 574970 285476 313021 921844 148679 672600 340252 735029 349796 792109 332642 118656 597388 382742 116896 648534 223136 474527 569473 482194 385826 896883 684931 350275 134195 221792 160265 556187 512167 490538 301207 860130 254111 530993 722484 564800 638305 181261 746011 328314 758540 220512 743216 651617 189036 742059 681461 86894 523561 999999999 678184 692937 565160 343131 921848 158999 678896 238257 784955 733259 357925 706619 110001 771434 681081 314580 589890 371092 801245 372164 321240 575414 677788 732076 203373 649502 160411 574968 568868 185348 721909 333614 837366 981538 422059 520865 245620 577285 289742 218647 938923 806287 439498 911708 208135
504143 329394 479439 487289 30994 774771 425492 557398 501288 601487 495842 372651 459206 339862 424291 500781 791726 80798 583684 790814 713832 475609 203695 297471 433655 494994 512455 341158 361043 692247 899903 594590 395078 172348 197714 773105 307719 899431 917478 160348 484181 728006 855131 73563 454774 80405 462907 157929 327748 565446 103136 279567 696193 388942 678184 999999999 972390 445212 507855 425496 828437 487971 817700 241323 878051 685172 878797 662180 164931 558551 548977 242911 363693 513668 311202 560197 411596 845821 55837 682183 255857 654651 641840 312851 682043 972869 384109 292245 506385 295665 410787 882451 245767 578933 595629 415413 210645 845931 486880 679078
