NAME : synthetic_000753
TYPE : CTSP-D
DIMENSION : 100
GROUPS : 8
RELAXATION_LEVEL : 1
EDGE_WEIGHT_TYPE : EXPLICIT
EDGE_WEIGHT_FORMAT : FULL_MATRIX
EDGE_WEIGHT_SECTION
999999999 543518 495570 143550 585446 630635 715637 125862 784185 157283 652746 759384 812712 321827 49758 174960 12624 141472 848815 962643 714537 257632 105731 845982 691860 302138 795887 914165 786701 137630 929315 425165 470685 329651 216884 286969 413543 552523 631552 871308 638128 388369 249760 387113 821055 329444 544555 653438 663758 530864 513190 220058 180193 142832 232400 650572 397514 823683 526139 664448 386608 661256 536351 526870 553308 1060636 842468 323584 518351 486930 624589 734906 894560 48294 214433 553349 208028 597890 102831 315835 693795 338814 805945 829854 148416 510124 399089 431589 492435 365765 853587 623613 513184 328979 523550 426309 443004 303552 644864 357750
543518 999999999 452175 400429 396890 146994 202908 427679 245848 422254 408606 316404 277386 264172 592966 397582 550239 426116 452934 500495 526931 560124 467433 331093 330132 285462 363169 386653 491532 481106 450808 677070 335275 217028 515055 588717 130126 559631 400720 414412 559953 369682 310109 332482 450356 299894 75548 666369 793019 631546 112262 501825 591999 581373 473816 115045 276019 304263 364489 354873 188007 210877 319939 670734 248174 580069 488241 614475 37935 553244 671972 470382 351199 560497 401722 617026 447361 276276 576731 434793 312741 319941 435321 392038 395792 357281 337627 544355 417387 429012 351651 253315 201204 489234 270172 167038 443701 385508 211428 457198
495570 452175 999999999 412167 782009 403237 645184 471245 574267 348675 819132 417581 584959 278138 532115 494034 491451 368035 436625 584956 223261 296922 509059 759724 308948 276871 815342 641863 925865 553163 576165 295699 678032 416104 638184 728810 405971 108011 181662 507622 149369 651492 327551 621573 397141 229506 387068 220802 342264 187270 527927 631517 655323 622923 268534 550153 196701 556269 729935 254550 478488 662260 703074 234146 235671 687973 935450 766403 463925 114392 220563 268588 708801 470923 542648 166231 287584 247131 440502 650703 757605 573569 385956 458608 408149 104865 139946 139400 748704 680151 788053 690059 600526 184628 197097 300807 738262 199016 356750 694607
143550 400429 412167 999999999 494254 488742 577267 59092 640641 78961 555529 623343 669251 187855 193266 92658 149829 63068 720742 827180 617756 263268 99569 708566 563610 171089 670947 771266 686910 141316 791485 433942 375829 189164 226625 316830 270732 490465 520576 735481 561130 308352 112846 294788 696001 208027 401484 601978 648074 495434 376993 220907 250121 222808 194199 508812 274586 681160 433944 542326 252744 529436 433136 505568 423873 923486 733086 354613 376281 435150 580940 624156 751610 162351 147808 508369 155334 469803 190333 266525 573607 240750 680473 695750 5250 402068 291946 387567 417618 309005 718370 501073 388780 282447 398536 286198 382231 213681 506838 313053
585446 396890 782009 494254 999999999 539953 370347 469803 559040 565219 71928 705574 592383 511956 620066 416803 597502 554376 845391 867976 908571 751548 479734 443585 726798 520952 300254 699390 204019 454231 812207 913851 118449 372793 411981 424975 379329 886813 782510 791129 915909 197698 493476 200636 845986 563378 469323 1002333 1095422 931082 285683 400537 506181 522207 670939 395952 585368 644937 60343 747791 304058 271370 80243 956596 629822 929223 274239 425784 363926 856400 996242 862419 584541 627404 371130 929651 632045 665567 672036 284561 199890 253702 831232 777642 493294 709743 643802 826138 109889 236857 424924 183993 196980 735922 639761 489174 174201 633389 607903 259357
630635 146994 403237 488742 539953 999999999 264532 527956 177134 488811 544851 169499 196123 315413 680223 508191 635064 497905 306417 359709 418193 587418 570950 362261 196194 337313 451604 285693 612605 592881 314099 671178 482266 328524 639560 719080 243373 503106 298627 270914 478169 513502 381828 476086 306198 330380 93802 596468 741603 590481 258495 626976 707995 692233 508403 175733 278866 193886 510499 234228 322078 318153 464774 636230 168211 446094 594007 747485 184184 515521 610818 347032 310265 638003 523123 567662 491712 172789 642809 572085 428982 458051 291658 245581 483619 298637 327201 522198 564379 570911 394147 381691 346645 495030 206276 205672 589740 406389 72882 598155
715637 202908 645184 577267 370347 264532 999999999 592271 198572 611920 344764 391843 229290 464170 763461 552017 724062 612896 529654 516095 682705 760621 626385 131957 455458 484709 188993 330951 372973 628816 458100 879916 371658 388201 639318 695628 314246 750777 562426 451288 737876 443316 501551 412520 543123 502269 258402 851920 987445 828620 203403 625546 727957 725657 673599 95077 477963 288428 369150 498186 330248 99015 318882 869737 421606 565671 337784 712931 210169 750770 861859 609030 218762 739614 539582 811335 645041 435362 762754 531478 196424 426520 531064 450939 573235 544881 538690 745238 440568 507135 148873 186409 237850 692134 452821 369914 489836 588030 335280 537331
125862 427679 471245 59092 469803 527956 592271 999999999 671875 131993 534737 669529 701806 239585 171703 53001 136017 113377 771719 873293 676252 306453 44287 721887 614981 224858 670183 806672 668019 82372 835507 479376 352669 210857 168061 257914 297889 548611 577417 781509 620164 276397 164955 269308 748379 264531 437734 659384 700281 550398 389165 162989 193924 169506 245624 530877 329874 718014 409688 596254 262253 535682 415476 558177 475341 967922 720316 295788 399858 492075 637385 680791 776977 160436 104109 564747 208222 521667 202264 220886 568650 218044 732718 743232 63288 459765 350218 443195 384472 266945 728611 498053 387374 337437 452107 330322 342793 272651 551638 266888
784185 245848 574267 640641 559040 177134 198572 671875 999999999 651956 540733 220689 34278 481492 833906 643310 790036 658800 346858 317608 549897 762638 712446 232339 312945 503717 373179 146341 569799 726950 259537 847924 537835 462115 758731 828771 374180 669463 445193 257078 631504 593517 541229 558181 368070 502673 243035 754369 906831 761131 324369 745315 837539 827220 681845 170215 454892 90011 547991 367198 430986 291911 497652 808343 339058 370304 526466 852142 278513 687951 773186 463471 134570 797096 646833 735775 662641 331315 807340 669798 394967 556159 358561 264593 635772 469478 504330 697705 614654 656344 270593 376973 394472 672031 379412 371245 655243 581499 218801 685951
157283 422254 348675 78961 565219 488811 611920 131993 651956 999999999 623852 607312 678127 173633 202801 171586 157277 19580 692394 809551 562563 187099 163371 743873 535731 152152 721958 774444 753274 209520 778497 355858 446944 229657 298726 386969 297991 419290 475080 718707 495742 384202 112177 368006 664065 173395 409000 528509 569499 418415 418710 294523 306694 274389 115254 535449 241122 682678 505188 507256 301861 574709 500286 427097 398053 908823 794532 425135 403983 360813 505679 578651 770646 151510 226767 433034 76663 441955 155464 345481 629380 313503 649029 676086 77580 353905 242541 311258 493317 387600 757240 555853 443839 205445 367015 283284 460138 150836 495479 392010
652746 408606 819132 555529 71928 544851 344764 534737 540733 623852 999999999 705171 572853 556218 688664 481860 664638 614165 845975 855574 931337 808753 547050 399363 737274 567272 243402 675576 134086 523357 798509 967581 182246 419891 483499 496596 413214 925539 804727 783350 947841 266983 545222 265876 850232 607373 483551 1039933 1140506 975539 302859 471913 577890 593429 726199 386933 622833 629203 127204 763397 347105 248844 123997 1003596 651103 910072 202427 496607 379604 899516 1036407 878847 550256 693669 438347 971679 687905 683505 736879 355878 155458 316935 836054 774243 554197 740805 683242 872523 181463 308595 376273 166675 219965 786197 665250 520916 245631 681523 615547 331285
759384 316404 417581 623343 705574 169499 391843 669529 220689 607312 705171 999999999 211547 437636 807741 657262 761864 619934 140862 203869 339366 666127 713628 452138 112174 457312 579154 230712 760196 740902 172099 711120 651652 484100 795687 878567 404132 495314 253976 112138 437405 681944 511179 644497 151390 435556 258159 562643 724011 594835 427324 783672 857277 837910 598992 320922 370803 159235 678659 170974 487573 466282 632047 645440 214906 301520 729609 908642 353682 530236 587926 247835 337233 758792 678768 563367 592000 179899 753866 736869 577391 623929 139985 77085 618096 321246 397345 554497 733708 738278 489754 539246 514726 559503 253726 339343 759065 493958 119212 764936
812712 277386 584959 669251 592383 196123 229290 701806 34278 678127 572853 211547 999999999 506484 862464 674291 818293 685566 329549 288630 547246 783526 742776 249769 311319 528665 398653 112210 598328 758191 230219 863377 572100 492730 791347 862055 404595 677329 447722 233850 634462 627638 568114 592226 353959 525352 269361 758375 913484 770994 358326 777974 869379 858491 704026 204493 474984 63831 581981 367605 463563 324223 531602 819042 351427 337432 552077 885694 310880 699145 778908 458242 128177 824472 678928 744288 686132 339304 833292 703485 425597 589673 345619 246604 664327 480620 522058 711487 648830 690398 288719 409856 428749 690332 392567 395975 689521 602461 228216 719969
321827 264172 278138 187855 511956 315413 464170 239585 481492 173633 556218 437636 506484 999999999 370462 241838 324650 183942 532968 641116 453515 296465 283649 594464 375915 22230 600352 601106 673386 318255 607547 426505 403088 139976 390196 480362 159162 378148 344291 549644 422993 373400 75113 343552 508875 51423 238825 494488 584375 419562 292190 380759 433142 408810 209715 379211 95762 509206 457102 357002 209186 446049 435314 447757 236161 738810 697436 515808 254540 344445 485390 446168 604140 324127 280941 417835 183949 282291 327465 378808 521931 295559 493251 508856 182630 233836 138567 316551 471300 404340 612745 449220 345680 237935 212816 110524 460295 130320 323336 420871
49758 592966 532115 193266 620066 680223 763461 171703 833906 202801 688664 807741 862464 370462 999999999 217732 45889 188328 895194 1010763 753088 275967 144495 893416 738486 350439 839518 963886 822750 166217 978004 435631 507412 378513 232719 290440 462927 582680 674137 919555 671697 422372 299027 424324 866711 376026 594302 679506 678521 553496 560617 238570 175555 138647 264921 699519 443891 873354 561560 709664 433790 707178 574756 545180 600454 1109128 881257 324796 567453 515036 648576 777080 943910 62024 251491 578546 245466 644645 108558 343576 736250 378296 851728 877719 198152 552606 442252 458465 523310 393974 900313 666962 557460 359201 569816 475684 470613 344630 693718 382749
174960 397582 494034 92658 416803 508191 552017 53001 643310 171586 481860 657262 674291 241838 217732 999999999 185958 154962 766267 860114 690645 353554 74819 680137 610941 231216 621808 781436 615249 84724 819709 525439 299735 181903 148542 239204 270097 577766 585649 768526 643397 223795 171986 216327 745516 275481 415797 690779 740617 587039 348658 139750 200278 184680 286839 495747 336483 694576 356694 597170 222287 490809 363044 598071 472528 952270 668402 275482 367156 524985 671178 687925 743133 212464 55260 598767 247979 519133 255253 174065 519003 165400 729670 732432 94529 471626 365517 478839 332254 217778 685129 449293 339811 374318 453411 319088 292486 298675 538290 220567
12624 550239 491451 149829 597502 635064 724062 136017 790036 157277 664638 761864 818293 324650 45889 185958 999999999 142496 849589 964874 711260 248316 117776 854642 692807 304570 806200 919100 798556 150247 932176 414735 482520 337331 229225 298379 420437 546360 630057 873669 633042 400546 253553 398918 821332 330317 549740 646221 654158 522773 521938 232536 190271 152742 226597 658013 398246 828380 538120 664430 395572 670748 547914 517866 554654 1063262 853903 334790 525635 480159 616856 733225 901400 36131 226411 545871 203927 598929 90895 328408 704465 350287 806305 831837 154537 508547 397827 424452 504826 378312 862651 634048 523362 322650 524219 430254 455558 301181 647944 370369
141472 426116 368035 63068 554376 497905 612896 113377 658800 19580 614165 619934 685566 183942 188328 154962 142496 999999999 707368 822665 581304 200357 143859 744825 550464 163123 718368 783261 744434 190105 790691 370902 435955 227619 279503 367536 299938 438836 492564 731588 515244 370807 117579 355984 679626 187994 416212 547889 587261 437130 417371 275490 287292 255217 132595 538389 256045 691766 494185 523181 297981 572677 490979 445002 412163 921431 787544 405713 406315 380131 524817 596223 775790 140264 210223 452175 94845 456532 150694 329028 624203 301629 664496 689477 62571 371605 260157 330234 480053 371995 757227 550914 438634 224304 382080 292241 445291 169883 506996 375526
848815 452934 436625 720742 845391 306417 529654 771719 346858 692394 845975 140862 329549 532968 895194 766267 849589 707368 999999999 155485 285586 717789 815972 578479 157224 550006 715079 306295 899966 847669 169444 729768 787689 602135 909795 995728 528329 487930 254998 111556 406968 812719 608080 775348 43206 519374 389135 527517 694326 590209 564844 898490 963852 941223 662844 461583 451352 267706 816915 190690 615076 606705 771011 641949 296876 255025 866807 1027610 489417 538663 560645 191990 444280 841524 793637 553564 663615 251250 828653 861456 717601 750727 50949 82987 715531 361283 460439 575384 869913 866756 617096 680106 653049 605346 325379 448307 892255 561316 244690 892316
962643 500495 584956 827180 867976 359709 516095 873293 317608 809551 855574 203869 288630 641116 1010763 860114 964874 822665 155485 999999999 440395 855907 917354 528624 284065 660506 686283 215334 886906 944050 58498 880057 830055 684715 996665 1077920 602022 642130 404802 91785 562452 870177 714917 832963 198659 636856 453016 682721 849598 744445 605453 984394 1060312 1041458 794255 472026 570725 227668 849564 331771 681713 607202 800497 796190 413043 103373 839526 1106888 538421 690466 716113 347433 370930 960837 879794 708272 790292 372444 953756 931699 712360 817444 205185 134102 821932 501181 590801 724339 910726 929096 567607 689823 688069 745534 448696 543009 942657 690084 321972 956846
714537 526931 223261 617756 908571 418193 682705 676252 549897 562563 931337 339366 547246 453515 753088 690645 711260 581304 285586 440395 999999999 517771 717008 771549 236966 460459 869379 565139 1018211 758557 452074 479992 819904 574542 838619 929598 534210 224882 126623 386959 128177 813132 518726 779021 242513 415183 451510 242633 409553 322477 628477 830365 866448 835997 491183 592680 358001 498524 864478 185676 620275 729666 828426 372869 280264 536201 1008558 966124 552398 290041 277904 95668 674865 692472 733680 282963 507657 251762 663575 831023 837379 738191 238825 342100 613212 219746 326132 340217 897970 852529 806353 780246 713661 407153 269510 425455 900094 411989 348219 871521
257632 560124 296922 263268 751548 587418 760621 306453 762638 187099 808753 666127 783526 296465 275967 353554 248316 200357 717789 855907 517771 999999999 323820 890854 571842 276029 890072 866018 936554 369779 836403 173294 633486 400736 459531 539568 451244 319410 469226 770441 416849 571026 271288 555070 681769 262614 526261 406875 406241 278214 581686 458728 437654 400425 87668 675007 308715 774141 691694 527526 476017 737954 684843 269731 452649 958973 973445 577209 550792 248279 373929 563900 891273 216230 408498 305512 122173 486697 168577 526860 803641 500551 668814 723127 262928 356569 269298 190549 680226 571317 909122 729859 619629 113619 412573 398103 645347 181148 571566 573104
105731 467433 509059 99569 479734 570950 626385 44287 712446 163371 547050 713628 742776 283649 144495 74819 117776 143859 815972 917354 717008 323820 999999999 754812 659199 268539 695499 848435 681033 46915 879283 496987 365055 250440 137400 223839 338273 582643 620009 825572 657359 282821 208839 281538 792505 307251 480156 691595 724520 578761 422983 135272 150688 125254 272021 568316 373195 760255 420408 640077 296300 565593 431226 583347 519533 1011740 737590 262049 438413 523728 667856 723528 815237 148959 108711 595263 236902 565828 198212 214228 591837 234118 776859 787436 104351 501637 391415 472922 387777 263251 759945 522874 414098 366871 495981 374348 340443 310044 595609 258191
845982 331093 759724 708566 443585 362261 131957 721887 232339 743873 399363 452138 249769 594464 893416 680137 854642 744825 578479 528624 771549 890854 754812 999999999 536244 615306 171937 318194 381777 754879 470669 1005697 472879 519688 759246 809316 446129 862845 658083 483036 840180 553055 633403 525714 600408 630929 378100 958641 1101057 945596 332816 745521 850153 850095 804138 217258 602438 313256 457687 586060 459642 197624 410359 988675 528628 554764 318524 823422 341473 868600 972036 689704 166983 870862 664419 925720 776227 534537 894590 645356 245132 546424 590791 495761 704603 656772 661625 867012 531450 615742 39151 272316 353233 819116 563698 496927 587376 716423 425736 645586
691860 330132 308948 563610 726798 196194 455458 614981 312945 535731 737274 112174 311319 375915 738486 610941 692807 550464 157224 284065 236966 571842 659199 536244 999999999 392800 644238 342653 808740 691603 268355 604162 656479 451700 755793 842836 383702 383328 141876 200459 326545 671996 451024 635039 134933 362495 257962 451635 612094 483279 441240 744806 807579 784449 511441 370906 294610 266554 691699 58870 472426 514327 649022 534117 139755 387183 789175 875557 363134 420198 476070 154175 439383 685454 640321 451376 509679 94048 674325 713830 625163 605864 118991 152052 558404 218127 307933 447403 738346 722851 571852 576346 530287 461735 168977 295165 754554 408171 123373 747098
302138 285462 276871 171089 520952 337313 484709 224858 503717 152152 567272 457312 528665 22230 350439 231216 304570 163123 550006 660506 460459 276029 268539 615306 392800 999999999 618190 623001 686359 304930 627706 409948 410084 148174 379741 470387 176991 373863 354657 569183 423783 375675 60162 347267 524916 47493 261051 490204 574479 410211 309558 370838 418776 393319 188892 400504 105632 531039 465089 371569 220379 464372 445379 436385 253176 758693 712559 506385 274769 336426 479233 457374 626296 303084 273283 410487 162151 298875 305499 375416 537881 297605 509398 527842 165924 240885 139350 305470 475971 403371 633116 464807 359545 222320 227569 132691 461995 115208 343873 418516
795887 363169 815342 670947 300254 451604 188993 670183 373179 721958 243402 579154 398653 600352 839518 621808 806200 718368 715079 686283 869379 890072 695499 171937 644238 618190 999999999 482937 209855 685270 627792 1026369 361634 492739 670398 704883 441290 922717 747319 630245 918199 450677 619888 431808 730540 645389 431188 1028284 1155921 993673 308793 657208 765173 772132 802542 276788 634574 461808 330058 685805 420390 155335 290981 1031357 601833 721344 153428 712534 354953 915284 1034962 797533 337351 828448 593475 980056 769193 619796 861279 546528 108824 466654 718871 634712 667936 719223 697283 902928 401899 508097 140504 172646 283017 837298 629512 523430 463734 730044 523283 536061
914165 386653 641863 771266 699390 285693 330951 806672 146341 774444 675576 230712 112210 601106 963886 781436 919100 783261 306295 215334 565139 866018 848435 318194 342653 623001 482937 999999999 689366 865761 160238 930600 683490 599538 901593 973418 511342 724709 484528 195577 667899 739840 666639 704433 341065 614357 369813 793145 954699 823056 470510 888305 978081 966022 790351 316310 558358 92341 691670 401522 573992 428846 641158 873067 418735 238575 634532 997442 421255 755842 818628 470637 156027 923168 788280 792704 775866 395855 928488 815418 524408 701416 337524 228998 766234 540842 598829 775329 759479 802606 356595 515740 540370 766669 460460 491188 801186 686485 295429 832169
786701 491532 925865 686910 204019 612605 372973 668019 569799 753274 134086 760196 598328 673386 822750 615249 798556 744434 899966 886906 1018211 936554 681033 381777 808740 686359 209855 689366 999999999 657388 828537 1091867 316042 541497 615620 623196 522301 1033482 892197 824257 1047057 400912 669504 399667 910125 723726 566765 1145851 1255065 1089986 398622 604346 709365 726103 852589 440692 731927 659759 261241 842032 466653 295166 253779 1120790 739600 927907 90110 619873 469070 1012791 1145511 957127 546818 827335 572345 1083324 814940 766808 869952 488461 183767 449998 897087 822847 685354 840786 793901 989585 310302 440245 349175 238798 328241 907708 759096 625087 373102 801477 685367 461345
137630 481106 553163 141316 454231 592881 628816 82372 726950 209520 523357 740902 758191 318255 166217 84724 150247 190105 847669 944050 758557 369779 46915 754879 691603 304930 685270 865761 657388 999999999 904104 542744 343067 266362 90515 177454 354459 628529 658754 852388 701872 256578 244769 260919 825719 346003 500519 737993 771301 625638 426309 88951 116464 100304 318926 576769 410435 779166 396157 675222 301770 562054 411859 630214 552436 1036670 718028 215615 449823 570202 714552 761924 824432 184631 91933 641941 283641 598968 236935 178597 579503 218921 809953 815720 145630 541711 432473 519672 357230 228791 757598 512947 407541 413618 531053 402021 305885 354312 622108 220122
929315 450808 576165 791485 812207 314099 458100 835507 259537 778497 798509 172099 230219 607547 978004 819709 932176 790691 169444 58498 452074 836403 879283 470669 268355 627706 627792 160238 828537 904104 999999999 871818 777230 641921 953478 1033116 557462 641822 400116 68713 568829 820060 680151 783024 211020 607348 407899 691826 857912 743725 553417 940963 1019958 1002478 770724 416392 542883 169759 795155 321724 634653 549903 745782 795279 386781 132566 781046 1061201 488606 685287 722817 356821 314630 930006 836870 709103 764094 349773 925852 884245 654455 769613 213276 117744 786254 486131 568414 715190 857400 879817 509703 633107 634603 728197 424898 505629 890912 665786 284684 907963
425165 677070 295699 433942 913851 671178 879916 479376 847924 355858 967581 711120 863377 426505 435631 525439 414735 370902 729768 880057 479992 173294 496987 1005697 604162 409948 1026369 930600 1091867 542744 871818 999999999 796879 550551 632155 710491 585606 255366 475433 803305 356910 739366 422576 721048 689018 381148 628966 297592 245711 168038 718675 631685 604981 567408 243685 788640 403390 842078 854737 550248 625836 871526 843721 132068 513416 982805 1121995 747783 675345 192579 256205 550573 981435 380279 580597 207342 283164 535188 327536 699245 947822 666597 678843 754299 433119 390539 346214 156775 848143 742881 1028416 874668 768009 189119 471742 510032 815971 296382 637943 745612
470685 335275 678032 375829 118449 482266 371658 352669 537835 446944 182246 651652 572100 403088 507412 299735 482520 435955 787689 830055 819904 633486 365055 472879 656479 410084 361634 683490 316042 343067 777230 796879 999999999 263124 312457 343487 285701 780741 695653 747048 816598 90633 378490 83638 782889 454271 400184 896899 983412 819879 225209 299828 407817 419115 553571 367733 482689 616791 58247 670035 201438 278485 71730 843443 546295 901522 375213 353135 298327 746505 888470 782222 590149 511423 256423 820448 514493 585911 554901 185978 252819 135477 767491 726982 374849 612915 538459 713726 82238 146640 463404 201622 143605 621043 550581 394915 118547 520330 544095 175256
329651 217028 416104 189164 372793 328524 388201 210857 462115 229657 419891 484100 492730 139976 378513 181903 337331 227619 602135 684715 574542 400736 250440 519688 451700 148174 492739 599538 541497 266362 641921 550551 263124 999999999 311951 394699 88223 517780 455939 593752 557796 239347 129644 206907 586239 191241 235220 634033 722652 558303 189820 299729 380137 366544 314328 321011 223354 512833 317288 448733 75563 345180 297417 584313 320252 774270 573299 425692 189214 483977 625366 551918 566267 351501 195098 557639 278694 365555 375595 263396 403043 163649 570266 560560 185064 359067 276192 453556 332666 278923 530494 329252 219030 366624 312194 158037 326632 261663 365024 299985
216884 515055 638184 226625 411981 639560 639318 168061 758731 298726 483499 795687 791347 390196 232719 148542 229225 279503 909795 996665 838619 459531 137400 759246 755793 379741 670398 901593 615620 90515 953478 632155 312457 311951 999999999 91027 396359 716659 734177 905669 787378 221824 320320 238784 890668 423653 545826 827087 861781 715883 442994 13771 95361 111330 409300 599389 485018 818553 358360 744302 327785 562286 384100 720729 618513 1085645 683989 128240 480498 659516 804308 836357 845441 265173 116925 731670 373634 665069 319414 127836 562057 213050 874755 871858 230364 619929 512914 609593 306484 175422 757287 501694 406081 503564 600969 461488 247407 440208 676496 157105
286969 588717 728810 316830 424975 719080 695628 257914 828771 386969 496596 878567 862055 480362 290440 239204 298379 367536 995728 1077920 929598 539568 223839 809316 842836 470387 704883 973418 623196 177454 1033116 710491 343487 394699 91027 999999999 475942 805909 824566 987491 877908 257011 411148 283850 977769 514559 625327 915400 944523 801915 507181 99610 117459 152293 495100 664882 575474 892974 379008 833057 400807 611784 413943 804543 706535 1164731 698996 38222 552744 747559 891599 926480 907527 334284 202579 819031 460654 752991 389054 164274 596144 273288 961823 955172 320724 710792 603937 696602 315143 196852 803509 542849 458218 590576 690197 547828 251010 530511 759622 169022
413543 130126 405971 270732 379329 243373 314246 297889 374180 297991 413214 404132 404595 159162 462927 270097 420437 299938 528329 602022 534210 451244 338273 446129 383702 176991 441290 511342 522301 354459 557462 585606 285701 88223 396359 475942 999999999 512722 410121 511843 536668 288839 187315 252281 516175 205891 149573 626759 733010 568032 133078 383688 467660 454692 363598 238904 210132 424952 331462 389322 89233 287406 299384 600485 262738 689433 540696 505012 106449 490586 624139 498944 481018 431672 280274 561076 332691 304753 450499 333446 364019 222636 500292 481127 266181 330436 271664 469696 364490 339323 460838 292150 194895 396810 264904 110075 373031 289263 286251 364199
552523 559631 108011 490465 886813 503106 750777 548611 669463 419290 925539 495314 677329 378148 582680 577766 546360 438836 487930 642130 224882 319410 582643 862845 383328 373863 922717 724709 1033482 628529 641822 255366 780741 517780 716659 805909 512722 999999999 242917 573326 102934 749437 419038 721022 445588 327618 493316 116378 238504 102317 635793 711345 722772 688209 320188 655701 302719 643197 833710 325009 582808 769977 808374 154065 334970 742951 1043459 843991 571884 71971 112566 300957 803381 520667 629156 68053 348748 338299 481582 741478 865616 671364 437311 524674 487058 206253 243012 129172 849325 774058 892154 797983 707526 223737 299204 408570 835431 279349 450664 786480
631552 400720 181662 520576 782510 298627 562426 577417 445193 475080 804727 253976 447722 344291 674137 585649 630057 492564 254998 404802 126623 469226 620009 658083 141876 354657 747319 484528 892197 658754 400116 475433 695653 455939 734177 824566 410121 242917 999999999 331434 186741 692707 414586 657842 215604 312886 325439 311067 470275 344124 501868 724956 770674 742708 423717 470627 249169 406971 739181 83013 497341 605093 702435 395494 153642 507391 884277 860099 425803 285891 334319 103757 575750 616093 624877 310801 431687 127542 595099 716312 711961 619156 204295 282527 515703 121532 232551 320446 774534 734847 691446 653987 587246 355694 145468 302800 779192 329899 232382 755222
871308 414412 507622 735481 791129 270914 451288 781509 257078 718707 783350 112138 233850 549644 919555 768526 873669 731588 111556 91785 386959 770441 825572 483036 200459 569183 630245 195577 824257 852388 68713 803305 747048 593752 905669 987491 511843 573326 331434 999999999 501602 783617 623296 746271 149610 546383 363463 625173 790860 675157 521866 893481 968684 949704 706431 396736 480780 170033 769415 253114 592843 537169 721139 726684 323499 190579 783478 1016855 452309 616579 655470 291349 339125 870107 788761 640701 701184 284538 864016 842812 645445 728936 149355 49051 730234 418537 503428 646731 828395 841654 522118 616743 606517 661441 360372 451230 857901 601799 230280 869029
638128 559953 149369 561130 915909 478169 737876 620164 631504 495742 947841 437405 634462 422993 671697 643397 633042 515244 406968 562452 128177 416849 657359 840180 326545 423783 918199 667899 1047057 701872 568829 356910 816598 557796 787378 877908 536668 102934 186741 501602 999999999 795723 476213 764542 363819 376293 487844 125247 289298 195236 649072 780813 802290 769145 406844 643882 334616 592925 866350 268167 615376 770050 836046 245044 316627 660561 1048194 915570 578487 173665 154026 215217 762472 609819 691800 155317 430732 305647 574280 798814 872120 718195 357832 454371 557187 207057 284729 229122 889928 826938 872303 808614 727888 313846 289812 427308 882868 347566 416167 842265
388369 369682 651492 308352 197698 513502 443316 276397 593517 384202 266983 681944 627638 373400 422372 223795 400546 370807 812719 870177 813132 571026 282821 553055 671996 375675 450677 739840 400912 256578 820060 739366 90633 239347 221824 257011 288839 749437 692707 783617 795723 999999999 333729 37448 803226 422471 424298 865711 939116 778336 269884 209216 317184 328934 496048 424411 462127 666601 139831 677750 199696 355909 162304 797277 550238 948055 464267 270538 331759 708323 853224 785636 659166 431265 174774 783007 456433 593246 477601 95865 341921 78074 787448 758699 308309 598414 511927 670343 109266 63917 546542 285952 205851 572095 547626 390399 87308 477847 568190 94113
249760 310109 327551 112846 493476 381828 501551 164955 541229 112177 545222 511179 568114 75113 299027 171986 253553 117579 608080 714917 518726 271288 208839 633403 451024 60162 619888 666639 669504 244769 680151 422576 378490 129644 320320 411148 187315 419038 414586 623296 476213 333729 999999999 308763 583861 103548 298756 534654 606550 444763 312792 311736 358808 333878 184686 423561 165744 575468 435431 431299 205149 469446 421539 465580 311270 811852 702908 447452 292598 374781 520206 517444 658682 256626 216416 449508 149516 357362 267238 323384 532355 256294 568262 583142 107609 299647 194443 337112 438245 355039 647952 458576 348673 242593 287162 176704 418158 144126 395502 367813
387113 332482 621573 294788 200636 476086 412520 269308 558181 368006 265876 644497 592226 343552 424324 216327 398918 355984 775348 832963 779021 555070 281538 525714 635039 347267 431808 704433 399667 260919 783024 721048 83638 206907 238784 283850 252281 721022 657842 746271 764542 37448 308763 999999999 766036 393464 386860 837392 915284 753329 234032 225489 333369 341312 477363 389667 430248 630321 140413 641479 163052 328101 150941 774035 514248 911267 457236 300461 294575 682046 826150 749954 626846 427799 173014 756578 437923 556933 471572 119666 323773 54537 750272 721256 294140 565514 481708 645868 129488 98177 521119 263127 174705 549651 512560 355184 121383 452619 530791 127828
821055 450356 397141 696001 845986 306198 543123 748379 368070 664065 850232 151390 353959 508875 866711 745516 821332 679626 43206 198659 242513 681769 792505 600408 134933 524916 730540 341065 910125 825719 211020 689018 782889 586239 890668 977769 516175 445588 215604 149610 363819 803226 583861 766036 999999999 491963 382736 484326 651125 547808 562616 879714 941467 917685 629474 469740 423842 294287 814783 157709 604228 615437 770102 599530 273284 297609 880907 1010456 485732 497426 517456 148789 473168 811914 775253 510932 631987 226785 797070 847768 726827 738764 15974 112487 690828 326042 428489 535346 865082 855478 638556 685550 651499 568805 298022 430063 884461 529364 239128 880243
329444 299894 229506 208027 563378 330380 502269 264531 502673 173395 607373 435556 525352 51423 376026 275481 330317 187994 519374 636856 415183 262614 307251 630929 362495 47493 645389 614357 723726 346003 607348 381148 454271 191241 423653 514559 205891 327618 312886 546383 376293 422471 103548 393464 491963 999999999 263824 443996 533141 368251 338700 415221 457939 430706 179331 414072 68129 522020 508463 336217 260456 490415 486677 397094 224702 736802 746110 550963 294887 293022 434220 416304 629501 324125 319374 366447 161517 268620 318787 422794 569844 344440 476742 503140 203077 196313 92009 265873 521725 450839 651141 497625 395685 192031 194142 135548 509001 85824 326933 465991
544555 75548 387068 401484 469323 93802 258402 437734 243035 409000 483551 258159 269361 238825 594302 415797 549740 416212 389135 453016 451510 526261 480156 378100 257962 261051 431188 369813 566765 500519 407899 628966 400184 235220 545826 625327 149573 493316 325439 363463 487844 424298 298756 386860 382736 263824 999999999 597194 729255 570261 183646 533212 615159 600232 442860 163646 225816 280324 433818 279885 229657 282367 391151 611834 173595 539869 561196 653910 105397 492510 605008 395298 366105 555192 429484 553096 421346 200732 564336 479454 386994 365973 367311 335176 396466 288378 283704 488953 482357 480129 403598 328788 272515 444600 198418 129357 503120 346431 144505 506804
653438 666369 220802 601978 1002333 596468 851920 659384 754369 528509 1039933 562643 758375 494488 679506 690779 646221 547889 527517 682721 242633 406875 691595 958641 451635 490204 1028284 793145 1145851 737993 691826 297592 896899 634033 827087 915400 626759 116378 311067 625173 125247 865711 534654 837392 484326 443996 597194 999999999 166928 133167 747433 822371 827830 792342 423397 757150 417355 717836 949618 393109 698472 877242 923621 167018 430928 778808 1152965 953590 681109 167984 43433 335735 886182 617973 742936 101363 455311 425468 574477 856342 975519 787643 479490 578437 598821 309158 358722 221857 965698 889673 989696 909156 821215 326300 399405 520879 951596 393499 537395 901591
663758 793019 342264 648074 1095422 741603 987445 700281 906831 569499 1140506 724011 913484 584375 678521 740617 654158 587261 694326 849598 409553 406241 724520 1101057 612094 574479 1155921 954699 1255065 771301 857912 245711 983412 722652 861781 944523 733010 238504 470275 790860 289298 939116 606550 915284 651125 533141 729255 166928 999999999 165114 861444 859646 843872 806588 454701 892417 525073 876489 1039190 553229 793559 1001846 1019567 142615 573474 945695 1271234 982409 802271 242541 136133 502430 1040290 621016 795467 176178 492849 575534 569971 913539 1093332 862404 646049 743665 646090 444285 462308 269712 1044741 952873 1129971 1023578 926913 367975 537368 635265 1021401 463209 688134 959979
530864 631546 187270 495434 931082 590481 828620 550398 761131 418415 975539 594835 770994 419562 553496 587039 522773 437130 590209 744445 322477 278214 578761 945596 483279 410211 993673 823056 1089986 625638 743725 168038 819879 558303 715883 801915 568032 102317 344124 675157 195236 778336 444763 753329 547808 368251 570261 133167 165114 999999999 696978 712439 708405 672055 306833 733891 360821 739775 875257 425453 628707 839083 854863 51748 422900 845234 1106876 840107 639225 78394 96189 402486 895589 492733 641098 40319 342426 431937 446755 757878 929069 701054 539615 626402 492928 292078 297916 108580 882805 795211 973104 858958 761814 213052 384263 471498 861843 300719 543012 804038
513190 112262 527927 376993 285683 258495 203403 389165 324369 418710 302859 427324 358326 292190 560617 348658 521938 417371 564844 605453 628477 581686 422983 332816 441240 309558 308793 470510 398622 426309 553417 718675 225209 189820 442994 507181 133078 635793 501868 521866 649072 269884 312792 234032 562616 338700 183646 747433 861444 696978 999999999 429289 528496 524148 494068 157714 336388 396908 252252 462722 126940 156655 207915 731204 348250 679632 409914 528923 78252 618960 748130 577770 402447 538938 338337 687687 461420 381468 565179 346115 232282 233911 547567 502147 373236 442407 399147 600940 306838 332201 341380 162344 89111 529884 363228 227290 337498 422341 323635 361679
220058 501825 631517 220907 400537 626976 625546 162989 745315 294523 471913 783672 777974 380759 238570 139750 232536 275490 898490 984394 830365 458728 135272 745521 744806 370838 657208 888305 604346 88951 940963 631685 299828 299729 13771 99610 383688 711345 724956 893481 780813 209216 311736 225489 879714 415221 533212 822371 859646 712439 429289 999999999 108144 121859 406258 585748 475870 805452 346395 733992 314415 548595 371406 718252 607866 1073070 672036 135771 467154 655034 800188 826894 831735 268236 105022 727543 370020 654388 322057 116039 548938 199292 863789 859938 224436 611372 504992 605724 295788 164449 743640 488281 392373 499780 590893 450217 237611 434064 664507 147525
180193 591999 655323 250121 506181 707995 727957 193924 837539 306694 577890 857277 869379 433142 175555 200278 190271 287292 963852 1060312 866448 437654 150688 850153 807579 418776 765173 978081 709365 116464 1019958 604981 407817 380137 95361 117459 467660 722772 770674 968684 802290 317184 358808 333369 941467 457939 615159 827830 843872 708405 528496 108144 999999999 37627 404433 682778 523741 892580 453334 790049 408068 653983 479452 706377 668212 1152513 778866 149794 559234 660139 800887 874211 930084 224936 191216 728942 374026 714681 278886 222888 656996 304051 925740 932168 254973 652051 541489 606428 399394 269323 849489 595733 497681 501579 645869 518481 338510 456827 738415 248584
142832 581373 622923 222808 522207 692233 725657 169506 827220 274389 593429 837910 858491 408810 138647 184680 152742 255217 941223 1041458 835997 400425 125254 850095 784449 393319 772132 966022 726103 100304 1002478 567408 419115 366544 111330 152293 454692 688209 742708 949704 769145 328934 333878 341312 917685 430706 600232 792342 806588 672055 524148 121859 37627 999999999 369070 676096 497386 879252 467430 764871 400880 655381 490221 669400 644773 1135022 792910 186155 549890 624853 764900 846406 923765 187315 186076 693115 339649 691046 241271 237651 664713 306865 902055 912089 227850 623220 512171 570725 417601 286304 851164 601134 499550 466276 620877 498577 358721 425096 719525 268406
232400 473816 268534 194199 670939 508403 673599 245624 681845 115254 726199 598992 704026 209715 264921 286839 226597 132595 662844 794255 491183 87668 272021 804138 511441 188892 802542 790351 852589 318926 770724 243685 553571 314328 409300 495100 363598 320188 423717 706431 406844 496048 184686 477363 629474 179331 442860 423397 454701 306833 494068 406258 404433 369070 999999999 588824 232262 698099 611558 472387 389807 650296 602203 312557 384092 896498 887541 533301 463602 255784 397209 523824 808765 203174 342005 324913 39631 422007 172824 460678 716822 422917 615587 660384 192642 304472 203549 202269 604631 502296 821955 643072 533357 97208 346068 313859 573979 105147 498278 507208
650572 115045 550153 508812 395952 175733 95077 530877 170215 535449 386933 320922 204493 379211 699519 495747 658013 538389 461583 472026 592680 675007 568316 217258 370906 400504 276788 316310 440692 576769 416392 788640 367733 321011 599389 664882 238904 655701 470627 396736 643882 424411 423561 389667 469740 414072 163646 757150 892417 733891 157714 585748 682778 676096 588824 999999999 385626 250753 380043 409770 275228 145704 330141 775396 327326 536090 418390 686506 132606 656155 766819 522725 247677 670372 491679 716328 562348 343154 689070 503616 257141 391599 456515 387731 504402 449834 445538 651711 445214 487654 240513 220260 224279 601861 357898 279701 485029 499390 248268 517479
