NAME : synthetic_000291
TYPE : CTSP-D
DIMENSION : 100
GROUPS : 8
RELAXATION_LEVEL : 1
EDGE_WEIGHT_TYPE : EXPLICIT
EDGE_WEIGHT_FORMAT : FULL_MATRIX
EDGE_WEIGHT_SECTION
999999999 630145 231844 298344 271348 314588 590725 567796 670748 282956 303137 909874 449072 601521 264322 720198 425754 646279 468841 520254 237970 700866 419776 309977 775723 376420 474622 110978 539374 410017 708421 352423 521518 558188 1005322 816209 825186 781156 140841 277034 1053023 604252 767894 754924 850836 968938 242629 394292 409630 273472 909617 73022 241865 162954 204500 648192 384439 182870 927823 410361 550596 348913 181633 383386 902805 854359 714285 743145 478948 603802 145425 202708 176457 754166 379886 386288 264553 577857 296820 383501 62802 823990 772858 484598 324291 862466 204793 464133 278986 681035 850786 280219 931839 313566 212068 334979 448464 640607 563248 463890
630145 999999999 758688 704329 390819 773921 772807 1048133 406349 676545 367182 326653 709994 428297 516348 445299 673826 558945 885494 112262 427689 890887 583955 707566 947947 565386 1024472 721850 887784 644150 438911 426347 1016211 1060555 995356 429448 762581 181456 630681 538402 1013346 1005146 882746 147548 942991 930075 544775 546626 432219 699637 757326 687064 633412 668903 426038 611399 619682 698715 736136 662614 507248 858764 638473 347727 812525 544258 463293 330309 680226 428091 653812 596466 512025 174868 306263 860305 371828 446785 772248 457559 672882 539802 276834 717264 593275 537769 761288 928471 627150 458809 281837 821591 796405 316710 606206 852437 693833 275366 1010853 202040
231844 758688 999999999 127061 468201 95749 428256 338627 666749 135669 391937 986333 290950 584647 257966 707251 284416 580560 242384 646997 331724 517357 329131 136810 589669 299808 269455 143198 324434 284587 696339 571459 294024 333532 855519 824732 713212 877607 133756 246322 908917 374647 601278 857956 682479 831705 473804 327021 404960 106100 818221 261069 144943 93292 362825 561532 273449 62422 848263 274174 498791 119216 120316 435455 790261 828453 693890 774845 339983 587101 366532 165344 248521 844475 570015 154735 396285 552701 74549 607779 172165 793525 828676 328096 236811 840686 39884 232289 174997 658342 925419 63047 831714 465652 442522 106804 298742 682283 331413 563615
298344 704329 127061 999999999 475612 73938 307560 345529 557682 28135 342839 900439 166664 473826 188225 594641 157465 457776 196202 596219 296707 407145 207805 11850 481407 185242 332779 245077 245888 158165 584188 594149 311905 356227 733953 716420 586252 803009 159902 166198 786219 332044 483633 787071 565985 707475 522924 213201 308513 25844 691365 349197 78982 136822 357562 435917 150084 126959 722039 147138 380696 165630 120262 361836 663406 710783 579472 675299 213292 476259 443479 129180 228520 767733 565129 156289 370157 440357 81653 636611 252896 675195 737185 204120 127204 723851 163475 225621 77479 543988 839811 164540 704656 442851 506349 164912 172840 589089 315567 502961
271348 390819 468201 475612 999999999 523907 691819 802495 574204 449828 215484 702853 570814 532219 324755 627021 536517 625929 670973 293509 205588 816176 481835 484369 888466 440768 732321 379478 714990 509838 615833 128495 760245 801066 1052114 687507 837019 562165 337285 351790 1089413 807588 854412 531294 933102 1001249 165498 441826 381796 458283 888795 311947 397358 376880 120309 651901 479002 406851 891237 520467 533005 585986 365712 296909 908505 761232 630582 595854 574044 533848 263567 346485 248449 542915 108632 609286 143910 523178 512694 177227 328303 739075 595979 597013 422922 763858 454035 687613 415926 604811 648748 527434 919897 111724 219248 574652 561807 495148 784470 282105
314588 773921 95749 73938 523907 999999999 339874 282185 629547 99376 409470 974341 209471 545378 257823 665273 211385 522135 154536 664721 358519 423124 275895 75963 494816 257274 258876 237086 229692 219512 655015 636572 244662 288368 766070 788237 635345 876092 190283 237653 820495 291235 509690 859692 590052 745396 551667 285175 382446 74305 745496 352532 141089 155210 409642 495781 217406 131738 779042 204857 449433 91848 158209 433970 711231 778666 649387 748758 263585 547798 455156 184793 283371 841013 619030 88086 430066 511511 21430 676374 259479 742725 811106 245087 200901 792215 135369 164281 149949 614025 913696 105469 756036 502366 526630 92324 220475 662999 260593 573320
590725 772807 428256 307560 691819 339874 999999999 430022 460596 313550 492823 856801 142681 386870 369888 471758 165777 289136 282041 687552 486253 125618 212259 296103 196647 251213 519316 552125 202673 186510 465656 820106 431465 466375 427274 599555 312251 804519 450684 344471 480888 315036 177452 801338 260378 405783 786013 253841 350729 332994 433159 650075 348959 438864 574877 236290 216387 433878 475931 181763 280150 401541 410482 449904 383011 542286 448586 603124 118417 388521 734824 390501 461630 766144 751979 352548 553757 354796 360301 868033 554602 506034 688921 106208 277232 559403 467317 353840 312026 420068 802165 443978 435125 616970 784664 411660 142305 555601 368984 586253
567796 1048133 338627 345529 802495 282185 430022 999999999 846140 373650 688361 1220683 377916 762755 533379 871043 405089 699926 171135 941127 640139 433161 496236 341193 478325 497119 154145 465879 227350 429423 862585 909676 48704 43071 786021 999801 736194 1135832 465317 510069 845060 137301 537332 1122784 597376 790553 810416 521994 634043 354573 859875 583486 421466 426262 690686 655670 444656 397212 904755 409751 654817 219534 438170 702231 800352 962013 850778 979583 431244 764967 692110 466925 565461 1099204 900126 194415 712162 727597 290623 946404 505832 925240 1052837 394048 456985 978140 363052 119938 421679 817715 1161278 288057 857405 784528 774016 232943 395804 906175 62528 846196
670748 406349 666749 557682 574204 629547 460596 846140 999999999 537823 384151 397402 468226 84562 424633 52850 442760 181372 675809 376209 439236 554389 357246 553779 594771 372477 882345 710713 635457 421827 41665 680272 830430 872865 591440 158738 360038 367335 585035 426622 607267 758337 516417 374194 562255 524952 732375 344521 268177 568562 353145 743559 522509 607081 512311 240161 414776 626482 338152 440730 191547 720656 565961 294662 406304 188626 60386 142970 416129 82202 770810 517787 495378 330366 562863 696107 450394 119410 639334 727212 678670 164876 232292 454777 432344 193882 690150 739421 492446 54057 345144 718507 391446 462674 769626 721825 450357 131661 792862 311106
282956 676545 135669 28135 449828 99376 313550 373650 537823 999999999 314713 875639 170969 454471 160294 576131 155733 444951 223311 568257 268831 418572 193590 34728 493284 166546 357850 239485 268293 151079 565485 569521 339787 384062 737636 696473 582345 776718 142517 138768 788853 358388 490739 760408 573496 708666 502097 194309 284586 30875 684427 337749 52470 125458 331205 426319 137875 121946 713377 143242 364535 189990 101803 334837 659931 694664 561704 652890 212036 456916 428380 103517 202018 741646 538153 183823 342439 421537 103644 612567 241703 659414 713181 208097 105547 707312 168464 253749 50573 526156 814927 181051 699210 415131 488145 187942 174305 565228 343472 475320
303137 367182 391937 342839 215484 409470 492823 688361 384151 314713 999999999 612603 388163 328714 156206 436254 351492 412159 532931 256241 67119 618433 280635 347623 688100 244857 657357 372574 553326 322166 424555 341114 653636 697634 837099 519347 621727 492120 267105 181839 873963 661630 646892 469810 723574 785786 356212 238984 166329 335312 677314 373009 268382 303731 128685 436479 292385 332859 683110 336795 318038 492243 271624 89955 693756 572497 435284 441372 378722 330631 387539 229361 149298 461559 259344 496960 72744 314630 406364 390589 328793 546084 470178 407696 247930 577991 396793 568460 267639 405728 552528 454697 707158 124410 387192 485522 375702 338249 656375 173142
909874 326653 986333 900439 702853 974341 856801 1220683 397402 875639 612603 999999999 847279 470780 728403 398214 816850 577288 1049741 409436 679700 951379 724607 899796 988747 725622 1233214 985142 1022199 791422 400777 752031 1198681 1242602 932145 292725 719443 145198 874252 742115 930877 1145515 907294 179340 943803 862264 863754 699614 592404 904124 661092 974933 844945 907039 709267 635865 776565 933380 620457 811140 580158 1065615 869747 551780 740064 411120 423046 254459 800592 468981 959448 821968 760201 159948 629479 1052259 645926 504344 978953 784190 941025 429559 169142 840083 774561 395648 999247 1107054 825518 443675 60915 1045944 700644 610275 921891 1063223 829310 314526 1171995 446036
449072 709994 290950 166664 570814 209471 142681 377916 468226 170969 388163 847279 999999999 384928 246278 494190 37014 330143 207894 613011 368034 254087 127397 155598 328919 146996 428569 410025 179241 67024 485411 697570 363724 405352 567476 622513 425874 772529 308599 219058 619558 300821 320068 763360 402943 541063 651925 163391 278213 191604 537093 507512 207241 296197 451198 294813 95807 291899 572405 51434 276997 285325 268183 366519 501864 592725 474676 602571 57789 387125 593738 251061 330264 734854 641884 245375 440104 349784 228177 744147 411942 556019 678489 37461 147908 607886 329020 274086 171691 440956 788822 314901 546732 508489 646589 292397 18010 533849 325629 511879
601521 428297 584647 473826 532219 545378 386870 762755 84562 454471 328714 470780 384928 999999999 348053 123091 358697 130740 592148 376073 377002 488632 272684 469705 535396 288587 797793 634610 554553 337386 111897 646495 746372 788968 571731 242920 339347 422478 508060 347673 595384 677750 462325 423578 516942 509240 683809 260631 192925 485280 362167 674542 441079 528078 457134 185286 330244 546267 359684 356363 109998 636346 486834 239268 398335 253220 113251 219414 333968 2454 709516 439253 425108 384288 536083 611545 399072 35164 555470 694916 605019 222502 302270 373003 349179 262414 609165 655240 409893 79526 415398 635392 396728 422919 715714 637687 366992 172987 710157 293644
264322 516348 257966 188225 324755 257823 369888 533379 424633 160294 156206 728403 246278 348053 999999999 470370 211762 382041 376732 407996 122414 492842 167889 192196 566054 123582 512422 286579 400908 185420 458836 452100 500081 544351 757884 578978 565073 622167 160406 27540 801938 506246 538882 604147 620043 715770 419622 134670 156458 183695 645614 336047 118877 184552 205804 385007 154650 207550 663537 195722 286837 344824 144405 178718 642065 600561 461135 521075 251480 350451 393306 95547 97670 588191 397762 343964 195998 320691 257513 499307 258439 568260 571246 272427 98734 610363 273326 413448 111796 426511 667488 317817 668634 266879 426662 340022 237056 425772 500263 315498
720198 445299 707251 594641 627021 665273 471758 871043 52850 576131 436254 398214 494190 123091 470370 999999999 471432 183604 702018 423174 490338 556454 390258 590003 590857 409723 914764 756923 655304 452702 11799 732547 857842 899518 561325 129167 333734 387359 630620 470645 573022 777143 509084 398413 548010 493340 785190 381859 314375 606991 312126 793126 564005 651105 564600 240724 448570 669353 292402 470970 218522 755573 609870 346558 372285 136243 24832 149072 439800 120646 822385 562185 544289 352119 614467 728275 502973 154650 676165 779304 726257 112110 241795 477345 471197 142539 732152 767606 532340 53335 350909 757177 351449 515465 822164 757567 476624 170633 815998 362210
425754 673826 284416 157465 536517 211385 165777 405089 442760 155733 351492 816850 37014 358697 211762 471432 999999999 314506 234014 576294 332844 283642 93340 147659 357975 110038 445206 394601 214375 30046 462190 663734 387685 430312 583364 598792 428803 739195 286567 184868 633790 334674 342290 729347 425190 553048 621953 127272 242549 180498 535311 486869 184718 278338 417332 284732 59146 277628 567834 16346 253008 294066 247014 329721 505945 575297 452915 574529 56317 360965 569359 224770 298637 701691 605970 259418 404374 323563 228065 710668 392358 538804 648443 61622 114466 589872 320810 296701 146768 418520 757970 315319 547598 472277 619076 299372 25323 502752 355146 475271
646279 558945 580560 457776 625929 522135 289136 699926 181372 444951 412159 577288 330143 130740 382041 183604 314506 999999999 534533 502718 446039 374228 251449 450738 413429 284747 758380 657752 478698 302648 178534 747202 691116 731126 445750 310491 216402 545787 531913 372147 473653 598738 336094 549680 387004 386084 765927 260213 250051 475109 267424 718073 446815 542770 534866 58795 307824 554491 281578 318198 97100 608045 502561 329699 283486 262927 159865 323183 272856 131080 769703 459806 473660 508113 645014 573548 484900 115894 536425 796491 637180 226148 413606 307193 347779 278556 611344 603199 409622 133930 526225 622108 295352 522104 789101 612528 313808 299470 642577 414428
468841 885494 242384 196202 670973 154536 282041 171135 675809 223311 532931 1049741 207894 592148 376732 702018 234014 534533 999999999 780808 491392 322870 325179 188663 385597 327680 237388 385382 99272 258357 693291 787304 156594 197508 681558 830406 594282 966786 343156 351459 739155 137510 422627 954642 495395 673623 706051 351869 465126 212748 714753 503401 275179 309499 553581 493686 274485 286144 756126 238664 484818 152522 308151 538000 664126 797417 682294 808543 262858 594381 607978 325097 424671 929883 761326 97636 565377 556984 172110 828328 412458 760623 881769 227342 292219 813073 278711 71860 266021 648753 990451 219891 717131 638023 680907 167309 225610 735275 125511 683546
520254 112262 646997 596219 293509 664721 687552 941127 376209 568257 256241 409436 613011 376073 407996 423174 576294 502718 780808 999999999 315655 809178 489410 599999 870377 466560 913504 610176 788647 546313 414483 352506 908019 952234 947488 440644 715394 269099 518513 431094 971272 903685 811093 239224 876783 885310 454821 450184 339036 590424 727911 579170 523819 556865 315774 549832 520220 586775 714310 564073 436746 748438 526894 246685 772969 540898 436404 340712 587993 376475 552712 485569 399905 249563 226613 751666 259946 386966 662321 391256 561527 528979 316354 623523 489171 538084 649136 821249 519488 423568 356223 709960 765219 208127 512456 741760 597609 257272 905765 101750
237970 427689 331724 296707 205588 358519 486253 640139 439236 268831 67119 679700 368034 377002 122414 490338 332844 446039 491392 315655 999999999 610764 276557 303096 682899 235183 599666 305537 522084 305377 478550 333985 603098 646549 854934 579988 648031 558337 203198 149951 895124 624090 649697 535383 729099 807482 321874 237113 196092 285579 713376 308988 218872 241219 92475 462839 274569 271145 723379 317048 349358 437035 212123 146521 722487 626177 487159 505206 368617 379104 332625 174276 84471 528213 275500 446598 74441 358502 353083 382263 261717 598016 536697 392600 221049 632804 333694 520837 226112 455809 619644 394760 740940 146764 343269 429196 358000 402649 612273 238605
700866 890887 517357 407145 816176 423124 125618 433161 554389 418572 618433 951379 254087 488632 492842 556454 283642 374228 322870 809178 610764 999999999 337837 395303 74935 376173 551700 650927 224867 307721 552265 944266 448391 474475 359424 679389 320119 910836 560025 466784 417597 299531 104181 910268 172541 357788 905450 379449 474574 432977 444470 755891 459958 543165 698459 315977 338314 533645 494444 299986 388481 465953 519243 574333 374510 603929 532027 697036 242149 489952 846096 505053 582222 872551 877553 411914 678974 459478 444507 991906 659615 569613 786374 222022 397719 621952 557230 389024 425590 508126 899468 520742 434922 742550 900620 478644 258649 661012 370926 708396
419776 583955 329131 207805 481835 275895 212259 496236 357246 193590 280635 724607 127397 272684 167889 390258 93340 251449 325179 489410 276557 337837 999999999 201780 408170 44528 525205 413264 306634 66823 380285 610327 476296 519636 590637 515176 406203 645866 291254 146782 635777 427776 373407 636192 453577 550437 587186 41765 151736 223930 498435 487771 198232 296038 367266 236718 58501 304920 523772 86533 173539 365469 257483 244598 484084 503181 373740 484859 99925 275045 556432 220161 265033 608352 539722 338876 342047 238003 288206 658779 399305 467475 556602 134116 99732 516488 360129 384699 159643 338493 665454 372305 516896 404715 594122 367951 110440 410220 447746 387787
309977 707566 136810 11850 484369 75963 296103 341193 553779 34728 347623 899796 155598 469705 192196 590003 147659 450738 188663 599999 303096 395303 201780 999999999 469558 181383 333774 256770 235350 149844 579654 603595 308803 353232 722681 712496 576421 803875 171212 169164 775088 323675 472017 788393 554324 696580 533727 209309 307485 37675 682286 361041 87082 148629 365885 427764 143604 138711 713456 137953 375108 167713 131323 363789 653450 704961 574473 672892 203183 472130 455163 137918 236711 768375 572874 154389 376871 435984 86450 646340 264738 669237 735917 193030 125450 718213 173872 221273 80511 539041 839253 171395 695173 449551 517677 168076 162266 587763 309466 505919
775723 947947 589669 481407 888466 494816 196647 478325 594771 493284 688100 988747 328919 535396 566054 590857 357975 413429 385597 870377 682899 74935 408170 469558 999999999 447821 606813 724590 286345 381410 587972 1016743 499161 520834 307819 708829 317847 957370 634885 540272 366908 341376 87820 958942 119942 318547 979919 449450 539771 507215 437575 830384 534889 617669 771363 354682 411828 607643 490114 374302 441491 532824 594092 640090 358865 622966 566073 735762 314717 536471 920981 579934 656340 919335 947439 478082 750111 508708 516242 1064624 734085 590509 826864 296399 471736 641232 629550 448147 500485 545570 939125 590351 421507 812453 975494 546083 333112 708364 417544 770499
376420 565386 299808 185242 440768 257274 251213 497119 372477 166546 244857 725622 146996 288587 123582 409723 110038 284747 327680 466560 235183 376173 44528 181383 447821 999999999 512827 374431 322529 79992 399161 569159 473193 517259 635161 531213 448873 639110 250495 102278 680186 440238 416274 627179 496962 594697 543116 27959 137565 197421 538085 445099 162110 258331 324865 275680 54436 269862 561424 97527 199086 348748 218626 219888 526609 528682 395158 492877 134492 291021 512221 178684 220542 602262 502529 328293 302857 255243 266892 617318 358022 493717 559397 163043 63454 541070 328193 381669 125743 359610 665660 347567 557818 367800 549609 349458 132662 411519 452549 365813
474622 1024472 269455 332779 732321 258876 519316 154145 882345 357850 657357 1233214 428569 797793 512422 914764 445206 758380 237388 913504 599666 551700 525205 333774 606813 512827 999999999 364849 328402 462119 905057 826481 113988 118170 910772 1040377 831562 1133736 402959 494484 969192 278102 654367 1116446 722425 907411 712324 540348 641166 330313 951484 474188 393554 362598 631362 722657 467599 331727 991923 444160 696473 168078 387578 690582 901481 1020286 897169 1005678 486266 800168 581333 428011 517430 1099034 836619 186489 665610 763200 255451 858026 412069 983704 1069690 455307 459223 1035013 278349 165930 408270 862352 1172572 207019 954441 735099 667579 172486 444600 921537 199501 826304
110978 721850 143198 245077 379478 237086 552125 465879 710713 239485 372574 985142 410025 634610 286579 756923 394601 657752 385382 610176 305537 650927 413264 256770 724590 374431 364849 999999999 466755 386175 745370 463276 418458 453023 977117 863367 816184 862899 127019 288897 1028248 515945 728640 838830 811053 947571 348215 397687 442713 219374 911692 119313 215996 117869 298222 649665 366423 118260 935855 381195 566667 250707 155893 440530 894132 886810 747622 799284 450695 637012 227104 198369 226086 833450 487427 294827 350268 606749 216585 493387 51317 854092 839091 447337 313539 896837 107419 369519 255648 712871 924967 178581 929712 408718 308206 235765 413785 699550 467420 542931
539374 887784 324434 245888 714990 229692 202673 227350 635457 268293 553326 1022199 179241 554553 400908 655304 214375 478698 99272 788647 522084 224867 306634 235350 286345 322529 328402 466755 999999999 243755 647684 836889 231332 264227 584209 784466 510711 951207 404699 373680 642189 123337 326320 942457 397132 579025 768705 341578 456923 268482 633655 581728 319929 376538 595051 431450 268493 358028 677812 225170 444658 249188 365893 542041 577272 738744 633785 773877 221607 556595 682551 371055 466652 913408 797207 193942 596374 519850 250234 880532 487481 702095 853082 182121 305396 755296 363134 164269 299172 602155 964502 312306 632756 667757 750058 263289 196475 710329 166533 688246
410017 644150 284587 158165 509838 219512 186510 429423 421827 151079 322166 791422 67024 337386 185420 452702 30046 302648 258357 546313 305377 307721 66823 149844 381410 79992 462119 386175 243755 999999999 443098 637458 409926 453109 595868 578987 431520 711543 272887 159095 644854 363259 360608 701185 443170 562518 599506 97885 213357 178748 533743 473368 172053 268660 391223 277920 30838 271212 563884 19737 234356 306127 234603 299711 509237 560742 435082 551203 69515 339707 552237 207532 275206 674181 577509 275650 376208 302417 234294 684728 380214 524519 623419 87232 90724 574799 319179 318435 132637 400233 732236 320796 548139 443506 598963 310064 53537 477012 381099 445348
708421 438911 696339 584188 615833 655015 465656 862585 41665 565485 424555 400777 485411 111897 458836 11799 462190 178534 693291 414483 478550 552265 380285 579654 587972 399161 905057 745370 647684 443098 999999999 721831 848949 890762 564719 137223 335899 385582 619117 459277 577545 769759 506890 395664 547434 497095 773766 371268 302770 596336 318456 781346 552943 639764 552931 236301 438520 658143 300283 461477 209185 745454 598537 334833 376601 147951 25332 149441 431370 109446 810618 550793 532532 349880 604107 718574 491392 143949 665749 768697 714588 123243 242044 469137 460447 154338 721053 758562 521473 45724 352304 746516 357501 504321 810560 747325 467782 163718 807839 352048
352423 426347 571459 594149 128495 636572 820106 909676 680272 569521 341114 752031 697570 646495 452100 732547 663734 747202 787304 352506 333985 944266 610327 603595 1016743 569159 826481 463276 836889 637458 721831 999999999 865483 904543 1178134 779382 960411 607151 446628 478866 1214300 924667 982854 573695 1061393 1126059 144493 570305 507083 575011 1006770 370963 517308 484234 246413 776002 606643 512602 1006125 647595 656205 690643 479323 417598 1030566 863679 738665 682963 702191 647932 288612 466113 371069 595126 126066 719246 271139 640719 623401 49512 414564 844393 668439 724526 549702 864539 551618 798168 538955 715485 703366 626956 1039144 225186 211541 678112 689052 587273 896443 373634
521518 1016211 294024 311905 760245 244662 431465 48704 830430 339787 653636 1198681 363724 746372 500081 857842 387685 691116 156594 908019 603098 448391 476296 308803 499161 473193 113988 418458 231332 409926 848949 865483 999999999 44491 805459 985917 741777 1109610 423003 477877 864255 164699 552236 1095404 616627 806007 764023 499072 608703 318429 864209 535633 385479 383415 650076 649737 422316 353806 907385 390545 640067 174873 397721 672242 808581 953984 838397 961108 419306 748644 644278 429052 526460 1073434 859290 156733 674150 711245 250861 901481 459284 917187 1031775 383922 428857 969661 316743 91688 389088 804644 1138821 241356 864000 746167 726663 187502 381222 884310 85703 814693
558188 1060555 333532 356227 801066 288368 466375 43071 872865 384062 697634 1242602 405352 788968 544351 899518 430312 731126 197508 952234 646549 474475 519636 353232 520834 517259 118170 453023 264227 453109 890762 904543 44491 999999999 828409 1027847 774590 1154014 464129 522266 887419 180180 578651 1139868 639675 832125 800200 542998 652984 362340 897822 568668 429354 424228 692013 688515 466098 394241 941995 433637 682141 215080 440010 716724 839770 993789 879792 1004295 460252 791225 677211 472366 569265 1117803 900985 200679 717245 753818 293799 939701 495610 956990 1075515 424138 473309 1009652 353923 135591 433470 846258 1182808 278274 896245 789099 760872 226732 423005 928170 103667 859090
1005322 995356 855519 733953 1052114 766070 427274 786021 591440 737636 837099 932145 567476 571731 757884 561325 583364 445750 681558 947488 854934 359424 590637 722681 307819 635161 910772 977117 584209 595868 564719 1178134 805459 828409 999999999 640363 232924 947156 868682 737408 59110 649184 259512 959618 188859 69893 1174430 623896 671080 759061 273263 1069208 767319 861637 947390 405460 620886 859215 320712 597666 525876 820049 829877 764252 192378 522000 539394 706006 528053 571471 1145612 802620 855431 912846 1084402 767392 908222 561539 786815 1227633 975480 502821 796582 530042 681436 538464 894585 748430 728308 537790 896407 868794 235776 955861 1184539 831741 563365 722916 724939 860137
816209 429448 824732 716420 687507 788237 599555 999801 158738 696473 519347 292725 622513 242920 578978 129167 598792 310491 830406 440644 579988 679389 515176 712496 708829 531213 1040377 863367 784466 578987 137223 779382 985917 1027847 640363 999999999 427321 321489 738951 582775 641744 906236 624467 342186 654915 570563 851270 503256 423063 727184 371569 888309 680175 762742 643688 365819 573010 783117 335254 597608 345885 879263 721823 433482 448036 125269 151193 100654 568593 240513 905968 673297 643430 293268 655403 853993 578932 277228 798072 823049 828907 137651 168132 606332 590960 113722 847315 895367 650786 182408 256666 877038 411629 576812 895211 880528 604843 192733 945025 407319
825186 762581 713212 586252 837019 635345 312251 736194 360038 582345 621727 719443 425874 339347 565073 333734 428803 216402 594282 715394 648031 320119 406203 576421 317847 448873 831562 816184 510711 431520 335899 960411 741777 774590 232924 427321 999999999 721093 696951 548834 257312 610506 230651 731531 235113 170141 969904 431446 455927 608832 124823 893883 600269 698315 739409 185531 449761 702624 174416 439612 304228 707371 661644 543135 77988 321469 310648 481506 373421 339002 958372 626307 661849 685714 860777 661403 694162 331092 653878 1009853 805176 294330 573646 390788 504798 339519 749423 666053 560557 306093 678464 740763 122913 735886 987220 715950 415605 491048 673963 629951
781156 181456 877607 803009 562165 876092 804519 1135832 367335 776718 492120 145198 772529 422478 622167 387359 739195 545787 966786 269099 558337 910836 645866 803875 957370 639110 1133736 862899 951207 711543 385582 607151 1109610 1154014 947156 321489 721093 999999999 758449 639253 954910 1073350 881861 34554 929588 878378 721164 615299 501818 803481 686770 843592 740821 793589 577840 603880 692528 821491 654706 731149 524606 965694 758478 443473 756091 446529 410674 241287 731889 421271 821671 712265 641393 38377 485269 958146 516707 451519 878287 639002 816709 453718 153857 771152 680891 435116 886671 1018824 726144 420419 105064 938988 727034 474561 780508 961727 754967 249832 1091456 319989
140841 630681 133756 159902 337285 190283 450684 465317 585035 142517 267105 874252 308599 508060 160406 630620 286567 531913 343156 518513 203198 560025 291254 171212 634885 250495 402959 127019 404699 272887 619117 446628 423003 464129 868682 738951 696951 758449 999999999 161888 917679 480587 628056 736780 711009 834844 364525 272479 316858 136259 788579 200540 101874 40479 229190 526158 249397 71335 811174 271574 440020 249157 40824 323705 774917 759952 620939 678158 340858 510472 286147 72160 118731 726926 437156 272946 263875 479874 176796 486094 108262 727128 722846 344479 192154 770119 130632 351746 140384 586094 813570 195971 808005 332293 346465 238481 308647 580268 449823 440245
277034 538402 246322 166198 351790 237653 344471 510069 426622 138768 181839 742115 219058 347673 27540 470645 184868 372147 351459 431094 149951 466784 146782 169164 540272 102278 494484 288897 373680 159095 459277 478866 477877 522266 737408 582775 548834 639253 161888 999999999 782418 479904 514910 622248 596468 696783 443066 117425 160040 164315 633060 347407 102851 180529 232465 371244 128478 200428 652924 168740 278767 326459 139353 196373 626239 598580 460063 528951 226088 350105 410407 91613 118938 604663 425294 322471 223501 318584 239038 525858 265137 565485 582718 245819 71308 609075 265234 390243 88799 425003 681234 304213 654835 294221 447605 322597 210187 436005 475552 336824
1053023 1013346 908917 786219 1089413 820495 480888 845060 607267 788853 873963 930877 619558 595384 801938 573022 633790 473653 739155 971272 895124 417597 635777 775088 366908 680186 969192 1028248 642189 644854 577545 1214300 864255 887419 59110 641744 257312 954910 917679 782418 999999999 708261 316619 969315 247777 88256 1215973 667402 707634 811090 270208 1118014 816789 912071 987391 438544 668873 910692 311618 647672 558923 876324 879376 798184 201047 519810 552418 713795 577988 594898 1191989 850525 899608 921744 1117122 824036 945779 588338 841075 1263807 1025027 504377 802550 582099 728745 535281 947739 806453 777489 554539 898401 923816 230327 990659 1228339 887791 614599 738857 783921 887111
604252 1005146 374647 332044 807588 291235 315036 137301 758337 358388 661630 1145515 300821 677750 506246 777143 334674 598738 137510 903685 624090 299531 427776 323675 341376 440238 278102 515945 123337 363259 769759 924667 164699 180180 649184 906236 610506 1073350 480587 479904 708261 999999999 403298 1063966 460761 655457 842863 461003 576480 349788 735118 635008 410721 446441 689529 549375 385806 422197 782042 344056 567808 269576 445633 657916 671268 856532 755277 897115 344926 679779 741167 461223 560379 1035668 896280 221164 698435 643099 307695 965823 546444 820078 976405 305453 415530 873416 408527 151512 397983 724135 1087755 342195 729910 770838 816130 285157 318423 833428 79166 804329
767894 882746 601278 483633 854412 509690 177452 537332 516417 490739 646892 907294 320068 462325 538882 509084 342290 336094 422627 811093 649697 104181 373407 472017 87820 416274 654367 728640 326320 360608 506890 982854 552236 578651 259512 624467 230651 881861 628056 514910 316619 403298 999999999 885166 82954 253774 957969 412660 490151 509276 351857 827525 526268 616146 740673 278089 389169 610398 403846 357953 375907 560741 587912 590309 276130 535962 484251 655698 291128 463180 911644 566919 633512 844130 905135 507906 712780 438165 530739 1031584 732010 503925 747550 283631 450754 554245 640822 490506 488980 465730 859024 611029 338047 770939 959496 572616 319464 634480 475107 713177
754924 147548 857956 787071 531294 859692 801338 1122784 374194 760408 469810 179340 763360 423578 604147 398413 729347 549680 954642 239224 535383 910268 636192 788393 958942 627179 1116446 838830 942457 701185 395664 573695 1095404 1139868 959618 342186 731531 34554 736780 622248 969315 1063966 885166 999999999 935419 891316 689190 604168 489617 786555 702636 816300 723007 772612 550985 607129 681049 800956 672525 720666 522433 948576 738310 425916 769530 466357 420956 256153 724604 422550 791865 692752 619041 48919 452427 942781 490922 450962 861144 605068 791998 471249 174203 763619 666573 455853 865769 1005043 709875 427954 139092 919764 742832 446186 749116 944139 745991 250753 1079710 296810
850836 942991 682479 565985 933102 590052 260378 597376 562255 573496 723574 943803 402943 516942 620043 548010 425190 387004 495395 876783 729099 172541 453577 554324 119942 496962 722425 811053 397132 443170 547434 1061393 616627 639675 188859 654915 235113 929588 711009 596468 247777 460761 82954 935419 999999999 200002 1039487 492023 563863 591681 342551 910434 609223 698931 820555 331952 471463 692847 396355 440811 440040 637590 670855 663271 257371 555358 523419 696812 373657 517496 994523 649751 715250 892501 980617 583925 790697 496229 611234 1110329 814869 526422 789473 366572 533086 573542 722142 561018 571906 509484 898728 690209 320054 847093 1041863 649961 402417 686118 536153 780777
968938 930075 831705 707475 1001249 745396 405783 790553 524952 708666 785786 862264 541063 509240 715770 493340 553048 386084 673623 885310 807482 357788 550437 696580 318547 594697 907411 947571 579025 562518 497095 1126059 806007 832125 69893 570563 170141 878378 834844 696783 88256 655457 253774 891316 200002 999999999 1128603 581121 619458 731947 203740 1034804 734562 830725 899673 350293 585549 830611 252177 566401 470693 805582 797080 709944 122736 452127 471806 637130 496880 508839 1106869 766813 813419 844323 1028992 754585 857659 501160 765594 1175564 942600 432990 727393 503733 644739 468627 870047 742747 695042 471624 826711 849751 166947 902405 1141805 816375 534940 656592 728500 800050
242629 544775 473804 522924 165498 551667 786013 810416 732375 502097 356212 863754 651925 683809 419622 785190 621953 765927 706051 454821 321874 905450 587186 533727 979919 543116 712324 348215 768705 599506 773766 144493 764023 800200 1174430 851270 969904 721164 364525 443066 1215973 842863 957969 689190 1039487 1128603 999999999 551306 516201 500348 1032490 241622 452852 396553 231123 784668 569797 420985 1039294 605635 669966 591490 402814 444659 1044223 920579 786943 760751 668159 685630 147281 403663 324589 704157 240019 627499 284772 670825 535425 155688 304752 896771 761248 683520 508789 924129 447378 705855 482477 759244 811036 522669 1061268 274504 67221 577605 646824 659418 805039 447334
394292 546626 327021 213201 441826 285175 253841 521994 344521 194309 238984 699614 163391 260631 134670 381859 127272 260213 351869 450184 237113 379449 41765 209309 449450 27959 540348 397687 341578 97885 371268 570305 499072 542998 623896 503256 431446 615299 272479 117425 667402 461003 412660 604168 492023 581121 551306 999999999 115494 225181 516928 464129 187704 282631 328601 254620 77389 295453 538696 116947 172423 376589 242348 204366 508817 501450 367451 465488 141334 263066 527297 200333 232299 578206 498173 355466 301173 227336 294851 618951 379106 466642 532925 174184 90237 513683 354747 407441 152426 331896 639823 375357 537886 363160 560970 377384 147524 385262 476193 348802
409630 432219 404960 308513 381796 382446 350729 634043 268177 284586 166329 592404 278213 192925 156458 314375 242549 250051 465126 339036 196092 474574 151736 307485 539771 137565 641166 442713 456923 213357 302770 507083 608703 652984 671080 423063 455927 501818 316858 160040 707634 576480 490151 489617 563863 619458 516201 115494 999999999 314020 517305 482611 260086 339679 285078 270468 191585 360450 527790 232430 153765 474075 298781 100455 528841 446124 306168 370026 249107 195276 523803 250235 233244 465172 417424 460001 238379 168238 388229 556590 412143 414854 428694 285341 182160 455244 425221 517529 235360 272151 531954 460679 545220 285655 539332 472520 261777 280660 590099 237289
273472 699637 106100 25844 458283 74305 332994 354573 568562 30875 335312 904124 191604 485280 183695 606991 180498 475109 212748 590424 285579 432977 223930 37675 507215 197421 330313 219374 268482 178748 596336 575011 318429 362340 759061 727184 608832 803481 136259 164315 811090 349788 509276 786555 591681 731947 500348 225181 314020 999999999 712491 323495 67061 111366 341506 455432 167544 101186 742199 169225 395300 162237 97669 360653 686192 725455 592578 682920 236663 487725 418408 113573 213293 768721 550160 161700 357987 452389 74948 616742 227211 690167 742327 229058 136224 738140 140650 235322 78747 557031 843348 150186 726548 430548 482340 159105 197034 594514 328502 499161
909617 757326 818221 691365 888795 745496 433159 859875 353145 684427 677314 661092 537093 362167 645614 312126 535311 267424 714753 727911 713376 444470 498435 682286 437575 538085 951484 911692 633655 533743 318456 1006770 864209 897822 273263 371569 124823 686770 788579 633060 270208 735118 351857 702636 342551 203740 1032490 516928 517305 712491 999999999 980460 696385 794405 801650 262443 547996 801865 53852 544338 364434 821607 755860 591950 88479 250001 294380 446495 481911 361005 1036157 716673 739366 654534 898186 777718 749872 366108 763042 1055583 895876 234389 533657 503814 598154 265934 852823 786613 657250 304352 628210 850315 40270 781958 1056510 829297 525079 482162 797789 653857
73022 687064 261069 349197 311947 352532 650075 583486 743559 337749 373009 974933 507512 674542 336047 793126 486869 718073 503401 579170 308988 755891 487771 361041 830384 445099 474188 119313 581728 473368 781346 370963 535633 568668 1069208 888309 893883 843592 200540 347407 1118014 635008 827525 816300 910434 1034804 241622 464129 482611 323495 980460 999999999 302191 212726 265930 718570 449281 224987 999505 472021 622731 369864 239889 455074 971679 927364 787294 814015 541382 676823 108647 268267 249473 817886 419552 413986 329143 650826 332779 394154 96311 897012 841330 543938 390469 935429 226600 488819 340924 754057 916413 297404 1002012 371069 193395 354823 508514 711145 586586 529140
241865 633412 144943 78982 397358 141089 348959 421466 522509 52470 268382 844945 207241 441079 118877 564005 184718 446815 275179 523819 218872 459958 198232 87082 534889 162110 393554 215996 319929 172053 552943 517308 385479 429354 767319 680175 600269 740821 101874 102851 816789 410721 526268 723007 609223 734562 452852 187704 260086 67061 696385 302191 999999999 98195 278813 434948 150588 107785 721939 169837 359997 226101 62589 297363 678235 687653 551475 630067 239296 443532 386535 51195 149663 706610 486148 228746 291778 409827 138993 560625 208244 653325 685386 242782 99166 699282 168232 301998 39764 516003 784058 201476 713848 364440 441922 221145 206818 538391 393912 433533
162954 668903 93292 136822 376880 155210 438864 426262 607081 125458 303731 907039 296197 528078 184552 651105 278338 542770 309499 556865 241219 543165 296038 148629 617669 258331 362598 117869 376538 268660 639764 484234 383415 424228 861637 762742 698315 793589 40479 180529 912071 446441 616146 772612 698931 830725 396553 282631 339679 111366 794405 212726 98195 999999999 269653 532698 248554 30882 819398 264440 453631 209161 41259 355397 776264 778102 640171 705495 334104 530514 307314 89450 157065 761484 477411 235067 303677 498477 139938 522679 116465 744513 753363 333115 196461 788965 93161 314023 137790 604972 846233 155678 812037 372539 373743 198222 298552 609238 412618 476617
204500 426038 362825 357562 120309 409642 574877 690686 512311 331205 128685 709267 451198 457134 205804 564600 417332 534866 553581 315774 92475 698459 367266 365885 771363 324865 631362 298222 595051 391223 552931 246413 650076 692013 947390 643688 739409 577840 229190 232465 987391 689529 740673 550985 820555 899673 231123 328601 285078 341506 801650 265930 278813 269653 999999999 553994 360440 300442 809515 401185 438843 477617 252537 218634 813348 700826 563935 561172 456646 459082 262660 228484 129200 551959 209459 496460 65762 441903 400064 293510 248081 674699 579899 478202 303307 706008 354583 573911 295890 534390 651067 424443 830185 110553 258589 467431 442651 457630 669439 264121
648192 611399 561532 435917 651901 495781 236290 655670 240161 426319 436479 635865 294813 185286 385007 240724 284732 58795 493686 549832 462839 315977 236718 427764 354682 275680 722657 649665 431450 277920 236301 776002 649737 688515 405460 365819 185531 603880 526158 371244 438544 549375 278089 607129 331952 350293 784668 254620 270468 455432 262443 718570 434948 532698 553994 999999999 288620 541323 287337 291074 120556 578260 493776 359678 259764 307366 216505 381890 237058 185957 777556 454231 480393 566087 679220 540169 508796 164754 511632 825492 633440 270795 472401 267655 336252 324093 594594 563803 396188 192262 584996 598505 283691 552118 803252 584005 279858 356530 596961 457857
