NAME : synthetic_000840
TYPE : CTSP-D
DIMENSION : 100
GROUPS : 8
RELAXATION_LEVEL : 1
EDGE_WEIGHT_TYPE : EXPLICIT
EDGE_WEIGHT_FORMAT : FULL_MATRIX
EDGE_WEIGHT_SECTION
999999999 1018033 688770 684643 922536 773821 504861 426945 335966 571642 327896 670362 220799 288091 435767 356847 343437 503443 124666 864823 890190 745221 986589 679346 330171 611286 977628 827253 505629 482347 801493 948915 529453 299490 575771 303477 251616 440331 116206 682207 170105 679669 199983 856008 374272 536471 281624 761547 263157 803191 478188 638673 583167 723658 484554 320188 850222 926346 281196 644761 225142 894258 672439 423265 532061 922184 668152 1085528 781484 588758 891691 633580 659151 919994 614543 532578 221196 510092 237394 584293 843790 695920 555409 404250 209903 870718 701166 1024869 508021 339200 750716 399661 527118 704848 251982 449608 566969 922973 592461 210257
1018033 999999999 941386 514999 359713 641771 946381 851152 776547 844154 744675 403947 1029212 1187840 878796 672317 860079 1024058 900435 858908 513155 759586 40957 411990 806704 641355 904979 834206 684131 759250 379923 168354 764437 719031 449264 761776 1095406 774116 901887 508810 906503 726309 856624 667484 855401 906253 853890 282030 840175 256935 551639 406710 437260 323664 1015527 704021 866127 763391 786820 376667 1120511 618543 411753 1054125 831448 217604 370063 83100 263554 457828 132714 386092 558954 468387 556789 869122 958677 812105 786024 451038 368706 334969 473230 845290 869259 911437 377708 80036 1073800 789244 378243 698329 716315 473427 873113 870668 545730 97699 458793 1177503
688770 941386 999999999 428521 628576 321126 188043 273067 416236 143251 462975 566581 493443 580472 256366 689775 355421 227353 682105 221735 491738 201619 900451 549289 842702 998517 320242 200571 328525 959246 563855 785827 1006594 602373 726453 757647 513392 929481 648822 435479 760982 215468 737890 348483 325003 152643 425076 682964 799575 691964 713552 595229 643974 648137 239191 668754 202881 341020 480699 738111 563563 414533 553897 322349 1050163 736470 797121 962165 696002 784821 877397 673000 985034 545717 935991 164663 852514 213919 664919 759708 584211 792385 595447 298133 767342 201944 870312 894028 263019 401135 564703 422087 971323 469560 818673 1001889 867955 886935 794395 655274
684643 514999 428521 999999999 254774 174969 442013 368244 358205 331273 356813 152782 603390 754802 390863 463940 406964 521297 603632 394213 209755 265297 474061 130572 649449 687929 478035 359494 204494 707879 150102 367548 744374 430235 373976 566165 661502 693460 585633 8439 653941 216501 609458 247470 390632 397128 432029 257029 639151 263448 413755 198147 279605 226073 515675 467983 394590 354508 403976 354693 699409 248903 138201 567935 804555 321042 413556 543221 268614 434496 450108 285862 646925 235364 605762 360685 739492 309448 518303 407569 184237 397473 246478 370873 635480 439368 487475 473960 572111 361946 136812 285739 697747 41603 670112 789269 544599 458508 443914 777109
922536 359713 628576 254774 999999999 309027 683875 621297 607674 564031 598867 266634 857139 1009448 642402 649130 661596 762970 829067 509419 155795 431063 323209 250667 828134 783978 546561 489599 459268 847617 121516 191849 873284 644077 481779 754442 916015 844359 816251 253826 867162 418279 818972 315281 645362 634794 683654 248606 833727 211926 561432 314858 404212 258724 759651 664664 518931 405225 646607 426102 953218 260922 259607 817783 939658 145427 468231 352558 240156 529772 363860 375787 720554 108675 692959 600350 944738 556075 730278 507057 79016 435923 401398 625118 841559 563023 526962 291564 813806 613190 177284 531212 822974 223436 866908 945677 647528 351317 536923 1029174
773821 641771 321126 174969 309027 999999999 407087 383202 438237 281633 456343 325734 645983 781072 394455 613255 449807 482388 714117 225227 172536 122053 601526 302363 796218 859541 303133 194966 269298 869619 263633 478303 908748 561265 547716 709887 693246 851667 690034 183341 775836 124060 736224 84981 424239 354015 497088 415983 776548 410818 579685 372999 453479 391517 483327 610242 228804 183190 498244 529510 738034 123994 310977 553697 966397 428000 588135 652168 423465 608541 600384 460755 821085 225592 779061 325174 866083 300160 646479 581572 274043 570824 417272 396683 764315 274521 661794 586001 531591 434713 284703 385551 863675 203210 805074 943732 716667 602353 618034 824681
504861 946381 188043 442013 683875 407087 999999999 124531 273911 125465 326122 545434 305402 400716 95953 559688 189640 79386 510544 393562 574832 316579 906024 534870 691276 881972 500685 363043 266066 821004 591724 808297 870339 463614 647398 610613 327664 787293 475936 446335 591630 283091 574647 464748 163840 53669 258007 668713 641198 689456 610241 557584 580104 628805 76603 532060 375955 492246 329573 676693 377615 524609 536012 150216 906666 762763 731562 982444 685408 699817 859768 619843 882274 624127 831463 83777 680924 134327 511609 677636 622635 735566 530077 146246 603372 384719 799937 913044 130301 256092 573362 310090 840659 482319 656346 849690 763699 876456 708778 469479
426945 851152 273067 368244 621297 383202 124531 999999999 151175 144811 202661 447209 264613 398997 30441 436274 84293 185780 409459 438303 535092 326336 811609 440289 574829 757674 550931 401382 168980 700025 516883 723801 748938 341563 526737 491978 310080 667414 376644 370667 487945 269287 465319 456329 53189 125070 152678 569838 528500 595446 486125 451683 464200 528710 172369 409829 423410 509963 211106 560171 355036 507031 439706 203497 787462 681304 613374 893913 587766 577677 756051 506700 757854 578706 707009 109075 579634 87108 395504 556150 552470 619726 414633 25109 494679 444148 680115 824900 230501 133964 488842 187027 717995 405042 546434 733964 639300 775435 586491 442840
335966 776547 416236 358205 607674 438237 273911 151175 999999999 276560 52648 383063 256224 414248 178025 285793 98508 323833 283903 551078 557949 420378 739321 384243 426582 609007 663345 511482 169668 548937 490455 671273 597779 190390 401364 342265 320607 516704 255874 357141 355711 350825 326043 521118 113239 274823 78629 496886 384255 530835 345975 370101 355840 455299 307155 258666 538895 596729 66757 446696 351094 558292 380185 307550 636981 635392 493979 830162 516468 446064 667344 404153 613743 591444 562636 252604 448479 205523 248868 427293 531163 506644 310255 127830 355664 566961 554900 763323 360750 18298 447954 79870 566986 384543 405168 585824 495768 691620 454198 422147
571642 844154 143251 331273 564031 281633 125465 144811 276560 999999999 321379 451730 398040 514108 138717 546590 228947 201666 550919 294761 450079 195962 803357 437695 701792 856034 406935 259026 190957 816243 478458 698667 863455 460094 590385 616091 433143 786853 519014 336668 627616 157626 601426 340794 197860 72563 295923 573087 660815 588681 572161 472908 511936 535238 201743 526022 279322 377051 342356 607703 481495 399604 440540 273617 907547 651528 665665 874493 588223 647495 767210 545107 844494 500045 795036 46412 720003 71457 525294 623016 506529 664031 462417 168357 631022 299355 737649 805229 251766 262600 466691 278843 828072 372663 681332 860768 726885 780606 656960 572330
327896 744675 462975 356813 598867 456343 326122 202661 52648 321379 999999999 360310 284613 443179 230173 233654 149596 376379 257828 586170 562692 451280 708483 364606 380486 556407 697419 546093 188422 498597 479126 647908 547076 140008 354618 294760 351145 467273 234212 354528 323183 379753 288789 540695 165856 324983 113280 468316 342178 504822 294754 340818 316124 427271 359588 207733 575020 622575 47741 403794 376297 572721 359324 357155 587819 614756 448627 801684 488211 396982 631336 365881 561371 592130 510248 300885 415331 249922 206009 379186 520867 463368 273232 179889 318170 605376 507354 736020 412737 70901 432300 72347 515398 378317 365360 539392 443543 657130 404874 439766
670362 403947 566581 152782 266634 325734 545434 447209 383063 451730 360310 999999999 639240 797272 474967 382563 459555 622024 569156 546958 307136 416826 364520 24272 562880 553711 628494 512230 280845 594452 149410 288305 625362 381681 237707 487925 703504 586704 559595 144381 602451 362579 553697 391315 452792 508505 461675 123338 567095 149525 301132 54358 147371 83698 612738 398337 547345 500060 406594 205814 733636 378500 14764 650229 689353 254591 263232 449878 140662 295221 315718 138572 504883 307069 467289 471323 678461 411894 466188 269052 189870 245126 135302 441601 575625 592037 336344 381885 671236 393548 90179 303225 576380 123444 600278 686800 410866 331053 304090 800049
220799 1029212 493443 603390 857139 645983 305402 264613 256224 398040 284613 639240 999999999 158685 260616 445922 199004 288923 280066 690648 789858 589227 992805 640353 500168 755498 801049 656415 400628 650795 742776 927488 700868 352865 625998 442430 67286 610464 246678 603634 357718 533900 363487 720737 222028 346878 177595 751602 436196 786570 547353 624265 599005 710223 270812 407642 674146 772689 244643 682503 96081 769976 636395 203404 717709 891440 722025 1085130 771355 658651 915417 649414 784538 829386 734939 353405 431549 351271 344454 645508 782439 740898 557559 249334 385866 687524 773144 1018774 288456 246894 702873 336094 686474 633940 437827 643135 675245 941622 665108 178699
288091 1187840 580472 754802 1009448 781072 400716 398997 414248 514108 443179 797272 158685 999999999 386746 588498 347853 354599 389759 793995 933470 710006 1151482 797806 611045 882909 899402 763732 550485 764235 897127 1085371 812758 501188 779875 567641 94042 722519 362657 755627 454593 662837 474573 850593 365647 451051 335705 910235 544137 944972 696818 782928 756659 868825 341394 549549 776169 890423 402286 838502 72826 904369 794103 258409 819248 1048661 876035 1243754 929970 809251 1073440 807277 920230 975641 872095 467707 508023 481039 477739 797681 936049 896307 715853 389154 490861 781896 924212 1177294 330719 404037 859056 494050 805549 787107 537443 737607 815970 1099949 815190 103133
435767 878796 256366 390863 642402 394455 95953 30441 178025 138717 230173 474967 260616 386746 999999999 463765 99735 155352 426320 433364 550928 328824 839094 467378 598326 786102 545258 397726 195215 725896 540285 749452 775065 368004 557166 516503 300640 692665 392711 393709 505993 276624 485578 464462 70629 104627 169661 597873 550269 622677 515905 480709 494455 556901 142130 436417 417682 512137 235190 590492 347408 517626 467109 177712 812389 706330 643786 920437 615613 608000 784968 536711 787303 595973 736402 96945 596939 94310 418680 586536 574998 650009 444832 50294 514722 435568 710555 851308 200426 160299 514121 217314 744929 428584 567046 757209 668790 803961 616795 437000
356847 672317 689775 463940 649130 613255 559688 436274 285793 546590 233654 382563 445922 588498 463765 999999999 377649 606810 233441 784674 668300 643250 644130 400040 185532 325161 890856 744321 378897 270381 531049 627437 316918 99791 223494 105413 510367 244267 243179 457914 235123 570491 184904 696805 397897 557505 322129 440608 184886 485450 122444 335736 255734 409325 589253 38995 776452 794091 236819 295651 515679 710814 390482 575289 364036 610495 312512 744844 459270 231917 542374 300456 341007 680655 290529 531367 299460 476029 119537 228249 572249 342239 247932 413504 200708 812053 344943 689096 639601 303725 472503 268379 282435 464886 218389 331033 229339 575368 235770 545616
343437 860079 355421 406964 661596 449807 189640 84293 98508 228947 149596 459555 199004 347853 99735 377649 999999999 229178 326764 521387 590861 404823 821801 457017 501695 702577 634196 483927 202824 633424 550013 744930 683137 279051 499040 421722 254600 598856 293406 407780 406264 343232 386268 527175 31109 204328 69926 578379 451842 609020 444194 453955 449258 536641 211633 347225 506830 587811 142216 542020 294142 573595 454520 209371 717739 705775 590795 909405 597413 544485 755822 496078 710490 630582 659346 192763 497318 167002 322079 525471 588486 602071 402001 60832 415305 528297 652794 841407 263422 80754 514300 164985 655413 439482 467847 660050 592918 778406 552658 376819
503443 1024058 227353 521297 762970 482388 79386 185780 323833 201666 376379 622024 288923 354599 155352 606810 229178 999999999 528219 446087 651718 385433 983824 612201 723698 931618 547558 419645 341505 860352 671070 887277 910376 508167 712303 647158 294862 824643 492824 525549 610243 358404 599474 535920 210649 129219 290239 745361 669089 767137 667974 631971 649476 705091 19311 576221 427630 554586 371002 745662 344719 597470 613004 96420 942163 841926 799131 1061125 762362 762491 935275 691028 937474 701662 886391 162620 695857 212808 545685 741384 702015 805076 599723 202196 627063 429295 865812 991736 50922 305537 652148 371953 883949 561501 680720 879899 819326 952771 771182 435101
124666 900435 682105 603632 829067 714117 510544 409459 283903 550919 257828 569156 280066 389759 426320 233441 326764 528219 999999999 834157 812869 704235 870222 580770 222732 494605 946714 794822 446005 375517 707561 839906 424768 188394 454725 181567 331228 334184 35475 600038 82031 634220 85251 798521 357108 530935 257029 651596 157006 694564 355528 532595 469486 615393 508919 197930 821448 879115 218557 525073 319567 829486 572961 463947 437969 816304 545719 970022 671281 465073 772441 518855 537912 837452 492194 518525 170676 482665 114931 461567 750062 574522 446457 384586 105805 847599 576909 911092 544364 293422 653674 328857 415808 618491 158108 363332 442945 804472 468525 326780
864823 858908 221735 394213 509419 225227 393562 438303 551078 294761 586170 546958 690648 793995 433364 784674 521387 446087 834157 999999999 354824 142312 819409 524341 958226 1060523 112949 40420 407325 1051930 485853 692245 1094932 714214 757100 870635 720139 1028725 804294 402634 906684 214381 874805 194203 490609 345510 585424 641190 926858 635425 774136 590946 664424 616024 455868 773292 18993 133608 617612 746925 769686 254076 532324 538480 1147511 642069 806386 861331 648635 818251 824646 677976 1029762 407433 985088 337660 999422 355085 791140 791396 490554 791575 623130 460587 904262 53846 880681 797912 484344 540748 509907 525786 1053166 426573 951273 1113458 920017 825264 827921 861394
890190 513155 491738 209755 155795 172536 574832 535092 557949 450079 562692 307136 789858 933470 550928 668300 590861 651718 812869 354824 999999999 290303 475385 283933 853515 859705 391830 337240 392170 899355 176450 344807 931787 639711 544518 772107 842640 889033 794022 214131 863660 294255 818945 160756 569146 522621 627025 347683 846753 324753 604167 361493 454216 339864 651417 675116 365171 250254 609003 504569 884587 105464 294402 718191 994994 295980 556558 508320 347063 600707 501686 442009 806593 54459 771838 491595 948810 458282 727823 575070 159048 530128 434101 544407 844713 408601 624250 447046 701554 558937 227855 490599 883137 203430 878203 987455 717445 494617 609237 967329
745221 759586 201619 265297 431063 122053 316579 326336 420378 195962 451280 416826 589227 710006 328824 643250 404823 385433 704235 142312 290303 999999999 719023 395503 818516 918845 248256 102587 267851 909877 379765 598105 952701 575280 617855 730917 627938 887077 675990 273474 773976 72944 739864 151707 375415 263169 463609 520366 789344 520862 632093 457166 526178 491172 389744 632910 136828 183646 485943 611628 675650 216026 402545 466755 1005598 547953 671415 772897 530207 678911 710325 542949 889647 344447 844371 242373 866414 239306 654320 652179 393979 658922 483427 345534 769105 178527 745916 706148 431933 411975 392485 387792 910856 302010 814772 972796 778860 715022 688611 765735
986589 40957 900451 474061 323209 601526 906024 811609 739321 803357 708483 364520 992805 1151482 839094 644130 821801 983824 870222 819409 475385 719023 999999999 371975 784048 631132 867049 794319 644257 743449 339288 131368 751176 687200 422224 735946 1058774 756361 870592 467890 878957 685402 828884 628531 816615 865654 816955 243425 815103 216724 524661 369229 404203 285160 975432 674819 826410 725462 751204 349030 1084635 580614 371986 1014740 818705 179408 347796 101067 224568 435231 114769 353297 550232 431772 544416 828539 933723 771723 756245 426486 328941 311549 438308 806079 842475 871789 362806 64720 1033648 751726 337321 660749 702286 432486 848312 854284 528658 79205 436936 1142948
679346 411990 549289 130572 250667 302363 534870 440289 384243 437695 364606 24272 640353 797806 467378 400040 457017 612201 580770 524341 283933 395503 371975 999999999 581737 577613 604886 489988 272339 616551 131040 288092 648058 394309 261464 505451 703854 608064 569919 122252 616647 342960 568332 367204 448658 496369 462818 135394 584040 155335 322438 77910 170283 98848 603539 414223 525054 475982 411525 230010 735323 354271 10471 643722 711728 251164 287233 454067 150920 319280 329802 162843 529128 285566 491398 459157 694193 400801 479909 293035 172629 268501 154540 435989 590913 569910 360143 385386 661839 393772 73448 304445 599257 99590 617015 707807 434651 343097 328187 803699
330171 806704 842702 649449 828134 796218 691276 574829 426582 701792 380486 562880 500168 611045 598326 185532 501695 723698 222732 958226 853515 818516 784048 581737 999999999 285007 1066772 917814 550982 153190 712209 787465 202064 244506 368414 87607 553701 111549 253995 643444 160450 745584 137547 880314 528078 699838 434846 606217 67166 651479 271574 513278 426270 579638 704802 186474 948696 975586 363727 440590 541793 895943 571867 671676 219890 776663 436713 884815 623448 348991 673998 464145 343832 864662 306411 679142 162283 630345 179700 358323 752634 472519 427596 550124 120653 981820 440828 835874 747260 442244 653053 433134 197059 650087 84240 159256 277690 709200 347933 540367
611286 641355 998517 687929 783978 859541 881972 757674 609007 856034 556407 553711 755498 882909 786102 325161 702577 931618 494605 1060523 859705 918845 631132 577613 285007 999999999 1157738 1021360 673369 152075 689756 679958 132965 424700 316305 315397 815652 187927 520256 680004 443867 849246 411997 935395 721924 875556 646890 535715 349962 575705 287880 499749 409716 527865 914209 358197 1055622 1041807 561965 358890 811351 930573 567278 899478 194528 687564 317120 724392 546219 259010 516783 417830 84707 852769 91583 846730 438764 787915 411076 284738 721953 352089 442294 735844 402119 1095710 272502 692811 964759 627174 633202 579211 98051 671172 368890 255165 143463 551960 250597 820112
977628 904979 320242 478035 546561 303133 500685 550931 663345 406935 697419 628494 801049 899402 545258 890856 634196 547558 946714 112949 391830 248256 867049 604886 1066772 1157738 999999999 151893 516011 1156114 546567 736636 1198027 823430 849131 979173 828262 1134272 917031 486427 1018748 321190 986199 244320 603371 454628 698372 711357 1037083 699584 873541 676127 755248 690744 558890 881105 127613 141594 729755 832644 878095 286452 613731 642016 1252204 687660 891224 897479 716285 910178 885598 763876 1122620 438724 1079520 449019 1111441 468018 901703 883206 543221 873345 716820 573378 1015587 118535 964768 838085 582130 653294 579696 635567 1155089 505356 1062043 1220846 1015817 882171 919746 969936
827253 834206 200571 359494 489599 194966 363043 401382 511482 259026 546093 512230 656415 763732 397726 744321 483927 419645 794822 40420 337240 102587 794319 489988 917814 1021360 151893 999999999 366906 1011726 458097 668712 1054845 673825 719192 830222 687907 988401 765196 367871 866967 174176 834793 177344 453307 313388 547195 609565 886581 605701 734679 555051 626912 583096 428259 732873 35191 141206 577932 710595 737158 241300 497686 510139 1107251 618389 770205 839873 617763 780313 795323 641706 991486 390980 946501 303012 959682 317186 750914 753508 465508 756229 584983 423222 864229 80112 844606 775340 460150 501404 478983 485430 1013235 393255 911096 1073043 881180 797200 789998 828665
505629 684131 328525 204494 459268 269298 266066 168980 169668 190957 188422 280845 400628 550485 195215 378897 202824 341505 446005 407325 392170 267851 644257 272339 550982 673369 516011 366906 999999999 648301 350231 554822 693081 307432 399480 463378 457413 623143 421038 205742 510951 195070 474328 353021 186271 234196 234954 404122 521746 427673 386483 291625 321863 363650 331911 366035 398244 434515 229029 418132 496377 388636 272396 372329 742831 512525 475486 725245 421434 456942 593904 357444 656782 429345 608059 197991 602588 135577 387281 432245 387404 475424 272059 168000 503259 433173 546999 656147 390449 168064 319995 120669 653958 238656 547716 706253 540194 611298 466456 576471
482347 759250 959246 707879 847617 869619 821004 700025 548937 816243 498597 594452 650795 764235 725896 270381 633424 860352 375517 1051930 899355 909877 743449 616551 153190 152075 1156114 1011726 648301 999999999 740903 772311 50468 358692 366009 214039 705850 42026 405886 700767 312243 837558 290269 950813 657261 823495 570144 606909 220210 650639 295455 540690 447590 589417 841881 290983 1044443 1052489 491645 427940 694874 956591 606122 815049 96813 771345 403448 841151 621062 323837 629035 471838 228984 901435 208859 799127 292287 745332 316429 343174 777861 440953 465636 676196 273651 1081015 381543 801612 887518 566076 681727 538649 54031 699735 231465 111855 215327 664908 318645 692592
801493 379923 563855 150102 121516 263633 591724 516883 490455 478458 479126 149410 742776 897127 540285 531049 550013 671070 707561 485853 176450 379765 339288 131040 712209 689756 546567 458097 350231 740903 999999999 222241 769779 522837 378239 636462 803272 734723 694791 146660 746321 348391 698395 302368 536092 545943 567481 171612 715072 153293 449577 201137 293560 164397 665686 545060 491229 407745 526823 331764 838772 268727 140582 717657 834852 173661 381624 398775 172532 431344 339791 272927 633163 163017 600462 509837 824870 459519 609320 406708 42502 354144 284619 518071 721391 536920 448181 330281 721929 497036 59515 412773 720117 111845 748022 835267 549210 339415 439395 912582
948915 168354 785827 367548 191849 478303 808297 723801 671273 698667 647908 288305 927488 1085371 749452 627437 744930 887277 839906 692245 344807 598105 131368 288092 787465 679958 736636 668712 554822 772311 222241 999999999 788207 651987 419341 727449 991514 778302 835003 362559 860720 570429 810523 499923 735664 764508 749900 188389 808337 145725 517116 310889 372800 225257 880604 652724 700041 595052 693590 348766 1021941 450212 291329 927006 856295 50352 369396 176540 168918 449712 191493 327084 605515 300447 589096 727884 925763 674544 729776 433789 204284 332139 393884 721486 828079 745118 408118 108268 937864 681416 235556 591409 737774 326468 842144 879368 558780 169859 454124 1087589
529453 764437 1006594 744374 873284 908748 870339 748938 597779 863455 547076 625362 700868 812758 775065 316918 683137 910376 424768 1094932 931787 952701 751176 648058 202064 132965 1198027 1054845 693081 50468 769779 788207 999999999 407401 392090 264435 755496 90614 455568 737051 359485 880696 339538 989016 706689 872058 620218 629240 268657 672027 330625 571175 477996 614561 891948 339343 1087873 1091874 541200 449363 743796 992460 637590 865488 68112 790297 418989 847057 642320 344701 636409 498178 216560 931512 207821 847203 332822 792753 366837 366346 805549 456095 499812 725247 321900 1125072 388463 811037 937805 615050 711059 585248 50666 734212 277671 123842 229779 672108 338417 739528
299490 719031 602373 430235 644077 561265 463614 341563 190390 460094 140008 381681 352865 501188 368004 99791 279051 508167 188394 714214 639711 575280 687200 394309 244506 424700 823430 673825 307432 358692 522837 651987 407401 999999999 283314 157262 418766 327329 183863 425591 224786 502455 179237 646151 300589 464803 222347 463850 215671 506477 195630 344210 283716 427186 490404 68458 704422 737049 137410 348650 428803 668444 386135 475513 447936 627920 378733 786039 483639 308193 594048 334094 439692 659659 388902 440853 309309 388737 88128 297818 565246 402862 258234 318013 205471 737317 423212 725571 540154 207773 467592 188675 377109 439935 243820 402054 325748 624606 314015 468583
575771 449264 726453 373976 481779 547716 647398 526737 401364 590385 354618 237707 625998 779875 557166 223494 499040 712303 454725 757100 544518 617855 422224 261464 368414 316305 849131 719192 399480 366009 378239 419341 392090 283314 999999999 314012 693169 365092 459954 365856 457240 552088 407377 621084 507400 626834 466944 242760 393809 287446 102463 183556 94372 223409 697948 256874 754121 728484 384670 73364 708394 614369 251091 708390 458008 411192 96160 523230 258387 61161 318888 106124 273499 540690 231872 592838 512361 530212 339794 34324 413483 120208 134601 510560 420288 796355 153948 470147 754823 418501 320068 340624 342127 355208 427305 466846 173188 352060 70821 751845
303477 761776 757647 566165 754442 709887 610613 491978 342265 616091 294760 487925 442430 567641 516503 105413 421722 647158 181567 870635 772107 730917 735946 505451 87607 315397 979173 830222 463378 214039 636462 727449 264435 157262 314012 999999999 501018 177485 205121 560437 150821 657987 105914 794206 446842 616662 356967 542182 80956 587294 212055 440644 358316 512410 628554 99645 861149 888659 281314 387375 495966 811314 495895 601098 296063 712634 394090 837003 560383 307706 629957 400668 356367 785523 311098 594761 198702 544638 102406 311050 677648 427375 353115 467561 109756 894435 412215 784002 673588 358495 577899 345725 244624 568857 114779 244937 265200 664152 308957 508335
251616 1095406 513392 661502 916015 693246 327664 310080 320607 433143 351145 703504 67286 94042 300640 510367 254600 294862 331228 720139 842640 627938 1058774 703854 553701 815652 828262 687907 457413 705850 803272 991514 755496 418766 693169 501018 999999999 664887 299964 662194 404602 577201 416184 764992 273695 374702 242204 817076 488227 851437 613736 689903 666065 775592 278829 471801 702882 810157 311809 749786 50199 816994 700214 200403 768566 954659 789221 1150534 836756 725323 982283 716388 847375 883939 798169 387122 470880 394325 405486 712453 842327 808181 624297 298422 436338 712322 839935 1083877 282621 310114 765017 400325 743640 693439 486593 691053 739467 1008274 731680 141919
440331 774116 929481 693460 844359 851667 787293 667414 516704 786853 467273 586704 610464 722519 692665 244267 598856 824643 334184 1028725 889033 887077 756361 608064 111549 187927 1134272 988401 623143 42026 734723 778302 90614 327329 365092 177485 664887 999999999 364972 686617 270225 814430 248944 933852 623452 791526 534449 607706 178400 652120 285631 533676 441311 587595 806030 260854 1020655 1033958 457722 430839 653342 942352 597720 777245 120694 774623 411900 855232 622797 328607 642659 469579 259809 893603 233512 768157 252195 715651 279361 345447 772780 449371 455033 643293 231792 1056311 397290 812979 850731 533504 675277 510822 91772 687663 189503 101759 228446 678519 324513 650571
116206 901887 648822 585633 816251 690034 475936 376644 255874 519014 234212 559595 246678 362657 392711 243179 293406 492824 35475 804294 794022 675990 870592 569919 253995 520256 917031 765196 421038 405886 694791 835003 455568 183863 459954 205121 299964 364972 999999999 582439 117475 606699 116843 774042 323990 497258 223981 647167 189518 689328 363328 525646 467541 609863 473521 205586 791260 852422 192153 528628 291345 806933 562536 428597 471043 809536 552892 969701 667031 474778 775496 517768 559890 820410 513003 485702 204989 451482 123954 469317 737262 580150 441141 351911 139800 816584 588122 909430 508902 264173 642219 306234 444401 602479 192753 397678 460911 806770 478876 306017
682207 508810 435479 8439 253826 183341 446335 370667 357141 336668 354528 144381 603634 755627 393709 457914 407780 525549 600038 402634 214131 273474 467890 122252 643444 680004 486427 367871 205742 700767 146660 362559 737051 425591 365856 560437 662194 686617 582439 999999999 649573 224017 604827 255434 392006 401952 431527 249373 633791 256526 406426 189735 271485 218055 519667 462472 402975 362636 401840 346281 699690 255862 129815 571009 797411 316456 405127 537948 261197 426327 442725 277459 638726 238084 597671 365377 734752 313367 513697 399408 181974 389038 238780 372745 630688 447729 479039 468636 576315 361299 130570 283825 690312 36092 664888 782662 536647 451462 435732 776825
170105 906503 760982 653941 867162 775836 591630 487945 355711 627616 323183 602451 357718 454593 505993 235123 406264 610243 82031 906684 863660 773976 878957 616647 160450 443867 1018748 866967 510951 312243 746321 860720 359485 224786 457240 150821 404602 270225 117475 649573 999999999 702814 50291 860719 436182 610590 336343 672885 93975 717210 354900 560826 487947 639491 590944 208052 894604 945459 289080 530073 387381 887745 608031 545382 365192 841390 541895 979775 691976 456686 775692 534501 496780 884403 454877 596815 92771 558301 137125 457971 788590 573909 472705 462919 42805 922265 562864 924208 626192 366999 690094 391106 357506 664663 82873 286464 414153 809226 458488 380351
679669 726309 215468 216501 418279 124060 283091 269287 350825 157626 379753 362579 533900 662837 276624 570491 343232 358404 634220 214381 294255 72944 685402 342960 745584 849246 321190 174176 195070 837558 348391 570429 880696 502455 552088 657987 577201 814430 606699 224017 702814 999999999 667980 187846 315142 229958 398386 473363 716742 479107 561882 398540 461965 440984 359276 559969 207329 246769 415680 550344 623461 243189 348897 430368 933134 521188 610217 746835 485110 612882 666579 482312 822348 345638 776320 201678 795078 183061 581935 586362 369589 600059 417494 285972 697137 246464 684667 678602 407785 343443 350973 315278 839265 256554 742405 899882 710220 674317 622600 712007
199983 856624 737890 609458 818972 736224 574647 465319 326043 601426 288789 553697 363487 474573 485578 184904 386268 599474 85251 874805 818945 739864 828884 568332 137547 411997 986199 834793 474328 290269 698395 810523 339538 179237 407377 105914 416184 248944 116843 604827 50291 667980 999999999 821202 415047 589599 316825 622761 72774 667145 305146 511400 437778 589569 580296 157970 863385 908407 259456 480088 404710 846105 559580 541040 354334 791446 492875 929665 641815 408247 726013 484226 459418 838399 415531 573235 130394 531020 91167 408783 740566 524504 423182 440213 29624 892652 515804 873958 619269 338959 641770 353743 331077 618782 81707 282840 371102 759422 410358 408115
856008 667484 348483 247470 315281 84981 464748 456329 521118 340794 540695 391315 720737 850593 464462 696805 527175 535920 798521 194203 160756 151707 628531 367204 880314 935395 244320 177344 353021 950813 302368 499923 989016 646151 621084 794206 764992 933852 774042 255434 860719 187846 821202 999999999 500318 411079 577525 467568 861340 455278 658966 441798 526746 448511 539306 694570 204443 108872 582042 597075 811045 66371 376663 614239 1047626 450019 654391 667474 472093 681304 641808 529162 893409 213945 852951 386517 951041 370711 731454 654445 301163 634156 493624 471811 849296 247916 726876 604668 583091 516831 336253 470204 943242 268145 889969 1026810 792068 639420 690634 899154
374272 855401 325003 390632 645362 424239 163840 53189 113239 197860 165856 452792 222028 365647 70629 397897 31109 210649 357108 490609 569146 375415 816615 448658 528078 721924 603371 453307 186271 657261 536092 735664 706689 300589 507400 446842 273695 623452 323990 392006 436182 315142 415047 500318 999999999 174666 100081 573374 479650 602251 457933 450858 452580 531748 194199 369031 475950 558704 165735 546856 315666 548204 446842 203620 742872 695246 597427 902380 592049 555078 754380 497938 726831 610262 675744 161854 527528 136787 348386 535050 573632 606862 404241 30114 444237 497214 661348 833941 248856 94958 503006 168187 677668 424766 496471 686838 608725 775815 563516 400658
536471 906253 152643 397128 634794 354015 53669 125070 274823 72563 324983 508505 346878 451051 104627 557505 204328 129219 530935 345510 522621 263169 865654 496369 699838 875556 454628 313388 234196 823495 545943 764508 872058 464803 626834 616662 374702 791526 497258 401952 610590 229958 589599 411079 174666 999999999 274248 631263 653424 649700 597651 524658 554432 592187 129324 532715 328426 440096 336116 651041 424181 471025 498269 203612 911784 718152 707429 939595 647286 681477 824037 591489 870752 572446 820398 37212 701563 98623 520569 658222 575480 708976 504369 149971 618842 340665 777563 870216 179577 258203 530670 297284 839862 438043 670920 859001 752269 839235 690688 515886
281624 853890 425076 432029 683654 497088 258007 152678 78629 295923 113280 461675 177595 335705 169661 322129 69926 290239 257029 585424 627025 463609 816955 462818 434846 646890 698372 547195 234954 570144 567481 749900 620218 222347 466944 356967 242204 534449 223981 431527 336343 398386 316825 577525 100081 274248 999999999 574931 383281 609282 401293 447873 428908 533416 271737 288958 571496 644895 86686 517073 272607 619579 458806 253416 652358 713946 561469 908349 594584 507136 742931 478253 660447 662944 609407 261723 427492 230445 255862 490463 607796 576624 384958 128044 345733 594724 618885 841679 318857 70487 526028 158499 594700 460235 398485 592497 544487 767945 514674 345524
761547 282030 682964 257029 248606 415983 668713 569838 496886 573087 468316 123338 751602 910235 597873 440608 578379 745361 651596 641190 347683 520366 243425 135394 606217 535715 711357 609565 404122 606909 171612 188389 629240 463850 242760 542182 817076 607706 647167 249373 672885 473363 622761 467568 573374 631263 574931 999999999 623133 45269 334644 127498 185069 41747 736032 464834 644068 575131 512478 179895 844488 439287 132994 772449 696455 170628 219633 333532 20063 284539 194693 142127 472135 327770 444523 594058 739749 535033 541422 263765 193624 187971 206139 563445 640923 689615 280589 267800 794548 508863 131850 417873 578646 218450 656953 709462 401162 207974 291007 906200
263157 840175 799575 639151 833727 776548 641198 528500 384255 660815 342178 567095 436196 544137 550269 184886 451842 669089 157006 926858 846753 789344 815103 584040 67166 349962 1037083 886581 521746 220210 715072 808337 268657 215671 393809 80956 488227 178400 189518 633791 93975 716742 72774 861340 479650 653424 383281 623133 999999999 668238 292349 520621 439157 593210 649998 171721 916310 952713 318908 467138 475196 881695 574642 612798 281566 793569 471155 916167 641339 383920 707970 481614 404579 862032 364200 635087 118624 589716 136170 389139 756527 505300 432765 503492 53488 947435 484113 863956 690237 398612 656840 401565 263962 644075 33824 211228 328013 742483 384373 473290
803191 256935 691964 263448 211926 410818 689456 595446 530835 588681 504822 149525 786570 944972 622677 485450 609020 767137 694564 635425 324753 520862 216724 155335 651479 575705 699584 605701 427673 650639 153293 145725 672027 506477 287446 587294 851437 652120 689328 256526 717210 479107 667145 455278 602251 649700 609282 45269 668238 999999999 379908 165576 229754 79536 758708 509180 639614 561033 549859 222883 880252 421383 155813 798792 739460 125396 258650 300384 29718 327497 189737 187395 509693 299172 484237 612530 784710 555197 585108 307501 166462 224951 248275 590605 685596 685337 315094 232670 816929 541982 128579 451237 621384 222639 702054 753857 443212 195210 333610 943948
478188 551639 713552 413755 561432 579685 610241 486125 345975 572161 294754 301132 547353 696818 515905 122444 444194 667974 355528 774136 604167 632093 524661 322438 271574 287880 873541 734679 386483 295455 449577 517116 330625 195630 102463 212055 613736 285631 363328 406426 354900 561882 305146 658966 457933 597651 401293 334644 292349 379908 999999999 248442 157223 308748 652013 158001 768702 762859 315248 175666 624415 661922 312090 651590 391660 505130 190193 625647 351963 112915 420871 192579 273148 607972 223088 566619 410688 505980 240934 106111 488280 219911 170199 466643 317828 808302 227869 571979 706542 364116 390072 300822 284279 404335 326011 385728 154882 454325 118418 661411
638673 406710 595229 198147 314858 372999 557584 451683 370101 472908 340818 54358 624265 782928 480709 335736 453955 631971 532595 590946 361493 457166 369229 77910 513278 499749 676127 555051 291625 540690 201137 310889 571175 344210 183556 440644 689903 533676 525646 189735 560826 398540 511400 441798 450858 524658 447873 127498 520621 165576 248442 999999999 93219 86692 621264 354352 590242 550205 385100 156546 717007 431544 67537 652288 635361 283921 215573 460953 147408 241663 304402 87767 452351 360758 413862 487837 633879 426436 425978 215286 240141 201834 88329 443143 532063 634306 289750 395248 679942 382561 141640 291623 522110 173836 554094 634134 356744 324959 250668 778996
583167 437260 643974 279605 404212 453479 580104 464200 355840 511936 316124 147371 599005 756659 494455 255734 449258 649476 469486 664424 454216 526178 404203 170283 426270 409716 755248 626912 321863 447590 293560 372800 477996 283716 94372 358316 666065 441311 467541 271485 487947 461965 437778 526746 452580 554432 428908 185069 439157 229754 157223 93219 999999999 154129 636563 279927 661951 634112 354436 96671 687482 520962 159814 656137 542149 354767 153729 502471 204037 155063 317154 51237 367609 453931 326210 519044 555112 456218 357661 128093 331509 155612 50094 451029 455870 704681 226342 441941 694629 371231 234230 284790 429031 261464 472935 542156 266275 345160 164571 740983
723658 323664 648137 226073 258724 391517 628805 528710 455299 535238 427271 83698 710223 868825 556901 409325 536641 705091 615393 616024 339864 491172 285160 98848 579638 527865 690744 583096 363650 589417 164397 225257 614561 427186 223409 512410 775592 587595 609863 218055 639491 440984 589569 448511 531748 592187 533416 41747 593210 79536 308748 86692 154129 999999999 695516 431650 617917 557020 471751 168976 803301 425508 94825 731118 681002 201908 217233 374944 61171 271441 232050 118018 469130 326362 437720 555010 708782 495449 506541 248367 194152 190356 168955 522039 608702 663203 284503 308761 754087 467187 114006 376204 564254 189882 626969 689230 389438 247692 278867 865683
484554 1015527 239191 515675 759651 483327 76603 172369 307155 201743 359588 612738 270812 341394 142130 589253 211633 19311 508919 455868 651417 389744 975432 603539 704802 914209 558890 428259 331911 841881 665686 880604 891948 490404 697948 628554 278829 806030 473521 519667 590944 359276 580296 539306 194199 129324 271737 736032 649998 758708 652013 621264 636563 695516 999999999 558348 437592 561601 353117 732528 328860 599986 604046 83167 923395 835726 785499 1053850 753270 747527 925048 678767 920898 700721 869791 160244 676551 206310 526967 726702 697414 792095 586961 187404 607847 440941 851630 984495 58679 288860 645203 357363 865824 555489 661512 860861 802877 943094 756148 419693
320188 704021 668754 467983 664664 610242 532060 409829 258666 526022 207733 398337 407642 549549 436417 38995 347225 576221 197930 773292 675116 632910 674819 414223 186474 358197 881105 732873 366035 290983 545060 652724 339343 68458 256874 99645 471801 260854 205586 462472 208052 559969 157970 694570 369031 532715 288958 464834 171721 509180 158001 354352 279927 431650 558348 999999999 764258 789167 205233 327790 476727 712152 405089 541281 381543 633502 348052 775185 483940 269213 575115 326969 377986 690429 327834 508149 280124 454871 83057 264108 586850 376592 266024 386384 177712 798479 382895 718039 607501 276149 487424 250673 308652 472355 203763 340223 267684 607555 273442 506916
