NAME : synthetic_000168
TYPE : CTSP-D
DIMENSION : 100
GROUPS : 8
RELAXATION_LEVEL : 1
EDGE_WEIGHT_TYPE : EXPLICIT
EDGE_WEIGHT_FORMAT : FULL_MATRIX
EDGE_WEIGHT_SECTION
999999999 596818 714437 808967 275892 1027219 140702 759895 181681 868766 867288 1096568 842016 293794 152052 798130 512420 650098 1056275 698425 738476 358980 659191 498463 413191 62003 568561 638338 829736 594315 294417 786314 634310 614493 637477 648150 556405 541671 827453 115007 576405 457692 440509 639013 663291 444761 375116 849055 818312 965898 804096 819497 887213 714692 815694 560301 985136 818359 458262 885122 468133 72899 590395 511504 317151 149839 172605 783506 323198 169691 763859 310328 409359 395035 468048 880285 632789 317235 162045 633995 58143 725515 834388 846264 671570 707118 867075 622724 329013 905775 471415 721552 859602 830765 887664 413640 144249 500928 344752 78641
596818 999999999 251205 236932 353704 829801 736761 332037 427925 608426 920887 805851 519406 407936 445338 1025049 84404 332243 801608 902190 933036 753341 352018 104371 387155 625967 699759 678337 921309 219023 782389 759078 783439 880021 171490 127733 367265 747861 609712 531652 131745 218076 597144 734349 135224 672693 236685 661346 741971 760449 398295 615715 473867 124488 375899 134181 728002 229241 441266 480850 164223 651690 253138 820093 771801 669348 720345 269594 725706 431206 172451 726479 442356 459683 413601 438329 238973 306643 439324 522867 554717 803083 618115 327156 789145 141281 894620 842130 678732 808640 173486 391934 641453 461032 611817 222725 534695 808023 274685 521924
714437 251205 999999999 172201 438708 594290 852141 81152 532831 372366 753111 556564 275489 445668 578662 911584 287477 145132 556694 793883 817050 750791 159223 323171 358317 759559 598608 543411 767254 121524 815176 581964 671921 800120 90530 123481 247354 667267 386090 684429 157794 452755 538527 610298 363557 620327 430326 441103 549335 526872 147356 395928 223779 285952 126786 171202 485277 221995 374729 230060 260775 750350 136573 768073 791490 738259 791834 80857 732736 547420 210663 739047 403410 426000 344869 192723 87132 495318 581938 364118 660917 659423 393918 135929 663751 146048 720386 749148 675981 601461 252024 166681 414039 211871 371671 439098 697899 757576 466892 652580
808967 236932 172201 999999999 542768 733437 949590 224921 630448 517457 923141 667399 414283 571358 661697 1083225 311859 317145 681246 964892 988684 898610 331404 339346 504728 845336 767916 715413 938760 262309 951154 751456 842803 967578 191565 162959 413295 833948 541767 757122 237476 453065 699066 781930 287130 780598 469527 597423 715628 669831 276166 553763 320120 187319 234528 253316 616439 55826 533214 331718 341782 855651 290435 929841 932124 857914 911044 109152 877109 639402 82888 881571 555080 576874 502789 272936 243203 539653 659446 536319 760828 831590 548946 127108 835599 102563 889519 918278 822831 761766 340674 331805 566004 342461 511415 459489 763647 918891 507998 738620
275892 353704 438708 542768 999999999 809108 413615 484897 94925 624960 741060 854210 582911 85802 153140 761291 273380 380599 822219 642036 679259 412937 391838 273632 176931 323734 457188 486119 720027 318423 429531 617346 540622 590998 363894 379958 300512 473244 592672 263902 306105 301704 324408 515706 452995 378658 199291 624692 631405 742536 531601 588246 615914 477936 540912 290041 747673 558916 243022 614802 202268 314198 315467 509980 421842 317860 370146 509084 381751 113274 507516 380104 204711 204794 238019 606275 356979 195872 164866 415026 222379 601108 600483 571362 563618 443236 728484 570301 342552 716601 202112 454961 626737 563324 640976 249037 286306 497495 197549 219001
1027219 829801 594290 733437 809108 999999999 1127448 517907 886121 222305 387552 161491 320844 748835 955798 654572 833986 501631 95564 595150 586804 826511 482102 868410 633492 1088209 529140 427834 441777 617077 940962 296277 526709 675150 659208 709088 520875 605693 225648 1062202 703971 989873 610816 470970 954468 652339 925838 184829 237035 70024 458467 225098 421834 880172 498908 707914 122055 789253 574503 408572 754110 1020514 587888 725885 898381 958563 1000482 626487 835558 910978 796870 850654 621648 633406 572654 470877 591348 968759 971331 396683 970474 427395 217141 615034 484218 740010 347794 612681 783347 171631 738502 437926 191584 391301 223335 956672 1089350 723673 951458 1003642
140702 736761 852141 949590 413615 1127448 999999999 894647 320780 983735 927450 1208619 965268 420287 291431 818023 652411 780810 1164268 732976 772219 375194 788561 637400 536146 119916 636552 719258 883451 731347 274234 868584 690094 638568 776788 788545 681577 593075 938563 224619 716461 588140 521988 707585 798692 505497 511503 954906 907696 1069523 936191 929065 1018043 853561 950049 700344 1095606 959003 572450 1015197 608508 109255 725515 533977 312116 174576 150792 922488 345137 310200 904401 329122 523486 506144 586511 1013605 769266 449947 298933 742327 191246 790209 944979 984938 731561 847795 933007 660222 373621 994153 611449 850001 969324 959067 1003890 547147 240773 525542 479124 215231
759895 332037 81152 224921 484897 517907 894647 999999999 579822 297379 702560 475515 197377 478709 631370 879238 363926 130317 476874 765218 785170 759638 134833 399951 377595 808536 577360 510724 721826 170908 833827 530553 644637 781590 166314 204421 245533 651571 317388 739730 230225 529726 535325 579844 443988 616155 500297 373008 491901 451646 66267 329003 146219 363303 56220 241636 406433 279637 379004 151040 324711 789841 169514 759972 806527 769445 822666 116108 745104 596779 279847 753024 415233 437939 351214 123306 131049 562736 636852 329760 704448 620004 324748 137734 631366 223135 667745 726953 686734 536883 313722 111278 342857 131210 294610 512951 755636 750253 535670 702804
181681 427925 532831 630448 94925 886121 320780 579822 999999999 710412 784160 939781 673546 137689 71130 772347 344288 474246 904873 658136 697057 381932 484820 336627 254023 228880 489493 535194 756828 413004 373443 674924 568361 594094 456062 468540 388832 489495 674727 176690 395900 330199 353123 554171 511788 389958 231486 703090 695887 821148 626170 668980 710245 549937 635832 379777 831294 642921 312234 708891 288699 225684 410383 502826 374690 244755 293816 601941 347172 25838 589727 341626 267114 259991 313993 701129 451735 197421 90351 489534 130439 641640 682257 664619 597252 529400 775986 583392 320849 782632 290932 547812 708259 656578 727497 278851 203252 490580 213508 125313
868766 608426 372366 517457 624960 222305 983735 297379 710412 999999999 464287 229402 103862 577685 776862 694901 616540 284298 201776 602192 608696 735554 265355 651605 457757 927223 465750 366997 500598 398716 838873 305206 499530 654670 437403 486876 325265 549625 60025 886638 484373 775868 499457 431884 732218 562330 718749 98620 246768 154531 241333 77352 223734 658318 284470 489307 125670 573172 411672 209933 542518 874556 371636 673684 800649 825488 873152 408999 735290 733739 577172 748247 460776 477593 400806 269968 370846 767213 789797 246314 810696 430963 59715 405050 468294 518297 424283 591614 677535 259928 527347 216631 58151 176447 24420 745885 910860 667823 747153 833460
867288 920887 753111 923141 741060 387552 927450 702560 784160 464287 999999999 545993 553491 658403 853387 269712 888582 613342 478693 239235 217267 565503 596271 914993 581317 928250 299431 256474 59997 709240 683782 172007 237447 338528 777310 831155 553625 334866 412964 939856 791055 1007970 433486 230783 1056109 424270 917417 365684 218945 385606 669166 396128 680349 1012575 714570 786820 463787 974917 511582 667024 787361 834546 673630 422556 638929 753753 780478 817184 588363 809629 960089 604886 539053 536372 530179 721555 704404 934224 874132 399558 819603 143018 409136 834934 196440 886359 41287 288025 553833 224683 772207 592204 406361 618644 484608 961429 972213 425847 929126 873582
1096568 805851 556564 667399 854210 161491 1208619 475515 939781 229402 545993 999999999 290188 806605 1006245 809984 826321 501014 67303 742164 737548 938535 483577 862204 686830 1155516 649860 546671 598186 610365 1047918 434915 661683 814871 635547 679056 554101 731064 270056 1116040 691105 989761 709397 600128 919005 762910 940053 260695 370989 168606 409743 280048 347694 833987 440861 698517 114092 721864 638486 336858 761449 1099716 587666 854549 1007421 1046709 1092630 568295 942763 963140 740332 956814 687539 703303 629202 394482 577449 991652 1019070 466529 1038602 570012 263708 541580 622107 695611 505512 751343 887065 323856 746876 426464 239933 344963 213636 963797 1140216 850816 970164 1062635
842016 519406 275489 414283 582911 320844 965268 197377 673546 103862 553491 290188 999999999 548232 736036 768171 536314 212994 282304 666869 678222 753184 196878 572135 429571 897762 508320 418114 584359 320219 847960 386788 555660 707355 348052 394495 285753 591110 141458 846812 401359 699575 514982 487158 638496 586575 651782 194150 334633 255722 138197 157632 126862 560491 180697 408443 209841 470070 397419 113613 472521 856314 298440 712234 812983 816541 866843 306305 747881 695127 476040 759302 444920 464714 379647 169640 287454 705752 746585 261742 784022 501828 146496 301237 530333 420250 514806 646191 688729 359934 458276 136972 157195 72585 97576 674121 868384 704887 682987 798630
293794 407936 445668 571358 85802 748835 420287 478709 137689 577685 658403 806605 548232 999999999 208359 676016 333888 360909 769661 556421 593533 345717 368290 340904 120062 350382 371830 405013 635774 324578 380945 540643 454970 507336 383064 409768 262733 387825 539598 313374 335288 384160 238614 431475 519207 294340 282608 566306 559234 684300 516805 533167 597942 531941 533127 320112 696804 594826 174593 594942 245664 312995 312231 429647 365852 292616 346180 522001 317786 163048 547340 318923 129744 124727 177969 595123 359367 281534 225826 352156 235793 517531 546948 581422 478606 476966 647276 485035 271873 645684 240172 429773 572755 538908 595770 331935 340823 417182 283087 256429
152052 445338 578662 661697 153140 955798 291431 631370 71130 776862 853387 1006245 736036 208359 999999999 832392 361005 532393 972752 720534 759863 425387 544251 346424 322679 183763 557303 605647 824825 461713 398340 745941 634713 651929 497108 502895 453252 552985 742735 110793 433317 312518 421056 622995 512486 452862 224350 772321 766987 890385 681135 737468 766083 562659 687588 417384 898720 668665 382625 765544 324035 213610 463157 557004 407072 257569 299468 643454 389348 45391 613619 381396 338003 331117 383215 753965 501259 171809 22465 559460 119181 710634 750378 706901 664936 559342 845941 645152 371350 853693 329326 607402 776491 715325 793329 265477 134153 545019 196418 77047
798130 1025049 911584 1083225 761291 654572 818023 879238 772347 694901 269712 809984 768171 676016 832392 999999999 973347 766482 742988 122979 94541 444896 753531 992093 643238 852934 325314 368898 212918 837462 546728 391136 242939 183670 911459 961832 675862 288270 637145 894007 906033 1058114 440627 301302 1156162 383965 957919 600234 453820 644757 861378 619363 891841 1134162 904435 897506 719270 1129377 583994 879612 870135 746576 803427 287238 506254 658644 667784 985845 478293 794873 1103065 493046 589684 576882 611462 926395 844712 954837 854790 549895 763555 266348 635666 1016846 248150 1025568 307534 190992 470486 486129 857230 769237 640150 823428 717845 1006664 927473 297379 958832 828370
512420 84404 287477 311859 273380 833986 652411 363926 344288 616540 888582 826321 536314 333888 361005 973347 999999999 332631 815273 850413 883101 679374 352003 36136 330249 542062 649468 638979 883903 217869 702902 733145 734442 820892 197826 173006 340123 690936 609553 448868 135607 165816 538092 690147 186850 610238 157731 657972 722987 763999 428531 613196 509895 205859 414096 127914 740005 310555 391112 514948 103550 567492 246127 755111 694144 586792 637357 324859 650439 346998 254370 650316 384526 399560 366020 480124 248879 227808 355307 497357 470480 763907 618084 386566 744264 210741 865219 786931 605759 795387 117529 401866 642852 485757 623189 154100 453217 742850 196228 437670
650098 332243 145132 317145 380599 501631 780810 130317 474246 284298 613342 501014 212994 360909 532393 766482 332631 999999999 484530 649077 671953 629472 19792 367460 252337 702341 455319 398298 624657 115522 705501 443850 527236 658166 168553 222481 115300 526397 278438 642883 203089 491746 405593 465215 462962 486737 439179 329222 417337 431718 156272 283684 237299 404206 178405 206328 408749 365401 248858 235036 260463 673901 87437 631806 677279 647286 700027 220927 615404 493870 346857 623620 286395 308983 221487 235750 95099 492799 541038 219591 593153 515076 286918 261567 518619 273262 582269 605784 556846 478513 245867 76844 311066 182947 292337 463250 662412 621832 470032 599336
1056275 801608 556694 681246 822219 95564 1164268 476874 904873 201776 478693 67303 282304 769661 972752 742988 815273 484530 999999999 676707 671314 883208 465993 850706 650896 1116095 591132 488046 531021 597566 994428 370673 599038 751239 630165 676746 524687 671223 230155 1081549 681500 976211 657763 538862 920206 707623 920495 209818 307381 105289 413086 236871 362246 839593 449028 687497 76111 736620 598347 349992 743881 1055870 571961 793999 953181 999596 1044217 577835 888999 928870 750183 903420 647028 661449 591692 410899 567391 968798 986640 422686 998620 505304 222717 558098 558632 699747 438231 687901 834317 256887 728805 413440 196971 345950 192253 947195 1106904 790701 948909 1026084
698425 902190 793883 964892 642036 595150 732976 765218 658136 602192 239235 742164 666869 556421 720534 122979 850413 649077 676707 999999999 40056 358321 636956 869341 520366 755737 202595 255233 180574 716403 470571 308822 122136 103121 790635 840505 555260 169312 542808 788528 783766 937045 319343 185467 1033192 268178 837426 512283 373415 573791 751363 525121 787606 1011832 793352 775041 642837 1010071 461060 775923 747175 652550 682696 201458 427075 566029 582317 869434 387973 681428 982476 403875 466979 454559 488645 819495 724892 836642 742773 435537 659587 173904 542478 902946 136772 904828 266407 76035 369629 423525 734253 656479 550529 717702 625991 885884 821969 208430 839505 722148
738476 933036 817050 988684 679259 586804 772219 785170 697057 608696 217267 737548 678222 593533 759863 94541 883101 671953 671314 40056 999999999 397287 659055 902815 553622 795748 233711 274584 157325 743440 508472 308813 149688 138180 817325 867914 581709 207692 550052 828462 812878 972905 355628 206761 1064851 307194 873780 516132 372961 570033 768329 532273 800826 1041027 811094 804624 641640 1034886 492638 788802 779675 692417 709282 239587 465290 605779 621493 891410 427381 720496 1008824 443200 500887 489303 519528 834409 750316 874253 782067 455639 699601 177757 549107 922834 153835 931386 248607 116023 409657 415604 766469 675408 555327 731798 632097 922003 861897 247079 876578 762053
358980 753341 750791 898610 412937 826511 375194 759638 381932 735554 565503 938535 753184 345717 425387 444896 679374 629472 883208 358321 397287 999999999 627727 684500 394419 410458 299178 398708 516682 638194 119040 540023 330640 263619 707048 742591 514172 234179 679849 463603 670247 707523 238313 364900 863681 175655 605579 678120 591483 779967 776870 665860 843526 876966 806546 656280 825288 928811 380635 836098 590024 302587 615098 158885 74241 214445 224401 831397 36539 398208 885177 48789 347411 324792 408752 856797 664882 579237 447316 493890 333210 437276 684024 883836 375197 811257 577087 287101 75896 671709 583084 676139 703782 773790 759088 654955 496445 150362 593298 401582
659191 352018 159223 331404 391838 482102 788561 134833 484820 265355 596271 483577 196878 368290 544251 753531 352003 19792 465993 636956 659055 627727 999999999 386713 256750 712269 445081 384861 608630 135192 706443 426264 515390 648665 187754 241548 114932 517711 258700 654921 222850 510523 400850 452477 482592 481467 456480 309430 398660 412164 152120 263894 229981 423037 178820 225954 390111 380687 247791 226658 278291 681120 106312 625173 677233 652129 704579 232490 614737 505002 363838 623407 287570 309925 221641 232432 114536 509089 553490 204955 601937 500201 267186 269598 505454 291033 564759 595311 555877 459089 263490 63150 291402 171817 273931 481381 675082 615428 486826 610082
498463 104371 323171 339346 273632 868410 637400 399951 336627 651605 914993 862204 572135 340904 346424 992093 36136 367460 850706 869341 902815 684500 386713 999999999 349195 524635 669601 663560 908618 253153 701915 761720 754903 836115 233766 207065 369981 707691 643637 428590 171705 129778 554284 712742 179433 624133 132401 691509 753358 798399 464634 646934 545857 216236 449872 163694 775337 333611 412681 550985 127636 556461 280574 766953 695446 580998 630440 358404 654408 336691 276800 653374 402415 416046 388918 515713 284759 202279 338730 526727 459441 788223 652173 419457 766442 239989 892562 804324 612020 826920 142926 437388 677101 521873 658552 121430 430735 754598 170318 422172
413191 387155 358317 504728 176931 633492 536146 377595 254023 457757 581317 686830 429571 120062 322679 643238 330249 252337 650896 520366 553622 394419 256750 349195 999999999 470349 320510 325016 567649 243778 457744 445988 405914 492922 313353 352078 145713 361380 420742 430713 282982 428164 209994 366874 514631 286794 336109 449689 456012 567742 408244 414984 486376 504178 429529 270730 577543 537188 70154 482308 227453 427538 221826 435798 433182 395379 447886 438347 374792 278279 496798 380780 55216 74086 61133 488054 271575 357432 337848 238230 355071 446828 428245 493157 419447 420811 564502 456843 318921 540464 215311 315999 454236 424314 475723 380454 456651 424028 349246 375823
62003 625967 759559 845336 323734 1088209 119916 808536 228880 927223 928250 1155516 897762 350382 183763 852934 542062 702341 1116095 755737 795748 410458 712269 524635 470349 999999999 629843 700308 890013 640808 334458 848316 694531 669578 679744 686626 612016 601118 886872 104711 616666 469255 502390 700429 681676 505046 396116 909414 880196 1026492 854955 879239 938833 740091 864597 600676 1044526 851306 517780 937252 507487 109312 639175 565760 362306 196630 206087 826126 375516 212232 795844 361679 469077 455394 526437 930000 679870 332420 186811 694225 117756 786731 893908 889386 732302 742916 928493 680320 386137 967672 512256 775010 919267 884074 945755 429593 122525 555569 362371 107394
568561 699759 598608 767916 457188 529140 636552 577360 489493 465750 299431 649860 508320 371830 557303 325314 649468 455319 591132 202595 233711 299178 445081 669601 320510 629843 999999999 103197 267525 515483 416346 241058 85504 204570 589962 639066 355560 83889 406447 640837 581322 743759 136371 71140 831216 131995 646506 393407 292886 486430 571956 390317 619645 809325 611163 572480 538939 811422 258959 609333 546007 539166 482360 208063 372493 461976 494449 676197 312493 514518 781930 328464 268774 259067 286160 645495 526015 653023 578573 254064 520233 156994 408838 714231 107768 704142 298794 150543 267066 372568 532761 472697 424535 548057 490137 693767 673374 202741 652359 574424
638338 678337 543411 715413 486119 427834 719258 510724 535194 366997 256474 546671 418114 405013 605647 368898 638979 398298 488046 255233 274584 398708 384861 663560 325016 700308 103197 999999999 245058 476771 513937 149349 138085 289698 549269 601389 315248 185269 307160 698640 552209 752447 198581 70175 812860 225464 661047 290960 193527 383491 496235 290490 535275 778941 538118 545876 435944 762730 255551 524071 536340 617278 441711 309620 470912 545681 582633 617010 408859 560958 739266 424310 282897 281391 275611 565381 479902 678183 625545 181064 586101 125019 308921 648435 120759 662512 242399 228083 358974 276994 521647 401419 323255 464565 391413 705375 729934 305028 672695 633712
829736 921309 767254 938760 720027 441777 883451 721826 756828 500598 59997 598186 584359 635774 824825 212918 883903 624657 531021 180574 157325 516682 608630 908618 567649 890013 267525 245058 999999999 714410 633998 197572 195485 281379 784705 837992 555221 290760 446232 907090 793367 995803 403813 204333 1056234 384996 902462 402799 253988 434706 693135 428833 710871 1018036 738077 787964 511153 989173 499158 697858 781378 793492 678881 369358 589324 710867 735022 834755 541355 781941 971062 557836 521891 516786 520387 750019 712909 914965 846066 406434 784049 120862 443314 856613 160087 895892 94803 234103 510385 274616 766645 610645 443526 646476 522124 947850 939861 373506 911831 840474
594315 219023 121524 262309 318423 617077 731347 170908 413004 398716 709240 610365 320219 324578 461713 837462 217869 115522 597566 716403 743440 638194 135192 253153 243778 640808 515483 476771 714410 999999999 697272 543869 594683 710591 74609 124711 161979 576479 393863 569360 88076 379470 437599 538605 352198 518872 335698 444087 523817 547195 227173 398717 312615 303696 226941 90837 522189 299289 271629 314701 156741 629022 35615 668413 675279 617047 670631 197767 618169 428599 266495 623584 292965 314939 241184 294207 39862 395012 466501 309688 540221 599338 402356 256911 593436 188676 680936 664404 562683 589617 144399 184419 426583 275696 405399 354598 584828 657309 369374 534318
294417 782389 815176 951154 429531 940962 274234 833827 373443 838873 683782 1047918 847960 380945 398340 546728 702902 705501 994428 470571 508472 119040 706443 701915 457744 334458 416346 513937 633998 697272 999999999 657403 449597 371500 761063 790396 591514 353216 785024 408061 716080 702972 339708 483212 880474 288663 604913 787234 707343 892255 858095 771907 929763 906848 883906 701003 934111 975750 459745 923441 624267 226099 678656 269114 44909 146222 129759 894400 105516 382829 928090 91105 419125 396607 484816 938506 728087 566044 418120 593780 287133 556316 789747 950567 494221 857853 695978 402164 161400 788767 620133 759574 810708 861927 861854 652121 438520 262667 585643 354707
786314 759078 581964 751456 617346 296277 868584 530553 674924 305206 172007 434915 386788 540643 745941 391136 733145 443850 370673 308822 308813 540023 426264 761720 445988 848316 241058 149349 197572 543869 657403 999999999 230439 380675 609776 663847 393695 312128 249341 842568 627953 863017 347667 176954 894070 371075 778276 209209 64593 266319 497954 231785 513321 845804 543233 624979 334020 803532 376303 500290 634648 766533 508417 430192 613517 694889 731155 645245 553347 700760 789959 569201 412860 415959 388925 552823 536355 803416 764980 236525 733250 135360 246881 663188 188442 717110 138525 317534 505902 131941 619041 420260 249392 449397 327578 819328 873195 428463 794367 778532
634310 783439 671921 842803 540622 526709 690094 644637 568361 499530 237447 661683 555660 454970 634713 242939 734442 527236 599038 122136 149688 330640 515390 754903 405914 694531 85504 138085 195485 594683 449597 230439 999999999 155595 668806 718961 433313 97571 439516 713388 663273 829029 216967 68515 915500 189549 731415 416205 291892 493892 633122 422254 673359 891422 674349 654951 555610 887939 343519 662144 630927 598418 560817 201834 404701 516653 543072 747795 351711 592939 860569 368223 354274 344314 370048 703182 602789 736479 656374 315533 589134 108101 440340 782289 45416 782973 246498 92133 316482 359519 617522 536758 451836 602617 523810 778876 746367 201617 736585 646668
614493 880021 800120 967578 590998 675150 638568 781590 594094 654670 338528 814871 707355 507336 651929 183670 820892 658166 751239 103121 138180 263619 648665 836115 492922 669578 204570 289698 281379 710591 371500 380675 155595 999999999 785150 831956 554295 134138 594645 710733 769509 891492 283107 222790 1006779 213318 789798 571755 443971 646508 776354 577485 822063 995340 815728 759072 710236 1009092 442759 811360 719495 563753 678947 104770 328983 476054 487829 878639 295879 615795 976490 311053 437776 421471 472483 849267 724562 781302 674383 458037 580111 247836 595647 918142 192772 898711 362060 63767 286973 504894 707965 677265 607413 750706 678997 839243 744183 114173 787602 645323
637477 171490 90530 191565 363894 659208 776788 166314 456062 437403 777310 635547 348052 383064 497108 911459 197826 168553 630165 790635 817325 707048 187754 233766 313353 679744 589962 549269 784705 74609 761063 609776 668806 785150 999999999 54134 235616 651028 441303 600599 67795 363537 511253 612024 296576 592271 340117 494174 585591 590140 231572 448415 312091 236201 216489 82166 556514 225456 345389 317339 174567 677960 108044 741962 741112 673137 726608 146386 685644 468615 191968 690273 364402 385939 314983 283060 73729 405754 498822 378577 585834 670931 449598 209800 666753 114207 747715 738992 631266 646764 167839 221382 472222 291525 440390 348650 612530 730755 376942 572381
648150 127733 123481 162959 379958 709088 788545 204421 468540 486876 831155 679056 394495 409768 502895 961832 173006 222481 676746 840505 867914 742591 241548 207065 352078 686626 639066 601389 837992 124711 790396 663847 718961 831956 54134 999999999 286679 697850 493191 601993 74699 334783 555116 663291 245407 635366 326126 546554 639663 640420 270688 500804 346408 182067 248586 90403 604000 186291 390086 353200 180038 693301 159696 785157 772825 695018 748114 151990 719500 478460 145246 723161 405022 425794 359931 312123 127843 394653 502188 432149 598979 723637 501416 214372 718135 68791 801729 787271 666696 700323 177989 272225 523569 334093 488641 327097 611087 773723 364215 579435
556405 367265 247354 413295 300512 520875 681577 245533 388832 325265 553625 554101 285753 262733 453252 675862 340123 115300 524687 555260 581709 514172 114932 369981 145713 612016 355560 315248 555221 161979 591514 393695 433313 554295 235616 286679 999999999 420799 297762 563687 238163 479584 292374 376628 502485 373995 406813 336796 383418 452023 266839 296010 342092 463785 293028 233263 449318 455887 133571 337442 244812 573139 127573 520939 562512 539820 591819 327430 500317 411143 427258 508749 172705 195006 106736 347229 170558 447888 465324 157358 498482 438629 305974 373762 431457 349707 527808 505499 441650 458614 228916 171080 332316 278765 340627 441188 586809 510571 430948 513535
541671 747861 667267 833948 473244 605693 593075 651571 489495 549625 334866 731064 591110 387825 552985 288270 690936 526397 671223 169312 207692 234179 517711 707691 361380 601118 83889 185269 290760 576479 353216 312128 97571 134138 651028 697850 420799 999999999 490276 625492 635782 770012 153560 135210 875983 100242 669658 476217 368658 566131 649959 474081 700581 862109 687917 625554 621008 875098 309006 690577 588697 502966 544950 124446 308404 420127 445616 746264 254244 513099 842354 270746 306556 291677 338569 724884 590821 667475 575089 334149 498765 203106 492595 787291 141258 764573 343719 97486 219672 443890 576690 549585 507982 628899 574016 718456 658766 119832 670789 558791
827453 609712 386090 541767 592672 225648 938563 317388 674727 60025 412964 270056 141458 539598 742735 637145 609553 278438 230155 542808 550052 679849 258700 643637 420742 886872 406447 307160 446232 393863 785024 249341 439516 594645 441303 493191 297762 490276 999999999 851408 481517 764327 445315 371860 737877 505725 700679 55656 194053 155791 269337 17789 267933 670072 314488 484521 157684 596863 369194 254451 528467 829667 363508 614479 746054 777296 823877 432616 680815 698765 595396 694130 418120 433444 361640 310974 370780 745083 756834 196696 769620 372304 8537 436732 408525 531532 373854 531594 623629 221333 512854 221490 34579 210493 84372 731060 876878 608797 726952 796026
115007 531652 684429 757122 263902 1062202 224619 739730 176690 886638 939856 1116040 846812 313374 110793 894007 448868 642883 1081549 788528 828462 463603 654921 428590 430713 104711 640837 698640 907090 569360 408061 842568 713388 710733 600599 601993 563687 625492 851408 999999999 535158 365694 506643 709190 580011 525827 297616 879540 867409 997574 790698 845657 875849 642263 795934 519518 1007888 759391 487795 875548 426167 187537 572359 610193 428155 262193 287602 746411 427179 152900 703221 415763 441491 432244 490572 862666 609102 231263 102878 665519 131065 796878 858945 810091 747169 654585 935489 712496 423864 954630 433065 718069 884948 825831 903400 327869 33478 598964 262168 66749
576405 131745 157794 237476 306105 703971 716461 230225 395900 484373 791055 691105 401359 335288 433317 906033 135607 203089 681500 783766 812878 670247 222850 171705 282982 616666 581322 552209 793367 88076 716080 627953 663273 769509 67795 74699 238163 635782 481517 535158 999999999 300920 489632 610873 266200 568737 272533 532067 610228 634206 293833 486640 376440 228150 282422 16123 606646 259838 326782 380842 109317 619956 121487 718269 699046 620438 673581 211387 646463 406871 215012 649775 337089 357056 297330 349540 114123 337960 433998 392138 526256 676312 489991 275109 665837 141859 764040 727396 594392 677259 105012 268290 513989 350178 489839 282759 546216 706623 309211 509289
457692 218076 452755 453065 301704 989873 588140 529726 330199 775868 1007970 989761 699575 384160 312518 1058114 165816 491746 976211 937045 972905 707523 510523 129778 428164 469255 743759 752447 995803 379470 702972 863017 829029 891492 363537 334783 479584 770012 764327 365694 300920 999999999 617716 794494 218673 678392 102659 810118 860791 919884 594323 766392 675627 297109 579511 291924 900489 437360 496950 680756 236453 524695 404314 811673 704796 567880 611742 484485 674079 320358 381099 669883 475924 484717 477891 645115 412864 140993 297431 632618 431695 874967 772854 543989 846207 359343 988873 867491 640705 938035 252287 563802 798289 650969 783966 52825 358466 799187 117484 379103
440509 597144 538527 699066 324408 610816 521988 535325 353123 499457 433486 709397 514982 238614 421056 440627 538092 405593 657763 319343 355628 238313 400850 554284 209994 502390 136371 198581 403813 437599 339708 347667 216967 283107 511253 555116 292374 153560 445315 506643 489632 617716 999999999 202705 723728 81807 518186 449046 385894 557574 545606 432277 608322 713604 578429 478412 595383 736683 165973 600307 436414 418920 408693 230828 301224 349631 389805 619114 235844 378154 700339 248865 154788 138533 196421 624565 456917 520079 442254 255832 389464 290470 450066 666059 244129 623061 429100 250737 178316 472170 424864 444005 471257 537806 522634 566551 538841 219826 521281 440619
639013 734349 610298 781930 515706 470970 707585 579844 554171 431884 230783 600128 487158 431475 622995 301302 690147 465215 538862 185467 206761 364900 452477 712742 366874 700429 71140 70175 204333 538605 483212 176954 68515 222790 612024 663291 376628 135210 371860 709190 610873 794494 202705 999999999 867896 202514 699682 350519 234047 433579 566311 354727 605191 838658 608033 603547 492136 828316 300261 593894 586745 610283 504043 255411 438868 533011 564912 684924 380593 579511 803069 396780 319006 312880 324144 635542 544130 710772 643908 250106 590036 87771 372926 717577 54969 725852 228067 159986 337170 308804 572647 471017 385232 534600 456218 745740 741483 252774 708096 643008
663291 135224 363557 287130 452995 954468 798692 443988 511788 732218 1056109 919005 638496 519207 512486 1156162 186850 462962 920206 1033192 1064851 863681 482592 179433 514631 681676 831216 812860 1056234 352198 880474 894070 915500 1006779 296576 245407 502485 875983 737877 580011 266200 218673 723728 867896 999999999 796786 288238 790652 875965 885826 509330 744900 576995 100862 479926 269370 848312 252762 572264 585832 287337 725713 386965 941955 874722 756509 804661 358453 833783 509090 204564 832806 569452 585311 545482 535964 368225 349266 501272 657985 629491 937724 746166 404576 922559 224857 1029795 971347 790836 941070 299385 517456 768662 575179 733551 252198 575353 929697 319576 585111
444761 672693 620327 780598 378658 652339 505497 616155 389958 562330 424270 762910 586575 294340 452862 383965 610238 486737 707623 268178 307194 175655 481467 624133 286794 505046 131995 225464 384996 518872 288663 371075 189549 213318 592271 635366 373995 100242 505725 525827 568737 678392 81807 202514 796786 999999999 576941 502585 418985 604598 624490 491336 684731 790903 658329 557045 649750 817727 247386 676201 510208 410335 490307 149799 246148 331010 362478 700896 183419 413305 780609 198850 231910 213213 277819 702840 538649 571048 475007 325004 400087 284931 509617 747548 227850 703552 427746 193716 135174 501498 499498 522787 528834 613665 586137 626260 559030 138486 575890 459089
375116 236685 430326 469527 199291 925838 511503 500297 231486 718749 917417 940053 651782 282608 224350 957919 157731 439179 920495 837426 873780 605579 456480 132401 336109 396116 646506 661047 902462 335698 604913 778276 731415 789798 340117 326126 406813 669658 700679 297616 272533 102659 518186 699682 288238 576941 999999999 742902 780875 856311 561215 700809 645744 344669 554010 259485 844385 465889 406010 648926 179597 437831 353498 709157 604880 473478 519640 477583 572450 224570 409135 568663 380720 387723 389777 621468 373457 70178 213181 553520 342132 781888 709111 540442 750411 368424 900272 767065 538236 861060 193521 514832 735144 611319 729431 49845 298523 696673 38504 297118
849055 661346 441103 597423 624692 184829 954906 373008 703090 98620 365684 260695 194150 566306 772321 600234 657972 329222 209818 512283 516132 678120 309430 691509 449689 909414 393407 290960 402799 444087 787234 209209 416205 571755 494174 546554 336796 476217 55656 879540 532067 810118 449046 350519 790652 502585 742902 999999999 148815 118068 324678 45760 319228 724390 369690 534317 147168 652512 392792 305554 573723 846731 412631 600578 746747 789783 834469 488272 682069 727716 650728 696131 440806 454050 389152 363671 422787 784482 787464 215243 791717 339124 48727 491865 381439 586260 325665 508095 626457 166290 557951 275731 40774 264709 119355 775132 906151 595912 767720 822087
818312 741971 549335 715628 631405 237035 907696 491901 695887 246768 218945 370989 334633 559234 766987 453820 722987 417337 307381 373415 372961 591483 398660 753358 456012 880196 292886 193527 253988 523817 707343 64593 291892 443971 585591 639663 383418 368658 194053 867409 610228 860791 385894 234047 875965 418985 780875 148815 999999999 202538 453681 177185 461471 821534 499261 608866 269430 769006 388384 448116 627944 803406 489022 489270 664126 735472 774300 607771 602358 721600 759419 617834 429621 435974 396283 503147 511871 811246 785013 228181 763655 199871 190411 620768 251277 688928 180250 380552 552246 87518 612094 384066 189539 400692 268138 819512 897034 486818 799771 804896
965898 760449 526872 669831 742536 70024 1069523 451646 821148 154531 385606 168606 255722 684300 890385 644757 763999 431718 105289 573791 570033 779967 412164 798399 567742 1026492 486430 383491 434706 547195 892255 266319 493892 646508 590140 640420 452023 566131 155791 997574 634206 919884 557574 433579 885826 604598 856311 118068 202538 999999999 393902 156013 363689 812820 435609 638028 80363 725645 510571 350103 684189 961829 517890 688759 850551 902554 945938 562027 786747 845784 731260 801405 558365 571121 507220 412310 521806 899865 905486 332779 908749 401415 147307 553866 453793 672824 344456 583064 732857 160925 668599 368764 121605 327405 158422 886850 1024218 685527 882230 939934
804096 398295 147356 276166 531601 458467 936191 66267 626170 241333 669166 409743 138197 516805 681135 861378 428531 156272 413086 751363 768329 776870 152120 464634 408244 854955 571956 496235 693135 227173 858095 497954 633122 776354 231572 270688 266839 649959 269337 790698 293833 594323 545606 566311 509330 624490 561215 324678 453681 393902 999999999 282908 85639 426532 45591 304355 344170 331924 398671 87720 383536 829704 218545 763626 828207 803450 856103 168145 765184 644564 338755 774277 439543 461804 373348 80414 188165 621981 688024 318579 747614 597819 275951 167684 615464 286899 632593 719042 706078 490661 371549 101704 291197 67525 235597 575953 808157 754629 595796 750542
819497 615715 395928 553763 588246 225098 929065 329003 668980 77352 396128 280048 157632 533167 737468 619363 613196 283684 236871 525121 532273 665860 263894 646934 414984 879239 390317 290490 428833 398717 771907 231785 422254 577485 448415 500804 296010 474081 17789 845657 486640 766392 432277 354727 744900 491336 700809 45760 177185 156013 282908 999999999 284376 678797 328268 489084 166554 608638 361478 270974 530158 820337 367550 598379 732595 766668 812772 444663 667441 693244 605859 680925 410189 424873 355263 326810 377081 743862 751963 186738 761796 354523 18528 450534 390976 540857 357231 514358 610561 208195 514448 230203 40261 225539 101562 732162 871548 592840 726372 789527
887213 473867 223779 320120 615914 421834 1018043 146219 710245 223734 680349 347694 126862 597942 766083 891841 509895 237299 362246 787606 800826 843526 229981 545857 486376 938833 619645 535275 710871 312615 929763 513321 673359 822063 312091 346408 342092 700581 267933 875849 376440 675627 608322 605191 576995 684731 645744 319228 461471 363689 85639 284376 999999999 488246 98057 387705 301273 375058 470350 13819 468699 910904 304008 818438 898080 881603 933805 221333 834115 729042 392800 844053 513712 535463 446992 49095 273385 707135 773255 366481 830390 625654 272537 195857 650835 352171 641604 762353 774752 483514 456914 171120 280594 71694 209873 659143 893569 810192 680663 834915
714692 124488 285952 187319 477936 880172 853561 363303 549937 658318 1012575 833987 560491 531941 562659 1134162 205859 404206 839593 1011832 1041027 876966 423037 216236 504178 740091 809325 778941 1018036 303696 906848 845804 891422 995340 236201 182067 463785 862109 670072 642263 228150 297109 713604 838658 100862 790903 344669 724390 821534 812820 426532 678797 488246 999999999 393130 236972 769726 152084 553386 498013 286998 772024 339284 939388 896231 792631 843204 267156 849716 551742 104442 850691 559268 577735 524439 444962 309883 412101 554748 613165 674954 902354 678101 308172 893626 140246 983550 954705 802091 880834 294787 448677 699077 493680 657282 319011 641860 927457 380539 638332
815694 375899 126786 234528 540912 498908 950049 56220 635832 284470 714570 440861 180697 533127 687588 904435 414096 178405 449028 793352 811094 806546 178820 449872 429529 864597 611163 538118 738077 226941 883906 543233 674349 815728 216489 248586 293028 687917 314488 795934 282422 579511 578429 608033 479926 658329 554010 369690 499261 435609 45591 328268 98057 393130 999999999 294664 382427 290347 426410 105994 379751 844877 225452 799642 855497 822954 876032 128821 793318 652914 301169 801766 464795 487368 399640 67685 187083 617294 693056 359022 760077 641639 320977 122271 657873 255400 678096 759251 734559 535815 369118 138478 335600 108296 277215 564934 811749 790336 589812 758951
560301 134181 171202 253316 290041 707914 700344 241636 379777 489307 786820 698517 408443 320112 417384 897506 127914 206328 687497 775041 804624 656280 225954 163694 270730 600676 572480 545876 787964 90837 701003 624979 654951 759072 82166 90403 233263 625554 484521 519518 16123 291924 478412 603547 269370 557045 259485 534317 608866 638028 304355 489084 387705 236972 294664 999999999 612344 274759 316618 391705 93475 603854 121963 706398 684336 604619 657729 226911 632167 390781 228921 635294 325192 344807 287509 362028 121098 324122 418217 388700 510134 670312 493025 290614 658481 156855 760440 717778 580463 677287 88897 274058 517354 359193 495510 271607 530834 694685 295764 493293
