NAME : synthetic_000258
TYPE : CTSP-D
DIMENSION : 100
GROUPS : 8
RELAXATION_LEVEL : 1
EDGE_WEIGHT_TYPE : EXPLICIT
EDGE_WEIGHT_FORMAT : FULL_MATRIX
EDGE_WEIGHT_SECTION
999999999 381715 545468 788685 496704 679158 402482 210344 395347 702633 501719 440984 724284 750355 507614 240288 52209 286293 649839 115318 837286 788562 387860 783162 185143 157190 643463 328681 509154 415074 124682 485833 550018 396319 60642 606207 570905 570401 215320 241479 54846 747001 326319 861294 234087 574747 107777 787669 457555 790022 843700 139168 622452 178209 299743 110199 401343 667604 398066 137722 721969 754183 621894 403121 293022 613628 874595 395279 174218 721832 670293 312054 214783 269826 379910 226849 869586 372962 331516 601133 526020 253219 238434 260855 353091 779613 724868 69645 564572 456786 592333 816592 744386 655545 423457 473587 184655 379348 786664 804767
381715 999999999 200723 899445 214283 747572 299342 587524 236447 413253 836973 777689 863724 631206 850995 580547 390933 184429 442265 307497 674086 650119 49767 887548 412115 254919 398590 489137 304778 519288 410761 642250 646386 419767 424156 649313 516397 196226 595161 213688 327019 787093 703906 890404 609315 785268 415429 496518 80715 652861 635679 503852 321513 238942 245356 454979 566801 376574 483429 304203 730856 692372 283735 540813 494382 258156 970054 736478 215213 773149 679734 633590 267927 523874 295438 357591 928892 120516 569418 672454 707607 214218 177814 370017 304493 671495 665367 337598 792230 226992 738142 583922 672718 806180 721184 826760 315106 204175 765814 587588
545468 200723 999999999 871799 347363 711432 282692 755812 420172 221639 940172 884803 854011 507794 959392 703325 566237 274196 294450 493294 523537 514355 168016 857449 607139 394705 234287 543337 456996 538580 537771 665436 637963 424849 596634 612217 448721 81682 760162 320696 491680 731944 849188 820840 754621 820014 599503 300571 128896 517505 466278 647027 132660 374149 444887 634246 606861 187070 501970 494308 665033 593050 83142 572243 566243 69156 929495 848830 398800 725290 620322 741417 370664 613349 294497 557141 872219 308527 643813 647095 735179 414621 374936 439415 321630 549649 570410 487737 835507 158414 743670 406539 570299 807353 808489 943641 422587 211307 680686 417156
788685 899445 871799 999999999 1111451 161046 607241 853824 1083212 802524 589996 591629 82760 486276 621425 633800 840111 722870 649151 876398 581778 524960 857829 17097 973828 737237 712449 464475 1184560 394478 664011 302984 256090 480146 832543 259584 429098 951407 837311 712882 790598 171221 763959 189776 737571 275108 893388 831934 912780 522579 674637 713130 807737 734936 1019688 876322 387528 797843 425568 899380 243728 375168 879219 391425 495692 915625 88021 606922 855038 160791 267510 574540 674490 527491 606280 1005216 132926 991960 469106 227955 275217 959445 912162 567664 594959 464996 375268 743322 308783 719119 198098 717713 395525 145254 492285 656363 654977 701781 289504 683160
496704 214283 347363 1111451 999999999 961073 513608 673657 134284 566712 991271 930507 1072782 833835 1000378 727840 483456 389838 632031 389459 864844 848104 260798 1099929 440921 419949 578078 685521 111362 725995 566837 845388 856996 631305 517967 863185 729546 290292 686736 408198 448963 1001370 819026 1104472 729666 981802 483464 639765 232014 851046 813122 634430 479885 410927 224376 530302 766019 533584 691121 373468 944887 902078 415859 743621 682568 373023 1183351 886142 327605 987277 893927 791493 457311 700586 509494 363161 1143139 130781 752984 885249 908136 248505 259311 566133 517006 874994 875764 477974 985064 432069 944802 753895 881630 1013215 891209 969008 496232 418266 978256 764024
679158 747572 711432 161046 961073 999999999 451448 777136 941531 644355 590026 575073 167351 346478 621909 564205 731359 575972 491323 755090 451202 389898 704295 146150 862329 605825 553304 350870 1039020 266012 556711 218073 129741 332540 729132 99854 268227 791390 763034 571154 672529 78442 716237 186369 671474 280116 786527 678013 756436 388026 536518 626035 647002 600682 884658 776185 287277 638330 290491 777065 113610 245279 718186 276900 391907 754631 222616 578062 722531 48401 114871 519095 538249 438262 452458 884563 192217 845211 388486 79903 230460 824504 775062 437198 444367 333400 236750 625873 316557 559996 153488 572605 260956 162983 464858 646807 526368 546870 186064 538805
402482 299342 282692 607241 513608 451448 999999999 594090 513705 333317 683088 632398 580023 367618 705903 475744 444332 154147 249243 414246 441127 399023 253928 594340 541654 255392 255220 270410 599856 255928 335631 382751 361513 142187 462997 352128 220983 355447 591408 178000 362781 487907 640912 591308 552670 537437 495056 410772 305538 401010 441244 452192 277869 237845 479380 511502 326473 304811 219432 428706 431887 405531 320145 290582 302634 341452 673969 602289 342034 474677 380463 495664 187939 359728 23330 528655 629856 406600 377249 379299 452487 423690 370646 189924 55922 403306 376958 332875 553674 124790 463721 415975 388595 529051 543912 698007 223350 95783 470697 402605
210344 587524 755812 853824 673657 777136 594090 999999999 554069 907958 409319 356514 778302 916788 402099 220348 197587 493620 843294 288818 1012660 958849 597045 852374 253064 364966 843730 441957 661076 535212 263050 562172 649644 554528 163561 724229 730493 779168 20571 447466 264403 852447 169363 963486 124543 598588 190599 992042 665226 959862 1030605 156662 830198 386093 454711 143433 490691 873668 530972 301410 843610 901341 832022 508415 393403 823927 941838 313251 373604 824108 796283 287009 412410 339442 570820 332011 956401 560975 389810 706474 578608 425725 428170 423245 540512 941024 873187 272077 576482 662273 657876 1009843 895681 710010 394971 356233 370881 584235 915885 994928
395347 236447 420172 1083212 134284 941531 513705 554069 999999999 640896 896885 836081 1035980 863702 902908 634220 372807 368073 678702 281442 910256 884724 285438 1073291 312216 355440 634069 634274 114211 689599 484822 799951 827192 609309 406060 847612 734685 382695 568686 370776 354609 990654 707365 1099221 622015 924442 363761 720699 291797 887388 871479 534449 549866 352735 99522 411119 716321 605187 657650 261694 941350 917423 498568 699861 622028 462005 1160520 790529 243992 973088 888592 702941 409894 628660 503742 232538 1129987 115991 685729 862853 857490 143344 176863 519244 502484 903248 889409 391648 923062 461399 904173 818155 899105 972457 809278 867938 437937 424950 984204 823140
702633 413253 221639 802524 566712 644355 333317 907958 640896 999999999 1011467 962964 805886 355546 1035644 808489 734147 416505 153408 676067 334357 344893 371368 786297 798707 545454 93674 595026 677276 554750 660500 669400 610075 448409 760023 554591 381427 280166 908293 461312 653423 641168 971308 707387 880847 823314 776059 86236 349108 348265 258063 776911 91744 524490 658212 803765 635549 37081 523510 682039 567664 462207 152985 596324 632592 199834 842636 934494 584489 643494 535317 828431 496719 692002 355268 758868 770380 527596 704101 598919 737239 621247 575927 523080 388693 394740 447575 636518 847069 245921 720751 192252 438027 774553 869384 1030017 542836 323789 558961 210402
501719 836973 940172 589996 991271 590026 683088 409319 896885 1011467 999999999 60869 507327 866349 31985 263599 530763 673553 893269 616644 977415 914181 822871 596070 640192 583119 924416 416538 1010827 471812 428063 398424 499318 565322 501620 591531 694075 993299 388763 631575 543944 666363 249217 754426 294211 319056 558965 1081356 897247 913735 1033230 363113 960864 598099 801313 517306 389595 985960 495883 638112 693681 801685 995833 428484 380459 1007233 670091 106515 663732 636515 664981 203386 577032 327157 663531 709086 718289 862498 307373 551364 361182 754108 732557 502039 631082 873143 780821 513437 283116 797741 437072 1039870 807355 454192 144820 72246 525895 730206 771268 1013730
440984 777689 884803 591629 930507 575073 632398 356514 836081 962964 60869 999999999 509039 833916 74593 202758 470629 616377 849022 555988 944157 881526 764519 596034 581928 523434 877366 369793 950048 432420 368047 372304 474882 519818 441909 566698 657143 936364 335963 573735 483076 652783 204359 746732 237826 316677 499969 1034681 838958 881272 995678 302551 909619 538749 740640 459055 351881 936476 453639 577553 673990 775514 942219 389566 330406 952300 674867 46292 602943 622654 641559 144694 519475 273671 612214 649771 716110 801847 260911 529399 344628 693267 671732 448420 579390 843224 753235 452753 283068 744734 424704 999151 779550 450709 111940 73884 468011 675729 751932 974086
724284 863724 854011 82760 1072782 167351 580023 778302 1035980 805886 507327 509039 999999999 513054 538801 557958 775003 682946 653880 816919 615732 555515 824650 89412 909111 684809 713543 406863 1140404 347569 599862 240624 218748 444985 765347 251432 425236 931667 761297 668311 730114 210568 683495 260820 660273 192766 827168 843279 883818 553498 703168 641266 801662 684433 967647 807641 326572 797434 381739 840282 273649 408200 869168 336887 432830 902559 167137 525000 802293 189561 282220 496268 626093 458504 576021 944654 212808 949858 398473 209328 201565 907668 862232 516990 560702 497698 402490 682955 226085 697801 133444 739955 425708 69234 410718 573603 601753 671993 334163 706144
750355 631206 507794 486276 833835 346478 367618 916788 863702 355546 866349 833916 513054 999999999 896181 745185 797431 520908 217166 778970 111650 47892 581450 469207 905235 617062 284701 491651 934299 407904 655546 470176 375732 362260 810387 288827 187461 587224 909221 544751 718905 315294 916559 358973 844152 596922 851171 360581 602572 47394 190114 761939 397280 601534 842070 860426 483554 365115 397499 794719 242836 114164 477732 448259 541805 523720 508130 820995 709643 327453 232904 731400 544774 606479 385717 896076 427319 749850 586084 336313 521830 788578 735680 495663 404405 41855 111253 682037 629587 404340 471585 232257 91552 504344 723978 907597 565854 442269 211050 197467
507614 850995 959392 621425 1000378 621909 705903 402099 902908 1035644 31985 74593 538801 896181 999999999 273057 533956 690827 919468 621821 1007095 943979 838516 627644 638972 596401 949337 441336 1016530 499551 440687 429107 530343 590830 503696 622562 722724 1010835 381669 648003 551843 698304 237392 786374 291832 350944 559288 1106493 912976 943575 1061819 368465 983377 612085 806373 516363 417732 1009576 522664 642739 725300 832614 1016611 456318 403478 1026867 701128 114843 672824 668445 696222 218974 593848 347868 685937 709800 749981 872425 332115 582716 392875 760717 741200 522741 653228 903480 811531 523467 314934 818978 469009 1067456 838038 486051 172985 49849 542294 750238 802933 1041671
240288 580547 703325 633800 727840 564205 475744 220348 634220 808489 263599 202758 557958 745185 273057 999999999 274843 429842 713680 355605 849093 790443 571345 632687 396846 325657 730114 253650 748340 342165 170063 346728 439918 392777 249877 521063 558301 748156 203514 384610 280464 641109 171990 749851 107325 379876 311832 886441 645694 790922 883229 105980 744813 342526 539812 277131 283094 778443 347800 377854 639593 712446 767425 308000 203383 772079 721788 158407 400244 611998 595656 75758 332750 139196 453374 457642 738862 599478 176315 497688 358637 491128 468979 285918 419999 763643 685887 250430 359964 574997 438739 874544 710256 489730 190823 246216 280754 500723 714687 854093
52209 390933 566237 840111 483456 731359 444332 197587 372807 734147 530763 470629 775003 797431 533956 274843 999999999 318411 689343 94041 882208 834767 403419 834757 134135 191876 679275 380827 484940 467241 176234 537161 602193 446165 34799 658227 619709 584322 207294 276149 82179 799175 335889 913474 249219 622448 55859 819837 469551 836317 885201 169367 651318 211942 274283 69618 452978 698453 449923 111278 773749 804059 645031 455248 344607 633212 926205 424419 176226 774035 721941 349155 256615 318808 422267 183455 921729 365693 380407 653340 576007 235355 231627 311297 397036 827502 774677 115642 610930 489340 643411 855625 793803 706128 462754 496743 231880 413182 837986 845149
286293 184429 274196 722870 389838 575972 154147 493620 368073 416505 673553 616377 682946 520908 690827 429842 318411 999999999 377893 270713 588900 550480 155107 711839 398147 129147 361776 305392 463051 336503 263588 458151 467599 243642 343554 480465 371397 320022 495450 47124 237099 622811 575760 731159 481575 601006 363089 501839 227310 552628 577403 374233 336611 108086 326196 387961 382415 381328 301340 282122 573539 558352 343232 356568 314172 343263 796957 578439 190461 605845 520647 471894 97360 350716 139436 377575 762728 269420 390851 498424 523201 269746 216729 187247 134459 557188 529464 221555 608629 171010 555491 541872 542066 623791 548894 672317 149398 95208 618893 534488
649839 442265 294450 649151 632031 491323 249243 843294 678702 153408 893269 849022 653880 217166 919468 713680 689343 377893 999999999 648602 233107 219955 393433 632904 776001 497794 68495 479629 737180 424919 583652 530906 463555 329394 710019 403088 231609 372048 840380 414813 607203 488135 882853 557849 797515 681756 737800 195595 400343 223126 200295 699645 180220 478442 673368 757659 507564 153059 397743 659634 414889 315370 260611 467953 522841 306581 689775 825049 565483 490107 381909 722379 435178 586153 272484 750814 618988 562775 588119 448368 596679 626216 575382 430686 303147 258679 298110 580511 707706 222381 573695 166876 291352 624946 748967 919107 472590 284617 410405 156612
115318 307497 493294 876398 389459 755090 414246 288818 281442 676067 616644 555988 816919 778970 621821 355605 94041 270713 648602 999999999 855231 812650 326482 869420 127746 162742 630170 411923 394746 489230 223664 576368 628714 446017 128699 673714 610784 503307 299941 236670 87505 817780 429668 931712 341624 678431 107932 762296 387708 814523 847929 253596 589419 177436 184675 149207 490473 639502 465843 23866 784384 798907 574475 485364 384660 558131 960314 510146 94506 794732 731355 426998 236355 373196 394296 129496 947222 272385 434181 675494 623195 141694 139529 319624 374699 812187 769378 134156 670991 436533 683644 812247 786145 749239 537412 586496 231093 364933 843085 805201
837286 674086 523537 581778 864844 451202 441127 1012660 910256 334357 977415 944157 615732 111650 1007095 849093 882208 588900 233107 855231 999999999 63897 624831 564705 982746 696098 289297 596485 970285 515713 749890 581744 487256 460240 897829 399598 291458 597566 1006226 618628 801781 411089 1020953 434297 945784 707784 934460 312641 633363 64922 101096 859615 398459 678926 899659 947418 592999 354556 502735 869109 342313 207790 476936 556910 646123 524770 593189 930207 779361 427157 340061 838708 626209 711237 461805 966459 507023 794541 693912 446702 633352 849612 797543 589487 485246 118035 214737 768004 740745 450038 581678 163889 190282 611640 834651 1017716 652964 501944 294857 132363
788562 650119 514355 524960 848104 389898 399023 958849 884724 344893 914181 881526 555515 47892 943979 790443 834767 550480 219955 812650 63897 999999999 600416 507863 939581 651700 284061 537171 950885 454576 696809 518062 423359 404692 848864 335854 232148 591838 951744 576982 755348 353762 962052 387049 888532 644039 887923 338830 616122 3373 149817 804669 396686 635429 867811 898751 530866 359112 443117 827617 283077 149812 476939 495271 587143 524007 541582 868268 740406 368068 277591 777974 580317 652026 418382 927374 457883 769856 632824 383088 569455 815720 763090 536516 439290 60767 153173 719760 676914 423434 518193 200322 130076 549317 771709 955172 603908 467836 242395 165674
387860 49767 168016 857829 260798 704295 253928 597045 285438 371368 822871 764519 824650 581450 838516 571345 403419 155107 393433 326482 624831 600416 999999999 845558 439133 247868 351501 459640 354076 482967 401448 607738 606468 379721 435205 605465 468776 182642 603087 192049 333129 741746 703649 843879 608650 753901 433532 455906 74474 603151 588028 501686 279987 229434 287590 470107 535044 334394 446559 326598 684276 643342 250630 507035 469228 231656 926909 724745 232061 728559 633583 619859 247083 503789 251901 390795 883751 169759 545702 630238 674374 250368 207768 342252 263984 621766 616504 336745 762692 177227 701027 537569 623518 768650 701992 816856 297217 158175 717759 540205
783162 887548 857449 17097 1099929 146150 594340 852374 1073291 786297 596070 596034 89412 469207 627644 632687 834757 711839 632904 869420 564705 507863 845558 999999999 968263 728679 696420 457635 1173992 385480 658549 298112 246177 468708 827857 245320 413767 937244 836112 702719 783961 154125 765568 176172 737109 279371 888342 815249 899844 505482 657541 710214 792235 725957 1010819 872103 381819 781884 415843 892286 226707 358071 864048 384101 490161 900738 91455 610110 846439 144018 251114 574788 665141 523788 593823 998442 123442 981104 466109 215336 274150 950553 902902 558967 583141 447902 358219 736701 313823 705302 195011 700685 378436 146825 495146 661679 646702 689135 272604 666123
185143 412115 607139 973828 440921 862329 541654 253064 312216 798707 640192 581928 909111 905235 638972 396846 134135 398147 776001 127746 982746 939581 439133 968263 999999999 288174 756123 512830 412955 596983 309824 670968 733720 565589 148927 786155 734272 607337 270594 364335 192918 928560 418506 1042877 347152 755372 85500 884896 492611 941406 975512 291483 710521 304171 216546 122896 586448 761877 577316 117167 899825 921491 689672 587305 478154 669100 1059685 535825 214363 904110 847349 472518 360918 452706 521423 80888 1053427 347345 514220 783679 710104 207675 234334 434200 500840 937809 891966 237739 742761 562175 777390 939122 909569 840254 587448 597137 348646 491900 961453 932563
157190 254919 394705 737237 419949 605825 255392 364966 355440 545454 583119 523434 684809 617062 596401 325657 191876 129147 497794 162742 696098 651700 247868 728679 288174 999999999 487724 279696 465436 343385 155865 446281 483586 286240 215118 519458 448142 428598 367487 84641 109728 664319 456814 777362 361830 569354 240307 630564 321595 653480 694631 254413 465605 21133 282896 260893 361702 510419 315486 180619 626651 636447 468343 347953 267006 463651 818186 481750 117806 642851 573330 379961 73750 280637 234297 286906 797757 289197 333957 525930 502263 222860 178939 169761 212677 649788 606929 93460 569232 299648 551911 663870 623476 619724 473184 571858 83172 222433 682872 653888
643463 398590 234287 712449 578078 553304 255220 843730 634069 93674 924416 877366 713543 284701 949337 730114 679275 361776 68495 630170 289297 284061 351501 696420 756123 487724 999999999 508018 685430 463376 589419 576407 516422 359504 702585 462119 288535 308960 842481 403179 597325 553792 896113 625794 807714 729957 724862 157439 348483 287327 237494 706196 112889 467375 637115 748551 544839 85869 433077 638991 481056 383838 193367 505421 547705 240061 755574 850528 542623 554524 446073 745550 431520 608795 278206 724442 686163 518247 617256 505960 643978 593684 544700 444279 311126 325928 366274 575306 754045 194001 627107 186776 359834 681225 781386 945644 473964 266569 478645 189076
328681 489137 543337 464475 685521 350870 270410 441957 634274 595026 416538 369793 406863 491651 441336 253650 380827 305392 479629 411923 596485 537171 459640 457635 512830 279696 508018 999999999 742286 93294 205854 166896 221426 150236 378348 284608 305171 607242 430890 278091 326345 420711 424921 534610 354983 296743 435785 665159 529363 537582 635682 285759 547578 281606 561737 425803 82058 570105 94166 434936 403515 461889 589334 74478 50481 606807 548712 345658 396357 394533 354872 245516 228445 114855 252997 540818 540905 557383 109239 273847 223689 502065 458438 119683 222721 510113 434539 279101 303238 391140 273467 633163 458262 340662 274672 439477 196603 333080 474318 609988
509154 304778 456996 1184560 111362 1039020 599856 661076 114211 677276 1010827 950048 1140404 934299 1016530 748340 484940 463051 737180 394746 970285 950885 354076 1173992 412955 465436 685430 742286 999999999 792990 598542 906727 928580 706633 517610 943098 819501 401641 676578 472275 468820 1084277 817834 1190431 734032 1034744 472114 750985 337214 953744 921577 648142 589655 461004 210673 519347 824151 643749 759833 374335 1031363 997117 526950 805811 732441 484360 1259822 904422 356900 1068278 979359 817151 515400 741356 592782 332067 1225016 194151 797728 961353 965935 257553 288595 625392 595728 974990 970014 505566 1034400 530213 1009647 863356 977495 1078108 923293 981045 546946 506657 1069362 872547
415074 519288 538580 394478 725995 266012 255928 535212 689599 554750 471812 432420 347569 407904 499551 342165 467241 336503 424919 489230 515713 454576 482967 385480 596983 343385 463376 93294 792990 999999999 295116 127266 140333 114137 467368 192526 225527 609885 523988 320778 406557 331938 511423 446249 445838 281539 522803 617453 546837 454694 563299 379053 520172 340500 625341 515708 82804 534255 36999 511366 310839 370495 572539 43375 142372 596745 474802 415275 461062 307129 261693 323501 280143 203251 245182 618725 458025 602322 178254 186800 196696 565077 517704 173625 222774 423213 343739 360009 298961 380638 219002 568058 368113 287291 326996 505077 262054 337952 381064 542128
124682 410761 537771 664011 566837 556711 335631 263050 484822 660500 428063 368047 599862 655546 440687 170063 176234 263588 583652 223664 749890 696809 401448 658549 309824 155865 589419 205854 598542 295116 999999999 361152 427168 293891 172553 487506 470621 579353 257962 217216 136719 626138 313605 740216 220915 454896 230431 742111 475735 697915 768143 116784 589912 172464 397194 220592 276750 628170 282043 247530 604979 647476 605420 279951 168388 606851 749992 325960 242397 600269 554382 225623 168485 149533 312320 347081 746275 436733 210626 479528 402466 342386 311691 160423 280643 681330 618632 93653 447438 419115 467715 749454 639828 531248 325450 416135 118433 342150 672447 733358
485833 642250 665436 302984 845388 218073 382751 562172 799951 669400 398424 372304 240624 470176 429107 346728 537161 458151 530906 576368 581744 518062 607738 298112 670968 446281 576407 166896 906727 127266 361152 999999999 102792 240593 529754 194394 309387 737131 547304 437415 489710 295834 498903 403164 453842 156018 590417 726195 672969 517414 644582 414767 641621 447290 728603 574098 85948 651670 164228 599695 304596 403739 697150 101783 193051 722748 389528 368281 563207 266245 269420 301582 391368 226883 372432 704355 394654 719186 172363 158964 69927 668872 624715 281343 349735 475065 382426 442501 177670 507260 107276 659857 408943 173797 260384 445975 363112 465015 382327 630730
550018 646386 637963 256090 856996 129741 361513 649644 827192 610075 499318 474882 218748 375732 530343 439918 602193 467599 463555 628714 487256 423359 606468 246177 733720 483586 516422 221426 928580 140333 427168 102792 999999999 226793 599504 92219 232990 714563 636093 456791 545025 202868 597837 315200 547177 224049 657209 658578 665081 422433 556434 497300 594777 480202 765087 646461 158956 596907 169668 651069 202801 302425 658117 147241 262230 689088 334725 470965 601166 175032 166689 400795 419064 310235 357275 758184 319707 736277 263610 57917 146099 704812 656840 313867 342501 377073 282388 498102 254914 480694 110712 578037 309009 169741 362943 548454 402385 453251 280186 547120
396319 419767 424849 480146 631305 332540 142187 554528 609309 448409 565322 519818 444985 362260 590830 392777 446165 243642 329394 446017 460240 404692 379721 468708 565589 286240 359504 150236 706633 114137 293891 240593 226793 999999999 454785 238684 176752 497207 547106 239977 373139 382883 564542 494102 486145 395607 501558 516109 439628 405608 490465 399978 408237 277040 556240 504924 189238 425560 78387 465664 340824 357914 458675 151309 194672 482614 553326 495774 398340 364077 287419 394180 213849 259240 133260 572807 520880 513052 258934 254786 310383 496585 445726 135944 115738 387439 328565 331127 412891 266688 323867 484291 348212 390455 421919 589713 216956 228326 397085 462282
60642 424156 596634 832543 517967 729132 462997 163561 406060 760023 501620 441909 765347 810387 503696 249877 34799 343554 710019 128699 897829 848864 435205 827857 148927 215118 702585 378348 517610 467368 172553 529754 599504 454785 999999999 659502 630098 616716 172713 299752 106786 798672 301787 912767 216522 607396 63543 845387 502295 850300 904236 143921 678496 235834 307133 50173 446982 724665 452574 145134 776351 812326 674641 452264 338924 664049 919282 395621 210055 772818 725204 325157 275181 307091 440476 208420 918207 400493 368088 652080 564993 269690 266386 318929 413733 839278 783098 130263 594117 514495 634966 876698 802997 696223 439715 465427 245010 437528 842423 865142
606207 649313 612217 259584 863185 99854 352128 724229 847612 554591 591531 566698 251432 288827 622562 521063 658227 480465 403088 673714 399598 335854 605465 245320 786155 519458 462119 284608 943098 192526 487506 194394 92219 238684 659502 999999999 173864 691926 711933 478640 594061 144919 683407 258126 627627 308189 713977 594494 656789 334683 474021 569155 551600 512553 794415 708070 238069 546059 208841 694883 119383 210296 621145 215851 331244 656606 321913 561647 634533 125476 75841 487404 449471 386326 353907 802647 282377 749026 346026 48159 235907 734550 684107 354091 347472 286956 191014 548433 341323 460202 183295 501340 217628 224136 454777 640360 442880 447728 193662 469020
570905 516397 448721 429098 729546 268227 220983 730493 734685 381427 694075 657143 425236 187461 722724 558301 619709 371397 231609 610784 291458 232148 468776 413767 734272 448142 288535 305171 819501 225527 470621 309387 232990 176752 630098 173864 999999999 529893 722489 385067 543855 283272 729958 377223 656720 454482 674537 425874 509573 232662 339156 575106 378799 435126 697494 680270 305332 372204 211291 628592 218395 188779 450387 267756 355034 487976 481492 640801 551058 277143 171676 547510 374439 420001 232193 733582 424165 626990 403194 217493 371255 640284 587472 312141 240954 210737 159389 504109 482598 305524 342487 350513 175377 393507 549740 730159 388152 312864 249951 321875
570401 196226 81682 951407 290292 791390 355447 779168 382695 280166 993299 936364 931667 587224 1010835 748156 584322 320022 372048 503307 597566 591838 182642 937244 607337 428598 308960 607242 401641 609885 579353 737131 714563 497207 616716 691926 529893 999999999 785529 363807 515622 813163 885295 902508 790283 890397 611186 349828 115633 595041 534153 682990 199843 409293 424549 649788 674694 249700 572984 500427 746555 674259 127297 641536 625954 82751 1010191 898389 410084 806117 701553 791915 417194 668609 364703 548904 953641 280511 703681 725801 806501 404700 373161 497696 389098 629060 651850 518901 904214 233912 818810 471147 651387 883409 865936 991987 469058 274726 762287 485259
215320 595161 760162 837311 686736 763034 591408 20571 568686 908293 388763 335963 761297 909221 381669 203514 207294 495450 840380 299941 1006226 951744 603087 836112 270594 367487 842481 430890 676578 523988 257962 547304 636093 547106 172713 711933 722489 785529 999999999 448926 269961 838744 149789 949309 105010 580499 204928 991942 672158 952693 1026105 147414 831706 388553 469206 157569 477225 874337 520978 313653 831303 891450 835504 496090 381803 828559 925301 292772 382351 810219 784493 268557 411879 326219 568093 348816 941107 572326 375039 693166 562129 438413 438783 417359 537287 932752 863485 274125 557921 662980 641886 1006658 886269 693195 375524 335960 368757 584884 904122 991108
241479 213688 320696 712882 408198 571154 178000 447466 370776 461312 631575 573735 668311 544751 648003 384610 276149 47124 414813 236670 618628 576982 192049 702719 364335 84641 403179 278091 472275 320778 217216 437415 456791 239977 299752 478640 385067 363807 448926 999999999 194147 622798 528823 733428 434550 574828 323122 546207 266062 578944 612835 327160 382813 64208 317003 345372 357948 426543 287631 250714 578035 573678 390343 335734 280744 389825 789745 534938 166261 603968 524690 429058 55052 311926 159034 351461 760671 282033 355814 492215 499986 257933 206243 158413 144147 579371 544388 175459 580099 215396 538313 580353 558860 606820 510042 628225 105725 137880 628181 571243
54846 327019 491680 790598 448963 672529 362781 264403 354609 653423 543944 483076 730114 718905 551843 280464 82179 237099 607203 87505 801781 755348 333129 783961 192918 109728 597325 326345 468820 406557 136719 489710 545025 373139 106786 594061 543855 515622 269961 194147 999999999 737160 379263 851389 285945 591111 132687 738900 402709 756978 803332 185824 571712 129956 262989 151225 403921 617977 385304 111297 707075 730021 568811 400298 297517 559613 875056 438096 122677 713292 654511 348332 175593 286152 340937 214698 864336 322870 346921 593317 535778 211270 189659 241315 316578 749928 700531 47277 584140 408108 596967 773451 718780 662238 455801 520065 156291 331517 768560 763082
747001 787093 731944 171221 1001370 78442 487907 852447 990654 641168 666363 652783 210568 315294 698304 641109 799175 622811 488135 817780 411089 353762 741746 154125 928560 664319 553792 420711 1084277 331938 626138 295834 202868 382883 798672 144919 283272 813163 838744 622798 737160 999999999 794424 114330 748430 352835 854708 665175 788661 351399 503417 700078 654891 657469 939019 846464 361797 639658 352055 839160 74191 204003 729871 347975 464026 769354 201787 656356 779443 30175 111622 597202 594376 513082 492292 946913 142156 890131 465014 147098 308204 879232 828587 498252 488844 293925 204610 691096 389580 586926 229299 547134 224339 226728 542910 724183 587257 583580 123595 512481
326319 703906 849188 763959 819026 716237 640912 169363 707365 971308 249217 204359 683495 916559 237392 171990 335889 575760 882853 429668 1020953 962052 703649 765568 418506 456814 896113 424921 817834 511423 313605 498903 597837 564542 301787 683407 729958 885295 149789 528823 379263 794424 999999999 898763 95015 492977 346732 1051221 776268 962485 1054892 202475 903038 476531 608074 300231 446330 939896 519061 446918 800161 880318 918602 475003 374924 918343 850543 168720 500535 764604 758912 197329 481990 310081 618036 494948 879454 698354 338098 655669 495383 571229 563514 452668 584994 934184 854384 367132 464390 732243 578253 1045012 879190 618926 274849 189489 431888 655637 876677 1025170
861294 890404 820840 189776 1104472 186369 591308 963486 1099221 707387 754426 746732 260820 358973 786374 749851 913474 731159 557849 931712 434297 387049 843879 176172 1042877 777362 625794 534610 1190431 446249 740216 403164 315200 494102 912767 258126 377223 902508 949309 733428 851389 114330 898763 999999999 857004 435656 968986 719396 886772 384083 533733 812270 732744 769992 1050220 960413 473535 710901 466176 952968 159605 246333 810546 461464 577231 852568 165249 754372 891836 140267 211072 702324 706795 624611 597653 1060732 74603 996506 574541 260766 405609 990662 939578 612105 596739 326958 259945 805381 472081 682612 323185 587296 270342 301265 639498 816113 700982 686244 148759 552547
234087 609315 754621 737571 729666 671474 552670 124543 622015 880847 294211 237826 660273 844152 291832 107325 249219 481575 797515 341624 945784 888532 608650 737109 347152 361830 807714 354983 734032 445838 220915 453842 547177 486145 216522 627627 656720 790283 105010 434550 285945 748430 95015 857004 999999999 477049 268500 961746 681338 889182 974481 107625 810817 381607 523435 224683 389924 848841 448422 360369 746401 816284 824674 413451 304540 823768 825403 192795 408005 719300 701884 164912 388690 242849 529561 419005 844992 607019 283605 604911 463014 483225 472364 366939 496907 864423 789261 272227 453626 640027 544105 961357 813185 592787 270518 250591 339332 562949 821136 942874
574747 785268 820014 275108 981802 280116 537437 598588 924442 823314 319056 316677 192766 596922 350944 379876 622448 601006 681756 678431 707784 644039 753901 279371 755372 569354 729957 296743 1034744 281539 454896 156018 224049 395607 607396 308189 454482 890397 580499 574828 591111 352835 492977 435656 477049 999999999 670752 877352 821550 642871 780061 472912 797489 574226 845273 645089 218857 806572 318045 702288 390727 512785 853076 249113 302423 878184 359514 332401 681937 323819 372801 312168 524492 305588 526017 801002 400149 852974 244272 261356 86445 787192 747591 416425 501577 594248 497061 545717 36793 662173 128853 801933 523405 135195 218743 382835 488088 616739 465870 771151
107777 415429 599503 893388 483464 786527 495056 190599 363761 776059 558965 499969 827168 851171 559288 311832 55859 363089 737800 107932 934460 887923 433532 888342 85500 240307 724862 435785 472114 522803 230431 590417 657209 501558 63543 713977 674537 611186 204928 323122 132687 854708 346732 968986 268500 670752 999999999 862104 495607 889532 934937 206208 691241 259362 264295 47360 506803 739903 505747 114616 829595 859383 679985 510119 398458 665024 979796 453721 201592 829434 777800 387406 308255 369458 473397 150562 976582 374198 430714 708707 627290 236422 245071 366959 449264 881734 829974 170548 657644 533012 696199 903473 848903 758131 502234 519069 286417 458293 893819 894064
787669 496518 300571 831934 639765 678013 410772 992042 720699 86236 1081356 1034681 843279 360581 1106493 886441 819837 501839 195595 762296 312641 338830 455906 815249 884896 630564 157439 665159 750985 617453 742111 726195 658578 516109 845387 594494 425874 349828 991942 546207 738900 665175 1051221 719396 961746 877352 862104 999999999 429342 342118 220465 858784 176013 609669 741834 889453 699592 123032 588390 768260 590984 473387 224240 660028 705137 267169 864129 1007967 670705 671253 565143 902929 580077 766182 433389 844499 786535 608776 774379 640853 792235 706148 661409 600527 466636 395402 463716 721088 903197 330924 768359 151340 449655 817886 937991 1103073 625117 408410 570978 180333
457555 80715 128896 912780 232014 756436 305538 665226 291797 349108 897247 838958 883818 602572 912976 645694 469551 227310 400343 387708 633363 616122 74474 899844 492611 321595 348483 529363 337214 546837 475735 672969 665081 439628 502295 656789 509573 115633 672158 266062 402709 788661 776268 886772 681338 821550 495607 429342 999999999 619073 585323 574721 258264 303515 317984 534510 602920 313524 510026 384844 727597 674763 209826 573324 541196 179818 978665 799218 294699 777548 678589 694289 321016 577372 307824 436469 930778 179649 618100 684835 740618 292423 258278 413456 324772 643922 649351 409138 831671 205198 763126 529022 653602 830050 775621 891290 371472 211835 754839 536437
790022 652861 517505 522579 851046 388026 401010 959862 887388 348265 913735 881272 553498 47394 943575 790922 836317 552628 223126 814523 64922 3373 603151 505482 941406 653480 287327 537582 953744 454694 697915 517414 422433 405608 850300 334683 232662 595041 952693 578944 756978 351399 962485 384083 889182 642871 889532 342118 619073 999999999 152335 805582 399970 637268 870227 900205 530761 362460 443499 829552 280895 147412 480234 495281 587596 527288 538845 868185 742493 365889 275935 778133 582011 652437 420280 929436 455011 772560 632929 381833 568519 818050 765400 537658 441016 58079 151278 721264 675825 426133 516876 203348 127930 547653 771368 954939 605368 470217 239634 168733
843700 635679 466278 674637 813122 536518 441244 1030605 871479 258063 1033230 995678 703168 190114 1061819 883229 885201 577403 200295 847929 101096 149817 588028 657541 975512 694631 237494 635682 921577 563299 768143 644582 556434 490465 904236 474021 339156 534153 1026105 612835 803332 503417 1054892 533733 974481 780061 934937 220465 585323 152335 999999999 881916 335079 675836 871557 952699 644210 284795 544617 859435 432107 299583 408720 606123 683448 456409 690648 977745 765669 516997 422542 881032 629153 748636 463806 951108 605761 755596 738996 522089 701490 825635 775175 609844 491752 210351 301003 774073 811337 421695 657294 69273 279256 693259 888845 1068361 662570 484757 391458 49122
139168 503852 647027 713130 634430 626035 452192 156662 534449 776911 363113 302551 641266 761939 368465 105980 169367 374233 699645 253596 859615 804669 501686 710214 291483 254413 706196 285759 648142 379053 116784 414767 497300 399978 143921 569155 575106 682990 147414 327160 185824 700078 202475 812270 107625 472912 206208 858784 574721 805582 881916 999999999 705108 274059 438268 173790 338758 744305 374310 275007 688455 744698 717436 353743 237914 716171 800929 256599 308403 672286 640501 181278 282345 188254 428902 351736 809174 508676 244106 553378 439715 392363 375271 272108 396972 785338 716581 166256 456640 534485 515263 865007 739174 572129 296027 334775 234156 456997 760024 848174
622452 321513 132660 807737 479885 647002 277869 830198 549866 91744 960864 909619 801662 397280 983377 744813 651318 336611 180220 589419 398459 396686 279987 792235 710521 465605 112889 547578 589655 520172 589912 641621 594777 408237 678496 551600 378799 199843 831706 382813 571712 654891 903038 732744 810817 797489 691241 176013 258264 399970 335079 705108 999999999 444485 566535 720822 597460 55352 486139 594344 583682 493804 80495 559396 580414 127332 856238 878324 496807 652980 544858 771066 422872 636253 297440 668674 790564 436147 655047 592367 711065 530150 485504 462982 330244 438646 474692 558122 818119 170811 704787 274080 470015 763374 821668 974117 471486 248140 587060 286031
178209 238942 374149 734936 410927 600682 237845 386093 352735 524490 598099 538749 684433 601534 612085 342526 211942 108086 478442 177436 678926 635429 229434 725957 304171 21133 467375 281606 461004 340500 172464 447290 480202 277040 235834 512553 435126 409293 388553 64208 129956 657469 476531 769992 381607 574226 259362 609669 303515 637268 675836 274059 444485 999999999 284890 281179 363627 489399 311112 193838 617862 623761 447421 347695 272641 443155 814922 497643 122016 636667 564459 394739 63244 290743 217292 298544 792222 280534 342059 520881 505075 224616 177799 167600 197322 634862 594279 114466 575417 278746 552028 644264 610247 620149 485353 588544 86147 201711 672494 634714
299743 245356 444887 1019688 224376 884658 479380 454711 99522 658212 801313 740640 967647 842070 806373 539812 274283 326196 673368 184675 899659 867811 287590 1010819 216546 282896 637115 561737 210673 625341 397194 728603 765087 556240 307133 794415 697494 424549 469206 317003 262989 939019 608074 1050220 523435 845273 264295 741834 317984 870227 871557 438268 566535 284890 999999999 311646 643465 621386 595860 163754 895022 884489 527267 630833 544163 497228 1099800 694818 165406 919354 841688 610169 346535 544364 465625 139764 1075586 145364 603282 805024 782545 60275 110788 452047 458141 879850 855644 303559 841454 451125 834628 823794 867938 902267 718754 770472 365894 400107 943876 824576
110199 454979 634246 876322 530302 776185 511502 143433 411119 803765 517306 459055 807641 860426 516363 277131 69618 387961 757659 149207 947418 898751 470107 872103 122896 260893 748551 425803 519347 515708 220592 574098 646461 504924 50173 708070 680270 649788 157569 345372 151225 846464 300231 960413 224683 645089 47360 889453 534510 900205 952699 173790 720822 281179 311646 999999999 492425 768062 501741 159240 825295 862398 713584 499312 384919 700768 963433 412978 239838 820313 774362 352859 323563 349233 489148 195213 964456 419353 409322 699649 606557 282692 288395 369045 462906 889415 833186 179456 629939 558920 678378 924145 853136 738421 467918 475098 294844 482637 891851 913158
