NAME : synthetic_000892
TYPE : CTSP-D
DIMENSION : 100
GROUPS : 8
RELAXATION_LEVEL : 1
EDGE_WEIGHT_TYPE : EXPLICIT
EDGE_WEIGHT_FORMAT : FULL_MATRIX
EDGE_WEIGHT_SECTION
999999999 317483 537019 639039 598105 778383 689760 204600 1060530 888097 499396 476813 557746 1056335 815547 514518 246550 436654 944241 420030 838853 476056 925461 378699 379111 891055 716752 450597 996320 532686 519772 647129 858505 911311 400965 400124 994509 878312 931302 486692 709840 774034 326449 650064 685819 242984 1040968 644858 437224 995666 482032 841446 488239 474747 629554 579716 110505 748562 837331 287902 323147 958070 616681 892202 665315 914190 478069 572579 533460 269784 188924 770991 585051 288776 631872 393697 801012 556353 845125 484963 773908 376194 418171 132576 390334 809640 536332 687624 794727 646326 395700 540581 409274 502387 535259 371813 639741 560070 601517 850741
317483 999999999 398073 492067 573890 603962 965983 289742 1164159 927852 558631 283384 782269 1157134 749359 356301 119709 453301 959651 361708 746611 445358 946243 112252 337832 1042076 948770 510569 1060138 419212 831681 747274 1025692 958512 651521 590855 1126191 1047033 1091824 769092 938537 754329 641180 950337 617817 113044 1126445 841127 359994 1080795 419442 832517 775332 392066 611830 754213 208935 874862 687904 441874 613369 1058670 758899 1012804 645218 998851 765445 883000 826464 515509 200654 670271 896268 372965 825565 280764 646939 533745 1031493 458455 895143 223481 416372 439780 336446 746276 555498 509527 926065 534690 631940 356969 340327 762876 664029 616394 625692 811844 643089 857927
537019 398073 999999999 103056 231244 241737 924918 344554 859429 585604 319493 124510 681537 850205 356351 45618 338299 228803 597309 140017 348701 163867 588393 293611 175662 798680 829303 299608 727235 41829 910350 492082 803914 619674 626045 502697 852793 824722 854631 772172 815305 384274 762015 971689 231420 487085 807583 686644 115117 764842 117178 462931 787475 91949 265296 589506 456019 624870 304679 396600 668794 759074 551409 738198 289416 689336 780066 948790 843992 535559 550606 272258 964281 314352 670618 144701 266257 207453 833943 171852 636180 182683 202481 586783 160629 354302 268902 154874 674121 137063 590991 76310 138854 725104 467205 593263 279376 748689 349721 497127
639039 492067 103056 999999999 231837 143014 985395 443654 838772 552885 360809 209481 735937 828722 285776 137174 439943 292686 550581 230250 263906 223098 545196 383421 269647 805297 873785 354396 695487 110745 992716 508589 818223 587792 698875 569419 846058 838210 861934 845198 859226 340797 852675 1043502 183110 585958 781258 726649 207789 741059 185683 415436 861697 174946 255964 631252 559074 635607 201877 479679 753292 743385 581831 734291 268429 671049 854920 1028531 917755 620013 652041 188414 1044118 403340 711183 247717 163203 226373 855521 225734 642781 283661 276382 683744 255610 285725 297500 74045 681888 74608 662456 138729 234455 791798 507244 667960 267879 809244 362169 455273
598105 573890 231244 231837 999999999 335028 781920 395802 628466 361101 158137 343808 528503 619372 221265 272356 479583 162263 385925 213071 259076 131975 373225 488064 243772 575142 653297 179006 500441 190497 834014 276968 586513 394083 525620 390208 622917 606599 631658 667079 638396 183648 726164 858565 109741 636572 578012 504080 214263 534663 155277 259884 685770 186015 38021 411824 553735 404133 328487 353302 608955 527831 354614 509022 72101 458290 680624 861942 739375 483497 677247 211376 877466 312031 489281 294163 311568 42754 623941 119916 412271 353726 181556 596472 240902 214517 87844 303147 451144 165681 487888 307509 233920 602427 289896 500666 52180 608976 130704 284108
778383 603962 241737 143014 335028 999999999 1111801 585655 883623 590764 482997 324064 859606 872698 286325 266130 568174 429008 567769 373264 234762 360090 568149 491959 412565 883885 988318 484746 728997 253757 1132378 605245 904862 625203 834604 702690 908399 923648 940267 980414 973422 379830 995247 1177377 246426 705789 819835 839085 350684 784153 326579 440618 997529 317865 347053 746595 693974 722499 98269 620798 894180 796974 688776 802471 345903 723451 991122 1166897 1053152 761150 777940 183739 1182507 546023 824309 384890 62355 343485 949050 360686 725140 412832 416464 826532 398400 290351 414682 95067 764439 174616 797647 250372 377099 923449 623837 804810 355232 936713 462492 485865
689760 965983 924918 985395 781920 1111801 999999999 689383 733028 777518 628832 960254 253575 737035 949771 938549 854369 697104 861803 793627 1010464 765414 839324 973278 771248 509713 193050 631099 785714 890586 283687 556542 448871 773662 318669 423370 620437 454507 506435 203200 204344 841881 416969 150347 886846 924013 763479 311433 818534 735459 809247 854659 204068 833228 780609 380632 772788 516394 1109531 554991 366964 675629 457173 589686 796868 689236 214094 251730 172943 450948 878653 985496 257591 643944 320262 849119 1093384 768451 387193 760833 537113 882550 722796 559001 785884 941333 697863 1058882 518796 937248 345971 981547 804652 207450 493942 354685 777549 176399 668185 826907
204600 289742 344554 443654 395802 585655 689383 999999999 908014 706028 314928 311555 493161 902325 611492 329848 170910 236542 755259 217921 634278 271593 737811 284009 176875 765089 659608 264062 824686 334417 600582 486602 743708 732198 370939 301125 857115 764810 812263 501319 649144 574911 431100 694303 481271 291392 879316 552288 237236 833375 278315 645230 511099 273653 428648 467775 166582 604949 637980 152426 361786 802943 481004 747195 464624 750707 501849 646187 565858 241816 301184 566851 660937 99727 536910 209325 603085 353560 745183 280771 627663 214370 214647 243618 189393 605721 340490 498835 654891 444394 347289 362960 209718 482790 388641 335015 439591 527615 414295 658399
1060530 1164159 859429 838772 628466 883623 733028 908014 999999999 292946 605636 970357 590910 11874 601459 900779 1051696 711841 333239 815234 663796 733820 324929 1097862 830119 223945 541503 654544 162875 818951 966141 421485 284269 258844 734384 668634 115762 279131 232293 787696 532249 505271 987516 879060 657073 1196412 71784 479886 825980 99491 772966 444434 806907 806661 594265 499492 1070814 312909 817090 775984 864506 105580 445742 171881 573284 170216 810143 957378 829371 815404 1207123 700009 968239 809041 484049 902697 830284 657649 347117 720832 286913 962242 749847 984336 834678 596112 615336 897349 270878 764196 714443 935504 837004 707969 525948 742530 580338 659428 525871 398407
888097 927852 585604 552885 361101 590764 777518 706028 292946 999999999 391467 703629 558388 281954 309136 629326 824695 480401 84326 567048 372856 483135 62149 847740 590451 349432 594242 442105 142679 547242 941822 264951 394653 34971 652689 543789 332918 406391 398545 754441 580234 214030 904258 901857 369810 978408 229944 468600 572469 193455 514890 152061 775323 546735 323818 428382 872534 261342 525111 602957 774976 213711 347997 248796 296354 143098 774856 949795 814818 686428 1005422 407095 963534 607597 462706 652174 537409 397295 458456 469940 242593 712282 514329 842808 591413 303536 374390 607824 269048 478465 621533 660153 588793 672718 381086 646322 309423 644946 292199 105736
499396 558631 319493 360809 158137 482997 628832 314928 605636 391467 999999999 397906 376807 598774 364488 347088 446472 110383 444845 223609 411658 157432 426187 498054 229079 497945 513670 50951 510934 279546 677289 191661 494139 417274 368034 232635 571218 515443 551755 508946 499273 289832 578759 700884 267612 594568 570332 368285 241246 524422 204780 347877 527674 236821 168706 271700 481509 324486 485584 222656 457244 500101 233160 456476 197200 441917 522597 704215 581241 337829 615426 369223 719714 216141 352456 308554 466241 139649 518033 147955 341662 365259 149294 470712 236370 356717 70552 434854 375898 308527 330318 389680 243817 444892 148183 344200 171853 454138 102222 352519
476813 283384 124510 209481 343808 324064 960254 311555 970357 703629 397906 999999999 729606 961612 480385 79005 247497 291435 719439 177467 469310 243938 709684 173940 190322 892732 886914 365178 844011 157669 908141 583973 891824 737151 647794 538868 955663 913066 947585 790095 873792 506845 742647 988589 355750 381912 921586 751896 156997 877896 199723 585788 802990 165632 380222 655173 380927 718212 404821 408763 666472 868009 629702 840273 407648 800221 794587 951413 859331 537490 454458 392766 966517 319375 735594 111700 364007 312713 915190 255784 732389 101077 255125 551595 176624 478528 362271 228999 768894 259692 616162 74060 160835 754502 538789 612712 394589 786828 449584 618556
557746 782269 681537 735937 528503 859606 253575 493161 590910 558388 376807 729606 999999999 591221 699501 699313 664049 452748 640833 556434 758874 519227 617980 768532 539339 378707 166502 383331 597940 645254 387488 313573 329973 561609 162954 195587 494921 346165 403467 201306 156587 594491 400218 349744 633288 764019 600479 111253 580471 563230 564617 614715 221716 590961 527107 134374 613737 309419 855958 343541 285317 508256 215726 423636 543972 499350 223199 391678 256737 288233 738991 732140 405246 426116 107361 621094 840044 516126 298557 513514 335071 662010 481958 445948 553023 691075 445092 809798 331339 685283 162045 742768 569966 119060 240525 186786 524242 88343 415349 591795
1056335 1157134 850205 828722 619372 872698 737035 902325 11874 281954 598774 961612 591221 999999999 590251 891720 1045036 704529 321489 807319 652434 725679 313318 1090093 822625 227445 545109 647899 151080 809824 967918 415723 288164 247731 733278 665561 122407 283843 238420 788713 535603 494606 986945 882551 646840 1190295 59934 480383 817817 88574 764519 433271 808044 798157 584968 497674 1065493 309595 805808 771277 863434 99384 442423 170160 563627 161405 811138 959810 831253 812605 1201774 689047 970805 803211 484156 894760 819192 648938 351900 712662 283312 954384 742424 981349 827021 584948 607404 886980 268785 754131 712819 926228 829113 708658 521412 740863 570996 660783 517961 387307
815547 749359 356351 285776 221265 286325 949771 611492 601459 309136 364488 480385 699501 590251 999999999 401467 671691 382710 281470 408578 67482 340211 282095 648953 446150 629271 795078 396012 444058 330362 1037693 397208 660454 342694 727497 593543 636700 676956 683908 862152 779916 115742 942476 1044495 133905 827787 535785 647623 400199 502098 343881 157114 881927 363464 197675 569140 762801 486408 216016 573692 821731 520598 494834 538367 167312 447669 877967 1060941 932704 700382 878821 105514 1076216 532261 635486 473247 229742 260784 713928 330721 481862 526676 397420 817735 439084 8438 300698 321803 519464 221417 690177 418173 425841 790435 462450 706466 192759 785828 288418 203404
514518 356301 45618 137174 272356 266130 938549 329848 900779 629326 347088 79005 699313 891720 401467 999999999 303977 248594 642393 145182 391890 189656 633213 249938 173510 833862 851006 321782 770579 82219 910124 525903 836832 663220 633779 515201 891248 857827 889466 779007 837306 429452 755124 978609 277036 448786 849993 710884 120062 806901 142369 508212 793465 110785 307497 613615 427861 659545 337885 399142 667809 799659 580198 776270 332973 730578 785667 950418 850065 535465 515608 315324 965797 313023 694711 121685 298092 245289 864433 199618 671951 147669 217356 573457 158056 399554 302200 173370 709412 181182 599841 43514 137069 736049 493079 599990 321729 762956 386164 541970
246550 119709 338299 439943 479583 568174 854369 170910 1051696 824695 446472 247497 664049 1045036 671691 303977 999999999 345183 862109 267402 677933 347941 847337 134079 236469 924114 830510 397154 953454 349084 738050 632524 906715 854159 537562 471704 1010192 928022 973348 660757 820052 662864 553292 847423 537935 157212 1016493 721477 271991 970645 330247 739426 668438 308235 516844 634552 139749 758293 641581 322528 510118 946117 640460 897530 551677 888264 658760 787475 721235 403517 212315 603284 801404 253745 705894 199919 602021 437740 911881 360525 779188 156381 310368 350872 238711 667629 450349 473563 809290 468459 516154 318874 247851 649378 545877 502004 530101 696482 535640 761177
436654 453301 228803 292686 162263 429008 697104 236542 711841 480401 110383 291435 452748 704529 382710 248594 345183 999999999 522883 114671 414672 69590 506607 388287 119137 608167 602445 73949 608328 193483 704199 301888 603017 509278 406318 277225 681025 624397 661736 552567 588719 338423 578175 750831 259834 498010 673146 462855 134640 627498 112201 409032 569220 138616 192906 365662 399205 434864 452965 199841 468769 606584 338604 566022 228719 545630 562582 737940 625172 337578 528186 355985 753553 149773 446627 198282 425883 121985 624088 68488 451932 254921 38924 436289 125990 376232 106681 364535 486281 259058 369787 292064 134068 499981 247413 375917 203337 520725 190501 424133
944241 959651 597309 550581 385925 567769 861803 755259 333239 84326 444845 719439 640833 321489 281470 642393 862109 522883 999999999 598162 337988 515100 22855 872931 625753 425217 678450 494083 170523 561772 1022592 340868 473646 96474 729624 615948 393937 484075 471348 835433 664480 213112 978672 985491 370030 1018003 263270 552580 600183 237702 541061 135393 856323 570755 347923 509626 920734 345668 492133 663204 849561 273401 428530 323018 315469 210786 855558 1031768 896849 755419 1051047 385890 1045650 658910 546420 680051 510279 425985 538771 502213 326725 739444 553754 907234 624755 277787 416348 597716 352183 478029 697386 669023 619376 754096 453937 721383 333979 727821 342796 101876
420030 361708 140017 230250 213071 373264 793627 217921 815234 567048 223609 177467 556434 807319 408578 145182 267402 114671 598162 999999999 422901 83914 584554 283125 41063 721312 711154 187971 701692 119509 770359 413553 717400 598354 489003 370259 790684 738753 775325 634583 697808 395718 623527 834216 274911 424611 772265 574662 25410 727216 64762 472830 649383 56135 250777 477816 355654 547373 420368 256812 528784 710796 453257 675296 284986 646688 641758 809061 705969 395543 470595 352334 824532 174706 558370 87479 386218 172182 738719 97111 563372 147151 77664 454187 30681 403881 199915 292798 598604 226577 454804 187941 21896 590867 361556 455514 264429 618277 289367 496573
838853 746611 348701 263906 259076 234762 1010464 634278 663796 372856 411658 469310 758874 652434 67482 391890 677933 414672 337988 422901 999999999 363725 341173 641820 462541 696674 859101 437893 504459 329659 1088469 460988 727906 405702 778522 643550 702494 744435 751223 915980 843926 182917 985234 1101387 154972 831719 596868 710926 410768 564754 358668 221108 935428 372784 242982 630154 778429 553383 154187 611292 867294 585535 557566 605326 217893 512970 931044 1113686 987241 742570 888327 76573 1129074 561938 698409 478015 174392 294004 781145 356052 549175 527240 423809 850807 453549 75119 344254 285575 586864 211939 740935 401795 437856 846224 519902 755751 241190 844322 344567 267505
476056 445358 163867 223098 131975 360090 765414 271593 733820 483135 157432 243938 519227 725679 340211 189656 347941 69590 515100 83914 363725 999999999 501142 366179 111808 648819 665470 136154 618063 126082 772446 340056 648977 514482 475849 346646 713193 670118 703771 622131 651451 315616 641847 820419 209825 504768 689543 522970 92170 644695 47422 391561 638727 79731 168936 425773 424245 474287 388162 263736 535525 629885 390556 597711 204027 564676 632039 806847 694718 403299 545739 299414 822454 200418 506906 170033 359364 89811 675057 13226 488553 230163 61371 490416 109674 334646 119460 295051 524958 192351 439366 232320 105679 569314 304017 445249 182165 589018 208476 413735
925461 946243 588393 545196 373225 568149 839324 737811 324929 62149 426187 709684 617980 313318 282095 633213 847337 506607 22855 584554 341173 501142 999999999 861034 611227 406795 656379 475788 163561 552077 999795 318427 454120 78280 707188 594142 380033 465037 453966 812619 642357 205361 956604 962724 363363 1002827 256331 529913 587371 227568 528502 130238 833509 558765 335213 486790 903607 323346 495282 643476 827453 259388 405721 304954 303743 194134 832762 1008917 873997 734165 1034539 385214 1022797 640949 523679 667318 511734 412538 518759 488156 304741 726950 538196 886832 610675 277805 399943 594537 330855 471958 675081 660947 605924 731262 431954 699187 321089 704980 324409 91269
378699 112252 293611 383421 488064 491959 973278 284009 1097862 847740 498054 173940 768532 1090093 648953 249938 134079 388287 872931 283125 641820 366179 861034 999999999 269151 993091 933644 454059 984075 319271 870126 689667 982757 879759 654684 573111 1069227 1004231 1045245 784470 922153 663491 686908 974905 519967 220152 1055389 813855 275357 1010334 333053 742427 793475 302270 525999 721740 269309 821468 576952 425544 638698 993117 714727 954299 557494 929685 784026 918827 847435 525154 302528 565258 932967 343528 797782 196147 535875 450465 995598 379385 839545 136039 349534 484726 263396 646451 482845 397734 872980 430641 629784 246510 261248 766407 619607 618701 540240 809538 572195 771094
379111 337832 175662 269647 243772 412565 771248 176875 830119 590451 229079 190322 539339 822625 446150 173510 236469 119137 625753 41063 462541 111808 611227 269151 999999999 725816 697538 186935 722352 159151 737052 420739 718441 620812 462037 348892 800115 739889 778814 606509 684615 427392 586354 805976 312980 393062 789901 565144 61886 744457 103881 503315 620597 96894 280689 469287 316831 553180 461275 225759 494898 725037 451682 685151 315835 663029 612669 776970 677185 362197 434833 392669 792365 139830 548833 83840 426871 201568 736072 124176 570730 136682 80466 414160 15465 441178 217751 330051 604662 267635 429013 214257 37047 566543 357831 427737 293790 597091 305960 524723
891055 1042076 798680 805297 575142 883885 509713 765089 223945 349432 497945 892732 378707 227445 629271 833862 924114 608167 425217 721312 696674 648819 406795 993091 725816 999999999 317669 539241 297567 756854 744648 308763 61185 328857 532391 490968 117021 62171 56673 569696 308305 515587 778875 655164 638883 1056292 256462 268144 737716 235241 694045 483622 588253 727865 549401 311742 918586 174546 838381 619644 660830 175698 284202 102473 541249 216485 592177 734230 607700 630822 1053629 709567 744858 671279 275563 806446 840701 591673 127996 637176 162929 862467 646976 799750 733971 621945 531834 873582 124560 734309 518012 873876 741729 492163 378245 546092 537916 440263 449144 440440
716752 948770 829303 873785 653297 988318 193050 659608 541503 594242 513670 886914 166502 545109 795078 851006 830510 602445 678450 711154 859101 665470 656379 933644 697538 317669 999999999 529900 593827 790999 438971 398114 257315 587528 315901 360662 430435 264718 319064 284854 15179 682440 514394 337584 750564 929072 570486 149790 734272 542508 712244 684833 299256 740905 644549 242591 778127 333629 972690 509479 420173 482623 303180 396826 654548 498239 305935 421809 304018 449592 900926 844220 431285 590440 164094 780475 961777 648510 199237 658162 351751 823985 634734 598263 710557 786712 576795 947769 329729 816626 323725 894494 726235 226375 366559 345524 638860 164678 528508 652924
450597 510569 299608 354396 179006 484746 631099 264062 654544 442105 50951 365178 383331 647899 396012 321782 397154 73949 494083 187971 437893 136154 475788 454059 186935 539241 529900 999999999 561810 262224 657797 237053 531625 468145 352380 218478 616776 553061 591967 496933 516016 330877 547476 692815 287563 544136 620447 389186 208544 574504 182445 393017 514681 211230 198363 291943 430641 367492 497475 180079 430066 548965 265705 502675 230706 491904 508793 687978 569680 304894 564477 388502 703571 165559 372988 269116 474460 149559 550976 130197 386173 323581 110556 427940 196081 388633 95442 427785 419001 310845 314891 365153 206508 438769 173617 325055 204475 454871 151379 400228
996320 1060138 727235 695487 500441 728997 785714 824686 162875 142679 510934 844011 597940 151080 444058 770579 953454 608328 170523 701692 504459 618063 163561 984075 722352 297567 593827 561810 999999999 688388 985141 351185 355092 107934 718008 626576 236724 359713 332620 799182 581642 355841 974140 922455 512386 1104628 92886 494112 708844 72013 652373 288404 819652 684911 463790 481321 990927 289209 658425 708465 846041 123691 409598 200104 437820 98732 820910 985385 851811 773892 1125793 545375 997935 725078 492862 787985 673757 534754 423285 604839 262997 848154 644142 937698 724557 439274 504640 749638 270243 621105 691376 802136 723566 716733 468041 718215 449427 678426 417830 243747
532686 419212 41829 110745 190497 253757 890586 334417 818951 547242 279546 157669 645254 809824 330362 82219 349084 193483 561772 119509 329659 126082 552077 319271 159151 756854 790999 262224 688388 999999999 885124 450366 762257 581077 595836 469830 811247 783040 812814 742226 776882 349269 742324 941394 200793 502072 767830 647400 97460 724817 81436 428270 758066 64480 225322 550411 458326 583068 304647 371234 644686 718199 510707 696571 250898 648785 750933 922153 814430 511291 560646 254380 937702 293000 631445 149641 268821 165675 792698 132837 594351 197750 170994 573307 145431 327546 227388 175768 632295 119440 560150 117764 124703 692618 427582 563832 239535 714206 307895 460918
519772 831681 910350 992716 834014 1132378 283687 600582 966141 941822 677289 908141 387488 967918 1037693 910124 738050 704199 1022592 770359 1088469 772446 999795 870126 737052 744648 438971 657797 985141 885124 999999999 685022 687682 947273 310207 444923 861101 698583 754941 187466 444015 945907 194551 161597 943712 762358 983046 492477 795450 947846 807034 980324 166622 821294 845609 513463 623381 696906 1154550 514033 242388 891168 594091 805057 871547 886457 167034 54570 136955 374931 697565 1045254 65467 597234 492499 799106 1129487 807350 636276 772680 722472 814313 716394 391956 752503 1029575 746404 1060892 716850 963095 347638 949233 773981 269720 584637 333348 847429 308264 750897 963894
647129 747274 492082 508589 276968 605245 556542 486602 421485 264951 191661 583973 313573 415723 397208 525903 632524 301888 340868 413553 460988 340056 318427 689667 420739 308763 398114 237053 351185 450366 685022 999999999 312035 278868 388763 280009 379847 332719 363845 499064 382939 286091 639311 663317 360526 775154 394796 250489 429268 349151 385417 301142 519881 419170 258539 179243 650175 134244 579025 359481 510031 316341 99413 265632 261583 267193 518324 697876 563894 425201 786362 449098 712295 387557 238721 499590 571884 286973 346976 328447 150049 556804 340809 586903 427834 388818 223718 580095 185164 441931 356856 566538 434329 419531 118000 381411 250022 401893 146423 279758
858505 1025692 803914 818223 586513 904862 448871 743708 284269 394653 494139 891824 329973 288164 660454 836832 906715 603017 473646 717400 727906 648977 454120 982757 718441 61185 257315 531625 355092 762257 687682 312035 999999999 377271 488039 459289 173901 21475 74095 515637 248440 545268 729581 594898 658560 1033633 317495 221987 735375 294976 695314 520639 533680 728637 563854 280020 892436 183005 865072 594957 614621 234999 268094 155973 559480 269111 538068 675747 550768 593993 1026203 735063 686089 652982 231719 800647 864698 598907 68207 637983 180342 854911 641349 761564 727666 652808 535136 888354 141536 749204 476740 877965 737084 439951 363344 504493 553369 385889 457304 479370
911311 958512 619674 587792 394083 625203 773662 732198 258844 34971 417274 737151 561609 247731 342694 663220 854159 509278 96474 598354 405702 514482 78280 879759 620812 328857 587528 468145 107934 581077 947273 278868 377271 999999999 663260 558865 303844 387601 375691 759818 573889 248973 916690 901419 404734 1007136 195095 467548 604406 159417 547213 185612 780651 579338 357052 434322 898780 257875 558506 624927 787471 183585 355564 226815 330291 116092 780636 953266 818345 703300 1032357 441485 966727 633264 462813 683943 571461 429532 442680 501266 236576 744096 543898 862100 622206 337282 403892 642786 258857 513351 633244 694409 620158 677632 396488 658689 342663 646997 319776 139576
400965 651521 626045 698875 525620 834604 318669 370939 734384 652689 368034 647794 162954 733278 727497 633779 537562 406318 729624 489003 778522 475849 707188 654684 462037 532391 315901 352380 718008 595836 310207 388763 488039 663260 999999999 135429 646299 505439 562077 146420 309431 637114 256292 345670 635341 619641 734760 266053 514380 693960 515077 675350 162943 534391 535847 238084 467641 432196 849677 239252 130162 643519 309357 563192 561384 621963 156592 336337 218881 137584 586302 736988 351875 328782 257059 536109 826755 501153 460913 474173 459348 565972 424850 284031 477195 719387 437794 770009 465542 662103 37732 675724 497249 111916 279644 36022 537384 161985 441150 662472
400124 590855 502697 569419 390208 702690 423370 301125 668634 543789 232635 538868 195587 665561 593543 515201 471704 277225 615948 370259 643550 346646 594142 573111 348892 490968 360662 218478 626576 469830 444923 280009 459289 558865 135429 999999999 595934 479457 531579 278514 349473 506572 363937 474709 499921 581940 657229 253514 395170 613524 388427 549819 296495 410785 400699 179687 435964 356003 714956 149324 235932 569672 223333 497703 426882 535567 290901 471734 351239 147958 567944 601568 487260 230557 238824 428780 692792 366343 451156 343731 382549 467379 300224 315813 363251 585509 302374 641697 398921 529201 97700 558177 381588 222817 162705 113127 402569 248295 309373 541087
994509 1126191 852793 846058 622917 908399 620437 857115 115762 332918 571218 955663 494921 122407 636700 891248 1010192 681025 393937 790684 702494 713193 380033 1069227 800115 117021 430435 616776 236724 811247 861101 379847 173901 303844 646299 595934 999999999 165983 116646 686717 422061 529728 894812 767766 670012 1148268 167541 383944 804545 165055 755977 481914 705256 790072 592473 419233 1015203 252336 851763 716587 775460 120654 379250 115484 577673 190101 709198 849646 724147 739165 1151158 727565 859980 760460 390477 877590 859677 645999 233377 700764 231059 935621 719876 908587 806652 630273 593851 910097 202297 772563 630120 929003 811917 609062 468642 658296 579533 557264 506110 435834
878312 1047033 824722 838210 606599 923648 454507 764810 279131 406391 515443 913066 346165 283843 676956 857827 928022 624397 484075 738753 744435 670118 465037 1004231 739889 62171 264718 553061 359713 783040 698583 332719 21475 387601 505439 479457 165983 999999999 57610 528812 256827 562051 744961 601833 677471 1054589 316799 239569 756666 297141 716396 535412 546507 749759 583519 300452 913086 202669 882722 615841 631273 237783 289561 163053 578567 277103 551182 685187 561830 613161 1046682 752913 695194 674282 249947 822067 882906 619461 68062 659081 198593 876368 662750 780342 749093 669386 556015 908115 159428 768903 495018 898881 758465 454292 384807 522652 572882 399103 477671 493498
931302 1091824 854631 861934 631658 940267 506435 812263 232293 398545 551755 947585 403467 238420 683908 889466 973348 661736 471348 775325 751223 703771 453966 1045245 778814 56673 319064 591967 332620 812814 754941 363845 74095 375691 562077 531579 116646 57610 999999999 586228 311995 570765 802515 654917 695430 1102929 278091 296032 792148 265197 749261 536523 603819 783001 606054 351949 963148 229922 893932 664870 688401 208938 332929 149784 597889 260689 608578 740517 618340 667606 1097447 765410 750245 719914 305807 859981 896722 647798 119887 692259 219389 915496 700443 835425 787307 676680 587313 930255 180722 790980 550801 929680 795555 511897 427893 578572 594586 456557 505279 492641
486692 769092 772172 845198 667079 980414 203200 501319 787696 754441 508946 790095 201306 788713 862152 779007 660757 552567 835433 634583 915980 622131 812619 784470 606509 569696 284854 496933 799182 742226 187466 499064 515637 759818 146420 278514 686717 528812 586228 999999999 285554 765920 231408 199633 776483 722419 800586 309268 659986 764063 661497 796606 20891 680621 674695 326060 571918 510378 993234 381669 163764 708423 406906 623049 698104 700629 22485 199952 72763 259507 675541 878014 214885 470774 307790 678465 971306 644672 471155 620258 536236 704849 571233 355805 621786 853893 579339 916421 532334 807424 182830 820618 642163 82532 402979 179069 675084 129755 573826 778562
709840 938537 815305 859226 638396 973422 204344 649144 532249 580234 499273 873792 156587 535603 779916 837306 820052 588719 664480 697808 843926 651451 642357 922153 684615 308305 15179 516016 581642 776882 444015 382939 248440 573889 309431 349473 422061 256827 311995 285554 999999999 667315 513749 346990 735491 920246 559860 134718 720820 531193 698291 669959 300719 727109 629507 227980 769591 319394 957578 498547 416709 471445 288033 385376 639418 485662 307008 428534 308249 441869 893287 829076 438395 578781 149136 767682 946737 633832 192554 644048 337858 811634 621245 592639 697539 771549 562139 933195 316504 801845 315693 880783 713053 223699 351982 338183 623779 162242 513448 638224
774034 754329 384274 340797 183648 379830 841881 574911 505271 214030 289832 506845 594491 494606 115742 429452 662864 338423 213112 395718 182917 315616 205361 663491 427392 515587 682440 330877 355841 349269 945907 286091 545268 248973 637114 506572 529728 562051 570765 765920 667315 999999999 865111 942475 158187 819971 443912 536295 394539 406083 335063 79088 786163 362652 147512 461935 735704 370675 323683 510686 740342 417154 385007 427257 111757 343633 782954 965741 834950 626456 860619 197844 980776 485361 524788 473586 329949 226139 598238 303532 366271 531943 362988 758783 424169 107839 238644 393860 404064 267023 600631 455972 416039 691171 363025 619446 135591 681951 197433 114623
326449 641180 762015 852675 726164 995247 416969 431100 987516 904258 578759 742647 400218 986945 942476 755124 553292 578175 978672 623527 985234 641847 956604 686908 586354 778875 514394 547476 974140 742324 194551 639311 729581 916690 256292 363937 894812 744961 802515 231408 513749 865111 999999999 338730 833207 568391 990370 510882 647493 949968 669447 912653 220961 677869 745032 494237 432273 688370 1029993 378496 129285 898815 564945 817272 775574 878250 212435 248441 244384 242668 503054 932489 260017 449348 504695 637990 1000687 693126 692308 644789 715497 644781 581797 202709 601418 934874 642133 916180 720527 833963 283638 791273 623206 292713 524776 258031 749801 352414 668084 904994
650064 950337 971689 1043502 858565 1177377 150347 694303 879060 901857 700884 988589 349744 882551 1044495 978609 847423 750831 985491 834216 1101387 820419 962724 974905 805976 655164 337584 692815 922455 941394 161597 663317 594898 901419 345670 474709 767766 601833 654917 199633 346990 942475 338730 999999999 967074 892245 906161 433871 859619 875944 860478 964459 185625 880061 863161 484102 746253 643817 1186452 580779 337471 816714 565174 730140 884030 824612 194031 115006 129289 453748 834875 1068066 115853 669560 439154 877094 1166072 838731 535211 818090 666689 901609 770440 517871 821279 1036118 771423 1115144 652768 1003658 381305 1020148 841723 256178 582053 378702 862274 261438 756920 941045
685819 617817 231420 183110 109741 246426 886846 481271 657073 369810 267612 355750 633288 646840 133905 277036 537935 259834 370030 274911 154972 209825 363363 519967 312980 638883 750564 287563 512386 200793 943712 360526 658560 404734 635341 499921 670012 677471 695430 776483 735491 158187 833207 967074 999999999 694243 598534 600775 266305 558850 210162 234661 795274 229710 106565 511918 629807 476085 223051 457439 717563 563654 448124 560869 99587 490707 790206 971651 848672 590673 744943 101648 987170 407026 586689 340018 211728 140186 702765 201562 479101 394539 269239 695853 305488 129695 197547 240850 518439 108925 597610 300088 291963 710898 393029 610366 111758 715418 222092 272810
242984 113044 487085 585958 636572 705789 924013 291392 1196412 978408 594568 381912 764019 1190295 827787 448786 157212 498010 1018003 424611 831719 504768 1002827 220152 393062 1056292 929072 544136 1104628 502072 762358 775154 1033633 1007136 619641 581940 1148268 1054589 1102929 722419 920246 819971 568391 892245 694243 999999999 1164497 835454 428837 1118537 487348 896328 725880 464604 673703 755607 152078 895990 785576 438872 560771 1090990 772320 1037716 708673 1035882 715760 815397 773429 482175 89185 756335 827723 388194 820700 354718 745108 594577 1031961 517235 918353 304982 464773 374419 395804 823904 604216 610774 946124 620763 605956 455919 405016 727874 679980 586455 686851 781619 687587 917391
1040968 1126445 807583 781258 578012 819835 763479 879316 71784 229944 570332 921586 600479 59934 535785 849993 1016493 673146 263270 772265 596868 689543 256331 1055389 789901 256462 570486 620447 92886 767830 983046 394796 317495 195095 734760 657229 167541 316799 278091 800586 559860 443912 990370 906161 598534 1164497 999999999 491362 781344 45973 726538 379378 820443 759776 542508 496919 1044142 303697 750680 753901 864644 92224 434420 178018 519063 128677 822833 978144 847228 805121 1180071 636099 989768 779691 493186 859406 765293 609732 384206 676397 276543 919380 710304 972446 793373 530785 572858 837530 270286 706676 711745 883196 794147 719208 506216 739458 528314 674810 483969 333979
644858 841127 686644 726649 504080 839085 311433 552288 479886 468600 368285 751896 111253 480383 647623 710884 721477 462855 552580 574662 710926 522970 529913 813855 565144 268144 149790 389186 494112 647400 492477 250489 221987 467548 266053 253514 383944 239569 296032 309268 134718 536295 510882 433871 600775 835454 491362 999999999 596700 455415 570204 544177 329081 600182 494798 97272 688886 210116 822934 399908 393169 399240 153755 313790 504867 395417 331563 491274 357932 376676 819365 694618 503878 471727 16314 648914 812028 500680 200275 514840 233734 696443 497235 542035 577179 639223 429187 800491 224567 668045 255902 754180 591221 228387 220145 283328 489070 184557 378730 515555
437224 359994 115117 207789 214263 350684 818534 237236 825980 572469 241246 156997 580471 817817 400199 120062 271991 134640 600183 25410 410768 92170 587371 275357 61886 737716 734272 208544 708844 97460 795450 429268 735375 604406 514380 395170 804545 756666 792148 659986 720820 394539 647493 859619 266305 428837 781344 596700 999999999 736605 59480 472550 674794 38190 252277 499665 368258 563413 400907 282080 553747 722050 472705 689069 285267 656764 667167 834316 731379 420576 478930 338606 849779 199253 580432 79959 365856 175365 758195 105156 578619 139872 99623 475968 47979 395930 211364 268688 614430 209428 480126 163038 27967 616044 382048 480917 266311 643045 300584 498349
995666 1080795 764842 741059 534663 784153 735459 833375 99491 193455 524422 877896 563230 88574 502098 806901 970645 627498 237702 727216 564754 644695 227568 1010334 744457 235241 542508 574504 72013 724817 947846 349151 294976 159417 693960 613524 165055 297141 265197 764063 531193 406083 949968 875944 558850 1118537 45973 455415 736605 999999999 682164 345028 784137 715526 499575 455885 998259 261926 717839 708425 823568 60208 391261 145889 477090 82706 786181 944671 812695 761475 1134163 600524 956631 733741 456277 814443 730811 565661 362906 631572 234732 874359 664756 928352 748074 496698 527634 798739 231927 666452 670089 840654 749087 682229 461243 697651 485466 639668 438598 298949
482032 419442 117178 185683 155277 326579 809247 278315 772966 514890 204780 199723 564617 764519 343881 142369 330247 112201 541061 64762 358668 47422 528502 333053 103881 694045 712244 182445 652373 81436 807034 385417 695314 547213 515077 388427 755977 716396 749261 661497 698291 335063 669447 860478 210162 487348 726538 570204 59480 682164 999999999 413082 677555 34096 193292 472977 420234 519511 364343 294283 567814 669800 437842 640568 225917 603182 670552 843064 733829 434651 535085 289068 858641 221483 554117 139030 332449 117688 722123 57380 533067 198450 90819 508662 95392 339251 162662 255130 569901 168043 479177 184916 82497 611230 351413 483441 207430 632884 249980 439198
841446 832517 462931 415436 259884 440618 854659 645230 444434 152061 347877 585788 614715 433271 157114 508212 739426 409032 135393 472830 221108 391561 130238 742427 503315 483622 684833 393017 288404 428270 980324 301142 520639 185612 675350 549819 481914 535412 536523 796606 669959 79088 912653 964459 234661 896328 379378 544177 472550 345028 413082 999999999 817237 441230 222629 480370 807992 358237 373053 570533 785630 364449 399724 388262 187851 292068 814916 996335 863285 678326 934783 256971 1011017 552869 534488 551881 386021 301755 578938 379151 348196 610504 436089 818503 500778 151679 305364 464340 382966 342669 640118 534006 493447 718761 396177 661082 209633 703034 248242 46416
488239 775332 787475 861697 685770 997529 204068 511099 806907 775323 527674 802990 221716 808044 881927 793465 668438 569220 856323 649383 935428 638727 833509 793475 620597 588253 299256 514681 819652 758066 166622 519881 533680 780651 162943 296495 705256 546507 603819 20891 300719 786163 220961 185625 795274 725880 820443 329081 674794 784137 677555 817237 999999999 696106 693869 346941 576150 530945 1011437 395219 165309 728311 427796 642792 717587 721066 10171 179584 56601 269523 676772 896852 194626 483937 327915 691476 989138 662827 488030 637115 556741 716548 587095 356460 635929 873682 597976 932615 552500 824865 199971 834828 656485 103206 423306 194271 694427 147992 593681 799340
474747 392066 91949 174946 186015 317865 833228 273653 806661 546735 236821 165632 590961 798157 363464 110785 308235 138616 570755 56135 372784 79731 558765 302270 96894 727865 740905 211230 684911 64480 821294 419170 728637 579338 534391 410785 790072 749759 783001 680621 727109 362652 677869 880061 229710 464604 759776 600182 38190 715526 34096 441230 696106 999999999 223852 502911 406441 553321 364386 307275 580537 703640 469974 674664 255285 636787 688799 858807 752578 447138 516340 300436 874336 228532 584025 111526 330087 150244 754697 90764 567036 169293 110561 510247 84502 359404 196698 239800 603788 171615 499184 153998 65948 633155 382318 501842 238145 657080 284061 468893
629554 611830 265296 255964 38021 347053 780609 428648 594265 323818 168706 380222 527107 584968 197675 307497 516844 192906 347923 250777 242982 168936 335213 525999 280689 549401 644549 198363 463790 225322 845609 258539 563854 357052 535847 400699 592473 583519 606054 674695 629507 147512 745032 863161 106565 673703 542508 494798 252277 499575 193292 222629 693869 223852 999999999 405392 588382 380881 329612 376819 625241 494687 342751 479495 36012 424299 689203 871505 746455 502776 713155 205378 886944 341862 480556 332183 317231 79127 604257 156540 387078 391742 215653 622580 278288 190270 103026 324655 426280 185389 498205 341260 271743 607135 286683 512774 14395 609842 116164 246122
579716 754213 589506 631252 411824 746595 380632 467775 499492 428382 271700 655173 134374 497674 569140 613615 634552 365662 509626 477816 630154 425773 486790 721740 469287 311742 242591 291943 481321 550411 513463 179243 280020 434322 238084 179687 419233 300452 351949 326060 227980 461935 494237 484102 511918 755607 496919 97272 499665 455885 472977 480370 346941 502911 405392 999999999 612796 194134 734882 316854 367755 406042 81763 327637 418588 384450 346558 522366 387604 319974 746230 608272 536413 382116 81142 553122 721978 405941 277481 417753 221272 601793 400294 489363 481025 560702 334211 705216 228943 574285 215282 656908 494652 244474 124012 243249 400862 222716 290420 457624
