NAME : synthetic_000636
TYPE : CTSP-D
DIMENSION : 100
GROUPS : 8
RELAXATION_LEVEL : 1
EDGE_WEIGHT_TYPE : EXPLICIT
EDGE_WEIGHT_FORMAT : FULL_MATRIX
EDGE_WEIGHT_SECTION
999999999 546197 818987 602188 827227 868613 657196 502693 581091 515167 340403 333833 376061 239522 936743 562050 429671 27589 96556 392490 321192 848389 434180 518369 375717 336157 204851 848470 134893 728290 183255 837725 110098 480622 452441 502303 438781 321377 364513 809773 718868 171466 280600 82566 859307 916695 582775 356029 315531 472467 648857 433179 430709 331735 889297 226855 860710 518388 659082 926116 309978 345406 465183 671857 85207 271467 794417 957122 414964 703266 434792 436530 557284 239454 275884 763672 805844 506002 279634 522800 899928 302633 925880 605859 565442 942921 316580 418857 625780 456996 614895 542307 914572 333542 800907 490108 706687 491492 544917 153493
546197 999999999 324317 248283 644281 560464 622632 328329 440447 717692 693364 220337 368367 673228 622703 57766 319457 520616 474243 254307 258743 363503 330947 706764 632445 747812 596951 660484 452509 335721 369494 394037 449476 226768 268922 415623 675588 226351 182078 341540 371711 408251 286777 527952 396290 439600 212926 524559 252242 609361 336540 775977 481984 730158 489657 449979 787018 457557 537902 645431 635319 642777 85606 389761 607329 303025 499957 611921 385740 635876 148447 299868 272328 308598 317021 354317 629094 679703 482667 723927 463925 249432 618129 402595 82128 962926 804643 146346 354643 696599 682323 360356 871895 229961 502405 139539 276560 83698 489777 591210
818987 324317 999999999 244761 509100 351451 600580 394101 436837 804447 860432 489556 514036 880157 390828 279602 640933 791575 765346 578623 498288 41339 651904 788990 771648 931039 805566 516500 751370 171006 635958 110396 739033 542719 396639 469900 791850 524691 472361 53761 228528 710085 596074 820324 88126 116355 248326 663718 564904 695666 597907 920732 580562 910370 219012 656678 689798 500420 491964 434335 805113 797798 376327 300994 892305 613672 328023 357687 502613 586819 385935 620861 566140 584366 631821 147824 503610 761956 660277 808271 165586 520428 392446 690374 373994 891385 1018690 405475 308242 808338 703500 388341 777032 486378 325503 329025 136278 339421 516681 818439
602188 248283 244761 999999999 396526 323157 404557 150890 221882 569491 615673 297478 270324 638442 389673 192286 537892 574636 564419 458756 285802 262401 550249 554940 527652 686584 565036 412381 558765 127277 424443 236531 538056 460884 156577 233500 550685 352110 301376 218325 136119 523178 428199 618154 261796 321380 35905 419134 405794 458814 584734 677087 338748 665831 293266 418980 547178 269289 306302 404656 560455 553122 238117 141495 681518 446109 256619 389879 257898 407025 202539 520739 518018 383768 469773 161676 381959 527414 417212 573992 297779 324379 383049 647683 329480 733044 776993 228982 109937 568113 488915 154487 633904 286030 260033 147728 111683 197869 292467 582046
827227 644281 509100 396526 999999999 185104 216315 365143 254124 492603 657495 627035 459280 740473 207085 588790 910972 803366 831870 827843 587026 490693 923371 475572 553548 736098 691725 21243 842246 353470 693318 409864 809098 846724 440027 329055 529738 693005 652665 455605 296761 820488 762536 876148 447101 486104 431447 495488 751692 427419 980794 664688 402410 715559 334076 600654 185177 308855 168540 157795 624675 595559 620658 255476 912255 778404 181288 260072 417274 167965 564448 896216 910586 682019 804929 364260 21411 458459 555127 491552 400294 642461 194354 1038815 725862 388978 859242 590246 290353 533385 331961 319705 269951 607188 184410 525500 416285 584612 283538 734330
868613 560464 351451 323157 185104 999999999 364072 367236 300295 632497 766543 607259 493704 830827 69171 502699 860986 842332 852439 781828 581289 325411 873329 615168 662556 845634 770420 183967 854501 228676 709003 243461 827241 781539 428941 376620 653599 667799 619593 298271 189433 824576 742922 902596 277192 307964 358178 580893 723989 546690 889921 792522 481362 824250 152263 651665 368609 377066 271578 86889 723964 701191 561137 201960 953005 760392 74433 95955 457852 326359 521978 843686 832737 681930 785393 222828 189855 593470 621145 633127 220094 629926 60457 963010 636964 571557 960836 548837 249617 662107 484737 326316 450255 591563 68378 470220 293660 520490 367147 804484
657196 622632 600580 404557 216315 364072 999999999 295517 184498 276640 446246 532014 326581 537162 408303 576248 829371 636326 680356 746278 480787 596145 841228 259515 344108 523835 497065 234293 698201 429577 554294 526072 660920 786383 364687 215795 314856 597746 570045 552683 373006 685525 655793 717459 564692 616737 430550 305154 654589 216241 945280 448542 229242 503797 486413 433677 205176 176219 109146 367372 418758 386899 572285 299767 740059 668880 319482 455394 285864 51205 503175 818284 862054 560274 695399 456147 198146 242166 377579 275898 542537 537777 394944 982060 703028 343172 648956 524297 302317 317482 120728 262808 271892 509683 326135 485142 475593 546112 140894 544480
502693 328329 394101 150890 365143 367236 295517 999999999 120308 421109 468218 261945 134750 500604 436015 285295 550811 476063 485894 467125 223335 408089 563087 407148 377554 541235 430484 385129 489952 250579 342734 368510 461042 496795 75737 90128 399854 328122 289961 362619 224364 463044 397489 535492 399558 459739 160427 270367 386845 309900 650513 526684 187920 520150 395502 294035 473894 131066 222508 431212 414384 404578 277540 169323 586559 413527 292810 454451 111313 313917 210656 537402 569328 321418 439971 287492 345632 379486 278835 425970 419328 277746 425768 692379 407926 637963 638246 233942 124341 417461 357269 45612 554663 242065 299066 189815 258423 250613 161779 454898
581091 440447 436837 221882 254124 300295 184498 120308 999999999 372708 472735 378553 207137 530937 364588 392525 670487 556087 579341 586762 335019 439791 682720 356431 370966 550968 470201 274964 588559 269910 439590 380845 556070 616959 195441 78994 373659 445197 409281 394212 221422 566364 511903 625114 417462 474931 246372 281659 503814 269366 768327 510968 182262 529460 373235 357540 353691 78657 102214 346923 426740 406889 396105 145218 666278 527194 230653 395079 166385 195808 330674 657356 688686 428294 553873 302457 233497 330351 321905 375718 414830 391372 352565 812435 521654 522481 662517 354222 128684 386570 269394 80500 435188 357668 237912 305231 304323 366659 81795 505387
515167 717692 804447 569491 492603 632497 276640 421109 372708 999999999 207177 548057 349935 320275 682105 688276 822608 503504 573965 748234 491835 810764 832579 17338 139518 273165 314543 509918 603923 641545 492048 753546 563550 813456 455196 336241 76703 600666 596474 764870 594100 609522 631595 592534 790115 847610 581530 206688 645551 111345 991129 177398 238262 256731 737581 342926 425943 304041 361399 643433 210159 172659 643608 517657 584788 638347 577786 726608 333612 324903 571933 817839 897653 527793 661229 674907 474760 42523 280220 7804 784942 537831 668758 997630 786418 443606 400372 582506 498249 61736 164412 417138 448318 527002 584973 583093 668866 633995 290922 368522
340403 693364 860432 615673 657495 766543 446246 468218 472735 207177 999999999 486747 349037 116165 825235 679864 714947 336165 417771 652237 437608 876168 722967 217664 104651 79280 138524 677036 453234 716600 380178 834412 414733 730393 469022 407907 138209 521282 535344 830806 681237 471031 528133 422512 866917 926947 615629 198268 551622 230422 910952 96389 292627 58211 844044 248151 622606 394096 501892 795409 58155 65854 609729 610635 397425 529489 701249 862486 357981 497431 546339 714902 815165 432774 547331 753060 637445 219210 211545 213399 879345 466105 812292 895877 747030 650306 202767 547344 577659 146143 355587 484383 652827 470467 708592 577516 725925 613759 399548 186938
333833 220337 489556 297478 627035 607259 532014 261945 378553 548057 486747 999999999 213578 455521 676078 228790 297434 307082 275966 214765 56554 521557 309237 540478 440936 534592 380010 646913 264637 423406 151929 521773 249581 267107 187230 318748 492974 66707 49345 486095 430123 226618 136837 330912 538331 593060 269787 342541 125261 449778 443116 575275 333651 518152 590344 238764 726343 356081 479402 680850 429788 443165 135338 406452 403397 153771 534699 683213 249150 561420 103860 287001 350257 95203 179573 455379 607577 515605 283040 555179 588398 31245 667647 458087 261721 871448 584990 85168 359327 514961 555329 307331 802142 22604 539771 162470 388730 157781 391371 371303
376061 368367 514036 270324 459280 493704 326581 134750 207137 349935 349037 213578 999999999 368899 561339 342853 508841 350409 372639 427376 158535 532699 520294 339735 270762 417338 297034 480379 383571 382612 235083 499845 349841 479093 120010 130230 308312 276304 257882 488310 359086 364713 329771 417978 529038 589176 267165 160089 331030 243886 650944 419385 121072 396888 530239 159853 528028 156881 295355 550114 292382 289426 293840 301739 461011 342463 419914 584125 42634 362155 222000 499594 560537 233967 368915 419588 438217 313163 147049 356375 553067 214030 550261 671547 436581 660681 507266 233435 258448 328918 341753 168639 598472 191024 426602 237419 381909 284766 190163 320152
239522 673228 880157 638442 740473 830827 537162 500604 530937 320275 116165 455521 368899 999999999 893342 669414 644871 241315 326858 591007 414951 900708 651539 329142 196863 97074 76714 760837 364576 750810 324290 868417 329236 674502 483570 457779 246957 476327 500963 856743 723068 389884 467368 321868 897934 958076 631851 250212 495778 322845 852649 198399 349566 92614 891764 227651 724190 453791 577416 868892 119212 154529 587678 658201 286489 465167 761492 925963 390147 588044 532700 647636 757462 383861 478941 787785 719674 326718 222065 326929 919735 429847 880845 825587 716270 763842 138581 527979 619760 258561 458716 525811 760364 443495 768719 573618 750122 599486 466989 95477
936743 622703 390828 389673 207085 69171 408303 436015 364588 682105 825235 676078 561339 893342 999999999 565043 926869 910573 921453 848371 650445 359886 939172 664781 720790 904489 834549 198816 923652 287761 778038 280463 896297 845643 498110 442076 708167 736260 687708 339645 254395 893739 811533 971475 309276 328598 424224 643135 792194 601743 948714 846589 543850 883223 175248 718590 378779 439877 325088 56321 784492 760342 627077 271121 1021273 829051 143409 54950 524778 365810 589782 909310 894491 751094 853946 276203 218236 644443 686360 682160 241134 698937 13364 1024676 697595 576704 1021651 616606 318780 715366 528557 394621 453797 660538 137513 537201 350968 586125 427325 869840
562050 57766 279602 192286 588790 502699 576248 285295 392525 688276 679864 228790 342853 669414 565043 999999999 372555 535543 497234 303077 256202 317087 384324 676421 611981 738706 592710 604648 479127 278332 380717 341241 471567 282831 233747 374574 651082 250429 200317 291335 313972 436175 318465 551868 346237 392749 157506 502174 286161 578300 392732 758430 450454 720152 434165 442723 735028 416127 487733 587682 621726 625899 99612 333697 628461 335730 442376 554824 354665 586817 136761 353392 330087 322606 352820 297879 574025 649007 468327 694165 411258 259755 560408 460357 137304 914276 803876 145285 300179 671498 642178 313461 820612 232993 444762 105548 220209 71503 446956 592214
429671 319457 640933 537892 910972 860986 829371 550811 670487 822608 714947 297434 508841 644871 926869 372555 999999999 415375 333240 83729 350475 681058 12436 817718 698821 739280 582607 929830 295500 646012 336890 713255 321864 102943 475175 615278 758238 232609 261323 660897 672475 259314 191275 367326 715560 757080 502826 616951 179241 734107 223117 810731 626366 728494 806176 483366 1021873 653300 772476 942156 664969 688840 299858 670896 448187 186554 793794 922327 546094 857780 346888 20424 141654 294820 167636 668848 892681 795112 543243 830166 783214 295069 920678 181164 270939 1168650 744379 320795 627318 780209 849274 594602 1098953 319878 797547 392141 591700 340756 688620 549403
27589 520616 791575 574636 803366 842332 636326 476063 556087 503504 336165 307082 350409 241315 910573 535543 415375 999999999 86035 374117 293674 820883 420527 505875 364035 338389 198387 824608 124405 700786 156054 810142 93524 461850 425132 477447 427599 296612 338704 782214 691633 156063 259203 89046 831722 889127 555186 337404 293529 455855 632511 430575 408781 332250 861957 204006 840423 494533 635475 900520 301710 335988 439075 645123 110709 251148 768079 930514 389786 681789 407641 421173 539964 213084 257517 736139 782005 492332 259282 511207 872385 275927 899786 593382 541647 926942 329015 392001 598923 446503 597633 516019 895816 306381 774533 462753 679099 464825 521698 150221
96556 474243 765346 564419 831870 852439 680356 485894 579341 573965 417771 275966 372639 326858 921453 497234 333240 86035 999999999 299223 278721 797519 337644 574715 435650 423888 279252 852988 38621 691695 143471 795294 26495 387570 425283 502828 499484 248196 296918 761685 689818 76841 194876 54981 813413 868751 540608 393227 230879 515598 553168 513191 451152 417097 856767 249403 885529 525897 666638 916600 379202 411543 398002 651523 133682 183066 778054 936573 414615 722957 379817 340467 462419 182260 183499 725495 810763 558832 311716 581750 860478 245451 911451 509385 484320 985693 412777 359960 604154 519424 654285 529000 946230 281517 784082 438093 662476 429146 556166 234192
392490 254307 578623 458756 827843 781828 746278 467125 586762 748234 652237 214765 427376 591007 848371 303077 83729 374117 299223 999999999 268842 617717 95966 742548 628395 682842 524334 846816 264870 570594 272095 644016 282395 88348 391470 531851 686207 151337 177607 594209 594203 222382 124392 342405 649107 693788 424202 541746 102954 656618 261675 746939 545995 670483 733204 413436 938216 570121 688747 862031 599980 621454 222018 589593 425985 126008 713624 845784 463854 774255 264399 72260 166950 222813 116663 595176 809430 719215 470837 755688 714011 214675 841801 249406 222240 1086209 699764 238032 545440 708284 768634 511003 1015513 237318 717580 311806 518876 263526 605451 496295
321192 258743 498288 285802 587026 581289 480787 223335 335019 491835 437608 56554 158535 414951 650445 256202 350475 293674 278721 268842 999999999 527215 362018 484097 386987 489394 338475 607349 275171 413068 139536 518556 252427 323632 152957 270303 437762 117867 104672 488707 412095 243326 177371 332352 538761 595721 263220 286783 173814 393225 499494 524050 277770 472069 578085 191586 677859 305793 434047 651045 380019 391255 173554 379331 397488 192256 507534 661751 195856 512247 120124 341059 406797 100743 218970 447159 567017 459134 230369 498921 582636 57218 641249 514009 309545 818353 548071 113029 331677 459683 499980 268871 751933 35213 513088 170509 386495 185267 340860 336013
848389 363503 41339 262401 490693 325411 596145 408089 439791 810764 876168 521557 532699 900708 359886 317087 681058 820883 797519 617717 527215 999999999 692113 794925 784874 948226 826931 496625 784721 169950 665854 82082 771116 583305 417621 479146 802002 559301 506675 46013 223441 744043 631633 852451 51187 76109 270946 678457 601106 703429 639034 933155 592044 927332 185585 679443 673620 507173 487027 405865 821718 812666 412354 298988 923082 649356 309585 323700 518321 579004 417702 661045 607430 615842 668119 140069 486774 768244 679613 814239 127528 552146 362484 731710 414882 876446 1039281 438358 312534 817735 702868 397848 760124 517190 306283 359746 150806 374422 520870 842002
434180 330947 651904 550249 923371 873329 841228 563087 682720 832579 722967 309237 520294 651539 939172 384324 12436 420527 337644 95966 362018 692113 999999999 827836 708136 746276 590029 942238 299627 658131 345715 724858 327107 112173 487436 627269 767808 244171 273507 672281 684777 264584 201014 370254 726905 768104 515161 627141 190209 744684 221896 818877 637552 735748 818084 492746 1033981 665195 784687 954543 673394 697646 312193 683325 450431 195563 806186 934502 557725 869809 359314 31104 144139 304815 175728 680833 905067 805372 552985 840153 794798 306406 933004 174050 281112 1180293 749518 333209 639754 789752 860485 606919 1110938 331645 809930 404554 603634 353050 700509 556063
518369 706764 788990 554940 475572 615168 259515 407148 356431 17338 217664 540478 339735 329142 664781 676421 817718 505875 574715 742548 484097 794925 827836 999999999 143016 285877 319639 492974 603943 625562 489004 737219 563563 806517 443002 321511 82763 594207 588617 749064 577759 608261 626988 594807 773888 831251 567564 200861 640071 98284 983582 193007 226004 268839 720574 340183 411403 288589 344101 626190 216518 178856 633573 501249 589462 634181 560567 709270 321855 307963 561646 812547 890469 523040 657416 658762 457654 27688 276738 19315 768190 531121 651435 991856 776308 435031 413341 572827 482391 71551 148318 402131 435915 519193 567749 571438 653568 623079 274682 373574
375717 632445 771648 527652 553548 662556 344108 377554 370966 139518 104651 440936 270762 196863 720790 611981 698821 364035 435650 628395 386987 784874 708136 143016 999999999 183907 177110 573258 466597 621876 363288 739059 426313 699546 389068 309923 63844 486126 490271 739116 583592 474730 507747 453076 772685 832383 531335 110831 525524 127921 879589 149732 194348 162843 743639 215477 527392 292612 397244 690758 78097 42964 552155 511324 446501 512627 598042 758511 270947 395295 484001 695800 784566 405640 533997 657863 533357 133961 158865 147196 781285 425644 707821 877017 693551 575026 305732 489436 480718 84137 261989 388874 564491 421793 605391 507116 635900 550074 295980 230909
336157 747812 931039 686584 736098 845634 523835 541235 550968 273165 79280 534592 417338 97074 904489 738706 739280 338389 423888 682842 489394 948226 746276 285877 183907 999999999 158901 755508 461518 790909 412880 908885 425815 764801 536569 484622 211536 561722 581823 903178 757186 485993 558628 418267 940703 1000846 684475 273421 585485 308719 944073 115930 369949 21515 921318 297857 695639 472313 581149 874651 126966 144481 662916 687544 378216 557536 780006 941566 430175 574945 603152 741342 848540 470257 572525 827566 716158 291427 273652 278410 955301 511107 891554 920284 796310 710746 127573 601505 653425 215236 429063 559695 721476 520382 787343 638712 797581 670626 478550 191171
204851 596951 805566 565036 691725 770420 497065 430484 470201 314543 138524 380010 297034 76714 834549 592710 582607 198387 279252 524334 338475 826931 590029 319639 177110 158901 999999999 712515 314790 679644 253980 796818 276539 605925 409360 394480 237858 403621 426087 783329 654255 333869 400014 285924 825533 885573 557260 196238 426592 290724 785346 234269 292400 146215 824210 151146 692352 395081 525435 813181 105726 142305 511453 591749 270306 399401 699573 864721 321495 546889 456005 583923 689757 311735 415263 716621 670573 310836 152171 321973 849743 355027 822345 763769 641287 751825 213708 451488 551663 254617 432621 458319 736213 367438 706704 497047 676624 522836 412095 53981
848470 660484 516500 412381 21243 183967 234293 385129 274964 509918 677036 646913 480379 760837 198816 604648 929830 824608 852988 846816 607349 496625 942238 492974 573258 755508 712515 999999999 863243 364198 714302 415231 830176 864624 459793 350162 548488 712764 672012 462831 308469 841311 782602 897338 451904 488820 447560 516288 771427 446789 997021 682835 423484 735045 335084 621892 184715 330098 189740 146880 644779 615385 638492 270975 933497 798546 188614 252865 438410 185016 583120 914921 927719 702634 825041 373141 42637 476405 576265 508676 402106 662635 186556 1056227 741859 387651 878987 609044 307389 551716 348256 339618 266862 627193 191003 543305 427834 602050 304715 755298
134893 452509 751370 558765 842246 854501 698201 489952 588559 603923 453234 264637 383571 364576 923652 479127 295500 124405 38621 264870 275171 784721 299627 603943 466597 461518 314790 863243 999999999 685781 148969 786342 40381 353106 425719 513570 530305 228704 279686 750297 687194 45132 167950 78642 802838 857072 533150 417889 203975 541068 516265 549030 469670 454285 851948 272287 903222 539056 678849 921147 412905 444286 379520 652794 162219 154195 780327 936565 426058 739366 367951 303285 426339 175157 150913 718721 821322 587068 336005 611724 852628 235422 914031 470967 457349 1009440 451316 346378 605192 550644 677823 534058 966205 273118 786140 426956 653300 412902 570460 271205
728290 335721 171006 127277 353470 228676 429577 250579 269910 641545 716600 423406 382612 750810 287761 278332 646012 700786 691695 570594 413068 169950 658131 625562 621876 790909 679644 364198 685781 999999999 551536 118010 665330 560570 278106 313044 635414 475403 423544 124667 59022 649689 551436 745416 150849 210535 153923 518340 526983 535135 661570 768670 427750 769690 167120 537837 527757 338716 320986 315347 663945 651970 348847 130161 808247 569452 179876 276825 361821 416546 325156 627679 606934 510900 592273 36983 344758 599048 528786 644875 172364 450966 284030 737050 409835 726650 888692 350731 143598 650447 533671 233002 615670 412801 179976 267303 65668 307235 351174 700725
183255 369494 635958 424443 693318 709003 554294 342734 439590 492048 380178 151929 235083 324290 778038 380717 336890 156054 143471 272095 139536 665854 345715 489004 363288 412880 253980 714302 148969 551536 999999999 658046 118317 352072 282027 364818 424175 154061 187947 627914 547372 131232 147976 195054 678233 734993 402695 291615 172691 414193 531938 475155 328161 399549 715439 149179 758627 391303 530432 773766 328588 351956 285981 508057 257959 150364 634632 793184 277676 593741 251587 335504 436217 62076 170765 586054 672418 468591 212316 499765 721811 121123 768086 516923 399481 874472 444723 236364 460706 445905 544114 386235 824460 150327 640640 306969 526028 309609 423404 232631
837725 394037 110396 236531 409864 243461 526072 368510 380845 753546 834412 521773 499845 868417 280463 341241 713255 810142 795294 644016 518556 82082 724858 737219 739059 908885 796818 415231 786342 118010 658046 999999999 768805 619860 392084 429540 750833 567378 514528 61402 159462 747988 642259 849723 38794 94151 255351 636181 614502 649030 693705 885172 544759 887653 109679 653604 593585 453055 417140 324781 781919 769653 428128 236095 915893 660270 229310 248045 479788 505500 419346 693810 653218 613160 681216 81353 406711 711195 646355 756490 70017 551032 282272 780702 456167 796870 1006433 442897 258866 765253 636709 350351 679648 513961 225613 360110 133044 387528 462639 816698
110098 449476 739033 538056 809098 827241 660920 461042 556070 563550 414733 249581 349841 329236 896297 471567 321864 93524 26495 282395 252427 771116 327107 563563 426313 425815 276539 830176 40381 665330 118317 768805 999999999 370554 399628 480069 489997 223192 271276 735218 663782 62553 173107 81335 786924 842290 514147 378074 208812 501119 539389 510776 431984 417755 830507 232808 866061 504128 644535 892007 373377 404385 372485 626118 157861 162566 752889 910978 392059 702785 353418 327712 447363 155767 165815 699080 788054 546731 296228 571351 834019 219011 886378 500235 461562 969990 422514 333711 578689 510383 638384 504428 928059 255023 758871 411642 635982 403195 534916 234800
480622 226768 542719 460884 846724 781539 786383 496795 616959 813456 730393 267107 479093 674502 845643 282831 102943 461850 387570 88348 323632 583305 112173 806517 699546 764801 605925 864624 353106 560570 352072 619860 370554 999999999 423126 570597 755071 213584 221212 565546 592113 310729 207429 430389 619802 659066 425079 606979 179382 716797 180701 823908 599930 751620 716420 486904 970647 610881 718983 864867 676605 695836 226145 598914 513854 211853 717325 837346 511712 809823 286330 82637 85103 297706 204740 580688 829546 782058 540786 820712 689512 275693 840325 195798 169807 1129076 786168 263029 558017 777174 820103 537999 1051136 289176 720490 321332 502978 263834 645968 580476
452441 268922 396639 156577 440027 428941 364687 75737 195441 455196 469022 187230 120010 483570 498110 233747 475175 425132 425283 391470 152957 417621 487436 443002 389068 536569 409360 459793 425719 278106 282027 392084 399628 423126 999999999 150281 422064 252981 214228 374338 266646 395834 323556 476957 418332 477958 148485 278271 311666 344778 580956 538366 217012 516311 436873 262419 548364 191985 297600 498093 412213 409261 208556 227096 534198 339964 354947 511358 122116 386698 138492 461922 497465 253222 366202 314423 420759 415510 264048 460932 450470 204942 488702 618905 345106 707859 622133 160157 179476 441698 414103 120484 628062 168129 360629 130017 267655 186999 226019 425469
502303 415623 469900 233500 329055 376620 215795 90128 78994 336241 407907 318748 130230 457779 442076 374574 615278 477447 502828 531851 270303 479146 627269 321511 309923 484622 394480 350162 513570 313044 364818 429540 480069 570597 150281 999999999 322873 385171 354901 433143 273745 493415 447486 547630 463837 523201 248050 211718 442992 226151 731101 455695 115677 463146 436861 278562 407786 41975 166266 425780 358509 342356 358825 202929 587505 461824 305138 470376 88368 242676 288436 603605 646695 358361 488557 348564 307987 294039 244525 340610 471670 327487 430279 766266 493839 558632 591670 308833 170850 338699 267605 81565 483675 296797 312248 276188 333756 335677 75807 427901
438781 675588 791850 550685 529738 653599 314856 399854 373659 76703 138209 492974 308312 246957 708167 651082 758238 427599 499484 686207 437762 802002 767808 82763 63844 211536 237858 548488 530305 635414 424175 750833 489997 755071 422064 322873 999999999 541503 542095 756004 592698 537819 566970 516645 785933 844850 558215 151942 583254 106969 934363 139002 211940 192769 746071 275347 484759 298071 383150 674018 133886 96257 597746 517937 508086 572583 593175 749170 300471 365601 527716 754547 839865 463978 594551 670408 510468 81010 215382 84199 788306 479827 694963 935361 740195 517730 338722 535476 492181 22108 217822 404191 514997 472907 600501 545569 655572 592313 293799 291839
321377 226351 524691 352110 693005 667799 597746 328122 445197 600666 521282 66707 276304 476327 736260 250429 232609 296612 248196 151337 117867 559301 244171 594207 486126 561722 403621 712764 228704 475403 154061 567378 223192 213584 252981 385171 541503 999999999 52912 527043 487055 185943 76114 302336 580682 632942 321689 394004 58725 506461 393478 613244 394658 546939 642433 274939 792876 422083 546107 743118 466121 483613 150818 468327 381014 94084 596062 741000 313575 627800 150250 223422 298496 92656 117870 505522 673678 570249 327298 607996 635561 63583 728255 398660 246497 936138 598769 124999 421703 563608 617320 373361 868295 88374 600881 208607 435087 185295 457322 386232
364513 182078 472361 301376 652665 619593 570045 289961 409281 596474 535344 49345 257882 500963 687708 200317 261323 338704 296918 177607 104672 506675 273507 588617 490271 581823 426087 672012 279686 423544 187947 514528 271276 221212 214228 354901 542095 52912 999999999 474174 436943 237765 128143 351579 527779 580158 270153 391389 104584 497025 395127 624342 378762 565733 590437 287212 760662 393840 511192 696352 478587 492380 101331 421698 428430 146192 548648 690976 291060 596963 98853 248877 303162 126598 168751 453228 633845 563499 332367 603542 582800 71115 680030 414550 215308 911344 628364 72815 375761 564060 599068 334291 838362 69476 553238 156351 382342 133255 429154 414618
809773 341540 53761 218325 455605 298271 552683 362619 394212 764870 830806 486095 488310 856743 339645 291335 660897 782214 761685 594209 488707 46013 672281 749064 739116 903178 783329 462831 750297 124667 627914 61402 735218 565546 374338 433143 756004 527043 474174 999999999 179678 710464 600623 816500 54905 107138 229177 632959 571253 657440 633773 887288 546142 882233 170976 636590 636805 461209 443686 381822 776563 767153 382988 254380 885659 618506 274432 309037 473109 536996 382398 641180 595650 579558 638265 96948 450398 722348 635324 768377 126152 516279 340697 722288 399708 838775 995279 404265 266687 771723 658201 351866 723890 480472 271828 323659 106714 343640 475148 799423
718868 371711 228528 136119 296761 189433 373006 224364 221422 594100 681237 430123 359086 723068 254395 313972 672475 691633 689818 594203 412095 223441 684777 577759 583592 757186 654255 308469 687194 59022 547372 159462 663782 592113 266646 273745 592698 487055 436943 179678 999999999 653629 563003 742396 196502 253513 170011 483765 541484 490050 703799 728141 389422 735784 171587 517845 469149 294631 264017 273731 630474 615876 372707 76752 800844 580814 129823 254035 333047 358314 338241 654929 644030 512202 604895 83404 287162 551767 502212 597029 198131 455476 248440 774284 449434 667678 859767 364836 103818 606652 479776 197891 557109 416840 131468 283818 119523 331730 303215 679234
171466 408251 710085 523178 820488 824576 685525 463044 566364 609522 471031 226618 364713 389884 893739 436175 259314 156063 76841 222382 243326 744043 264584 608261 474730 485993 333869 841311 45132 649689 131232 747988 62553 310729 395834 493415 537819 185943 237765 710464 653629 999999999 122921 123558 763440 816965 496312 416170 158902 539632 477401 567377 459059 477127 816399 270248 889801 521464 659554 893386 426873 456029 336595 622618 206867 109070 750731 904722 407338 724776 328751 265335 385991 142648 106920 681949 799806 589781 334746 617319 814929 198799 884473 437866 412218 1003983 485066 306200 574960 558798 672891 507883 955595 237221 756339 387964 614996 370967 554015 294831
280600 286777 596074 428199 762536 742922 655793 397489 511903 631595 528133 136837 329771 467368 811533 318465 191275 259203 194876 124392 177371 631633 201014 626988 507747 558628 400014 782602 167950 551436 147976 642259 173107 207429 323556 447486 566970 76114 128143 600623 563003 122921 999999999 245719 654609 705918 397777 426450 36103 545105 385492 623111 442555 546129 718426 292271 854646 482109 611377 817382 476403 498868 219844 542760 328109 18049 670804 816881 369928 688824 226314 188244 290123 104007 42736 581349 742824 604766 351994 639180 710746 120547 803364 369709 289747 989630 579395 200818 495822 588948 665052 443050 927521 155498 675745 284433 510336 257286 516911 373098
82566 527952 820324 618154 876148 902596 717459 535492 625114 592534 422512 330912 417978 321868 971475 551868 367326 89046 54981 342405 332352 852451 370254 594807 453076 418267 285924 897338 78642 745416 195054 849723 81335 430389 476957 547630 516645 302336 351579 816500 742396 123558 245719 999999999 868116 923583 594829 422854 281818 542917 589814 515661 488531 414204 910054 283833 922312 568472 709624 965178 390175 424802 452523 702340 83718 232533 828167 987777 459265 761568 434753 376776 501649 236967 229441 779440 854917 580978 342970 600241 914646 300338 961258 538035 535430 1014124 390849 414940 655163 535517 683927 577867 980074 336180 834310 492956 716988 484003 597528 235594
859307 396290 88126 261796 447101 277192 564692 399558 417462 790115 866917 538331 529038 897934 309276 346237 715560 831722 813413 649107 538761 51187 726905 773888 772685 940703 825533 451904 802838 150849 678233 38794 786924 619802 418332 463837 785933 580682 527779 54905 196502 763440 654609 868116 999999999 60206 276809 668658 625553 684874 683812 919501 578596 919562 134565 680644 631243 488613 455709 356144 813784 802485 437509 273254 936172 672527 267118 272523 510825 544293 434911 695801 648328 631164 692534 115566 444442 747704 675956 793177 77461 568233 312213 774179 453250 834699 1036231 457326 293764 800699 674902 383822 717018 531935 263186 375893 152750 397910 499211 843754
916695 439600 116355 321380 486104 307964 616737 459739 474931 847610 926947 593060 589176 958076 328598 392749 757080 889127 868751 693788 595721 76109 768104 831251 832383 1000846 885573 488820 857072 210535 734993 94151 842290 659066 477958 523201 844850 632942 580158 107138 253513 816965 705918 923583 60206 999999999 335074 728680 675856 743177 710168 978894 638190 979693 156368 740350 671231 547161 508258 379944 873917 862435 487165 330030 992774 723718 310033 284614 571016 593749 489292 737045 681615 686658 742894 174637 485507 805279 736119 850514 88341 623320 333781 804785 490310 875051 1096395 510832 352741 859354 729011 443515 755521 587597 305220 430677 211265 448640 556726 903426
582775 212926 248326 35905 431447 358178 430550 160427 246372 581530 615629 269787 267165 631851 424224 157506 502826 555186 540608 424202 263220 270946 515161 567564 531335 684475 557260 447560 533150 153923 402695 255351 514147 425079 148485 248050 558215 321689 270153 229177 170011 496312 397777 594829 276809 335074 999999999 421422 374124 470293 549461 681066 346878 664052 321042 408781 579315 286291 335463 440186 559400 554462 202968 176930 660553 415770 292304 422796 260389 435835 171473 485516 482176 358857 438886 185654 416535 539906 412478 586396 319875 297864 417868 611802 294417 762773 770372 197388 142894 576454 509617 173282 665602 260051 295613 114645 124059 162398 312174 571118
356029 524559 663718 419134 495488 580893 305154 270367 281659 206688 198268 342541 160089 250212 643135 502174 616951 337404 393227 541746 286783 678457 627141 200861 110831 273421 196238 516288 417889 518340 291615 636181 378074 606979 278271 211718 151942 394004 391389 632959 483765 416170 426450 422854 668658 728680 421422 999999999 439216 123496 785188 260173 99550 252023 648564 146110 506043 203858 329479 619166 146868 134214 445971 414550 437013 434102 512284 676245 161384 353695 376369 611686 691349 322448 457816 554827 474335 178334 81891 214061 681883 331292 630633 791100 588312 592490 380933 383607 380013 173565 261322 286387 558581 321991 519555 397016 528578 441602 217200 240400
315531 252242 564904 405794 751692 723989 654589 386845 503814 645551 551622 125261 331030 495778 792194 286161 179241 293529 230879 102954 173814 601106 190209 640071 525524 585485 426592 771427 203975 526983 172691 614502 208812 179382 311666 442992 583254 58725 104584 571253 541484 158902 36103 281818 625553 675856 374124 439216 999999999 555178 359478 645713 447443 572238 693539 310781 850777 479352 604580 800204 498520 519175 188752 525416 364188 50900 652762 795511 369496 685473 203273 172590 263700 120148 67039 555839 732388 616984 367883 653030 683460 117094 784437 352242 253646 991653 610791 176856 479084 605331 670391 432070 925590 146473 657441 259743 483425 227644 514504 402387
472467 609361 695666 458814 427419 546690 216241 309900 269366 111345 230422 449778 243886 322845 601743 578300 734107 455855 515598 656618 393225 703429 744684 98284 127921 308719 290724 446789 541068 535135 414193 649030 501119 716797 344778 226151 106969 506461 497025 657440 490050 539632 545105 542917 684874 743177 470293 123496 555178 999999999 892059 245970 127849 288307 640372 269599 402622 196421 276655 568629 203740 170802 537394 414420 550382 553825 486307 642315 223930 267441 465157 727652 799965 441347 578210 569346 407584 70734 205270 116568 684114 442929 588576 905107 679908 471210 432920 477319 391537 117545 143012 307513 445952 427970 493626 473452 559697 525729 188385 341880
648857 336540 597907 584734 980794 889921 945280 650513 768327 991129 910952 443116 650944 852649 948714 392732 223117 632511 553168 261675 499494 639034 221896 983582 879589 944073 785346 997021 516265 661570 531938 693705 539389 180701 580956 731101 934363 393478 395127 633773 703799 477401 385492 589814 683812 710168 549461 785188 359478 892059 999999999 1004594 771969 931318 799623 667520 1119675 772528 868574 976152 857295 876452 373052 726229 671174 387652 833319 931320 680508 963894 442683 213122 95791 478370 376135 673465 965464 958593 720739 998274 759634 454536 945488 109997 255449 1288285 960186 423475 690889 956444 988808 687897 1203104 464444 835246 463433 597747 402030 806902 757969
433179 775977 920732 677087 664688 792522 448542 526684 510968 177398 96389 575275 419385 198399 846589 758430 810731 430575 513191 746939 524050 933155 818877 193007 149732 115930 234269 682835 549030 768670 475155 885172 510776 823908 538366 455695 139002 613244 624342 887288 728141 567377 623111 515661 919501 978894 681066 260173 645713 245970 1004594 999999999 341213 108749 883990 338499 602792 434160 521768 811459 147306 133239 693826 654282 484855 624934 732119 888028 420678 498363 627809 810363 908857 526233 643177 804258 645961 206586 294092 180781 924814 556312 833353 991521 833328 600981 234125 631081 626327 131612 341292 535962 620434 557856 739447 654246 784777 694684 432010 280492
430709 481984 580562 338748 402410 481362 229242 187920 182262 238262 292627 333651 121072 349566 543850 450454 626366 408781 451152 545995 277770 592044 637552 226004 194348 369949 292400 423484 469670 427750 328161 544759 431984 599930 217012 115677 211940 394658 378762 546142 389422 459059 442555 488531 578596 638190 346878 99550 447443 127849 771969 341213 999999999 348441 551468 205110 434395 104310 234428 520910 244753 226926 411615 318034 514724 453640 412810 576695 96260 273189 339092 618013 681585 341745 479436 463611 381060 198555 153287 243932 587320 331463 531411 791707 553636 548403 480261 352713 286382 229665 222949 194825 496803 311225 420090 345630 444350 398451 119956 332428
331735 730158 910370 665831 715559 824250 503797 520150 529460 256731 58211 518152 396888 92614 883223 720152 728494 332250 417097 670483 472069 927332 735748 268839 162843 21515 146215 735045 454285 769690 399549 887653 417755 751620 516311 463146 192769 546939 565733 882233 735784 477127 546129 414204 919562 979693 664052 252023 572238 288307 931318 108749 348441 999999999 899822 280496 677404 450805 560064 853593 105778 123063 645473 666064 378178 545616 758538 920175 409166 554947 584924 730044 835666 455982 561315 806325 695552 273192 253977 262273 933905 495245 870300 909624 779782 696591 146004 583814 632036 197691 410566 538342 704740 503486 765875 619649 776732 652433 457144 183095
889297 489657 219012 293266 334076 152263 486413 395502 373235 737581 844044 590344 530239 891764 175248 434165 806176 861957 856767 733204 578085 185585 818084 720574 743639 921318 824210 335084 851948 167120 715439 109679 830507 716420 436873 436861 746071 642433 590437 170976 171587 816399 718426 910054 134565 156368 321042 648564 693539 640372 799623 883990 551468 899822 999999999 689311 519013 451106 381908 224371 795370 778262 512721 234086 970625 736453 167706 138676 502716 456772 492205 787271 755019 676861 759101 138263 335634 696279 672040 739446 68078 617607 179050 883711 556988 722561 1027474 517645 272574 757915 604054 366068 601889 579292 161537 434103 214521 471188 452282 850346
226855 449979 656678 418980 600654 651665 433677 294035 357540 342926 248151 238764 159853 227651 718590 442723 483366 204006 249403 413436 191586 679443 492746 340183 215477 297857 151146 621892 272287 537837 149179 653604 232808 486904 262419 278562 275347 274939 287212 636590 517845 270248 292271 283833 680644 740350 408781 146110 310781 269599 667520 338499 205110 280496 689311 999999999 638479 291980 432352 704263 191762 208934 365067 461581 311683 297333 578365 743115 193834 478296 306339 480367 572001 190653 319216 574629 579256 320436 64499 350654 709611 218100 707173 661665 499820 737197 364618 303715 418141 297194 405584 328241 697200 223214 585174 345968 529976 373600 318064 163131
