NAME : synthetic_000364
TYPE : CTSP-D
DIMENSION : 100
GROUPS : 8
RELAXATION_LEVEL : 1
EDGE_WEIGHT_TYPE : EXPLICIT
EDGE_WEIGHT_FORMAT : FULL_MATRIX
EDGE_WEIGHT_SECTION
999999999 232869 84405 814706 955800 193518 1095881 528774 217634 536099 630405 788650 313998 299030 686520 592132 393944 444905 890786 52268 589912 550233 272949 897669 838360 324480 288504 263805 663790 765891 686218 182599 146089 476302 445656 790239 696351 1035050 451952 694875 590135 111843 786983 692505 194050 559113 613287 545749 273299 650477 571428 338749 267049 349923 538558 532538 711875 589968 685438 682994 382276 219169 542108 866381 818707 644051 383844 637992 278279 824595 545524 152895 235534 849674 647194 338758 401084 119042 698528 829689 67290 155693 785455 476724 876974 283460 268891 179433 166946 531148 990380 694368 350225 268292 434722 356691 742711 884676 406588 244171
232869 999999999 258926 652458 728243 313038 875040 308758 274660 341599 516823 637029 346783 227294 476716 435654 365024 262711 671077 266963 436107 346443 184574 670447 610704 178201 487348 303544 454424 544605 489889 64449 277822 289049 220922 631895 672949 812171 335536 670488 565614 341952 605102 497668 378495 364216 390479 351260 458296 604551 340981 198524 167405 256374 322729 430079 497468 428507 476741 484172 222204 219743 324385 643434 607381 413695 349819 407243 317370 629156 411550 106956 195886 680464 416747 126162 267486 335882 467438 605840 166421 344720 573037 287949 657741 479208 236864 111983 243180 519911 759437 463848 317256 275662 213899 390207 570596 671600 175865 206075
84405 258926 999999999 774224 986516 109534 1133849 526523 144015 587531 704356 744394 398194 372656 672891 554177 326269 424168 929635 45194 550986 597752 236986 928883 869056 300276 230088 189224 650294 760414 664232 225344 229731 456241 450302 748566 780178 1071095 405744 778659 673598 109572 845090 669561 124168 539611 649257 526476 205866 732862 580458 401195 236369 422143 579458 607282 701189 554067 671068 662494 356855 164073 537607 861550 863379 651867 318018 664164 362387 877494 500879 156629 310211 811620 673918 340879 364218 84053 707303 864766 108552 225501 772168 529553 916200 222783 346786 170857 97767 614985 1015193 720798 430695 201755 471719 441062 707629 928368 419877 196824
814706 652458 774224 999999999 763212 719461 931758 404582 649725 765986 1036037 49087 996327 859410 272586 222821 491176 389758 807640 813081 224800 738663 542073 734563 698433 494622 903585 618960 280268 337677 210132 713600 917169 364808 476973 28092 1270302 869094 369215 1267229 1172341 883435 948644 200364 820950 302009 662218 312721 859172 1188926 459972 793833 547753 868072 684452 985492 291602 226538 267149 222210 438748 610761 386346 370536 826330 444129 489989 588173 968811 915027 274180 670887 844348 44814 594413 529804 413625 850639 454116 736797 758453 964966 268232 759898 803564 892127 881645 640088 681176 1140082 724648 603132 950101 587467 648430 1037867 88098 853917 532176 577490
955800 728243 986516 763212 999999999 1022182 173958 527149 964317 459641 626892 796245 878848 743259 519019 726694 942571 668193 116658 994474 734313 431678 819012 58240 117560 751618 1211828 972444 525331 427667 586689 773212 943228 648396 564104 770219 901508 107487 802942 898008 854054 1067288 375702 593558 1102258 606814 344413 611060 1178989 819358 442469 661248 806381 705493 424223 657320 487638 711457 525222 575143 722807 899875 529371 405063 211905 391972 929182 323688 877761 301069 780855 830711 786089 745983 313580 663335 765737 1064008 347805 134077 892179 1027026 494984 514143 127512 1202913 789331 823072 951476 864870 79637 267641 786803 932740 521609 893672 699246 173338 575260 867524
193518 313038 109534 719461 1022182 999999999 1177608 529204 71813 654050 796815 684895 506089 467879 656248 507421 242303 407087 976163 151732 502948 659462 217083 965760 905956 288552 201250 102374 634370 752693 636608 298950 339240 438348 465134 692544 886872 1112839 352755 885257 779637 188397 916594 640525 102350 518937 696099 506597 161562 836943 595717 484115 224610 515089 633705 701329 687807 510217 653483 636914 337887 129645 536952 853031 917895 663638 237769 698688 470131 942192 446200 207023 407631 759645 708923 359750 328003 146725 719050 907233 200805 330569 753971 598837 963336 190586 446874 203903 71252 721830 1043056 754541 532997 132305 524434 549497 661305 981025 446978 166850
1095881 875040 1133849 931758 173958 1177608 999999999 697123 1122863 573315 679046 966426 981085 857805 692516 900625 1111236 837542 205137 1137770 908236 551520 980477 220302 277085 915006 1362090 1133934 699172 598888 759888 914195 1067199 819028 727684 940053 937942 67654 974147 934583 909453 1207710 408372 766574 1252836 780026 484593 783945 1331353 862487 610886 781626 966981 814578 557343 730957 660666 885376 698709 748460 889612 1058714 700397 566885 287870 564137 1097514 481796 985375 334159 954365 980205 907412 912218 471325 822104 934507 1208232 521381 270375 1034830 1151984 664103 632136 219074 1353686 904082 975578 1106444 931251 210055 428322 887312 1094902 662647 989148 870588 222561 733113 1027827
528774 308758 526523 404582 527149 529204 697123 999999999 462633 365623 632822 407771 622313 475317 172656 244139 415707 141215 516429 550141 249892 341312 312919 476826 421219 241369 729435 460806 151776 237271 204392 372662 585655 122243 89298 392510 867021 629527 277756 863896 771141 628180 579541 213856 623018 113087 286498 108478 690762 784896 88223 400470 304600 475011 287493 581037 189465 229427 173906 195083 200783 399887 18780 337607 495790 139353 402600 234703 600187 564224 275524 377600 474742 419528 244397 190040 239069 610467 192886 439943 462022 653220 265403 355515 506907 719133 505610 356686 463612 742577 530941 276695 562344 419993 244330 659686 316487 543701 143596 363526
217634 274660 144015 649725 964317 71813 1122863 462633 999999999 615115 778763 616166 516562 457188 585456 436165 182963 337098 923393 189118 431823 617316 149750 908595 849032 221266 271544 46170 563710 683000 564929 274840 361267 368047 402942 623028 890926 1057344 281867 889064 782571 243735 879080 568787 173992 447972 645110 435759 230321 835296 532376 460597 159563 500844 587343 685901 617378 438709 582586 565341 268145 64469 469487 783037 869577 598786 175749 641872 480606 899878 375912 176120 401106 689442 652242 301132 256291 205640 653925 852801 201570 368416 682872 562507 910919 260623 442928 162739 51225 727196 982087 697027 530888 62637 478686 561442 590201 931399 389861 99182
536099 341599 587531 765986 459641 654050 573315 365623 615115 999999999 271876 772631 419536 285591 505111 603729 671841 449787 370985 582657 608440 34682 500349 403440 351517 456467 817162 640230 491316 503504 557826 362212 494098 453210 317680 756115 530104 518484 583645 526708 449984 646473 264059 567698 711268 477582 145426 470944 792677 444080 308066 208534 483312 245901 83604 242519 501660 590059 509166 546493 463300 556823 382656 572402 287488 345763 656225 223207 418227 289966 619076 447046 334165 775644 224794 350569 519596 653337 369906 325583 481337 578940 566555 59845 356628 810213 331924 453187 584697 440863 515614 256768 328436 607905 148779 436670 678458 354094 279908 536123
630405 516823 704356 1036037 626892 796815 679046 632822 778763 271876 999999999 1040564 374705 331872 776982 863507 880025 698413 513630 682609 867481 302550 699649 581607 546945 674747 916369 814280 763022 771535 828946 503953 527520 707588 573682 1025122 277933 644686 820293 274407 230639 724319 271001 838808 824037 742523 401921 734679 903691 193337 579793 319636 682163 282357 355298 98283 773175 850729 781016 817768 696634 732141 650551 833228 415764 616033 864570 484307 396478 345133 869989 603021 395022 1046906 483341 576409 752151 746337 635410 505318 598237 602899 836678 278731 500970 912356 363101 621386 736633 255332 699482 504184 294494 790484 395212 361409 948187 468176 526554 722483
788650 637029 744394 49087 796245 684895 966426 407771 616166 772631 1040564 999999999 982939 849561 292694 201778 452384 375720 835438 784369 202150 746734 515733 765153 726503 472989 865463 583503 296878 368759 226022 696626 896242 353550 473879 27439 1268223 902829 338692 1265219 1168450 853055 965588 216797 785669 299539 675910 308834 821002 1188079 470481 787420 522700 861073 692509 985995 316103 208560 286845 238516 418834 580388 390227 410175 849230 461976 452216 604748 954330 935337 243736 648115 831039 92899 611620 517166 388547 819037 477221 763163 734497 940700 302538 762756 830682 854013 869514 616811 649860 1133972 760903 623765 940799 553609 649042 1025314 100723 879811 527692 548372
313998 346783 398194 996327 878848 506089 981085 622313 516562 419536 374705 982939 999999999 151440 794814 782041 671064 607399 784920 362644 782686 449375 506173 822938 770708 521181 574263 561001 774086 839514 820765 291772 176088 631521 534824 976767 382924 931388 677116 381572 278304 380101 602720 829416 499416 700412 551706 688193 571479 343556 620132 236878 492043 175508 470353 282027 808072 774409 796208 813256 568695 494277 640457 929372 693673 685733 657906 612323 36051 661908 757522 369739 151999 1022042 617935 466540 611141 411969 729722 744782 315101 236153 883460 368357 770588 572633 116731 399925 466071 217949 934711 659613 93829 553086 411653 45603 912453 758527 478967 503144
299030 227294 372656 859410 743259 467879 857805 475317 457188 285591 331872 849561 151440 999999999 647137 651232 583897 474827 656482 351105 652717 311647 406749 686167 631602 405187 586505 496586 626890 688655 676522 189877 215750 496038 389521 841359 446903 803963 562332 444557 338954 397395 505563 685452 492277 559646 407585 547971 572263 382371 469176 86534 390456 51656 325430 234629 658979 642213 648818 668417 445490 418579 493744 777998 570444 534338 569318 463795 138803 554286 634630 286459 63598 882645 469908 333504 493753 416237 578351 609601 267642 299687 734009 229151 642116 581996 46340 310811 411630 292696 794709 512875 91569 478672 260349 184951 773829 636749 333164 416958
686520 476716 672891 272586 519019 656248 692516 172656 585456 505111 776982 292694 794814 647137 999999999 217171 489654 250282 546329 701772 225036 475368 442010 481646 438361 373521 856999 572469 22732 109034 68769 541122 754533 218443 261388 270129 1025138 626503 336450 1021901 933195 779153 676090 76920 755848 137651 391672 149698 815431 941128 197607 570355 438698 644505 421855 736148 36310 203245 6216 56635 319394 528113 154896 201274 556563 171687 480277 315913 772843 643163 281734 533635 647375 274094 321943 352830 332360 756575 185018 472577 621272 818855 99314 507829 540720 846068 678145 508766 597620 908266 496669 331322 733093 532618 405906 831803 191974 588503 316251 490525
592132 435654 554177 222821 726694 507421 900625 244139 436165 603729 863507 201778 782041 651232 217171 999999999 298440 176449 738844 591927 7865 582093 319929 684263 635111 272189 699608 410401 204932 325224 162252 494882 695299 158504 289832 199335 1078013 833599 155121 1075120 975940 663698 823461 160901 609744 132702 530080 135675 655749 1000044 325043 593084 325095 665659 529109 801273 253101 15532 211506 169462 217221 392068 230523 408126 731360 344552 292921 471943 753023 805541 70575 448218 630325 257880 480774 317792 191248 632494 380159 662587 535640 742150 290742 584992 731170 688218 669415 417317 463370 938765 710755 505385 742738 375353 468307 824793 154213 773522 339318 357467
393944 365024 326269 491176 942571 242303 1111236 415707 182963 671841 880025 452384 671064 583897 489654 298440 999999999 274496 923585 371034 292184 664588 180616 891236 834321 215679 413103 140854 470831 596706 451257 394233 531367 296610 389675 463409 1029873 1043815 153227 1027653 921363 426063 930466 452433 338382 357861 661725 348814 368639 965935 500461 563448 198010 619219 623031 794999 525155 305955 485317 455193 223785 178834 415168 690580 887426 553704 15655 635524 636074 936547 229171 302631 537420 533696 645964 321848 176842 386648 604387 848353 362595 548171 578616 629142 912777 401657 580859 274583 229369 870528 945462 685075 668005 125741 523795 716659 444907 943041 402636 168621
444905 262711 424168 389758 668193 407087 837542 141215 337098 449787 698413 375720 607399 474827 250282 176449 274496 999999999 653356 455236 178202 433269 191754 617334 561019 123909 608256 328575 228028 345919 241518 324356 531778 32082 133978 369488 903605 770015 142284 900769 800630 531763 690269 247630 505881 115466 404822 102308 567418 826871 226746 417520 188673 489589 383770 630818 280902 167526 247982 238899 69276 278230 141609 445989 625061 279720 261410 366938 579294 684742 171577 293365 455434 418195 377167 141565 97932 507417 331615 577349 382471 586659 349104 422612 643184 597469 493804 265472 347359 762597 671652 413625 566313 287887 305718 649611 308407 676908 172325 240659
890786 671077 929635 807640 116658 976163 205137 516429 923393 370985 513630 835438 784920 656482 546329 738844 923585 653356 999999999 932900 746061 347558 783841 90700 109231 720682 1158393 936733 547867 470791 615082 709233 863718 638346 535181 810838 786593 147499 793662 783105 742384 1002607 259050 623151 1049336 610905 280771 612662 1128360 705219 428278 578437 769637 615017 352230 549888 519650 723321 552478 602831 700067 859638 522711 471524 98072 394375 909294 288145 786923 184597 785437 776771 704292 796231 277675 624050 748180 1003434 362732 76673 829949 948384 542951 428986 14375 1150145 702821 773240 904917 756082 195037 239914 691638 898454 458052 796262 735543 59862 535010 829981
52268 266963 45194 813081 994474 151732 1137770 550141 189118 582657 682609 784369 362644 351105 701772 591927 371034 455236 932900 999999999 589048 595374 272609 936514 876917 331991 237655 234413 679078 785973 696442 223798 190294 487167 470468 787767 745511 1076097 445751 744114 639911 78040 835988 702150 141802 570578 653849 557316 221158 701237 598991 388488 269993 401861 581053 584775 728891 591129 700251 694123 389431 205321 562262 886960 863087 671151 362511 674197 327272 871964 540642 173375 287666 849741 683674 361581 401041 70836 726235 870159 102953 180513 801066 523670 919232 232176 321138 193869 141929 580389 1026386 730792 402034 246094 475282 404360 744658 928730 435745 235997
589912 436107 550986 224800 734313 502948 908236 249892 431823 608440 867481 202150 782686 652717 225036 7865 292184 178202 746061 589048 999999999 587087 317401 691761 642476 271064 694497 405484 212764 333078 169939 494896 694314 161459 293820 200771 1080679 841189 150331 1077800 978339 660460 829360 168476 605236 139025 536060 141524 650576 1002976 331401 595359 322957 667719 534232 804614 260964 22882 219371 177235 216703 388509 236559 415819 738102 351727 286913 478477 753450 811890 63680 446781 631082 260710 487360 319214 188845 628930 387660 669769 533920 740399 298343 589083 738336 683097 670397 415740 459680 940772 718540 512297 744255 370777 472271 825590 158378 780524 342698 354193
550233 346443 597752 738663 431678 659462 551520 341312 617316 34682 302550 746734 449375 311647 475368 582093 664588 433269 347558 595374 587087 999999999 496760 374807 321429 448917 827812 640255 462271 470546 529678 372763 516171 434533 299783 729565 563829 494811 569852 560419 484528 661407 266201 539550 720800 454042 110820 448062 801825 477672 279292 231160 480059 274592 54250 276873 470680 568098 479592 518154 451531 557499 357772 538237 268855 313668 649048 188708 446496 282858 600664 453048 356938 747128 190159 342758 507477 666202 336223 297953 493134 600826 534452 82496 333293 820501 357804 456791 589313 475512 485355 222273 359333 606591 141619 468047 651480 335193 266688 534849
272949 184574 236986 542073 819012 217083 980477 312919 149750 500349 699649 515733 506173 406749 442010 319929 180616 191754 783841 272609 317401 496760 999999999 764088 704920 71616 418191 153530 419781 536165 428467 219059 387902 223579 255376 517391 853633 914270 180886 851300 745511 346306 762670 433449 314369 305981 509715 293171 378484 787556 383481 382869 17541 439892 460099 614402 472503 318654 439627 427355 122647 87442 320077 636794 736267 449182 165318 498681 472647 775427 272988 139768 364575 577793 509154 160443 128699 318563 504244 711485 220571 425558 540669 454027 771859 407621 407859 107983 155610 696770 834188 552782 493392 114615 355181 551535 472112 795922 249036 50607
897669 670447 928883 734563 58240 965760 220302 476826 908595 403440 581607 765153 822938 686167 481646 684263 891236 617334 90700 936514 691761 374807 764088 999999999 59911 697367 1154608 917604 486031 396969 550107 715074 885262 598731 509781 739740 858071 152704 753895 854556 806510 1009190 340589 557519 1045048 561217 286195 564681 1122069 774778 390784 603739 751167 649063 366180 606992 452113 668880 487860 538211 670203 844200 480165 387440 172451 344502 877610 267075 821210 269436 735967 773250 728375 720250 256843 607478 714444 1006129 304105 79287 834153 968986 467179 457177 95985 1145760 732156 766025 894932 814983 118090 211571 731299 878117 463396 838649 666559 150342 519073 812253
838360 610704 869056 698433 117560 905956 277085 421219 849032 351517 546945 726503 770708 631602 438361 635111 834321 561019 109231 876917 642476 321429 704920 59911 999999999 638598 1094699 858450 440779 361585 507126 655789 828228 543409 451075 701790 824743 209981 698850 821217 767655 949802 323172 515030 985139 509543 228272 512288 1062169 740175 334274 548224 691854 596007 309225 564687 410978 619635 444537 494959 612527 784663 425516 366147 157449 292194 820532 207308 767707 259015 684477 713369 672190 687075 197038 547900 657686 946451 256231 48362 774642 911659 433866 403287 106208 1085850 677358 706118 835100 772685 164098 152153 679953 819084 404450 788042 626775 159978 459382 752901
324480 178201 300276 494622 751618 288552 915006 241369 221266 456467 674747 472989 521181 405187 373521 272189 215679 123909 720682 331991 271064 448917 71616 697367 638598 999999999 489506 221833 351075 465590 364491 229534 423269 155989 187589 471521 849259 848397 157345 846713 742557 408120 714866 370159 384868 239335 450863 226211 450029 778568 313456 366614 65370 431146 407968 595138 403080 268197 371444 362397 57823 158931 248475 566427 677580 378132 200132 433704 489842 722426 237409 176441 372503 527525 444216 106169 89971 383519 433039 647241 264798 471072 472611 415383 709076 478999 414366 146239 225437 697884 764728 486724 495445 181533 308182 565543 419364 735545 189437 122208
288504 487348 230088 903585 1211828 201250 1362090 729435 271544 817162 916369 865463 574263 586505 856999 699608 413103 608256 1158393 237655 694497 827812 418191 1154608 1094699 489506 999999999 289614 835237 953938 835316 455208 399176 639414 662220 875981 951986 1298701 544619 951053 851156 194748 1072951 838818 109571 719505 877700 707302 44465 917818 793283 626061 425044 637771 809161 818151 888833 703854 854125 836139 539095 330769 737659 1054235 1093327 862386 413605 888365 541577 1107052 634744 381938 522909 945484 898358 554584 526934 170268 917935 1092362 336093 346498 954336 758824 1145082 11458 553303 388959 266178 789578 1236831 944801 628867 326975 700983 610447 851889 1158171 639227 368082
263805 303544 189224 618960 972444 102374 1133934 460806 46170 640230 814280 583503 561001 496586 572469 410401 140854 328575 936733 234413 405484 640255 153530 917604 858450 221833 289614 999999999 551306 673241 546973 310944 407256 358164 408523 591822 933532 1067779 255288 931612 825026 285526 904204 550130 202170 434919 660985 423324 246201 876466 535266 494998 167116 538788 607334 722719 605594 414332 569185 548344 261454 83866 465894 772163 886929 599039 135539 652145 525117 921726 346931 211733 442094 659728 662610 312700 240197 245809 653501 864742 245917 414196 668282 589535 924615 278288 484424 193558 97203 770295 986559 706312 572552 40854 499881 606046 563415 947506 401723 107076
663790 454424 650294 280268 525331 634370 699172 151776 563710 491316 763022 296878 774086 626890 22732 204932 470831 228028 547867 679078 212764 462271 419781 486031 440779 351075 835237 551306 999999999 126029 70906 518849 732246 196282 240014 275603 1008745 632707 317793 1005530 915902 756479 669199 80356 733770 116405 382016 128099 793799 925080 183250 550856 416297 625162 408432 720160 54625 190427 22376 58471 297213 506044 133700 221370 554073 165100 461128 308366 751785 638612 267138 510905 626198 285106 314971 330316 311376 734007 185188 473254 598560 796305 121990 491971 541712 824332 657377 486042 575386 890088 506182 327477 713337 511325 388129 811394 196665 588307 295242 468454
765891 544605 760414 337677 427667 752693 598888 237271 683000 503504 771535 368759 839514 688655 109034 325224 596706 345919 470791 785973 333078 470546 536165 396969 361585 465590 953938 673241 126029 999999999 167365 607828 819585 315344 323684 343009 1033100 534552 443764 1029733 948091 863945 634305 172269 850399 240275 371199 250872 913308 947347 219497 606420 530867 678130 420787 743968 72726 311664 114274 157674 414904 623374 223901 101140 496946 159952 586824 289077 821193 591077 390673 614220 698238 325582 291814 427261 434479 844464 137628 401718 699239 889320 73469 518885 467333 943213 724345 592125 691026 929897 396812 285504 769191 632856 432974 873038 271730 518977 372494 585927
686218 489889 664232 210132 586689 636608 759888 204392 564929 557826 828946 226022 820765 676522 68769 162252 451257 241518 615082 696442 169939 529678 428467 550107 507126 364491 835316 546973 70906 167365 999999999 554047 766177 209927 287017 204734 1070112 694166 299356 1066949 975214 772549 740063 9873 737998 127496 452192 140854 792632 987261 250469 604017 427872 678652 475582 782704 99337 150322 62606 12514 307400 511568 185613 245880 624111 235988 443499 379205 796564 709354 231216 534119 670648 217982 385863 363774 308642 746775 253403 541223 623061 825493 128867 555239 609421 824151 704194 506822 582679 946961 561945 397965 764908 508472 447585 859687 125763 656978 343408 474356
182599 64449 225344 713600 773212 298950 914195 372662 274840 362212 503953 696626 291772 189877 541122 494882 394233 324356 709233 223798 494896 372763 219059 715074 655789 229534 455208 310944 518849 607828 554047 999999999 213413 351674 284327 692442 635749 852898 385409 633500 527338 294248 621108 561750 349084 428034 430873 415003 430574 572234 401194 186280 203556 228552 357265 411778 561632 488478 541171 548447 278832 230403 388508 706162 639622 473713 379780 456386 260332 652177 466473 99232 145722 742542 465414 190280 319449 294517 526638 647293 120908 281840 637276 304495 695527 448095 188873 121129 234287 477789 808557 512559 274512 290106 252238 336386 632727 705106 236976 227096
146089 277822 229731 917169 943228 339240 1067199 585655 361267 494098 527520 896242 176088 215750 754533 695299 531367 531778 863718 190294 694314 516171 387902 885262 828228 423269 399176 407256 732246 819585 766177 213413 999999999 560755 496880 894550 558085 1010970 568268 556858 454331 204536 721173 773645 323828 639417 600117 626234 395407 519187 608562 285599 377524 265652 519124 429786 774861 690657 754562 760952 478431 352869 601733 916895 781409 680190 519978 642451 142509 769667 657684 249425 160045 948523 650271 402941 509231 235926 731223 811357 170155 84859 850582 435063 849439 397151 172475 281300 310071 393609 988185 696274 233871 407223 430346 215497 839218 847982 447241 370872
476302 289049 456241 364808 648396 438348 819028 122243 368047 453210 707588 353550 631521 496038 218443 158504 296610 32082 638346 487167 161459 434533 223579 598731 543409 155989 639414 358164 196282 315344 209927 351674 560755 999999999 135602 345675 919545 751401 155516 916646 817736 563773 687021 216245 537494 83436 397973 70242 598343 841564 210110 435189 220726 508255 383442 643281 249462 147670 216055 207050 100951 309778 119133 415031 614443 257556 284272 354333 604205 677962 166131 324393 479548 391525 364332 165033 122623 539499 307778 561952 413438 616993 317139 429948 628635 628579 516970 296896 379185 781377 648956 398463 587249 317645 312800 673130 281666 664295 181570 272190
445656 220922 450302 476973 564104 465134 727684 89298 402942 317680 573682 473879 534824 389521 261388 289832 389675 133978 535181 470468 293820 299783 255376 509781 451075 187589 662220 408523 240014 323684 287017 284327 496880 135602 999999999 461816 794394 660948 274010 791378 695450 548318 556549 295997 553884 175086 274246 165102 625644 714287 131104 318187 243609 392790 249821 513104 278715 277202 262312 278928 165984 338617 106510 422755 498287 201617 375039 247229 511915 553078 301408 297094 386229 496435 257737 109423 217788 533555 257135 460874 378468 565640 354675 295290 523990 652385 418101 279449 396461 663519 579173 299365 478038 368665 178475 573042 389546 553366 56406 304697
790239 631895 748566 28092 770219 692544 940053 392510 623028 756115 1025122 27439 976767 841359 270129 199335 463409 369488 810838 787767 200771 729565 517391 739740 701790 471521 875981 591822 275603 343009 204734 692442 894550 345675 461816 999999999 1256040 876656 343133 1253001 1157170 857642 944795 195253 793891 286790 656298 296844 831557 1175264 452019 777335 523499 851331 675315 972461 292132 204191 264408 217134 416221 584891 374606 382889 826215 440549 462377 583939 948778 913266 247968 647498 824771 72603 590572 510318 389239 824497 453935 738981 734683 941148 275994 747996 806287 864524 862592 616503 655069 1123841 734181 601451 932329 560679 635296 1018678 79058 855811 516410 551967
696351 672949 780178 1270302 901508 886872 937942 867021 890926 530104 277933 1268223 382924 446903 1025138 1078013 1029873 903605 786593 745511 1080679 563829 853633 858071 824743 849259 951986 933532 1008745 1033100 1070112 635749 558085 919545 794394 1256040 999999999 910590 1005208 3526 108676 759917 533279 1079802 881905 969265 670389 959495 952301 86464 828398 486937 837359 418311 612324 289626 1026218 1067060 1028469 1059878 884810 860081 885624 1101726 689626 874199 1015504 751580 418256 609904 1071005 729058 493370 1286544 751902 766897 936029 793758 899990 782600 690484 606308 1094225 517623 774523 951282 450205 755575 841809 165204 975570 776939 362282 920194 622743 342779 1182367 737510 740754 861933
1035050 812171 1071095 869094 107487 1112839 67654 629527 1057344 518484 644686 902829 931388 803963 626503 833599 1043815 770015 147499 1076097 841189 494811 914270 152704 209981 848397 1298701 1067779 632707 534552 694166 852898 1010970 751401 660948 876656 910590 999999999 906500 907166 875212 1146886 377385 701014 1189312 712528 422264 716379 1267409 832394 543406 725825 900947 762261 497134 689608 595090 818319 632706 682628 822415 993101 632749 507201 238805 496511 1030135 415717 933993 300960 886954 916768 851670 850783 405284 756366 867055 1146363 454060 206360 973233 1095580 601004 576419 161857 1290160 850303 911391 1041750 893279 155044 361685 837901 1028596 600827 941640 806250 177754 667487 961883
451952 335536 405744 369215 802942 352755 974147 277756 281867 583645 820293 338692 677116 562332 336450 155121 153227 142284 793662 445751 150331 569852 180886 753895 698850 157345 544619 255288 317793 443764 299356 385409 568268 155516 274010 343133 1005208 906500 999999999 1002606 898981 514606 830199 301119 454992 206227 546845 198137 500855 933132 365553 520223 190779 586897 522211 745288 372021 159378 332093 302720 123671 241840 273754 537356 767265 411187 144416 508487 645084 826564 95191 319067 529484 408014 518626 244138 69290 481426 459195 717341 401448 605864 425878 550733 783816 533243 571560 287115 311968 855004 800648 553748 652752 220508 436134 721795 308592 818588 303780 209794
694875 670488 778659 1267229 898008 885257 934583 863896 889064 526708 274407 1265219 381572 444557 1021901 1075120 1027653 900769 783105 744114 1077800 560419 851300 854556 821217 846713 951053 931612 1005530 1029733 1066949 633500 556858 916646 791378 1253001 3526 907166 1002606 999999999 106637 758858 529846 1076641 880664 966231 666938 956478 951210 82997 825133 484190 835005 415715 608954 286318 1022934 1064147 1025239 1056704 882138 858030 882495 1098295 686128 870853 1013268 748144 416845 606467 1068251 726946 491277 1283416 748455 764156 933418 792583 896587 779078 688705 605485 1090901 514354 771029 950308 448143 753395 839998 163742 972059 773458 360176 918152 619607 341626 1179286 734049 737780 859758
590135 565614 673598 1172341 854054 779637 909453 771141 782571 449984 230639 1168450 278304 338954 933195 975940 921363 800630 742384 639911 978339 484528 745511 806510 767655 742557 851156 825026 915902 948091 975214 527338 454331 817736 695450 1157170 108676 875212 898981 106637 999999999 657749 501136 984793 777656 870534 594170 860327 849591 75437 738157 383126 729333 312555 529382 208251 936482 965404 936211 965371 779417 751409 789868 1021673 644318 788271 907035 673191 312933 575727 966615 620394 384698 1190226 674629 662508 829924 690251 817997 728673 582442 507564 1006453 429297 729399 849946 341529 646991 733625 62137 924596 703836 253620 811525 527958 240759 1084693 698386 640842 753338
111843 341952 109572 883435 1067288 188397 1207710 628180 243735 646473 724319 853055 380101 397395 779153 663698 426063 531763 1002607 78040 660460 661407 346306 1009190 949802 408120 194748 285526 756479 863945 772549 294248 204536 563773 548318 857642 759917 1146886 514606 758858 657749 999999999 894288 778062 129778 647209 725065 633993 192531 723564 676500 445848 345031 449028 650377 626037 806556 663638 777548 770510 465200 272768 640271 964950 930070 748770 419429 748574 347024 934013 609792 251254 334210 921043 757894 439543 473779 43168 803763 941478 175713 160628 878465 586879 988785 192621 361523 271820 203644 596484 1100971 805062 434694 305030 546463 417424 817197 996135 512790 306267
786983 605102 845090 948644 375702 916594 408372 579541 879080 264059 271001 965588 602720 505563 676090 823461 930466 690269 259050 835988 829360 266201 762670 340589 323172 714866 1072951 904204 669199 634305 740063 621108 721173 687021 556549 944795 533279 377385 830199 529846 501136 894288 999999999 749555 969253 691162 293528 687840 1050938 455267 500559 448527 745853 455658 308761 331999 660204 808547 681495 727664 714921 820861 592996 668377 168502 504536 914960 360874 614380 76716 851563 709656 565034 948114 354288 608763 770254 905802 500221 275410 737237 804451 706861 317757 248646 1066645 549049 716920 847838 524940 453464 349423 510437 871512 407755 602384 865808 205671 530102 799714
692505 497668 669561 200364 593558 640525 766574 213856 568787 567698 838808 216797 829416 685452 76920 160901 452433 247630 623151 702150 168476 539550 433449 557519 515030 370159 838818 550130 80356 172269 9873 561750 773645 216245 295997 195253 1079802 701014 301119 1076641 984793 778062 749555 999999999 742090 134457 461907 147766 795995 996993 260335 613233 433197 687874 485455 792460 105926 149622 70841 21913 312862 516034 195083 247826 632970 245342 444974 388719 805055 718541 230538 540611 679146 208129 395319 371517 312527 751911 261877 549492 629617 832447 129883 565036 617611 827625 712886 513077 587280 956387 567830 407032 773971 511876 457230 868468 116365 665408 352400 478922
194050 378495 124168 820950 1102258 102350 1252836 623018 173992 711268 824037 785669 499416 492277 755848 609744 338382 505881 1049336 141802 605236 720800 314369 1045048 985139 384868 109571 202170 733770 850399 737998 349084 323828 537494 553884 793891 881905 1189312 454992 880664 777656 129778 969253 742090 999999999 618972 768587 606438 81703 840703 684988 524876 319752 542676 700822 726337 786769 612566 753268 738032 436616 227735 631918 951122 985260 754607 335598 778797 464797 1001223 548141 272633 429016 861431 788787 445762 429619 89658 810197 982993 232448 289954 854057 653508 1036079 100853 462938 279425 159612 717282 1127457 835239 543401 234485 592331 539286 763574 1049849 529879 265323
559113 364216 539611 302009 606814 518937 780026 113087 447972 477582 742523 299539 700412 559646 137651 132702 357861 115466 610905 570578 139025 454042 305981 561217 509543 239335 719505 434919 116405 240275 127496 428034 639417 83436 175086 286790 969265 712528 206227 966231 870534 647209 691162 134457 618972 999999999 397669 13373 677830 888698 192377 492042 303818 566422 400381 686459 170842 117552 134628 123885 183483 391320 98250 337615 599648 217351 347379 339568 674814 672871 174935 406793 549143 323061 348541 238126 194984 622775 259243 534326 495665 698033 235095 464075 602622 708546 584439 379829 461413 838115 598526 374787 649663 394994 349602 740611 214939 643381 230179 353767
613287 390479 649257 662218 344413 696099 484593 286498 645110 145426 401921 675910 551706 407585 391672 530080 661725 404822 280771 653849 536060 110820 509715 286195 228272 450863 877700 660985 382016 371199 452192 430873 600117 397973 274246 656298 670389 422264 546845 666938 594170 725065 293528 461907 768587 397669 999999999 394549 847602 583963 207409 322548 494609 376224 82223 386037 381246 515112 396602 440028 439222 581956 299562 431882 226787 221733 646728 82464 545493 280083 560391 496004 445013 665765 81638 349300 492004 724099 234068 216421 551014 683417 438902 184582 267619 869408 452618 492770 624853 586281 388681 111593 464286 623842 178650 573466 577276 286546 261630 553911
545749 351260 526476 312721 611060 506597 783945 108478 435759 470944 734679 308834 688193 547971 149698 135675 348814 102308 612662 557316 141524 448062 293171 564681 512288 226211 707302 423324 128099 250872 140854 415003 626234 70242 165102 296844 959495 716379 198137 956478 860327 633993 687840 147766 606438 13373 394549 999999999 665755 879248 190905 481116 290806 555395 394649 677442 182271 120956 146890 137246 170591 378738 95177 348904 599259 220277 338011 338596 662401 670988 172803 393420 536801 334679 347775 225230 183733 609696 264064 536015 482291 684699 247642 456047 604124 696370 572340 366476 448674 827391 604394 375453 638171 383265 340958 728559 226085 644063 219612 341168
273299 458296 205866 859172 1178989 161562 1331353 690762 230321 792677 903691 821002 571479 572263 815431 655749 368639 567418 1128360 221158 650576 801825 378484 1122069 1062169 450029 44465 246201 793799 913308 792632 430574 395407 598343 625644 831557 952301 1267409 500855 951210 849591 192531 1050938 795995 81703 677830 847602 665755 999999999 914394 756506 606435 386164 622965 780961 805772 847591 660167 812453 793651 498420 291098 698475 1013353 1065555 824892 369185 855312 537685 1082603 590614 351778 508814 901116 865410 518983 484571 160105 880355 1061224 314120 351037 912411 735050 1115211 33027 541595 356129 229238 788554 1202174 911557 620312 284161 672185 609645 807811 1129894 604850 328071
650477 604551 732862 1188926 819358 836943 862487 784896 835296 444080 193337 1188079 343556 382371 941128 1000044 965935 826871 705219 701237 1002976 477672 787556 774778 740175 778568 917818 876466 925080 947347 987261 572234 519187 841564 714287 1175264 86464 832394 933132 82997 75437 723564 455267 996993 840703 888698 583963 879248 914394 999999999 744023 412979 770872 348194 526571 204983 941510 988704 944568 976857 811436 800239 803408 1015395 607732 788702 951227 665229 376735 531448 995754 668268 434379 1204224 665495 692288 863843 754479 813884 698650 637539 576731 1008977 433309 692854 916148 392384 693166 787493 135143 892554 690490 304649 860420 540607 309360 1100886 657668 661510 799326
571428 340981 580458 459972 442469 595717 610886 88223 532376 308066 579793 470481 620132 469176 197607 325043 500461 226746 428278 598991 331401 279292 383481 390784 334274 313456 793283 535266 183250 219497 250469 401194 608562 210110 131104 452019 828398 543406 365553 825133 738157 676500 500559 260335 684988 192377 207409 190905 756506 744023 999999999 387091 372814 459289 225302 539061 198325 309807 201415 238879 280609 468320 96466 310934 408819 72726 486894 147802 602334 480499 361940 425884 480374 467849 157166 239961 323660 663308 127265 351847 504157 682364 269617 310788 418697 783416 505278 409762 527407 715940 451417 188481 550069 494834 214878 653551 373385 455692 165188 433531
338749 198524 401195 793833 661248 484115 781626 400470 460597 208534 319636 787420 236878 86534 570355 593084 563448 417520 578437 388488 595359 231160 382869 603739 548224 366614 626061 494998 550856 606420 604017 186280 285599 435189 318187 777335 486937 725825 520223 484190 383126 445848 448527 613233 524876 492042 322548 481116 606435 412979 387091 999999999 365564 74649 240329 231564 580063 582811 572428 595233 398513 412566 419163 694058 495966 450445 548186 377299 225306 489589 584070 284483 125857 814504 383481 279970 450934 457739 493211 528204 292644 370424 654352 149516 564129 620243 130267 301816 420531 346565 710651 426713 163244 470854 175197 267143 706980 562564 262129 403202
267049 167405 236369 547753 806381 224610 966981 304600 159563 483312 682163 522700 492043 390456 438698 325095 198010 188673 769637 269993 322957 480059 17541 751167 691854 65370 425044 167116 416297 530867 427872 203556 377524 220726 243609 523499 837359 900947 190779 835005 729333 345031 745853 433197 319752 303818 494609 290806 386164 770872 372814 365564 999999999 423051 443918 597071 468427 323009 436542 426250 120567 95664 312619 631747 720987 439562 182669 485242 458816 759188 281083 128310 349240 582652 495692 145678 134280 319073 494839 697650 211995 418001 537699 436709 757551 414653 392429 96351 160204 680984 822770 539702 477562 129234 338538 537303 476054 780987 234632 61168
349923 256374 422143 868072 705493 515089 814578 475011 500844 245901 282357 861073 175508 51656 644505 665659 619219 489589 615017 401861 667719 274592 439892 649063 596007 431146 637771 538788 625162 678130 678652 228552 265652 508255 392790 851331 418311 762261 586897 415715 312555 449028 455658 687874 542676 566422 376224 555395 622965 348194 459289 74649 423051 999999999 295045 186244 653597 655704 646657 669840 466873 458940 493719 763984 526756 520835 604306 438318 172338 506261 654235 327279 114989 889029 443560 350301 517727 467521 561612 571459 315910 348815 727531 193029 600644 633145 93400 349348 456720 273139 759855 484558 91631 518647 245307 199505 781356 592691 336671 454408
538558 322729 579458 684452 424223 633705 557343 287493 587343 83604 355298 692509 470353 325430 421855 529109 623031 383770 352230 581053 534232 54250 460099 366180 309225 407968 809161 607334 408432 420787 475582 357265 519124 383442 249821 675315 612324 497134 522211 608954 529382 650377 308761 485455 700822 400381 82223 394649 780961 526571 225302 240329 443918 295045 999999999 323485 418063 514977 425991 464101 406161 525830 303779 492364 284660 262426 607619 147248 463505 315345 549459 429570 363151 693144 150898 302451 461534 651718 288662 293506 478121 602809 483143 106150 338421 801313 370401 429849 562796 516314 470635 189721 384083 572131 109273 493261 597240 349034 221424 500811
532538 430079 607282 985492 657320 701329 730957 581037 685901 242519 98283 985995 282027 234629 736148 801273 794999 630818 549888 584775 804614 276873 614402 606992 564687 595138 818151 722719 720160 743968 782704 411778 429786 643281 513104 972461 289626 689608 745288 286318 208251 626037 331999 792460 726337 686459 386037 677442 805772 204983 539061 231564 597071 186244 323485 999999999 736679 789366 739598 772203 621963 641548 599443 814885 452587 584771 779720 465564 301272 399347 801549 511004 297411 999968 466739 501486 676329 648170 611934 528130 501869 506201 804623 228326 536237 814190 264855 531025 642563 208095 724649 495588 197772 700612 337171 274147 897401 511964 461954 634069
