NAME : synthetic_000891
TYPE : CTSP-D
DIMENSION : 100
GROUPS : 8
RELAXATION_LEVEL : 1
EDGE_WEIGHT_TYPE : EXPLICIT
EDGE_WEIGHT_FORMAT : FULL_MATRIX
EDGE_WEIGHT_SECTION
999999999 340051 402301 435414 997134 634785 414967 760806 658111 173388 316981 737293 1059199 967148 821803 607731 891923 589878 367524 410395 806977 852661 139824 752340 262179 748141 854276 956338 605089 695492 494212 175059 272511 773008 222417 215868 1036545 452664 936752 885875 1020429 1077280 780584 932626 974728 1052653 643460 348107 642181 326379 826982 741321 160382 690259 1085283 915600 725659 672565 160917 763765 789590 541188 518105 653782 967307 1028800 562838 580986 788775 949717 322335 761808 979198 891969 113480 786740 171763 781615 1145873 635279 933252 801673 1002010 755536 849790 373313 1101299 1125407 383217 280523 659546 783045 986104 482991 304336 458770 108409 748828 702891 238619
340051 999999999 387024 97961 870727 462319 257644 421092 651747 186445 312182 400358 869115 756500 649628 304989 586979 252730 335363 326513 818625 574536 331910 675932 335930 762500 514860 733614 375042 558602 380294 487760 175229 707243 259964 494481 801855 176380 702206 794553 811841 795629 785369 735550 684838 783215 528521 122722 313082 132476 803427 745802 489130 428670 794448 740797 443508 363415 179734 466557 741971 246118 568789 468404 699734 865696 325898 241160 776238 627620 96176 422689 934021 883456 236672 662267 213558 453414 867906 331364 728390 616274 732434 571989 701063 78372 877286 895079 66934 80869 343613 459802 890226 182681 439186 134758 235583 421023 402756 479271
402301 387024 999999999 412510 596036 276816 169468 661198 276617 298032 92115 614643 676418 600770 440717 672319 646460 503321 51969 82914 440914 567543 267561 350448 142103 382709 774614 599742 314280 306215 130925 404407 221157 372667 191002 355882 684853 562776 591788 483761 649866 774646 409428 559223 693070 735768 249194 271710 645582 255634 441265 369027 437350 412927 795700 530757 469346 720089 366892 524422 393815 623052 183436 302622 655021 635578 298264 539423 407644 737378 291235 697442 587502 515225 327117 388583 269087 612019 833759 695555 564898 430050 689204 387227 456778 465244 737817 765676 357346 414840 694419 597724 584093 354095 173240 386985 341722 584028 764720 302314
435414 97961 412510 999999999 831271 424347 256253 325712 657392 273608 353515 302787 809468 692390 601661 260156 494650 155071 363904 339296 822747 491114 412689 658803 393344 769372 423789 665968 320196 527282 373404 575925 230831 692130 325229 576447 729069 179844 631244 768243 747303 708413 788615 676450 596137 699751 506817 145340 240856 167777 797656 750433 580388 356113 704634 689008 361732 308312 276356 378329 731105 215991 595604 424924 617857 814715 272866 151259 774699 530836 141658 332854 918047 879716 328355 630042 295470 355936 781208 283052 666852 564943 649496 523218 659229 120816 806780 822374 62364 175346 283732 363305 859846 112750 497161 51742 328976 323694 352397 555178
997134 870727 596036 831271 999999999 408891 625347 862291 400793 869124 680481 808704 202684 265840 236611 1047054 620519 805346 630093 593883 379496 511678 863579 257032 738070 396781 954182 306766 514270 314630 513770 986765 767128 250764 778157 928000 349319 1010939 348673 135495 257232 544800 368910 231403 559372 485633 357335 755184 971723 757525 296269 379468 1023846 518682 589971 175784 557641 1063538 933404 596480 265302 1029005 548065 406349 465887 112694 559292 868473 330590 725683 789324 927019 234349 325475 911342 213488 847989 740235 552578 1058874 254748 278326 476951 312589 172345 938771 327068 357786 810157 933697 1033916 710000 88883 720255 738952 781357 925009 736281 1108770 870223
634785 462319 276816 424347 408891 999999999 228021 526714 322765 483669 330326 472182 426443 333255 192466 654994 406591 422887 283800 229566 461090 309617 517931 255173 401887 421716 635748 326669 123141 106189 149136 673718 376733 290555 413555 630305 410578 604169 315478 347125 385858 501845 427447 297901 429892 460290 112040 349606 591224 354984 410856 397743 702929 187136 526452 286657 248254 681110 542160 305981 336500 629156 364340 27693 381507 408152 158148 481712 400822 510700 384417 582342 506617 493165 534121 206322 469494 433010 558380 670311 298776 167309 415033 120937 238782 529901 469049 495020 401267 527853 651675 409014 435930 315643 449977 375691 546170 414703 727642 578282
414967 257644 169468 256253 625347 228021 999999999 492803 401575 256492 151332 447562 653862 554928 420325 515215 511199 333981 131784 87926 567572 450844 313667 418654 221110 513490 605904 542089 193796 310726 122664 482780 149104 449665 202018 453432 621644 423466 521785 539929 609102 671872 533652 523544 576603 642473 273852 135318 480259 133022 547175 495006 505230 287139 685126 514631 334007 558558 314153 383245 484489 471911 346503 243063 557635 635092 158474 372154 521683 591528 166957 527995 676396 628089 309249 412966 245221 452037 737823 536807 522044 394433 592536 348001 461219 333665 687526 710972 210064 310727 531787 440978 637336 185125 306525 223197 320510 422416 604146 411012
760806 421092 661198 325712 862291 526714 492803 999999999 838341 598212 632951 55024 763432 640529 630846 285392 302111 174461 623963 578337 986775 373592 731860 779832 689573 944125 113827 601353 406350 626266 567965 899290 538589 815140 633755 894642 630017 379896 555779 849637 686328 524590 952763 649103 416124 542654 637532 444963 188007 470574 937094 920973 905467 353587 501467 689964 305675 258302 600825 267288 862160 320275 828321 509798 482811 804034 388989 183716 927379 271472 455973 67194 1019181 1018881 653930 709111 617440 130247 593925 277777 630301 588203 502598 564785 701643 406765 710645 713589 382116 490005 235321 160362 919631 315829 788518 311409 654687 126423 291127 867315
658111 651747 276617 657392 400793 322765 401575 838341 999999999 573895 367797 785193 548904 522520 360568 914476 722600 709385 326838 325234 166879 617297 518305 154460 399710 111986 950282 541224 433938 253098 286222 609515 495529 150535 463974 545620 622505 823387 555400 266853 555291 772186 133892 472298 725520 719756 213223 530303 870124 519531 168888 94058 649485 509880 806301 418235 571000 953695 642814 628597 143033 873310 153532 346560 656366 479355 450098 759035 131977 829725 555951 888385 321853 238850 598259 253987 543633 753848 813070 934832 488552 378355 684791 358099 330394 729825 647356 679448 610861 688309 925739 730897 357155 572258 365585 620602 613088 733524 1000021 488056
173388 186445 298032 273608 869124 483669 256492 598212 573895 999999999 206173 570707 910027 811062 675170 483800 718575 424700 250647 275904 735862 681422 147482 639372 190407 676951 697304 796925 439059 557670 355564 302523 107500 665090 112968 308397 874756 338039 774246 769783 865417 906321 705441 780029 802496 883568 511825 174743 499401 153495 739295 665016 307286 520200 913168 769599 553381 545225 68920 590553 690027 420468 457648 499532 798188 888067 394647 423939 705411 777057 149607 605969 884455 812739 59911 655728 35361 610587 975651 510996 778426 650640 832700 604187 711409 242389 942674 965280 216301 156524 527344 610921 869841 310161 282182 290064 67093 577830 581846 296892
316981 312182 92115 353515 680481 330326 151332 632951 367797 206173 999999999 591003 747314 662708 509719 608937 660865 465565 50555 100950 530687 594531 189181 439821 73498 472030 744283 656943 335325 379933 182706 344922 138576 463330 99598 307667 740413 488404 643588 572423 714162 811121 499807 624537 720902 777280 326693 208210 593069 187207 533257 459370 372796 432647 827634 602429 482952 661094 275084 533696 485664 555206 260179 352963 693860 712918 306641 492509 499241 742800 219715 661533 679545 606617 235719 469762 176978 601568 874300 633586 627613 493514 728647 448426 533707 389002 799073 825323 293747 330205 637131 591576 672845 317519 156754 337465 250207 571282 704158 261740
737293 400358 614643 302787 808704 472182 447562 55024 785193 570707 591003 999999999 714039 590696 576544 309199 264559 147716 579252 531736 932584 326062 699564 724979 650244 890407 165159 552227 352386 571359 517483 869219 503940 760274 598115 861100 584691 383013 507128 794733 637656 490850 898635 597552 379530 504311 583231 410470 211550 436051 882354 867139 877578 298610 471465 637050 251463 292204 579076 215523 807359 334205 778825 454993 440040 752337 336789 175812 872950 252555 424816 118401 964194 964061 627982 654116 587528 88198 561846 306037 579226 533894 461957 509976 647215 396136 665761 670247 354788 473724 266390 115499 865225 276470 747368 280848 629865 75529 329409 831287
1059199 869115 676418 809468 202684 426443 653862 763432 548904 910027 747314 714039 999999999 123771 237672 988735 484651 746573 697743 649462 566839 390732 936471 394444 814579 573175 839929 162128 494088 370214 565665 1080587 802893 403854 836932 1028913 163885 982933 208153 313359 79366 359735 550434 133572 399598 302439 428205 767372 902562 776322 482556 552368 1113720 459391 406191 145670 477790 993058 967443 499661 434332 983411 678827 411110 306524 90020 543221 810742 510648 578697 802504 830501 437008 523523 960410 303713 895753 634145 356445 995650 143090 259430 306915 305869 226448 926750 124895 155137 803478 941813 964239 603560 291499 697169 839534 757730 972565 638570 1035468 972846
967148 756500 600770 692390 265840 333255 554928 640529 522520 811062 662708 590696 123771 999999999 167782 865581 368238 623904 614913 562385 576797 269145 850993 373611 733131 570321 719456 42579 382645 302455 480154 1003701 703566 393135 746618 956621 100987 863600 88561 334259 55365 283075 554152 50516 295104 224016 362097 660156 778929 671199 495335 547021 1034349 338897 326867 112765 354451 869340 865192 376011 433351 861468 633579 313365 200957 173686 431600 687980 514825 467727 695098 707506 488100 552207 864041 268780 799734 511693 303353 872192 36225 170726 211187 214463 195466 811025 137047 165625 690150 831291 840553 481041 349004 580893 770444 640696 875434 515292 911701 902379
821803 649628 440717 601661 236611 192466 420325 630846 360568 675170 509719 576544 237672 167782 999999999 810837 416821 568799 460290 411828 437766 303847 698896 219992 577493 421269 727494 181113 281777 136442 328009 845107 568652 246200 599450 795308 264411 780343 196203 228721 211355 415640 410713 120905 386361 361074 196055 540581 735132 547011 362767 396873 877453 282700 452951 94429 325172 826940 734468 369014 292000 794342 465929 181656 305313 216474 328848 632049 373397 526698 575592 694376 399925 432532 724247 113882 659591 513136 452852 822375 131912 42651 330148 78443 71370 713459 302321 332414 586260 718040 797315 483688 288877 489383 607275 550807 736679 505999 872219 740076
607731 304989 672319 260156 1047054 654994 515215 285392 914476 483800 608937 309199 988735 865581 810837 999999999 572192 243400 623084 599346 1078458 617640 631281 902842 639919 1026381 316138 831440 536584 761075 628633 773557 477107 937298 564897 790153 876766 155612 789471 1001892 917144 799328 1044104 861782 686931 809557 750122 402145 98037 421787 1048318 1006680 766976 533963 780663 888345 511159 65548 454123 497783 978972 66753 855590 648953 739812 1011684 496847 179301 1027960 556352 389853 238226 1160003 1131075 523787 859914 514627 396543 870756 27583 847219 770109 764793 734563 875803 241670 958055 966326 315935 332666 62461 421000 1087347 345856 743623 293904 518210 376291 98114 780542
891923 586979 646460 494650 620519 406591 511199 302111 722600 718575 660865 264559 484651 368238 416821 572192 999999999 363520 629991 572224 838985 112979 817226 616764 732168 810417 359523 325999 332182 472695 520232 989686 625209 648947 705532 964283 336482 624154 279678 645135 405343 227358 808179 390784 114975 240591 509982 543832 475344 565826 771660 785566 1007981 233782 213486 445350 178175 556490 748492 129272 697222 590197 768469 380089 185267 541117 354298 417053 774707 110258 571145 367631 815495 846199 778459 521406 723815 176367 299506 570348 368457 378595 201383 376915 485726 610170 414927 414702 525119 667587 530942 151307 692878 412584 810674 452224 784741 196512 592235 922051
589878 252730 503321 155071 805346 422887 333981 174461 709385 424700 465565 147716 746573 623904 568799 243400 363520 999999999 461863 421709 867282 385986 557404 676423 518586 819380 280667 590980 300825 528726 426616 725075 364758 711573 460193 720269 641167 261014 550315 766782 676267 587393 832785 618690 473296 588142 525602 271309 168623 296850 828047 797751 731954 290563 576975 645050 270441 259575 431374 265629 755760 239177 678551 413417 512064 768284 267068 64260 812168 383576 281513 195978 929376 911055 481266 624050 443164 206955 660435 253624 604529 527645 540268 493452 634972 254252 721932 732566 208400 327201 229943 219642 848870 149562 619273 136980 482742 176292 305722 693669
367524 335363 51969 363904 630093 283800 131784 623963 326838 250647 50555 579252 697743 614913 460290 623084 629991 461863 999999999 58613 491960 558136 238868 390946 118254 433995 736730 610349 300037 329699 134931 389923 169475 415337 148757 348378 694372 511315 598513 523077 665869 771469 460151 575940 684455 735761 276162 221442 599372 204449 489714 419811 419506 398621 789733 552653 451847 672057 319149 504773 439386 572755 233983 307436 653162 662524 276634 494812 457114 716245 239776 657190 633822 564913 284231 419216 223644 582622 833242 646699 579596 445138 687791 400461 483296 413512 751567 778247 307460 363103 646841 570367 623481 312310 180683 340976 298516 553463 716301 298970
410395 326513 82914 339296 593883 229566 87926 578337 325234 275904 100950 531736 649462 562385 411828 599346 572224 421709 58613 999999999 492112 499531 288638 365765 173573 436140 691802 556083 241622 285752 83861 445600 179252 393439 188011 406059 639469 498988 542690 494539 614241 713136 458897 525013 625844 677928 236660 205457 567515 194382 479820 419289 473745 340319 731169 505346 394184 644532 341910 447741 422848 553303 258911 252014 595056 618868 219869 459900 450804 659846 230793 615169 617319 558465 317841 380847 254147 530273 775270 621655 527479 393851 629736 348394 440253 404621 698529 724582 288088 366613 618153 516749 594346 273043 238683 309590 331308 501901 689787 357341
806977 818625 440914 822747 379496 461090 567572 986775 166879 735862 530687 932584 566839 576797 437766 1078458 838985 867282 491960 492112 999999999 728291 667825 222482 555425 59213 1096674 605319 580487 370194 449930 736609 661221 192123 624332 669463 677007 990038 630464 253489 595662 850313 34514 527233 822980 793614 349425 697117 1030694 686400 84314 72825 778120 644901 889461 464272 703942 1115825 804649 759552 145861 1038738 288887 480772 742969 482748 603117 919364 64641 948730 722820 1040157 207932 91552 756280 324317 704446 893023 879555 1098201 547966 467928 766730 462294 384284 896694 682292 714780 777256 854435 1087498 867867 306144 734372 505214 784631 771140 875667 1162335 614171
852661 574536 567543 491114 511678 309617 450844 373592 617297 681422 594531 326062 390732 269145 303847 617640 112979 385986 558136 499531 728291 999999999 763900 505835 667617 701522 450427 228691 259218 365161 437586 933604 580670 537487 651736 901888 259947 643029 182610 532239 312961 224957 697983 284917 126397 208833 406589 509406 525348 528348 659703 676628 955663 163951 234351 335933 131213 613012 720339 120605 585610 624092 673956 282145 127286 438415 293191 447142 663839 223036 540573 440780 702774 733628 740401 408985 681343 243720 295324 620543 263774 265738 158386 266038 372930 611432 341315 348686 508769 654991 585255 213287 581777 392309 737252 442850 748501 250699 653095 855838
139824 331910 267561 412689 863579 517931 313667 731860 518305 147482 189181 699564 936471 850993 698896 631281 817226 557404 238868 288638 667825 763900 999999999 615552 125523 608874 835152 843895 507403 568434 371623 173071 197334 635120 112241 163759 926510 484521 828465 749247 902857 985536 641078 813466 889124 955578 513922 289557 644779 264191 687168 601699 191774 599959 998250 791492 643198 692616 190654 687977 650492 567805 379118 539466 870978 900797 470737 563944 648962 887364 275905 745154 839519 752344 118688 655489 118429 729517 1051318 658477 816117 682356 905886 637017 721576 389807 986979 1012707 351961 302138 674421 725716 849209 427174 169195 420461 130499 697235 729320 149709
752340 675932 350448 658803 257032 255173 418654 779832 154460 639372 439821 724979 394444 373611 219992 902842 616764 676423 390946 365765 222482 505835 615552 999999999 490517 201325 886866 396193 378272 153873 296629 731181 544915 35398 539334 671501 474450 835553 415857 133702 403023 635592 192903 323097 601890 580594 152788 553961 844028 550121 158414 176882 768926 430449 672820 265978 487456 932838 706675 541553 82816 871369 292718 270082 524504 326306 409510 733526 158007 726662 585160 836849 259327 239146 675157 106715 614200 678688 670736 919803 341110 246750 550060 239903 178738 750684 494580 526869 623614 727419 903635 652286 233767 557837 483171 614342 689462 663686 979507 613654
262179 335930 142103 393344 738070 401887 221110 689573 399710 190407 73498 650244 814579 733131 577493 639919 732168 518586 118254 173573 555425 667617 125523 490517 999999999 496212 799063 728516 408405 445216 253176 272090 163523 510833 79882 234326 812390 508161 716097 624166 783937 884598 526814 693872 793952 850733 389683 250547 634129 226277 568301 486760 301253 505308 900928 669179 554602 695816 256314 604354 527982 582048 270718 425154 767353 776591 378404 539129 531457 811916 252686 713622 718968 636825 201257 530429 155785 666274 947786 665722 697770 563216 802136 518671 597489 408258 869814 896493 331332 336364 673647 657835 724264 374109 104058 385375 216087 635318 737007 189908
748141 762500 382709 769372 396781 421716 513490 944125 111986 676951 472030 890407 573175 570321 421269 1026381 810417 819380 433995 436140 59213 701522 608874 201325 496212 999999999 1055143 595545 538075 338003 397932 680595 603407 177345 565281 613861 671265 934826 616867 263839 594347 836759 35684 519996 801918 781421 309741 641500 981163 630108 106854 24899 721917 607867 874145 459374 668005 1065215 745703 724637 139188 985279 230178 443242 725739 493169 557613 869960 66892 919347 666513 995809 253738 146117 697082 307644 645412 854725 870466 1046636 539346 447371 751379 436251 375082 840707 683604 716167 722568 796837 1037153 830536 332165 683684 446972 732489 711941 835960 1111595 558046
854276 514860 774614 423789 954182 635748 605904 113827 950282 697304 744283 165159 839929 719456 727494 316138 359523 280667 736730 691802 1096674 450427 835152 886866 799063 1055143 999999999 678495 517074 733003 681632 999710 644890 922023 740479 998667 695931 442615 632070 950533 761207 564130 1062845 733719 465690 592459 747251 551710 232431 577169 1044787 1031761 1003437 457351 533298 779547 404591 267891 693382 358672 969510 367766 942143 617528 544773 888195 501841 273812 1036524 294421 559807 92675 1121222 1125993 750926 811835 718899 214433 627930 299260 713409 685099 558874 665407 798799 488556 774371 773119 483310 577268 255305 244317 1016021 426764 899124 416520 750398 223867 284467 973741
956338 733614 599742 665968 306766 326669 542089 601353 541224 796925 656943 552227 162128 42579 181113 831440 325999 590980 610349 556083 605319 228691 843895 396193 728516 595545 678495 999999999 362752 309730 475470 1000176 689641 418272 737490 955295 85750 834678 46526 367954 85944 247678 581260 80664 253090 189423 368546 641459 743430 653841 525213 571757 1029598 310338 290087 145541 320638 833341 848950 338547 460499 829435 644783 304429 159199 216265 411072 654795 542395 425148 676131 668447 525720 585223 851202 289790 787309 472016 274933 837265 57958 173791 171581 212999 221214 785526 145850 169119 666903 809753 804760 441434 388517 555548 771272 614457 862135 476718 875185 902039
605089 375042 314280 320196 514270 123141 193796 406350 433938 439059 335325 352386 494088 382645 281777 536584 332182 300825 300037 241622 580487 259218 507403 378272 408405 538075 517074 362752 999999999 228162 189558 675470 333356 413641 395805 642695 437139 498571 336384 466302 437995 478264 546432 360518 385579 448910 231613 278748 469419 291897 533290 514757 698818 98864 492759 369007 155748 559909 487600 212390 459315 515056 446921 112744 363931 494678 49151 360919 521612 425461 313380 460293 628719 615834 495719 323777 433545 321677 544034 550677 353605 244765 398821 203406 341959 434202 508261 528923 309460 448744 530363 300912 550806 207684 480235 269121 505525 299899 606286 596768
695492 558602 306215 527282 314630 106189 310726 626266 253098 557670 379933 571359 370214 302455 136442 761075 472695 528726 329699 285752 370194 365161 568434 153873 445216 338003 733003 309730 228162 999999999 202799 710406 453883 189031 473449 659522 395157 706760 314049 241601 347745 524476 337974 257118 472604 474905 59709 441228 697185 442966 312063 313218 743551 276743 556292 224547 334454 787220 620530 389489 236600 734398 336068 117132 406397 333308 264272 587852 307280 581379 475096 683930 400650 392991 602931 103691 538708 525129 570959 776491 266244 136335 436407 106572 154502 629023 438284 467905 500182 619541 757763 499053 332925 420316 471038 479634 616077 509830 833729 604005
494212 380294 130925 373404 513770 149136 122664 567965 286222 355564 182706 517483 565665 480154 328009 628633 520232 426616 134931 83861 449930 437586 371623 296629 253176 397932 681632 475470 189558 202799 999999999 524714 253780 327184 271802 481359 559656 544853 464432 420557 531459 643773 415647 441866 562702 605418 156933 257820 584557 253506 425428 378047 554415 286563 664832 421484 345204 667512 419683 401916 361879 589273 262422 173575 524262 535462 183995 473774 401353 615018 288566 612333 553809 506906 400133 300292 335931 502328 703322 648715 444963 310811 558528 265773 357207 456232 616707 643318 331412 430982 639638 484731 519227 286238 303591 334745 413293 476905 713810 429892
175059 487760 404407 575925 986765 673718 482780 899290 609515 302523 344922 869219 1080587 1003701 845107 773557 989686 725075 389923 445600 736609 933604 173071 731181 272090 680595 999710 1000176 675470 710406 524714 999999999 369843 744703 284157 68404 1084294 620249 988186 863046 1053670 1153532 715516 963194 1059365 1121382 652601 460898 799082 435828 773157 679390 42049 769906 1167827 934920 814831 837410 319484 860496 750690 707699 457129 697210 1037447 1036593 640972 726460 731961 1060431 444406 908483 927877 826646 252089 787634 281923 901803 1217977 801128 968082 833252 1072314 789360 859008 533989 1140621 1167735 517315 441374 822222 898500 960338 599114 248011 588746 255926 869406 870214 122564
272511 175229 221157 230831 767128 376733 149104 538589 495529 107500 138576 503940 802893 703566 568652 477107 625209 364758 169475 179252 661221 580670 197334 544915 163523 603407 644890 689641 333356 453883 253780 369843 999999999 572673 95660 357210 767893 350706 667509 672753 757918 805033 629164 672634 703644 780171 410712 93660 471197 68033 655858 588899 384216 417854 813949 663055 455024 532384 166696 496114 601315 420590 398207 392166 694815 782426 290371 379079 624737 691374 89397 556987 795988 732652 162408 553679 100789 532185 873404 502665 670933 543468 729506 497024 606760 250952 835343 858140 168526 193687 510125 528673 772129 229955 267579 228385 172662 499903 573861 328921
773008 707243 372667 692130 250764 290555 449665 815140 150535 665090 463330 760274 403854 393135 246200 937298 648947 711573 415337 393439 192123 537487 635120 35398 510833 177345 922023 418272 413641 189031 327184 744703 572673 999999999 562921 683527 494111 868299 440575 119084 418839 660617 164524 342749 630864 604761 187196 584953 879065 580320 123964 153887 783210 465396 698848 282828 522077 967731 732873 575841 48480 905225 297968 305429 551507 330389 444595 768475 127519 759010 615653 872233 226871 203976 699038 132416 638973 713509 693205 954439 362001 275820 576026 272104 197774 782496 509258 541748 655912 757159 938561 686954 215829 592028 497018 648132 713484 698746 1014408 625618
222417 259964 191002 325229 778157 413555 202018 633755 463974 112968 99598 598115 836932 746618 599450 564897 705532 460193 148757 188011 624332 651736 112241 539334 79882 565281 740479 737490 395805 473449 271802 284157 95660 562921 999999999 264517 819090 429862 720234 671752 799412 873688 594401 711044 776894 844434 422467 188890 564576 163348 630837 554032 303996 487787 886080 693192 531060 622332 180927 576339 584815 505608 344692 433573 759644 806717 358552 474418 595859 777473 183630 652644 778343 702684 136176 566348 80157 622799 939838 591118 712322 579941 794547 533974 627883 330229 881668 906580 262880 256543 601180 617536 772168 322561 180018 324009 150734 590872 662508 233560
215868 494481 355882 576447 928000 630305 453432 894642 545620 308397 307667 861100 1028913 956621 795308 790153 964283 720269 348378 406059 669463 901888 163759 671501 234326 613861 998667 955295 642695 659522 481359 68404 357210 683527 264517 999999999 1040152 640025 945757 802309 1005367 1118672 648942 914628 1028192 1083984 600822 450637 807562 425049 707746 613284 110449 739295 1135253 883440 787432 852581 339055 835731 687593 725514 392518 654898 1001024 981695 611671 727701 666301 1040266 439021 908845 862378 759790 267126 732474 281707 887308 1181311 817560 920710 785895 1035741 743053 805398 548588 1093666 1121554 515631 458047 835406 881738 898678 586636 190179 583292 274441 855388 887846 57910
1036545 801855 684853 729069 349319 410578 621644 630017 622505 874756 740413 584691 163885 100987 264411 876766 336482 641167 694372 639469 677007 259947 926510 474450 812390 671265 695931 85750 437139 395157 559656 1084294 767893 494111 819090 1040152 999999999 892379 100760 431709 92340 197243 654805 151459 240487 139013 454137 715281 785178 729031 595036 647997 1113204 373751 243384 212760 372746 872947 924730 378992 534065 880306 729608 387463 151657 243526 484268 703791 615383 422077 749522 697045 579124 649597 930016 369202 866556 499829 205726 880257 133953 259459 145394 298571 296451 849604 81378 93346 734925 879564 845199 470149 436349 621100 856675 678168 940555 509765 912815 987166
452664 176380 562776 179844 1010939 604169 423466 379896 823387 338039 488404 383013 982933 863600 780343 155612 624154 261014 511315 498988 990038 643029 484521 835553 508161 934826 442615 834678 498571 706760 544853 620249 350706 868299 429862 640025 892379 999999999 797301 947337 917885 848386 956377 850797 734298 847941 684455 293563 210907 307255 970265 917276 612342 524792 837635 866407 519853 221000 301653 523963 905794 88859 745006 604631 770070 992060 451994 209486 945143 634441 271552 353400 1094857 1051479 372902 809712 370930 460184 921441 183016 839879 742891 799368 701944 838796 100019 971891 985064 213489 182500 211437 477321 1039498 291036 609856 229699 366223 432357 250314 634227
936752 702206 591788 631244 348673 315478 521785 555779 555400 774246 643588 507128 208153 88561 196203 789471 279678 550315 598513 542690 630464 182610 828465 415857 716097 616867 632070 46526 336384 314049 464432 988186 667509 440575 720234 945757 100760 797301 999999999 400412 130570 220044 604837 118002 210966 164872 370914 614555 700420 628273 552291 592624 1016246 275192 259283 180672 279978 789887 823980 294464 484761 789262 650009 291083 118842 261868 383538 613805 566686 379840 648833 622922 562393 615857 829732 309248 766433 426198 257983 794651 94340 178720 137127 210842 247175 751455 175560 193204 635305 779521 761480 395670 428140 522206 764571 580041 840162 431598 831323 893690
885875 794553 483761 768243 135495 347125 539929 849637 266853 769783 572423 794733 313359 334259 228721 1001892 645135 766782 523077 494539 253489 532239 749247 133702 624166 263839 950533 367954 466302 241601 420557 863046 672753 119084 671752 802309 431709 947337 400412 999999999 346080 615617 238355 287406 606241 557123 266260 674285 935391 672777 169197 245289 901249 496253 657771 222512 545975 1026146 836401 593899 129848 975989 416736 353558 518293 230071 505148 827215 198964 754718 706822 910888 171562 218005 807227 142798 745606 737054 636960 1016715 310087 269031 537138 285196 159631 867099 430184 462533 738615 850568 996573 708335 100422 661906 615147 721052 821411 727199 1072454 744400
1020429 811841 649866 747303 257232 385858 609102 686328 555291 865417 714162 637656 79366 55365 211355 917144 405343 676267 665869 614241 595662 312961 902857 403023 783937 594347 761207 85944 437995 347745 531459 1053670 757918 418839 799412 1005367 92340 917885 130570 346080 999999999 289244 575441 90793 321213 230554 407399 715368 829353 726244 512485 571899 1084950 393093 335143 137124 406129 919285 919998 424396 455602 914396 673514 366860 227663 151547 486960 740190 535668 499580 750331 753479 488285 562960 918023 301917 853623 556657 295937 923125 87193 220731 229913 265847 224903 866119 92469 124212 745468 886654 890701 526164 344713 635972 818081 695635 929542 562129 961106 950577
1077280 795629 774646 708413 544800 501845 671872 524590 772186 906321 811121 490850 359735 283075 415640 799328 227358 587393 771469 713136 850313 224957 985536 635592 884598 836759 564130 247678 478264 524476 643773 1153532 805033 660617 873688 1118672 197243 848386 220044 615617 289244 999999999 824870 328227 114111 59245 577679 734309 702192 753300 771508 812445 1177059 387280 46548 393135 354941 781651 945034 330084 704703 817275 856645 474608 120407 440705 515979 643129 786653 270598 765270 587849 771042 832848 965215 529116 905787 402920 73125 796887 305602 393837 88167 418050 466395 827166 250069 235076 730739 876418 756799 378650 630501 614641 947201 662155 973408 423863 815716 1070436
780584 785369 409428 788615 368910 427447 533652 952763 133892 705441 499807 898635 550434 554152 410713 1044104 808179 832785 460151 458897 34514 697983 641078 192903 526814 35684 1062845 581260 546432 337974 415647 715516 629164 164524 594401 648942 654805 956377 604837 238355 575441 824870 999999999 504177 794645 768697 315627 663663 996183 653259 74323 40437 756754 611816 863330 442159 671124 1081348 774304 726994 120847 1004601 263289 447487 716005 468420 568733 884852 39876 917721 689677 1005933 218110 111841 727198 296878 674417 859753 856011 1063793 524332 439436 740514 431963 360063 863359 663448 696002 743456 822121 1053009 834793 300921 699914 480491 750305 742058 842121 1127865 592953
932626 735550 559223 676450 231403 297901 523544 649103 472298 780029 624537 597552 133572 50516 120905 861782 390784 618690 575940 525013 527233 284917 813466 323097 693872 519996 733719 80664 360518 257118 441866 963194 672634 342749 711044 914628 151459 850797 118002 287406 90793 328227 504177 999999999 328940 269738 316808 634506 778114 644000 446252 496631 994714 329204 370748 64908 353273 869345 836200 382062 383339 853792 585306 280503 236541 154964 409654 682950 464954 494637 669617 715503 445590 504905 831609 218428 767052 522384 352375 869937 23688 131179 251586 177098 145015 793371 181443 211802 669909 808425 840186 491720 310151 564000 727289 624731 843425 522843 912752 859794
974728 684838 693070 596137 559372 429892 576603 416124 725520 802496 720902 379530 399598 295104 386361 686931 114975 473296 684455 625844 822980 126397 889124 601890 793952 801918 465690 253090 385579 472604 562702 1059365 703644 630864 776894 1028192 240487 734298 210966 606241 321213 114111 794645 328940 999999999 127325 519666 628949 590241 649026 749120 777103 1080891 289464 110752 390648 249120 671378 838289 218302 677673 703600 793040 402202 94326 467511 418485 529117 758382 181998 658837 480913 771546 817774 861899 498808 804012 291341 187143 685300 305297 355210 95878 367738 448363 714268 313641 308918 620671 765704 645907 265931 638996 505200 863337 550743 869435 310835 706776 982234
1052653 783215 735768 699751 485633 460290 642473 542654 719756 883568 777280 504311 302439 224016 361074 809557 240591 588142 735761 677928 793614 208833 955578 580594 850733 781421 592459 189423 448910 474905 605418 1121382 780171 604761 844434 1083984 139013 847941 164872 557123 230554 59245 768697 269738 127325 999999999 529733 714068 713732 731706 714207 757260 1146410 363562 104604 334612 339708 796510 925659 324294 648247 822811 809306 433621 85385 382097 489816 646693 730221 304021 746196 607849 711865 774601 941709 473919 880890 416222 98090 809109 247377 341825 51069 369189 409379 819864 197919 187313 717261 863556 770529 389470 571258 600789 908901 651673 950595 433473 832748 1034381
643460 528521 249194 506817 357335 112040 273852 637532 213223 511825 326693 583231 428205 362097 196055 750122 509982 525602 276162 236660 349425 406589 513922 152788 389683 309741 747251 368546 231613 59709 156933 652601 410712 187196 422467 600822 454137 684455 370914 266260 407399 577679 315627 316808 519666 529733 999999999 408026 692514 406830 302742 285716 686331 298362 607730 282638 358935 780799 576497 416129 230210 718724 279609 133956 458435 386935 258591 581694 290005 616627 440639 691885 411427 385652 554409 144196 490807 545017 626530 767253 325878 194789 489513 160680 207808 601764 497992 527587 473741 584577 751697 520823 363545 405054 411907 461791 567947 526682 827488 545035
348107 122722 271710 145340 755184 349606 135318 444963 530303 174743 208210 410470 767372 660156 540581 402145 543832 271309 221442 205457 697117 509406 289557 553961 250547 641500 551710 641459 278748 441228 257820 460898 93660 584953 188890 450637 715281 293563 614555 674285 715368 734309 663663 634506 628949 714068 408026 999999999 385564 25628 680760 624304 472770 350805 739695 633611 380068 453042 211664 415905 619313 351381 455081 359107 628883 757009 231018 288582 653859 604073 35140 464468 811629 760941 234632 544527 182538 441232 804488 426243 629751 510117 663029 464538 587693 199918 787009 807452 86212 178567 428926 439315 770947 138455 353631 135557 241102 408717 496456 422411
642181 313082 645582 240856 971723 591224 480259 188007 870124 499401 593069 211550 902562 778929 735132 98037 475344 168623 599372 567515 1030694 525348 644779 844028 634129 981163 232431 743430 469419 697185 584557 799082 471197 879065 564576 807562 785178 210907 700420 935391 829353 702192 996183 778114 590241 713732 692514 385564 999999999 408559 994299 960209 797515 454040 682925 808459 425169 91839 482635 406690 922707 136638 826412 582037 645659 930077 434539 111344 977044 458473 381805 146417 1097815 1077332 547008 792645 526351 299272 773366 95518 762425 693502 669734 660725 802228 269117 866555 873663 302812 361658 62293 324472 1016974 298562 737999 258610 543962 280280 137337 791042
326379 132476 255634 167777 757525 354984 133022 470574 519531 153495 187207 436051 776322 671199 547011 421787 565826 296850 204449 194382 686400 528348 264191 550121 226277 630108 577169 653841 291897 442966 253506 435828 68033 580320 163348 425049 729031 307255 628273 672777 726244 753300 653259 644000 649026 731706 406830 25628 408559 999999999 672939 613587 448270 368146 759714 640639 399922 474120 195798 437431 613220 369104 438423 366269 646392 763105 245306 313103 644863 627855 36420 489707 806500 752342 213101 545655 158784 466063 823000 446379 640108 517969 680731 472000 591701 210817 799612 820745 106786 177791 450557 463660 770345 163296 329749 160831 220413 433611 516982 396834
826982 803427 441265 797656 296269 410856 547175 937094 168888 739295 533257 882354 482556 495335 362767 1048318 771660 828047 489714 479820 84314 659703 687168 158414 568301 106854 1044787 525213 533290 312063 425428 773157 655858 123964 630837 707746 595036 970265 552291 169197 512485 771508 74323 446252 749120 714207 302742 680760 994299 672939 999999999 97532 813808 588778 811574 382593 645860 1081706 808138 699786 75626 1012795 316387 427409 666645 398501 561217 883180 42322 881842 709109 993196 154729 83034 765893 251315 709981 837077 798561 1066600 467524 395769 689147 395263 305177 880453 598475 630929 756794 846338 1052827 810699 226615 702485 532451 756198 780687 821847 1128391 650849
741321 745802 369027 750433 379468 397743 495006 920973 94058 665016 459370 867139 552368 547021 396873 1006680 785566 797751 419811 419289 72825 676628 601699 176882 486760 24899 1031761 571757 514757 313218 378047 679390 588899 153887 554032 613284 647997 917276 592624 245289 571899 812445 40437 496631 777103 757260 285716 624304 960209 613587 97532 999999999 720410 583636 849667 436467 643656 1044760 733884 700189 118058 966415 224964 419008 701146 473541 535108 848937 55258 894531 650007 973088 250036 150649 686984 283377 634031 830731 846637 1026658 515760 422654 726925 411355 351638 823870 661573 694123 704575 781954 1016570 806397 318273 663208 442262 712789 701843 812193 1091207 556863
160382 489130 437350 580388 1023846 702929 505230 905467 649485 307286 372796 877578 1113720 1034349 877453 766976 1007981 731954 419506 473745 778120 955663 191774 768926 301253 721917 1003437 1029598 698818 743551 554415 42049 384216 783210 303996 110449 1113204 612342 1016246 901249 1084950 1177059 756754 994714 1080891 1146410 686331 472770 797515 448270 813808 720410 999999999 791727 1190014 968077 834689 831511 315081 878711 790179 700609 497559 725759 1062028 1071538 662509 729656 772748 1075518 453587 911582 968538 868005 252550 822944 290914 913881 1242473 794552 998934 864280 1096931 819887 893407 529988 1171063 1197718 523566 436931 817627 911930 998982 611205 286193 596735 253962 881289 862655 163950
690259 428670 412927 356113 518682 187136 287139 353587 509880 520200 432647 298610 459391 338897 282700 533963 233782 290563 398621 340319 644901 163951 599959 430449 505308 607867 457351 310338 98864 276743 286563 769906 417854 465396 487787 739295 373751 524792 275192 496253 393093 387280 611816 329204 289464 363562 298362 350805 454040 368146 588778 583636 791727 999999999 398294 354744 61590 545857 562469 119783 513251 524595 538844 164629 278248 477725 129240 354715 583038 330201 383447 414727 665596 669305 578643 355540 518636 248451 455649 543511 316416 240467 312604 212198 351840 476264 450752 467090 361760 507263 516331 222978 569341 247353 578988 304853 587269 233602 590645 694361
1085283 794448 795700 704634 589971 526452 685126 501467 806301 913168 827634 471465 406191 326867 452951 780663 213486 576975 789733 731169 889461 234351 998250 672820 900928 874145 533298 290087 492759 556292 664832 1167827 813949 698848 886080 1135253 243384 837635 259283 657771 335143 46548 863330 370748 110752 104604 607730 739695 682925 759714 811574 849667 1190014 398294 999999999 435588 359792 759626 948993 328038 743652 802067 885394 498904 150001 486676 527529 630193 825490 238908 769575 562895 814950 874412 972529 566789 914417 384627 94654 776751 347758 428651 122824 449738 506445 821820 296272 280395 730681 875311 735692 362638 675184 615512 967314 660059 980127 408148 792002 1088310
915600 740797 530757 689008 175784 286657 514631 689964 418235 769599 602429 637050 145670 112765 94429 888345 445350 645050 552653 505346 464272 335933 791492 265978 669179 459374 779547 145541 369007 224547 421484 934920 663055 282828 693192 883440 212760 866407 180672 222512 137124 393135 442159 64908 390648 334612 282638 633611 808459 640639 382593 436467 968077 354744 435588 999999999 387641 900197 828784 423069 321529 875791 539402 274539 299507 125709 417260 709045 402672 551571 668689 755444 381737 440121 818584 165413 753934 566120 416104 898244 87892 124602 315934 169173 87862 802855 229139 261218 676631 810479 870745 535709 249131 576307 694259 637680 831055 563609 944597 827512
