NAME : synthetic_000353
TYPE : CTSP-D
DIMENSION : 100
GROUPS : 8
RELAXATION_LEVEL : 1
EDGE_WEIGHT_TYPE : EXPLICIT
EDGE_WEIGHT_FORMAT : FULL_MATRIX
EDGE_WEIGHT_SECTION
999999999 429036 605543 148257 752437 257599 581839 342547 184978 292853 367475 414448 319665 511472 578357 466086 185770 45138 505722 296952 502573 325523 440574 469130 411079 288160 562621 453055 55934 451117 454737 618788 212004 263830 423030 566440 336880 404060 243399 271961 536060 297232 331611 246783 342366 209428 365493 546909 566724 436652 422879 238682 400742 396316 296973 147714 389274 425708 375293 403703 559127 205070 507786 362338 481912 144687 303258 328091 469947 113747 278209 610745 353335 437406 487581 482628 569565 278691 610870 456583 236922 340833 470934 343790 431070 210483 486177 514555 322869 413010 274071 377662 180335 543359 318027 333813 581195 508154 66989 510644
429036 999999999 914337 533528 1019781 678239 819608 265825 610483 705139 759814 147692 725931 893617 330364 883484 473487 461208 163007 140072 830580 230846 306165 51552 718993 665812 274841 472031 391627 788719 735071 850489 289282 688000 780314 614102 489487 266775 533158 305421 791814 255911 97887 634126 548431 633946 577314 449862 516172 44021 73252 416898 297616 460695 335589 391809 292970 217983 797376 222481 743167 276898 808030 354277 627919 536533 722123 554078 880076 518724 406843 1027195 108655 168053 752813 193188 614666 671722 844728 797013 652269 412624 889576 524011 859620 401665 402339 889330 412190 728175 381145 730715 391256 908860 122334 724143 675710 929595 484779 557078
605543 914337 999999999 457992 166381 433333 166060 669350 487702 387384 296886 808263 661421 216843 829204 663236 457075 617505 886828 830541 106102 911568 1036800 965477 200505 329466 861752 535315 660445 158653 180142 172705 808278 448882 200247 483076 926912 995603 797373 611013 151187 889525 829824 371988 911512 471766 344443 1151930 610882 943628 865714 839027 998211 502382 901601 751830 986603 1003321 409384 984613 272133 644179 106376 967232 358978 657630 407987 361745 700955 496112 881080 739011 806539 811604 170656 835900 486592 354146 168806 155803 614857 523930 657817 923465 487061 812879 1090693 192533 516928 195076 879077 801637 530994 159798 849659 709878 414478 654314 543355 489594
148257 533528 457992 999999999 607873 156540 446333 372979 115039 173584 229596 481560 329396 370596 606374 439038 109582 161201 574450 416080 354472 467725 586921 579378 266657 142348 605883 409076 203917 302885 314514 483346 357328 172660 275469 492650 474121 548784 357951 293619 398138 441608 436728 103751 468108 128254 259074 695131 528246 549931 510204 381927 547360 347938 445224 293843 535819 565686 271363 544682 439604 265904 362211 510590 383047 224374 195057 223560 455768 40581 423391 577026 440285 498657 349477 539482 496309 139832 475210 308327 247610 307756 440888 475269 349651 355196 634434 371297 288882 267258 421092 433650 172397 398116 437166 362405 489250 469146 85735 445134
752437 1019781 166381 607873 999999999 597902 201406 761401 648997 552563 462966 899727 827653 375599 885050 827036 588710 769012 969346 951427 268998 1044394 1172350 1071333 341502 488518 926575 593208 805775 320049 300682 175295 947082 614076 364811 502616 1081257 1129293 956122 714669 229476 1025199 942739 530029 1069677 634394 443304 1294438 641369 1053072 963981 989568 1134882 575717 1044645 900055 1123323 1131285 575121 1114136 296898 761744 245906 1110295 410554 816570 573963 470309 865350 647470 1030374 895981 911141 898381 273341 915812 505266 515797 179305 318741 779575 611562 821280 1080019 650078 962325 1232526 352411 609135 340711 1026345 967550 653841 316203 969206 876005 424758 815621 693561 528366
257599 678239 433333 156540 597902 999999999 478614 529449 75199 47561 140950 636390 237902 277995 761855 303203 259380 242117 729459 551992 328905 579123 685497 721492 287127 126434 762379 547159 308611 278569 345363 513243 463591 21550 233216 608678 516604 653329 375993 450084 427286 548593 580424 103516 489814 50825 362318 772704 665325 690221 660985 445552 645390 486576 532290 374190 634352 680343 119146 657700 506358 419248 362418 593890 482022 240335 45861 334154 327957 160343 489991 432374 590611 654285 383017 695615 612605 91233 505031 279248 181672 454456 302990 506305 193236 425236 715815 288305 436145 279706 495561 372211 328800 323630 573216 283462 589037 324753 194782 569305
581839 819608 166060 446333 201406 478614 999999999 560104 512423 440156 367055 698332 716513 345617 689882 752657 405707 605167 768351 756342 191693 855721 984971 871141 192028 354508 728766 395746 632008 220111 135221 37045 764177 498290 268824 322881 917620 940736 803898 515120 51328 838856 744629 389962 914422 503555 245761 1112674 456308 853668 762910 820438 948621 374888 865138 728668 937173 938961 494749 922834 109019 566504 132339 930270 212787 667500 468123 275984 786328 486914 858905 849003 711052 697039 97997 715029 326155 388088 29033 225006 654205 410235 748987 920896 585391 791865 1050412 321586 408167 198919 852103 848311 462780 299788 773433 761661 250764 754043 529514 337738
342547 265825 669350 372979 761401 529449 560104 999999999 479723 541037 569832 139210 659879 686340 237713 796922 276725 387263 220433 252188 596645 384998 506279 316448 484327 474362 232942 210930 340738 561704 489441 589312 353983 545484 564204 355192 578409 459541 550938 79365 536746 386941 213231 454462 616056 497929 325284 652996 281646 304757 203539 477327 480533 194875 451330 404243 471171 434137 641504 426072 478676 140640 564706 501403 362697 485731 566004 309088 805976 378008 492653 939768 161528 143223 501797 174655 356278 491533 583993 570798 575322 149882 800423 602857 722627 450071 594606 677085 153266 495710 472024 716294 200661 689730 260441 676315 411934 833376 366328 295894
184978 610483 487702 115039 648997 75199 512423 479723 999999999 117993 207056 577820 220427 348915 715820 324182 224617 167063 670864 481323 381718 504272 610334 652375 321320 161296 711451 523643 234385 329531 377211 548470 388654 78885 288729 601500 447571 578151 311060 400947 461603 473553 512609 122578 425451 24754 360468 699056 642816 620469 597329 372453 570222 462482 457403 299232 559173 605581 190476 582851 525253 360094 406779 519363 484172 172162 120856 327646 340830 101745 416783 463293 526912 597393 414661 640201 605269 133561 540191 331903 144992 422744 326237 439739 250545 351282 641677 357233 403845 316833 421512 338861 281551 391006 502482 258588 591577 355714 125851 556507
292853 705139 387384 173584 552563 47561 440156 541037 117993 999999999 93440 654507 278347 231496 769193 325058 265560 282041 747193 582781 283756 617273 726574 749850 250528 97804 773537 540188 345946 234402 309029 473970 502260 61519 187794 591017 563327 693189 423349 462022 388943 587572 607735 91447 537263 95278 344499 817046 656780 719431 683682 490378 686448 480632 574692 416498 675286 718060 100949 695744 474954 439475 320189 637066 460030 287021 31807 319821 353789 187254 534735 445566 613656 670862 346337 710743 595009 63337 465828 234453 227602 453972 323499 553520 190833 469257 759578 241112 436317 241749 539461 415660 341339 276186 604013 325368 565871 339804 227424 555358
367475 759814 296886 229596 462966 140950 367055 569832 207056 93440 999999999 693600 364743 144417 786653 385643 295462 363668 784571 645552 195982 692765 806886 806850 188463 95974 798254 533283 422648 150552 244525 398512 579402 153822 101321 561242 654525 771397 515993 493259 317011 664693 664072 126265 630107 186343 321977 903298 644561 778205 730871 578161 766853 477286 657910 500336 755505 792281 128679 770655 417600 486057 239757 721475 423940 378559 111133 306205 419420 255090 622253 488764 662255 706903 279609 743620 565301 89937 390628 148618 320004 462140 382122 645775 223155 555705 844810 150476 446323 176421 625457 504763 377801 183991 666596 413040 524923 389353 300500 533960
414448 147692 808263 481560 899727 636390 698332 139210 577820 654507 693600 999999999 732092 816719 204451 880453 398185 455275 93118 204302 733731 334766 436292 192860 621211 597629 163563 330874 394321 697092 628234 726850 348026 650024 696611 470309 571448 392370 579704 203601 675822 348988 145820 572879 621220 598760 464426 583740 368538 191336 75205 481525 419623 327949 425392 429336 412554 352681 752901 351530 613882 217771 703325 460902 497112 546383 676564 447307 883984 477773 484334 1025050 83754 28482 640994 73343 470624 610716 721736 706021 650955 288344 885151 601845 827165 459176 531105 808919 292461 632143 460146 764871 316040 823556 200665 740245 535176 921580 455166 415019
319665 725931 661421 329396 827653 237902 716513 659879 220427 278347 364743 732092 999999999 475674 896981 161515 435813 277079 821857 586251 560258 556781 627158 757902 524956 363284 882282 736074 339518 512219 583080 751062 450642 218438 464506 821045 390404 609221 247996 585585 665185 522092 633015 333224 338817 220014 580890 671265 854885 723342 732750 366082 590135 675235 473095 342088 581224 653342 264071 629574 740725 524538 598535 519289 704505 189512 254103 547948 154158 302517 405270 302141 665488 755952 620771 801528 824770 328760 742860 511692 85310 630020 169151 365466 235732 361136 625043 492950 611002 517600 422250 142526 476065 531098 605393 49415 811949 212541 297311 774496
511472 893617 216843 370596 375599 277995 345617 686340 348915 231496 144417 816719 475674 999999999 888683 453156 421686 508029 905333 784526 155045 836400 951243 941875 228242 229756 907399 614390 566825 148443 263880 367361 723471 286091 124914 610381 794598 915514 653277 613464 305024 808690 799468 266962 766513 326747 397717 1047088 715139 914427 859780 721211 911224 564943 802250 644547 899864 935479 211998 914066 427960 617312 216766 865675 471449 518311 238789 394128 492396 398507 765453 522303 792737 827381 286759 860960 614361 232897 360947 139430 446674 562724 446963 783901 275798 699314 988873 24681 549380 213713 769249 618200 504958 59603 805381 525089 558126 440041 444485 596393
578357 330364 829204 606374 885050 761855 689882 237713 715820 769193 786653 204451 896981 888683 999999999 1034527 503870 622548 172603 408677 776373 538597 634011 360824 669184 693786 62835 294879 570912 751121 657980 710449 548783 778907 763840 394932 774121 591874 771553 315163 681956 553436 350212 679730 821549 733126 496840 779585 259556 372978 261724 681222 620565 329357 629643 621284 614164 547298 870141 549253 588156 373602 732517 664995 477144 719734 795943 494965 1043664 614357 686813 1177127 287936 176218 659100 138531 393476 715355 707375 760636 812676 326380 1037942 803522 954898 657268 729869 875800 340944 682529 663067 947311 434614 881966 404903 911961 472271 1070465 604030 357760
466086 883484 663236 439038 827036 303203 752657 796922 324182 325058 385643 880453 161515 453156 1034527 999999999 548566 426800 971787 744448 573929 718295 786415 917000 570211 422619 1024993 845701 493425 534245 627999 783647 611678 281858 484809 911874 541055 769855 404541 719672 702640 683603 789114 406479 483357 312174 665409 822133 964651 882611 886420 526054 749983 784629 633536 503185 741327 814665 258419 790911 798105 667299 623892 677611 783973 347734 293627 637264 41443 422666 563978 144703 817911 902989 664136 947804 915804 387374 775853 530850 231625 746778 9951 512467 177358 522251 779117 475318 727918 559576 582001 245835 603207 512685 764002 182979 890405 53351 430758 872007
185770 473487 457075 109582 588710 259380 405707 276725 224617 265560 295462 398185 435813 421686 503870 548566 999999999 219826 489151 375382 363563 456316 583701 522765 256591 199490 508424 300492 229972 318081 288185 442101 359188 277633 306859 392922 520987 541009 426325 198660 363568 436494 381718 177755 528069 237086 179763 707534 419544 497067 438150 419781 546176 239509 459437 327221 534620 546378 366458 527990 374267 196590 352389 524630 297322 306903 292083 142399 565242 133665 456030 685925 371146 411568 316548 449072 396381 214841 434502 325870 352212 198214 550325 529352 451617 390391 645356 416251 179379 263069 447650 530836 83297 435406 395175 465808 399181 577951 153750 341851
45138 461208 617505 161201 769012 242117 605167 387263 167063 282041 363668 455275 277079 508029 622548 426800 219826 999999999 545692 325476 512845 337309 444587 498911 427858 292582 605637 496175 70763 460593 474953 642210 221630 244859 428536 606616 313146 411377 206549 317085 557904 306493 364839 249872 311169 191765 398048 541008 610623 465593 459825 221525 404465 438726 294245 137174 393274 438698 356138 415877 589134 248984 523246 358077 517147 99572 287889 360653 428776 121660 263928 571478 391115 478912 509225 524451 609830 277795 634159 465279 195908 384226 432079 315868 403843 195862 481725 513254 366046 428326 263919 332627 223466 544110 346138 289414 618341 470468 75875 551725
505722 163007 886828 574450 969346 729459 768351 220433 670864 747193 784571 93118 821857 905333 172603 971787 489151 545692 999999999 268870 816721 386355 469171 188659 704546 688617 113256 384391 482860 782136 707605 794789 420603 743139 784004 514290 637201 429416 659251 292129 749687 406739 209359 664837 691410 691861 542440 612270 395611 203518 104674 553914 459789 393642 485974 510185 454606 380846 845811 385369 677800 310866 783166 512328 561037 634786 769490 528641 974419 570889 551417 1116461 159258 77958 717649 54839 513926 702594 790237 791227 741587 363034 976652 669703 920281 533962 565345 896722 370133 716052 526296 848892 407719 909994 259149 828280 585200 1013502 547914 464289
296952 140072 830541 416080 951427 551992 756342 252188 481323 582781 645552 204302 586251 784526 408677 744448 375382 325476 268870 999999999 738929 135311 254219 173555 630726 554779 365607 459197 254996 693104 655787 790037 153371 559882 678194 603024 369247 207408 396286 252973 722032 145173 59916 519350 422541 505452 510640 400836 532628 140132 165064 285580 228765 430330 221135 252277 219778 187305 670778 175971 694228 189881 724715 258796 585283 397034 596965 481327 740354 395614 282870 887837 120776 232695 678804 274738 604490 555907 783429 700670 513696 372541 750709 401102 727668 267110 342896 782862 365733 637986 257995 592073 299747 805897 21239 584071 652518 791165 357210 542464
502573 830580 106102 354472 268998 328905 191693 596645 381718 283756 195982 733731 560258 155045 776373 573929 363563 512845 816721 738929 999999999 813593 937256 881117 112550 223467 802800 489161 557906 52631 121620 216313 707978 345234 95984 465493 821258 896972 691272 532117 149988 790333 742564 266097 805422 366114 280008 1049457 579950 857439 786496 734323 898282 447111 799317 647972 886681 907297 316208 887919 274046 556197 61840 864820 329284 551531 306160 288370 609990 391835 776690 661546 724236 739866 135962 768020 469368 248159 209315 49912 510578 457962 569319 817491 401251 708529 988543 131767 448085 102437 775327 699207 441572 117344 758632 608180 407987 570278 439333 458718
325523 230846 911568 467725 1044394 579123 855721 384998 504272 617273 692765 334766 556781 836400 538597 718295 456316 337309 386355 135311 813593 999999999 129950 236965 711415 610047 491217 587860 271350 764380 744310 890911 115740 582133 741993 730372 261062 85027 330269 374863 817095 34766 189440 570152 323369 529006 612962 270371 666427 204442 282513 204458 97337 553937 107343 218241 87049 101497 693211 78580 803876 298842 808080 126604 700213 378102 624965 580194 706816 437894 183434 856509 253098 362605 771313 401637 732093 603511 883803 770934 497510 493994 725847 296827 734250 199075 210330 838518 484669 716525 158063 530623 393011 865841 134390 543364 775143 768810 392374 669432
440574 306165 1036800 586921 1172350 685497 984971 506279 610334 726574 806886 436292 627158 951243 634011 786415 583701 444587 469171 254219 937256 129950 999999999 290384 837257 728436 580537 712968 384795 887195 871885 1020315 229679 685905 862356 856397 266926 46917 382688 502561 945754 147382 298560 687338 334978 634719 742728 148048 785687 267166 372287 261281 40126 681502 156851 312063 51382 89185 794948 84884 933825 428387 934260 110286 829842 465321 730886 709725 769071 554301 222510 917402 360890 462286 899607 495519 857967 718928 1013153 893379 580285 622141 794831 303730 825759 270501 96175 954986 613414 841769 205031 573011 522496 983912 246612 604885 903268 838849 507331 795631
469130 51552 965477 579378 1071333 721492 871141 316448 652375 749850 806850 192860 757902 941875 360824 917000 522765 498911 188659 173555 881117 236965 290384 999999999 769717 713423 301829 521023 428521 838834 786341 901976 312877 730464 829611 662243 498000 256153 554809 356948 843350 266432 142783 680858 559958 676179 628841 428099 560575 34857 117792 434113 288569 511285 344225 419129 285846 201293 840603 211071 794329 326305 859144 353396 678889 569287 765855 605464 911759 562859 419030 1059902 160205 209908 804268 228005 662690 718264 896231 847056 686761 463866 923426 533769 900197 421942 385515 938054 463630 778753 393348 754366 440994 958151 153304 753351 725056 964196 527165 605869
411079 718993 200505 266657 341502 287127 192028 484327 321320 250528 188463 621211 524956 228242 669184 570211 256591 427858 704546 630726 112550 711415 837257 769717 999999999 162481 693249 387726 464824 82443 58503 227505 609477 307165 109149 385833 740644 795643 619487 419609 140809 689893 632067 198749 731900 311688 172784 955052 486899 746606 674105 648092 798930 341230 704816 558615 787326 802822 316541 784168 229218 445834 97241 770516 246347 481116 279846 176971 601734 306582 688887 677213 612262 627547 95967 656232 389867 196252 219234 91999 462264 347474 567423 740731 411616 620825 893437 211219 336815 14611 685109 656295 331754 213063 650063 569771 341100 577037 352232 368515
288160 665812 329466 142348 488518 126434 354508 474362 161296 97804 95974 597629 363284 229756 693786 422619 199490 292582 688617 554779 223467 610047 728436 713423 162481 999999999 703694 449959 344091 170843 220099 389868 499095 147344 135954 494054 598089 690835 468175 397460 303276 583675 570762 42936 582172 149643 248077 832898 564714 685413 635445 513169 688717 391802 584146 429315 677214 707983 188482 687025 380130 390963 245486 649006 362275 328446 129559 225614 450509 174544 556203 542686 567121 610972 257821 647892 498063 35658 381607 174426 299932 371434 421209 594025 283753 488313 772931 229215 354874 156588 556435 493828 281893 255828 575650 407519 468072 437399 222120 460067
562621 274841 861752 605883 926575 762379 728766 232942 711451 773537 798254 163563 882282 907399 62835 1024993 508424 605637 113256 365607 802800 491217 580537 301829 693249 703694 999999999 333398 549341 774183 686915 751362 511562 778300 783182 445317 734271 539669 741873 312302 717210 508571 305952 686040 784725 730227 522933 724682 314059 316319 209834 645087 569296 359371 586407 591300 563509 492774 874169 496203 630178 358174 762249 617807 516380 700447 798826 516801 1031695 609728 647334 1168756 246549 135413 691104 90960 444205 722689 747790 783603 799141 346066 1028965 765085 955533 622649 676668 895956 358270 706044 622916 923762 433602 904618 359436 894041 521157 1063210 594657 403443
453055 472031 535315 409076 593208 547159 395746 210930 523643 540188 533283 330874 736074 614390 294879 845701 300492 496175 384391 459197 489161 587860 712968 521023 387726 449959 333398 999999999 474946 470065 368410 417971 537467 567436 490516 144349 750172 666056 691697 216792 387183 585044 423938 449219 776250 533647 216864 857987 119177 512902 404043 645299 684828 61162 640909 559931 674861 643923 637667 634743 297179 301798 441334 696864 183072 593205 570709 227111 864371 433568 669209 979356 371606 321600 366112 329634 145569 478963 414401 479605 651982 112442 846783 768881 730958 615845 798164 598640 130187 401896 652049 824226 272778 599898 469376 764557 204317 871507 445477 85213
55934 391627 660445 203917 805775 308611 632008 340738 234385 345946 422648 394321 339518 566825 570912 493425 229972 70763 482860 254996 557906 271350 384795 428521 464824 344091 549341 474946 999999999 506621 506934 668821 156847 313023 478928 596328 291719 348755 217241 277915 587209 242224 296004 302650 305168 259120 408801 491591 584411 395058 393487 189811 344917 421252 241419 97267 333468 372150 424623 349799 604096 200098 561800 306922 521087 152075 354464 371718 492982 169637 226928 637827 325972 419221 538960 465256 599232 334217 661004 512193 261801 362741 499122 302681 474511 160504 430651 570215 345912 467237 220791 376511 207033 599212 275560 345925 616962 538437 122539 538604
451117 788719 158653 302885 320049 278569 220111 561704 329531 234402 150552 697092 512219 148443 751121 534245 318081 460593 782136 693104 52631 764380 887195 838834 82443 170843 774183 470065 506621 999999999 116432 249634 657691 295618 49505 462028 768652 847376 638748 494119 172216 740533 699049 213468 752865 314390 255140 998015 567825 814245 747159 682012 848056 423577 748028 596025 836464 858983 275842 839285 286457 512889 89651 813451 323012 499002 258438 257383 569034 339814 724494 629030 683436 704707 143517 734809 466015 196034 241958 9556 460091 428135 530202 764867 365324 656360 937257 129782 416714 68654 723394 650028 398043 130849 713080 559657 411414 534109 387402 448410
454737 735071 180142 314514 300682 345363 135221 489441 377211 309029 244525 628234 583080 263880 657980 627999 288185 474953 707605 655787 121620 744310 871885 786341 58503 220099 686915 368410 506934 116432 999999999 171487 646421 365518 156410 347003 788081 829102 670759 431082 84730 724652 652096 254787 782194 368610 165392 993999 458461 765188 685654 693149 834284 328764 744482 602391 822718 832708 373109 815003 174002 467527 75680 810072 209021 533473 338275 181660 659863 354989 732910 732955 627007 631967 37722 657244 350952 254321 163216 124891 519307 345293 625057 789783 467373 665208 932020 243618 337479 68438 727725 713568 356290 236774 674347 627612 294983 633797 399079 337442
618788 850489 172705 483346 175295 513243 37045 589312 548470 473970 398512 726850 751062 367361 710449 783647 442101 642210 794789 790037 216313 890911 1020315 901976 227505 389868 751362 417971 668821 249634 171487 999999999 800236 532678 298921 334192 954641 975902 840853 546846 86869 874434 777049 425930 951443 539193 279488 1148707 470783 885194 792584 857360 984154 401205 901474 765539 972728 973337 525344 957460 122818 600338 160259 966535 235261 704321 501417 310789 817917 523927 895735 876995 742091 724590 134613 741055 337190 423074 8279 253712 689751 439512 779731 957940 614591 828751 1086428 342930 438429 233673 888805 883675 497901 318162 806871 796546 258741 783549 566559 354960
212004 289282 808278 357328 947082 463591 764177 353983 388654 502260 579402 348026 450642 723471 548783 611678 359188 221630 420603 153371 707978 115740 229679 312877 609477 499095 511562 537467 156847 657691 646421 800236 999999999 466413 632714 674326 226683 192060 243895 320916 722746 85390 211532 458332 273219 413375 527062 348499 630668 278027 317870 133702 190369 494625 105289 108557 178782 217218 577471 194272 721905 235806 706674 167662 625469 266672 509413 492108 603150 325418 139648 752402 265420 376328 675676 420875 676559 490688 792792 663799 386426 433201 618781 254803 619552 113756 286254 726443 420572 613458 118082 441981 307133 754786 167752 442209 709863 661004 278987 613635
263830 688000 448882 172660 614076 21550 498290 545484 78885 61519 153822 650024 218438 286091 778907 281858 277633 244859 743139 559882 345234 582133 685905 730464 307165 147344 778300 567436 313023 295618 365518 532678 466413 999999999 249289 630065 509701 654850 367255 466151 446973 550996 590116 125040 480430 54447 383773 769535 685772 698777 672722 442113 645858 506740 531595 373956 634948 683548 111631 660685 527433 432462 380610 592276 503569 234196 47637 355421 306416 172499 486587 411930 602290 668473 403118 710277 633988 111911 524486 295851 166293 473677 281759 497984 177550 422908 713402 297909 455259 299388 493244 354435 345020 334080 581063 264724 610587 304159 203327 590422
423030 780314 200247 275469 364811 233216 268824 564204 288729 187794 101321 696611 464506 124914 763840 484809 306859 428536 784004 678194 95984 741993 862356 829611 109149 135954 783182 490516 478928 49505 156410 298921 632714 249289 999999999 494976 732515 823840 599511 493014 220077 716693 688256 178738 713869 271906 273656 968683 593584 803607 742711 648965 822824 440264 719611 565224 811279 838499 226438 818115 329806 503432 139131 784625 355492 460016 210425 269215 519532 309864 692097 581054 677067 706143 187638 738579 499010 155727 291190 47364 414855 438050 480821 727098 316671 624245 908561 113005 424972 94694 692379 603232 389276 128548 698615 512300 449104 485219 357575 476483
566440 614102 483076 492650 502616 608678 322881 355192 601500 591017 561242 470309 821045 610381 394932 911874 392922 606616 514290 603024 465493 730372 856397 662243 385833 494054 445317 144349 596328 462028 347003 334192 674326 630065 494976 999999999 880316 809482 809437 356509 332871 726141 568278 505475 901167 606360 246728 1000717 139741 655626 544649 775180 827560 179768 778861 686669 817421 788175 680215 778762 213926 438985 407857 836582 139490 698800 622780 275184 935625 524367 802114 1036568 515392 458184 330091 459705 4061 527681 333146 470957 740240 241199 911499 896408 776624 745324 940468 590572 254852 400336 786445 923456 389339 582572 613543 855052 78688 930594 546204 61012
336880 489487 926912 474121 1081257 516604 917620 578409 447571 563327 654525 571448 390404 794598 774121 541055 520987 313146 637201 369247 821258 261062 266926 498000 740644 598089 734271 750172 291719 768652 788081 954641 226683 509701 732515 880316 999999999 268363 147081 537259 870824 233587 429162 555266 68080 468423 700348 281324 850252 465427 532618 105143 239235 701668 154137 195634 234719 325745 606515 305240 895235 451068 835352 159627 812346 276312 557337 663162 518173 434062 87342 662930 487863 599917 822166 643311 882945 577257 946644 772503 366573 640879 550215 37357 613620 135008 239386 804276 625906 740618 111355 311612 494526 838515 378069 358435 906273 594383 389017 820892
404060 266775 995603 548784 1129293 653329 940736 459541 578151 693189 771397 392370 609221 915514 591874 769855 541009 411377 429416 207408 896972 85027 46917 256153 795643 690835 539669 666056 348755 847376 829102 975902 192060 654850 823840 809482 268363 999999999 369604 455787 902102 107176 252829 650285 335888 602737 697804 193978 739254 230057 330395 244216 32909 634683 136400 282969 33863 59437 764938 45094 888223 382221 892446 109264 783646 440131 698987 665162 754704 517440 210285 903905 315618 418809 856267 453358 811051 682747 968804 853765 557394 575414 777960 305719 800053 248565 138765 918474 566826 800528 189143 565248 478004 946620 200261 590196 856509 821674 471038 748720
243399 533158 797373 357951 956122 375993 803898 550938 311060 423349 515993 579704 247996 653277 771553 404541 426325 206549 659251 396286 691272 330269 382688 554809 619487 468175 741873 691697 217241 638748 670759 840853 243895 367255 599511 809437 147081 369604 999999999 493427 755064 296075 452582 426182 114391 329908 604435 424745 801646 520111 558837 126765 347357 636954 233877 150592 339381 419047 460667 395774 794220 411813 711128 273262 723635 139748 414761 567072 386384 317469 160344 534929 500727 607076 706542 652989 812506 443856 832676 641733 219526 579320 413196 130871 466737 133062 377149 664280 562131 617693 180476 200575 421101 699525 411538 222291 824220 457379 278209 752960
271961 305421 611013 293619 714669 450084 515120 79365 400947 462022 493259 203601 585585 613464 315163 719672 198660 317085 292129 252973 532117 374863 502561 356948 419609 397460 312302 216792 277915 494119 431082 546846 320916 466151 493014 356509 537259 455787 493427 999999999 486410 369645 231109 376122 568184 418844 271894 645140 313197 338556 254898 433231 472198 179079 424118 352361 461822 440278 562362 428260 444451 86224 505066 480443 333118 416515 486759 249497 729797 299332 454484 862011 196808 214198 447613 250478 358434 413428 540815 502957 500588 119777 722955 558227 643264 404416 584457 605382 113019 430028 436419 648983 121301 620019 266778 604265 400724 755303 289894 295499
536060 791814 151187 398138 229476 427286 51328 536746 461603 388943 317011 675822 665185 305024 681956 702640 363568 557904 749687 722032 149988 817095 945754 843350 140809 303276 717210 387183 587209 172216 84730 86869 722746 446973 220077 332871 870824 902102 755064 486410 999999999 799028 713498 339070 866156 452448 214542 1071090 459705 824382 737830 774732 908837 358960 822524 683394 897329 902587 445132 885784 127092 532295 88327 887905 208238 618060 417063 240833 735959 438691 813837 801052 683171 676461 48685 697319 336473 336777 78591 177894 603060 387794 699121 873263 536696 746448 1008922 281692 383570 147594 807791 797101 425198 263777 739748 710348 267140 705003 482090 338508
297232 255911 889525 441608 1025199 548593 838856 386941 473553 587572 664693 348988 522092 808690 553436 683603 436494 306493 406739 145173 790333 34766 147382 266432 689893 583675 508571 585044 242224 740533 724652 874434 85390 550996 716693 726141 233587 107176 296075 369645 799028 999999999 203288 543195 293766 498242 597975 278103 668466 232993 302160 170808 109812 548096 79796 184340 98327 134160 661769 110634 790707 289849 786881 114925 689519 344113 594380 564296 672052 410427 152600 821744 265796 377251 752656 418134 728034 575850 867182 746852 463352 487397 691178 268399 701193 164463 216317 811446 476935 694472 126918 496557 377247 839472 149139 508607 767905 734181 364220 665129
331611 97887 829824 436728 942739 580424 744629 213231 512609 607735 664072 145820 633015 799468 350212 789114 381718 364839 209359 59916 742564 189440 298560 142783 632067 570762 305952 423938 296004 699049 652096 777049 211532 590116 688256 568278 429162 252829 452582 231109 713498 203288 999999999 538075 482187 536059 499534 446567 488232 115359 106442 344598 277761 401635 280483 305878 269855 221713 699568 215603 675482 186368 723479 315207 563158 443536 624405 473233 787111 421076 342757 933262 63757 173998 672338 215191 569424 575494 770833 707084 557554 347276 794963 460966 761881 325166 391051 795995 343276 640489 317909 646201 301109 816723 55052 633718 622650 834440 386893 508612
246783 634126 371988 103751 530029 103516 389962 454462 122578 91447 126265 572879 333224 266962 679730 406479 177755 249872 664837 519350 266097 570152 687338 680858 198749 42936 686040 449219 302650 213468 254787 425930 458332 125040 178738 505475 555266 650285 426182 376122 339070 543195 538075 999999999 540001 114562 258930 790471 566294 652035 607005 470275 647524 389430 542050 386756 636051 668752 191503 647515 407501 361852 285835 606761 378596 286553 121498 231593 431446 133039 513360 533092 537853 587710 292325 626211 509416 37956 417651 217242 265032 362684 406025 551492 282155 445513 730660 268367 345143 194525 513777 459480 257153 296578 540376 375546 485721 426114 180297 467208
342366 548431 911512 468108 1069677 489814 914422 616056 425451 537263 630107 621220 338817 766513 821549 483357 528069 311169 691410 422541 805422 323369 334978 559958 731900 582172 784725 776250 305168 752865 782194 951443 273219 480430 713869 901167 68080 335888 114391 568184 866156 293766 482187 540001 999999999 444179 707654 340424 880963 526736 587354 140413 307135 724723 216083 216464 302369 392751 570509 371802 900104 482889 824358 227509 823975 253943 527764 670225 458166 427529 141592 600660 538367 649541 817524 693959 904013 558189 943313 755943 326782 665030 492768 31659 568661 166124 303276 777961 648969 730537 167309 247645 512102 813439 433300 302548 921656 536670 385726 842948
209428 633946 471766 128254 634394 50825 503555 497929 24754 95278 186343 598760 220014 326747 733126 312174 237086 191765 691861 505452 366114 529006 634719 676179 311688 149643 730227 533647 259120 314390 368610 539193 413375 54447 271906 606360 468423 602737 329908 418844 452448 498242 536059 114562 444179 999999999 362899 722292 652687 644416 619711 395338 594615 472538 481470 323365 583592 630324 165889 607584 521390 380995 394105 543149 485732 192259 96254 331439 331370 121180 439739 448888 549273 617859 406263 660261 610187 118875 530922 316203 150702 435155 313570 459455 228588 374674 665207 335858 416393 306213 444972 345069 298512 370259 526630 261212 593244 340956 149169 563112
365493 577314 344443 259074 443304 362318 245761 325284 360468 344499 321977 464426 580890 397717 496840 665409 179763 398048 542440 510640 280008 612962 742728 628841 172784 248077 522933 216864 408801 255140 165392 279488 527062 383773 273656 246728 700348 697804 604435 271894 214542 597975 499534 258930 707654 362899 999999999 874378 323235 609898 524293 598337 707322 168447 630514 505799 696005 693956 435659 678316 195938 320869 241068 694570 124203 479231 376221 37434 689868 295729 633281 790051 468686 467191 176725 491873 250696 281189 272806 264693 503082 179901 664908 709110 531594 568705 812085 382495 172499 186519 623370 692372 220783 385847 527672 617919 231253 683903 327555 212700
546909 449862 1151930 695131 1294438 772704 1112674 652996 699056 817046 903298 583740 671265 1047088 779585 822133 707534 541008 612270 400836 1049457 270371 148048 428099 955052 832898 724682 857987 491591 998015 993999 1148707 348499 769535 968683 1000717 281324 193978 424745 645140 1071090 278103 446567 790471 340424 722292 874378 999999999 933157 408819 518171 327426 173172 824178 250347 403847 183338 232295 873403 232306 1068109 567480 1052263 184698 967621 537419 816460 839956 798255 658974 282955 940993 508930 609385 1023838 641352 1002418 818729 1141277 1003404 641112 764012 831356 310201 889836 347836 62310 1053526 754216 958138 277849 587679 653686 1084981 394236 639708 1045027 875480 611236 939789
566724 516172 610882 528246 641369 665325 456308 281646 642816 656780 644561 368538 854885 715139 259556 964651 419544 610623 395611 532628 579950 666427 785687 560575 486899 564714 314059 119177 584411 567825 458461 470783 630668 685772 593584 139741 850252 739254 801646 313197 459705 668466 488232 566294 880963 652687 323235 933157 999999999 559589 443603 746411 761380 180335 730992 664702 752246 709604 753059 703725 348613 399251 526530 782704 252949 708692 687627 339518 983522 552375 766720 1097678 428716 350915 448674 342821 137580 594867 469100 577213 770602 227079 965645 871412 847237 717610 875513 697581 245775 501441 747753 940695 387468 694725 539075 882749 218429 989925 562883 121818
436652 44021 943628 549931 1053072 690221 853668 304757 620469 719431 778205 191336 723342 914427 372978 882611 497067 465593 203518 140132 857439 204442 267166 34857 746606 685413 316319 512902 395058 814245 765188 885194 278027 698777 803607 655626 465427 230057 520111 338556 824382 232993 115359 652035 526736 644416 609898 408819 559589 999999999 117244 399811 261848 499245 311402 384308 258233 178184 809248 185116 779817 301386 837252 323472 665313 534878 734823 585160 877146 532242 385544 1025387 144191 212064 784294 236540 656282 689243 879249 822318 652584 449315 889086 500926 867604 387304 363133 911182 447771 755246 359827 719578 416220 932064 119515 718565 716027 929971 495620 598072
422879 73252 865714 510204 963981 660985 762910 203539 597329 683682 730871 75205 732750 859780 261724 886420 438150 459825 104674 165064 786496 282513 372287 117792 674105 635445 209834 404043 393487 747159 685654 792584 317870 672722 742711 544649 532618 330395 558837 254898 737830 302160 106442 607005 587354 619711 524293 518171 443603 117244 999999999 450614 359625 397180 381315 411343 353706 285913 779408 287539 682096 245162 759889 408870 565846 543869 703270 503994 886436 500674 447022 1031005 70439 94836 700897 123251 545053 644943 787159 755798 654952 353087 891843 565301 847870 431561 468165 853712 354851 684200 421822 751433 354853 870822 154550 735883 608290 930217 471942 488660
238682 416898 839027 381927 989568 445552 820438 477327 372453 490378 578161 481525 366082 721211 681222 526054 419781 221525 553914 285580 734323 204458 261281 434113 648092 513169 645087 645299 189811 682012 693149 857360 133702 442113 648965 775180 105143 244216 126765 433231 774732 170808 344598 470275 140413 395338 598337 327426 746411 399811 450614 999999999 224060 596540 107860 92575 215276 292399 546542 269062 793827 347183 744096 155561 708641 210840 489086 561359 510489 343015 44475 659738 399105 509763 726233 554485 777805 495895 849466 686572 320834 535787 534295 125590 568551 30008 272173 728633 520769 649137 56252 326395 389922 761141 298068 345982 801651 578172 296196 715751
400742 297616 998211 547360 1134882 645390 948621 480533 570222 686448 766853 419623 590135 911224 620565 749983 546176 404465 459789 228765 898282 97337 40126 288569 798930 688717 569296 684828 344917 848056 834284 984154 190369 645858 822824 827560 239235 32909 347357 472198 908837 109812 277761 647524 307135 594615 707322 173172 761380 261848 359625 224060 999999999 651273 118013 272088 11608 92063 755006 77602 899412 395706 896017 79626 796809 426074 690792 673869 733522 514485 187059 882279 341181 446495 862432 482171 829254 678978 976920 854167 541663 591313 758282 276515 786529 231784 114134 915056 581885 803246 167985 540458 486716 944101 223893 569113 872448 802199 467440 766642
396316 460695 502382 347938 575717 486576 374888 194875 462482 480632 477286 327949 675235 564943 329357 784629 239509 438726 393642 430330 447111 553937 681502 511285 341230 391802 359371 61162 421252 423577 328764 401205 494625 506740 440264 179768 701668 634683 636954 179079 358960 548096 401635 389430 724723 472538 168447 824178 180335 499245 397180 596540 651273 999999999 599285 509126 640878 617262 578794 606203 286021 259604 403628 657536 169169 534830 510914 172531 803212 372783 622676 918609 355334 323867 331735 340150 182100 419945 396600 433128 591299 61435 785755 718763 671464 566792 763383 550427 75844 354941 606767 764993 216174 554292 442686 704164 222188 810717 385844 119429
296973 335589 901601 445224 1044645 532290 865138 451330 457403 574692 657910 425392 473095 802250 629643 633536 459437 294245 485974 221135 799317 107343 156851 344225 704816 584146 586407 640909 241419 748028 744482 901474 105289 531595 719611 778861 154137 136400 233877 424118 822524 79796 280483 542050 216083 481470 630514 250347 730992 311402 381315 107860 118013 599285 999999999 158203 108451 185548 639646 162612 825848 339924 802004 65700 730519 308513 577275 595086 618335 409751 77794 767598 341728 453810 774932 495674 781032 571613 893909 753549 423656 537903 641684 189555 668924 113775 189232 807409 525561 707810 53936 431607 411461 837831 227381 453833 815118 685456 362065 718062
147714 391809 751830 293843 900055 374190 728668 404243 299232 416498 500336 429336 342088 644547 621284 503185 327221 137174 510185 252277 647972 218241 312063 419129 558615 429315 591300 559931 97267 596025 602391 765539 108557 373956 565224 686669 195634 282969 150592 352361 683394 184340 305878 386756 216464 323365 505799 403847 664702 384308 411343 92575 272088 509126 158203 999999999 261314 318367 482924 294706 701255 267826 655139 221139 616754 159864 419306 468799 494678 256220 130519 643867 351180 456597 634999 502571 689408 414956 757683 601035 279385 449035 510342 209746 517627 63284 344614 650213 433292 560261 127369 340332 299239 681262 269506 334395 710866 552705 208641 627843
