NAME : synthetic_000091
TYPE : CTSP-D
DIMENSION : 100
GROUPS : 8
RELAXATION_LEVEL : 1
EDGE_WEIGHT_TYPE : EXPLICIT
EDGE_WEIGHT_FORMAT : FULL_MATRIX
EDGE_WEIGHT_SECTION
999999999 543038 416883 772333 465185 954355 952158 279361 628179 742603 517291 510212 899037 781081 553969 980994 65517 989943 505299 585834 742645 766044 704730 820521 838250 480311 597522 591224 351275 443918 295844 492903 43031 278079 966612 208807 719716 317185 593774 604649 538847 864500 498274 266285 477579 1015201 566181 299961 492487 239963 192934 52906 304031 362431 782605 270834 480150 948643 544089 297686 299334 808301 494948 355334 721038 570365 627571 356530 345389 782753 920457 909594 917693 161551 893451 311203 860128 855231 251898 335213 700978 452390 684668 607284 250422 864690 310487 895936 429090 574672 387031 668559 421503 1033984 647162 696930 435805 774564 969792 582033
543038 999999999 653414 233280 239918 474776 447843 746684 589972 210680 624283 189454 537016 311123 239683 437988 594032 449515 561360 148567 205356 522443 719135 314617 333627 115101 648215 174613 489942 273959 532119 190855 520053 328318 428425 408363 592180 805631 705068 360775 4913 570746 124876 469496 141410 501892 27559 372756 515187 518751 351754 501362 246967 255254 615269 754026 174741 481970 702971 653453 281405 332711 392441 188116 178050 352868 94621 205779 206444 734051 520470 494568 377164 664734 456249 552252 682075 322128 608845 220362 702865 569732 368855 474332 704129 337022 304744 744287 273826 556938 329248 160513 620096 495117 288351 303333 348707 417621 452561 153835
416883 653414 999999999 817669 433830 870519 900516 284316 304506 856720 143181 499586 716295 727736 798805 1032782 466452 1011768 182804 771432 845705 532957 323774 796969 809008 665773 225968 789735 163475 395275 143845 724291 450912 347658 981328 303345 420963 337740 190638 453666 648551 637667 540938 652325 680540 967761 680839 640081 212222 191629 461612 446430 452340 399766 490071 310905 703534 851275 131767 143487 395466 752870 823142 514192 796422 864884 693991 576408 553329 418171 764630 769677 996195 333514 777945 121615 554310 960471 170882 555334 327268 122900 541566 367509 259258 866387 607543 566670 711940 264299 327110 691558 42660 1044200 886199 608723 325624 625097 935490 585332
772333 233280 817669 999999999 384787 290577 241189 955942 671500 133959 754027 318792 444747 188106 393792 218253 825460 217610 686638 283719 111697 515721 797768 133306 147784 330714 753354 304148 659667 423215 717188 381508 751457 533689 195246 618414 631794 1017319 822572 415930 236838 519499 291081 696180 350339 282612 215177 598014 640015 715891 583159 732639 470191 447945 629145 966344 374445 309612 836834 846551 492251 191014 573731 417472 67905 503368 144833 438185 439718 783390 401431 368280 180816 884398 318359 734470 677031 169992 807293 453541 779036 713871 370186 544355 912826 113455 533103 742749 478684 654985 495283 126175 779035 262219 386953 274593 492314 364881 232364 232350
465185 239918 433830 384787 999999999 496149 505028 587989 354646 427975 386848 65995 441694 328004 448443 601676 528763 586804 322512 381674 415064 348146 482418 383229 398445 299870 408345 405586 274897 38557 335276 379808 461072 187928 557865 268465 375878 651296 465846 167551 235558 428845 115731 519302 324458 571386 265176 444631 275938 341762 318744 443134 196953 104476 413899 602239 357966 487194 467270 466647 170384 355390 552768 204358 363163 548048 261891 283062 263157 506737 456800 444628 562435 536261 428789 351305 488960 528006 431707 276197 466964 336842 228183 249242 545123 444499 377338 544782 420955 318290 111607 259218 396310 623359 516829 232265 111989 313763 531150 152954
954355 474776 870519 290577 496149 999999999 73306 1076189 632968 422149 765512 444499 239975 174319 677722 326695 1015376 259193 701593 566582 400691 402475 737167 164584 146551 588189 732490 589323 738467 525984 811693 653762 943938 682133 232322 764455 548294 1140026 809578 416887 476308 347563 461931 939593 612556 116694 468136 845004 662010 829951 783725 925207 657311 593723 514184 1092748 642351 32707 844487 942750 655108 147911 853313 624203 355170 790159 382693 671084 664775 687905 173328 143104 366728 1032085 104292 822755 530340 412956 915818 680101 717660 750007 329705 518869 1034141 189423 775142 590874 745648 640221 598043 314551 828026 255773 677384 269360 568974 255563 119210 375501
952158 447843 900516 241189 505028 73306 999999999 1091720 679341 367101 803408 447662 308234 177486 634535 253407 1011234 186155 737873 523919 346711 458697 789156 134534 115769 557706 776699 545054 760839 537993 831276 617419 938548 686205 159016 770387 602019 1155316 853063 448908 450046 413058 454336 917039 580430 67425 437340 820593 696118 844926 774512 919654 650390 596740 573083 1106801 607998 105246 884070 963264 654864 150467 813415 611027 308554 744556 353438 650338 646533 745633 243397 211342 295743 1040108 166048 843970 594695 346330 933058 661561 769583 782336 366775 560246 1049113 130680 752151 656591 712299 681843 612018 292115 858441 185885 626172 291918 588543 304157 47643 370224
279361 746684 284316 955942 587989 1076189 1091720 999999999 581699 956809 425968 649601 960028 914237 812369 1173461 290850 1168281 452219 824051 951996 789867 607337 971097 986434 713562 510036 834595 345709 553833 268094 744643 322332 422568 1140917 339006 695233 63859 470786 671954 741919 895514 665019 544539 717833 1158550 773162 576392 466589 246801 435283 330486 502041 508377 764433 27488 728420 1062635 407879 149166 466472 941362 772393 566201 917015 842726 815116 595883 578506 702457 998926 997484 1120981 119940 995399 262068 832943 1068795 161404 572814 611459 387320 761864 618933 43151 1029742 576158 849365 695300 535617 479716 836723 315999 1207551 906089 806834 507700 852154 1119079 734863
628179 589972 304506 671500 354646 632968 679341 581699 999999999 753370 163668 400846 438506 527830 801918 864805 690471 826151 131159 735279 736119 247103 129676 606353 612835 653443 102002 759679 277479 328323 344407 731486 648030 415595 793970 436410 117055 639090 179122 255570 585996 345661 465583 794827 677053 743162 613133 745798 135793 395767 577258 636111 497647 399983 185752 606797 709407 607652 225398 433073 442248 547416 889404 535339 675231 897237 587575 614971 591938 163372 496512 509626 849843 602766 530986 337748 251246 836740 437604 601420 112904 195361 317228 127234 550200 683201 689571 272667 759888 53586 311676 553801 267194 848435 871411 408579 265186 377482 721601 462754
742603 210680 856720 133959 427975 422149 367101 956809 753370 999999999 813495 365651 574422 316305 284551 252957 788656 288037 747744 184120 22566 626774 882476 267253 281575 266918 825468 197152 693878 465617 740528 292190 715512 538905 278260 618914 729722 1015229 889193 502164 215529 642381 316005 623212 277877 398323 183776 525373 700712 729063 549670 697375 455496 463215 735869 963570 291872 442659 894748 863561 492079 322704 466279 393396 85446 385755 167812 388934 397532 879747 534036 501262 178964 872007 451811 760114 790215 112919 819384 408701 864596 764780 474068 628687 914385 236430 468269 855651 390475 729164 529729 205307 821369 336329 260334 382729 539961 484621 349555 291313
517291 624283 143181 754027 386848 765512 803408 425968 163668 813495 999999999 447844 591147 638156 804592 961692 574401 932244 67566 758068 799406 402574 190263 712695 722376 661191 85395 779618 181719 350764 221448 730504 544765 367695 900716 355854 280723 480700 87649 356083 619689 505047 502092 722869 680581 869598 650494 692255 114029 277366 513533 536316 467716 388768 349270 452073 708632 743269 82933 280270 408048 661208 859533 520520 743897 885702 646037 593732 569863 279216 644431 653320 934831 462412 667739 207180 411559 909230 294838 575635 190115 69521 437070 247913 398053 786459 647234 423713 737486 130994 300463 629212 110731 960186 884966 516467 275754 512655 842090 526640
510212 189454 499586 318792 65995 444499 447662 649601 400846 365651 447844 999999999 418070 272526 414637 535795 572006 521949 382227 336578 351794 353871 530244 322136 338134 268431 463257 361835 340882 104473 400337 351029 501686 238711 493364 322731 405837 712554 524360 178889 185641 421773 67462 534015 295038 513141 212290 451435 335241 404417 348231 483186 221110 149533 434793 662906 330100 438469 529222 531243 210889 299958 536857 208130 298293 520520 198347 279447 263297 545198 423944 407728 496610 592597 385840 416772 505935 463490 495036 277958 513747 400539 213875 285303 606571 380696 381339 565519 405964 369616 177036 193308 461749 559265 475067 191563 175911 289035 471267 87234
899037 537016 716295 444747 441694 239975 308234 960028 438506 574422 591147 418070 999999999 258119 772675 552989 964021 491423 535151 667610 551917 191548 523410 318273 310680 648622 540471 693736 614549 456563 692712 727732 899478 622226 461638 692452 335560 1022923 617243 296429 536299 110394 466642 952078 676086 355900 542936 868020 504816 724838 760055 882092 635531 545722 288230 980728 710686 207780 662400 815276 611697 254130 928257 625794 491508 887553 466638 693079 679155 461163 68171 97066 576225 940924 144294 698015 292816 603124 799644 694213 504506 593582 214812 348808 920962 383531 797286 351632 803819 460203 513220 395406 674123 494051 799542 236575 468535 129116 355868 391186
781081 311123 727736 188106 328004 174319 177486 914237 527830 316305 638156 272526 258119 999999999 532101 340393 841646 298323 571382 422793 293807 338812 646822 79484 85113 426174 620133 447850 584613 360560 654213 497912 769943 511156 266154 594654 468119 977843 694615 282234 311923 332195 287646 768825 452027 244489 309168 675642 527776 667442 609409 751179 483027 422056 454994 929390 484068 174337 720200 786287 482174 27457 699960 450499 233739 646970 225251 500240 492691 618550 221699 191161 340376 863851 147151 667266 495792 352932 755634 508095 627430 611791 210933 403021 871643 156994 605148 561282 584891 522666 434533 152517 686091 322546 548257 121758 411846 181493 208118 201183
553969 239683 798805 393792 448443 677722 634535 812369 801918 284551 804592 414637 772675 532101 999999999 531596 583467 572321 748830 111140 299225 760468 927804 513286 531171 148591 844672 89747 642158 473729 660001 74664 517378 451198 562652 506318 819907 861883 890640 592739 241510 810351 347308 367381 125269 675080 230036 277546 706062 628356 377125 502148 346465 416026 848823 811615 96119 691515 875763 758203 404056 549137 181894 286124 326063 115133 308047 224739 246700 955058 750382 722020 451980 706975 679210 682369 918112 374056 707466 247237 913263 741352 608062 696300 773913 506893 244174 979073 131064 761986 505885 381001 773648 620559 93779 541900 541732 656268 625089 393380
980994 437988 1032782 218253 601676 326695 253407 1173461 864805 252957 961692 535795 552989 340393 531596 999999999 1031030 72684 894129 436655 245468 675920 986239 260920 258410 515996 953240 447638 876449 639896 935173 545043 957190 750941 94532 835262 808468 1234510 1025439 612363 442232 650622 509084 876008 529321 238346 415074 778009 848246 934104 789211 938628 682599 665926 792620 1183372 544738 358233 1044609 1064761 708446 325812 710925 626012 260218 622398 358959 634537 640125 958592 492072 458469 81610 1099307 408808 952230 826493 160733 1025514 652637 966942 925719 550079 738306 1130381 183446 719457 890813 643105 854795 712716 342488 993401 107433 487893 456355 707177 516280 209773 448740
65517 594032 466452 825460 528763 1015376 1011234 290850 690471 788656 574401 572006 964021 841646 583467 1031030 999999999 1042860 565936 625275 790051 831526 763209 878776 896733 523319 656060 628361 413061 508411 353621 527301 74011 342411 1020389 274324 783754 316673 648227 669952 590038 930012 556902 261991 517814 1073564 616035 315815 555034 298353 242373 92829 361144 425356 847107 276518 516601 1010414 596060 338105 361292 868744 504737 408093 771940 587639 681139 399925 391577 843334 984714 973374 965487 171625 956360 367290 924438 900636 297085 379977 760215 511104 749516 672322 270129 920566 339749 959364 454756 637083 452401 725235 474910 1087601 675226 759983 501311 839176 1027534 641651
989943 449515 1011768 217610 586804 259193 186155 1168281 826151 288037 932244 521949 491423 298323 572321 72684 1042860 999999999 864911 470939 275593 625532 944269 220420 213358 539011 917942 485152 859425 624178 922072 577407 968849 747518 32257 832710 762529 1230349 991820 578235 453307 592529 504101 903614 555324 165864 429436 805183 819982 925330 800503 950056 687578 660060 742002 1179753 574512 291386 1014863 1053190 707681 279681 753711 635000 273533 669551 362411 652421 655435 910951 428376 395449 141314 1100311 347293 937954 771297 215129 1016391 668856 924805 900674 509114 701137 1125130 145937 743257 834754 676089 820093 698406 331560 971345 48306 537712 418772 687556 466106 140435 435021
505299 561360 182804 686638 322512 701593 737873 452219 131159 747744 67566 382227 535151 571382 748830 894129 565936 864911 999999999 697739 733320 350251 204528 645533 655408 603584 101585 719931 155106 287401 215271 675326 528385 323364 833429 325482 243024 510800 143837 289647 556844 454863 438153 691738 624057 804320 587211 653403 47062 268446 477475 517923 418699 333158 312261 476884 653297 680124 150497 303171 359586 594699 813132 467568 677265 833921 580088 543255 519447 277479 585757 592924 867452 471896 605136 207198 381478 842516 306447 526393 197816 64900 372295 187491 419721 719086 603986 403456 688239 83496 242947 561994 142051 893157 826964 449797 212845 450455 776010 459887
585834 148567 771432 283719 381674 566582 523919 824051 735279 184120 758068 336578 667610 422793 111140 436655 625275 470939 697739 999999999 195375 668773 863794 402160 420032 110793 788553 26669 609492 412538 639952 108689 554227 428637 458757 497408 740669 878400 841445 509336 151817 711324 270123 441341 108304 565868 131319 344439 652647 616734 396022 537065 329227 373767 763526 826997 111622 580511 833989 750820 379571 439032 290040 263610 215831 224693 201022 230677 245955 881764 642471 613414 360228 727936 569680 661526 829516 286139 702375 253175 847996 699329 513907 621879 783257 397097 292433 892156 206453 699954 458078 273220 741743 519222 139948 441048 485460 554901 515725 299347
742645 205356 845705 111697 415064 400691 346711 951996 736119 22566 799406 351794 551917 293807 299225 245468 790051 275593 733320 195375 999999999 605882 864987 244929 259432 270905 809620 210579 683289 453026 731722 302092 716601 532375 263823 613453 710415 1010981 874184 483900 210097 620358 304792 631062 283863 379725 179302 532889 686261 721842 549822 698299 451878 454701 715535 959370 300236 420817 880990 855986 486213 300139 481118 390999 64216 402898 153448 391173 398486 860756 511478 478721 175456 869289 429315 750989 769196 117134 812522 410233 846979 751850 453738 610932 909397 216066 474007 834691 400728 712903 518596 185681 809804 323863 279730 361776 526935 462781 330567 275151
766044 522443 532957 515721 348146 402475 458697 789867 247103 626774 402574 353871 191548 338812 760468 675920 831526 625532 350251 668773 605882 999999999 336482 416857 417603 618908 349006 695356 449332 347445 527306 701790 773756 500907 593580 557447 146988 851410 425701 180618 520046 105712 417925 864915 646191 517577 537454 792729 325213 566503 655825 757954 542182 441350 116706 812296 681598 373974 471660 642096 503861 350359 890727 551707 541667 870467 480947 628705 610019 287002 251827 268769 679027 784486 298202 529171 163715 685464 632641 623571 317166 411619 155911 170993 752953 493336 725381 228920 759753 271772 383418 423226 491588 639322 808294 244110 331706 159722 504457 369446
704730 719135 323774 797768 482418 737167 789156 607337 129676 882476 190263 530244 523410 646822 927804 986239 763209 944269 204528 863794 864987 336482 999999999 726088 731172 779667 107212 887946 358414 454287 409590 856440 730125 523618 912013 530010 189501 657779 139717 382513 715108 418993 594539 896000 802637 850689 742521 855032 233856 465073 680862 720471 613357 519778 238580 634217 834312 709598 203529 466226 555761 664595 1007740 655884 803683 1020511 717043 734424 710977 98982 587087 605233 974801 651854 633262 396705 272768 964229 484497 719447 19574 252345 436204 254314 582968 803455 802774 262135 879870 166015 429475 681847 298495 963806 999143 530343 387201 485000 833215 592199
820521 314617 796969 133306 383229 164584 134534 971097 606353 267253 712695 322136 318273 79484 513286 260920 878776 220420 645533 402160 244929 416857 726088 999999999 19013 426204 697547 425170 649197 418514 715931 489707 805765 558770 188489 643715 547559 1034272 771417 357931 316609 402868 322249 783151 449848 194788 305740 687091 601085 724988 640875 786845 517650 469252 533341 984865 478842 179213 795139 847999 525039 67630 688796 476827 193325 626095 220810 516007 512012 697855 270227 236530 264229 913826 185878 730263 571676 284869 814703 527054 706719 683325 289977 480895 928163 77510 618262 636873 582605 599673 493300 157591 755862 247920 516126 198381 476099 258102 149842 240321
838250 333627 809008 147784 398445 146551 115769 986434 612835 281575 722376 338134 310680 85113 531171 258410 896733 213358 655408 420032 259432 417603 731172 19013 999999999 445136 705229 442822 662622 433270 730124 508314 823811 575416 181148 660220 550858 1049708 779619 366802 335621 398777 340000 802147 468714 176954 324661 706102 611372 740098 659185 804897 535654 485865 534282 1000467 497588 162530 804604 862248 542248 67435 707128 495360 209751 643700 239787 534949 530861 700475 259910 225862 267605 930316 174632 744148 570232 293186 829538 545919 711738 694439 295757 488134 943553 76160 637259 635137 601414 607697 507989 176455 767693 237850 532573 206484 489478 258098 133157 257354
480311 115101 665773 330714 299870 588189 557706 713562 653443 266918 661191 268431 648622 426174 148591 515996 523319 539011 603584 110793 270905 618908 779667 426204 445136 999999999 698055 124954 505353 325417 531828 82900 450873 320314 521672 386992 672356 768351 746335 447262 114612 675723 201810 365682 27678 608642 120491 267381 559976 506896 288514 433127 219170 272853 703222 716870 63059 596353 734628 640629 271427 447485 279655 153847 266834 252178 205601 123833 136542 806543 634556 609180 445517 618844 571309 553658 773966 377802 591908 145264 764965 599808 469711 548042 672635 440742 204290 833927 158729 614005 361015 274935 637681 586375 223795 412948 394453 526386 558677 259158
597522 648215 225968 753354 408345 732490 776699 510036 102002 825468 85395 463257 540471 620133 844672 953240 656060 917942 101585 788553 809620 349006 107212 697547 705229 698055 999999999 811583 252398 376025 302442 771804 623114 424839 885918 425353 213366 563538 77394 340878 643885 446342 523591 792326 719515 841308 673141 754978 139115 357872 578779 613653 519082 430641 278913 536386 749699 707831 126113 365333 460276 641054 913818 566102 750911 932424 657873 642827 619092 193832 598421 611113 933429 547655 631275 289912 334673 914865 380056 626483 105124 145133 411467 217398 482996 773535 705380 341572 788100 98559 339827 631782 195921 942253 920444 499172 303854 476964 817981 534469
591224 174613 789735 304148 405586 589323 545054 834595 759679 197152 779618 361835 693736 447850 89747 447638 628361 485152 719931 26669 210579 695356 887946 425170 442822 124954 811583 999999999 628470 435729 656659 103612 558311 445142 474380 511486 766445 887954 863494 535353 177724 737948 295074 435190 116773 585339 157915 339677 675136 631738 403525 541553 344021 393689 789792 836729 111769 603924 854855 765254 396186 463597 271091 278795 236508 200937 227098 239083 256166 907012 667973 638686 369600 736233 594547 678430 855988 293551 716253 262014 872298 720076 540543 647105 794245 417172 291923 918547 197511 723728 479287 298991 760817 533453 113739 467635 508092 581436 535343 325916
351275 489942 163475 659667 274897 738467 760839 345709 277479 693878 181719 340882 614549 584613 642158 876449 413061 859425 155106 609492 683289 449332 358414 649197 662622 505353 252398 628470 999999999 236565 78366 567495 373366 193269 829752 174307 375726 408957 268067 327436 485077 554237 378554 541627 521471 828242 517373 511133 142581 120653 331997 362817 297292 236644 442114 366183 546238 722656 238285 204757 238400 610892 682505 356110 635329 715112 532383 423458 399822 431924 653425 652804 836634 336590 653124 84804 517289 798614 185119 403713 352678 112199 417609 279155 306422 715315 468416 547936 564128 224224 165273 534074 132358 894127 727485 470382 173144 507152 792506 427731
443918 273959 395275 423215 38557 525984 537993 553833 328323 465617 350764 104473 456563 360560 473729 639896 508411 624178 287401 412538 453026 347445 454287 418514 433270 325417 376025 435729 236565 999999999 298237 403196 442944 166019 595003 241777 359869 617364 431126 169602 269448 434519 151424 517559 348752 604734 299880 448263 241303 307127 309868 425529 195268 93980 403122 568831 381134 515466 430518 429978 158064 387784 568297 214816 401590 569676 300039 295077 273605 484340 476620 466729 600989 506354 454241 313779 479876 566316 396268 285400 439557 299224 241751 231376 511154 481255 383394 533031 436974 288841 74805 297513 357828 660199 545570 258821 75036 330785 565498 191166
295844 532119 143845 717188 335276 811693 831276 268094 344407 740528 221448 400337 692712 654213 660001 935173 353621 922072 215271 639952 731722 527306 409590 715931 730124 531828 302442 656659 78366 298237 999999999 585867 323995 211519 893113 159611 448441 331613 299754 403971 527206 632371 429608 513330 544610 898547 559666 496815 213673 55965 317920 316450 314519 277331 515945 288065 565630 796882 255384 132145 260492 680899 679325 378405 687690 722433 584174 436109 413489 491192 730842 729522 891070 260911 728434 22565 589752 848318 106981 414484 406765 157611 493985 356782 228293 779489 463745 616903 569193 292515 223699 593060 132666 958429 749067 542681 243045 584097 861334 487532
492903 190855 724291 381508 379808 653762 617419 744643 731486 292190 730504 351029 727732 497912 74664 545043 527301 577407 675326 108689 302092 701790 856440 489707 508314 82900 771804 103612 567495 403196 585867 999999999 458445 376648 563794 433177 753923 795777 816752 529912 191440 757676 284631 332843 56006 663794 188792 236480 632971 555121 309872 442222 271975 342252 785751 745042 22137 664386 801286 685858 329408 517559 202221 211485 314243 169506 273188 151929 173128 886379 710869 684343 468911 642070 644474 608193 856759 394597 635448 174814 842238 666961 552213 628776 705429 494522 189002 916542 98683 690464 432471 345416 698996 625588 164211 493109 469640 607039 613524 340361
43031 520053 450912 751457 461072 943938 938548 322332 648030 715512 544765 501686 899478 769943 517378 957190 74011 968849 528385 554227 716601 773756 730125 805765 823811 450873 623114 558311 373366 442944 323995 458445 999999999 277407 946405 217951 735217 359218 623544 607610 516050 870077 484264 223382 446335 1000540 542153 258589 512294 268135 168364 18940 288174 356905 796463 313438 446732 939657 575991 336745 291830 796936 452887 334123 697989 529844 607165 327193 318134 805174 917813 905433 891998 204132 886984 340933 874533 827694 289415 306841 725435 478322 684675 619162 293377 846845 273250 912797 390827 594446 391383 651751 452798 1013607 610100 690988 442124 773402 954287 569468
278079 328318 347658 533689 187928 682133 686205 422568 415595 538905 367695 238711 622226 511156 451198 750941 342411 747518 323364 428637 532375 500907 523618 558770 575416 320314 424839 445142 193269 166019 211519 376648 277407 999999999 720984 85373 481800 483644 455343 330659 323444 594411 243419 380678 333542 751330 355528 331531 289776 190892 162991 260323 104807 89558 536725 432662 355881 674375 430991 325855 49076 538603 491838 167115 494813 521843 392587 230352 206827 578950 642392 631665 699025 355191 616716 233362 615315 649503 280534 210444 513561 299921 407484 357189 379529 611950 280682 660777 371165 364761 118127 416552 323071 788071 538757 420188 171235 496804 708499 318704
966612 428425 981328 195246 557865 232322 159016 1140917 793970 278260 900716 493364 461638 266154 562652 94532 1020389 32257 833429 458757 263823 593580 912013 188489 181148 521672 885918 474380 829752 595003 893113 563794 946405 720984 999999999 806283 730327 1203197 959901 546398 432039 561784 477715 887104 539108 147714 409474 788680 788625 897299 778184 927561 663502 633051 710098 1152762 559786 264056 983282 1024461 681918 247425 744479 612302 254953 662884 339268 632718 634805 878842 399395 366149 149627 1074569 317365 908750 740014 217098 988213 648508 892548 869691 476901 669043 1097775 114972 725543 803647 662392 788127 669414 304487 940762 67446 533070 386768 657564 434082 115377 406724
208807 408363 303345 618414 268465 764455 770387 339006 436410 618914 355854 322731 692452 594654 506318 835262 274324 832710 325482 497408 613453 557447 530010 643715 660220 386992 425353 511486 174307 241777 159611 433177 217951 85373 806283 999999999 518362 399332 441477 396884 403556 655704 328626 367379 396291 835808 435138 340048 302124 122048 160225 203589 168400 174533 578774 348115 413908 755621 406277 253821 127471 622110 519823 234072 578074 563812 476501 281583 260078 597127 716970 708183 781977 270112 695859 182068 656987 730428 204971 259167 522810 286377 479030 401212 296179 697318 304209 696659 410368 383167 179275 501885 287768 873397 597322 499885 227047 569823 793352 403854
719716 592180 420963 631794 375878 548294 602019 695233 117055 729722 280723 405837 335560 468119 819907 808468 783754 762529 243024 740669 710415 146988 189501 547559 550858 672356 213366 766445 375726 359869 448441 753923 735217 481800 730327 518362 999999999 753683 287166 232439 588854 235148 473290 861508 698080 662512 612012 802262 234768 496305 644530 721680 548468 445957 69304 719794 732369 520368 339308 546144 498926 483562 927688 574664 647002 922996 571039 654946 633367 151636 398118 415754 803762 709156 444201 444635 141563 801171 546818 644849 170178 307919 262012 128772 662292 625023 740508 179106 796061 159636 366995 524740 382759 779516 880068 357990 314480 298512 646852 448831
317185 805631 337740 1017319 651296 1140026 1155316 63859 639090 1015229 480700 712554 1022923 977843 861883 1234510 316673 1230349 510800 878400 1010981 851410 657779 1034272 1049708 768351 563538 887954 408957 617364 331613 795777 359218 483644 1203197 399332 753683 999999999 519453 735563 800906 957109 726658 576947 771372 1222098 831855 617085 527239 310470 485913 369815 559824 570292 822972 51683 780320 1126494 455771 209393 526576 1004992 812065 623203 977284 886522 875829 648878 632459 754291 1062335 1061110 1180957 156373 1059218 324932 890190 1127536 225127 625946 663051 446014 825522 680623 106212 1092379 622406 904376 741789 594296 543359 898843 372130 1269947 955657 870674 571558 915709 1182438 797509
593774 705068 190638 822572 465846 809578 853063 470786 179122 889193 87649 524360 617243 694615 890640 1025439 648227 991820 143837 841445 874184 425701 139717 771417 779619 746335 77394 863494 268067 431126 299754 816752 623544 455343 959901 441477 287166 519453 999999999 413732 700570 521629 581566 807627 766263 917934 730811 779140 189932 355449 600053 616203 555187 474616 350255 497942 794814 785083 63937 334096 495540 716061 947179 607341 816885 972914 721385 681078 657209 238319 675635 688493 1003148 523698 708559 282764 399801 981673 358560 663127 148163 156327 487133 293007 448804 846894 734754 398214 825016 171991 385323 699467 173534 1017053 969956 573224 356673 554111 893951 599578
604649 360775 453666 415930 167551 416887 448908 671954 255570 502164 356083 178889 296429 282234 592739 612363 669952 578235 289647 509336 483900 180618 382513 357931 366802 447262 340878 535353 327436 169602 403971 529912 607610 330659 546398 396884 232439 735563 413732 999999999 357632 265000 245646 685542 473926 515730 379901 612176 247221 431356 479469 590820 362632 263364 256107 691106 508982 398351 437978 531929 327586 305128 713713 371209 421801 699394 340019 448692 429663 379089 327885 325551 594537 645668 326693 412218 327212 581720 510576 443092 364076 333832 90192 128468 631467 433163 544768 386668 582176 242477 217705 299599 411217 604633 649088 160479 172134 180317 486421 216683
538847 4913 648551 236838 235558 476308 450046 741919 585996 215529 619689 185641 536299 311923 241510 442232 590038 453307 556844 151817 210097 520046 715108 316609 335621 114612 643885 177724 485077 269448 527206 191440 516050 323444 432039 403556 588854 800906 700570 357632 999999999 569121 120707 467112 141232 504458 32469 370567 510704 513859 347723 497342 242372 250347 612354 749307 174926 483187 698311 648555 276566 333763 392708 183804 182195 354346 97156 202741 202976 730439 520367 494684 381700 660156 456722 547341 679418 326911 603968 217005 698882 565024 366734 470670 699352 339973 302293 741507 273244 552761 324473 161862 615266 498800 291456 302192 344153 416410 455213 151872
864500 570746 637667 519499 428845 347563 413058 895514 345661 642381 505047 421773 110394 332195 810351 650622 930012 592529 454863 711324 620358 105712 418993 402868 398777 675723 446342 737948 554237 434519 632371 757676 870077 594411 561784 655704 235148 957109 521629 265000 569121 999999999 480332 948096 703384 464128 581573 870869 430838 670536 744352 853732 625698 528037 181063 917855 738764 315979 571050 747804 592560 335556 953224 627467 557267 923420 514136 701128 684292 352139 178382 204794 666350 888527 247029 634610 182986 684945 737995 698604 400553 516831 208244 276585 858462 474307 801729 243582 824371 374974 478695 448070 596561 598690 848286 270548 428714 158814 460575 417664
498274 124876 540938 291081 115731 461931 454336 665019 465583 316005 502092 67462 466642 287646 347308 509084 556902 504101 438153 270123 304792 417925 594539 322249 340000 201810 523591 295074 378554 151424 429608 284631 484264 243419 477715 328626 473290 726658 581566 245646 120707 480332 999999999 490138 228747 516939 149570 402412 391646 425237 321857 465387 196218 156866 501738 675870 264022 460546 581928 557078 204816 314125 473892 165007 258103 453984 154611 226574 213831 612037 464757 444847 461613 597095 416613 448072 572156 420155 516653 229149 578429 450129 272292 352149 621885 369939 331389 632280 344153 432064 213834 173582 505365 544904 408033 231964 226451 339157 471660 86604
266285 469496 652325 696180 519302 939593 917039 544539 794827 623212 722869 534015 952078 768825 367381 876008 261991 903614 691738 441341 631062 864915 896000 783151 802147 365682 792326 435190 541627 517559 513330 332843 223382 380678 887104 367379 861508 576947 807627 685542 467112 948096 490138 999999999 348290 971250 482623 98441 664555 461101 217815 218809 322910 423896 913851 533800 331349 943071 768251 553221 364161 793297 249234 326687 632456 341404 564114 268634 277091 957823 954573 934975 801182 425101 905396 533713 992103 727425 503250 261642 887835 653506 744343 735085 516705 804929 164895 1040059 238718 742929 494697 626342 645996 951288 450197 721192 547682 823047 921720 574129
477579 141410 680540 350339 324458 612556 580430 717833 677053 277877 680581 295038 676086 452027 125269 529321 517814 555324 624057 108304 283863 646191 802637 449848 468714 27678 719515 116773 521471 348752 544610 56006 446335 333542 539108 396291 698080 771372 766263 473926 141232 703384 228747 348290 999999999 630107 144426 249864 581017 517310 287867 429035 230307 291814 729747 720095 35468 621373 752882 650088 285157 472933 252172 166457 285081 225511 229896 122715 139399 831173 661530 635911 456834 620154 597583 566673 800821 386699 600648 145478 788190 618197 497286 573195 677475 461573 190399 860545 133212 636776 381143 300271 653586 603023 206015 440528 416464 554023 580000 286818
1015201 501892 967761 282612 571386 116694 67425 1158550 743162 398323 869598 513141 355900 244489 675080 238346 1073564 165864 804320 565868 379725 517577 850689 194788 176954 608642 841308 585339 828242 604734 898547 663794 1000540 751330 147714 835808 662512 1222098 917934 515730 504458 464128 516939 971250 630107 999999999 489163 874008 762873 911783 835393 981617 712437 661789 630266 1173435 655918 148220 949951 1030564 718968 217652 855867 670818 350415 782133 407309 706421 703891 803747 288482 259432 296577 1105738 220175 911323 646979 358671 1000119 718711 831137 849344 432626 625463 1115888 169288 806613 707259 760343 747116 678911 350561 925647 148692 658596 359270 655884 366392 50272 434040
566181 27559 680839 215177 265176 468136 437340 773162 613133 183776 650494 212290 542936 309168 230036 415074 616035 429436 587211 131319 179302 537454 742521 305740 324661 120491 673141 157915 517373 299880 559666 188792 542153 355528 409474 435138 612012 831855 730811 379901 32469 581573 149570 482623 144426 489163 999999999 384994 540884 546076 374141 523567 272577 282810 632938 780223 175151 477126 729487 680825 308394 329227 390966 212303 156343 344671 85476 223244 226157 755297 523020 495938 352392 690092 455685 579809 698337 295688 636061 239432 726032 596483 382669 495971 730682 322310 318619 761167 277584 581125 356324 156743 647387 475660 271013 312150 374784 426459 439397 168038
299961 372756 640081 598014 444631 845004 820593 576392 745798 525373 692255 451435 868020 675642 277546 778009 315815 805183 653403 344439 532889 792729 855032 687091 706102 267381 754978 339677 511133 448263 496815 236480 258589 331531 788680 340048 802262 617085 779140 612176 370567 870869 402412 98441 249864 874008 384994 999999999 621249 449728 179838 247272 254165 357129 850316 569991 233700 849536 746233 559283 304548 699566 196127 243623 534082 272047 467273 176632 188882 909081 866914 845978 703661 461035 814501 518652 927697 630549 507538 173813 845093 622915 664488 674004 543304 707196 71119 978972 146578 695784 436949 530929 627447 852849 365208 634372 488264 739520 824342 484231
492487 515187 212222 640015 275938 662010 696118 466589 135793 700712 114029 335241 504816 527776 706062 848246 555034 819982 47062 652647 686261 325213 233856 601085 611372 559976 139115 675136 142581 241303 213673 632971 512294 289776 788625 302124 234768 527239 189932 247221 510704 430838 391646 664555 581017 762873 540884 621249 999999999 262407 448145 500523 380939 291538 302480 489983 610884 641521 196830 317885 322643 551552 775766 427013 630231 793312 533040 503994 480304 295003 552412 557677 820814 474437 567319 210456 376118 795499 313492 487971 224007 89381 332306 156264 431360 674077 569142 405366 649366 82221 200748 515191 169719 848912 782944 406518 167230 413583 733429 412870
239963 518751 191629 715891 341762 829951 844926 246801 395767 729063 277366 404417 724838 667442 628356 934104 298353 925330 268446 616734 721842 566503 465073 724988 740098 506896 357872 631738 120653 307127 55965 555121 268135 190892 897299 122048 496305 310470 355449 431356 513859 670536 425237 461101 517310 911783 546076 449728 262407 999999999 273055 260895 287729 268867 562763 262809 535708 817053 309637 134973 239280 694562 636167 353175 681614 684376 578420 403617 381995 545400 759230 755659 885876 218005 751074 73489 637866 838938 91419 381215 461866 212804 520254 397700 204339 785096 421356 667500 530871 343091 232915 594160 186331 963508 719211 560695 262880 611430 872558 490593
192934 351754 461612 583159 318744 783725 774512 435283 577258 549670 513533 348231 760055 609409 377125 789211 242373 800503 477475 396022 549822 655825 680862 640875 659185 288514 578779 403525 331997 309868 317920 309872 168364 162991 778184 160225 644530 485913 600053 479469 347723 744352 321857 217815 287867 835393 374141 179838 448145 273055 999999999 149623 127426 216430 698337 435183 294581 781521 566403 391352 152055 635973 363190 166116 529748 416587 439018 165394 152687 740407 771310 755912 724993 332830 733238 340003 776821 662313 339460 143289 671981 444061 546920 519024 396862 679563 149430 823376 264437 525630 278582 485451 447815 845343 470817 539780 331866 631529 788483 408227
52906 501362 446430 732639 443134 925207 919654 330486 636111 697375 536316 483186 882092 751179 502148 938628 92829 950056 517923 537065 698299 757954 720471 786845 804897 433127 613653 541553 362817 425529 316450 442222 18940 260323 927561 203589 721680 369815 616203 590820 497342 853732 465387 218809 429035 981617 523567 247272 500523 260895 149623 999999999 269271 338859 782363 322955 430113 921035 569942 336599 273604 778155 442597 315265 679329 517462 588311 309359 299897 794159 899925 887335 873665 213829 868610 334159 860565 809648 288055 288794 715358 469232 667280 604586 299779 827917 258283 899621 376557 582553 375121 632811 446591 994773 595140 672711 426250 755777 935352 550644
304031 246967 452340 470191 196953 657311 650390 502041 497647 455496 467716 221110 635531 483027 346465 682599 361144 687578 418699 329227 451878 542182 613357 517650 535654 219170 519082 344021 297292 195268 314519 271975 288174 104807 663502 168400 548468 559824 555187 362632 242372 625698 196218 322910 230307 712437 272577 254165 380939 287729 127426 269271 999999999 102978 596196 508150 251377 654508 533965 421594 59686 509791 394833 65683 422606 418600 325439 126434 102662 660032 644763 628832 624018 417795 605814 336698 673704 568006 373319 107952 601693 401318 424105 420012 459994 560669 192701 724830 269900 449854 186038 364575 427786 730937 434613 412658 235488 506603 666424 281979
362431 255254 399766 447945 104476 593723 596740 508377 399983 463215 388768 149533 545722 422056 416026 665926 425356 660060 333158 373767 454701 441350 519778 469252 485865 272853 430641 393689 236644 93980 277331 342252 356905 89558 633051 174533 445957 570292 474616 263364 250347 528037 156866 423896 291814 661789 282810 357129 291538 268867 216430 338859 102978 999999999 493218 519730 320264 586797 461807 401848 65988 449484 489421 136116 412823 501892 309561 215070 191956 561041 561190 548533 617037 444609 531074 297144 570757 571533 360216 201648 506974 326974 331532 317341 465229 523194 294566 621931 360301 354408 90853 328598 368458 699958 496601 334632 135162 418115 618958 229324
782605 615269 490071 629145 413899 514184 573083 764433 185752 735869 349270 434793 288230 454994 848823 792620 847107 742002 312261 763526 715535 116706 238580 533341 534282 703222 278913 789792 442114 403122 515945 785751 796463 536725 710098 578774 69304 822972 350255 256107 612354 181063 501738 913851 729747 630266 632938 850316 302480 562763 698337 782363 596196 493218 999999999 788921 764676 484476 404995 615317 549807 467003 966316 616851 651422 955257 583825 696482 675824 174026 354181 375843 794870 776833 410113 512795 78613 799124 615332 688118 220542 377144 261808 179548 731292 609958 786428 131083 834492 228817 419755 530869 452030 755028 903469 355233 366491 276419 619345 466030
270834 754026 310905 966344 602239 1092748 1106801 27488 606797 963570 452073 662906 980728 929390 811615 1183372 276518 1179753 476884 826997 959370 812296 634217 984865 1000467 716870 536386 836729 366183 568831 288065 745042 313438 432662 1152762 348115 719794 51683 497942 691106 749307 917855 675870 533800 720095 1173435 780223 569991 489983 262809 435183 322955 508150 519730 788921 999999999 729392 1079797 435136 173755 475232 956611 765550 571524 925910 838277 824600 597680 581083 729074 1018563 1016455 1129499 109307 1013327 283479 857989 1075897 181094 574716 638149 412005 780788 641305 59772 1042278 573112 875184 692471 560159 495227 848328 341828 1219601 905393 823504 525172 871413 1133339 747475
