NAME : synthetic_000257
TYPE : CTSP-D
DIMENSION : 100
GROUPS : 8
RELAXATION_LEVEL : 1
EDGE_WEIGHT_TYPE : EXPLICIT
EDGE_WEIGHT_FORMAT : FULL_MATRIX
EDGE_WEIGHT_SECTION
999999999 291805 489839 654375 545609 339808 159508 473415 24615 349750 176323 641823 497333 352601 502982 161624 143381 133568 587232 700550 345371 310560 399499 276482 324513 457283 428516 328489 577713 351256 529259 145950 235082 575317 312892 606138 534563 77252 83995 321902 454599 348979 170889 159612 482826 90796 647238 396903 358693 617445 474772 61276 538947 610563 340552 477401 426418 491577 518154 404914 80711 356772 312877 381838 414881 485314 422012 520247 427484 227089 302751 37676 446671 498375 345311 195091 319352 281900 667060 185398 635181 186001 265926 287663 302110 476218 534109 136263 210214 409770 528587 615630 217032 356630 603240 597830 285090 486702 136392 107607
291805 999999999 252466 815177 837371 230298 177391 514430 306009 57961 461033 847174 420498 245029 730720 437892 148893 416096 854032 914364 425216 218897 260043 285746 566200 716145 142287 524262 736266 639376 803798 194228 525377 485178 31773 897709 555528 363234 229836 550181 408907 640661 435357 149194 762480 230294 925221 278472 418115 900686 760911 348552 633775 900895 578087 765945 714733 584363 339215 615648 360096 165449 520975 665545 203305 760871 657166 583473 201663 125007 334474 294157 348729 447556 304069 441405 588023 297039 848301 405218 891617 193245 539352 549724 15282 697635 792817 357063 494598 649275 818913 876089 320368 630397 415000 767560 12356 558464 349561 346802
489839 252466 999999999 813367 1010751 197016 421086 458367 494452 222716 665949 885746 285916 196729 970667 650413 368211 623346 1075962 956763 432216 219049 156796 537625 799093 824869 152362 596187 741120 836923 1019078 435887 719358 697156 261215 1077634 471340 543634 408295 787409 643971 817682 583054 387103 899010 403600 1136785 183182 669826 1105224 911350 532616 597646 1088595 812738 923033 910923 556088 126116 858805 534651 384872 603960 870518 78559 975149 744788 529864 62474 262751 346658 506217 225557 328634 270948 669424 807420 548907 862788 640245 985713 442882 682538 772864 255700 766767 895832 588743 657666 742297 1007623 1102477 397272 765743 176223 779077 264790 517846 582680 498045
654375 815177 813367 999999999 655342 633926 790491 361156 630147 856429 669659 144673 556087 627560 978659 695859 729968 673652 922411 196293 395252 625510 657876 929652 837501 357814 880383 326264 79289 681146 850848 783667 637155 1225703 846902 719337 373791 598772 640390 859262 1108073 594033 505696 769937 469090 633688 903938 630709 1007489 847743 523318 610487 223661 759277 854469 552259 704132 258427 725089 939873 586242 957217 344377 726126 752634 821017 294866 296705 774916 690170 488976 689163 594630 512223 549251 764823 768676 935708 68175 791116 360498 825510 470673 774098 830456 234169 352889 762857 532614 311573 717934 966598 497980 441592 768027 58958 818160 299184 768055 546802
545609 837371 1010751 655342 999999999 826927 687737 771021 532052 895329 387518 534092 909041 834134 439638 418706 688914 430982 299122 538241 673217 799500 884540 727399 406434 303475 972012 495821 623510 220052 240667 670413 316662 988803 858171 72628 829350 476016 614172 440726 864023 196790 428672 699657 187051 616458 253123 870345 712294 196002 136371 489847 725988 105110 413233 109767 160055 707511 1002396 476007 481726 880167 473358 223382 932289 234651 391758 764912 949276 757295 710101 547772 891052 885939 787113 453154 327099 725056 612363 502428 346660 699369 336088 365202 847691 435018 305794 524222 353140 379361 80461 342296 628722 274147 1081884 607074 830678 736423 533741 512795
339808 230298 197016 633926 826927 999999999 332400 298025 337000 248144 508146 695072 193263 15747 841584 499604 259590 469623 921687 765723 242016 29422 60319 481313 663765 628446 249110 399236 558428 668168 859650 341105 551761 714097 258413 895799 330838 376730 256300 658799 629558 638272 398564 295446 705779 249056 972657 59507 608545 936417 721144 368781 429755 910236 679408 734571 739757 383370 180730 738618 365064 395735 407003 705978 123560 815645 547773 370049 145502 142136 151766 366002 124381 217436 85741 533335 656528 492022 678326 514991 788733 365544 493663 626870 243450 570616 698948 462246 476378 545338 830740 952419 202760 573544 265095 594671 239387 350355 458569 319629
159508 177391 421086 790491 687737 332400 999999999 554387 182128 229531 301405 791868 520575 347962 553565 273475 76137 257067 679225 853176 437484 308259 382628 156141 389336 616606 318772 470406 711906 478822 631662 17951 371106 437002 186093 743003 608512 236408 150357 372802 326739 494054 329315 37089 640202 157554 753926 391186 277055 732665 628773 220409 646745 741654 400906 628984 553431 597009 486411 439222 240060 198157 458704 499968 358853 589459 577562 613419 363698 190422 366403 143218 455819 535143 375414 267015 415887 165709 810177 228465 794571 37472 425356 376270 181448 629012 693518 182221 367802 566137 660256 699981 307000 515789 568648 736295 166560 582539 174111 254413
473415 514430 458367 361156 771021 298025 554387 999999999 455598 542517 581786 457407 196088 287714 937323 591699 480117 561055 956292 527334 129318 299299 307509 709944 764103 495410 545915 275439 296087 685610 885306 554952 590125 980194 545243 843614 64184 458416 417274 772505 879281 621634 410015 523085 603888 408426 977150 279828 819669 929047 640212 461328 139847 871278 781885 662996 741169 104370 364090 859166 442766 675042 298905 731731 405344 844731 398744 72518 427067 397137 188864 510622 235073 153706 213807 650118 724098 718932 417470 654202 611353 591826 455800 709483 529096 388219 545251 608621 481001 405570 803449 995390 257470 497325 408918 336209 520958 62132 609536 385560
24615 306009 494452 630147 532052 337000 182128 455598 999999999 363928 172601 617239 487731 349111 509853 162698 159288 132648 585957 676086 326906 307594 397136 301053 331047 434509 440201 304136 553648 343219 526104 169226 225959 599930 328555 594021 517392 57742 86176 330883 479114 335267 147334 179587 463067 91091 642567 392851 381541 610940 456881 42577 517458 600065 347605 460588 417906 470503 516754 415287 58294 378404 288339 376074 418341 482057 397788 500594 431980 232346 289284 59813 439694 486746 336470 203936 319600 306406 642513 199644 612503 209762 244287 290243 317028 451730 511474 153046 191048 385680 518227 615735 200990 335420 601652 573494 300006 466840 154319 83606
349750 57961 222716 856429 895329 248144 229531 542517 363928 999999999 518332 894546 429322 261255 780324 494628 206717 473359 908379 962539 462927 243235 265312 319759 618791 770855 90617 573709 778014 696795 859291 246980 583112 485033 44331 955578 578756 421090 286927 601451 422442 698621 491905 204301 819331 287001 981023 287663 450796 957266 818418 406458 667532 958539 630109 823676 772135 618882 325280 664078 417769 165289 571789 722409 190213 816574 709528 613264 182328 170378 370111 351547 356981 460794 329017 495773 643392 330916 892262 457987 945539 240417 596050 604591 48891 748105 847273 411106 552183 702172 876569 929504 366812 686880 394371 810573 65433 590317 403286 403007
176323 461033 665949 669659 387518 508146 301405 581786 172601 518332 999999999 618608 646991 519649 356096 35061 312835 44998 413671 664726 454233 478732 568440 350594 183101 386191 600996 360044 601634 178597 353575 283816 72337 635675 478423 441598 645856 134330 258125 196195 508307 198712 178097 316655 369976 263562 470931 562654 371529 441651 345418 139831 611163 441157 200992 339783 253863 570443 688503 282075 148435 492677 336165 205871 590463 309545 389900 612344 603537 403242 440953 166893 605062 640179 499292 99038 150141 350356 664273 138652 552889 311851 204248 128266 469654 452796 455586 141642 137866 373928 359429 444474 348064 271806 773194 610703 452910 578024 150950 204314
641823 847174 885746 144673 534092 695072 791868 457407 617239 894546 618608 999999999 652307 691656 894425 649044 741145 631936 815750 71132 453884 681186 729046 917106 770246 256410 931677 325095 168034 594701 746243 782121 573167 1216569 878167 593475 484791 575328 646622 795921 1093782 505822 476722 777348 353409 641428 786530 703323 978108 729574 409237 589311 333882 635405 786107 438112 605045 353954 811890 870898 565467 973951 333646 636525 818007 720889 229125 404353 840201 724318 543718 672677 679079 610996 615058 717303 694489 921610 83317 750730 218056 823947 414425 706956 862183 167917 228525 731159 481881 244778 602866 860262 527736 360686 864761 129047 848085 396723 737761 538080
497333 420498 285916 556087 909041 193263 520575 196088 487731 429322 646991 652307 999999999 177664 996948 646374 445508 614987 1051566 722634 238927 213391 164141 672552 818254 660359 404628 424981 492174 785330 984467 527445 675648 905617 446633 981061 190853 512924 420007 818521 822815 737320 501005 484177 758848 411460 1088684 142346 797629 1046036 786943 509591 332763 1002938 835053 806058 850577 300450 174486 902218 498562 585424 442904 828076 254030 941411 566876 260312 272396 332776 208008 529482 72357 44960 152315 691509 796908 683070 613471 681400 794144 555210 575721 773154 432661 568346 719191 629922 580146 570229 928457 1086523 300370 637731 212854 532276 430384 258105 627842 443498
352601 245029 196729 627560 834134 15747 347962 287714 349111 261255 519649 691656 177664 999999999 854877 511801 274935 481628 932976 762466 237892 42402 50524 497048 676856 630947 258328 399969 552680 678087 870468 356540 562029 729231 272781 903369 318553 387578 269399 672318 645153 646563 406285 311032 710295 261977 982855 44877 624204 946055 726775 380044 421028 918443 692608 740713 749252 375296 170586 752505 375597 410475 408690 716382 126423 826497 548874 360000 148687 157778 149994 379443 108635 202531 78309 546592 668421 507752 673109 528932 789473 381204 499990 639228 257992 570038 700689 476235 484596 546917 839264 964074 207697 578614 254204 589369 254299 341311 472692 328938
502982 730720 970667 978659 439638 841584 553565 937323 509853 780324 356096 894425 996948 854877 999999999 351283 602830 382774 198488 921788 810241 812598 900524 491282 178807 638224 870712 699644 920946 299833 212228 537306 354409 654543 736052 438217 1001468 486416 585503 183825 549668 388666 529056 585004 559593 593072 301879 899440 402943 321663 507936 488061 957091 404180 162436 483554 301156 919614 1017060 118659 501542 685947 674142 258553 902247 205463 683908 964737 910647 716212 793934 475627 949302 993263 846248 308287 216669 482874 957491 330823 756417 539991 516410 227939 733646 745886 682525 383105 467434 667154 361832 189715 701637 538225 1102046 921093 719560 930625 388526 558808
161624 437892 650413 695859 418706 499604 273475 591699 162698 494628 35061 649044 646374 511801 351283 999999999 291141 31491 425790 696479 463030 470214 559665 315989 173737 419704 578999 381398 626366 205473 369283 255665 106253 600646 453765 470726 655465 135385 245400 180968 473284 232486 196795 291280 405037 251710 488976 555536 337325 462812 380175 136880 628355 468222 191223 374067 279956 586180 678991 267686 150720 461838 358352 227816 576138 325591 419993 625816 588220 387913 442651 145632 601208 641990 496660 69031 157731 315579 692669 104458 587441 281503 234790 127688 445776 482444 489785 107379 167186 404272 386965 454037 350428 305558 763987 636958 429238 591442 116790 208318
143381 148893 368211 729968 688914 259590 76137 480117 159288 206717 312835 741145 445508 274935 602830 291141 999999999 268037 712411 804908 365957 234304 312356 231977 431042 584157 288200 416535 650871 490856 659381 81976 376501 504843 169569 748862 533311 217009 95513 419323 399319 492342 297487 43025 620968 99887 779899 318886 352510 753654 616107 201777 576791 752068 444545 619820 566222 526810 421048 492593 215647 233150 407835 518080 299765 616012 535216 540622 307827 119387 291582 146063 381908 459253 299400 302071 444509 241714 753738 272130 761720 112826 399603 407837 158782 582404 661369 220541 349986 525294 670079 736834 237956 491146 504805 677380 141778 510397 214504 212922
133568 416096 623346 673652 430982 469623 257067 561055 132648 473359 44998 631936 614987 481628 382774 31491 268037 999999999 453945 681493 432222 440211 529779 315003 205131 409229 556233 355907 602921 223592 395733 239592 114422 605627 433426 486079 624731 103997 216667 211451 478604 239583 170760 271719 403399 222628 514205 525187 348566 485968 382627 105432 600127 486088 222562 378881 298861 557354 649376 298117 119401 449780 333518 250218 548432 351819 402889 596127 561018 360612 411160 122012 570196 610500 465448 93424 186957 315721 672795 118893 580315 268831 219566 158623 424669 464526 481324 107070 151391 387595 404318 483169 318950 296330 734294 614874 407933 561757 115706 177049
587232 854032 1075962 922411 299122 921687 679225 956292 585957 908379 413671 815750 1051566 932976 198488 425790 712411 453945 999999999 829000 837687 892287 981999 651559 294300 565326 996319 691940 877186 270719 72746 661571 375934 846409 865278 272487 1019577 545705 670611 319167 735614 341624 553229 704840 462872 676511 103474 975592 583600 132098 407025 552945 946850 230980 286872 378494 222172 917234 1102148 295062 558393 839043 666251 225151 1001928 111586 634301 969292 1013870 813661 843568 569908 1014997 1039551 908294 412668 268565 644878 888698 451825 643514 674599 503092 304676 859812 689980 589464 497273 476918 618682 219991 44515 751422 489869 1186775 868704 844132 936802 505154 609968
700550 914364 956763 196293 538241 765723 853176 527334 676086 962539 664726 71132 722634 762466 921788 696479 804908 681493 829000 999999999 524786 751497 800090 974126 807573 287107 1001229 390651 234684 623929 761662 842763 614357 1273547 945161 591885 552737 631613 709870 834878 1149599 535595 532694 840124 367624 705031 791203 774409 1029522 734081 422952 646112 401110 635397 822755 450950 626114 423491 882899 906568 622649 1038017 397150 663263 888773 739767 280734 472535 910947 792185 614231 730053 750104 681019 686010 763762 729128 978157 128212 799630 199290 884373 462102 744960 929292 224402 241081 783306 530244 294941 611659 873400 595843 398592 935239 194565 914941 466273 790329 598798
345371 425216 432216 395252 673217 242016 437484 129318 326906 462927 454233 453884 238927 237892 810241 463030 365957 432222 837687 524786 999999999 230927 275874 591087 635914 422823 485488 186374 318149 567349 767811 436112 466711 870515 456947 745605 192567 329265 294213 643650 764179 509793 286163 408823 519924 285599 864982 250952 695905 819294 548781 332017 211949 769525 653641 568636 627120 161848 369121 730259 313620 577111 203996 612540 364310 726194 331305 177155 386555 301237 93724 382806 238974 212774 161289 520870 598553 599521 436821 525055 565633 474875 344694 582302 440440 341022 484751 479943 360769 333306 697498 875560 132374 400246 434868 353374 429563 145248 481102 256306
310560 218897 219049 625510 799500 29422 308259 299299 307594 243235 478732 681186 213391 42402 812598 470214 234304 440211 892287 751497 230927 999999999 89713 459204 634662 605922 254888 379414 548948 639132 830326 316167 522607 699225 248524 868088 337063 347426 227179 629963 611251 610109 370909 271542 680882 219849 943502 87254 585075 907480 695116 339397 426727 882083 650364 708062 710898 379094 210032 710104 335850 383459 385844 676768 142667 786315 527159 370295 163686 119386 137980 337102 147639 233313 85941 504321 627111 469759 667658 486532 768391 342262 467106 597511 232874 552366 677333 433840 448316 524084 802398 922997 178318 548145 294489 584284 226940 348365 430320 290974
399499 260043 156796 657876 884540 60319 382628 307509 397136 265312 568440 729046 164141 50524 900524 559665 312356 529779 981999 800090 275874 89713 999999999 526949 723017 678082 244825 445223 584868 728177 919948 392701 611911 744653 284496 953844 329272 437019 315764 717425 667218 697085 456795 345542 759317 308704 1032794 27682 656359 996285 776547 429099 445098 968967 738513 790748 799534 401807 120500 796499 425285 423502 455142 766180 98107 875946 594360 379896 119596 193057 193467 424913 91947 198086 115015 592410 716712 537903 706336 572863 834223 414002 550148 686816 271265 612996 746863 520053 535118 593028 889772 1012668 257416 628081 204778 622586 270670 364988 516060 379254
276482 285746 537625 929652 727399 481313 156141 709944 301053 319759 350594 917106 672552 497048 491282 315989 231977 315003 651559 974126 591087 459204 526949 999999999 359968 717049 407829 604520 852250 507753 618484 155142 422177 299502 277629 771711 764561 342527 298392 332566 178422 548040 441442 190221 718400 306597 740083 538654 132378 730418 695993 328056 798199 761257 365197 689974 576106 748861 621192 372720 351711 195758 589347 515015 487175 580914 693857 767761 487138 339851 522363 244429 605654 689261 530157 274381 415181 11294 943533 225128 891893 119160 522978 373253 281945 750415 791641 209078 457468 680530 683926 662903 459347 607357 699583 873635 273393 736334 199926 383393
324513 566200 799093 837501 406434 663765 389336 764103 331047 618791 183101 770246 818254 676856 178807 173737 431042 205131 294300 807573 635914 634662 723017 359968 999999999 520653 708051 539273 773654 200756 258685 372109 200348 588011 575072 434548 828056 309114 407483 34303 466812 279401 360578 417724 467881 414892 380125 721300 312360 372259 425603 309957 793187 415659 17903 408221 246385 753162 840376 102443 324454 544879 514580 183399 728649 222545 547372 795444 738177 541226 615925 298316 770558 815106 667448 130865 83858 354119 824790 160982 665804 381797 366960 63571 570777 610883 578387 210689 308718 530662 345933 311405 523977 409929 925463 778800 555696 761125 217375 382026
457283 716145 824869 357814 303475 628446 616606 495410 434509 770855 386191 256410 660359 630947 638224 419704 584157 409229 565326 287107 422823 605922 678082 717049 520653 999999999 828690 236987 320340 338751 494324 603209 330161 1013143 744035 372066 547765 381408 490381 548415 886714 249927 287922 611968 117532 488153 547247 657726 756767 491592 167891 397229 429376 408576 535715 196316 350031 417571 785360 619462 376594 812234 223446 380136 748320 466584 96883 476359 768721 606384 486222 479943 659620 629352 566911 484539 442043 719449 324261 524127 178035 642650 194231 458287 729769 131547 77225 515140 260001 90461 361004 609663 428404 114573 856053 306161 713582 451497 523111 371663
428516 142287 152362 880383 972012 249110 318772 545915 440201 90617 600996 931677 404628 258328 870712 578999 288200 556233 996319 1001229 485488 254888 244825 407829 708051 828690 999999999 618505 803634 778738 945835 335943 663472 545086 134938 1034157 573133 496022 358380 691331 496734 775306 558420 291480 885560 356871 1067059 271295 537605 1041739 888556 482207 678865 1039065 719672 895678 854084 632335 271227 754624 490971 237574 619965 806252 150670 902803 760558 618280 133862 222864 391979 434260 334553 441932 334831 583688 730150 418865 921698 547099 1000035 330941 662494 691982 137370 793796 903903 499302 623861 754775 957080 1018257 409107 751876 328583 838565 152401 599398 491735 469086
328489 524262 596187 326264 495821 399236 470406 275439 304136 573709 360044 325095 424981 399969 699644 381398 416535 355907 691940 390651 186374 379414 445223 604520 539273 236987 618505 999999999 250916 423855 619748 462001 345289 902104 554845 568442 335194 273461 322730 555777 782867 351845 185153 453680 334586 317135 705247 423527 681682 655709 366650 284618 258311 595845 557028 388423 472378 225389 549347 640648 260449 649021 25878 470952 521772 581227 149146 277885 543055 403483 251900 362947 422682 396276 332095 449075 483013 610255 340045 470263 389538 504007 189426 478247 539092 175309 302163 438536 232404 148694 528769 732907 209410 221906 619120 269360 524532 246281 443269 221138
577713 736266 741120 79289 623510 558428 711906 296087 553648 778014 601634 168034 492174 552680 920946 626366 650871 602921 877186 234684 318149 548948 584868 852250 773654 320340 803634 250916 999999999 626838 804843 705336 573830 1147588 767973 690868 318124 524329 561690 793887 1030634 541830 433367 690982 436626 554896 866475 558012 932554 811310 488230 535520 166429 728518 790925 516581 656246 191727 657525 876081 511362 877929 270636 672875 678412 772562 242991 238101 700725 611270 411760 612964 525714 449447 474460 695059 708017 858492 122181 719317 361936 747116 407205 710651 751541 189373 332108 689185 466089 258906 680362 920883 418714 389308 705001 40393 739139 234167 694062 470114
351256 639376 836923 681146 220052 668168 478822 685610 343219 696795 178597 594701 785330 678087 299833 205473 490856 223592 270719 623929 567349 639132 728177 507753 200756 338751 778738 423855 626838 999999999 200483 461057 117570 770845 657018 266179 748971 293705 429243 233743 645276 88880 284623 495180 270223 433486 305206 718926 495012 268732 225347 304310 680997 262855 211989 207468 75367 649149 848629 289530 303898 666165 398010 47171 759999 159136 386407 700026 774473 575496 577609 345251 752937 771278 646001 233375 116927 505204 657953 282642 469226 486541 234430 149369 648169 447418 387289 307386 206822 369804 181492 310073 486787 239595 932050 624301 631392 667189 316857 349624
529259 803798 1019078 850848 240667 859650 631662 885306 526104 859291 353575 746243 984467 870468 212228 369283 659381 395733 72746 761662 767811 830326 919948 618484 258685 494324 945835 619748 804843 200483 999999999 613795 309903 833930 816924 227760 948408 482932 611684 288179 717877 268991 484595 655021 394418 617126 122764 912491 563678 117195 338790 491189 874272 192074 255282 310724 149432 844953 1040358 284166 494951 800314 594106 156398 943954 44060 561897 897291 956741 756338 776505 514776 949801 971314 842912 364988 215915 612774 818198 407901 579626 630257 431199 255580 810468 618003 521233 449622 407281 546209 160208 116040 684885 417195 1124623 796805 794393 864937 458067 544834
145950 194228 435887 783667 670413 341105 17951 554952 169226 246980 283816 782121 527445 356540 537306 255665 81976 239592 661571 842763 436112 316167 392701 155142 372109 603209 335943 462001 705336 461057 613795 999999999 353754 442430 203707 725403 610115 222257 145221 356039 329347 477056 316556 49080 624827 152982 736033 400232 271030 714715 612649 206300 644124 723871 383867 612509 535614 594584 498411 423513 226661 213796 449522 482045 372344 571560 566115 612660 377863 199791 367840 127310 463799 540656 380637 249237 397996 163981 802012 211160 781063 42005 411236 358445 198719 618436 679981 164446 352721 554395 642510 682544 304695 501310 581164 728979 183598 581341 156419 244098
235082 525377 719358 637155 316662 551761 371106 590125 225959 583112 72337 573167 675648 562029 354409 106253 376501 114422 375934 614357 466711 522607 611911 422177 200348 330161 663472 345289 573830 117570 309903 353754 999999999 703985 544397 373110 654206 176252 311841 223403 576646 126392 180576 384063 302003 315976 420897 603443 435701 386169 274451 186742 602732 375655 217352 267821 191951 565894 732411 302727 186858 564138 319864 154461 642439 266343 347885 612548 656911 458083 467666 232440 639901 664320 533023 159597 137743 421602 625220 204976 490162 383198 166739 136979 534800 411455 395397 213598 113039 331273 293658 411293 375500 216151 816196 578467 517891 578716 222978 234971
575317 485178 697156 1225703 988803 714097 437002 980194 599930 485033 635675 1216569 905617 729231 654543 600646 504843 605627 846409 1273547 870515 699225 744653 299502 588011 1013143 545086 902104 1147588 770845 833930 442430 703985 999999999 460262 1022148 1028861 641936 587157 554370 127381 825872 740855 462296 1005469 594519 946373 763647 276646 951055 977471 627543 1081631 1003488 585559 967805 830162 1031637 809344 552129 651212 321429 887789 766608 675207 804566 993135 1043635 666132 586119 791683 543904 833907 931437 780950 545910 662409 295433 1241820 499043 1185897 400899 819831 623602 473432 1049913 1086529 498700 753152 979643 933328 843898 742483 901569 873214 1170485 475245 1014274 490411 681389
312892 31773 261215 846902 858171 258413 186093 545243 328555 44331 478423 878167 446633 272781 736052 453765 169569 433426 865278 945161 456947 248524 284496 277629 575072 744035 134938 554845 767973 657018 816924 203707 544397 460262 999999999 917357 585517 386158 255579 557420 389392 661743 461512 162585 787889 256705 938880 304305 409329 915943 784878 371118 665308 919287 586232 789125 732274 615946 356412 619754 383908 139009 551112 681565 220057 774389 686566 614563 215485 156742 366053 312128 374515 475039 334089 452846 601012 288855 879824 414401 920024 196108 565163 561887 16509 727810 820873 368089 518519 678401 837389 885991 351744 656459 429210 799180 30588 589794 360125 373567
606138 897709 1077634 719337 72628 895799 743003 843614 594021 955578 441598 593475 981061 903369 438217 470726 748862 486079 272487 591885 745605 868088 953844 771711 434548 372066 1034157 568442 690868 266179 227760 725403 373110 1022148 917357 999999999 901834 539084 677579 468566 899396 260322 497236 757126 254649 680332 205473 940195 745768 150353 206976 552307 797174 44916 438625 181544 195622 779454 1072210 491796 545784 932203 545980 257716 999312 235335 462376 837012 1015869 821981 781277 605545 962169 958286 857793 497904 361071 768520 673491 546917 395347 752211 407049 401673 907490 503429 367110 573560 420286 450421 88887 312268 698856 346769 1152225 672795 890533 808716 583027 579674
534563 555528 471340 373791 829350 330838 608512 64184 517392 578756 645856 484791 190853 318553 1001468 655465 533311 624731 1019577 552737 192567 337063 329272 764561 828056 547765 573133 335194 318124 748971 948408 610115 654206 1028861 585517 901834 999999999 521826 475402 836176 931279 683827 474168 576025 658815 466479 1039018 302167 877123 990358 697151 524386 151972 930519 845823 720680 803671 135932 365254 922803 506183 718772 359377 795219 426966 908049 450890 80522 447744 443111 242276 571517 246034 145924 251466 713362 788279 773848 435440 716494 653211 645797 518224 773609 569742 434233 593140 670255 544810 459001 863942 1058885 317754 556498 397428 358420 562982 96871 670897 448822
77252 363234 543634 598772 476016 376730 236408 458416 57742 421090 134330 575328 512924 387578 486416 135385 217009 103997 545705 631613 329265 347426 437019 342527 309114 381408 496022 273461 524329 293705 482932 222257 176252 641936 386158 539084 521826 999999999 138499 314751 518478 279415 98919 236511 405814 141516 596597 429916 408765 562402 399139 16004 504934 546680 326559 402972 367320 460323 557452 401206 15651 433979 254400 329650 466420 438940 351381 496216 481248 283743 307773 99340 470860 507170 364971 191848 284471 346585 606050 201757 559045 261262 188996 260479 374464 408134 457961 165423 133449 338257 465129 577823 215244 279445 641697 540969 357453 461927 169862 73218
83995 229836 408295 640390 614172 256300 150357 417274 86176 286927 258125 646622 420007 269399 585503 245400 95513 216667 670611 709870 294213 227179 315764 298392 407483 490381 358380 322730 561690 429243 611684 145221 311841 587157 255579 677579 475402 138499 999999999 403270 474396 417767 205940 130951 532658 8974 728606 313938 402436 697107 531750 125773 499814 684888 423210 537797 503772 450540 434187 484654 132618 328487 313038 462223 332374 567663 439740 471361 345827 146253 235648 110609 366061 424625 267741 277219 403106 306328 661476 262014 667522 186304 309653 371658 242347 487040 567511 210069 265920 429931 603200 699431 161863 400888 519283 586587 225627 439237 207835 118737
321902 550181 787409 859262 440726 658799 372802 772505 330883 601451 196195 795921 818521 672318 183825 180968 419323 211451 319167 834878 643650 629963 717425 332566 34303 548415 691331 555777 793887 233743 288179 356039 223403 554370 557420 468566 836176 314751 403270 999999999 433808 310295 374174 402946 499216 411075 408414 717013 279213 403060 457957 313851 807216 449129 32917 441145 280674 766003 833486 86718 330333 520589 531555 217628 718522 253689 571287 806558 727137 532395 618753 292884 768519 817257 666885 127016 116915 326158 848594 147193 696538 362438 388715 90346 553968 634857 607837 199296 327844 554676 380027 332917 527786 436503 918423 800413 539337 772189 204857 387967
454599 408907 643971 1108073 864023 629558 326739 879281 479114 422442 508307 1093782 822815 645153 549668 473284 399319 478604 735614 1149599 764179 611251 667218 178422 466812 886714 496734 782867 1030634 645276 717877 329347 576646 127381 389392 899396 931279 518478 474396 433808 999999999 698827 617252 356301 878088 482287 833373 683211 154642 834519 850279 504502 973296 882327 465766 840880 706157 923642 745768 440659 528447 259419 767451 642750 609439 686410 868926 939751 604008 493669 690516 421672 752737 844494 688834 418812 538666 172712 1121608 371736 1058919 289440 693823 499111 399754 926572 959751 371822 626818 855139 810509 736825 633618 774751 816809 1052035 397555 909138 363668 561729
348979 640661 817682 594033 196790 638272 494054 621634 335267 698621 198712 505822 737320 646563 388666 232486 492342 239583 341624 535595 509793 610109 697085 548040 279401 249927 775306 351845 541830 88880 268991 477056 126392 825872 661743 260322 683827 279415 417767 310295 698827 999999999 240967 504229 189086 420292 355730 684852 553811 309586 152292 293104 605293 271975 292734 142339 120558 576561 816471 373855 285616 688991 326438 132184 739472 232760 299895 629725 755792 561721 532278 352545 711753 719174 605729 280019 196976 547160 569494 327717 386408 508110 165951 220877 651088 359958 300619 339864 161971 283489 193014 383784 445526 152772 897923 537700 634068 597869 349274 320149
170889 435357 583054 505696 428672 398564 329315 410015 147334 491905 178097 476722 501005 406285 529056 196795 297487 170760 553229 532694 286163 370909 456795 441442 360578 287922 558420 185153 433367 284623 484595 316556 180576 740855 461512 497236 474168 98919 205940 374174 617252 240967 999999999 324083 327647 205065 587791 443999 504199 546287 331163 113590 433071 512408 378477 340723 349964 392585 575764 460173 90727 524316 163084 328382 504500 442134 252547 435849 522132 336907 293767 197741 471635 486730 365203 264002 314325 445490 509569 285954 465941 356887 104262 302374 448144 309321 365079 257826 79715 239640 433979 590196 204925 195041 656973 447279 431494 401664 263554 89367
159612 149194 387103 769937 699657 295446 37089 523085 179587 204301 316655 777348 484177 311032 585004 291280 43025 271719 704840 840124 408823 271542 345542 190221 417724 611968 291480 453680 690982 495180 655021 49080 384063 462296 162585 757126 576025 236511 130951 402946 356301 504229 324083 999999999 642321 136820 776723 354158 313554 753367 634081 220654 619435 757805 430057 635971 570314 569491 449804 471898 237752 200557 443704 519036 323267 612274 567565 583635 328844 153400 334475 151887 419021 499465 340049 292215 439145 200237 792223 256867 789948 71323 423671 400598 155451 616713 689150 207966 369792 556941 676030 727044 280215 514946 532326 716749 139425 553361 200620 243609
482826 762480 899010 469090 187051 705779 640202 603888 463067 819331 369976 353409 758848 710295 559593 405037 620968 403399 462872 367624 519924 680882 759317 718400 467881 117532 885560 334586 436626 270223 394418 624827 302003 1005469 787889 254649 658815 405814 532658 499216 878088 189086 327647 642321 999999999 532331 435309 741320 737465 378843 55874 421671 545570 291930 480606 84704 260002 531379 871837 559727 405506 838359 315955 303434 820969 372264 210624 589823 840174 663224 572504 497623 751039 730861 652699 461462 384677 718969 428813 506796 199048 660972 223387 409963 774958 248780 126819 509813 272667 200463 250067 507378 503020 134066 946491 420104 758172 563491 518753 416942
90796 230294 403600 633688 616458 249056 157554 408426 91091 287001 263562 641428 411460 261977 593072 251710 99887 222628 676511 705031 285599 219849 308704 306597 414892 488153 356871 317135 554896 433486 617126 152982 315976 594519 256705 680332 466479 141516 8974 411075 482287 420292 205065 136820 532331 999999999 733634 306414 411258 701631 532364 129420 491612 688188 430720 538885 507814 442270 427461 492735 134736 333035 307996 467045 327280 573086 436010 462731 341127 142324 226675 118689 357922 415835 259167 284823 409329 314625 655403 270322 665003 193803 309092 378329 243128 482567 565209 218511 267015 426462 606599 705656 153289 400106 512525 580129 226543 430678 216401 116890
647238 925221 1136785 903938 253123 972657 753926 977150 642567 981023 470931 786530 1088684 982855 301879 488976 779899 514205 103474 791203 864982 943502 1032794 740083 380125 547247 1067059 705247 866475 305206 122764 736033 420897 946373 938880 205473 1039018 596597 728606 408414 833373 355730 587791 776723 435309 733634 999999999 1023979 680115 57129 380629 605964 952844 160575 375525 351680 238296 927854 1153291 394246 607693 922957 680310 266974 1060908 164497 626937 982592 1074344 874141 881527 634599 1057917 1072757 951012 487524 338040 734119 863749 530663 597662 752942 521674 378146 932162 677134 558008 572051 508540 612559 186247 126204 791447 490202 1236962 853383 915981 951485 580568 654765
396903 278472 183182 630709 870345 59507 391186 279828 392851 287663 562654 703323 142346 44877 899440 555536 318886 525187 975592 774409 250952 87254 27682 538654 721300 657726 271295 423527 558012 718926 912491 400232 603443 763647 304305 940195 302167 429916 313938 717013 683211 684852 443999 354158 741320 306414 1023979 999999999 666754 986348 760059 422880 417472 956394 737124 774989 789413 374344 132051 797336 417559 443152 434404 757894 125699 868577 572635 352219 147264 200764 171721 424129 70268 173534 91591 591156 711799 549468 679619 573780 811801 423822 534999 683080 290429 589622 725571 521093 522973 571807 877799 1007127 241769 611010 213378 595900 288588 337368 517566 369334
358693 418115 669826 1007489 712294 608545 277055 819669 381541 450796 371529 978108 797629 624204 402943 337325 352510 348566 583600 1029522 695905 585075 656359 132378 312360 756767 537605 681682 932554 495012 563678 271030 435701 276646 409329 745768 877123 408765 402436 279213 154642 553811 504199 313554 737465 411258 680115 666754 999999999 680137 706051 397079 896466 727996 311124 694775 553518 848349 752960 289765 421289 313582 663147 489962 619367 531821 749775 872936 619505 466428 635537 321737 732451 811661 651664 276104 385763 121085 1013766 232913 924281 243001 568048 347114 414127 810213 827075 247026 499909 734916 656908 587080 563660 642832 831790 949734 405763 840262 240763 464697
617445 900686 1105224 847743 196002 936417 732665 929047 610940 957266 441651 729574 1046036 946055 321663 462812 753654 485968 132098 734081 819294 907480 996285 730418 372259 491592 1041739 655709 811310 268732 117195 714715 386169 951055 915943 150353 990358 562402 697107 403060 834519 309586 546287 753367 378843 701631 57129 986348 680137 999999999 324471 572764 900762 105823 370325 295608 196966 876955 1116640 401170 572608 908121 631092 235785 1028528 149753 572789 932292 1042754 843255 839802 607653 1017738 1028644 911050 468960 319275 725209 807010 514432 540756 734380 474848 360832 908384 621938 501068 552334 466617 558692 131103 166575 750944 438340 1199675 797595 891928 901625 561215 617161
474772 760911 911350 523318 136371 721144 628773 640212 456881 818418 345418 409237 786943 726775 507936 380175 616107 382627 407025 422952 548781 695116 776547 695993 425603 167891 888556 366650 488230 225347 338790 612649 274451 977471 784878 206976 697151 399139 531750 457957 850279 152292 331163 634081 55874 532364 380629 760059 706051 324471 999999999 414559 590198 241358 437289 29036 207101 572989 891598 514035 400989 826372 345743 254483 832896 317526 255522 630827 851317 667917 594239 485555 774510 761217 673394 431599 341796 695748 484240 478662 248506 646837 228953 370308 772714 299234 182511 486947 266377 243444 194845 451528 519140 149893 968439 473289 755764 603117 496173 419988
61276 348552 532616 610487 489847 368781 220409 461328 42577 406458 139831 589311 509591 380044 488061 136880 201777 105432 552945 646112 332017 339397 429099 328056 309957 397229 482207 284618 535520 304310 491189 206300 186742 627543 371118 552307 524386 16004 125773 313851 504502 293104 113590 220654 421671 129420 605964 422880 397079 572764 414559 999999999 511968 559133 327179 418051 378448 466694 549368 399916 24281 417979 266293 339020 455764 447144 366133 501113 470170 271722 305972 84170 465691 505223 360430 189126 289575 332333 618904 195206 574920 245422 204977 263679 359604 422376 473834 156011 149186 353190 477428 584263 214169 295449 633875 552912 342582 466918 159779 76104
538947 633775 597646 223661 725988 429755 646745 139847 517458 667532 611163 333882 332763 421028 957091 628355 576791 600127 946850 401110 211949 426727 445098 798199 793187 429376 678865 258311 166429 680997 874272 644124 602732 1081631 665308 797174 151972 504934 499814 807216 973296 605293 433071 619435 545570 491612 952844 417472 896466 900762 590198 511968 999999999 830098 811060 616230 725492 50107 503407 893233 489840 788479 284128 728164 542262 837007 335180 73106 564245 511296 299340 576508 374918 288676 344057 693155 740437 806112 283737 706669 512769 683909 446901 733550 648863 304548 463290 667136 489695 346754 770762 988594 339747 462648 544390 206613 638899 80118 669903 437356
610563 900895 1088595 759277 105110 910236 741654 871278 600065 958539 441157 635405 1002938 918443 404180 468222 752068 486088 230980 635397 769525 882083 968967 761257 415659 408576 1039065 595845 728518 262855 192074 723871 375655 1003488 919287 44916 930519 546680 684888 449129 882327 271975 512408 757805 291930 688188 160575 956394 727996 105823 241358 559133 830098 999999999 418071 214194 188462 810556 1088165 465406 554500 927403 572619 246581 1010596 205765 496451 867570 1026494 830405 800751 607195 981218 981714 875908 489414 346954 757454 714794 537815 439523 748664 427286 388519 910082 540122 408072 568003 433875 483777 81997 269546 716100 374053 1169208 711667 893225 838521 577364 591878
340552 578087 812738 854469 413233 679408 400906 781885 347605 630109 200992 786107 835053 692608 162436 191223 444545 222562 286872 822755 653641 650364 738513 365197 17903 535715 719672 557028 790925 211989 255282 383867 217352 585559 586232 438625 845823 326559 423210 32917 465766 292734 378477 430057 480606 430720 375525 737124 311124 370325 437289 327179 811060 418071 999999999 419152 253465 771061 855543 85431 341936 552388 532300 191319 742811 221112 563865 813336 752034 555744 633107 313632 786901 832217 684069 146103 95932 358894 841249 173231 678945 392041 384060 80376 582320 627340 592481 224005 326275 547133 350409 301787 541276 425588 940601 795807 567433 779016 230307 399541
477401 765945 923033 552259 109767 734571 628984 662996 460588 823676 339783 438112 806058 740713 483554 374067 619820 378881 378494 450950 568636 708062 790748 689974 408221 196316 895678 388423 516581 207468 310724 612509 267821 967805 789125 181544 720680 402972 537797 441145 840880 142339 340723 635971 84704 538885 351680 774989 694775 295608 29036 418051 616230 214194 419152 999999999 182400 597927 906816 494045 405925 825825 366729 233038 844492 290596 282258 655470 862507 676317 610874 485989 791581 781348 689381 422156 324394 689267 513266 470027 273321 645535 240957 354965 777379 327411 210975 481361 271892 269662 165820 422981 533459 168408 984586 502035 760379 627260 490707 428594
