NAME : synthetic_000610
TYPE : CTSP-D
DIMENSION : 100
GROUPS : 8
RELAXATION_LEVEL : 1
EDGE_WEIGHT_TYPE : EXPLICIT
EDGE_WEIGHT_FORMAT : FULL_MATRIX
EDGE_WEIGHT_SECTION
999999999 202095 74204 516218 234515 495521 437673 201222 816344 610005 171620 319577 391038 520069 721334 98861 503810 469484 710818 215591 629705 255929 503086 230956 432787 205298 490905 292826 87869 897180 101360 66336 463534 815116 99704 162145 418513 278180 619824 248137 831928 593506 400637 281037 496406 644851 146037 808843 539133 59444 579687 378681 227720 486717 362960 531513 513776 392534 769723 191771 307546 551386 281215 392363 516158 105006 496828 779818 163162 194669 527265 404093 543949 418050 510910 595917 642969 99186 598427 268923 426873 201364 369022 526546 185193 217431 150685 519001 230682 523439 344189 565930 749709 804638 803981 114187 390531 736684 649807 64320
202095 999999999 219103 710584 436009 452404 515320 40701 990980 672965 371198 512420 592970 654233 707217 123041 699833 665841 686108 417142 719326 236689 699761 345340 584307 366340 661834 162946 289406 1072754 153359 235693 660716 815239 270833 47936 607228 452609 611320 209496 821440 754840 566949 454973 654769 779269 343473 991491 668539 153905 629012 278899 416194 614522 562800 722733 687908 263681 952166 134901 121804 564460 373767 533889 705678 304176 435160 959644 340608 63985 540560 591508 719774 618297 712218 746940 676661 152060 764730 439215 622269 335023 308184 671694 260487 415573 243911 721034 424198 587870 259472 647884 909408 805940 985005 88036 307614 855739 802582 235239
74204 219103 999999999 540863 249483 565459 509997 231515 856339 682642 198655 295505 390328 581125 794726 96221 526079 450159 783543 216728 699275 324286 484170 302165 489270 150595 536830 264752 103734 936027 72383 24967 484416 889161 52429 172064 451908 234211 693274 195974 905654 643162 451010 330783 443723 704470 180977 842984 601321 70576 653288 437474 268472 550003 379861 560048 470650 444712 804320 158872 337042 625462 353867 331383 486883 106015 564387 816406 217959 232466 601309 372578 585898 408323 504471 650152 717014 72310 645447 221653 406104 133476 434759 583905 112422 244571 77558 518045 265108 596331 405095 636908 798620 878703 839464 137662 452964 799849 702737 26292
516218 710584 540863 999999999 292017 748174 485127 697374 344064 585221 345724 345364 209506 333564 837033 614129 22262 300340 852480 332469 520800 616121 302130 430612 265461 488124 171104 803803 439301 415576 606914 515983 60856 872428 499204 676360 111936 439398 757447 732406 909826 241339 217758 273597 536054 378929 370183 311683 355435 574527 604642 759766 294934 350339 164833 34751 471876 802633 275503 698437 792500 672720 453805 555912 375306 434916 779479 293334 372903 681577 659979 370987 147402 246471 219708 289151 676803 605689 219212 454356 308448 542358 706394 292586 616025 299290 590616 183301 286643 542605 722418 513438 345168 861906 311889 626340 746224 487692 307788 514891
234515 436009 249483 292017 999999999 610366 432564 430631 618101 592757 67914 158279 163359 411676 781647 328561 276704 267949 783218 50237 574184 409328 298233 261607 308775 214479 317523 513711 150628 695717 317506 224765 234950 852324 207282 396579 212216 202854 684471 440496 879702 428447 252373 156523 394353 520694 97882 598353 435793 289647 583863 554836 92191 394900 130613 313041 373404 584757 560317 407936 533916 601950 312428 347417 334115 143507 627653 574327 141959 419523 581359 243067 355593 201969 285713 448865 657688 316522 423986 210455 232931 262916 520257 398028 326776 41921 299652 288319 68365 517660 516613 529771 577554 841303 596090 348493 553564 628177 495100 223804
495521 452404 565459 748174 610366 999999999 285084 412038 882001 336073 553758 759293 757507 491312 258095 510868 750963 876181 234054 631361 425810 241621 904343 350254 497734 696473 607333 610581 546963 957392 544050 561837 729150 370686 593968 477899 640850 755011 171639 656424 371564 641345 531945 498707 975702 579463 528804 917308 487797 505693 278465 190431 527373 450551 678676 738843 974661 237891 882416 578183 389820 166972 306339 884135 944480 569668 45339 876949 469909 391227 153508 848325 666778 805671 871849 602977 284365 541286 665620 750316 843145 696814 144223 533039 662811 569221 632636 859280 550851 285870 195841 359895 758450 362444 904169 464403 153577 599676 650350 559838
437673 515320 509997 485127 432564 285084 999999999 479221 598210 172849 399420 590697 544953 206732 360760 504823 492029 672090 370976 470896 204038 291919 694605 208411 222051 593132 329905 672656 441773 674902 526731 494396 478352 420661 513190 514310 387325 621499 273712 670931 450276 356261 268719 283258 826588 306113 386412 632226 205406 479037 152123 379767 340398 165478 454882 470187 803515 435620 597394 598610 520493 188258 156531 765697 748632 460447 325289 591898 321753 454766 174864 672689 386541 598030 644148 318870 225176 523946 380698 623400 648193 616281 309918 247955 622327 392097 587525 623560 364296 88159 354025 132994 478321 409633 619135 475811 349493 353775 368167 492154
201222 40701 231515 697374 430631 412038 479221 999999999 968720 634755 364107 518683 590710 624382 666570 139050 687718 670218 645621 416292 683239 197081 703931 316729 558239 381633 639821 203231 288953 1050594 172910 244731 649581 774538 281278 73839 591677 465511 570619 247500 780795 729831 544435 435831 673301 748786 335268 971951 637817 162128 590049 240973 402457 583911 554445 707754 702147 229847 932649 171045 106861 524090 341306 555458 714033 305954 395511 939164 324878 24560 500243 600567 698868 619178 711440 719686 636778 171079 740910 453167 627255 355224 267850 643701 287353 406815 267184 718056 412585 550128 219939 611363 883398 765241 964884 93924 268484 822630 775435 243920
816344 990980 856339 344064 618101 882001 598210 968720 999999999 600089 658033 689426 552923 391570 868572 914686 365354 627508 897330 664191 503344 836110 619977 659030 417845 826003 329148 1109113 752624 81890 915007 831559 404244 858148 821649 965506 406420 782738 821490 1052142 902020 247882 424307 537856 868999 316154 676022 76420 394264 875709 645768 960212 589657 433899 502375 313817 797228 1012407 84245 1007165 1048427 750900 654725 899113 693081 753619 923267 58156 655676 948558 749146 710121 272558 585207 533473 279341 697531 913273 230561 797268 644376 878414 894440 352972 944360 613028 915785 494059 591235 607321 927853 543155 135959 849761 60343 915352 935754 363214 232672 830081
610005 672965 682642 585221 592757 336073 172849 634755 600089 999999999 566434 749049 686337 254511 270307 673788 597321 814014 297354 634553 99362 439323 832891 381260 327077 763990 415043 833762 613890 666175 697180 667225 593858 287340 685902 677190 505956 787805 225798 839575 325889 393303 387699 437673 986499 284011 555750 651641 236283 649724 57637 489889 501776 235325 593589 562315 956890 545873 623066 765625 660143 172554 328829 932931 892834 632109 381400 610487 491986 610222 182609 826872 457281 740240 772477 342089 98739 694363 422237 790842 795174 788609 421153 299346 794896 554037 760132 746448 524634 87083 473994 71819 465971 276920 635958 641875 453923 271634 372961 664983
171620 371198 198655 345724 67914 553758 399420 364107 658033 566434 999999999 205741 231214 411349 737748 268600 332619 331507 736620 77785 558973 344681 362823 210806 311492 205156 342618 458543 95048 737493 261664 173755 292049 814448 165216 333453 253282 222078 638701 394152 839453 451542 263516 148738 432315 528339 29989 644504 434153 229080 551517 489127 77690 388029 191692 362854 422020 517768 605768 353676 466647 558362 265032 366622 393541 96330 568493 617751 84898 352341 536664 294581 388736 268208 353550 464528 623625 260329 451271 224426 294038 243479 457153 405183 290483 46521 259670 356038 67722 486799 451055 507859 605262 803480 640844 284414 489274 631402 514583 172363
319577 512420 295505 345364 158279 759293 590697 518683 689426 749049 205741 999999999 138726 553296 939179 390981 324238 155015 939850 127983 725074 543403 188992 415278 450782 174053 433013 544586 235513 759979 367052 276864 285416 1010602 243077 466518 311589 99314 841364 448052 1037895 540902 389495 311385 237571 651563 230727 653536 578060 358691 741727 683435 250444 542184 197574 376321 216670 705600 619038 442923 625540 759457 468083 214603 196960 215290 772980 638126 290382 513987 738535 89382 454654 127607 222720 571473 815743 367325 529685 116493 110751 229181 657897 532649 320312 199531 307374 246609 226409 675347 646227 684547 676645 999580 655376 426437 687576 762298 610681 277235
391038 592970 390328 209506 163359 757507 544953 590710 552923 686337 231214 138726 999999999 463164 904623 479052 187770 127806 911190 176114 646355 569457 149964 407883 366113 299752 322054 652650 303584 622150 462200 367461 151537 962841 340665 550988 199604 236727 812190 565522 994516 423291 302864 265266 335214 545919 261202 515124 487973 441884 689162 715919 231114 461420 92981 242012 282527 747401 481027 547513 695286 727181 452162 346422 206593 290183 778755 500653 299943 580893 708934 165830 331930 53915 122357 460478 764277 461765 408188 253109 113221 355880 677884 434535 440656 197493 421492 128286 208816 622435 677567 617227 548921 951864 517303 504937 712726 657852 493388 367090
520069 654233 581125 333564 411676 491312 206732 624382 391570 254511 411349 553296 463164 999999999 517448 608513 347401 587424 538526 460550 188442 463060 601587 309077 103092 615780 162461 796574 487999 468885 620470 559572 349462 541463 565359 640212 267893 614410 450692 768107 580399 151632 163968 262739 786970 125783 413398 426661 24917 574206 282503 574975 334433 43642 371512 308856 744228 629029 392816 706169 687592 371923 285882 758021 667372 499501 531987 386015 363591 601460 366049 619117 203007 516162 532956 112284 350046 618063 178115 622040 576066 654326 507207 45930 688932 381875 655012 503331 351145 229121 544953 183703 275333 531168 413141 593730 548126 220379 163702 557536
721334 707217 794726 837033 781647 258095 360760 666570 868572 270307 737748 939179 904623 517448 999999999 753509 846320 1031110 40478 813968 365231 482483 1054518 527782 571800 910273 671477 867249 755655 931986 784645 786646 836239 115139 814648 729093 745477 955293 101556 906894 114229 661986 625559 640500 1170052 553268 718467 921712 502122 742323 235018 447636 690421 490234 815350 817864 1155051 491420 893368 828516 647724 179723 472769 1093999 1106493 777339 287381 880601 653777 644680 201095 1024581 719603 957255 1004857 611685 171664 781794 690626 953935 1005267 920209 400576 563291 899553 739924 867239 983695 714861 294452 453665 335700 733444 108556 905908 709898 411380 523280 643181 784488
98861 123041 96221 614129 328561 510868 504823 139050 914686 673788 268600 390981 479052 608513 753509 999999999 601219 545203 738048 303155 703888 271593 579196 306995 525623 243860 588339 194511 178054 995655 35294 114365 560539 854478 148324 75844 517329 329616 653351 166112 866694 689411 496881 378167 534417 734095 244268 907695 626241 39644 637603 362894 326555 572891 458528 630023 565271 362318 868566 97666 242435 593478 350201 416609 583087 188979 503315 878562 259862 144403 569039 468798 642181 500692 595959 689466 695161 32992 695308 316391 501330 216255 371966 618230 155359 314891 130532 607312 329331 586719 334341 636621 845626 844438 902786 49513 383577 821671 743965 114200
503810 699833 526079 22262 276704 750963 492029 687718 365354 597321 332619 324238 187770 347401 846320 601219 999999999 278363 860862 315596 535344 612344 280718 427847 274578 469334 185366 789734 425328 436071 592991 501279 42195 884203 483435 664683 110703 418916 765138 716484 921075 261109 223477 269406 513797 397568 357949 331212 369830 561692 614996 756937 285516 362045 147704 56785 449807 798747 295570 684155 784149 680076 453576 534187 353704 420065 781305 313995 364160 672483 666684 348784 166697 224222 199116 307871 687756 591842 239749 434071 286188 523904 704980 307581 598937 286425 574123 163501 275652 552135 719339 525502 367343 873612 331967 614879 744441 506994 328275 500252
469484 665841 450159 300340 267949 876181 672090 670218 627508 814014 331507 155015 127806 587424 1031110 545203 278363 999999999 1036813 260485 772324 676160 34012 525986 492352 325115 439602 698423 382833 688224 521925 430871 253369 1090522 397764 620466 320422 240452 937733 599320 1121966 533768 429306 390760 241752 663100 360452 577826 612063 511936 816904 820392 349208 587746 220432 335078 171804 847109 548512 597575 776880 853053 573245 296494 79950 364481 894944 571401 409881 664062 834324 102979 439688 74128 97801 575407 892018 522151 515235 258194 44367 378072 787997 556439 471415 307819 460890 135491 325434 750150 782418 744703 645190 1079539 583422 579085 820705 774750 602929 431126
710818 686108 783543 852480 783218 234054 370976 645621 897330 297354 736620 939850 911190 538526 40478 738048 860862 1036813 999999999 813547 394504 466455 1061147 525877 587038 903469 689225 844631 749451 962282 769965 776648 848951 149993 805820 710074 757959 951762 99097 888415 140053 685428 638599 646142 1168388 581344 716092 948667 524521 728816 256772 420939 692860 509037 823212 834618 1156281 462330 919434 810032 621450 184149 471900 1088617 1111145 771470 259023 907469 652063 624364 202562 1026267 739312 963274 1014246 636159 200084 767137 713753 949652 1009570 910989 378108 584456 886392 741338 854685 994408 717318 311730 429684 359442 762803 144812 933107 693289 385579 556508 669872 774524
215591 417142 216728 332469 50237 631361 470896 416292 664191 634553 77785 127983 176114 460550 813968 303155 315596 260485 813547 999999999 619931 418576 293037 288069 357875 164857 367441 481158 127802 740965 287660 193001 273417 888576 169828 374881 259726 155366 715383 401629 914514 478393 302274 202148 356800 570645 103325 641804 484490 265783 622881 561080 133173 442470 167897 355820 344262 586690 604214 375370 521841 634372 341674 300797 318289 114180 645515 619119 162578 407794 612985 216990 404250 203333 295319 499101 695915 287049 473485 161675 220721 214708 532226 447836 283564 81176 258617 304389 111772 557298 523360 573210 626799 877580 640228 329114 563168 677772 545237 192437
629705 719326 699275 520800 574184 425810 204038 683239 503344 99362 558973 725074 646355 188442 365231 703888 535344 772324 394504 619931 999999999 493992 787933 399169 280248 762619 350009 876017 619594 567856 723470 681200 537846 365730 695057 717397 454869 775251 325144 869691 407558 309345 343528 417941 961849 188533 553416 557510 165516 675628 152919 564799 487420 185084 553645 494527 924557 621306 530544 799223 721163 267773 353789 920727 852133 635422 470988 516569 493512 658771 274335 796876 383450 699945 720977 256129 194435 720759 338578 780476 758276 793476 494658 228293 811364 538822 776499 691722 508164 145790 544472 73363 368386 356179 541454 677537 530595 174680 280270 679000
255929 236689 324286 616121 409328 241621 291919 197081 836110 439323 344681 543403 569457 463060 482483 271593 612344 676160 466455 418576 493992 999999999 707222 186543 418432 459821 517027 399507 316527 917252 303768 321926 581008 585773 355365 249868 504260 524936 383085 425600 596090 589126 423997 342941 745987 581989 316103 852010 471997 264206 393310 147104 342957 420028 505915 617268 753422 186513 813552 347479 228949 329367 181440 647558 736865 339200 240903 815390 269527 172853 305194 632567 579285 611244 690523 568446 440024 300959 605666 518331 638453 456492 115380 490887 421587 372127 391083 686153 362589 356139 108731 421024 734825 576013 842330 227421 144646 643763 623497 320001
503086 699761 484170 302130 298233 904343 694605 703931 619977 832891 362823 188992 149964 601587 1054518 579196 280718 34012 1061147 293037 787933 707222 999999999 554103 508879 358419 449889 732025 416250 677855 555934 464857 260190 1111544 431776 654436 333710 273010 962138 632407 1143730 539878 446317 415133 254028 672068 392030 567186 626004 545856 837706 851937 376976 604136 240340 336772 177585 879343 539451 631396 810549 877145 600269 320618 73871 398099 923947 563105 439894 697599 858860 131933 445325 98796 86590 583478 912796 556162 519943 290663 78267 410968 818486 568812 504553 337351 494478 126067 353556 771128 813878 762945 644810 1100589 573701 612938 851643 783239 608227 465104
230956 345340 302165 430612 261607 350254 208411 316729 659030 381260 210806 415278 407883 309077 527782 306995 427847 525986 525877 288069 399169 186543 554103 999999999 243166 389403 334180 489313 235627 740777 324682 286047 398457 608547 305134 331762 318678 427824 428183 471739 631458 415614 239565 159355 642622 434464 190687 669938 324210 276900 355697 329188 177175 270202 332987 430859 631945 372723 631093 403916 389535 349007 56014 568451 595225 255546 370961 634488 126196 294548 326759 503027 395881 455468 524373 403093 423778 322009 428947 427179 493601 409054 278539 326972 414586 219961 379720 514846 200599 295745 291813 335006 567532 597677 661089 286589 317158 516171 458861 283807
432787 584307 489270 265461 308775 497734 222051 558239 417845 327077 311492 450782 366113 103092 571800 525623 274578 492352 587038 357875 280248 418432 508879 243166 999999999 514765 109599 717631 392464 499229 534098 466695 267345 611976 469511 564899 178886 511412 492399 680404 647775 172490 63300 162965 685402 217135 316006 435508 127572 489350 340826 546674 233962 95394 273411 248517 645006 597197 397763 622657 632355 408123 237270 654930 572068 402305 533591 397860 271600 536744 396478 518459 169914 419741 445647 163996 414272 531857 187297 519208 478113 554965 483696 94760 594374 279918 561078 419398 249401 277557 512827 255834 325211 601249 425002 516401 525100 320620 219059 464751
205298 366340 150595 488124 214479 696473 593132 381633 826003 763990 205156 174053 299752 615780 910273 243860 469334 325115 903469 164857 762619 459821 358419 389403 514765 999999999 531985 374247 154862 901432 213361 142483 427525 996675 106079 318502 423869 89030 809009 274436 1017566 642886 462824 353096 293504 730482 209427 799684 638872 221107 743695 583260 281355 593177 324411 514385 321576 593753 762937 276399 486264 734524 445300 187834 348426 133946 700415 779166 272036 383060 711240 234810 568920 300415 396524 661977 813009 214456 638326 73708 281043 56160 573869 607210 146518 235509 137201 418508 265550 681289 549276 708789 791647 985889 799212 288016 595821 835321 709201 143984
490905 661834 536830 171104 317523 607333 329905 639821 329148 415043 342618 433013 322054 162461 671477 588339 185366 439602 689225 367441 350009 517027 449889 334180 109599 531985 999999999 782801 434253 410949 591093 512596 191524 702383 507733 636855 123126 510000 596612 732449 740423 110958 95585 210192 655791 224025 356079 335758 184512 549894 437328 650545 268476 181603 237320 147343 604104 699459 296950 682602 721782 513501 338492 646316 519030 438789 643055 300658 328501 619949 503187 485816 62424 372234 376131 139072 508138 589184 108738 521017 434619 579111 589442 122346 633100 301303 602066 344332 274970 377610 615622 343411 262643 691947 327067 586858 630707 335943 178911 510920
292826 162946 264752 803803 513711 610581 672656 203231 1109113 833762 458543 544586 652650 796574 867249 194511 789734 698423 844631 481158 876017 399507 732025 489313 717631 374247 782801 999999999 364508 1190000 196917 289147 748339 976503 312205 158832 710111 462299 772638 112137 981350 883193 690973 572612 628674 922352 436247 1101131 812960 233416 790967 428867 520330 759091 644284 821369 679615 401901 1062091 105882 236656 727320 525094 499238 721290 370302 589717 1072523 454300 226930 703458 608646 836645 665718 762673 881626 839528 198215 889575 445579 654119 325201 466803 809065 231158 505062 237548 779211 521773 747993 415189 805631 1039332 967359 1096538 202905 461213 1005164 936515 290008
87869 289406 103734 439301 150628 546963 441773 288953 752624 613890 95048 235513 303584 487999 755655 178054 425328 382833 749451 127802 619594 316527 416250 235627 392464 154862 434253 364508 999999999 832294 167669 78941 384109 841890 77364 247761 348323 208777 654492 299569 862714 541610 350506 231097 429961 609202 78300 739547 509379 139475 591046 451023 165821 459882 280969 457417 438201 470657 700816 259199 395001 579664 291260 339347 432461 22772 554224 712736 126641 281483 556401 322342 482435 330231 423091 550902 659377 166516 542975 203372 340747 174841 431897 487191 201982 141255 169168 431724 161418 529817 414637 561850 696536 831117 735882 201370 458235 708121 602581 77460
897180 1072754 936027 415576 695717 957392 674902 1050594 81890 666175 737493 759979 622150 468885 931986 995655 436071 688224 962282 740965 567856 917252 677855 740777 499229 901432 410949 1190000 832294 999999999 995468 911188 476348 914422 900423 1047043 484945 854936 889944 1131633 958743 328376 506170 619305 929901 384312 756104 110695 469889 956584 714239 1040115 670117 511760 577096 387285 855412 1092664 141242 1087700 1130221 821986 735822 966938 749785 832712 999260 122370 736955 1030447 821461 775213 353830 651020 592112 356698 762203 993771 312055 869931 708306 954515 973865 431848 1022395 692151 994325 553152 671044 679346 1008120 612723 201115 906535 105264 996847 1015104 415822 307079 909747
101360 153359 72383 606914 317506 544050 526731 172910 915007 697180 261664 367052 462200 620470 784645 35294 592991 521925 769965 287660 723470 303768 555934 324682 534098 213361 591093 196917 167669 995468 999999999 94774 551717 884393 124349 105424 513793 300593 684118 147924 897489 694525 501622 381711 501739 745548 239968 905074 639101 47846 662743 398085 325366 586293 448110 624516 534882 397519 866132 92329 274407 622469 370848 382587 556582 174692 537403 877117 264279 179377 598046 442131 643039 480706 576826 697277 721963 2879 698972 286633 477769 182554 406088 627734 120390 308175 95305 590094 325511 610120 369258 657510 850680 874257 900819 84801 418433 835971 751147 95244
66336 235693 24967 515983 224765 561837 494396 244731 831559 667225 173755 276864 367461 559572 786646 114365 501279 430871 776648 193001 681200 321926 464857 286047 466695 142483 512596 289147 78941 911188 94774 999999999 459657 879210 37100 189671 426983 221660 685099 220633 896772 619288 427407 307323 435720 682417 156567 818030 580086 82724 639403 441087 244146 529187 355233 535093 458582 451399 779375 183285 351204 615468 338972 327789 470243 81258 562763 791502 196010 243428 591473 356316 561300 386952 482701 626976 704338 94305 621262 210419 387051 135030 434368 561410 130548 219621 95938 495426 240359 581320 407553 619898 774584 868665 814533 151071 454635 778777 679306 2246
463534 660716 484416 60856 234950 729150 478352 649581 404244 593858 292049 285416 151537 349462 836239 560539 42195 253369 848951 273417 537846 581008 260190 398457 267345 427525 191524 748339 384109 476348 551717 459657 999999999 879319 441435 624843 91027 378741 752064 674421 914980 280438 210681 239120 483143 412010 317981 372475 373006 521082 607687 726638 248440 359117 105539 90969 422909 766992 336359 642677 747216 666562 427834 497208 331297 378411 757869 354058 327474 634895 651974 315740 186338 192975 184612 323289 681497 550609 262094 393600 255963 481950 676741 312888 556742 246125 531967 153876 237009 543355 688755 522254 398074 868593 372744 575237 715612 523058 349573 458659
815116 815239 889161 872428 852324 370686 420661 774538 858148 287340 814448 1010602 962841 541463 115139 854478 884203 1090522 149993 888576 365730 585773 1111544 608547 611976 996675 702383 976503 841890 914422 884393 879210 879319 999999999 905107 834706 790248 1035274 203922 1011367 44652 674641 670685 703767 1245282 551062 797820 917913 522259 840566 273867 560963 760165 522202 871209 849648 1224124 605855 893253 933190 760429 263756 552569 1176955 1167980 862817 401867 877562 732492 752042 287853 1093288 743657 1016399 1055283 621722 198852 881521 703856 1035390 1068144 1010824 511077 585768 996627 811334 963502 1030823 784290 340434 565132 359031 722268 11029 901321 812582 524263 498685 644327 877009
99704 270833 52429 499204 207282 593968 513190 281278 821649 685902 165216 243077 340665 565359 814648 148324 483435 397764 805820 169828 695057 355365 431776 305134 469511 106079 507733 312205 77364 900423 124349 37100 441435 905107 999999999 224130 415479 184647 713111 233219 923845 616195 426243 307578 398897 686387 153989 804895 586734 119151 660493 477181 240372 537126 336113 520154 421566 488260 766594 206854 387520 641623 359596 292668 434863 68945 596248 779775 203453 280412 617847 320678 553646 356829 453262 627043 727024 124463 616426 173319 353690 105738 468720 564189 125697 208814 94488 467837 232938 600823 443259 635918 770357 894469 802133 187438 489972 785483 678193 38339
162145 47936 172064 676360 396579 477899 514310 73839 965506 677190 333453 466518 550988 640212 729093 75844 664683 620466 710074 374881 717397 249868 654436 331762 564899 318502 636855 158832 247761 1047043 105424 189671 624843 834706 224130 999999999 575488 405020 631238 178525 843207 733340 542986 427780 606901 765873 306862 962924 655917 109419 636068 313163 383770 601935 525016 690091 640078 303686 923636 100374 169387 579135 366305 486415 658930 261072 464325 932163 310926 88623 554898 544641 693305 574553 669196 728587 687753 104143 741656 391484 576703 287238 334569 654692 214664 378810 196624 679243 389778 590938 289776 647303 888891 825104 957085 50450 338915 846915 783916 189360
418513 607228 451908 111936 212216 640850 387325 591677 406420 505956 253282 311589 199604 267893 745477 517329 110703 320422 757959 259726 454869 504260 333710 318678 178886 423869 123126 710111 348323 484945 513793 426983 91027 790248 415479 575488 999999999 392907 661037 647042 825354 229315 120104 162184 532680 346463 273889 391356 292295 477751 517844 647841 191732 272731 114595 116263 482083 690772 352532 606086 684365 575537 342942 525794 400316 347875 670772 364597 266954 574858 561019 362712 145934 250887 267006 262163 591993 512287 218983 405114 312625 474414 594840 236048 537954 207459 509454 240631 188341 453077 610482 434698 369603 779467 387563 525102 634526 458371 299160 425619
278180 452609 234211 439398 202854 755011 621499 465511 782738 787805 222078 99314 236727 614410 955293 329616 418916 240452 951762 155366 775251 524936 273010 427824 511412 89030 510000 462299 208777 854936 300593 221660 378741 1035274 184647 405020 392907 999999999 855078 359937 1059155 620184 453742 357513 221185 721247 237503 749655 638596 303544 773593 655885 288059 597529 283033 468924 236923 670632 714457 365378 571253 776824 483435 145577 259497 186011 762980 732731 302793 465058 754447 146354 538523 225953 318977 645894 845563 301493 611743 17858 197228 138293 640214 599363 232456 236429 225978 344965 267128 708822 620470 727662 762058 1024339 750849 371587 665340 829872 688909 222739
619824 611320 693274 757447 684471 171639 273712 570619 821490 225798 638701 841364 812190 450692 101556 653351 765138 937733 99097 715383 325144 383085 962138 428183 492399 809009 596612 772638 654492 889944 684118 685099 752064 203922 713111 631238 661037 855078 999999999 808389 213374 600278 542195 547091 1070798 505930 618724 868780 438778 641399 175790 361350 593930 418423 724445 740718 1057676 409514 837913 730102 558975 85677 373731 993126 1012053 676266 208848 827542 554358 548164 103470 927537 648728 864217 915817 553029 140648 681260 627967 853415 910489 818660 308032 496438 798462 642616 766009 896455 618390 221624 362703 278483 689040 194722 853762 610396 323962 495957 590724 682940
248137 209496 195974 732406 440496 656424 670931 247500 1052142 839575 394152 448052 565522 768107 906894 166112 716484 599320 888415 401629 869691 425600 632407 471739 680404 274436 732449 112137 299569 1131633 147924 220633 674421 1011367 233219 178525 647042 359937 808389 999999999 1020888 837976 645325 525002 517175 892984 376910 1037511 786913 195195 802455 488211 464307 734182 568967 753243 570133 471940 999040 78397 315967 753299 516168 387495 616705 299288 642307 1011638 409246 266082 728916 505752 781872 572820 669577 842908 858298 150444 840951 342616 555374 221644 513001 774451 127934 439594 144147 689253 460986 752537 467119 802695 993766 1001612 1034394 200292 515898 983893 896248 222159
831928 821440 905654 909826 879702 371564 450276 780795 902020 325889 839453 1037895 994516 580399 114229 866694 921075 1121966 140053 914514 407558 596090 1143730 631458 647775 1017566 740423 981350 862714 958743 897489 896772 914980 44652 923845 843207 825354 1059155 213374 1020888 999999999 715791 705450 733432 1271293 593850 821702 961287 561823 854654 307580 560178 787731 559505 903463 887766 1252456 602309 936255 942527 760579 283079 575727 1199610 1198840 884030 398730 920838 756536 758904 306356 1121649 783080 1047852 1089283 663143 233503 894630 744973 1058623 1098469 1029558 514593 625121 1011562 838380 978933 1065663 812012 373267 567357 397129 766099 52268 944754 823497 524354 543079 686917 894594
593506 754840 643162 241339 428447 641345 356261 729831 247882 393303 451542 540902 423291 151632 661986 689411 261109 533768 685428 478393 309345 589126 539878 415614 172490 642886 110958 883193 541610 328376 694525 619288 280438 674641 616195 733340 229315 620184 600278 837976 715791 999999999 192904 313056 758494 140614 463312 275978 161502 651769 428665 712376 375979 190821 343693 208577 702338 764529 241391 785127 804835 522931 407695 755000 611630 547310 681134 235810 430345 708644 517580 588818 94622 470672 460099 53853 491588 692484 29233 631489 533766 689689 646886 108310 741813 411301 710240 424498 384184 379358 679975 326354 156232 664894 263113 684066 688246 246635 70155 617533
400637 566949 451010 217758 252373 531945 268719 544435 424307 387699 263516 389495 302864 163968 625559 496881 223477 429306 638599 302274 343528 423997 446317 239565 63300 462824 95585 690973 350506 506170 501622 427407 210681 670685 426243 542986 120104 453742 542195 645325 705450 192904 999999999 120332 623077 268376 272431 430787 188823 459026 397887 560480 186258 158558 210119 206914 581817 607990 391802 592313 626292 456920 248286 596020 508952 357749 564790 396137 237483 524440 443237 455625 156462 356537 384959 201047 472207 499584 198804 462420 414813 505845 501614 145706 551907 227399 519619 360232 197991 332979 524764 317049 349076 659869 422434 493239 542542 376134 252075 425600
281037 454973 330783 273597 156523 498707 283258 435831 537856 437673 148738 311385 265266 262739 640500 378167 269406 390760 646142 202148 417941 342941 415133 159355 162965 353096 210192 572612 231097 619305 381711 307323 239120 703767 307578 427780 162184 357513 547091 525002 733432 313056 120332 999999999 548891 380053 153633 536566 285780 339834 432160 487804 71765 241179 180602 277378 521092 529374 497242 472807 524757 462300 192787 502870 466095 239764 524062 504784 118312 417559 443755 390444 265526 317132 374127 319853 506812 379721 317390 363371 365196 392111 437796 257167 432979 121306 400243 360576 90446 365412 450074 373583 469076 692742 530045 377547 476511 482673 371988 305488
496406 654769 443723 536054 394353 975702 826588 673301 868999 986499 432315 237571 335214 786970 1170052 534417 513797 241752 1168388 356800 961849 745987 254028 642622 685402 293504 655791 628674 429961 929901 501739 435720 483143 1245282 398897 606901 532680 221185 1070798 517175 1271293 758494 623077 548891 999999999 878662 452338 819429 811858 514297 978143 875068 486321 778145 419386 570371 84201 887119 790262 547173 776139 990667 697297 130075 187754 407195 984139 813081 516440 675968 968962 169981 666895 290235 338142 794736 1051764 503252 743179 227981 227639 319915 861196 763219 404429 434491 412664 376814 462717 912007 840228 922113 880694 1234280 825158 580368 885691 990378 828599 437129
644851 779269 704470 378929 520694 579463 306113 748786 316154 284011 528339 651563 545919 125783 553268 734095 397568 663100 581344 570645 188533 581989 672068 434464 217135 730482 224025 922352 609202 384312 745548 682417 412010 551062 686387 765873 346463 721247 505930 892984 593850 140614 268376 380053 878662 999999999 533093 368984 111049 699517 330143 684889 450686 164874 459314 347350 828117 740227 342535 831732 808799 438028 408585 862002 742220 619401 622805 328077 486529 725619 438493 708823 231681 596255 595141 89781 381834 743172 167825 730408 658623 771791 615498 123290 810915 495011 777358 560873 464974 296577 657303 228431 183221 541952 352924 719499 655434 111935 93643 680424
146037 343473 180977 370183 97882 528804 386412 335268 676022 555750 29989 230727 261202 413398 718467 244268 357949 360452 716092 103325 553416 316103 392030 190687 316006 209427 356079 436247 78300 756104 239968 156567 317981 797820 153989 306862 273889 237503 618724 376910 821702 463312 272431 153633 452338 533093 999999999 665111 435436 204625 538089 459955 87604 387380 219488 385774 445928 488047 626164 332291 437255 539606 246048 379908 421145 86310 542309 637283 65351 323045 517443 320010 405023 297906 383539 473091 609157 238428 464777 237818 322350 241937 429210 410549 279542 72112 247212 385848 85556 474352 421966 499481 618267 786893 660879 257335 460748 633775 524484 154928
808843 991491 842984 311683 598353 917308 632226 971951 76420 651641 644504 653536 515124 426661 921712 907695 331212 577826 948667 641804 557510 852010 567186 669938 435508 799684 335758 1101131 739547 110695 905074 818030 372475 917913 804895 962924 391356 749655 868780 1037511 961287 275978 430787 536566 819429 368984 665111 999999999 433333 868242 693996 982151 581149 466760 475592 286009 744733 1032606 39325 997388 1056794 794709 671969 858515 639091 738251 957069 41244 652021 952967 790961 665826 274364 542087 481520 317189 750071 903537 252677 765054 598613 853632 918519 384272 924845 598414 897972 442628 579562 650564 948298 590706 199474 909150 17390 912493 959951 428802 278799 816712
539133 668539 601321 355435 435793 487797 205406 637817 394264 236283 434153 578060 487973 24917 502122 626241 369830 612063 524521 484490 165516 471997 626004 324210 127572 638872 184512 812960 509379 469889 639101 580086 373006 522259 586734 655917 292295 638596 438778 786913 561823 161502 188823 285780 811858 111049 435436 433333 999999999 592518 267817 579383 357538 54038 396390 329807 769119 634061 400699 723900 698149 361998 297553 782393 692013 521359 529395 392346 384299 614608 357643 644032 221400 540920 556823 116230 333162 636653 189393 646063 600908 676776 510824 63677 709802 405482 675723 526820 374686 218093 550429 166753 273012 512088 419212 610056 551396 198795 162878 578028
59444 153905 70576 574527 289647 505693 479037 162128 875709 649724 229080 358691 441884 574206 742323 39644 561692 511936 728816 265783 675628 264206 545856 276900 489350 221107 549894 233416 139475 956584 47846 82724 521082 840566 119151 109419 477751 303544 641399 195195 854654 651769 459026 339834 514297 699517 204625 868242 592518 999999999 615837 369346 287146 539514 419351 590380 540354 374690 829132 133476 268490 577936 323055 401045 552822 151769 501655 839262 221647 162005 553548 438993 603271 465157 559793 652943 675812 45133 657170 291557 468388 201571 370892 582520 157617 275321 126979 570167 289705 562688 338099 609696 808000 830335 863414 68352 386602 788980 707174 82024
579687 629012 653288 604642 583863 278465 152123 590049 645768 57637 551517 741727 689162 282503 235018 637603 614996 816904 256772 622881 152919 393310 837706 355697 340826 743695 437328 790967 591046 714239 662743 639403 607687 273867 660493 636068 517844 773593 175790 802455 307580 428665 397887 432160 978143 330143 538089 693996 267817 615837 999999999 435292 491821 255768 597382 584239 953248 490952 663835 727173 609990 115450 300908 917658 894643 610383 323787 652753 473164 565632 124980 822554 484611 742797 781845 379722 75115 659892 456984 775370 795240 764744 367319 328385 764859 543732 730360 758086 515509 66876 420997 103310 513281 262931 678779 603170 398885 327167 415499 637157
378681 278899 437474 759766 554836 190431 379767 240973 960212 489889 489127 683435 715919 574975 447636 362894 756937 820392 420939 561080 564799 147104 851937 329188 546674 583260 650545 428867 451023 1040115 398085 441087 726638 560963 477181 313163 647841 655885 361350 488211 560178 712376 560480 487804 875068 684889 459955 982151 579383 369346 435292 999999999 490061 531348 652993 759118 889058 56519 944425 412001 200516 339494 312354 768461 878762 473096 162383 944164 416179 224745 319400 771937 712945 756782 837272 685255 460087 395628 731662 647370 781715 570571 70371 608681 518168 518443 492579 833233 509600 419128 38402 492367 850277 552821 971395 313471 37818 729852 738534 439475
227720 416194 268472 294934 92191 527373 340398 402457 589657 501776 77690 250444 231114 334433 690421 326555 285516 349208 692860 133173 487420 342957 376976 177175 233962 281355 268476 520330 165821 670117 325366 244146 248440 760165 240372 383770 191732 288059 593930 464307 787731 375979 186258 71765 486321 450686 87604 581149 357538 287146 491821 490061 999999999 312664 163229 306616 464914 525819 542012 417583 498841 510829 224364 433632 420046 171646 547741 552193 79095 386971 490613 334249 317994 278303 349515 387298 565545 323656 377177 293063 318218 321106 448224 327505 366064 52263 334267 343316 24461 425740 451682 440041 530721 749142 576271 333402 484208 554188 437916 242488
486717 614522 550003 350339 394900 450551 165478 583911 433899 235325 388029 542184 461420 43642 490234 572891 362045 587746 509037 442470 185084 420028 604136 270202 95394 593177 181603 759091 459882 511760 586293 529187 359117 522202 537126 601935 272731 597529 418423 734182 559505 190821 158558 241179 778145 164874 387380 466760 54038 539514 255768 531348 312664 999999999 368629 328735 739576 585387 432099 670526 645270 337444 244057 742312 667455 472744 490606 426422 333972 560759 329857 612271 230436 515091 539731 155077 326724 583817 215735 604082 573203 629261 463653 82516 659289 362240 625012 512350 331324 197437 501317 163522 318939 511642 453665 556193 504611 250033 207252 527100
362960 562800 379861 164833 130613 678676 454882 554445 502375 593589 191692 197574 92981 371512 815350 458528 147704 220432 823212 167897 553645 505915 240340 332987 273411 324411 237320 644284 280969 577096 448110 355233 105539 871209 336113 525016 114595 283033 724445 568967 903463 343693 210119 180602 419386 459314 219488 475592 396390 419351 597382 652993 163229 368629 999999999 189978 372762 689030 438600 538477 655059 639064 372349 412122 299543 274001 702697 454790 240450 541374 621579 249714 257239 146864 193526 376369 672479 447112 332113 296500 204792 378051 609286 344697 451334 147635 426428 181871 145916 530788 614642 524317 479953 860251 474843 476103 646130 570995 413651 354313
531513 722733 560048 34751 313041 738843 470187 707754 313817 562315 362854 376321 242012 308856 817864 630023 56785 335078 834618 355820 494527 617268 336772 430859 248517 514385 147343 821369 457417 387285 624516 535093 90969 849648 520154 690091 116263 468924 740718 753243 887766 208577 206914 277378 570371 347350 385774 286009 329807 590380 584239 759118 306616 328735 189978 999999999 506578 803581 248695 716495 800605 656623 449973 588086 410011 454502 771570 264928 382910 691074 644879 404716 115773 280509 253938 257636 655409 623165 185564 483475 342734 567927 703632 266369 639049 316354 612633 217048 300867 523552 722230 490728 310581 839233 284894 639811 743962 455197 274088 533893
