NAME : synthetic_000536
TYPE : CTSP-D
DIMENSION : 100
GROUPS : 8
RELAXATION_LEVEL : 1
EDGE_WEIGHT_TYPE : EXPLICIT
EDGE_WEIGHT_FORMAT : FULL_MATRIX
EDGE_WEIGHT_SECTION
999999999 937463 478707 1023625 435356 979304 439121 953486 655066 394323 591629 925894 626426 863744 974422 675920 393976 200842 261458 1038321 213144 721900 835072 782411 644370 466266 510653 645348 151582 99258 362448 820553 749883 578342 408460 855424 789281 1011251 711694 397515 745906 423120 307199 436029 845820 918470 103492 886196 521199 792899 870099 639173 467283 94486 745857 952487 529146 667298 878825 487689 951632 127760 601607 419769 616348 489750 949444 468944 1018819 801700 1064683 455600 661930 712914 469334 83514 604150 501050 588941 626099 836195 954914 888407 193173 804857 244799 748552 723244 927242 358146 464749 898113 816295 893257 273445 107070 234851 617638 809068 634535
937463 999999999 458979 86391 655294 41896 521121 745444 440421 746419 607159 88504 461417 90864 557236 279007 577750 835076 806738 404513 775123 295252 283562 188752 762300 822059 888747 339569 947172 862822 833808 472610 692388 360311 591534 501978 463890 441098 379197 730026 466057 514344 726692 546911 100429 263667 851000 192725 834676 180419 84021 367960 657162 848493 660395 210832 659350 591589 271504 451189 425678 832498 381510 517937 500581 451480 346639 468671 294268 229494 259204 678128 896905 671216 752624 880318 335222 505241 667694 584668 569974 568492 641190 886102 575600 982574 872835 600403 32677 933026 591465 93789 232228 177085 691014 877851 894096 332679 209457 734124
478707 458979 999999999 545018 294889 500767 125029 723384 308529 367270 363864 453747 294628 388488 644084 205374 171574 391074 387902 632445 334687 289255 397288 310351 539457 490157 566642 200747 502834 405093 454186 482216 558254 104687 193161 525917 450822 623989 310645 352048 413760 56483 303814 171028 369614 483900 392877 424491 527782 326895 394527 214452 318812 391187 534877 501551 383241 410577 448716 36921 569909 375370 186797 62526 297009 53067 538578 9892 582003 344244 611980 332477 646489 519285 430256 422302 126230 193467 431715 393314 546677 634811 623384 450872 526065 554708 676078 479603 448606 543016 264069 426024 361153 436417 242480 425770 469224 158850 355556 512673
1023625 86391 545018 999999999 732199 44517 606942 787712 514005 823598 673550 138346 536836 171313 589178 360769 663375 918592 891795 416077 861225 371242 329695 263781 831497 900822 965890 417107 1033278 948345 916231 525033 753110 446697 672840 549617 520633 460948 441879 807318 528271 600525 808451 631877 184404 299986 936627 232922 911050 259404 164300 442946 731922 934820 721209 236965 736155 651110 317914 537566 456438 917907 464513 604213 568300 537860 375609 554739 302021 290575 246081 753123 966552 734928 831487 965905 420717 588449 740673 656099 620711 603726 687199 971842 629998 1067746 936577 663202 99878 1015658 673430 157471 288903 226554 775495 964222 979258 418310 279249 803856
435356 655294 294889 732199 999999999 692750 384209 1012414 602627 91440 156385 682447 586844 612793 938684 380157 397661 247581 512836 913599 430355 573273 457622 468463 792110 689629 762058 315746 541231 336108 616783 777093 835828 377608 104710 820806 745705 911158 321555 75303 708337 283528 128288 423433 591776 756218 332853 534832 739133 579409 616992 289563 35972 392237 815755 760120 634271 231971 725260 330735 859421 308591 480940 292345 199231 345816 820470 292070 848673 453976 863435 39323 876355 795566 646983 352495 357323 470880 691948 671715 839906 929682 915263 526137 817917 625762 926752 764854 633203 676872 515081 657067 462865 692530 190440 451740 562961 439651 620932 768677
979304 41896 500767 44517 692750 999999999 562595 764150 475043 784040 639381 106220 497057 128569 570399 318660 619106 875749 847770 406904 816780 330992 304576 224594 794839 859658 925500 377115 988832 904405 873378 496059 720473 402204 631118 523015 489578 447799 409187 767698 494631 556188 766523 587875 140557 277640 892627 209616 871010 217619 121559 404236 693564 890383 688497 218741 695856 620371 290910 493084 437819 874031 421310 559812 533351 493344 357454 510471 293926 257998 248241 714656 929738 700834 790260 921929 376763 545194 702169 618269 592747 583346 661655 927535 600272 1023678 902603 629476 59880 972719 630745 120555 258396 197125 732123 919705 935191 374022 241383 766927
439121 521121 125029 606942 384209 562595 999999999 630835 240243 439867 478166 495326 217299 438668 582305 306871 57554 407191 288347 609038 255138 282813 510297 403522 419237 366290 442649 318950 426946 387322 338086 419063 451736 171287 279831 460410 386469 589309 433812 426759 344740 103225 353488 46082 423137 480250 373483 524172 402865 359977 445452 336855 413872 345099 431599 513459 261333 530479 441031 98429 531164 362428 162496 93232 419767 86788 517299 119647 580753 449604 625612 423475 522308 411584 305378 401944 220727 88723 313566 287527 466397 568661 537754 364994 441315 462911 555922 381981 517748 431627 140599 467953 467322 455232 268109 363330 374707 188727 371041 393416
953486 745444 723384 787712 1012414 764150 630835 999999999 419673 1070599 1082645 659087 429287 671841 212652 773238 632584 1009046 694253 414413 744890 516846 948015 797834 325292 516712 517658 833996 848200 951069 613170 281946 203694 672489 907739 245575 302202 356133 951580 1057591 324310 728993 980189 597345 678243 487747 937417 895561 474258 605685 676335 867996 1039739 870975 209741 551639 426305 1118016 474058 686470 337267 937287 551719 720482 999225 670467 416191 724127 510840 870101 590390 1051319 393815 240924 489742 959105 721452 542534 364976 347917 188635 190798 108640 778338 200466 806316 298070 249300 770310 676169 519417 652123 885288 568548 888960 847309 749002 618141 554958 325967
655066 440421 308529 514005 602627 475043 240243 419673 999999999 669588 663354 378129 29975 349936 342649 366343 267078 646844 441283 384340 447750 145865 560908 415979 324735 393050 453814 420106 604566 618194 428555 179124 283015 253410 499162 221303 146611 356416 540961 655251 106309 324244 590706 224425 344949 288014 604079 531426 398086 261392 356610 452491 627323 561231 253570 341048 224976 698596 248170 272104 296972 595970 132330 317525 579899 256824 298860 310671 382348 484508 444857 640663 458048 251287 325076 631169 304686 157938 227276 145451 238452 330272 316394 532963 219734 609193 445468 191284 452434 526643 199853 356606 501668 303744 508037 563291 524971 202560 234973 295984
394323 746419 367270 823598 91440 784040 439867 1070599 669588 999999999 216722 772032 651305 702389 1009763 470384 442871 194530 518503 995058 434179 652737 545987 559841 830970 710630 779526 406956 518165 297323 628342 846860 886682 457885 174993 890084 814900 989911 409675 16498 775884 345520 107603 474333 681411 839973 297802 625197 762883 665902 706740 381003 100386 370249 868886 846635 675872 289950 807787 401176 936701 275016 553874 352814 283186 415081 901484 362852 933980 544926 951310 80114 904230 846097 675418 311191 442761 528448 736052 725146 903971 999227 977062 515496 880175 608174 962737 821497 724538 676694 560740 746358 553471 779155 199755 431562 555705 519186 705603 809433
591629 607159 363864 673550 156385 639381 478166 1082645 663354 216722 999999999 653102 653757 585629 980745 360233 506173 400693 654925 923220 575039 599947 361902 420240 897187 816730 891492 286960 695656 492371 753111 825816 922113 414008 220999 869765 796642 930693 232541 206439 764288 375627 284436 522483 565047 759717 489236 452596 862796 575211 588262 251333 125044 547197 898500 749846 738836 75733 734869 400270 884867 464976 532412 386121 106981 416583 833678 365246 842741 383095 842747 140034 993827 883127 767264 508610 373972 556465 791631 757165 900722 975875 979593 676599 883084 778193 1033755 842294 579980 820623 617648 631072 386416 683495 340597 605918 711594 473597 624459 871569
925894 88504 453747 138346 682447 106220 495326 659087 378129 772032 653102 999999999 402150 69656 468883 302764 549637 841295 773268 318853 750240 238657 356162 235590 693426 768139 831473 371956 921548 858047 789300 389840 615332 349829 608050 417064 383686 353345 434082 755533 390078 506150 740223 514651 90673 175247 845485 272205 776080 135633 65679 404710 688762 834217 583392 123757 601893 646264 185199 439087 337190 828747 342394 507948 546230 436179 258179 462885 211709 292079 191040 709032 828511 596675 699079 874947 338720 465270 603873 518782 486552 480487 555907 856992 494124 949144 798370 525020 118072 888918 546568 27810 298842 91007 693956 857957 860898 308892 143388 665904
626426 461417 294628 536836 586844 497057 217299 429287 29975 651305 653757 402150 999999999 370618 365171 369625 240537 622375 411310 413771 418423 166191 568481 426113 309401 366827 429356 419437 574658 591182 399563 202363 280137 249010 482740 243172 169779 384828 541318 637275 127522 305854 569797 198185 364367 317420 577048 543773 374231 281340 377410 450574 612630 532773 252277 369495 199749 691823 277438 257798 325238 569468 129218 298521 573531 242016 328740 295922 412183 493051 474126 625263 440955 245767 298330 603888 302825 132204 207783 130788 253152 351380 328837 503012 231479 579346 434440 191781 471946 497943 169897 379794 510504 330233 485397 533958 495024 203342 258763 280379
863744 90864 388488 171313 612793 128569 438668 671841 349936 702389 585629 69656 370618 999999999 494204 233215 494388 773894 721523 365456 693705 204503 304636 172136 672681 731482 797931 302923 865608 793502 744976 393758 606658 285728 538849 426467 381969 392264 370428 685891 380521 442022 671482 461678 21045 207613 781158 230724 743816 89573 7018 336165 619239 773007 574717 173045 568497 581417 204025 376077 366735 763857 293222 444442 478962 374402 292665 397830 266339 234720 257128 639467 807052 583994 662059 810608 270749 417162 577157 494554 491352 502390 565493 802836 494336 897561 785225 513859 104189 844375 502251 45453 243989 116695 627105 799175 809092 250156 122529 644361
974422 557236 644084 589178 938684 570399 582305 212652 342649 1009763 980745 468883 365171 494204 999999999 639902 603317 987080 732137 201776 761470 382600 789212 641360 429855 600329 626597 708408 896680 950182 678606 163563 296614 568692 837054 122101 196039 143497 816555 995018 237651 665609 933248 561848 504585 293651 936043 724389 573219 443863 497531 744544 960776 883561 277460 352519 460264 1003880 290182 609024 132780 930420 457773 659385 886347 594765 213581 647620 300975 712962 379346 975668 539568 311849 551877 961628 607073 496898 413087 352283 146671 27235 144919 823624 179433 876006 462368 266128 585074 761230 510571 466864 726169 381814 850388 874283 803667 507668 389601 416119
675920 279007 205374 360769 380157 318660 306871 773238 366343 470384 360233 302764 369625 233215 639902 999999999 362773 558329 589435 564055 539851 259717 207694 106523 668986 663852 738675 73307 708136 594285 644768 497349 648848 140509 312540 539647 472556 574876 178662 453902 449400 261217 447862 346729 212169 400013 583378 219650 692660 215232 237142 109504 386025 592180 619830 390414 527494 368856 377002 213292 532835 563259 242322 267890 256261 221218 476136 215117 482820 142740 487586 406268 792150 615348 597888 612208 86172 334852 560605 497066 584818 639225 665278 655830 574593 759040 800282 557623 260972 738346 423567 278045 160507 323604 417387 629954 672708 166851 265857 640131
393976 577750 171574 663375 397661 619106 57554 632584 267078 442871 506173 549637 240537 494388 603317 362773 999999999 384557 230804 646165 200972 330554 564388 460623 394869 320287 396773 370648 371912 351200 283819 442056 444061 228623 296094 481330 409626 622412 482179 431196 366616 134496 348057 42804 479283 525033 337102 580872 360976 414035 501224 385993 429828 299490 427334 561919 236670 563402 485187 151059 563335 328968 211465 123730 457185 141601 556160 164337 625204 505371 673664 436849 487827 403446 263785 364447 276823 109326 294615 284799 478696 587559 545438 308518 451203 405568 530352 383693 574887 375675 118088 522464 522979 505772 256412 312157 317288 245085 421881 371061
200842 835076 391074 918592 247581 875749 407191 1009046 646844 194530 400693 841295 622375 773894 987080 558329 384557 999999999 372688 1011575 292538 672928 684698 661041 731048 580836 641301 511423 334543 107827 486009 824735 811686 495517 252917 864982 792154 995217 552726 199226 749651 345511 123497 425355 753980 871186 112252 749679 636037 717663 779450 496300 275755 194698 799982 892273 588528 476200 834273 413882 937640 94306 557462 347403 441814 422349 918428 382841 970586 665176 1003005 261377 780693 771683 560936 119066 503224 490276 651231 662821 862845 971882 927462 345807 834712 427735 853226 763111 819033 514969 490461 813859 677389 827458 148654 254166 388704 548464 746069 714274
261458 806738 387902 891795 512836 847770 288347 694253 441283 518503 654925 773268 411310 721523 732137 589435 230804 372688 999999999 822062 84335 543095 785036 689933 382983 211170 268613 587649 165586 282881 113337 587668 490592 458884 434717 617792 558528 787271 688588 513232 516413 336838 410951 259921 707396 725198 271572 808830 266879 638026 728451 596691 548785 190752 488693 770833 274941 723745 684796 376185 727789 281371 430901 327854 635412 369391 739684 378879 822339 730938 879952 547061 411079 454774 207876 284978 504500 309455 331732 379859 589054 710581 634722 92601 556754 176050 491327 472128 804995 165955 241513 746718 748170 720705 324198 154398 87644 474430 638782 373214
1038321 404513 632445 416077 913599 406904 609038 414413 384340 995058 923220 318853 413771 365456 201776 564055 646165 1011575 822062 999999999 832089 343260 669905 533572 587809 732235 773236 637197 986829 995743 792829 247943 465974 537173 820374 237303 270624 58609 727080 979124 309131 668891 935883 603492 381719 164432 981780 590454 716749 349064 366363 673554 929158 944117 439729 195364 571847 931606 189206 602930 102283 971416 454214 665592 820295 592106 93867 638676 114066 599701 183756 946935 711437 468776 673063 1009779 558459 537601 540678 461480 304422 225016 337376 914468 330655 983755 646189 405356 435945 885247 582405 326805 609425 250183 865501 947629 902909 476099 298764 567894
213144 775123 334687 861225 430355 816780 255138 744890 447750 434179 575039 750240 418423 693705 761470 539851 200972 292538 84335 832089 999999999 530089 727529 643696 446328 288301 350471 529620 172053 210820 196043 608831 542060 418055 356321 642924 577930 802327 623502 429000 534695 279951 326642 239060 677904 721343 198174 759175 343524 614724 700465 534870 466327 126090 535938 761201 318774 645200 681107 329839 742595 204278 412051 272391 561444 326203 745369 325076 820724 678554 872441 463930 488199 503971 272316 216269 457594 299578 379982 413101 623093 741814 676348 116427 591834 221553 563014 510786 770187 246534 252937 722950 695219 706278 240795 115541 140844 443589 622571 432787
721900 295252 289255 371242 573273 330992 282813 516846 145865 652737 599947 238657 166191 204503 382600 259717 330554 672928 543095 343260 530089 999999999 433607 284214 470147 529945 594673 326252 698111 667317 551718 238003 415814 195666 477805 279975 214704 337890 438159 636954 197423 327876 592923 291035 199084 199054 653749 392937 540028 115560 211265 362183 591102 627762 384531 231365 364957 621283 161372 260646 287266 640788 120326 325536 503907 250836 249408 295661 299363 355721 343203 607923 603833 388745 460739 682677 226116 233817 372804 291145 328297 380369 408307 630348 321726 717717 587519 321864 306584 651287 309810 214965 371777 177616 525313 642656 630231 133706 96959 441532
835072 283562 397288 329695 457622 304576 510297 948015 560908 545987 361902 356162 568481 304636 789212 207694 564388 684698 785036 669905 727529 433607 999999999 150183 873262 871032 946099 197947 889461 743976 848047 666312 843312 348020 433420 705195 646431 696203 136313 531017 630961 448843 562757 552036 289644 511363 735266 96960 900346 346027 303545 196484 446607 760519 813063 475851 734622 327069 502582 413329 666871 712621 445284 457417 265732 423560 595964 406190 567261 77970 541809 467852 998422 812177 805417 762151 292099 542546 765704 698333 760326 793936 839421 843852 755245 948998 1002419 750184 251484 939394 631122 343821 63140 421051 562927 805846 865061 370278 399828 844258
782411 188752 310351 263781 468463 224594 403522 797834 415979 559841 420240 235590 426113 172136 641360 106523 460623 661041 689933 533572 643696 284214 150183 999999999 734273 749442 822591 153499 813029 700203 738766 516138 696782 232403 411586 555164 496332 554868 198652 543550 481629 366603 547449 440050 153391 371088 689447 122608 773733 197497 173271 179645 468983 698622 666117 344477 602998 410680 358031 314637 521768 669090 309017 372807 313310 320559 454176 320189 438131 72349 426618 490064 862697 666915 681697 718177 186205 418231 628578 556838 610211 645196 689244 759199 605518 861487 860434 603195 164851 834376 508531 216394 87650 283522 522307 735804 774451 237262 251845 705185
644370 762300 539457 831497 792110 794839 419237 325292 324735 830970 897187 693426 309401 672681 429855 668986 394869 731048 382983 587809 446328 470147 873262 734273 999999999 191701 198845 708225 527829 657135 290989 345339 135381 535067 690956 350555 332534 536121 830337 820706 310119 521578 729291 374718 668931 565911 644365 852965 150134 585267 679174 734694 824626 569723 152587 629949 158594 949224 532460 505860 485794 648773 427980 511133 836439 490156 535455 536011 638217 799456 714811 831166 135100 119819 175346 662262 592537 348177 109267 179376 288686 403344 296863 460459 258896 481354 136726 184243 776091 351071 279682 674636 817174 610190 634351 537303 427932 503160 553515 29088
466266 822059 490157 900822 689629 859658 366290 516712 393050 710630 816730 768139 366827 731482 600329 663852 320287 580836 211170 732235 288301 529945 871032 749442 191701 999999999 76515 684341 339627 494005 104137 484482 320076 523363 597794 502458 462348 686848 800087 703093 427466 454243 603893 321569 722473 674477 482538 872037 55710 642069 738441 703142 724686 401803 328657 731973 168644 878644 636227 464510 630902 491374 446854 443549 776176 451717 664473 483641 760972 804888 830738 726832 200167 292815 69440 496070 578951 331228 191868 272481 453910 575304 478940 275936 421424 289669 282289 335638 828716 162191 241038 744901 822915 696750 511094 360495 239877 513034 624936 192545
510653 888747 566642 965890 762058 925500 442649 517658 453814 779526 891492 831473 429356 797931 626597 738675 396773 641301 268613 773236 350471 594673 946099 822591 198845 76515 999999999 760378 372450 549144 155310 525825 334193 598173 671894 538486 506932 724700 876461 772642 475708 530631 672249 397760 789861 728344 538582 945096 57189 708361 804837 779476 797360 455558 349414 788150 229738 954111 691242 540784 671051 549614 517639 519949 852344 527853 711379 560149 810709 879184 883133 798806 154244 314748 140998 549329 654136 404871 236740 322540 482624 600465 495695 317483 451276 306039 251031 369123 896750 168752 315193 809089 897225 756865 580727 408277 276672 585617 688091 210494
645348 339569 200747 417107 315746 377115 318950 833996 420106 406956 286960 371956 419437 302923 708408 73307 370648 511423 587649 637197 529620 326252 197947 153499 708225 684341 760378 999999999 692519 558203 654285 561952 699501 173548 259777 604925 535745 647217 122518 390597 509712 251055 395410 362844 281969 473250 548377 241270 717814 288507 306326 36599 318370 566899 671645 463279 560032 297015 449767 220583 604148 526814 290220 259813 183113 232693 548867 209293 555912 156492 558929 339112 826226 664230 621135 576358 116985 364102 599004 542287 646404 706620 726851 645973 634088 751062 842184 610447 317724 743760 448486 348196 170971 396666 377693 610030 667175 217565 338759 679828
151582 947172 502834 1033278 541231 988832 426946 848200 604566 518165 695656 921548 574658 865608 896680 708136 371912 334543 165586 986829 172053 698111 889461 813029 527829 339627 372450 692519 999999999 226846 236969 753250 645706 589581 489594 783137 724093 952683 777967 518106 681909 446962 418638 408134 849909 885469 222856 926529 391789 785942 872384 694156 575947 149283 646851 928287 437489 769804 845068 500583 893151 244027 581693 440313 701071 497651 903392 493050 983703 844606 1038683 568111 526335 612000 358599 218027 627418 465042 491293 544505 752698 874709 795108 73156 720189 94319 618687 634729 942064 211161 404866 894364 860826 875207 356692 89806 99959 615549 791966 522833
99258 862822 405093 948345 336108 904405 387322 951069 618194 297323 492371 858047 591182 793502 950182 594285 351200 107827 282881 995743 210820 667317 743976 700203 657135 494005 549144 558203 226846 999999999 394548 791207 749588 508240 313348 828948 759056 973475 617871 299628 715730 351903 207942 393967 774705 866104 14151 799465 549702 727970 799584 549333 368062 93836 741388 894764 525178 568042 827406 419520 914492 31420 547694 350467 518861 424159 904471 395688 966571 714633 1006870 356596 693957 710678 482997 18191 527645 460520 587382 611261 818096 932696 876988 242930 788161 320356 772564 711048 850401 413409 441535 830255 728548 832859 181193 149266 286387 553447 749277 643239
362448 833808 454186 916231 616783 873378 338086 613170 428555 628342 753111 789300 399563 744976 678606 644768 283819 486009 113337 792829 196043 551718 848047 738766 290989 104137 155310 654285 236969 394548 999999999 548559 412310 506882 532133 572402 522774 751883 763487 622268 483771 409858 520769 298815 733380 716412 383718 860565 158751 657347 751993 668310 652520 301307 416423 768892 221944 819182 676702 434796 693843 394366 452324 399722 723960 424602 717766 446270 808711 787497 873353 652365 300743 380868 127392 395432 558597 328969 265811 333235 532234 654893 566526 171844 499402 197741 386270 412676 836426 99618 242947 764237 805272 726212 431253 257235 137015 509089 648637 287214
820553 472610 482216 525033 777093 496059 419063 281946 179124 846860 825816 389840 202363 393758 163563 497349 442056 824735 587668 247943 608831 238003 666312 516138 345339 484482 525825 561952 753250 791207 548559 999999999 236901 411910 674784 44030 32604 203429 675961 832240 75506 502264 769687 400091 398549 232775 777056 614208 469140 324005 398731 597222 800090 728239 206578 299421 326655 853519 207549 446716 146439 770430 297030 495930 735011 432174 190394 485384 293901 588456 372177 814466 474710 229798 426490 803285 454587 334499 292783 215441 97619 152599 173645 680178 105389 742478 423455 161096 495021 638977 355960 378862 603492 299131 687056 723321 664652 352553 274267 323306
749883 692388 558254 753110 835828 720473 451736 203694 283015 886682 922113 615332 280137 606658 296614 648848 444061 811686 490592 465974 542060 415814 843312 696782 135381 320076 334193 699501 645706 749588 412310 236901 999999999 528016 731562 230936 233830 411502 821454 874656 226354 553926 791459 413146 606828 468599 736080 808681 284063 524927 612553 730240 865575 668071 31995 534907 224478 965747 440142 521891 365772 736941 409309 544450 848627 505578 424813 557161 528891 766433 608195 875124 246013 40622 287136 757081 582736 367063 162247 165172 161686 269746 161506 575281 136459 607868 186582 93951 710717 481924 327053 600370 783342 526879 698247 643632 547002 483289 484186 127650
578342 360311 104687 446697 377608 402204 171287 672489 253410 457885 414008 349829 249010 285728 568692 140509 228623 495517 458884 537173 418055 195666 348020 232403 535067 523363 598173 173548 589581 508240 506882 411910 528016 999999999 283321 455897 382637 533555 296034 441958 350981 156405 404251 208078 267515 383817 495736 353720 552425 222234 291974 202471 395821 488430 500963 398038 389223 445549 350346 90918 482282 478924 121098 158734 326739 91937 443637 113451 480461 282036 507887 412379 654958 491959 457415 525198 57643 194881 425942 369080 487953 562646 567545 531770 472079 632160 668693 440789 352974 602035 283106 322049 300006 332346 347021 517898 544422 62197 252629 506562
408460 591534 193161 672840 104710 631118 279831 907739 499162 174993 220999 608050 482740 538849 837054 312540 296094 252917 434717 820374 356321 477805 433420 411586 690956 597794 671894 259777 489594 313348 532133 674784 731562 283321 999999999 718322 643140 814921 304728 159384 605149 178818 135863 319858 518159 666408 305958 496780 645311 495471 543738 243390 134325 345927 711233 675704 532627 289093 633583 228082 761826 282399 379953 187669 211690 242699 726723 189444 761529 412352 782321 143812 779675 691373 551171 331360 272337 366207 589333 567237 735882 827364 810884 462374 713570 566353 826353 660150 572962 600628 412572 581526 424472 608540 136089 400343 495030 344341 532958 666926
855424 501978 525917 549617 820806 523015 460410 245575 221303 890084 869765 417064 243172 426467 122101 539647 481330 864982 617792 237303 642924 279975 705195 555164 350555 502458 538486 604925 783137 828948 572402 44030 230936 455897 718322 999999999 75201 186317 718134 875537 115670 545178 811983 439780 432669 251841 814801 650265 482631 360917 431071 640341 843957 763834 203251 318195 350938 897103 232174 490298 135617 808830 340984 538674 778665 475651 195920 528977 299690 627512 379894 858251 474968 231499 447909 840638 498246 374801 310961 240140 73827 109145 139291 709982 94491 768181 415247 169381 525873 660017 390790 408285 642204 326069 728519 756668 692503 396406 309557 331152
789281 463890 450822 520633 745705 489578 386469 302202 146611 814900 796642 383686 169779 381969 196039 472556 409626 792154 558528 270624 577930 214704 646431 496332 332534 462348 506932 535745 724093 759056 522774 32604 233830 382637 643140 75201 999999999 229738 651201 800342 43439 470086 737261 367599 385165 235938 744906 597887 449919 307743 387313 570664 769036 696739 202334 301735 301347 825689 206327 415137 171129 738128 266379 463663 707014 400460 204742 453819 306140 568467 382278 783217 464501 221240 402450 771233 426735 301937 271612 190868 113908 184331 193617 651110 112409 715421 419727 149876 484705 614637 324992 370614 583929 294083 654477 692662 636557 324098 260473 308875
1011251 441098 623989 460948 911158 447799 589309 356133 356416 989911 930693 353345 384828 392264 143497 574876 622412 995217 787271 58609 802327 337890 696203 554868 536121 686848 724700 647217 952683 973475 751883 203429 411502 533555 814921 186317 229738 999999999 743699 974260 270973 656436 925416 579610 406560 184845 959406 621417 668684 362918 394111 683803 928750 917570 386278 230354 530036 943727 198724 592514 59740 950299 440745 652263 829928 580555 100694 629489 162468 623456 237930 945743 657429 416520 629820 986859 560446 513121 494982 418863 249853 166427 279172 879868 277581 945137 589841 355667 471413 842321 550354 357391 634456 275575 851095 917702 866134 471529 309732 517334
711694 379197 310645 441879 321555 409187 433812 951580 540961 409675 232541 434082 541318 370428 816555 178662 482179 552726 688588 727080 623502 438159 136313 198652 830337 800087 876461 122518 777967 617871 763487 675961 821454 296034 304728 718134 651201 743699 999999999 394729 627473 354085 429850 478925 351106 562983 610061 221018 835685 380801 371815 97181 310358 642398 793327 541668 680961 212805 545003 335846 705322 586771 412170 363987 130909 349379 643475 317906 635489 151401 625116 331637 947128 786461 738500 635937 239434 484922 721082 664781 763288 816759 843768 738408 752478 844248 964553 731820 350500 849242 567443 414984 153892 478645 438254 691573 763697 338567 434465 802021
397515 730026 352048 807318 75303 767698 426759 1057591 655251 16498 206439 755533 637275 685891 995018 453902 431196 199226 513232 979124 429000 636954 531017 543550 820706 703093 772642 390597 518106 299628 622268 832240 874656 441958 159384 875537 800342 974260 394729 999999999 761520 331422 102830 461925 664913 823812 299330 609622 754951 649520 690242 364825 86807 369536 856522 830261 665065 280602 791733 386206 921205 276091 538756 338916 269060 400261 885587 347793 917697 529111 934861 67528 895742 834097 666642 314104 426420 515215 724924 712657 890106 984673 963525 513109 866544 607248 952997 808613 708216 672712 549203 729861 537801 762772 192025 430727 552788 503354 689354 798864
745906 466057 413760 528271 708337 494631 344740 324310 106309 775884 764288 390078 127522 380521 237651 449400 366616 749651 516413 309131 534695 197423 630961 481629 310119 427466 475708 509712 681909 715730 483771 75506 226354 350981 605149 115670 43439 270973 627473 761520 999999999 430551 696571 324742 381342 256236 701579 588194 418524 300542 386345 543860 732503 653317 194368 319837 263475 795984 222352 377616 211722 694925 232066 423791 677143 362567 237008 416269 335003 553111 408249 746187 444301 206708 365594 727857 397911 259378 239049 154989 137205 224231 217377 609014 125312 675009 408307 134942 484482 577007 281771 374305 569200 303182 612849 649528 595263 294613 257996 284620
423120 514344 56483 600525 283528 556188 103225 728993 324244 345520 375627 506150 305854 442022 665609 261217 134496 345511 336838 668891 279951 327876 448843 366603 521578 454243 530631 251055 446962 351903 409858 502264 553926 156405 178818 545178 470086 656436 354085 331422 430551 999999999 269537 146861 423564 525721 339346 479750 495470 376719 448208 260326 311981 334944 532932 547744 363213 430085 489065 68734 600573 322781 215697 10779 322700 77042 575251 46591 625078 398636 659116 322579 620778 513969 398235 368808 182678 187565 416603 389136 558778 654294 632852 396343 535662 500808 658128 481350 504578 495360 242031 478356 415268 483910 197468 369337 416250 203874 401492 496118
307199 726692 303814 808451 128288 766523 353488 980189 590706 107603 284436 740223 569797 671482 933248 447862 348057 123497 410951 935883 326642 592923 562757 547449 729291 603893 672249 395410 418638 207942 520769 769687 791459 404251 135863 811983 737261 925416 429850 102830 696571 269537 999999999 383065 651005 787296 205159 630561 656562 623023 676606 377474 160280 269437 775354 801673 576223 360123 752477 333177 869941 181028 484824 274695 318553 344861 842032 297264 884647 546594 910243 150081 798607 750844 570447 224220 402055 441852 637408 632724 819843 920802 890281 410779 794360 506304 859534 730970 708580 569895 464415 713320 558065 735232 94967 330218 450146 462209 656817 708709
436029 546911 171028 631877 423433 587875 46082 597345 224425 474333 522483 514651 198185 461678 561848 346729 42804 425355 259921 603492 239060 291035 552036 440050 374718 321569 397760 362844 408134 393967 298815 400091 413146 208078 319858 439780 367599 579610 478925 461925 324742 146861 383065 999999999 447476 483875 379875 561751 357149 379089 468594 381837 454182 341560 394598 522227 216385 575862 443880 143089 520544 371546 173561 136426 465680 130163 513689 165729 583852 489291 633654 462756 476316 372694 259741 407250 260697 66559 270268 250821 439329 546535 507721 342375 412568 435916 511274 348050 545825 394555 95255 487795 507155 467397 293475 352053 347435 215154 383912 349355
845820 100429 369614 184404 591776 140557 423137 678243 344949 681411 565047 90673 364367 21045 504585 212169 479283 753980 707396 381719 677904 199084 289644 153391 668931 722473 789861 281969 849909 774705 733380 398549 606828 267515 518159 432669 385165 406560 351106 664913 381342 423564 651005 447476 999999999 221719 762447 219893 736235 83664 25602 315332 598194 755461 574974 191090 560869 561594 214938 358157 378759 744936 281090 426233 458457 356989 306391 379032 284750 217991 277718 618422 802854 582986 653034 791884 250759 404862 571704 490160 495936 511807 571228 787800 497550 883360 783663 513542 107588 832607 491061 66252 228136 131750 607445 782499 794872 234412 124698 640416
918470 263667 483900 299986 756218 277640 480250 487747 288014 839973 759717 175247 317420 207613 293651 400013 525033 871186 725198 164432 721343 199054 511363 371088 565911 674477 728344 473250 885469 866104 716412 232775 468599 383817 666408 251841 235938 184845 562983 823812 256236 525721 787296 483875 221719 999999999 852479 437585 671268 184823 209711 509510 770033 824075 437549 66706 506196 767197 40416 457692 162134 839757 318456 523875 656269 448838 85121 491065 100518 438921 156998 788384 699330 457130 608620 881315 399181 421786 492118 405848 324609 305773 387791 815426 337834 895917 655051 385485 292052 814072 484521 174898 449698 91116 723122 835587 810518 325133 136156 540785
103492 851000 392877 936627 332853 892627 373483 937417 604079 297802 489236 845485 577048 781158 936043 583378 337102 112252 271572 981780 198174 653749 735266 689447 644365 482538 538582 548377 222856 14151 383718 777056 736080 495736 305958 814801 744906 959406 610061 299330 701579 339346 205159 379875 762447 852479 999999999 789640 538210 715108 787270 540187 365436 84432 727716 881434 511638 564801 813730 406747 900409 24337 534044 337714 512956 411166 890566 383418 952959 704858 993568 354679 682603 697104 470472 29462 515911 446425 573901 597310 804036 918573 863062 234977 774130 315626 760488 697136 838864 405114 427470 817686 718936 819687 172357 142225 278258 540443 736041 630237
886196 192725 424491 232922 534832 209616 524172 895561 531426 625197 452596 272205 543773 230724 724389 219650 580872 749679 808830 590454 759175 392937 96960 122608 852965 872037 945096 241270 926529 799465 860565 614208 808681 353720 496780 650265 597887 621417 221018 609622 588194 479750 630561 561751 219893 437585 789640 999999999 895993 290327 228051 253395 527785 806098 777459 395102 724612 422376 434415 432659 597457 768072 430322 486877 351772 439819 522699 434129 483699 84887 451891 549218 982694 780670 804236 817623 304416 540835 748413 674492 710699 731675 787748 875295 709377 978673 976883 714742 160072 955622 631139 264257 72535 346478 618820 846709 892344 359575 340717 823895
521199 834676 527782 911050 739133 871010 402865 474258 398086 762883 862796 776080 374231 743816 573219 692660 360976 636037 266879 716749 343524 540028 900346 773733 150134 55710 57189 717814 391789 549702 158751 469140 284063 552425 645311 482631 449919 668684 835685 754951 418524 495470 656562 357149 736235 671268 538210 895993 999999999 654259 750689 738514 773883 457505 296985 731265 175370 923036 634267 499974 614631 546901 466852 484702 818157 486313 654286 521887 753526 831979 825967 776752 144686 261743 97547 551775 609092 357848 179553 265431 428312 547376 445232 329975 396603 335937 227721 313421 843394 202320 269739 754008 850023 700640 563152 415757 292610 536475 632751 157745
792899 180419 326895 259404 579409 217619 359977 605685 261392 665902 575211 135633 281340 89573 443863 215232 414035 717663 638026 349064 614724 115560 346027 197497 585267 642069 708361 288507 785942 727970 657347 324005 524927 222234 495471 360917 307743 362918 380801 649520 300542 376719 623023 379089 83664 184823 715108 290327 654259 999999999 96478 324711 590735 700563 493184 180763 478931 582653 164205 308518 325817 699286 207448 377563 471466 304139 262884 335506 270204 269229 287251 609793 719214 500220 572660 744533 223358 330986 488344 406524 420373 447961 497626 721392 419603 813993 700512 431335 191043 756881 414414 108723 282889 113255 569235 722972 725669 175293 54522 556754
870099 84021 394527 164300 616992 121559 445452 676335 356610 706740 588262 65679 377410 7018 497531 237142 501224 779450 728451 366363 700465 211265 303545 173271 679174 738441 804837 306326 872384 799584 751993 398731 612553 291974 543738 431071 387313 394111 371815 690242 386345 448208 676606 468594 25602 209711 787270 228051 750689 96478 999999999 339264 623110 779455 580602 173085 575380 583190 207380 382414 369526 769892 300228 450704 481503 380863 294825 403898 266003 234555 254680 643402 813593 590095 669020 816716 276243 424168 583852 501141 496344 506033 570181 809687 499642 904486 791397 519854 98170 851391 509268 43203 243366 118619 632804 805801 816015 256893 128368 650881
639173 367960 214452 442946 289563 404236 336855 867996 452491 381003 251333 404710 450574 336165 744544 109504 385993 496300 596691 673554 534870 362183 196484 179645 734694 703142 779476 36599 694156 549333 668310 597222 730240 202471 243390 640341 570664 683803 97181 364825 543860 260326 377474 381837 315332 509510 540187 253395 738514 324711 339264 999999999 289342 564039 702833 498532 584309 260452 486283 238749 640723 517920 321514 269854 146759 252203 585394 222086 591416 169132 592837 310420 850394 694397 641350 567524 147899 388330 625432 571426 680778 742513 761163 650747 667845 756351 869452 642080 344460 755550 470310 381572 181101 432176 368146 609800 674001 250375 375229 706540
467283 657162 318812 731922 35972 693564 413872 1039739 627323 100386 125044 688762 612630 619239 960776 386025 429828 275755 548785 929158 466327 591102 446607 468983 824626 724686 797360 318370 575947 368062 652520 800090 865575 395821 134325 843957 769036 928750 310358 86807 732503 311981 160280 454182 598194 770033 365436 527785 773883 590735 623110 289342 999999999 426796 844896 770989 666490 200718 740250 355262 878082 341283 503212 321221 182861 370765 836528 316825 860770 449012 872349 21441 910521 825455 681287 384061 370980 499536 723547 701019 865294 952542 941419 561783 844042 661044 959656 793013 633763 712844 546730 664015 456650 703398 226334 486606 598775 458017 634164 800858
94486 848493 391187 934820 392237 890383 345099 870975 561231 370249 547197 834217 532773 773007 883561 592180 299490 194698 190752 944117 126090 627762 760519 698622 569723 401803 455558 566899 149283 93836 301307 728239 668071 488430 345927 763834 696739 917570 642398 369536 653317 334944 269437 341560 755461 824075 84432 806098 457505 700563 779455 564039 426796 999999999 662010 858557 444853 621727 784396 397525 858008 100516 507520 330710 557483 398608 855056 381326 924399 722285 970710 418829 601378 630053 394631 94275 517327 406696 506046 537645 747051 864618 801809 151123 716143 237933 681843 636035 839447 320835 373092 806480 737561 799779 210664 61337 194164 525496 715564 557370
745857 660395 534877 721209 815755 688497 431599 209741 253570 868886 898500 583392 252277 574717 277460 619830 427334 799982 488693 439729 535938 384531 813063 666117 152587 328657 349414 671645 646851 741388 416423 206578 31995 500963 711233 203251 202334 386278 793327 856522 194368 532932 775354 394598 574974 437549 727716 777459 296985 493184 580602 702833 844896 662010 999999999 503737 217166 940742 408656 498282 338715 727556 381463 523696 823205 481978 395527 534181 499537 736023 578480 854990 271789 35858 289603 749561 555101 345465 157103 144093 136951 251133 150508 575485 109087 613436 217516 62923 678762 490836 311832 568381 752849 495035 682897 640324 549136 454861 452233 139272
952487 210832 501551 236965 760120 218741 513459 551639 341048 846635 749846 123757 369495 173045 352519 390414 561919 892273 770833 195364 761201 231365 475851 344477 629949 731973 788150 463279 928287 894764 768892 299421 534907 398038 675704 318195 301735 230354 541668 830261 319837 547744 801673 522227 191090 66706 881434 395102 731265 180763 173085 498532 770989 858557 503737 999999999 563338 750793 97662 479020 219741 867287 351161 547152 644296 472099 139024 509536 93828 407625 112252 790220 763890 522662 665063 910615 403962 463251 552875 466327 391172 366761 453213 859587 404531 943738 721252 450820 241531 867434 532420 132047 416332 67610 743627 874010 857217 343960 146264 604350
