NAME : synthetic_000236
TYPE : CTSP-D
DIMENSION : 100
GROUPS : 8
RELAXATION_LEVEL : 1
EDGE_WEIGHT_TYPE : EXPLICIT
EDGE_WEIGHT_FORMAT : FULL_MATRIX
EDGE_WEIGHT_SECTION
999999999 88234 853356 575137 672490 603790 719442 585013 624725 766682 150391 670736 363976 841383 529295 534298 518921 788689 300639 257402 213116 732083 146536 287386 750081 391112 469486 157541 396735 351493 536566 322248 386342 52769 584665 372404 481440 941192 966711 95795 679460 564386 570802 680868 337277 393329 771374 455164 191796 326446 582736 890691 167688 474981 642604 143591 520326 688048 291665 178613 821862 109073 290153 295422 109328 9407 264454 853893 863255 569163 450474 502254 678666 304520 483292 668659 516074 175487 281217 822183 302542 538818 170868 313339 658670 319238 363107 453246 915313 434219 480833 158861 736498 511730 747187 354531 644354 665043 594640 828751
88234 999999999 941571 655984 757978 686423 787580 657127 665575 839720 163107 758860 431287 929399 540373 535138 548145 874109 387697 220127 253488 820040 154558 303259 838310 380526 557620 138340 478856 406855 620250 403254 429948 48816 661138 375812 531557 1024725 1048774 151950 744000 652360 640122 754743 385938 479992 859232 530463 258499 356151 670697 966670 188231 563176 727195 231303 607805 757450 373123 203406 897539 81660 371205 377794 82128 96383 352520 941653 941539 657375 478559 578066 751012 325069 568808 721841 578000 205853 300061 901117 385976 625513 101168 351106 746899 381841 450803 541276 993816 516700 568724 89745 824649 584606 833333 424542 732466 747858 662063 915485
853356 941571 999999999 425498 258339 358864 557141 541211 814167 523059 884318 191260 639422 45716 974355 1029769 867501 244751 558912 1024590 821191 130866 892339 897851 106897 1024515 384345 942540 521128 714259 402710 577721 788497 900610 485489 950628 748239 299481 353548 821478 598997 292035 575835 476452 752205 478999 102404 550086 745145 851986 274190 499881 868716 378437 321388 711971 342446 568767 600193 858586 452054 928951 603779 599189 932100 845241 589371 74311 445060 284197 858952 523542 528404 884551 402875 717588 632660 853706 887197 387151 586272 349024 1009438 804948 196311 686949 496848 404563 419429 476866 375547 998781 118403 551646 227240 640760 210563 351377 594039 146908
575137 655984 425498 999999999 441906 473304 724065 124540 858471 227595 670069 258159 565148 443597 920371 958611 841996 243827 375854 665719 459217 372059 674092 512561 329937 624977 275116 605937 178925 630125 64965 452118 377731 607814 68419 826383 324091 671135 720115 589723 731601 295601 155253 638762 655978 212736 405533 143801 406662 454974 301235 326315 666455 265286 105976 440208 319396 199594 452674 663685 708903 677413 456833 279905 616069 570038 368379 472171 291277 264207 800911 104171 164007 494031 378945 812616 659412 503543 503147 663534 273976 138209 691931 688001 275625 583518 256847 222818 738557 431007 294976 683817 353294 127432 220759 255149 308034 99070 179228 500773
672490 757978 258339 441906 999999999 101400 321002 564976 557231 627336 670956 213508 397507 222095 718045 774596 610013 400701 373591 884209 698849 140681 680099 790366 211941 925767 235809 790450 440958 469732 387481 361537 722282 723961 510200 705840 717450 275547 311434 620327 352631 156214 591683 233863 508552 369457 156409 511221 613588 761317 144703 657101 651596 237326 372903 543416 168990 634549 389339 639297 268407 728994 392061 480886 767013 663463 416185 216880 602254 181570 604642 506787 594861 783734 189216 465924 374579 718819 779248 221916 466750 309326 840244 563864 184761 449478 363658 288177 302148 248661 214562 828626 167288 541034 356185 563342 140559 421110 618813 165164
603790 686423 358864 473304 101400 999999999 253226 590573 460675 678354 586611 283509 302286 323443 616649 673234 508819 477882 314544 830182 657090 235962 596173 752798 302317 889122 220954 732844 432312 372421 412261 283520 704641 656246 539457 607400 714812 338771 362995 542730 271866 179094 612881 166121 411384 353769 256529 515336 570394 731901 177757 724200 565698 226839 423316 484582 158727 672091 313351 552508 253588 650221 315403 450841 703888 594515 361306 317892 670893 212184 503433 520297 634368 749269 134965 376605 273832 670732 741753 230271 437072 335166 774033 467511 253394 355968 336075 280986 322557 169736 197127 762153 260169 554766 430236 547530 206886 472657 642078 261510
719442 787580 557141 724065 321002 253226 999999999 838171 297953 931580 648922 530343 356447 513485 517247 579408 405875 721263 486932 971123 830878 458456 659385 930082 531614 1063727 458714 869614 660664 390413 661582 417466 913523 770917 788978 577383 940393 384349 371418 635684 61621 432029 858108 88246 422074 580088 463841 751296 746263 923383 430941 974206 623172 466710 676438 635746 405118 923487 446150 607244 159683 729380 445797 654720 828243 710185 534618 495035 920102 465288 435829 762493 886367 932018 356156 179583 217254 831708 919573 210746 642369 585950 886124 475223 500483 406481 551863 518770 270777 338875 435806 874103 486251 796491 675742 763843 454062 725770 888082 420613
585013 657127 541211 124540 564976 590573 838171 999999999 950704 182708 700766 381763 645627 562770 989222 1021918 920206 332505 445418 625341 429152 495831 703032 459792 450374 554396 381404 582582 221572 703916 178885 529303 305928 608340 57020 879460 227512 795066 844359 618849 841440 415510 36004 754520 725100 286360 528404 133408 398705 394564 422640 313792 701817 372609 220535 465717 433474 107432 523577 701868 830813 692727 527456 306146 603941 581719 425568 592277 298877 385360 872905 92404 93887 437617 486085 914904 755561 478293 452020 786845 305951 257201 674985 749635 400025 655326 328896 323449 862808 528902 403384 668624 476225 73501 323071 232702 432425 192570 54746 624108
624725 665575 814167 858471 557231 460675 297953 950704 999999999 1084180 504012 734801 315037 774665 235265 295997 140047 928614 516576 879222 797647 696183 513510 892208 762804 1011661 586636 781802 737877 283845 793699 429156 928326 667366 912886 347140 985844 681132 669335 529065 238046 607687 960548 351194 288714 665008 713276 835303 726481 907980 614970 1156313 477973 597096 844494 600897 561224 1051195 443972 462398 457255 589939 441019 690285 729339 616994 551741 762454 1106691 639475 200525 861959 1020273 902226 489293 121544 201058 780291 883425 507439 682118 731446 765941 314594 705444 329261 624187 635656 566961 427939 570224 754970 720821 891951 879168 806126 660697 891657 991572 693216
766682 839720 523059 227595 627336 678354 931580 182708 1084180 999999999 878117 417119 792708 556694 1146838 1183752 1069558 279542 601131 801657 610034 522870 880936 633013 459049 714544 498097 763759 388250 857117 291350 679262 473258 790919 187699 1047565 378768 810983 863937 796380 945415 499964 204027 844143 882140 437444 545222 312030 581365 565421 500683 136552 877576 487812 255712 643458 533945 96490 678675 876556 894360 873828 682785 481742 786404 763117 589242 588754 139990 466517 1027829 266016 89029 609512 599476 1033277 884194 659671 626125 841215 479574 354391 856832 912149 443823 810089 481752 449158 904277 656245 516064 850696 497218 255221 298980 415398 486780 206667 190279 639583
150391 163107 884318 670069 670956 586611 648922 700766 504012 878117 999999999 715526 300328 864969 382556 384427 385043 859839 330431 382026 362452 756089 10465 437155 787626 533824 505919 291855 493034 259257 621823 310503 532604 175755 691418 222527 623305 923298 941001 81919 600503 592870 691538 627338 232240 467109 792677 567594 328411 476548 610391 994422 26634 513862 720966 235056 541918 806978 285146 42862 772338 86116 281833 396390 235496 146933 313529 872161 961340 605797 315461 612331 792544 454797 487649 566614 433539 325860 431296 784483 399165 606469 262248 190875 697946 245739 428101 507489 874926 422304 510576 251530 765941 627515 814265 479413 674317 750982 717876 834762
670736 758860 191260 258159 213508 283509 530343 381763 734801 417119 715526 999999999 503369 195553 858477 908693 759873 194824 385292 833761 629956 114086 722749 707020 84421 834726 209740 753047 330416 578613 221290 420605 602359 716254 324774 809227 570705 413340 463073 647253 554872 135263 413402 442155 613999 288690 147885 366743 554471 662463 123052 444259 702556 201666 168673 527804 189309 434779 438213 694074 477767 752538 442180 408361 744776 663007 409653 220420 389843 112245 738363 346188 394005 694152 262331 659021 537386 662896 696318 424126 395614 159211 822479 661773 30120 543367 309561 217802 490115 337897 207964 812090 95815 377292 146729 451447 76732 213704 436459 242625
363976 431287 639422 565148 397507 302286 356447 645627 315037 792708 300328 503369 999999999 611256 361213 407290 276850 682927 203210 618534 499519 508730 310610 597647 557768 725788 312009 517002 427681 75533 502270 116620 616677 414927 612925 311207 670963 630180 644157 279341 315577 368235 652277 327354 112803 359752 539549 524625 421600 604314 381995 880393 276244 322574 572016 299131 314061 749449 128943 261316 472170 376220 125989 375265 473182 354821 236706 611643 835439 392992 240030 554742 721656 604128 242106 319813 155430 491046 587931 484970 367258 451979 529686 166542 478360 55619 316734 347573 574797 165958 303258 517671 525560 583012 633121 491090 442259 614983 683103 562112
841383 929399 45716 443597 222095 323443 513485 562770 774665 556694 864969 195553 611256 999999999 940064 996332 832077 281266 543664 1021722 820699 109590 873299 900604 114289 1029514 372152 936981 524752 685431 414707 556041 797845 889769 506280 922102 763249 258504 312492 804825 556571 277062 596604 433936 723771 476524 72539 561384 742341 857499 258751 540256 848360 367331 342258 701665 324164 597253 579929 837634 406399 913013 583347 597277 923839 833030 576930 32199 485020 274399 826008 538128 556507 888442 379324 676036 596437 851045 889802 341445 583955 354640 1000636 777509 193522 660336 490499 398784 374716 451379 360825 989735 107180 567728 258184 646706 197452 376502 616468 101237
529295 540373 974355 920371 718045 616649 517247 989222 235265 1146838 382556 858477 361213 940064 999999999 62190 112863 1042657 546057 760277 733568 847044 389142 816159 904581 916362 673173 673981 767659 290937 859174 468768 891745 558273 962780 166153 969490 889211 884495 439667 455628 723535 990556 551149 264807 709558 872013 860570 681159 848818 735559 1239950 362042 683756 932984 561388 670454 1095692 468209 350696 675871 458753 464122 693885 617228 524098 563926 933823 1195939 750619 121206 896860 1071327 831934 596420 352783 346491 702960 809453 718309 690076 812609 632274 243081 831786 336854 665302 707406 787710 521936 663710 623142 867738 921399 992687 801723 792042 975316 1020427 871964
534298 535138 1029769 958611 774596 673234 579408 1021918 295997 1183752 384427 908693 407290 996332 62190 999999999 174426 1090216 582852 753048 743557 901578 389624 821521 957471 914834 718662 671731 800634 334105 898666 509665 907174 558064 998160 161921 989367 950506 946301 449676 517790 773468 1021337 612378 303773 746467 927576 891465 697227 858601 786152 1280788 367008 729134 976414 581627 719836 1128970 506081 357826 737945 453836 501895 722010 614664 530051 596589 990929 1238093 799537 171210 929543 1106192 838767 646364 414485 405443 709621 815506 779966 719276 855601 622031 272317 882607 377075 702165 749745 849819 571011 710534 613723 921589 952641 1040396 826369 843920 1017529 1050717 930195
518921 548145 867501 841996 610013 508819 405875 920206 140047 1069558 385043 759873 276850 832077 112863 174426 999999999 947779 474944 766413 708860 741682 393692 798561 801580 909963 583845 672776 700124 217251 779011 391530 854802 556414 889181 208213 923664 776349 771880 423867 344332 626024 924940 438291 203576 635502 765100 795834 646252 822700 636866 1155628 360381 594528 845481 521580 574230 1024998 397029 345956 563870 469142 393268 636340 617939 512164 500359 824732 1109546 654688 69592 828568 997981 811428 499789 247852 236162 684929 790692 605555 630592 726591 646398 207001 732294 266545 591921 623442 675850 427708 572068 636018 763355 855492 897723 749038 690981 889695 955479 761536
788689 874109 244751 243827 400701 477882 721263 332505 928614 279542 859839 194824 682927 281266 1042657 1090216 947779 999999999 534763 905760 698145 271293 865699 755918 198811 868478 373137 840013 400392 756777 257541 587927 620297 827612 283942 979947 557174 539126 592889 784555 748478 322718 368505 633480 789959 396670 283177 387285 637843 698799 313926 263672 850874 362994 148890 646546 373564 335071 599989 844747 652968 882931 604191 498538 844030 782275 546309 313456 207841 293119 921676 347372 296701 737726 448003 853808 730016 740037 746351 593542 489054 253457 921418 833531 224797 717356 432454 354570 644851 520972 379739 912409 243085 366064 50056 496563 271063 146150 379462 371715
300639 387697 558912 375854 373591 314544 486932 445418 516576 601131 330431 385292 203210 543664 546057 582852 474944 534763 999999999 515697 348457 434076 337508 446725 459189 582283 176164 419058 225329 258523 317024 87421 430942 351249 416776 453164 473678 645952 675307 262916 465473 267148 450210 425877 281249 163690 472653 321767 262139 436496 285273 699733 318529 183691 403708 170763 220384 550841 78225 311166 554207 370040 82181 176977 393476 291865 48489 554625 659354 276724 428142 353634 525425 446701 185477 504398 335801 357524 435931 542416 167226 284180 466805 312314 368639 210168 119379 180194 635627 153880 183394 455251 440799 380795 487621 292697 348402 440400 480876 528130
257402 220127 1024590 665719 884209 830182 971123 625341 879222 801657 382026 833761 618534 1021722 760277 753048 766413 905760 515697 999999999 207811 916451 374003 171095 917782 176484 658032 101588 511124 608879 650127 560881 333415 211877 648073 595184 438203 1159168 1190427 351394 933878 753459 598574 926259 593631 545719 956986 523214 279511 240397 771428 937048 406100 660381 757704 345966 719442 708677 530442 420472 1063255 301585 529929 425420 149936 266007 469781 1039714 924097 749006 696945 568455 714329 196255 699854 926060 772231 170884 176544 1056664 438333 680979 133951 565213 829326 575965 532540 623225 1150085 665144 675179 140490 914544 561767 873431 410587 826699 764537 611800 1028072
213116 253488 821191 459217 698849 657090 830878 429152 797647 610034 362452 629956 499519 820699 733568 743557 708860 698145 348457 207811 999999999 717655 359306 99269 714298 233849 465884 153771 303972 513965 442317 413786 176716 209212 445957 582287 278394 974198 1009343 294314 802955 558994 406162 773853 511560 344486 758193 318117 86770 115264 576430 742936 377071 466760 549945 200391 530609 521203 386205 385731 902158 315110 387103 223891 183487 215645 299979 840260 725574 551053 643385 364491 521258 104886 522738 819218 653779 50639 88969 887154 237576 475011 247905 502547 627376 470682 337541 424848 979645 502320 485246 242791 713757 361387 665623 204824 628339 557714 423877 834007
732083 820040 130866 372059 140681 235962 458456 495831 696183 522870 756089 114086 508730 109590 847044 901578 741682 271293 434076 916451 717655 999999999 764324 800442 73873 931453 263269 830089 427566 583692 332156 448011 706155 780710 438851 819926 680743 299254 349159 695335 492812 167700 527309 372677 621529 373256 40564 474705 637603 760540 149348 533744 739843 258887 281340 592874 214712 546879 471269 729370 381707 803465 474756 493771 815632 723688 467663 123383 478047 167466 730495 457487 505943 789527 272310 606588 508670 746179 789516 323091 480164 263344 892172 674115 99077 556083 384099 293379 381417 346019 251351 881188 28384 489382 232148 551376 89770 324210 550536 129249
146536 154558 892339 674092 680099 596173 659385 703032 513510 880936 10465 722749 310610 873299 389142 389624 393692 865699 337508 374003 359306 764324 999999999 432389 795274 527283 513250 284886 496644 269715 626490 319346 530517 169241 694502 227880 622200 933059 950952 84656 610961 600731 693293 637678 242590 472228 801054 570006 327665 472977 618314 997996 36899 521088 726233 237532 550009 809015 293658 53149 782663 76435 290402 399342 228284 143671 319469 880713 965363 613292 324100 615023 795072 450423 496357 576779 443999 321725 426736 794631 402463 612268 253106 200771 705426 256090 433648 513885 885142 431480 518241 242505 773946 629697 820340 480436 682212 755760 719387 843755
287386 303259 897851 512561 790366 752798 930082 459792 892208 633013 437155 707020 597647 900604 816159 821521 798561 755918 446725 171095 99269 800442 432389 999999999 791356 136324 555500 172064 376723 609189 506330 513053 162373 267891 487268 659600 267233 1064962 1101606 377404 902187 646337 431279 872467 604603 428332 840777 368773 184599 69312 663266 768998 455062 555460 610591 298788 621475 539101 485448 465603 999583 376809 486319 310300 222353 292158 398243 921819 758478 635719 731769 411157 546594 25677 618019 917063 752288 113768 11118 983057 324399 548985 263045 591580 707185 567099 426956 510400 1075155 600440 575911 262444 794461 400162 727822 261123 712067 611510 442777 920152
750081 838310 106897 329937 211941 302317 531614 450374 762804 459049 787626 84421 557768 114289 904581 957471 801580 198811 459189 917782 714298 73873 795274 791356 999999999 918687 283207 836239 414686 633275 300580 485580 684688 796568 393607 867675 648960 353168 405497 722090 564560 195767 483728 445318 670143 372313 86401 447499 638377 746299 179212 462176 773272 276423 230430 607889 249108 490920 505920 763923 454507 828653 509699 492365 826731 742138 487064 142235 406370 182499 786294 423839 449930 778337 316288 676619 571489 746899 780669 394732 479497 242973 904252 720637 91414 601903 391254 299014 448205 392223 277050 893713 45572 453517 162749 535148 116098 268050 504463 180862
391112 380526 1024515 624977 925767 889122 1063727 554396 1011661 714544 533824 834726 725788 1029514 916362 914834 909963 868478 582283 176484 233849 931453 527283 136324 918687 999999999 690461 243103 504804 731250 626854 646277 249548 358090 590392 754190 335789 1199909 1237138 486180 1034129 780167 522011 1007664 722949 561359 971567 483212 320258 172648 796819 850876 555161 690070 727136 429230 756791 618198 617982 567747 1135667 461185 618605 445044 300170 397801 533798 1051772 847657 768249 841587 521113 633024 142464 754332 1043656 881102 234748 147371 1119381 459179 675714 307760 703821 836660 691647 562131 643794 1211463 736124 711215 312483 924196 504277 844339 383805 843865 722498 526975 1052897
469486 557620 384345 275116 235809 220954 458714 381404 586636 498097 505919 209740 312009 372152 673173 718662 583845 373137 176164 658032 465884 263269 513250 555500 283207 690461 999999999 568789 211856 384616 210273 215351 489004 517620 335431 607291 494035 509489 547169 438953 460037 96201 399746 377751 417044 135332 303126 295105 382130 525515 114509 572945 492817 10688 261733 329608 67409 473151 230048 484411 473580 545474 234128 245417 552589 461240 205145 386092 525870 100721 551969 303790 438987 548243 104761 537510 386201 489440 544391 442939 231282 144932 628955 460538 192480 344267 128613 60518 530993 159245 23826 617941 267037 337855 323912 330376 174885 306912 429983 370045
157541 138340 942540 605937 790450 732844 869614 582582 781802 763759 291855 753047 517002 936981 673981 671731 672776 840013 419058 101588 153771 830089 284886 172064 836239 243103 568789 999999999 440181 508701 582509 460544 317644 116584 597393 511178 423447 1064487 1094362 252796 832302 664859 559926 825458 494779 464488 870461 467889 202511 233121 683052 896360 314239 571968 691128 248368 628027 674881 429987 327635 963207 218205 429344 346918 57070 165789 374443 953461 877992 662855 603668 515031 674938 196094 604204 825689 670880 104345 171123 957976 358720 604942 95579 469043 746356 474877 446492 538462 1051426 566409 584625 92462 829969 513948 804417 354994 740407 703206 577505 938007
396735 478856 521128 178925 440958 432312 660664 221572 737877 388250 493034 330416 427681 524752 767659 800634 700124 400392 225329 511124 303972 427566 496644 376723 414686 504804 211856 440181 999999999 483272 143058 311071 282403 431143 200554 660244 282602 706978 748836 412060 653557 286428 224881 584063 503672 80576 467387 97433 237716 333153 301109 501388 490806 207262 251611 261458 277853 328359 303097 489067 685379 498489 306878 101321 443965 391436 204084 547053 469439 268732 651623 129203 306569 363783 306061 713052 548225 342166 366081 654078 95073 172376 521149 528317 331899 434415 114696 153726 740798 329550 235577 512285 419463 155471 364267 124465 341544 269042 255566 551623
351493 406855 714259 630125 469732 372421 390413 703916 283845 857117 259257 578613 75533 685431 290937 334105 217251 756777 258523 608879 513965 583692 269715 609189 633275 731250 384616 508701 483272 999999999 568469 178055 646998 398824 674547 236678 710267 693056 703535 258659 341247 443567 707959 376206 38973 420716 613985 578683 442972 624164 457457 949017 233180 395066 642725 317259 389318 809311 180339 217124 520969 341898 176474 419844 459822 342995 283187 685016 905212 467908 170794 612010 783333 618659 317620 317213 174291 498151 600220 540680 413712 522093 507699 95805 553778 49379 376716 416615 627669 241467 377071 495973 600840 638510 707096 533565 517792 684567 738427 633540
536566 620250 402710 64965 387481 412261 661582 178885 793699 291350 621823 221290 502270 414707 859174 898666 779011 257541 317024 650127 442317 332156 626490 506330 300580 626854 210273 582509 143058 568469 999999999 390442 386248 572974 127413 769586 349415 628504 675719 542862 667796 236639 204221 576975 595350 156738 368538 147377 380302 454453 244140 382711 616473 200526 108658 397235 256480 263400 392649 612686 652203 635287 396854 242709 587015 530747 313999 441108 343237 206832 739229 125332 228716 490249 314346 747781 594495 483033 496236 609359 234301 78458 664201 629238 233275 522501 199648 158075 687405 366106 230424 655341 316866 157670 223310 245226 259424 129474 231821 461330
322248 403254 577721 452118 361537 283520 417466 529303 429156 679262 310503 420605 116620 556041 468768 509665 391530 587927 87421 560881 413786 448011 319346 513053 485580 646277 215351 460544 311071 178055 390442 999999999 512577 374984 497686 392054 559843 622237 645521 259755 389757 289945 535663 365810 205900 243976 483550 408082 330190 510370 306397 771497 292665 225207 467279 218937 236579 633577 30731 281625 502705 367984 32116 263002 425923 312880 126409 562137 728429 308384 348846 438220 606497 515978 177331 419829 250899 414645 502654 500141 253922 346339 493091 245761 399161 132598 200534 240260 593402 114285 212872 481099 459897 466392 538993 379037 370052 507873 566484 524529
386342 429948 788497 377731 722282 704641 913523 305928 928326 473258 532604 602359 616677 797845 891745 907174 854802 620297 430942 333415 176716 706155 530517 162373 684688 249548 489004 317644 282403 646998 386248 512577 999999999 385910 340859 747787 106323 989354 1031145 458783 895806 568671 274761 844812 652136 353708 745172 239343 210586 93248 583505 609691 544528 485968 481685 333300 556281 378321 490750 551343 957948 491015 492937 258879 356934 387666 386459 822400 602236 550925 792938 273561 388425 137650 571960 932085 763223 224519 157147 931396 271533 443899 412995 653048 608317 599646 368824 434108 1019994 574685 512020 410032 695441 254992 598229 158943 622329 474154 283177 832269
52769 48816 900610 607814 723961 656246 770917 608340 667366 790919 175755 716254 414927 889769 558273 558064 556414 827612 351249 211877 209212 780710 169241 267891 796568 358090 517620 116584 431143 398824 572974 374984 385910 999999999 612396 396718 486091 993369 1019209 140260 730082 613063 591484 733305 382109 434842 820250 481685 209764 316058 631436 917879 197704 522702 680279 188688 570098 708833 344383 211053 874508 108998 342896 330314 61978 62165 313277 902964 892902 616614 487219 529303 702226 288066 534847 715906 565844 163757 263476 874949 338881 580225 118110 353600 705231 368788 407211 498457 968082 486757 529824 106116 784332 535794 787391 375786 692455 700185 613599 879266
584665 661138 485489 68419 510200 539457 788978 57020 912886 187699 691418 324774 612925 506280 962780 998160 889181 283942 416776 648073 445957 438851 694502 487268 393607 590392 335431 597393 200554 674547 127413 497686 340859 612396 999999999 860263 273288 738096 787478 609862 794558 362722 90400 704361 697991 253858 471389 130992 404985 425056 368961 306026 690325 326103 164270 457351 383862 138520 494840 689075 776918 690410 498870 295187 613750 580527 402380 535617 281433 331805 844774 83245 108816 466606 440091 872003 715554 493302 478691 731893 292381 204532 687311 726109 343284 626739 297847 279674 806936 487531 356497 680127 419206 87139 270328 242477 376378 140060 111686 567089
372404 375812 950628 826383 705840 607400 577383 879460 347140 1047565 222527 809227 311207 922102 166153 161921 208213 979947 453164 595184 582287 819926 227880 659600 867675 754190 607291 511178 660244 236678 769586 392054 747787 396718 860263 999999999 832611 917785 922809 289197 518654 675279 876060 586901 198435 613867 850598 747099 538751 697175 690115 1151960 205335 617227 855739 427129 620866 986889 381242 196811 726309 294176 376992 575141 454171 368243 458568 921562 1112429 697312 149354 787627 966789 676902 551387 443832 369878 547780 653601 756495 573924 735176 466329 147456 785731 266075 570146 629261 837300 475541 603349 457339 836476 808394 931047 674525 751736 893495 904622 868897
481440 531557 748239 324091 717450 714812 940393 227512 985844 378768 623305 570705 670963 763249 969490 989367 923664 557174 473678 438203 278394 680743 622200 267233 648960 335789 494035 423447 282602 710267 349415 559843 106323 486091 273288 832611 999999999 973883 1019044 546079 929317 561256 192546 865715 720099 362288 717752 207530 295145 197960 573833 515091 632825 488859 429998 408263 559079 282411 542225 638097 967565 588518 545029 296863 460956 481709 434588 790251 512937 538423 865021 225126 298501 241949 587978 977790 809428 327799 262737 934421 306537 418669 518928 727562 581666 661486 388586 434771 1019258 604128 517831 515701 666229 196833 542176 180992 603092 412883 192764 809544
941192 1024725 299481 671135 275547 338771 384349 795066 681132 810983 923298 413340 630180 258504 889211 950506 776349 539126 645952 1159168 974198 299254 933059 1064962 353168 1199909 509489 1064487 706978 693056 628504 622237 989354 993369 738096 917785 973883 999999999 54070 881472 443113 421545 826340 338134 731354 640328 268828 766443 889097 1033674 406056 798686 901482 509896 579492 816599 443694 843416 651910 887690 230248 988763 654049 754882 1038965 931987 690067 226584 743509 438568 792197 753449 802400 1057611 460483 563932 551401 994322 1053850 173746 740751 555454 1110698 788602 396103 685581 638007 557897 144161 508189 489189 1098916 320181 786174 512232 831118 370802 620223 849780 172603
966711 1048774 353548 720115 311434 362995 371418 844359 669335 863937 941001 463073 644157 312492 884495 946301 771880 592889 675307 1190427 1009343 349159 950952 1101606 405497 1237138 547169 1094362 748836 703535 675719 645521 1031145 1019209 787478 922809 1019044 54070 999999999 903126 432088 462477 875134 336976 741193 679952 320402 811516 923584 1072578 447831 852713 918368 548350 630228 846020 480417 894901 675709 904109 212320 1009307 677574 792317 1066673 957420 720652 280613 797510 481634 792362 800204 853894 1095156 490574 549810 553639 1027506 1090488 167073 778182 601464 1137026 798334 444558 699773 675074 597935 109611 532502 525982 1125142 371165 833284 565402 872461 416779 671727 899103 224638
95795 151950 821478 589723 620327 542730 635684 618849 529065 796380 81919 647253 279341 804825 439667 449676 423867 784555 262916 351394 294314 695335 84656 377404 722090 486180 438953 252796 412060 258659 542862 259755 458783 140260 609862 289197 546079 881472 903126 999999999 592674 529465 609702 603437 242255 389544 733130 485695 251026 409553 547420 913378 86851 446157 643659 153149 480662 725067 231068 92561 746772 108830 228495 314723 201676 88494 239649 814122 880968 539603 355842 530523 710678 392439 432843 575660 427267 263779 370305 752352 317811 531153 250968 217733 631407 230486 352101 435022 844591 374029 445987 239034 703198 545596 739885 398161 610915 672256 636156 781648
679460 744000 598997 731601 352631 271866 61621 841440 238046 945415 600503 554872 315577 556571 455628 517790 344332 748478 465473 933878 802955 492812 610961 902187 564560 1034129 460037 832302 653557 341247 667796 389757 895806 730082 794558 518654 929317 443113 432088 592674 999999999 446151 859152 122638 370645 573396 502332 746968 719930 899723 447560 995917 574381 468903 692257 604920 412763 931088 416754 558281 220956 682631 415873 638264 788718 670336 511830 540335 942737 479710 375579 761907 895223 905663 355422 122926 167008 800433 891915 269398 626604 594560 843640 421993 524761 362217 541630 518674 332328 325262 438245 831695 519848 795319 701468 750364 478141 741496 889622 467522
564386 652360 292035 295601 156214 179094 432029 415510 607687 499964 592870 135263 368235 277062 723535 773468 626024 322718 267148 753459 558994 167700 600731 646337 195767 780167 96201 664859 286428 443567 236639 289945 568671 613063 362722 675279 561256 421545 462477 529465 446151 999999999 440105 345214 479250 219126 207220 355072 476386 612509 18377 553036 577968 93083 246115 425451 54419 493539 310206 568389 415957 637101 313965 336271 648721 556000 299964 290081 501468 33560 603252 352126 455494 637705 127157 540622 407939 584267 635268 375760 322257 158363 724965 527866 110461 409216 221750 136574 458270 202639 83846 713904 173736 386555 272795 410009 81525 295345 468302 275157
570802 640122 575835 155253 591683 612881 858108 36004 960548 204027 691538 413402 652277 596604 990556 1021337 924940 368505 450210 598574 406162 527309 693293 431279 483728 522011 399746 559926 224881 707959 204221 535663 274761 591484 90400 876060 192546 826340 875134 609702 859152 440105 999999999 775546 727478 295689 560634 129998 381817 364929 448235 338525 693924 391464 254670 457045 454768 117391 527920 694794 856028 679272 531672 300951 583891 568021 426797 625829 327687 410936 875641 98845 115809 408488 503876 928972 767510 455980 423917 813574 302417 282571 653357 749462 430577 658974 336562 340494 891019 542653 422366 647452 508402 69450 358783 216352 461364 228229 31049 656002
680868 754743 476452 638762 233863 166121 88246 754520 351194 844143 627338 442155 327354 433936 551149 612378 438291 633480 425877 926259 773853 372677 637678 872467 445318 1007664 377751 825458 584063 376206 576975 365810 844812 733305 704361 586901 865715 338134 336976 603437 122638 345214 775546 999999999 412050 503707 380446 672281 687876 860817 343472 885962 602760 385141 588777 584220 321057 837866 395994 587449 145137 703310 396379 586271 787946 671480 474309 417861 831879 378280 455523 681084 800341 872524 278005 243533 217089 779032 861716 169989 573350 500553 850527 468349 412272 381603 478619 438211 252092 272948 354368 838450 400171 715327 587718 691903 365830 638089 805201 345544
337277 385938 752205 655978 508552 411384 422074 725100 288714 882140 232240 613999 112803 723771 264807 303773 203576 789959 281249 593631 511560 621529 242590 604603 670143 722949 417044 494779 503672 38973 595350 205900 652136 382109 697991 198435 720099 731354 741193 242255 370645 479250 727478 412050 999999999 444781 652191 597665 444876 623824 493524 977138 205701 427358 672932 319455 424880 831283 203465 189455 556370 316920 199358 434442 443814 329259 300790 723636 934323 502767 148235 632834 806572 615566 354048 335982 204853 492097 596075 577711 429409 552041 487105 57249 589634 73355 400511 446072 663927 277958 410686 475601 638303 658137 740461 546068 554426 713773 757638 672461
393329 479992 478999 212736 369457 353769 580088 286360 665008 437444 467109 288690 359752 476524 709558 746467 635502 396670 163690 545719 344486 373256 472228 428332 372313 561359 135332 464488 80576 420716 156738 243976 353708 434842 253858 613867 362288 640328 679952 389544 573396 219126 295689 503707 444781 999999999 413771 174424 266212 393415 235521 538145 460724 132380 254117 250304 202574 389706 241354 456484 607268 486287 245436 120762 458393 386554 157264 495774 499870 207426 591080 196973 362667 418911 225768 635357 472188 374863 417318 578146 107468 145528 536335 475389 283648 373081 44312 82555 666312 250276 158536 526335 369448 227661 354048 195047 284188 284561 326736 491839
771374 859232 102404 405533 156409 256529 463841 528404 713276 545222 792677 147885 539549 72539 872013 927576 765100 283177 472653 956986 758193 40564 801054 840777 86401 971567 303126 870461 467387 613985 368538 483550 745172 820250 471389 850598 717752 268828 320402 733130 502332 207220 560634 380446 652191 413771 999999999 512454 678163 800472 188843 546848 775939 298983 310969 632646 252598 574626 507582 765159 373868 841473 510976 534314 855660 762922 507058 83038 491017 207984 756860 493723 533611 829724 306784 619112 530355 786735 829863 312177 520716 301686 932080 705626 136976 588213 424592 333940 362171 378983 290542 921055 52239 525089 249023 590971 130288 351427 582958 96310
455164 530463 550086 143801 511221 515336 751296 133408 835303 312030 567594 366743 524625 561384 860570 891465 795834 387285 321767 523214 318117 474705 570006 368773 447499 483212 295105 467889 97433 578683 147377 408082 239343 481685 130992 747099 207530 766443 811516 485695 746968 355072 129998 672281 597665 174424 512454 999999999 273996 312051 367031 436231 568430 288590 243927 332546 357295 240491 399008 568465 765899 561887 402685 172826 482912 451371 296905 587133 412353 331247 745867 47747 225144 350453 395195 809508 645309 364224 359345 729938 173179 211688 556874 619507 375736 529577 211817 234637 813338 424689 318813 549517 461487 61309 361181 113314 395702 242819 159974 603035
191796 258499 745145 406662 613588 570394 746263 398705 726481 581365 328411 554471 421600 742341 681159 697227 646252 637843 262139 279511 86770 637603 327665 184599 638377 320258 382130 202511 237716 442972 380302 330190 210586 209764 404985 538751 295145 889097 923584 251026 719930 476386 381817 687876 444876 266212 678163 273996 999999999 182726 494097 709403 337706 383603 488959 125767 445923 499197 303627 343268 815491 300847 304851 146179 209630 190448 213653 760717 686316 470314 583319 321743 492579 185851 436158 741195 574191 108706 173842 800415 158881 403465 285302 443000 549816 397414 254662 344224 892951 415911 400783 277167 635174 326447 601914 166051 547936 502652 404422 751531
326446 356151 851986 454974 761317 731901 923383 394564 907980 565421 476548 662463 604314 857499 848818 858601 822700 698799 436496 240397 115264 760540 472977 69312 746299 172648 525515 233121 333153 624164 454453 510370 93248 316058 425056 697175 197960 1033674 1072578 409553 899723 612509 364929 860817 623824 393415 800472 312051 182726 999999999 628687 701665 491864 524247 555792 307303 592607 470973 484906 500794 982472 424412 486361 281726 278267 329621 388804 880165 692574 598897 757764 351882 479688 44406 597079 923832 756539 152687 65097 961651 295736 503343 327008 616875 665002 579402 398673 475945 1052533 587891 547193 325256 752577 338015 673127 211227 673659 553314 375151 883318
582736 670697 274190 301235 144703 177757 430941 422640 614970 500683 610391 123052 381995 258751 735559 786152 636866 313926 285273 771428 576430 149348 618314 663266 179212 796819 114509 683052 301109 457457 244140 306397 583505 631436 368961 690115 573833 406056 447831 547420 447560 18377 448235 343472 493524 235521 188843 367031 494097 628687 999999999 549336 595271 111144 245569 443824 69909 497782 327220 585550 408173 655154 330935 353408 667066 574342 318323 271709 497067 37308 615609 362134 459186 654357 140043 544867 416093 602091 652209 365854 339432 165694 743330 542789 96501 424055 239435 153026 446713 216077 102091 732273 155817 396424 264281 425087 63967 294911 475943 257585
890691 966670 499881 326315 657101 724200 974206 313792 1156313 136552 994422 444259 880393 540256 1239950 1280788 1155628 263672 699733 937048 742936 533744 997996 768998 462176 850876 572945 896360 501388 949017 382711 771497 609691 917879 306026 1151960 515091 798686 852713 913378 995917 553036 338525 885962 977138 538145 546848 436231 709403 701665 549336 999999999 991796 562275 311990 761814 595744 232682 775092 989461 915213 996229 779312 599653 916685 886525 694568 572103 55832 519936 1119370 388726 222728 745672 667022 1093658 955268 792054 761944 856672 595673 429071 988504 1011926 473897 904007 581819 532856 908296 731797 587193 981954 505803 383579 302281 544455 520180 266089 326559 634244
167688 188231 868716 666455 651596 565698 623172 701817 477973 877576 26634 702556 276244 848360 362042 367008 360381 850874 318529 406100 377071 739843 36899 455062 773272 555161 492817 314239 490806 233180 616473 292665 544528 197704 690325 205335 632825 901482 918368 86851 574381 577968 693924 602760 205701 460724 775939 568430 337706 491864 595271 991796 999999999 501083 713814 236937 526309 808534 268593 16250 747839 112567 265087 396170 258414 163107 305210 854801 957509 592060 290868 612367 792831 471862 469992 539982 407467 342686 448784 760955 398010 597895 288024 164423 684180 221255 420564 497276 851038 403021 496404 277166 750447 628869 804700 483966 659238 745193 720860 815882
474981 563176 378437 265286 237326 226839 466710 372609 597096 487812 513862 201666 322574 367331 683756 729134 594528 362994 183691 660381 466760 258887 521088 555460 276423 690070 10688 571968 207262 395066 200526 225207 485968 522702 326103 617227 488859 509896 548350 446157 468903 93083 391464 385141 427358 132380 298983 288590 383603 524247 111144 562275 501083 999999999 251045 334375 70636 463621 239340 492865 478748 552299 243446 245172 556747 466825 210974 382015 515182 94287 562554 296013 429227 547728 113997 547342 396586 491304 544362 446887 231063 134396 633362 470580 185358 354513 129222 54196 534275 169838 30906 622427 261635 330202 313864 327136 169882 296253 421582 367995
642604 727195 321388 105976 372903 423316 676438 220535 844494 255712 720966 168673 572016 342258 932984 976414 845481 148890 403708 757704 549945 281340 726233 610591 230430 727136 261733 691128 251611 642725 108658 467279 481685 680279 164270 855739 429998 579492 630228 643659 692257 246115 254670 588777 672932 254117 310969 243927 488959 555792 245569 311990 713814 251045 999999999 501641 284968 266109 474721 708857 640944 739201 478976 350443 695461 636482 408741 371939 264138 212557 811918 208867 225370 593353 355244 784849 643436 591343 600768 590094 341406 120948 772740 711800 192241 599581 293254 227107 658510 420060 275276 763815 259313 233408 117358 349963 232728 49342 274255 407244
143591 231303 711971 440208 543416 484582 635746 465717 600897 643458 235056 527804 299131 701665 561388 581627 521580 646546 170763 345966 200391 592874 237532 298788 607889 429230 329608 248368 261458 317259 397235 218937 333300 188688 457351 427129 408263 816599 846020 153149 604920 425451 457045 584220 319455 250304 632646 332546 125767 307303 443824 761814 236937 334375 501641 999999999 384375 572049 189637 238463 718589 238061 189953 162241 224307 136452 127554 715531 730878 428089 459775 377504 557557 305035 356133 618866 453512 195966 288934 710720 166457 395620 299668 320440 516544 272100 219543 310083 804131 319297 342796 288512 595916 392504 604350 248230 504241 526514 483925 694612
