NAME : synthetic_000879
TYPE : CTSP-D
DIMENSION : 100
GROUPS : 8
RELAXATION_LEVEL : 1
EDGE_WEIGHT_TYPE : EXPLICIT
EDGE_WEIGHT_FORMAT : FULL_MATRIX
EDGE_WEIGHT_SECTION
999999999 665999 844135 608048 834409 616299 335549 63207 144929 104459 371528 339776 139413 459573 822140 316226 534216 613986 503097 805149 632003 451163 7073 275690 452963 230299 272098 831982 418139 314649 838031 483168 209797 831556 947516 812632 156718 615741 143781 474458 695661 76524 743426 679195 616470 337088 287233 128070 359785 533321 365663 703455 838779 786667 536312 553867 757725 324961 821764 296393 518599 544450 317425 357378 357878 371784 179192 808335 361872 353456 920944 52034 62878 646682 647749 682554 678835 805086 314876 341989 497787 349578 723520 46756 689240 364920 519838 627289 695404 681613 451371 437498 679165 557771 565871 338403 704570 793204 529966 551390
665999 999999999 236257 230423 618063 263947 958803 692073 658441 593546 589634 470225 561518 320457 725282 426864 421137 252589 300202 185512 218563 627405 659067 673851 882448 718340 592575 343225 1024462 353389 575489 332705 571103 229862 324027 451502 721821 548420 769519 839283 557545 599607 428926 320045 683043 596039 705728 628649 630312 708315 439680 229038 712885 326719 305282 543743 370611 403161 870139 379730 492454 277408 395338 592155 374057 921527 693032 814851 566330 341869 852493 714563 615079 678035 413923 563832 531410 311529 798570 498055 422609 404105 295330 643339 662548 414487 620173 770748 408088 303649 313322 259471 135157 503378 127600 734466 636544 426459 308246 153925
844135 236257 999999999 257873 506704 492363 1098910 880856 803358 756378 668333 698202 720727 412332 642088 648741 443290 481541 536385 50856 444694 677906 837643 782984 961888 842500 704377 166959 1153315 533355 453093 404752 704879 14000 103479 315703 866061 528451 924514 904076 501199 787071 331647 263775 675874 824858 812877 779402 860475 735279 540239 170150 620094 184261 541059 551180 256897 536514 818326 547770 728468 513117 536869 675701 598266 1036213 901490 756115 797296 492580 758859 895432 801886 658290 373566 514400 480292 149813 907174 726962 658844 523911 205335 830183 623258 522813 644642 772054 338841 247449 546898 484071 348129 508770 283490 828528 586894 297599 359670 293866
608048 230423 257873 999999999 400598 454032 843467 652107 551478 513157 412224 538956 476593 156645 497180 477773 202071 442657 439116 235529 418013 429450 602034 525156 707593 585630 446889 227216 896064 316050 365413 146880 451177 243953 358009 263440 613199 319865 674632 653215 327685 560089 218952 108607 459202 660796 555004 530017 699323 498128 282868 96358 486893 185121 460314 322272 184361 287592 640021 318591 628804 436510 291670 418936 437643 778345 693522 584432 642104 256410 625094 660062 573810 451046 184569 333501 301352 198209 649309 568641 557276 270702 123993 601222 432631 266830 407410 550598 187087 98461 424298 340947 357762 280250 137371 571318 406122 237831 102713 119779
834409 618063 506704 400598 999999999 854605 938222 893677 718416 730280 484525 893873 697384 439842 147364 828224 313745 843244 832074 526445 818262 428818 830727 620599 687362 696623 577080 342638 957179 637706 56812 407075 627136 497003 552702 191543 762185 222920 834011 611219 139767 818152 189623 298609 305893 1002463 636483 716017 1041261 412581 476763 393304 118346 323830 856410 286596 256860 541471 340172 618652 1013744 834006 558222 498900 800497 825178 975201 276204 992969 559867 252666 881775 827256 269850 228738 155100 155700 356961 708623 922006 944095 509919 328158 848681 210054 486894 356330 386620 213518 314523 809498 723602 751788 276716 537689 618124 170342 209320 382759 517859
616299 263947 492363 454032 854605 999999999 946837 617956 666592 581863 692115 312706 561301 467930 942878 305694 601174 11581 114571 441977 48234 753537 609380 729853 954714 749412 656125 606442 1024821 369700 818403 494200 608563 488228 565835 704232 723453 739936 749301 930944 770369 540081 670880 559076 853024 418143 760558 631726 443279 847894 545175 483546 936285 586774 86929 716475 622094 477826 1061424 408577 252639 72068 460972 689032 258817 947680 573030 1013330 380652 412118 1071090 654022 554696 857786 633000 772197 743539 574325 842312 331309 194483 495947 547733 579070 856976 517261 770557 927362 641113 545128 165049 201506 147780 682724 317001 802280 839442 678517 493087 338108
335549 958803 1098910 843467 938222 946837 999999999 355904 300555 370930 467231 674385 399282 687113 872431 651219 701250 943636 835271 1068243 958482 509777 342011 330579 302517 260322 400264 1045394 85916 610242 961385 698626 394571 1085264 1200842 982262 237037 720818 197577 371164 803639 411537 911832 882996 649320 653196 307399 330383 667020 540263 561658 938361 899167 998216 869361 659433 949820 565063 795326 579941 850070 875633 568215 454691 690483 137568 461406 808527 683952 619132 933920 310696 398413 686749 814829 786038 797039 1024811 229926 674399 832920 575127 938472 378863 744368 576670 581948 608906 867345 891223 782961 758350 994817 684000 842815 320101 775523 969344 746485 822509
63207 692073 880856 652107 893677 617956 355904 999999999 207062 163834 434409 323879 196400 507977 884287 312621 590338 616817 503483 839924 638170 514292 64869 337838 506404 288619 335075 877958 441152 347627 895731 533314 271684 868668 983817 865554 210860 676256 180794 532350 755431 93816 797066 728359 679547 299104 347975 191276 316867 596432 421533 746379 900485 833381 534716 614835 807949 374733 884910 335170 494985 545923 365080 420319 359947 411639 122183 871512 328407 395771 983877 46419 79012 709583 702476 742708 737988 850102 368438 320671 482629 401339 770237 50964 751638 418543 582686 690277 749043 729757 453454 451544 693402 617365 599341 398530 766328 845418 579045 587016
144929 658441 803358 551478 718416 666592 300555 207062 999999999 89762 239149 435098 105350 395102 691733 393525 436522 661925 560446 770614 672282 314101 145368 130810 322767 94691 141676 763887 367672 312981 728638 411080 101880 789919 906144 721642 63585 495992 124656 334428 578649 184507 650872 603754 479307 462287 143434 35285 489970 391016 277347 647576 710885 717031 596120 432538 677019 266986 679530 280664 618264 597792 268559 224525 421193 281171 323314 668982 480730 318700 784551 177474 180769 511393 552862 563839 564900 740482 189027 445235 584092 280782 655171 183223 557810 286810 385858 484040 603701 609556 508062 469982 699959 443631 542464 195289 577134 705002 459578 522567
104459 593546 756378 513157 730280 581863 370930 163834 89762 999999999 274904 345692 36781 361079 721449 303877 430010 577720 473811 719953 590056 356727 100481 202245 410277 183277 177484 734322 444818 241079 733575 382867 109766 743394 859829 709651 141655 512423 176478 415881 591774 107396 640109 579066 520669 379451 222628 55247 409380 444508 261712 609298 737084 688430 509199 451062 656593 226409 731132 214393 528798 512112 221584 261362 332850 368184 262608 713786 395306 263940 823439 154186 109191 549270 543985 578927 574645 708412 278400 356618 494378 248657 625450 122990 589386 262324 422342 539723 592126 582360 421274 388561 623891 453766 484475 274466 603016 690655 430413 467290
371528 589634 668333 412224 484525 692115 467231 434409 239149 274904 999999999 558930 251370 271388 452795 499160 238701 684065 609315 647653 680862 82975 369547 138352 296390 213760 99548 588610 503206 331440 500366 268048 165358 654334 764945 515256 277988 261781 349827 249770 345493 379237 445073 427032 245785 628940 159921 244491 663574 178233 152228 499295 471743 541864 644537 198237 487225 214481 458350 293112 729324 635659 232188 14652 501640 376672 537288 438918 635234 280131 549474 412767 383338 275173 348898 329441 334971 571748 247814 579272 676226 197453 485970 397652 319035 179551 148316 272859 401469 437887 563320 494548 673815 217693 462061 161984 338103 503046 309517 436100
339776 470225 698202 538956 893873 312706 674385 323879 435098 345692 558930 999999999 341817 454032 936863 65938 585939 314520 202055 649408 343842 638274 333688 537728 755056 528954 485143 754055 757748 259105 875478 486799 418821 689076 792716 798166 478226 714510 482931 753874 774129 265993 742291 642593 781326 126687 562844 400938 163209 736376 452368 613512 941667 718443 225813 668010 722369 373971 1001809 286281 183178 244157 354145 549820 102377 704983 261388 968780 103186 336933 1057345 365942 277540 799431 668227 768347 749747 721652 624050 29750 158914 404782 661296 295528 820676 430874 683422 829292 699113 635922 164112 214229 421819 649422 428770 612968 818494 773369 514847 431129
139413 561518 720727 476593 697384 561301 399282 196400 105350 36781 251370 341817 999999999 324304 692651 294526 394903 556588 455761 684794 567035 334132 134852 196691 414111 191986 157825 697548 470433 210959 699478 346134 87359 707680 824143 673546 164867 481040 208140 412829 559423 128172 604167 542342 496183 387734 221037 70926 419770 425145 226265 572781 707330 651650 491564 420459 619988 189663 709520 181790 523809 492710 185159 238534 318262 386385 287400 689684 400174 228689 797088 190067 133646 523483 508347 547017 541685 671676 287337 355582 484985 211946 588671 152018 561517 225984 396945 520604 556159 545590 403510 364789 596617 421316 450451 271480 573551 654382 393644 432673
459573 320457 412332 156645 439842 467930 687113 507977 395102 361079 271388 454032 324304 999999999 493381 388418 138942 457955 414477 384765 445098 307524 453945 372471 567118 430185 292706 373245 741097 199858 423094 32780 294555 398575 513789 363576 456611 277342 518658 520040 324342 418879 299228 220408 385477 564569 403143 374511 603517 392512 128958 252505 493865 327416 444544 248623 300553 134826 594478 187413 581888 427330 142898 275445 361778 625781 563333 548871 553536 124192 618983 511506 431483 389997 215748 321140 298811 347681 497687 482228 515010 114599 264384 457737 392922 110521 308176 463833 252674 222077 382366 297774 417639 216512 193258 424100 380650 341509 71313 166581
822140 725282 642088 497180 147364 942878 872431 884287 691733 721449 452795 936863 692651 493381 999999999 871070 354854 931911 904911 656556 911030 380270 819586 577269 597316 651404 551895 482368 879396 677888 203763 461865 612604 631381 695367 332242 725515 222557 796435 519918 172585 819461 312411 408616 223478 1034666 586359 696608 1072563 332205 491791 511466 34251 457829 932842 275254 386060 566524 193468 651787 1075021 913030 585542 467359 851416 748750 979134 130101 1030658 600585 128300 865103 826170 186599 312721 172637 199391 492845 644050 963203 1008387 534721 450319 843986 134023 509149 306494 278318 319737 426153 875395 790185 854922 287719 628927 557426 120320 346157 451801 605772
316226 426864 648741 477773 828224 305694 651219 312621 393525 303877 499160 65938 294526 388418 871070 999999999 520003 305063 191124 601038 328808 577284 309568 487336 708436 485434 429880 696022 732452 193227 810350 421167 365964 638948 745702 735159 442022 648779 455584 702581 708191 239821 678257 580001 717656 183104 514002 358515 221550 675700 387871 555357 875757 659124 222132 602773 660303 309216 938105 221186 232343 233817 289289 490688 53914 669965 275257 904202 166102 271003 991819 350178 253484 735070 602990 702423 683821 663929 580968 93832 190686 339729 600899 275956 755441 365846 620316 767839 634637 573926 142576 167394 395252 583720 373348 562866 752837 710566 449982 373428
534216 421137 443290 202071 313745 601174 701250 590338 436522 430010 238701 585939 394903 138942 354854 520003 999999999 590780 552938 430636 574766 234978 529754 370902 522318 441995 304598 350227 741355 327284 307293 108521 336807 429422 534720 285345 490425 139267 559806 461485 188205 509624 214466 189825 262109 690429 396379 426085 729057 296455 168809 273452 356677 303719 582405 122608 249027 227951 460710 305688 720168 564310 244484 249340 497462 615372 664309 412328 682797 249183 480070 584089 519848 259935 116361 183299 163973 334654 486411 613227 653756 196659 250010 543033 255964 174692 205533 350248 167784 202187 521305 436653 535391 83247 302850 400117 241816 269797 113691 276472
613986 252589 481541 442657 843244 11581 943636 616817 661925 577720 684065 314520 556588 457955 931911 305063 590780 999999999 114339 431096 38510 744861 607041 723502 948172 744056 649305 594970 1021209 363069 806939 483990 602547 477296 555687 692661 719218 729447 746064 923673 759426 537917 659401 547597 843196 422077 754321 627152 447946 838943 536612 471966 925192 575218 89545 706424 610524 469932 1051155 401817 260792 71414 453281 681157 257133 942898 574110 1002850 384933 403966 1060140 652348 552640 847698 621849 761350 732595 562834 836661 333928 200998 487600 536155 577305 846510 508674 761185 917984 629742 533621 163401 195126 137999 672465 305689 795654 828762 666948 482385 326941
503097 300202 536385 439116 832074 114571 835271 503483 560446 473811 609315 202055 455761 414477 904911 191124 552938 114339 999999999 485696 141796 677017 496229 632761 858127 646333 562798 624495 914313 278700 802176 444468 509927 529572 622108 700844 615384 691795 637984 839818 733193 426695 657524 547682 791525 316032 662578 525281 345282 774014 469632 490094 902325 597135 36157 660004 619570 396081 1006426 317725 195241 42929 377499 604526 145220 841453 460150 962852 280944 334649 1031835 539932 441130 800689 604380 732313 706716 591529 740552 223538 123704 418753 548957 465107 807238 442469 702797 858610 621637 536369 52574 118564 224484 630554 305562 706774 794712 674988 454189 319445
805149 185512 50856 235529 526445 441977 1068243 839924 770614 719953 647653 649408 684794 384765 656556 601038 430636 431096 485696 999999999 394436 663111 798551 757157 943114 814040 677439 196693 1125091 492357 474855 380761 673678 46613 145535 338270 833750 526868 890317 888041 507539 746115 344154 262245 673404 775986 787639 745404 811335 725999 513650 159756 636616 203132 490206 543896 270996 503733 826985 508948 677624 462262 502611 654118 550048 1010515 856772 765904 747953 456110 776684 856075 761104 658415 373063 519341 485020 172997 882164 678007 608051 493442 208930 789482 627383 494476 634968 768613 344292 244782 496873 435524 298537 501194 240707 806026 592944 317671 338214 253763
632003 218563 444694 418013 818262 48234 958482 638170 672282 590056 680862 343842 567035 445098 911030 328808 574766 38510 141796 394436 999999999 738539 624995 727495 951099 751801 651549 561724 1034667 367184 780439 469510 608102 440790 517602 663473 730957 712540 761026 923605 738908 556546 632747 521085 830463 455162 758713 637907 482214 831091 531308 441709 903145 543544 122807 692494 581488 468052 1035465 405173 299050 100112 452394 678768 278511 952455 601146 985740 418668 401200 1039330 672148 571545 833351 599519 741652 712089 529870 843180 364798 238077 483519 506665 596987 829634 503341 751187 907765 604830 506541 186254 202341 99599 657227 282428 798427 810315 637893 464351 305278
451163 627405 677906 429450 428818 753537 509777 514292 314101 356727 82975 638274 334132 307524 380270 577284 234978 744861 677017 663111 738539 999999999 449561 197245 289791 272205 179661 579511 533847 402383 452056 295626 247647 663994 769621 487282 345249 212049 416216 226530 294077 461789 419826 423035 165482 711202 209006 323282 746088 98610 208517 507819 401982 534207 711544 153466 472206 281302 375430 365312 805698 700711 300470 95626 576570 402716 619320 357409 716726 343108 470605 490377 465539 197388 329815 276319 289029 566878 280940 659419 750365 258685 483805 479064 246453 236344 74568 191268 380931 436416 633061 560138 722554 186060 500661 190047 271067 478840 329018 473848
7073 659067 837643 602034 830727 609380 342011 64869 145368 100481 369547 333688 134852 453945 819586 309568 529754 607041 496229 798551 624995 449561 999999999 275921 455870 232236 270243 826176 424405 307861 833948 477754 207036 825085 941009 807660 159956 612440 149514 476296 692118 69780 738557 673707 614754 332766 288207 126923 355990 532486 361099 697364 835987 780928 529493 550733 752376 319428 820824 289879 512872 537546 311644 355469 351009 376741 178063 806858 357069 347216 919018 58080 56429 644720 643048 679134 675108 799188 317875 336240 491549 344321 717773 42332 686843 359954 517818 626651 690529 676010 444471 430427 672092 554159 559180 339587 701800 788126 524436 544799
275690 673851 782984 525156 620599 729853 330579 337838 130810 202245 138352 537728 196691 372471 577269 487336 370902 723502 632761 757157 727495 197245 275921 999999999 225378 76025 81358 717378 372891 360626 638228 378307 123240 769084 882741 651945 149070 398649 219252 216220 482402 307906 581398 554887 358463 581442 31977 152788 611625 263544 243523 617409 599224 670268 668914 335506 619769 271634 551185 322331 718647 665702 282332 125010 504526 253384 453494 543981 595936 336758 662519 306529 306720 392722 484261 465839 472849 698214 125591 552190 676149 270392 611832 312469 443622 264113 271683 354878 536768 564090 582174 528406 738346 356027 549148 75534 467786 638788 424519 525412
452963 882448 961888 707593 687362 954714 302517 506404 322767 410277 296390 755056 414111 567118 597316 708436 522318 948172 858127 943114 951099 289791 455870 225378 999999999 228127 299624 869247 287502 585104 721119 564396 348331 947899 1056262 773370 296429 490512 335333 77404 565786 506092 707598 711739 382646 784054 195862 355316 810239 274832 442833 791973 627385 823786 894282 438971 761897 488009 497328 546447 937661 891003 501243 291673 728533 165521 628570 517006 803418 554900 642589 464299 500616 419905 619426 546983 566780 856101 138154 766857 898500 480430 772239 497566 480207 468065 345039 321441 670155 724498 807450 753209 957033 474908 755346 152672 517450 766566 604961 729976
230299 718340 842500 585630 696623 749412 260322 288619 94691 183277 213760 528954 191986 430185 651404 485434 441995 744056 646333 814040 751801 272205 232236 76025 228127 999999999 140043 785075 311054 386286 714012 439741 147857 828722 943595 724994 82179 474623 147399 244169 558383 278300 654243 622676 430934 556313 66888 128036 583264 331719 302866 679705 673997 737898 682310 411410 690009 316117 616221 350402 712022 682181 323002 200045 510219 203888 409147 612958 575297 376749 733331 251459 273488 465977 556623 541853 548614 764636 95536 539657 676115 321300 678267 272744 518111 319800 346767 419479 608965 630947 594378 549883 771906 431137 596797 111981 543157 711115 487211 574538
272098 592575 704377 446889 577080 656125 400264 335075 141676 177484 99548 485143 157825 292706 551895 429880 304598 649305 562798 677439 651549 179661 270243 81358 299624 140043 999999999 645180 449220 286509 588664 300448 70547 690531 804869 589337 187723 354453 258825 277234 437341 283682 518416 482860 344554 543439 113162 144957 576480 267632 164141 540314 570153 598002 598835 290932 551240 190937 553652 247550 662213 593878 202581 85292 440992 333428 440027 537057 553262 256801 648846 313322 286602 374601 420350 422331 424223 624599 206767 502665 614974 189041 538236 299447 418323 183414 247835 363046 472287 490959 513417 454742 659013 303446 467790 147001 436149 574376 347571 444087
831982 343225 166959 227216 342638 606442 1045394 877958 763887 734322 588610 754055 697548 373245 482368 696022 350227 594970 624495 196693 561724 579511 826176 717378 869247 785075 645180 999999999 1089785 542952 287835 353312 662078 159200 214618 151144 823259 400023 888421 804198 356393 786543 182018 162510 545334 878722 744409 745894 916616 620051 487179 140667 458287 47178 637529 436286 111402 507980 665051 545611 819642 610646 514558 598714 651692 965134 920574 601643 856912 482916 595303 884001 800041 522397 251678 371994 339442 32995 835850 783774 747798 486765 109006 827195 479915 477428 532818 641946 204820 154580 621866 545303 474395 396634 326838 750295 440606 136473 304946 322948
418139 1024462 1153315 896064 957179 1024821 85916 441152 367672 444818 503206 757748 470433 741097 879396 732452 741355 1021209 914313 1125091 1034667 533847 424405 372891 287502 311054 449220 1089785 999999999 680475 984750 749658 454562 1139507 1254066 1016686 305651 745760 276930 363027 826772 493443 947175 927391 659150 738921 345380 399979 752927 549166 613207 989440 908064 1042740 948828 686761 990269 625273 784403 648270 934568 954083 630410 492056 770112 132003 547316 804257 769423 682911 929912 395632 480812 696859 851876 808563 822839 1071030 255806 758554 915926 632101 984668 462363 756200 630805 602421 607178 904406 936870 861834 833378 1067016 715263 905429 345541 790330 1005576 796581 883944
314649 353389 533355 316050 637706 369700 610242 347627 312981 241079 331440 259105 210959 199858 677888 193227 327284 363069 278700 492357 367184 402383 307861 360626 585104 386286 286509 542952 680475 999999999 622817 232093 241048 521281 636216 558652 374943 455708 417540 562379 515342 253812 497101 407640 531061 365022 391669 280619 403922 500573 200563 405955 682577 501099 314352 411084 489247 122334 750739 39163 407991 307809 102499 326123 178105 588938 377655 714151 355657 78121 799113 364708 268754 546019 415581 509299 491244 513014 476356 286023 349021 150217 439167 297126 563583 176098 436392 588926 451454 404803 231887 168244 387163 390720 251974 432599 559895 535284 266519 239492
838031 575489 453093 365413 56812 818403 961385 895731 728638 733575 500366 875478 699478 423094 203763 810350 307293 806939 802176 474855 780439 452056 833948 638228 721119 714012 588664 287835 984750 622817 999999999 390726 633913 443812 496534 137395 775719 240607 847263 646098 158052 816678 147695 259408 344018 987663 656388 723511 1026610 446841 474984 348016 175157 271736 824930 302887 208260 534243 395879 606876 987480 801614 549768 514345 779617 852980 971567 331756 976072 545934 308142 886713 826631 309794 207463 176188 165401 303749 732996 904140 916976 503440 281910 849272 251956 481971 382368 430047 180648 274002 782537 697027 710124 285221 502693 642094 210206 157239 360830 484572
483168 332705 404752 146880 407075 494200 698626 533314 411080 382867 268048 486799 346134 32780 461865 421167 108521 483990 444468 380761 469510 295626 477754 378307 564396 439741 300448 353312 749658 232093 390726 999999999 309519 390832 504551 334671 471373 247683 535420 513716 292166 445530 269048 196215 361525 596991 408126 392582 635924 375961 136989 239964 461784 306766 473890 222992 274727 158614 567251 218098 613877 455936 169173 273763 394462 631466 592255 520275 586206 155647 587922 534898 457719 363927 183560 289405 266477 329405 502450 514969 546631 134234 244370 483473 364019 124284 289117 443045 221990 199840 413548 328533 436815 188573 207560 425268 350244 313272 48498 180545
209797 571103 704879 451177 627136 608563 394571 271684 101880 109766 165358 418821 87359 294555 612604 365964 336807 602547 509927 673678 608102 247647 207036 123240 348331 147857 70547 662078 454562 241048 633913 309519 999999999 691312 807238 621291 162099 406813 226532 336710 487753 214192 550686 501876 411019 473318 152651 89727 506106 337810 175497 547005 628988 615195 546084 344462 575370 170931 622765 203970 598017 543466 176023 152058 381472 351738 371932 604267 483912 229262 713694 255063 217987 439506 452919 474053 472116 638857 235374 435157 553728 181025 553419 232736 480100 185362 312576 433265 503257 507705 459124 407485 624713 350579 450887 198318 494786 604174 358001 429447
831556 229862 14000 243953 497003 488228 1085264 868668 789919 743394 654334 689076 707680 398575 631381 638948 429422 477296 529572 46613 440790 663994 825085 769084 947899 828722 690531 159200 1139507 521281 443812 390832 691312 999999999 116479 306441 852573 515388 911217 890140 489079 774906 320332 250505 662771 815758 798955 766100 851576 721638 526397 156209 609778 173761 535079 537637 245718 523135 806675 535240 722315 507173 523655 661708 588791 1022298 890349 744628 788577 479682 748864 882914 789679 645454 360520 502095 467938 140098 893240 717947 652370 510322 192459 817952 610895 509071 630963 758879 326457 234055 538945 474862 345128 495194 272115 814542 574777 287722 345695 281812
947516 324027 103479 358009 552702 565835 1200842 983817 906144 859829 764945 792716 824143 513789 695367 745702 534720 555687 622108 145535 517602 769621 941009 882741 1056262 943595 804869 214618 1254066 636216 496534 504551 807238 116479 999999999 363126 968691 607175 1027626 996152 569741 890010 395624 348309 754208 919048 912239 882509 953842 821195 640878 265889 669998 248792 623010 636242 322332 639472 879569 651131 810209 595112 640121 772942 694248 1135596 1002282 816054 890059 596054 804544 998765 904882 733427 453674 584717 551496 212437 1006265 821003 742394 626214 287484 933207 693248 624301 731513 850933 412559 333752 637349 579469 418264 594574 385407 926062 654536 350712 458354 396824
812632 451502 315703 263440 191543 704232 982262 865554 721642 709651 515256 798166 673546 363576 332242 735159 285345 692661 700844 338270 663473 487282 807660 651945 773370 724994 589337 151144 1016686 558652 137395 334671 621291 306441 363126 999999999 775727 284870 845133 702909 223344 779496 70929 156021 420673 917029 675162 710003 955896 508743 448777 222614 307366 135350 720084 334735 82166 491714 518137 550589 891951 695140 503594 527586 698163 887381 926780 454222 900882 486739 444190 863613 791278 392860 169070 241115 212832 166429 760947 827636 820275 464229 156857 816399 343814 447714 428645 515250 118046 165046 687678 604330 586642 302021 395591 671370 302466 25889 293250 381878
156718 721821 866061 613199 762185 723453 237037 210860 63585 141655 277988 478226 164867 456611 725515 442022 490425 719218 615384 833750 730957 345249 159956 149070 296429 82179 187723 823259 305651 374943 775719 471373 162099 852573 968691 775727 999999999 539273 71845 322357 622772 216148 704812 662286 507516 491446 147913 94342 515729 411349 336083 709089 746716 776260 650692 475602 734069 330021 697329 343469 660887 653767 332012 263481 473707 227945 332739 692382 513741 382285 811504 171165 208291 541597 606662 607096 610803 800514 158278 485394 631370 342726 714835 202060 591633 347376 419237 500571 658163 668726 562830 528994 761370 490658 606048 194093 614271 759979 519815 586108
615741 548420 528451 319865 222920 739936 720818 676256 495992 512423 261781 714510 481040 277342 222557 648779 139267 729447 691795 526868 712540 212049 612440 398649 490512 474623 354453 400023 745760 455708 240607 247683 406813 515388 607175 284870 539273 999999999 611095 418665 83768 605305 223572 265269 147480 812389 415980 494860 850402 224056 270593 367657 230509 359492 721537 63676 288629 344179 323797 429233 855922 703570 363079 276090 630379 614376 764305 273403 808107 378783 344009 661876 613228 132303 154886 67897 77179 395310 492793 740721 790611 312311 323237 633045 117110 286878 145782 243984 195466 282352 659094 574987 668726 65162 436410 401873 104459 281196 248474 410822
143781 769519 924514 674632 834011 749301 197577 180794 124656 176478 349827 482931 208140 518658 796435 455584 559806 746064 637984 890317 761026 416216 149514 219252 335333 147399 258825 888421 276930 417540 847263 535420 226532 911217 1027626 845133 71845 611095 999999999 373178 694570 217288 774272 728407 577409 477336 214274 145117 497079 479117 402001 770892 817992 841601 672267 547422 801547 388275 762993 389856 662364 678172 387823 335324 493440 231016 300756 760357 504043 435152 880540 135066 205396 611930 676155 678926 682456 864809 201217 485741 640272 404096 779645 189870 662669 411139 490416 566368 727337 734149 585604 561356 799196 562116 658111 255973 685796 828892 583913 639659
474458 839283 904076 653215 611219 930944 371164 532350 334428 415881 249770 753874 412829 520040 519918 702581 461485 923673 839818 888041 923605 226530 476296 216220 77404 244169 277234 804198 363027 562379 646098 513716 336710 890140 996152 702909 322357 418665 373178 999999999 491884 518438 638472 649283 305916 795055 193254 363138 823866 199262 401403 733931 549990 759459 875802 370073 695437 455895 424469 523230 934373 870181 471212 248388 717181 236881 653275 441349 811022 523066 567044 493516 515193 343009 553022 473026 494140 792642 172837 768389 890259 443796 710127 516374 403357 428171 274439 244506 602766 662859 790632 730178 922026 407899 711687 141594 441067 697243 551346 685596
695661 557545 501199 327685 139767 770369 803639 755431 578649 591774 345493 774129 559423 324342 172585 708191 188205 759426 733193 507539 738908 294077 692118 482402 565786 558383 437341 356393 826772 515342 158052 292166 487753 489079 569741 223344 622772 83768 694570 491884 999999999 681763 174381 248438 198171 877433 499486 576443 915901 293389 342211 353701 169669 321613 760707 147270 247591 411153 319911 492529 906030 740650 428997 359766 685224 695058 839839 260352 870630 437287 300723 742610 690367 169519 143714 18876 26833 358094 575008 801346 838498 379216 298668 711133 123547 354958 224524 291956 163269 266346 704884 619338 685067 138107 457176 484124 85698 225822 279454 433639
76524 599607 787071 560089 818152 540081 411537 93816 184507 107396 379237 265993 128172 418879 819461 239821 509624 537917 426695 746115 556546 461789 69780 307906 506092 278300 283682 786543 493443 253812 816678 445530 214192 774906 890010 779496 216148 605305 217288 518438 681763 999999999 711992 639140 624329 278018 325880 155721 305513 551227 341912 653814 833270 742403 459815 545932 719412 287804 836950 242171 446933 468170 276408 366167 281491 440184 159697 817809 298141 303709 925071 116986 15551 651615 619097 670235 662736 758259 369819 270540 422984 316187 679343 43755 689007 335511 525116 646566 664097 639809 375084 364146 606251 543958 505552 378008 699916 758648 490173 493220
743426 428926 331647 218952 189623 670880 911832 797066 650872 640109 445073 742291 604167 299228 312411 678257 214466 659401 657524 344154 632747 419826 738557 581398 707598 654243 518416 182018 947175 497101 147695 269048 550686 320332 395624 70929 704812 223572 774272 638472 174381 711992 999999999 111805 365614 858768 604912 639551 897731 447200 378804 203843 293326 148707 679232 268687 74834 424277 487005 486635 845292 655451 436950 457243 643843 818327 861044 424526 844345 423269 433960 794202 723481 341141 98150 190075 157998 184975 691374 771489 774209 396055 139496 748244 297917 378690 364098 461799 48034 126347 640272 555457 563154 233866 355811 602153 258912 59023 230582 338634
679195 320045 263775 108607 298609 559076 882996 728359 603754 579066 427032 642593 542342 220408 408616 580001 189825 547597 547682 262245 521085 423035 673707 554887 711739 622676 482860 162510 927391 407640 259408 196215 501876 250505 348309 156021 662286 265269 728407 649283 248438 639140 111805 999999999 412454 762343 582039 587200 801128 473198 326453 105326 394046 115381 568518 288401 81611 354292 568206 403274 737258 544399 363293 436803 542292 803205 781023 508699 745459 339221 534414 730993 651850 396315 110851 258758 224533 144887 673794 672127 665797 330410 60937 678146 365815 318683 383250 508416 88942 17908 532583 448730 453246 246427 244418 588948 332819 130870 149353 228258
616470 683043 675874 459202 305893 853024 649320 679547 479307 520669 245785 781326 496183 385477 223478 717656 262109 843196 791525 673404 830463 165482 614754 358463 382646 430934 344554 545334 659150 531061 344018 361525 411019 662771 754208 420673 507516 147480 577409 305916 198171 624329 365614 412454 999999999 864106 364982 488696 900228 109993 330766 513823 249907 505990 823883 139727 434068 409618 220484 497832 939040 809018 429684 259530 709119 527709 782896 193539 866276 460760 305244 655837 628879 37709 302336 179849 208463 542034 420606 804701 878563 380854 470706 643434 97625 355093 100016 96743 341820 429362 752886 672968 796583 179738 564463 334142 135554 420921 375696 537851
337088 596039 824858 660796 1002463 418143 653196 299104 462287 379451 628940 126687 387734 564569 1034666 183104 690429 422077 316032 775986 455162 711202 332766 581442 784054 556313 543439 878722 738921 365022 987663 596991 473318 815758 919048 917029 491446 812389 477336 795055 877433 278018 858768 762343 864106 999999999 601874 432015 38985 806829 543533 738064 1042161 842159 332795 761287 842935 468210 1083340 384920 216196 355413 449436 617914 228165 707916 197257 1055526 39483 442621 1151267 345440 283717 885839 780274 870047 854149 846504 647362 98045 233807 500097 783999 290467 912904 525537 764412 901782 814294 756634 285828 340916 540107 747354 554536 653836 914856 892646 629069 555864
287233 705728 812877 555004 636483 760558 307399 347975 143434 222628 159921 562844 221037 403143 586359 514002 396379 754321 662578 787639 758713 209006 288207 31977 195862 66888 113162 744409 345380 391669 656388 408126 152651 798955 912239 675162 147913 415980 214274 193254 499486 325880 604912 582039 364982 601874 999999999 170230 631013 264865 274202 646656 609634 697374 698735 353581 645405 303607 549563 353550 744551 695968 314281 147733 532819 223373 466265 546095 617824 368713 666679 313572 323381 400420 508404 482439 491316 725868 94544 576346 703511 302112 639560 326652 453549 295344 283410 352799 560977 591682 611727 559197 770205 376728 580889 52129 479922 662744 453889 557055
128070 628649 779402 530017 716017 631726 330383 191276 35285 55247 244491 400938 70926 374511 696608 358515 426085 627152 525281 745404 637907 323282 126923 152788 355316 128036 144957 745894 399979 280619 723511 392582 89727 766100 882509 710003 94342 494860 145117 363138 576443 155721 639551 587200 488696 432015 170230 999999999 460806 405609 262237 626343 714322 699308 560926 431996 662172 243213 693903 249565 584038 562760 242810 230160 385909 316225 302166 680310 449147 291027 793465 168497 153957 519350 541992 562384 561299 721567 223179 411731 549139 259933 636936 160571 563184 268650 392722 499933 591962 592118 472874 435692 667068 439731 514594 222343 580157 692452 440973 495495
359785 630312 860475 699323 1041261 443279 667020 316867 489970 409380 663574 163209 419770 603517 1072563 221550 729057 447946 345282 811335 482214 746088 355990 611625 810239 583264 576480 916616 752927 403922 1026610 635924 506106 851576 953842 955896 515729 850402 497079 823866 915901 305513 897731 801128 900228 38985 631013 460806 999999999 841131 581149 775983 1080328 880343 359419 798854 881653 506258 1119077 423456 225535 383252 487609 652280 265367 728093 206234 1092043 64563 481454 1188674 363239 309794 922443 819231 908386 892709 884324 672851 133840 253757 538183 822401 313729 950231 563524 800407 936271 853276 795325 318387 377030 569766 785414 591872 683101 952655 931483 668053 593686
533321 708315 735279 498128 412581 847894 540263 596432 391016 444508 178233 736376 425145 392512 332205 675700 296455 838943 774014 725999 831091 98610 532486 263544 274832 331719 267632 620051 549166 500573 446841 375961 337810 721638 821195 508743 411349 224056 479117 199262 293389 551227 447200 473198 109993 806829 264865 405609 841131 999999999 304498 567210 359568 577321 808263 184963 509258 379037 288563 463732 904306 796719 398410 188914 675151 417722 706305 281241 813461 439518 402420 568432 553686 147701 369025 274513 297349 612101 312608 757173 848848 355265 533802 564902 207195 331967 91055 95462 415606 488547 730715 656609 810073 226789 583453 228767 242980 505169 402651 556444
365663 439680 540239 282868 476763 545175 561658 421533 277347 261712 152228 452368 226265 128958 491791 387871 168809 536612 469632 513650 531308 208517 361099 243523 442833 302866 164141 487179 613207 200563 474984 136989 175497 526397 640878 448777 336083 270593 402001 401403 342211 341912 378804 326453 330766 543533 274202 262237 581149 304498 999999999 376899 501101 440178 503776 217759 400102 78892 550858 167186 608493 492374 98953 153100 378454 496865 498440 516415 541542 135028 607853 415897 351661 347200 282295 332161 321888 464739 368742 476886 549183 51103 378852 374416 369749 27974 235957 389819 330922 332644 427193 352112 521622 206425 312515 296674 371663 430599 184885 287257
703455 229038 170150 96358 393304 483546 938361 746379 647576 609298 499295 613512 572781 252505 511466 555357 273452 471966 490094 159756 441709 507819 697364 617409 791973 679705 540314 140667 989440 405955 348016 239964 547005 156209 265889 222614 709089 367657 770892 733931 353701 653814 203843 105326 513823 738064 646656 626343 775983 567210 376899 999999999 495115 107241 505820 384376 141602 383931 673521 411714 684483 479749 387734 507121 511170 869955 783358 613863 716439 350722 635864 755430 667787 499568 214995 364068 329855 108739 740539 643241 612484 366859 66403 695431 470835 362149 476284 608886 192424 87432 484129 405843 364193 341704 187694 660212 438141 197448 192909 182386
838779 712885 620094 486893 118346 936285 899167 900485 710885 737084 471743 941667 707330 493865 34251 875757 356677 925192 902325 636616 903145 401982 835987 599224 627385 673997 570153 458287 908064 682577 175157 461784 628988 609778 669998 307366 746716 230509 817992 549990 169669 833270 293326 394046 249907 1042161 609634 714322 1080328 359568 501101 495115 999999999 436018 929383 287390 365623 574114 225749 657988 1075660 908856 592731 486378 854138 777017 992749 163106 1036883 604785 140775 882737 840502 212418 303626 173457 195790 470401 670118 968483 1008165 542163 432459 859118 156131 516982 327596 309959 305215 411259 874505 788905 843990 295096 620719 582526 134221 322866 448191 598355
786667 326719 184261 185121 323830 586774 998216 833381 717031 688430 541864 718443 651650 327416 457829 659124 303719 575218 597135 203132 543544 534207 780928 670268 823786 737898 598002 47178 1042740 501099 271736 306766 615195 173761 248792 135350 776260 359492 841601 759459 321613 742403 148707 115381 505990 842159 697374 699308 880343 577321 440178 107241 436018 999999999 612280 392882 74122 462236 635613 502247 791664 585959 469295 551857 616260 918288 878379 572929 821544 439106 575230 838659 755734 484668 208306 336189 302793 36487 788951 748192 719670 440501 63169 782712 444938 430739 489241 602731 164178 107535 591301 512476 460727 352557 294732 703643 406876 114641 258510 287988
536312 305282 541059 460314 856410 86929 869361 534716 596120 509199 644537 225813 491564 444544 932842 222132 582405 89545 36157 490206 122807 711544 529493 668914 894282 682310 598835 637529 948828 314352 824930 473890 546084 535079 623010 720084 650692 721537 672267 875802 760707 459815 679232 568518 823883 332795 698735 560926 359419 808263 503776 505820 929383 612280 999999999 691304 638341 430932 1037821 353432 187528 27967 412529 639920 178878 877032 486430 993375 295985 368748 1060166 572076 474053 832285 629663 760411 734104 604689 776599 244514 119852 453035 566446 497513 837462 476451 736089 892184 644771 556473 88063 151781 214678 660984 324621 742907 823920 694196 481292 340602
553867 543743 551180 322272 286596 716475 659433 614835 432538 451062 198237 668010 420459 248623 275254 602773 122608 706424 660004 543896 692494 153466 550733 335506 438971 411410 290932 436286 686761 411084 302887 222992 344462 537637 636242 334735 475602 63676 547422 370073 147270 545932 268687 288401 139727 761287 353581 431996 798854 184963 217759 384376 287390 392882 691304 999999999 326247 294519 346518 381729 816323 675129 314103 212496 588190 555958 705367 304350 758974 336303 390167 599443 553332 141385 184676 131550 137746 427388 432512 693313 753053 263297 348899 572430 152671 237265 96562 228359 233022 303991 624028 541849 656931 42714 424740 341729 154954 327618 236030 398145
