NAME : synthetic_000567
TYPE : CTSP-D
DIMENSION : 100
GROUPS : 8
RELAXATION_LEVEL : 1
EDGE_WEIGHT_TYPE : EXPLICIT
EDGE_WEIGHT_FORMAT : FULL_MATRIX
EDGE_WEIGHT_SECTION
999999999 51250 363391 696382 357201 159732 672994 418052 384246 803418 575431 766625 261010 710758 391129 179233 158643 651569 573048 720931 922686 467952 703955 337841 744523 415587 733917 696784 393474 929117 563261 907285 249834 588054 623883 235548 314864 318697 525517 430632 817346 934508 549685 670715 636889 829096 844792 909301 796255 787482 910177 206080 636918 824414 557313 615090 440222 934961 874731 824624 363233 821318 747169 310863 604790 565208 746121 526588 442836 772421 385195 535515 880139 568571 765223 337711 771322 102839 410423 619441 766309 129275 604326 737761 371197 770320 256854 40258 894335 54072 939671 822129 129963 831991 928069 628728 444582 708373 629183 587362
51250 999999999 312435 645137 349173 188795 632166 415147 365835 755480 537605 716351 274708 660014 342367 205241 154056 603091 523356 672331 874985 417141 676414 296220 693339 383846 683259 646515 343758 879226 525983 856654 248505 564829 573107 229746 264520 280261 474817 382659 769436 884471 510107 619579 589164 783201 804162 858639 764641 739165 860399 171550 595454 773164 516660 581836 390403 888469 829362 786002 330933 771123 701328 278948 555028 522717 695629 499702 391655 726881 364872 518929 831522 526455 713997 287892 738503 128245 359899 568231 715078 96830 587049 687039 370172 728234 221244 20201 843932 39363 897223 771238 91948 794874 880197 584858 415262 686976 580878 567361
363391 312435 999999999 335768 419534 469834 467870 491191 372219 460285 347180 430813 501955 347854 149260 477535 342763 351555 218712 373599 579793 105040 546702 234016 382032 290880 391633 336406 127219 595947 342587 562503 391650 483094 282467 408082 103721 196021 192672 184356 515276 599038 379466 317748 349875 502967 564149 563944 595899 481214 579052 232419 364074 464552 304163 422153 149579 601559 551920 562558 326568 485495 476069 246497 286494 358807 406815 405784 81987 451246 359961 490876 530572 365900 407534 113806 563075 415425 52143 257702 404755 290901 541376 374923 468269 480733 267775 328102 532774 322566 639735 473373 275889 582452 583773 332528 328491 599138 287075 507204
696382 645137 335768 999999999 702254 784290 430952 763685 634517 272275 448543 163660 788673 86903 344173 787644 672311 226510 186672 211648 359557 236895 645884 456478 54437 520800 120628 121748 328346 301162 455748 248220 705647 649199 119490 687358 391320 484019 194309 327628 299682 299545 433551 59151 253304 352785 493024 248441 633326 268458 290275 558504 392093 128820 400531 527374 287570 405295 395497 523447 530754 202190 334001 534551 183107 382707 138737 585937 254297 334137 619653 699208 296821 389739 75725 375847 599915 735850 296122 78576 70540 606575 723949 98641 754754 421413 535900 659309 236047 657873 512871 158868 594071 557085 358151 339434 545575 730278 217026 685793
357201 349173 419534 702254 999999999 513561 875472 74338 79411 677639 356465 832818 618010 672228 546171 534407 198638 770336 522058 618455 781498 480842 392718 569384 732211 195346 789549 641357 531520 994033 341768 948998 111425 264135 687873 578380 462711 226528 608529 588747 931323 994901 770277 706445 769408 666670 617900 949569 502331 896708 979396 221654 443430 822608 371238 349776 565314 772578 700613 580554 637934 885177 895565 174360 703198 762419 806874 231429 486850 610827 93494 189475 760478 768579 777836 489063 486722 459756 430772 628259 759420 433449 257445 694697 52640 565588 530529 365264 821844 313305 724775 858327 421177 574613 789620 465373 190684 370481 535230 249887
159732 188795 469834 784290 513561 999999999 668114 570411 543861 927203 725966 826182 118135 813063 448718 22227 316388 694934 688120 841700 1047081 573473 862714 358799 836092 571968 799969 805191 459431 981150 714512 970155 403710 747716 694440 152865 393351 468783 597610 479464 852020 988293 543914 749083 674591 961339 990580 972684 952939 826139 961122 360013 781444 908117 703535 770476 504514 1064604 1008622 973833 341935 878848 768413 466967 661903 573133 809250 685464 540849 906091 544925 694623 999807 574385 846550 408716 927102 60606 521155 711704 854772 179588 763525 840083 522610 913275 266497 168606 999452 211607 1081522 891213 194024 983315 1051588 767852 602389 868096 752306 747020
672994 632166 467870 430952 875472 668114 999999999 949329 837191 701560 776945 325010 607180 515299 329350 658872 745625 204463 528261 631003 789050 459117 987102 335946 474019 757939 338874 542937 345352 406103 777383 435708 821971 943627 321375 520202 413585 661122 322115 287336 248726 417717 124890 372264 178343 779389 906353 439576 1008819 243783 386341 661523 756279 479446 726855 859239 318769 836092 824295 927334 326197 349422 146061 708830 259182 113606 330930 867472 428411 752164 825748 958309 726097 108165 431511 386777 974320 648768 479551 424100 469421 544429 1006362 529593 919842 826984 418312 634070 645189 665399 939985 404482 543129 957287 786925 707561 794820 1052798 598222 970955
418052 415147 491191 763685 74338 570411 949329 999999999 129213 719160 389205 898821 678782 728567 619984 591844 261703 840951 580552 665938 817569 547788 385147 643523 790928 246065 855013 695949 604981 1058554 374873 1011449 168253 257113 755311 644894 536857 296344 678459 662395 1000535 1058957 844570 771028 840842 700582 636015 1011856 499115 965783 1044450 295653 477906 881310 411964 366871 638020 804096 730912 594295 711176 950475 967185 244826 773070 836385 872634 246500 556183 646488 144172 168887 801389 842589 838899 563123 488299 519327 499779 691360 818387 502672 229067 749935 48219 591824 603142 430061 870222 377861 743751 921060 491066 583915 826120 506134 231149 345456 586758 232646
384246 365835 372219 634517 79411 543861 837191 129213 999999999 598910 277239 770995 640271 599887 509081 563460 229835 718115 451414 541293 702161 421154 331390 547511 661818 118439 726927 567777 491876 929968 262533 882363 163514 207246 628649 588994 430155 176424 554890 550024 875379 930218 738369 642602 719647 587259 541017 882747 436229 840501 916076 211087 364030 752217 292100 274765 521252 693207 621326 505269 623614 822251 846155 128963 649161 725553 744689 160235 432182 531440 15108 153332 681682 732152 709700 455047 417886 486524 375612 562499 689253 438993 221214 621581 128952 486894 521062 384135 745165 334541 647428 792036 424840 501174 710311 386352 111275 324593 459759 203183
803418 755480 460285 272275 677639 927203 701560 719160 598910 999999999 333551 419480 961542 186364 543279 936287 725399 497706 242998 87535 119881 362915 471193 658724 239272 482997 383926 160939 520665 505415 347014 435953 723147 524839 381779 865519 553329 510497 419935 544407 557235 498163 690342 329818 523237 83416 239011 433834 419378 529983 503402 617322 246184 288218 307412 385138 494814 145811 123227 281511 746077 439088 604644 547336 446122 642594 399374 487192 402530 92784 584338 601243 82926 650111 298237 549739 390850 870486 408167 286183 255504 749968 600149 175133 727791 189718 718502 773755 172512 754234 241053 374741 734412 317642 124729 213068 489136 565567 175017 564873
575431 537605 347180 448543 356465 725966 776945 389205 277239 333551 999999999 608016 795057 386767 491628 741067 454387 606606 269675 293577 428367 318583 210362 580103 457238 174542 562724 348199 467435 747648 14712 688447 423861 203636 491320 716666 447286 257368 455920 518769 735366 744733 711365 478686 619392 311594 274164 687816 249080 701198 738078 369454 88781 542595 50809 82956 472446 416417 344168 249364 671855 650572 737873 269565 535794 680095 581560 154222 353495 257313 263937 269864 414491 687849 515810 460794 216929 665376 312183 396162 484358 571797 279951 401476 403369 211119 598329 557785 494544 521447 376681 603982 555100 257364 436945 124952 166399 284717 235427 242291
766625 716351 430813 163660 832818 826182 325010 898821 770995 419480 608016 999999999 806899 244978 379718 825161 772949 146531 340016 370998 484996 352121 808456 471630 180704 662728 45477 283130 373798 165235 614256 144149 820457 805822 148350 706251 451834 607693 243151 346718 138359 169017 371744 131068 175429 502613 650457 146843 796823 110692 148305 663189 555165 156998 558845 688247 326998 536788 540771 683778 523687 55054 196504 659833 164374 319255 26760 739362 352071 491471 756606 849952 423159 324147 121996 429176 763491 785991 405354 214512 164742 658415 879351 247010 884425 582179 561907 727103 327134 736634 659291 80956 649016 718050 481152 502446 691175 891458 379929 841255
261010 274708 501955 788673 618010 118135 607180 678782 640271 961542 795057 806899 999999999 829115 444602 96327 419373 667148 718741 874361 1080547 599562 948169 336960 842353 653367 786351 826881 460751 953100 784860 950562 510695 839103 687394 101634 409910 542330 595506 466418 813652 961446 487306 746584 643336 1004255 1049931 953448 1031624 791232 932593 442359 841377 906334 766862 847529 501397 1103506 1052871 1038348 290585 856852 722489 549658 645608 524685 793128 772485 562160 951292 639556 793083 1029005 524393 844052 418193 1003815 159726 554044 721693 858016 223550 861435 855583 631614 969550 252775 256139 1014766 306377 1134799 877937 240279 1051163 1084093 821334 686746 961562 789025 842069
710758 660014 347854 86903 672228 813063 515299 728567 599887 186364 386767 244978 829115 999999999 390191 818636 667095 311342 151870 126157 281058 242903 574842 505998 71458 482628 204618 39895 370717 363844 395780 302136 689039 590166 196893 729131 421664 465167 249766 381907 382924 359904 509424 143487 337029 266053 406954 301357 554113 352893 356268 553001 321001 156507 342015 461577 336109 323456 309418 438903 587004 275980 420886 512713 261582 460144 221793 532320 272299 247878 584797 647900 219609 467478 133270 411018 521314 761012 300572 111939 97849 633543 666159 27097 724822 337210 577899 675928 186494 667781 426347 220957 619656 473080 280848 269386 502652 662468 151467 628213
391129 342367 149260 344173 546171 448718 329350 619984 509081 543279 491628 379718 444602 390191 999999999 449457 427869 260754 306860 456535 657604 192600 694628 116261 398051 437715 351501 393988 24876 539530 488245 522932 497161 632087 246034 343203 87051 334008 151145 43764 427549 545531 231615 302862 247960 600972 686262 525303 738550 396881 520223 334805 497487 462733 445945 568955 56879 689007 650481 691628 203270 433560 365863 380294 215704 216711 361441 554708 150403 555712 498126 636378 601008 223167 400584 59751 705066 406483 179745 279801 413415 278717 689038 415800 591016 602074 191908 351026 573355 367550 750199 442556 269653 714820 659637 458887 475889 748389 384640 655445
179233 205241 477535 787644 534407 22227 658872 591844 563460 936287 741067 825161 96327 818636 449457 999999999 336792 692063 696172 850376 1056119 580405 880737 355593 839879 589038 799973 811796 461253 978670 729821 969266 424862 766647 695477 140177 397684 484246 599325 478675 847413 986049 535189 751086 671018 972012 1004207 971866 969881 822155 958528 376787 794983 910502 717583 787012 505707 1074641 1019576 988353 333143 877392 762233 484087 661124 566041 808798 703626 546780 917122 564231 714653 1008026 567004 848717 411797 943695 77593 529196 715968 858024 186636 783502 845593 544111 926296 263741 185171 1005121 230108 1094141 891420 201913 998421 1060456 780217 620014 887421 761596 766540
158643 154056 342763 672311 198638 316388 745625 261703 229835 725399 454387 772949 419373 667095 427869 336792 999999999 680541 517916 650111 840982 435439 557313 416559 713686 282866 734340 645198 420786 938182 440807 905112 94449 436497 624760 383560 341063 215100 531533 471477 847901 941541 629425 659714 672397 736993 728490 906494 656040 815108 920942 114258 527382 800487 446805 480545 463502 844949 778987 701781 469368 827806 793414 186004 621988 632613 749318 380853 423758 679266 232806 378566 806409 637574 746363 368203 633821 261368 376418 593796 738564 245694 447541 692976 216208 660673 358418 168388 840776 116199 829325 815628 236116 704570 847578 530081 305220 554262 558368 432573
651569 603091 351555 226510 770336 694934 204463 840951 718115 497706 606606 146531 667148 311342 260754 692063 680541 999999999 342969 429611 584869 303466 815930 336470 270276 621627 143754 340418 261949 286808 609487 285827 740269 789933 122170 567676 343038 544608 163441 221206 167659 294638 227135 167988 30059 576467 708208 289004 824932 136165 266548 577939 573096 286108 555797 689524 217325 631638 620689 732581 380310 191261 132033 596302 71517 174269 141544 717140 286107 551834 704826 819144 521935 179736 232299 317272 790537 659174 342626 226895 267605 535030 858657 325148 819631 631052 428527 611383 445426 627980 737063 225899 527606 764004 582917 522042 655069 889756 405967 821485
573048 523356 218712 186672 522058 688120 528261 580552 451414 242998 269675 340016 718741 151870 306860 696172 517916 342969 999999999 155641 361812 120093 475613 420095 210420 335793 294551 127290 283055 487536 274983 434359 537258 465809 223768 622522 310388 313418 210231 315244 465692 486166 485903 209604 359388 294436 388006 434394 482563 431538 475965 404348 230224 300838 219670 351481 264258 386761 343984 402231 509926 385303 472184 360859 274393 445141 313352 400283 160659 249158 436400 512786 311867 453031 260114 307671 448097 632813 166996 126578 237839 509541 539556 176429 574697 305054 475941 540576 324066 527052 444162 345524 494381 430515 365481 179838 359273 554324 78224 501428
720931 672331 373599 211648 618455 841700 631003 665938 541293 87535 293577 370998 874361 126157 456535 850376 650111 429611 155641 999999999 206258 275429 462628 571696 193205 423221 330723 90261 433696 480830 305216 415031 654691 494964 309634 778102 465857 436649 337511 459024 509057 475490 611316 264584 453184 150672 281407 413632 431900 479017 475357 539773 214738 264150 257347 359027 409007 232635 198628 312785 659582 399802 544774 477041 372546 565087 347950 446743 315001 122823 526355 563004 159210 572751 255918 462215 399924 785495 321559 208562 216005 663873 571454 126974 669918 211264 630967 690274 204318 672724 310100 340998 648464 347115 210184 168769 434854 553735 92321 534443
922686 874985 579793 359557 781498 1047081 789050 817569 702161 119881 428367 484996 1080547 281058 657604 1056119 840982 584869 361812 206258 999999999 481256 530012 773622 315228 589224 456691 265989 635648 537133 442707 466453 834037 604296 476703 983972 671627 625885 527325 655786 617489 527717 790340 418706 612449 118545 252296 463535 455609 594575 539684 734455 339681 334866 410636 465749 607230 55721 106485 304928 859348 492487 678987 660346 541323 740651 469321 577525 520102 171115 688031 687234 62957 747890 364361 667057 433234 990355 527715 390114 322962 869752 676686 261954 830186 242310 836081 893353 172195 873140 200800 425074 854230 339268 9891 317527 591083 624796 294877 643926
467952 417141 105040 236895 480842 573473 459117 547788 421154 362915 318583 352121 599562 242903 192600 580405 435439 303466 120093 275429 481256 999999999 528278 302480 280063 319065 309385 231822 167966 514637 318443 474222 472202 488959 207562 502731 190431 255649 142261 208793 454886 516244 395119 228414 310497 413149 493746 475246 557828 419920 499346 321766 309906 365314 269173 400403 158954 506845 462657 500439 393692 405009 434943 307735 232387 361761 326374 414805 42307 365309 407145 515692 429587 369551 311063 187833 523653 519859 59427 158359 303990 394039 556032 269953 532332 409576 355853 433033 427765 425827 558788 383672 379467 524884 484620 268092 351770 594373 195170 519201
703955 676414 546702 645884 392718 862714 987102 385147 331390 471193 210362 808456 948169 574842 694628 880737 557313 815930 475613 462628 530012 528278 999999999 774392 646289 295447 763740 534991 671087 938630 209847 875386 494261 129205 699044 881529 641509 411187 666280 724513 939506 934400 918715 681696 829360 415877 293652 874267 115142 905869 931003 505966 254184 725439 260908 127880 679740 497371 425905 241755 863894 847484 946711 398515 745435 889072 782480 177385 561867 379210 325718 216943 539599 896774 707651 658229 112537 803154 517263 600817 672100 730986 171424 584550 420757 289057 779949 696159 643564 651146 395543 795724 714899 219215 539810 306604 261451 95040 428858 154121
337841 296220 234016 456478 569384 358799 335946 643523 547511 658724 580103 471630 336960 505998 116261 355593 416559 336470 420095 571696 773622 302480 774392 999999999 510765 497669 449584 510250 138074 623126 574698 615714 499753 697741 351004 235536 133153 383172 262169 130012 493880 630615 214695 411280 315794 714526 792757 618463 829148 467443 602955 347923 597052 570528 538063 652602 170215 804313 764075 794451 92811 522906 414444 420779 309024 227407 456839 620816 260390 667719 538957 688145 717235 230733 508252 120580 796598 326421 277253 395052 524518 210682 746838 531378 607915 708683 92350 298511 688139 329787 861188 541230 207898 815504 775746 562519 536495 818620 497095 716163
744523 693339 382032 54437 732211 836092 474019 790928 661818 239272 457238 180704 842353 71458 398051 839879 713686 270276 210420 193205 315228 280063 646289 510765 999999999 545788 144912 111300 381741 292386 465896 231220 742244 660333 171709 741136 442781 518975 248615 382039 318957 288506 484040 108859 298512 322146 470231 230580 624042 290889 284923 599489 392455 90426 411672 532749 341580 363723 361463 504997 585162 206598 366919 568270 233779 432541 160102 601079 301687 311529 646795 716141 252284 439369 62760 428219 591516 786833 339455 125305 27677 657794 736118 66807 784847 404100 589591 708030 182500 704596 479889 149630 644961 539770 312927 340779 567772 733873 221825 698094
415587 383846 290880 520800 195346 571968 757939 246065 118439 482997 174542 662728 653367 482628 437715 589038 282866 621627 335793 423221 589224 319065 295447 497669 545788 999999999 617996 449892 417255 818904 160298 769015 249808 200626 524240 586269 369066 118064 458554 475005 773254 818564 669264 532782 626320 476519 447942 769234 380984 738247 805775 212343 255648 636048 178897 199783 439178 583771 513460 419202 582634 712622 752175 105002 551042 649663 636149 125022 337037 419685 103385 200426 565909 656776 595404 390469 355741 511733 281647 451088 573345 435558 251497 503873 246707 385055 490917 403872 626891 361762 551207 679194 419509 421769 597058 271858 38834 323320 341342 219002
733917 683259 391633 120628 789549 799969 338874 855013 726927 383926 562724 45477 786351 204618 351501 799973 734340 143754 294551 330723 456691 309385 763740 449584 144912 617996 999999999 241687 343292 205457 568883 173404 779520 760353 110586 685084 419234 565019 208451 321714 179063 207732 370393 85707 173812 466457 611433 175384 753803 148298 189969 623583 510772 142572 513473 643117 296858 506905 506352 643290 507966 95652 222605 617048 140831 317485 18836 693913 311670 452319 712471 804627 394104 323203 93274 397806 720307 757736 363822 169082 133729 629218 833876 209429 841326 541399 538068 694766 306407 702078 624741 91673 619084 677199 453555 458044 646147 846346 335567 795779
696784 646515 336406 121748 641357 805191 542937 695949 567777 160939 348199 283130 826881 39895 393988 811796 645198 340418 127290 90261 265989 231822 534991 510250 111300 449892 241687 999999999 373009 403657 357546 341512 662737 551771 221900 727965 417335 439275 261531 390098 420567 399616 529496 174454 364723 236463 371600 340652 514741 389900 396159 531627 281236 194403 304283 422242 342134 303647 282054 401746 594307 315512 454514 485370 285812 481657 259304 495145 265539 213068 552670 611050 207400 489180 173130 409149 481819 751660 286841 125569 137363 625670 627915 54441 693834 299763 577697 663112 197774 652088 397048 260848 611225 435524 267122 229787 468382 622805 113619 590048
393474 343758 127219 328346 531520 459431 345352 604981 491876 520665 467435 373798 460751 370717 24876 461253 420786 261949 283055 433696 635648 167966 671087 138074 381741 417255 343292 373009 999999999 535650 464236 515910 486720 610301 235512 359789 81089 316019 138179 58252 429545 541132 252300 289834 251846 577368 661529 518132 714066 397918 516710 323796 472644 449337 421501 545133 46817 666288 626899 666762 226872 428233 373031 363486 211319 233958 354282 533001 125715 531662 480553 616587 579608 240749 387475 55895 680532 414947 155350 261399 398201 286041 668251 396659 577340 577337 208154 353696 554992 366760 725978 433549 275798 689946 637858 434020 455186 725873 360645 634300
929117 879226 595947 301162 994033 981150 406103 1058554 929968 505415 747648 165235 953100 363844 539530 978670 938182 286808 487536 480830 537133 514637 938630 623126 292386 818904 205457 403657 535650 999999999 755544 70760 984893 949586 313498 854158 614897 770164 407953 503626 157408 12785 488446 287625 309765 587142 744401 73599 912485 167460 20695 828262 684839 218375 700617 824542 488896 592649 615930 785015 664329 110460 260108 822095 324366 440020 189315 887078 516746 590618 915351 1000290 482320 442836 231950 591415 880728 943773 569268 367859 266618 817703 1024690 355027 1045996 687214 714987 889337 365013 900525 731100 143675 809124 820784 530685 633073 845270 1026149 512960 986547
563261 525983 342587 455748 341768 714512 777383 374873 262533 347014 14712 614256 784860 395780 488245 729821 440807 609487 274983 305216 442707 318443 209847 574698 465896 160298 568883 357546 464236 755544 999999999 697006 409408 194438 495297 707430 441675 245740 457108 516357 740487 752834 709713 484439 621629 326095 287971 696443 255279 706180 745668 357200 103033 551922 55411 82009 470685 431057 358855 262056 666121 657530 741029 256386 538445 679352 587717 141714 352275 271615 249225 257808 428213 687071 523894 455899 223877 653909 309302 401560 493145 561810 270392 411132 388744 225716 590876 546175 506941 509236 390923 611932 545137 268922 451247 137059 151690 280544 244314 232502
907285 856654 562503 248220 948998 970155 435708 1011449 882363 435953 688447 144149 950562 302136 522932 969266 905112 285827 434359 415031 466453 474222 875386 615714 231220 769015 173404 341512 515910 70760 697006 999999999 946417 891422 283827 850102 592531 727864 381855 490715 194498 62315 503401 246077 312705 517253 674955 4004 845771 192058 74909 793238 622418 150998 642590 763701 469257 521941 545427 716300 665813 94598 291462 779221 308252 452365 161640 831134 481392 522257 867549 945522 411571 456290 174475 570790 814404 929405 531141 320780 204292 801397 967081 290836 1001344 619306 706055 868081 294391 875381 660398 90789 791625 752183 460065 571271 793590 964136 453043 929016
249834 248505 391650 705647 111425 403710 821971 168253 163514 723147 423861 820457 510695 689039 497161 424862 94449 740269 537258 654691 834037 472202 494261 499753 742244 249808 779520 662737 486720 984893 409408 946417 999999999 368018 672440 477923 410386 223876 584261 540874 905959 987185 709430 700473 735109 723975 695411 947449 599725 872225 968699 163022 505115 831401 426829 434439 526184 831759 762382 663055 558425 874580 858976 178086 677553 708400 795644 323389 468405 666602 171453 299493 805725 713856 781072 437683 580971 351440 415819 628277 768407 339305 368034 713622 121963 634765 448091 262577 853104 210460 799998 855869 329027 661332 841415 517133 261190 479515 565659 357983
588054 564829 483094 649199 264135 747716 943627 257113 207246 524839 203636 805822 839103 590166 632087 766647 436497 789933 465809 494964 604296 488959 129205 697741 660333 200626 760353 551771 610301 949586 194438 891422 368018 999999999 680814 779332 567845 318087 631159 666918 928849 947038 862399 675199 799018 485970 392552 890872 242085 894184 939399 398329 281546 746174 248997 139851 627042 580566 506787 346005 783234 850417 921962 293899 718417 838893 779147 77436 515680 439020 203747 91850 601745 846284 718135 588081 231826 689203 464252 591798 687581 627909 76518 605112 291631 364380 690852 584030 692121 536582 499470 806055 612467 331271 613678 326543 162079 123889 438713 40037
623883 573107 282467 119490 687873 694440 321375 755311 628649 381779 491320 148350 687394 196893 246034 695477 624760 122170 223768 309634 476703 207562 699044 351004 171709 524240 110586 221900 235512 313498 495297 283827 672440 680814 999999999 585769 309577 461824 98497 221069 249566 316797 314367 63467 143764 458308 586619 285699 704019 214594 296624 514840 452971 219764 440675 573877 189927 520305 503833 610446 418573 203068 248598 514086 64711 264031 124640 610434 204078 431107 614570 717019 414387 271218 157619 289001 669699 650444 258243 104727 178981 521400 751850 214781 739036 508993 436186 584907 354166 591556 618825 198570 510728 641835 475825 401398 555015 775782 284046 714137
235548 229746 408082 687358 578380 152865 520202 644894 588994 865519 716666 706251 101634 729131 343203 140177 383560 567676 622522 778102 983972 502731 881529 235536 741136 586269 685084 727965 359789 854158 707430 850102 477923 779332 585769 999999999 312353 470892 493987 364821 717223 862259 397415 644973 544561 911030 964035 852941 958600 693736 833731 381559 756926 804708 685004 774502 399944 1008574 960003 955445 196325 756656 628525 485792 544424 431065 692096 708960 464297 859151 586147 742166 931375 431443 742424 318822 929405 156168 459814 621032 756577 151423 809082 755460 599768 882394 151636 215477 914395 267477 1045535 776710 166999 970266 987238 733590 621810 903021 694424 786393
314864 264520 103721 391320 462711 393351 413585 536857 430155 553329 447286 451834 409910 421664 87051 397684 341063 343038 310388 465857 671627 190431 641509 133153 442781 369066 419234 417335 81089 614897 441675 592531 410386 567845 309577 312353 999999999 258450 211081 130808 510627 620016 308538 359301 332560 601268 667593 594589 696366 478989 596210 248444 467670 516619 406046 519449 126756 696930 650577 666267 224578 506607 452375 301294 291058 300146 431268 490581 152250 551130 420082 563911 619238 306120 455782 27328 663989 344646 151951 318390 461857 215276 620005 448498 506334 584014 166441 275552 608102 286164 741538 508115 203103 685964 674888 436077 407838 687589 383594 588068
318697 280261 196021 484019 226528 468783 661122 296344 176424 510497 257368 607693 542330 465167 334008 484246 215100 544608 313418 436649 625885 255649 411187 383172 518975 118064 565019 439275 316019 770164 245740 727864 223876 318087 461824 470892 258450 999999999 382247 374253 704831 771559 564669 483185 544806 522791 526343 728670 489375 670194 754985 113934 319511 608524 239261 305212 344835 630568 565736 506142 466148 660652 671252 52274 476901 549940 582014 243072 260335 465139 164642 305687 591822 556655 559693 281977 461523 408177 204262 407690 545384 321382 363704 489821 277259 453352 372918 300449 631437 264927 622858 637081 305006 514613 632480 316833 156081 441228 345700 333682
525517 474817 192672 194309 608529 597610 322115 678459 554890 419935 455920 243151 595506 249766 151145 599325 531533 163441 210231 337511 527325 142261 666280 262169 248615 458554 208451 261531 138179 407953 457108 381855 584261 631159 98497 493987 211081 382247 999999999 133797 323204 412146 276820 151887 168392 487717 596816 383823 687079 288886 390128 423959 434857 311680 405511 538601 94268 564606 536107 612451 338396 298202 293662 434218 94670 234918 221242 557053 122729 450523 541516 656833 467587 242806 249619 190733 652600 552632 179289 137978 262727 423404 698215 273571 658445 514632 342973 486466 427352 493890 644850 297056 412496 640624 528104 387208 492481 735271 285128 661443
430632 382659 184356 327628 588747 479464 287336 662395 550024 544407 518769 346718 466418 381907 43764 478675 471477 221206 315244 459024 655786 208793 724513 130012 382039 475005 321714 390098 58252 503626 516357 490715 540874 666918 221069 364821 130808 374253 133797 999999999 386800 510167 195566 281328 206527 606518 700465 493272 763419 356889 483980 378425 518217 440518 471594 597808 51014 690114 655769 708961 205111 399586 322625 421526 182479 175707 330142 589740 168352 564046 538758 674579 597408 182504 378241 103496 729565 440221 207261 270037 394994 314387 725729 406417 634014 616518 216380 390405 561127 409070 759236 413343 306533 733672 657171 476852 512784 781458 393457 691519
817346 769436 515276 299682 931323 852020 248726 1000535 875379 557235 735366 138359 813652 382924 427549 847413 847901 167659 465692 509057 617489 454886 939506 493880 318957 773254 179063 420567 429545 157408 740487 194498 905959 928849 249566 717223 510627 704831 323204 386800 999999999 169152 336938 257855 180516 640505 788811 198496 932587 35009 137840 744197 687838 283243 685279 816937 384955 670520 677833 821827 523090 126820 102870 756963 228806 291538 161264 859442 444504 629806 861590 966578 556692 293288 259040 484715 898984 819817 500784 339269 301842 698289 1000662 385361 981510 720086 586125 777100 453254 795079 796290 193923 691768 855939 612972 635170 804463 1019966 513030 962821
934508 884471 599038 299545 994901 988293 417717 1058957 930218 498163 744733 169017 961446 359904 545531 986049 941541 294638 486166 475490 527717 516244 934400 630615 288506 818564 207732 399616 541132 12785 752834 62315 987185 947038 316797 862259 620016 771559 412146 510167 169152 999999999 498692 288521 318214 579554 737173 64735 906824 177958 31393 831194 680851 212140 698041 821125 494336 583301 607660 778282 673081 113966 271671 823388 330033 449915 192233 885164 519383 584077 915550 998730 473461 452863 228944 596808 875244 950386 571405 367786 262321 823957 1022322 350231 1046965 680934 722318 894810 355530 905332 722417 141076 815182 814123 521149 629280 844489 1022370 509717 984196
549685 510107 379466 433551 770277 543914 124890 844570 738369 690342 711365 371744 487306 509424 231615 535189 629425 227135 485903 611316 790340 395119 918715 214695 484040 669264 370393 529496 252300 488446 709713 503401 709430 862399 314367 397415 308538 564669 276820 195566 336938 498692 999999999 375429 197242 761986 873445 506944 952946 321037 467825 551971 703790 511912 663092 791503 239032 832242 809605 887654 202076 410123 238929 609412 250501 52909 368652 785167 357995 726851 727954 867957 728344 47597 455351 283323 918760 523882 401813 404195 486619 420732 920465 528787 812315 790905 294005 511152 664944 544331 920484 452217 420108 914765 789765 658962 707345 976944 561797 886598
670715 619579 317748 59151 706445 749083 372264 771028 642602 329818 478686 131068 746584 143487 302862 751086 659714 167988 209604 264584 418706 228414 681696 411280 108859 532782 85707 174454 289834 287625 484439 246077 700473 675199 63467 644973 359301 483185 151887 281328 257855 288521 375429 999999999 194335 409225 545454 247240 676764 224549 273475 547393 430150 159881 429059 559705 246042 464290 452904 573363 481154 179867 280610 534930 124993 324218 104308 608340 236071 387392 628052 718921 355959 331162 97737 340973 642874 703119 285065 83496 115599 573687 748477 157534 758465 471250 494422 632509 291046 635416 569689 155972 562169 606178 417274 377541 560602 762898 255798 710403
636889 589164 349875 253304 769408 674591 178343 840842 719647 523237 619392 175429 643336 337029 247960 671018 672397 30059 359388 453184 612449 310497 829360 315794 298512 626320 173812 364723 251846 309765 621629 312705 735109 799018 143764 544561 332560 544806 168392 206527 180516 318214 197242 194335 999999999 601134 730234 315987 841947 152003 289264 572265 589530 316137 568633 702342 209286 658593 645952 753205 355035 218145 126508 596019 85013 144424 171416 725272 289385 574857 706673 825074 549564 149782 261978 306103 807484 640529 345419 247806 296710 518010 866528 351858 817970 652075 408125 596638 474800 615380 761746 255329 511311 784091 610688 539120 660639 901241 425195 829674
829096 783201 502967 352785 666670 961339 779389 700582 587259 83416 311594 502613 1004255 266053 600972 972012 736993 576467 294436 150672 118545 413149 415877 714526 322146 476519 466457 236463 577368 587142 326095 517253 723975 485970 458308 911030 601268 522791 487717 606518 640505 579554 761986 409225 601134 999999999 159080 515000 350754 613011 585704 634210 223397 370827 297681 347231 555962 108073 49550 205671 804192 522473 686276 553436 521946 715669 482177 459330 454641 57739 573394 568692 125808 723316 381566 600855 325066 903037 451244 358874 338866 787359 558765 257136 714577 126823 767676 802251 241173 777900 160618 457939 771274 241769 127785 207472 475990 510912 218024 525674
844792 804162 564149 493024 617900 990580 906353 636015 541017 239011 274164 650457 1049931 406954 686262 1004207 728490 708208 388006 281407 252296 493746 293652 792757 470231 447942 611433 371600 661529 744401 287971 674955 695411 392552 586619 964035 667593 526343 596816 700465 788811 737173 873445 545454 730234 159080 999999999 672818 205233 759561 742137 640033 209238 526843 287570 269501 649581 210251 146290 53894 885209 674839 825965 543220 647238 831170 628270 390047 535864 159115 529298 483015 280521 839019 531793 673312 186900 930346 516451 482524 489792 827027 456514 403554 659667 84195 831203 824157 399316 791189 107763 612003 810358 86991 262114 231698 434488 385390 311688 429268
909301 858639 563944 248441 949569 972684 439576 1011856 882747 433834 687816 146843 953448 301357 525303 971866 906494 289004 434394 413632 463535 475246 874267 618463 230580 769234 175384 340652 518132 73599 696443 4004 947449 890872 285699 852941 594589 728670 383823 493272 198496 64735 506944 247240 315987 515000 672818 999999999 844165 195955 78403 794518 621433 149511 642091 762880 471506 519051 542926 714333 668895 97845 295389 779976 310795 455852 163918 830809 482749 520384 867919 945293 408856 459807 174379 572945 812863 931785 532295 321419 203540 803706 966578 289734 1001937 617511 708718 870133 291428 877225 657748 91627 793878 750239 457103 570370 793654 963159 452395 928525
796255 764641 595899 633326 502331 952939 1008819 499115 436229 419378 249080 796823 1031624 554113 738550 969881 656040 824932 482563 431900 455609 557828 115142 829148 624042 380984 753803 514741 714066 912485 255279 845771 599725 242085 704019 958600 696366 489375 687079 763419 932587 906824 952946 676764 841947 350754 205233 844165 999999999 900424 907255 593094 252688 694817 292631 184239 715470 415450 349131 151447 920934 830081 952248 485984 756945 918251 772051 276748 595816 327365 428771 331628 476484 926110 686749 709638 34506 892660 558814 600921 647729 810451 285692 558632 533223 229683 845842 784717 589813 742574 296461 772781 793958 120155 465492 302916 352226 191157 421460 269180
787482 739165 481214 268458 896708 826139 243783 965783 840501 529983 701198 110692 791232 352893 396881 822155 815108 136165 431538 479017 594575 419920 905869 467443 290889 738247 148298 389900 397918 167460 706180 192058 872225 894184 214594 693736 478989 670194 288886 356889 35009 177958 321037 224549 152003 613011 759561 195955 900424 999999999 146889 710721 654699 262453 651024 782924 352830 646853 651445 791574 501088 111416 99779 722353 194740 273147 131309 824612 409860 600453 826691 931613 533097 275702 232666 453366 866705 792527 466075 305276 275432 669778 965873 356721 946987 689653 559792 747270 433336 764140 769966 175535 662808 825423 590450 602084 769460 985861 480175 928053
910177 860399 579052 290275 979396 961122 386341 1044450 916076 503402 738078 148305 932593 356268 520223 958528 920942 266548 475965 475357 539684 499346 931003 602955 284923 805775 189969 396159 516710 20695 745668 74909 968699 939399 296624 833731 596210 754985 390128 483980 137840 31393 467825 273475 289264 585704 742137 78403 907255 146889 999999999 811452 676945 215300 690575 815690 470003 594991 615862 781784 643725 94342 240289 807015 305391 419340 173182 876014 500347 587162 901526 988704 483666 422172 223396 572527 875205 924032 553362 354743 259930 798187 1014223 348869 1031233 683202 694882 870342 367985 882033 731840 135311 789735 817399 533529 624910 832696 1017781 504058 976067
206080 171550 232419 558504 221654 360013 661523 295653 211087 617322 369454 663189 442359 553001 334805 376787 114258 577939 404348 539773 734455 321766 505966 347923 599489 212343 623583 531627 323796 828262 357200 793238 163022 398329 514840 381559 248444 113934 423959 378425 744197 831194 551971 547393 572265 634210 640033 794518 593094 710721 811452 999999999 433444 686497 353172 410473 363216 741588 678019 618750 417141 717802 695961 107618 516338 547935 639032 330171 312064 576746 206371 362630 697341 553654 632823 275628 567089 299620 263047 480059 624453 230296 428433 578968 260649 567277 311599 191625 727801 152038 736786 703363 215375 625914 740661 429547 244520 521763 447612 404885
636918 595454 364074 392093 443430 781444 756279 477906 364030 246184 88781 555165 841377 321001 497487 794983 527382 573096 230224 214738 339681 309906 254184 597052 392455 255648 510772 281236 472644 684839 103033 622418 505115 281546 452971 756926 467670 319511 434857 518217 687838 680851 703790 430150 589530 223397 209238 621433 252688 654699 676945 433444 999999999 473396 80676 144297 468819 329260 258029 199290 689854 593392 701557 341417 504565 667335 529425 241127 349889 168583 350302 355153 326329 675218 453558 476499 218184 721271 320233 351336 418558 618199 357807 331890 491181 133882 627970 615386 410760 583601 303361 541711 601508 218463 348214 52728 252762 341728 175237 321371
824414 773164 464552 128820 822608 908117 479446 881310 752217 288218 542595 156998 906334 156507 462733 910502 800487 286108 300838 264150 334866 365314 725439 570528 90426 636048 142572 194403 449337 218375 551922 150998 831401 746174 219764 804708 516619 608524 311680 440518 283243 212140 511912 159881 316137 370827 526843 149511 694817 262453 215300 686497 473396 999999999 498417 615859 405896 388663 402755 566745 637520 157624 353367 658145 271341 459064 148550 688827 382968 372264 737189 804366 275134 465002 62292 499505 663408 861167 424657 207269 63261 731714 822304 141638 875242 468869 654288 787019 170922 786470 520031 90236 719720 602465 330040 422970 657609 815000 307737 784419
557313 516660 304163 400531 371238 703535 726855 411964 292100 307412 50809 558845 766862 342015 445945 717583 446805 555797 219670 257347 410636 269173 260908 538063 411672 178897 513473 304283 421501 700617 55411 642590 426829 248997 440675 685004 406046 239261 405511 471594 685279 698041 663092 429059 568633 297681 287570 642091 292631 651024 690575 353172 80676 498417 999999999 133751 424495 405141 335601 271541 630379 602210 687079 260899 484992 630919 532306 191325 305104 240789 277750 307652 389953 638700 469143 417958 259325 643177 266201 346245 439037 543331 324490 358244 420747 214469 561313 536685 461022 503810 383856 557064 526604 285282 418609 94393 181766 335166 190707 286436
615090 581836 422153 527374 349776 770476 859239 366871 274765 385138 82956 688247 847529 461577 568955 787012 480545 689524 351481 359027 465749 400403 127880 652602 532749 199783 643117 422242 545133 824542 82009 763701 434439 139851 573877 774502 519449 305212 538601 597808 816937 821125 791503 559705 702342 347231 269501 762880 184239 782924 815690 410473 144297 615859 133751 999999999 552473 444556 370662 230795 743299 729562 820724 304226 618742 761352 661937 120565 434237 299286 264265 221949 461916 769069 592622 534815 156694 710034 390594 477676 559426 626212 215062 474224 390318 228673 664166 601977 553321 561155 377110 680943 609720 226904 475016 192933 175693 203235 311644 179876
