NAME : synthetic_000754
TYPE : CTSP-D
DIMENSION : 100
GROUPS : 8
RELAXATION_LEVEL : 1
EDGE_WEIGHT_TYPE : EXPLICIT
EDGE_WEIGHT_FORMAT : FULL_MATRIX
EDGE_WEIGHT_SECTION
999999999 387996 720770 558417 799135 310597 735349 297150 1021152 398110 332281 599155 248315 474392 602789 1022732 339456 320528 766418 817875 560186 871562 841987 275284 1057891 656381 167476 807484 423625 222350 255414 434874 629106 388936 471315 744862 516510 421119 753226 575118 541471 971368 312899 560855 758004 922180 384789 777080 330893 298824 879816 410029 729631 703113 430269 1014838 295166 926459 267515 827901 961252 307215 331981 158924 881422 732515 823923 570138 888442 976146 297235 854086 138186 152624 666437 817553 189733 513148 887046 628187 654379 875801 290980 233761 712049 645941 486888 813600 534864 805464 609115 230343 666306 677509 394574 443633 161993 638064 294384 765645
387996 999999999 413835 414671 451642 190426 361713 102327 633790 279059 486658 411477 163974 357578 214849 636303 241148 139080 396047 455294 280979 487256 479249 369810 670345 431513 291387 463482 455231 236969 416105 236645 263464 356144 650451 361094 218695 445961 372088 449605 254072 705318 187518 248591 525807 536344 54376 420854 392770 342536 620841 568136 605217 510227 453116 794707 233696 541711 518785 483956 657320 285517 238886 329079 688049 360541 439339 443735 523065 623129 165497 469925 249821 235928 402396 597968 212454 178425 728929 656814 274653 495840 123263 311525 604699 523530 113929 428352 462024 603065 475306 157977 606146 533867 115660 92717 274290 539847 547647 410098
720770 413835 999999999 282682 127245 604259 471148 506254 469967 683598 611720 220291 479359 324489 334597 454737 653485 404571 194332 561282 603193 325878 197246 780972 553268 159930 562718 123611 489169 500566 592816 626378 193720 766549 721591 268467 551990 480403 249891 308452 580243 295762 408099 168621 176381 374074 461469 143310 507081 490282 219866 653486 364462 226869 479924 406775 433202 502237 706436 137511 246209 699348 399644 720888 338062 195807 303692 306694 236959 278800 578633 314714 600012 583443 93509 239951 535516 235646 408053 572079 412822 510488 443862 719317 385535 329843 307742 430251 376516 264341 301294 521085 443671 305336 339003 321868 663171 367020 724876 555594
558417 414671 282682 999999999 408380 574395 653150 462522 743588 682838 353218 64458 371934 84046 478604 730885 632425 314108 450996 754426 684594 590155 476975 713005 820555 134996 391535 406109 217116 347456 359427 650079 368982 746326 442326 498852 622971 209827 488182 37218 657755 433387 282941 250248 217520 642512 468415 415575 263395 269545 344177 379581 193411 147755 207078 457257 274452 745545 461289 420068 459676 658799 238940 618236 323062 436540 557599 32125 518894 555064 542644 576092 475694 461212 190010 264683 409416 294394 336606 300669 571308 735748 360616 646324 190149 109082 367588 652025 94066 248268 61183 431401 201427 126461 299288 341188 565036 127403 473655 730585
799135 451642 127245 408380 999999999 636547 404029 552096 344260 698237 726063 346927 551462 443369 310016 328148 678844 478629 101352 481560 583464 208141 70257 820074 429945 286964 650528 15768 609597 586129 699322 633272 190723 785774 843685 188701 541402 600478 165786 435274 564128 329506 492838 240440 286216 252016 490498 41176 618917 596329 281561 773219 485444 348871 600715 465607 525471 393468 814721 33262 235765 730574 495414 776546 429392 124529 196350 433341 110593 177015 615323 199912 669729 653345 220588 336865 609778 287869 507344 699311 366653 412993 510939 763127 508445 456242 337818 339284 502427 367682 428532 583389 569717 430022 405218 367760 719721 493696 835128 487108
310597 190426 604259 574395 636547 999999999 450811 111915 773934 116419 538249 583439 221193 503865 361368 781119 58354 261301 571254 521380 249819 642018 657356 185023 793214 612792 306478 649189 555375 286804 455022 126613 446038 172479 703273 521346 210461 547844 536676 605865 232233 895173 300257 438486 710464 685511 146067 603269 472025 420104 809823 625337 767805 687000 556548 980564 330058 653051 528668 669390 847324 95139 354075 185443 868477 535601 594853 599923 698739 803611 32130 625527 202365 200271 589629 781699 222311 368799 902762 771734 382425 594287 216457 137308 762489 682567 300608 544987 601892 783841 635445 163813 749597 699262 286153 282788 151171 692378 558883 466622
735349 361713 471148 653150 404029 450811 999999999 438831 350267 442599 835322 615947 525615 633811 178189 364913 460127 487993 302726 102246 255895 269944 373274 616993 348862 592055 653076 419662 774838 597016 771754 369717 293224 527879 992887 215343 253720 764834 238410 689911 252166 733429 531969 403595 644816 289650 351511 363520 732635 687149 678573 910999 806875 676159 769922 866150 579826 205144 878589 431566 635527 518735 572731 635259 809210 283634 238801 685194 391140 501495 450104 260283 600537 588958 529384 711012 572840 364666 877416 944755 89909 143480 483692 584963 819532 745695 312982 111622 732235 733744 702058 513248 852966 736928 427969 358926 592913 775300 906882 84520
297150 102327 506254 462522 552096 111915 438831 999999999 731030 223026 455654 472032 122454 392812 310448 734696 169919 150171 498369 524543 297451 587379 581350 274949 762822 503439 234165 563502 454923 196842 376440 207104 365242 284245 622138 461816 241586 446776 473576 494183 273316 792550 191640 338069 602403 635435 87642 522262 377308 324865 705546 541530 655933 576175 455111 872762 226204 629659 465791 584073 751763 200863 246432 226753 758306 462868 539448 488237 625330 724721 80463 570159 161815 150978 483938 672971 146254 271584 791237 668478 357239 578694 107082 213281 650866 570800 215431 517096 492138 673904 523596 80616 639715 587350 177005 186174 172237 581141 495788 474325
1021152 633790 469967 743588 344260 773934 350267 731030 999999999 785976 1029248 685356 781622 764346 420592 26448 794553 721400 295565 349285 605876 159262 274257 951855 94079 629711 902121 351756 929151 838305 986392 712555 415090 873563 1163837 280804 597036 919436 278476 773505 600374 602580 752428 526852 626662 104760 646883 328923 920031 886925 591292 1088121 828898 692927 921270 750099 795169 168836 1101829 345548 482356 853276 773791 950133 751878 318073 202843 770947 243584 293010 765457 175947 883061 868570 561739 668237 837925 536978 834369 1040260 394470 236559 736845 911227 852497 799809 537632 239523 837057 702202 769922 790827 913579 774265 646443 584508 900434 836931 1126182 393058
398110 279059 683598 682838 698237 116419 442599 223026 785976 999999999 652025 687014 337373 615387 399401 796824 62982 373014 621284 493365 198829 670018 708718 183023 791459 710409 419437 712117 671771 402974 568113 73423 509058 89608 816036 558694 189403 664207 577223 715506 193225 978552 414290 524186 804711 707387 226021 661636 588261 536426 896497 739149 875947 788066 672888 1073025 445863 647511 635452 731495 920435 96215 468707 248329 966963 586586 625120 709557 746241 855773 147714 654796 309897 310521 680520 876973 337413 452738 1005951 887938 393055 582631 329849 175995 872213 791668 375946 548178 715164 881992 744021 280207 862726 806155 387526 370060 237346 803359 665454 436835
332281 486658 611720 353218 726063 538249 835322 455654 1029248 652025 999999999 414665 334968 288861 663574 1022290 589271 349811 737050 934398 751529 869987 787795 586837 1091176 485374 232711 728132 141505 258961 84816 657781 615653 676274 166484 754147 692833 146341 752292 349170 726352 783194 303796 503168 569820 924493 520069 720719 109222 148397 695840 87128 466038 493941 151685 784121 255894 985855 115515 745502 812295 582849 264240 467184 644037 711494 828047 346656 833860 890515 510177 853429 346338 342810 527705 608736 316403 497348 625157 302910 745424 954858 366291 529692 440481 397229 525000 876551 283244 584912 378550 379472 374330 436772 407970 477309 437830 374515 121658 893351
599155 411477 220291 64458 346927 583439 615947 472032 685356 687014 414665 999999999 394548 132319 445853 671786 640503 329319 395512 715855 670029 534098 416194 733272 764396 71057 431708 343902 280647 381558 415116 648063 325670 755893 506767 449265 609680 273030 436856 88422 643625 378827 306190 213629 161929 585580 465851 356523 320471 320359 288081 443730 198850 106941 270715 417485 307180 695385 520467 357224 397651 671888 270238 645441 290575 383853 503773 86426 457145 490801 552449 520668 505693 490359 126945 218446 438216 269069 319369 355189 537822 689761 376306 666880 205853 129748 347974 606144 156754 209179 88157 451456 239659 126261 299487 329390 590312 160891 534149 695828
248315 163974 479359 371934 551462 221193 525615 122454 781622 337373 334968 394548 999999999 294069 371424 781369 278452 74791 518830 619006 416562 628507 593684 341072 825479 439213 127475 560213 334776 76545 258279 329013 381584 385184 501290 502209 358132 327023 508836 399415 391433 746461 89105 315115 541645 680419 187332 528809 254986 202545 656067 420138 562871 501442 335628 809126 109411 701493 355965 580727 723712 293110 137265 251932 685123 485339 581379 393596 640182 728400 189661 611003 120665 104103 435640 608039 58591 264850 707888 550571 438041 658316 44798 274391 553835 476332 244003 588215 386022 603073 431314 60859 533275 498380 146376 198038 195947 481357 385224 572849
474392 357578 324489 84046 443369 503865 633811 392812 764346 615387 288861 132319 294069 999999999 455882 754229 562202 242671 468782 736038 635300 606857 508435 634457 835279 200252 307494 443903 166442 264474 283106 588307 366161 674359 401303 503275 572949 157180 496249 105865 608259 510959 206201 244578 294011 660751 409511 443073 189493 188375 420373 329875 269048 230131 157864 540931 192467 747585 390445 460270 526955 584788 158181 536754 407108 448607 569627 100185 553131 603007 471806 591480 393564 379449 238852 346417 328034 269166 418471 312048 547690 729976 287704 567835 259984 182425 330899 647022 104963 331699 138838 354467 249117 207273 242800 296139 484509 188584 405767 706654
602789 214849 334597 478604 310016 361368 178189 310448 420592 399401 663574 445853 371424 455882 999999999 424724 391792 322483 223642 280415 274377 280976 310831 544937 455660 430494 497271 325123 597397 436868 604479 330057 141035 488818 818222 160854 231693 587369 178145 515659 254250 622315 362962 232259 496918 326437 226866 270433 558759 515195 553523 736791 641260 516089 592281 741229 410203 330386 714953 342753 543330 448513 399514 531152 665535 190242 233578 510727 346983 457379 348840 264311 464641 450765 373686 567309 424648 186959 726716 767262 92719 291969 327141 497715 651359 575070 138581 217446 555205 585156 529974 372805 679570 569805 255919 186723 480289 602856 742221 252138
1022732 636303 454737 730885 328148 781119 364913 734696 26448 796824 1022290 671786 781369 754229 424724 999999999 803472 719624 286146 369552 619655 154179 257900 960450 118837 614662 900499 334787 919645 836342 981324 723456 410313 884919 1154582 279241 608458 910004 274730 760111 613164 578667 749293 519230 608234 100979 651537 315385 913084 881152 569419 1079606 811336 675978 911590 726165 791273 190998 1097031 327443 458239 862044 768897 955514 730495 310876 200218 757714 224506 268269 771621 171489 884835 870109 547198 648097 838172 532793 813304 1026179 404175 257196 736669 918409 835442 784346 537480 253433 824628 682429 755535 792591 897866 757945 644195 583659 905013 821701 1120959 411587
339456 241148 653485 632425 678844 58354 460127 169919 794553 62982 589271 640503 278452 562202 391792 803472 999999999 319606 608392 521377 234537 669605 695355 157566 807314 668281 356619 692029 611744 341778 505261 101549 488183 115894 753113 552644 208791 604386 569487 664062 222425 946264 358528 489662 765022 710440 192071 644083 527042 475459 861985 676387 825834 743503 613173 1034747 387632 664855 572797 711941 894572 58868 412203 195871 924383 573009 623287 658118 735190 842296 90468 653631 246975 247547 642964 836627 275329 419045 959872 828634 400188 602840 274806 129946 820716 740712 346962 560492 660197 839610 693511 219910 807905 757073 342195 333838 177627 750701 602840 465340
320528 139080 404571 314108 478629 261301 487993 150171 721400 373014 349811 329319 74791 242671 322483 719624 319606 999999999 450652 585673 416564 565809 522997 404174 770280 369250 180884 486970 318171 116956 283777 350371 314146 432517 512234 440695 354981 309174 445357 344791 390021 673385 48589 240888 471135 618714 181193 457329 253752 203953 583394 429853 507315 435524 316734 740059 94854 651997 392562 507406 648994 344781 102106 323279 619119 418081 519437 338857 569795 655644 229301 548362 195455 178891 362178 538935 131753 194182 646613 525307 398440 613888 47016 337985 501293 421651 186955 539647 342375 535958 374900 123675 489793 439905 76184 138345 266220 431104 420100 543653
766418 396047 194332 450996 101352 571254 302726 498369 295565 621284 737050 395512 518830 468782 223642 286146 608392 450652 999999999 381198 491931 139216 87439 756259 369563 346888 629871 116945 633725 564931 699216 553156 137313 710245 868560 87384 454318 624044 64441 482568 474289 430856 474172 233987 368826 192308 427167 61513 627943 597840 380318 793465 557840 420334 625777 565990 513131 307929 815264 129483 334606 662915 487985 725120 522277 35710 109933 479570 127601 234510 553419 125202 631720 615875 277816 426761 577262 257186 597236 750343 269278 318615 475472 703292 577624 516613 284244 241369 543633 454770 482331 541415 630570 495991 374536 323454 669948 552301 838253 385760
817875 455294 561282 754426 481560 521380 102246 524543 349285 493365 934398 715855 619006 736038 280415 369552 521377 585673 381198 999999999 295419 315224 440533 674330 320425 689230 746052 496713 876585 692060 868988 423805 391254 572396 1093184 295967 313118 866595 317494 791062 300753 809726 630649 504455 736824 317840 438849 442694 832779 786544 761384 1011129 904782 772425 871774 947072 678560 182170 973952 505980 705287 578366 672850 706763 898454 368033 297009 786419 449565 553839 525406 310564 686026 675519 625029 800921 663498 466881 969200 1046862 190672 112777 578347 650140 918377 845549 414229 147357 834231 825402 802477 601767 953698 835547 528097 459413 668936 875759 1002639 56536
560186 280979 603193 684594 583464 249819 255895 297451 605876 198829 751529 670029 416562 635300 274377 619655 234537 416564 491931 295419 999999999 508632 576817 381349 601574 673364 531124 598775 734696 492745 673601 133212 410855 277259 917820 414900 62442 725630 436662 720955 27045 895159 464969 470506 753757 538108 235549 543234 666465 614636 823056 836464 868540 757872 733048 1009083 508492 457163 761977 615822 817623 288267 518293 428637 922581 461017 468285 715257 607114 719795 264519 495480 443179 437149 626965 826101 442941 403899 975749 937751 229845 389864 388267 364372 872068 791436 322655 366449 740239 839222 743427 377144 881646 796002 392833 343411 400725 811753 792116 238926
871562 487256 325878 590155 208141 642018 269944 587379 159262 670018 869987 534098 628507 606857 280976 154179 669605 565809 139216 315224 508632 999999999 145476 824656 230424 482990 746690 219575 770953 682412 827590 597608 256334 759410 1005365 126700 486466 761183 120592 621478 497354 513528 595121 367780 493879 54507 506699 182647 760771 727826 481933 929237 690043 552562 763223 657808 637139 189149 943183 220293 400702 727304 615059 811093 635545 159069 47935 618562 138970 238641 629788 17505 734075 719060 414039 544599 685709 378680 714738 889170 280597 222760 583916 778631 711411 653329 385084 169313 682850 575793 620402 641965 767412 630853 490224 430533 758992 689557 967315 339416
841987 479249 197246 476975 70257 657356 373274 581350 274257 708718 787795 416194 593684 508435 310831 257900 695355 522997 87439 440533 576817 145476 999999999 842260 360995 357108 699283 77759 674875 634405 757093 640548 216484 797655 909549 163900 540852 665588 141079 504608 559941 371997 541915 292190 353997 184636 512582 67692 679739 654411 336522 837792 554864 418676 666209 514292 577610 334253 872982 75127 264763 749526 549523 807843 490522 122402 144827 502534 47183 147121 638771 140540 709287 693173 290328 400888 652275 329019 570394 769288 350944 361355 551411 788361 578251 526497 366093 294197 571036 433089 498501 620338 639967 500160 447679 402167 752041 563934 894376 453204
275284 369810 780972 713005 820074 185023 616993 274949 951855 183023 586837 733272 341072 634457 544937 960450 157566 404174 756259 674330 381349 824656 842260 999999999 964694 772051 366034 832390 644319 379252 503004 250534 629997 128847 739086 705457 364162 638864 721233 740127 373592 1067049 430102 612982 872885 866625 330069 787506 551835 505425 979412 670865 903497 839670 648176 1142870 443999 821955 539976 852727 1026052 98702 476444 120325 1023292 720599 777874 734345 883758 988338 204796 808414 252411 262679 757340 942031 310060 545726 1048744 861328 557628 759229 357359 66681 893399 816881 482713 718047 721732 940042 772275 282131 866832 839452 449359 459679 155207 820130 567971 617912
1057891 670345 553268 820555 429945 793214 348862 762822 94079 791459 1091176 764396 825479 835279 455660 118837 807314 770280 369563 320425 601574 230424 360995 964694 999999999 711955 949395 438737 997989 886945 1043281 718550 475885 876348 1231448 337039 602477 988119 340266 851881 600263 696632 805023 593271 714923 179321 676254 410340 982301 946166 684081 1153997 915373 778551 990564 844150 849655 144425 1157570 434249 576433 866130 831188 974519 844068 386738 265721 848981 334184 386956 788431 244627 919895 906247 643265 758953 879864 594426 926147 1119531 411097 212727 780808 929481 938025 882398 583651 248300 913119 792373 850405 828314 996449 858563 697331 631977 927880 918977 1183055 371790
656381 431513 159930 134996 286964 612792 592055 503439 629711 710409 485374 71057 439213 200252 430494 614662 668281 369250 346888 689230 673364 482990 357108 772051 711955 999999999 489678 282154 351684 435624 483238 665408 298850 784175 576621 409705 615154 344086 394697 153456 647744 315631 353481 203576 102651 532634 485305 301662 389584 386262 224078 514567 215957 85719 341735 370917 361599 652588 590189 293736 327232 704293 324591 691123 256555 340329 456684 152812 395708 422489 582930 470743 554964 539086 69081 169986 487302 269903 302465 412572 519832 653100 415381 706398 232352 170443 351889 570307 224719 171586 142080 492913 284510 149724 326742 342933 634728 207240 604446 674386
167476 291387 562718 391535 650528 306478 653076 234165 902121 419437 232711 431708 127475 307494 497271 900499 356619 180884 629871 746052 531124 746690 699283 366034 949395 489678 999999999 657434 279426 64971 148703 428477 494186 445472 396862 621503 475734 274641 626222 409608 507360 805076 157718 410093 590947 799579 310866 632570 186097 142567 713486 319799 566983 535694 284005 847478 130486 827641 231858 677433 799230 351451 166421 251351 714593 597948 700302 404466 746368 826845 279495 729245 115934 110519 502821 650086 88194 372687 722684 495443 565484 785486 170500 304329 551257 482064 365873 714525 374163 638109 443562 153982 512237 512197 256667 317988 211801 476911 261742 699229
807484 463482 123611 406109 15768 649189 419662 563502 351756 712117 728132 343902 560213 443903 325123 334787 692029 486970 116945 496713 598775 219575 77759 832390 438737 282154 657434 999999999 609801 593248 703143 647518 203861 799453 843361 204321 556358 600795 181352 432034 579308 313970 499866 247531 276367 261788 503122 56936 621507 600126 267271 773743 477190 341256 600786 450631 531504 406104 818263 20663 220093 743403 500838 787375 416630 140249 209916 430303 113578 169411 627599 212123 678960 662531 217068 325025 618387 297570 495231 694726 382373 427001 520164 775007 500791 450465 349824 353978 500033 356464 424111 593284 563554 423227 414194 378583 730401 488144 838250 502660
423625 455231 489169 217116 609597 555375 774838 454923 929151 671771 141505 280647 334776 166442 597397 919645 611744 318171 633725 876585 734696 770953 674875 644319 997989 351684 279426 609801 999999999 271507 176824 661867 524507 713062 235061 663267 672963 10065 657914 209106 708094 642779 269944 404820 431058 825118 499354 609446 94044 139258 556321 164386 327585 353586 10279 643114 229128 904387 255760 625791 676504 618894 216491 530776 503116 612101 732337 207033 719507 766648 524187 755234 392025 382864 400468 467640 340966 416221 487639 218176 685980 881631 350708 580965 303778 256015 462676 800006 141778 443441 237497 391849 245676 295340 353863 419597 489224 234962 263077 841694
222350 236969 500566 347456 586129 286804 597016 196842 838305 402974 258961 381558 76545 264474 436868 836342 341778 116956 564931 692060 492745 682412 634405 379252 886945 435624 64971 593248 271507 999999999 181753 401154 429383 441562 425418 557556 434603 264780 561878 369617 467768 749770 93408 345763 537838 735474 263665 567767 185301 133742 658305 344688 530999 487415 273842 798978 74400 767115 281892 613328 739298 347444 111441 274085 668964 533088 636204 364126 681475 762639 256684 664987 130209 117421 444092 599654 70042 307745 682907 489550 508438 726848 113734 313900 518166 444739 303330 654314 343704 590103 403089 123469 487721 471684 192199 254995 225008 444105 310679 647009
255414 416105 592816 359427 699322 455022 771754 376440 986392 568113 84816 415116 258279 283106 604479 981324 505261 283777 699216 868988 673601 827590 757093 503004 1043281 483238 148703 703143 176824 181753 999999999 575941 571320 591460 248256 707536 616068 176887 707969 364165 648934 792562 241538 466384 575953 881871 445349 689427 96597 103017 702646 171489 501004 506295 185192 808931 194754 931587 116086 721656 809091 498072 212618 383777 670065 671144 783768 360460 803946 869629 427545 810600 261570 258321 515822 623179 234186 449718 661259 372848 682214 896429 293449 445195 478861 423978 466585 820409 307793 603468 396614 298508 422398 460864 349285 417938 353175 407778 139866 825692
434874 236645 626378 650079 633272 126613 369717 207104 712555 73423 657781 648063 329013 588307 330057 723456 101549 350371 553156 423805 133212 597608 640548 250534 718550 665408 428477 647518 661867 401154 575941 999999999 446024 161957 823825 488016 116159 653621 507086 684317 123120 922107 395648 472275 756295 634367 182310 595747 583974 531542 842329 744503 841535 745757 661866 1022141 432869 574777 654029 666513 859029 155423 450772 296835 921334 518914 553083 678403 676977 787346 149443 582564 328452 325365 630439 828998 341759 400903 964824 874279 319848 510453 311975 231201 840227 759131 320985 474815 690968 836430 710999 278471 837355 770392 350950 322481 273313 773878 684276 367410
629106 263464 193720 368982 190723 446038 293224 365242 415090 509058 615653 325670 381584 366161 141035 410313 488183 314146 137313 391254 410855 256334 216484 629997 475885 298850 494186 203861 524507 429383 571320 446024 999999999 595912 756458 139145 362086 514529 136851 404599 388705 484425 340052 121771 357628 310556 300073 157652 506617 472018 413142 678355 513784 383237 517597 600483 381109 381424 686857 223769 413271 539895 358747 591499 525588 103956 212713 400395 261461 359677 425444 239289 494606 478702 237336 427179 439981 122697 588936 667796 223731 366945 338161 574110 527130 455033 149815 283283 455102 446332 413167 404688 564861 444295 237962 186466 535579 486350 711095 375671
388936 356144 766549 746326 785774 172479 527879 284245 873563 89608 676274 755893 385184 674359 488818 884919 115894 432517 710245 572396 277259 759410 797655 128847 876348 784175 445472 799453 713062 441562 591460 161957 595912 999999999 835809 648278 276538 706312 666734 777303 276120 1060360 469048 604212 880807 796307 305520 749654 624823 574615 976775 762656 939689 859218 715339 1150404 494435 732055 644448 819009 1005704 94392 521476 230219 1040255 675405 714638 771371 835521 944755 203829 744258 330121 335153 758400 952476 372284 533222 1075231 931096 481711 665977 386712 155295 933725 854162 459022 635027 770389 955495 807279 324740 917964 871498 458003 448642 240792 862931 673643 515994
471315 650451 721591 442326 843685 703273 992887 622138 1163837 816036 166484 506767 501290 401303 818222 1154582 753113 512234 868560 1093184 917820 1005365 909549 739086 1231448 576621 396862 843361 235061 425418 248256 823825 756458 835809 999999999 895571 858858 244617 891183 425088 892536 843404 464908 638271 643534 1059633 685597 844374 260435 308325 763269 82389 492714 561464 243440 815169 417447 1133833 206305 858822 893166 743457 420338 618766 677936 846363 966059 424790 953872 997096 675731 989486 507760 505701 630933 666226 482143 643638 638937 255927 903073 1107233 531564 685649 462128 447040 680352 1027043 352888 636062 446031 545731 381117 487706 565092 633968 595422 414204 184427 1054021
744862 361094 268467 498852 188701 521346 215343 461816 280804 558694 754147 449265 502209 503275 160854 279241 552644 440695 87384 295967 414900 126700 163900 705457 337039 409705 621503 204321 663267 557556 707536 488016 139145 648278 895571 999999999 382746 653313 23343 532976 399331 518170 471827 258949 444847 178263 382767 148374 645263 609495 465782 817489 624756 488592 656211 652361 515096 246694 822481 216510 421226 609312 495041 686617 603451 72800 79193 529282 192269 304897 507296 109231 607392 592361 341903 506544 559218 257913 676038 799417 187257 243709 457549 656941 642051 575659 258514 162031 588206 532557 537391 515303 688362 559278 365639 304419 633794 609510 847401 298509
516510 218695 551990 622971 541402 210461 253720 241586 597036 189403 692833 609680 358132 572949 231693 608458 208791 354981 454318 313118 62442 486466 540852 364162 602477 615154 475734 556358 672963 434603 616068 116159 362086 276538 858858 382746 999999999 663840 403229 659213 35424 846031 403480 413259 697848 521032 174457 502074 605943 554340 771496 777216 807901 699159 671186 956226 447524 458851 707362 574273 773179 266631 456490 394917 866226 421661 443279 653493 574303 686207 219329 472039 393539 386158 570855 770447 387821 345270 917613 875386 206431 395170 328069 337036 810909 730144 263456 358818 677876 782394 682063 322069 819546 735432 330416 281924 360809 750012 737371 257489
421119 445961 480403 209827 600478 547844 764834 446776 919436 664207 146341 273030 327023 157180 587369 910004 604386 309174 624044 866595 725630 761183 665588 638864 988119 344086 274641 600795 10065 264780 176887 653621 514529 706312 244617 653313 663840 999999999 648019 203131 698998 637088 261048 394920 424664 815367 490367 600058 90497 133462 550223 173086 325522 347824 9366 639473 220773 894355 259669 616883 669439 612223 207351 525925 499590 602303 722482 200840 710307 758101 516563 745440 386476 377019 392063 462397 334444 406156 485738 224785 675999 871565 342220 575231 302394 252358 452722 789945 137205 438744 232209 384477 246552 291279 344138 409736 483697 232579 267996 831782
753226 372088 249891 488182 165786 536676 238410 473576 278476 577223 752292 436856 508836 496249 178145 274730 569487 445357 64441 317494 436662 120592 141079 721233 340266 394697 626222 181352 657914 561878 707969 507086 136851 666734 891183 23343 403229 648019 999999999 521678 420620 495292 474572 253100 426122 174261 396348 125754 643182 608866 443914 813837 608920 472205 650605 630105 516826 258654 823357 193271 397904 625689 495354 699277 583197 54631 75863 518169 171105 283394 521636 103242 616277 601006 326336 486703 566361 258512 656600 788843 209867 260724 464386 671556 626955 562024 266340 180599 578619 513369 524813 524465 675217 544417 369681 310803 645785 596440 847787 321322
575118 449605 308452 37218 435274 605865 689911 494183 773505 715506 349170 88422 399415 105865 515659 760111 664062 344791 482568 791062 720955 621478 504608 740127 851881 153456 409608 432034 209106 369617 364165 684317 404599 777303 425088 532976 659213 203131 521678 999999999 694078 434025 310988 286686 222315 673315 503088 444782 267574 280671 347216 367091 163460 144774 198836 445715 298228 779610 460542 444992 469880 688761 264025 642486 308376 469442 590082 5949 545392 575942 573962 607769 499125 485151 214967 260344 433841 331610 313568 267801 608350 771043 390794 673480 156729 77041 404634 687311 72205 239311 33997 459548 164215 102600 334010 377618 590372 90800 470671 767579
541471 254072 580243 657755 564128 232233 252166 273316 600374 193225 726352 643625 391433 608259 254250 613164 222425 390021 474289 300753 27045 497354 559941 373592 600263 647744 507360 579308 708094 467768 648934 123120 388705 276120 892536 399331 35424 698998 420620 694078 999999999 873127 438475 445196 729024 529012 209189 524224 640443 588714 800038 811043 842043 732074 706379 985584 482248 455942 738620 596717 797454 278232 491648 413979 897699 442632 455755 688374 591558 704012 244640 483648 421818 415210 602129 801478 419250 378063 950187 910798 216997 390044 362353 352250 845389 764709 296584 360947 713197 814148 716674 353424 854664 769527 365789 316595 383399 784879 768708 244320
971368 705318 295762 433387 329506 895173 733429 792550 602580 978552 783194 378827 746461 510959 622315 578667 946264 673385 430856 809726 895159 513528 371997 1067049 696632 315631 805076 313970 642779 749770 792562 922107 484425 1060360 843404 518170 846031 637088 495292 434025 873127 999999999 664283 456754 216948 540897 754843 369915 696758 699181 91592 795641 361014 289268 632500 147519 676236 701948 893846 303747 120724 989817 639388 996474 195096 451223 516656 436593 376217 311721 868097 511273 865123 848893 311344 177304 797869 527242 274491 622497 690870 733242 717329 1003371 392850 396637 602650 665037 501983 208093 405530 795836 476231 355825 618211 612622 939116 429392 904655 816614
312899 187518 408099 282941 492838 300257 531969 191640 752428 414290 303796 306190 89105 206201 362962 749293 358528 48589 474172 630649 464969 595121 541915 430102 805023 353481 157718 499866 269944 93408 241538 395648 340052 469048 464908 471827 403480 261048 474572 310988 438475 664283 999999999 252423 456127 648752 229482 475032 205663 156649 573251 382523 474419 413131 268743 722036 47911 690487 353357 519930 648632 378731 55124 339295 596676 443125 549696 305133 589045 669266 268133 577810 201510 185606 355470 521191 133895 217507 618783 478803 442146 654926 84559 363426 466185 388000 225110 578990 301708 515109 342573 148602 449414 409401 108143 176411 284199 394385 379914 589736
560855 248591 168621 250248 240440 438486 403595 338069 526852 524186 503168 213629 315115 244578 232259 519230 489662 240888 233987 504455 470506 367780 292190 612982 593271 203576 410093 247531 404820 345763 466384 472275 121771 604212 638271 258949 413259 394920 253100 286686 445196 456754 252423 999999999 285442 422234 298891 224618 394012 364389 372607 561536 409593 288941 397560 549897 285791 503105 582462 267704 414775 533275 257352 552695 453133 208779 327787 282129 339335 416890 411827 351598 435210 418660 158655 358242 372640 71527 505459 547033 324216 487827 277358 550897 419119 343051 152142 404348 334022 369140 298618 353603 449373 337797 171486 155879 495011 371795 604874 482529
758004 525807 176381 217520 286216 710464 644816 602403 626662 804711 569820 161929 541645 294011 496918 608234 765022 471135 368826 736824 753757 493879 353997 872885 714923 102651 590947 276367 431058 537838 575953 756295 357628 880807 643534 444847 697848 424664 426122 222315 729024 216948 456127 285442 999999999 538049 578758 313123 480461 482252 126739 588939 205169 82993 420816 270365 463662 675628 678790 281120 249804 802988 426604 793498 169136 372171 476640 224073 383746 382436 681198 484530 657614 641730 127011 72813 589952 355968 232614 448096 581181 686485 516962 807523 232121 202415 437507 606591 293214 88978 197725 594801 305380 165541 425398 434926 736962 239864 690759 728955
922180 536344 374074 642512 252016 685511 289650 635435 104760 707387 924493 585580 680419 660751 326437 100979 710440 618714 192308 317840 538108 54507 184636 866625 179321 532634 799579 261788 825118 735474 881871 634367 310556 796307 1059633 178263 521032 815367 174261 673315 529012 540897 648752 422234 538049 999999999 553218 231032 815277 782239 516896 983641 736938 599831 817335 687138 691080 165492 997400 259379 424239 768649 669302 857585 673805 213478 99277 670533 165703 247831 674735 71274 784390 769573 463960 585367 737284 432706 754438 940769 314732 214063 635729 822604 759172 703077 436571 180491 735537 617722 671282 692169 817129 679408 543366 482682 806366 739673 1021627 350049
384789 54376 461469 468415 490498 146067 351511 87642 646883 226021 520069 465851 187332 409511 226866 651537 192071 181193 427167 438849 235549 506699 512582 330069 676254 485305 310866 503122 499354 263665 445349 182310 300073 305520 685597 382767 174457 490367 396348 503088 209189 754843 229482 298891 578758 553218 999999999 457471 431528 380036 671494 603690 659362 564432 497905 847036 273083 542244 542136 523325 702750 240555 283171 304451 741770 391458 458918 497199 554767 658357 126253 489718 249050 237514 454538 651103 225636 227738 783221 704880 269618 491061 154088 276191 658524 577372 155190 429888 513471 656783 529177 162925 658476 588114 169134 144055 253560 593111 571696 389879
777080 420854 143310 415575 41176 603269 363520 522262 328923 661636 720719 356523 528809 443073 270433 315385 644083 457329 61513 442694 543234 182647 67692 787506 410340 301662 632570 56936 609446 567767 689427 595747 157652 749654 844374 148374 502074 600058 125754 444782 524224 369915 475032 224618 313123 231032 457471 999999999 612479 586775 318949 771824 507412 369915 600936 504478 510213 362674 805335 72605 276859 696716 481908 747943 462742 83414 163815 442343 114749 202535 583049 171993 645526 629291 233166 368238 587362 263971 538929 711337 325517 377887 487123 731752 528824 472090 306975 302098 509422 397426 441086 557575 586122 448557 382509 340112 691578 508809 826812 446881
330893 392770 507081 263395 618917 472025 732635 377308 920031 588261 109222 320471 254986 189493 558759 913084 527042 253752 627943 832779 666465 760771 679739 551835 982301 389584 186097 621507 94044 185301 96597 583974 506617 624823 260435 645263 605943 90497 643182 267574 640443 696758 205663 394012 480461 815277 431528 612479 999999999 52445 607200 178370 407262 409875 99769 712552 159123 878422 201119 639268 716448 530444 159936 437309 573910 602276 718909 263864 726017 785517 441651 744222 300063 291800 426123 526700 252869 388999 567244 309495 642780 849042 278242 489213 386498 328487 420500 769896 212657 506873 300100 308369 335713 364798 304718 373724 397040 314125 217895 793693
298824 342536 490282 269545 596329 420104 687149 324865 886925 536426 148397 320359 202545 188375 515195 881152 475459 203953 597840 786544 614636 727826 654411 505425 946166 386262 142567 600126 139258 133742 103017 531542 472018 574615 308325 609495 554340 133462 608866 280671 588714 699181 156649 364389 482252 782239 380036 586775 52445 999999999 608370 225936 431150 417252 142760 725663 109127 838397 218587 618652 709976 480317 116149 393162 589027 570485 684728 276160 701201 766714 389568 710988 253024 243625 414975 534052 202333 351740 589465 357302 597241 806594 226373 441790 413224 348454 376616 728608 236081 517418 314422 256338 370281 381828 259586 328921 350245 339274 240487 746256
879816 620841 219866 344177 281561 809823 678573 705546 591292 896497 695840 288081 656067 420373 553523 569419 861985 583394 380318 761384 823056 481933 336522 979412 684081 224078 713486 267271 556321 658305 702646 842329 413142 976775 763269 465782 771496 550223 443914 347216 800038 91592 573251 372607 126739 516896 671494 318949 607200 608370 999999999 712038 294114 203394 546052 188418 584703 670747 805362 262445 142685 904052 547836 906651 162219 395096 476926 349383 351872 314416 782099 476731 774322 758145 222219 102533 706963 443859 246162 552819 628101 694240 627788 915240 325197 316759 521544 620690 416804 138711 320382 706260 406458 276667 530099 528188 849434 351737 816997 762828
410029 568136 653486 379581 773219 625337 910999 541530 1088121 739149 87128 443730 420138 329875 736791 1079606 676387 429853 793465 1011129 836464 929237 837792 670865 1153997 514567 319799 773743 164386 344688 171489 744503 678355 762656 82389 817489 777216 173086 813837 367091 811043 795641 382523 561536 588939 983641 603690 771824 178370 225936 712038 999999999 456960 508699 173844 780251 335059 1054122 159343 789930 836925 669453 338304 550783 640848 770172 889070 365925 882811 931026 597161 913127 432995 429771 564789 618607 403376 563885 610894 251818 821149 1026417 449612 614934 428222 400197 598706 946638 295727 590949 391766 466075 352627 441038 483088 552079 523496 371151 147689 971738
729631 605217 364462 193411 485444 767805 806875 655933 828898 875947 466038 198850 562871 269048 641260 811336 825834 507315 557840 904782 868540 690043 554864 903497 915373 215957 566983 477190 327585 530999 501004 841535 513784 939689 492714 624756 807901 325522 608920 163460 842043 361014 474419 409593 205169 736938 659362 507412 407262 431150 294114 456960 999999999 137604 318112 323540 460817 865409 581524 483925 435794 851783 427182 804694 185234 554327 667669 169294 587243 586347 736043 679152 661007 647378 282858 191594 596421 467787 160281 261488 732218 868410 553636 836866 31860 86632 546783 785894 195432 155774 132418 622996 115537 72598 490670 526669 753213 93234 585253 888500
703113 510227 226869 147755 348871 687000 676159 576175 692927 788066 493941 106941 501442 230131 516089 675978 743503 435524 420334 772425 757872 552562 418676 839670 778551 85719 535694 341256 353586 487415 506295 745757 383237 859218 561464 488592 699159 347824 472205 144774 732074 289268 413131 288941 82993 599831 564432 369915 409875 417252 203394 508699 137604 999999999 343306 311865 413158 728045 605062 349157 332512 776642 376375 752376 183736 417575 530118 147472 452686 461211 656394 541575 612408 597148 147580 116992 545000 354011 219268 366560 605094 732291 482435 773370 159581 119691 435704 650214 213438 102689 116988 558088 226179 84608 401379 423895 697242 157472 615443 758906
430269 453116 479924 207078 600715 556548 769922 455111 921270 672888 151685 270715 335628 157864 592281 911590 613173 316734 625777 871774 733048 763223 666209 648176 990564 341735 284005 600786 10279 273842 185192 661866 517597 715339 243440 656211 671186 9366 650605 198836 706379 632500 268743 397560 420816 817335 497905 600936 99769 142760 546052 173844 318112 343306 999999999 633126 228998 897841 265771 616673 666374 621279 214769 535285 493155 604462 724871 196778 710719 757205 525220 747573 395782 386281 390945 457378 343558 410325 478246 215786 681242 875694 350298 584505 294602 246003 458143 793888 131566 433235 227227 393273 237777 285239 350401 415564 493003 225349 273285 837363
1014838 794707 406775 457257 465607 980564 866150 872762 750099 1073025 784121 417485 809126 540931 741229 726165 1034747 740059 565990 947072 1009083 657808 514292 1142870 844150 370917 847478 450631 643114 798978 808931 1022141 600483 1150404 815169 652361 956226 639473 630105 445715 985584 147519 722036 549897 270365 687138 847036 504478 712552 725663 188418 780251 323540 311865 633126 999999999 724629 846775 898873 443022 268024 1073301 687716 1060976 140118 582517 657920 449902 521839 458906 951458 654573 922708 907180 392505 201153 855094 621360 184412 572785 816515 875336 786287 1077298 353325 387134 701410 804456 502776 209375 412598 863674 434318 348553 695759 702981 1004981 410703 904926 950228
