NAME : synthetic_000905
TYPE : CTSP-D
DIMENSION : 100
GROUPS : 8
RELAXATION_LEVEL : 1
EDGE_WEIGHT_TYPE : EXPLICIT
EDGE_WEIGHT_FORMAT : FULL_MATRIX
EDGE_WEIGHT_SECTION
999999999 943146 240384 556222 286555 355692 795756 317154 751469 666351 225765 182477 687978 554487 882775 195506 563725 455982 398650 198418 181953 466635 905130 866795 577626 399146 618995 920081 515286 63670 938406 348317 338242 146399 338789 930811 151224 285431 326907 930919 899090 654351 844067 655068 633580 312279 866187 535300 1003812 338702 464477 592620 336605 920174 735534 741077 344179 911418 923160 560119 744426 903797 593942 269405 463930 742615 422712 960742 551987 562582 576407 1026414 233895 263659 728712 450565 605440 394452 590975 643986 612985 904050 465557 761599 535601 794778 897289 809269 164052 810812 356436 419295 679448 403378 657595 705928 412635 970829 579300 431925
943146 999999999 740170 528474 657652 651681 404642 931758 471612 405072 935153 1062952 269050 695224 121513 785035 619541 867045 841410 967281 970579 671001 514498 318882 373744 548939 371278 151795 522085 922075 173577 595737 762743 881659 1047804 349963 791981 684277 644341 406859 624323 559341 208815 288192 311582 666455 404870 408228 61201 612242 637612 782937 881552 547381 359106 218508 951897 167185 23013 926770 282620 618877 364675 902550 552890 608560 836879 676395 397695 381804 744369 231312 801090 819205 219554 871738 795750 674705 548171 732467 500053 39123 626420 183103 790697 506272 102484 250639 779132 232193 649166 860419 322391 887408 285803 482886 530892 48365 836553 578413
240384 740170 999999999 470742 153386 115308 555882 449032 656122 542941 380369 323122 507839 545182 665218 47521 521354 532050 243711 231376 232202 445703 665542 728045 366461 245185 391153 743843 417489 256148 766100 165181 367561 279925 342541 692655 132323 222717 96465 691032 665020 588889 677994 459352 429592 76398 626211 347434 801362 210741 424725 616110 438164 681510 498596 558037 275752 686974 718665 643946 588265 669231 377557 196451 224869 691234 261831 728989 342585 361691 586178 859041 288633 333996 538602 302960 632404 368265 351804 431954 521854 701335 229250 565905 344638 708876 710687 579400 120428 583062 116082 271393 524365 497079 462616 465691 237498 761783 625292 192708
556222 528474 470742 999999999 319045 469259 648881 425038 195499 134527 454754 726480 276906 175664 536854 492606 102464 339134 694737 677110 670671 145628 800482 329374 339986 238222 428849 437418 55396 509144 445263 319889 264107 439463 807475 717097 427514 276178 417486 751664 864875 120986 351646 310138 330460 437241 704100 258870 577772 260016 117774 271096 370852 830686 560354 316443 746469 592776 517286 401909 252285 864463 365080 666165 461366 225772 706237 934669 328481 300887 229925 516074 341387 339014 329901 750006 286717 176932 586945 771044 56793 495930 549838 368299 742774 242364 442865 550235 421990 537770 466462 722425 206341 364310 308753 631767 265310 572393 318438 456585
286555 657652 153386 319045 999999999 190631 563387 364649 508155 402101 322348 429134 401707 395752 603611 173944 368333 409991 390495 362893 358573 296602 695434 595797 299879 113752 356872 635184 267050 265679 654468 74020 241146 240367 488925 683784 135672 83799 131691 694935 719453 436049 561416 369476 350623 141786 632795 249425 718067 60846 273089 472122 337746 717446 489052 454699 428592 637638 638072 519324 464425 722064 319588 347279 250952 537983 405910 787882 274028 279797 439655 744186 195310 235631 442210 448769 488906 221469 400196 533586 371661 618624 306078 475483 469491 559383 610897 544106 124093 542507 188752 418524 399198 386048 371853 494974 126813 686876 487451 226548
355692 651681 115308 469259 190631 999999999 440985 539367 637750 513700 480113 423848 441969 577050 567253 161338 538922 599876 229812 318522 324067 479816 550900 681547 282028 231079 288990 673272 413872 368935 697614 151973 431081 382863 399722 579011 236441 274212 59067 576082 554763 590245 615705 383658 348364 53424 511209 286368 712450 227083 451863 658671 520126 567596 386371 487947 311256 583679 629420 709748 535651 558571 287394 251845 112126 695009 238526 620273 261508 287423 624263 791936 371347 415409 463998 282183 675703 408438 238009 343985 513233 613603 121864 486218 281643 693626 633910 472727 222522 478078 2990 256573 475535 572991 387365 350544 206566 668819 676912 80356
795756 404642 555882 648881 563387 440985 999999999 922213 712882 590700 885724 852165 412223 818197 283132 602318 750305 926943 540256 737355 747258 747594 151867 637485 313089 503749 226007 520575 608750 802674 548724 489881 772350 799467 770092 145535 663995 632180 471497 135166 235916 742013 521645 350772 321037 483887 70548 397079 447338 553573 710337 914466 886973 183218 88540 411824 666465 250172 384326 1020651 515118 232687 287023 647241 332018 830909 526775 300097 330761 351796 873401 628122 756254 792494 379348 549531 931067 707568 223836 352484 657042 383272 348468 361577 442414 766118 460614 157111 649338 176909 439984 549964 497763 921544 353534 109194 467136 388392 954357 363892
317154 931758 449032 425038 364649 539367 922213 999999999 591576 559276 92351 488468 663529 327719 910911 427159 374768 159770 675945 513434 497829 283674 1058647 751551 630725 423132 704552 859068 414117 254552 868856 435144 169016 182486 655665 1032961 318588 290131 485217 1050284 1083808 473193 773830 663942 661957 485958 990187 556489 986548 368852 307266 322878 55159 1081444 842951 713252 650499 956604 916774 248758 671720 1086536 654967 568464 615232 530387 697825 1151911 606906 599296 323366 941084 169780 129883 715419 733676 330635 257791 763992 878975 473874 895482 660893 754255 792729 616951 857226 880304 329053 874567 538345 701068 616157 101547 664669 859134 457458 970911 291071 589447
751469 471612 656122 195499 508155 637750 712882 591576 999999999 131807 635709 921827 300680 276742 523906 681991 217005 471994 867299 869638 863905 310820 862079 181258 439843 413484 520000 339576 242039 703267 335227 496689 445212 631139 996749 744277 622287 471293 591905 789482 944919 120606 263658 365077 401322 613562 754603 377401 505124 447638 297087 341480 536442 894837 627637 309918 930270 585830 468727 496207 206777 942854 459628 852565 606073 136954 876126 1011886 439127 405885 310397 378820 532307 524390 338698 919650 350167 364802 708226 904970 139051 449795 699145 366764 896509 57542 370585 581920 616255 564905 634808 894282 215617 512721 361829 724568 431772 519857 398533 609025
666351 405072 542941 134527 402101 513700 590700 559276 131807 999999999 585384 827422 183076 290448 431010 573265 215134 469854 743473 764673 760665 279634 741539 201837 308547 297757 390289 303902 154745 624960 310891 379356 396291 561277 885451 635140 526825 380942 471349 676532 819759 161404 218143 240049 273529 493837 636896 246011 450498 341461 252148 378234 505259 773703 503843 207122 813356 490718 396439 522245 122892 818087 328970 738624 475791 240411 751065 887648 307341 274151 339345 382291 465533 468245 229562 794305 391489 307280 576502 773200 95414 375547 569162 263859 766692 189286 313779 469206 518764 453745 510725 770000 97059 497981 237195 595869 310491 451027 431493 480156
225765 935153 380369 454754 322348 480113 885724 92351 635709 585384 999999999 396199 666309 388758 902414 352611 423224 244572 596507 423184 407224 325321 1015910 784074 609605 401597 676015 876411 432911 164102 888912 396071 191281 101473 564550 1004521 248052 261220 430113 1017114 1032509 521888 792758 656693 648882 427101 955131 542347 992305 341179 340277 400185 124725 1036708 810761 718149 563276 943709 918504 340173 689558 1035811 632222 482783 566517 590871 619121 1099233 584558 582009 394362 966744 136033 117947 715972 653146 409947 278287 712575 812302 508125 897585 601820 753787 719462 667397 868221 858977 260445 855249 479492 620677 629771 187536 657975 814441 431796 971372 374806 538380
182477 1062952 323122 726480 429134 423848 852165 488468 921827 827422 396199 999999999 823411 736201 987620 277939 742227 634964 358071 118509 105758 646563 937996 1024216 689406 541775 711383 1059374 681536 244353 1080116 474490 520362 328077 198685 995133 300809 450617 419487 984904 909432 830184 988705 779857 751805 398325 920327 664230 1124153 488080 641915 774929 514387 946920 807169 875120 253992 1007008 1041573 735861 893233 915447 700650 218817 535143 921406 381379 963343 665258 682837 758866 1171311 415752 446094 857968 392595 787588 572391 631439 625990 782777 1024038 504053 886958 503436 967760 1029786 896573 308686 901779 425751 368082 828063 580584 782940 750672 545878 1084905 760341 503967
687978 269050 507839 276906 401707 441969 412223 663529 300680 183076 666309 823411 999999999 451815 260086 548491 376676 608060 661051 739215 739540 411455 561572 256209 172947 288923 233447 236233 259414 661271 258294 348921 494574 615768 839491 452268 537377 418618 417710 493514 645052 342530 173827 72128 113907 441229 455103 160407 326086 350752 376108 545736 614106 594231 327531 53298 753218 316053 253319 678390 111499 642772 183145 690225 369400 422493 663139 711531 185676 155579 505026 351680 532760 550169 53541 703844 560561 407482 434054 635426 264521 232099 460110 92701 652445 354133 209370 286131 525615 270805 439076 684831 86688 623670 68140 430406 278127 307392 594947 384762
554487 695224 545182 175664 395752 577050 818197 327719 276742 290448 388758 736201 451815 999999999 711212 552814 75917 195453 786111 714399 704004 99481 968983 451984 505846 358105 594519 589147 209462 495964 591914 426430 216582 414024 855268 891831 461289 323189 519341 925079 1027138 156444 504535 485239 503470 534285 875770 422249 740825 350071 125383 96427 274137 998278 729977 488875 812791 767867 685830 231831 413334 1027323 531683 727926 596240 203037 801652 1097329 490944 466792 55220 649304 320596 295264 504380 844510 112874 177526 734185 904882 195189 664718 676510 542302 858564 293008 603840 725252 461355 713110 574631 814124 376861 239528 483986 792243 393535 740689 143176 584503
882775 121513 665218 536854 603611 567253 283132 910911 523906 431010 902414 987620 260086 711212 999999999 711764 635697 866532 741116 885728 890743 670395 396954 398958 305232 503331 278719 251511 518018 868984 277952 535435 743552 838199 955414 239740 733368 643531 568801 294477 504865 592149 279461 247005 254611 589394 285808 360628 168057 566284 634425 804210 864205 430276 241424 224143 856616 62262 101674 938475 318704 499689 289396 813764 461592 657941 734562 559043 330978 324346 763829 348738 766453 790498 206958 767204 818610 659859 437244 615268 520498 104048 526395 168971 679896 567326 191804 130384 719654 112969 564997 758325 336434 879147 246242 363942 478524 111661 854386 489874
195506 785035 47521 492606 173944 161338 602318 427159 681991 573265 352611 277939 548491 552814 711764 999999999 535262 522528 251239 192973 191553 453818 709625 762435 411613 276873 438416 784720 440979 217064 806398 201313 363066 251159 314998 739724 109454 230334 143077 737420 705527 608302 716973 502424 473878 123788 672544 388370 846236 234358 436237 618207 421757 724787 545923 599419 260159 734155 763702 634451 625084 709998 423511 176079 271950 708878 272012 768411 387349 405127 590603 898768 274988 319894 581079 310154 634013 375327 395474 462653 545580 746108 270592 609363 366904 733322 753121 626862 101492 630423 162349 277672 560577 483486 505581 510680 274003 807450 623051 239783
563725 619541 521354 102464 368333 538922 750305 374768 217005 215134 423224 742227 376676 75917 635697 535262 999999999 260516 756737 708367 699607 99573 901698 384816 439750 311556 528708 515805 144099 509331 519670 386950 236396 431250 845541 819506 453752 306090 483241 854094 963759 98940 430727 412506 432759 500466 806214 357213 665633 315732 101069 169251 319685 931603 661833 413066 794703 692685 609995 307254 337999 963592 465215 711324 545959 179183 770536 1033756 426669 400567 128366 580576 333204 317297 428997 814001 184541 169848 678485 856226 119727 588863 630481 466742 818353 244246 528842 652584 451404 639958 536313 784742 300974 296988 411067 729683 344191 664883 218833 537363
455982 867045 532050 339134 409991 599876 926943 159770 471994 469854 244572 634964 608060 195453 866532 522528 260516 999999999 772986 643634 629679 196716 1072300 644971 618003 426791 701557 773481 348719 392385 778794 467401 168860 310485 787874 1020778 414894 326215 541342 1046338 1113536 351458 687846 625552 633705 548779 990830 535925 916899 389588 232122 166319 120985 1098513 841867 652203 768399 918700 855128 112000 590828 1115097 643906 683464 652567 389203 792666 1183380 597591 581576 174754 841090 248325 204862 661589 832194 172282 219400 800828 943512 376035 833702 715807 700751 873227 487394 781825 858862 421167 849751 598162 799868 544658 58227 625293 880623 464666 910222 131324 632324
398650 841410 243711 694737 390495 229812 540256 675945 867299 743473 596507 358071 661051 786111 741116 251239 756737 772986 999999999 241973 258066 686785 598781 907509 491830 457272 470495 884665 639608 443721 910516 374856 610598 495838 231011 685608 360525 465593 277347 663886 556906 815432 834319 596966 557898 257659 602143 511612 900065 441052 663442 859404 672824 602989 519379 703023 127442 742616 818466 884982 760321 563429 490151 141418 294550 919737 24383 607539 475740 505601 828724 1004939 526100 571099 675832 59330 875801 610347 319000 268199 740912 805518 215152 692344 145625 922933 839767 625926 352639 636863 232780 28037 702161 734716 600927 431659 435623 850096 868961 276322
198418 967281 231376 677110 362893 318522 737355 513434 869638 764673 423184 118509 739215 714399 885728 192973 708367 643634 241973 999999999 18018 618718 820065 955281 594095 469520 607488 975199 627639 259126 997470 394026 505968 334874 144294 881209 254676 404063 324205 869205 790976 788749 909037 689813 658643 301427 804860 578810 1028341 423730 607407 766489 527598 828637 695876 789329 152795 901493 945363 751339 817945 796969 602768 101081 427291 885947 265786 845226 571153 592001 744743 1090339 403460 441895 769431 281292 780790 540909 515332 508903 731695 928748 388889 795823 387593 919297 941437 789048 257270 795406 320745 254441 753514 594251 693164 634489 466760 986330 760590 397159
181953 970579 232202 670671 358573 324067 747258 497829 863905 760665 407224 105758 739540 704004 890743 191553 699607 629679 258066 18018 999999999 608964 832265 952610 597018 466805 612961 975701 621868 243323 997644 392845 494227 320224 158435 890675 245958 396439 326547 879636 804874 781216 908507 691478 661067 304155 815146 579217 1031703 419304 598563 754524 513010 841347 704101 790069 170813 907656 948794 736876 816420 810781 606415 116732 433963 877632 282028 859720 573722 593748 733425 1090198 391119 428797 770802 298490 768653 531484 525976 524282 725618 931926 398896 797852 403607 913001 942885 795856 249465 801816 326181 271246 751772 579746 694766 645202 465500 990426 747650 403400
466635 671001 445703 145628 296602 479816 747594 283674 310820 279634 325321 646563 411455 99481 670395 453818 99573 196716 686785 618718 608964 999999999 896425 468010 434848 267151 521761 583024 152381 410993 590522 330487 136904 332059 758436 832397 364543 223865 421649 861317 947832 197043 497242 431682 443020 435935 808544 351047 721767 252790 37492 180507 228706 924452 660500 455542 713922 723377 658729 274671 397693 948534 460976 629253 505315 276447 702497 1018102 416990 396767 144510 659139 234518 217750 464994 745267 197776 78631 647031 811707 190663 637291 582444 504124 761459 342528 587746 668187 363842 658007 477470 714788 348808 218694 431166 712736 304045 713798 209441 491516
905130 514498 665542 800482 695434 550900 151867 1058647 862079 741539 1015910 937996 561572 968983 396954 709625 901698 1072300 598781 820065 832265 896425 999999999 776945 463228 646447 374987 646505 759645 919492 673738 623588 914292 925175 828460 173529 783845 768939 590660 117737 114801 893748 658638 501952 472871 599226 112547 547085 545923 692278 859350 1065124 1026262 33754 240338 557204 725775 347983 497206 1168280 661499 107921 437319 723276 450779 981906 580656 162096 479570 502210 1024149 745070 890435 928795 525677 593175 1081814 853350 314205 358921 808883 500985 441236 504300 474574 914456 586149 288740 769385 308130 550517 601735 647702 1064096 504605 201928 609027 487578 1104103 480722
866795 318882 728045 329374 595797 681547 637485 751551 181258 201837 784074 1024216 256209 451984 398958 762435 384816 644971 907509 955281 952610 468010 776945 999999999 428046 485828 487692 171580 356437 826530 160490 562879 593447 763035 1069154 635741 724722 581466 647476 687372 873292 296500 119896 327894 369897 670859 664878 395954 340560 536193 445728 522160 696682 810655 561462 232493 990180 460367 322050 676345 148013 869766 439347 920367 621181 310564 911658 935486 437897 405495 489753 198029 666901 667834 266134 953458 531240 505935 689521 890906 277769 306758 713474 276486 907664 197874 217196 488209 715849 468911 678569 932480 206075 681045 323825 675506 490679 366581 579108 633257
577626 373744 366461 339986 299879 282028 313089 630725 439843 308547 609605 689406 172947 505846 305232 411613 439750 618003 491830 594095 597018 434848 463228 428046 999999999 208639 88960 393594 296722 564391 418987 230332 471023 537876 681606 404522 428164 348387 270617 428341 524979 442902 343639 105274 66663 292867 373884 83990 434925 268577 397499 601916 589782 492440 225657 211364 590458 337808 352205 708658 280744 524496 26128 533832 197929 539840 492549 594704 25871 39183 560979 513479 474222 503984 184189 532507 618636 399102 269395 469018 356173 334976 287378 204228 479715 496956 352087 249950 414425 245645 279328 514717 233994 617427 109284 293095 178187 396134 641271 216320
399146 548939 245185 238222 113752 231079 503749 423132 413484 297757 401597 541775 288923 358105 503331 276873 311556 426791 457272 469520 466805 267151 646447 485828 208639 999999999 282034 521539 182858 373482 540720 83285 268602 335225 587707 609888 248997 140701 179987 628678 687497 359204 447747 261970 248754 200741 570027 143048 608768 63477 233957 447179 384406 672076 421600 342109 517114 542492 530100 527099 351474 688836 232215 441043 238435 463940 468223 757540 184178 180537 409402 630520 265858 295523 331310 511996 464479 210033 380495 546878 283732 510135 319354 365960 507368 467771 498289 458571 237776 454075 228298 484810 286341 417979 263939 453912 37998 580411 475101 226683
618995 371278 391153 428849 356872 288990 226007 704552 520000 390289 676015 711383 233447 594519 278719 438416 528708 701557 470495 607488 612961 521761 374987 487692 88960 282034 999999999 424269 385573 613878 451699 283274 549675 597209 678249 328910 474611 416734 295745 346799 436379 530128 389766 161471 120760 314767 289405 172285 430620 336637 484576 690472 666428 403819 140414 257888 581056 295899 348412 794644 344945 435769 63886 535307 183246 625418 466866 505974 104788 128142 649608 544555 542680 575854 225481 503225 707247 482166 202356 403472 443579 335053 256046 231077 433231 576396 374154 190316 460197 192283 286816 490212 307813 697952 165384 206230 247099 383157 729121 211155
920081 151795 743843 437418 635184 673272 520575 859068 339576 303902 876411 1059374 236233 589147 251511 784720 515805 773481 884665 975199 975701 583024 646505 171580 393594 521539 424269 999999999 445577 889559 28482 584949 692493 837532 1072589 490867 770515 643231 652709 545980 751258 441495 85795 289715 327071 676117 534310 396485 169030 581413 553821 669665 805972 680082 457743 186120 983528 308631 159694 819924 187473 746633 394656 923717 590120 475014 884213 808255 412115 386207 633638 120593 748127 758486 209566 922920 680767 602596 621771 818200 397591 149177 675289 193694 857485 366391 60394 363838 759272 343930 670457 906824 247088 801639 285957 580444 513622 197849 725450 609891
515286 522085 417489 55396 267050 413872 608750 414117 242039 154745 432911 681536 259414 209462 518018 440979 144099 348719 639608 627639 621868 152381 759645 356437 296722 182858 385573 445577 999999999 471613 456703 264757 246916 406598 755973 684930 381132 231270 362298 716596 819882 176375 360895 280756 295414 382235 666509 213560 574768 207150 116694 305804 361885 789114 520516 304866 693023 571152 508836 423903 258107 819797 322445 613431 407547 281168 650963 889932 282826 257589 264676 533947 310854 315185 312920 694734 322335 157020 535903 717634 104616 487389 495266 352115 687662 292352 443487 519288 374624 508235 411073 667262 202362 365442 280005 585637 210119 563749 348010 401946
63670 922075 256148 509144 265679 368935 802674 254552 703267 624960 164102 244353 661271 495964 868984 217064 509331 392385 443721 259126 243323 410993 919492 826530 564391 373482 613878 889559 471613 999999999 906527 334311 279385 83760 401137 933376 139685 247273 331250 937410 921136 602176 811163 634236 616301 320522 873210 514218 982121 310690 411688 530776 272936 936530 737289 714569 400495 901434 902876 496499 709887 925374 582809 321952 471460 687440 467239 984792 538526 545466 515756 992451 176549 202544 704779 498192 543295 341646 606904 677737 565882 883159 485385 739289 575147 744471 870366 803741 154292 803721 369173 466192 645554 339715 636451 718332 392151 952235 516253 440219
938406 173577 766100 445263 654468 697614 548724 868856 335227 310891 888912 1080116 258294 591914 277952 806398 519670 778794 910516 997470 997644 590522 673738 160490 418987 540720 451699 28482 456703 906527 999999999 606022 703356 852748 1096556 516779 789453 659659 675763 572249 778978 441612 96293 314529 352650 699237 561674 418688 183069 599743 562474 669952 815308 707270 486213 209724 1008259 334028 183627 821599 199489 774291 420823 947510 616039 468907 910380 835595 436913 410255 634839 94502 762088 770975 234798 949328 680484 613509 649732 846437 402854 174725 701861 220794 884927 357920 88173 391884 778472 371987 694778 932894 261722 808727 310697 608924 534243 217820 726186 635294
348317 595737 165181 319889 74020 151973 489881 435144 496689 379356 396071 474490 348921 426430 535435 201313 386950 467401 374856 394026 392845 330487 623588 562879 230332 83285 283274 584949 264757 334311 606022 999999999 300347 314008 507176 609784 198011 146637 97641 621065 651559 440663 515848 308448 285315 117643 559105 190322 656644 79378 301054 510543 404939 646324 415047 400747 434336 567136 575413 573792 423938 653826 248520 359475 185421 545129 386533 720599 204510 214370 474927 697925 267024 305381 384719 430282 527723 262717 334489 482748 366705 556614 253048 415618 432483 551055 555933 471357 184487 470351 149374 402535 359657 448916 311223 424124 72734 622581 532465 165330
338242 762743 367561 264107 241146 431081 772350 169016 445212 396291 191281 520362 494574 216582 743552 363066 236396 168860 610598 505968 494227 136904 914292 593447 471023 268602 549675 692493 246916 279385 703356 300347 999999999 197853 649142 875414 260077 157397 372494 896456 950062 333759 607729 496892 497235 380233 838427 393287 817636 224223 149012 260625 120704 939236 689759 544239 617339 790606 747783 278985 505022 951968 496128 531744 485767 411015 629317 1019549 448418 437445 239722 778495 104744 80967 546602 669928 275249 89899 634718 774653 316916 726482 547072 585513 705806 479096 688921 718727 263673 711852 429347 637954 448091 149928 497442 719084 305490 801966 260170 464519
146399 881659 279925 439463 240367 382863 799467 182486 631139 561277 101473 328077 615768 414024 838199 251159 431250 310485 495838 334874 320224 332059 925175 763035 537876 335225 597209 837532 406598 83760 852748 314008 197853 999999999 478658 923367 147940 197406 335597 932535 937101 526081 756640 596661 583616 330493 869521 478273 940591 271979 335980 447027 192786 944753 727971 668791 468333 875320 863572 416673 654020 940677 558739 385991 474455 608102 518252 1003063 512208 514171 432387 935781 98944 119317 662387 552900 459537 266674 618034 711587 495730 843212 504012 698651 617990 669908 822908 784204 161007 782148 382443 520359 591042 259538 598442 723270 360353 914773 432902 445134
338789 1047804 342541 807475 488925 399722 770092 655665 996749 885451 564550 198685 839491 855268 955414 314998 845541 787874 231011 144294 158435 758436 828460 1069154 681606 587707 678249 1072589 755973 401137 1096556 507176 649142 478658 999999999 915601 394020 539585 423112 894823 780004 922236 1012493 783210 748047 399529 832842 680698 1107974 549170 745055 909766 671443 831231 743994 886842 103735 962681 1025201 895298 927093 786981 685668 149388 495240 1021542 247859 825522 661210 686397 887169 1190670 547289 586117 863573 239520 924253 680104 547274 485156 860577 1010370 432822 885834 360249 1048308 1033611 846789 394751 856081 402478 226865 864203 738172 786877 661963 578699 1061404 904700 469470
930811 349963 692655 717097 683784 579011 145535 1032961 744277 635140 1004521 995133 452268 891831 239740 739724 819506 1020778 685608 881209 890675 832397 173529 635741 404522 609888 328910 490867 684930 933376 516779 609784 875414 923367 915601 999999999 793793 745645 604210 57718 288197 794608 515849 407018 389710 618657 88847 485004 375852 665533 794938 987932 993618 203800 196111 434414 811956 183286 334965 1107012 537935 281439 379287 792181 467794 872790 671800 331303 427055 439566 946667 581196 871564 904602 407028 693518 1003751 802813 369211 485299 714365 342057 492542 377546 583742 792442 431468 167175 779148 181475 577755 694867 538177 1021870 408544 254027 575744 318581 1032707 499961
151224 791981 132323 427514 135672 236441 663995 318588 622287 526825 248052 300809 537377 461289 733368 109454 453752 414894 360525 254676 245958 364543 783845 724722 428164 248997 474611 770515 381132 139685 789453 198011 260077 147940 394020 793793 999999999 151525 193453 798493 791204 535751 695836 503867 482863 185234 734487 384076 852615 190396 352755 519269 312332 802079 597689 590369 357267 763907 772066 526586 597544 795001 445505 271675 333900 631675 381455 856536 402391 411834 494528 878514 166638 211094 577581 419269 534459 286429 473502 564275 483336 752893 356784 610375 474211 669688 746563 664690 14666 665085 236238 386719 532341 374445 506382 582111 261416 820008 519916 303252
285431 684277 222717 276178 83799 274212 632180 290131 471293 380942 261220 450617 418618 323189 643531 230334 306090 326215 465593 404063 396439 223865 768939 581466 348387 140701 416734 643231 231270 247273 659659 146637 157397 197406 539585 745645 151525 999999999 215392 761010 798151 384785 564087 400036 389140 224333 700406 282905 743187 80258 206186 393841 258317 792264 553791 471740 490480 683192 666282 435576 462623 800450 371134 406231 330939 482253 482504 867103 323385 321234 363463 745186 126158 160322 464981 524573 410307 145789 480355 617385 332251 645869 389690 501307 551596 518211 626434 597892 146974 594032 272392 493467 398386 303516 401688 570357 170798 717721 406021 308265
326907 644341 96465 417486 131691 59067 471497 485217 591905 471349 430113 419487 417710 519341 568801 143077 483241 541342 277347 324205 326547 421649 590660 647476 270617 179987 295745 652709 362298 331250 675763 97641 372494 335597 423112 604210 193453 215392 999999999 606370 602401 538295 589894 365774 334548 23595 542044 257960 705510 169302 394391 600074 463848 609470 408677 466593 343223 591256 622712 650968 504174 605743 281166 273766 140461 642770 288901 669225 247175 267950 565987 769385 316137 359537 445636 332646 617069 349646 282641 402198 463711 605592 176546 471618 340033 646903 617483 484958 178902 487959 57094 304966 441810 515450 369176 388812 160897 665453 617894 109937
930919 406859 691032 751664 694935 576082 135166 1050284 789482 676532 1017114 984904 493514 925079 294477 737420 854094 1046338 663886 869205 879636 861317 117737 687372 428341 628678 346799 545980 716596 937410 572249 621065 896456 932535 894823 57718 798493 761010 606370 999999999 232488 834347 567625 443112 421616 618996 64948 511039 433548 681521 823831 1021454 1013065 146791 207334 479832 791112 239808 391348 1135854 584158 225451 402438 777141 467131 915736 648522 273699 449128 465235 980173 638167 886105 921008 450921 667221 1037581 827304 353924 448614 752403 397664 480858 423803 553718 838993 486224 207771 783829 224596 575104 671050 580066 1044475 445031 235032 593158 376173 1064539 499037
899090 624323 665020 864875 719453 554763 235916 1083808 944919 819759 1032509 909432 645052 1027138 504865 705527 963759 1113536 556906 790976 804874 947832 114801 873292 524979 687497 436379 751258 819882 921136 778978 651559 950062 937101 780004 288197 791204 798151 602401 232488 999999999 965708 756913 580257 546601 606637 219459 606573 658279 725843 911627 1122138 1056308 88081 317525 647335 680364 459138 606116 1214466 750061 8451 500265 690966 468587 1058603 536057 70274 537093 564010 1081807 853600 914069 955084 614594 540634 1139171 897415 320180 295670 879440 608414 435772 597493 419806 999121 690901 388452 777259 408328 555000 554723 729305 1099644 583361 235155 649501 599571 1157181 494865
654351 559341 588889 120986 436049 590245 742013 473193 120606 161404 521888 830184 342530 156444 592149 608302 98940 351458 815432 788749 781216 197043 893748 296500 442902 359204 530128 441495 176375 602176 441612 440663 333759 526081 922236 794608 535751 384785 538295 834347 965708 999999999 359133 392783 421093 557829 792004 366698 600041 378416 190503 228356 418198 925168 653928 368481 864540 652071 552728 380742 278077 964676 466493 783181 579513 104839 827122 1034744 435180 404808 193805 494355 427350 414338 390634 870886 239277 260534 699987 888005 86781 532329 669167 425261 863054 145533 462828 627945 531757 613145 587447 843165 257931 392358 390465 735891 385916 606478 284620 576119
844067 208815 677994 351646 561416 615705 521645 773830 263658 218143 792758 988705 173827 504535 279461 716973 430727 687846 834319 909037 908507 497242 658638 119896 343639 447747 389766 85795 360895 811163 96293 515848 607729 756640 1012493 515849 695836 564087 589894 567625 756913 359133 999999999 238557 279515 613475 546321 331937 242188 505688 468192 586644 720567 692382 448832 133215 926961 341159 208196 735772 103227 753122 349705 863134 541447 400531 835858 818049 358581 329284 549964 182773 665800 674813 164408 876095 598211 517841 591768 792026 312114 190987 630613 164856 819618 297579 106999 370035 685166 350525 612804 857785 165777 715846 234496 566533 443470 257180 642013 558006
655068 288192 459352 310138 369476 383658 350772 663942 365077 240049 656693 779857 72128 485239 247005 502424 412506 625552 596966 689813 691478 431682 501952 327894 105274 261970 161471 289715 280756 634236 314529 308448 496892 596661 783210 407018 503867 400036 365774 443112 580257 392783 238557 999999999 42035 388881 399227 120078 348748 325446 394713 581135 617591 533900 263805 106097 693836 294385 268664 704653 183551 578408 112124 634608 303202 480139 597821 647806 122416 97826 539903 409014 520998 543824 80364 637747 596848 414451 361964 563352 309535 249149 392078 107270 582435 420164 251718 240098 491113 227966 380859 619966 149737 634705 4108 360900 242701 318447 626911 321074
633580 311582 429592 330460 350623 348364 321037 661957 401322 273529 648882 751805 113907 503470 254611 473878 432759 633705 557898 658643 661067 443020 472871 369897 66663 248754 120760 327071 295414 616301 352650 285315 497235 583616 748047 389710 482863 389140 334548 421616 546601 421093 279515 42035 999999999 357217 373810 106541 372735 311676 405620 599838 617669 504111 232839 146450 657119 295237 290715 717480 225066 545126 70336 600055 263545 512040 558133 614922 87571 71030 558557 447113 512850 538679 117944 597651 615974 418449 320183 521535 336012 272531 351269 137919 540717 457176 285567 225326 469605 216144 345637 580483 187503 639066 46126 323263 224517 337266 643399 282831
312279 666455 76398 437241 141786 53424 483887 485958 613562 493837 427101 398325 441229 534285 589394 123788 500466 548779 257659 301427 304155 435935 599226 670859 292867 200741 314767 676117 382235 320522 699237 117643 380233 330493 399529 618657 185234 224333 23595 618996 606637 557829 613475 388881 357217 999999999 554399 281539 727596 185121 409839 613204 467130 616995 423803 489997 320155 610612 644725 659184 527711 610273 302679 250193 151869 662082 270279 672621 269734 291077 579900 792897 318107 362318 468836 313897 630087 362458 288281 396225 484342 627778 175220 494501 327704 668294 640599 503082 171016 506668 52533 285473 465264 520681 392311 397843 183359 686980 629237 120107
866187 404870 626211 704100 632795 511209 70548 990187 754603 636896 955131 920327 455103 875770 285808 672544 806214 990830 602143 804860 815146 808544 112547 664878 373884 570027 289405 534310 666509 873210 561674 559105 838427 869521 832842 88847 734487 700406 542044 64948 219459 792004 546321 399227 373810 554399 999999999 457507 439709 621348 771131 972191 954033 146287 148997 447486 729107 240053 386799 1082540 552059 214038 347777 713363 402532 877179 587428 273945 393311 411779 930977 634478 824980 860634 416655 607625 988568 771477 289801 396467 708424 389655 416281 393573 496269 806032 473928 176803 719829 195969 510247 610219 541701 987130 401547 171457 533913 380777 1013717 434376
535300 408228 347434 258870 249425 286368 397079 556489 377401 246011 542347 664230 160407 422249 360628 388370 357213 535925 511612 578810 579217 351047 547085 395954 83990 143048 172285 396485 213560 514218 418688 190322 393287 478273 680698 485004 384076 282905 257960 511039 606573 366698 331937 120078 106541 281539 457507 999999999 468670 206393 313655 518188 513241 576096 309567 211074 596868 401663 388736 625138 249350 606379 110076 531314 231143 466682 516241 676546 69622 45813 477326 511859 406315 432391 194442 558458 534963 317866 334539 528150 280101 369208 324754 226308 522132 434941 365681 325557 371481 318607 283410 536770 190680 537567 122429 372938 122714 438144 557283 239029
1003812 61201 801362 577772 718067 712450 447338 986548 505124 450498 992305 1124153 326086 740825 168057 846236 665633 916899 900065 1028341 1031703 721767 545923 340560 434925 608768 430620 169030 574768 982121 183069 656644 817636 940591 1107974 375852 852615 743187 705510 433548 658279 600041 242188 348748 372735 727596 439709 468670 999999999 671955 689259 826185 935681 577916 409439 274250 1011600 199883 83037 972656 327660 652334 425647 963080 612848 641603 895031 706498 458895 442860 788479 215453 858823 875853 278218 929283 838354 728982 602994 783314 545908 100204 684938 242832 845789 534794 137339 298213 839836 281026 709953 918645 373183 939302 346263 531901 591378 59153 880742 638739
338702 612242 210741 260016 60846 227083 553573 368852 447638 341461 341179 488080 350752 350071 566284 234358 315732 389588 441052 423730 419304 252790 692278 536193 268577 63477 336637 581413 207150 310690 599743 79378 224223 271979 549170 665533 190396 80258 169302 681521 725843 378416 505688 325446 311676 185121 621348 206393 671955 999999999 225097 432204 334037 716412 474211 404035 486489 604483 593496 495009 407152 727772 291043 406322 263156 481369 454850 795330 243411 242646 397284 688275 206413 239501 394218 498279 449324 183452 411257 562022 311727 573479 332330 429202 508716 499270 560030 517801 180402 514174 224712 469045 341945 373877 327405 495416 90622 643884 453193 244442
464477 637612 424725 117774 273089 451863 710337 307266 297087 252148 340277 641915 376108 125383 634425 436237 101069 232122 663442 607407 598563 37492 859350 445728 397499 233957 484576 553821 116694 411688 562474 301054 149012 335980 745055 794938 352755 206186 394391 823831 911627 190503 468192 394713 405620 409839 771131 313655 689259 225097 999999999 213468 253114 887502 623157 421162 696203 686934 624847 312158 367331 912242 423625 612272 472391 279883 678347 981900 379833 359353 175460 633828 237099 227334 429610 721460 230763 70103 612638 780154 168309 603398 551436 468808 733284 333949 556222 630831 350612 620750 449421 691479 316079 250044 394261 676485 270208 679846 245599 459744
592620 782937 616110 271096 472122 658671 914466 322878 341480 378234 400185 774929 545736 96427 804210 618207 169251 166319 859404 766489 754524 180507 1065124 522160 601916 447179 690472 669665 305804 530776 669952 510543 260625 447027 909766 987932 519269 393841 600074 1021454 1122138 228356 586644 581135 599838 613204 972191 518188 826185 432204 213468 999999999 276244 1094284 826294 580860 875826 861628 774667 155254 500317 1122451 627805 790294 685555 235094 876301 1192372 586622 562914 41286 720102 363577 329068 597806 918413 17301 250755 826028 992201 284594 753779 762870 635249 940103 343740 688851 821217 521607 808862 656408 887250 468420 222748 579806 887083 483650 829191 57094 672021
336605 881552 438164 370852 337746 520126 886973 55159 536442 505259 124725 514387 614106 274137 864205 421757 319685 120985 672824 527598 513010 228706 1026262 696682 589782 384406 666428 805972 361885 272936 815308 404939 120704 192786 671443 993618 312332 258317 463848 1013065 1056308 418198 720567 617591 617669 467130 954033 513241 935681 334037 253114 276244 999999999 1050102 805900 663110 657820 911285 867027 223930 618808 1058677 614564 573926 588375 477110 693770 1125100 566639 556986 273108 886741 149983 104970 666455 731450 285522 206847 737774 862934 419099 845672 640389 705471 782747 562188 805354 838362 320896 831841 518835 698864 564213 66839 618130 828485 420123 921415 250224 564264
920174 547381 681510 830686 717446 567596 183218 1081444 894837 773703 1036708 946920 594231 998278 430276 724787 931603 1098513 602989 828637 841347 924452 33754 810655 492440 672076 403819 680082 789114 936530 707270 646324 939236 944753 831231 203800 802079 792264 609470 146791 88081 925168 692382 533900 504111 616995 146287 576096 577916 716412 887502 1094284 1050102 999999999 271295 590511 729279 380618 530299 1195527 694724 80337 466670 730700 470458 1013998 583969 129014 508048 531534 1053394 778147 912698 951705 558862 594065 1111042 879919 329734 355027 840047 534322 454933 537805 474234 947415 619740 322460 787717 341868 567368 604384 680213 1089140 536616 222494 634451 519774 1132592 499665
735534 359106 498596 560354 489052 386371 88540 842951 627637 503843 810761 807169 327531 729977 241424 545923 661833 841867 519379 695876 704101 660500 240338 561462 225657 421600 140414 457743 520516 737289 486213 415047 689759 727971 743994 196111 597689 553791 408677 207334 317525 653928 448832 263805 232839 423803 148997 309567 409439 474211 623157 826294 805900 271295 999999999 331739 641691 227445 337021 934119 433231 315269 199532 611828 274352 743730 509424 384275 244456 264049 785191 571067 679086 713709 298510 538005 842851 622499 203070 373895 568753 331622 312003 285177 442657 681629 399345 112685 583046 128542 384911 533195 412092 838267 266733 124290 385879 352696 866645 306425
741077 218508 558037 316443 454699 487947 411824 713252 309918 207122 718149 875120 53298 488875 224143 599419 413066 652203 703023 789329 790069 455542 557204 232493 211364 342109 257888 186120 304866 714569 209724 400747 544239 668791 886842 434414 590369 471740 466593 479832 647335 368481 133215 106097 146450 489997 447486 211074 274250 404035 421162 580860 663110 590511 331739 999999999 798777 283597 204169 718142 104631 644391 216532 737834 409282 439390 703913 711819 227837 200545 540763 303989 585090 601604 33674 743771 595017 456267 460234 661154 296623 182749 497706 57415 686434 359289 156213 272707 578512 255257 485103 726062 112489 670251 102111 443272 330538 258950 631894 427002
