NAME : synthetic_000418
TYPE : CTSP-D
DIMENSION : 100
GROUPS : 8
RELAXATION_LEVEL : 1
EDGE_WEIGHT_TYPE : EXPLICIT
EDGE_WEIGHT_FORMAT : FULL_MATRIX
EDGE_WEIGHT_SECTION
999999999 215491 816682 286521 683894 117792 621004 377839 121890 684576 183126 570989 152379 432702 526735 309086 463808 819127 205546 535958 166900 255375 501904 113988 704986 396861 319871 771931 704200 492452 547673 482874 283659 458421 120866 742474 502511 623447 490691 404585 269899 516792 723114 736491 484078 576079 132348 535290 682558 705551 529367 514984 581074 502579 275213 366099 745063 748229 500545 485897 488826 570170 502300 473810 528249 435307 780022 515221 750031 417809 299813 754989 726849 802426 757185 426412 721787 848857 661423 549840 572178 556630 711848 466244 561070 388976 698265 336092 151579 426619 467289 570276 248432 847100 645463 467294 415959 89805 245352 483444
215491 999999999 908576 224343 863444 212815 825675 560411 273298 832134 142499 776643 342152 239424 741596 277045 670071 1034615 158672 743042 287686 359014 710426 277523 892613 405163 534166 919196 899492 669678 729614 594819 494964 601400 128426 948034 591711 838188 639337 477247 484229 718912 935748 949377 629804 676506 195207 743726 895737 873355 744550 656268 782217 678675 490636 477570 951667 952555 621371 623053 618950 766159 717769 618785 720389 641057 995471 705428 939523 631914 413839 948404 923571 907510 948376 559293 843682 1064126 876187 747655 733922 691295 897572 594184 618364 562160 892846 461045 345831 578216 596571 679578 327372 944517 798130 661293 482334 294434 303677 670706
816682 908576 999999999 707198 446617 934446 1047747 532432 920943 272947 766112 1010997 685353 921479 863417 651107 637450 959146 1003867 648548 654207 1049713 950138 907480 505456 524281 819588 265144 566431 1104465 469242 1228437 847643 1162448 798988 682144 318921 908882 1175916 431462 736737 1007597 783273 794724 371724 1322198 730079 663370 778416 375931 851071 1208904 596453 454189 765056 450686 696198 669667 1231143 1193756 342713 554574 803097 1170394 530472 634435 918126 1070220 530453 846361 1077773 564452 585129 59514 546360 400679 154236 937972 815580 1052811 1205974 295176 492722 1193080 301451 498722 558979 481353 692186 1123006 360713 248902 1055702 41734 306165 551131 426365 747647 606822 511397
286521 224343 707198 999999999 746165 364995 881596 471622 400627 676364 110579 830959 313808 241692 755706 56473 619338 1025987 366633 689883 208757 523148 757955 396357 787246 186871 564528 759628 808484 776517 623716 760143 542710 743567 177237 880508 401431 850101 776723 286579 485107 783538 896499 911122 485269 850215 159761 695022 861121 739111 754272 800187 710235 567708 503543 318459 887251 881250 780922 770201 459629 683409 716185 759338 632912 591141 982782 793196 835570 657718 573945 851597 834617 713996 847244 408903 664164 1044602 854882 820956 858495 530610 788702 748253 408431 459079 800651 318075 322944 712696 438566 497960 503148 745479 649463 582040 286787 308465 149530 578177
683894 863444 446617 746165 999999999 783800 648819 306409 740975 175916 740497 622303 532419 987438 471562 705253 281604 513419 888595 251086 577959 838857 577034 725986 61393 630308 516308 200113 120143 766802 136248 947748 562251 863082 735018 236096 423130 491022 863660 496405 470977 637928 338250 349072 268828 1031676 670568 264935 338002 73386 457272 896990 182325 184782 490177 432896 250002 224434 939378 892182 310310 154005 416656 865436 169779 297208 473436 713875 101272 497270 845642 130269 140929 390175 116852 343678 295422 491387 381074 679156 863169 260822 52557 903721 506251 301283 112459 428159 532384 825457 325578 344644 861601 440512 155472 227964 506362 594415 598233 202420
117792 212815 934446 364995 783800 999999999 624130 481054 66158 796439 254432 576638 261707 451951 563153 399388 543665 860673 116639 612936 283545 158494 515071 75910 799658 501796 358471 883350 792781 457263 647924 396892 311328 392005 188075 818810 620121 657470 428888 520573 337313 516101 785074 797492 597942 485530 231863 609935 743218 810824 568665 447803 665365 606561 332972 483890 819759 826273 419828 415520 605051 659929 550531 409037 621988 516671 824959 495815 842898 451879 210852 844681 813840 919754 848679 542749 837900 896227 715062 541386 521674 671830 807742 389465 676661 496323 787551 453636 258468 366773 583739 687792 139753 964718 756296 560719 531396 195876 355583 581520
621004 825675 1047747 881596 648819 624130 999999999 548927 558331 788901 795756 50639 573243 1053529 184338 881548 411117 324470 731079 404697 681846 540027 124374 551106 613136 907105 318370 843172 561078 232257 580258 466270 340320 373536 740304 490110 848041 168710 346365 825881 406925 108268 380658 382253 699022 509768 724880 389840 350756 718107 196952 369192 468062 594726 383219 740220 479905 506062 438850 387208 745503 504202 244669 363057 518861 418092 313598 159440 625274 234183 502410 601304 561674 1001384 617986 713909 897023 378567 297025 96265 281912 763754 628258 419722 945408 585107 563386 703999 563159 356211 738679 840186 582076 1055430 748409 498210 841960 574019 770316 537368
377839 560411 532432 471622 306409 481054 548927 999999999 443596 327985 445383 504961 226034 706256 373410 441860 166464 584522 583016 227547 280769 554214 436143 428644 332212 408053 287299 411390 342198 573034 170516 703564 316311 632390 432303 408939 299378 448443 644150 295776 206315 488684 434882 449703 161338 795443 371210 236020 404133 329814 364906 677322 238799 125508 233762 208498 415930 409664 703285 663550 200671 212594 316189 639486 163198 144599 539402 543559 379168 325267 570697 389314 367427 498308 388343 165120 399362 592622 410368 534356 674548 237378 337454 665445 397513 36441 334998 180513 226260 592940 191005 298999 571233 550752 284917 110563 311166 288724 323161 110734
121890 273298 920943 400627 740975 66158 558331 443596 999999999 766071 291986 510659 236834 510595 498430 428168 490833 796026 180250 558297 283827 134660 448915 15005 753045 518726 295339 851956 742592 397225 606207 361910 246955 344011 225069 762884 612446 592256 378742 520461 282686 450411 724582 736712 572149 454541 252808 554385 682515 772524 504310 400548 613653 568356 275092 473594 763204 770999 380917 369897 584631 611131 487771 360277 575865 464808 760840 432390 794959 387285 177950 794883 762720 902254 799895 523194 815907 832382 652781 476487 467060 648264 761900 347702 677019 462673 737771 440270 231229 315239 564187 672393 134760 949177 724649 514951 532691 173296 366644 538718
684576 832134 272947 676364 175916 796439 788901 327985 766071 999999999 696399 755933 534746 915776 605474 627574 386632 686421 888239 384691 546793 881422 700772 751328 236541 528961 598064 87648 295998 872865 210691 1026494 635502 950159 706972 411936 298658 642231 957427 397805 529636 760415 510455 522058 203075 1116333 637523 399610 505648 110882 592246 990991 327186 215491 554869 360363 425778 400343 1023587 980787 217149 286902 546223 955434 271232 390357 645216 829632 268166 605216 898678 300957 316543 218825 284453 273426 119867 666546 543874 804431 973102 145799 225199 986243 362688 304080 288165 371488 538147 911045 238844 202986 896685 271429 44079 306130 403238 600564 538915 267137
183126 142499 766112 110579 740497 254432 795756 445383 291986 696399 999999999 745260 248870 271531 683872 150192 574841 965693 263323 647542 164616 412669 673865 288695 774568 270078 483754 782808 787580 675576 609981 650025 455474 635820 67129 847294 449290 780045 669826 334750 414016 694126 849242 863497 495795 739765 78492 650503 811394 744370 684170 692406 677953 556490 428043 338334 852462 850034 671282 661883 481076 656763 650292 651888 608384 545796 923984 697141 822362 580171 463757 834306 812733 765183 832444 422976 702850 989188 798971 729214 754218 553601 778141 639062 477406 441302 780367 325114 255908 605957 458813 538049 392658 802019 664193 552190 339965 224335 161864 555894
570989 776643 1010997 830959 622303 576638 50639 504961 510659 755933 745260 999999999 522841 1003620 151282 831058 373550 343436 684912 374110 631422 498203 74260 503029 590280 857733 267937 813560 541044 207839 545952 442272 289793 347655 690069 478921 803400 162580 324547 778350 357196 64720 375583 379120 657589 493835 674263 359486 341816 689909 165258 350454 440221 556975 333105 693164 469800 494403 417212 364630 703081 474111 209715 339045 484846 378169 326227 133747 605919 185809 463071 583923 543910 965980 599770 669527 861599 395056 288724 72748 273632 724152 605202 394654 900221 541304 542631 656604 512729 326193 695461 798765 539890 1020087 714610 460074 794429 523393 720147 499665
152379 342152 685353 313808 532419 261707 573243 226034 236834 534746 248870 522841 999999999 520378 441959 308568 329647 717689 357923 402735 108628 364450 448897 222883 555711 345877 254907 621732 558668 502780 396361 560033 242630 511444 217634 606416 382946 536724 535378 304997 171344 480605 601335 615465 336907 655503 170444 404508 562992 553174 440782 565077 440064 350336 191036 243598 610450 610613 569555 542069 347798 424862 404040 523561 380503 300510 675596 503377 601576 344984 395145 608432 582292 665533 609499 286436 579367 740383 550136 521277 596838 412058 561938 532109 457563 236664 552286 207624 10582 474036 327396 436495 371249 712830 494792 320414 319422 65850 198796 333396
432702 239424 921479 241692 987438 451951 1053529 706256 510595 915776 271531 1003620 520378 999999999 952575 288204 844331 1236927 386307 916589 429550 596811 934522 513405 1027442 400675 749078 997721 1046458 907788 863309 829639 715945 840365 315618 1113251 632016 1049129 878538 520673 684299 948558 1119884 1134224 726831 907440 349938 920192 1082427 980717 953539 894893 943076 807706 696750 559819 1119135 1115039 857509 861427 699855 918848 920954 857827 869061 815432 1195392 940662 1075728 846608 651704 1090768 1072306 935775 1087056 650389 895759 1260719 1070500 979879 973337 770011 1029316 831657 620339 696803 1038816 559582 527429 817609 679153 730972 563044 961627 890139 815637 518181 492321 389401 814975
526735 741596 863417 755706 471562 563153 184338 373410 498430 605474 683872 151282 441959 952575 999999999 746652 227330 297597 678680 222832 548196 525935 112432 487296 441592 754092 207706 662286 395080 317183 396179 535610 251866 441226 637568 346234 672355 96771 428957 660797 271023 171521 259778 267636 517824 603318 607582 208206 219667 538715 14693 459731 289296 410715 255937 573527 339293 360543 517206 465031 565613 322831 60466 437656 334844 236342 263424 252555 460218 111307 504690 440550 400441 817137 455319 538183 712761 335725 173444 209236 403686 580586 456321 487544 770838 408833 395945 539305 433047 410318 560231 658664 563761 871199 564578 314512 676758 460347 629252 353398
309086 277045 651107 56473 705253 399388 881548 441860 428168 627574 150192 831058 308568 288204 746652 999999999 596171 1008581 412829 664970 200005 555706 757272 422194 748728 130571 563196 709688 773114 790663 586720 789925 546328 767283 212363 850065 347544 839330 798817 233771 478629 786829 872685 887423 440760 881679 176935 671143 838756 694480 744137 823783 680410 530252 499539 273599 857490 849911 808929 794955 411905 651288 703773 782455 600309 568721 964708 802250 797016 653191 604601 814557 799514 658683 809249 364215 610976 1024420 835835 825989 876395 481818 749372 775084 352003 425823 765070 278051 318506 734771 391447 445103 538950 689557 602331 552319 232838 315161 120807 545166
463808 670071 637450 619338 281604 543665 411117 166464 490833 386632 574841 373550 329647 844331 227330 596171 999999999 418680 657059 73093 415287 571690 314687 476352 274609 573156 236199 452506 253766 490256 176212 666264 284413 581599 547228 278718 454976 288875 583106 462046 208322 373922 277161 291795 292979 750161 496767 75916 242597 337316 215934 616558 123362 183652 220516 374933 281737 284501 657800 610865 342481 130364 166894 584247 118114 29142 373710 443497 310876 220307 572289 306366 272482 592821 313480 322945 488512 429393 244353 418240 589085 353376 286279 622118 554191 197122 249804 346432 324857 543874 339564 432859 599066 646930 343991 87183 477319 377022 475473 126286
819127 1034615 959146 1025987 513419 860673 324470 584522 796026 686421 965693 343436 717689 1236927 297597 1008581 418680 999999999 976277 360272 817538 817318 369981 784846 457361 991832 503658 709333 395526 551085 517325 785699 549346 691050 924977 283720 856813 206042 667486 878545 553473 403681 176056 164438 684864 833937 887679 349779 188794 585957 292181 692178 381232 559371 544246 792278 269488 298654 760238 707823 736926 424166 317177 682431 466383 443640 45290 476892 444142 408804 790579 411192 381010 903407 430596 731717 806124 56197 174340 414151 606121 723585 471457 738081 954620 612821 402230 764929 710071 668423 739881 811787 856627 953926 657021 485944 893435 746458 887983 512460
205546 158672 1003867 366633 888595 116639 731079 583016 180250 888239 263323 684912 357923 386307 678680 412829 657059 976277 999999999 727210 351281 216717 626216 191748 907769 532135 474874 975783 903781 548408 752350 443696 427124 461534 210576 933538 685346 772372 501049 577373 452329 622816 901578 914044 686434 521478 275506 724696 859764 911097 684515 514094 777735 707992 449115 555758 934813 940632 472330 479968 687121 770227 667070 479317 730339 629564 940991 594808 952007 567525 270746 955277 925491 994724 958466 624819 919343 1012425 831682 644677 600304 756810 915167 448249 729171 594504 898252 530250 356869 443521 665090 762346 179160 1036710 849815 669096 585816 294308 402805 687316
535958 743042 648548 689883 251086 612936 404697 227547 558297 384691 647542 374110 402735 916589 222832 664970 73093 360272 727210 999999999 487226 632360 326031 544050 229665 635380 288979 439455 196628 517545 179534 709373 339953 620960 620321 206714 499159 260683 618235 518743 275883 386907 207949 222741 329651 789196 569574 14923 176677 316306 209022 651194 70567 207631 284551 433128 209125 213423 697962 648945 381290 100003 165997 621772 119079 102226 314982 462949 258682 250437 628985 248453 211497 599619 258447 371772 495691 365354 188463 428524 612715 379148 243255 663655 597859 253463 194396 407612 397942 584658 382138 464106 661746 653413 345134 125739 533480 449691 544602 155101
166900 287686 654207 208757 577959 283545 681846 280769 283827 546793 164616 631422 108628 429550 548196 200005 415287 817538 351281 487226 999999999 418457 557511 272991 610507 247061 363487 634270 622966 602897 446125 635448 349098 597572 160521 684304 337418 641955 625024 237724 278890 588483 691790 706271 343784 730359 92851 491202 655306 585734 546297 652902 514465 393389 299536 204559 689895 686590 649131 627194 338144 492372 507568 611134 443808 386557 774535 608240 658166 453244 458515 669756 648144 643537 668069 276534 568982 837141 647103 628582 693748 409337 614408 612840 394280 277491 615752 179815 118693 561967 315853 411090 414741 686154 511513 388010 249334 128281 93801 391292
255375 359014 1049713 523148 838857 158494 540027 554214 134660 881422 412669 498203 364450 596811 525935 555706 571690 817318 216717 632360 418457 999999999 450463 145795 843548 651770 346781 965582 825248 338028 707677 238825 294526 245035 345960 829162 744682 611465 284375 654733 368201 433741 773679 784225 693610 327104 383465 625773 731362 877482 535030 298454 694558 675763 351593 605375 827369 839268 263203 264727 710276 698998 530654 262770 669926 548900 787393 392132 882168 421130 54894 877838 842817 1028543 885157 649876 939096 860054 693930 447793 383820 771048 853870 235171 811196 577588 821468 570975 357532 227232 690574 800816 42447 1076647 838835 610904 667122 304072 500701 639488
501904 710426 950138 757955 577034 515071 124374 436143 448915 700772 673865 74260 448897 934522 112432 757272 314687 369981 626216 326031 557511 450463 999999999 440213 550635 783550 194078 762796 506130 205446 490081 429446 218842 334236 619966 458176 733266 168018 319031 705361 282948 60900 366579 372879 591510 493126 601964 312101 328243 641752 126955 349003 395110 496184 258894 620639 450852 472668 408960 356333 635669 425120 160609 329208 429932 315703 344602 140281 571245 112953 421066 552395 512322 906949 566836 599847 802783 416635 278603 103663 291528 660235 565116 381173 829423 472579 506629 583791 438833 306041 627104 732399 490967 961029 658482 399412 721435 451057 645974 439310
113988 277523 907480 396357 725986 75910 551106 428644 15005 751328 288695 503029 222883 513405 487296 422194 476352 784846 191748 544050 272991 145795 440213 999999999 738163 510084 283180 837155 727918 395156 591205 368886 235523 347288 222196 748861 599798 581559 381150 508940 268315 443455 711536 723753 557728 462210 246004 540266 669525 757532 492907 403902 599089 553375 261249 460762 749284 756878 386820 373871 570633 596346 475496 363235 560947 450224 749301 427981 780144 376043 186608 780186 748124 888404 785130 509313 801694 820685 640332 470626 467515 633979 746988 352921 665404 447845 723067 427117 217073 317339 550280 658828 148386 935501 709852 500015 521363 159923 357295 523722
704986 892613 505456 787246 61393 799658 613136 332212 753045 236541 774568 590280 555711 1027442 441592 748728 274609 457361 907769 229665 610507 843548 550635 738163 999999999 680070 510522 252135 61836 746522 164709 937551 559013 850128 764440 176738 479378 450682 847888 546996 475907 611345 283825 293723 319154 1018531 702257 241859 287941 129618 426996 880859 159213 219742 492151 478994 190851 164288 927017 878356 363693 144817 390343 851241 177672 295078 418650 689678 48327 480077 846358 70945 80034 448272 61111 391741 355536 432952 334363 650749 840354 318709 15273 892318 564799 333281 55486 470683 554567 813454 377386 404023 868800 497599 216803 238955 557752 615182 638186 222433
396861 405163 524281 186871 630308 501796 907105 408053 518726 528961 270078 857733 345877 400675 754092 130571 573156 991832 532135 635380 247061 651770 783550 510084 680070 999999999 593185 606222 712999 847986 526020 877898 587524 843992 323537 802191 234512 840959 871963 134248 500773 821287 841760 856571 361563 971976 269941 644072 812053 608377 749103 899567 637399 470008 526194 206099 811321 799636 893365 873324 322472 602718 704281 857806 551802 548594 946859 848800 727522 673294 696544 749117 739721 535580 741178 288560 496773 1000644 817496 863566 940227 386054 678354 857663 223354 382994 704497 227793 356455 808756 305232 334376 640756 563552 509696 513419 126238 375312 154560 497340
319871 534166 819588 564528 516308 358471 318370 287299 295339 598064 483754 267937 254907 749078 207706 563196 236199 503658 474874 288979 363487 346781 194078 283180 510522 593185 999999999 673399 484897 286345 397643 432594 52298 352371 433461 482396 567481 304090 359791 524458 94917 228121 431706 443272 448575 519643 410000 281063 389387 566948 211631 393289 354942 382598 67299 443481 480618 492637 426819 382825 484995 366563 192452 357370 347906 219184 466895 264712 544986 97945 340193 537110 500475 783975 546182 439003 683033 537868 357614 270959 387714 524419 522412 390069 659257 321913 482002 405294 244796 313488 472155 583985 379322 836942 553997 296565 540377 259572 452596 332971
771931 919196 265144 759628 200113 883350 843172 411390 851956 87648 782808 813560 621732 997721 662286 709688 452506 709333 975783 439455 634270 965582 762796 837155 252135 606222 673399 999999999 313925 942410 277659 1104353 713143 1025720 794344 426959 372615 689105 1031137 477695 609555 823239 535865 545857 290655 1192920 724781 454120 537771 127089 648449 1064722 375346 293436 633791 445685 441224 413197 1100088 1056018 302243 339466 604707 1030213 334527 460004 670778 895471 269672 672788 981329 303825 329033 205747 285043 360056 137768 683083 581171 866201 1041574 229920 237883 1063081 424425 389362 307535 458272 624933 986887 324298 273388 981807 250276 127312 377647 481817 687502 624404 340431
704200 899492 566431 808484 120143 792781 561078 342198 742592 295998 787580 541044 558668 1046458 395080 773114 253766 395526 903781 196628 622966 825248 506130 727918 61836 712999 484897 313925 999999999 705987 187478 904973 535227 815443 772266 115953 522920 396090 810762 581838 461211 566295 222245 231957 356342 983116 713020 206462 228136 191018 380389 843304 130704 244035 474282 508645 129873 104648 892567 842799 404084 134058 347631 815467 179464 278182 356911 646160 65140 444252 824215 52603 26722 509559 62072 424924 415565 371599 276243 604031 797363 366224 76137 858835 611987 349709 8798 496119 556365 779764 415505 453589 852828 559186 273001 238309 593614 614825 658954 231909
492452 669678 1104465 776517 766802 457263 232257 573034 397225 872865 675576 207839 502780 907788 317183 790663 490256 551085 548408 517545 602897 338028 205446 395156 746522 847986 286345 942410 705987 999999999 664970 234825 269193 141289 611825 663390 851086 364300 116862 798364 376586 152619 570956 576552 734364 288892 617305 504803 533330 826886 331435 144512 588048 659546 347328 722157 656233 677724 209402 156792 771340 612848 358465 131450 608361 482905 533744 74196 770772 270212 291325 753903 714035 1067032 767477 724621 964786 602892 482834 137451 101530 809414 760466 187704 940265 608031 705765 683550 492264 126717 758369 870329 380173 1120439 829198 566761 813861 477154 696684 605799
547673 729614 469242 623716 136248 647924 580258 170516 606207 210691 609981 545952 396361 863309 396179 586720 176212 517325 752350 179534 446125 707677 490081 591205 164709 526020 397643 277659 187478 664970 999999999 829990 439845 749364 601252 280513 347275 440198 753842 395941 341869 549759 345727 359603 175172 917157 538164 194280 328752 170940 383308 787418 136376 56620 363451 321216 291202 275969 824361 779418 226032 93185 336422 753381 61429 182344 473051 619657 212773 395862 717362 227963 214152 421293 223755 238893 317037 509778 356464 593740 764494 206368 168297 787708 441989 168691 179151 309089 396196 710782 233981 294468 728852 475281 168700 101110 408293 458170 474370 68188
482874 594819 1228437 760143 947748 396892 466270 703564 361910 1026494 650025 442272 560033 829639 535610 789925 666264 785699 443696 709373 635448 238825 429446 368886 937551 877898 432594 1104353 904973 234825 829990 999999999 391239 95394 582995 877991 940938 594844 120494 863674 497755 383975 794819 801777 859125 95478 614642 698672 755234 999542 548810 105331 778919 811571 471730 802546 872406 891209 34923 79545 885884 795883 565794 103381 780277 651335 767238 308972 967982 461291 186290 955578 916771 1199453 967040 830089 1102552 837057 707295 372250 211790 937412 950297 48277 1017533 733931 903372 765324 550998 126038 868764 982339 267447 1250645 982484 728881 877463 510393 724009 764462
283659 494964 847643 542710 562251 311328 340320 316311 246955 635502 455474 289793 242630 715945 251866 546328 284413 549346 427124 339953 349098 294526 218842 235523 559013 587524 52298 713143 535227 269193 439845 391239 999999999 316245 401137 534637 582732 346778 328281 529898 111031 240919 483193 494563 475936 480955 384913 332477 440837 610270 257397 361274 404873 420376 82626 452966 532907 544800 388320 347332 508650 414497 242441 323178 392882 265344 513887 261351 594571 140566 289076 587589 551353 814608 596220 458639 715311 585459 407758 279707 368535 553240 570539 350818 671125 349014 532094 414362 232091 276834 494108 607348 327067 866933 591456 338916 545522 234338 441202 373602
458421 601400 1162448 743567 863082 392005 373536 632390 344011 950159 635820 347655 511444 840365 441226 767283 581599 691050 461534 620960 597572 245035 334236 347288 850128 843992 352371 1025720 815443 141289 749364 95394 316245 999999999 569032 784883 885354 499451 40429 816315 426277 288709 700030 706814 791109 168611 590347 609720 660695 917395 454609 56620 691036 734675 398647 749188 778981 798344 77143 31356 821431 710093 473341 17854 697430 568569 672067 214978 879033 371193 190805 865492 826355 1130541 877497 768272 1031545 742090 612368 278526 143536 868830 863224 47207 966931 664523 814180 711096 501669 39464 805583 919341 283045 1182631 906080 648469 830848 469573 689466 685293
120866 128426 798988 177237 735018 188075 740304 432303 225069 706972 67129 690069 217634 315618 637568 212363 547228 924977 210576 620321 160521 345960 619966 222196 764440 323537 433461 794344 772266 611825 601252 582995 401137 569032 999999999 823884 480112 734253 603315 369242 371515 636902 817139 831074 504092 672993 70336 621863 778018 745500 638956 625593 656713 550252 382178 357427 828042 827837 604156 594929 496170 639317 608022 585190 592952 518099 884365 636025 811469 531032 396754 820808 796592 793513 820490 435392 724406 951335 761838 670496 688747 568053 769278 571950 519168 433735 765503 337506 222495 539534 473779 562697 327069 833230 671998 534340 376820 178519 193507 542761
742474 948034 682144 880508 236096 818810 490110 408939 762884 411936 847294 478921 606416 1113251 346234 850065 278718 283720 933538 206714 684304 829162 458176 748861 176738 802191 482396 426959 115953 663390 280513 877991 534637 784883 823884 999999999 626288 321400 774660 674724 481497 515142 118742 124822 455415 948965 770201 208882 139723 306355 332094 805772 170341 334155 487929 596112 14279 16423 861548 809884 505540 199880 312517 782422 251073 307438 247987 597215 160476 420768 820443 127964 97929 625007 147313 518198 531517 256380 193302 547514 747333 474819 189935 830401 718557 424780 123803 578421 602272 751982 514413 563242 860909 674147 388016 298468 687617 655663 732049 306192
502511 591711 318921 401431 423130 620121 848041 299378 612446 298658 449290 803400 382946 632016 672355 347544 454976 856813 685346 499159 337418 744682 733266 599798 479378 234512 567481 372615 522920 851086 347275 940938 582732 885354 480112 626288 999999999 743412 904702 115799 474683 783320 690169 704441 172924 1036212 411166 511395 668636 388290 663382 936270 478361 298690 503908 139494 637588 620298 948218 916559 121292 437264 614285 895705 391247 438759 811729 831482 524052 620988 777842 550294 549009 316023 539133 134264 263813 854225 687486 828745 951173 163680 474551 910328 99219 263577 514127 175714 391253 846623 117060 99871 746578 353359 285311 374631 114722 440628 288600 344669
623447 838188 908882 850101 491022 657470 168710 448443 592256 642231 780045 162580 536724 1049129 96771 839330 288875 206042 772372 260683 641955 611465 168018 581559 450682 840959 304090 689105 396090 364300 440198 594844 346778 499451 734253 321400 743412 999999999 480749 741654 366496 211791 213624 216649 581193 652918 703447 246012 182133 562449 96004 508681 315434 465075 352387 653952 311244 337362 572455 519608 631202 355415 136770 493006 379633 305037 177148 292018 459419 206800 585836 434220 394953 859089 451357 610448 755561 249608 128417 234684 436126 637256 465932 546624 842569 482247 399049 621440 528044 473030 628406 719804 650628 912643 604195 373268 757422 556830 720876 409311
490691 639337 1175916 776723 863660 428888 346365 644150 378742 957427 669826 324547 535378 878538 428957 798817 583106 667486 501049 618235 625024 284375 319031 381150 847888 871963 359791 1031137 810762 116862 753842 120494 328281 40429 603315 774660 904702 480749 999999999 839431 439257 268959 685575 691638 804199 174362 621989 606374 647190 920155 442819 33587 688690 742108 410861 769949 768113 788574 92756 40976 836460 709964 465386 22847 700167 571932 650585 190799 874953 367813 230490 859979 820467 1142354 872675 784877 1042237 719578 597538 253369 103259 881363 861340 76681 988330 677239 809932 731600 525367 64075 821349 934904 322907 1194902 913395 653491 854225 496751 717668 691171
404585 477247 431462 286579 496405 520573 825881 295776 520461 397805 334750 778350 304997 520673 660797 233771 462046 878545 577373 518743 237724 654733 705361 508940 546996 134248 524458 477695 581838 798364 395941 863674 529898 816315 369242 674724 115799 741654 839431 999999999 429542 749649 721785 736506 227958 959120 301890 528791 694651 474340 653978 869588 513479 340790 457685 87718 684476 671273 874221 847012 188286 476638 606715 828192 426445 440177 833290 788132 594191 592617 692319 616500 608538 431480 608063 157069 377586 883270 704964 793948 895762 253333 544880 836909 156623 265767 573244 121957 314666 778678 171045 211445 652363 467291 376540 393909 16080 354259 175940 373299
269899 484229 736737 485107 470977 337313 406925 206315 282686 529636 414016 357196 171344 684299 271023 478629 208322 553473 452329 275883 278890 368201 282948 268315 475907 500773 94917 609555 461211 376586 341869 497755 111031 426277 371515 481497 474683 366496 439257 429542 999999999 321749 453678 466894 365085 589209 337023 272624 412846 512703 270501 472179 331473 316140 29259 348826 482531 489051 496982 457495 397694 331882 236727 433757 301755 183035 512938 359247 515745 174894 375522 513710 480649 704267 519687 348492 605676 580502 391977 365261 477153 442602 485925 459166 565298 238294 456762 310546 162185 386814 383394 496463 392924 756387 485774 243256 445464 192998 364303 273991
516792 718912 1007597 783538 637928 516101 108268 488684 450411 760415 694126 64720 480605 948558 171521 786829 373922 403681 622816 386907 588483 433741 60900 443455 611345 821287 228121 823239 566295 152619 549759 383975 240919 288709 636902 515142 783320 211791 268959 749649 321749 999999999 419173 424381 646171 441468 625264 372996 382375 702508 186194 297114 456008 554203 295273 666440 507259 529951 360805 307962 689079 485903 221488 281543 489915 373524 383402 82216 631431 163461 398352 612067 571961 965227 626758 650808 861217 453773 331093 45683 232493 716310 625863 335911 878305 525083 566940 628919 470235 264755 679575 786578 475529 1019264 717908 457723 765671 475083 679252 497640
723114 935748 783273 896499 338250 785074 380658 434882 724582 510455 849242 375583 601335 1119884 259778 872685 277161 176056 901578 207949 691790 773679 366579 711536 283825 841760 431706 535865 222245 570956 345727 794819 483193 700030 817139 118742 690169 213624 685575 721785 453678 419173 999999999 14822 517296 859498 770819 201621 42375 411200 247303 715198 211811 391479 452997 637769 105839 135086 775360 722828 569211 253377 243085 695626 299231 305474 135186 501128 276070 353399 758020 245067 210796 727794 264138 569943 630110 164179 88123 446778 648308 550979 298365 746644 786638 458821 228359 614051 595361 669885 574079 639621 808800 778640 481019 328572 736003 641472 752167 349416
736491 949377 794724 911122 349072 797492 382253 449703 736712 522058 863497 379120 615465 1134224 267636 887423 291795 164438 914044 222741 706271 784225 372879 723753 293723 856571 443272 545857 231957 576552 359603 801777 494563 706814 831074 124822 704441 216649 691638 736506 466894 424381 14822 999999999 531544 865315 785059 216323 54287 421778 255551 720949 226126 405760 465759 652544 111285 140908 781835 729209 583428 267467 253591 702083 313642 320048 124972 506100 283992 363492 767833 252333 219246 738978 271559 584530 641811 150176 94504 450793 652375 564570 308077 753555 800777 473625 238368 628866 609424 677158 588445 653266 819650 789580 493204 343359 750705 655179 766888 364032
484078 629804 371724 485269 268828 597942 699022 161338 572149 203075 495795 657589 336907 726831 517824 440760 292979 684864 686434 329651 343784 693610 591510 557728 319154 361563 448575 290655 356342 734364 175172 859125 475936 791109 504092 455415 172924 581193 804199 227958 365085 646171 517296 531544 999999999 952172 434876 342583 496364 253904 507416 837208 305509 125857 393338 167211 466296 450269 860610 822383 52065 264347 458008 798825 218669 281498 639905 703791 366240 482918 716241 388973 382898 340332 380180 76552 245857 681395 517118 691822 835882 78406 316925 822606 269792 127018 347634 171051 341414 751650 59237 141197 705175 391739 168487 208106 238605 402601 341812 174567
576079 676506 1322198 850215 1031676 485530 509768 795443 454541 1116333 739765 493835 655503 907440 603318 881679 750161 833937 521478 789196 730359 327104 493126 462210 1018531 971976 519643 1192920 983116 288892 917157 95478 480955 168611 672993 948965 1036212 652918 174362 959120 589209 441468 859498 865315 952172 999999999 707298 777782 821362 1085645 617178 144389 859382 900999 562500 897924 942465 962824 92832 140322 979857 878701 639074 167659 865766 736836 819751 361073 1046947 539059 277095 1032815 993482 1292395 1045129 924548 1194754 887280 771405 421354 231912 1030339 1031690 130148 1113010 826448 982018 860641 646452 206493 962992 1076660 351024 1343872 1072267 816141 972883 605692 818375 852548
132348 195207 730079 159761 670568 231863 724880 371210 252808 637523 78492 674263 170444 349938 607582 176935 496767 887679 275506 569574 92851 383465 601964 246004 702257 269941 410000 724781 713020 617305 538164 614642 384913 590347 70336 770201 411166 703447 621989 301890 337023 625264 770819 785059 434876 707298 999999999 572339 732915 678494 607479 646849 601307 485892 352234 287115 775136 773251 632790 618067 425996 581286 572777 605532 533584 467689 845817 633468 749731 505398 430392 760523 737876 723716 759334 365425 654079 910819 720579 661983 700856 497980 706455 598587 454218 369727 705979 267398 177657 557929 403600 492593 370917 763917 603072 476434 310361 150910 127863 481942
535290 743726 663370 695022 264935 609935 389840 236020 554385 399610 650503 359486 404508 920192 208206 671143 75916 349779 724696 14923 491202 625773 312101 540266 241859 644072 281063 454120 206462 504803 194280 698672 332477 609720 621863 208882 511395 246012 606374 528791 272624 372996 201621 216323 342583 777782 572339 999999999 168445 330700 194329 639238 83415 221366 279837 442751 210288 216615 686784 637483 394071 114656 151806 610252 133638 104766 304512 449474 269378 238760 621255 257764 220058 614513 268480 383151 510566 356641 176935 414370 599498 393142 255683 652725 610238 263144 204701 416445 399369 573681 394454 477751 655797 668315 360050 137146 543657 449821 550573 168045
682558 895737 778416 861121 338002 743218 350756 404133 682515 505648 811394 341816 562992 1082427 219667 838756 242597 188794 859764 176677 655306 731362 328243 669525 287941 812053 389387 537771 228136 533330 328752 755234 440837 660695 778018 139723 668636 182133 647190 694651 412846 382375 42375 54287 496364 821362 732915 168445 999999999 411387 206777 677230 192504 370723 411492 609516 129159 155901 736381 683996 548428 235567 200832 656707 277746 270193 144303 464550 287257 311273 715965 258789 221420 724229 277081 545165 624439 188747 53731 411921 613029 535104 303001 707132 766156 429929 232983 584288 556752 629982 551863 623149 766435 776036 473527 300757 709197 601695 718033 324974
705551 873355 375931 739111 73386 810824 718107 329814 772524 110882 744370 689909 553174 980717 538715 694480 337316 585957 911097 316306 585734 877482 641752 757532 129618 608377 566948 127089 191018 826886 170940 999542 610270 917395 745500 306355 388290 562449 920155 474340 512703 702508 411200 421778 253904 1085645 678494 330700 411387 999999999 524651 953654 250086 204379 534382 421073 320466 293740 992969 947085 286143 216653 482263 920714 220046 348828 546368 776732 157533 556678 888111 190709 209203 318655 173800 330416 227335 562529 454185 744655 924694 225085 116817 956649 463019 316725 183908 422936 554504 879152 304726 300429 897560 368193 104208 271391 482403 617414 594468 238725
529367 744550 851071 754272 457272 568665 196952 364906 504310 592246 684170 165258 440782 953539 14693 744137 215934 292181 684515 209022 546297 535030 126955 492907 426996 749103 211631 648449 380389 331435 383308 548810 257397 454609 638956 332094 663382 96004 442819 653978 270501 186194 247303 255551 507416 617178 607479 194329 206777 524651 999999999 473730 275059 398938 256836 566540 325311 346312 530746 478668 555603 308984 49418 451266 321918 226156 256614 267144 445526 117170 514868 425873 385767 804448 440629 529334 700095 328525 161755 223885 418305 569310 441741 500803 762050 400048 381263 532750 432066 423339 550649 648056 572437 858487 551539 303071 669897 461219 626163 341693
514984 656268 1208904 800187 896990 447803 369192 677322 400548 990991 692406 350454 565077 894893 459731 823783 616558 692178 514094 651194 652902 298454 349003 403902 880859 899567 393289 1064722 843304 144512 787418 105331 361274 56620 625593 805772 936270 508681 33587 869588 472179 297114 715198 720949 837208 144389 646849 639238 677230 953654 473730 999999999 721684 775658 443888 801016 799018 819820 72589 34536 869125 743243 497384 41768 733681 605486 676661 217133 907596 400829 243715 892329 852744 1175577 905169 817182 1075580 744913 627092 278367 106597 914466 894362 71195 1019205 710283 842559 762748 555169 91141 853855 967472 335017 1228069 946956 687077 884271 524746 745100 724756
581074 782217 596453 710235 182325 665365 468062 238799 613653 327186 677953 440221 440064 943076 289296 680410 123362 381232 777735 70567 514465 694558 395110 599089 159213 637399 354942 375346 130704 588048 136376 778919 404873 691036 656713 170341 478361 315434 688690 513479 331473 456008 211811 226126 305509 859382 601307 83415 192504 250086 275059 721684 999999999 179673 343778 431657 177135 172127 767975 719179 357461 43358 234557 692048 87736 148884 336799 532845 190162 320877 693730 183282 149177 545049 191347 359514 442386 375885 221220 496919 682912 342732 172704 733447 575016 256338 127243 411344 436654 654515 362330 430656 722332 598261 290428 128244 527220 492625 561959 140313
502579 678675 454189 567708 184782 606561 594726 125508 568356 215491 556490 556975 350336 807706 410715 530252 183652 559371 707992 207631 393389 675763 496184 553375 219742 470008 382598 293436 244035 659546 56620 811571 420376 734675 550252 334155 298690 465075 742108 340790 316140 554203 391479 405760 125857 900999 485892 221366 370723 204379 398938 775658 179673 999999999 340439 264830 344247 330484 808224 765297 177861 138949 350250 739962 92988 180680 514511 619592 268022 394773 689139 284314 270686 411050 279536 184049 307218 555551 393087 599185 760350 172190 222123 770952 395546 116532 235740 252509 351125 695576 182951 256486 694486 465069 171414 96945 353507 413845 418510 57367
275213 490636 765056 503543 490177 332972 383219 233762 275092 554869 428043 333105 191036 696750 255937 499539 220516 544246 449115 284551 299536 351593 258894 261249 492151 526194 67299 633791 474282 347328 363451 471730 82626 398647 382178 487929 503908 352387 410861 457685 29259 295273 452997 465759 393338 562500 352234 279837 411492 534382 256836 443888 343778 340439 999999999 377560 488120 496318 470061 429792 426576 347474 227173 405771 320445 197309 504836 330650 530594 154191 355484 526883 492675 732024 533765 377697 632932 573704 387086 338255 447904 470614 502726 432371 594331 266395 470264 339200 181290 359204 412450 525405 378558 784316 510900 263543 473565 204444 387100 296101
366099 477570 450686 318459 432896 483890 740220 208498 473594 360363 338334 693164 243598 559819 573527 273599 374933 792278 555758 433128 204559 605375 620639 460762 478994 206099 443481 445685 508645 722157 321216 802546 452966 749188 357427 596112 139494 653952 769949 87718 348826 666440 637769 652544 167211 897924 287115 442751 609516 421073 566540 801016 431657 264830 377560 999999999 605222 593680 810614 780262 143446 396625 519132 760090 345745 352677 747067 708069 527016 507718 638359 546738 535340 438985 539980 90663 367006 798257 618404 711139 820993 215840 478558 772843 218688 179670 500255 38622 252068 710782 121526 206607 608003 481871 331452 309238 103477 301305 178719 291438
