NAME : synthetic_000748
TYPE : CTSP-D
DIMENSION : 100
GROUPS : 8
RELAXATION_LEVEL : 1
EDGE_WEIGHT_TYPE : EXPLICIT
EDGE_WEIGHT_FORMAT : FULL_MATRIX
EDGE_WEIGHT_SECTION
999999999 180554 1144456 530367 800158 766060 200698 438079 356508 751593 853248 705882 276762 187134 863220 643009 629142 77671 568063 688685 728134 767395 811987 403570 930375 347542 834759 701483 102122 540987 615339 173083 909566 742559 547593 643980 831156 721859 436225 514711 865597 827655 474256 77938 524598 562277 822704 254825 560220 570169 944212 992370 570857 622199 887886 463565 151861 906896 483761 391686 606212 365722 728126 704871 584077 638756 846183 488226 142152 111386 520953 918755 399016 696729 819771 844855 640372 702310 950150 545099 6237 229156 785275 740135 93089 904477 213670 212468 636267 480208 437958 444364 725820 842394 690829 788569 697192 345210 971919 577124
180554 999999999 1319629 595337 919265 932470 27290 594353 530549 919612 1018241 866835 447337 354305 1019173 771095 805253 129034 740149 852620 903519 946855 989975 584111 1108770 526746 1012266 869083 154403 714595 772382 353346 1066251 877072 725081 758248 1011659 894017 591007 614784 1029734 969810 587229 189308 704203 728814 927086 433416 666138 747939 1121588 1159306 739466 735172 1051030 642559 48237 1086800 536871 570043 714259 461450 848890 862771 750057 817820 1001305 663641 38408 283801 659512 1068290 567719 870288 999715 1022069 737848 797448 1123070 713668 186599 371814 921369 919236 88659 1083377 347347 326307 787763 651119 617382 622153 793991 1002796 813383 887086 875092 487638 1143912 748892
1144456 1319629 999999999 1016992 716590 413669 1342792 749767 871985 732644 349619 497513 872643 1023614 420237 721019 515402 1192320 755609 496131 416343 520733 543496 764461 235051 800061 547431 466443 1177162 605177 869655 983281 388288 638457 703939 789160 421156 686959 755942 897832 347145 549686 870238 1134477 629845 602039 803388 922523 857700 684333 209178 229127 587182 803386 339683 685431 1296263 294023 1060985 810336 831587 977053 726011 846200 806283 515586 437241 656345 1282115 1036157 1001177 452392 878134 449929 364975 303782 868732 867459 202544 612278 1138220 1068516 610213 419508 1231544 266881 994811 1030409 604114 814697 759472 775137 992939 395556 729211 839705 602446 868150 188967 572571
530367 595337 1016992 999999999 385163 610729 621706 359501 672676 1003570 667423 524858 426846 616661 612166 300021 614561 500980 829192 535018 673885 892368 957923 599820 882401 520401 984309 573732 461778 530821 946902 535802 655433 401200 762113 242005 899050 948969 350864 123113 670775 506131 170192 456881 612396 477526 358774 583690 159505 774189 875208 799747 499450 222208 681545 564929 611657 902081 64929 651520 192644 176928 331097 1017818 880176 671801 593026 524022 576918 466380 926801 621349 731291 628878 832390 790715 178728 223979 820621 485192 527591 694904 442407 745850 547674 871729 339863 323003 417041 773691 660184 690016 199091 624635 309422 311629 867206 296578 829111 532151
800158 919265 716590 385163 999999999 381633 946551 406207 770877 969787 390857 318111 573611 803895 299133 162134 503405 801470 840518 348064 503204 789417 855679 652685 655718 605203 879426 387765 767651 473298 982686 723704 328369 111736 760395 161534 752895 907583 402706 310557 385896 167504 332064 744427 581989 396626 91213 727612 256780 761168 634921 487463 412873 184888 384488 571281 921715 702403 447560 721906 208919 459563 72154 1026989 903865 571331 284461 507854 891804 701254 1022921 270441 819929 466697 661862 581180 206440 172281 548176 419886 795315 882159 114019 595836 850754 658319 586957 596941 260084 823210 701929 735386 285778 335567 109932 123178 803225 459522 545636 444720
766060 932470 413669 610729 381633 999999999 957331 343791 568003 631800 88309 85873 489339 680409 147584 326796 189962 803479 547427 83300 135383 427001 489759 441370 282357 444495 511374 65571 783402 238160 690773 622177 177614 275586 470304 399138 375982 569773 348981 489112 102366 235930 457746 743633 316043 203954 472155 580874 453526 461694 268621 226839 195808 408719 126775 347189 915205 321876 650717 505548 434525 563641 360624 711926 611747 242621 143216 295001 896413 654810 775272 230365 597069 116926 281939 200615 479462 493242 212253 221345 759935 742099 268983 226806 846649 280096 594073 626653 193752 564722 464262 492119 619267 100861 350429 493134 461149 460854 225128 196946
200698 27290 1342792 621706 946551 957331 999999999 620081 545558 931651 1043331 892337 471082 368283 1045208 798268 828008 154473 753906 877774 926535 964280 1006249 603433 1130641 548054 1028225 893738 181276 738012 781540 372309 1092240 904133 741282 785538 1030629 907571 616854 642018 1054939 996644 614513 214994 725260 753544 954287 450824 693409 764277 1143941 1184166 763887 762461 1076363 664025 54444 1107593 562871 586991 741534 488713 876165 871937 761751 839272 1027399 686548 60964 306637 664879 1094789 580778 893791 1020467 1044474 764997 824528 1146801 738077 206861 380479 948399 940675 111311 1104956 373847 353344 814021 664645 635029 638672 820212 1028416 840640 914200 891390 514110 1167858 772740
438079 594353 749767 359501 406207 343791 620081 999999999 370658 649283 426624 272938 174556 402091 425903 245860 270977 465611 484033 261432 351182 534256 599161 264784 569078 202788 625572 284376 442526 177879 614361 325606 472657 322750 411064 283766 549050 592679 8680 248528 437207 395047 191549 405104 253013 148829 459294 321525 252120 420531 571331 569095 166546 271045 457675 209252 581610 572413 372641 329241 274343 243816 337510 675728 540950 319523 408528 164524 559639 328002 628584 481000 423808 308965 493898 475623 329090 381638 547635 144267 432263 478494 361121 405054 511123 551429 250918 282869 198749 443575 322129 354950 472006 408499 300576 443578 507923 118399 564843 191204
356508 530549 871985 672676 770877 568003 545558 370658 999999999 397607 653225 543384 245868 177910 702806 614314 385002 430515 211792 514253 477675 424966 461975 128062 640554 167900 483264 505444 439918 336082 284766 193513 741655 675683 198001 654106 502423 365399 376134 590809 668595 723305 532189 395470 255621 399512 829347 109776 610536 221365 662975 772193 393507 640302 693600 222735 491546 599961 657067 63478 640406 502940 705011 367681 235328 360903 690990 283009 493269 291870 259644 777997 58795 463690 515432 570012 692868 748982 699879 374662 351320 199384 706902 452568 447842 610505 367197 405107 527905 125713 112627 100458 826312 664999 669068 814152 347513 378613 725967 377375
751593 919612 732644 1003570 969787 631800 931651 649283 397607 999999999 686781 662542 604420 566393 777040 844737 467557 827011 188256 629688 496970 223168 189188 411596 514850 495080 188344 596272 837501 505649 177633 590899 796975 858828 242207 906195 316615 62558 657553 897708 702186 858284 839978 793051 402381 580387 1049976 506289 898402 229412 550086 744908 561265 900853 724382 440153 877212 444172 1004320 380475 912192 854090 921075 117828 170151 400648 774746 490060 883653 688301 332073 859818 352770 519231 399940 501533 968216 1011886 638595 560471 746714 555236 872158 411094 840858 484397 746827 787708 711548 272075 353075 330013 1116411 726867 893307 1052139 170728 713144 665896 527384
853248 1018241 349619 667423 390857 88309 1043331 426624 653225 686781 999999999 156007 576684 768564 102868 372046 270575 889208 619313 165687 195925 471983 529923 527445 268936 532679 548976 153880 868197 326083 760550 710453 110606 297553 544616 441416 405607 626014 431231 548821 16091 227368 523850 829133 399224 290989 481765 668839 508088 533911 245133 142825 283809 454670 40992 433812 1001866 324933 712294 590354 482530 636838 386034 774665 682691 314959 110800 382954 982475 741914 852995 179161 680077 192878 308199 209501 521610 525646 159816 309209 847144 829689 277607 275690 932917 276836 677527 708815 257739 643345 547520 574206 652295 55941 384265 510496 517988 542035 163141 285065
705882 866835 497513 524858 318111 85873 892337 272938 543384 662542 156007 999999999 431255 636922 162763 243801 197107 737908 555497 33269 185481 472438 538193 415345 364457 403013 561644 69667 715445 207559 700257 572246 206462 207314 475599 316503 435622 599984 276995 403282 165193 197437 372835 677528 305259 150336 406079 540641 367827 471079 352966 298713 151012 324829 184847 321041 852487 397759 565123 483490 349971 481857 286839 731737 620354 262153 148825 260897 831690 594590 769053 234642 579564 148882 347066 278071 396350 413810 297272 173115 699876 703870 211684 277756 782665 359269 523582 553852 107897 559094 448310 479070 538775 136516 272131 421702 492922 386779 308557 167058
276762 447337 872643 426846 573611 489339 471082 174556 245868 604420 576684 431255 999999999 230286 591038 411495 359958 319677 419422 412652 457079 550928 607276 194063 666640 111226 632749 424723 306159 267467 524264 151398 636636 496239 365400 435415 595058 557551 175481 350281 589212 569241 293203 262300 274245 285705 617236 163784 376645 382976 677100 715612 294120 418013 611759 210752 426787 651945 412477 230601 412483 258308 502787 600456 462848 380884 574731 218399 410186 165702 501346 651439 304556 423005 566076 577593 461090 520467 675755 268350 270622 308882 535401 481079 359795 643050 148645 190747 371132 352748 251355 276011 586329 567517 464967 594339 498779 135581 696792 301661
187134 354305 1023614 616661 803895 680409 368283 402091 177910 566393 768564 636922 230286 999999999 799639 641774 515432 264351 385863 612931 614100 601284 639819 259421 797909 235927 661174 614987 281622 442650 428454 83267 842963 724840 375367 663465 674619 539714 404041 563911 782757 792687 510941 242009 393887 486591 845890 101572 597641 398635 816772 899166 488237 645055 806911 341777 314076 764253 585180 225535 637025 439768 733000 517810 397817 508126 784971 385820 317692 161008 343449 866663 213758 590937 677894 719855 682371 743305 840019 464409 182819 80345 762804 606583 274520 769391 278295 304360 592699 296823 276390 274480 795934 769419 695146 820859 525236 354920 864421 483500
863220 1019173 420237 612166 299133 147584 1045208 425903 702806 777040 102868 162763 591038 799639 999999999 312152 335015 890855 694550 189045 280238 567153 627256 574849 370602 565709 647274 200412 866046 366993 838164 734191 47407 219407 616872 375127 505741 715363 428622 500006 92792 131802 485124 830279 456857 313083 388547 703353 453645 608846 345024 192570 313144 391847 86033 480080 1007488 427789 662892 641752 421066 607721 306087 859217 759000 390109 19400 421936 985032 752366 919496 82982 736094 264430 408586 311821 452783 447624 250911 335795 857313 866529 190075 367794 936858 379543 672717 699477 232754 708746 603639 632988 572757 51021 311904 421469 606747 533014 246703 325488
643009 771095 721019 300021 162134 326796 798268 245860 614314 844737 372046 243801 411495 641774 312152 999999999 391167 649529 701001 263374 419038 684419 751868 500316 608136 447209 777107 305518 617572 339300 839921 561604 355758 110276 622318 72742 665179 783764 241812 190982 373875 213760 190193 591056 445703 264522 215853 566503 141912 626042 595413 500517 284382 82745 382987 425244 770020 640236 351765 568328 110568 320646 91771 891030 762605 458210 293005 364140 741655 541606 869592 326847 665335 376204 583394 521528 152693 174647 529268 284407 637956 720133 155140 505224 698532 602910 431352 445428 145904 675152 552797 586356 296437 326242 54800 208568 684471 299492 535081 319150
629142 805253 515402 614561 503405 189962 828008 270977 385002 467557 270575 197107 359958 515432 335015 391167 999999999 678895 361070 163856 99562 293272 360737 262412 307830 285549 386091 136488 666061 96894 505543 469014 367557 391959 282348 459296 284733 405096 279126 493709 286354 394509 445063 622205 129491 137665 586139 413903 476705 275780 317144 387814 115566 459209 311460 173656 780985 302574 637435 321663 476941 514793 458956 534656 425854 68091 327390 141745 767508 521479 585334 416303 409617 78728 222927 217663 531175 564872 325043 130100 622905 569347 404686 134125 716901 286208 492344 531218 249245 374760 277293 303630 681041 290618 434705 592965 299837 382527 349054 82503
77671 129034 1192320 500980 801470 803479 154473 465611 430515 827011 889208 737908 319677 264351 890855 649529 678895 999999999 642306 723587 776609 834687 881495 467559 983962 404495 904782 740187 39731 587144 692757 241558 937853 753723 618233 641748 894499 795778 462413 503301 900706 844404 470141 60579 581939 599890 815452 325776 552537 640435 995780 1030311 610751 619074 922029 519406 120496 964527 448363 461931 600071 349966 730233 782158 660262 694297 873101 537151 94228 159335 598048 941190 474940 742613 877654 896220 628438 689455 995005 584967 81585 305628 797629 795593 49320 959231 220813 204590 659959 555162 506256 515046 699559 873952 693932 777945 767006 360696 1015590 620791
568063 740149 755609 829192 840518 547427 753906 484033 211792 188256 619313 555497 419422 385863 694550 701001 361070 642306 999999999 522411 423871 250391 268621 230068 521349 312364 285865 497556 651141 367276 144760 403972 723764 733191 80509 756071 344916 153945 491781 729446 635399 752106 670646 606264 258601 443899 913747 319058 736116 85735 551263 709430 428340 747699 659867 278007 699569 464025 825335 192518 755416 673127 784301 191830 64866 305217 687923 336945 703346 500629 246395 776620 173875 430618 391653 474929 811083 859648 616173 420771 562947 386549 753957 360767 658846 489249 559621 600209 580899 89422 169876 143454 955945 648021 752917 909441 163630 534639 644050 398551
688685 852620 496131 535018 348064 83300 877774 261432 514253 629688 165687 33269 412652 612931 189045 263374 163856 723587 522411 999999999 158159 441500 507626 386208 348700 377865 531376 42288 702526 178190 667167 550443 230432 236635 442592 335982 407970 567132 266353 412400 177202 230706 377843 663474 273245 127758 434957 515461 380340 437904 340198 307741 124825 342447 199201 291563 836677 376993 572235 453734 366216 480922 313248 698473 587273 229156 176737 232891 816947 577300 737236 264210 549164 118885 321709 259362 414805 436005 294006 148626 682615 678340 243537 248947 767489 340966 512176 544124 120404 527034 417423 447816 559689 156641 295973 448548 460281 377934 308033 136962
728134 903519 416343 673885 503204 135383 926535 351182 477675 496970 195925 185481 457079 614100 280238 419038 99562 776609 423871 158159 999999999 292433 356334 358685 217905 385109 378803 116404 762651 190103 564643 568575 303243 392764 350528 491058 250173 435168 358617 550942 211963 368584 508262 719315 223320 204389 591547 512529 525753 338769 222245 295760 184915 495554 236178 272542 879926 228203 703733 414218 517414 592392 471305 580171 486952 122126 277835 240012 865913 619903 660540 363151 497077 45007 164356 124600 568355 592915 225926 207132 721898 666131 394339 93307 815325 201166 584961 622638 273420 452707 367054 390249 715317 230509 453901 606529 326535 467494 250515 162021
767395 946855 520733 892368 789417 427001 964280 534256 424966 223168 471983 472438 550928 601284 567153 684419 293272 834687 250391 441500 292433 999999999 67476 368709 294646 442782 93161 403084 834633 362680 349445 594501 582581 677782 227457 752392 99714 169233 542935 775556 486827 660955 722440 788333 286844 426411 875128 513515 764436 204074 329022 522047 404724 751667 507817 345716 911223 227187 906499 377460 768280 768293 749885 329095 291002 227050 567162 371058 908706 679097 487588 648857 407349 323673 176803 279079 823131 858094 415430 412641 761597 619958 683949 200256 860480 263390 699405 741450 541478 328046 329494 326846 973194 516241 727162 884699 86950 626110 442758 369596
811987 989975 543496 957923 855679 489759 1006249 599161 461975 189188 529923 538193 607276 639819 627256 751868 360737 881495 268621 507626 356334 67476 999999999 420049 329538 497513 26415 468659 883639 429163 341607 640121 640218 744136 264967 819867 132853 149082 607840 841779 544304 724776 788202 837432 349334 493708 941800 557170 831368 242036 365456 569121 472066 819099 564296 406075 952596 257238 970813 420303 835605 830848 816920 304310 295959 294483 628230 435243 952124 728290 489193 708142 436928 389313 225793 329689 890512 925570 459799 479641 806348 651239 749407 263266 904843 300304 755915 798019 608773 353945 375391 367842 1040584 576238 794450 951833 114883 688198 486282 436914
403570 584111 764461 599820 652685 441370 603433 264784 128062 411596 527445 415345 194063 259421 574849 500316 262412 467559 230068 386208 358685 368709 420049 999999999 538702 83538 444736 378155 466079 208027 351042 231154 614018 553774 171357 546626 427638 363559 271658 503596 542614 596905 444447 419779 135762 272591 716167 159288 514945 189107 557356 650124 265749 535203 567519 94801 552001 507532 595291 70020 539119 443420 589281 418116 280795 248875 562945 155350 545715 310613 370237 649945 168561 340440 420621 460681 593685 646279 583832 247620 397560 307446 583084 347239 496303 510504 340467 382309 403764 178961 60380 91167 734423 537532 554576 704988 308340 304611 609015 249372
930375 1108770 235051 882401 655718 282357 1130641 569078 640554 514850 268936 364457 666640 797909 370602 608136 307830 983962 521349 348700 217905 294646 329538 538702 999999999 582927 339647 308815 972716 403983 639681 763895 364572 554839 468937 680753 198261 463729 576483 759374 277810 495638 720560 928329 407291 421736 746930 697918 728981 449283 36374 252161 402699 689255 288593 466902 1081955 73791 916256 579947 714051 809663 641574 623691 573612 292181 379729 448371 1070683 825324 767404 438613 644201 260739 129992 93632 760771 775576 141277 425020 924160 838601 541701 191606 1020139 32142 799998 838504 468912 579697 528569 542423 901616 324711 632714 771942 371897 685259 164129 379407
347542 526746 800061 520401 605203 444495 548054 202788 167900 495080 532679 403013 111226 235927 565709 447209 285549 404495 312364 377865 385109 442782 497513 83538 582927 999999999 522759 379060 398278 207010 426818 183467 608244 513401 254729 486225 492873 446956 208236 429194 546836 569232 370056 352368 177578 253025 661785 137653 445199 271889 597480 664401 253040 472606 570985 116036 499030 560295 513400 132215 473395 360782 538307 498023 360166 291225 551687 150354 488487 245190 426604 635293 222115 358177 473309 498424 526506 581792 610210 229914 341338 300872 547050 392621 438105 556937 259083 301133 370132 253490 142649 170316 662973 534044 502006 646252 387990 223990 633595 247626
834759 1012266 547431 984309 879426 511374 1028225 625572 483264 188344 548976 561644 632749 661174 647274 777107 386091 904782 285865 531376 378803 93161 26415 444736 339647 522759 999999999 492027 907456 455399 349305 663285 658959 767987 287244 845342 146832 156115 634251 868084 563105 746829 814568 861292 375687 519572 965909 579953 857473 264592 375876 583095 497881 844761 582580 432222 974441 266372 997223 443148 861438 857156 841438 305529 308721 320166 648761 461656 974513 752229 499365 727653 456285 412800 242577 346133 916271 950963 472955 505705 829165 670550 772547 285532 927502 311506 781365 823469 633679 372661 399041 390407 1066328 596259 819319 976463 137790 714472 498977 462757
701483 869083 466443 573732 387765 65571 893738 284376 505444 596272 153880 69667 424723 614987 200412 305518 136488 740187 497556 42288 116404 403084 468659 378155 308815 379060 492027 999999999 720952 173145 641995 556633 236554 276823 418728 378069 366522 533754 290170 450800 167796 262012 413970 680580 256556 140331 475512 515646 420401 412220 302092 290893 130718 384193 191949 283573 851054 335105 609179 443501 407592 512312 354932 669170 562333 197585 191549 229885 832787 590344 719201 280524 536573 79411 279521 218341 456673 478291 263930 156411 695341 677198 280864 208172 782862 299918 533077 566797 161697 508462 403877 432805 601890 159628 338172 490130 426034 402469 280485 131693
102122 154403 1177162 461778 767651 783402 181276 442526 439918 837501 868197 715445 306159 281622 866046 617572 666061 39731 651141 702526 762651 834633 883639 466079 972716 398278 907456 720952 999999999 572614 709100 247328 913231 722989 622361 607296 890715 803736 438764 467005 879259 815408 435761 46301 574574 580689 779477 332356 516953 644056 983200 1010002 592664 584446 900078 511381 154770 956123 408760 466418 564732 313373 696767 797738 672698 685155 848026 524558 124225 155543 620960 914154 487400 727247 869618 883718 591734 652467 978419 567002 104100 330484 767196 786054 86314 948817 193449 172241 634148 565458 508427 519692 660515 850909 660831 741291 769741 333673 998308 604679
540987 714595 605177 530821 473298 238160 738012 177879 336082 505649 326083 207559 267467 442650 366993 339300 96894 587144 367276 178190 190103 362680 429163 208027 403983 207010 455399 173145 572614 999999999 510126 387684 406930 366173 287097 400936 371346 445057 186332 412945 340499 394579 360638 529472 108694 76713 548203 342758 402779 288448 411641 457673 61982 396722 364909 113498 692407 399102 549007 275932 410291 420910 418658 554334 430908 141965 354923 56872 677224 431538 565104 442017 372310 155818 317942 312638 466025 506907 409169 54896 534764 504055 388971 229139 626708 382964 396038 434591 213665 357280 242085 273805 615723 331030 388973 547336 348840 286316 431077 41739
615339 772382 869655 946902 982686 690773 781540 614361 284766 177633 760550 700257 524264 428454 838164 839921 505543 692757 144760 667167 564643 349445 341607 351042 639681 426818 349305 641995 709100 510126 999999999 471149 866327 876298 224945 892212 449138 193247 621605 854386 776600 896825 795198 667402 401766 586454 1054065 392052 865678 229775 672151 844034 571626 882491 800787 414736 727552 575651 936573 295417 888261 782510 924920 90404 79917 448173 831933 476249 738336 570490 154466 920477 228148 573850 513029 604494 943363 994244 746171 562851 611183 401061 897958 495218 699515 607691 651915 689827 723725 173332 292305 259940 1085342 791082 892642 1047766 267805 650325 774124 542551
173083 353346 983281 535802 723704 622177 372309 325606 193513 590899 710453 572246 151398 83267 734191 561604 469014 241558 403972 550443 568575 594501 640121 231154 763895 183467 663285 556633 247328 387684 471149 999999999 778695 647636 376686 581252 658402 556408 326803 480706 723998 719359 427684 202292 356636 422805 763804 85028 514441 398881 779709 845098 427100 562556 747555 298060 320914 737045 506786 220381 554084 358917 652439 557521 428209 471720 718704 331970 315001 99385 407072 798064 244412 541027 649925 681011 599155 660152 793544 402213 167205 163604 686671 572613 266144 736993 200309 230617 520208 319219 265257 273534 713138 706960 614514 738133 525531 271957 816731 426902
909566 1066251 388288 655433 328369 177614 1092240 472657 741655 796975 110606 206462 636636 842963 47407 355758 367557 937853 723764 230432 303243 582581 640218 614018 364572 608244 658959 236554 913231 406930 866327 778695 999999999 258487 647367 416537 514750 735991 475512 544858 95915 162213 531408 877282 492535 356516 415324 745866 497602 638066 335804 159191 355225 434135 77588 519243 1054266 426906 707251 679955 463542 654662 342894 883325 787760 418548 66285 462658 1032007 798585 952883 74149 773051 293428 417367 316504 492873 484045 234761 378592 903636 908771 224879 385928 983728 377342 719942 746842 280148 742309 640297 668830 607760 77156 351863 451530 627751 580317 225609 365217
742559 877072 638457 401200 111736 275586 904133 322750 675683 858828 297553 207314 496239 724840 219407 110276 391959 753723 733191 236635 392764 677782 744136 553774 554839 513401 767987 276823 722989 366173 876298 647636 258487 999999999 652812 159601 642828 796534 320973 299289 295536 105282 300276 694461 474670 290007 198790 641978 247843 652642 536663 411905 304851 179068 299243 468499 874026 597461 456745 623630 208608 430532 88498 918116 797035 459804 201558 404458 846675 637814 923142 220233 722148 355434 553041 476180 234418 229195 457323 314065 737265 800970 44976 484994 802381 555029 533768 550793 152712 720090 600126 633318 355387 245125 93515 217594 691794 397350 458556 335555
547593 725081 703939 762113 760395 470304 741282 411064 198001 242207 544616 475599 365400 375367 616872 622318 282348 618233 80509 442592 350528 227457 264967 171357 468937 254729 287244 418728 622361 287097 224945 376686 647367 652812 999999999 678727 310102 192227 419088 658504 560702 671930 600202 576429 178408 363781 834299 292863 662447 23401 496209 641019 347972 671082 585420 202492 687652 418490 762115 156305 679845 612075 704784 268769 145063 229657 609685 258903 687290 467953 310716 698545 181965 353941 339326 413055 735711 782965 552458 340879 542029 392736 673448 295668 640278 437312 510988 552602 500625 110760 116373 103259 881877 571118 673810 830870 150116 470939 580067 318045
643980 758248 789160 242005 161534 399138 785538 283766 654106 906195 441416 316503 435415 663465 375127 72742 459296 641748 756071 335982 491058 752392 819867 546626 680753 486225 845342 378069 607296 400936 892212 581252 416537 159601 678727 999999999 736079 845920 278009 150346 442327 264197 171612 585537 504684 328518 182615 596177 96333 684033 667698 566080 349328 23422 449908 478314 761708 712914 299334 612578 50684 298045 94540 947290 816256 525533 356429 419862 731301 548980 912349 379462 707573 447877 655385 594270 80551 106149 599703 346452 639373 743207 200412 576283 691067 675649 430310 437608 217644 724207 601827 635191 224278 393632 67532 160272 748809 310636 604551 384476
831156 1011659 421156 899050 752895 375982 1030629 549050 502423 316615 405607 435622 595058 674619 505741 665179 284733 894499 344916 407970 250173 99714 132853 427638 198261 492873 146832 366522 890715 371346 449138 658402 514750 642828 310102 736079 999999999 266759 557563 778437 419218 611710 729248 844600 321193 422344 841617 581388 760578 287472 233701 436607 400263 738453 437804 384406 978656 128285 920037 449097 758128 790705 721211 426666 389310 229532 508623 394087 973277 736196 585791 584748 492063 290053 97420 199860 811118 839775 326988 413905 825163 700803 642744 160007 923939 168153 741088 782545 519384 416848 398420 402142 959954 454922 702711 856518 184153 651994 353429 366952
721859 894017 686959 948969 907583 569773 907571 592679 365399 62558 626014 599984 557551 539714 715363 783764 405096 795778 153945 567132 435168 169233 149082 363559 463729 446956 156115 533754 803736 445057 193247 556408 735991 796534 192227 845920 266759 999999999 601055 841200 641521 795765 783927 758530 343351 519274 988126 471380 840335 176301 498243 688026 499895 841037 663982 384245 853197 395044 951867 340054 852973 803114 859367 159992 158190 338109 712819 431716 857268 651831 343770 798213 326932 456840 344508 444464 908973 951775 583183 499765 716703 537061 809651 350414 812775 432589 702458 743867 649663 242942 307146 287692 1057625 665336 831932 990825 108644 661176 610736 465805
436225 591007 755942 350864 402706 348981 616854 8680 376134 657553 431231 276995 175481 404041 428622 241812 279126 462413 491781 266353 358617 542935 607840 271658 576483 208236 634251 290170 438764 186332 621605 326803 475512 320973 419088 278009 557563 601055 999999999 240190 441605 395102 183056 401862 261613 155703 454472 324912 244506 428713 578435 573835 173824 264842 461826 217458 578911 580337 363987 335590 267515 235706 333555 683423 548447 328044 411080 173171 556527 326559 634440 482559 429690 316187 502053 482982 322044 375094 553696 151916 430454 480905 359921 413230 508237 559042 246590 277771 200097 450547 329320 362037 464405 412147 296419 438020 516515 112302 570653 199057
514711 614784 897832 123113 310557 489112 642018 248528 590809 897708 548821 403282 350281 563911 500006 190982 493709 503301 729446 412400 550942 775556 841779 503596 759374 429194 868084 450800 467005 412945 854386 480706 544858 299289 658504 150346 778437 841200 240190 999999999 553062 404118 59200 450044 500335 356210 312571 513581 54017 668708 752500 683944 378248 127071 565220 457562 621739 779113 163690 561361 101663 153698 244855 920354 783923 552615 480655 411332 589866 430202 849605 517787 648225 505935 710080 667613 125746 187602 699952 365256 510711 644151 343193 624004 552407 748616 304307 302975 295390 681402 563255 594752 236102 508387 214730 274837 754975 214732 709362 411579
865597 1029734 347145 670775 385896 102366 1054939 437207 668595 702186 16091 165193 589212 782757 92792 373875 286354 900706 635399 177202 211963 486827 544304 542614 277810 546836 563105 167796 879259 340499 776600 723998 95915 295536 560702 442327 419218 641521 441605 553062 999999999 220764 529624 840534 414842 303542 476484 683233 511299 550001 252579 134084 297050 456262 25107 448817 1013852 335786 716693 605790 484443 644230 384000 790476 698764 331045 102965 397352 994126 754228 869033 166037 695770 208808 321800 221997 522222 524352 162577 322297 859509 844340 273395 291133 944689 287149 688109 718894 264222 659340 563166 589976 650822 50655 383815 506482 533580 551905 163146 299311
827655 969810 549686 506131 167504 235930 996644 395047 723305 858284 227368 197437 569241 792687 131802 213760 394509 844404 752106 230706 368584 660955 724776 596905 495638 569232 746829 262012 815408 394579 896825 719359 162213 105282 671930 264197 611710 795765 395102 404118 220764 999999999 401928 784404 498486 324376 256766 703565 353042 668099 472500 320679 333258 284187 217552 505483 964036 547550 562020 666644 313687 531196 182849 929162 816909 458849 118056 442078 938141 719993 959681 115284 764620 339838 516767 427738 336404 322895 382014 349389 822115 865774 64705 461511 892428 501234 623599 643969 200120 751337 636327 668336 445748 171440 197113 290262 687992 484347 378494 357261
474256 587229 870238 170192 332064 457746 614513 191549 532189 839978 523850 372835 293203 510941 485124 190193 445063 470141 670646 377843 508262 722440 788202 444447 720560 370056 814568 413970 435761 360638 795198 427684 531408 300276 600202 171612 729248 783927 183056 59200 529624 401928 999999999 414152 444331 308681 348466 456884 87662 610777 715911 662608 330428 148981 543916 399881 590107 736204 195729 502202 132029 130579 261801 861402 724858 501651 465747 355510 559838 383613 791244 512153 589436 463379 664381 627796 171788 233394 669924 315348 469853 591285 345226 577172 519461 708011 261009 266141 266397 622203 504161 535596 294187 487722 226998 315865 699227 158172 681274 362571
77938 189308 1134477 456881 744427 743633 214994 405104 395470 793051 829133 677528 262300 242009 830279 591056 622205 60579 606264 663474 719315 788333 837432 419779 928329 352368 861292 680580 46301 529472 667402 202292 877282 694461 576429 585537 844600 758530 401862 450044 840534 784404 414152 999999999 528972 540251 761136 287250 497977 598044 939322 970433 551499 563103 861758 465900 179701 910862 408157 420629 545062 297964 672906 755532 629110 640031 812522 480536 154795 109251 584091 880739 444080 684581 824249 839789 575670 637168 936462 525750 77238 296890 738202 741073 108047 904142 160896 148038 599408 521145 462287 473895 653931 813505 636308 724864 723598 300400 956754 562360
524598 704203 629845 612396 581989 316043 725260 253013 255621 402381 399224 305259 274245 393887 456857 445703 129491 581939 258601 273245 223320 286844 349334 135762 407291 177578 375687 256556 574574 108694 401766 356636 492535 474670 178408 504684 321193 343351 261613 500335 414842 498486 444331 528972 999999999 185375 656348 292681 497220 180430 423966 516677 169874 498678 439936 63580 675670 382717 622214 192222 509825 481636 526793 446060 322375 115201 447144 89024 665907 422604 464018 535848 281092 208219 295744 326211 565846 610008 448104 162650 518418 443050 496421 216001 615587 380421 419917 461445 322300 253837 148352 176306 714288 415386 496405 654190 254918 339276 473391 141533
562277 728814 602039 477526 396626 203954 753544 148829 399512 580387 290989 150336 285705 486591 313083 264522 137665 599890 443899 127758 204389 426411 493708 272591 421736 253025 519572 140331 580689 76713 586454 422805 356516 290007 363781 328518 422344 519274 155703 356210 303542 324376 308681 540251 185375 999999999 471723 390547 339437 365084 422840 430696 22105 326076 326290 181583 711251 429836 502644 342272 341905 388032 342215 630990 507386 199704 298736 117784 692606 450966 637052 382505 440282 161020 355851 328115 396954 434666 400504 25027 556167 553872 314333 268499 642765 405515 393738 428500 137316 431177 313179 345798 547040 284156 313123 471814 420438 266953 418874 56835
822704 927086 803388 358774 91213 472155 954287 459294 829347 1049976 481765 406079 617236 845890 388547 215853 586139 815452 913747 434957 591547 875128 941800 716167 746930 661785 965909 475512 779477 548203 1054065 763804 415324 198790 834299 182615 841617 988126 454472 312571 476484 256766 348466 761136 656348 471723 999999999 776711 263159 836606 726053 574455 489579 202332 474296 639896 934237 793321 423578 784123 216500 466265 129557 1102402 976132 654230 374511 577816 902436 730323 1085330 353147 880935 553841 751495 672050 190050 135028 638491 493725 818318 925507 205231 683656 864651 749431 609429 613259 338466 890608 768363 801929 219176 426311 161811 50110 885277 493187 635249 522811
254825 433416 922523 583690 727612 580874 450824 321525 109776 506289 668839 540641 163784 101572 703353 566503 413903 325776 319058 515461 512529 513515 557170 159288 697918 137653 579953 515646 332356 342758 392052 85028 745866 641978 292863 596177 581388 471380 324912 513581 683233 703565 456884 287250 292681 390547 776711 999999999 540351 315363 716127 798266 390644 579702 707569 240254 398029 666289 562062 136867 575439 409369 658274 476634 345102 407271 689267 285891 395350 182244 344084 772510 163919 489636 579541 618837 624691 683724 738447 367558 249213 163376 677847 506382 347690 669791 263249 299193 503606 235101 184220 189606 749417 671497 620912 755934 442367 298914 762864 383966
560220 666138 857700 159505 256780 453526 693409 252120 610536 898402 508088 367827 376645 597641 453645 141912 476705 552537 736116 380340 525753 764436 831368 514945 728981 445199 857473 420401 516953 402779 865678 514441 497602 247843 662447 96333 760578 840335 244506 54017 511299 353042 87662 497977 497220 339437 263159 540351 999999999 670911 720001 640353 361495 73093 522070 460023 671707 753017 209895 576284 48269 204719 190855 927842 792933 538745 434410 408619 640395 471136 870165 467434 666750 480970 687639 638617 84783 145887 662140 351804 555964 677974 291170 603487 601787 720098 347653 350118 260662 693852 573402 605820 219900 465156 161259 228656 749829 243338 670082 396043
570169 747939 684333 774189 761168 461694 764277 420531 221365 229412 533911 471079 382976 398635 608846 626042 275780 640435 85735 437904 338769 204074 242036 189107 449283 271889 264592 412220 644056 288448 229775 398881 638066 652642 23401 684033 287472 176301 428713 668708 550001 668099 610777 598044 180430 365084 836606 315363 670911 999999999 477217 626701 348295 677134 574542 211284 710703 397427 775841 178590 686826 626814 707050 265912 150220 219529 602318 264514 710100 489359 325378 690969 204772 344884 319420 395941 742798 788843 536149 342899 564573 416039 671855 279521 662936 417508 529493 571261 501101 131158 136592 125842 889842 562288 676833 834569 127153 484970 563879 317137
944212 1121588 209178 875208 634921 268621 1143941 571331 662975 550086 245133 352966 677100 816772 345024 595413 317144 995780 551263 340198 222245 329022 365456 557356 36374 597480 375876 302092 983200 411641 672151 779709 335804 536663 496209 667698 233701 498243 578435 752500 252579 472500 715911 939322 423966 422840 726053 716127 720001 477217 999999999 217140 404864 677288 261208 481784 1096016 110164 911253 601553 702851 809455 624220 658103 604841 308919 355374 458790 1083674 837817 797605 409952 669095 262509 159859 99560 748066 760199 107164 428232 937983 859970 521089 210849 1033073 65715 807152 844881 459345 606864 550539 565960 886670 301063 617277 752804 404613 688638 128690 384105
992370 1159306 229127 799747 487463 226839 1184166 569095 772193 744908 142825 298713 715612 899166 192570 500517 387814 1030311 709430 307741 295760 522047 569121 650124 252161 664401 583095 290893 1010002 457673 844034 845098 159191 411905 641019 566080 436607 688026 573835 683944 134084 320679 662608 970433 516677 430696 574455 798266 640353 626701 217140 999999999 421534 581778 118829 559252 1141871 324273 847616 708729 610632 778241 498600 844676 769756 417033 210415 514070 1123244 881236 951670 225543 792836 309748 345434 243565 644571 640134 111338 447274 986225 956384 381842 349125 1073453 274913 819912 851516 398008 746479 662457 686008 764977 175562 503991 610586 584866 684821 88680 418226
570857 739466 587182 499450 412873 195808 763887 166546 393507 561265 283809 151012 294120 488237 313144 284382 115566 610751 428340 124825 184915 404724 472066 265749 402699 253040 497881 130718 592664 61982 571626 427100 355225 304851 347972 349328 400263 499895 173824 378248 297050 333258 330428 551499 169874 22105 489579 390644 361495 348295 404864 421534 999999999 347350 320469 172640 720690 409119 524073 334785 363557 407694 360249 614133 492243 177867 299776 110500 702923 459798 626558 385317 432095 142424 334363 309168 418471 455448 386466 25815 564706 553590 327024 246766 652847 385757 407675 443363 152814 419168 303069 335152 568556 281182 332053 490930 400125 283883 405731 35216
622199 735172 803386 222208 184888 408719 762461 271045 640302 900853 454670 324829 418013 645055 391847 82745 459209 619074 747699 342447 495554 751667 819099 535203 689255 472606 844761 384193 584446 396722 882491 562556 434135 179068 671082 23422 738453 841037 264842 127071 456262 284187 148981 563103 498678 326076 202332 579702 73093 677134 677288 581778 347350 999999999 464811 469697 738937 719295 278154 600285 29565 274745 117789 939251 807187 524618 372939 412630 708391 528178 899138 399292 694444 451803 659622 601588 72828 111949 612013 342761 617650 724986 221007 579053 668394 683130 408562 415112 222674 713420 591258 624477 221891 408224 89037 176337 745381 291201 617748 382567
887886 1051030 339683 681545 384488 126775 1076363 457675 693600 724382 40992 184847 611759 806911 86033 382987 311460 922029 659867 199201 236178 507817 564296 567519 288593 570985 582580 191949 900078 364909 800787 747555 77588 299243 585420 449908 437804 663982 461826 565220 25107 217552 543916 861758 439936 326290 474296 707569 522070 574542 261208 118829 320469 464811 999999999 473628 1035714 349629 728906 630825 493401 660561 387289 813755 723111 355773 100102 421732 1015609 776501 893950 150642 720874 233862 340515 239076 529195 528434 164913 345550 881816 868874 273756 313598 966319 300258 708416 738583 280088 684333 588264 615082 654441 56916 389530 506307 556286 571432 161182 323603
463565 642559 685431 564929 571281 347189 664025 209252 222735 440153 433812 321041 210752 341777 480080 425244 173656 519406 278007 291563 272542 345716 406075 94801 466902 116036 432222 283573 511381 113498 414736 298060 519243 468499 202492 478314 384406 384245 217458 457562 448817 505483 399881 465900 63580 181583 639896 240254 460023 211284 481784 559252 172640 469697 473628 999999999 615063 445154 570428 162491 477653 426016 511167 469661 338015 175266 468290 64168 604344 360119 455644 555512 259456 249816 358393 382960 533439 581645 498442 156600 457359 397208 495219 276682 553901 440933 356999 398679 316496 251957 131842 164852 679386 442818 478236 633046 305348 282998 522674 154645
