NAME : synthetic_000503
TYPE : CTSP-D
DIMENSION : 100
GROUPS : 8
RELAXATION_LEVEL : 1
EDGE_WEIGHT_TYPE : EXPLICIT
EDGE_WEIGHT_FORMAT : FULL_MATRIX
EDGE_WEIGHT_SECTION
999999999 529193 334354 428115 191083 651735 622389 461346 617325 393102 475005 701514 397437 509737 403492 523950 510651 244550 150223 425682 535098 271768 643397 432452 507422 152451 602631 217110 801701 184822 522841 389194 176861 270226 488514 292369 151134 286942 538315 382014 571976 578140 142882 510874 374168 579555 510543 225156 638655 610120 207017 141780 467837 182907 393212 297199 477816 295445 848192 633939 133733 466194 387942 369415 161707 426405 306129 80516 389793 530111 279015 560463 554508 278030 154526 237875 325954 341331 364796 465295 492012 725354 686318 418733 164655 314001 744459 355995 301484 330489 319204 81520 669068 322974 142520 247538 411784 382597 540461 558618
529193 999999999 509287 454823 709032 320931 621260 957867 581311 413974 581991 747838 142034 760101 932493 720176 755264 755948 677371 192375 709578 722205 517193 134232 1031870 383688 182071 682458 885618 652267 888431 203466 618951 263957 916809 418929 652323 533962 762669 582442 301372 1092877 461086 359119 758734 306248 244231 341781 479854 915927 655631 670786 737929 346303 845743 821183 968586 496422 910898 892099 455517 775579 814679 510705 375518 940939 720649 606554 345248 1002843 317711 973359 1037727 593298 683295 297715 405205 713685 890948 825795 496657 779939 781613 888673 692232 732257 277641 885187 689700 318255 823267 599009 833933 247808 503407 720529 231838 581828 379155 621567
334354 509287 999999999 124764 382158 769233 884044 752528 865517 626783 758791 985036 377454 834198 604376 837876 834108 398345 434318 322190 844399 297292 857840 494491 744205 272273 663108 290354 1101016 279274 856867 305828 511209 308557 814637 543521 321669 61475 859131 76450 708475 835050 198283 693134 708486 716088 634718 224454 838374 943590 540352 415221 793928 313409 716125 561460 773229 582617 1143480 963330 210940 797703 717945 649279 353729 696521 265232 390302 179306 835734 208819 888058 851365 124313 407614 367625 104155 675315 545068 799648 740025 1012778 983493 732552 442617 276073 783984 572051 225546 191280 615825 404031 982990 453175 192394 572575 284467 684815 724336 836616
428115 454823 124764 999999999 502341 746524 915962 866796 891671 657414 805435 1025818 342813 905197 727880 900238 904169 521613 545073 262831 903438 421962 869471 473053 866222 328255 625480 414265 1149316 401338 947898 260643 602269 317540 916066 587053 440214 185358 926492 161625 696215 955514 285269 699336 798381 703396 622740 256901 844604 1026293 634546 527037 867107 355932 819366 678514 886638 638390 1188658 1038416 295193 877478 816056 698322 404569 814267 388079 493854 112198 946633 215435 988418 964837 248824 522114 394019 108492 761794 669056 888229 770690 1055236 1032225 840073 554746 398587 732225 694330 348025 168016 727633 504516 1043051 463077 294100 674017 223592 743666 729408 877946
191083 709032 382158 502341 999999999 841937 775530 377120 777905 569193 620107 836505 571400 599727 234573 633275 602960 55088 106423 580807 650491 147203 816777 620712 364911 325352 792911 108321 918339 104868 549615 546812 261386 445302 474617 468621 64061 321091 634599 394426 761497 453221 262239 695598 419707 768999 701271 378819 816508 658734 266075 89691 556571 366075 375775 182848 399439 452400 967840 702709 262863 535976 396470 524713 351974 315541 202505 139687 504452 466916 423369 548116 476486 272188 65426 426204 423490 404897 184279 505716 657637 856189 809120 376493 101850 203621 934428 194713 223765 462008 251174 160831 771152 513785 228483 256543 558517 517563 724206 703667
651735 320931 769233 746524 841937 999999999 388923 974042 341775 320236 430796 509919 403734 633550 1027891 572394 626534 896081 772905 491326 552069 905230 246861 275599 1089600 552222 142871 855048 644111 821760 806425 486452 655065 465272 875032 398841 800738 775140 620019 845676 83152 1124773 651803 179688 716110 76628 142856 555684 203710 790869 683694 774984 629210 501493 834222 893265 976983 456705 656698 742349 641098 680966 788904 421996 496447 983749 921469 709553 634441 988723 560451 911949 1031041 820606 795002 434464 671745 675205 1002838 752243 323866 540223 562336 885598 787366 932073 184993 978129 899780 586549 863897 693105 641871 338579 693480 749221 527925 488657 168585 426773
622389 621260 884044 915962 775530 388923 999999999 746486 47378 258849 157643 127076 622105 306547 884975 235390 298614 828504 676011 718789 208821 891065 150091 504493 895046 612963 496057 836095 265230 805309 496985 695273 520465 599141 597880 343025 762258 862082 278188 953749 345061 897814 703216 262741 467282 344354 380249 664987 190575 442773 529739 688128 323856 570791 596824 742865 740463 327500 290058 378669 689631 379713 543735 253436 531858 784966 928457 638638 817420 726600 700606 610157 772166 880249 712584 522676 814071 442280 883366 460316 145287 159102 173424 649160 686516 936103 573878 839134 922711 750327 681487 616358 258067 458540 732480 577440 742882 263164 247227 81470
461346 957867 752528 866796 377120 974042 746486 999999999 771084 654387 600787 748481 841708 460785 244298 525749 467846 383128 322868 883716 551891 510066 849514 837944 163141 609940 978983 483552 774734 481573 303163 846750 339551 719238 182528 580748 432328 692941 498476 771044 891900 153284 594005 797219 279496 897790 855726 686229 868095 421333 303821 340049 430012 627664 149771 194404 24508 517362 825553 493721 588346 378996 202752 559444 587312 80433 566372 383072 847170 97393 740361 232457 99386 648712 345097 662391 775299 310026 291701 304006 688141 754805 695241 97411 312318 563853 1116822 232835 595020 791103 142221 380033 616824 716776 574838 237663 872349 505697 816430 665069
617325 581311 865517 891671 777905 341775 47378 771084 999999999 238881 172103 170990 589215 342319 898807 271793 334424 831677 681048 686462 246023 888056 103669 468126 916083 596472 451138 833083 308583 801604 532080 664443 527754 574152 628674 330636 760800 846519 316570 936656 299898 923416 689627 222202 491654 298859 338578 644031 143390 484063 540182 691985 355579 552255 621348 756308 766330 325963 329964 422337 676147 411785 568773 253204 516235 805730 923183 639455 790724 756161 676904 644954 801565 868092 716218 500570 791703 463411 894006 491979 127228 202566 220593 674148 692268 931269 526684 852016 915421 724846 698778 617530 304903 430641 720866 591568 712070 275696 204161 111715
393102 413974 626783 657414 569193 320236 258849 654387 238881 999999999 169968 370667 379582 350074 726571 306295 344596 624214 483212 472888 295822 664555 250328 282047 775222 357750 352054 610113 500586 577522 500771 445807 346526 341398 558233 101052 542293 607884 349527 697775 239283 805828 452179 143100 397704 244657 218034 406322 247317 508759 370985 489934 333452 313428 514012 587074 656889 138202 535774 479109 438814 378599 469212 107249 277995 667567 695111 429777 560570 669050 441989 600425 711041 631332 512747 263837 555223 355805 709653 442354 113688 401175 386856 565369 496442 703922 477012 677277 684137 492585 549159 409660 424332 206455 485030 434393 492904 179436 165055 225873
475005 581991 758791 805435 620107 430796 157643 600787 172103 169968 999999999 228176 547867 202755 728309 144660 195755 672533 519353 639354 129171 739825 251006 451402 744140 486841 499365 685033 343968 655117 381454 610538 363230 496797 466497 218386 609900 730478 191484 824655 362419 753624 569265 259589 322045 365138 366761 549041 275542 360722 372106 532015 201645 450748 451327 585988 597025 180889 384856 318824 555647 256261 399359 109700 405718 633767 779623 484732 715598 591163 591690 491532 636145 741914 556546 414183 699406 291869 725814 333349 106949 254482 226794 504340 529564 786725 607949 682090 776487 645830 526850 462254 254449 372576 594407 420756 656922 105550 262851 84066
701514 747838 985036 1025818 836505 509919 127076 748481 170990 370667 228176 999999999 743598 287925 916149 224113 280721 886961 732473 839443 199420 962557 264202 629216 905662 712767 622121 908143 138154 879150 468465 814383 575444 711596 582429 441835 831866 958163 251011 1051949 470888 894207 797150 389727 478357 469816 507313 771255 307097 387610 576871 747093 319668 674302 602590 777227 738501 408931 165929 312399 783523 369521 549583 337548 631336 798047 1004378 705287 931013 712453 810627 579103 757741 970068 771641 631924 921513 464387 922949 446874 261283 32101 68747 652032 741114 1011047 694062 873458 1002797 862558 706587 682672 170726 575663 822583 613742 861823 321091 374144 148508
397437 142034 377454 342813 571400 403734 622105 841708 589215 379582 547867 743598 999999999 701939 798473 673558 698294 616863 547383 97588 667978 580201 547515 132929 904220 247423 286629 540895 877495 511031 806669 83259 507714 127371 819631 350512 513205 396459 711315 452696 356787 970482 319614 376702 667563 363647 284764 199892 517260 850319 545144 539042 673515 216381 740654 693445 854407 424340 909512 837951 314538 703427 715333 457582 254492 818067 578936 476803 230707 894620 177471 881440 926602 453602 549741 182481 274993 623195 754596 743186 482566 775118 765665 779713 561975 590521 407702 752136 548499 187421 703341 471711 801809 176254 361691 607113 128053 522535 404171 603811
509737 760101 834198 905197 599727 633550 306547 460785 342319 350074 202755 287925 701939 999999999 640766 71187 7933 644200 493376 784507 98005 739533 438828 626157 619236 577037 696726 688280 327946 664131 190444 751489 346620 623743 296484 351427 610783 793473 38583 889427 564197 606435 635967 460775 198522 567210 562620 652593 469784 159592 334234 511335 43256 555349 316500 507297 450576 279653 379109 136664 623261 81892 264239 249437 504087 513000 788563 486331 831503 426598 703487 303627 472140 787524 534711 539901 796710 197344 655101 159434 309697 294315 235588 364772 498543 793052 809834 601439 795768 761114 430055 464862 173080 527570 648891 352458 794572 179860 465482 230694
403492 932493 604376 727880 234573 1027891 884975 244298 898807 726571 728309 916149 798473 640766 999999999 694237 646418 206298 259391 813926 717359 318791 958262 833474 147688 551060 998268 314096 968058 327401 521610 779329 380528 671209 410962 632988 298350 542989 679230 602076 945100 247387 496300 865247 442279 952113 893096 610900 966889 642004 360768 262776 601923 586229 336498 142531 268321 592620 1019346 706072 496172 562015 382399 655042 562310 163892 369571 328756 737996 340254 657166 471882 328017 484762 249200 640058 655754 451770 62176 502305 792795 928896 873420 304138 244399 363643 1140469 49763 405574 696581 210753 340567 810624 718781 463035 307574 792628 623291 890557 805550
523950 720176 837876 900238 633275 572394 235390 525749 271793 306295 144660 224113 673558 71187 694237 999999999 63257 680689 527153 760505 26995 768140 369666 587534 681787 572898 643964 715301 285073 689048 261625 729123 373629 606182 366073 326382 637726 801303 47655 897255 506357 673494 641024 403991 254398 508807 511049 644387 401974 219003 367834 543743 95836 545581 378801 557110 516818 262941 334834 174418 627844 148395 325660 216007 495799 573953 814594 511121 819869 495948 692592 374811 541555 801355 567849 521855 792051 243263 704098 228357 249624 234733 179923 428839 533989 819956 751563 652747 818489 749290 483926 488880 145565 497425 658377 396389 773843 157245 405749 160472
510651 755264 834108 904169 602960 626534 298614 467846 334424 344596 195755 280721 698294 7933 646418 63257 999999999 647804 496567 781362 90089 742251 431047 621405 626014 575943 690554 690791 322826 666386 198377 748507 348824 621216 304154 347824 613246 793833 32922 889821 557489 613789 635938 454134 204140 560447 556528 651101 462123 165876 337217 514377 46563 553620 323155 512448 457805 276747 373915 139769 623171 88854 270736 244750 502474 519554 790999 488450 829717 434246 701728 311560 479800 788561 537856 537263 795677 201570 660210 166961 302668 287517 229073 371688 501938 795592 803128 606813 797825 759279 435674 466870 168926 523642 649369 356753 791784 175887 458563 222812
244550 755948 398345 521613 55088 896081 828504 383128 831677 624214 672533 886961 616863 644200 206298 680689 647804 999999999 154507 620608 698744 126938 871575 671405 346907 373010 844767 108752 965647 121527 582134 587640 311556 491999 498835 523682 103671 336901 679854 400178 815886 440839 301928 750609 458881 823412 755084 421073 871524 694552 312864 140530 601267 415775 402217 191474 406639 506533 1015518 742279 304341 577557 428497 578481 404352 314120 183328 194554 534409 477022 462479 571091 481417 280394 115987 477379 451038 447737 148860 541995 712004 905974 857803 396088 146716 181341 985948 174911 212615 497149 270226 215398 816532 566370 264488 295341 596202 569278 779260 755834
150223 677371 434318 545073 106423 772905 676011 322868 681048 483212 519353 732473 547383 493376 259391 527153 496567 154507 999999999 574551 544716 248990 726265 574586 357201 302491 738960 201825 812224 184913 451335 538360 157160 420319 387399 384907 128937 376777 528179 462110 690701 429807 272005 616449 316122 697918 635926 372121 729269 556883 159675 20650 450201 331851 287552 147311 341943 358259 861857 598130 267253 430572 300316 428397 304010 279342 301599 70827 525311 401872 423992 461512 420059 341896 41440 382140 452436 299153 229945 404065 564038 751487 703605 298809 15024 304413 881175 210342 316477 471801 182567 81217 664729 459391 252071 155181 558724 415445 643534 602283
425682 192375 322190 262831 580807 491326 718789 883716 686462 472888 639354 839443 97588 784507 813926 760505 781362 620608 574551 999999999 756515 564613 644856 228222 930436 274123 364242 532602 972491 506025 876810 37104 560057 170682 879321 434604 518779 354242 796363 393072 450316 1003775 318970 474202 733276 456897 379641 203547 614101 928551 597370 563141 753751 259736 794729 721837 898459 504980 1005367 921093 317973 779756 774483 544846 307196 852077 553902 506138 152910 944281 158165 944424 973177 418080 569909 248384 218495 689985 764950 813430 578187 870812 859690 829800 588355 565607 470015 770161 519447 136148 742533 505275 892174 266902 356576 655194 39468 606660 501462 698209
535098 709578 844399 903438 650491 552069 208821 551891 246023 295822 129171 199420 667978 98005 717359 26995 90089 698744 544716 756515 999999999 783494 344909 577834 707311 577233 627684 730224 268824 703325 288360 725866 389793 605205 393028 324127 652792 809404 70878 905190 487863 700023 648512 386350 279040 490021 495646 646929 378097 241471 386037 560827 121889 547889 404488 579371 543224 265052 317581 191156 635201 175191 351245 211924 498913 599147 829015 525871 820658 522868 693960 401550 568479 811597 585094 521026 795562 265733 725928 255282 231072 211779 159347 454849 552051 834662 732479 675301 831783 750156 507418 503469 139614 491731 667404 417421 771145 160073 386542 135241
271768 722205 297292 421962 147203 905230 891065 510066 888056 664555 739825 962557 580201 739533 318791 768140 742251 126938 248990 564613 783494 999999999 914881 657478 464908 356002 835054 54992 1052302 87033 696754 535676 394698 464367 620480 564031 130894 238272 773163 284572 829121 561857 263094 777361 564991 836884 762378 380510 909018 805095 405572 229635 696277 405438 522207 317860 533563 563622 1100878 847072 270892 679165 543671 637642 410063 440415 56665 257929 455183 603778 409765 693581 608296 173185 207856 472009 369384 547542 257005 652093 763411 984250 940346 520070 247167 56471 972472 295825 87330 431803 394035 280487 909031 567101 220014 402699 534661 641475 807697 823887
643397 517193 857840 869471 816777 246861 150091 849514 103669 250328 251006 264202 547515 438828 958262 369666 431047 871575 726265 644856 344909 914881 999999999 418379 987961 597628 369005 860436 397278 827848 626528 627432 579694 554712 717062 351093 792164 846062 415786 931730 220068 1002702 695789 171335 572136 217110 273915 633448 43157 585170 597509 734789 447520 549556 700707 816163 846757 368596 410660 525267 682770 503475 649376 303226 521401 877767 944920 677090 763323 842169 658838 738548 887142 875238 758278 490474 775415 539520 947663 582433 165620 293908 320529 753803 738695 953871 430120 910081 932889 701461 765829 656233 408158 407619 731022 654465 674436 344620 143416 209755
432452 134232 494491 473053 620712 275599 504493 837944 468126 282047 451402 629216 132929 626157 833474 587534 621405 671405 574586 228222 577834 657478 418379 999999999 922509 302667 177853 611755 765701 579499 755192 215951 498486 197304 787196 285498 569584 503854 629419 570861 224030 977513 395552 249504 627836 230988 151854 287765 386358 781721 534193 570831 603705 256144 719715 713513 847201 362976 794290 758694 386809 641515 686275 376720 271377 826859 665759 504720 361579 877707 286146 842001 914093 553694 586282 194700 396181 582800 797176 692798 371936 661178 657964 764458 589609 676922 315749 784811 639977 311067 707299 493953 704907 121176 438604 600361 260861 447644 275125 496406
507422 1031870 744205 866222 364911 1089600 895046 163141 916083 775222 744140 905662 904220 619236 147688 681787 626014 346907 357201 930436 707311 464908 987961 922509 999999999 659625 1077476 455658 936897 465053 466301 894601 435484 777368 345424 690847 428502 682743 657403 746407 1006511 100664 618917 917871 429570 1012983 962318 727123 1002699 584157 405910 367391 586033 688141 303078 210875 180467 637142 987845 656862 616732 537380 356127 689247 656461 110386 516697 427482 867721 239805 777022 390003 212582 627292 361191 734569 788012 452970 209738 464984 823535 913528 854629 254935 342884 511030 1218477 172207 552055 820985 226095 433118 778724 803336 590027 340938 912661 643798 940033 813680
152451 383688 272273 328255 325352 552222 612963 609940 596472 357750 486841 712767 247423 577037 551060 572898 575943 373010 302491 274123 577233 356002 597628 302667 659625 999999999 479601 309175 829811 276834 631611 237360 295229 120321 617376 271339 269719 250151 598302 340787 479173 730318 100876 441591 482940 486993 409686 81548 583059 701916 331480 292782 539324 51005 527749 449624 625138 312926 871675 710775 89254 552138 513242 377550 81473 578335 369270 232914 261449 673180 137297 686028 700546 278467 302531 117872 219772 443022 507617 569872 469967 740586 712266 559476 316741 379934 618389 504891 348264 194174 468503 231183 716673 213902 141400 384885 263005 417163 472950 564343
602631 182071 663108 625480 792911 142871 496057 978983 451138 352054 499365 622121 286629 696726 998268 643964 690554 844767 738960 364242 627684 835054 369005 177853 1077476 479601 999999999 788759 759551 756281 852728 365580 644343 374589 904386 400645 744117 677446 690334 738810 151283 1124525 573392 242890 742751 152843 134430 464473 327501 856317 677473 737261 684030 431832 849303 872072 985430 472170 777685 818177 564559 730528 809518 459212 441032 976959 843578 670735 513610 1007361 457704 950643 1046900 729663 754403 367707 561437 698919 965561 793723 397955 653677 666858 897793 753920 854755 142223 948954 817497 474007 856193 657746 735274 280154 616429 744460 402654 531465 250403 516652
217110 682458 290354 414265 108321 855048 836095 483552 833083 610113 685033 908143 540895 688280 314096 715301 690791 108752 201825 532602 730224 54992 860436 611755 455658 309175 788759 999999999 999045 33384 652658 501847 342402 421492 581885 509467 77636 229054 721399 292041 778108 549173 221374 724327 517508 785843 712286 341169 855011 758637 355132 181704 645046 357476 482606 289223 506287 508640 1047409 798268 227507 629727 500563 582667 358907 418595 100515 204355 434074 574581 375403 655602 582737 171667 161838 423412 349192 498056 254796 605876 708514 930050 886628 484720 202002 104823 927370 283609 116068 403275 359495 226801 856904 517702 179291 356899 504948 587053 754505 769089
801701 885618 1101016 1149316 918339 644111 265230 774734 308583 500586 343968 138154 877495 327946 968058 285073 322826 965647 812224 972491 268824 1052302 397278 765701 936897 829811 759551 999045 999999999 972045 475638 946251 658295 838632 596760 562323 921615 1070019 289912 1165100 608268 910685 908507 527834 526231 606970 645460 893009 440434 370320 652839 828785 368706 794666 638248 835233 760903 518752 51309 290666 894984 406126 587973 452387 749052 834352 1097753 794691 1058021 722633 935187 576137 766112 1076314 852913 757065 1043373 523594 983020 472381 395214 106174 117547 682599 818978 1103458 827047 929298 1100001 988686 757550 772279 158412 706928 930427 678538 993443 420206 512213 274718
184822 652267 279274 401338 104868 821760 805309 481573 801604 577522 655117 879150 511031 664131 327401 689048 666386 121527 184913 506025 703325 87033 827848 579499 465053 276834 756281 33384 972045 999999999 635976 474483 317563 390381 570196 477012 56036 217874 696584 289616 744746 555985 191487 691063 497856 752480 679017 311743 822096 739544 332727 164313 620974 324737 470451 287537 503640 477812 1020070 776762 196791 607753 485219 551889 325557 420313 125722 178162 413458 570232 348193 644208 580959 167336 147356 390471 329674 476293 270355 587281 676683 901493 858942 476076 187360 131914 895201 293021 132895 378879 352366 200211 831526 484565 150376 339673 479562 558169 721277 739128
522841 888431 856867 947898 549615 806425 496985 303163 532080 500771 381454 468465 806669 190444 521610 261625 198377 582134 451335 876810 288360 696754 626528 755192 466301 631611 852728 652658 475638 635976 999999999 841023 346274 707245 121686 469694 579942 806678 221533 899314 731868 435051 663916 628521 149548 735851 718801 712737 655313 120487 316651 471817 179923 624693 187403 409391 287191 392226 525784 190582 653184 125684 153648 393541 573623 370725 751305 472200 893005 247559 767791 113191 291859 784768 490819 628981 842069 188777 551152 63499 486313 468948 407966 218867 450692 753068 975553 491935 767795 825418 323786 455310 319973 643090 664501 296303 878975 321708 638054 420367
389194 203466 305828 260643 546812 486452 695273 846750 664443 445807 610538 814383 83259 751489 779329 729123 748507 587640 538360 37104 725866 535676 627432 215951 894601 237360 365580 501847 946251 474483 841023 999999999 523028 134173 842509 402803 485273 332646 764182 379158 439941 967333 285715 456170 697024 446836 367644 168450 598338 894232 560327 527226 720082 222704 757694 685670 861431 471837 980194 888141 284010 745121 737671 513969 270453 815530 527494 469688 148458 907177 126445 907824 936101 394453 534427 213459 201739 653884 731070 777694 553186 845515 832551 792698 552251 539197 479321 735176 494135 115056 705646 468543 862357 239356 324419 618091 47635 574406 484434 671614
176861 618951 511209 602269 261386 655065 520465 339551 527754 346526 363230 575444 507714 346620 380528 373629 348824 311556 157160 560057 389793 394698 579694 498486 435484 295229 644343 342402 658295 317563 346274 523028 999999999 390533 322150 256377 264771 462787 379110 556976 571913 480716 317719 486849 197325 578548 526893 376559 586745 434510 37484 171770 303512 300325 234677 240567 349649 212247 707368 463107 307184 293945 218130 277485 254496 332706 442363 139748 553474 386906 432410 391206 419579 447302 196272 325961 497462 165526 368087 288442 415031 594828 547975 271999 166577 447218 784383 331564 449201 488557 211896 118598 514507 377354 319147 101895 554841 258682 511148 445664
270226 263957 308557 317540 445302 465272 599141 719238 574152 341398 496797 711596 127371 623743 671209 606182 621216 491999 420319 170682 605205 464367 554712 197304 777368 120321 374589 421492 838632 390381 707245 134173 390533 999999999 708776 281356 388392 309920 638744 384565 400807 845092 201274 386792 562876 408493 327433 90827 532509 763048 427963 411728 590685 91578 625120 566732 732900 344940 875919 760292 194050 613387 603947 394201 136662 692717 469547 349887 219509 776249 104126 773743 806474 356891 422388 84334 220732 519826 627907 643990 454023 741678 722625 661480 434848 480835 509042 624780 442913 151226 579505 345570 743665 147104 244374 487361 172463 449587 417677 564902
488514 916809 814637 916066 474617 875032 597880 182528 628674 558233 466497 582429 819631 296484 410962 366073 304154 498835 387399 879321 393028 620480 717062 787196 345424 617376 904386 581885 596760 570196 121686 842509 322150 708776 999999999 506831 514985 759981 331803 848370 796405 314454 631246 695346 161642 801254 773255 698659 741711 238805 286160 407913 274026 620375 99863 313736 165665 432506 647103 312023 622224 218391 104838 453286 572141 253851 676634 424380 874454 130157 754515 74114 175660 729094 422873 637485 814393 205877 446754 137834 565449 585312 524677 108135 383117 676836 1034650 386460 697926 810425 229490 411866 440181 669023 624098 242353 876016 387248 709258 518157
292369 418929 543521 587053 468621 398841 343025 580748 330636 101052 218386 441835 350512 351427 632988 326382 347824 523682 384907 434604 324127 564031 351093 285498 690847 271339 400645 509467 562323 477012 469694 402803 256377 281356 506831 999999999 441258 519294 361803 611701 315711 729133 360215 232420 345686 322265 274979 330721 348117 501491 285023 390669 323795 232774 448660 495777 586013 77501 602449 487539 346641 357559 409530 112876 189875 585648 595651 329466 498592 606746 373643 558273 646308 537826 413099 197496 481122 301009 613057 407361 203488 470155 445172 497412 398509 604253 536443 583383 585947 428447 465400 309749 462317 177118 390351 351005 447477 172280 258751 293328
151134 652323 321669 440214 64061 800738 762258 432328 760800 542293 609900 831866 513205 610783 298350 637726 613246 103671 128937 518779 652792 130894 792164 569584 428502 269719 744117 77636 921615 56036 579942 485273 264771 388392 514985 441258 999999999 261234 643799 339649 721801 515529 199817 662005 442194 729435 658751 318005 788758 683792 278105 108316 567562 313518 415166 239903 453764 435290 970088 721812 201403 552999 429251 509078 305570 374868 177785 127048 440392 518887 360929 589052 531578 217638 92261 376409 359605 421400 246449 531413 637385 853413 809474 422259 131881 182447 884769 258748 188505 398396 299788 149595 779270 467344 164762 283639 495639 510829 691551 693958
286942 533962 61475 185358 321091 775140 862082 692941 846519 607884 730478 958163 396459 793473 542989 801303 793833 336901 376777 354242 809404 238272 846062 503854 682743 250151 677446 229054 1070019 217874 806678 332646 462787 309920 759981 519294 261234 999999999 820032 96037 709887 773761 161518 685608 659365 717626 636933 220143 829413 896936 490125 357288 752360 296607 660924 501137 713917 551512 1113825 920139 175065 752960 665000 620801 330441 635890 210586 336606 223750 777258 220052 833708 791968 67956 348537 357020 139696 627990 483833 750767 719825 984959 952775 675525 384429 221872 803985 510582 172127 218456 557310 351801 946829 448161 144917 518678 318889 651051 717016 810345
538315 762669 859131 926492 634599 620019 278188 498476 316570 349527 191484 251011 711315 38583 679230 47655 32922 679854 528179 796363 70878 773163 415786 629419 657403 598302 690334 721399 289912 696584 221533 764182 379110 638744 331803 361803 643799 820032 999999999 916065 553639 643235 661235 451049 236955 556168 557050 672144 448813 171408 368641 545795 79082 574005 354840 545370 487840 293837 340994 129581 648318 120056 302710 254538 523315 551410 821466 518490 849654 461944 721852 334371 507370 816345 569401 554505 818044 234235 693131 195877 297048 256349 197252 402765 533788 826221 798960 639715 827644 779105 468498 496730 136678 535699 675928 389412 808164 189775 453231 206097
382014 582442 76450 161625 394426 845676 953749 771044 936656 697775 824655 1051949 452696 889427 602076 897255 889821 400178 462110 393072 905190 284572 931730 570861 746407 340787 738810 292041 1165100 289616 899314 379158 556976 384565 848370 611701 339649 96037 916065 999999999 784788 841012 256829 768076 752856 792412 711065 299119 913051 991438 583253 441991 848236 384600 748798 577148 792906 646395 1208558 1015705 270264 848207 755537 714956 422008 709435 241052 427607 244469 858534 285269 922359 870420 122333 430519 441257 177927 722420 540810 844288 810517 1079085 1047756 760361 468325 250240 858233 574931 201342 265663 639280 444005 1042764 528420 240631 608602 354472 746593 799347 903841
571976 301372 708475 696215 761497 83152 345061 891900 299898 239283 362419 470888 356787 564197 945100 506357 557489 815886 690701 450316 487863 829121 220068 224030 1006511 479173 151283 778108 608268 744746 731868 439941 571913 400807 796405 315711 721801 709887 553639 784788 999999999 1042295 579656 103691 636566 7822 73955 489744 180216 723006 600616 693164 556734 428181 753074 810189 895206 374569 626746 679014 568409 606986 708491 343165 419218 900805 847569 628016 585209 908332 500203 835554 950279 751999 713476 361416 614453 595019 920643 676172 256868 502411 516622 804152 705092 857952 245640 895343 827435 531856 780866 611211 588231 265559 620533 666232 484357 411716 102308 369914
578140 1092877 835050 955514 453221 1124773 897814 153284 923416 805828 753624 894207 970482 606435 247387 673494 613789 440839 429807 1003775 700023 561857 1002702 977513 100664 730318 1124525 549173 910685 555985 435051 967333 480716 845092 314454 729133 515529 773761 643235 841012 1042295 999999999 698889 948854 431820 1048338 1003779 801876 1021375 546164 447052 442915 578330 754270 302298 283389 157361 668205 960745 623120 695446 525415 354643 712241 718261 152416 614665 497647 950608 189204 853707 341804 149229 720666 440592 795359 873093 463274 309015 447360 841418 898591 838254 249327 416536 609409 1263690 266416 649175 900417 270226 499731 754578 856791 673057 380065 988528 658980 968633 816527
142882 461086 198283 285269 262239 651803 703216 594005 689627 452179 569265 797150 319614 635967 496300 641024 635938 301928 272005 318970 648512 263094 695789 395552 618917 100876 573392 221374 908507 191487 663916 285715 317719 201274 631246 360215 199817 161518 661235 256829 579656 698889 999999999 541939 514640 587478 509600 120331 682506 746851 349388 256756 595645 151786 535339 415663 612134 390013 952332 765158 13634 600063 530810 459645 174637 550400 270845 212650 253324 668116 161168 703326 689822 179507 258521 218250 183874 479620 446126 605191 562490 823722 791257 558682 283960 281825 709756 453988 248001 202075 452292 220865 786423 314147 43148 389699 296343 489766 573249 649614
510874 359119 693134 699336 695598 179688 262741 797219 222202 143100 259589 389727 376702 460775 865247 403991 454134 750609 616449 474202 386350 777361 171335 249504 917871 441591 242890 724327 527834 691063 628521 456170 486849 386792 695346 232420 662005 685608 451049 768076 103691 948854 541939 999999999 536549 107353 117889 468958 145738 619803 512843 621197 453051 391605 655723 727197 799345 281220 551863 577406 529528 503479 609742 242370 370961 810504 801707 558162 592406 809476 490671 732917 852054 719902 642942 328631 607317 495954 845257 573345 155537 421797 428269 707466 630284 811420 349151 815689 785710 531445 691777 539536 492708 240156 579976 576941 503256 309249 31425 274267
374168 758734 708486 798381 419707 716110 467282 279496 491654 397704 322045 478357 667563 198522 442279 254398 204140 458881 316122 733276 279040 564991 572136 627836 429570 482940 742751 517508 526231 497856 149548 697024 197325 562876 161642 345686 442194 659365 236955 752856 636566 431820 514640 536549 999999999 641625 611810 564271 592989 241800 169734 335908 160108 478144 129726 309620 274994 270905 577462 283425 503793 121770 77314 294195 427692 320552 617626 327770 744144 273845 619572 214805 317589 640371 357136 487117 692526 45055 457439 91433 413878 488727 431950 182506 318122 620535 873446 403082 630675 676998 231544 309543 369717 511084 516294 163643 733551 231970 551978 385820
579555 306248 716088 703396 768999 76628 344354 897790 298859 244657 365138 469816 363647 567210 952113 508807 560447 823412 697918 456897 490021 836884 217110 230988 1012983 486993 152843 785843 606970 752480 735851 446836 578548 408493 801254 322265 729435 717626 556168 792412 7822 1048338 587478 107353 641625 999999999 81456 497483 176686 725829 607074 700467 560286 436001 758601 817012 900954 380429 624852 681136 576230 610831 713794 347970 426961 907129 855377 635375 592310 913641 507770 839916 955697 759800 720833 369237 621929 600247 927855 680444 259202 501237 516355 809781 712291 865757 242820 902359 835255 539204 787269 618503 588988 273381 628352 672593 491110 416101 103751 370900
510543 244231 634718 622740 701271 142856 380249 855726 338578 218034 366761 507313 284764 562620 893096 511049 556528 755084 635926 379641 495646 762378 273915 151854 962318 409686 134430 712286 645460 679017 718801 367644 526893 327433 773255 274979 658751 636933 557050 711065 73955 1003779 509600 117889 611810 81456 999999999 416830 238487 722189 557979 636874 549601 358863 721974 761385 860823 342621 668542 685443 498710 596245 680368 325280 353903 858887 778840 570897 512005 879315 426332 817799 919820 680181 656165 291844 540499 568535 865464 660235 268261 539351 546005 771588 650598 789400 262248 843380 757597 458010 738199 555369 608084 195860 551038 624611 412713 397300 135116 390429
225156 341781 224454 256901 378819 555684 664987 686229 644031 406322 549041 771255 199892 652593 610900 644387 651101 421073 372121 203547 646929 380510 633448 287765 727123 81548 464473 341169 893009 311743 712737 168450 376559 90827 698659 330721 318005 220143 672144 299119 489744 801876 120331 468958 564271 497483 416830 999999999 614017 781094 412611 360059 615968 99083 608361 519198 702226 381922 933027 787421 116738 631045 594645 441505 148836 650773 381775 304960 180938 752120 55856 767509 778341 266088 366386 143848 150417 524041 563092 650791 520003 800189 775758 638959 385661 393217 597132 566756 353690 112727 544210 306211 786533 229477 161886 464715 186779 487441 500230 622948
638655 479854 838374 844604 816508 203710 190575 868095 143390 247317 275542 307097 517260 469784 966889 401974 462123 871524 729269 614101 378097 909018 43157 386358 1002699 583059 327501 855011 440434 822096 655313 598338 586745 532509 741711 348117 788758 829413 448813 913051 180216 1021375 682506 145738 592989 176686 238487 614017 999999999 619352 606870 736671 475542 533892 720312 825477 866439 374514 453544 561783 669755 531006 669877 314005 509181 892889 936817 677056 736982 865048 636409 766449 909660 861461 759703 472526 753055 558343 953577 608829 179973 336958 362459 773360 742173 946097 387057 918196 923066 676838 778845 656809 448233 385741 719134 666041 644898 362453 115212 243998
610120 915927 943590 1026293 658734 790869 442773 421333 484063 508759 360722 387610 850319 159592 642004 219003 165876 694552 556883 928551 241471 805095 585170 781721 584157 701916 856317 758637 370320 739544 120487 894232 434510 763048 238805 501491 683792 896936 171408 991438 723006 546164 746851 619803 241800 725829 722189 781094 619352 999999999 410368 576933 178128 687416 306840 527330 403993 426063 418666 79828 735148 150195 268381 405889 635600 490741 858450 568952 961934 356965 834472 206646 398845 880943 597507 680861 918619 269018 670588 153022 467278 381599 321427 339285 557934 860990 968611 611694 872297 892500 442134 550082 223328 678609 752609 402397 935384 334123 623464 375624
207017 655631 540352 634546 266075 683694 529739 303821 540182 370985 372106 576871 545144 334234 360768 367834 337217 312864 159675 597370 386037 405572 597509 534193 405910 331480 677473 355132 652839 332727 316651 560327 37484 427963 286160 285023 278105 490125 368641 583253 600616 447052 349388 512843 169734 607074 557979 412611 606870 410368 999999999 177169 290995 337635 197378 218730 313222 234031 702656 444104 339389 275026 182872 294283 291976 300939 455633 158641 588529 349484 468465 356121 382461 470775 200787 363291 530699 143694 353937 261124 432028 594578 545257 234589 166156 459643 816850 312843 465461 524266 180423 139861 505118 413017 347959 66989 591827 266578 536035 452721
141780 670786 415221 527037 89691 774984 688128 340049 691985 489934 532015 747093 539042 511335 262776 543743 514377 140530 20650 563141 560827 229635 734789 570831 367391 292782 737261 181704 828785 164313 471817 527226 171770 411728 407913 390669 108316 357288 545795 441991 693164 442915 256756 621197 335908 700467 636874 360059 736671 576933 177169 999999999 468114 324599 308055 159564 359613 367773 878221 617466 252709 449568 320938 438925 299561 293654 281719 66528 509774 420585 411015 482026 437805 321544 24583 377286 435709 317996 228826 424199 573590 766598 719429 318592 27733 284764 879469 214633 296054 457632 200845 81995 682217 457227 234924 175581 546236 428798 648773 615305
467837 737929 793928 867107 556571 629210 323856 430012 355579 333452 201645 319668 673515 43256 601923 95836 46563 601267 450201 753751 121889 696277 447520 603705 586033 539324 684030 645046 368706 620974 179923 720082 303512 590685 274026 323795 567562 752360 79082 848236 556734 578330 595645 453051 160108 560286 549601 615968 475542 178128 290995 468114 999999999 519575 283001 466944 421405 249297 419675 171491 583072 56214 229923 228702 468014 478451 745344 443248 795671 403042 667655 291089 448651 745389 491521 507403 758677 155154 614601 136563 307186 328869 271843 333029 455466 749813 801812 561696 752699 725481 391203 421845 215479 500862 607618 310331 762346 156362 460625 244454
182907 346303 313409 355932 366075 501493 570791 627664 552255 313428 450748 674302 216381 555349 586229 545581 553620 415775 331851 259736 547889 405438 549556 256144 688141 51005 431832 357476 794666 324737 624693 222704 300325 91578 620375 232774 313518 296607 574005 384600 428181 754270 151786 391605 478144 436001 358863 99083 533892 687416 337635 324599 519575 999999999 534994 477289 641340 282930 835197 690800 140259 537222 515571 342738 51817 601858 419986 261073 276176 685154 148145 686635 715042 328323 337054 67030 248881 436168 545757 561919 426617 702857 677304 570482 346593 430580 571671 538892 399262 205905 488064 255354 687484 163021 192360 396133 255962 388523 423003 525827
393212 845743 716125 819366 375775 834222 596824 149771 621348 514012 451327 602590 740654 316500 336498 378801 323155 402217 287552 794729 404488 522207 700707 719715 303078 527749 849303 482606 638248 470451 187403 757694 234677 625120 99863 448660 415166 660924 354840 748798 753074 302298 535339 655723 129726 758601 721974 608361 720312 306840 197378 308055 283001 534994 999999999 222717 146142 379790 689485 369601 526836 234806 53378 415085 488816 196677 578120 326269 781584 158426 664124 173974 197846 629311 323104 558249 719019 162149 363826 167001 540568 610640 552072 53097 283288 578646 984178 304860 598674 719071 136974 314867 479866 599380 526407 145687 789022 357971 673312 515384
297199 821183 561460 678514 182848 893265 742865 194404 756308 587074 585988 777227 693445 507297 142531 557110 512448 191474 147311 721837 579371 317860 816163 713513 210875 449624 872072 289223 835233 287537 409391 685670 240567 566732 313736 495777 239903 501137 545370 577148 810189 283389 415663 727197 309620 817012 761385 519198 825477 527330 218730 159564 466944 477289 222717 999999999 217070 451760 886358 584657 412069 431202 259656 512951 445953 135932 374474 216931 667971 286121 570533 383896 293713 454841 158025 524151 591859 313848 147841 379614 650616 791150 736928 207629 133540 372796 1013797 96529 401581 617040 85744 222269 679288 595369 391099 165482 705621 480860 751703 663751
