NAME : synthetic_000287
TYPE : CTSP-D
DIMENSION : 100
GROUPS : 8
RELAXATION_LEVEL : 1
EDGE_WEIGHT_TYPE : EXPLICIT
EDGE_WEIGHT_FORMAT : FULL_MATRIX
EDGE_WEIGHT_SECTION
999999999 588856 625426 483250 487526 551361 864053 868392 291782 606980 1135320 615890 784415 420117 475691 754816 913351 664636 675998 308474 1134539 498124 31508 988430 209186 800933 415389 633170 388051 525837 569693 474028 832564 570904 693783 138551 561035 434663 828552 342189 904019 140150 63860 752321 836251 852015 732526 395617 681719 872819 49762 696376 765348 372812 715974 412065 908970 634859 954472 690879 508400 795813 351448 510970 877001 255766 744507 628516 778308 623859 424188 723054 637632 199835 583998 584444 806376 555892 995210 703604 796531 567416 933266 790141 907636 512249 741637 446869 432037 624742 885739 595266 608346 266204 934621 797208 867599 576481 642509 615501
588856 999999999 492914 665246 159252 784083 279976 614356 696120 721563 860963 224990 489778 202375 340579 342824 482016 826547 139066 363028 785226 347455 588952 557603 510505 213176 570247 561616 639523 415907 122583 289401 387752 328425 151845 450430 827998 733211 481140 310693 350158 625922 553073 695177 646312 437309 533339 240794 778720 821615 539376 299184 287263 392743 494540 357652 672629 76911 760920 528915 413570 567025 559025 473719 718841 359324 740919 852903 349438 755256 629530 512316 57813 390692 142893 201253 520866 658937 798374 977993 705071 274624 543792 380683 318872 79234 980957 222028 272424 36606 773982 265473 28098 611478 813424 463975 346263 616081 919030 29724
625426 492914 999999999 303367 356319 399387 686405 245623 496792 282285 509905 283685 194685 557061 190816 290060 386595 384237 628885 340792 520498 170780 648616 440392 421370 618978 268241 74956 354955 108989 370966 232579 353609 164538 433583 546573 451348 422849 260672 613610 539445 548298 640779 202626 213316 332926 109067 349292 314576 332337 589355 268171 366546 259038 105245 234470 283546 451766 336078 65506 124316 172977 317945 117376 266307 416567 250059 440259 314638 314881 314176 104835 482254 494574 353748 295718 204041 239729 377617 567909 219290 218650 365395 298329 665816 453666 550304 609811 278744 499497 300263 233528 480784 432009 346379 231045 464947 174547 522727 515032
483250 665246 303367 999999999 506006 118869 914891 518007 242372 124877 743957 517887 496670 634180 333261 578165 689596 191694 802008 341201 793051 335299 513700 743274 291215 843457 99830 254462 97619 286474 562742 380848 649325 396039 666090 474514 165218 123413 563836 640074 817092 358258 526026 311674 451873 634500 395904 438645 198629 408771 468705 541478 641595 278270 405633 307760 535025 654905 544309 348106 278348 452824 144968 221722 462343 400875 280142 190842 604438 140924 59725 400358 678882 455292 556475 511133 501866 89475 579929 312870 363358 439093 667098 593944 914407 598752 320992 687014 393032 686107 444964 467725 664920 220258 490817 534411 748536 145679 254026 693595
487526 159252 356319 506006 999999999 624836 424156 521788 548873 565303 786221 150428 402687 214948 185523 299727 459911 669515 296669 217135 735773 196013 494936 538483 370469 353168 411165 418973 482167 266482 82866 134110 368700 198726 208983 355763 668821 575865 415870 299882 416710 497023 465730 557944 536127 403240 417576 96770 625063 688654 438217 241860 285744 234819 381897 198414 577694 163848 657668 402666 261498 462969 402313 319686 604271 235551 597245 693965 317516 598694 470706 398079 180226 290302 96774 114670 432871 501897 697615 818784 574768 152847 502537 339456 444626 99399 822348 262984 113246 182294 651122 160906 161097 463425 694269 390862 381979 462218 759779 187843
551361 784083 399387 118869 624836 999999999 1032768 587148 272778 138753 785761 633361 585885 747485 451315 684076 784165 123078 920693 454051 853586 452311 582776 831866 381205 961432 216036 338253 175513 399591 681259 499418 751967 509543 782877 566039 51974 120236 654925 746356 927484 415313 601769 350999 511599 732074 478553 556065 180037 414697 545786 651306 751839 395773 495203 426525 593891 773365 584922 433224 393071 528877 248170 334067 505494 508355 298824 80018 709838 124051 162222 486891 797579 555585 674552 628130 586437 159967 615741 194337 402673 554710 753560 696492 1030488 717187 207740 799592 511804 804958 471377 582510 783775 286986 511729 627342 856874 226236 135233 812457
864053 279976 686405 914891 424156 1032768 999999999 720073 972010 950351 912003 406655 604968 453372 581631 433935 496161 1056568 202909 638686 797863 580830 861606 549602 788930 71649 826191 761080 902972 639630 354174 535071 426070 533406 254072 725603 1080044 996258 564452 555476 251385 905898 823717 875275 778854 483001 687346 515699 996684 986228 815088 426953 346606 656444 648496 615134 775963 262530 871263 700951 642873 697655 824466 704013 853196 639265 933080 1094990 422060 984541 887006 666440 244082 668290 358490 405821 632169 892507 901354 1223257 870441 482511 575783 455161 85210 359203 1218484 447673 533308 247162 920428 458740 267006 886767 950265 562958 310577 839689 1167687 251248
868392 614356 245623 518007 521788 587148 720073 999999999 735009 450075 272055 391488 124662 736629 407305 290091 264837 526745 731355 573153 277655 384090 890421 276422 666447 665630 506031 265913 587471 343089 498663 432273 299004 332598 499957 780715 636921 641419 156399 812936 504188 793862 879868 253482 86160 246412 136659 550605 442443 303526 830394 317915 374879 497172 154401 464253 58458 550187 151798 182184 360390 72788 560505 362969 145744 645651 322561 602261 298455 473739 543437 145473 581981 723958 475057 421269 93701 435680 185614 716443 214438 369622 199096 264962 671749 603701 681571 784350 483003 606479 219637 362452 593294 675097 237175 158459 426669 372640 686915 627298
291782 696120 496792 242372 548873 272778 972010 735009 999999999 362669 977453 621562 687918 593597 433020 724406 862043 393821 817573 333467 1012661 447378 323048 926346 190436 901556 229261 470487 151261 433216 625504 462460 802464 524771 747792 345959 273415 152550 748472 557962 934394 151632 349511 551629 678869 802031 602653 456435 430560 650783 298540 674980 767212 329153 601585 377031 760566 712634 780382 554691 417996 664802 182404 385049 698461 348736 522479 344798 750977 369337 197088 601403 728066 361586 628887 601712 700407 330672 817540 411880 602443 549188 856295 750025 992308 618436 451350 638088 446507 725983 686168 580893 705527 85512 732600 716823 877496 376687 351184 725817
606980 721563 282285 124877 565303 138753 950351 450075 362669 999999999 648616 544126 457972 720544 380986 572277 658445 106258 860539 434625 714887 375386 637155 701538 410017 880290 202788 213036 222434 311317 608721 432266 634814 417293 696632 589821 187078 223933 527583 739554 820934 483135 647854 212761 373196 609508 348023 513820 75561 290110 590457 546852 646726 358974 369049 375406 455267 698678 447552 305273 310103 394412 261030 248851 367444 502258 165703 159286 596922 34196 182886 358683 725891 564075 597815 545530 455525 65167 479561 285720 264758 467926 622394 579854 938781 663083 270034 774563 457045 737342 337348 492044 716683 345109 380159 501754 747080 111363 243529 748145
1135320 860963 509905 743957 786221 785761 912003 272055 977453 648616 999999999 646729 383691 1000839 679306 519333 415842 695203 964118 844360 150459 656112 1158436 370540 930151 870061 753397 511438 826440 612708 753111 703771 493708 603055 729153 1051911 829748 864144 379852 1081622 667627 1052429 1149562 436371 301711 436875 404022 821355 613811 394883 1098952 562629 590410 766680 426163 735519 226421 790377 201091 444441 629745 342349 812778 625168 282215 917421 488199 777750 517217 662409 780773 415936 820818 995783 728693 679480 354032 655243 171438 869361 384088 636409 336709 483736 847424 861363 821743 1046382 754501 847236 318326 625342 837137 926572 287756 399078 601483 601501 856690 869383
615890 224990 283685 517887 150428 633361 406655 391488 621562 544126 646729 999999999 267662 358018 192242 149440 310308 650249 352510 316696 587739 184268 627373 388733 465584 337444 437755 357220 522432 234945 107273 159540 221044 126852 152620 491943 682511 612359 270022 449289 312852 601263 602176 481253 421375 252916 309686 223303 590269 603006 568103 91501 151251 292739 270484 244558 449404 170740 536358 309759 240307 342081 450907 300268 494160 360250 533469 691575 168378 578289 498434 288468 202333 426467 83586 35757 298743 487547 574261 820500 485793 78798 352452 189059 397244 214634 813099 400787 187592 222977 550895 52107 206791 537839 589264 247803 259200 433205 767042 241582
784415 489778 194685 496670 402687 585885 604968 124662 687918 457972 383691 267662 999999999 617506 310659 171160 201001 550499 607165 479921 351420 287592 803866 246799 591525 547428 461172 247635 549005 264059 374935 326271 198784 223733 377095 685369 637659 617240 69650 698305 405164 725190 789104 300475 174068 158164 111390 440683 470798 389125 743049 193605 258384 412223 91177 372773 183069 425654 274133 152973 281327 94122 506616 303023 248239 548075 368614 616941 184200 487306 508775 99339 457496 625280 351107 298446 31119 426417 309767 740283 279570 252960 170735 153472 562798 481089 714146 663887 376453 481869 316736 241955 468632 618674 345308 48117 326393 359978 701480 502644
420117 202375 557061 634180 214948 747485 453372 736629 593597 720544 1000839 358018 617506 999999999 369498 502661 657077 817629 257442 293460 945572 387154 413488 735192 404052 396985 534375 611199 580558 455593 258567 324493 562758 409529 346756 285185 783037 669538 627689 108357 552069 489659 373791 753144 748065 604808 628870 212557 788812 886144 373333 448179 467867 361662 594521 349722 792274 272400 870722 609574 445730 676777 501238 494764 814204 247934 783463 824264 516296 751378 585286 610081 259913 240010 282657 323394 647775 655384 911044 939141 776056 367186 708192 542655 508664 152221 954345 54334 280558 237796 856597 375568 229061 516142 901425 604023 542458 630517 876469 220948
475691 340579 190816 333261 185523 451315 581631 407305 433020 380986 679306 192242 310659 369498 999999999 295652 445428 486065 479557 169280 662057 23303 493990 517409 294346 510205 247214 241763 330400 86097 230571 51483 374856 97845 334321 375294 498423 421100 352918 422802 503759 431811 478453 383647 396484 383795 279445 158968 439572 516686 433074 243042 334279 110917 253233 64617 455827 322365 520928 249671 77450 337703 258958 134163 455533 238807 416396 515866 321667 414684 308209 264624 347607 316891 223249 179632 334789 318548 562389 643043 407826 116537 458393 325682 583467 284583 642317 423098 89022 357258 490842 148152 336382 351147 537186 321519 444597 276714 586411 367325
754816 342824 290060 578165 299727 684076 433935 290091 724406 572277 519333 149440 171160 502661 295652 999999999 161500 673999 446783 448642 445051 278354 768488 239603 588401 376484 516046 362213 605447 297601 244601 282668 79301 199945 212285 635993 735640 687902 141377 597360 250580 725935 745615 453254 344920 103514 259630 369039 601656 555280 708313 59353 87684 406243 223074 358432 347751 271069 441846 283017 310335 263807 544489 358398 419303 501167 516853 729629 26729 604940 573114 239919 301517 571091 220208 185141 199195 526589 474961 857734 441519 188077 205603 40041 394752 353695 840100 541967 322815 327909 486754 159554 318238 644817 516437 131661 174931 463248 811172 350112
913351 482016 386595 689596 459911 784165 496161 264837 862043 658445 415842 310308 201001 657077 445428 161500 999999999 751478 563807 605632 310441 425619 927969 78616 739740 455828 642547 446690 732165 428831 398828 439471 94758 347585 334883 796736 836094 807115 131488 755052 255043 877107 906044 496030 345643 61673 312289 530425 671418 566994 867515 220814 194830 556083 289608 509780 309667 405803 401929 353173 444172 281184 679791 481313 410580 661145 565416 817591 142439 688130 695094 299901 432550 732063 375230 345800 209405 624233 424131 941274 467894 346057 80624 123681 433294 505675 914841 692922 482166 460156 484436 319370 455106 786301 500084 156932 185703 557936 901965 483053
664636 826547 384237 191694 669515 123078 1056568 526745 393821 106258 695203 650249 550499 817629 486065 673999 751478 999999999 965394 527410 778224 481155 695766 789394 481299 986541 287375 312103 278235 417557 714582 537146 733856 523400 802795 665543 147171 241735 620007 829752 923682 531819 711648 275242 444353 705353 439200 614208 84720 308704 654753 650902 750303 456494 464297 476926 522576 804755 497539 399992 416122 478748 336632 354787 423011 590722 210818 82938 698098 72065 250013 452214 831804 646895 703926 651783 544655 167648 523766 190654 322491 574174 709639 679431 1044369 766638 166101 871245 559946 842924 376900 598154 822189 398437 411914 596003 848928 217128 162887 853387
675998 139066 628885 802008 296669 920693 202909 731355 817573 860539 964118 352510 607165 257442 479557 446783 563807 965394 999999999 488415 873877 486496 670585 633365 628444 162115 705824 698835 771834 554727 258164 428297 474370 464465 235043 539028 963682 865242 588154 355025 373984 733055 631169 830342 771098 529298 661955 369857 917744 954765 628234 413561 374542 526869 622576 494276 789790 182872 881084 661408 552598 690258 690824 612785 844823 471680 877958 990548 446938 894191 764324 640664 150832 486878 275395 333948 637789 797757 916865 1114878 837720 410251 634540 480640 272077 204599 1119017 245850 409048 129881 903206 397777 148101 734433 940750 575636 398552 755136 1055323 114093
308474 363028 340792 341201 217135 454051 638686 573153 333467 434625 844360 316696 479921 293460 169280 448642 605632 527410 488415 999999999 831289 192337 325389 680191 153977 568464 241599 370093 289627 233013 296943 166246 527248 262649 422323 207576 490415 381135 520921 305345 621529 285741 309182 507575 553675 544137 441024 122996 506340 639367 264454 391136 467947 85728 418790 108900 618985 380808 676868 405021 216727 502014 209073 241307 605637 76726 522387 530883 472950 463686 291887 428425 394943 153891 303985 289099 503719 370127 718409 646185 542116 260578 624968 482892 661761 286183 660918 345910 129107 392522 629989 289712 372064 248523 678293 489855 574926 356782 583814 392750
1134539 785226 520498 793051 735773 853586 797863 277655 1012661 714887 150459 587739 351420 945572 662057 445051 310441 778224 873877 831289 999999999 638953 1154650 248291 937506 763337 783635 543169 864930 609995 689035 676088 400293 573532 642612 1036692 901392 916260 320624 1035625 547861 1067873 1140463 505149 342759 348040 411843 786879 693914 498880 1093932 497472 501378 761754 420835 723765 259836 710595 288603 458917 627491 348516 837442 637555 355725 899270 567426 858369 435897 734460 820665 416591 738954 976158 664488 622831 328188 708302 276869 961971 455912 595566 241479 405758 727314 798387 919460 986536 725576 766331 412749 577832 759331 951923 395726 348162 489790 647373 941069 789113
498124 347455 170780 335299 196013 452311 580830 384090 447378 375386 656112 184268 287592 387154 23303 278354 425619 481155 486496 192337 638953 999999999 516718 496799 314330 509711 253531 225454 339054 70660 233446 63680 357282 78712 330793 398565 500438 428230 330761 443476 493019 451538 501517 366683 374269 364083 256797 178562 431270 499277 455824 227602 321453 130615 230102 86245 432839 324157 498739 228119 66135 314651 270506 126625 434214 262110 402119 514503 304656 409362 314167 241693 350701 340182 223768 175871 311559 314311 540157 642487 389053 106166 436699 307045 579270 295410 639600 440376 107971 362010 471043 136956 341435 366697 516998 299232 431678 268654 586993 373335
31508 588952 648616 513700 494936 582776 861606 890421 323048 637155 1158436 627373 803866 413488 493990 768488 927969 695766 670585 325389 1154650 516718 999999999 1003692 236187 799815 444201 658674 418867 547420 576344 489500 845630 587980 699132 140209 592540 466165 846302 329775 910367 171438 42285 779673 860279 866865 755012 405311 712036 901173 60940 709689 775705 393652 737361 431097 932017 638061 979326 714120 530063 818015 380497 535170 902423 267508 773170 659996 791494 654426 454489 744964 639258 204824 591687 595137 826488 585390 1020217 734912 823300 581937 950164 804473 907766 513631 773105 436826 445859 625165 912601 609030 609479 297336 961527 815184 876371 604595 673898 614872
988430 557603 440392 743274 538483 831866 549602 276422 926346 701538 370540 388733 246799 735192 517409 239603 78616 789394 633365 680191 248291 496799 1003692 999999999 811071 515884 703195 493810 792173 494060 477151 514425 172440 419787 408602 873532 883486 863223 179845 833565 300200 948030 982517 523948 362119 137330 353740 608045 707057 578338 943077 298770 270554 627398 337976 581998 309537 480991 394081 398682 510114 311016 743965 542525 418285 737416 593834 859488 221049 729467 753311 345080 506748 809107 453656 424282 246017 672814 409195 980026 489487 421939 79841 201000 480100 583558 949736 770397 558277 534391 491821 396156 530363 852727 499919 210516 242129 606413 944389 557277
209186 510505 421370 291215 370469 381205 788930 666447 190436 410017 930151 465584 591525 404052 294346 588401 739740 481299 628444 153977 937506 314330 236187 811071 999999999 719460 210719 424602 206028 328008 450869 308393 667691 392168 576292 185043 404617 280234 642023 376960 774024 137572 240048 543488 629656 678124 529851 274723 485571 665609 183076 533243 616257 183720 516750 230289 704307 533620 746442 486382 310571 593659 149062 305011 668368 158308 538248 461209 613870 431135 231741 522119 546243 179973 457850 440218 610874 354006 786967 559082 587370 402208 749304 619733 814849 431891 585788 449952 279732 541863 676607 433058 521932 112813 725507 610077 724766 368882 495526 540044
800933 213176 618978 843457 353168 961432 71649 665630 901556 880290 870061 337444 547428 396985 510205 376484 455828 986541 162115 568464 763337 509711 799815 515884 719460 999999999 754561 693384 831364 569258 282530 463472 378113 463872 185453 662385 1008581 924630 511695 502131 229072 838229 762821 810431 720447 435484 624885 445562 927710 924039 751642 363858 290773 584934 585667 543500 722522 190974 817368 636169 572146 638802 752941 633379 795049 571415 866897 1024064 367353 914486 815367 603767 173523 603579 286995 335145 575668 821985 849016 1152196 807614 412367 533490 401259 112536 291981 1147973 397410 461811 178843 860734 389403 197905 816225 892293 507410 273756 769873 1096409 185554
415389 570247 268241 99830 411165 216036 826191 506031 229261 202788 753397 437755 461172 534375 247214 516046 642547 287375 705824 241599 783635 253531 444201 703195 210719 754561 999999999 242930 89814 218449 472317 291243 591323 322799 581404 387327 257872 174800 523908 542385 744930 306092 450661 341355 452693 584183 373409 340032 277971 457726 393507 473056 571112 179798 373381 213002 533343 564475 559813 325429 206214 435574 64270 161234 478765 303362 329131 290458 542748 227826 61027 372521 587004 361880 468132 426846 472239 143704 598586 410258 388868 359617 630924 536954 830610 501804 420649 587278 297923 592658 476649 389959 571418 173665 524964 492741 680372 162858 349735 599004
633170 561616 74956 254462 418973 338253 761080 265913 470487 213036 511438 357220 247635 611199 241763 362213 446690 312103 698835 370093 543169 225454 658674 493810 424602 693384 242930 999999999 321792 155694 440681 289121 422208 234954 507937 569011 390027 377501 316778 659036 612423 541728 655600 142107 210022 396630 141956 399653 240199 275457 601517 342777 440541 284643 157166 271695 290438 523785 322148 95191 165874 198635 301349 128970 243832 446805 179322 372235 386069 244384 277543 148731 553820 522775 424651 367326 249204 179026 362443 498364 172061 289210 415954 367517 740739 517760 478140 664858 330641 570067 260076 306360 550880 415347 308625 289761 537075 112699 455992 584764
388051 639523 354955 97619 482167 175513 902972 587471 151261 222434 826440 522432 549005 580558 330400 605447 732165 278235 771834 289627 864930 339054 418867 792173 206028 831364 89814 321792 999999999 307951 548950 370809 681002 410763 662557 391053 203681 93713 612637 572785 831865 260787 433507 400990 528695 673940 457603 402121 295494 504528 376538 561556 658884 247374 460177 288018 610849 640465 629126 409304 295247 518491 81171 250901 547200 336649 375261 255514 632164 236357 45835 458219 661085 380410 546927 509175 558844 181830 666304 360047 451494 445129 719231 626710 911583 567286 381856 631342 370185 664453 535961 475999 643263 123106 582853 581659 768519 225427 296797 668849
525837 415907 108989 286474 266482 399591 639630 343089 433216 311317 612708 234945 264059 455593 86097 297601 428831 417557 554727 233013 609995 70660 547420 494060 328008 569258 218449 155694 307951 999999999 299057 134139 373156 109955 386585 439932 449539 390959 318509 506708 530891 461132 537006 297551 320800 369001 208716 244597 363599 430630 487314 256160 355661 154128 190146 125643 386689 387831 444398 172151 17498 270922 250988 65560 375285 308191 331498 456633 324300 345498 275919 197618 415714 386414 286908 234258 282868 252948 485963 585562 322553 157246 426681 319169 632016 365850 578871 509189 175073 428661 406763 183414 408439 358695 453733 286503 463727 202057 532522 441055
569693 122583 370966 562742 82866 681259 354174 498663 625504 608721 753111 107273 374935 258567 230571 244601 398828 714582 258164 296943 689035 233446 576344 477151 450869 282530 472317 440681 548950 299057 999999999 181901 304878 206441 126308 436643 727517 642133 374783 356923 334326 579148 546105 572933 526037 346280 411710 179166 662637 699041 520247 192253 213585 303206 373232 260995 556482 92227 642664 406361 298699 447815 470969 359870 597896 318413 619797 746432 257729 642744 533018 390836 117273 371522 24605 79368 406013 547709 680923 873528 582490 152366 450192 284483 366884 109406 872570 297513 180505 129885 651900 143277 110244 540009 691870 354036 303034 500887 816468 144136
474028 289401 232579 380848 134110 499418 535071 432273 462460 432266 703771 159540 326271 324493 51483 282668 439471 537146 428297 166246 676088 63680 489500 514425 308393 463472 291243 289121 370809 134139 181901 999999999 361546 102633 291790 362767 545632 463078 359827 385275 472072 445315 469896 430198 430163 378040 311234 119783 491045 562600 428772 225825 308555 133351 280878 85645 483793 274095 554400 286891 127750 365577 295580 185608 492846 225177 465627 565442 307324 465894 352170 294355 298261 300595 176897 139957 353021 369544 595550 692022 451604 94680 461415 316645 540777 233301 692519 377396 50736 306898 532431 124852 285905 378429 577778 329731 417967 328183 634642 316402
832564 387752 353609 649325 368700 751967 426070 299004 802464 634814 493708 221044 198784 562758 374856 79301 94758 733856 474370 527248 400293 357282 845630 172440 667691 378113 591323 422208 681002 373156 304878 361546 999999999 278696 242371 711899 803811 761656 143049 661589 207172 805218 821865 497378 368075 57371 303749 443790 658183 587037 785693 136250 101250 485512 271985 437731 352570 311860 447934 335579 386666 291811 621893 431966 439800 578133 564158 793521 54313 666567 647347 286576 339284 646667 281576 255841 219647 592961 476248 920455 478346 266872 160187 55494 373164 411139 899572 598209 400583 366806 511323 237635 361056 723418 534888 151097 128610 528151 876307 389673
570904 328425 164538 396039 198726 509543 533406 332598 524771 417293 603055 126852 223733 409529 97845 199945 347585 523400 464465 262649 573532 78712 587980 419787 392168 463872 322799 234954 410763 109955 206441 102633 278696 999999999 279443 464229 559466 497173 258651 480698 422561 529593 570200 366788 338549 285957 219454 218300 464081 494421 527059 151192 248313 208588 185215 162297 385883 289021 461361 204548 118042 268594 345973 175484 405695 326545 413658 565717 226380 451449 382140 200557 318883 402792 189724 132530 250879 361212 501900 694789 378819 54287 362365 228357 522786 292635 686442 459943 152727 335300 452903 74754 316376 444873 495631 228011 357758 306356 642298 350540
693783 151845 433583 666090 208983 782877 254072 499957 747792 696632 729153 152620 377095 346756 334321 212285 334883 802795 235043 422323 642612 330793 699132 408602 576292 185453 581404 507937 662557 386585 126308 291790 242371 279443 999999999 558988 831225 754522 353591 453282 212332 705386 667385 626557 546246 295661 444470 305471 742656 742996 644153 185460 141244 421291 404917 376050 558167 75476 651007 452650 390759 464510 587016 451487 620786 444310 681950 842936 211936 730807 642427 423147 98243 494571 119012 154999 407063 639508 685507 971630 626010 229355 401771 245597 249225 198570 965312 372476 301287 125866 683519 204723 123846 662481 717794 342582 195878 585794 917231 148724
138551 450430 546573 474514 355763 566039 725603 780715 345959 589821 1051911 491943 685369 285185 375294 635993 796736 665543 539028 207576 1036692 398565 140209 873532 185043 662385 387327 569011 391053 439932 436643 362767 711899 464229 558988 999999999 587691 461571 722521 220174 770403 215014 110370 700693 759863 736249 648379 268717 665201 828985 89534 576781 638528 287673 626336 316470 826386 497989 882292 611398 423295 709573 330091 440659 809194 137690 705489 646001 658101 612962 415556 635982 499762 65697 452528 458783 710040 530560 923746 740526 739494 452043 823779 673058 769270 374217 769563 316998 315908 486405 828504 477428 470246 287217 877296 692183 737656 535182 677182 476971
561035 827998 451348 165218 668821 51974 1080044 636921 273415 187078 829748 682511 637659 783037 498423 735640 836094 147171 963682 490415 901392 500438 592540 883486 404617 1008581 257872 390027 203681 449539 727517 545632 803811 559466 831225 587691 999999999 127398 706757 776183 978426 422182 614668 397219 560195 784048 530015 596784 218061 451884 559989 702277 802765 437185 547048 470444 642026 819725 629453 484912 442431 579643 281800 384136 551046 540289 341608 75177 761463 167761 200131 538595 843303 582468 721587 676298 637912 211930 658993 156397 448291 603757 805058 748330 1079351 759554 182313 834337 555587 849855 513390 631973 828631 302582 551941 679253 908176 278158 93434 856653
434663 733211 422849 123413 575865 120236 996258 641419 152550 223933 864144 612359 617240 669538 421100 687902 807115 241735 865242 381135 916260 428230 466165 863223 280234 924630 174800 377501 93713 390959 642133 463078 761656 497173 754522 461571 127398 999999999 683435 655303 919568 296848 487493 429026 574625 750567 518485 495424 285076 513770 432634 646784 745409 341057 526572 381138 657844 733803 663649 470462 379829 576037 174427 329739 581986 423186 389166 194228 714504 224055 115118 522149 754659 459627 639620 600519 623700 209354 698054 279107 481259 534363 787943 706695 1003704 660751 309632 719347 463765 758155 559205 564757 736962 175388 603250 653388 854312 268979 215657 762550
828552 481140 260672 563836 415870 654925 564452 156399 748472 527583 379852 270022 69650 627689 352918 141377 131488 620007 588154 520921 320624 330761 846302 179845 642023 511695 523908 316778 612637 318509 374783 359827 143049 258651 353591 722521 706757 683435 999999999 715483 349577 777614 828848 366647 226157 93914 180809 467153 539980 446772 785363 183090 221414 459718 159730 417006 211513 411306 306855 222450 335176 153672 566327 363762 296984 584853 435552 686582 144801 556956 573514 168905 442182 660317 350222 304298 80391 495250 337376 809884 341842 275541 108189 110597 515366 483835 783390 670773 408050 468208 369024 257211 457533 676639 391842 32041 271396 428819 771101 490130
342189 310693 613610 640074 299882 746356 555476 812936 557962 739554 1081622 449289 698305 108357 422802 597360 755052 829752 355025 305345 1035625 443476 329775 833565 376960 502131 542385 659036 572785 506708 356923 385275 661589 480698 453282 220174 776183 655303 715483 999999999 660083 434938 288012 800555 815421 700574 696373 265610 811656 933875 300190 540710 569529 386442 664866 387989 866577 379655 939583 671340 494133 749027 498534 534772 877507 239205 822730 825507 613037 767953 585891 679054 368142 197427 380014 413703 727616 675304 980650 932246 829011 445346 801721 637361 614363 255917 953959 110396 336059 346149 913352 458963 337216 488903 959941 689805 648432 660639 868743 329090
904019 350158 539445 817092 416710 927484 251385 504188 934394 820934 667627 312852 405164 552069 503759 250580 255043 923682 373984 621529 547861 493019 910367 300200 774024 229072 744930 612423 831865 530891 334326 472072 207172 422561 212332 770403 978426 919568 349577 660083 999999999 907158 879262 700628 575206 257804 506209 511195 852156 794027 854562 276178 175661 605414 471589 557365 555590 281456 650306 533004 540453 498723 762684 595374 646560 651711 765791 976956 228298 853991 804622 487604 292367 705575 321008 334314 426807 772557 675750 1105642 684263 387437 335639 253460 180036 408970 1089737 570565 494351 316192 718397 356149 323042 850500 741012 357930 78772 710813 1057211 336011
140150 625922 548298 358258 497023 415313 905898 793862 151632 483135 1052429 601263 725190 489659 431811 725935 877107 531819 733055 285741 1067873 451538 171438 948030 137572 838229 306092 541728 260787 461132 579148 445315 805218 529593 705386 215014 422182 296848 777614 434938 907158 999999999 198865 647378 750740 815518 657364 400253 556185 760350 151167 670582 752313 321026 647342 367851 828286 657430 863010 612089 443898 721274 242778 430922 782848 266818 630851 491075 751353 496545 301557 651337 666879 249654 588242 574661 743226 438054 902542 563476 694879 539446 885258 757291 938050 546702 602031 527391 414203 659405 782734 570126 640500 138194 831000 745602 860165 468668 502516 654783
63860 553073 640779 526026 465730 601769 823717 879868 349511 647854 1149562 602176 789104 373791 478453 745615 906044 711648 631169 309182 1140463 501517 42285 982517 240048 762821 450661 655600 433507 537006 546105 469896 821865 570200 667385 110370 614668 487493 828848 288012 879262 198865 999999999 780786 853595 845332 745560 379027 723207 904902 57397 686491 748892 382912 725975 417092 923286 604537 974180 706194 519871 807906 388132 529767 898634 245174 778064 680100 767970 666932 466371 734487 604449 176058 562442 569120 812751 593555 1015349 760218 822827 560655 931311 782372 871545 478898 796296 395649 424308 589464 912215 586675 574342 314812 961182 798123 847703 608261 698421 578428
752321 695177 202626 311674 557944 350999 875275 253482 551629 212761 436371 481253 300475 753144 383647 453254 496030 275242 830342 507575 505149 366683 779673 523948 543488 810431 341355 142107 400990 297551 572933 430198 497378 366788 626557 700693 397219 429026 366647 800555 700628 647378 780786 999999999 169457 458501 194420 541753 190526 133413 725053 448714 538689 421854 230213 412706 247564 651342 235317 174336 307979 215084 405207 267092 154697 583946 69893 353731 473085 229660 355344 213417 682367 658291 554948 496472 286839 222199 269028 463647 52334 420593 444332 447349 845785 655903 428111 806707 472610 700635 135559 433087 682328 512701 183622 348515 622357 178792 437316 716769
836251 646312 213316 451873 536127 511599 778854 86160 678869 373196 301711 421375 174068 748065 396484 344920 345643 444353 771098 553675 342759 374269 860279 362119 629656 720447 452693 210022 528695 320800 526037 430163 368075 338549 546246 759863 560195 574625 226157 815421 575206 750740 853595 169457 999999999 319768 119335 549919 359713 221617 801532 360812 432361 472352 154365 446274 83244 588259 124472 148662 336949 81815 511311 325282 74660 628979 237624 521589 358169 394630 483478 138090 620312 707212 503869 446766 148849 365930 165905 633105 128352 383985 284013 326769 736492 625443 596856 798374 479843 642995 143335 383897 627802 625369 171901 218604 496680 306563 605772 662478
852015 437309 332926 634500 403240 732074 483001 246412 802031 609508 436875 252916 158164 604808 383795 103514 61673 705353 529298 544137 348040 364083 866865 137330 678124 435484 584183 396630 673940 369001 346280 378040 57371 285957 295661 736249 784048 750567 93914 700574 257804 815518 845332 458501 319768 999999999 268295 470813 627132 540653 806341 162073 154788 494493 241090 448122 298218 362564 393312 305381 384035 247244 619962 423073 389657 600295 526776 768784 88894 640140 637735 253464 391132 671783 322158 288638 173948 572170 420513 894027 435351 284940 106567 64010 428311 454655 870050 642763 421203 418426 462251 258841 411301 725661 483403 110484 180744 506246 852619 441170
732526 533339 109067 395904 417576 478553 687346 136659 602653 348023 404022 309686 111390 628870 279445 259630 312289 439200 661955 441024 411843 256797 755012 353740 529851 624885 373409 141956 457603 208716 411710 311234 303749 219454 444470 648379 530015 518485 180809 696373 506209 657364 745560 194420 119335 268295 999999999 431017 359439 299155 695261 261027 346049 362662 39623 332470 178017 479413 243211 48337 225723 63925 425727 226443 187108 515100 260422 506549 278811 376680 414884 21383 511323 593521 390448 332381 107898 320416 284317 629167 183128 266187 275048 252994 653692 508395 602762 679394 361191 532638 241252 268561 516357 540128 280161 157908 427973 254389 591285 551173
395617 240794 349292 438645 96770 556065 515699 550605 456435 513820 821355 223303 440683 212557 158968 369039 530425 614208 369857 122996 786879 178562 405311 608045 274723 445562 340032 399653 402121 244597 179166 119783 443790 218300 305471 268717 596784 495424 467153 265610 511195 400253 379027 541753 549919 470813 431017 999999999 579715 675028 346954 309686 370402 160385 400328 138931 602936 258926 674179 405880 233823 484885 321036 282298 612023 140763 570913 629275 390312 545771 396695 414047 272067 203178 190202 190113 468684 448820 715333 750268 566792 191630 563184 407052 540186 165610 759182 266732 70645 269625 649536 213040 249098 371375 695560 438740 472022 419568 689382 270502
681719 778720 314576 198629 625063 180037 996684 442443 430560 75561 613811 590269 470798 788812 439572 601656 671418 84720 917744 506340 693914 431270 712036 707057 485571 927710 277971 240199 295494 363599 662637 491045 658183 464081 742656 665201 218061 285076 539980 811656 852156 556185 723207 190526 359713 627132 359439 579715 999999999 234782 665814 582747 680739 428305 386808 440787 437876 750695 414867 322738 365150 396077 336591 305463 339132 575448 126868 164849 624927 61300 257549 373682 779079 638576 649884 595330 463372 136732 442536 274108 238032 516771 627230 604480 979753 723864 243433 843026 519890 792253 296150 538327 771982 418563 333894 517107 776205 162864 247219 804374
872819 821615 332337 408771 688654 414697 986228 303526 650783 290110 394883 603006 389125 886144 516686 555280 566994 308704 954765 639367 498880 499277 901173 578338 665609 924039 457726 275457 504528 430630 699041 562600 587037 494421 742996 828985 451884 513770 446772 933875 794027 760350 904902 133413 221617 540653 299155 675028 234782 999999999 848433 560181 642744 553756 338431 545947 271295 773746 210482 293375 441322 295308 521948 399852 160361 715426 129548 391472 571745 292363 460553 320292 805273 788800 679888 621174 367596 323077 226205 474964 117267 547372 502373 542339 949952 785802 426874 939580 605696 824887 88908 557088 807300 622993 107128 436097 715276 296731 466124 841991
49762 539376 589355 468705 438217 545786 815088 830394 298540 590457 1098952 568103 743049 373333 433074 708313 867515 654753 628234 264454 1093932 455824 60940 943077 183076 751642 393507 601517 376538 487314 520247 428772 785693 527059 644153 89534 559989 432634 785363 300190 854562 151167 57397 725053 801532 806341 695261 346954 665814 848433 999999999 649634 717078 333353 677091 370277 872540 585097 921268 654855 470005 758091 330821 476810 844991 207874 721298 624456 731501 609598 409034 684921 587941 150073 534786 536276 765799 536259 962295 707195 767685 521458 889274 744088 858093 462604 741975 402314 385547 575199 857064 548792 558709 258843 906026 754244 818753 551718 644969 566153
696376 299184 268171 541478 241860 651306 426953 317915 674980 546852 562629 91501 193605 448179 243042 59353 220814 650902 413561 391136 497472 227602 709689 298770 533243 363858 473056 342777 561556 256160 192253 225825 136250 151192 185460 576781 702277 646784 183090 540710 276178 670582 686491 448714 360812 162073 261027 309686 582747 560181 649634 999999999 100562 352550 221842 304256 376371 232401 467613 274601 266992 279116 497059 319839 435331 442261 508285 701583 81949 580318 531667 239918 264112 511816 167648 127229 224271 496827 503330 830506 443841 131230 261013 98064 399009 301608 816568 489370 264358 288926 498427 101434 276636 593975 532335 164797 207579 436034 781291 310136
765348 287263 366546 641595 285744 751839 346606 374879 767212 646726 590410 151251 258384 467867 334279 87684 194830 750303 374542 467947 501378 321453 775705 270554 616257 290773 571112 440541 658884 355661 213585 308555 101250 248313 141244 638528 802765 745409 221414 569529 175661 752313 748892 538689 432361 154788 346049 370402 680739 642744 717078 100562 999999999 440376 308634 391818 431774 210973 526598 366555 365724 351416 591958 419878 506623 509601 601006 801952 76675 680044 630328 325911 238059 572834 192166 180941 285674 597296 558429 930806 528549 218056 260589 110817 307661 315653 916164 500809 338841 265604 574398 186347 260279 684672 603664 216835 110322 536148 881822 288481
372812 392743 259038 278270 234819 395773 656444 497172 329153 358974 766680 292739 412223 361662 110917 406243 556083 456494 526869 85728 761754 130615 393652 627398 183720 584934 179798 284643 247374 154128 303206 133351 485512 208588 421291 287673 437185 341057 459718 386442 605414 321026 382912 421854 472352 494493 362662 160385 428305 553756 333353 352550 440376 999999999 343741 48574 540481 393966 594619 324110 136959 425049 168033 155729 521973 162287 437735 468963 432087 389721 237475 351717 413868 238291 303340 272676 433632 293843 636077 590045 456588 222919 566458 436598 668747 322474 598947 415612 123140 417113 544668 254465 395913 245106 593084 427912 550299 274230 529443 421906
715974 494540 105245 405633 381897 495203 648496 154401 601585 369049 426163 270484 91177 594521 253233 223074 289608 464297 622576 418790 420835 230102 737361 337976 516750 585667 373381 157166 460177 190146 373232 280878 271985 185215 404917 626336 547048 526572 159730 664866 471589 647342 725975 230213 154365 241090 39623 400328 386808 338431 677091 221842 308634 343741 999999999 309893 203153 439957 276207 64305 207603 84813 421730 218739 224752 491302 294223 528302 243445 399247 419130 18246 471891 569639 351688 293865 98866 335529 316685 653008 222010 229621 261487 219487 616061 471242 629242 644418 331385 493364 280666 230348 477241 535162 318904 132742 393831 269093 612500 512047
412065 357652 234470 307760 198414 426525 615134 464253 377031 375406 735519 244558 372773 349722 64617 358432 509780 476926 494276 108900 723765 86245 431097 581998 230289 543500 213002 271695 288018 125643 260995 85645 437731 162297 376050 316470 470444 381138 417006 387989 557365 367851 417092 412706 446274 448122 332470 138931 440787 545947 370277 304256 391818 48574 309893 999999999 510329 352745 570016 297693 110297 393170 211035 147097 500578 182804 436168 496622 384130 407710 273052 319588 374367 261170 259188 225535 395772 310589 611583 620622 442972 174367 522832 389444 624434 291611 625705 404056 85279 379656 529225 205896 358416 293358 576879 385464 501776 280941 561390 386217
