NAME : synthetic_000042
TYPE : CTSP-D
DIMENSION : 100
GROUPS : 8
RELAXATION_LEVEL : 1
EDGE_WEIGHT_TYPE : EXPLICIT
EDGE_WEIGHT_FORMAT : FULL_MATRIX
EDGE_WEIGHT_SECTION
999999999 131494 105679 714552 277629 200276 423182 1045228 514048 29121 623362 181372 144682 563598 736995 440465 440089 37873 757073 661262 751810 308568 639642 194044 278835 214619 511311 410269 623392 693308 38902 813481 92549 613457 291228 793180 400783 771296 189983 461742 672099 898762 793350 574709 468454 477308 662903 572767 862539 184870 513441 535565 255133 308080 56005 287199 489708 416768 244168 819973 457610 313624 736769 536998 638889 206677 155134 419038 127297 731810 732214 874489 646807 758347 440317 631485 57803 875633 140841 959306 728798 353317 761777 785904 286769 453406 223333 939548 505718 570967 675015 848556 171438 847769 767747 245776 682341 752849 534066 159109
131494 999999999 140530 706965 159955 328872 405088 1095852 610353 103029 747047 297314 275954 662445 809044 533248 472588 95249 802646 763382 821847 431434 589388 62660 387992 197556 600132 389566 751659 785640 168852 845795 159431 742475 406170 907981 331283 846245 222914 568831 696254 941183 819253 535653 599518 408407 609028 512717 895121 260344 437452 544486 382928 285511 183272 390012 597322 458814 369910 803856 584587 301131 660534 586193 697479 325229 202429 378437 245621 659943 771542 896928 588664 728458 357037 680033 151498 900610 263555 979495 854279 470457 791885 872068 174316 452519 351233 1009641 499812 631288 729656 924923 190424 858051 864647 178311 771059 878812 594076 28140
105679 140530 999999999 610634 228540 273497 317546 963682 471199 95019 625789 178596 209723 523743 669859 393661 346609 91087 671992 625332 683080 314470 535796 187263 257518 110599 459834 304590 640010 645466 132637 721919 195437 633281 280060 775975 305407 706618 91127 433924 576624 812353 699003 469605 502923 379997 559624 471445 771233 290530 418455 434437 327413 202791 150550 255481 462453 327825 261284 715106 471797 207955 639582 453083 561456 296287 257438 314917 137313 633029 643736 779023 544522 652669 350558 547651 162970 781148 230079 863204 735298 344780 669080 731538 230225 349626 297040 871119 401404 494486 595092 785165 267231 748189 725058 159004 630606 760609 457209 157345
714552 706965 610634 999999999 632635 817010 301962 532485 558124 705431 834000 648911 760732 587036 468715 529981 309828 700704 312093 648483 462095 694460 240251 707427 613071 513063 512992 317736 903025 589105 733037 262718 805947 911447 641413 836600 428870 503938 525314 616667 170771 374646 215759 218627 877039 384358 254904 307290 295415 896714 398093 188496 855410 421523 748285 585614 627082 347318 703472 112948 789682 407798 389968 314476 356536 864864 868071 342459 664097 362090 266012 252477 279470 128794 454442 300317 772355 265621 808546 313252 925070 662337 223857 589984 612254 261149 835370 572432 209400 362181 340248 556155 875905 177617 661284 537784 558568 948926 363796 702526
277629 159955 228540 632635 999999999 477606 341365 1080326 671942 248893 851634 407126 419059 725617 829098 593908 462453 239945 788330 828314 838766 542756 473096 111431 480904 196693 651688 324831 868364 835044 316524 813495 319386 861801 505928 991588 212562 869115 265588 648206 659898 918661 780021 434371 729781 282227 488218 389654 861646 419685 301681 499079 532597 240516 333279 474436 676338 461763 489434 716519 700211 264763 517768 587047 704081 481238 359558 290186 363979 520804 750559 851107 464281 628554 218656 674663 309310 857734 417160 928876 961782 570130 758746 910062 21444 403974 500825 1021742 440321 643466 729751 947649 341772 798992 918867 118135 815632 987325 608051 134593
200276 328872 273497 817010 477606 999999999 556692 1050919 459872 229311 479654 168948 64302 498263 717011 404320 512304 238141 782509 580549 734814 202820 791012 391312 236444 377618 474946 547538 459738 633922 161436 856929 198535 446097 224604 672482 577495 743856 319217 385285 735068 922846 847285 718162 289950 650227 816854 735193 903471 178073 690134 628808 55079 458884 145738 260650 408391 478575 145481 928546 308277 455088 908465 572801 649958 61002 219394 573264 158347 899953 768962 930059 805128 884853 624013 660071 184212 927445 71676 1015171 574727 261644 811026 735022 485883 565864 23636 914191 619062 584691 690317 814731 258742 921506 693981 431744 631652 596303 551988 356980
423182 405088 317546 301962 341365 556692 999999999 746887 469394 410488 722626 399629 494793 517821 536839 405468 172868 404900 460471 611621 541781 487804 238985 406778 401263 213480 432372 16554 770811 588476 446778 474765 512046 772653 433425 799635 168789 578378 241384 488818 321388 583138 439514 162430 691664 177959 266532 204818 522171 607905 218750 160028 603072 120019 463538 377738 510707 197041 472829 400418 622157 109666 383805 289720 402534 595665 573102 73007 398353 367728 418777 509742 260803 335364 219916 360564 480480 516484 533615 587914 829761 477723 420240 638987 322521 69075 577937 711924 99115 355786 418405 652924 577798 459725 674222 237670 562329 855897 328019 400686
1045228 1095852 963682 532485 1080326 1050919 746887 999999999 605990 1049969 789585 900339 1018047 586243 342041 647976 624956 1049260 293764 557471 322632 859012 772217 1120566 815225 905907 580427 762671 874572 473995 1045314 278230 1133458 892455 826830 661145 910946 327491 874439 689628 427066 164734 321693 737810 951002 889345 787354 832180 237881 1194653 913280 587157 1064584 840176 1053827 792902 676912 637112 906207 543406 856698 816765 918553 510602 407277 1111093 1193117 813124 942284 890425 329776 285560 811824 638713 952198 416127 1096542 269931 1078264 265062 825112 802706 330189 384919 1063484 679590 1059440 195559 653713 475211 370227 285446 1215862 372140 475527 965683 458693 838551 511631 1102829
514048 610353 471199 558124 671942 459872 469394 605990 999999999 529861 276169 337717 440690 53688 264403 78255 304426 532897 376353 156372 283528 259007 672396 657812 239560 476506 45134 474807 345984 179899 499560 469968 586787 355887 239093 332530 609780 286426 407434 83970 406818 501737 479778 594900 358268 643838 700541 667011 507413 622830 686517 405720 464945 472350 501862 227089 77537 273406 315394 663551 262313 448376 837836 243812 243466 520860 638169 534902 389833 816926 383198 555117 705858 673409 668566 282735 552194 546423 501233 632738 372687 200516 440523 277223 664332 420342 464355 455470 450014 203039 282550 355054 669237 581129 254592 560238 172882 397855 194458 628541
29121 103029 95019 705431 248893 229311 410488 1049969 529861 999999999 648092 202176 173663 580276 746639 455005 438696 8984 760116 679074 760959 332670 621808 165386 297804 198769 524951 396943 649951 708352 67876 813496 101614 640358 312297 814989 378572 781761 184596 480702 669856 901325 791835 558759 496510 455600 644466 552947 862715 201170 490718 529330 284112 293225 84390 304078 508897 417525 269348 809324 483551 300868 714542 540226 644841 233953 162851 401949 148534 710321 733696 872349 627550 744754 416181 634911 72909 874075 168721 956800 754244 375369 761161 799386 258448 444534 252307 949002 496109 577137 680078 859513 172591 842844 784187 222225 696357 778488 540014 130390
623362 747047 625789 834000 851634 479654 722626 789585 276169 648092 999999999 450583 497951 250555 468187 320552 570249 654352 622445 233853 487333 315662 940332 805419 371025 672323 321220 724910 84994 318547 594188 720557 664773 103300 345909 206735 841249 468254 594302 234073 678915 725743 738505 861445 219632 887906 968775 926121 750612 656969 931873 679308 452682 697515 587732 380550 214572 535192 379228 938249 171528 677074 1101788 519928 502564 530542 697247 780750 501426 1082504 639960 807120 971647 949441 899957 549925 638879 795909 545812 877553 110911 281507 700127 405557 849768 682840 470300 604239 718320 474994 536631 505228 735580 844754 321301 755573 339658 137020 470207 771482
181372 297314 178596 648911 407126 168948 399629 900339 337717 202176 450583 999999999 120183 385307 576353 268261 343357 207287 623175 481142 592746 136339 637801 354881 98747 252547 340601 392466 461546 517615 162334 693135 249073 454686 110132 612830 449966 607559 178693 280833 567310 764812 681304 562056 327879 516000 664725 589926 740499 294729 558583 460503 207271 315918 164162 112202 308612 309791 85159 760841 293298 306499 767770 408662 494376 221921 301770 426785 54075 756365 606302 764092 655823 720840 503164 498758 214659 762168 178669 849411 558981 173499 645764 613397 408239 401441 186499 777915 454081 427302 533606 682708 331690 753160 589279 326260 509048 583971 392664 321123
144682 275954 209723 760732 419059 64302 494793 1018047 440690 173663 497951 120183 999999999 483689 689819 377832 459569 182128 742982 572693 706855 195971 727934 338592 205052 313317 450012 485204 488439 618856 107308 813299 166823 476852 201634 681499 513246 719172 255884 372754 686225 884439 801113 655722 326837 585927 753584 671250 860682 182143 625850 573214 117694 395124 95137 225445 398259 427478 129870 871552 327540 391943 844224 528839 613207 104229 204484 509594 97334 835828 726475 883879 741505 824904 560062 618803 142842 882135 60922 969239 598877 251367 765762 717884 426216 506716 87576 889890 560108 546524 652785 792540 240583 871237 684557 368373 613571 621836 512295 303722
563598 662445 523743 587036 725617 498263 517821 586243 53688 580276 250555 385307 483689 999999999 245216 131802 349860 583585 378448 102705 264969 295555 714445 710604 286596 530188 85588 523936 327366 135698 547604 475186 633963 339913 282588 282015 661332 260390 461008 113127 428796 494610 490042 637981 366202 693478 742332 712889 508895 665439 735792 444495 498791 524928 549040 276436 93289 320941 355928 689163 270962 500741 881418 275952 252948 558986 683778 584608 438221 859818 391787 561492 748936 706056 719974 299371 599948 551368 543650 635597 338143 236641 451268 237074 718019 466179 500876 424840 492845 225587 288694 322522 715840 595063 204171 613889 135478 362313 225147 681034
736995 809044 669859 468715 829098 717011 536839 342041 264403 746639 468187 576353 689819 245216 999999999 312889 373259 747549 175081 236232 19805 520442 663221 844888 484810 637062 242250 549185 552033 153390 730819 270222 819853 567945 492513 393765 703838 41543 587504 347759 298933 257601 301147 600154 611277 709522 687422 691397 290286 870270 745152 402123 726745 595114 736804 465178 334948 367784 571540 546658 516176 569469 832235 248414 135044 777814 876447 609826 623111 806438 210785 353960 702935 597490 756741 185375 783457 340136 750692 415253 526263 463057 268852 121322 816064 469550 723740 202567 469533 186270 131966 118619 903242 410788 201387 710980 128781 545004 221054 821335
440465 533248 393661 529981 593908 404320 405468 647976 78255 455005 320552 268261 377832 131802 312889 999999999 249821 457658 393964 234494 330528 212119 619808 579964 172974 398815 72448 409288 378886 253408 428272 480578 516488 384969 179722 405461 538209 341349 329209 88560 393416 528801 482772 540894 353620 576424 648266 607152 522571 559274 619742 362505 416692 398525 431890 156088 106155 214689 258946 639613 261833 375195 781637 220380 257564 465031 570026 467761 318577 762076 391309 562413 651159 637586 597208 283308 481149 555940 438753 644007 425239 158831 443737 345874 586526 362532 411781 512070 398007 200890 298697 415119 599537 576727 331429 482789 241949 451225 178760 550990
440089 472588 346609 309828 462453 512304 172868 624956 304426 438696 570249 343357 459569 349860 373259 249821 999999999 436341 331197 440515 380676 386047 370125 495619 303447 280990 264382 182189 627324 415635 449971 375322 532334 632106 332333 630277 333441 414445 255513 337713 232211 468626 353316 291544 576031 350823 398544 363045 424650 611906 391184 123477 547838 223705 462718 276079 355681 38657 393800 422750 494358 198462 533700 125770 243061 563546 594674 244300 365617 513305 298955 434439 402230 399728 388832 212639 496168 435596 511927 519385 673490 358492 322547 469161 447685 116324 529416 560143 148218 187829 267299 491395 610546 412781 501439 345068 389683 699226 156946 478271
37873 95249 91087 700704 239945 238141 404900 1049260 532897 8984 654352 207287 182128 583585 747549 457658 436341 999999999 758943 682744 761706 338789 614789 157363 302110 192585 527260 391191 656995 711059 76725 811390 107730 647560 317318 820080 370573 782927 181545 484851 667119 899970 789276 552234 504310 447694 637294 545458 860645 208367 482579 525490 292975 287153 93350 307666 513112 415837 275936 804150 490352 295367 706483 539201 644612 242913 168203 395192 153973 702424 732055 869586 620183 738800 407761 633900 80561 871484 177705 953914 760788 380691 758879 801543 249465 439990 261172 949804 491326 577007 679557 860822 176159 839275 787353 214000 698722 785112 539834 122341
757073 802646 671992 312093 788330 782509 460471 293764 376353 760116 622445 623175 742982 378448 175081 393964 331197 758943 999999999 399525 162512 603933 531190 826802 546707 612143 338740 475627 703335 322183 759927 98494 846939 717126 563653 567946 627850 201999 582057 457426 156362 142131 126078 479997 734456 615634 552148 575138 131096 914250 644852 303778 803425 547847 769723 521873 453791 344415 641607 377171 638600 524025 694538 220077 136426 840957 907726 529799 660807 667398 47574 184892 571836 439325 673497 125759 810046 173490 801781 257248 691697 552708 95618 292314 771999 391846 793909 266293 372984 198057 95373 244873 928398 235736 376454 672831 293830 712013 230796 809222
661262 763382 625332 648483 828314 580549 611621 557471 156372 679074 233853 481142 572693 102705 236232 234494 440515 682744 399525 999999999 254906 378953 796810 812416 382638 632792 182249 618822 318603 84698 643256 497931 728113 335729 374675 192307 759890 234402 563683 201027 481996 493561 521379 722495 404601 788712 824115 801715 523728 752735 830315 523993 574352 625408 643491 375079 174528 414843 443097 743640 316490 600895 965726 350240 295476 640270 775481 680223 534769 942996 423743 583942 832876 772507 818208 349611 695026 571441 631373 649968 292217 321552 484674 177693 820651 556261 580390 377386 578045 289911 322639 275715 808917 630429 113853 716377 107635 312579 300252 782478
751810 821847 683080 462095 838766 734814 541781 322632 283528 760959 487333 592746 706855 264969 19805 330528 380676 761706 162512 254906 999999999 538900 661396 856728 501947 647768 260399 554506 571305 171471 746295 255688 835326 587322 510239 408901 709459 41919 599817 367031 293464 238671 288402 599889 631059 713037 685144 691945 273712 886962 747954 403563 745141 603466 752565 481908 354501 377041 589377 537049 535930 577899 829816 255142 139269 795555 892294 614672 638983 803757 200823 338414 701345 590869 761659 186007 798839 324214 767688 397939 544127 481707 257419 130212 825377 473946 741802 188147 471713 195300 130191 111193 918686 397615 214897 720632 147727 562565 231082 833664
308568 431434 314470 694460 542756 202820 487804 859012 259007 332670 315662 136339 195971 295555 520442 212119 386047 338789 603933 378953 538900 999999999 725397 490230 86681 377916 278761 484295 325608 431160 281509 686756 358773 319476 54902 487911 567171 544941 300031 182498 582835 740458 684172 646598 205790 626909 753439 688865 730611 373954 670672 509511 206344 426021 277218 111987 205750 347768 66922 807305 157545 411331 868700 410555 468033 263444 400417 528693 185839 854416 597345 765727 748604 783999 623176 487771 329298 760726 253035 849122 423133 58953 645951 532496 543097 472282 205633 714448 520805 407275 509158 613957 435965 770358 491929 456575 429519 447947 379188 456089
639642 589388 535796 240251 473096 791012 238985 772217 672396 621808 940332 637801 727934 714445 663221 619808 370125 614789 531190 796810 661396 725397 999999999 570157 638719 425332 630287 245335 995641 755169 668373 498687 721940 999347 670719 989066 262219 702673 472067 707268 375465 612401 452590 79712 927769 191612 28551 86304 534570 822962 184677 273132 839127 334565 686116 614356 725781 405437 711812 274261 854331 335992 170209 447481 533467 826059 779431 220890 633045 146294 483620 492392 40662 169803 260901 478790 694474 505819 761887 547885 1043360 711652 453891 780347 451655 259406 812905 797300 222498 511726 531529 765752 776569 413660 836454 411361 725797 1068998 496704 576322
194044 62660 187263 707427 111431 391312 406778 1120566 657812 165386 805419 354881 338592 710604 844888 579964 495619 157363 826802 812416 856728 490230 570157 999999999 442308 214675 644638 390545 812163 830393 231512 863583 215422 803360 462299 962118 308150 883136 258052 620884 711753 962934 834311 523177 661596 382851 587615 489616 912664 312192 407066 555312 445193 291075 245832 442132 649419 486269 429985 799158 644651 310615 626668 614305 728336 385868 250115 369594 304567 628413 793153 909767 565300 717759 324526 706675 211970 914601 325286 990731 913360 526948 809117 913741 129823 460975 413548 1043573 504627 663592 758481 962035 230594 865503 911036 169652 814340 938105 626703 35024
278835 387992 257518 613071 480904 236444 401263 815225 239560 297804 371025 98747 205052 286596 484810 172974 303447 302110 546707 382638 501947 86681 638719 442308 999999999 303733 245333 397993 395146 419368 261081 623690 347485 391878 32239 520077 486167 514207 225190 182984 510062 686598 616996 559922 291065 543409 666770 602883 669392 386300 587372 426539 257927 343484 262540 27585 211105 265757 96001 726019 231445 327460 782757 341547 413564 296055 398709 443516 152135 768178 534984 699434 662063 699327 543164 425520 313353 695754 265959 783958 481553 90183 579728 516081 478751 386020 247202 684911 435058 348689 454018 588040 429723 697886 490533 385678 411634 507324 316822 409880
214619 197556 110599 513063 196693 377618 213480 905907 476506 198769 672323 252547 313317 530188 637062 398815 280990 192585 612143 632792 647768 377916 425332 214675 303733 999999999 455159 199209 698724 638355 243233 650270 300267 694835 332675 800142 200852 676407 78557 458104 499575 748432 622507 360272 578995 272610 449041 361206 699495 398958 312806 346945 429910 94606 261138 291801 485702 273208 337409 613808 533257 105267 531310 400988 516311 405154 360481 204526 227288 523816 578620 699634 433985 546281 251407 492539 270483 703582 339485 782000 783219 393769 596034 714309 187898 255588 400771 833118 304306 453057 545141 755230 364320 660741 722206 84603 619096 809236 416731 199149
511311 600132 459834 512992 651688 474946 432372 580427 45134 524951 321220 340601 450012 85588 242250 72448 264382 527260 338740 182249 260399 278761 630287 644638 245333 455159 999999999 438688 390951 185763 500095 430413 588505 400604 250710 367281 577780 269397 389930 118878 362309 468302 438216 553337 396477 608374 658308 627427 469394 631610 650529 362073 484837 443371 504026 228401 119177 235415 329469 618497 301065 418747 796631 198715 203764 535822 642370 499579 390532 775308 342638 514815 664325 628531 636205 239887 552998 506729 510923 593721 416704 222331 398911 274598 642872 380681 481490 440081 408243 159094 243872 342709 671644 538194 267541 537693 171482 441668 149336 616744
410269 389566 304590 317736 324831 547538 16554 762671 474807 396943 724910 392466 485204 523936 549185 409288 182189 391191 475627 618822 554506 484295 245335 390545 397993 199209 438688 999999999 771538 597624 434637 490961 498549 772930 430218 805923 155132 590705 230619 491495 337509 599055 455904 170634 688864 169892 272380 205515 538453 595105 211856 176095 594629 105119 451583 375094 513968 203989 467159 415202 621042 96734 385244 301447 415239 585400 559354 62116 389220 370189 434259 526276 264978 348087 207824 374264 467376 532984 522810 604468 832625 476193 436397 650018 306022 83802 569032 725878 115668 367048 432019 665690 563440 476204 683518 221315 571856 858812 338401 384798
623392 751659 640010 903025 868364 459738 770811 874572 345984 649951 84994 461546 488439 327366 552033 378886 627324 656995 703335 318603 571305 325608 995641 812163 395146 698724 390951 771538 999999999 403260 590913 801051 653513 21054 366186 272524 877914 552957 620171 290329 752399 809410 817309 916148 175499 929687 1024186 975530 832367 632640 973851 741293 424607 734019 582051 409809 276413 590693 382266 1009403 168253 715386 1153368 588620 580312 504360 679098 824613 508370 1135346 718935 887572 1025166 1015079 935853 625546 631270 876797 529535 959361 120085 305636 778604 490423 868571 736473 446701 688828 775358 548226 615679 590119 718476 922345 405228 779770 423799 138297 540126 777495
693308 785640 645466 589105 835044 633922 588476 473995 179899 708352 318547 517615 618856 135698 153390 253408 415635 711059 322183 84698 171471 431160 755169 830393 419368 638355 185763 597624 403260 999999999 679412 419903 766683 420249 417390 249375 745520 149708 575144 248663 419422 409775 446431 684144 481826 766396 781579 768426 443019 800785 806269 482713 633475 618361 681754 406784 226938 396111 491532 678637 390437 592999 925263 309217 232574 694603 817774 659723 569653 901290 350516 505111 792831 715772 802518 288992 732075 491938 679008 568507 372881 372280 411100 102656 825377 527839 636279 298287 542469 243570 253299 195508 849087 556194 86096 719651 30539 391811 263098 802470
38902 168852 132637 733037 316524 161436 446778 1045314 499560 67876 594188 162334 107308 547604 730819 428272 449971 76725 759927 643256 746295 281509 668373 231512 261081 243233 500095 434637 590913 679412 999999999 820226 89035 580340 269755 768664 434498 763879 208088 442585 682098 901986 802128 601472 433101 510379 692260 603743 868983 163802 547463 551030 216250 334736 18376 272755 470068 424037 215562 840123 426530 337977 770082 540310 638120 169238 147898 447484 109800 764360 737203 883929 677074 782083 475778 634169 52910 884318 102883 969090 698247 329625 769454 774115 325535 472424 184447 933266 525378 570142 675350 840291 172424 860808 751610 281170 669992 721935 533705 196755
813481 845795 721919 262718 813495 856929 474765 278230 469968 813496 720557 693135 813299 475186 270222 480578 375322 811390 98494 497931 255688 686756 498687 863583 623690 650270 430413 490961 801051 419903 820226 999999999 905063 814559 643308 663985 635524 292436 630834 549254 153636 114484 47113 460187 826889 611374 515918 554973 49362 978785 635056 314963 881603 575975 831486 597697 547495 396744 719545 303398 731405 554163 652685 284506 226718 913855 966921 538306 726453 624794 89454 86563 538914 381459 675021 199015 868475 76468 870498 163571 790131 638121 54759 382915 795611 409627 869890 316331 378856 280107 187559 321676 984642 144724 470575 702096 391906 810346 307876 849382
92549 159431 195437 805947 319386 198535 512046 1133458 586787 101614 664773 249073 166823 633963 819853 516488 532334 107730 846939 728113 835326 358773 721940 215422 347485 300267 588505 498549 653513 766683 89035 905063 999999999 641101 353492 846452 474236 852850 282269 527100 764441 988863 885488 659930 487321 551751 744116 651371 954030 103529 584956 627907 246709 394788 84946 360603 554092 508335 291855 910498 494252 402401 809141 627005 726419 176714 62593 502749 197978 806221 823105 966772 726466 846361 507644 721209 36927 967765 126873 1051655 765276 410594 853632 862164 333350 544842 217110 1022292 596804 658428 763328 929158 83402 940306 837592 316882 757908 787980 621838 185616
613457 742475 633281 911447 861801 446097 772653 892455 355887 640358 103300 454686 476852 339913 567945 384969 632106 647560 717126 335729 587322 319476 999347 803360 391878 694835 400604 772930 21054 420249 580340 814559 641101 999999999 362186 293578 876383 569846 616341 296526 762690 825047 829918 919745 159199 929489 1027898 977466 846603 617690 973658 747435 409489 732679 570981 407737 284365 595080 374026 1018561 162047 714570 1155802 597325 592636 489344 665253 825136 500362 1138178 731699 901012 1028292 1022185 934042 636872 619667 890490 516399 973581 138747 303194 791078 508750 862505 739986 432373 707537 779859 558704 628576 608386 704772 934303 424424 775169 440087 155377 549376 768581
291228 406170 280060 641413 505928 224604 433425 826830 239093 312297 345909 110132 201634 282588 492513 179722 332333 317318 563653 374675 510239 54902 670719 462299 32239 332675 250710 430218 366186 417390 269755 643308 353492 362186 999999999 502763 517389 520012 254160 173649 534032 702278 638456 591840 258831 575269 698799 635123 688238 383755 619194 455704 239902 375060 269046 57142 200635 294266 79382 754331 200961 359359 814997 363457 429017 285318 401464 475683 164055 800405 554181 720560 694219 729556 574131 444476 320844 716285 262141 804635 455861 64787 600719 516257 504633 417383 232649 690605 465997 365769 469872 592115 434322 721845 484944 413653 411971 481401 335519 429150
793180 907981 775975 836600 991588 672482 799635 661145 332530 814989 206735 612830 681499 282015 393765 405461 630277 820080 567946 192307 408901 487911 989066 962118 520077 800142 367281 805923 272524 249375 768664 663985 846452 293578 502763 999999999 942258 375781 726323 343471 667888 637028 693486 914493 426272 975493 1016403 992639 682003 850518 1017777 716298 651386 803862 765059 520540 315258 602625 554736 927883 367791 780268 1157835 542497 480573 726954 885127 866619 666530 1135220 598960 747315 1024997 962071 1001076 536356 817178 733032 734403 804058 178171 439864 659161 290102 986181 746464 665920 466049 769825 481381 502672 381661 922015 803379 196289 884706 279663 184335 492558 929927
400783 331283 305407 428870 212562 577495 168789 910946 609780 378572 841249 449966 513246 661332 703838 538209 333441 370573 627850 759890 709459 567171 262219 308150 486167 200852 577780 155132 877914 745520 434498 635524 474236 876383 517389 942258 999999999 745325 271313 613186 483906 746449 597181 222562 771861 77612 279527 181933 681432 577432 113088 324706 630334 143997 452855 468701 638292 349420 533605 506265 717430 164401 336031 455660 570212 601430 527998 98109 428017 332039 585083 661487 257863 416153 59051 529277 451071 670170 534978 734646 951374 573292 581737 802602 191184 237813 600817 880713 257233 520495 587077 820652 521006 601289 831615 157359 720935 977663 490384 316033
771296 846245 706618 503938 869115 743856 578378 327491 286426 781761 468254 607559 719172 260390 41543 341349 414445 782927 201999 234402 41919 544941 702673 883136 514207 676407 269397 590705 552957 149708 763879 292436 852850 569846 520012 375781 745325 999999999 625394 368087 335381 263611 327197 640478 623644 751002 726576 732097 306624 900411 786527 443104 751168 635888 769269 495746 352666 408241 598475 577920 529702 610216 871302 289818 176491 804811 908622 651366 655455 845316 241850 373176 742539 632699 798277 225922 816663 358299 780093 428372 518233 486777 297429 90615 856300 511087 749585 170722 510745 227096 171169 78918 936247 435722 179904 751037 131467 535510 261311 859077
189983 222914 91127 525314 265588 319217 241384 874439 407434 184596 594302 178693 255884 461008 587504 329209 255513 181545 582057 563683 599817 300031 472067 258052 225190 78557 389930 230619 620171 575144 208088 630834 282269 616341 254160 726323 271313 625394 999999999 383225 485625 721968 607921 400549 502434 337943 497711 416812 680157 371490 380174 345638 368656 140310 223969 213775 411187 237646 262424 632038 454855 136099 592411 364038 474573 354882 344821 254242 162246 582475 553061 688070 485978 575624 325154 458319 247648 690087 292259 772369 705165 315259 577956 656209 259900 264424 341438 787301 317298 408422 507035 704256 357177 658475 657411 161332 557849 731137 371235 233854
461742 568831 433924 616667 648206 385285 488818 689628 83970 480702 234073 280833 372754 113127 347759 88560 337713 484851 457426 201027 367031 182498 707268 620884 182984 458104 118878 491495 290329 248663 442585 549254 527100 296526 173649 343471 613186 368087 383225 999999999 474802 585034 556240 628110 277653 656172 735767 692066 588200 553876 699929 451043 385977 470734 442527 178898 28535 301833 243925 725365 182504 448862 867828 304301 322639 445941 574722 548277 334726 848751 461281 633463 738013 725752 672197 357057 494153 625536 432162 712595 341142 123651 516939 350189 643119 449070 387750 535528 485924 275017 362709 433913 607928 654521 311856 542693 247883 367348 259010 589518
672099 696254 576624 170771 659898 735068 321388 427066 406818 669856 678915 567310 686225 428796 298933 393416 232211 667119 156362 481996 293464 582835 375465 711753 510062 499575 362309 337509 752399 419422 682098 153636 764441 762690 534032 667888 483906 335381 485625 474802 999999999 262552 123001 323872 746982 464573 397142 419144 201844 843578 491578 161426 765476 422939 694631 482806 480628 259713 605437 261908 654875 401585 540579 174041 187339 789194 826829 386184 594801 513821 109047 202496 416060 299156 525673 132410 728343 204710 740804 287215 764521 541411 98943 419964 641978 255993 750279 422609 226684 204207 169495 392562 842123 187849 490559 548976 388896 787584 215815 698658
898762 941183 812353 374646 918661 922846 583138 164734 501737 901325 725743 764812 884439 494610 257601 528801 468626 899970 142131 493561 238671 740458 612401 962934 686598 748432 468302 599055 809410 409775 901986 114484 988863 825047 702278 637028 746449 263611 721968 585034 262552 999999999 159821 574657 858698 724730 628993 669456 81402 1056322 749119 423190 942170 679197 911842 662256 577805 484529 780826 401666 762706 656334 763994 361864 273275 981697 1049752 648728 802878 735979 169822 145659 652473 488547 787465 267841 951984 128096 943469 171706 781436 687418 165483 347006 901416 516379 933655 227392 489235 338272 232591 264035 1070149 231031 440845 805136 386342 799038 372163 946690
793350 819253 699003 215759 780021 847285 439514 321693 479778 791835 738505 681304 801113 490042 301147 482772 353316 789276 126078 521379 288402 684172 452590 834311 616996 622507 438216 455904 817309 446431 802128 47113 885488 829918 638456 693486 597181 327197 607921 556240 123001 159821 999999999 416138 833432 569995 469412 510509 84936 962526 592347 281050 874563 544753 814149 590372 556876 378238 712986 258798 738733 523873 605700 275456 237447 902988 947723 500732 711815 577788 98560 82798 492698 334537 634847 199704 849188 82283 857089 168127 812771 638031 39308 417756 761658 376317 861291 362357 342005 282286 201874 362585 963847 109895 502529 670553 417414 833811 305722 821549
574709 535653 469605 218627 434371 718162 162430 737810 594900 558759 861445 562056 655722 637981 600154 540894 291544 552234 479997 722495 599889 646598 79712 523177 559922 360272 553337 170634 916148 684144 601472 460187 659930 919745 591840 914493 222562 640478 400549 628110 323872 574657 416138 999999999 848470 167437 108237 95401 500527 759228 179618 201714 765168 266829 618854 535316 646964 326312 634546 284369 774653 264888 243516 375120 467727 755416 719033 157959 559852 222028 432885 467074 110989 194753 238746 414789 630748 478589 692220 531727 965031 632119 411166 714836 413132 179762 739664 745800 145135 440683 469723 706881 719031 396126 766729 357786 655248 990752 423247 525354
468454 599518 502923 877039 729781 289950 691664 951002 358268 496510 219632 327879 326837 366202 611277 353620 576031 504310 734456 404601 631059 205790 927769 661596 291065 578995 396477 688864 175499 481826 433101 826889 487321 159199 258831 426272 771861 623644 502434 277653 746982 858698 833432 848470 999999999 832589 956020 893925 865427 458971 876290 698347 250779 631538 421952 313926 281202 537399 242837 988579 96039 617111 1073803 573482 600225 330651 508066 734339 365982 1059032 738904 911076 952295 975627 827175 633884 468452 903187 361179 990171 295019 217903 794159 581573 732926 671479 274799 780041 717644 551446 640103 677331 547792 929922 511876 654138 493189 313778 532164 626577
477308 408407 379997 384358 282227 650227 177959 889345 643838 455600 887906 516000 585927 693478 709522 576424 350823 447694 615634 788712 713037 626909 191612 382851 543409 272610 608374 169892 929687 766396 510379 611374 551751 929489 575269 975493 77612 751002 337943 656172 464573 724730 569995 167437 832589 999999999 205997 107441 654926 654878 44170 313624 702333 201308 528698 523779 679787 373880 598078 450087 773028 215961 259718 465083 574515 676283 605606 108936 498014 254730 570562 627804 182588 353761 71691 528465 528238 638087 610031 696132 996879 627872 559275 814948 260832 241005 673359 875824 243896 531800 586213 823638 598372 560927 852089 234911 740111 1023148 505300 392429
662903 609028 559624 254904 488218 816854 266532 787354 700541 644466 968775 664725 753584 742332 687422 648266 398544 637294 552148 824115 685144 753439 28551 587615 666770 449041 658308 272380 1024186 781579 692260 515918 744116 1027898 698799 1016403 279527 726576 497711 735767 397142 628993 469412 108237 956020 205997 999999999 98564 550259 845624 193259 300193 865344 359372 710106 642509 754216 433941 739263 277608 882798 361774 144856 474456 558589 851110 800993 245125 659090 119800 504590 505485 28983 170725 272845 503528 717262 519461 786637 557677 1071679 740028 472609 805158 466827 287954 838875 817848 250780 538301 555557 788597 797160 424734 862457 431559 752088 1097296 523911 595082
572767 512717 471445 307290 389654 735193 204818 832180 667011 552947 926121 589926 671250 712889 691397 607152 363045 545458 575138 801715 691945 688865 86304 489616 602883 361206 627427 205515 975530 768426 603743 554973 651371 977466 635123 992639 181933 732097 416812 692066 419144 669456 510509 95401 893925 107441 98564 999999999 594573 753712 98731 289858 785405 276539 621841 580399 713048 393965 668201 356217 826495 283456 179878 459535 557779 766026 707053 163192 579057 166492 528113 558658 75965 254361 175046 506175 625856 570816 700618 619950 1032322 681705 506385 804236 368266 246770 757766 840709 226048 526158 562007 799885 701775 484481 852259 336344 740197 1058350 505647 497945
862539 895121 771233 295415 861646 903471 522171 237881 507413 862715 750612 740499 860682 508895 290286 522571 424650 860645 131096 523728 273712 730611 534570 912664 669392 699495 469394 538453 832367 443019 868983 49362 954030 846603 688238 682003 681432 306624 680157 588200 201844 81402 84936 500527 865427 654926 550259 594573 999999999 1027141 677173 362722 927161 624657 880104 643677 584872 445772 765068 320579 769614 603023 683813 331896 266054 960772 1015822 584637 774540 655752 134513 69935 574339 407348 719640 243897 917408 53185 918196 126993 815501 680850 103550 395536 843604 457677 916051 302895 425477 323341 225535 324072 1033752 151073 486505 750742 416434 834806 352791 898623
184870 260344 290530 896714 419685 178073 607905 1194653 622830 201170 656969 294729 182143 665439 870270 559274 611906 208367 914250 752735 886962 373954 822962 312192 386300 398958 631610 595105 632640 800785 163802 978785 103529 617690 383755 850518 577432 900411 371490 553876 843578 1056322 962526 759228 458971 654878 845624 753712 1027141 999999999 688396 714761 208220 492826 149495 405093 578753 584384 309982 1003382 485901 498424 912580 696269 787985 128348 66258 602899 253444 909465 894156 1044726 828531 943160 611167 788842 128554 1044516 121790 1130051 749608 431266 928986 900012 434647 635913 186894 1071071 688711 720457 826622 974288 101915 1023746 865278 420125 795711 770352 685019 285112
513441 437452 418455 398093 301681 690134 218750 913280 686517 490718 931873 558583 625850 735792 745152 619742 391184 482579 644852 830315 747954 670672 184677 407066 587372 312806 650529 211856 973851 806269 547463 635056 584956 973658 619194 1017777 113088 786527 380174 699929 491578 749119 592347 179618 876290 44170 193259 98731 677173 688396 999999999 345851 742695 244799 565828 567865 723390 415545 641077 454037 817132 259976 224186 502759 610127 714518 637129 151982 539273 222493 599010 646222 166635 353037 83028 562551 562917 657371 648064 711296 1040744 671997 584099 852433 280702 279103 713391 907232 276604 569714 620010 858088 627873 575674 891745 268648 779602 1067007 544295 419624
535565 544486 434437 188496 499079 628808 160028 587157 405720 529330 679308 460503 573214 444495 402123 362505 123477 525490 303778 523993 403563 509511 273132 555312 426539 346945 362073 176095 741293 482713 551030 314963 627907 747435 455704 716298 324706 443104 345638 451043 161426 423190 281050 201714 698347 313624 300193 289858 362722 714761 345851 999999999 666915 264563 565480 399272 465953 161936 515627 300936 614855 244885 442848 174353 268007 677430 690454 226607 477042 419425 260407 354536 310206 277486 369754 217581 593113 359891 622333 435624 778403 481269 260343 514408 480906 95282 646991 562201 69738 239150 274562 512913 701648 314435 565031 389876 453662 803558 223748 544540
255133 382928 327413 855410 532597 55079 603072 1064584 464945 284112 452682 207271 117694 498791 726745 416692 547838 292975 803425 574352 745141 206344 839127 445193 257927 429910 484837 594629 424607 633475 216250 881603 246709 409489 239902 651386 630334 751168 368656 385977 765476 942170 874563 765168 250779 702333 865344 785405 927161 208220 742695 666915 999999999 508868 200198 284231 406538 512653 162094 967621 283723 503783 959841 599144 668917 79878 258949 622873 206473 950737 792821 957114 854428 927848 677656 683264 236060 953615 121456 1041769 542182 264433 837497 735681 540954 608428 31806 920376 661225 605431 709772 819440 298864 952888 688205 486030 633860 562532 574418 411063
308080 285511 202791 421523 240516 458884 120019 840176 472350 293225 697515 315918 395124 524928 595114 398525 223705 287153 547847 625408 603466 426021 334565 291075 343484 94606 443371 105119 734019 618361 334736 575975 394788 732679 375060 803862 143997 635888 140310 470734 422939 679197 544753 266829 631538 201308 359372 276539 624657 492826 244799 264563 508868 999999999 352229 325196 496380 228193 397083 520292 574298 25738 452430 349312 466655 491748 455087 114539 302535 442186 510510 619093 346439 451676 202468 434819 364540 624342 427339 699701 807789 429758 521257 684113 224688 169915 481341 783842 214699 408849 490544 713643 458447 574807 704106 126138 595792 834070 374981 282363
56005 183272 150550 748285 333279 145738 463538 1053827 501862 84390 587732 164162 95137 549040 736804 431890 462718 93350 769723 643491 752565 277218 686116 245832 262540 261138 504026 451583 582051 681754 18376 831486 84946 570981 269046 765059 452855 769269 223969 442527 694631 911842 814149 618854 421952 528698 710106 621841 880104 149495 565828 565480 200198 352229 999999999 275886 469678 435914 210617 855812 418940 355006 788406 550509 646550 151087 139813 465232 113820 782623 747851 896147 695065 798735 494136 644007 52179 896263 84926 981397 690736 327280 781091 777418 342705 487990 168408 939060 541077 578632 684199 845230 167652 874288 752730 299521 673119 714148 542440 211343
287199 390012 255481 585614 474436 260650 377738 792902 227089 304078 380550 112202 225445 276436 465178 156088 276079 307666 521873 375079 481908 111987 614356 442132 27585 291801 228401 375094 409809 406784 272755 597697 360603 407737 57142 520540 468701 495746 213775 178898 482806 662256 590372 535316 313926 523779 642509 580399 643677 405093 567865 399272 284231 325196 275886 999999999 207421 238296 122779 698560 249306 307961 760251 314928 389605 319537 413969 422287 162955 745183 509199 672893 638403 672565 526306 399922 325535 669410 286071 757543 491432 104591 553267 501562 471092 360333 272409 666261 408855 324050 429797 570602 443536 670604 480559 375090 397323 517437 291498 410629
