NAME : synthetic_000834
TYPE : CTSP-D
DIMENSION : 100
GROUPS : 8
RELAXATION_LEVEL : 1
EDGE_WEIGHT_TYPE : EXPLICIT
EDGE_WEIGHT_FORMAT : FULL_MATRIX
EDGE_WEIGHT_SECTION
999999999 723359 593611 216851 780956 534530 586909 774480 407095 718269 222850 434569 234150 318198 568683 213753 137587 224969 420286 322130 410057 460732 508873 578436 820375 349030 333971 815218 347107 228826 104383 866945 630952 126749 873883 600048 606589 715725 453621 512463 601045 412042 647437 458269 803238 386714 459929 760500 276131 14475 374667 384577 343875 434876 624909 351808 132407 803674 481639 446227 509033 460849 741920 805560 610174 905972 515508 568875 483805 461177 407635 453323 463882 187624 750252 122540 524929 629832 344527 576476 532134 442076 420049 387542 46754 201386 436162 356836 371153 61348 557903 38972 149671 737723 272484 382605 367762 833443 438126 633281
723359 999999999 332100 795329 402397 625375 278673 381312 406826 52621 519606 627464 599338 518174 534167 584162 790776 598279 551103 989627 711591 726209 234773 398734 268595 601965 924356 313934 376825 904805 753914 637824 106606 754024 587511 275096 449689 331118 330432 212291 400208 1031985 101928 290835 82161 862728 783624 263077 744182 713475 490043 784796 665520 288802 272994 673889 832713 167833 575483 589211 454853 756505 91549 555844 382300 350593 499732 161837 501426 551109 527131 711741 812931 553196 102568 648710 608424 594118 681510 371835 305848 297263 583656 367022 678132 523774 476458 583532 1012768 761468 912863 761790 601823 410496 841670 803020 375879 600367 977785 90318
593611 332100 999999999 747938 683298 300419 56892 664050 485545 372068 373381 714283 585994 549483 203326 391977 603975 392955 641091 909603 771386 805086 191307 67100 248077 650541 885866 228052 313336 706275 577545 897885 241369 676176 861007 57281 118775 600093 430243 249424 69297 983666 352899 372826 370239 872231 481688 563299 497457 579990 555879 816076 703711 275412 63024 714438 724306 283851 692875 687515 139853 452396 415372 813328 591862 320685 178753 229761 190770 244436 612221 790640 871202 407205 272879 481730 284740 774587 717400 564359 471596 215642 669903 225312 559274 439944 192940 637654 950557 606808 601899 630952 532378 158124 805335 524183 250844 857633 968889 294519
216851 795329 747938 999999999 738310 740808 727945 737703 405709 776169 383590 309091 197254 289317 761944 409567 337851 426659 334240 200509 246118 292633 619011 747296 948054 250480 138008 953559 451085 388531 314796 764377 721363 90342 786707 740725 784649 691499 475746 602012 769892 240421 703098 505351 877473 171126 676757 758335 492541 229250 336441 188538 207533 527295 765674 209485 146508 909138 376537 337812 689492 677532 788888 719211 571719 1039419 704436 661550 673290 659369 337010 290597 266395 355771 846558 328707 729573 517558 198587 545002 535923 558391 317451 524304 219622 308363 619911 267461 217445 261916 771685 205948 215752 902095 59376 597794 499711 737290 228869 707085
780956 402397 683298 738310 999999999 930983 626686 21161 375400 349776 662803 451904 564778 468786 862644 748128 897636 771006 405491 934026 543508 528868 507708 741505 670581 488418 829392 716220 525557 1005887 856563 237716 450620 743799 185138 629298 798904 84591 348550 448686 751192 931625 335850 377243 439465 720916 1034574 142540 928792 777887 413061 633351 540585 472956 637957 542987 839778 565923 378592 413542 767079 1013539 315182 160603 171370 748386 812002 453849 800805 837752 401395 518484 620781 682556 504777 767576 912946 294832 554027 204481 266716 529263 427403 588011 736252 602960 755205 470935 932049 837868 1168449 810971 631337 798211 760531 1018968 577892 202823 837836 394699
534530 625375 300419 740808 930983 999999999 348256 914042 640500 659324 381837 827353 643359 652912 104815 332244 474770 314154 768740 848435 854660 899223 427245 234589 522613 744849 867495 483948 439228 543505 467805 1119651 525197 652702 1094442 354055 201498 846481 614854 483879 242109 945339 624926 567364 669936 899351 205419 829651 311395 520318 683641 869365 779932 462849 363433 790774 660431 580464 831963 813428 171252 175972 701637 1037690 805517 568165 125755 493144 130467 98938 741746 886666 940432 397584 573262 413849 18038 948442 789396 772114 681875 402607 789714 352479 521583 480894 178397 738836 902300 515976 307654 561604 553518 336608 799666 279977 369954 1079384 968711 571390
586909 278673 56892 727945 626686 348256 999999999 607368 441847 316829 364178 673868 557593 513532 255527 395035 610250 399588 599270 897165 735166 766702 142038 120897 235882 614187 865881 228661 282801 716599 580937 842535 185030 660615 804921 13141 175203 543645 382598 197537 125979 966192 296032 324786 322372 844355 519950 506433 517923 573825 515466 784366 669617 232860 38168 680161 715283 249975 648589 645361 180349 491309 360031 757932 538227 319072 223496 173584 229824 282413 570520 752104 836206 399285 228164 480978 331768 724685 683826 511593 419342 178406 628964 204393 549619 419904 219023 600335 935252 605724 644121 625124 512399 197514 784151 554755 228370 802354 944743 237740
774480 381312 664050 737703 21161 914042 607368 999999999 367891 328692 651315 455724 561200 464585 844642 736365 889392 759000 406322 934465 548002 535214 489805 722692 649451 488570 831552 695164 512298 998402 848311 258795 430492 740622 206201 609804 779990 68062 337281 431084 732116 934594 315650 363536 418398 725228 1020203 121477 917034 771046 409403 637614 542199 457495 618165 545015 836305 544762 382696 416718 749432 998847 294021 181079 167379 727229 794492 434831 783750 821314 400733 524432 627599 671863 483668 758009 896006 306196 555966 198706 254915 512896 429427 572645 729427 593843 738763 470742 933896 830804 1154171 805120 625037 777866 761469 1006110 563142 223654 842702 374594
407095 406826 485545 405709 375400 640500 441847 367891 999999999 379163 303859 235584 210690 116752 602896 389216 522389 413690 158859 605865 309758 332525 301279 519101 612082 195523 525493 634078 201502 630583 481335 499636 356588 386948 490698 451554 573781 308697 76457 255772 537342 633582 307753 126203 487227 455996 696878 359971 566987 403293 83749 378429 258848 210135 472389 267460 479325 546425 207344 204154 505468 680530 386627 425357 207027 706055 542768 307869 521055 541574 130747 317729 412534 316866 477601 395282 623347 307970 274807 171800 131704 271686 190066 294081 361706 230128 465052 177502 619889 462933 827377 438814 258255 639256 444849 665075 272836 461323 571795 325904
718269 52621 372068 776169 349776 659324 316829 328692 379163 999999999 523007 591913 579085 493519 571653 592616 793868 608477 516668 972948 678359 690214 251255 437710 321115 572353 902189 366521 375506 908401 755859 585311 134128 740189 534893 314789 490639 278957 303790 216835 441034 1010186 73142 271354 112896 834424 809367 210759 758634 709185 460978 754443 636089 288513 315489 643965 822346 219035 536724 552791 488102 783036 43350 503495 335286 402127 533617 176742 532779 580693 494013 675939 778591 555268 155117 651303 642014 547433 652112 327375 268576 308102 549029 379165 672281 517119 503337 553540 993188 759690 940312 756147 590197 459705 820198 823172 384627 547960 950855 94999
222850 519606 373381 383590 662803 381837 364178 651315 303859 523007 999999999 451140 261539 280441 383595 85878 271269 109945 400340 536274 472964 518141 293210 365255 597606 365756 519775 592665 150726 385587 234431 803418 420462 305422 793533 377318 401068 585504 314253 307779 387958 613383 457006 293866 596237 527663 396537 607697 266137 209994 321153 489858 398169 234767 402233 408988 351542 584548 466056 442247 306163 382873 552782 728904 504234 683196 324007 359452 293732 289192 375832 505897 559194 35659 534648 129141 367459 597887 407561 468215 396402 226306 416996 165927 186062 99589 238115 361624 578400 247373 524832 261296 176324 522501 442618 361320 148457 765182 610878 431812
434569 627464 714283 309091 451904 827353 673868 455724 235584 591913 451140 999999999 207729 174924 808128 523129 571632 547654 77559 491736 93370 98854 535180 741137 846819 89009 379841 869631 409223 656953 535122 455377 589301 346460 478594 684178 792939 423399 307172 491336 760886 480090 525644 361290 704126 269644 838230 506050 675858 438800 158489 182064 101931 441015 705825 99706 439155 776840 73413 40945 714792 828490 589295 411755 302478 940643 746597 542971 720822 730300 104859 84294 187379 446046 707008 486756 811636 208627 110772 287293 323364 498641 45528 505542 403095 352427 662773 89607 483118 495612 958051 449772 309601 870391 317615 783675 481015 428319 387767 553672
234150 599338 585994 197254 564778 643359 557593 561200 210690 579085 261539 207729 999999999 97541 639873 323408 368547 347052 186150 396139 212180 259085 436170 597480 766033 118971 325544 776724 274799 462114 330486 633409 529472 179673 642763 569754 642624 508833 278741 412091 619231 432798 506066 308739 681395 286775 634647 568595 468581 236167 151804 233223 137296 340822 594034 147944 275105 719271 248019 213738 554178 626697 591673 574258 393887 858995 578852 471256 550088 550173 174824 247815 298488 248784 654748 279446 628981 395860 146057 363338 342185 381051 187205 361531 197981 163311 492553 123834 414111 295395 751826 256108 102185 743753 242511 576753 335750 600570 390261 511923
318198 518174 549483 289317 468786 652912 513532 464585 116752 493519 280441 174924 97541 999999999 633608 357551 445986 382529 120334 489702 221936 257133 380884 571392 705730 101069 409248 722071 238447 546788 405973 552333 458052 277082 556163 524740 621622 411409 189837 346577 591839 517347 421236 228876 599531 346942 673953 471527 522148 317481 56638 275598 157267 283995 547755 167459 372051 649146 186473 161929 541073 662079 502729 488018 297528 799655 572042 403657 546014 555572 98055 243065 322696 280033 582075 336679 637052 325777 172256 266276 246682 335382 137173 333887 276586 184694 487937 89386 503143 377986 798251 344948 170778 707185 328217 627233 308792 517464 460026 433775
568683 534167 203326 761944 862644 104815 255527 844642 602896 571653 383595 808128 639873 633608 999999999 355936 531960 343834 743410 889650 846325 887687 354947 136233 417877 730796 894485 379255 403494 613967 517809 1062905 438357 677640 1032838 259418 96915 778147 566243 414330 140092 980017 544143 514033 573274 911169 306733 752739 383453 554209 656579 871711 772860 407939 265583 783853 699519 478270 803573 789446 98626 276840 614649 979470 749594 464219 61586 413871 89979 110073 715264 874299 938150 407239 475099 446199 93388 908835 783967 717998 625508 344194 767509 308831 547685 477186 147359 722257 939834 560805 412437 600200 559918 234102 821320 372368 330933 1022437 990725 488032
213753 584162 391977 409567 748128 332244 395035 736365 389216 592616 85878 523129 323408 357551 355936 999999999 215755 25053 477871 535827 535051 582486 351219 369028 630866 435499 539506 618757 229886 325573 186085 888507 481092 322976 879270 407892 393770 670226 399639 375783 391348 624133 529779 376776 657468 567225 316421 689546 180677 199315 401966 540620 460369 308088 431720 470816 345796 631355 544023 517898 296166 305426 624950 814470 590110 711035 301823 422357 270127 250411 454721 571168 614237 77558 587748 92737 320362 679449 467868 554091 481528 286906 491984 218209 192170 172857 222991 433692 584462 216069 441928 247423 226216 528493 468731 275891 208467 850451 638187 499187
137587 790776 603975 337851 897636 474770 610250 889392 522389 793868 271269 571632 368547 445986 531960 215755 999999999 211215 553858 383947 546977 597638 561867 574015 845851 485302 432880 831816 419145 114625 41081 997971 690601 252895 1001596 623013 589655 827571 557862 579047 595482 489546 726791 551506 866809 508613 356336 863161 173853 132888 501420 516618 481441 505363 646548 489306 210564 846654 616563 581934 494325 364117 822603 933678 728977 924361 488361 630135 457820 422041 539250 590525 596222 238624 801327 142573 469252 764158 481893 694100 639505 495700 555542 430220 170866 296988 422337 492166 442509 78556 436802 133021 275291 731560 386960 267817 416788 963424 541358 703069
224969 598279 392955 426659 771006 314154 399588 759000 413690 608477 109945 547654 347052 382529 343834 25053 211215 999999999 502839 545948 558341 606049 364241 365902 634890 459854 554629 620663 250461 317525 185326 913119 494221 338873 903471 412254 387196 692621 422690 391787 387895 636818 546915 398329 670293 586547 291490 710258 158363 210503 427017 562092 483773 326214 435580 494153 355767 639560 569002 542741 289923 280837 641686 838833 613891 713181 291905 436477 260259 236302 479748 594866 636331 102499 598081 102430 303049 704496 490994 577878 504311 301291 516786 231321 207682 197838 216687 458277 596090 220627 416888 256571 248849 524875 485565 251400 223853 874987 654751 514495
420286 551103 641091 334240 405491 768740 599270 406322 158859 516668 400340 77559 186150 120334 743410 477871 553858 502839 999999999 528540 162200 176129 459608 670490 769359 83839 426205 792554 341103 648134 515098 447879 511742 352117 460456 609311 723415 366141 229634 414550 689726 530962 449440 284062 628466 329682 794281 443314 640712 422007 87036 244155 136626 366548 630571 140675 448260 699412 66222 46612 648409 782366 515756 392011 244189 863153 682132 465648 657566 670616 28887 161440 262003 400340 629647 453574 752490 210459 151190 223351 248648 425686 32587 437401 382995 305016 599870 68310 527973 481494 918256 441540 280881 796302 355169 746569 413618 415958 448734 476376
322130 989627 909603 200509 934026 848435 897165 934465 605865 972948 536274 491736 396139 489702 889650 535827 383947 545948 528540 999999999 412223 448951 800737 898789 1125274 445900 126163 1125560 631858 373898 382104 940074 910588 239219 968848 910236 928501 890301 674826 790207 921478 111970 899806 701602 1071743 259828 739370 958577 557739 336538 536760 330003 394876 713501 935324 393953 190194 1094992 563345 525443 831008 748030 987259 902835 769690 1214285 837400 849543 805699 781102 534213 451908 388301 503041 1034988 443883 840449 695294 382715 744040 736365 736886 508121 693254 350986 481813 758243 463889 62161 332468 806645 289450 392955 1057520 174396 647824 670465 916512 209138 900372
410057 711591 771386 246118 543508 854660 735166 548002 309758 678359 472964 93370 212180 221936 846325 535051 546977 558341 162200 412223 999999999 50675 600617 791898 920584 120992 294507 940032 459481 620108 514114 527878 666339 303121 557680 746230 840847 516731 384969 561886 812675 390901 610290 435510 789763 177426 843070 599264 670870 417122 226760 89980 74897 504234 768989 64267 387716 856020 165376 134085 756973 836541 677953 492679 395841 1014645 784868 616412 757162 760372 184519 44967 102870 460948 786900 483657 839978 283544 67859 380117 410759 557215 130524 553817 387035 373774 699158 135456 397644 468683 955986 417510 310100 929121 241375 779729 528343 504559 294802 634356
460732 726209 805086 292633 528868 899223 766702 535214 332525 690214 518141 98854 259085 257133 887687 582486 597638 606049 176129 448951 50675 999999999 629674 828493 944506 157185 327263 966330 495534 670053 564779 493380 687612 353015 527502 777377 878676 509774 405347 587750 848856 417343 624354 458652 802588 200739 892038 595953 720812 467771 252393 119149 122579 534323 799556 112623 436035 875541 159224 137455 796855 885041 686663 464479 391475 1038425 826128 640374 799006 804077 202495 14796 93154 507603 805767 533186 884254 254126 117673 380118 421645 589831 143662 590988 437461 418620 740895 167890 429070 519326 1005819 468007 358596 962177 282292 829651 565815 472664 312050 652466
508873 234773 191307 619011 507708 427245 142038 489805 301279 251255 293210 535180 436170 380884 354947 351219 561867 364241 459608 800737 600617 629674 999999999 239161 330057 480130 755371 341808 168954 674823 526696 712298 129986 561522 679262 150862 297046 423201 240560 60128 252717 859400 202065 182751 306257 720701 560720 402487 509570 497465 377409 655411 538115 96972 171124 548343 628729 295701 507274 505336 259871 535279 289327 628126 402584 422826 305256 74569 296920 339495 431041 614967 702709 328271 241799 421567 409301 583477 552929 373973 280901 67069 489947 133065 466276 319444 258553 465190 832813 539949 693048 547842 408146 339290 672312 571919 145208 671865 826408 156429
578436 398734 67100 747296 741505 234589 120897 722692 519101 437710 365255 741137 597480 571392 136233 369028 574015 365902 670490 898789 791898 828493 239161 999999999 299060 672054 884367 269929 332959 671122 551048 951183 305668 670676 916727 123642 57915 657633 470398 299149 22721 978604 415027 414348 437164 880887 421519 625152 453602 564349 583941 830134 721713 311440 129534 732615 710605 346631 725673 717102 85281 391869 480925 866879 641605 361170 116640 288032 134354 187260 641657 814339 889490 396636 339375 461261 219425 816353 734598 612408 519183 247862 697805 238137 547986 443158 152255 660616 942995 585024 538531 614356 533919 159521 805791 470299 263746 910780 972258 357435
820375 268595 248077 948054 670581 522613 235882 649451 612082 321115 597606 846819 766033 705730 417877 630866 845851 634890 769359 1125274 920584 944506 330057 299060 999999999 802111 1084928 54921 496969 951157 816812 906415 259849 886764 855552 222980 321136 599501 539833 359337 284908 1188205 353339 485887 244304 1049406 718894 529884 745516 807600 693970 981327 862504 425423 199313 872325 946896 109198 806636 812553 383125 689036 356129 824364 640365 94066 414805 304283 433222 486317 742151 929713 1023427 633054 166028 716633 509967 848656 877790 624194 544226 389817 801357 433609 781542 643949 440997 785779 1160131 841172 830264 858900 734982 205659 1002015 769144 455295 868931 1156292 305308
349030 601965 650541 250480 488418 744849 614187 488570 195523 572353 365756 89009 118971 101069 730796 435499 485302 459854 83839 445900 120992 157185 480130 672054 802111 999999999 347338 820310 339236 574196 448074 526282 550261 270948 542087 625276 721769 445664 271937 442879 692630 453709 502037 319088 681840 262386 749901 518868 586850 352438 111939 182919 63737 383550 648094 71950 366484 740882 134872 97736 639679 740616 576248 473833 324302 896164 669220 498456 642350 648808 89099 143553 222580 358797 672532 397751 729533 283132 79759 300447 310170 436227 72481 434227 315684 266376 584218 19311 447813 410329 869164 366755 220632 808201 273487 694684 408937 495875 380056 521356
333971 924356 885866 138008 829392 867495 865881 831552 525493 902189 519775 379841 325544 409248 894485 539506 432880 554629 426205 126163 294507 327263 755371 884367 1084928 347338 999999999 1091184 588119 453105 419199 820380 854487 216848 852062 878643 920658 792140 598953 736075 907005 108101 829521 633525 1006285 133773 785807 866130 600479 347877 449071 208243 289638 662513 903574 286537 222338 1043497 452927 416379 824866 789948 911958 787183 670297 1176626 838048 795509 806660 789907 436330 331545 262447 490677 979800 453667 857234 577830 275600 647655 651769 695573 402138 662310 347358 446371 754416 366354 103343 365435 868880 312160 353759 1039721 83333 700373 637692 798448 108789 837379
815218 313934 228052 953559 716220 483948 228661 695164 634078 366521 592665 869631 776724 722071 379255 618757 831816 620663 792554 1125560 940032 966330 341808 269929 54921 820310 1091184 999999999 503815 934256 804718 950700 290671 888421 901357 215537 283810 642984 564211 378598 253043 1192809 392162 508526 296531 1062213 683918 576775 722358 802012 714384 997086 879325 438696 190515 889424 943923 161924 833110 836747 355186 653962 403498 867934 677065 92637 382665 327506 403838 455828 764772 951542 1042609 627628 212174 707090 472363 882798 894299 658861 575600 396379 824103 432348 778260 646629 418114 804674 1162848 832171 791119 853275 738728 156661 1008819 739082 455595 912688 1166430 340428
347107 376825 313336 451085 525557 439228 282801 512298 201502 375506 150726 409223 274799 238447 403494 229886 419145 250461 341103 631858 459481 495534 168954 332959 496969 339236 588119 503815 999999999 533770 380621 688411 284381 392639 670380 294959 383800 445040 182666 165357 353406 691273 307653 149050 456212 561555 511011 459815 408578 336869 254068 502896 390633 88025 319291 401417 462053 463571 400185 387507 307501 491636 403459 609193 377854 588511 342700 222275 319984 340356 312625 481386 558327 180772 405928 276682 421986 509439 404159 342575 260091 107522 366791 96404 302592 151378 263618 327659 664020 384908 644300 385784 239194 471459 505398 493952 72652 648748 663003 287178
228826 904805 706275 388531 1005887 543505 716599 998402 630583 908401 385587 656953 462114 546788 613967 325573 114625 317525 648134 373898 620108 670053 674823 671122 951157 574196 453105 934256 533770 999999999 154002 1095443 803993 317038 1102687 729134 680886 937675 669628 693316 691762 485579 841416 665177 980345 551786 389107 975804 232358 229467 603123 576186 560978 619916 752061 567525 243517 956673 708218 671899 588600 404790 937228 1034377 836017 1026887 576820 743851 547763 506236 636262 664820 654774 353212 913135 257164 541136 856696 558849 801664 750682 609034 646134 542522 270819 408966 518921 583399 435945 168934 436521 207459 376929 825743 426719 292831 530042 1062169 560614 817377
104383 753914 577545 314796 856563 467805 580937 848311 481335 755859 234431 535122 330486 405973 517809 186085 41081 185326 515098 382104 514114 564779 526696 551048 816812 448074 419199 804718 380621 154002 999999999 958192 654741 226818 961213 593835 570088 786518 516964 541845 572922 483706 688211 511261 830650 485889 366628 822491 181280 97168 461171 488275 446935 467392 617753 455162 199250 814055 578322 544174 473559 371179 783980 893371 687965 897056 471047 593867 439924 407784 499893 557127 567722 200827 767150 105310 460829 725526 448176 653061 598530 460134 517680 396092 132517 256071 400710 454294 438298 53916 456895 109301 235511 709716 366987 283510 381489 923431 526659 665711
866945 637824 897885 764377 237716 1119651 842535 258795 499636 585311 803418 455377 633409 552333 1062905 888507 997971 913119 447879 940074 527878 493380 712298 951183 906415 526282 820380 950700 688411 1095443 958192 999999999 676012 797061 66517 846847 1009098 307939 506678 652184 963447 909351 563259 552293 677181 693126 1195440 380256 1064552 867752 498014 612151 557246 657404 858393 554892 891960 802869 391814 430152 964838 1178009 552262 84632 314202 985637 1007831 669321 992226 1022490 459335 488875 570744 814717 740392 885486 1101800 246821 565810 347667 438201 719682 453961 767633 827664 723490 941271 514457 922447 927832 1326693 889317 722719 1023634 768495 1164383 752180 40476 797573 620512
630952 106606 241369 721363 450620 525197 185030 430492 356588 134128 420462 589301 529472 458052 438357 481092 690601 494221 511742 910588 666339 687612 129986 305668 259849 550261 854487 290671 284381 803993 654741 676012 999999999 672313 633023 184530 360099 370221 282277 120525 310665 960870 114887 231196 176442 804909 678078 323759 638281 620271 439819 732075 612338 198145 189202 621645 745849 191094 547055 554071 353974 651250 176612 591708 388277 352704 399498 62113 398871 447321 485153 672851 769121 454931 125313 549444 507888 592206 628016 368598 285169 194960 544029 263029 586863 434995 371162 533027 938086 665511 808066 669768 518521 348103 771191 696423 273952 636618 916355 55932
126749 754024 676176 90342 743799 652702 660615 740622 386948 740189 305422 346460 179673 277082 677640 322976 252895 338873 352117 239219 303121 353015 561522 670676 886764 270948 216848 888421 392639 317038 226818 797061 672313 999999999 812491 673611 705185 688478 449288 551813 693380 308016 667232 469573 835933 260061 586653 746645 402790 138944 331281 264087 246901 474749 698698 252486 96491 855877 405273 367142 608889 587218 757361 744088 573251 976392 621285 610990 589864 573364 347368 347902 343670 274927 796344 239446 641899 552452 243219 542987 518528 497845 343113 456252 131191 242873 537970 284012 274697 175187 683353 119876 153937 827602 147575 508722 432836 766816 316025 664202
873883 587511 861007 786707 185138 1094442 804921 206201 490698 534893 793533 478594 642763 556163 1032838 879270 1001596 903471 460456 968848 557680 527502 679262 916727 855552 542087 852062 901357 670380 1102687 961213 66517 633023 812491 999999999 808404 974524 262814 487722 619260 927818 944845 518814 528680 622154 728238 1180670 326211 1057676 873589 500255 644695 579281 631702 818488 578125 908441 750383 410361 449133 935570 1161928 499764 68527 292527 932408 979472 631345 965590 998537 468010 521430 609717 807564 689840 883200 1076474 274243 589270 327959 413583 692250 470996 744451 832747 719080 916541 528480 954972 934054 1313168 898580 726823 981108 795507 1154748 730781 58355 836551 577144
600048 275096 57281 740725 629298 354055 13141 609804 451554 314789 377318 684178 569754 524740 259418 407892 623013 412254 609311 910236 746230 777377 150862 123642 222980 625276 878643 215537 294959 729134 593835 846847 184530 673611 808404 999999999 175946 546630 391228 204865 126373 979079 297019 333369 315920 856489 528570 507310 529457 586961 525861 796072 681033 243209 25093 691546 728416 239524 658004 655303 187816 499762 358097 762220 543992 305935 230048 177526 237843 290818 580604 762756 847436 412424 220413 494007 337826 732243 695310 517901 426007 189968 639183 217368 562752 432761 229377 611267 948232 618782 651828 638259 525226 188483 796850 564893 241243 806744 957204 238308
606589 449689 118775 784649 798904 201498 175203 779990 573781 490639 401068 792939 642624 621622 96915 393770 589655 387196 723415 928501 840847 878676 297046 57915 321136 721769 920658 283810 383800 680886 570088 1009098 360099 705185 974524 175946 999999999 715147 526901 357053 49605 1012204 470948 471230 482804 923454 400193 681288 456065 592268 636588 875799 769657 367532 176994 780612 738976 382744 779695 770003 97611 370231 533968 924789 699413 370757 105325 345179 133139 179148 694658 864677 937169 430265 383554 486491 188968 872843 782114 670074 576842 303526 750108 287762 579302 484884 170821 710997 974935 607822 509134 641121 573853 146802 843619 459144 312862 968695 1011431 412882
715725 331118 600093 691499 84591 846481 543645 68062 308697 278957 585504 423399 508833 411409 778147 670226 827571 692621 366141 890301 516731 509774 423201 657633 599501 445664 792140 642984 445040 937675 786518 307939 370221 688478 262814 546630 715147 999999999 272274 364109 667676 897092 256222 296094 377694 692286 952298 93457 850822 711654 357894 605005 502744 389433 556064 506677 783298 497778 352324 383022 682499 930858 249220 224974 121993 680911 727411 370396 716268 753471 356650 497840 602914 606918 433558 694411 828443 302228 517297 146551 189650 445008 392243 504583 670135 531099 670919 427103 893358 770945 1086290 747449 566920 718319 719068 938977 495164 269704 810916 314360
453621 330432 430243 475746 348550 614854 382598 337281 76457 303790 314253 307172 278741 189837 566243 399639 557862 422690 229634 674826 384969 405347 240560 470398 539833 271937 598953 564211 182666 669628 516964 506678 282277 449288 487722 391228 526901 272274 999999999 188980 486950 707032 231849 57865 411023 532309 693266 307065 580277 447857 160055 454854 335304 159671 410454 343884 538386 471119 269586 272822 467664 674231 313413 426743 195196 633564 508187 236744 489756 516890 202876 390582 487517 334705 401934 422598 597169 345966 351264 159943 82624 224040 261816 262418 407063 260893 436658 253802 691622 505486 826203 488076 309541 579710 517472 671861 245731 466789 647762 249716
512463 212291 249424 602012 448686 483879 197537 431084 255772 216835 307779 491336 412091 346577 414330 375783 579047 391787 414550 790207 561886 587750 60128 299149 359337 442879 736075 378598 165357 693316 541845 652184 120525 551813 619260 204865 357053 364109 188980 999999999 312293 841946 156999 131588 290928 691713 608443 347722 543420 502191 335830 622143 503180 77941 222588 512988 625673 307425 458312 459338 318395 584045 250302 568000 342964 453355 363410 59543 353415 393674 386519 572965 664629 341045 244904 436745 465870 527379 518497 314954 222193 93790 445829 164491 467821 314963 311653 426760 818337 549325 741767 551123 397999 392709 652742 613044 167969 611755 801029 124083
601045 400208 69297 769892 751192 242109 125979 732116 537342 441034 387958 760886 619231 591839 140092 391348 595482 387895 689726 921478 812675 848856 252717 22721 284908 692630 907005 253043 353406 691762 572922 963447 310665 693380 927818 126373 49605 667676 486950 312293 999999999 1001315 421968 430429 434630 902981 434083 632360 472693 586946 603366 851719 742797 328696 127819 753681 733240 338517 744249 736331 103972 404266 484364 879005 655227 343401 130078 297346 151008 202796 660866 834650 910599 419357 335796 483668 227907 832729 755788 626640 533498 265710 717341 259182 570692 465470 173291 680966 965716 607283 548313 636902 556372 137147 828354 486084 284881 923101 994710 363717
412042 1031985 983666 240421 931625 945339 966192 934594 633582 1010186 613383 480090 432798 517347 980017 624133 489546 636818 530962 111970 390901 417343 859400 978604 1188205 453709 108101 1192809 691273 485579 483706 909351 960870 308016 944845 979079 1012204 897092 707032 841946 1001315 999999999 937471 741192 1113969 216616 845863 972521 662510 426467 556845 301467 394429 767610 1004108 390456 285549 1149251 553501 518089 915413 853196 1020059 881476 775115 1279283 925483 901455 893851 873116 542411 423776 340320 582348 1086156 534463 936337 671172 379795 753447 759573 798422 505565 761952 433452 546351 843690 472861 49827 431873 916911 383764 454083 1135608 190319 755723 737836 889846 123075 944715
647437 101928 352899 703098 335850 624926 296032 315650 307753 73142 457006 525644 506066 421236 544143 529779 726791 546915 449440 899806 610290 624354 202065 415027 353339 502037 829521 392162 307653 841416 688211 563259 114887 667232 518814 297019 470948 256222 231849 156999 421968 937471 999999999 198216 179843 763617 762449 210400 699991 638669 390297 684610 565722 222437 303500 573853 749907 262224 473675 487303 454515 737235 95822 479319 287409 441259 500409 131812 495641 540440 425774 609906 711371 488292 192405 584289 607191 497540 581737 273584 204010 250718 481969 321482 601238 446081 460272 483408 920176 690159 895029 685070 517654 462456 747394 769808 323832 524252 879522 59132
458269 290835 372826 505351 377243 567364 324786 363536 126203 271354 293866 361290 308739 228876 514033 376776 551506 398329 284062 701602 435510 458652 182751 414348 485887 319088 633525 508526 149050 665177 511261 552293 231196 469573 528680 333369 471230 296094 57865 131588 430429 741192 198216 999999999 372778 575527 657563 314069 556684 450861 208791 501183 381378 106102 352614 390576 554072 421843 326729 328302 415427 637010 288018 470489 238164 579852 457103 181733 440264 470460 256469 443857 538362 319083 353865 411847 549507 402337 397128 204948 115097 170075 315771 215857 411556 258477 389001 301837 722651 505820 791331 494681 321925 521851 550891 642982 202483 512020 688841 204986
803238 82161 370239 877473 439465 669936 322372 418398 487227 112896 596237 704126 681395 599531 573274 657468 866809 670293 628466 1071743 789763 802588 306257 437164 244304 681840 1006285 296531 456212 980345 830650 677181 176442 835933 622154 315920 482804 377694 411023 290928 434630 1113969 179843 372778 999999999 943216 839282 296926 812161 793081 570042 864451 745506 368363 307691 753678 914000 135106 649565 665229 502611 811270 129355 598181 445728 311618 545789 236785 551487 603202 605261 788256 890468 630388 99954 725342 653746 657642 761517 439504 380997 371338 660916 439315 758324 604439 533057 663238 1094909 839997 965672 841815 683493 418787 923665 865198 450335 641676 1058745 171776
386714 862728 872231 171126 720916 899351 844355 725228 455996 834424 527663 269644 286775 346942 911169 567225 508613 586547 329682 259828 177426 200739 720701 880887 1049406 262386 133773 1062213 561555 551786 485889 693126 804909 260061 728238 856489 923454 692286 532309 691713 902981 216616 763617 575527 943216 999999999 846333 772518 662830 398494 373452 87614 198772 624265 880714 191731 308672 995989 342535 309442 831643 846066 838611 665054 570707 1142917 851645 749684 821375 813180 346225 207495 128776 504893 929014 492952 887009 454704 182802 552534 572111 667455 300927 647208 383940 438570 765578 281454 231131 433034 942784 377063 351424 1029671 125068 768651 621523 673254 119061 780041
459929 783624 481688 676757 1034574 205419 519950 1020203 696878 809367 396537 838230 634647 673953 306733 316421 356336 291490 794281 739370 843070 892038 560720 421519 718894 749901 785807 683918 511011 389107 366628 1195440 678078 586653 1180670 528570 400193 952298 693266 608443 434083 845863 762449 657563 839282 846333 999999999 953215 185379 447864 717363 836199 769473 564434 543164 779458 564841 765478 860417 834179 341969 29963 849157 1118242 888313 770522 304883 633896 291193 237811 770933 881608 913555 393972 747903 360509 213672 994404 775233 852728 770848 516244 808161 449986 465337 489267 307198 749119 798610 420470 134085 474835 533565 540719 731509 96471 457284 1156426 893235 715873
760500 263077 563299 758335 142540 829651 506433 121477 359971 210759 607697 506050 568595 471527 752739 689546 863161 710258 443314 958577 599264 595953 402487 625152 529884 518868 866130 576775 459815 975804 822491 380256 323759 746645 326211 507310 681288 93457 307065 347722 632360 972521 210400 314069 296926 772518 953215 999999999 868199 754900 421896 685969 578728 390539 512960 583659 839285 424194 437099 465197 660880 929806 173771 301889 204479 606257 706641 338868 699396 741202 430128 583456 689016 633097 364696 725109 811731 395575 593872 220017 229398 437432 471607 503496 714020 566859 659345 499790 965747 812500 1087100 794479 614795 666933 790281 949345 498708 344969 891542 269020
276131 744182 497457 492541 928792 311395 517923 917034 566987 758634 266137 675858 468581 522148 383453 180677 173853 158363 640712 557739 670870 720812 509570 453602 745516 586850 600479 722358 408578 232358 181280 1064552 638281 402790 1057676 529457 456065 850822 580277 543420 472693 662510 699991 556684 812161 662830 185379 868199 999999999 264702 571350 657029 599007 481804 550115 608451 379919 766487 706677 676913 368749 190694 793663 992178 769908 814328 350833 583599 323713 278049 620185 711375 735422 250163 732794 189142 308779 847758 603181 733896 662205 450633 650343 379513 286126 341629 304698 588701 615938 235097 285247 289544 366413 602561 546621 108865 376299 1027096 707856 663834
14475 713475 579990 229250 777887 520318 573825 771046 403293 709185 209994 438800 236167 317481 554209 199315 132888 210503 422007 336538 417122 467771 497465 564349 807600 352438 347877 802012 336869 229467 97168 867752 620271 138944 873589 586961 592268 711654 447857 502191 586946 426467 638669 450861 793081 398494 447864 754900 264702 999999999 373718 394190 349781 424787 611787 357994 146709 791922 484121 449209 494700 448283 733408 805367 607432 892896 501051 558237 469348 446724 408461 460011 473292 174606 739028 108075 510643 632017 351035 573440 527047 430566 422876 375133 41635 193028 421797 359533 385626 60540 547477 51312 147494 723680 285441 371789 355703 833868 451656 623512
374667 490043 555879 336441 413061 683641 515466 409403 83749 460978 321153 158489 151804 56638 656579 401966 501420 427017 87036 536760 226760 252393 377409 583941 693970 111939 449071 714384 254068 603123 461171 498014 439819 331281 500255 525861 636588 357894 160055 335830 603366 556845 390297 208791 570042 373452 717363 421896 571350 373718 999999999 294845 175492 282655 547694 183886 426908 629975 148323 133502 561408 704020 466198 432263 242083 788018 595363 389726 571062 585220 58686 237652 329628 325112 561278 388333 667201 277523 191493 211843 202729 340250 114092 350370 332655 230438 513499 93761 546166 434250 843857 401586 226610 711903 370414 674910 326594 462553 490151 409647
384577 784796 816076 188538 633351 869365 784366 637614 378429 754443 489858 182064 233223 275598 871711 540620 516618 562092 244155 330003 89980 119149 655411 830134 981327 182919 208243 997086 502896 576186 488275 612151 732075 264087 644695 796072 875799 605005 454854 622143 851719 301467 684610 501183 864451 87614 836199 685969 657029 394190 294845 999999999 119822 558449 819734 110971 335045 922979 254923 222021 787232 832841 756804 580550 483583 1075243 811001 678903 781768 778883 262459 123434 79607 471781 854970 476416 855848 370532 104063 466131 489562 606118 214502 593124 371269 394560 724612 201267 310508 438387 941321 383757 315863 974170 166973 765188 567320 590584 205914 704180
343875 665520 703711 207533 540585 779932 669617 542199 258848 636089 398169 101931 137296 157267 772860 460369 481441 483773 136626 394876 74897 122579 538115 721713 862504 63737 289638 879325 390633 560978 446935 557246 612338 246901 579281 681033 769657 502744 335304 503180 742797 394429 565722 381378 745506 198772 769473 578728 599007 349781 175492 119822 999999999 441191 704306 10999 338073 803197 169594 131117 684438 762487 639844 511952 380809 956494 711490 559545 683490 685901 149043 112415 167810 386077 735149 410932 765322 310545 16023 359184 373438 491225 113394 483623 317422 299100 625574 82694 391702 403887 883789 355140 236021 861763 220593 707781 457970 529782 316794 584437
434876 288802 275412 527295 472956 462849 232860 457495 210135 288513 234767 441015 340822 283995 407939 308088 505363 326214 366548 713501 504234 534323 96972 311440 425423 383550 662513 438696 88025 619916 467392 657404 198145 474749 631702 243209 367532 389433 159671 77941 328696 767610 222437 106102 368363 624265 564434 390539 481804 424787 282655 558449 441191 999999999 265234 451446 547782 382121 417464 412766 309329 542159 318121 575000 343232 518719 351098 136380 334823 366942 337756 519674 606111 266755 321598 362794 444912 505397 455975 310667 219234 64384 396108 115163 390046 237027 284840 368909 742825 472854 698516 473462 320827 429757 579245 559073 108168 617041 730997 199202
624909 272994 63024 765674 637957 363433 38168 618165 472389 315489 402233 705825 594034 547755 265583 431720 646548 435580 630571 935324 768989 799556 171124 129534 199313 648094 903574 190515 319291 752061 617753 858393 189202 698698 818488 25093 176994 556064 410454 222588 127819 1004108 303500 352614 307691 880714 543164 512960 550115 611787 547694 819734 704306 265234 999999999 714774 753411 222597 678272 676395 201263 514054 358818 773773 558310 281147 241449 190074 251972 305453 601942 784902 870422 437288 209923 518348 347760 749456 718678 533172 442003 213673 660706 242451 587748 457775 248027 633862 973313 643213 664472 663077 550217 170329 821724 582557 266275 818450 981822 244393
351808 673889 714438 209485 542987 790774 680161 545015 267460 643965 408988 99706 147944 167459 783853 470816 489306 494153 140675 393953 64267 112623 548343 732615 872325 71950 286537 889424 401417 567525 455162 554892 621645 252486 578125 691546 780612 506677 343884 512988 753681 390456 573853 390576 753678 191731 779458 583659 608451 357994 183886 110971 10999 451446 714774 999999999 342547 812419 169513 131493 695434 772640 647186 511065 384687 966334 722485 569166 694476 696812 154829 102963 156954 396691 744229 420605 776189 308074 11244 363854 380425 501783 115614 494514 326184 309974 636564 90452 389063 411544 893348 362221 246147 872474 219556 717259 468870 528025 310229 593245
