NAME : synthetic_000237
TYPE : CTSP-D
DIMENSION : 100
GROUPS : 8
RELAXATION_LEVEL : 1
EDGE_WEIGHT_TYPE : EXPLICIT
EDGE_WEIGHT_FORMAT : FULL_MATRIX
EDGE_WEIGHT_SECTION
999999999 289789 349393 242727 758721 350830 567266 278064 127438 213714 245318 89553 362736 580006 469007 34877 519657 494227 279506 580484 201797 825201 406040 530277 374563 808517 728864 445892 665714 678017 216760 310981 632583 502031 666847 225150 200560 636494 554206 541729 263284 198654 248975 432773 739694 167730 125804 235875 659880 373617 584741 302842 134455 459053 722432 453920 425679 313572 733563 420667 658587 422241 218275 297391 264935 256384 336397 710648 719739 719929 677269 365752 491191 424920 535647 339551 353656 396556 422874 383670 121925 351959 382608 700390 394880 249123 522773 163134 668395 296466 268675 662589 208918 444695 461075 557008 436861 454822 366372 405906
289789 999999999 446435 354007 721584 537349 821814 284406 315659 502893 180412 349667 498015 658846 548568 267068 769608 434324 105544 470777 218590 746200 486815 655260 322286 551439 522820 418500 416580 560407 465357 287645 344914 416790 755534 449182 293043 616671 424561 359601 364048 468261 308828 504079 588324 336947 318094 489618 621103 570680 453517 88292 166500 656211 634601 173155 423119 251470 739999 548299 433287 545804 506971 98863 429205 227873 378467 663070 674936 752903 434068 349983 753215 365559 288648 398384 194913 570431 460462 539697 193081 330473 111167 421033 336331 397968 775379 268268 482067 475892 415883 547355 332992 458664 338350 268027 360185 620558 556415 618939
349393 446435 999999999 590320 435213 155116 477458 166927 222020 433066 532834 426752 68278 233011 119952 324058 423925 243570 514726 352729 231384 525146 57012 208981 689350 737704 583596 774385 604190 433925 532269 180360 684256 276738 324825 201487 168886 313182 358857 416844 91614 492234 587263 84496 521394 182033 223857 263728 346907 188855 380446 518367 330119 250296 441195 604773 145732 223981 390901 103720 557992 100231 441469 367740 109640 221483 85387 398187 404416 371440 602338 154366 438823 740772 506470 60752 613474 158095 766671 117083 419847 163797 555510 704324 708876 106221 434312 207709 508992 125871 617643 419210 143327 136120 302755 631871 238860 189940 170338 243974
242727 354007 590320 999999999 983235 587611 751853 493853 369426 327486 184985 187256 605398 822122 710247 266276 712025 704579 269093 774773 405967 1037282 646425 772400 191050 902738 872120 226340 770303 871555 196051 520687 669338 703323 909551 457864 431657 863471 738481 697350 501690 235303 57483 672584 917820 409850 368062 449883 882139 606530 769332 300894 297754 688437 929419 452321 650560 508812 968035 663281 785860 664934 325257 421608 507335 455412 567582 931293 941387 958651 788063 583179 670820 228952 642602 574457 268789 634598 182119 624760 196241 566441 385721 759783 207943 491753 712088 391416 824505 536575 64861 856821 447740 674551 644203 591031 637984 692982 601655 631047
758721 721584 435213 983235 999999999 551162 808150 489404 638712 868274 873100 844661 467041 298423 343430 727234 765006 288289 821497 272845 577830 121565 383256 404182 1032012 655130 455738 1126502 585548 230770 960148 464216 769788 305835 317655 635485 558190 123184 326307 431244 502269 923545 965135 356570 302453 602921 641513 694883 101981 570426 309032 809680 688572 575030 141594 815893 333642 484162 111240 433480 509708 426628 876674 622753 544663 531565 422841 60279 47723 178665 566843 400270 803187 1079861 578055 423133 916362 520835 1143711 490674 791055 417606 801537 728145 1048802 539054 777420 596610 402201 551388 1022884 232301 554585 314926 389553 760078 361983 498977 556226 609797
350830 537349 155116 587611 551162 999999999 324262 290976 240249 349959 578962 403885 92679 283644 207784 338731 270204 397414 582901 506441 321767 654109 182063 199599 722636 889178 738586 796696 753068 583893 479987 315733 815251 431642 348329 130616 245527 436291 513965 569168 186814 432083 599583 203227 673630 206784 239617 163763 475657 36180 535276 594291 389073 118891 581301 706987 299802 356506 483080 118507 710346 124970 358142 476837 108236 335154 233951 524572 528499 444611 752751 305354 283797 773674 648232 211211 675680 47930 769690 60855 454257 311412 648441 845156 742907 140193 280187 269817 664059 61624 598941 569622 204740 284553 455398 756061 393000 105727 19218 91647
567266 821814 477458 751853 808150 324262 999999999 609691 506178 428275 812288 573109 410558 509836 492034 573406 54489 714098 841473 821611 622320 924351 492330 404011 926141 1213435 1060123 978071 1076886 890428 578270 637362 1127633 750873 518064 373357 548270 711840 834262 893343 505058 528134 785104 506276 983690 488617 503720 335307 755203 289045 853603 860433 658017 241076 871599 994968 618300 676338 714532 406868 1034543 414288 432275 779361 418391 647415 558189 797816 798344 656637 1076919 629553 81464 972715 969188 535224 920850 323040 922352 364258 688727 635593 929294 1164695 945887 450426 46625 560108 985201 373517 735152 877218 507901 597194 779460 1063425 716301 318693 307556 233534
278064 284406 166927 493853 489404 290976 609691 999999999 178510 438458 396627 367277 227405 375468 264224 244269 555206 216219 363365 305726 89167 548228 202646 373246 556940 612904 488414 648047 472063 402381 491685 36312 524871 225460 471932 258968 89098 370449 286396 303345 104810 464471 476934 219774 470850 159072 182168 321667 388319 327115 315589 362221 200892 403627 444424 438232 158214 66824 481344 270638 439918 267088 445978 201122 191514 56533 94159 437775 447686 482638 475207 89506 556709 607186 359589 114276 463034 311476 656673 274335 302589 74101 391243 555213 575317 160193 563887 116947 419227 236382 535053 386840 115017 186985 200217 468340 161719 352976 309707 381850
127438 315659 222020 369426 638712 240249 506178 178510 999999999 260299 338780 207135 237883 452760 341569 104605 453977 387337 345957 483038 133992 712125 278770 406798 485344 768310 661207 563918 624759 578729 322426 214660 633075 401896 540488 133963 89862 515740 464877 473561 137873 289998 370787 305668 649286 40425 3759 176869 541889 268718 494092 360388 154196 356167 613558 488811 309006 231905 608300 295894 603714 296954 267702 281130 142535 180098 216386 593254 601665 592951 631958 257705 438713 536732 500741 216133 436330 282376 548022 263633 214826 247504 423935 684627 505492 122816 459725 69064 594392 180769 395679 563153 84228 323791 377086 563958 339620 339368 257871 310706
213714 502893 433066 327486 868274 349959 428275 438458 260299 999999999 425789 168488 410688 629816 536463 241135 392908 640877 479861 740793 386397 954432 486296 549368 510959 1015180 919782 553408 871585 835033 151994 474719 846289 659183 698280 235244 349390 745995 724798 731671 375924 100672 367254 513736 908544 282654 256584 186215 778124 352619 753721 506793 346433 416472 862280 663034 554125 491373 818020 459513 857689 464293 8436 507595 323819 437459 460582 829721 836556 787688 881323 513074 346815 554065 743104 452615 536649 396057 494135 405564 321203 505006 590819 913159 529782 330505 391323 327046 854096 324725 306887 819481 332267 560319 637362 770546 598510 448809 356223 354978
245318 180412 532834 184985 873100 578962 812288 396627 338780 425789 999999999 257301 567684 762782 648607 244732 764967 585532 84671 637844 309831 910312 583465 735974 160411 720381 703112 253475 591033 731118 340321 413704 484567 575340 856954 462769 363988 760164 595204 538192 441568 360351 132953 606049 765440 374481 339347 480799 771192 606439 625185 116134 202807 693669 799427 269254 552609 389092 876535 624241 612587 623798 427072 265446 478864 345850 485580 816867 828081 879195 610022 479546 735446 210594 466188 499513 111169 620907 281986 599663 126264 460595 201052 574909 178698 453748 767999 326171 662021 519422 249678 717327 394456 583437 504327 406146 513257 677335 596372 644591
89553 349667 426752 187256 844661 403885 573109 367277 207135 168488 257301 999999999 431148 652897 544760 124207 530437 583291 314005 670032 291070 913555 483763 594217 353090 885706 814351 408980 744092 767570 128428 400454 694402 591548 735899 273342 287575 721970 643422 628095 345007 119126 212607 511102 828811 245555 204690 262649 746662 420883 674016 342266 212995 501670 811449 500912 512625 402832 815253 488072 741209 490573 169907 374294 332559 345634 421821 797693 806530 798164 756967 454424 493215 399752 613291 423045 368204 451440 368515 445125 158971 441016 428387 768841 372787 322445 531466 251510 755362 356326 195747 752142 291183 529910 550024 616907 526408 509603 417003 443897
362736 498015 68278 605398 467041 92679 410558 227405 237883 410688 567684 431148 999999999 223498 126406 342473 357414 305765 558170 414560 279653 565880 89834 169292 720100 805796 649645 801097 672468 491218 525113 245160 749620 341061 304941 175747 208553 349023 424065 484866 133981 481090 608667 112778 581154 198053 238707 229632 386898 123595 444399 564826 367551 182124 489880 661233 208626 288298 407957 58026 625951 59606 419107 425323 98662 278998 153096 436752 441438 377567 670569 222641 375233 771635 573975 128680 655263 89822 785330 48925 448605 231735 608505 771800 740034 115517 368074 242749 574800 86213 626077 476965 173643 191937 370776 695345 306354 125579 105375 177586
580006 658846 233011 822122 298423 283644 509836 375468 452760 629816 762782 652897 223498 999999999 114245 556187 467576 303069 737804 384162 455198 416160 179498 106331 920740 818576 631913 1006895 706921 420851 748540 372194 837272 344568 96745 397249 400372 213317 419760 515161 324188 704051 820230 157072 516068 412357 454240 444641 257164 292914 425598 737661 560147 280437 377791 802151 249618 412144 208598 170477 642927 166156 638159 569224 320955 431694 281535 293215 292010 161769 697057 315028 508305 972012 642567 264392 837409 243094 999434 224864 652433 333545 762694 832111 940057 331321 480041 439981 559746 306660 846649 411098 376294 211433 415571 799727 352312 208020 282639 322508
469007 548568 119952 710247 343430 207784 492034 264224 341569 536463 648607 544760 126406 114245 999999999 443999 442910 238612 624882 338682 341647 447558 65261 126131 806494 760445 586098 892784 637961 399344 645995 264689 748806 279756 208976 301228 286194 229564 362224 444576 210384 603686 706931 44520 493660 301363 343280 356007 270356 228829 375565 625682 445929 250961 381749 697073 159649 306517 281670 91314 580752 84105 544894 461689 216807 320737 170102 317970 321334 254565 631422 213457 472403 857768 558974 151288 724373 180598 886516 147560 538396 230458 654290 753847 825814 222351 454778 325918 511327 212563 736879 386635 263133 125059 335789 705275 269078 173556 213670 273146
34877 267068 324058 266276 727234 338731 573406 244269 104605 241135 244732 124207 342473 556187 443999 999999999 524219 460488 268366 545883 166951 792013 380167 511267 383912 776887 694625 460128 633780 643460 251637 276750 606931 467659 644783 218287 169313 605386 519359 507300 235761 232767 266196 406424 704832 144762 103797 238681 627891 364030 549908 289044 105397 450711 688689 435065 393781 278729 704648 400490 625226 401556 246329 266894 246380 221536 305814 678452 687711 692955 644868 332481 499358 435005 504132 310323 349360 383008 443668 366927 118475 318297 364906 672050 404179 227379 528125 130704 633795 281695 297228 628048 181606 413996 426199 532346 402387 440802 355259 400200
519657 769608 423925 712025 765006 270204 54489 555206 453977 392908 764967 530437 357414 467576 442910 524219 999999999 661829 791699 769726 568554 879751 440396 361263 882771 1159293 1007055 937696 1022541 840097 544479 582891 1073521 698180 483250 320614 494247 665540 781406 839368 450569 493515 742987 455237 932872 435370 451615 285563 708565 235229 801159 809984 606565 192602 823791 942743 565601 621850 674344 356157 980549 363622 397638 725708 363930 593114 504153 752274 753295 618531 1022686 575555 59749 930111 914699 481323 872727 270795 885372 311728 640545 581396 877619 1110232 902677 396000 12502 506749 932211 319030 698712 826692 453772 545340 725558 1009639 662680 270522 253759 179971
494227 434324 243570 704579 288289 397414 714098 216219 387337 640877 585532 583291 305765 303069 238612 460488 661829 999999999 533310 109161 299736 333101 221940 362236 743966 522411 349029 838734 404542 195466 706637 185033 540608 41896 389695 429005 298666 184424 123706 212119 266811 677066 682241 211233 278533 358916 390729 494435 186999 429358 139701 522139 407085 476790 228210 541836 97840 197856 311608 309793 343510 302672 648861 335487 339379 249185 183267 231343 242646 337612 395893 129768 680932 791627 343488 197637 628746 391104 859042 350114 509530 142279 519483 529438 760627 319910 672829 332040 273937 367311 748968 180099 308874 117823 119275 511551 74149 403545 411117 482797
279506 105544 514726 269093 821497 582901 841473 363365 345957 479861 84671 314005 558170 737804 624882 268366 791699 533310 999999999 575129 283788 850104 560862 722616 216788 635828 623611 313021 507412 665587 412152 373807 401854 518434 833742 477787 349704 713277 529629 464621 426227 425898 217617 580974 693655 376223 347413 506275 720286 613434 558778 32018 193840 700738 738588 190994 512618 342737 834105 612312 531412 610861 482319 200841 477501 308402 456500 763686 775345 842646 526834 438781 767720 260842 384029 473640 99676 621169 356958 595184 159742 419297 119865 490728 231150 449008 795959 316568 585813 521628 333530 652404 385592 546250 442133 323180 459519 675154 601295 656663
580484 470777 352729 774773 272845 506441 821611 305726 483038 740793 637844 670032 414560 384162 338682 545883 769726 109161 575129 999999999 379768 275736 329341 457490 791128 435128 249150 887226 333795 97734 796192 270686 501070 81712 460106 535403 393201 210049 53464 159751 371047 770153 746327 316296 170502 458169 486600 600966 188467 538110 42898 558586 478623 582969 164163 546639 207000 269103 333432 415714 263617 408437 748587 374601 446994 325722 289457 212877 225514 377234 320054 228223 789792 835957 306404 305537 664288 498938 917862 458230 578582 235873 538624 470515 806173 426040 780856 422458 175789 476168 823959 82511 408919 224422 133536 487539 144123 508321 519935 591184
201797 218590 231384 405967 577830 321767 622320 89167 133992 386397 309831 291070 279653 455198 341647 166951 568554 299736 283788 379768 999999999 632833 277250 440056 469718 634529 534072 559895 490901 477477 418504 114916 506471 302897 550623 251853 76333 459464 352410 345888 145699 396926 387857 298129 537909 136076 137618 305565 476424 356236 382961 287033 111744 440122 526814 385496 247380 111779 570214 331166 471904 329125 393142 157318 213734 54588 175811 525351 535517 569833 498489 177566 560606 520345 366864 190847 383005 352600 567512 321150 213524 160495 329473 552766 488402 181578 575730 66148 470337 261070 449232 462150 117448 275462 259461 441106 237219 402007 340970 407067
825201 746200 525146 1037282 121565 654109 924351 548228 712125 954432 910312 913555 565880 416160 447558 792013 879751 333101 850104 275736 632833 999999999 478063 520685 1065447 584589 390380 1161345 538719 196304 1034299 518057 738158 335740 439215 726527 626365 218007 324954 416807 580481 1001396 1013280 453208 232047 679442 715254 788645 179052 676386 299244 834159 739561 688241 111617 816746 403344 528885 231492 538844 462487 531663 962722 649296 634283 581946 496932 129604 126834 299094 516937 459533 915507 1110918 558283 502262 939991 627821 1188108 594746 841714 474153 813152 682078 1080869 624083 892079 662155 352815 647159 1082065 205742 629603 394113 407985 740886 400022 611103 661081 719075
406040 486815 57012 646425 383256 182063 492330 202646 278770 486296 583465 483763 89834 179498 65261 380167 440396 221940 560862 329341 277250 478063 999999999 173206 741245 734350 569868 827560 605872 402637 588711 207209 702526 259810 273704 252344 220953 262782 343603 414262 145504 548095 642183 27791 493687 238914 280674 311923 299036 210832 361614 562439 380742 255183 400132 639054 128358 250303 334623 89454 553912 82854 494724 402480 162666 259088 109664 349565 354927 314444 601638 164063 462177 792528 517519 88435 660219 169638 821972 129294 473218 178654 593834 714533 760576 162758 451566 260745 494734 169209 674446 388617 198791 104948 301495 654983 234739 184087 193221 262426
530277 655260 208981 772400 404182 199599 404011 373246 406798 549368 735974 594217 169292 106331 126131 511267 361263 362236 722616 457490 440056 520685 173206 999999999 889249 884647 706455 970353 763747 507948 678250 380244 873201 403859 149207 325511 373748 311672 485124 570302 296515 631062 777403 165072 603456 367205 407477 363277 355621 200105 496297 727084 534623 175128 474970 811190 285690 423469 314210 111824 705485 112234 557507 574199 265390 429044 282242 395461 395269 262750 756801 335408 402334 940788 684648 259586 820809 153480 953151 149354 617795 351068 763877 879885 909146 284788 373723 410040 632277 238058 789933 496639 341523 251059 461919 827526 395189 107203 193651 221395
374563 322286 689350 191050 1032012 722636 926141 556940 485344 510959 160411 353090 720100 920740 806494 383912 882771 743966 216788 791128 469718 1065447 741245 889249 999999999 821149 832653 96240 704254 882242 386967 574032 560173 731923 1014102 599551 520644 920058 746230 680281 597760 424051 143778 764466 909709 523442 485301 606490 930226 747302 775494 237931 360895 833339 954101 342062 713006 548575 1036915 777454 737445 777513 509770 416531 627679 506225 645239 975239 986611 1039398 725846 639880 846300 51541 588925 658501 145902 766751 157622 748891 271510 620880 294556 660174 20319 604918 884162 481703 799333 665248 240886 868964 548561 743810 657805 487222 671041 824315 739042 780430
808517 551439 737704 902738 655130 889178 1213435 612904 768310 1015180 720381 885706 805796 818576 760445 776887 1159293 522411 635828 435128 634529 584589 734350 884647 821149 999999999 199502 907295 143762 427995 1009433 580911 276715 480852 894843 871310 691999 636346 400115 320987 713761 1004032 853272 729300 355282 763319 771979 932350 604113 924579 393106 605078 674631 986545 513546 480256 606532 547140 746059 823772 180438 817197 1021153 511752 801333 590429 655326 605843 616716 800423 137698 584098 1166808 846785 272875 678616 675759 895499 977314 854112 739150 577927 529344 174267 826991 771622 1169024 699493 262288 842718 965944 430681 726114 636544 435041 337626 500424 918369 906125 980284
728864 522820 583596 872120 455738 738586 1060123 488414 661207 919782 703112 814351 649645 631913 586098 694625 1007055 349029 623611 249150 534072 390380 569868 706455 832653 199502 999999999 926289 163063 228948 942504 452826 373932 310060 702988 743749 575610 440591 226269 188191 578754 927391 830603 560257 158498 647047 664965 808161 406498 772382 210543 597325 602871 825050 314197 516636 442202 429369 547114 658495 99227 651451 926731 452026 663429 482324 507814 406452 417255 602704 138080 437423 1021758 868059 244959 528655 689163 737455 980274 696044 687057 436516 542035 299729 842955 637098 1017651 593078 75145 699712 930766 232520 603032 466759 290227 400725 346699 752507 753886 827148
445892 418500 774385 226340 1126502 796696 978071 648047 563918 553408 253475 408980 801097 1006895 892784 460128 937696 838734 313021 887226 559895 1161345 827560 970353 96240 907295 926289 999999999 794511 978472 414772 666625 640782 827426 1099060 670131 606615 1013534 842453 776106 682856 458728 198351 851551 1005622 603185 563475 669963 1024620 819126 871733 333670 449415 903663 1050059 427050 805099 642564 1129026 858905 830320 859430 550876 512655 706333 598652 734524 1070072 1081353 1129591 816659 732411 897104 60606 681909 746649 237249 842133 98494 827053 354538 713604 385644 742631 83425 685581 937999 566916 894426 741353 255385 965178 632048 835024 753850 570774 766107 900252 812240 848428
665714 416580 604190 770303 585548 753068 1076886 472063 624759 871585 591033 744092 672468 706921 637961 633780 1022541 404542 507412 333795 490901 538719 605872 763747 704254 143762 163063 794511 999999999 355467 868839 441155 210910 362724 789667 729570 549411 543375 289279 193456 574320 862001 723079 603603 309774 620462 628418 789955 517602 788832 291040 477942 532216 854307 448189 372023 480141 405751 663153 694717 76500 688470 877605 369799 662001 447446 520246 530115 542110 710521 25406 449832 1027847 734739 130942 544145 558459 762276 857582 721210 600257 441906 409697 143615 712225 631671 1031950 556022 186299 704490 832462 353255 584266 512922 304383 243542 371284 788818 770503 844580
678017 560407 433925 871555 230770 583893 890428 402381 578729 835033 731118 767570 491218 420851 399344 643460 840097 195466 665587 97734 477477 196304 402637 507948 882242 427995 228948 978472 355467 999999999 893485 367741 546432 176996 482300 624205 489053 216353 136062 220608 462177 866812 842089 385231 95564 552478 582244 689535 179044 613469 106989 647326 575971 649597 93395 621274 290146 366815 318171 483944 279307 476476 842927 466323 533927 423455 378714 178199 189458 374464 336252 322005 864609 925940 362487 392324 751872 570922 1012104 531583 675479 331225 620534 498632 896688 515269 851663 519288 171449 559400 921297 15577 502769 299462 228008 545419 241274 572732 595799 664443
216760 465357 532269 196051 960148 479987 578270 491685 322426 151994 340321 128428 525113 748540 645995 251637 544479 706637 412152 796192 418504 1034299 588711 678250 386967 1009433 942504 414772 868839 893485 999999999 525786 806927 716907 824940 353218 408443 836993 770879 756466 457882 51658 246505 616474 956412 357230 319410 320273 864139 488966 801360 442995 340225 560075 934283 603080 631403 530253 923170 579160 868295 582813 146876 499551 429310 473087 538707 915574 923852 900532 882486 577054 496886 424309 737898 537017 444305 527686 346995 529889 272452 564704 531286 886390 403992 426056 542536 374876 883784 443001 160782 877998 405983 645525 677835 728483 652215 583611 489467 499011
310981 287645 180360 520687 464216 315733 637362 36312 214660 474719 413704 400454 245160 372194 264689 276750 582891 185033 373807 270686 114916 518057 207209 380244 574032 580911 452826 666625 441155 367741 525786 999999999 504467 191170 468934 292757 125396 347624 250220 268649 133170 499550 500934 220369 434909 195214 218333 356179 362495 351891 279548 369605 224422 425030 412707 432491 139324 43719 462933 283046 406414 278702 482221 197244 220848 68006 98223 410918 421263 468862 443294 65847 586699 623576 332512 121957 473024 332233 679645 293417 326994 47035 390522 529517 591895 190721 591930 151840 383239 263973 564047 352237 150211 172471 164058 451567 126565 369824 334027 407246
632583 344914 684256 669338 769788 815251 1127633 524871 633075 846289 484567 694402 749620 837272 748806 606931 1073521 540608 401854 501070 506471 738158 702526 873201 560173 276715 373932 640782 210910 546432 806927 504467 999999999 502353 928342 758267 579407 707207 449119 341641 628437 812642 615168 708131 515144 642249 636247 809542 689443 851249 461709 369841 502068 928387 639640 220408 590842 461418 833612 785267 281320 780289 850705 351966 711619 481176 599741 711228 723731 872134 236099 538503 1067076 580237 197674 624351 418654 835945 717784 797738 536583 524258 283618 103685 563449 679025 1081156 570979 387555 758349 734145 541028 619750 628176 422867 78778 484968 874114 834160 905247
502031 416790 276738 703323 305835 431642 750873 225460 401896 659183 575340 591548 341061 344568 279756 467659 698180 41896 518434 81712 302897 335740 259810 403859 731923 480852 310060 827426 362724 176996 716907 191170 502353 999999999 430195 454572 312143 212567 83815 170635 289691 689830 677827 250850 251573 376537 405431 520146 207572 464468 103731 505060 405769 514993 226278 513973 132584 194634 341036 348520 301718 341521 666996 318239 367080 249799 209046 246632 258688 371920 353997 146515 715439 778488 304797 226371 611701 427896 852379 386616 507241 154461 496076 488549 747935 345215 708993 342400 234924 398044 750364 161436 327223 157269 86251 476180 65743 442724 446080 518597
666847 755534 324825 909551 317655 348329 518064 471932 540488 698280 856954 735899 304941 96745 208976 644783 483250 389695 833742 460106 550623 439215 273704 149207 1014102 894843 702988 1099060 789667 482300 824940 468934 928342 430195 999999999 471723 493471 266193 500543 600341 416438 778508 910219 252775 575166 500121 541676 512092 306616 349068 502656 834028 654155 313213 424449 898491 344537 508763 209855 247848 722770 245386 706450 665928 403596 528241 377879 330421 325650 144511 778206 411351 531535 1065491 732319 360106 933279 302650 1088445 295097 744555 430003 859424 918711 1033575 417837 495661 532532 633329 382371 931004 474683 467146 306356 505566 893139 444212 254504 342851 366023
225150 449182 201487 457864 635485 130616 373357 258968 133963 235244 462769 273342 175747 397249 301228 218287 320614 429005 477787 535403 251853 726527 252344 325511 599551 871310 743749 670131 729570 624205 353218 292757 758267 454572 471723 999999999 181934 514201 529731 561331 166034 307251 472171 279454 705887 116122 131867 65574 548395 149146 555816 493534 287884 233907 640152 622258 335046 324176 582782 226927 698853 231095 243676 407540 92385 284481 246029 599652 605762 553254 733652 310372 308921 650039 612013 232093 565111 178354 639982 176700 336554 308204 557858 802689 619870 109371 326779 187685 672279 90591 468327 608949 145306 334540 453526 691821 401533 236339 143837 181913
200560 293043 168886 431657 558190 245527 548270 89098 89862 349390 363988 287575 208553 400372 286194 169313 494247 298666 349704 393201 76333 626365 220953 373748 520644 691999 575610 606615 549411 489053 408443 125396 579407 312143 493471 181934 999999999 436131 375415 389068 77648 378491 423045 245146 559535 71914 93455 240580 459384 279909 404451 356452 161416 364035 525888 461516 225201 147203 536513 262807 522780 261632 356936 232965 137420 102653 136611 510260 519251 528012 554628 168902 488736 572021 430236 142969 447263 277388 603426 247498 252405 157880 404192 620947 540104 105393 501767 40445 507384 184740 466254 473479 41182 244697 288905 515754 249770 328247 264718 330850
636494 616671 313182 863471 123184 436291 711840 370449 515740 745995 760164 721970 349023 213317 229564 605386 665540 184424 713277 210049 459464 218007 262782 311672 920058 636346 440591 1013534 543375 216353 836993 347624 707207 212567 266193 514201 436131 999999999 259128 366185 379111 800385 847320 236906 309021 479776 518510 574670 44019 458391 252483 703882 570919 473169 164478 725552 212912 371691 128505 320865 471601 313668 754379 518125 422805 415560 300231 88408 92417 167207 528664 282404 699194 968846 510174 299994 810159 409949 1026768 376765 672986 300611 703852 680515 937430 416259 677744 474971 374144 431838 901714 209479 431567 192063 298765 686630 257863 395482 443081 501636
554206 424561 358857 738481 326307 513965 834262 286396 464877 724798 595204 643422 424065 419760 362224 519359 781406 123706 529629 53464 352410 324954 343603 485124 746230 400115 226269 842453 289279 136062 770879 250220 449119 83815 500543 529731 375415 259128 999999999 107482 363738 747657 707511 334480 185622 443664 468547 595121 240499 547229 30946 511747 445140 598783 214044 494234 216041 240635 384552 432330 223169 425323 732350 330271 444781 297823 286932 266315 278953 425693 277797 219376 797658 790120 253554 306115 616731 511394 876423 470043 542922 222693 488209 422505 760761 420911 792130 400958 151149 478083 789778 122794 395945 240891 94658 434216 128394 526497 528785 601652
541729 359601 416844 697350 431244 569168 893343 303345 473561 731671 538192 628095 484866 515161 444576 507300 839368 212119 464621 159751 345888 416807 414262 570302 680281 320987 188191 776106 193456 220608 756466 268649 341641 170635 600341 561331 389068 366185 107482 999999999 398692 740006 659929 410811 229637 460835 477320 624801 347872 604313 122407 442436 418253 665584 309638 401296 287394 242118 492022 503526 141213 497083 738592 276178 485364 294249 335238 371753 384359 532212 187468 263815 849010 720813 146860 358143 543292 574533 819704 533133 507070 259037 405272 318598 693053 457150 849312 405183 128144 524811 753518 211355 418361 319577 114093 329088 179694 598001 585818 659937
263284 364048 91614 501690 502269 186814 505058 104810 137873 375924 441568 345007 133981 324188 210384 235761 450569 266811 426227 371047 145699 580481 145504 296515 597760 713761 578754 682856 574320 462177 457882 133170 628437 289691 416438 166034 77648 379111 363738 398692 999999999 421988 496679 171035 541264 100684 140354 231382 407064 222840 390067 431663 239063 301625 486392 528324 178283 171292 470601 186187 538112 184634 384067 293767 87680 149179 84671 458671 466554 457196 576231 144449 453529 649194 464130 79174 524294 210893 676519 176774 328327 142428 474626 660012 617308 58496 459373 116096 506722 131610 531905 446743 54368 187974 288701 569815 235500 257395 205741 277246
198654 468261 492234 235303 923545 432083 528134 464471 289998 100672 360351 119126 481090 704051 603686 232767 493515 677066 425898 770153 396926 1001396 548095 631062 424051 1004032 927391 458728 862001 866812 51658 499550 812642 689830 778508 307251 378491 800385 747657 740006 421988 999999999 281007 575885 933228 322057 286713 270846 829051 439722 777766 455549 329912 509475 903554 615395 598054 507838 882688 534029 856958 537976 95969 492323 386948 451114 504558 880652 888522 857873 874369 547311 446687 464153 731369 501076 468214 479556 395152 483459 276172 536159 542975 887910 441964 386200 491788 347715 866217 397628 207944 851260 371794 609950 655947 734855 626053 534880 440885 448277
248975 308828 587263 57483 965135 599583 785104 476934 370787 367254 132953 212607 608667 820230 706931 266196 742987 682241 217617 746327 387857 1013280 642183 777403 143778 853272 830603 198351 723079 842089 246505 500934 615168 677827 910219 472171 423045 847320 707511 659929 496679 281007 999999999 667424 883730 410806 369984 471899 863424 621275 738137 248905 276583 705475 904036 396986 635025 484693 956276 666681 742097 667698 366003 383853 512242 433928 556486 911527 922047 950864 741623 565190 704775 187794 596979 565696 211360 645510 180529 632105 174345 547558 331761 707134 162539 493477 743877 382631 785940 545359 121120 827674 443942 661454 614090 537185 613262 703793 614789 650080
432773 504079 84496 672584 356570 203227 506276 219774 305668 513736 606049 511102 112778 157072 44520 406424 455237 211233 580974 316296 298129 453208 27791 165072 764466 729300 560257 851551 603603 385231 616474 220369 708131 250850 252775 279454 245146 236906 334480 410811 171035 575885 667424 999999999 477636 265988 307646 338323 274184 229828 350567 581445 403630 266721 378094 652835 123468 262444 306832 99531 549024 92195 522167 417253 190274 276272 125627 324259 329245 287302 598224 170828 479725 815637 520152 107369 680529 185755 847443 147183 497545 187229 609781 716134 783667 190479 466682 285266 485150 195029 701319 371616 224847 93593 299754 663105 232700 192382 212841 279398
739694 588324 521394 917820 302453 673630 983690 470850 649286 908544 765440 828811 581154 516068 493660 704832 932872 278533 693655 170502 537909 232047 493687 603456 909709 355282 158498 1005622 309774 95564 956412 434909 515144 251573 575166 705887 559535 309021 185622 229637 541264 933228 883730 477636 999999999 626375 652921 771453 269274 704192 155503 671966 628080 743203 161842 622912 375944 426166 400867 576855 234735 569421 916211 500810 617409 483325 459959 258509 268065 461078 286943 397711 955810 950449 350820 475828 772839 662864 1047384 622962 723671 403945 633215 452138 922630 596518 944311 586226 128303 645785 971096 107148 577683 389319 278927 527731 310041 666725 686279 756067
167730 336947 182033 409850 602921 206784 488617 159072 40425 282654 374481 245555 198053 412357 301363 144762 435370 358916 376223 458169 136076 679442 238914 367205 523442 763319 647047 603185 620462 552478 357230 195214 642249 376537 500121 116122 71914 479776 443664 460835 100684 322057 410806 265988 626375 999999999 41930 170424 507270 237373 472057 388437 182491 324560 582992 509383 276172 219105 569764 256006 594664 256903 290494 291434 104509 173035 182524 558812 566877 553282 626086 230475 425041 574914 499803 179788 469050 246781 588346 225662 252186 222506 447043 688283 543513 82674 441994 71608 578274 145864 435628 536917 50187 288376 359263 575725 316420 302861 225084 282825
125804 318094 223857 368062 641513 239617 503720 182168 3759 256584 339347 204690 238707 454240 343280 103797 451615 390729 347413 486600 137618 715254 280674 407477 485301 771979 664965 563475 628418 582244 319410 218333 636247 405431 541676 131867 93455 518510 468547 477320 140354 286713 369984 307646 652921 41930 999999999 173878 544822 267759 497743 362118 156083 355193 616843 491248 312078 235662 610631 296731 607450 297882 263996 284325 142868 183845 219330 596210 604583 594946 635648 261129 435992 536658 504326 218793 437400 282066 546935 263837 215072 251022 426163 688044 505468 123882 457292 72789 598141 180434 393788 566667 86946 326604 380811 566997 343223 339209 257123 309290
235875 489618 263728 449883 694883 163763 335307 321667 176869 186215 480799 262649 229632 444641 356007 238681 285563 494435 506275 600966 305565 788645 311923 363277 606490 932350 808161 669963 789955 689535 320273 356179 809542 520146 512092 65574 240580 574670 595121 624801 231382 270846 471899 338323 771453 170424 173878 999999999 610014 168878 621320 525157 324123 242027 704068 662416 400059 385785 637290 274954 761387 280144 194422 457603 156366 342982 311564 660988 666679 603816 794844 375802 263776 655627 670181 297270 587592 210197 630578 219888 355566 373279 595364 858313 626699 174943 289684 239657 737052 143798 451246 674306 206859 398306 518022 740816 466853 264321 170737 182408
659880 621103 346907 882139 101981 475657 755203 388319 541889 778124 771192 746662 386898 257164 270356 627891 708565 186999 720286 188467 476424 179052 299036 355621 930226 604113 406498 1024620 517602 179044 864139 362495 689443 207572 306616 548395 459384 44019 240499 347872 407064 829051 863424 274184 269274 507270 544822 610014 999999999 498876 229181 709035 586908 516065 120693 720895 234201 382204 145675 361596 444127 354304 786465 522241 456369 429708 325504 51670 59871 196323 501530 298967 741456 978213 493964 328027 815673 450954 1041836 416759 689446 316030 703497 657097 947096 447657 720731 497187 342895 468180 922652 174006 458160 219134 292979 673447 261006 438261 483183 543217
373617 570680 188855 606530 570426 36180 289045 327115 268718 352619 606439 420883 123595 292914 228829 364030 235229 429358 613434 538110 356236 676386 210832 200105 747302 924579 772382 819126 788832 613469 488966 351891 851249 464468 349068 149146 279909 458391 547229 604313 222840 439722 621275 229828 704192 237373 267759 168878 498876 999999999 567912 625743 419837 87452 607265 741005 332156 392684 497087 137558 745520 144723 360551 511905 142516 370895 269253 546798 550077 454682 788315 340556 251741 798059 684381 246181 705015 50231 788597 82760 480963 347032 681647 881331 767610 174910 245491 302598 697692 95175 614470 599426 238896 314885 490415 791750 427473 96245 18532 55753
584741 453517 380446 769332 309032 535276 853603 315589 494092 753721 625185 674016 444399 425598 375565 549908 801159 139701 558778 42898 382961 299244 361614 496297 775494 393106 210543 871733 291040 106989 801360 279548 461709 103731 502656 555816 404451 252483 30946 122407 390067 777766 738137 350567 155503 472057 497743 621320 229181 567912 999999999 540348 476085 616479 189524 517881 235773 271186 374659 449420 220737 442268 761327 360001 469639 328384 311501 249819 262387 419688 277159 245649 819065 819015 269066 329664 644902 530566 906596 489445 573825 250215 514473 428440 789833 446680 812070 430733 135994 501535 820712 94628 423900 257422 125604 451494 155808 542949 549560 621810
302842 88292 518367 300894 809680 594291 860433 362221 360388 506793 116134 342266 564826 737661 625682 289044 809984 522139 32018 558586 287033 834159 562439 727084 237931 605078 597325 333670 477942 647326 442995 369605 369841 505060 834028 493534 356452 703882 511747 442436 431663 455549 248905 581445 671966 388437 362118 525157 709035 625743 540348 999999999 206426 712733 722545 160169 507180 335928 826373 617774 504031 615947 509528 186949 487668 306245 456157 751266 763105 837425 497781 433537 787795 279032 356073 474480 106687 631077 383049 603503 185656 413985 88379 458889 250696 458192 814624 325592 561710 532754 365406 634491 393907 541840 426465 291163 448041 683958 612941 670531
134455 166500 330119 297754 688572 389073 658017 200892 154196 346433 202807 212995 367551 560147 445929 105397 606565 407085 193840 478623 111744 739561 380742 534623 360895 674631 602871 449415 532216 575971 340225 224422 502068 405769 654155 287884 161416 570919 445140 418253 239063 329912 276583 403630 628080 182491 156083 324123 586908 419837 476085 206426 999999999 507051 631726 338514 359101 211153 681854 423205 528254 422394 351494 163065 283892 157957 285111 635251 645663 680293 544462 288645 587900 412013 401786 297658 288395 427543 455877 402565 102612 270978 271352 566729 380041 256057 611805 124810 546236 327789 345339 561004 193942 386984 350484 428164 340310 482045 407504 464113
459053 656211 250296 688437 575030 118891 241076 403627 356167 416472 693669 501670 182124 280437 250961 450711 192602 476790 700738 582969 440122 688241 255183 175128 833339 986545 825050 903663 854307 649597 560075 425030 928387 514993 313213 233907 364035 473169 598783 665584 301625 509475 705475 266721 743203 324560 355193 242027 516065 87452 616479 712733 507051 999999999 631235 825548 383160 467357 488968 167256 806345 174538 423865 594210 227022 450796 335180 560226 561565 437609 851966 404598 228276 883907 755701 310804 792467 92893 870153 133223 568027 413842 767317 953441 853656 258645 204702 388675 749917 180473 692928 636522 323434 359102 551635 871280 486214 77925 99938 61496
722432 634601 441195 929419 141594 581301 871599 444424 613558 862280 799427 811449 489880 377791 381749 688689 823791 228210 738588 164163 526814 111617 400132 474970 954101 513546 314197 1050059 448189 93395 934283 412707 639640 226278 424449 640152 525888 164478 214044 309638 486392 903554 904036 378094 161842 582992 616843 704068 120693 607265 189524 722545 631726 631235 999999999 707368 308157 420607 239762 471716 371831 464269 870442 537812 547913 474831 401794 97794 106565 301852 428424 357289 854104 999419 453899 410327 828379 561037 1077946 524520 733435 370474 702151 591569 969430 534147 835807 560073 262916 566323 975637 99110 532821 305763 296456 637011 291435 553317 590670 654387
453920 173155 604773 452321 815893 706987 994968 438232 488811 663034 269254 500912 661233 802151 697073 435065 942743 541836 190994 546639 385496 816746 639054 811190 342062 480256 516636 427050 372023 621274 603080 432491 220408 513973 898491 622258 461516 725552 494234 401296 528324 615395 396986 652835 622912 509383 491248 662416 720895 741005 517881 160169 338514 825548 707368 999999999 555683 390693 853383 708243 417696 705000 666234 237110 598774 383355 529398 755674 768177 876517 395498 487148 926128 366571 274770 551620 198606 737839 499291 705087 342567 468632 72528 318379 346997 566909 948534 439728 499590 645895 517162 611051 502256 593424 427996 145300 470686 785695 726157 790373
