NAME : synthetic_000051
TYPE : CTSP-D
DIMENSION : 100
GROUPS : 8
RELAXATION_LEVEL : 1
EDGE_WEIGHT_TYPE : EXPLICIT
EDGE_WEIGHT_FORMAT : FULL_MATRIX
EDGE_WEIGHT_SECTION
999999999 298823 468683 422451 514432 447554 248681 479125 319825 435217 778301 442834 428475 375017 544428 644587 422480 417516 420932 593835 365798 401658 472126 489264 421631 373309 734197 433572 383408 451285 344383 476511 573533 150064 164962 167952 614201 762301 363547 404453 170777 716178 410499 231014 73029 351177 417578 102364 258608 271558 675121 442434 298116 314401 541302 269760 665293 369672 162178 378284 229628 541422 373744 494739 633603 129407 443617 594100 309558 176891 245735 831121 560134 83644 652976 258698 546646 629329 443384 522590 394216 355244 475561 399044 431361 609047 120133 367786 420394 454459 259561 398695 412575 501358 281545 682285 293590 326789 573294 558463
298823 999999999 729878 140900 798728 742210 547472 339823 97647 141611 952354 731703 279682 203694 554338 465591 455722 217350 620889 884435 626877 651867 308176 376767 322704 344371 587069 449800 255805 346868 568899 631826 858180 422236 419844 148097 606742 897781 662011 211780 383634 806196 584987 152772 267311 281949 146636 401185 263270 52995 824453 509087 7878 613154 766532 262407 716909 612744 365070 84622 515941 823245 648478 757382 760940 347825 740636 891941 425288 457522 521775 1023077 731672 381674 840550 67498 818928 581389 691522 712868 153562 363446 271404 630256 482220 875932 179287 336659 687193 381515 414889 544674 479338 269707 464929 728006 361342 556853 835695 785924
468683 729878 999999999 814635 489350 196408 313610 945632 703623 841000 411374 429537 896731 843140 562472 868704 492024 884500 196516 490949 520059 82952 738131 693318 884836 560206 893498 517253 660828 913852 594806 293024 172426 319523 313083 629735 621736 469585 306193 871797 552496 521011 255121 698615 468120 597248 800340 391382 524181 720080 384588 446720 726137 297493 139919 533957 556802 567866 365929 814500 248349 134150 477244 27641 403845 537848 228439 403962 703786 292502 223938 425396 278439 414854 292862 669533 98604 688357 57459 222511 853726 515902 779639 129161 468569 146471 573591 561620 522926 633268 349332 312797 442970 824689 295007 576430 722611 184406 106029 143619
422451 140900 814635 999999999 932142 852129 668898 423887 111574 38561 983641 863047 369297 300010 530549 354486 455925 292750 679363 1015115 764801 733190 227191 313694 426068 336279 483825 442704 217739 444927 709441 669015 956593 526433 517340 286747 569590 911796 784488 293659 523175 802356 634403 291188 376469 271207 23025 523236 300899 191564 848126 517536 137291 734530 830343 294332 699868 752464 451434 118929 622827 919837 784093 842249 777095 486074 854121 1015526 563834 563521 622359 1061670 770412 506053 882403 163761 908597 526637 770203 761567 220680 369620 170257 702982 486847 960856 308240 329516 824542 340329 475374 584952 491788 148332 529710 707505 497708 633282 918527 850218
514432 798728 489350 932142 999999999 295205 296746 827537 833576 939946 897885 76825 805101 790581 945432 1143148 836853 837366 631330 98289 193902 507460 975547 974306 758198 840794 1214688 857496 885437 778656 294954 734505 413963 470240 498478 651631 1015593 957434 206258 823377 428478 990916 671351 679715 575501 840604 929463 421949 744251 759085 870028 821553 799913 247130 629257 756530 998780 237345 570638 867795 397993 418701 154822 492546 876558 455651 262269 180198 495322 438933 428261 898624 755398 433572 782181 769785 471423 1059750 524875 698502 847423 807554 986808 557021 828467 525484 623916 837696 137213 926966 639634 707349 802168 1015141 612019 1018741 557230 542796 526354 632132
447554 742210 196408 852129 295205 999999999 213981 889966 741787 871399 602687 241919 849728 809654 714254 977304 622966 855002 363716 295669 360160 231734 826597 800437 823457 662161 1023256 646853 740484 850278 451807 467756 151100 325996 339033 614956 779817 665991 141089 841250 467828 712020 414083 671202 477158 682908 842389 348104 594365 718846 580650 591206 740435 161816 335900 606017 736084 412795 412534 824128 229417 137842 310813 197525 595421 468533 33026 218330 601379 288693 235437 605480 471060 370864 488181 692446 182180 837228 238911 414192 839813 621219 855747 286737 606236 243670 566777 661436 348398 744407 442217 462188 579273 894759 397729 756050 637657 299106 235767 337629
248681 547472 313610 668898 296746 213981 999999999 676020 562707 683338 706175 219981 635936 597571 655086 849440 542890 643397 379430 359934 227705 284786 684620 678679 609697 544290 918106 562706 594758 636727 284756 474191 358170 173602 201835 411115 726149 733421 115648 629523 255657 736646 405280 461783 295158 546659 662402 146380 450867 518109 642202 532758 546795 65762 434217 463162 725610 266830 274121 626088 110935 334153 200254 332252 629636 254553 202359 346713 397356 142581 147306 733671 520603 166168 579249 505461 358524 765952 318882 467544 632270 510812 701320 317343 536753 425250 368419 541335 253842 630443 345125 429763 511074 733833 323111 745179 427052 276812 400898 445132
479125 339823 945632 423887 827537 889966 676020 999999999 436221 394182 1242583 782492 60674 136562 890564 778355 785115 131146 890193 925179 633635 880726 639022 714348 69460 680168 907399 782401 595252 52295 536552 926555 1031811 629074 642909 338082 945463 1206653 769671 131541 425300 1130017 868443 262015 500251 620019 442991 556847 584648 302832 1126049 832384 347700 732075 1019093 587081 1048837 594027 619322 306760 699754 1004142 676520 970953 1071063 421513 876145 972158 334341 653270 721694 1302684 1020323 532952 1121376 397086 1017489 921100 922451 990172 203385 693654 590744 876688 808576 1082044 395255 672428 692174 721338 699116 840828 801361 572076 738373 1061230 270471 803221 1048700 1036678
319825 97647 703623 111574 833576 741787 562707 436221 999999999 138172 888262 762602 376454 300692 464495 375148 373519 310781 573154 913611 673904 622463 212171 279155 420333 257193 492905 364624 159107 444479 628008 570020 845039 415839 406007 207568 513680 824473 678333 306546 438945 724653 530750 238071 268207 192309 100648 418354 197285 145318 755812 431071 89882 628033 723171 192706 630108 666637 339889 148895 512376 808264 688990 731252 688196 398770 744556 909333 504096 453094 511101 963399 671260 402684 782416 69382 797241 485047 659891 658708 242530 282458 182326 593525 402212 849950 213440 249669 732149 286070 367526 484248 402912 191779 421222 640110 444994 523027 807832 742968
435217 141611 841000 38561 939946 871399 683338 394182 138172 999999999 1019078 872312 341499 275252 568998 385331 493146 263520 710595 1024881 768366 760163 264665 351855 400917 373580 515920 480353 255940 418169 708376 703292 979647 546767 539572 289687 608134 948752 798610 265731 524605 840328 666927 283955 394342 308240 61565 537071 332948 187234 884188 554324 140048 749095 860997 327089 738258 753380 476114 96468 642657 943358 790040 868639 813740 489341 872098 1029313 554517 583442 644121 1096348 804704 518773 916475 179075 933932 564739 797838 794504 192504 406000 206002 731687 523842 987417 317838 366712 828761 378887 505450 618599 528162 179286 559312 745975 486413 661029 945511 880821
778301 952354 411374 983641 897885 602687 706175 1242583 888262 1019078 999999999 840602 1185788 1118631 512879 877417 535708 1151081 357548 887838 925758 421389 817871 738232 1192707 652513 839844 554617 775573 1222584 990740 320598 511670 640152 616644 904719 529011 132388 716914 1140878 909900 275368 374187 980688 743527 714748 963145 736796 692327 964093 141090 471263 946110 703405 274669 695802 385683 970639 624598 1030271 612890 491671 885744 405494 220648 883573 635618 788118 1065574 631282 577157 91909 222576 756394 128208 884879 434684 611815 389189 255836 1100961 615019 878918 395260 503235 398786 847328 658363 933046 682688 544889 407834 493726 929490 504330 396306 1067009 457812 381067 267902
442834 731703 429537 863047 76825 241919 219981 782492 762602 872312 840602 999999999 755812 735866 869411 1067339 760275 782845 560790 152872 158679 440138 900378 897953 713048 764156 1138025 780818 810279 735266 264355 663127 376180 393532 421667 585801 939744 893838 133429 768766 370711 921460 598762 618639 501861 764662 859535 348002 668400 693963 805262 745706 732508 171182 568689 680689 925780 210605 493979 803103 321625 374472 108463 435686 808150 393725 209255 193264 455967 362110 352521 847052 688656 360828 721742 699957 423372 983230 460606 632057 788337 730768 912903 487752 752193 482055 555017 761108 119819 850323 562947 633070 725970 942210 535960 945695 512513 469527 477484 573139
428475 279682 896731 369297 805101 849728 635936 60674 376454 341499 1185788 755812 999999999 76075 829891 723527 724591 79249 834856 901804 611850 829865 580933 655042 68485 619497 851625 721768 535347 77645 519437 868787 988960 578494 590756 281141 884889 1147912 733948 75787 390913 1069956 811606 205407 445109 559436 387551 510940 524294 242158 1067933 772198 287560 694199 966067 526607 988270 575904 563866 250943 652772 960131 651930 922462 1012088 382009 837529 942778 320118 604267 673014 1247160 963342 487020 1065417 336431 971184 861067 871571 934302 149035 633066 534192 823777 748204 1035053 338881 611758 671839 661133 641574 782736 741226 517615 681978 1000614 250613 749918 1000660 983923
375017 203694 843140 300010 790581 809654 597571 136562 300692 275252 1118631 735866 76075 999999999 754228 652727 649868 46995 770709 885359 600160 773321 506640 579555 126060 543799 779601 646571 459446 146112 515507 800149 944398 523642 533088 217153 808901 1077190 701282 32903 365458 996454 744794 144610 382948 483461 316968 464641 450242 166668 998457 698480 211571 658662 905606 452144 913334 569672 500342 181099 603402 913919 635896 869443 940972 348703 799927 917852 326059 551908 620742 1182149 896055 440989 999834 260656 921429 785077 814868 869039 86441 558111 461692 763841 673971 984061 275277 536057 661384 585084 573759 713581 667661 447737 616264 925472 253365 689536 948130 923876
544428 554338 562472 530549 945432 714254 655086 890564 464495 568998 512879 869411 829891 754228 999999999 364781 121958 771676 365994 988262 864938 492359 324824 236449 861708 210439 344950 113497 313703 889199 875640 279381 734777 491566 459569 580440 71630 409859 741053 765715 715091 279578 307649 648223 475566 272721 507738 577197 314800 587736 372489 124434 546626 698331 487236 309270 169679 886751 402437 612523 548007 696610 850505 583019 292389 673710 736210 931007 846999 514833 517245 602647 352833 582063 452408 493586 655122 125967 505064 380924 706068 201871 390207 437285 118981 675580 537769 218180 904143 192112 312466 253135 144041 439186 333450 177028 814120 415739 632524 504158
644587 465591 868704 354486 1143148 977304 849440 778355 375148 385331 877417 1067339 723527 652727 364781 999999999 381762 647230 683471 1208846 1010144 788345 173486 177155 778384 315181 132228 356727 261183 798494 982123 621158 1036937 677459 653265 577523 356980 769567 958058 648024 794527 629340 624601 613126 574866 302796 336026 723988 398940 517497 737248 438792 458720 908460 825432 386651 510038 1013056 577741 472613 764693 997671 1014244 893502 657115 751692 990826 1178434 877168 712449 746756 967411 708575 716410 813646 441358 966920 279628 813074 726644 575153 357063 194191 739872 410256 1000736 567814 315900 1063205 235729 535433 564187 432534 206330 583366 507863 819893 692068 956234 844176
422480 455722 492024 455925 836853 622966 542890 785115 373519 493146 535708 760275 724591 649868 121958 381762 999999999 671306 302312 885467 747282 414535 284612 214545 751925 119659 402984 25301 241510 780126 754809 243487 663076 375096 343716 465479 192373 456059 635097 664153 593134 351268 243072 535791 353887 184952 434206 457278 201472 483475 396601 64642 448322 590150 444099 198130 263878 767352 282626 522144 439041 623976 735133 515659 322489 551782 641895 835899 725853 400928 411129 619273 338374 461256 449077 391313 589169 223079 435291 348373 609225 92287 343723 362937 32573 619891 420038 126436 788493 154189 197769 182671 50794 394256 228373 277049 694606 325402 575500 463054
417516 217350 884500 292750 837366 855002 643397 131146 310781 263520 1151081 782845 79249 46995 771676 647230 671306 999999999 806190 932256 646663 813443 509273 586576 144641 561590 776278 666409 469645 156887 561005 831485 988656 565041 573152 255702 823676 1105622 747762 14105 412452 1020334 778073 186510 421089 499269 311880 509064 474259 189668 1028555 722390 225088 704839 943414 475086 933595 615555 536991 175867 646652 957755 682721 911009 969014 395425 845714 964785 369164 594231 662952 1216457 928631 485539 1033832 279995 964159 795417 854853 903474 72313 579088 459877 802161 696714 1026304 313323 553867 707810 596851 606501 744512 691979 440976 650820 944991 296737 727726 989816 961913
420932 620889 196516 679363 631330 363716 379430 890193 573154 710595 357548 560790 834856 770709 365994 683471 302312 806190 999999999 654302 607085 132361 566903 511615 837912 386081 699915 327576 498576 867787 655620 104405 368784 284046 259344 554226 425610 357986 427429 795094 555657 361132 59738 629498 389951 433444 661887 382728 378559 624294 266869 252205 615587 397300 151936 385779 372606 645035 270993 703317 273189 330666 576027 217301 250642 527391 390447 581718 710897 279331 235541 412503 145404 401117 232240 554897 290043 491916 139184 101715 762158 341570 615715 76987 276257 317584 496178 388970 628184 450666 206633 119748 251925 663766 156343 392604 709795 105831 273220 171868
593835 884435 490949 1015115 98289 295669 359934 925179 913611 1024881 887838 152872 901804 885359 988262 1208846 885467 932256 654302 999999999 291729 524393 1044549 1036725 855791 900690 1273247 907437 954660 876524 393238 758694 383492 531497 556987 738669 1056865 959586 252204 918220 521358 1007287 700233 770825 650385 906199 1011177 496726 810664 846833 875525 863829 885169 300733 629000 822953 1026466 335601 631696 955965 449168 397200 250004 488606 890898 545977 265620 111833 593450 497263 474490 878566 766716 511039 779408 851764 453560 1106679 534472 709820 939934 864836 1060105 577744 873954 498914 707350 898238 235478 986507 691125 742303 847162 1090968 657496 1046488 654755 575942 508018 628771
365798 626877 520059 764801 193902 360160 227705 633635 673904 768366 925758 158679 611850 600160 864938 1010144 747282 646663 607085 291729 999999999 506474 837910 850991 564304 726220 1095735 764344 748987 584810 105693 701439 508099 373495 405704 478828 936560 959716 220654 632779 245338 963874 632085 497149 435525 713292 764853 293854 617910 583159 868684 746280 629048 222865 651335 629761 948453 54029 465539 689986 336835 497994 52521 533140 857340 279054 331524 351499 301927 353503 374097 945453 747441 296401 800589 606745 538800 967812 536593 693595 660966 699842 839680 543403 745994 602801 460503 721772 61601 810933 552634 653059 721755 862201 540521 967751 363367 504338 589433 659915
401658 651867 82952 733190 507460 231734 284786 880726 622463 760163 421389 440138 829865 773321 492359 788345 414535 813443 132361 524393 506474 999999999 655607 612363 822055 478288 817251 439592 577917 851462 569414 236063 248960 251652 240308 557829 554790 456200 308511 801070 502972 484297 185928 628765 393825 514427 718548 334356 441410 644446 366325 373007 647849 286479 151360 451110 504364 549910 286885 736428 197120 209737 469314 110065 369196 483343 259334 449457 657447 230013 165277 452269 248519 356785 294703 590356 181083 617555 41726 192029 779558 434155 696724 55863 392765 227844 500742 479519 519089 552669 266380 239615 366566 741737 212105 524324 669419 101486 185368 164760
472126 308176 738131 227191 975547 826597 684620 639022 212171 264665 817871 900378 580933 506640 324824 173486 284612 509273 566903 1044549 837910 655607 999999999 90888 629547 180828 281676 263811 90110 652324 808642 525348 900292 515322 493699 407194 351941 728279 795774 507525 621091 604142 511661 448516 403429 143845 204689 554490 234992 357457 677440 349045 300693 745571 716557 222836 493112 839899 417867 334298 606413 861294 843466 764404 600353 578220 837288 1020357 707149 551537 592277 902988 622491 545700 733607 273978 836630 301330 685273 628337 437444 225352 65789 612357 317075 877570 394775 178079 891734 136074 391720 453316 331843 114423 444210 497820 652296 555384 833158 736194
489264 376767 693318 313694 974306 800437 678679 714348 279155 351855 738232 897953 655042 579555 236449 177155 214545 586576 511615 1036725 850991 612363 90888 999999999 699294 138331 245013 190927 123919 723630 832728 457981 860580 505496 479869 454235 261054 643619 785060 583584 649595 516008 453745 505474 416991 138106 290788 559825 233158 422038 597229 276592 368967 735995 657224 221241 403412 858666 405075 414275 590167 821323 850947 718510 518797 606102 814399 1003057 750872 539492 570940 825138 551348 554781 660599 331491 791759 212963 638239 562912 515820 179918 156559 564920 245666 827622 431212 139549 901425 61017 358377 393684 264722 203871 406267 407567 701658 515313 783062 676426
421631 322704 884836 426068 758198 823457 609697 69460 420333 400917 1192707 713048 68485 126060 861708 778384 751925 144641 837912 855791 564304 822055 629547 699294 999999999 652385 904605 751235 577268 29884 467756 879596 966492 570737 586434 292852 919719 1162213 701611 138103 357374 1091819 819287 218000 449194 595223 442876 494387 550458 278493 1079719 795712 330452 664760 962905 554165 1015648 525107 568137 307159 637721 939527 607064 909743 1027676 355632 808973 902847 265785 593185 661106 1250149 971190 470609 1069885 372377 954423 901049 863730 938710 209555 661842 586626 820584 773562 1019442 347765 644697 623002 700521 652221 794999 764404 573702 688606 1028947 201048 747834 987000 980093
373309 344371 560206 336279 840794 662161 544290 680168 257193 373580 652513 764156 619497 543799 210439 315181 119659 561590 386081 900690 726220 478288 180828 138331 652385 999999999 373912 107733 123059 679560 717098 348421 725294 370693 343795 376847 267711 575682 648653 555432 540972 468489 331008 441206 300367 65745 314548 432645 117422 377358 514591 182222 336717 600063 535871 108349 373204 738186 270181 406071 452889 686098 722464 586043 441666 497768 676079 865068 658447 403610 432858 734188 447753 430372 559873 283150 658809 261847 506339 449616 496856 44656 232750 433143 150945 697886 340134 7742 774050 86173 220301 273181 158926 282491 269407 383791 618211 379583 653393 555549
734197 587069 893498 483825 1214688 1023256 918106 907399 492905 515920 839844 1138025 851625 779601 344950 132228 402984 776278 699915 1273247 1095735 817251 281676 245013 904605 373912 999999999 378190 358390 925677 1077270 622093 1065283 744508 717089 687718 311639 721343 1021044 776474 892975 574920 640201 730103 661999 383106 464409 803795 477834 637680 704113 447716 579843 973034 830329 466032 456759 1103671 644052 600836 824307 1026306 1094704 916259 624914 849564 1040356 1232590 987320 776918 801552 931567 697540 799393 794075 555651 989528 228935 836328 725257 704015 408412 317981 764841 424944 1015484 670928 377188 1145595 287741 584525 581039 450788 336637 625627 449720 933706 727796 971684 847769
433572 449800 517253 442704 857496 646853 562706 782401 364624 480353 554617 780818 721768 646571 113497 356727 25301 666409 327576 907437 764344 439592 263811 190927 751235 107733 378190 999999999 226291 779094 769115 267190 688214 393416 362458 467652 180988 471094 656587 659715 604345 360791 268292 536407 363624 173426 420637 472951 202115 479916 414741 85934 442263 611135 468899 197303 267187 783147 298908 513516 460070 649099 753431 540931 339191 562490 665409 859169 734107 420379 432953 639210 360784 475903 470842 386693 614444 203867 460552 372351 602938 89469 324310 388147 54743 645159 424334 115100 806616 131191 217872 207905 75847 374880 251143 278906 700644 349820 600775 487784
383408 255805 660828 217739 885437 740484 594758 595252 159107 255940 775573 810279 535347 459446 313703 261183 241510 469645 498576 954660 748987 577917 90110 123919 577268 123059 358390 226291 999999999 602209 722387 469447 819476 426188 405404 331678 357434 697140 706306 465621 536073 584758 446455 381562 313918 65140 195242 464465 146570 299189 637510 304988 247938 656012 650094 134660 482549 752172 329760 302207 518233 780742 753777 687607 563998 492867 750185 931718 629991 462675 505453 857063 569580 455935 681872 207715 758860 325940 609701 568710 400483 162747 118813 537663 273412 802817 312540 117349 802331 127814 311781 390917 281944 165316 365820 490718 578991 476741 758716 669957
451285 346868 913852 444927 778656 850278 636727 52295 444479 418169 1222584 735266 77645 146112 889199 798494 780126 156887 867787 876524 584810 851462 652324 723630 29884 679560 925677 779094 602209 999999999 486501 909368 993970 600244 616133 322300 946630 1191850 727130 152702 383327 1120828 849141 247171 479067 621741 462523 523121 578706 304251 1109471 824456 354679 691031 992581 582204 1043933 544143 598018 326113 666503 967341 628629 938661 1057219 383146 835307 925883 284198 622414 690216 1280011 1001050 499389 1099766 398533 982820 926724 893123 968593 225730 689766 607795 850280 802058 1047972 377452 671856 642785 726251 681964 824697 793177 593062 718470 1057089 222766 777591 1015785 1009732
344383 568899 594806 709441 294954 451807 284756 536552 628008 708376 990740 264355 519437 515507 875640 982123 754809 561005 655620 393238 105693 569414 808642 832728 467756 717098 1077270 769115 722387 486501 999999999 742705 602180 394227 426379 423685 946899 1013050 310736 547456 189264 1002942 672247 427926 417369 694858 712326 299568 602991 521154 921726 762811 572165 300581 718916 614115 975377 57857 473558 623740 382802 588564 156966 610932 902074 230977 425540 457148 202308 383573 420285 1017797 799774 293591 863514 558971 625008 969494 603534 748614 582945 696353 802388 599289 758080 690552 417315 711773 157784 798830 568362 684473 735766 819430 566405 994006 268845 550107 673134 729533
476511 631826 293024 669015 734505 467756 474191 926555 570020 703292 320598 663127 868787 800149 279381 621158 243487 831485 104405 758694 701439 236063 525348 457981 879596 348421 622093 267190 469447 909368 742705 999999999 462709 356211 326991 588575 332295 285822 529701 821556 626364 262461 70511 664640 432109 405704 649419 456792 373093 643824 200247 182580 625630 497370 208249 377328 268342 736574 315862 710261 364732 425889 673200 310317 160499 593842 494775 685475 779129 359896 327349 393384 101414 472214 213488 564371 380181 404354 237313 105496 780462 306717 580928 181243 212493 396580 532115 353095 726036 397659 227531 87248 194012 630869 194990 288321 769981 197562 353971 225756
573533 858180 172426 956593 413963 151100 358170 1031811 845039 979647 511670 376180 988960 944398 734777 1036937 663076 988656 368784 383492 508099 248960 900292 860580 966492 725294 1065283 688214 819476 993970 602180 462709 999999999 435986 440172 741167 793334 598557 291603 975186 613815 673414 427545 802781 590927 757493 944366 479760 677829 840600 523074 619000 855482 311649 279078 688482 721340 561405 505755 941983 344577 39267 457419 152456 557244 610874 176856 278279 751146 401410 336494 495744 433219 503457 415359 802935 85699 860697 229885 381203 967656 681573 937788 300445 640369 115620 689112 726099 490476 801210 508622 485045 614524 980834 456418 740584 784934 345714 132425 271858
150064 422236 319523 526433 470240 325996 173602 629074 415839 546767 640152 393532 578494 523642 491566 677459 375096 565041 284046 531497 373495 251652 515322 505496 570737 370693 744508 393416 426188 600244 394227 356211 435986 999999999 32456 310874 563168 637584 280788 552294 272060 611764 286270 379095 154944 375084 516415 100586 280404 405709 547688 373064 419645 231005 393483 292626 581292 397965 100556 506002 96595 401434 360074 345969 516688 243491 330107 505823 426949 37549 100050 687569 428198 117265 512935 368462 401099 597277 293377 385016 536323 337539 536940 252093 372591 461810 255851 367780 413397 456842 179153 291202 348261 573023 172220 600038 427339 182801 424787 410098
164962 419844 313083 517340 498478 339033 201835 642909 406007 539572 616644 421667 590756 533088 459569 653265 343716 573152 259344 556987 405704 240308 493699 479869 586434 343795 717089 362458 405404 616133 426379 326991 440172 32456 999999999 317606 531146 609897 305191 560762 299616 580856 257561 388591 155117 351917 506098 130670 258900 407314 520528 340706 416688 256289 376495 270955 549036 430421 75872 504246 112834 404291 391472 340181 487286 268841 345966 526697 453506 59835 105173 666895 402091 145223 490177 362905 399332 566245 281795 360911 540665 309187 518356 234150 340589 457785 260823 341258 444930 429764 147103 259872 316095 556158 140331 567740 450455 161957 419054 393850
167952 148097 629735 286747 651631 614956 411115 338082 207568 289687 904719 585801 281141 217153 580440 577523 465479 255702 554226 738669 478828 557829 407194 454235 292852 376847 687718 467652 331678 322300 423685 588575 741167 310874 317606 999999999 643083 869835 523375 243550 236455 799846 530533 76076 165817 328895 288707 267359 265647 108499 788290 505296 150248 476020 688495 271481 727643 465747 283452 217754 396770 708592 500651 656469 734965 199778 609841 751118 299966 341847 409982 966262 682344 245557 784350 138322 711623 636300 599196 653286 226519 378579 388125 546857 484809 772684 58153 369500 539097 439542 361078 503153 473882 399063 400845 741872 247427 472495 735367 706818
614201 606742 621736 569590 1015593 779817 726149 945463 513680 608134 529011 939744 884889 808901 71630 356980 192373 823676 425610 1056865 936560 554790 351941 261054 919719 267711 311639 180988 357434 946630 946899 332295 793334 563168 531146 643083 999999999 414516 810752 818511 784965 272392 368937 708798 544583 325457 546572 648673 378311 643276 392487 194044 598922 768589 536866 371715 153080 958323 473895 659508 618602 755731 921955 640970 313318 743291 802663 997316 914863 586218 587332 620524 393658 653308 484494 548745 711960 82857 564646 428629 756210 266220 417576 499185 190578 728137 602656 275331 975616 230152 384047 317631 215356 463994 403920 152103 880087 482527 686002 552645
762301 897781 469585 911796 957434 665991 733421 1206653 824473 948752 132388 893838 1147912 1077190 409859 769567 456059 1105622 357986 959586 959716 456200 728279 643619 1162213 575682 721343 471094 697140 1191850 1013050 285822 598557 637584 609897 869835 414516 999999999 763964 1096560 909388 147893 352867 945635 716909 640596 890204 737783 634513 916171 91335 394499 890964 742326 330592 635835 264593 1000194 601573 971001 630253 572559 924757 471062 136847 878240 697945 866937 1063296 636455 592776 220820 213282 754647 183205 830687 515619 496249 433243 266124 1049989 543269 791873 416331 424950 492680 814477 582328 975101 592245 510710 367565 421660 842099 480809 272469 1055692 463817 466253 331594
363547 662011 306193 784488 206258 141089 115648 769671 678333 798610 716914 133429 733948 701282 741053 958058 635097 747762 427429 252204 220654 308511 795774 785060 701611 648653 1021044 656587 706306 727130 310736 529701 291603 280788 305191 523375 810752 763964 999999999 733740 344371 788252 465563 569909 410617 655860 778051 261548 561049 631144 674624 616844 661533 50648 442845 573297 792803 272487 380362 739669 197135 278343 173444 316321 675338 353085 115700 231069 467195 245673 224214 730054 556828 280339 595193 620982 318154 857278 331604 500520 741252 612632 814779 354831 625050 382272 482752 646301 216855 734389 439527 501121 598492 848263 408218 812743 509161 336643 369129 449075
404453 211780 871797 293659 823377 841250 629523 131541 306546 265731 1140878 768766 75787 32903 765715 648024 664153 14105 795094 918220 632779 801070 507525 583584 138103 555432 776474 659715 465621 152702 547456 821556 975186 552294 560762 243550 818511 1096560 733740 999999999 398355 1012568 767587 173453 409166 493639 312171 495528 466259 181374 1019007 714546 219592 690884 931688 467391 926861 601882 525514 175637 633428 944394 668716 898252 960044 381351 831854 950681 356328 581245 650004 1205733 918368 471969 1023180 273038 951092 791546 842521 892684 73249 572023 459413 790279 689196 1013370 301358 547699 693954 592468 596122 734678 684008 441990 639950 938474 283795 715870 977031 950126
170777 383634 552496 523175 428478 467828 255657 425300 438945 524605 909900 370711 390913 365458 715091 794527 593134 412452 555657 521358 245338 502972 621091 649595 357374 540972 892975 604345 536073 383327 189264 626364 613815 272060 299616 236455 784965 909388 344371 398355 999999999 876165 557165 252248 241883 512717 524932 173168 424403 338406 819693 611054 386321 307774 652912 434815 832165 229293 323863 444699 306557 589383 273925 574849 786364 43514 452063 553162 155697 278743 337952 952307 700203 154810 782006 370066 610350 799182 542958 655975 418957 525211 613290 516478 601282 676730 228190 535059 306629 619626 422728 555236 581724 630227 435074 849633 171941 452319 648617 667488
716178 806196 521011 802356 990916 712020 736646 1130017 724653 840328 275368 921460 1069956 996454 279578 629340 351268 1020334 361132 1007287 963874 484297 604142 516008 1091819 468489 574920 360791 584758 1120828 1002942 262461 673414 611764 580856 799846 272392 147893 788252 1012568 876165 999999999 331984 873841 660568 534211 779976 711511 546388 831239 163726 298044 798903 758260 394348 545248 119593 998510 554537 873377 627100 641887 935444 529976 117186 840471 741671 924838 1024884 619376 589777 366393 242678 724694 278459 740838 587774 352354 473193 298630 959754 443165 669272 433939 323977 579733 748107 475781 988119 469861 456646 321332 328794 718559 441661 125229 1007516 459927 545650 402386
410499 584987 255121 634403 671351 414083 405280 868443 530750 666927 374187 598762 811606 744794 307649 624601 243072 778073 59738 700233 632085 185928 511661 453745 819287 331008 640201 268292 446455 849141 672247 70511 427545 286270 257561 530533 368937 352867 465563 767587 557165 331984 999999999 606512 370254 381399 616059 386845 333988 592680 264686 192508 579239 431110 204897 340082 327525 666577 252058 665788 295250 389159 604878 276616 230796 525425 439107 632401 710572 289388 258091 438967 151947 402706 256171 518043 349573 433401 197663 128198 730288 286860 562370 130250 216608 377023 473194 334363 657972 392734 171694 60419 192523 611081 130801 347514 703359 129907 332739 224545
231014 152772 698615 291188 679715 671202 461783 262015 238071 283955 980688 618639 205407 144610 648223 613126 535791 186510 629498 770825 497149 628765 448516 505474 218000 441206 730103 536407 381562 247171 427926 664640 802781 379095 388591 76076 708798 945635 569909 173453 252248 873841 606512 999999999 240004 388391 298994 323803 334553 100092 864312 578072 158310 524893 762080 339147 799037 476081 358530 195899 460204 771528 525684 724979 810562 224913 663420 792893 272807 407793 476560 1041758 758355 300570 860024 175047 777661 696823 670333 728898 171485 446959 419606 620052 556496 839928 133488 433651 558616 497477 437150 579144 546719 421788 476657 812765 208771 545892 803715 780185
73029 267311 468120 376469 575501 477158 295158 500251 268207 394342 743527 501861 445109 382948 475566 574866 353887 421089 389951 650385 435525 393825 403429 416991 449194 300367 661999 363624 313918 479067 417369 432109 590927 154944 155117 165817 544583 716909 410617 409166 241883 660568 370254 240004 999999999 278894 368498 153887 185649 252252 632314 378452 264814 360163 522678 196892 602793 441676 119133 351078 249141 556229 440077 495271 584791 199332 477917 641427 372709 190364 254691 802433 522078 142632 621272 215310 553931 557318 434883 490048 385864 283329 411315 381114 364965 612876 107811 294796 488414 381461 206750 349651 347850 440615 239484 619141 347601 306715 574122 541017
351177 281949 597248 271207 840604 682908 546659 620019 192309 308240 714748 764662 559436 483461 272721 302796 184952 499269 433444 906199 713292 514427 143845 138106 595223 65745 383106 173426 65140 621741 694858 405704 757493 375084 351917 328895 325457 640596 655860 493639 512717 534211 381399 388391 278894 999999999 249758 423210 96481 317926 577849 246384 274188 606046 584955 84270 437816 720565 276084 341016 464241 718606 714274 623874 505993 469203 693997 878440 619696 410563 448967 795036 506271 417351 618631 223395 695487 308458 545575 504131 433349 99844 183097 473280 215646 738571 299043 58607 764316 110848 248979 326199 221322 230372 302393 447837 574575 413544 694384 604819
417578 146636 800340 23025 929463 842389 662402 442991 100648 61565 963145 859535 387551 316968 507738 336026 434206 311880 661887 1011177 764853 718548 204689 290788 442876 314548 464409 420637 195242 462523 712326 649419 944366 516415 506098 288707 546572 890204 778051 312171 524932 779976 616059 298994 368498 249758 999999999 517390 283352 198904 827201 496141 141967 727870 813183 276268 677116 754117 438700 136609 612973 907330 782684 827920 755751 486834 845197 1009111 571754 553701 611254 1041696 750769 500950 862884 159680 894921 503745 755096 742874 239606 348620 149027 687206 465299 946355 305954 307877 824134 317365 458892 565846 470722 130876 513486 684666 506894 618209 903768 833083
102364 401185 391382 523236 421949 348104 146380 556847 418354 537071 736796 348002 510940 464641 577197 723988 457278 509064 382728 496726 293854 334356 554490 559825 494387 432645 803795 472951 464465 523121 299568 456792 479760 100586 130670 267359 648673 737783 261548 495528 173168 711511 386845 323803 153887 423210 517390 999999999 326918 373038 647645 463253 400442 212132 482400 339020 677134 310199 174781 480382 143403 449685 291137 415765 617261 149152 342494 492414 328789 106135 169495 780469 527581 23926 608976 359584 460671 675549 375302 482836 491712 406061 564967 344146 459078 525247 222354 428363 341816 517756 268826 390411 436389 594444 270452 695514 335223 279151 492668 497722
258608 263270 524181 300899 744251 594365 450867 584648 197285 332948 692327 668400 524294 450242 314800 398940 201472 474259 378559 810664 617910 441410 234992 233158 550458 117422 477834 202115 146570 578706 602991 373093 677829 280404 258900 265647 378311 634513 561049 466259 424403 546388 333988 334553 185649 96481 283352 326918 999999999 284891 562038 248344 256461 510986 529849 12298 465227 626650 183199 338264 371711 639490 618043 551464 497674 381064 603686 785428 541325 316544 359118 766376 474189 321631 585167 196304 621035 378892 475939 461701 415874 112933 261729 406158 223930 668721 224625 111074 668321 195884 176873 287018 217750 303125 231880 478516 502631 340003 625315 549755
271558 52995 720080 191564 759085 718846 518109 302832 145318 187234 964093 693963 242158 166668 587736 517497 483475 189668 624294 846833 583159 644446 357457 422038 278493 377358 637680 479916 299189 304251 521154 643824 840600 405709 407314 108499 643276 916171 631144 181374 338406 831239 592680 100092 252252 317926 198904 373038 284891 999999999 839819 533203 59140 583340 766193 286178 746761 566593 360109 109267 496310 806809 607187 747323 779497 304844 715149 859415 372864 439267 505755 1031643 742044 352031 848848 94536 806073 622589 684999 719414 137875 391573 323347 627160 508060 865099 152157 369620 644004 422073 421066 556647 502637 322680 468014 758821 308423 552929 826108 785224
675121 824453 384588 848126 870028 580650 642202 1126049 755812 884188 141090 805262 1067933 998457 372489 737248 396601 1028555 266869 875525 868684 366325 677440 597229 1079719 514591 704113 414741 637510 1109471 921726 200247 523074 547688 520528 788290 392487 91335 674624 1019007 819693 163726 264686 864312 632314 577849 827201 647645 562038 839819 999999999 332555 817901 651948 248011 564504 256874 908944 515555 900182 538926 494518 834141 388397 80175 789229 612146 785764 974031 545714 501460 230164 121952 664889 115398 757020 438433 475291 345171 175253 975246 478581 738973 325286 364314 422901 732104 520696 884741 541998 427511 285224 356545 789532 394265 270504 968035 372688 392133 251892
442434 509087 446720 517536 821553 591206 532758 832384 431071 554324 471263 745706 772198 698480 124434 438792 64642 722390 252205 863829 746280 373007 349045 276592 795712 182222 447716 85934 304988 824456 762811 182580 619000 373064 340706 505296 194044 394499 616844 714546 611054 298044 192508 578072 378452 246384 496141 463253 248344 533203 332555 999999999 501913 574546 387375 247352 224696 770552 290153 578811 424682 580290 729721 468896 259617 571375 612551 807345 750659 393992 393292 554633 274870 470456 384975 443215 542009 246068 389347 288053 662534 148915 408365 319031 32070 568390 456032 188532 783489 217118 194741 133959 31425 458896 210004 240716 724817 292214 524371 405836
298116 7878 726137 137291 799913 740435 546795 347700 89882 140048 946110 732508 287560 211571 546626 458720 448322 225088 615587 885169 629048 647849 300693 368967 330452 336717 579843 442263 247938 354679 572165 625630 855482 419645 416688 150248 598922 890964 661533 219592 386321 798903 579239 158310 264814 274188 141967 400442 256461 59140 817901 501913 999999999 612515 761601 255419 709344 615543 360980 88668 513716 820391 650074 753666 754130 350014 739205 891686 430476 455145 519012 1017130 725603 381212 834660 61297 815569 573512 687371 707191 160907 356057 264530 625706 474935 872281 179056 329009 689215 373639 409416 538515 472234 263681 459756 720393 367037 552446 831890 781029
314401 613154 297493 734530 247130 161816 65762 732075 628033 749095 703405 171182 694199 658662 698331 908460 590150 704839 397300 300733 222865 286479 745571 735995 664760 600063 973034 611135 656012 691031 300581 497370 311649 231005 256289 476020 768589 742326 50648 690884 307774 758260 431110 524893 360163 606046 727870 212132 510986 583340 651948 574546 612515 999999999 428799 523249 756881 270463 331003 691518 151109 292581 182947 311668 647357 312230 144289 281304 439673 196534 181341 722787 532129 231656 579009 571155 325151 812874 314534 476805 695868 564723 764199 328012 581360 391240 434034 597546 232794 685969 393474 462866 555040 797616 364897 776718 476378 301248 372574 437097
541302 766532 139919 830343 629257 335900 434217 1019093 723171 860997 274669 568689 966067 905606 487236 825432 444099 943414 151936 629000 651335 151360 716557 657224 962905 535871 830329 468899 650094 992581 718916 208249 279078 393483 376495 688495 536866 330592 442845 931688 652912 394348 204897 762080 522678 584955 813183 482400 529849 766193 248011 387375 761601 428799 999999999 537339 447364 696835 406893 849916 348131 248017 611076 140648 278258 631525 368179 537780 807885 376636 315027 300909 155412 504089 153096 701567 193425 611473 115412 108737 903566 491637 766764 142411 415187 193159 630450 539138 658556 596237 355662 263939 393336 815133 302664 466037 817504 216200 154051 19936
269760 262407 533957 294332 756530 606017 463162 587081 192706 327089 695802 680689 526607 452144 309270 386651 198130 475086 385779 822953 629761 451110 222836 221241 554165 108349 466032 197303 134660 582204 614115 377328 688482 292626 270955 271481 371715 635835 573297 467391 434815 545248 340082 339147 196892 84270 276268 339020 12298 286178 564504 247352 255419 523249 537339 999999999 461998 638179 195200 335735 383744 650065 630128 561175 499061 391418 615528 797542 550104 328713 370854 770711 478605 333549 589936 195997 631037 370176 485240 467445 415542 107835 250402 415051 221892 678181 232207 101689 680332 185001 185797 291800 217181 292355 240832 474907 510349 349645 634655 557261
