NAME : synthetic_000243
TYPE : CTSP-D
DIMENSION : 100
GROUPS : 8
RELAXATION_LEVEL : 1
EDGE_WEIGHT_TYPE : EXPLICIT
EDGE_WEIGHT_FORMAT : FULL_MATRIX
EDGE_WEIGHT_SECTION
999999999 305516 602380 276471 751634 244118 452476 143904 580157 434647 393126 477821 716480 624446 604763 371691 497402 243118 710967 696376 376295 38559 700969 553466 318012 216930 479581 515706 441630 414911 328343 125459 703423 323513 508540 250550 454033 778157 519177 418388 556553 567001 419630 394123 640809 802344 552142 307628 337116 259397 252515 315458 626439 328748 817815 264411 268584 142349 529367 770341 335336 583056 555381 581748 526384 29633 647659 512361 254644 193248 559850 310372 393039 347993 543983 30346 497150 409819 194604 513091 441761 76975 340237 698736 375946 417737 528184 493595 545535 743502 287480 794252 239352 369073 421549 398128 201111 672820 564505 413432
305516 999999999 750409 187321 613765 408588 583241 446750 508087 446512 675834 781338 906850 855293 405413 665927 642766 184423 725334 732836 574560 325498 487902 858452 395541 521231 228067 379819 746984 309767 438153 428499 793436 620985 272014 460722 714975 585029 626481 685188 852444 868482 724750 177979 597732 958835 762923 572261 641509 66884 58950 363408 763726 630219 930892 187888 172051 338836 810455 888416 635404 888092 692443 339597 328972 322112 889478 523583 559482 366027 752755 196973 121809 136864 432679 335862 795345 268006 124892 644208 725725 228552 171901 755081 672861 311518 458042 797873 766563 841723 305894 978195 251034 625148 357865 349815 338773 824509 714188 365090
602380 750409 999999999 841912 636046 833434 167175 610755 461261 351007 417058 711467 184147 252891 690513 475123 109087 811776 319246 269069 234656 630211 760338 723050 919398 547924 734425 563365 651955 525804 312729 549612 163735 492587 720142 813751 330884 761095 139827 353450 538390 599163 651782 916249 415423 208748 169486 374059 636613 684333 735953 917767 33148 523299 223397 831966 828530 739270 431554 175587 679559 738759 59727 759621 662297 622347 303660 319358 556839 788045 118938 873150 735410 662711 525866 594301 534069 973775 720695 107378 426598 628057 882704 228933 493000 526604 456996 707079 200148 175878 447249 238570 499385 330588 1013251 992008 430289 74223 38062 1008141
276471 187321 841912 999999999 797754 254993 678822 384357 677106 585983 668197 699896 976470 896520 592709 641927 733017 33353 873728 873474 633270 273134 674614 782661 214591 477709 413701 559523 678050 478782 535818 394649 913668 591997 458666 319259 730247 772310 734750 694834 822679 825067 654010 134767 761272 1048948 817593 583554 569533 214250 146754 179381 861044 591907 1042837 12291 16369 223750 803951 997378 550267 812007 788274 524408 515848 275298 922161 667137 511250 227337 818783 33912 307657 318980 608889 301208 761529 135112 125326 741678 716107 220900 73570 888567 643858 480957 624874 719313 814217 959180 429365 1052515 366716 644288 184265 170388 411672 915415 804043 186743
751634 613765 636046 797754 999999999 966596 549637 868495 199363 372096 896630 1145337 814378 875332 229967 929684 589809 787209 358253 405702 665832 789674 210922 1195076 989496 880049 412949 242636 1090352 339147 519043 811327 539182 911951 366514 994603 861367 146047 515040 858217 1076746 1124068 1077172 771981 220765 774015 772876 790680 1017071 586420 651781 963476 620539 938492 664430 795985 781676 869523 984355 648183 1038678 1220208 590381 333698 290649 781110 926076 341813 912972 914696 729204 810579 504725 478814 207695 770634 1044228 874842 694604 563597 934098 706143 783298 454367 945965 336397 238470 1152199 797580 580701 470946 847959 512337 798749 971292 963554 583743 681113 623540 978853
244118 408588 833434 254993 966596 999999999 691769 240157 809786 674872 541160 481994 927261 813261 790433 496712 732383 237178 954586 940494 600457 209100 881528 566466 109489 333694 630889 724516 474668 628029 572297 289846 944256 446863 670495 69677 626486 970603 760380 587472 654454 640959 450365 384877 877518 1025533 758743 493938 372198 400270 351419 134749 859740 434522 1053247 246243 262131 102861 665425 1005376 339243 594366 790569 742014 710313 217973 825788 754092 353593 52862 775637 275388 527177 511389 761994 243125 592662 333934 289866 750673 581296 263783 324755 942445 491952 630722 756691 503301 746018 982693 521370 1005866 465421 555985 278545 252946 445022 900823 796223 261743
452476 583241 167175 678822 549637 691769 999999999 485775 355162 207388 372169 655986 334355 338473 557340 419173 61216 649467 315723 281181 136023 483856 637197 686510 770307 442056 577812 426624 596405 373092 145768 421201 252955 419502 568075 680680 317321 655993 72652 321529 536975 589983 590137 749582 342126 375781 232527 288981 554868 517164 569300 765313 182674 450261 367015 669249 665005 593322 438758 320294 591625 707545 110103 614413 517936 475385 386905 208094 460647 643515 198572 709424 571360 498265 399846 448886 513638 809370 556214 62856 400341 469343 717201 266113 437243 374301 334984 656722 253065 291158 280884 399623 332213 271706 853402 833005 267884 241325 131252 849346
143904 446750 610755 384357 868495 240157 485775 999999999 685449 524539 304145 334700 690506 573161 738793 265784 516873 352556 778613 755487 376214 121788 835677 412052 344186 98028 622181 640568 301602 539549 393183 65237 737045 214925 649495 205456 386549 907723 557821 347625 440023 440734 278751 513879 733608 794115 521730 255283 194875 403126 391538 357928 639414 209766 833683 372133 380868 175861 433806 785683 191527 441727 574118 722362 662011 124646 585934 594683 127596 208958 542120 416688 536937 490464 661822 114592 378349 507547 329421 539285 347255 219672 455306 748836 264590 542379 636068 351130 507518 770740 397549 769029 361832 316610 490450 464826 288302 674180 574921 477570
580157 508087 461261 677106 199363 809786 355162 685449 999999999 173502 697293 949460 644632 688207 246664 730949 400348 660054 252397 282996 466992 618712 301806 997210 848102 688514 364734 148491 893683 199041 320987 625382 398522 714486 329703 829222 663087 302591 329681 659128 877623 924709 881240 682450 95867 626133 583701 591875 823930 463735 531767 827051 451523 741593 538237 672777 660744 708820 786163 511087 847990 1022008 409601 338920 250916 609757 738195 147946 719998 756985 542896 696395 424133 373497 90352 595476 844868 776008 560590 376708 734794 546005 679125 324557 747392 197075 53363 955612 606696 446372 292765 688522 344573 599411 859438 847387 397316 516363 442881 863610
434647 446512 351007 585983 372096 674872 207388 524539 173502 999999999 525196 776589 532076 545385 350003 557622 263638 562710 288483 288336 299801 472669 431671 823711 728513 519173 385770 219236 720485 176122 147540 462064 351941 541069 369295 684928 496705 459385 211415 489792 707733 753187 708375 623752 209138 546316 439388 418593 652896 387487 451472 713215 352628 568356 493541 579097 570198 572073 619555 454892 678816 848518 292173 409867 312722 463501 593118 81685 549327 622302 405661 611205 401487 332794 195941 445077 672987 702891 461560 248552 564057 416000 605476 308569 573982 176660 137356 782428 458342 401465 159064 589430 221420 428539 769889 753858 238386 419030 322718 770492
393126 675834 417058 668197 896630 541160 372169 304145 697293 525196 999999999 294615 429451 287342 841630 60911 365159 634948 684943 645326 237960 395971 934801 315080 647561 207597 785969 717412 234946 629741 381098 274770 575433 98648 797415 495001 99365 979374 436157 65404 189118 228371 235189 786794 706093 552369 271876 114138 234114 615852 631901 662069 450128 122358 629256 655985 661216 478267 136366 584194 281367 335438 407570 862619 778833 393113 289449 562497 190786 513062 311276 701936 729835 664657 713280 367061 147842 799092 582617 395843 49895 461156 733351 619917 77461 632130 661915 291328 247091 592920 480420 504333 485210 100721 792715 767343 372974 458774 391554 780584
477821 781338 711467 699896 1145337 481994 655986 334700 949460 776589 294615 999999999 703512 548004 1049261 239033 656588 670960 971638 934750 520039 455905 1146063 84480 587158 276452 950467 937851 59987 840130 629348 364463 869921 238524 974019 414355 384515 1207234 724014 358151 247646 201197 68220 833990 974073 833060 559746 368602 141157 737163 725606 616531 744575 209261 920434 688236 699760 476287 325463 876372 149695 112865 701422 1045624 976529 459260 530385 828415 238947 483335 602872 729272 869813 819268 947159 447818 206471 807476 662354 686699 289733 554216 773272 911967 220782 842851 906869 22125 532060 887344 688399 772257 669252 388628 760465 734926 570884 750181 686131 743344
716480 906850 184147 976470 814378 927261 334355 690506 644632 532076 429451 703512 999999999 158514 874456 490043 273328 944612 478296 426200 343264 737813 944365 693231 1023373 609413 911540 746771 648216 704766 471956 637464 295373 523644 899808 895489 330114 942913 322673 365930 485460 548627 654881 1064206 593797 133106 168776 435542 663563 839999 885346 1027807 194222 550737 253476 965613 964521 842437 384180 225351 710698 702098 240571 941780 844511 731171 192712 503505 606597 887562 157696 1009204 904484 831202 709986 702049 502643 1111014 861125 283752 417258 756464 1024901 379187 505303 705756 641139 693658 185650 275195 612072 78605 657932 376180 1137317 1114336 572717 134646 209360 1129795
624446 855293 252891 896520 875332 813261 338473 573161 688207 545385 287342 548004 158514 999999999 895319 345854 287935 863552 572120 521891 283005 639427 975606 534992 915094 483749 899397 764407 494131 703536 445942 527935 407018 385332 895878 774016 190401 990733 360394 229244 327048 390251 502443 997967 657394 291384 106000 321732 518977 789115 824757 924228 279593 409592 401773 884936 886350 737280 226014 366026 566827 543597 286937 947553 852378 634047 51198 540403 474388 778528 146130 930188 873953 801403 738160 605162 345097 1031494 790382 312144 266853 676283 952430 480537 359412 705095 672492 537253 90909 401665 584293 224257 618035 258863 1044185 1019941 516947 247663 254776 1034561
604763 405413 690513 592709 229967 790433 557340 738793 246664 350003 841630 1049261 874456 895319 999999999 860889 612343 587323 494964 529021 638487 639989 97065 1110916 796493 773442 187595 130979 1000027 212474 468767 691174 644226 832033 140213 828995 831865 180894 552120 818390 1030220 1067805 982962 550641 333574 868204 789335 728137 911793 392495 451734 766623 685643 853861 784745 592830 577294 701257 952205 756587 924064 1138517 634322 105969 80167 632497 942752 371968 810368 741098 755259 600912 287776 280336 165853 629247 987071 655819 504271 594454 886147 544624 568484 571210 874698 209968 234914 1059990 807744 692550 364736 924856 380621 753840 757343 752176 480817 751955 666570 766706
371691 665927 475123 641927 929684 496712 419173 265784 730949 557622 60911 239033 490043 345854 860889 999999999 417600 609028 734202 696331 283255 368900 955613 268987 604741 167798 792372 740014 179047 648418 410867 247852 631695 50861 807273 446545 159956 1005577 485901 126116 186518 209554 176806 765183 746148 613279 332673 139087 173732 608992 618555 621778 508076 65384 689148 629641 636225 441640 168886 643785 221292 292105 462666 874724 794703 367324 344453 601173 143119 472581 371389 675275 729185 667190 740383 343552 131147 769915 565193 447801 85864 444055 709627 672969 18257 650935 692701 238013 308002 650791 496586 564543 493717 149647 756181 730515 383603 518740 448324 743084
497402 642766 109087 733017 589809 732383 61216 516873 400348 263638 365159 656588 273328 287935 612343 417600 999999999 703021 322266 280519 145404 526710 689509 679800 815230 463278 638423 482220 596612 432729 204628 453738 222922 425309 627849 716666 296547 702819 77797 308009 515943 572275 592806 807489 375367 317560 183503 297894 565866 576446 627214 812237 129388 456441 320986 723136 719564 636178 413348 273248 605620 698921 58196 672704 575862 518579 337851 252483 477420 685648 143640 764162 632537 559417 452053 491084 499276 864720 611622 31097 386475 520108 773632 255380 435857 433849 385386 655261 207796 253912 341656 338494 391801 267963 905176 884182 321348 183132 71712 900385
243118 184423 811776 33353 787209 237178 649467 352556 660054 562710 634948 670960 944612 863552 587323 609028 703021 999999999 850993 849307 601356 240150 671851 753325 211143 445244 412490 547070 647845 462868 507316 361591 886385 559194 456174 298478 696915 767765 706504 661483 790195 793274 623906 163104 742337 1018390 785170 550239 539290 200943 136108 179411 831383 559477 1014349 21407 28805 195852 770754 968632 521265 782756 758633 523983 509241 242162 888982 644166 479120 204549 786917 67258 306216 309807 594661 267924 729157 167943 101358 712309 682919 188460 103038 863195 611132 465152 607388 690122 781518 931465 404947 1020856 342148 611028 207806 191153 381843 885101 773845 207784
710967 725334 319246 873728 358253 954586 315723 778613 252397 288483 684943 971638 478296 572120 494964 734202 322266 850993 999999999 52100 451599 747626 533528 1000016 1014395 749461 613034 399009 911987 423234 387163 713501 186735 735124 580652 957539 618632 500569 248786 629827 837344 894372 905859 903277 161458 419584 482624 604493 868685 670525 736384 1000490 294379 765798 306229 867109 857819 851906 733313 291247 903573 1019994 293733 590900 503032 738497 622900 206865 771623 902721 432787 898151 659940 599672 342293 716696 821484 987570 749739 291169 708520 701103 889795 100318 752354 422220 285371 972068 512052 223884 447346 499816 509871 585486 1057854 1042144 509879 344085 321892 1058767
696376 732836 269069 873474 405702 940494 281181 755487 282996 288336 645326 934750 426200 521891 529021 696331 280519 849307 52100 999999999 415611 732122 573598 960209 1004979 720760 635500 425250 874895 438193 368851 690250 135411 699885 605845 939801 575397 546101 210896 588470 792936 850837 869756 910647 198953 369416 434346 569729 836045 675346 739770 992975 243278 730798 261118 866247 857826 838316 688088 242481 872456 979440 247235 621397 530558 723078 572503 209264 741052 889262 384161 899238 675101 611720 370765 699995 779233 991211 748567 249609 666762 692067 893747 49077 714558 437491 308961 934336 464127 174999 444364 448311 507159 546918 1056942 1040227 495746 292030 273926 1056879
376295 574560 234656 633270 665832 600457 136023 376214 466992 299801 237960 520039 343264 283005 638487 283255 145404 601356 451599 415611 999999999 400876 726389 551140 689759 318136 621136 508850 460413 434564 171398 314999 368288 284277 621450 579163 196918 759169 204763 192704 411147 460650 454415 724338 469037 426795 188570 154462 422182 507972 547491 690790 263259 315215 457477 622374 621453 508681 319868 409485 460936 572688 200149 678104 586088 393534 322116 327009 332093 556420 185573 666097 591212 518908 494583 364805 382401 767938 519219 172419 270023 413218 682934 396406 301288 436481 436821 520701 192815 397568 303869 419870 335052 137254 795248 772675 235846 300378 198729 788350
38559 325498 630211 273134 789674 209100 483856 121788 618712 472669 395971 455905 737813 639427 639989 368900 526710 240150 747626 732122 400876 999999999 735857 533815 289278 206784 509869 553063 423309 452450 363512 121583 735815 319209 540476 212298 463648 814403 551734 426753 551003 557205 400531 397653 679157 827660 571724 319103 316607 284781 269833 290293 655199 320797 847620 260858 267356 109551 531239 799949 310251 563494 584859 613829 561172 9177 660046 549995 242515 159696 582274 306629 419917 378808 582071 36071 490442 403123 207730 543638 443374 101431 341007 733407 371303 455270 566719 472690 563314 775006 326038 815994 277534 381622 404809 380515 237851 699610 592541 395199
700969 487902 760338 674614 210922 881528 637197 835677 301806 431671 934801 1146063 944365 975606 97065 955613 689509 671851 533528 573598 726389 735857 999999999 1207221 882434 870371 261426 218187 1096552 307690 558616 788239 697498 927653 215957 922133 921408 104269 624671 909449 1122908 1161721 1079647 620072 374655 927498 869712 821752 1008772 481729 537721 851171 752359 949864 833958 675731 659708 794395 1042663 809972 1021128 1234703 706326 154817 174692 728483 1024045 441436 907212 832993 833122 679985 366987 370142 237517 725763 1080909 726733 593308 669304 978592 639570 644150 619048 969688 305091 304633 1156651 889648 743996 460346 990124 477648 845315 832043 828841 576959 817687 739229 842718
553466 858452 723050 782661 1195076 566466 686510 412052 997210 823711 315080 84480 693231 534992 1110916 268987 679800 753325 1000016 960209 551140 533815 1207221 999999999 671445 344417 1020404 995672 112883 899894 676254 435650 884960 283325 1041911 498738 392170 1264084 751232 372854 213026 154217 133871 916426 1014990 825359 562665 406990 217223 811999 803584 700980 756130 258266 922728 770913 782130 559336 309052 880648 232622 29684 719917 1112646 1040123 536588 510109 869832 305717 567493 609168 812390 943119 889971 1001164 523204 192030 891536 741202 710620 296676 630322 855900 933745 251537 902554 957053 63627 533245 897892 747306 757178 733112 414893 844921 819391 630281 754270 701245 827767
318012 395541 919398 214591 989496 109489 770307 344186 848102 728513 647561 587158 1023373 915094 796493 604741 815230 211143 1014395 1004979 689759 289278 882434 671445 999999999 440001 623601 747277 582595 656637 641605 387766 1020331 554562 667025 173080 730356 977276 836134 691570 763941 750072 558394 325056 923296 1116506 855686 593949 481245 405406 344948 39306 944063 543191 1135806 210450 227258 181279 773601 1088296 447069 698795 873276 735122 717616 297055 929740 809631 461713 136597 869391 222353 517346 516953 790771 325288 702139 251709 295084 831095 688796 313310 270837 1011289 600503 659149 794758 608761 844705 1061124 570388 1101863 510018 656595 176094 151779 511500 988879 881669 157731
216930 521231 547924 477709 880049 333694 442056 98028 688514 519173 207597 276452 609413 483749 773442 167798 463278 445244 749461 720760 318136 206784 870371 344417 440001 999999999 676030 664575 231545 565654 376401 92880 686170 116938 698239 290351 294541 934107 514627 255381 344970 350773 211934 604342 724764 719748 441483 176748 138719 470636 469324 455244 578479 114243 771086 465425 473044 273854 335824 723443 159651 373475 518170 769521 700196 206731 493146 580882 38847 306032 467361 510638 599728 545566 677644 186926 283959 603570 411046 488944 249525 293243 547137 708169 167217 568410 642653 288726 424246 715472 415282 687402 393046 233286 588478 562850 298299 606273 514158 575553
479581 228067 734425 413701 412949 630889 577812 622181 364734 385770 785969 950467 911540 899397 187595 792372 638423 412490 613034 635500 621136 509869 261426 1020404 623601 676030 999999999 216387 907557 209663 453457 586024 728876 755274 47404 677379 798440 361551 596026 776986 973636 1001826 887748 363154 460584 932078 796437 672819 809546 232842 281013 591300 737998 771933 872210 415265 399039 550991 910672 836651 813347 1049346 674876 111711 124594 503851 941932 441049 714688 584913 772291 418559 106304 131718 275207 507817 923120 468699 341063 628866 834273 408867 383331 669718 803394 209215 327748 964137 808606 778825 317596 972863 300840 712103 571801 567852 413286 804115 703613 581949
515706 379819 563365 559523 242636 724516 426624 640568 148491 219236 717412 937851 746771 764407 130979 740014 482220 547070 399009 425250 508850 553063 218187 995672 747277 664575 216387 999999999 886362 101160 340445 587714 529679 714093 181669 754415 703360 269549 424098 691274 905143 944865 870578 547907 244271 747055 658435 604845 803265 346184 412828 721906 560337 737521 672341 556959 543271 628426 824489 640787 819583 1022596 506241 200212 105627 544801 811778 247868 700148 672852 624789 574702 283134 242977 58937 536891 864017 646297 452726 465201 760755 465703 551544 463035 754556 98324 116979 947241 676765 579073 249516 799569 278979 627205 737112 727627 367002 626964 538073 743338
441630 746984 651955 678050 1090352 474668 596405 301602 893683 720485 234946 59987 648216 494131 1000027 179047 596612 647845 911987 874895 460413 423309 1096552 112883 582595 231545 907557 886362 999999999 789665 573023 322854 810083 180381 929295 409884 326202 1155351 664206 298865 209487 174815 24425 810785 916377 776792 501685 309678 108555 699648 692675 609221 685043 152140 861966 666111 676593 456328 275174 817628 135526 142083 641481 1000197 928541 425674 479252 770752 192875 469474 544141 708682 830399 777090 893815 411312 159625 791580 631013 626741 232315 518579 750799 851990 160796 792352 851931 61947 474423 827830 637336 718246 621307 328649 752410 726589 519980 691587 626354 736141
414911 309767 525804 478782 339147 628029 373092 539549 199041 176122 629741 840130 704766 703536 212474 648418 432729 462868 423234 438193 434564 452450 307690 899894 656637 565654 209663 101160 789665 999999999 263172 487302 522077 619964 195132 655539 624108 369130 386837 608633 818587 855457 773246 485668 288081 722416 598614 516018 704365 264930 332949 633372 528564 642281 665084 474839 462413 530404 742933 628329 719591 927233 466467 244330 151691 444108 748593 235144 601757 575907 570429 497486 237074 177669 134431 435807 774763 577382 364831 421215 674810 367000 480278 468028 662268 2836 148284 850126 613683 572008 152685 764372 177842 543713 660569 648868 269698 594822 495932 665018
328343 438153 312729 535818 519043 572297 145768 393183 320987 147540 381098 629348 471956 445942 468767 410867 204628 507316 387163 368851 171398 363512 558616 676254 641605 376401 453457 340445 573023 263172 999999999 328560 381244 393529 451270 571183 363127 598477 199282 351095 566661 609468 561155 603827 348546 521450 343515 272118 507573 371822 423556 633021 328085 420884 507062 526633 521615 470641 484047 461583 535542 701200 255773 506807 414741 354513 488838 204575 404697 521571 323120 565766 433913 360604 332329 331147 528850 665010 412129 207954 422268 332722 572063 370505 426989 265101 281868 634970 355154 424910 140933 541149 187270 287563 713099 693585 130312 386942 276147 710079
125459 428499 549612 394649 811327 289846 421201 65237 625382 462064 274770 364463 637464 527935 691174 247852 453738 361591 713501 690250 314999 121583 788239 435650 387766 92880 586024 587714 322854 487302 328560 999999999 672983 198777 609902 264167 346605 856401 493071 308762 431568 441637 302224 517440 670863 736880 469059 206328 223744 377835 377115 396359 577638 203299 771959 382382 388548 209473 409720 723940 232909 464936 511299 681872 616117 119537 545008 530883 131494 251224 486089 428192 507580 454956 605773 96226 371840 524470 320063 475486 321861 200940 461797 683755 251144 490110 576895 378241 457128 707385 341147 716066 311054 269120 520687 495710 228282 614539 513301 509623
703423 793436 163735 913668 539182 944256 252955 737045 398522 351941 575433 869921 295373 407018 644226 631695 222922 886385 186735 135411 368288 735815 697498 884960 1020331 686170 728876 529679 810083 522077 381244 672983 999999999 644377 704795 933556 493055 677253 184255 513331 702123 762855 808393 968298 325566 234838 332587 519421 786677 731058 790856 1013407 131690 675458 143369 905074 898886 845052 595269 112598 827436 901345 170222 729605 634908 727213 455980 287830 700096 895500 282313 942297 753261 684667 480277 701178 697038 1039233 788689 198008 588285 713878 943684 86462 649823 521998 413298 866617 363338 49959 490122 313083 550589 483704 1093262 1074244 511120 164175 184015 1090787
323513 620985 492587 591997 911951 446863 419502 214925 714486 541069 98648 238524 523644 385332 832033 50861 425309 559194 735124 699885 284277 319209 927653 283325 554562 116938 755274 714093 180381 619964 393529 198777 644377 999999999 772222 398107 195587 981704 489034 158021 233062 248723 171317 716175 735996 643030 361148 130695 144369 565534 572366 571189 525045 31137 711071 579707 586555 390779 219380 664741 189236 309233 474222 840920 763643 317937 388027 590372 93638 421962 395706 625249 688382 628279 718084 294874 174448 719461 517685 454453 134469 397025 660166 679762 52434 622562 673801 242192 338927 666889 467347 599696 459303 162000 705335 679677 351771 541550 463156 692275
508540 272014 720142 458666 366514 670495 568075 649495 329703 369295 797415 974019 899808 895878 140213 807273 627849 456174 580652 605845 621450 540476 215957 1041911 667025 698239 47404 181669 929295 195132 451270 609902 704795 772222 999999999 714818 804096 314889 580700 784623 986045 1016788 910166 410552 425097 913855 791670 683547 833625 270507 322929 635386 721680 790351 848100 459792 443752 587694 918927 814164 839751 1070562 661018 73392 81733 533989 939824 417840 736602 623444 764891 464539 151096 162631 239391 535869 937307 516029 380825 616153 844935 440470 430117 642085 819088 194074 296889 986935 805484 754611 321129 958661 313558 719466 618745 614469 424746 788203 690817 628686
250550 460722 813751 319259 994603 69677 680680 205456 829222 684928 495001 414355 895489 774016 828995 446545 716666 298478 957539 939801 579163 212298 922133 498738 173080 290351 677379 754415 409884 655539 571183 264167 933556 398107 714818 999999999 584843 1007724 751262 545684 595857 578905 385773 451326 891353 999468 726747 459960 310377 444703 402270 202527 841588 382539 1035872 309696 324903 127756 613959 987857 274423 526335 774524 787352 748896 221454 783015 761866 304563 95272 747569 341787 576012 553325 787927 241053 534585 403476 337944 737210 532152 288716 390627 938117 440026 658308 776767 435870 711735 969607 537178 973937 485552 520353 346439 321086 448961 878524 777335 329074
454033 714975 330884 730247 861367 626486 317321 386549 663087 496705 99365 384515 330114 190401 831865 159956 296547 696915 618632 575397 196918 463648 921408 392170 730356 294541 798440 703360 326202 624108 363127 346605 493055 195587 804096 584843 999999999 956045 372514 39160 220097 275747 329540 841352 659131 453958 175542 146886 333469 651475 676673 741811 363974 221264 535919 718268 721646 555494 123090 492007 380721 408310 330465 864822 775658 459337 199401 520634 283998 594245 218643 764158 754234 685079 691153 431341 204666 863841 633902 327611 95929 514549 791314 545354 175548 626227 633730 378306 149072 505970 482967 405026 500314 89843 867051 842194 389300 365710 309812 856201
778157 585029 761095 772310 146047 970603 655993 907723 302591 459385 979374 1207234 942913 990733 180894 1005577 702819 767765 500569 546101 759169 814403 104269 1264084 977276 934107 361551 269549 1155351 369130 598477 856401 677253 981704 314889 1007724 956045 999999999 632056 948044 1164939 1207676 1139845 722694 352610 911447 886016 868577 1072805 573360 632412 947143 748763 1005821 806535 772793 757074 880123 1078793 787932 1088705 1290712 711237 258207 260579 806571 1040613 450336 969687 920876 845487 779253 465591 461203 266148 801186 1126933 829094 685120 679281 1020643 721447 744879 594065 1020665 366330 322969 1216398 908524 720651 519038 981514 546048 885545 933307 929336 636486 811717 744573 943490
519177 626481 139827 734750 515040 760380 72652 557821 329681 211415 436157 724014 322673 360394 552120 485901 77797 706504 248786 210896 204763 551734 624671 751232 836134 514627 596026 424098 664206 386837 199282 493071 184255 489034 580700 751262 372514 632056 999999999 381626 592403 647905 658878 797485 298663 338200 258153 359050 626050 561793 617975 829567 142304 519977 308212 725704 720378 660883 490566 263510 663448 771267 82208 619819 522496 543095 411052 183526 532796 711390 214332 764335 601967 530096 388501 517256 573710 862881 610562 48854 460492 530840 768815 193585 504098 387546 320184 723897 283920 226005 320610 378036 377608 336839 912371 892766 328020 208101 114654 909240
418388 685188 353450 694834 858217 587472 321529 347625 659128 489792 65404 358151 365930 229244 818390 126116 308009 661483 629827 588470 192704 426753 909449 372854 691570 255381 776986 691274 298865 608633 351095 308762 513331 158021 784623 545684 39160 948044 381626 999999999 218535 268709 300112 807741 660853 487470 206557 113490 298217 622550 645300 703361 386583 184827 564082 682793 686570 517255 134512 519210 344994 391136 347098 847017 759637 422690 238327 519652 245195 555568 246046 728742 728852 660806 682228 394980 192308 827977 600807 339026 78950 480695 756860 560979 142865 610858 627148 353673 182272 529294 464002 441704 477170 65200 829420 804471 365136 393587 329321 818365
556553 852444 538390 822679 1076746 654454 536975 440023 877623 707733 189118 247646 485460 327048 1030220 186518 515943 790195 837344 792936 411147 551003 1122908 213026 763941 344970 973636 905143 209487 818587 566661 431568 702123 233062 986045 595857 220097 1164939 592403 218535 999999999 63239 228108 948551 878143 618428 370634 303247 287234 795276 804876 785602 570670 230798 723650 810395 817921 613741 107038 684069 329805 217922 546219 1051617 967917 550205 298389 737890 312432 638405 420175 855571 913996 850564 898840 527771 62095 947569 750731 546911 144450 629933 891892 760612 180635 820954 845047 231050 339997 708652 669537 546371 673237 279443 924869 898959 561341 559131 522559 910379
567001 868482 599163 825067 1124068 640959 589983 440734 924709 753187 228371 201197 548627 390251 1067805 209554 572275 793274 894372 850837 460650 557205 1161721 154217 750072 350773 1001826 944865 174815 855457 609468 441637 762855 248723 1016788 578905 275747 1207676 647905 268709 63239 999999999 196965 954050 929440 681622 432297 340033 268831 814001 818482 774305 631650 238486 786623 812853 821527 609835 169124 746786 306108 156140 604851 1084014 1003015 557449 360853 787532 314792 629874 481441 857246 936975 876081 941614 537310 80850 945948 761519 603347 190629 642399 895928 819632 198675 857916 890101 182089 401778 770432 704486 608995 703231 325396 915876 889940 592767 621588 582145 900492
419630 724750 651782 654010 1077172 450365 590137 278751 881240 708375 235189 68220 654881 502443 982962 176806 592806 623906 905859 869756 454415 400531 1079647 133871 558394 211934 887748 870578 24425 773246 561155 302224 808393 171317 910166 385773 329540 1139845 658878 300112 228108 196965 999999999 786892 906167 782244 504983 301865 84750 678139 670130 584886 684774 141529 864159 642091 652667 432091 287192 819306 111353 163429 639095 981364 910836 403090 489824 760510 173642 445052 546114 684555 809453 756992 879298 389356 175082 767225 608147 622607 237708 496515 726828 848070 158811 775954 838703 77070 478456 827524 621240 726085 603500 325286 728034 702208 503748 693667 625123 711792
394123 177979 916249 134767 771981 384877 749582 513879 682450 623752 786794 833990 1064206 997967 550641 765183 807489 163104 903277 910647 724338 397653 620072 916426 325056 604342 363154 547907 810785 485668 603827 517440 968298 716175 410552 451326 841352 722694 797485 807741 948551 954050 786892 999999999 773665 1124979 912229 694702 702232 237296 180298 286096 931765 718443 1104040 146038 134302 358249 923146 1060632 684301 945850 859593 465316 481514 398356 1027491 701384 639333 361203 907630 109565 267574 308959 603367 421662 888093 106994 207991 811671 835707 327058 61285 932233 768475 487256 633561 853206 912208 1016059 478505 1137944 419879 753120 216736 219353 491520 990462 879201 230569
640809 597732 415423 761272 220765 877518 342126 733608 95867 209138 706093 974073 593797 657394 333574 746148 375367 742337 161458 198953 469037 679157 374655 1014990 923296 724764 460584 244271 916377 288081 348546 670863 325566 735996 425097 891353 659131 352610 298663 660853 878143 929440 906167 773665 999999999 559063 556636 608198 855768 549887 617680 904492 399828 764816 459508 756204 744976 775230 780878 437282 884058 1038171 371097 430710 345552 670030 708397 145659 753193 824688 511421 782223 518377 465045 185776 652809 851437 864943 641662 347516 738894 615063 767529 244736 763463 286437 140219 978150 582574 370558 356154 629353 413938 605788 944803 931619 447259 460950 404037 948012
802344 958835 208748 1048948 774015 1025533 375781 794115 626133 546316 552369 833060 133106 291384 868204 613279 317560 1018390 419584 369416 426795 827660 927498 825359 1116506 719748 932078 747055 776792 722416 521450 736880 234838 643030 913855 999468 453958 911447 338200 487470 618428 681622 782244 1124979 559063 999999999 281887 543187 785505 892895 944686 1117394 196415 671479 138775 1038794 1035829 935347 516431 130707 831846 834732 266442 946779 850103 820271 325071 499264 721110 982675 252555 1080524 940024 867898 702487 791589 634191 1181472 928597 314709 544719 833046 1091013 320365 629367 722900 633741 823965 305278 196412 654734 95378 707876 488037 1217950 1196150 637803 134525 245874 1212104
552142 762923 169486 817593 772876 758743 232527 521730 583701 439388 271876 559746 168776 106000 789335 332673 183503 785170 482624 434346 188570 571724 869712 562665 855686 441483 796437 658435 501685 598614 343515 469059 332587 361148 791670 726747 175542 886016 258153 206557 370634 432297 504983 912229 556636 281887 999999999 266842 503923 696246 735952 861060 200900 389728 361037 806392 806401 675075 263596 318080 550059 576312 190311 842360 746910 565393 154711 435767 440403 719602 50636 850823 774911 701937 632308 536233 371292 952638 706204 209389 270156 596730 869627 396996 349277 600118 566891 552874 30760 338135 483324 247320 520557 208258 973674 950244 424345 191636 160738 965459
307628 572261 374059 583554 790680 493938 288981 255283 591875 418593 114138 368602 435542 321732 728137 139087 297894 550239 604493 569729 154462 319103 821752 406990 593949 176748 672819 604845 309678 516018 272118 206328 519421 130695 683547 459960 146886 868577 359050 113490 303247 340033 301865 694702 608198 543187 266842 999999999 268039 510176 531856 602508 405465 161307 596369 571609 574825 415557 240403 549023 308016 430833 349424 748515 664788 314280 340952 462891 182781 457356 290695 617461 619596 553066 602852 285849 259192 717405 487511 326168 161500 367767 644434 550806 155785 518434 553981 370985 252280 545112 366310 513977 371981 62879 723722 699201 259548 430126 341837 713593
337116 641509 636613 569533 1017071 372198 554868 194875 823930 652896 234114 141157 663563 518977 911793 173732 565866 539290 868685 836045 422182 316607 1008772 217223 481245 138719 809546 803265 108555 704365 507573 223744 786677 144369 833625 310377 333469 1072805 626050 298217 287234 268831 84750 702232 855768 785505 503923 268039 999999999 596300 586409 505889 668938 114449 855441 557582 568038 348211 322267 809091 48022 246905 616467 905492 838034 319481 514553 710698 104098 363318 539753 600259 728700 678248 815691 307000 227287 683997 523995 594198 253725 413751 642249 818555 159565 707123 779128 156487 480464 810413 553908 738268 531223 306145 648138 622232 436757 685869 606610 632397
259397 66884 684333 214250 586420 400270 517164 403126 463735 387487 615852 737163 839999 789115 392495 608992 576446 200943 670525 675346 507972 284781 481729 811999 405406 470636 232842 346184 699648 264930 371822 377835 731058 565534 270507 444703 651475 573360 561793 622550 795276 814001 678139 237296 549887 892895 696246 510176 596300 999999999 68032 377594 698141 576675 867354 211023 197899 318149 749488 824376 594155 841500 626607 342710 312937 279970 823805 466324 509326 352938 685874 232685 135648 112160 394689 289345 739329 317158 111792 578416 665724 183781 219343 695585 616860 267040 411993 752709 700165 778939 241691 911466 185056 561641 395703 384014 272310 758485 647951 400122
252515 58950 735953 146754 651781 351419 569300 391538 531767 451472 631901 725606 885346 824757 451734 618555 627214 136108 736384 739770 547491 269833 537721 803584 344948 469324 281013 412828 692675 332949 423556 377115 790856 572366 322929 402270 676673 632412 617975 645300 804876 818482 670130 180298 617680 944686 735952 531856 586409 68032 999999999 314991 751552 579996 925196 144263 130466 279908 767521 881361 578840 833256 679329 392680 373308 267040 856673 531238 507157 307834 729355 164679 176013 173732 462226 282742 746787 251465 66014 631441 681670 176175 154026 758508 624578 335049 479989 742517 737475 838093 300809 958522 240700 587178 327672 316099 312844 810168 698925 332163
315458 363408 917767 179381 963476 134749 765313 357928 827051 713215 662069 616531 1027807 924228 766623 621778 812237 179411 1000490 992975 690790 290293 851171 700980 39306 455244 591300 721906 609221 633372 633021 396359 1013407 571189 635386 202527 741811 947143 829567 703361 785602 774305 584886 286096 904492 1117394 861060 602508 505889 377594 314991 999999999 941477 561668 1131886 176360 192932 186952 790568 1084651 473880 728735 870026 702540 688294 297349 940870 794699 479393 149244 872549 184728 485002 488210 766977 326277 723594 212915 269246 826810 704751 301300 232646 1001111 618568 635816 773813 637909 851399 1055249 554367 1106089 492971 665367 143952 118562 502717 988266 879855 126997
626439 763726 33148 861044 620539 859740 182674 639414 451523 352628 450128 744575 194222 279593 685643 508076 129388 831383 294379 243278 263259 655199 752359 756130 944063 578479 737998 560337 685043 528564 328085 577638 131690 525045 721680 841588 363974 748763 142304 386583 570670 631650 684774 931765 399828 196415 200900 405465 668938 698141 751552 941477 999999999 555819 194324 851333 847365 764528 463745 146307 711631 771748 72771 758347 661131 647178 329785 313678 588179 813688 150649 891852 743680 671493 520152 619430 566990 991966 738793 120132 459715 649297 899866 200950 525978 529192 451030 740221 231649 142791 458843 239304 513111 363072 1034231 1013369 449541 66711 64564 1029600
328748 630219 523299 591907 938492 434522 450261 209766 741593 568356 122358 209261 550737 409592 853861 65384 456441 559477 765798 730798 315215 320797 949864 258266 543191 114243 771933 737521 152140 642281 420884 203299 675458 31137 790351 382539 221264 1005821 519977 184827 230798 238486 141529 718443 764816 671479 389728 161307 114449 576675 579996 561668 555819 999999999 741286 579625 587287 384784 231473 695088 160375 285090 505318 859810 784319 320414 409581 619159 82747 412855 425311 624775 702004 643693 743089 299259 169722 717088 523346 485564 151041 403925 661368 710850 57543 644917 700139 214088 366751 697777 489604 626211 478520 192749 698146 672345 373056 571550 494083 684449
817815 930892 223397 1042837 664430 1053247 367015 833683 538237 493541 629256 920434 253476 401773 784745 689148 320986 1014349 306229 261118 457477 847620 833958 922728 1135806 771086 872210 672341 861966 665084 507062 771959 143369 711071 848100 1035872 535919 806535 308212 564082 723650 786623 864159 1104040 459508 138775 361037 596369 855441 867354 925196 1131886 194324 741286 999999999 1033694 1028532 957120 617935 48018 899510 935161 262798 871976 777737 839437 443027 431163 779032 1006634 318046 1072532 895013 825668 621945 812044 730809 1171047 918766 305090 631109 836236 1076718 214917 706499 665053 555666 913873 389746 93489 625676 233757 684508 549691 1219570 1199527 634109 170495 258763 1215923
264411 187888 831966 12291 795985 246243 669249 372133 672777 579097 655985 688236 965613 884936 592830 629641 723136 21407 867109 866247 622374 260858 675731 770913 210450 465425 415265 556959 666111 474839 526633 382382 905074 579707 459792 309696 718268 772793 725704 682793 810395 812853 642091 146038 756204 1038794 806392 571609 557582 211023 144263 176360 851333 579625 1033694 999999999 16888 212239 791716 988112 538582 800279 778570 526324 515482 263050 910389 660393 498993 217119 807918 45993 309029 317501 605654 289023 749253 146567 117685 732103 703869 209663 85045 880821 631567 477057 620359 707595 802833 950392 421953 1041772 359215 632424 190793 175629 401842 905382 794065 192145
