NAME : synthetic_000794
TYPE : CTSP-D
DIMENSION : 100
GROUPS : 8
RELAXATION_LEVEL : 1
EDGE_WEIGHT_TYPE : EXPLICIT
EDGE_WEIGHT_FORMAT : FULL_MATRIX
EDGE_WEIGHT_SECTION
999999999 36510 368575 448652 479056 270961 271567 674550 334814 601620 198390 532925 430758 301763 285250 324643 505153 285548 170164 522798 548262 480394 415657 119497 336150 258902 135693 124538 234547 414929 219848 242627 197330 567560 361717 791173 357951 357343 465951 415438 93333 383884 474257 373998 611707 410022 558899 527088 550912 86075 436753 156233 301143 462453 508350 316754 161321 388290 501529 253047 547602 308018 692503 499287 526520 435069 551874 584912 292710 621094 415378 392694 623114 486797 645228 211156 637730 317995 486602 515500 271395 527836 626329 492028 124995 296678 203227 166003 649917 283454 307450 368579 318324 405788 409682 362528 507403 146821 221131 394897
36510 999999999 368401 425425 481323 246109 267189 710810 334850 636762 178360 568066 433475 321666 314951 353888 541226 299086 180165 557282 581394 463901 450066 155709 316830 222503 157662 134234 198431 401905 214864 267637 221018 600542 398120 824430 322923 393781 456685 397135 121400 419928 443832 347255 647909 443252 590212 501724 581561 122183 457515 163560 293308 452528 514791 290804 163788 365221 507038 271095 581515 309164 720179 471476 556555 469788 584003 559403 272400 652580 382898 379025 650955 505655 681180 192409 674176 319935 513770 544023 302236 518874 655500 526793 156871 263198 237656 201912 686388 319833 271711 343652 288399 408708 412782 398433 530837 113575 236101 384472
368575 368401 999999999 757137 115294 583569 635585 822994 702368 630358 534528 741775 799285 202380 595384 319537 685838 146833 537883 747917 530699 816808 656254 409476 666930 422783 267398 247192 452588 144531 155989 254003 250551 542283 550028 1017742 423789 543281 139126 202625 443777 501289 397604 289713 770958 669891 499847 355602 480908 397269 256028 524743 99873 817192 163532 619527 529342 700751 151660 192503 780909 676027 545090 371891 451289 666747 511108 400113 205023 552846 399249 739330 919814 264203 814012 220520 734418 53423 795348 812835 325117 884193 514120 714925 324821 543025 361830 440756 749280 496253 418084 264504 595140 774328 778239 480418 336268 335721 583745 749131
448652 425425 757137 999999999 871969 179755 255529 999267 278378 1009305 250935 829369 324013 746998 546924 770424 835228 720282 367381 804084 977041 106065 712412 523352 121319 357675 582673 556373 311887 730160 604807 691247 645501 996967 725382 1013872 435500 724156 799143 692093 450000 784889 599635 582268 937935 685352 996905 711118 991398 498673 882901 359220 662267 184996 917302 138329 338255 60363 907067 695987 812562 289181 1139133 657569 969035 735176 986339 755897 583860 1057743 524695 135137 767474 930287 957043 538379 1005694 718262 650248 691923 714788 226540 1070419 784336 570019 226481 635782 550411 1014517 657067 396038 597780 166036 318094 321220 768150 955737 421516 393532 170648
479056 481323 115294 871969 999999999 698831 748319 864085 813784 645973 649470 802918 909453 259174 687384 367100 741902 222320 646718 813200 539879 932089 729232 507652 782208 533426 367354 355453 565840 200896 270968 327360 337402 547744 616326 1076115 523222 609513 150567 266154 549119 553939 469910 375550 817212 747122 498032 402264 477334 499485 250586 634540 211055 931674 65134 734544 640351 815826 50127 270696 847261 787072 505938 432162 449533 737015 514465 435206 307892 542478 486044 854279 1000770 232912 861274 334261 764318 161438 882000 895913 388875 998577 491261 780884 421220 656201 443145 533831 779228 572487 523822 349984 709344 884456 888275 535433 314013 450754 689734 863572
270961 246109 583569 179755 698831 999999999 163436 870613 228540 850428 79442 706933 318899 567427 420371 594913 701309 540695 224984 686138 809725 234968 585600 356440 87739 217301 403669 376626 161862 570894 429192 512972 466799 829467 577348 923161 322187 575091 637516 540821 285546 626096 488317 442988 807634 564420 825654 587407 818958 328643 703359 210720 491650 256238 741586 46785 189015 120046 731887 516291 700670 220519 963276 539183 795542 608204 816652 638549 423656 887246 411994 171396 698318 750540 832279 368541 861458 542390 567040 606597 540360 321644 896167 661873 394333 111901 464768 389450 871612 503783 270311 453779 74279 300688 305058 607576 776881 248921 270381 195174
271567 267189 635585 255529 748319 163436 999999999 743799 74988 764001 131001 574295 175946 565120 291536 559467 579912 555867 127676 549694 742222 237697 456887 301155 140798 353088 401585 395963 297295 657832 481387 497370 457362 762223 474891 770999 467089 474263 717709 641329 229893 541774 627258 562065 682407 430177 769210 714786 766544 285697 696042 128498 557462 196053 779737 191249 114185 207243 772644 519913 559697 58743 922694 671935 747255 479655 755567 769371 516457 827752 552918 144165 538011 749255 701857 445011 752056 586882 410037 450686 501809 258747 849449 529182 369231 272951 416222 316387 760471 411133 411466 567310 235610 153135 157578 527196 758521 331519 139152 132363
674550 710810 822994 999267 864085 870613 743799 999999999 732760 265350 794880 172191 743086 620663 453463 503755 170997 678040 645757 202257 363342 963168 287110 555102 882620 933237 631277 684816 903422 953174 776090 578196 601945 368147 313454 256699 1029846 318332 962103 990844 605529 325251 1121523 1006410 63430 314483 423929 1138349 442935 588635 623883 660058 838178 888035 835809 913459 681662 949626 842509 637831 207643 715167 562636 1129109 458167 264305 397935 1193023 902016 426509 1075678 877059 387785 664807 49047 831125 124457 780655 404502 370603 503459 920840 498360 216123 584244 945112 504190 509255 113876 391321 981438 991498 941111 731292 730895 347735 595953 817585 607566 850860
334814 334850 702368 278378 813784 228540 74988 732760 999999999 779108 205628 560906 101327 618901 291684 601826 575506 614851 173461 533357 767469 230498 449593 344934 182466 427092 459073 459088 370990 730249 549713 548221 511151 787336 486223 735500 540352 486645 788983 715235 279051 561961 701570 637032 673380 418816 799336 789758 798520 335253 746353 181514 627371 163393 842373 247809 173504 242167 835956 576267 538845 28042 958199 746729 781287 471857 783715 844281 590058 855797 626918 146618 491596 800957 688420 517324 753425 652537 371876 413545 544269 215436 883009 516637 420767 340227 457262 351238 760578 430711 485107 642138 296409 78159 82596 549873 804282 405439 157234 118118
601620 636762 630358 1009305 645973 850428 764001 265350 779108 999999999 770998 324000 822187 436084 490730 326105 260826 498356 642500 355742 108457 1000791 364713 495449 887987 849144 510338 563370 834331 771730 627390 421574 460358 107146 293192 520250 925398 292503 765326 820403 564890 224682 982250 863592 251120 402221 163981 974481 184563 525887 395741 650092 670924 942500 606815 896920 671180 952257 615937 470197 383622 755048 298862 976746 205447 349510 140015 1024544 756078 161336 951160 907833 590217 425779 289100 699602 141726 598169 549425 530620 354010 990107 233023 341921 483337 897260 399506 461140 154421 353084 886141 844137 910992 803887 804972 242883 349204 723665 627230 890388
198390 178360 534528 250935 649470 79442 131001 794880 205628 770998 999999999 633228 305475 499093 347914 519602 624916 477245 151713 613748 731111 286122 511429 277368 138500 222408 333525 312251 167137 539586 378553 440924 395695 750900 498761 857530 337158 496370 602777 517758 206130 546655 496288 432928 731705 492048 748137 584604 741918 250226 634604 135439 448257 283935 687789 125973 114412 190656 679074 449117 629916 188735 888300 541114 719000 533851 738619 638817 394757 809492 422133 204811 642008 683628 757523 329196 782988 489751 507479 545611 464248 351181 820078 588395 319108 159917 386907 310010 793312 424694 281133 439441 146254 283485 287950 528155 705787 210588 203596 216444
532925 568066 741775 829369 802918 706933 574295 172191 560906 324000 633228 999999999 571648 545696 286791 436572 69826 595165 482200 34309 386873 791209 121989 414886 714040 787935 515272 565612 753238 858917 667419 487953 500114 399679 193037 276153 890859 199605 879046 888000 454689 251365 997352 886592 116362 144141 446148 1027892 460089 447433 585674 497790 738347 715852 786787 748493 518992 780977 790644 549576 59955 543792 609866 1011985 464754 100050 419995 1084433 786861 471978 944937 705680 266330 635766 127759 710475 225933 693842 242755 215147 417379 749218 534865 45224 461265 787454 391320 367758 226790 260566 839577 874585 778854 559407 559086 268042 581409 679306 440016 679024
430758 433475 799285 324013 909453 318899 175946 743086 101327 822187 305475 571648 999999999 705004 332624 677152 597828 705611 263463 540835 822578 245632 472185 426097 256290 525263 549645 554030 468821 830955 648050 632225 598130 842083 530397 710373 637047 532024 889014 816521 366349 614383 799967 737844 687463 437416 859655 890068 860911 421347 828359 274914 726648 156806 935566 329735 270207 303794 929755 664965 539795 124676 1023372 846292 846096 492925 841956 944238 691281 913266 724760 191160 453987 884041 696235 618070 779795 748680 353513 394592 620404 177900 946496 529839 506891 430428 533423 424384 785223 485890 582542 743254 380681 25001 21369 605325 881376 506747 231042 154504
301763 321666 202380 746998 259174 567427 565120 620663 618901 436084 499093 545696 705004 999999999 441365 117215 486897 62347 445440 554724 343449 782105 470194 280285 637432 476068 166100 193010 482776 337763 204902 75636 107883 357834 357365 820491 523237 350550 341454 384369 339966 300397 552502 434354 569152 488938 324674 538412 308950 284060 135943 438712 235486 760074 255112 611326 450972 686850 255182 52542 588596 590916 416478 542297 279513 477843 329975 588657 328178 384204 530877 693615 743276 185131 612453 287476 533253 163289 628247 639722 129720 823847 364057 522220 198355 566235 191558 294164 548056 314769 496259 413060 603215 680422 683685 280303 213102 355411 474878 693494
285250 314951 595384 546924 687384 420371 291536 453463 291684 490730 347914 286791 332624 441365 999999999 378029 288379 465385 196260 265946 491217 519709 166458 190199 429283 521134 329628 364181 479948 678527 475507 366229 349984 510513 197975 516775 631426 199435 717605 690344 193553 282878 758739 658975 391467 144192 531281 810992 534358 212631 541791 212855 556838 454305 694690 461702 233513 496285 693066 417497 282422 269884 698392 784486 522309 189254 512188 868834 572656 582717 697142 429608 338986 598945 413112 491006 462680 542097 204721 230736 327415 499598 620325 241639 270914 504754 249964 154630 470410 159047 576876 652563 492771 313486 314744 275707 578936 428127 154113 407239
324643 353888 319537 770424 367100 594913 559467 503755 601826 326105 519602 436572 677152 117215 378029 999999999 374805 176992 432710 448669 243248 790123 373178 258447 653782 543816 202888 250292 539500 453946 301651 98534 143051 260238 255420 709019 607845 248732 458540 498047 330091 186850 656243 537569 453133 396897 239591 650886 228942 275691 165603 431175 346613 754987 350986 641069 447744 710224 354292 144290 483146 574024 368709 651095 202957 377529 237619 702486 430080 302069 627167 697902 650957 222339 496728 376586 416631 279621 546049 551934 57706 814894 301736 417038 200625 614825 144575 252775 431383 230129 573509 518033 642189 653680 656376 168588 204474 417969 447586 691607
505153 541226 685838 835228 741902 701309 579912 170997 575506 260826 624916 69826 597828 486897 288379 374805 999999999 539013 476917 96898 317896 805585 126358 385672 716973 763393 471732 523979 732717 807689 621236 433436 450064 331224 147443 334214 861819 153154 824139 840109 434580 188030 959546 846326 107573 160439 376759 983504 390449 419093 519466 490592 688797 735054 723187 744740 512301 783904 727606 494862 128546 555802 541535 970636 394928 104947 350716 1039335 744064 404250 910736 716939 332740 568544 140523 670172 182526 639462 291668 270255 360743 773495 465974 81372 421058 774237 345203 339350 187407 223288 812499 832858 771167 583209 583401 206769 512584 649446 441882 692890
285548 299086 146833 720282 222320 540695 555867 678040 614851 498356 477245 595165 705611 62347 465385 176992 539013 999999999 442635 601903 405567 762986 512275 289715 615516 430074 156010 164998 442252 276965 149139 108277 115656 419713 403905 871031 468918 397132 285368 322231 339598 354974 491233 373431 625025 527855 385143 476125 368755 286179 174928 433337 173205 747995 232989 582817 442948 660736 229520 48536 635150 587201 467223 480093 339088 521847 391390 526607 268087 443773 471910 677312 780232 213293 667846 233773 593618 102838 659888 674580 178285 813239 419551 569003 203332 528684 221432 312560 608362 353284 445456 351705 570084 680719 684247 333852 258131 314460 479020 680430
170164 180165 537883 367381 646718 224984 127676 645757 173461 642500 151713 482200 263463 445440 196260 432710 476917 442635 999999999 462178 616146 363947 360685 174280 246215 342958 286631 291358 295277 581891 389918 375023 337704 636154 358622 707518 457952 357148 635232 576560 105689 418625 602222 517481 582877 340439 641922 673069 639014 161986 573428 19872 470760 322317 672103 267834 37549 311808 666322 403143 478217 145483 795040 637663 619594 383257 628678 730089 451202 700813 533587 270329 501383 627741 607303 372253 640978 486530 364416 400527 375006 382603 721791 437229 247352 309813 288934 189090 650484 289776 401529 517132 296683 238488 242150 402877 633247 276589 60972 259984
522798 557282 747917 804084 813200 686138 549694 202257 533357 355742 613748 34309 540835 554724 265946 448669 96898 601903 462178 999999999 414527 763257 107229 406375 689997 775232 513907 562838 738721 861354 667001 493956 502951 428066 198002 274363 880154 204784 884124 888123 441362 266559 991151 882003 149186 121757 472954 1025546 486123 438185 601883 478462 739909 686620 799628 726861 499338 756796 802898 555415 34770 517124 638377 1007815 489346 88189 447069 1082453 784000 501144 936832 678836 235879 653247 155780 706350 260230 698930 208615 180880 425401 718613 562606 33167 458301 769589 392481 359354 261079 258732 827995 870882 758707 529220 528767 281246 601756 669582 417439 651416
548262 581394 530699 977041 539879 809725 742222 363342 767469 108457 731111 386873 822578 343449 491217 243248 317896 405567 616146 414527 999999999 979767 395884 454150 856527 783587 441198 491527 774830 673811 542701 341736 384956 20009 297982 612551 850986 294887 663313 725256 527115 208361 895234 776744 337885 432023 61395 879961 79602 481084 289296 620600 578732 929589 499123 856509 640510 918209 508544 383140 446351 741615 224521 885654 97344 385904 34856 928375 669738 92645 869378 886115 649696 317476 379671 619558 244001 502150 588093 576212 283031 982224 148084 393697 424614 844566 346050 427810 257889 337564 815695 756030 864911 802173 803832 217871 240799 657361 611119 872662
480394 463901 816808 106065 932089 234968 237697 963168 230498 1000791 286122 791209 245632 782105 519709 790123 805585 762986 363947 763257 979767 999999999 679897 533998 149890 440463 616006 598084 389285 804921 661467 719858 676456 999772 709996 953162 529073 709762 872100 772158 460756 779276 695380 668052 903878 649314 1005725 803709 1002421 514434 916618 361372 726220 90925 972710 207622 343176 131582 963575 733254 767520 249982 1156514 751617 982295 702232 992624 850730 657624 1064757 619464 93656 699107 967183 918590 603404 982357 773943 591924 633630 732902 120890 1084470 747056 593542 312515 649184 553009 989888 648372 485114 681425 249936 246336 248468 764875 984372 483564 373710 112696
415657 450066 656254 712412 729232 585600 456887 287110 449593 364713 511429 121989 472185 470194 166458 373178 126358 512275 360685 107229 395884 679897 999999999 299795 595510 668187 412610 459836 632269 763522 566144 404083 407467 412725 119153 378262 772927 125516 790140 787345 334378 208879 885094 776959 225532 37509 448033 922113 457166 331295 534676 376012 641254 608727 721554 627621 397302 662516 723410 464545 133072 430421 618446 902964 453913 22806 424302 979295 680405 487803 830028 591961 278429 589090 246836 601842 307621 605712 192633 185980 340806 647351 540029 77878 355579 665472 295699 252936 313327 160375 720791 766488 657213 457143 457414 216185 547592 562464 320502 567228
119497 155709 409476 523352 507652 356440 301155 555102 344934 495449 277368 414886 426097 280285 190199 258447 385672 289715 174280 406375 454150 533998 299795 999999999 403500 378176 142078 174012 350915 488343 285331 206384 175969 474010 242605 677471 476748 238423 528118 501567 73726 272715 585481 479021 492222 297917 474058 627523 469484 33571 402517 173205 366675 496540 522680 403181 190823 464216 519111 244763 432662 316957 622566 605182 448553 318253 463005 685186 386775 534526 530499 441045 526945 457978 525816 306077 521371 356058 394648 418302 200749 556713 550652 374948 86596 404266 115288 47134 533156 164282 426851 470085 415543 401800 404885 252882 459481 264648 195182 433428
336150 316830 666930 121319 782208 87739 140798 882620 182466 887987 138500 714040 256290 637432 429283 653782 716973 615516 246215 689997 856527 149890 595510 403500 999999999 302897 471655 450528 248449 658327 511582 578117 533411 876479 604552 910354 403010 603222 724612 628552 329898 663588 570155 529748 820750 569910 877501 672226 872499 379966 772796 237909 576746 170325 822987 76608 217001 67007 813771 587595 700430 185114 1022206 622816 850691 618315 866415 722330 511156 938017 493614 85606 672288 822079 841377 454338 885670 624127 547973 589092 597484 234654 952403 668855 454257 185283 516900 429417 894726 535801 353486 541059 128026 242452 246469 646927 843123 334310 275223 114390
258902 222503 422783 357675 533426 217301 353088 933237 427092 849144 222408 787935 525263 476068 521134 543816 763393 430074 342958 775232 783587 440463 668187 378176 302897 999999999 342401 293645 56601 374484 287346 446966 400857 801760 620614 1037335 116009 616241 444449 334418 333881 638344 274704 227746 870266 657934 783191 370144 771401 344622 604892 323137 323244 472997 586315 233292 308772 310429 574245 424286 797577 411125 892421 322739 743880 688711 781134 421824 230922 845521 199844 388076 843911 641114 903061 205466 894991 394407 706488 741262 500634 537476 836603 745672 366356 131242 451129 424074 907483 542335 59333 241137 192426 504270 508740 616187 687181 126229 403364 412397
135693 157662 267398 582673 367354 403669 401585 631277 459073 510338 333525 515272 549645 166100 329628 202888 471732 156010 286631 513907 441198 616006 412610 142078 471655 342401 999999999 54386 336624 353439 153540 110753 63586 459365 324862 788269 415374 318843 388349 374740 183995 312914 490405 375260 571572 419253 442371 512695 431767 132244 301142 277602 230702 595412 386991 448465 287960 522376 382135 118448 544064 431355 564356 498966 405313 427230 439178 569161 272360 504886 448201 527722 661061 351195 610503 199930 571787 213982 532227 552813 158386 659879 501990 480949 59358 413318 127150 175740 585415 255271 376087 361175 444345 524740 528285 289806 373212 216186 324136 528410
124538 134234 247192 556373 355453 376626 395963 684816 459088 563370 312251 565612 554030 193010 364181 250292 523979 164998 291358 562838 491527 598084 459836 174012 450528 293645 54386 999999999 292948 314348 111326 153449 107251 509304 376724 837050 362029 370861 356170 329407 197136 367272 436707 322364 624762 464028 489550 462709 477841 154723 328475 279121 193066 585335 383825 419605 285607 496562 377008 140813 592197 432096 603876 446857 450519 475460 487825 519659 221285 551877 393821 513060 700336 374085 663263 146394 626172 195277 568649 591726 210025 651211 544736 530080 104539 374037 180679 214471 639797 305062 324278 309189 410225 529031 532836 344171 405665 168263 336620 517458
234547 198431 452588 311887 565840 161862 297295 903422 370990 834331 167137 753238 468821 482776 479948 539500 732717 442252 295277 738721 774830 389285 632269 350915 248449 56601 336624 292948 999999999 418431 307636 445371 398217 793551 592956 996707 170020 589026 487259 382957 298869 618355 331184 281307 840131 619647 778857 426187 768389 317556 615395 275695 354816 418038 615406 181687 259736 261149 604103 430289 759553 355570 896709 379254 741809 653411 774887 478244 271975 841391 256013 333141 796572 655357 871255 232083 871805 419095 659691 695505 492426 483073 837377 710095 351643 90437 434827 395081 883803 514745 114173 292924 145993 447970 452439 596852 695714 127858 354751 356594
414929 401905 144531 730160 200896 570894 657832 953174 730249 771730 539586 858917 830955 337763 678527 453946 807689 276965 581891 861354 673811 804921 763522 488343 658327 374484 353439 314348 418431 999999999 203023 375527 358806 685884 665885 1134653 337818 659344 70745 65282 503527 628404 269025 180326 898529 772163 644209 211971 625371 467899 400195 565460 122741 821353 265642 598604 564501 679155 250764 315346 892933 706367 685725 233829 595719 776621 655045 255598 147300 697374 288904 738564 1013794 404346 940589 212925 870577 174482 882927 905308 449980 888371 657777 828189 412556 504947 468939 527524 885325 603756 350295 155596 564126 806645 810878 606438 479167 329005 635819 755006
219848 214864 155989 604807 270968 429192 481387 776090 549713 627390 378553 667419 648050 204902 475507 301651 621236 149139 389918 667001 542701 661467 566144 285331 511582 287346 153540 111326 307636 203023 999999999 206510 174610 558427 475621 941309 319781 469377 247268 221239 303715 452259 355004 236467 718090 572449 528644 362589 513493 265289 322507 375296 82568 661286 312584 466641 377910 547448 302702 159724 697429 523939 616311 354375 484205 580616 532312 418115 129024 588801 327017 583362 811293 354840 758339 85092 706641 113455 679950 702726 278780 728328 568004 633971 211566 397253 276468 325083 720872 408270 297618 218214 445564 623212 627237 429310 406519 184149 440068 593251
242627 267637 254003 691247 327360 512972 497370 578196 548221 421574 440924 487953 632225 75636 366229 98534 433436 108277 375023 493956 341736 719858 404083 206384 578117 446966 110753 153449 445371 375527 206510 999999999 47383 358771 296030 764041 509311 289280 391174 413173 269344 253050 561449 442969 523019 420270 336459 563165 324436 213037 198694 369660 260379 693175 328877 558205 383307 630887 327981 61625 527065 520183 453626 559544 297075 413572 335752 616551 335529 398660 529853 629707 673460 252737 565082 278678 501875 206126 555577 568617 74787 755915 392076 460997 128156 523708 117059 218564 516297 245566 475315 424483 555041 607800 610963 230939 265007 321703 401507 627438
197330 221018 250551 645501 337402 466799 457362 601945 511151 460358 395695 500114 598130 107883 349984 143051 450064 115656 337704 502951 384956 676456 407467 175969 533411 400857 63586 107251 398217 358806 174610 47383 999999999 402501 307090 775883 466560 300565 382682 390250 232394 277673 526878 409139 544602 419672 382343 536407 370858 176801 240222 330830 238768 652544 347650 511788 343189 585165 344813 68974 534963 483186 500956 528885 343814 419269 380631 591197 302528 444709 491354 587122 669348 292111 585466 239726 532688 198803 546317 562635 106692 716107 439364 469788 91304 476325 111839 196906 546810 247092 430814 392156 507922 573452 576783 254757 310239 275204 368809 586185
567560 600542 542283 996967 547744 829467 762223 368147 787336 107146 750900 399679 842083 357834 510513 260238 331224 419713 636154 428066 20009 999772 412725 474010 876479 801760 459365 509304 793551 685884 558427 358771 402501 999999999 316610 619630 868079 313657 673670 738205 547021 227746 910139 791768 345840 449106 56855 892982 77470 500825 297372 640597 592699 949506 505191 876250 660496 938108 515044 398730 459392 761514 210313 899615 100172 402173 33829 940853 684969 75078 885316 906121 663650 322429 386813 636007 246747 515112 604598 591915 301424 1002040 135788 408146 443710 863735 365580 447807 260161 357292 833315 770797 884427 821753 823391 237636 244021 675551 631038 892641
361717 398120 550028 725382 616326 577348 474891 313454 486223 293192 498761 193037 530397 357365 197975 255420 147443 403905 358622 198002 297982 709996 119153 242605 604552 620614 324862 376724 592956 665885 475621 296030 307090 316610 999999999 469008 716401 6815 686641 695628 298763 94765 812104 699011 251244 147800 343832 837273 350203 276171 415674 369078 545473 649580 605495 622590 390809 670416 607985 357552 231452 462578 514069 823522 343360 122109 322278 893414 597204 390504 763661 617728 397528 469950 287555 522814 284254 501399 304896 303453 227753 696952 435263 165169 273617 640815 199154 197913 294817 78323 668108 685779 643841 511458 512693 98105 429360 504132 336477 598724
791173 824430 1017742 1013872 1076115 923161 770999 256699 735500 520250 857530 276153 710373 820491 516775 709019 334214 871031 707518 274363 612551 953162 378262 677471 910354 1037335 788269 837050 996707 1134653 941309 764041 775883 619630 469008 999999999 1145829 475628 1155175 1162371 705204 522217 1262950 1155219 275139 381198 673889 1299721 691699 708273 850238 725807 1013649 866793 1056612 959268 744992 974766 1061361 825666 245219 726584 818671 1281210 703653 361643 647406 1356705 1058093 681557 1206501 880624 262172 896805 232897 979978 380876 969985 363625 321983 692975 881591 752529 307344 732533 1017015 666222 630875 370573 533060 1092189 1144604 997345 706972 705042 540837 834613 937745 654221 848027
357951 322923 423789 435500 523222 322187 467089 1029846 540352 925398 337158 890859 637047 523237 631426 607845 861819 468918 457952 880154 850986 529073 772927 476748 403010 116009 415374 362029 170020 337818 319781 509311 466560 868079 716401 1145829 999999999 711532 407916 283361 440630 724094 167298 161862 967529 765080 843303 275618 829410 443720 641248 438089 326599 572692 582841 328408 424313 397552 569230 474704 903983 525489 935995 222578 800636 792711 844465 321675 218800 904596 90802 488510 958049 669233 1002223 235782 983062 409110 820414 854467 571768 634649 887210 849716 450513 218779 534974 523672 996165 638814 56702 184006 280428 616791 621252 701309 725614 212376 518602 516022
357343 393781 543281 724156 609513 575091 474263 318332 486645 292503 496370 199605 532024 350550 199435 248732 153154 397132 357148 204784 294887 709762 125516 238423 603222 616241 318843 370861 589026 659344 469377 289280 300565 313657 6815 475628 711532 999999999 679941 689275 295591 90224 806456 693188 256334 153619 339978 831143 346024 271969 409209 367294 539015 650032 598735 620459 388988 668953 601206 350812 238256 462786 510043 817605 338743 128810 318697 887237 591200 387310 758318 617334 403934 463578 293043 517021 286864 494699 310368 309426 220940 697882 431251 171965 267957 637607 192917 194126 297652 74287 663451 679847 641234 512879 514169 92467 423450 499324 336113 598683
465951 456685 139126 799143 150567 637516 717709 962103 788983 765326 602777 879046 889014 341454 717605 458540 824139 285368 635232 884124 663313 872100 790140 528118 724612 444449 388349 356170 487259 70745 247268 391174 382682 673670 686641 1155175 407916 679941 999999999 128315 550963 640232 327790 248787 910035 801780 628155 252040 608340 510871 379525 619705 164958 885805 215111 666539 620383 747400 200131 329561 916707 764349 652665 284892 579270 801623 641545 285057 215318 677632 355263 803729 1048462 373993 953032 273756 872571 185243 920573 940560 463444 952971 632059 851031 447584 574517 494504 564089 887458 629769 421035 224696 633172 864452 868609 619213 452815 392585 686866 818940
415438 397135 202625 692093 266154 540821 641329 990844 715235 820403 517758 888000 816521 384369 690344 498047 840109 322231 576560 888123 725256 772158 787345 501567 628552 334418 374740 329407 382957 65282 221239 413173 390250 738205 695628 1162371 283361 689275 128315 999999999 507307 665621 203756 122018 934449 793089 698690 154795 680415 477775 458242 558965 152794 795063 330924 564625 555498 643784 316044 355527 918654 692764 747152 170116 650619 801848 708181 204456 125786 753429 226952 711054 1028457 465820 975617 204854 913504 223117 894994 919821 487927 861515 716566 855063 432278 465642 496691 543680 928102 629410 302785 99484 526597 792745 797078 643118 538891 309829 633230 730115
93333 121400 443777 450000 549119 285546 229893 605529 279051 564890 206130 454689 366349 339966 193553 330091 434580 339598 105689 441362 527115 460756 334378 73726 329898 333881 183995 197136 298869 503527 303715 269344 232394 547021 298763 705204 440630 295591 550963 507307 999999999 340687 565219 466987 542133 324585 547756 620376 543204 56324 467818 101395 386210 425884 570944 332090 117732 391099 565885 298648 463918 251036 695777 591954 522162 355111 536520 678191 385558 608130 503878 368066 530213 522053 572521 303813 582101 391195 393442 422920 272578 487407 624219 411993 141719 342052 188489 104291 593155 222060 387331 461882 347673 341546 344982 322030 528696 234665 140630 361690
383884 419928 501289 784889 553939 626096 541774 325251 561961 224682 546655 251365 614383 300397 282878 186850 188030 354974 418625 266559 208361 779276 208879 272715 663588 638344 312914 367272 618355 628404 452259 253050 277673 227746 94765 522217 724094 90224 640232 665621 340687 999999999 802036 685321 270273 240688 250475 813783 255946 304265 335324 425685 512930 724894 535648 672501 446666 727651 539803 313176 301327 536759 420122 806341 248597 206521 230018 868105 579553 299938 761076 685910 484161 387048 312884 512008 259232 456946 398627 394836 178428 775821 341374 236590 273763 676602 189123 236655 272660 131379 680252 669223 687704 594196 595783 23136 339887 515440 407075 670130
474257 443832 397604 599635 469910 488317 627258 1121523 701570 982250 496288 997352 799967 552502 758739 656243 959546 491233 602222 991151 895234 695380 885094 585481 570155 274704 490405 436707 331184 269025 355004 561449 526878 910139 812104 1262950 167298 806456 327790 203756 565219 802036 999999999 118677 1061336 882726 876292 118914 859556 554924 646909 582525 320793 739964 534649 495706 571700 564057 519785 512749 1018081 684887 940997 62015 829782 902967 882459 156523 226173 934250 76545 655702 1094002 661346 1099392 290475 1059295 404642 956427 987609 632808 801911 904244 959197 538499 386066 617360 632176 1073293 737893 218240 139537 447544 778917 783388 778906 730111 331349 663119 682812
373998 347255 289713 582268 375550 442988 562065 1006410 637032 863592 432928 886592 737844 434354 658975 537569 846326 373431 517481 882003 776744 668052 776959 479021 529748 227746 375260 322364 281307 180326 236467 442969 409139 791768 699011 1155219 161862 693188 248787 122018 466987 685321 118677 999999999 946831 776913 758571 155589 742100 450090 532643 498411 205255 699225 438372 461038 490738 537516 423985 394100 910007 617176 828059 126161 712379 793993 764320 212751 107523 816981 110676 614370 997106 550515 985590 176256 941807 290368 860419 889459 514706 764380 788754 849643 425752 356707 502410 524912 955892 626238 187101 25620 418977 715191 719628 662218 616524 240893 577352 636879
611707 647909 770958 937935 817212 807634 682407 63430 673380 251120 731705 116362 687463 569152 391467 453133 107573 625025 582877 149186 337885 903878 225532 492222 820750 870266 571572 624762 840131 898529 718090 523019 544602 345840 251244 275139 967529 256334 910035 934449 542133 270273 1061336 946831 999999999 254565 399277 1080643 416773 525727 582036 597007 782075 830162 792126 850659 618644 887752 798065 583420 162008 655123 549426 1070141 428532 202790 372718 1135747 843101 410859 1014448 816910 358287 625964 44339 771154 124301 727183 356792 326057 448592 864818 480232 157830 523336 881699 444426 446212 120511 328757 918794 932406 877951 674758 674545 292091 561018 755195 545561 791369
410022 443252 669891 685352 747122 564420 430177 314483 418816 402221 492048 144141 437416 488938 144192 396897 160439 527855 340439 121757 432023 649314 37509 297917 569910 657934 419253 464028 619647 772163 572449 420270 419672 449106 147800 381198 765080 153619 801780 793089 324585 240688 882726 776913 254565 999999999 483313 924404 491891 327811 560342 356831 649502 576347 742280 605330 377636 636840 743494 479631 139906 400740 653888 903072 487680 55757 459917 981886 682924 524166 825392 562611 254753 615519 271700 603156 342731 618472 158152 156034 360674 613383 575323 99005 360907 648289 308066 252185 347846 174711 711910 767590 636950 423046 423160 245897 577063 556548 296222 536809
558899 590212 499847 996905 498032 825654 769210 423929 799336 163981 748137 446148 859655 324674 531281 239591 376759 385143 641922 472954 61395 1005725 448033 474058 877501 783191 442371 489550 778857 644209 528644 336459 382343 56855 343832 673889 843303 339978 628155 698690 547756 250475 876292 758571 399277 483313 999999999 853382 21307 498334 249185 644638 556580 959897 453052 872303 663683 937361 463439 369542 505304 772800 170652 862716 48892 439611 26628 899754 652800 62539 855367 912184 707297 269505 440998 608903 303281 476358 640665 630771 287995 1014727 92012 450920 433936 852724 361294 452860 316818 373983 811372 736755 877184 838429 840335 255579 189686 657490 642177 900862
527088 501724 355602 711118 402264 587407 714786 1138349 789758 974481 584604 1027892 890068 538412 810992 650886 983504 476125 673069 1025546 879961 803709 922113 627523 672226 370144 512695 462709 426187 211971 362589 563165 536407 892982 837273 1299721 275618 831143 252040 154795 620376 813783 118914 155589 1080643 924404 853382 999999999 835010 600088 611630 653998 304286 842544 467073 599996 646195 672133 452072 507333 1054747 770695 897382 56901 805234 938092 862974 57846 241710 907792 187686 757701 1149766 616115 1120920 321451 1064854 377874 1013632 1041721 637542 906204 869567 992783 567247 491621 638353 672346 1079342 767531 319346 158523 554039 867845 872300 790988 691112 396480 732899 782539
550912 581561 480908 991398 477334 818958 766544 442935 798520 184563 741918 460089 860911 308950 534358 228942 390449 368755 639014 486123 79602 1002421 457166 469484 872499 771401 431767 477841 768389 625371 513493 324436 370858 77470 350203 691699 829410 346024 608340 680415 543204 255946 859556 742100 416773 491891 21307 835010 999999999 492746 229045 641082 539408 958297 431949 865508 659775 931656 442414 354983 518881 771749 164371 845096 29848 449651 45130 880963 636732 75315 839827 909006 719581 248342 458893 594496 323051 458498 649698 641013 279531 1013955 85969 463198 425936 843453 355657 450223 336737 376123 798430 720044 869210 839361 841370 259195 168399 646028 641286 898502
86075 122183 397269 498673 499485 328643 285697 588635 335253 525887 250226 447433 421347 284060 212631 275691 419093 286179 161986 438185 481084 514434 331295 33571 379966 344622 132244 154723 317556 467899 265289 213037 176801 500825 276171 708273 443720 271969 510871 477775 56324 304265 554924 450090 525727 327811 498334 600088 492746 999999999 411494 157316 347556 481749 518565 375427 172547 439035 514068 243893 463857 307224 642898 576181 470725 350195 488431 657864 360457 559450 498736 422301 551319 465761 559154 279073 554462 344102 417221 442808 218532 543585 572466 407037 85705 372337 137110 79977 566337 197849 393516 442088 385612 396654 399996 283931 472844 231874 192889 417098
436753 457515 256028 882901 250586 703359 696042 623883 746353 395741 634604 585674 828359 135943 541791 165603 519466 174928 573428 601883 289296 916618 534676 402517 772796 604892 301142 328475 615395 400195 322507 198694 240222 297372 415674 850238 641248 409209 379525 458242 467818 335324 646909 532643 582036 560342 249185 611630 229045 411494 999999999 568339 327415 891777 212902 747258 581943 822729 220965 187672 636650 718312 296152 626276 200335 536980 264306 655349 432461 298367 636920 827314 813099 57161 626373 407580 518047 242425 711252 716015 214622 954609 258415 571691 326849 700325 298010 407232 532863 395713 619886 508914 738630 804191 807212 321761 84551 487571 597318 825844
156233 163560 524743 359220 634540 210720 128498 660058 181514 650092 135439 497790 274914 438712 212855 431175 490592 433337 19872 478462 620600 361372 376012 173205 237909 323137 277602 279121 275695 565460 375296 369660 330830 640597 369078 725807 438089 367294 619705 558965 101395 425685 582525 498411 597007 356831 644638 653998 641082 157316 568339 999999999 455574 324501 661408 254622 21821 302469 655281 395088 495197 153918 795611 618253 620959 398462 632112 710939 433439 704118 513767 268112 521083 622053 622259 355018 652390 473853 384017 419923 373563 386354 723148 452959 241540 292154 288478 192791 662179 298339 381677 498367 281296 249917 253740 409187 630061 257554 80798 260436
301143 293308 99873 662267 211055 491650 557462 838178 627371 670924 448257 738347 726648 235486 556838 346613 688797 173205 470760 739909 578732 726220 641254 366675 576746 323244 230702 193066 354816 122741 82568 260379 238768 592699 545473 1013649 326599 539015 164958 152794 386210 512930 320793 205255 782075 649502 556580 304286 539408 347556 327415 455574 999999999 732174 263242 525557 457066 606986 251016 203178 771183 602151 623071 306934 509584 654679 563928 356551 108607 613837 310545 652159 891289 347347 823477 123888 761096 85531 760953 782860 335134 799410 583723 706761 289854 445155 347461 405100 775654 481802 318526 181824 498761 701933 706028 490489 411421 242731 521939 664505
462453 452528 817192 184996 931674 256238 196053 888035 163393 942500 283935 715852 156806 760074 454305 754987 735054 747995 322317 686620 929589 90925 608727 496540 170325 472997 595412 585335 418038 821353 661286 693175 652544 949506 649580 866793 572692 650032 885805 795063 425884 724894 739964 699225 830162 576347 959897 842544 958297 481749 891777 324501 732174 999999999 967247 244396 309877 186803 959273 713855 688636 188146 1116305 793065 940055 630583 944986 892586 675022 1017162 663424 84924 610772 944630 842385 612703 914543 770965 507765 549236 697289 67251 1042104 672498 565093 354137 611213 508642 921245 593546 523757 709776 293979 160658 162187 712349 954559 493227 318469 68129
508350 514791 163532 917302 65134 741586 779737 835809 842373 606815 687789 786787 935566 255112 694690 350986 723187 232989 672103 799628 499123 972710 721554 522680 822987 586315 386991 383825 615406 265642 312584 328877 347650 505191 605495 1056612 582841 598735 215111 330924 570944 535648 534649 438372 792126 742280 453052 467073 431949 518565 212902 661408 263242 967247 999999999 779199 669095 860031 15023 278751 834127 815116 447219 497294 405476 727410 471482 498955 365420 493327 549025 892054 996993 183733 836431 383405 730948 199209 883350 894340 381611 1033665 438008 768020 436319 705813 445905 543921 745761 569024 580435 412758 756826 910591 914246 518892 264812 496032 711085 899151
316754 290804 619527 138329 734544 46785 191249 913459 247809 896920 125973 748493 329735 611326 461702 641069 744740 582817 267834 726861 856509 207622 627621 403181 76608 233292 448465 419605 181687 598604 466641 558205 511788 876250 622590 959268 328408 620459 666539 564625 332090 672501 495706 461038 850659 605330 872303 599996 865508 375427 747258 254622 525557 244396 779199 999999999 232810 81441 769079 559856 740325 244630 1009243 549518 841977 650314 863386 649019 451457 933935 419187 160834 729252 793688 874451 401761 906507 580088 600359 640585 586739 306476 942471 703336 440571 109741 511499 435847 916501 549556 280656 473947 51542 314157 318344 654099 821588 283808 309696 190976
