NAME : synthetic_000190
TYPE : CTSP-D
DIMENSION : 100
GROUPS : 8
RELAXATION_LEVEL : 1
EDGE_WEIGHT_TYPE : EXPLICIT
EDGE_WEIGHT_FORMAT : FULL_MATRIX
EDGE_WEIGHT_SECTION
999999999 389145 917877 335109 191450 741372 538220 741802 321274 135121 777013 967977 712686 810513 490510 225875 892966 852167 228464 834878 640178 1020759 570040 637191 639207 127439 694921 354821 315294 525377 1106742 127259 876118 454908 172312 553427 148641 329804 458714 787029 1136122 430545 523087 553795 706342 602175 199828 1016532 552345 665035 347325 833844 99904 47738 906720 509009 483239 573534 592580 315960 746757 200150 753682 726200 721627 220619 704671 869784 778770 794773 569578 895298 1003507 652401 669972 754050 807839 899800 696290 745634 734677 520546 369125 443940 647063 139259 953022 741992 551296 980383 347619 73298 810062 298156 36445 562344 254784 813887 741551 760657
389145 999999999 671968 219562 536771 360847 178439 371704 252729 387858 503953 716589 336950 487427 371117 371982 664526 763662 409778 635141 718479 805592 612589 258750 250387 369679 495601 81765 113950 506990 848560 274562 527063 104105 541881 618985 406553 187148 492430 409695 885356 603861 155773 278274 864970 692871 307524 764192 668011 377992 399912 451516 352596 353161 634631 189121 136203 199010 482881 221057 819470 511448 471362 838142 447922 404461 376264 722943 704723 663703 412201 659770 717489 271956 634298 374787 607927 581587 343614 875826 346309 715053 181450 137141 259264 256357 701787 354467 425816 744811 219687 368969 448433 594305 376283 625263 539495 434040 662979 737613
917877 671968 999999999 585976 942755 490787 732273 436992 596612 817049 170977 50415 470522 254881 436591 726272 47044 359344 750570 125549 640282 146087 568560 694549 616439 973560 228076 632037 650643 492720 188908 798834 325179 728572 980635 603355 1013391 858564 568035 739810 219431 751759 712806 396462 828371 653251 946545 98655 685184 295109 620281 723115 943905 910237 73883 483004 538135 700239 369550 891208 665293 891358 205947 738544 224623 753810 330099 233684 376238 264661 355787 31788 133316 687355 443115 717578 139322 212760 801755 786916 630282 816047 564530 779550 633388 845136 36005 552365 385828 74246 891654 944710 385249 906802 885323 599933 871344 733973 366089 474669
335109 219562 585976 999999999 408149 463646 392445 447999 37021 258293 441910 635657 428872 482501 183996 195780 564212 583745 233685 512860 499436 697321 394718 452485 416121 390074 369091 137799 114848 294617 774346 212980 557772 323587 432041 399735 429518 347241 273142 595675 805185 394391 367936 223766 646906 473343 377336 684452 449062 332335 183996 627062 359200 324371 571857 205959 209597 402218 300339 368549 601635 367105 419036 618602 386697 231563 382608 569838 517332 500408 251863 565050 668402 461717 431687 559682 485115 568734 552533 656350 507498 504824 53572 353346 431217 264045 620597 484861 247200 651170 383796 358814 503444 428005 305011 406179 375896 615020 475888 534792
191450 536771 942755 408149 999999999 862676 702891 852826 379406 153544 826182 992979 829976 885541 507380 221701 910134 802127 192699 841457 529563 1023452 487329 794573 783675 312231 714740 481598 438899 483153 1129098 264889 965125 618896 50712 461397 321782 514513 404743 945779 1153104 301776 684629 628798 553189 489956 391076 1039583 434091 731518 323489 988269 289486 238706 946597 610485 600212 732729 583355 504241 628674 53288 809636 591861 775827 190298 789760 847056 728030 770513 587501 916051 1046418 808374 612384 911229 816730 967094 866292 602032 879843 366250 456774 616689 794419 316869 978754 874250 557419 996112 535536 261227 911302 119764 179349 470224 99590 970674 696763 686835
741372 360847 490787 463646 862676 999999999 304386 54099 498432 709168 338864 517653 37319 237165 481601 659139 509130 745668 697285 525835 858446 636395 751124 226787 156122 730445 442226 387540 428936 633531 618739 618028 210470 346802 878148 773111 766938 517829 664642 249716 660156 833590 296069 287637 1040621 847681 663991 554820 846256 267672 625050 240578 713202 709729 425200 258350 262698 259524 537746 553815 935762 826563 306724 982354 311414 694941 182441 652335 715515 626673 456538 496053 469853 214534 701127 226840 507248 310713 318991 1028577 139769 937303 410944 392326 166633 615020 506239 61622 495450 561215 538818 728557 122036 891646 722959 775739 839293 246925 680768 788572
538220 178439 732273 392445 702891 304386 999999999 339695 427459 558908 561988 770210 298513 504422 520123 549854 735960 890560 587320 724429 885915 875471 777996 106386 149877 486058 598416 256937 292302 667037 890023 438007 509021 84059 702080 787524 516367 240528 661772 250035 929914 781713 25293 376156 1039322 862622 403659 814155 841136 444591 575548 300131 478960 495920 680237 283192 230379 47080 622151 273588 983609 682233 526676 1007693 512945 581760 404890 830378 839189 781117 543320 727387 746488 123437 783055 218832 699358 593309 165910 1047079 224000 892889 347548 103815 144846 399056 756525 268553 566191 806477 251206 501454 420632 768663 532534 793233 713915 278124 798358 884648
741802 371704 436992 447999 852826 54099 339695 999999999 481198 699905 285040 464580 41215 184124 446922 643614 455037 694557 681072 472307 818976 582729 712830 271905 196896 740158 392566 387103 426744 596011 568282 616350 169329 372234 871247 736248 777707 539528 631827 303814 609535 805679 328271 254750 1003546 809954 678620 502493 811294 219919 600299 293610 720795 712905 372042 242591 258614 297139 495043 575637 893192 814313 253255 942217 259302 679332 131652 599404 666361 575433 415374 441994 419983 261165 656472 280597 454106 261517 369628 989008 193299 907145 396848 420314 210178 620521 452965 115669 455552 507742 563155 734310 81431 874748 721116 738423 823467 300739 632447 741639
321274 252729 596612 37021 379406 498432 427459 481198 999999999 232743 458983 646704 463287 507221 177977 162809 572315 571641 199892 516948 468886 702466 365966 489185 453133 387558 374944 171307 143538 271160 785469 205082 585763 356815 405991 368953 426264 368644 242654 632664 815025 357651 403145 249488 612414 441553 383591 695266 415297 354696 148153 664064 355393 315652 586819 240204 246275 438347 291363 387415 572440 336421 438155 586628 405109 198362 410396 565678 503237 494186 252423 574256 684627 498548 412236 596671 489495 591323 588455 623465 544385 468231 90187 384376 468238 265547 631750 520891 241511 659659 404863 352060 534368 393705 289124 375725 342288 652041 462290 514515
135121 387858 817049 258293 153544 709168 558908 699905 232743 999999999 688936 867462 676589 739740 381440 96555 788171 723091 93398 724825 505807 909993 435105 646569 632113 254334 589994 328959 286271 395682 1005464 127577 816027 475579 173752 418316 281455 393405 325934 797550 1032315 302340 539253 481402 582011 468137 305921 915246 419510 587423 218636 838452 221827 163173 813921 457902 446669 585870 473814 391015 612812 123635 669686 595288 636299 85657 640900 748525 649185 672558 462297 792271 912883 659783 538392 762572 698641 824016 724067 617234 728110 399943 304940 479207 643432 199987 852809 720940 438248 875347 420285 201162 759718 212417 99879 427229 158812 821659 613134 627037
777013 503953 170977 441910 826182 338864 561988 285040 458983 688936 999999999 212997 313205 126611 324647 604837 175856 422737 634222 187943 620203 313599 527959 528934 451155 820929 152418 469517 492067 427184 345342 653449 225981 557741 859123 559167 860885 691029 490632 587846 381485 679797 542187 233738 812507 622818 787082 260261 641623 125968 513818 578298 792905 764209 132942 314892 368928 531082 301400 724339 671778 777410 35402 734445 57290 636037 164398 317470 408442 305045 251912 165848 226612 522919 431347 562482 172075 158000 638938 783294 475204 761733 412378 608780 468773 691915 198395 399879 292079 245173 723443 796444 252983 808027 746632 558236 766210 585758 381787 496657
967977 716589 50415 635657 992979 517653 770210 464580 646704 867462 212997 999999999 500105 280512 486979 776663 88273 385900 800860 167748 680912 124209 612842 727674 649612 1022643 278392 678905 698501 540385 138779 848585 338462 769985 1030980 647892 1062507 903528 616394 764756 170740 799006 751476 442871 867166 695480 994413 48893 729182 338718 670345 744837 993180 959992 92576 527468 581872 736611 418316 936547 700734 941512 246875 775593 268679 804133 365796 259564 410294 300683 406155 78081 105232 719643 484368 744215 185199 222847 832552 823583 657411 860995 613348 821134 666015 894073 15132 578847 435877 48576 936199 994280 406568 956136 935515 644154 921103 757166 403871 509007
712686 336950 470522 428872 829976 37319 298513 41215 463287 676589 313205 500105 999999999 220588 444305 624573 486139 713971 662554 498559 821472 616569 714024 231997 156179 706387 409514 358022 398753 596377 606834 588319 210510 332528 846513 735886 743488 501038 627332 275186 647932 796632 287317 250330 1003390 810514 642723 539210 808946 234180 588461 271342 687993 682297 407548 223085 231216 255940 501527 537141 899358 793056 279910 945459 281802 660373 152313 623392 682098 595220 420010 473787 459075 221893 665415 249284 478963 301245 332551 991595 162019 900144 376520 380112 170039 588653 488069 89218 458650 542265 523934 702408 122294 856816 693264 738546 804733 275385 646812 753777
810513 487427 254881 482501 885541 237165 504422 184124 507221 739740 126611 280512 220588 999999999 407156 664841 277639 548819 698109 308831 736090 399761 638937 451038 373574 835628 271623 473401 504558 531202 387649 683594 102029 518512 913201 668189 875112 671260 586530 485211 428389 773725 488488 258746 927618 735522 788922 318661 749355 155218 590010 468487 810934 790686 188036 309610 353107 466625 410367 706525 793405 840062 109092 853321 135859 698570 111364 440140 534806 431535 346831 263156 242125 441882 552207 463866 296187 94162 553038 901916 376933 863088 441947 569438 388997 708303 269092 298468 389392 324227 700100 818844 132306 882460 783634 668193 836508 479093 507284 621813
490510 371117 436591 183996 507380 481601 520123 446922 177977 381440 324647 486979 444305 407156 999999999 289686 406745 401080 314732 344753 382259 530566 273022 550938 493531 565128 208800 296070 289098 155255 624453 381360 501742 468269 544196 292329 603534 525474 185690 674482 650886 367999 494867 193995 559549 367766 560087 534367 364741 255516 189335 692551 532618 490289 439743 253523 294437 515498 116754 549347 470618 456863 314034 506932 280346 317622 337670 387747 336980 316903 80932 411112 539724 555237 264093 639812 318043 475689 662900 551367 569198 463281 195236 507894 511760 443397 472506 522538 63638 493908 562111 527830 475180 483383 456111 295534 442224 687093 295197 366983
225875 371982 726272 195780 221701 659139 549854 643614 162809 96555 604837 776663 624573 664841 289686 999999999 695909 627450 38864 630858 427922 815506 347973 626728 601049 334095 498431 299986 259800 300139 914048 167937 746709 470067 255085 335008 365703 422775 233070 775272 939917 248578 527706 409777 527489 392170 369143 824018 348774 510360 122410 811364 300148 244386 726715 401738 401433 569925 377944 428384 535949 175257 587951 527425 554158 35803 571522 652060 553732 576043 370560 700681 826292 638183 444142 739520 605023 745536 715493 554629 695194 356593 248200 483918 614496 249934 762176 678216 344261 782788 454379 284179 697071 232829 189451 343689 180165 797047 517222 535243
892966 664526 47044 564212 910134 509130 735960 455037 572315 788171 175856 88273 486139 277639 406745 695909 999999999 313364 718697 79917 594454 141284 524734 704769 626943 953667 198450 619626 635462 452698 219063 776222 356754 726865 949217 559734 993324 849891 529230 758845 244143 711024 715487 386610 781996 608140 930684 130564 641164 292852 586837 745263 923283 887451 112496 476833 533070 706240 331865 881670 618334 858247 211113 691791 223211 722295 339950 188406 329194 217655 325877 17502 180291 698620 397473 734988 97178 248380 814374 740111 647539 772782 546528 777397 644478 825977 77120 570692 352783 87434 883772 922797 409804 870200 859712 556066 836224 754719 319358 427632
852167 763662 359344 583745 802127 745668 890560 694557 571641 723091 422737 385900 713971 548819 401080 627450 313364 999999999 633933 248112 344330 321801 324339 893806 822358 947176 305469 693750 689917 327411 467225 762847 644443 853171 849735 357152 983205 926176 400428 985222 467605 532341 866274 515935 508642 372244 954401 406651 421896 480871 505147 985306 913347 863645 423335 607386 661055 874639 284446 950421 330587 749269 447575 410513 435726 640425 563305 126407 74317 119169 351714 330587 489335 892932 189837 955259 254241 549616 1009197 455512 871321 554973 595174 897463 841363 833841 380964 803181 340394 351429 962775 903217 674671 725924 815779 349774 709439 988573 110948 145413
228464 409778 750570 233685 192699 697285 587320 681072 199892 93398 634222 800860 662554 698109 314732 38864 718697 633933 999999999 651501 413921 834977 341722 665165 639894 344912 522495 338556 298101 307167 937450 191759 781527 506986 230604 325118 373742 453073 234580 813903 962210 220896 565393 444696 501521 376788 388234 847722 330000 543202 134713 850167 311619 253814 753918 439575 440123 608048 395338 456602 521393 143209 618605 507523 584700 8302 606599 665716 559760 589286 395020 724206 853763 676726 447524 778173 626249 777339 753087 532176 734058 326067 286437 519438 653306 272774 786553 716856 365963 805084 483606 292766 733447 194401 192904 334010 142397 835776 524791 534432
834878 635141 125549 512860 841457 525835 724429 472307 516948 724825 187943 167748 498559 308831 344753 630858 79917 248112 651501 999999999 514780 185882 445111 704715 628265 902751 144553 582610 593809 376307 292280 722004 399780 706356 882016 480196 942009 817003 453961 773740 312496 633496 702452 358286 702893 528229 886005 207024 561435 281693 518064 765854 871391 832481 178227 452379 509397 698931 259120 847204 541186 789051 219111 613568 218965 655566 346880 131551 254287 142071 265346 93777 258304 700433 317683 747201 27902 301588 817521 662070 660361 693368 501359 755708 646592 776726 157028 586380 286655 157077 851960 868987 439363 796763 800735 476414 764580 772710 241263 351828
640178 718479 640282 499436 529563 858446 885915 818976 468886 505807 620203 680912 821472 736090 382259 427922 594454 344330 413921 514780 999999999 650280 109537 928832 874816 758820 467794 636837 612392 227025 789313 594318 837892 822085 580241 99963 787240 828831 226365 1056391 797232 228571 860782 573374 192368 39608 796744 714441 96352 607004 332881 1074734 725433 667732 683569 634620 670689 888111 328059 841647 108072 482067 627856 124675 600492 422126 697238 444023 285363 383073 403933 608494 772252 934356 197273 1021513 503207 776061 1037998 170134 951424 215503 539123 852712 892789 675955 671275 902825 363438 659613 863655 706569 833055 428172 605623 93257 430017 1069331 279457 199841
1020759 805592 146087 697321 1023452 636395 875471 582729 702466 909993 313599 124209 616569 399761 530566 815506 141284 321801 834977 185882 650280 999999999 599914 840265 762182 1087394 328235 759292 773668 549161 146147 907433 462469 867945 1065105 635422 1126796 990621 628513 884972 147177 799648 855399 527483 826589 671202 1067917 109414 712425 433707 700809 866843 1056319 1018092 213008 618095 674354 844585 440140 1022144 651246 970679 348981 730135 363671 839323 475423 206359 366048 271857 451210 148188 216580 833255 461975 863234 213042 346988 947815 776156 776022 847121 683092 918548 779244 960694 132540 697912 471773 76494 1024672 1054394 528458 972825 986603 630180 943526 878431 372385 461045
570040 612589 568560 394718 487329 751124 777996 712830 365966 435105 527959 612842 714024 638937 273022 347973 524734 324339 341722 445111 109537 599914 999999999 819475 765284 682061 376472 531240 508825 118022 731410 508825 740042 715733 536750 35529 713352 730937 124943 946903 744310 208150 752805 465042 291449 97549 711469 650761 116745 504021 239428 965573 648084 592191 603907 525095 561346 779304 228574 745926 206957 435866 532199 234071 503105 349465 593429 398714 253286 328107 299451 537076 697240 824901 140287 912000 429282 685557 928979 278411 842214 248658 432166 747862 783252 589040 601742 794501 257848 597776 766408 631867 730272 402909 534189 31387 390911 959973 231996 199532
637191 258750 694549 452485 794573 226787 106386 271905 489185 646569 528934 727674 231997 451038 550938 626728 704769 893806 665165 704715 928832 840265 819475 999999999 78122 590993 591782 326883 367123 704145 838354 530592 437211 183820 797208 833058 622003 346907 710200 151207 879292 846836 115279 380784 1092708 909119 509689 768580 893448 423773 635960 196808 582596 596430 635554 298673 258144 63978 641299 379902 1021240 770179 493792 1052674 486599 660354 365067 820339 849377 779253 558961 694126 690983 17219 806713 117063 681743 533207 115430 1094548 120955 957298 402176 210189 62071 498794 714957 178781 588108 767775 356964 604210 348519 852449 628921 837904 797671 176870 810044 905096
639207 250387 616439 416121 783675 156122 149877 196896 453133 632113 451155 649612 156179 373574 493531 601049 626943 822358 639894 628265 874816 762182 765284 78122 999999999 608227 518650 303932 346344 648385 761127 524239 364692 204961 791260 781187 642100 377381 661171 182527 801953 808529 145198 314110 1044451 857357 533344 690689 845495 348233 596174 211020 595640 601900 557546 240218 209811 103887 577139 412546 963826 754704 416087 999291 409703 635884 287103 745526 780401 706642 494082 616174 614224 72169 743415 147052 605713 457130 189344 1042499 96243 917687 363437 244794 19043 504255 636864 119521 525741 689653 393964 614641 275761 831470 626628 785475 777107 199374 741780 839917
127439 369679 973560 390074 312231 730445 486058 740158 387558 254334 820929 1022643 706387 835628 565128 334095 953667 947176 344912 902751 758820 1087394 682061 590993 608227 999999999 759162 362624 331753 624845 1160806 184957 888993 408127 283118 668467 39956 252247 564890 735130 1192988 555279 476011 588914 832738 721650 91619 1071535 673763 701031 449336 786177 34150 91229 953416 526223 488506 527364 675460 227820 866287 326729 793808 849523 763940 336696 725559 952074 875266 879222 639626 953870 1046403 607463 771290 704816 875059 928278 631396 870563 699849 647506 409523 383964 612539 129014 1007521 720477 628336 1040293 258748 54381 814766 423987 156636 677238 382025 763820 836259 866390
694921 495601 228076 369091 714740 442226 598416 392566 374944 589994 152418 278392 409514 271623 208800 498431 198450 305469 522495 144553 467794 328235 376472 591782 518650 759162 999999999 439664 449593 280561 415653 579599 373547 572472 752592 408369 798562 675014 349812 679762 442482 537972 575220 223714 660089 470690 741455 325586 491132 175629 392723 680739 728107 690535 239237 318642 375236 577657 153325 704539 521786 663475 162538 582704 140121 525741 260946 232015 273876 188152 127879 202323 338465 589912 280625 649836 116655 309236 706817 631472 565890 614186 356829 620550 537574 632645 264058 498599 158718 285845 710354 726483 383460 681862 661462 407050 644710 683406 241210 353544
354821 81765 632037 137799 481598 387540 256937 387103 171307 328959 469517 678905 358022 473401 296070 299986 619626 693750 338556 582610 636837 759292 531240 326883 303932 362624 439664 999999999 42705 426950 814399 230494 527689 185805 492855 537286 401914 236154 410714 475369 849355 525019 233067 236177 783717 611110 318417 727390 586454 345301 318995 512660 339288 326315 602302 163793 128922 271549 410458 264893 738176 450977 439526 756379 412293 333974 363000 661252 632300 598412 344669 616710 691073 338199 557184 439678 554900 566531 420003 794101 399573 636152 102149 216948 316196 236975 663856 393496 353720 703014 272116 349908 457074 528127 335437 543604 473592 497555 590475 660669
315294 113950 650643 114848 438899 428936 292302 426744 143538 286271 492067 698501 398753 504558 289098 259800 635462 689917 298101 593809 612392 773668 508825 367123 346344 331753 449593 42705 999999999 409341 835323 189675 563215 216505 450472 512474 371503 236377 386092 516433 869234 490036 269269 258587 753262 585010 295922 747253 557514 370101 288071 554548 306387 289050 624987 196466 168141 310218 405486 260967 715574 408414 463608 729999 434806 293233 395369 665181 625909 599526 345916 633637 716112 378930 544718 480865 565936 596770 457017 766332 442106 601222 95589 241101 358344 203773 683387 435992 349796 720253 273017 314867 494970 486378 294568 519202 431752 539060 584175 648086
525377 506990 492720 294617 483153 633531 667037 596011 271160 395682 427184 540385 596377 531202 155255 300139 452698 327411 307167 376307 227025 549161 118022 704145 648385 624845 280561 426950 409341 999999999 668532 442776 631017 608581 528629 140430 659613 639761 79690 829632 686975 259318 641758 347081 407537 214160 641001 582724 218864 390603 178054 847717 590761 538986 517458 408188 446360 665955 127241 658306 317437 429865 427144 351700 396262 313437 478814 364248 253595 287853 186010 462503 614811 709057 146575 794874 355549 585050 814821 396419 724399 334558 325544 643712 666497 518390 527765 676511 143444 533290 676017 578807 616302 423789 488943 142414 396920 842348 217677 245396
1106742 848560 188908 774346 1129098 618739 890023 568282 785469 1005464 345342 138779 606834 387649 624453 914048 219063 467225 937450 292280 789313 146147 731410 838354 761127 1160806 415653 814399 835323 668532 999999999 987298 419315 896268 1167865 766876 1200699 1035708 746214 857942 41669 924898 872780 578246 969133 807954 1131071 90303 846173 471050 805873 831186 1131537 1098703 214027 659799 712852 853616 550182 1069312 795463 1077276 377218 873674 402318 940932 486104 348131 507688 406763 543528 213368 149365 828711 596790 841287 314450 308484 937597 920203 756623 979972 751344 947547 776283 1032104 153784 677970 571684 135243 1067614 1132879 499934 1088501 1074229 762318 1055127 846607 509919 604292
127259 274562 798834 212980 264889 618028 438007 616350 205082 127577 653449 848585 588319 683594 381360 167937 776222 762847 191759 722004 594318 907433 508825 530592 524239 184957 579599 230494 189675 442776 987298 999999999 748908 354028 267325 499247 222530 266560 387546 681745 1017920 412650 419832 427633 693173 559284 202833 897358 516694 539332 270898 725446 151712 111407 784265 381903 357791 468282 490628 266481 702382 247051 629068 695362 597487 183756 577447 767519 691356 694396 457419 777522 880058 544759 589338 647507 694518 773313 601731 722218 620411 516886 242990 353779 533729 82003 833535 621999 444232 863395 294742 146983 683503 339594 104954 507691 286338 707143 652004 686459
876118 527063 325179 557772 965125 210470 509021 169329 585763 816027 225981 338462 210510 102029 501742 746709 356754 644443 781527 399780 837892 462469 740042 437211 364692 888993 373547 527689 563215 631017 419315 748908 999999999 538975 989741 768851 927679 702820 683837 439094 460977 869596 497397 336936 1029250 836851 834147 367119 849595 246311 680039 412143 866813 852220 251937 367282 400487 466198 511569 738817 895327 921680 211069 955336 237416 781322 175367 531158 634112 528708 445664 340516 270401 424967 654164 424092 390310 115826 526104 1003918 341861 961296 512628 587982 376566 764654 330159 264747 488368 386066 728235 877446 88934 969628 851640 769056 921957 427292 607750 722554
454908 104105 728572 323587 618896 346802 84059 372234 356815 475579 557741 769985 332528 518512 468269 470067 726865 853171 506986 706356 822085 867945 715733 183820 204961 408127 572472 185805 216505 608581 896268 354028 538975 999999999 618082 722727 440253 172687 596226 332249 934885 706253 68604 349153 968941 796802 329594 815954 772107 434333 503780 380435 398883 413240 683142 254301 197377 119851 576623 208207 922468 598726 523241 942082 504666 501155 411557 803461 797289 748618 501889 720101 757691 199884 732332 299809 680029 611025 248496 979905 292665 817398 283710 51280 206508 315945 755674 322900 519708 802601 192016 420392 453360 686006 448628 728916 631330 359546 755802 835223
172312 541881 980635 432041 50712 878148 702080 871247 405991 173752 859123 1030980 846513 913201 544196 255085 949217 849735 230604 882016 580241 1065105 536750 797208 791260 283118 752592 492855 450472 528629 1167865 267325 989741 618082 999999999 511319 287497 501800 450967 948186 1192805 352486 685145 655052 601590 540636 367308 1078035 484800 760370 364297 992576 264422 219863 981781 630115 615528 734414 625075 488227 679355 100954 841126 642012 807519 226934 814645 891755 775528 815178 624867 954554 1081309 811631 660187 914237 856838 996768 863267 651454 887482 415194 478110 611678 800987 307414 1016590 886331 596540 1035672 519909 235702 932609 166737 169964 520176 150300 973966 743567 736158
553427 618985 603355 399735 461397 773111 787524 736248 368953 418316 559167 647892 735886 668189 292329 335008 559734 357152 325118 480196 99963 635422 35529 833058 781187 668467 408369 537286 512474 140430 766876 499247 768851 722727 511319 999999999 698551 729509 126594 963352 779839 175431 762458 485941 267513 76177 702060 686047 82914 530466 234071 983732 634704 577903 637724 541473 575090 790867 258419 742901 205703 410776 562246 220261 532531 333106 619085 433973 287047 363602 325631 571927 731586 839124 175275 928172 464041 717012 941109 261545 860284 213310 440262 752915 798883 580377 636692 814866 283362 633161 764501 617285 756435 372793 518016 8999 363739 977306 266974 227689
148641 406553 1013391 429518 321782 766938 516367 777707 426264 281455 860885 1062507 743488 875112 603534 365703 993324 983205 373742 942009 787240 1126796 713352 622003 642100 39956 798562 401914 371503 659613 1200699 222530 927679 440253 287497 698551 999999999 278918 597877 764248 1232821 579178 507516 628831 854273 749583 114069 1111399 700455 740927 483102 816117 70916 121369 993372 565616 527231 558724 713114 251407 894253 342147 833742 874787 803893 365644 764908 990046 910952 916874 678535 993609 1086343 638664 805828 734666 914345 967868 657556 894212 732706 667888 449446 413334 645768 168970 1047387 755522 666596 1080003 281134 81524 852835 437392 181801 707393 398779 793275 872258 899872
329804 187148 858564 347241 514513 517829 240528 539528 368644 393405 691029 903528 501038 671260 525474 422775 849891 926176 453073 817003 828831 990621 730937 346907 377381 252247 675014 236154 236377 639761 1035708 266560 702820 172687 501800 729509 278918 999999999 606067 485856 1072471 671332 235218 463295 948939 797669 164970 951231 762261 565061 496074 538480 251744 282918 821770 376140 323097 285157 641791 36109 935113 507476 658509 939928 634851 445584 560763 897351 862249 833805 579848 845669 903983 363918 778902 457057 789453 765237 379208 971559 462294 778864 331093 136718 377872 198137 888691 495587 585881 931101 36652 277752 619668 603378 335258 737059 551319 515144 820530 881902
458714 492430 568035 273142 404743 664642 661772 631827 242654 325934 490632 616394 627332 586530 185690 233070 529230 400428 234580 453961 226365 628513 124943 710200 661171 564890 349812 410714 386092 79690 746214 387546 683837 596226 450967 126594 597877 606067 999999999 843684 765475 189175 636783 377539 383291 200881 589439 659620 184430 438782 116657 866629 530755 476538 588754 423226 453059 666323 198831 620997 330069 351496 486674 346085 454296 241473 522977 443568 326119 367289 240572 538339 687263 716925 212962 808191 432319 647224 816839 385517 743342 278052 314262 626357 678458 466655 603427 702452 198903 611038 641491 516445 660657 344314 422350 133128 317356 858901 292792 302206
787029 409695 739810 595675 945779 249716 250035 303814 632664 797550 587846 764756 275186 485211 674482 775272 758845 985222 813903 773740 1056391 884972 946903 151207 182527 735130 679762 475369 516433 829632 857942 681745 439094 332249 948186 963352 764248 485856 843684 999999999 899607 989415 263942 489926 1226954 1039501 650656 799768 1028019 504486 777322 56650 728872 745462 672750 421949 391930 213840 753168 516357 1143896 921125 554952 1180971 556594 809340 427269 898151 948752 867228 669897 745704 708651 137823 919588 35993 754054 550320 127122 1224502 114052 1099046 543736 351186 165612 648182 753901 188203 703642 809326 490225 751488 359401 1002552 779594 967528 947825 30386 911571 1013703
1136122 885356 219431 805185 1153104 660156 929914 609535 815025 1032315 381485 170740 647932 428389 650886 939917 244143 467605 962210 312496 797232 147177 744310 879292 801953 1192988 442482 849355 869234 686975 41669 1017920 460977 934885 1192805 779839 1232821 1072471 765475 899607 999999999 941193 912417 613215 973647 817620 1165141 122008 857853 507438 829620 872816 1163322 1129303 251824 696356 749967 893891 571605 1105824 797761 1100926 414131 876941 438054 965955 525539 353483 513221 417071 570020 240836 191003 869774 607567 882901 336459 350050 978952 922714 798165 992281 783876 986153 817226 1064535 185862 719489 596275 157154 1104697 1163980 541526 1108984 1103177 774888 1077070 888270 518787 608046
430545 603861 751759 394391 301776 833590 781713 805679 357651 302340 679797 799006 796632 773725 367999 248578 711024 532341 220896 633496 228571 799648 208150 846836 808529 555279 537972 525019 490036 259318 924898 412650 869596 706253 352486 175431 579178 671332 189175 989415 941193 999999999 758057 551556 280797 189035 606973 840461 132517 623489 212427 1018686 523552 464688 776214 580775 599180 795353 385446 676605 327116 256124 675365 296554 642720 228942 704535 603033 461393 529799 429207 721315 873983 856091 347225 953441 613865 836219 944835 315288 897197 111192 445704 725717 824303 493542 786613 865348 387915 789824 702903 501265 841233 200850 398722 183216 202217 1007883 438442 401714
523087 155773 712806 367936 684629 296069 25293 328271 403145 539253 542187 751476 287317 488488 494867 527706 715487 866274 565393 702452 860782 855399 752805 115279 145198 476011 575220 233067 269269 641758 872780 419832 497397 68604 685145 762458 507516 235218 636783 263942 912417 758057 999999999 352483 1014723 837612 395893 795882 816415 423460 551281 311831 467322 481717 662056 259043 205675 51385 597164 269539 958364 662766 506965 982651 492311 559970 386932 807229 814508 757282 518549 707235 730256 131509 757871 231255 677169 578470 187844 1022149 227097 869205 322613 100064 143392 384293 737650 264716 541134 787046 249434 488971 409603 748151 516058 768138 693360 291025 773617 859528
553795 278274 396462 223766 628798 287637 376156 254750 249488 481402 233738 442871 250330 258746 193995 409777 386610 515935 444696 358286 573374 527483 465042 380784 314110 588914 223714 236177 258587 347081 578246 427633 336936 349153 655052 485941 628831 463295 377539 489926 613215 551556 352483 999999999 753363 560945 553346 491278 558621 112307 349617 503221 561830 536691 366672 94967 151776 358704 263446 495297 655818 584810 205073 697838 176448 444407 161914 455488 468818 405014 180211 382484 457668 381748 429891 456537 331530 346131 496019 743264 380716 652399 184702 397853 333042 460018 427849 329480 214103 468249 497194 567068 292760 634151 525903 488825 585599 499850 429286 525807
706342 864970 828371 646906 553189 1040621 1039322 1003546 612414 582011 812507 867166 1003390 927618 559549 527489 781996 508642 501521 702893 192368 826589 291449 1092708 1044451 832738 660089 783717 753262 407537 969133 693173 1029250 968941 601590 267513 854273 948939 383291 1226954 973647 280797 1014723 753363 999999999 193917 887437 898242 199266 795381 465239 1249211 801836 743013 874244 805998 836190 1046985 518148 955813 181010 517550 819694 100019 791852 509619 884877 621086 461461 566858 590899 796639 961104 1099808 387422 1191478 692882 968424 1197670 67644 1125805 187561 693037 993483 1061748 774272 858259 1081982 549231 842843 981369 778421 1021650 434988 676231 265123 460019 1241942 463315 365624
602175 692871 653251 473343 489956 847681 862622 809954 441553 468137 622818 695480 810514 735522 367766 392170 608140 372244 376788 528229 39608 671202 97549 909119 857357 721650 470690 611110 585010 214160 807954 559284 836851 796802 540636 76177 749583 797669 200881 1039501 817620 189035 837612 560945 193917 999999999 761290 730803 57185 601560 301762 1059670 688407 630481 693061 617600 651203 866569 325294 809499 144679 442525 628268 145281 599663 385033 690969 465724 309388 401220 396996 621514 784035 915250 211573 1004336 514837 779897 1016908 185430 936228 183100 515137 825920 875059 641118 685226 890169 355322 676550 832145 669127 827817 388912 567848 72243 390409 1053374 298851 230023
199828 307524 946545 377336 391076 663991 403659 678620 383591 305921 787082 994413 642723 788922 560087 369143 930684 954401 388234 886005 796744 1067917 711469 509689 533344 91619 741455 318417 295922 641001 1131071 202833 834147 329594 367308 702060 114069 164970 589439 650656 1165141 606973 395893 553346 887437 761290 999999999 1043152 717262 663567 472850 702897 102913 153639 920009 480496 436414 446835 674859 137629 904814 397876 757680 895452 729794 379958 677689 947112 884718 876988 628897 929245 1009476 526494 787029 621440 858109 882727 543499 920316 622216 705818 384878 300200 535966 122895 979301 648769 623679 1015895 167933 131633 755927 496380 219471 710517 450056 679819 844332 886003
1016532 764192 98655 684452 1039583 554820 814155 502493 695266 915246 260261 48893 539210 318661 534367 824018 130564 406651 847722 207024 714441 109414 650761 768580 690689 1071535 325586 727390 747253 582724 90303 897358 367119 815954 1078035 686047 1111399 951231 659620 799768 122008 840461 795882 491278 898242 730803 1043152 999999999 766540 386201 716572 777444 1042062 1008765 133937 575096 629141 779618 462429 984409 728515 987911 293537 804914 316477 851121 409281 282015 438162 331734 453462 123533 108135 759997 519239 780527 227309 251634 871699 852379 694291 899355 662237 867166 706696 942965 64019 615505 482200 55680 983704 1043112 440454 1000755 983966 681933 966562 790871 435560 536442
552345 668011 685184 449062 434091 846256 841136 811294 415297 419510 641623 729182 808946 749355 364741 348774 641164 421896 330000 561435 96352 712425 116745 893448 845495 673763 491132 586454 557514 218864 846173 516694 849595 772107 484800 82914 700455 762261 184430 1028019 857853 132517 816415 558621 199266 57185 717262 766540 999999999 609302 269998 1051011 640918 582541 720473 607619 636993 848016 340482 772155 196164 387451 644049 178782 613932 338299 696938 508675 355896 440814 404868 653660 813984 900548 250451 992485 545943 799543 998694 209727 927691 134921 494254 798476 862705 598696 718220 885715 362261 713158 795986 620648 834631 331828 518689 85368 334501 1043329 340946 282563
665035 377992 295109 332335 731518 267672 444591 219919 354696 587423 125968 338718 234180 155218 255516 510360 292852 480871 543202 281693 607004 433707 504021 423773 348233 701031 175629 345301 370101 390603 471050 539332 246311 434333 760370 530466 740927 565061 438782 504486 507438 623489 423460 112307 795381 601560 663567 386201 609302 999999999 435300 505207 674102 648773 257643 188924 243209 417514 279516 598398 676094 685462 94315 728558 70510 543809 90892 397449 447972 362744 204841 285770 346115 420258 437571 475068 258092 236667 537520 776165 390511 716747 296363 485080 366864 572199 323991 323118 247186 368778 597522 679351 226271 727291 636458 531565 681305 507790 413113 521725
347325 399912 620281 183996 323489 625050 575548 600299 148153 218636 513818 670345 588461 590010 189335 122410 586837 505147 134713 518064 332881 700809 239428 635960 596174 449336 392723 318995 288071 178054 805873 270898 680039 503780 364297 234071 483102 496074 116657 777322 829620 212427 551281 349617 465239 301762 472850 716572 269998 435300 999999999 806259 415187 362010 628059 369675 386754 586214 260839 508869 439738 271412 501894 445165 467996 139758 508642 531493 431546 455186 266933 593084 728075 644748 323177 741367 493245 663062 736483 479490 684835 321747 233948 528711 612056 350126 656283 654423 234468 672652 530789 401915 642308 294385 310890 241931 253056 795544 394831 417056
833844 451516 723115 627062 988269 240578 300131 293610 664064 838452 578298 744837 271342 468487 692551 811364 745263 985306 850167 765854 1074734 866843 965573 196808 211020 786177 680739 512660 554548 847717 831186 725446 412143 380435 992576 983732 816117 538480 866629 56650 872816 1018686 311831 503221 1249211 1059670 702897 777444 1051011 505207 806259 999999999 778782 793236 653862 443404 419507 260727 764462 569693 1159037 961730 546855 1199405 551940 845973 422717 892875 952685 866511 681485 731306 682521 181447 930304 81458 747682 526158 183578 1243880 123450 1127343 574229 402790 196876 695579 734757 182157 717210 790625 544198 800750 338404 1040786 824957 987469 986236 26750 916732 1021785
99904 352596 943905 359200 289486 713202 478960 720795 355393 221827 792905 993180 687993 810934 532618 300148 923283 913347 311619 871391 725433 1056319 648084 582596 595640 34150 728107 339288 306387 590761 1131537 151712 866813 398883 264422 634704 70916 251744 530755 728872 1163322 523552 467322 561830 801836 688407 102913 1042062 640918 674102 415187 778782 999999999 58874 925116 502152 466664 518682 642340 231326 833002 300023 766363 817106 736082 303378 701446 919186 841348 846107 607714 923783 1018819 598762 737187 697684 843755 903099 628929 838752 688608 617269 380780 378651 600926 102638 978070 705801 595686 1010089 262974 28722 794175 398056 125791 643460 354246 757082 802418 832240
47738 353161 910237 324371 238706 709729 495920 712905 315652 163173 764209 959992 682297 790686 490289 244386 887451 863645 253814 832481 667732 1018092 592191 596430 601900 91229 690535 326315 289050 538986 1098703 111407 852220 413240 219863 577903 121369 282918 476538 745462 1129303 464688 481717 536691 743013 630481 153639 1008765 582541 648773 362010 793236 58874 999999999 895332 485131 455234 532559 596962 268366 775132 244380 739315 758445 708023 245620 683022 874429 791021 800417 567475 888858 990775 611953 684985 712960 805088 881401 652172 779904 696742 558644 352611 399845 608935 97888 944941 707428 552546 974668 300060 39919 783339 342836 67365 586709 297385 772742 752717 778589
906720 634631 73883 571857 946597 425200 680237 372042 586819 813921 132942 92576 407548 188036 439743 726715 112496 423335 753918 178227 683569 213008 603907 635554 557546 953416 239237 602302 624987 517458 214027 784265 251937 683142 981781 637724 993372 821770 588754 672750 251824 776214 662056 366672 874244 693061 920009 133937 720473 257643 628059 653862 925116 895332 999999999 446046 498844 645730 390768 855481 717251 896493 163470 787723 190231 756396 275352 299900 432355 320200 361183 95036 100018 627340 486851 651862 182421 138883 740026 836508 564968 848028 544369 734401 573805 824420 81152 486470 396573 136786 853597 928119 315463 919776 875610 635196 881027 665662 417106 529392
509009 189121 483004 205959 610485 258350 283192 242591 240204 457902 314892 527468 223085 309610 253523 401738 476833 607386 439575 452379 634620 618095 525095 298673 240218 526223 318642 163793 196466 408188 659799 381903 367282 254301 630115 541473 565616 376140 423226 421949 696356 580775 259043 94967 805998 617600 480496 575096 607619 188924 369675 443404 502152 485131 446046 999999999 57021 269342 343708 409523 724096 571728 282609 759131 258805 437522 199357 550277 557083 498423 262490 471467 531100 302148 508356 386927 425877 402845 412307 802552 320158 687338 154277 303337 258314 399552 512669 284753 289683 556071 408760 511309 303031 633766 485320 545589 581847 436012 516653 607646
