NAME : synthetic_000295
TYPE : CTSP-D
DIMENSION : 100
GROUPS : 8
RELAXATION_LEVEL : 1
EDGE_WEIGHT_TYPE : EXPLICIT
EDGE_WEIGHT_FORMAT : FULL_MATRIX
EDGE_WEIGHT_SECTION
999999999 648639 283217 667146 592743 177365 205128 357418 430225 446452 398675 428624 695373 515859 770697 256069 271359 816721 718039 722651 371069 196966 475460 552218 146254 444704 197468 549296 749474 210153 369808 922734 857841 176834 746885 410894 383041 581263 324348 685657 421702 355579 375885 147175 604700 94289 313915 563323 424790 457444 766172 212515 400082 168795 252550 601322 376844 151738 244749 410801 663337 535268 585734 549269 304379 90429 296104 453426 131221 650783 612421 143948 525090 310437 516074 343491 243211 636236 450383 266804 431341 241145 404994 694321 522376 781940 781756 499456 640049 786174 341703 253224 83536 191284 344932 810378 230997 879363 545749 395076
648639 999999999 865829 644067 640036 530303 529551 669940 219710 1062662 944773 419871 475419 1015162 1274974 880446 914752 711410 1066581 1086034 280144 841393 506097 803841 519810 218006 615185 438402 1054719 704242 937685 873840 863039 537634 822672 1017164 579816 1113250 971417 940730 324553 393389 496367 532506 73743 741911 960298 113625 239250 463208 1198781 436762 460417 753855 870773 771196 823087 739571 437902 975083 54056 596364 427467 1066700 834842 598101 352631 1021986 778618 696079 810434 607426 1036907 339122 711347 976479 885603 460603 830056 836698 1024327 453120 905473 1018947 669173 801882 946889 254304 1042347 810737 887714 675762 695205 799665 991883 832855 466605 865464 969418 264190
283217 865829 999999999 649002 566330 335733 337524 303127 661965 200838 119678 525801 757025 245345 489144 336310 280921 796597 493972 490907 589766 162332 518020 424091 422151 648233 255252 621035 542070 449712 486029 856573 778175 328259 656771 152377 392355 298801 279650 515967 572518 494681 441979 427633 808017 244031 201532 763401 670698 525420 502235 448405 481591 120205 347766 503883 188648 137335 427963 517764 892017 527452 661589 270306 480569 373359 532655 171044 236457 603819 494937 258940 249048 536876 439221 357660 150745 699153 277723 31624 159361 412862 154072 485880 472008 711058 639003 659198 400428 712091 73446 217914 202143 93827 224386 732001 509130 804636 310696 601738
667146 644067 649002 999999999 82676 499733 468298 349138 594521 821621 640511 296455 207354 625578 819532 899700 879776 151547 519758 545642 541231 751327 206769 287093 666925 514155 476713 211482 480222 862359 1032798 269584 229542 497265 181442 771315 285943 728432 904751 362264 388354 385152 301523 688933 571956 731807 841142 542466 641546 244289 689398 572194 294799 613248 902005 203554 481056 613417 484241 1073026 696561 132278 216604 679129 971089 704957 577268 715254 758268 72965 242839 525241 653258 553429 220375 963490 771073 190557 416306 620540 753369 472659 568045 466949 178436 159973 318437 409382 546479 168434 612458 454731 632616 656775 868391 192150 705156 240341 520658 513493
592743 640036 566330 82676 999999999 430184 398360 266841 562661 739979 559629 254394 251799 550196 755319 820685 798968 232628 469694 494281 502371 670007 156358 219632 602805 486462 399420 202532 438711 791948 955763 332223 276806 426957 192717 689519 209726 654252 822942 319475 354973 336656 238998 624490 566495 653995 758708 532317 607237 200320 633083 513696 241328 531990 823481 147907 399708 532662 425002 995718 690537 61760 222572 604464 897116 635620 528586 635284 679469 66010 189997 449601 577801 506434 142201 882729 689014 216418 338273 537871 672224 411545 487820 417216 96824 200400 306859 392634 484492 206848 530366 373550 554346 574943 785844 232256 647559 293903 449908 478209
177365 530303 335733 499733 430184 999999999 31910 236832 328445 532669 422639 251516 518029 512179 777627 430973 435459 646724 649232 660100 254630 331326 301328 435846 180569 313214 97377 371931 665774 362627 546544 762406 703198 8454 599575 486863 225179 600572 480405 581049 256456 183824 201490 200591 474221 261536 448344 429980 342870 280639 735978 132337 223073 224754 428720 465156 331386 211611 92487 587634 556470 370074 408508 558227 474741 205514 205959 496284 295897 492057 484905 77188 529636 205017 378226 513339 370509 458871 375961 307130 494697 79104 396577 614900 372592 626413 656648 340133 590437 631607 363599 173084 180861 272425 480280 656573 247229 722568 501168 266121
205128 529551 337524 468298 398360 31910 999999999 209627 334847 536856 417153 226483 491576 500456 765625 456105 456898 615714 625975 637701 259206 347760 271195 407229 211395 311564 86666 345323 640370 394141 574910 730575 671291 29063 567870 489714 193363 591909 499468 553260 241882 166195 171345 231757 470538 285596 462919 425890 353523 252393 718134 153530 195215 232506 454585 434326 315469 221071 94991 615922 558449 338361 382703 548176 504996 237274 219474 492976 318854 460154 454837 86347 519131 214796 347475 536156 384841 432139 354116 307726 495125 77394 385830 590297 340950 594504 626452 327401 570403 599703 359069 157219 199213 281668 494700 624675 274955 690663 482687 266494
357418 669940 303127 349138 266841 236832 209627 999999999 510253 488738 319607 264263 459228 354344 606731 561954 534727 499320 421577 435661 434286 404676 225109 200344 414691 462015 162417 332409 431651 566876 702929 579479 508423 229835 392884 437517 101943 458160 556457 344253 346136 277883 177851 433146 600866 401567 492039 557194 539751 244435 532165 361796 218202 267295 566418 244207 166159 269799 287275 741699 709128 224443 372189 408772 655949 421514 416908 400271 422696 312471 255716 217414 378974 405515 160547 618449 422259 403345 160909 273434 426448 268026 258403 382957 177942 434696 426590 425916 377741 437754 278184 111353 302079 308571 519524 460767 483986 532022 299762 428341
430225 219710 661965 594521 562661 328445 334847 510253 999999999 854439 750800 309405 486854 834344 1098865 661188 695096 702297 928042 944023 76732 624724 408154 677242 300280 83691 421315 386930 928316 491664 724157 855558 824060 336488 755332 810926 437881 926756 752038 823370 207834 242433 358278 313597 188448 522934 743216 157004 49831 363002 1040870 220176 334233 545878 651815 667123 646023 530586 239855 762576 233826 506517 397243 882821 623635 378568 134452 824695 559517 626990 701048 403653 853639 125318 592243 757000 669648 447211 669819 634407 821324 257919 720396 885193 560349 752801 858301 200587 887739 760712 691959 490230 481348 589419 774585 785361 252862 833644 805995 86422
446452 1062662 200838 821621 739979 532669 536856 488738 854439 999999999 183993 725107 947756 262917 405051 379295 304249 963279 542977 530014 784384 261087 710806 564705 592509 845883 455874 815970 605284 559925 508003 1001563 919421 525588 798635 51230 584591 236122 261411 617494 773312 695484 640092 593162 1006610 376014 186042 962170 859014 721793 482233 636576 680298 309010 395596 652756 340667 323908 625154 527183 1086646 708670 856428 244472 543621 530239 722334 127303 350842 768138 633995 455482 245295 729157 603182 345972 216917 891159 414931 232065 72677 610941 258783 554439 643304 859658 750130 859987 441563 859103 211041 416138 377023 265364 177806 875958 677277 947304 377811 798534
398675 944773 119678 640511 559629 422639 417153 319607 750800 183993 999999999 572946 776952 127427 372045 444234 381122 780327 393185 386368 675969 275816 544700 380853 532487 727071 330565 651848 448089 569299 591760 818054 736224 414479 615168 136778 420040 183676 365457 442694 635914 559149 485510 539924 882475 363705 280434 837634 764798 561519 384212 545754 526740 230699 457195 468764 160411 248107 511653 620526 975364 532137 691750 151139 595312 489104 626870 81111 355105 585208 450434 349857 129387 627602 420930 449836 253553 722197 230941 131880 113218 494537 74824 393550 462807 675763 573175 721623 294697 675293 59789 270899 315789 212895 293270 692405 619331 763979 213079 683318
428624 419871 525801 296455 254394 251516 226483 264263 309405 725107 572946 999999999 267186 618567 868792 682223 682676 425930 646732 666196 248072 568933 98785 384750 389192 236960 280949 122193 636651 598232 796383 565247 523628 252975 447003 674777 165325 721978 723045 525201 103957 90843 87708 411380 347518 512013 679904 306424 353067 54085 781817 285482 46443 441947 680209 361411 428657 434266 202679 837546 464759 197147 157165 672834 719145 441575 281089 653937 545308 319658 397816 308215 642980 256999 293560 762501 602312 208719 418400 494187 671178 196711 518928 599393 255465 449643 549787 166905 625042 457040 523241 309033 423991 491866 711074 482182 414786 536385 557275 224143
695373 475419 757025 207354 251799 518029 491576 459228 486854 947756 776952 267186 999999999 787935 1005206 947570 943905 236211 720084 745126 456207 824789 239462 470291 650454 403399 534149 146255 684819 862663 1063565 398896 395930 518979 383863 896525 364673 893457 980407 565892 310716 349703 328175 672362 409085 776758 930017 390346 536676 241701 884872 542730 297011 691463 946156 398420 618172 686500 466333 1104726 529450 251822 110360 843141 985527 707284 516471 856583 809015 277958 440090 569381 815063 489875 385183 1025158 854059 59778 573357 725976 885500 462532 710630 667369 334543 345212 524624 286276 735765 354350 737411 541849 685265 740154 960134 372988 663271 394587 695924 421914
515859 1015162 245345 625578 550196 512179 500456 354344 834344 262917 127427 618567 787935 999999999 265448 570612 505643 752617 280807 269629 757953 403242 570992 343087 642257 800474 415362 677935 342369 694559 717118 765396 681696 503744 564738 230150 455163 105747 484982 362878 695647 622393 531692 651881 948791 488597 399533 904353 853841 596555 257008 641640 572393 347223 583891 433153 192296 364138 595059 744726 1050263 536308 715853 55397 722721 605800 718037 136353 481716 561586 405170 446098 27687 715153 408127 570763 379876 737957 214579 252129 194108 576591 116093 291919 456576 630278 496639 778178 179423 628160 176046 344115 432323 336601 407889 641659 728058 710189 121102 760387
770697 1274974 489144 819532 755319 777627 765625 606731 1098865 405051 372045 868792 1005206 265448 999999999 777240 704235 922099 328554 302015 1022316 629404 809108 535688 903141 1062341 680775 912618 393683 932931 912065 891804 810134 769192 710515 404700 703477 190794 665973 481369 952503 881589 784081 911371 1207006 730194 586746 1162992 1119114 840353 161627 906856 823578 602634 792704 616034 453539 620006 860024 932172 1311816 756622 947814 222587 939247 861125 983477 326910 716305 748470 578056 710940 249358 980397 620856 750995 595065 961536 450784 503923 369608 841417 381264 374330 671776 778937 598252 1032528 273468 774153 429976 608861 687818 582939 582342 780186 989641 837999 314048 1023560
256069 880446 336310 899700 820685 430973 456105 561954 661188 379295 444234 682223 947570 570612 777240 999999999 75644 1051141 830250 826686 612595 175347 720266 732515 361026 689523 424048 801325 877758 215131 150030 1141409 1069739 429250 952086 372546 614337 592986 132314 843256 677392 611545 622630 348006 844858 171033 193265 805919 644617 707137 824573 456732 650715 298331 16996 799462 510704 292972 500329 184218 887015 767788 838795 580936 164480 282865 532632 456353 141508 872612 800505 380422 567121 551681 720893 97062 190755 888025 599267 345247 408035 497207 490352 821412 738867 996586 958673 753557 735704 999484 409383 450740 267567 269215 206723 1022157 420362 1093778 646961 640561
271359 914752 280921 879776 798968 435459 456898 534727 695096 304249 381122 682676 943905 505643 704235 75644 999999999 1031211 771801 766654 640494 131005 710661 692899 396465 715369 411466 798363 822235 280795 211875 1112342 1038046 432321 918546 299788 597656 521856 62832 795346 689321 619120 616017 386823 874230 177499 118300 833572 683251 702216 757004 482137 647501 267451 92414 764932 463826 266362 513700 239404 925250 749263 837104 512387 240029 318935 562933 386377 141020 847195 762399 374932 500258 579484 690118 83774 130310 884127 553419 294941 336052 507786 433161 766241 712668 966660 915138 769343 675153 968939 352105 425480 258898 229092 131177 990764 465018 1063035 588909 665816
816721 711410 796597 151547 232628 646724 615714 499320 702297 963279 780327 425930 236211 752617 922099 1051141 1031211 999999999 603810 630905 658686 902535 347440 409561 808735 619056 627834 318170 551854 1008820 1183513 162737 173822 644772 217440 913660 437062 851936 1055566 443845 504842 516746 446056 830909 644109 882947 990799 622740 751327 378338 779358 709629 433400 764482 1053326 319490 623074 764850 623360 1223857 765404 283405 305223 804122 1120044 850963 704844 852198 909682 195148 350407 675669 780170 679620 360393 1114942 921569 258075 551420 768809 893544 613503 706482 552786 324616 153558 356214 505236 649980 161131 756387 605984 783931 807568 1017582 168579 840517 165063 640295 627548
718039 1066581 493972 519758 469694 649232 625975 421577 928042 542977 393185 646732 720084 280807 328554 830250 771801 603810 999999999 27217 853184 655956 564966 264646 815380 872175 558067 655465 68969 919273 979785 563416 482211 641333 387880 510763 492191 332470 758642 160438 745396 688335 575012 830513 993963 718526 673549 953154 960031 605126 176072 779501 607593 562996 841703 321920 341340 576842 708637 1010613 1111079 488865 684448 303604 970652 800980 838396 417111 721252 446800 280041 606325 297883 827000 358566 842807 642060 685688 274305 487937 474915 689318 339904 52827 405826 455616 269698 812813 101446 450114 420901 482391 639311 571357 685006 454153 893291 509878 183290 843798
722651 1086034 490907 545642 494281 660100 637701 435661 944023 530014 386368 666196 745126 269629 302015 826686 766654 630905 27217 999999999 868772 653214 586099 286333 823689 889645 567591 678086 92911 921767 975789 590239 509197 652091 415072 499704 509705 314111 751367 187348 763915 705374 592900 838303 1013661 719592 666040 972501 975107 625612 148856 791097 626313 564919 838539 346744 345937 579254 721991 1005867 1129985 511874 707673 288155 969615 806805 851829 405300 720924 472710 305053 614644 284768 841113 380240 836152 637472 709948 284183 486600 463265 702623 337103 78965 428233 482828 296369 832647 91680 477331 417525 491359 642879 570907 676339 481336 902727 536810 181231 860276
371069 280144 589766 541231 502371 254630 259206 434286 76732 784384 675969 248072 456207 757953 1022316 612595 640494 658686 853184 868772 999999999 561723 346210 604856 254103 78411 345839 340525 854988 459924 688247 806978 770109 262471 694805 739878 364813 850941 695255 751792 154125 172056 287299 270996 233776 465117 680747 193451 108610 302147 964368 158600 266975 475379 604607 599051 569350 460634 164352 727885 302396 444105 357388 806704 592015 330733 81434 750671 502027 567728 631618 330864 777448 61074 521827 706718 605644 410192 593476 561594 748991 181964 644266 810993 492425 696998 792024 177767 811511 704560 617421 413860 415061 520316 712438 729581 227324 781532 729387 35809
196966 841393 162332 751327 670007 331326 347760 404676 624724 261087 275816 568933 824789 403242 629404 175347 131005 902535 655956 653214 561723 999999999 588426 562660 341537 631859 290701 680597 702576 305043 325374 981486 907047 326634 787559 235329 471713 439808 155812 668884 587716 513650 496827 338940 793562 115687 119082 750845 621375 583572 659791 404891 530823 138083 185926 633967 336368 139396 417862 358818 858432 621709 720146 420338 319539 273165 490272 302542 90283 717076 631871 262065 403045 502275 559234 214257 46700 765112 425489 169900 264327 408554 316214 646196 582523 835758 786384 671279 562751 837993 235770 296596 150816 98129 150912 859775 422936 932065 472769 582439
475460 506097 518020 206769 156358 301328 271195 225109 408154 710806 544700 98785 239462 570992 809108 720266 710661 347440 564966 586099 346210 588426 999999999 300397 461698 334538 299198 107616 549140 662032 845017 476132 429324 300146 348596 659631 126224 676439 744238 434637 201663 181030 99870 483824 432578 549461 691393 394168 451786 45476 709861 365450 88067 453424 720449 266553 389580 449357 277682 885877 553627 98367 147097 626281 776044 504068 373522 625374 579597 222097 304761 339865 597022 350785 206699 793081 616017 181142 360465 486845 650553 266706 482420 515654 163076 354177 451959 252203 553701 361230 501702 302389 453969 501615 721261 386543 498410 443747 495075 322911
552218 803841 424091 287093 219632 435846 407229 200344 677242 564705 380853 384750 470291 343087 535688 732515 692899 409561 264646 286333 604856 562660 300397 999999999 614815 615549 361541 392171 252376 762370 879307 437578 356623 429185 235058 517326 240187 443509 701726 148141 485738 434905 319260 633436 730831 584346 625618 690751 713277 341166 417219 556134 348117 434975 739534 90305 236052 442607 475462 916134 849467 227145 422920 395059 843044 620716 602014 447214 599767 219661 70967 416179 370670 586830 93945 774522 568035 429533 150777 402273 492925 457008 306036 215395 142402 294962 230016 549631 265577 294443 368747 299143 488337 464926 647792 311935 682170 383972 233785 591394
146254 519810 422151 666925 602805 180569 211395 414691 300280 592509 532487 389192 650454 642257 903141 361026 396465 808735 815380 823689 254103 341537 461698 614815 999999999 332223 258749 510082 837595 214630 435829 933960 878500 186465 778069 556000 403499 716162 455095 758389 347884 301299 365573 22227 484317 230513 455965 446323 286836 431498 884098 109595 375413 302883 352032 645661 481840 285464 186656 476023 528809 541464 540789 680574 343801 78294 172954 593192 265618 666532 665330 209086 654594 194279 558759 456720 388136 594598 541276 401844 574908 195250 527508 784908 551615 801664 837116 411250 747471 807299 473519 333120 220456 333569 486130 832492 87012 896631 654657 284656
444704 218006 648233 514155 486462 313214 311564 462015 83691 845883 727071 236960 403399 800474 1062341 689523 715369 619056 872175 889645 78411 631859 334538 615549 332223 999999999 397208 304926 867837 538122 766656 773172 743508 320345 678599 799877 380012 897120 769003 759360 133041 184771 297338 349350 162000 538987 750913 119014 133400 289063 994054 233488 267851 537606 681869 598149 609095 523806 220733 806294 249798 432382 313875 851198 670280 408395 159828 804041 575923 549780 633850 390401 821530 138185 527264 783055 674779 363558 622921 618912 806495 235373 689369 827271 491817 673224 786450 117167 838869 681297 669812 458954 483053 584301 782771 705712 303952 752360 761388 49646
197468 615185 255252 476713 399420 97377 86666 162417 421315 455874 330565 280949 534149 415362 680775 424048 411466 627834 558067 567591 345839 290701 299198 361541 258749 397208 999999999 389962 578858 405407 556384 726951 660778 88927 549421 407576 190787 505536 446257 501752 317592 239842 206127 275505 554828 255115 399167 510044 438656 292880 639275 229183 240848 161030 425663 404793 234280 153603 181530 596448 644859 344484 429649 462247 500301 259261 302746 406851 282589 455260 418083 55024 433389 300103 318989 494013 321859 474446 283784 224597 410955 164051 300130 526372 325278 585134 588976 404224 495336 589189 272720 76822 156482 210998 430214 613247 335243 682666 405008 352823
549296 438402 621035 211482 202532 371931 345323 332409 386930 815970 651848 122193 146255 677935 912618 801325 798363 318170 655465 678086 340525 680597 107616 392171 510082 304926 389962 999999999 632658 720200 917907 468666 439597 372778 385387 764892 232165 783502 835928 514739 186720 209053 183956 532200 365153 630543 787795 332963 435198 97256 807566 404473 150963 548901 799905 341690 497188 543106 324109 959053 489638 167105 40555 733277 841326 563733 389171 732637 662931 257834 382988 423567 704127 363370 298892 879322 711174 86945 466196 589607 756843 318813 590017 604477 249882 371451 508944 197901 652642 379872 607859 403638 539553 598127 818319 403611 530382 447612 598739 309730
749474 1054719 542070 480222 438711 665774 640370 431651 928316 605284 448089 636651 684819 342369 393683 877758 822235 551854 68969 92911 854988 702576 549140 252376 837595 867837 578858 632658 999999999 954581 1027731 500861 421129 658224 334459 570852 490442 400095 812595 119292 738074 686375 571094 853951 981410 757547 728098 942006 963007 591512 236470 793294 600493 601147 888455 291936 376610 613884 717883 1059834 1101057 465684 658720 369204 1013070 829252 846736 478498 763046 407695 250050 629733 361357 833398 343443 895578 691978 654866 299362 532995 535870 698830 389106 56475 386559 400704 206970 800424 165464 394520 470131 505387 673487 614154 741269 396222 912330 448244 235077 842826
210153 704242 449712 862359 791948 362627 394141 566876 491664 559925 569299 598232 862663 694559 932931 215131 280795 1008820 919273 921767 459924 305043 662032 762370 214630 538122 405407 720200 954581 999999999 233468 1123911 1062092 365271 953679 539441 583943 742486 343023 894880 562474 512966 562800 193864 680077 205983 383300 646074 465019 636520 950727 324224 579127 356949 199735 810187 578710 342538 396412 271085 702777 732391 752526 718939 132314 157973 379079 606216 216641 852529 822276 350651 698680 403220 724325 307298 344652 805836 656870 443483 569342 401567 592232 898820 727589 985642 991877 624652 835829 990336 519024 463332 281126 358157 405397 1014927 238840 1082579 741837 493023
369808 937685 486029 1032798 955763 546544 574910 702929 724157 508003 591760 796383 1063565 717118 912065 150030 211875 1183513 979785 975789 688247 325374 845017 879307 435829 766656 556384 917907 1027731 233468 999999999 1280983 1211328 546462 1095148 509378 746928 732446 246655 992610 776705 718184 745603 417549 912350 302244 326053 877310 698446 827087 968863 542712 769598 444332 140491 943545 660198 437264 602365 41171 935927 900520 953463 724171 106625 364313 606836 597852 280715 1010355 946444 507912 712106 629569 863069 165171 338518 1004814 748407 495270 546338 603063 639966 971402 877887 1137163 1106645 845732 884593 1140479 558892 591667 402260 418290 330198 1163665 471738 1234664 796509 719995
922734 873840 856573 269584 332223 762406 730575 579479 855558 1001563 818054 565247 398896 765396 891804 1141409 1112342 162737 563416 590239 806978 981486 476132 437578 933960 773172 726951 468666 500861 1123911 1280983 999999999 83892 759133 202931 954712 540364 855397 1128827 415398 653000 654555 568595 955797 806022 978783 1056948 783505 903849 513694 737235 841280 564199 845719 1145644 352911 671421 849107 753034 1320250 927796 392834 461296 811584 1226883 967819 846323 881447 1001665 271953 367620 778923 791774 822157 422259 1195741 993844 417479 588327 832047 929390 740834 743311 518280 403099 145910 294056 661808 631448 144484 805414 690677 878766 883790 1080942 125663 974506 55305 645654 777580
857841 863039 778175 229542 276806 703198 671291 508423 824060 919421 736224 523628 395930 681696 810134 1069739 1038046 173822 482211 509197 770109 907047 429324 356623 878500 743508 660778 439597 421129 1062092 1211328 83892 999999999 699306 121647 872975 478601 771506 1052457 332099 617730 610223 515792 900003 792675 909638 979162 766223 871054 470298 656965 790498 516520 772571 1074626 274511 591751 776838 701807 1250115 916458 338565 439365 727722 1160993 907634 802786 798609 931083 212034 286089 713926 708014 779724 348855 1121120 917646 402438 507341 754433 847105 688279 661594 436066 335507 76848 214299 636967 548121 71756 725227 619748 809808 809045 1002516 47670 924353 28590 561832 742854
176834 537634 328259 497265 426957 8454 29063 229835 336488 525588 414479 252975 518979 503744 769192 429250 432321 644772 641333 652091 262471 326634 300146 429185 186465 320345 88927 372778 658224 365271 546462 759133 699306 999999999 594970 479581 220929 592244 476520 574087 261106 187579 200280 206165 481123 259291 443236 436805 351198 280641 727608 140679 223249 218076 427324 459604 322970 205224 99732 587510 564137 367139 409723 549839 475974 208699 214370 488310 293243 488433 478866 70214 521232 213251 372639 510710 365309 459682 367929 299497 487109 85594 388158 607211 367917 622561 650653 345284 582205 627664 355496 164706 176538 266070 475145 652574 254473 718898 492842 273490
746885 822672 656771 181442 192717 599575 567870 392884 755332 798635 615168 447003 383863 564738 710515 952086 918546 217440 387880 415072 694805 787559 348596 235058 778069 678599 549421 385387 334459 953679 1095148 202931 121647 594970 999999999 751860 374669 657599 931772 229358 547575 527469 423356 799042 749894 794366 857906 718347 799942 392960 563878 696533 431345 654182 957483 153752 470122 659142 608245 1133500 874539 251106 395968 612421 1048257 801569 718090 678741 814504 128965 164755 603534 591481 696775 232342 1001366 797106 371958 385821 633314 726463 593163 540453 337832 227073 68475 143885 581239 441709 64436 603587 503715 694963 689455 881064 77435 830076 148929 446223 670920
410894 1017164 152377 771315 689519 486863 489714 437517 810926 51230 136778 674777 896525 230150 404700 372546 299788 913660 510763 499704 739878 235329 659631 517326 556000 799877 407576 764892 570852 539441 509378 954712 872975 479581 751860 999999999 533423 223389 265965 576174 724594 646751 589481 558067 960061 347140 183337 915499 817180 670874 465035 594482 629807 265103 388070 604693 290671 280772 579299 532049 1042273 657683 805336 221312 535033 497162 679819 95080 325519 718568 587110 409750 216444 685617 553369 352414 195081 839944 366969 183080 37978 564600 211407 518490 592925 812094 707898 811275 409494 811749 159972 365745 337603 224350 183994 829052 641782 900702 339431 752977
383041 579816 392355 285943 209726 225179 193363 101943 437881 584591 420040 165325 364673 455163 703477 614337 597656 437062 492191 509705 364813 471713 126224 240187 403499 380012 190787 232165 490442 583943 746928 540364 478601 220929 374669 533423 999999999 559516 627030 387717 255545 196393 83595 424391 508937 445901 570093 466288 473144 142497 619022 327276 120632 334494 616303 246957 268100 332415 241575 787106 621784 153697 272379 509899 687420 429035 364152 500985 472832 268639 273365 239932 480195 347669 162495 681034 496155 307040 253137 361347 524720 224439 360262 447872 148194 401951 441979 330517 462531 406900 375768 178957 346929 381161 599320 431735 459041 498675 392214 352576
581263 1113250 298801 728432 654252 600572 591909 458160 926756 236122 183676 721978 893457 105747 190794 592986 521856 851936 332470 314111 850941 439808 676439 443509 716162 897120 505536 783502 400095 742486 732446 855397 771506 592244 657599 223389 559516 999999999 489237 444138 796302 721859 634718 723476 1048108 539413 406575 1003475 943441 701341 246393 726717 675658 414074 607912 532772 293666 431512 686900 755438 1146751 641738 821519 50366 752990 671632 806181 137640 525936 663009 502269 530266 79446 805292 512478 575580 407221 843672 320141 314982 186118 668985 207793 357455 561407 724469 576514 879809 236456 721716 242937 438335 498859 392487 406663 733569 803004 800096 212150 855513
324348 971417 279650 904751 822942 480405 499468 556457 752038 261411 365457 723045 980407 484982 665973 132314 62832 1055566 758642 751367 695255 155812 744238 701726 455095 769003 446257 835928 812595 343023 246655 1128827 1052457 476520 931772 265965 627030 489237 999999999 794808 736281 664091 652324 446474 928977 230149 85462 887670 741860 739025 730060 536655 685789 292628 149247 778092 467791 295073 562520 266560 983341 776047 875319 485262 292742 378300 618951 357916 193229 867877 772194 415034 476396 634451 707219 86541 135009 920700 557204 299470 303654 555227 425142 757353 733533 982918 918651 817991 659711 984642 345794 450554 300286 248000 83650 1005622 525834 1078206 577641 719363
685657 940730 515967 362264 319475 581049 553260 344253 823370 617494 442694 525201 565892 362878 481369 843256 795346 443845 160438 187348 751792 668884 434637 148141 758389 759360 501752 514739 119292 894880 992610 415398 332099 574087 229358 576174 387717 444138 794808 999999999 627979 580955 465099 776320 867180 707186 713314 828655 860341 478046 335521 703453 491530 552447 852126 173241 332582 562752 623479 1027381 988040 348166 540001 403449 966225 759190 750151 491236 718035 289455 131761 555359 387288 734855 232112 873565 666112 535577 244352 500453 545136 604950 373024 108941 271562 297679 133761 686744 216052 292790 449540 433694 615764 574323 731041 299327 828072 360498 242076 737221
421702 324553 572518 388354 354973 256456 241882 346136 207834 773312 635914 103957 310716 695647 952503 677392 689321 504842 745396 763915 154125 587716 201663 485738 347884 133041 317592 186720 738074 562474 776705 653000 617730 261106 547575 724594 255545 796302 736281 627979 999999999 77844 171974 369042 254740 512762 704175 211293 253576 156214 874296 238321 137890 473748 672826 465317 503432 462832 177063 817645 366341 299751 206422 748475 690221 412927 205948 715654 548541 419160 501430 328123 718546 179476 395944 764685 626165 260334 505703 541528 725878 181538 589525 699189 359191 545622 653462 86683 717964 553420 581898 365211 437310 523250 736044 578210 352924 628385 645125 125139
355579 393389 494681 385152 336656 183824 166195 277883 242433 695484 559149 90843 349703 622393 881589 611545 619120 516746 688335 705374 172056 513650 181030 434905 301299 184771 239842 209053 686375 512966 718184 654555 610223 187579 527469 646751 196393 721859 664091 580955 77844 999999999 115856 323355 326420 444057 629114 281962 280511 140872 809538 195560 96317 396866 608070 427031 430130 386382 116847 759323 431345 276466 239676 674565 636738 358172 192570 638595 479077 402628 459643 252511 644683 169813 350149 696259 551035 293329 438728 463684 648166 115261 514508 644264 320470 535206 620375 164526 654160 542252 504638 288263 364058 446547 660890 567571 323959 624109 577609 156498
375885 496367 441979 301523 238998 201490 171345 177851 358278 640092 485510 87708 328175 531692 784081 622630 616017 446056 575012 592900 287299 496827 99870 319260 365573 297338 206127 183956 571094 562800 745603 568595 515792 200280 423356 589481 83595 634718 652324 465099 171974 115856 999999999 387521 425766 451619 603966 382900 395900 86767 702414 274789 41294 365066 622311 313134 341213 359151 186090 786522 538189 177249 223903 585741 676180 404911 296786 566550 482642 304142 344517 242491 555854 277375 234528 697701 527238 268426 334983 410368 584809 172617 431247 529939 207390 439269 507666 248519 546013 445489 436464 224200 357820 414441 634597 470872 408679 532607 474375 272218
147175 532506 427633 688933 624490 200591 231757 433146 313597 593162 539924 411380 672362 651881 911371 348006 386823 830909 830513 838303 270996 338940 483824 633436 22227 349350 275505 532200 853951 193864 417549 955797 900003 206165 799042 558067 424391 723476 446474 776320 369042 323355 387521 999999999 499243 225704 451350 462082 297168 453720 895874 130752 397608 309463 338293 665721 495141 292014 208872 457479 539604 563210 562771 688960 323944 68267 189573 598560 259660 688077 684821 224431 663445 212022 578772 444342 385639 616620 556739 408600 578243 217443 537794 800895 572411 823159 856636 431110 760996 828743 481413 348813 225491 337417 480991 853912 84215 918265 667786 302446
604700 73743 808017 571956 566495 474221 470538 600866 188448 1006610 882475 347518 409085 948791 1207006 844858 874230 644109 993963 1013661 233776 793562 432578 730831 484317 162000 554828 365153 981410 680077 912350 806022 792675 481123 749894 960061 508937 1048108 928977 867180 254740 326420 425766 499243 999999999 698829 912639 44845 221510 389932 1127916 392343 388943 698915 836269 697483 756508 685357 381914 950912 124666 522621 355425 1000963 812081 562125 312297 960669 735750 622949 736780 551320 971089 294747 638126 939655 836676 390587 760323 778251 965502 395673 840553 946059 595641 730366 873354 181212 971313 739167 826285 612202 645019 745960 944463 761570 441304 795900 899762 211163
94289 741911 244031 731807 653995 261536 285596 401567 522934 376014 363705 512013 776758 488597 730194 171033 177499 882947 718526 719592 465117 115687 549461 584346 230513 538987 255115 630543 757547 205983 302244 978783 909638 259291 794366 347140 445901 539413 230149 707186 512762 444057 451619 225704 698829 999999999 225696 657569 515188 536132 744769 306518 479814 156431 171093 643932 381117 144614 336552 341843 755323 599595 668244 513931 259269 158635 389286 404814 36939 708128 649395 209612 493079 404353 562042 252225 161947 717164 464287 237670 373122 331318 387105 701286 575706 835176 813841 592057 632273 838611 313061 290712 100021 152205 255638 861968 309071 932723 538783 489361
313915 960298 201532 841142 758708 448344 462919 492039 743216 186042 280434 679904 930017 399533 586746 193265 118300 990799 673549 666040 680747 119082 691393 625618 455965 750913 399167 787795 728098 383300 326053 1056948 979162 443236 857906 183337 570093 406575 85462 713314 704175 629114 603966 451350 912639 225696 999999999 869887 738685 690542 645632 523647 639898 238902 209628 704695 390051 245642 536168 349159 976778 714989 827864 400680 357659 383893 608784 273472 192313 800304 696446 376624 391196 621178 637299 171453 78083 870697 478706 224903 220479 526295 341876 673079 666800 911205 838833 788466 574402 912491 263776 391291 268973 189863 31976 932771 534403 1005422 493041 701508
563323 113625 763401 542466 532317 429980 425890 557194 157004 962170 837634 306424 390346 904353 1162992 805919 833572 622740 953154 972501 193451 750845 394168 690751 446323 119014 510044 332963 942006 646074 877310 783505 766223 436805 718347 915499 466288 1003475 887670 828655 211293 281962 382900 462082 44845 657569 869887 999999999 196308 350686 1085295 351435 346793 654724 797737 660142 712092 641298 337801 916300 159476 486221 327047 956415 778337 523641 273515 915827 694507 590472 698883 507017 926552 254508 598565 900166 793655 366205 716988 733577 920775 351287 795878 905707 557147 701851 838890 141969 928813 710524 781443 567391 601843 701964 901755 733468 407989 770778 856402 168580
424790 239250 670698 641546 607237 342870 353523 539751 49831 859014 764798 353067 536676 853841 1119114 644617 683251 751327 960031 975107 108610 621375 451786 713277 286836 133400 438656 435198 963007 465019 698446 903849 871054 351198 799942 817180 473144 943441 741860 860341 253576 280511 395900 297168 221510 515188 738685 196308 999999999 407026 1067304 222706 374776 552458 634245 707324 668230 536463 259718 735941 242459 550065 446460 900823 595859 364439 138217 836529 551151 672048 740146 415194 872036 138728 630428 741257 667149 496741 697535 644380 829755 278742 738786 918479 600623 799194 899836 250403 915754 806995 705386 510601 482840 593697 769581 831780 227569 881137 831812 129036
457444 463208 525420 244289 200320 280639 252393 244435 363002 721793 561519 54085 241701 596555 840353 707137 702216 378338 605126 625612 302147 583572 45476 341166 431498 289063 292880 97256 591512 636520 827087 513694 470298 280641 392960 670874 142497 701341 739025 478046 156214 140872 86767 453720 389932 536132 690542 350686 407026 999999999 746173 331306 57715 451646 706287 311296 410586 445891 245322 868145 510009 143611 137417 651526 754052 478799 333091 642587 567847 265582 348936 327901 621935 309570 248199 783593 613928 181923 389870 493896 664253 236494 502732 556545 206728 395968 497429 208926 589554 403284 515307 307617 443663 500894 721083 428476 462803 483579 526876 278043
766172 1198781 502235 689398 633083 735978 718134 532165 1040870 482233 384212 781817 884872 257008 161627 824573 757004 779358 176072 148856 964368 659791 709861 417219 884098 994054 639275 807566 236470 950727 968863 737235 656965 727608 563878 465035 619022 246393 730060 335521 874296 809538 702414 895874 1127916 744769 645632 1085295 1067304 746173 999999999 868271 739070 599153 838407 487498 405257 615480 808663 994377 1239900 644206 839632 244981 978994 854899 937186 372190 738673 616771 446839 679252 257529 929885 508993 816594 634406 846406 371433 507349 427071 789361 361307 226586 559061 631680 443205 948567 156789 626185 431708 562904 683033 592572 648969 629992 967718 684328 235634 960209
212515 436762 448405 572194 513696 132337 153530 361796 220176 636576 545754 285482 542730 641640 906856 456732 482137 709629 779501 791097 158600 404891 365450 556134 109595 233488 229183 404473 793294 324224 542712 841280 790498 140679 696533 594482 327276 726717 536655 703453 238321 195560 274789 130752 392343 306518 523647 351435 222706 331306 868271 999999999 277551 329790 449660 574156 463458 313757 88701 583275 453999 451937 433653 686029 452894 178902 86101 615516 343427 578931 598742 196468 657971 97943 488752 549693 449577 487757 507256 422667 607253 103473 525625 743633 473832 714038 768862 303039 722576 720277 486035 305369 261502 371212 555173 745660 133891 806894 633505 184140
400082 460417 481591 294799 241328 223073 195215 218202 334233 680298 526740 46443 297011 572393 823578 650715 647501 433400 607593 626313 266975 530823 88067 348117 375413 267851 240848 150963 600493 579127 769598 564199 516520 223249 431345 629807 120632 675658 685789 491530 137890 96317 41294 397608 388943 479814 639898 346793 374776 57715 739070 277551 999999999 401242 649579 332915 382267 394441 190185 810675 503676 180574 189673 626576 696342 421319 287286 607764 512012 307335 367063 272633 596709 265475 259469 728364 562702 237362 373650 449967 625610 180166 472485 561300 226137 440895 525097 209900 582408 447710 477428 264180 388644 450945 670803 473090 410358 531462 512823 247829
168795 753855 120205 613248 531990 224754 232506 267295 545878 309010 230699 441947 691463 347223 602634 298331 267451 764482 562996 564919 475379 138083 453424 434975 302883 537606 161030 548901 601147 356949 444332 845719 772571 218076 654182 265103 334494 414074 292628 552447 473748 396866 365066 309463 698915 156431 238902 654724 552458 451646 599153 329790 401242 999999999 304720 501257 224687 17450 317010 481330 777682 483719 588962 380749 414135 259049 414836 290799 165786 579752 502381 147937 356321 420561 423887 351197 162628 632037 308677 99137 277711 303668 237972 544916 445237 700288 662776 559712 478979 702839 173019 158516 85367 50016 269600 725100 389892 797081 384908 489864
252550 870773 347766 902005 823481 428720 454585 566418 651815 395596 457195 680209 946156 583891 792704 16996 92414 1053326 841703 838539 604607 185926 720449 739534 352032 681869 425663 799905 888455 199735 140491 1145644 1074626 427324 957483 388070 616303 607912 149247 852126 672826 608070 622311 338293 836269 171093 209628 797737 634245 706287 838407 449660 649579 304720 999999999 805225 519752 298483 495830 176616 876507 769921 837047 595146 148033 274165 524267 471034 144144 876200 807099 380661 580891 543828 725884 109541 204103 886718 607916 355553 423309 493344 501830 832058 742786 1001110 966418 748029 747742 1004149 421043 455082 269396 277803 223565 1027005 409078 1098429 658449 633108
601322 771196 503883 203554 147907 465156 434326 244207 667123 652756 468764 361411 398420 433153 616034 799462 764932 319490 321920 346744 599051 633967 266553 90305 645661 598149 404793 341690 291936 810187 943545 352911 274511 459604 153752 604693 246957 532772 778092 173241 465317 427031 313134 665721 697483 643932 704695 660142 707324 311296 487498 574156 332915 501257 805225 999999999 318667 506742 488391 981533 819598 175763 366820 484705 899855 661668 608383 536746 662837 132796 42134 459660 460690 590060 86979 847673 643381 364252 237830 479927 581397 471392 394001 269362 106778 208102 195298 518247 342925 208552 452916 353429 545212 535846 728268 228121 705279 300763 321787 580734
