NAME : synthetic_000680
TYPE : CTSP-D
DIMENSION : 100
GROUPS : 8
RELAXATION_LEVEL : 1
EDGE_WEIGHT_TYPE : EXPLICIT
EDGE_WEIGHT_FORMAT : FULL_MATRIX
EDGE_WEIGHT_SECTION
999999999 692835 541833 973733 254679 857996 855002 939079 976649 551150 811315 315981 837224 79743 582048 466025 883814 443791 66558 908682 254791 532141 710149 715232 529703 448451 530306 306910 255843 1039418 636630 611411 506326 879937 935329 352569 334430 646899 614659 447103 305061 253415 390505 741295 106912 529183 199523 510033 316817 335412 1012937 421504 513836 601988 1037187 635593 559995 874887 768066 476644 829217 521597 474846 559838 722892 212871 1018522 228149 490229 699285 580246 967899 715053 209315 583966 349959 431289 981844 916423 390281 592228 992888 591859 521139 369008 95181 767581 946693 855659 965585 600748 569975 344702 257534 585864 488028 706269 1013311 420253 278806
692835 999999999 695550 328768 753032 320763 505701 350561 312083 312892 404102 750402 588178 647229 448746 258446 214901 760042 673013 497744 679655 277078 362902 424241 458577 662806 604256 763364 580546 348997 239209 437653 733937 229278 244174 596776 374724 171647 317569 762000 486879 607157 360339 228870 674027 656819 539828 692550 528808 628794 323496 534260 639026 451980 360339 452902 506058 586549 552908 423778 174370 697642 397135 234600 307526 501951 675944 480085 268324 73021 247635 332429 406971 587000 575722 476762 523734 462571 470530 340509 122575 306040 531438 309078 328866 597836 105311 661797 206801 333810 142161 223225 686899 448402 218586 480357 168738 322292 381667 420995
541833 695550 999999999 1022056 333234 626632 480310 1043230 830909 795372 503657 269665 401780 585407 267605 649182 772596 150765 592484 554407 293044 418607 946001 387011 240083 913598 949601 289129 709222 994913 479090 921209 67926 745879 862677 198440 587045 539616 401537 149437 685728 292250 662454 565382 630291 973300 389951 974182 269165 207187 916567 826783 953555 275244 1033660 947311 921228 449516 344134 805055 720670 985161 301202 461012 920420 420065 582238 568317 696006 647084 775204 785443 975065 669160 975506 724181 189023 683290 584945 637106 577449 890584 195500 386585 564056 518037 800814 495147 729085 1028959 553414 746752 204637 566322 479018 850153 821002 924968 338268 456359
973733 328768 1022056 999999999 1070470 524216 754529 103663 355242 459517 654624 1073385 857368 914492 767344 507754 321577 1088575 940248 719442 999352 604799 370463 713520 783103 806434 710467 1085204 802263 173761 550632 507631 1062242 360499 235333 923874 639398 485354 631342 1090568 710355 927000 592643 496103 931034 765323 848041 811821 853203 954961 264515 695064 753685 767654 104847 505504 599947 842494 838197 578224 346134 812318 725528 561592 314971 806083 893335 746960 487903 376100 407541 420754 406037 824127 654729 682208 852488 624339 680304 586273 450861 276064 850003 636656 607391 879749 225795 905959 359470 27854 470145 409199 1013015 716586 543055 616276 268832 249997 709499 722553
254679 753032 333234 1070470 999999999 820776 748925 1058888 985639 712526 735024 67683 699736 323853 477005 589874 904206 203629 319091 815192 76188 514860 876979 621683 424233 693943 763083 53589 490239 1097264 614601 804863 280776 889529 976080 201294 474883 650228 562968 206657 509676 146891 549958 721646 360226 770043 229785 756326 234221 165854 1046210 645165 752993 494875 1113303 830876 772130 744120 633011 670811 847621 767912 411419 555062 873825 275412 886065 398319 628113 734183 721138 959390 892279 443242 808422 555616 307153 918709 834460 536693 633701 1022619 451590 490831 483741 282388 847423 804009 867322 1068624 627400 701539 133016 415015 581295 697316 819350 1050269 388328 356204
857996 320763 626632 524216 820776 999999999 234214 595044 218382 624918 143345 791470 344673 838033 365298 532100 203698 744454 861235 195720 745445 326020 682074 243662 409279 951638 909398 809592 827357 422507 221421 756014 686072 165125 298327 624329 608242 226671 257869 745100 742294 681612 626733 122132 875698 959144 665880 989789 590583 661166 321037 823250 940097 353682 486224 772477 818316 322482 343444 723986 183351 996314 409879 299932 624154 645224 372900 692586 559226 252379 562652 161602 726620 819256 888501 746367 521309 145351 159072 599553 319412 295575 431159 340324 555299 771895 381163 382001 164944 543842 291245 534891 712455 664281 275246 782796 484181 333443 445926 586181
855002 505701 480310 754529 748925 234214 999999999 818693 446785 772943 102713 703458 115075 856804 276903 650436 436847 621460 876001 75216 680355 366844 863403 140784 330917 1053240 1034323 723430 893516 656230 300612 911824 547097 398738 532360 548845 685572 352644 265789 621124 822738 631318 727688 277601 900100 1078182 655633 1100648 546545 583233 552648 931005 1057976 257526 720386 932193 958240 88357 140882 850392 408783 1108920 381270 368929 811633 650737 182857 743080 688584 432758 719083 382419 905786 873431 1027190 839283 444764 216193 113030 697669 452406 527768 301187 359933 635549 783963 588368 156405 395884 772673 416677 688208 622408 720819 356812 908991 674292 565689 441941 617552
939079 350561 1043230 103663 1058888 595044 818693 999999999 446190 401649 716747 1068325 915853 874587 799229 476959 398443 1096378 899854 790563 990862 625090 286889 762643 808350 730603 628887 1078505 748018 277189 586864 426729 1077918 436629 322775 927464 606428 519447 666677 1098618 659567 919472 550145 549071 886546 682816 831515 730506 852390 956188 362935 626647 672729 802031 207291 421069 519555 905408 890122 513379 412150 730044 742557 583813 239550 787563 967650 710935 448880 411159 359989 508530 317307 774520 569359 626794 865608 706544 753655 548825 465782 371700 881966 657056 581721 847265 246427 973113 431128 75934 491193 369224 1013660 682085 569020 544789 239597 348975 717467 704405
976649 312083 830909 355242 985639 218382 446785 446190 999999999 614219 361576 966098 560182 941102 563961 569625 97462 937012 966249 394171 909462 470887 616547 457672 600542 972234 906013 982654 890342 216717 372735 723061 886401 97348 124019 799594 678548 337369 437387 938057 797484 840350 671555 269911 972302 960059 800712 998479 751419 835816 107841 844445 943278 555687 290493 732911 802025 533560 561823 731177 148006 1002762 579599 431983 553299 770731 555363 779148 580130 280852 547752 69101 661159 893677 869578 788754 703174 276770 351078 650316 386192 85531 637272 495188 628980 883903 306582 583641 121201 380098 375981 528164 890934 747995 405331 785726 425981 122124 597673 697891
551150 312892 795372 459517 712526 624918 772943 401649 614219 999999999 679188 738045 830615 480942 618857 146946 520316 801307 505335 782608 655317 436771 164482 659163 600931 363101 292322 743504 346376 576227 473104 139917 808943 540030 518988 630862 237653 422206 526637 804172 258905 590696 164484 515717 488353 345934 484650 384606 548776 650137 596640 240874 329062 631043 545852 162587 193753 841910 778999 122509 486188 388623 515190 415747 172182 438776 953570 327391 99857 373701 66475 643096 183153 373811 263821 225172 606476 769653 762717 175945 321019 586679 690028 460637 238157 464869 314947 922174 518564 444189 356429 90283 702097 303095 420714 172332 204640 590153 461583 364708
811315 404102 503657 654624 735024 143345 102713 716747 361576 679188 999999999 697105 204009 804418 259696 562870 340271 632846 825354 107073 662401 295439 763606 118072 311077 973407 947654 716352 824139 564096 212789 817009 566847 303133 436892 533990 610423 257004 199210 633056 748045 605660 645786 175430 845911 993333 612582 1018251 516449 570204 464166 848690 973372 243624 624996 836611 867328 188680 200443 762393 308490 1026044 338951 288315 710828 601111 275103 677704 598603 331085 623210 302202 806438 808046 936861 760798 428106 184763 105177 616276 358247 438561 310347 296034 558778 733481 485664 259008 297885 672095 323237 592769 616121 653056 271880 821385 572827 476355 391253 557312
315981 750402 269665 1073385 67683 791470 703458 1068325 966098 738045 697105 999999999 647435 380662 437445 608117 888605 135961 378454 771970 83207 498285 901751 581383 386617 746729 810073 20293 540692 1089406 593387 838380 214414 871310 964932 167446 501483 634826 535275 138980 551286 149709 578664 698557 419505 820290 254316 809217 221863 130726 1032349 690016 802602 454157 1110205 864678 811852 692889 582118 706314 832300 820766 386829 540365 894044 299838 833260 435700 649021 725215 740854 935647 919963 494408 852017 596472 270791 881736 793809 562455 628900 1008071 403063 471673 503517 331752 848409 749589 849949 1073295 618832 719099 81265 448586 565767 736966 829780 1037334 374478 374828
837224 588178 401780 857368 699736 344673 115075 915853 560182 830615 204009 647435 999999999 849719 259605 698024 544264 549923 866423 183647 637017 401430 935830 171558 308927 1082558 1075568 667718 908662 767078 361810 970529 469706 506974 640792 506332 712671 423343 304730 549078 846686 597773 764377 367296 894640 1115810 641414 1133845 521011 537492 665144 965606 1095327 240074 828937 992538 1008218 48069 69185 895828 511486 1142874 379723 415489 888007 644636 186367 755122 739869 516656 782099 496738 976492 883241 1075462 868803 409412 327761 225580 734083 516763 639939 250522 385735 666193 775782 678577 109621 501849 874096 480833 750610 568355 736608 410154 953078 754416 677854 445877 625850
79743 647229 585407 914492 323853 838033 856804 874587 941102 480942 804418 380662 849719 999999999 590797 408012 846241 501641 25966 905501 311000 515596 637157 716044 540867 371884 450923 374039 176147 989597 617391 534303 556942 845565 891270 389327 277377 619507 605430 504996 228974 293177 324449 718376 45905 451164 210505 433938 338737 378638 970072 341818 435388 610628 982613 558108 480798 884489 781079 400318 793100 445529 475985 538104 653119 206290 1026689 169038 427364 660942 514636 937582 640084 129578 504226 272871 453843 967940 909429 328243 554910 951234 611369 509249 318658 73982 715069 959272 821070 904867 567687 507000 397769 200494 563013 409327 645824 969419 415355 251864
582048 448746 267605 767344 477005 365298 276903 799229 563961 618857 259696 437445 259605 590797 999999999 475588 505314 379264 608113 339198 405997 186867 748512 144679 54040 832929 836530 456757 652057 729071 217148 756454 322698 478275 596438 275718 465655 282105 136912 379862 595272 354546 525608 297820 635486 872788 384051 886824 269955 311450 649019 721322 852234 19947 771075 780651 780496 293814 191952 664364 454105 896406 122235 220854 711327 385232 436793 498108 521248 391602 581834 520853 784274 624936 844494 621301 170022 444412 357475 495801 341296 623013 82849 159209 423690 516967 553054 368856 461631 776815 310793 550690 356427 481434 231252 718895 593854 657546 189199 368366
466025 258446 649182 507754 589874 532100 650436 476959 569625 146946 562870 608117 698024 408012 475588 999999999 472171 661362 433918 669109 526898 298138 299985 527953 455211 419575 384784 615591 322419 585471 350777 281208 664722 482094 498216 489763 131645 311526 393495 664115 228470 458723 101951 413791 428152 431095 360154 458755 408275 511462 578277 291187 411376 488747 574823 305901 310196 713365 642855 199966 426598 465798 368923 283551 286082 314850 833042 239525 47089 296852 133009 583518 326253 331718 377867 220210 460176 676930 654683 83620 212904 562607 544683 319287 106332 372387 309521 794328 458229 499696 243857 111672 565447 208883 293629 258713 240593 575402 314637 234063
883814 214901 772596 321577 904206 203698 436847 398443 97462 520316 340271 888605 544264 846241 505314 472171 999999999 868971 871542 398091 828241 390425 534000 417603 536104 876342 812570 904393 792946 228148 299486 633624 824227 38923 97042 723800 581740 254128 371978 870260 700031 757871 574097 207970 876669 866220 711967 903811 670534 759386 145202 748229 849108 499823 284794 644909 710063 525197 533981 635832 56606 908361 504906 349211 471563 680229 571940 683157 483159 185299 453877 126657 579037 796636 778362 691401 631688 308642 358727 552888 291834 119981 583280 417200 532579 790422 220353 585633 44594 342358 284720 433101 815718 651876 323217 691055 338638 152547 516059 605472
443791 760042 150765 1088575 203629 744454 621460 1096378 937012 801307 632846 135961 549923 501641 379264 661362 868971 999999999 502907 694007 190681 488737 961045 514774 337023 857260 910188 152465 649705 1082813 569539 914460 85632 846515 953265 171972 572914 621793 499675 3359 646041 225343 651208 667240 543319 925935 338624 919471 253096 151659 1014173 787790 907290 392085 1112987 940944 899286 597243 489487 787847 814291 930878 367890 532600 944963 379424 732103 527003 705936 722735 793478 898131 984406 605271 945830 689072 239034 816246 721388 630395 637718 988796 323741 458202 563177 444051 863127 645444 827321 1091952 620427 768213 107548 533435 555119 825225 863213 1021001 379647 439435
66558 673013 592484 940248 319091 861235 876001 899854 966249 505335 825354 378454 866423 25966 608113 433918 871542 502907 999999999 925775 312422 537957 660612 735331 557504 381995 465591 370531 192755 1015546 640319 555715 561326 870576 917019 398227 303338 643609 626613 506248 251616 300570 349777 741940 41144 463137 225407 443507 351864 385310 995767 359506 448051 628001 1008554 579200 499857 901926 797593 422416 818259 455068 494818 561328 677511 225332 1044556 195003 452965 686248 539871 962194 662711 147559 520779 294705 467264 990237 930453 353978 580072 976855 625978 530781 344526 92110 741035 976034 846094 930520 592428 532550 400818 226458 586433 429285 671542 995169 435312 275148
908682 497744 554407 719442 815192 195720 75216 790563 394171 782608 107073 771970 183647 905501 339198 669109 398091 694007 925775 999999999 745060 401121 860090 195889 392989 1080462 1053821 791774 930258 608420 319676 919441 620859 359204 490348 614211 717250 360866 302807 693771 854887 692936 752793 270526 947731 1099873 709242 1125133 605988 649343 501703 955616 1079962 320671 676598 938374 972074 145910 216072 868316 378487 1132871 433935 395326 805231 700697 179353 782825 704055 425206 725132 326992 903638 913297 1041808 867866 508981 144149 43994 723316 462383 477865 371809 399659 665723 833696 570683 189718 360583 739408 427954 695141 690736 758711 378904 927376 665838 515491 490495 660763
254791 679655 293044 999352 76188 745445 680355 990862 909462 655317 662401 83207 637017 311000 405997 526898 828241 190681 312422 745060 999999999 438715 819210 550442 352582 670617 730152 88694 463522 1022632 538450 755197 252134 813387 900731 131718 418479 574205 487578 194032 469675 72526 495530 645566 352703 742187 171173 733044 158044 99654 970469 609320 724128 424389 1039991 781503 729437 680183 569216 623294 771668 744538 335770 479052 812502 216796 823256 353242 567133 659129 659349 883303 837016 418009 770646 514554 236079 845455 762912 479590 559559 946790 386926 414649 421730 255544 775395 743187 791218 998267 552343 638206 90404 365535 505234 654588 751710 974656 312260 293049
532141 277078 418607 604799 514860 326020 366844 625090 470887 436771 295439 498285 401430 515596 186867 298138 390425 488737 537957 401121 438715 999999999 561854 234239 184469 687006 674398 513971 529193 595377 105271 575912 457511 374672 467989 334624 318729 136560 101117 490438 455988 369499 363950 212578 555235 715632 340541 735759 280698 369653 534092 566522 695227 196448 624328 599304 607826 420330 344778 494546 334043 744378 121361 43874 524571 319292 548682 382344 341765 234042 396279 448066 598132 512623 674458 472841 249957 452345 398588 333680 159808 509788 265570 32023 268969 447455 382268 501343 352589 610794 134926 364924 426622 357660 67629 551654 409911 539274 126830 264771
710149 362902 946001 370463 876979 682074 863403 286889 616547 164482 763606 901751 935830 637157 748512 299985 534000 961045 660612 860090 819210 561854 999999999 765593 738028 444685 342094 907544 487758 521017 574241 139937 964125 562867 502369 789639 402096 513250 639996 963829 409520 753778 328440 589949 639823 396291 648820 443724 707969 810617 570775 347951 385875 758203 470919 135136 232702 940207 891360 244159 515741 443483 655604 532565 63470 602921 1037475 489902 255147 434949 170840 660591 45128 521768 284325 369268 757207 820575 833432 340312 420014 567948 824795 589583 399566 626539 313793 1018016 545899 348271 455604 200149 863681 466743 530775 264045 198862 560726 608328 527518
715232 424241 387011 713520 621683 243662 140784 762643 457672 659163 118072 581383 171558 716044 144679 527953 417603 514774 735331 195889 550442 234239 765593 999999999 197870 920537 908081 600854 755447 645735 191422 799065 449372 384387 513963 420394 551129 255294 134656 514985 687380 497152 598151 217677 759316 949808 515731 969889 410126 456105 553621 800740 929418 127247 698763 821004 838047 186175 128676 726699 374762 978564 240797 244645 719093 510031 317297 604002 569106 354917 610610 405054 805810 734109 905766 706312 314641 302132 212809 567893 345864 527452 192645 223049 502542 643269 519863 267241 373091 727564 310068 579105 500199 582587 238602 784449 587681 564287 301185 477534
529703 458577 240083 783103 424233 409279 330917 808350 600542 600931 311077 386617 308927 540867 54040 455211 536104 337023 557504 392989 352582 184469 738028 197870 999999999 795410 804903 405644 609619 755985 239517 736241 288185 511563 624246 223011 431950 299572 164239 337931 557471 300507 496266 331313 585903 838965 332653 850734 216264 259132 680961 687433 818446 73477 793619 761097 754450 345242 240213 637436 482908 860607 87474 224564 704725 336382 488823 455764 501813 407461 568872 561181 771794 580512 816647 586021 117100 495388 410397 467083 344112 655234 89909 153153 393486 466908 563831 418532 493384 790808 317158 538363 306030 441138 240423 690272 593990 688642 151611 326206
448451 662806 913598 806434 693943 951638 1053240 730603 972234 363101 973407 746729 1082558 371884 832929 419575 876342 857260 381995 1080462 670617 687006 444685 920537 795410 999999999 116302 742271 207557 936846 761004 305118 899469 891989 881559 716804 369948 729189 788046 860598 237946 634358 327954 832656 343036 86723 525605 62488 645295 717571 959601 129065 78696 850346 900341 315522 213600 1105818 1019893 241903 836791 74042 711303 685805 492736 493570 1235564 347376 396565 712505 428139 994989 421747 252620 186172 214227 746695 1096314 1069651 357182 632282 949128 881628 698094 418075 415310 677746 1186435 869119 787002 662053 444605 749985 355954 701579 192416 566792 953237 644648 472036
530306 604256 949601 710467 763083 909398 1034323 628887 906013 292322 947654 810073 1075568 450923 836530 384784 812570 910188 465591 1053821 730152 674398 342094 908081 804903 116302 999999999 808111 275328 850416 735441 202920 943390 832225 807041 757902 373299 694838 773547 913459 265151 684859 311733 794806 429971 55391 572022 101631 680935 764019 882893 123069 44086 852445 807991 208287 110650 1094227 1016533 185983 778147 101906 718109 665795 395574 533998 1217123 384346 351222 661656 358707 935345 314246 322611 69887 225449 772378 1054739 1038547 341933 594245 874787 893801 690374 412850 480696 603455 1175305 810560 689386 627109 381069 802796 383351 677733 126860 487142 875250 653523 494986
306910 763364 289129 1085204 53589 809592 723430 1078505 982654 743504 716352 20293 667718 374039 456757 615591 904393 152465 370531 791774 88694 513971 907544 600854 405644 742271 808111 999999999 537123 1103689 610051 841354 232756 887588 979862 185275 506334 650425 553001 155353 551195 159033 582975 715626 411667 816980 258921 804736 235792 148443 1047849 688831 799556 473611 1123447 867571 812658 713152 602365 708530 848008 816306 403842 555730 901184 304748 853552 436927 655775 739562 748037 952929 924867 490488 851406 596706 289459 900919 813376 567657 642252 1023699 423168 487822 510400 328295 860588 769876 866059 1084684 633004 726879 101055 451121 581326 737752 839583 1052652 389386 381733
255843 580546 709222 802263 490239 827357 893516 748018 890342 346376 824139 540692 908662 176147 652057 322419 792946 649705 192755 930258 463522 529193 487758 755447 609619 207557 275328 537123 999999999 901514 617887 371042 692795 800259 820259 511439 219163 600740 628902 653043 94639 427059 221312 705270 161199 279891 319687 269797 442778 510757 900337 166927 262764 670646 882027 392999 308515 936648 843029 243763 745129 281235 529981 538132 514344 290691 1072728 153982 323211 612719 394797 899657 483621 47341 328226 121240 548839 967492 925800 240157 515591 884976 692155 533588 272074 208956 626597 1015778 775984 788651 538291 396481 542433 172864 558622 240388 536797 897077 463212 283762
1039418 348997 994913 173761 1097264 422507 656230 277189 216717 576227 564096 1089406 767078 989597 729071 585471 228148 1082813 1015546 608420 1022632 595377 521017 645735 755985 936846 850416 1103689 901514 999999999 516541 650764 1043659 262329 132893 929124 712860 461022 593421 1084350 807056 950525 682004 434262 1012809 905803 888370 950023 867897 963308 109998 817094 892136 724890 79956 653024 740259 744162 760761 698691 275285 951890 715137 551855 460077 850923 772050 820759 578353 364193 514970 285800 561005 916004 800694 786379 843848 493223 565991 668779 463949 131304 808626 625062 671624 944241 276001 798137 272707 201615 470690 506982 1020899 789168 528182 744430 371719 95041 715235 769909
636630 239209 479090 550632 614601 221421 300612 586864 372735 473104 212789 593387 361810 617391 217148 350777 299486 569539 640319 319676 538450 105271 574241 191422 239517 761004 735441 610051 617887 516541 999999999 612517 527168 278746 385138 426904 401094 67648 80715 570856 538274 470890 433187 107956 655834 780687 445812 805474 380738 463084 444676 635941 760686 217044 554958 633566 657649 369388 318458 550646 244833 813255 206945 80480 527828 423934 482681 476691 388051 176146 421489 345134 614696 605559 726690 549046 332360 352397 309584 403823 155057 419402 299529 124154 348699 550621 340610 449261 258442 560822 119066 390191 518389 449836 59744 609484 397940 451479 229563 365591
611411 437653 921209 507631 804863 756014 911824 426729 723061 139917 817009 838380 970529 534303 756454 281208 633624 914460 555715 919441 755197 575912 139937 799065 736241 305118 202920 841354 371042 650764 612517 999999999 929644 657678 616805 747323 341547 560098 666522 917480 306490 695878 263262 650770 529821 257692 584617 304450 665360 762853 690037 216807 246417 769178 605836 26485 92846 981583 918773 135608 606052 304706 649616 555615 192948 539908 1091818 406997 235206 503636 194476 759345 118741 410476 150131 261519 733459 899534 898048 285480 459458 684084 825821 599030 357279 536540 416628 1061733 637894 486467 495147 224324 811427 390297 560576 133317 297407 681376 593008 475188
506326 733937 67926 1062242 280776 686072 547097 1077918 886401 808943 566847 214414 469706 556942 322698 664722 824227 85632 561326 620859 252134 457511 964125 449372 288185 899469 943390 232756 692795 1043659 527168 929644 999999999 799108 912235 185722 590416 584621 452257 83819 678266 266828 667674 618538 600588 963505 374047 960987 265633 182060 968966 820332 944210 332622 1079065 956001 922859 517433 411735 808369 771080 972195 336803 500963 942598 409518 649906 559265 710840 689920 794106 843307 990779 650488 973810 719018 212679 747957 650553 644180 613427 943171 256753 425766 573151 493581 838687 562609 781337 1067707 592113 766915 161771 561069 521051 850180 850446 976774 363154 457056
879937 229278 745879 360499 889529 165125 398738 436629 97348 540030 303133 871310 506974 845565 478275 482094 38923 846515 870576 359204 813387 374672 562867 384387 511563 891989 832225 887588 800259 262329 278746 657678 799108 999999999 133841 705370 586089 240303 347411 847688 708380 743900 583595 180626 877516 885284 703364 921632 655365 741364 171131 763314 867738 471714 322014 670059 731599 487093 498481 652955 55527 926581 485577 335156 501075 673503 533072 684969 496563 187789 473891 103221 607987 801672 800527 702209 610743 271485 319807 560989 291011 144983 554696 399778 535681 787499 249354 546919 24543 381206 279192 451394 797013 654042 308598 709199 365585 180665 501302 601134
935329 244174 862677 235333 976080 298327 532360 322775 124019 518988 436892 964932 640792 891270 596438 498216 97042 953265 917019 490348 900731 467989 502369 513963 624246 881559 807041 979862 820259 132893 385138 616805 912235 133841 999999999 802579 618572 332147 461143 954715 725839 829198 598967 301401 918173 861925 773960 902763 744390 837371 80078 756215 846210 592069 188174 624348 700052 620696 631013 639716 142436 906146 586345 425019 438901 738927 660903 724256 500166 242552 453439 186161 546272 829296 765656 711234 714635 389155 449604 581523 347473 67768 675788 496803 573034 840606 204087 679146 141089 258868 349001 438321 894555 692570 400408 691262 320426 78150 590503 660301
352569 596776 198440 923874 201294 624329 548845 927464 799594 630862 533990 167446 506332 389327 275718 489763 723800 171972 398227 614211 131718 334624 789639 420394 223011 716804 757902 185275 511439 929124 426904 747323 185722 705370 802579 999999999 406573 470963 367838 174621 492859 99192 484410 531421 434737 778911 191804 777851 82179 36837 868188 634833 759459 293684 954024 773765 737732 548982 438173 623889 667767 788949 219997 377625 773000 224483 692356 374092 534671 565558 621644 768301 813768 470869 788137 533338 105912 718003 633166 462104 474237 843585 255880 306658 393088 320387 698080 613296 684391 925949 460437 596255 92008 375352 402246 664768 692704 873689 215379 272753
334430 374724 587045 639398 474883 608242 685572 606428 678548 237653 610423 501483 712671 277377 465655 131645 581740 572914 303338 717250 418479 318729 402096 551129 431950 369948 373299 506334 219163 712860 401094 341547 590416 586089 618572 406573 999999999 381598 419803 575936 137639 355847 78329 486186 300303 407314 247424 421752 325024 421318 698155 255767 386769 482399 705340 368031 334201 736027 650472 218247 531589 431109 345626 322418 401675 201683 867192 108378 158752 398373 251607 683728 418554 215668 390425 156229 403522 748858 710334 61895 297914 680661 520582 328325 52958 241164 437820 816557 561623 631172 319358 237516 470230 77325 341459 264045 371895 696537 280398 133873
646899 171647 539616 485354 650228 226671 352644 519447 337369 422206 257004 634826 423343 619507 282105 311526 254128 621793 643609 360866 574205 136560 513250 255294 299572 729189 694838 650425 600740 461022 67648 560098 584621 240303 332147 470963 381598 999999999 147328 623328 515814 504123 402246 104792 655071 742336 464618 770166 416421 506151 397534 601827 722743 283311 494549 579961 611232 427074 383492 508917 197634 777302 254293 95172 464664 437005 531727 468218 343965 109523 366647 321359 554721 593473 681023 521198 382860 368742 343722 374331 101516 373276 364879 164677 328667 556851 273099 505500 217465 494738 67757 335983 562970 439193 69108 568063 332401 402760 261966 369429
614659 317569 401537 631342 562968 257869 265789 666677 437387 526637 199210 535275 304730 605430 136912 393495 371978 499675 626613 302807 487578 101117 639996 134656 164239 788046 773547 553001 628902 593421 80715 666522 452257 347411 461143 367838 419803 147328 999999999 500755 556955 424161 464120 167566 646739 815637 417339 836460 333161 404619 516744 667062 795283 136332 634247 688950 703668 320697 252866 592053 319260 844984 152120 110929 596996 403139 447576 480217 435140 256583 480505 401360 678802 610729 771222 573913 267230 368170 304038 433911 221195 491000 218963 96943 370056 534908 420267 401776 329149 641493 186985 448910 457433 456668 109235 649795 471458 524525 194793 358259
447103 762000 149437 1090568 206657 745100 621124 1098618 938057 804172 633056 138980 549078 504996 379862 664115 870260 3359 506248 693771 194032 490438 963829 514985 337931 860598 913459 155353 653043 1084350 570856 917480 83819 847688 954715 174621 575936 623328 500755 999999999 649287 228607 654224 668322 546666 929244 341860 922806 255865 154649 1015460 791049 910594 392551 1114722 943964 902438 596445 488855 790946 815634 934213 369518 534306 947621 382603 731056 530238 708731 724456 796189 898976 987263 608617 949043 692295 240648 816350 721315 633358 639707 990063 323754 459845 566052 447407 865156 644307 828551 1094014 622278 770875 110855 536611 556747 828393 865592 1022330 381764 442427
305061 486879 685728 710355 509676 742294 822738 659567 797484 258905 748045 551286 846686 228974 595272 228470 700031 646041 251616 854887 469675 455988 409520 687380 557471 237946 265151 551195 94639 807056 538274 306490 678266 708380 725839 492859 137639 515814 556955 649287 999999999 420773 126902 620606 230614 288029 307461 294127 416646 498992 805913 142147 268064 612868 788506 330972 262712 871510 783170 171601 653072 304388 473477 459948 429920 268848 1003999 119281 228703 521311 302944 808573 411156 114982 301017 46271 512370 884207 847712 147391 426853 790743 643900 464334 189581 232399 531996 951723 684228 697531 451549 302933 538912 120196 478563 188168 443654 802556 406752 235475
253415 607157 292250 927000 146891 681612 631318 919472 840350 590696 605660 149709 597773 293177 354546 458723 757871 225343 300570 692936 72526 369499 753778 497152 300507 634358 684859 159033 427059 950525 470890 695878 266828 743900 829198 99192 355847 504123 424161 228607 420773 999999999 433842 578533 338057 701263 113624 696270 91030 85712 899520 562453 682446 373798 967496 722316 675842 638751 528907 566340 701269 707591 272111 408966 744764 156343 782730 301886 500161 587302 591591 816024 773287 384011 720943 464088 188733 786839 708042 415892 487214 876032 347858 346752 354687 227147 702915 706005 721460 926091 480516 569524 118162 309753 435367 601414 680590 903480 242681 226268
390505 360339 662454 592643 549958 626733 727688 550145 671555 164484 645786 578664 764377 324449 525608 101951 574097 651208 349777 752793 495530 363950 328440 598151 496266 327954 311733 582975 221312 682004 433187 263262 667674 583595 598967 484410 78329 402246 464120 654224 126902 433842 999999999 506413 338462 351688 324357 373019 402641 499592 679043 203337 331277 541164 666462 289744 260537 784277 704852 143289 528143 381232 408917 359039 333749 278894 910444 163878 105145 397507 190262 684624 342333 234248 320536 120071 477038 770551 741702 30297 307907 663844 585875 378833 102845 301712 406337 865293 559623 581768 335753 183543 548529 138638 373907 194017 323981 675769 346198 211960
741295 228870 565382 496103 721646 122132 277601 549071 269911 515717 175430 698557 367296 718376 297820 413791 207970 667240 741940 270526 645566 212578 589949 217677 331313 832656 794806 715626 705270 434262 107956 650770 618538 180626 301401 531421 486186 104792 167566 668322 620606 578533 506413 999999999 755284 843369 552683 872458 488146 567919 351199 704806 824006 291886 482867 669019 707539 360651 342422 608873 159493 879333 311785 181461 536089 529188 447568 570853 443621 155866 456295 237745 633294 697195 777652 625660 433516 264173 247281 478774 201081 325202 375311 231966 433234 653497 312038 433982 163942 510741 170711 426938 622240 542353 155669 667953 397600 359826 337517 466819
106912 674027 630291 931034 360226 875698 900100 886546 972302 488353 845911 419505 894640 45905 635486 428152 876669 543319 41144 947731 352703 555235 639823 759316 585903 343036 429971 411667 161199 1012809 655834 529821 600588 877516 918173 434737 300303 655071 646739 546666 230614 338057 338462 755284 999999999 425241 256267 404161 384631 423295 997473 327815 410699 655277 1002596 552569 469713 929024 826100 398574 824367 415693 519780 576028 660074 250432 1070936 194046 443163 691560 527020 971133 639511 119362 487098 271097 499707 1007324 950762 346088 586506 979333 657035 550188 345391 119431 737250 1004148 852979 920194 601151 522005 440590 225673 600454 400906 662257 996247 458263 290552
529183 656819 973300 765323 770043 959144 1078182 682816 960059 345934 993333 820290 1115810 451164 872788 431095 866220 925935 463137 1099873 742187 715632 396291 949808 838965 86723 55391 816980 279891 905803 780687 257692 963505 885284 861925 778911 407314 742336 815637 929244 288029 701263 351688 843369 425241 999999999 589922 49168 704134 782577 937971 151560 20555 889265 863155 261782 165857 1135951 1055503 235255 830970 47234 752914 709261 450547 554435 1261038 405113 400015 712870 412404 988468 367050 326802 116427 253576 800067 1104485 1085758 381970 642404 929683 927066 730092 450284 488717 658194 1216975 863402 744034 674585 433896 818390 408167 722348 176928 542228 930407 687356 522599
199523 539828 389951 848041 229785 665880 655633 831515 800712 484650 612582 254316 641414 210505 384051 360154 711967 338624 225407 709242 171173 340541 648820 515731 332653 525605 572022 258921 319687 888370 445812 584617 374047 703364 773960 191804 247424 464618 417339 341860 307461 113624 324357 552683 256267 589922 999999999 586985 129377 192657 848364 449368 570830 403991 897466 610983 562422 677675 572472 453791 655886 598173 275345 372774 644179 45906 820844 188382 398455 532089 491387 785204 665974 279224 607353 350517 243696 785395 717577 308756 426532 826414 400919 326108 253965 137008 628310 751034 679697 844609 427608 471826 231738 196500 399469 487910 591960 850604 222553 127170
510033 692550 974182 811821 756326 989789 1100648 730506 998479 384606 1018251 809217 1133845 433938 886824 458755 903811 919471 443507 1125133 733044 735759 443724 969889 850734 62488 101631 804736 269797 950023 805474 304450 960987 921632 902763 777851 421752 770166 836460 922806 294127 696270 373019 872458 404161 49168 586985 999999999 705501 779202 979510 169691 58158 903873 908863 309742 211877 1155715 1072165 268838 866918 11592 765768 732054 496862 554133 1283347 406780 431048 746197 450945 1024850 415419 315072 165555 265616 805412 1134965 1112599 402981 671413 970525 937739 748427 467773 477780 698732 1236567 899350 790893 702571 470727 812142 413594 746507 212775 584109 972309 699454 529442
316817 528808 269165 853203 234221 590583 546545 852390 751419 548776 516449 221863 521011 338737 269955 408275 670534 253096 351864 605988 158044 280698 707969 410126 216264 645295 680935 235792 442778 867897 380738 665360 265633 655365 744390 82179 325024 416421 333161 255865 416646 91030 402641 488146 384631 704134 129377 705501 999999999 104470 813212 557981 684396 289655 888397 691789 657266 559804 451827 542782 613996 716409 181170 321332 692368 152137 703797 299205 452891 503777 540523 725795 731742 404944 708964 455683 115417 696707 619558 380039 407092 789346 275224 256758 310924 265910 627751 630301 633251 854000 397215 515624 161322 297597 347381 584787 615861 817678 154486 191449
335412 628794 207187 954961 165854 661166 583233 956188 835816 650137 570204 130726 537492 378638 311450 511462 759386 151659 385310 649343 99654 369653 810617 456105 259132 717571 764019 148443 510757 963308 463084 762853 182060 741364 837371 36837 421318 506151 404619 154649 498992 85712 499592 567919 423295 782577 192657 779202 104470 999999999 903577 641123 763462 329136 987010 789336 749046 580893 469855 636804 703249 790444 256300 412355 796265 230467 723782 379716 555480 599401 644067 804931 833283 468470 797145 540943 142141 754372 668914 478754 506420 879079 287664 342188 411984 312803 729231 643536 720240 956438 493784 619581 58107 383994 437275 675329 720128 908909 248452 287779
1012937 323496 916567 264515 1046210 321037 552648 362935 107841 596640 464166 1032349 665144 970072 649019 578277 145202 1014173 995767 501703 970469 534092 570775 553621 680961 959601 882893 1047849 900337 109998 444676 690037 968966 171131 80078 868188 698155 397534 516744 1015460 805913 899520 679043 351199 997473 937971 848364 979510 813212 903577 999999999 834873 922627 642751 186943 696262 775002 639957 663309 717936 200510 982617 649751 492131 507566 814408 662895 803479 580065 316323 531527 176589 613757 909267 839600 791128 776802 383510 458762 661557 422749 26215 725809 561536 652173 918429 281894 691288 187639 291277 421381 517305 960165 771815 466582 768688 395752 15222 658789 736799
421504 534260 826783 695064 645165 823250 931005 626647 844445 240874 848690 690016 965606 341818 721322 291187 748229 787790 359506 955616 609320 566522 347951 800740 687433 129065 123069 688831 166927 817094 635941 216807 820332 763314 756215 634833 255767 601827 667062 791049 142147 562453 203337 704806 327815 151560 449368 169691 557981 641123 834873 999999999 131024 737887 785065 235336 143103 986714 904711 118419 708047 177947 601355 562365 387145 410984 1113735 261408 267522 583440 303864 866235 334736 212316 163746 103106 650666 968117 943539 233344 504077 823556 775635 579916 299499 363478 553091 1067644 740343 677512 534432 318069 680511 260462 576890 84218 445492 829043 535822 373048
513836 639026 953555 753685 752993 940097 1057976 672729 943278 329062 973372 802602 1095327 435388 852234 411376 849108 907290 448051 1079962 724128 695227 385875 929418 818446 78696 44086 799556 262764 892136 760686 246417 944210 867738 846210 759459 386769 722743 795283 910594 268064 682446 331277 824006 410699 20555 570830 58158 684396 763462 922627 131024 999999999 868709 850718 252320 153758 1115552 1034976 216527 813283 60004 732374 689047 438720 534976 1240828 385513 380881 694401 395525 970947 358327 309888 111683 233174 779904 1085420 1066059 361552 622986 913978 906575 709603 429747 471263 642299 1196570 845721 732812 655002 416381 799742 388136 702269 158716 527011 915261 666835 502383
601988 451980 275244 767654 494875 353682 257526 802031 555687 631043 243624 454157 240074 610628 19947 488747 499823 392085 628001 320671 424389 196448 758203 127247 73477 850346 852445 473611 670646 724890 217044 769178 332622 471714 592069 293684 482399 283311 136332 392551 612868 373798 541164 291886 655277 889265 403991 903873 289655 329136 642751 737887 868709 999999999 768669 793155 794905 273927 172761 679113 449633 913378 140665 227882 719785 404977 416853 516748 534040 392755 592546 510821 794572 643926 859371 638278 188310 428371 339941 511234 347560 616658 83774 170460 439631 536816 555634 349205 455817 777798 315993 561258 372997 499665 236192 734067 600201 651643 207511 387073
1037187 360339 1033660 104847 1113303 486224 720386 207291 290493 545852 624996 1110205 828937 982613 771075 574823 284794 1112987 1008554 676598 1039991 624328 470919 698763 793619 900341 807991 1123447 882027 79956 554958 605836 1079065 322014 188174 954024 705340 494549 634247 1114722 788506 967496 666462 482867 1002596 863155 897466 908863 888397 987010 186943 785065 850718 768669 999999999 605350 697344 808694 818007 667051 324038 909886 745529 580453 412965 857758 843917 813712 561411 390286 488835 359337 508141 900366 754374 763866 874279 567032 635031 656533 481308 205369 852316 655228 668219 942247 270422 865959 328040 131732 493679 485604 1045021 782545 558675 708691 345412 171725 738716 775119
635593 452902 947311 505504 830876 772477 932193 421069 732911 162587 836611 864678 992538 558108 780651 305901 644909 940944 579200 938374 781503 599304 135136 821004 761097 315522 208287 867571 392999 653024 633566 26485 956001 670059 624348 773765 368031 579961 688950 943964 330972 722316 289744 669019 552569 261782 610983 309742 691789 789336 696262 235336 252320 793155 605350 999999999 102019 1002868 941470 160889 619212 309015 674633 578122 193086 566316 1111608 432853 259557 520207 213403 771081 106393 433329 149226 285641 759438 915372 916194 311864 479821 691260 850581 622860 383480 561692 426357 1082820 650805 483407 515660 244007 837902 416474 582411 153383 306969 687138 618481 501664
