NAME : synthetic_000201
TYPE : CTSP-D
DIMENSION : 100
GROUPS : 8
RELAXATION_LEVEL : 1
EDGE_WEIGHT_TYPE : EXPLICIT
EDGE_WEIGHT_FORMAT : FULL_MATRIX
EDGE_WEIGHT_SECTION
999999999 143963 213247 616933 361629 620377 63130 227803 823196 425473 270253 414354 668899 522087 831945 701588 294519 690657 510981 623034 221057 292816 86889 265917 587121 304926 328726 377699 688147 106006 921013 558270 353077 498681 564335 378228 164940 552177 548822 656759 403276 495714 744780 157143 282531 557643 306900 422507 360682 841085 613290 130816 450983 820584 659716 624507 213525 750439 722758 207659 633369 587114 774870 323402 496782 568447 198049 392306 365919 714513 692578 188416 319456 273923 227469 707773 420705 697760 104298 488055 580419 712224 144068 351045 218155 752368 751747 135399 704321 773997 363987 483268 803060 579469 449347 540012 9700 507505 793582 358597
143963 999999999 187496 703364 491696 729072 85657 358650 932561 520008 346771 541905 777214 628139 959992 807287 193320 804723 630534 761830 313065 227688 219548 329871 582739 163331 310420 346675 828068 232460 1050276 699628 384584 637046 642668 508509 136032 660567 631415 788628 546272 522258 817431 149328 206153 684534 450426 558538 482172 841944 680782 115415 592808 831198 719945 602456 357380 867793 832209 338324 718396 730626 779366 436015 601642 693526 341026 248384 224941 723715 723854 129398 423839 414282 312768 827412 438392 707151 244320 588888 723519 709696 275523 212256 97581 801048 813081 222340 828465 802227 488986 436591 935646 671064 557503 515967 135965 625517 920382 340373
213247 187496 999999999 830136 556942 602341 208030 309354 1029938 385048 481511 460809 876972 501900 1021826 910625 375114 895422 713674 793327 434059 415180 220492 184142 764407 241801 492836 532278 853070 316515 1108284 656702 549454 673474 777317 437077 54806 760990 762029 842731 523735 691482 957460 56116 393256 752456 441476 605690 393402 1023212 824914 284193 613894 1009136 869887 788180 375491 952421 929968 292973 846603 705155 959264 336346 707305 765186 371578 342837 283023 901737 892104 62109 531515 452619 439749 908219 610709 885025 252618 699735 729826 891483 249914 260789 277990 959402 962453 153477 900386 972381 406888 624069 985759 792366 659109 701647 213971 711391 985539 523288
616933 703364 830136 999999999 344695 971287 635811 656296 274154 881359 356727 744466 156192 911066 417203 158285 671786 208455 223294 436451 397291 596085 631191 827032 417831 843739 487421 506740 486308 515046 497262 680096 359352 398333 71449 710954 781018 141936 73269 355526 583957 303929 146705 774057 619257 278038 554043 372062 748665 501487 102534 590532 451676 447187 145876 496352 525951 269547 195992 652461 17747 632665 447482 763536 151774 262757 510896 883817 899887 398219 292132 800427 301661 454059 393818 261336 359108 390653 605738 145180 519097 447671 638832 895882 692884 243092 190770 715922 298591 344076 733792 553681 445564 45632 196782 484606 616732 214065 378165 478052
361629 491696 556942 344695 999999999 632422 407312 321617 479882 537900 233487 401259 333728 567419 470342 370149 557132 343188 161564 282111 215513 505030 337452 506965 567977 654047 445089 492479 351356 259902 559702 378176 350293 162196 327482 366752 518395 227377 303124 296932 249870 429249 491290 504495 515415 196417 209351 80905 404138 760206 396318 406788 157895 717826 453348 638573 196974 396518 382578 321756 362300 357014 694466 421904 193344 208356 190649 726582 715629 632605 557817 546662 135928 116691 227349 351630 410236 618597 306246 200790 284483 660331 324830 703895 527942 561158 527176 416612 343972 632952 389103 589940 443970 299171 148756 580418 366097 162075 432007 458184
620377 729072 602341 971287 632422 999999999 676737 402836 1021069 217394 775230 236808 914478 101365 895473 950802 911280 897778 756153 642516 722083 912592 534460 418248 1148302 840771 929067 981703 658000 627242 950019 339269 901345 596553 959852 275849 622566 837816 935367 744197 387444 1023313 1117328 600814 902894 732271 431610 600489 266069 1374228 1028724 750900 528659 1337836 1085727 1204053 503288 919036 946311 420641 988364 415161 1306698 297032 820279 751269 528743 942601 885316 1243529 1182346 653189 731474 543313 737617 874448 973863 1228036 527199 831364 529186 1260245 479912 863128 823805 1193499 1158212 506798 839998 1260466 269961 1090836 830203 925824 779854 1127089 629876 763052 879196 955825
63130 85657 208030 635811 407312 676737 999999999 289406 855754 476307 280522 475654 700561 577343 876614 731742 234936 725911 549448 676201 239627 241976 147774 302645 562427 248961 294944 340103 742411 147506 966594 621196 341470 551428 578568 440097 153826 583597 565292 704139 465679 483709 756732 154927 228323 601260 368943 473128 420212 819883 622052 84474 507383 803461 664999 592976 273710 787863 755212 269120 651537 648989 754946 379939 525852 610794 256322 332081 310542 696327 684108 166535 347204 328698 242014 746623 403808 679570 167350 514659 638565 689061 205317 297402 155191 752355 757949 177517 746179 764497 424517 441474 851057 601088 480259 507077 53886 544938 837349 325514
227803 358650 309354 656296 321617 402836 289406 999999999 795596 237924 386502 186577 654241 310098 747501 691013 522158 658836 481014 501692 330538 514127 141642 194230 754384 502923 526297 578879 555764 225074 828516 351058 506794 391303 624342 150732 296930 548746 602597 567521 214899 637598 800268 275326 507034 496954 142655 340207 137144 992040 687505 354515 322941 961300 742009 805731 130594 705063 701092 20374 674031 395967 924251 117743 509410 513153 148898 600141 559098 861297 814094 331827 369653 205298 345103 658360 579653 845134 126770 511530 425954 871599 84118 540019 443996 846361 826102 158941 640653 895153 137380 688000 702375 611974 461116 726697 237497 482787 715451 553291
823196 932561 1029938 274154 479882 1021069 855754 795596 999999999 987894 593351 824833 155348 985325 206763 127511 930288 136948 318586 386104 619677 857509 814026 985518 684803 1084463 753845 777430 397589 717189 257142 689047 624713 430787 344949 800484 986801 272182 340259 280501 653150 577784 291352 975498 878715 302187 664250 457796 850719 714633 363568 826486 503926 656153 382166 761593 676255 102426 100560 798364 269044 620812 674372 882481 331055 284524 670426 1135682 1143450 637669 526612 1011607 508912 594987 621251 146787 631877 634201 783856 345446 498505 693316 804695 1136631 938538 434358 360191 895330 182721 550243 832156 827824 267273 283668 375503 756968 825419 319508 186598 747329
425473 520008 385048 881359 537900 217394 476307 237924 987894 999999999 623921 174795 858688 118081 902833 895963 707592 854298 687541 643450 567648 717241 344306 201100 988668 624338 748629 799698 680184 455294 972900 386156 741807 559804 855293 189408 407102 762752 832585 730966 338849 874842 1027273 385772 704621 686009 330323 533636 137264 1229333 920380 555641 485889 1199138 975759 1036569 363952 890472 900139 249824 899071 458629 1161576 120859 730947 704116 385108 726114 668065 1098720 1051816 436871 604865 427933 581874 843595 814471 1082485 345517 736285 541372 1107688 296871 645829 616527 1081244 1057478 300320 817630 1132736 155796 907120 846359 836135 684581 955235 434447 691561 877573 777255
270253 346771 481511 356727 233487 775230 280522 386502 593351 623921 999999999 539832 439030 690661 651414 466328 346883 472791 316011 508616 56711 283422 307496 514065 373346 492016 211805 259107 577938 181555 742820 586899 129245 394320 298054 500120 429933 325261 285275 499189 435593 251111 476643 425623 298939 385266 354562 314306 513959 605539 343412 235259 387252 575702 389501 433127 271942 539300 494288 374155 371990 580039 537752 504244 264332 388336 246627 543435 550372 474827 433726 446586 105533 248113 44557 503810 199933 458638 291057 248016 517628 486237 335588 544279 345230 483863 481507 388676 514201 515555 506578 358986 642118 324557 226891 363348 268163 307953 609642 224948
414354 541905 460809 744466 401259 236808 475654 186577 824833 174795 539832 999999999 703488 166691 730017 740598 708733 694059 536974 470263 487698 699019 327929 293991 913173 677941 703087 756178 505473 401369 798666 218606 667033 394139 728163 39903 462621 616310 704070 560852 171712 786851 891141 440050 692869 525369 195750 380113 68072 1137423 796292 540574 320955 1101148 853070 970732 268319 725420 741234 206699 761874 287057 1069903 127274 592706 544013 294245 777632 730907 1006739 946170 496975 494900 306928 503421 678946 739200 991267 312709 601856 366700 1023896 270415 710487 629717 960575 928433 327817 650343 1024719 54367 865510 672389 698835 549898 895551 424052 542542 706043 728509
668899 777214 876972 156192 333728 914478 700561 654241 155348 858688 439030 703488 999999999 868183 261303 37276 779025 52330 173284 316215 464356 707713 662901 840615 571784 929461 607515 634960 353564 562933 343467 596800 478826 318384 217553 675348 832962 116988 205542 219773 533175 450672 247937 822169 727997 182572 529715 325219 721719 650664 258397 671416 386342 594583 295803 650719 530609 115774 55276 655256 160156 537665 599847 748142 175799 163611 522605 982121 988646 552910 444889 857241 353595 450301 466083 105837 494163 545964 633381 191056 416331 603414 656836 981594 784238 378983 312588 745281 146055 488977 704235 694547 290620 146288 220323 633581 670906 171682 221981 603478
522087 628139 501900 911066 567419 101365 577343 310098 985325 118081 690661 166691 868183 999999999 877399 905158 811461 856696 703101 618824 636136 814793 436924 317762 1062173 739663 835575 887840 644616 535146 939654 330428 814549 555022 893692 200975 521298 782812 869777 715242 335013 940807 1057757 499504 804335 688478 359904 546161 176713 1293884 961405 652856 483163 1259744 1018007 1115318 420037 884698 904391 326717 928495 407405 1226140 199080 759295 707296 444486 841496 784722 1162952 1106973 552089 655368 469055 651330 838758 887363 1147150 431701 768159 508835 1176870 383688 762620 723215 1125261 1094457 405999 807824 1186378 185180 996631 815761 865435 716155 1036745 531492 708869 856815 862970
831945 959992 1021826 417203 470342 895473 876614 747501 206763 902833 651414 730017 261303 877399 999999999 263415 998257 209573 335983 259803 660624 933195 801394 941679 832680 1120801 843418 877125 238313 729690 91451 556206 718315 356212 477979 713997 986509 340581 463907 180358 565443 708433 481156 971350 950100 275458 605776 416339 769946 901217 518793 866969 426608 843650 551893 911729 647917 149327 226556 755391 419730 480815 854610 812439 398425 267235 650251 1186860 1182045 810848 701181 1015842 550336 569244 667066 159908 744234 804803 769211 420647 368745 862866 777875 1171522 986466 622584 550379 874505 137765 737054 749894 946279 70722 405356 426151 891605 836433 343546 42269 843971
701588 807287 910625 158285 370149 950802 731742 691013 127511 895963 466328 740598 37276 905158 263415 999999999 802861 67816 210228 346202 494222 730331 697598 876842 576031 957901 627619 652711 379315 595746 339953 631404 498529 354410 225652 712569 865999 149636 217458 246336 570145 460302 227223 855605 751362 218573 566946 362490 758995 639709 257224 700105 422996 582730 288482 654407 566880 114096 37834 691826 158091 570986 591585 785336 205902 199576 558444 1008262 1016635 547451 437807 889755 384540 486801 495192 119349 509088 541552 668350 218824 449038 599793 692560 1010112 811390 363788 294406 780327 163411 476393 741504 707592 300949 159082 252275 642128 703343 208262 226917 622015
294519 193320 375114 671786 557132 911280 234936 522158 930288 707592 346883 708733 779025 811461 998257 802861 999999999 816469 662574 839216 343641 78539 381319 522202 442024 214227 193872 203562 908365 333226 1089678 838614 314077 717318 602817 672174 327271 668964 598915 842435 679660 423015 758757 342226 52770 729795 582480 634997 654826 695424 622269 171675 689922 694756 648734 443125 482306 883878 833761 502097 683687 856360 638388 614735 607935 734067 459556 217253 252934 589818 615046 313552 449115 515042 334415 849886 339200 574209 396672 589283 825010 564296 438585 258274 97258 710174 738543 407296 861084 686208 658494 264906 987179 649860 573356 359726 284820 654731 956517 215132
690657 804723 895422 208455 343188 897778 725911 658836 136948 854298 472791 694059 52330 856696 209573 67816 816469 999999999 182318 281408 493479 746778 678402 848570 623129 959760 649494 679020 311916 584777 293360 572913 521584 302111 268492 668130 853318 147658 255159 179562 522507 500270 294233 841394 766127 168755 528631 322128 717034 701982 310720 701836 373587 645618 347705 702161 539359 68352 48864 661458 212434 509894 651753 747177 208731 150313 533816 1016075 1019641 605156 496928 878964 381420 458061 496620 53925 540699 598270 647952 227360 387249 655743 668013 1011673 816965 428607 360597 759174 96292 539723 698823 741940 238600 196213 248112 683392 693320 184039 169825 646925
510981 630534 713674 223294 161564 756153 549448 481014 318586 687541 316011 536974 173284 703101 335983 210228 662574 182318 999999999 234636 325314 598888 496137 668331 558540 788976 514663 552916 296801 405603 427431 456896 395052 175259 237240 506828 672419 82685 212925 189915 369738 420516 364880 659978 614947 77285 357622 156943 551057 702454 304795 532944 230213 652499 359239 636178 358445 239487 221036 482303 238887 410195 641857 575571 93752 74405 351888 851858 849761 584888 490999 698834 214394 277619 331253 197201 434061 573695 465636 116879 300236 624610 486200 840331 651491 463386 414046 576883 199903 555246 534132 633503 327416 180597 96709 596783 514145 11530 294577 518771
623034 761830 793327 436451 282111 642516 676201 501692 386104 643450 508616 470263 316215 618824 259803 346202 839216 281408 234636 999999999 497122 786341 576625 694047 792239 925158 719331 763402 69448 530385 331230 305299 611016 124820 466236 455090 764501 300126 443162 105793 307664 653259 559904 746938 797354 161907 359156 205491 511701 932062 530082 685857 179995 880156 580924 869297 419310 284053 329042 512165 448594 234874 873262 556450 328261 174665 427980 1003284 986741 817657 720273 796412 403917 349221 508241 244023 659050 806971 544365 351514 113732 858734 543927 973164 806802 678934 619838 641330 203591 779392 491494 853196 204061 400719 324107 825817 629259 246165 238068 728794
221057 313065 434059 397291 215513 722083 239627 330538 619677 567648 56711 487698 464356 636136 660624 494222 343641 493479 325314 497122 999999999 289519 252068 458384 426342 466293 238711 289855 566505 126526 751965 547394 179360 377473 343292 447851 384006 347991 328129 499603 392554 307196 523760 377952 300314 388206 306903 295396 459447 661689 393229 208572 360363 632314 441382 483177 219382 558007 519452 317829 413398 546448 593929 448236 288651 393963 193519 526544 526350 531092 490210 403179 112249 205632 15981 519559 251780 514840 234693 275949 493985 541329 278922 518195 326185 537929 532504 334240 525214 572009 452730 395047 645287 361618 245439 409977 220114 318827 619582 257287
292816 227688 415180 596085 505030 912592 241976 514127 857509 717241 283422 699019 707713 814793 933195 730331 78539 746778 598888 786341 289519 999999999 378135 543029 370887 286326 115344 129794 855769 305636 1024429 810680 237203 666941 526535 660882 363208 599826 523537 782459 651321 344751 680556 374463 27792 668674 555667 584767 650260 627497 544319 162001 645996 623596 570250 379756 455496 814628 762075 494848 607565 821852 568381 615896 539066 671654 430910 295791 329315 517565 538228 356165 388219 476844 278102 782173 260711 501638 387417 519446 780784 495461 433255 333025 146989 632039 660004 419488 795563 610605 651498 209047 925499 575677 507105 294157 283517 590451 891191 137490
86889 219548 220492 631191 337452 534460 147774 141642 814026 344306 307496 327929 662901 436924 801394 697598 381319 678402 496137 576625 252068 378135 999999999 206630 652421 371670 404535 455405 638537 125964 888116 480901 409989 454969 585968 292360 187876 548504 567684 622521 330402 549811 766945 170777 368886 532282 237501 385436 273808 901298 641350 216526 398821 876731 691569 695549 157320 733775 714784 121347 648381 515620 834171 237877 498130 545322 151241 465325 430527 772468 740366 220120 329623 232320 262944 689076 480999 755847 32380 493486 521669 775121 57543 413191 302443 789742 781384 84738 680220 822227 277186 562898 766202 590409 449031 612797 96569 494582 765047 433444
265917 329871 184142 827032 506965 418248 302645 194230 985518 201100 514065 293991 840615 317762 941679 876842 522202 848570 668331 694047 458384 543029 206630 999999999 852517 423482 593572 641103 745639 332584 1022240 505209 614119 585467 786529 278582 207841 731049 766955 761746 396210 755191 966597 187443 526678 689358 336201 533137 226223 1104754 844450 386704 516421 1081849 895850 890275 310011 897063 889326 188045 844547 563920 1038018 166838 686391 705066 319426 525189 467069 976843 946943 236296 528190 390760 469525 850594 683888 960152 225181 685093 612157 976969 188203 444903 427452 995354 984566 130744 834146 1028798 243254 743993 895823 784448 637170 805465 273032 669028 909672 623734
587121 582739 764407 417831 567977 1148302 562427 754384 684803 988668 373346 913173 571784 1062173 832680 576031 442024 623129 558540 792239 426342 370887 652421 852517 999999999 655824 272340 241237 855330 533634 914773 944272 247685 705668 354746 873444 709786 508766 370254 739732 801319 140313 421978 715355 398308 634756 726183 639694 885579 259208 321377 480930 724233 252851 309396 79232 645119 686803 613793 740048 418710 924395 197713 871341 466374 627052 619561 647712 693607 148240 202550 711010 436854 616632 410963 673806 174828 133229 644916 442406 838375 127094 692942 700149 516283 316910 372603 721781 705841 256052 879072 199733 853670 427729 469058 95469 580656 547063 792378 242420
304926 163331 241801 843739 654047 840771 248961 502923 1084463 624338 492016 677941 929461 739663 1120801 957901 214227 959760 788976 925158 466293 286326 371670 423482 655824 999999999 397258 415731 991325 395546 1211427 851435 501329 800376 779042 648146 219056 813781 770675 950892 702004 625926 946833 241374 258557 845469 607897 721770 613696 909613 809118 258085 755516 908659 842201 656597 518027 1024164 984705 483196 857659 887161 852525 561176 753730 853805 502948 101833 61654 803269 823095 187582 578467 577347 463506 985006 540538 787494 399830 739127 885335 778518 423749 52272 152663 912613 934248 350139 988000 896600 623720 476914 1097973 815047 711672 573820 297666 783365 1080777 422627
328726 310420 492836 487421 445089 929067 294944 526297 753845 748629 211805 703087 607515 835575 843418 627619 193872 649494 514663 719331 238711 115344 404535 593572 272340 397258 999999999 53178 788464 302241 933894 784661 129133 606120 416852 663517 438420 504801 415924 702911 627883 229848 566199 445085 142199 588331 537529 525973 663054 531547 430668 211318 596843 521651 455176 298032 441674 717802 660868 508972 497948 785152 469079 637807 445328 588855 415472 411115 443212 414357 425893 438735 315432 442978 223820 688417 145406 397942 404596 423953 728672 399358 453182 445653 249481 517221 544689 463816 705793 500383 660720 162430 841778 470386 419324 212274 320992 505197 801167 30621
377699 346675 532278 506740 492479 981703 340103 578879 777430 799698 259107 756178 634960 887840 877125 652711 203562 679020 552916 763402 289855 129794 455405 641103 241237 415731 53178 999999999 832227 355176 966896 836695 158899 652438 435377 716629 478481 536888 437355 742311 680323 227231 573184 486720 157387 627921 590410 573181 715751 498761 440974 255683 645909 493835 459233 255928 494794 747346 687154 561389 515798 835904 438872 689773 478818 627316 468577 416769 456492 387782 412471 476014 360408 494862 274646 720233 150130 371885 456489 456489 776734 366488 504966 461481 275235 511248 545499 512135 740006 482695 713604 109347 878750 493990 456608 169394 369624 543011 834865 34608
688147 828068 853070 486308 351356 658000 742411 555764 397589 680184 577938 505473 353564 644616 238313 379315 908365 311916 296801 69448 566505 855769 638537 745639 855330 991325 788464 832227 999999999 597360 295074 319014 679145 192307 522073 494887 826208 355505 499923 133821 352299 717170 601122 808073 866697 220961 414424 273970 552784 986031 583377 754068 239739 932880 632012 932954 481428 299370 356468 567602 497023 242895 928844 601155 389414 230674 491689 1070679 1052831 874697 774664 858644 473106 414280 577673 266540 725829 864625 606470 413161 138835 917594 603174 1038860 874869 726376 663954 700219 222152 830382 532370 921133 172253 453755 389215 891620 694636 308270 227511 797621
106006 232460 316515 515046 259902 627242 147506 225074 717189 455294 181555 401369 562933 535146 729690 595746 333226 584777 405603 530385 126526 305636 125964 332584 533634 395546 302241 355176 597360 999999999 819436 506524 287892 405578 465608 362025 270312 446266 448696 556651 347195 425570 646696 260808 304955 454571 250622 326282 361177 778573 518389 163914 365825 752439 567461 581845 150209 644943 616755 208776 531809 523300 711155 339595 391288 464652 126519 473492 457200 649009 614537 294421 215042 186843 136998 602634 360060 632479 112060 383243 499419 654149 159430 444674 280893 664455 658093 207732 600365 696400 358487 464514 703553 476340 343580 501900 108596 401879 690725 328605
921013 1050276 1108284 497262 559702 950019 966594 828516 257142 972900 742820 798666 343467 939654 91451 339953 1089678 293360 427431 331230 751965 1024429 888116 1022240 914773 1211427 933894 966896 295074 819436 999999999 612522 808228 438067 561009 785530 1074102 430015 548465 265598 638843 793621 545799 1058505 1041451 365964 686066 502682 842563 968990 597177 958067 505830 910787 626058 993503 733369 227991 302159 837379 498018 535556 925695 887664 488624 358326 736876 1278088 1272739 884941 774328 1103889 641774 655797 758480 247224 832321 879888 855827 510493 432585 938519 862610 1262010 1077707 688771 615130 959662 228867 804386 822287 1034130 127178 489390 517332 976720 925698 434985 133244 933934
558270 699628 656702 680096 378176 339269 621196 351058 689047 386156 586899 218606 596800 330428 556206 631404 838614 572913 456896 305299 547394 810680 480901 505209 944272 851435 784661 836695 319014 506524 612522 999999999 714366 283123 685078 226724 647882 539179 659936 409238 159404 806679 820778 626111 811371 415670 256156 317103 281985 1136027 754812 667229 231456 1091464 811160 1012532 356498 586621 621770 369875 695782 77256 1071059 340197 537376 434267 380155 946219 908874 1009731 929906 682800 507588 341869 562976 543767 780428 996032 455371 554077 191573 1038485 427690 890285 774753 917558 870863 509693 506513 1001380 263212 942426 491266 636627 507194 948729 567330 466040 540403 804582
353077 384584 549454 359352 350293 901345 341470 506794 624713 741807 129245 667033 478826 814549 718315 498529 314077 521584 395052 611016 179360 237203 409989 614119 247685 501329 129133 158899 679145 287892 808228 714366 999999999 505228 289416 627197 495022 378302 287312 584825 564486 142868 446888 496101 261316 470761 483671 429190 638012 491314 309497 270480 507614 467961 340890 304236 398715 589935 531942 492692 370498 704053 424204 623925 319947 469433 372880 529302 553039 362740 342650 503765 214483 377188 163738 561822 72870 346065 399848 297741 633634 366287 447261 552240 348753 416654 433171 484253 581127 423103 631787 242320 720096 341295 298467 234553 348043 384935 676051 125712
498681 637046 673474 398333 162196 596553 551428 391303 430787 559804 394320 394139 318384 555022 356212 354410 717318 302111 175259 124820 377473 666941 454969 585467 705668 800376 606120 652438 192307 405578 438067 283123 505228 999999999 409630 371019 642657 256712 384755 176573 222584 565357 537736 625692 676743 135850 249699 82352 423416 871049 478406 561776 73918 822977 533648 780155 298100 331393 350280 399512 413603 235179 808524 460740 261822 154842 304974 878607 861970 749486 660913 674035 292368 225257 389520 284823 559580 737169 422603 281442 132826 784843 425571 848487 682562 638476 588954 522941 257899 728081 404175 747036 313185 355847 241059 729131 504773 185127 324966 617954
564335 642668 777317 71449 327482 959852 578568 624342 344949 855293 298054 728163 217553 893692 477979 225652 602817 268492 237240 466236 343292 526535 585968 786529 354746 779042 416852 435377 522073 465608 561009 685078 289416 409630 999999999 692720 726811 166621 25147 396466 575144 234650 181127 721220 550160 304386 533930 369484 726012 466095 69887 528586 453753 415373 126810 433865 493913 333136 262723 618539 81119 644466 407116 735660 148153 292113 476258 816099 834265 352719 254318 744455 258431 427964 337909 319115 287674 343050 562511 131247 537357 397487 598902 831019 627367 234486 202186 670487 352294 318479 712507 483049 500325 73329 180887 416765 563348 226330 437635 406904
378228 508509 437077 710954 366752 275849 440097 150732 800484 189408 500120 39903 675348 200975 713997 712569 672174 668130 506828 455090 447851 660882 292360 278582 873444 648146 663517 716629 494887 362025 785530 226724 627197 371019 692720 999999999 435156 585022 668827 541558 149445 747507 857656 412720 655234 499422 158993 350561 58475 1098507 760454 503204 297183 1062637 817089 930853 228485 702196 714719 171072 728457 288753 1030939 113956 559210 517824 254374 747009 702316 967759 908208 469836 456672 269127 463562 655438 699402 952232 275608 567542 356309 984496 234849 682316 594722 924409 893587 298440 628622 987055 38182 825946 658641 665339 515506 855652 387907 511891 688281 688825
164940 136032 54806 781018 518395 622566 153826 296930 986801 407102 429933 462621 832962 521298 986509 865999 327271 853318 672419 764501 384006 363208 187876 207841 709786 219056 438420 478481 826208 270312 1074102 647882 495022 642657 726811 435156 999999999 716454 712119 808599 507400 636895 906434 22608 342152 714704 419941 571724 396982 968520 773099 229404 586470 954331 817346 734290 345194 911773 886510 278637 797281 691404 904505 343006 661548 726665 338069 320729 268749 846935 837660 34927 484396 418894 388911 868263 555958 830221 220163 652992 707231 836848 227162 247979 230078 905915 910085 138243 862367 917832 408254 571686 953127 744085 613886 647774 164390 669555 949341 468913
552177 660567 760990 141936 227377 837816 583597 548746 272182 762752 325261 616310 116988 782812 340581 149636 668964 147658 82685 300126 347991 599826 548504 731049 508766 813781 504801 536888 355505 446266 430015 539179 378302 256712 166621 585022 716454 999999999 144531 231985 450805 375955 282199 705975 618813 138774 432469 237517 627192 631963 230128 555701 312856 580115 282278 587716 421890 214938 171691 548103 156909 490746 573669 648442 61077 125619 411759 868660 873309 519194 420200 740453 236779 343467 350282 183634 404477 509215 519598 80862 377616 562737 545296 865830 669854 384095 332286 631622 204591 480184 610912 606586 349083 101610 103341 557670 554074 74836 298387 504013
548822 631415 762029 73269 303124 935367 565292 602597 340259 832585 285275 704070 205542 869777 463907 217458 598915 255159 212925 443162 328129 523537 567684 766955 370254 770675 415924 437355 499923 448696 548465 659936 287312 384755 25147 668827 712119 144531 999999999 375731 550355 245199 199651 705913 546456 281254 510159 344361 702713 489794 95010 518108 428607 439576 151857 449486 472051 321275 253603 597210 87128 619501 430134 713207 123124 269519 454934 810603 826689 374847 278156 730612 238843 404922 323677 304293 291902 364712 543569 106120 512848 418296 579039 822794 619684 259434 225181 652340 335591 343326 689009 490236 483474 59269 156016 428256 548181 201914 423027 407762
656759 788628 842731 355526 296932 744197 704139 567521 280501 730966 499189 560852 219773 715242 180358 246336 842435 179562 189915 105793 499603 782459 622521 761746 739732 950892 702911 742311 133821 556651 265598 409238 584825 176573 396466 541558 808599 231985 375731 999999999 392128 604578 467315 792918 796779 114581 426249 237085 596023 856739 454675 701160 248511 802711 501393 818396 468089 178311 225800 575150 365344 340311 801125 635918 275254 115848 471280 1021652 1012442 748708 646190 838570 394291 390201 508077 138673 623293 739421 590238 299437 218135 793861 597771 1000824 821939 593690 530431 694583 97842 699237 576307 823307 147092 325789 286624 783822 661748 200378 148467 708041
403276 546272 523735 583957 249870 387444 465679 214899 653150 338849 435593 171712 533175 335013 565443 570145 679660 522507 369738 307664 392554 651321 330402 396210 801319 702004 627883 680323 352299 347195 638843 159404 564486 222584 575144 149445 507400 450805 550355 392128 999999999 666839 729893 486653 651984 353917 97431 213292 204511 1007287 644621 508512 149245 966419 701719 866402 197359 553969 569863 230766 600982 185240 940840 249285 433308 372640 220769 794243 760898 878353 807184 541932 366226 187605 408372 507400 632943 863790 302549 445310 216329 902335 281224 743332 617866 809542 771641 371465 479582 882780 184522 787120 511701 538557 394357 798912 412044 376199 539068 648807
495714 522258 691482 303929 429249 1023313 483709 637598 577784 874842 251111 786851 450672 940807 708433 460302 423015 500270 420516 653259 307196 344751 549811 755191 140313 625926 229848 227231 717170 425570 793621 806679 142868 565357 234650 747507 636895 375955 245199 604578 666839 999999999 348234 638535 371931 497288 596003 499802 764243 354493 221765 410133 584708 326943 233001 216066 520960 566437 497312 625020 308947 784944 286737 755334 329665 490536 496321 639849 672995 223986 201628 644372 300738 484906 293077 548557 85479 207667 537479 305512 698062 237142 583808 675011 475622 287374 318271 625907 577404 280983 756128 251646 724179 304399 329467 183181 490814 409114 667185 208329
744780 817431 957460 146705 491290 1117328 756732 800268 291352 1027273 476643 891141 247937 1057757 481156 227223 758757 294233 364880 559904 523760 680556 766945 966597 421978 946833 566199 573184 601122 646696 545799 820778 446888 537736 181127 857656 906434 282199 199651 467315 729893 348234 999999999 901409 706142 409817 700611 517304 895078 423461 137715 702367 594950 365102 116125 493065 669695 335144 259223 795601 129270 769452 383702 908948 298475 392581 653484 975373 999683 350818 240874 923090 438487 599534 517718 346572 423874 349320 743136 291095 652114 408241 778640 998221 794217 143104 69405 851516 390428 258949 880344 594670 526037 192331 343007 506899 743539 356626 448776 550090
157143 149328 56116 774057 504495 600814 154927 275326 975498 385772 425623 440050 822169 499504 971350 855605 342226 841394 659978 746938 377952 374463 170777 187443 715355 241374 445085 486720 808073 260808 1058505 626111 496101 625692 721220 412720 22608 705975 705913 792918 486653 638535 901409 999999999 354414 700527 400165 555871 374377 973584 769035 234435 568388 958089 814280 742091 327761 899069 875385 257267 790509 670323 909061 320432 651885 712851 321789 342957 291353 850850 838629 57128 475708 402815 383717 855193 558694 834105 203158 644048 687915 842285 207246 270583 245419 904429 906758 116429 848357 919201 385683 582085 936918 736383 603841 655672 157884 657434 934542 475676
282531 206153 393256 619257 515415 902894 228323 507034 878715 704621 298939 692869 727997 804335 950100 751362 52770 766127 614947 797354 300314 27792 368886 526678 398308 258557 142199 157387 866697 304955 1041451 811371 261316 676743 550160 655234 342152 618813 546456 796779 651984 371931 706142 354414 999999999 683490 555576 594415 642247 654490 569563 152608 652972 651081 596426 405698 455161 833745 782595 487430 631067 825130 595696 605886 557871 687113 431217 269474 301692 545165 565921 333441 402628 481136 289921 800434 287588 529270 380319 538796 788018 522570 424974 305255 121186 659282 686523 405406 812664 638391 644326 232612 940705 597755 524446 320476 273019 606811 908220 165110
557643 684534 752456 278038 196417 732271 601260 496954 302187 686009 385266 525369 182572 688478 275458 218573 729795 168755 77285 161907 388206 668674 532282 689358 634756 845469 588331 627921 220961 454571 365964 415670 470761 135850 304386 499422 714704 138774 281254 114581 353917 497288 409817 700527 683490 999999999 362606 156897 548770 770357 368893 592602 205362 718815 420776 712677 384101 208184 215956 501341 291436 360170 711361 580450 168512 18999 382621 912966 906776 655827 558550 743079 280873 303025 395902 161408 511174 645255 500576 192368 242449 697431 514611 896106 712737 521126 465608 609171 147940 618896 530388 710163 257389 240102 173320 674045 561834 88445 236154 593608
306900 450426 441476 554043 209351 431610 368943 142655 664250 330323 354562 195750 529715 359904 605776 566946 582480 528631 357622 359156 306903 555667 237501 336201 726183 607897 537529 590410 414424 250622 686066 256156 483671 249699 533930 158993 419941 432469 510159 426249 97431 596003 700611 400165 555576 362606 999999999 206522 195065 943955 601503 411195 180326 906537 658109 787682 100429 570356 573110 153266 571651 280226 876655 218680 402625 379830 124805 698716 667453 813597 750745 453875 300157 111947 322882 523372 554291 798370 208128 409817 288352 833063 192919 650492 520578 765417 735119 288000 502746 829064 179752 698365 559788 508521 357778 716602 315502 361364 574549 559849
422507 558538 605690 372062 80905 600489 473128 340207 457796 533636 314306 380113 325219 546161 416339 362490 634997 322128 156943 205491 295396 584767 385436 533137 639694 721770 525973 573181 273970 326282 502682 317103 429190 82352 369484 350561 571724 237517 344361 237085 213292 499802 517304 555871 594415 156897 206522 999999999 396556 819772 439369 480370 86477 774534 496150 712184 231774 365081 366952 345104 388822 285876 755385 425056 223423 173612 234195 798235 783419 694683 612855 602026 214847 153116 307686 318268 486865 681441 353158 238241 204485 726127 362145 770522 601341 603386 561316 458351 301199 684442 379016 669836 381596 327005 190198 657049 428085 162995 380987 538833
360682 482172 393402 748665 404138 266069 420212 137144 850719 137264 513959 68072 721719 176713 769946 758995 654826 717034 551057 511701 459447 650260 273808 226223 885579 613696 663054 715751 552784 361177 842563 281985 638012 423416 726012 58475 396982 627192 702713 596023 204511 764243 895078 374377 642247 548770 195065 396556 999999999 1117611 792476 489652 349523 1084120 848563 939408 243859 753575 762903 155666 766313 346326 1049841 59385 597481 566859 267969 714031 665651 986670 932584 431062 481644 298276 474673 706656 710793 970806 263034 604035 414368 1000182 217273 644959 572481 955121 927893 264249 681314 1012525 20430 824946 715542 703217 552075 861594 370349 555352 743397 689757
841085 841944 1023212 501487 760206 1374228 819883 992040 714633 1229333 605539 1137423 650664 1293884 901217 639709 695424 701982 702454 932062 661689 627497 901298 1104754 259208 909613 531547 498761 986031 778573 968990 1136027 491314 871049 466095 1098507 968520 631963 489794 856739 1007287 354493 423461 973584 654490 770357 943955 819772 1117611 999999999 402656 739332 906209 58666 356036 256252 873859 752685 675327 979511 493000 1103294 67806 1109782 610405 757555 849683 892357 943543 130941 211807 970174 644105 832035 647518 755903 420867 146925 890633 589762 1001360 132381 937502 951820 773912 280357 354442 974390 796578 164605 1108853 436797 940153 532300 631614 335894 835159 691292 866366 501600
613290 680782 824914 102534 396318 1028724 622052 687505 363568 920380 343412 796292 258397 961405 518793 257224 622269 310720 304795 530082 393229 544319 641350 844450 321377 809118 430668 440974 583377 518389 597177 754812 309497 478406 69887 760454 773099 230128 95010 454675 644621 221765 137715 769035 569563 368893 601503 439369 792476 402656 999999999 565536 523547 350080 57098 398766 557567 370319 295028 680785 99225 713460 346524 800264 217585 355420 538805 838484 862052 295937 191528 788581 318681 494200 385842 363801 290864 288154 619490 201129 604986 345152 657880 860513 656503 164935 140125 725285 401040 250570 779402 473115 548098 129659 250581 395000 611481 294154 480206 416091
130816 115415 284193 590532 406788 750900 84474 354515 826486 555641 235259 540574 671416 652856 866969 700105 171675 701836 532944 685857 208572 162001 216526 386704 480930 258085 211318 255683 754068 163914 958067 667229 270480 561776 528586 503204 229404 555701 518108 701160 508512 410133 702367 234435 152608 592602 411195 480370 489652 739332 565536 999999999 527423 724995 604538 509198 311286 766569 726650 334856 605215 686802 675131 454047 495662 599755 289203 320526 317820 617570 611662 234360 320821 349517 205421 728018 327664 600865 227887 481284 661850 607891 272381 310181 121162 686358 697677 259819 732628 690938 491758 357290 847981 559659 453724 423108 121523 526863 826355 241937
450983 592808 613894 451676 157895 528659 507383 322941 503926 485889 387252 320955 386342 483163 426608 422996 689922 373587 230213 179995 360363 645996 398821 516421 724233 755516 596843 645909 239739 365825 505830 231456 507614 73918 453753 297183 586470 312856 428607 248511 149245 584708 594950 568388 652972 205362 180326 86477 349523 906209 523547 527423 999999999 860768 580041 795793 241846 405056 421231 332666 467900 200243 841861 387543 306357 224232 253278 838351 816750 781147 698983 618939 293644 179201 374196 358367 568129 767873 366796 322662 135114 812297 364205 802019 646476 686776 642092 461532 331805 769969 330260 745782 379464 407394 275907 738313 457928 238334 396909 611999
820584 831198 1009136 447187 717826 1337836 803461 961300 656153 1199138 575702 1101148 594583 1259744 843650 582730 694756 645618 652499 880156 632314 623596 876731 1081849 252851 908659 521651 493835 932880 752439 910787 1091464 467961 822977 415373 1062637 954331 580115 439576 802711 966419 326943 365102 958089 651081 718815 906537 774534 1084120 58666 350080 724995 860768 999999999 301344 267773 840309 695365 618068 949618 438001 1056406 59667 1078929 561457 705498 816771 897958 945778 107511 162101 958053 606409 794640 618777 699510 400325 124157 864257 541568 952273 134995 910277 952726 768400 222027 295979 952191 740612 106606 1074564 443644 883455 479615 585176 339300 815182 641482 809142 492617
659716 719945 869887 145876 453348 1085727 664999 742009 382166 975759 389501 853070 295803 1018007 551893 288482 648734 347705 359239 580924 441382 570250 691569 895850 309396 842201 455176 459233 632012 567461 626058 811160 340890 533648 126810 817089 817346 282278 151857 501393 701719 233001 116125 814280 596426 420776 658109 496150 848563 356036 57098 604538 580041 301344 999999999 383147 612445 402568 325524 734811 136980 768817 304054 855443 273785 406476 593155 865893 893302 259108 149417 831369 372530 550317 432935 401547 311081 253845 670682 257935 658999 312602 710138 892995 689644 107844 93158 774985 441218 198538 835686 478553 586305 180703 307637 391802 657407 348842 514992 437471
624507 602456 788180 496352 638573 1204053 592976 805731 761593 1036569 433127 970732 650719 1115318 911729 654407 443125 702161 636178 869297 483177 379756 695549 890275 79232 656597 298032 255928 932954 581845 993503 1012532 304236 780155 433865 930853 734290 587716 449486 818396 866402 216066 493065 742091 405698 712677 787682 712184 939408 256252 398766 509198 795793 267773 383147 999999999 702491 765579 692206 790301 496760 995565 208180 921389 544498 705320 676491 636204 688398 179221 262216 731840 505226 680003 467378 752960 233623 169134 691148 520451 912595 133018 739724 697381 526676 378128 439493 759906 785073 299702 934140 180945 932899 506906 545524 86535 617245 624734 871499 267477
