NAME : synthetic_000252
TYPE : CTSP-D
DIMENSION : 100
GROUPS : 8
RELAXATION_LEVEL : 1
EDGE_WEIGHT_TYPE : EXPLICIT
EDGE_WEIGHT_FORMAT : FULL_MATRIX
EDGE_WEIGHT_SECTION
999999999 848462 774254 972294 904589 858967 365743 581437 414098 337690 413522 428286 760878 940739 744119 706385 962370 723325 499650 999403 263977 414716 1039350 677326 409484 642440 502978 79913 729264 760239 726341 656404 726936 883184 758690 281590 530137 137942 942421 481597 1044600 854034 502596 525007 706104 796665 416490 559122 800405 496718 467631 1047484 878128 623651 179811 765562 914583 878067 770587 971510 1006475 938684 692354 906229 679964 626076 470151 790003 522204 661325 919971 261228 964724 1041463 563014 620309 726305 436062 628983 612234 537009 528472 821577 614023 806795 1001469 933759 589973 415747 790948 935049 850960 1099088 1198748 724850 800651 1056834 918179 725494 364987
848462 999999999 291382 262034 266909 310742 524255 309706 537452 511129 636899 524230 420855 442045 104362 485044 604704 134073 486558 424196 721885 803889 600101 229591 489413 849858 468617 908328 758519 411743 410168 574478 544643 397042 933740 826122 342272 710693 654021 369153 334048 765093 471177 512352 619266 303067 830900 347175 918795 351786 657963 369639 621247 504436 773336 401272 540943 911141 813120 446026 458867 141381 156948 304334 206014 450250 449833 62128 380040 324504 783318 839746 183367 206087 402021 647054 594482 553835 232899 363099 773908 424376 190046 351334 66447 386738 306727 261855 447870 338544 384680 242307 308310 561501 721763 748822 482128 665756 123214 577377
774254 291382 999999999 214326 137005 85761 554025 210402 606076 478424 442787 360575 645311 714243 267438 202682 333391 309535 295946 237088 571798 595666 356256 144000 538388 587217 576184 848279 477101 636723 125400 302291 258348 142710 657303 658741 418615 643947 372193 340260 275890 473942 578958 297371 337147 25617 622431 460361 636341 348305 439936 273684 332880 246511 762810 628997 266389 621889 528941 226007 255614 253872 281930 583170 375033 200547 530568 252577 254514 506973 492587 678633 252749 361829 534492 382962 308913 637342 222830 163858 531540 539032 454960 160571 228273 229705 590632 330396 470681 50340 172847 92319 357960 433104 439599 459780 300741 379479 257893 626341
972294 262034 214326 999999999 79299 151991 708521 391556 743777 655943 657093 571288 682062 695678 315822 394488 398424 363039 509065 178255 783401 808930 366698 298053 683287 781763 692108 1043136 653963 672951 322666 498474 437774 210394 836575 872540 543051 837850 461326 507707 79706 616828 694860 511673 519298 200644 835533 567725 806454 505346 653126 108107 449633 454304 939586 662701 346555 773132 698630 215096 215570 131242 359659 556374 442327 412696 659210 270965 450944 573736 614726 892056 95224 191829 634395 581985 486136 768319 362320 373756 737927 649522 451457 368136 237339 134159 553099 449776 624613 226647 165228 124606 145336 300843 616628 617849 227120 483364 321016 774323
904589 266909 137005 79299 999999999 74522 657765 327710 699595 596043 579406 496751 674643 708923 294033 316194 348717 341951 432888 159457 708410 730009 334049 239535 635954 704104 655602 976979 579285 665615 243573 420081 361435 146228 761914 795718 501616 771820 406246 450357 140399 549620 658388 433676 443041 121700 756557 532832 733730 451689 574223 146453 386774 375005 881032 656170 290318 704798 625634 179358 192638 166345 329661 570822 419178 333703 617690 257227 382402 553721 552862 815637 145607 254955 603144 503419 410527 726834 311328 299275 658750 614572 454869 294648 223960 128533 571538 408290 573422 147464 118860 54800 224624 328105 541767 547037 221200 424604 294158 726453
858967 310742 85761 151991 74522 999999999 636791 295082 686037 563797 516241 441489 698479 749494 314511 242504 293974 360704 374491 153948 651037 662389 296498 220291 619403 629951 651164 933405 504899 689627 171761 346497 286915 86314 687503 734152 494141 729323 345476 423977 199651 478629 653953 370268 368521 62304 688655 532025 659826 430288 506938 191240 319697 304763 848387 681001 230885 632883 551685 151379 176708 232452 340163 613722 433165 266896 608166 287242 340193 567669 485447 754945 217318 327818 605033 430050 336034 716084 298270 247123 586838 612366 491222 244946 256839 143944 617357 403132 552973 77198 92213 68590 296703 347721 467355 474057 218552 360478 309720 708289
365743 524255 554025 708521 657765 636791 999999999 345187 82295 119998 434220 348285 402850 579248 423515 586434 838384 390805 393914 790500 388992 556417 890801 419291 43741 733927 146604 406712 744918 401038 565768 593161 633801 691291 853349 488087 182727 245881 845750 214470 787477 834782 147086 439872 656021 579592 575288 197589 873079 206777 494274 803444 784949 525730 251313 405064 776107 920280 800957 778727 809453 639895 370196 540706 331626 495752 104690 473788 324688 295656 888558 486211 673952 728806 198246 605784 658688 121355 347025 426848 619875 164214 462552 420988 498691 777297 568420 266192 84345 589736 726791 603645 811575 982250 722928 789893 854618 833805 408786 75075
581437 309706 210402 391556 327710 295082 345187 999999999 402446 269377 328215 214543 514551 628714 220302 274960 504475 232657 182200 447485 416925 495587 548829 96843 332985 568299 385719 651609 510211 507193 232280 325546 333487 346110 667592 518552 232663 446347 522895 130724 465871 559639 388383 216531 384713 235726 522435 284833 665281 143278 354750 473612 467689 247242 554473 502474 439409 681495 568758 433685 464849 365070 190642 519602 257158 197354 333901 247944 70685 363310 599780 533516 386552 474000 358451 378196 373059 436204 85281 100845 478633 354401 390688 90104 250919 438216 536570 165419 263071 244554 383071 273059 518524 642736 477756 526692 510940 517817 199964 418621
414098 537452 606076 743777 699595 686037 82295 402446 999999999 201812 516450 428427 347008 527632 442708 656438 903557 403817 470724 839895 467848 637419 951247 465885 70619 816176 91877 442572 824946 346678 630037 669345 706233 746472 935494 564188 201237 308774 914723 274399 823418 911906 90900 517233 732443 631668 655771 191631 954754 259366 576325 843170 855113 599778 270482 352520 839859 1000703 881372 832058 861322 663089 391210 506826 334313 566620 87621 493374 392052 265409 964251 560686 699825 743532 161221 685351 733457 39395 389272 491276 702167 127639 446610 484175 521626 823057 535458 294040 142746 645284 777510 646723 836181 1027031 802143 867999 904587 904473 430950 50911
337690 511129 478424 655943 596043 563797 119998 269377 201812 999999999 315003 229479 487578 654036 406770 481163 738456 385845 279770 714793 286415 444620 797484 358105 142804 614725 248411 397986 625744 484074 469895 478697 524484 607975 733766 391777 202905 200520 740306 149436 732400 718554 249758 324502 541026 503313 465174 245352 753090 160051 374535 742345 678092 414751 285141 485796 678708 800753 681462 697133 729740 607506 354734 593132 347107 390135 192413 453422 230269 356970 773971 394289 636566 706930 278296 487138 545908 241114 298582 333799 501163 249690 494111 330356 471898 707344 618773 252500 98185 507597 649913 541249 773258 911486 604524 672601 777297 726024 388460 189051
413522 636899 442787 657093 579406 516241 434220 328215 516450 315003 999999999 118846 772659 919145 547946 311892 555654 554827 153385 632599 154788 167403 638283 411113 456673 299743 558037 493344 331697 767384 353890 245214 319970 513738 419304 218694 461862 327798 530529 331075 715555 446717 559741 146010 292609 458380 194219 518071 441977 362161 62846 705639 466618 228303 494039 766351 514173 499136 382011 595680 631133 671565 513052 828158 558933 251067 499322 575600 259769 625651 510745 240782 683137 783568 572579 208571 313885 555572 410999 289754 186516 550254 705651 298573 575555 646132 848668 450648 398313 439714 572791 533626 799819 826533 319828 394699 681938 505207 527397 497637
428286 524230 360575 571288 496751 441489 348285 214543 428427 229479 118846 999999999 659380 801949 432123 281759 541969 436964 71366 574289 212209 284662 613970 303607 363012 401278 457512 506443 396649 653743 298307 255238 312248 456656 515713 307129 348213 312521 531831 214627 636423 490667 459480 103622 315751 380146 310970 405319 529392 245819 162370 632664 467732 202775 463898 652141 489785 572277 452948 544156 579338 570300 395389 709396 440148 198004 398150 462386 144314 510552 548125 324165 586040 681524 464142 257667 325039 467781 294898 197608 294550 444650 586860 203332 464954 580287 729830 332025 297911 368881 510863 446694 709806 773003 375049 443684 629966 512911 411453 418505
760878 420855 645311 682062 674643 698479 402850 514551 347008 487578 772659 659380 999999999 181569 384059 784774 978650 337935 668639 834009 773774 923272 994756 512863 361071 1058539 258505 788051 1021791 9113 728084 839540 845265 780567 1168087 879256 311202 648493 1013292 445844 754884 1073324 258675 712993 899249 666547 946009 254588 1172695 414916 821749 790042 965958 761316 611732 20389 911561 1195115 1080565 847073 865895 560745 363506 205794 271230 711860 300983 417444 552121 152111 1110110 880872 602895 592523 209576 885349 886982 329821 445225 613896 953930 240688 238137 602097 450933 800958 232982 349442 389730 695160 785118 636236 715789 982273 990708 1041243 895453 1015288 389365 397027
940739 442045 714243 695678 708923 749494 579248 628714 527632 654036 919145 801949 181569 999999999 448260 881882 1041829 411859 799548 865212 937307 1076947 1041941 601408 536404 1192379 437762 969391 1137614 181100 816075 951011 943569 835485 1295673 1044629 461970 825034 1086009 588079 758124 1172341 438164 840608 1006739 731355 1100993 410585 1293878 557036 962820 799144 1046279 873295 793299 175201 976371 1305532 1195784 888066 900425 565081 448911 139308 371593 820440 475351 463782 678967 298415 1201065 1048191 604907 561547 381775 1006893 989434 511364 548503 721321 1093835 415159 259460 708810 492787 825996 146408 473170 556023 764333 826630 682005 691723 984323 1103989 1146413 921145 1093577 461023 577968
744119 104362 267438 315822 294033 314511 423515 220302 442708 406770 547946 432123 384059 448260 999999999 437663 599301 47988 402012 452280 623489 715337 610949 159720 390514 780223 381041 804073 703287 375179 368895 516163 499209 397482 872032 729153 243513 606375 639588 265539 394355 726614 383727 433104 567339 286385 742060 256792 862697 247490 574680 422359 598205 441262 671015 366492 532749 864965 760069 463198 482998 220620 53472 321655 126690 386722 355458 50714 288308 260089 753169 741720 258576 305440 319769 581899 546833 462408 137225 291430 696327 337426 190699 278907 80423 422223 333125 158653 345306 317769 401353 252572 393746 614388 667842 703817 515094 645847 20731 479974
706385 485044 202682 394488 316194 242504 586434 274960 656438 481163 311892 281759 784774 881882 437663 999999999 260921 470204 212302 327564 463283 435143 333021 280521 585884 388294 654469 785530 274987 776999 77282 104000 61700 211638 454622 527310 506143 594280 259492 385761 435185 290665 657019 181393 134966 203130 460059 559562 434857 408068 284970 415385 198703 84108 742483 771326 208384 427920 328311 286661 321788 455777 433254 759184 517770 91062 599162 437230 264795 635370 325600 550765 450904 561470 632680 187655 109766 693433 339840 174251 346856 626456 627894 184911 419161 348392 770609 438714 513773 170419 273293 287736 539028 516489 237695 266243 372168 248071 422507 661377
962370 604704 333391 398424 348717 293974 838384 504475 903557 738456 555654 541969 978650 1041829 599301 260921 999999999 642603 473149 233627 710378 644509 94115 470206 833117 512708 889846 1042017 356197 970082 273539 311382 236024 207728 518736 758572 734518 854227 70446 629217 388927 260850 892535 439808 277781 312998 665206 782325 472389 646792 514381 348053 103651 340026 1003379 962387 67181 411484 376635 186509 200580 514549 615172 907082 708016 350173 838316 578143 513702 838599 233626 783609 488690 590112 857006 372542 247651 938854 545866 412346 526603 856807 782679 419440 549259 278611 911230 653570 761339 283500 234082 362504 511010 342298 327869 287301 228242 103223 590892 913421
723325 134073 309535 363039 341951 360704 390805 232657 403817 385845 554827 436964 337935 411859 47988 470204 642603 999999999 414284 499997 619052 721591 656840 189688 355429 799763 337956 780242 730584 329138 404500 543252 531904 442691 895535 726253 208415 586361 680821 252833 441204 760520 340592 449010 596890 329698 747933 214738 888955 230441 586199 469911 637452 466734 640751 320792 575766 895493 788088 510138 530445 263011 42096 291322 79338 412746 316210 93710 296028 212110 789730 737324 302333 340008 274551 605029 578292 421386 147422 314857 711261 293961 160231 302214 126215 470190 305971 133360 316141 359798 448425 299835 435554 662114 695909 735409 562947 685712 51720 443320
499650 486558 295946 509065 432888 374491 393914 182200 470724 279770 153385 71366 668639 799548 402012 212302 473149 414284 999999999 504067 276548 318230 543449 258777 402210 392871 487981 577783 360913 662268 227113 199309 247452 386038 499527 363716 361429 382746 466304 225755 571494 441199 490200 47064 262108 314040 345375 419080 505346 255513 172669 565677 402757 136940 530575 659397 419591 537377 419137 473162 508408 518308 372191 697570 430182 126773 429110 425993 120977 517098 494760 382991 530657 630276 484373 220892 266168 509559 267297 137266 297537 469263 570560 145487 423983 511390 715882 326490 332671 300422 441061 384686 650011 702437 334541 397714 559109 449305 381858 467029
999403 424196 237088 178255 159457 153948 790500 447485 839895 714793 632599 574289 834009 865212 452280 327564 233627 499997 504067 999999999 777175 762685 189108 374035 773350 687611 803419 1075534 542751 824990 279534 423790 348538 118969 720844 850828 646907 873285 301925 577201 155438 478198 806210 490189 423608 211794 787472 682908 682275 584137 611734 114845 306366 406661 998380 815588 196288 634284 577982 50561 37390 306901 484879 726406 576111 383309 761500 416651 487789 710975 463210 873354 273344 364728 755015 505045 388243 869684 451565 389057 668233 763888 613360 389189 383418 46227 725391 555064 706792 209524 65066 201432 277462 199413 507714 490819 64877 329606 451035 862188
263977 721885 571798 783401 708410 651037 388992 416925 467848 286415 154788 212209 773774 937307 623489 463283 710378 619052 276548 777175 999999999 177820 792342 510897 423066 392871 531202 342968 466143 770090 497742 399950 474554 658321 513331 108670 477259 206025 684845 369454 847645 590060 532228 287279 445583 590475 191555 526730 548789 396849 204359 842205 621106 379181 372627 771465 667934 620374 509497 742962 778451 779565 579840 865711 603510 393993 477647 659800 346859 638949 656029 118326 796981 889926 564686 357368 468195 504040 488991 409647 281006 535898 754368 415541 666715 786922 889473 496138 384044 576621 715382 658796 921921 973718 460908 536707 829363 658873 602870 435763
414716 803889 595666 808930 730009 662389 556417 495587 637419 444620 167403 284662 923272 1076947 715337 435143 644509 721591 318230 762685 177820 999999999 734929 576989 586482 228228 693028 487629 337258 918655 492682 343359 422581 646254 344181 138310 615781 382387 603753 490680 861650 470103 694359 301055 366731 608335 27186 669997 386169 521217 155806 846875 544684 359319 546467 918628 616601 467487 367996 720711 755385 833398 679945 991273 722569 396313 636551 742752 427104 780334 537883 163157 842408 945422 717697 272105 397969 674877 578341 451489 132717 691937 870713 461271 742008 782433 1012570 613730 537869 585205 707519 687821 953481 948190 344196 416629 805041 572488 694777 608956
1039350 600101 356256 366698 334049 296498 890801 548829 951247 797484 638283 613970 994756 1041941 610949 333021 94115 656840 543449 189108 792342 734929 999999999 499600 881552 606798 929351 1118546 450147 985934 327620 397016 318979 215098 610153 845629 772114 926194 157179 677799 339554 350135 932099 514408 368649 332411 756244 815998 562084 692066 600535 295023 197702 415891 1069869 977401 124822 495827 468977 155007 151778 492878 634328 904405 727723 417299 880880 582788 568431 861375 314732 870364 461304 553638 890361 462864 336990 984900 577950 464868 619185 893629 785514 469987 551363 234958 905561 686023 810819 310262 215471 361370 459230 253539 421982 379958 160365 192618 605567 965345
677326 229591 144000 298053 239535 220291 419291 96843 465885 358105 411113 303607 512863 601408 159720 280521 470206 189688 258777 374035 510897 576989 499600 999999999 399836 623409 432468 746529 543591 504621 216554 356442 342220 286710 712847 610326 274961 541497 500872 210985 374324 570942 435247 282794 408140 168953 604122 316486 702980 212645 428896 385920 453219 281828 642461 497883 403116 706350 600481 368519 396372 269062 153395 479618 241975 227220 388062 171262 164408 368994 601506 626350 289726 379029 390768 423165 388739 495801 78880 134331 544511 395044 348171 122232 165543 358251 492303 186492 335016 189682 312141 184939 421989 563072 508243 545871 438778 502444 142973 489437
409484 489413 538388 683287 635954 619403 43741 332985 70619 142804 456673 363012 361071 536404 390514 585884 833117 355429 402210 773350 423066 586482 881552 399836 999999999 756047 108257 449828 758658 358968 559627 600242 635962 677975 874272 524541 147243 288656 844107 204127 762681 843130 109198 448962 663405 564004 606379 155671 891464 190449 515049 780641 784544 529938 291132 362657 769572 934821 815560 764174 793930 609066 337660 497013 292818 496173 61211 441122 321439 251938 894783 523850 644305 694886 154931 618664 663754 107983 324686 420792 643127 121252 420388 413812 467434 757893 524764 235825 72135 576599 710447 582465 781573 962415 734977 799864 837880 833935 376896 91055
642440 849858 587217 781763 704104 629951 733927 568299 816176 614725 299743 401278 1058539 1192379 780223 388294 512708 799763 392871 687611 392871 228228 606798 623409 756047 999999999 855893 715849 157522 1052541 463754 285319 345503 585256 121504 365667 748135 597998 455552 612729 816140 282183 857701 352482 265508 590595 231190 805615 157992 643623 241414 790359 409428 346507 765395 1050264 506986 242003 160115 639082 669842 840954 758110 1087819 822283 399961 796792 794177 513457 908007 346387 389691 838529 948641 865414 204778 300497 855267 652786 489330 115408 845400 958865 501699 783678 718696 1104815 719360 695777 558662 645722 675375 925267 847813 185274 235514 714270 420258 761345 796312
502978 468617 576184 692108 655602 651164 146604 385719 91877 248411 558037 457512 258505 437762 381041 654469 889846 337956 487981 803419 531202 693028 929351 432468 108257 855893 999999999 534003 848421 257466 617962 681448 708716 718732 972546 632759 157571 390718 907971 269914 771669 924516 2792 535029 744488 601345 713423 124561 986743 246411 614481 795275 851234 607464 362299 262589 824260 1024979 906238 800828 827856 600830 332977 415280 262623 567925 59370 430755 391772 176111 972452 631828 639537 673489 72688 708106 741125 89809 353627 482496 744413 44258 360664 473552 461399 782255 443986 248371 160129 619500 743375 604936 773510 983517 822512 883991 868278 901238 372370 142770
79913 908328 848279 1043136 976979 933405 406712 651609 442572 397986 493344 506443 788051 969391 804073 785530 1042017 780242 577783 1075534 342968 487629 1118546 746529 449828 715849 534003 999999999 807147 788294 804002 736312 806696 959953 830367 351547 580716 205300 1022327 545584 1116553 932799 533232 604139 785944 871121 487296 603893 873797 558035 547010 1120841 958028 703025 179738 794620 993824 953360 847396 1048584 1083414 1004242 751484 945359 731681 704417 508564 851270 594842 700492 998948 329265 1031758 1104848 598922 699823 806217 458567 694374 687353 612685 564186 868596 688601 869814 1076443 973485 647459 466807 866584 1010965 922964 1167224 1274945 803515 879306 1133610 998085 786116 391823
729264 758519 477101 653963 579285 504899 744918 510211 824946 625744 331697 396649 1021791 1137614 703287 274987 356197 730584 360913 542751 466143 337258 450147 543591 758658 157522 848421 807147 999999999 1014847 351977 187352 219750 448826 182654 471990 720133 658256 298039 585576 679692 133562 850589 314093 140042 475163 350243 777437 160278 614407 269766 650153 253548 264378 825384 1010861 355217 176558 58784 493018 521893 728460 690847 1021895 766777 317881 789326 708230 470470 869697 201149 497662 720286 831257 844592 140329 169446 864263 589130 416547 204702 830149 890613 429129 692270 577240 1035598 673065 691247 440460 506875 558423 793902 694149 37663 81527 564107 262738 686353 814460
760239 411743 636723 672951 665615 689627 401038 507193 346678 484074 767384 653743 9113 181100 375179 776999 970082 329138 662268 824990 770090 918655 985934 504621 358968 1052541 257466 788294 1014847 999999999 719997 832330 837562 771799 1161768 875833 305688 646833 1004933 439943 745774 1065733 257734 706473 891906 657894 941517 249388 1166049 408953 816111 780929 957769 754083 612448 11966 903006 1187993 1073615 838145 856908 551649 354978 199344 262869 704457 298588 408407 545415 145356 1102265 877698 593800 583694 206514 878617 879444 330452 437349 606371 948275 238204 229185 594534 441883 791894 226827 342230 386087 686604 776181 627299 706830 973160 983642 1033866 886404 1007063 380604 396914
726341 410168 125400 322666 243573 171761 565768 232280 630037 469895 353890 298307 728084 816075 368895 77282 273539 404500 227113 279534 497742 492682 327620 216554 559627 463754 617962 804002 351977 719997 999999999 178442 134591 160602 531903 572522 464335 605721 291208 355679 369480 358100 620618 210655 211946 126842 518620 514605 511574 373598 338140 354449 238741 133613 743788 713606 210341 501074 404573 246247 281602 378695 369785 690336 458027 103780 565448 364561 241615 581427 385267 594616 374782 485054 588958 260794 184800 665331 284053 139017 415290 586413 559592 145903 344785 292463 700512 388585 487927 96154 218904 211623 467912 476339 314565 338786 332425 288622 355113 640699
656404 574478 302291 498474 420081 346497 593161 325546 669345 478697 245214 255238 839540 951011 516163 104000 311382 543252 199309 423790 399950 343359 397016 356442 600242 285319 681448 736312 187352 832330 178442 999999999 79411 311529 359312 448635 544032 557675 286021 412892 538275 243261 683799 154307 63202 305285 366804 600428 346558 439793 203539 516905 221789 78304 716266 827841 275215 355957 244954 379545 413638 556161 503629 834554 580846 130673 623435 522523 292973 687772 295451 473348 553210 663367 670269 83772 70858 707959 402573 229691 245095 658957 703262 242211 508046 448225 848271 490105 529710 273695 373318 390065 643019 605140 152981 203630 462661 262584 499081 666333
726936 544643 258348 437774 361435 286915 633801 333487 706233 524484 319970 312248 845265 943569 499209 61700 236024 531904 247452 348538 474554 422581 318979 342220 635962 345503 708716 806696 219750 837562 134591 79411 999999999 240468 401652 527263 562902 622146 219584 438990 470758 229129 711214 208656 81606 255468 445782 617176 378146 462781 281983 446240 155551 110513 776139 832038 196198 367040 270598 302827 336332 508724 494894 820783 578997 140806 652468 497940 317167 695371 266325 551794 500893 611847 689687 156778 50592 743876 400745 232680 320078 682163 689524 243917 479070 375768 832055 498173 564109 220716 301648 338712 580273 526496 182095 205013 384732 201925 484158 708326
883184 397042 142710 210394 146228 86314 691291 346110 746472 607975 513738 456656 780567 835485 397482 211638 207728 442691 386038 118969 658321 646254 215098 286710 677975 585256 718732 959953 448826 771799 160602 311529 240468 999999999 630686 732091 561164 759007 261102 476821 231345 406482 721502 371250 319784 118031 671421 603001 598001 487525 494082 205865 240936 288582 889121 763476 145591 562738 490707 89519 123618 312099 419309 699958 512725 264383 672442 372569 378362 646278 406921 754514 291255 398847 677037 394453 285048 778528 365531 276653 556604 681736 576895 278363 342708 136869 703671 473065 608957 101556 61814 154782 345599 316399 412104 408233 173664 278439 391202 764634
758690 933740 657303 836575 761914 687503 853349 667592 935494 733766 419304 515713 1168087 1295673 872032 454622 518736 895535 499527 720844 513331 344181 610153 712847 874272 121504 972546 830367 182654 1161768 531903 359312 401652 630686 999999999 478852 859328 718887 453126 723401 860987 261264 974431 456079 320734 656540 343094 917003 59628 753890 359310 830232 421270 431075 885957 1158922 528700 156529 143398 670598 697774 909835 854598 1186032 924218 485709 913270 881094 618080 1016625 311998 501743 902527 1013489 979027 290512 351705 974696 750323 581117 236808 960320 1055647 593736 867298 757021 1201505 824383 812481 622223 687915 740272 976096 860947 220149 232508 737393 417546 854072 916702
281590 826122 658741 872540 795718 734152 488087 518552 564188 391777 218694 307129 879256 1044629 729153 527310 758572 726253 363716 850828 108670 138310 845629 610326 524541 365667 632759 351547 471990 875833 572522 448635 527263 732091 478852 999999999 585455 275539 724225 477753 933043 603456 633607 364076 483347 675443 135759 634208 523246 505389 245283 924061 662653 444963 428801 877559 723452 605746 505482 812983 848353 877415 686610 974326 712060 469744 580993 763994 447925 746447 671114 25809 892524 988644 669777 389264 511179 598690 593553 500515 269205 640075 862906 507793 769353 864822 998133 604486 489886 657945 791398 748313 1013705 1043537 475448 549639 899015 694908 708466 528007
530137 342272 418615 543051 501616 494141 182727 232663 201237 202905 461862 348213 311202 461970 243513 506143 734518 208415 361429 646907 477259 615781 772114 274961 147243 748135 157571 580716 720133 305688 464335 544032 562902 561164 859328 585455 999999999 397226 755364 135963 622743 784776 160344 407182 606086 443792 639455 57698 866770 105943 510570 643666 700326 467330 433617 304490 668494 895700 778782 643422 670753 462933 191011 391035 151023 423187 116318 294191 251114 164560 828796 590901 499033 547645 126836 581275 598975 225574 196176 332177 642759 122291 292518 322263 321267 627074 416247 93540 114437 462084 586317 449859 635822 829694 691224 747656 711785 750450 230544 236495
137942 710693 643947 837850 771820 729323 245881 446347 308774 200520 327798 312521 648493 825034 606375 594280 854227 586361 382746 873285 206025 382387 926194 541497 288656 597998 390718 205300 658256 646833 605721 557675 622146 759007 718887 275539 397226 999999999 841113 343689 911295 774239 390843 414545 612873 667111 393060 430673 752646 358910 388636 915981 776682 514362 168163 650943 802217 820240 705996 848141 882624 801212 554798 780299 545529 509177 349802 652095 389960 537068 837533 265627 827775 903598 443523 535223 628527 338204 491370 484333 484638 409879 689684 484963 668877 872742 807179 453020 283688 663885 808463 717736 962699 1072618 647613 722459 932422 819863 587662 265213
942421 654021 372193 461326 406246 345476 845750 522895 914723 740306 530529 531831 1013292 1086009 639588 259492 70446 680821 466304 301925 684845 603753 157179 500872 844107 455552 907971 1022327 298039 1004933 291208 286021 219584 261102 453126 724225 755364 841113 999999999 642045 456630 192999 910596 428238 241195 354697 622788 805797 404960 662272 483697 416706 64471 329611 995714 997822 115934 341460 312649 253469 269970 572581 650546 953379 742068 350500 854291 622765 522674 869551 163198 749690 549175 653104 880166 334983 216665 951230 573214 425723 480406 877288 826564 434425 595629 346119 959132 679196 771978 321910 296101 413753 578660 409804 273317 224275 298688 35800 629418 920741
481597 369153 340260 507707 450357 423977 214470 130724 274399 149436 331075 214627 445844 588079 265539 385761 629217 252833 225755 577201 369454 490680 677799 210985 204127 612729 269914 545584 585576 439943 355679 412892 438990 476821 723401 477753 135963 343689 642045 999999999 584903 655428 272376 271875 475660 365748 515540 193659 730991 31192 376722 596800 583688 337904 431889 437977 565471 761606 644089 564361 595333 458737 216440 501487 234937 298186 213544 309319 121878 296078 702582 487163 487237 559938 259018 446169 471336 309762 149230 217124 508724 246084 385531 209790 325199 565961 523748 126743 133020 375267 513105 395637 623830 770913 557525 616218 641001 633466 245999 288127
1044600 334048 275890 79706 140399 199651 787477 465871 823418 732400 715555 636423 754884 758124 394355 435185 388927 441204 571494 155438 847645 861650 339554 374324 762681 816140 771669 1116553 679692 745774 369480 538275 470758 231345 860987 933043 622743 911295 456630 584903 999999999 627397 774417 569546 550849 257690 887790 647238 826264 583551 706387 45805 456157 503078 1016704 735247 347402 784172 719859 203199 190513 195532 439031 619138 520542 466540 738912 348383 522413 650884 616633 953479 154066 220029 713500 621963 516278 848025 440824 439228 781971 728991 521113 434893 315091 110512 613382 529443 703441 276770 173126 193650 122089 228131 643185 635170 184097 483109 400191 853696
854034 765093 473942 616828 549620 478629 834782 559639 911906 718554 446717 490667 1073324 1172341 726614 290665 260850 760520 441199 478198 590060 470103 350135 570942 843130 282183 924516 932799 133562 1065733 358100 243261 229129 406482 261264 603456 784776 774239 192999 655428 627397 999999999 926885 394923 180094 464945 483669 840421 211961 681639 387810 591741 171841 317729 939149 1060432 281929 156847 125842 427730 450765 710724 723892 1048233 808025 362747 866632 722177 534534 922746 67781 629218 695081 804377 911450 239396 186590 950680 629557 459515 337879 901270 917253 471236 700888 518684 1058612 725001 772846 428861 456502 541218 747379 602616 129376 53883 485748 157978 712183 907179
502596 471177 578958 694860 658388 653953 147086 388383 90900 249758 559741 459480 258675 438164 383727 657019 892535 340592 490200 806210 532228 694359 932099 435247 109198 857701 2792 533232 850589 257734 620618 683799 711214 721502 974431 633607 160344 390843 910596 272376 774417 926885 999999999 537252 746848 604121 714691 127287 988746 248970 616287 798044 853824 609873 361213 262972 826962 1027147 908384 803611 830645 603482 335707 416540 265174 570420 61395 433421 394242 177845 974892 632568 642212 676002 74675 710270 743553 87811 356408 485099 746141 46801 362625 476174 464090 785045 445270 251163 161972 622258 746164 607727 776147 986300 824736 886299 871070 903824 375090 141811
525007 512352 297371 511673 433676 370268 439872 216531 517233 324502 146010 103622 712993 840608 433104 181393 439808 449010 47064 490189 287279 301055 514408 282794 448962 352482 535029 604139 314093 706473 210655 154307 208656 371250 456079 364076 407182 414545 428238 271875 569546 394923 537252 999999999 216537 312458 328152 464748 459994 301245 147638 559991 364113 99821 567516 703321 389712 490485 372428 455723 491206 532570 407075 735534 469920 106886 476172 453145 162026 561157 449470 385353 541430 644541 530767 174316 222782 556154 301604 151784 263226 516062 607150 162468 448095 501621 752952 368389 379636 293880 429059 388780 655032 686440 287485 350902 542116 409377 413444 512548
706104 619266 337147 519298 443041 368521 656021 384713 732443 541026 292609 315751 899249 1006739 567339 134966 277781 596890 262108 423608 445583 366731 368649 408140 663405 265508 744488 785944 140042 891906 211946 63202 81606 319784 320734 483347 606086 612873 241195 475660 550849 180094 746848 216537 999999999 335810 387649 662213 299933 502262 242875 524890 179346 138865 773736 887142 253847 298801 193903 376063 408142 589122 558182 887683 638020 187639 686548 570034 355253 747793 232958 508728 582124 693042 732524 94867 35374 771092 459221 286600 252246 721658 756234 298864 553157 453444 900358 549907 592909 301549 380231 419602 661480 593209 102740 142115 454668 213525 551102 729000
796665 303067 25617 200644 121700 62304 579592 235726 631668 503313 458380 380146 666547 731355 286385 203130 312998 329698 314040 211794 590475 608335 332411 168953 564004 590595 601345 871121 475163 657894 126842 305285 255468 118031 656540 675443 443792 667111 354697 365748 257690 464945 604121 312458 335810 999999999 634909 485018 633387 373919 452540 252658 318418 254707 787463 649963 246364 615096 525526 200448 230001 253329 303653 598923 396991 212058 555996 268154 278293 529668 480390 695794 247957 358366 559013 387406 305975 662871 247832 184945 539469 563970 471897 182642 241932 205789 605411 355119 496280 36090 147377 84781 345609 408432 437525 453548 275272 363834 277978 651947
416490 830900 622431 835533 756557 688655 575288 522435 655771 465174 194219 310970 946009 1100993 742060 460059 665206 747933 345375 787472 191555 27186 756244 604122 606379 231190 713423 487296 350243 941517 518620 366804 445782 671421 343094 135759 639455 393060 622788 515540 887790 483669 714691 328152 387649 634909 999999999 693245 388119 545933 182497 872610 564590 385124 554862 941677 638891 472619 377443 745068 779614 860546 706345 1016522 748032 422856 657445 769718 453780 803948 551361 158934 869455 972566 739708 293507 419574 692840 605006 478663 146032 713423 896488 488455 769101 807777 1038008 639129 559426 611493 732800 714623 980172 971921 359629 430613 829086 590965 721482 625943
559122 347175 460361 567725 532832 532025 197589 284833 191631 245352 518071 405319 254588 410585 256792 559562 782325 214738 419080 682908 526730 669997 815998 316486 155671 805615 124561 603893 777437 249388 514605 600428 617176 603001 917003 634208 57698 430673 805797 193659 647238 840421 127287 464748 662213 485018 693245 999999999 924426 163568 567609 671337 751991 523365 446576 248788 715808 952830 836117 682749 708588 477023 208422 349987 142729 478180 104858 306794 307795 112241 883381 638334 515367 553016 74687 638760 654284 206739 238075 385314 699798 81919 264963 374909 337054 660176 376593 129995 149069 505810 624123 483075 649954 860330 748277 803989 747654 802110 247815 235347
800405 918795 636341 806454 733730 659826 873079 665281 954754 753090 441977 529392 1172695 1293878 862697 434857 472389 888955 505346 682275 548789 386169 562084 702980 891464 157992 986743 873797 160278 1166049 511574 346558 378146 598001 59628 523246 866770 752646 404960 730991 826264 211961 988746 459994 299933 633387 388119 924426 999999999 760859 379964 793601 378442 422223 920563 1162612 487680 97052 108165 631764 657347 886319 848780 1180232 922422 476380 927373 868383 620659 1020693 257367 546984 876506 987370 988908 287744 327556 994117 745974 574237 268051 971995 1049144 586870 852548 720224 1194465 825802 827302 598226 653271 715793 943425 814470 197202 191510 694924 369855 845490 938821
496718 351786 348305 505346 451689 430288 206777 143278 259366 160051 362161 245819 414916 557036 247490 408068 646792 230441 255513 584137 396849 521217 692066 212645 190449 643623 246411 558035 614407 408953 373598 439793 462781 487525 753890 505389 105943 358910 662272 31192 583551 681639 248970 301245 502262 373919 545933 163568 760859 999999999 407895 597766 604980 363910 436010 406901 582192 790164 673016 573874 603919 448717 196402 471744 206671 322137 192051 293484 147106 264933 727522 514062 479138 546966 230690 475382 496697 292931 143212 236549 539876 219804 357521 228114 311965 570521 494372 100171 122705 386161 520759 397336 616491 775481 585825 643361 648442 654942 228777 278106
467631 657963 439936 653126 574223 506938 494274 354750 576325 374535 62846 162370 821749 962820 574680 284970 514381 586199 172669 611734 204359 155806 600535 428896 515049 241414 614481 547010 269766 816111 338140 203539 281983 494082 359310 245283 510570 388636 483697 376722 706387 387810 616287 147638 242875 452540 182497 567609 379964 407895 999999999 692589 420801 205644 555618 814476 478169 436300 319342 571628 606748 679834 544116 866335 597480 240550 555397 597912 290652 672778 452906 269852 687636 791717 625275 153018 268053 615579 439653 299377 132192 604481 740986 309872 594436 629408 885606 490818 454370 429741 554813 532141 797692 801203 259673 335111 657052 456373 554521 558968
1047484 369639 273684 108107 146453 191240 803444 473612 843170 742345 705639 632664 790042 799144 422359 415385 348053 469911 565677 114845 842205 846875 295023 385920 780641 790359 795275 1120841 650153 780929 354449 516905 446240 205865 830232 924061 643666 915981 416706 596800 45805 591741 798044 559991 524890 252658 872610 671337 793601 597766 692589 999999999 419970 487556 1027395 770630 310240 748180 688134 164517 147982 234501 464319 659941 549040 454888 759980 378546 526035 681202 578021 945228 194244 265717 739407 600114 489868 869238 456533 437318 761774 753254 558457 434251 344785 73379 655075 550126 719133 266222 144684 201225 164514 192792 614205 602133 138410 444406 426384 871394
878128 621247 332880 449633 386774 319697 784949 467689 855113 678092 466618 467732 965958 1046279 598205 198703 103651 637452 402757 306366 621106 544684 197702 453219 784544 409428 851234 958028 253548 957769 238741 221789 155551 240936 421270 662653 700326 776682 64471 583688 456157 171841 853824 364113 179346 318418 564590 751991 378442 604980 420801 419970 999999999 265885 931629 951099 110142 328234 278038 255889 279475 551481 605132 916032 695190 289202 796699 585433 463278 820057 166097 687997 532134 639595 825993 273958 153015 892016 522748 368831 424311 821740 787377 378214 560236 347014 923384 627080 712422 283597 286738 386040 576749 441357 224369 188766 316576 50129 586630 859826
623651 504436 246511 454304 375005 304763 525730 247242 599778 414751 228303 202775 761316 873295 441262 84108 340026 466734 136940 406661 379181 359319 415891 281828 529938 346507 607464 703025 264378 754083 133613 78304 110513 288582 431075 444963 467330 514362 329611 337904 503078 317729 609873 99821 138865 254707 385124 523365 422223 363910 205644 487556 265885 999999999 666333 749560 291070 434257 322494 368021 403394 497754 426674 758027 502787 54634 550049 450403 216805 609609 365411 468053 499168 607516 593873 142633 133986 637911 324792 152201 285081 583574 626922 164803 438063 423775 772307 411873 458586 228037 349176 337996 599623 598641 230885 280844 454083 312398 423650 599878
179811 773336 762810 939586 881032 848387 251313 554473 270482 285141 494039 463898 611732 793299 671015 742483 1003379 640751 530575 998380 372627 546467 1069869 642461 291132 765395 362299 179738 825384 612448 743788 716266 776139 889121 885957 428801 433617 168163 995714 431889 1016704 939149 361213 567516 773736 787463 554862 446576 920563 436010 555618 1027395 931629 666333 999999999 619324 947752 988346 873787 978600 1011887 882965 617547 777202 582926 653823 345134 720578 511027 534371 1001425 413916 914691 976281 430750 699764 786943 281999 578879 612705 652514 396397 710449 610782 743365 992127 805769 512406 325709 789937 933361 826232 1052243 1195881 813622 887972 1060190 976541 655044 219746
765562 401272 628997 662701 656170 681001 405064 502474 352520 485796 766351 652141 20389 175201 366492 771326 962387 320792 659397 815588 771465 918628 977401 497883 362657 1050264 262589 794620 1010861 11966 713606 827841 832038 763476 1158922 877559 304490 650943 997822 437977 735247 1060432 262972 703321 887142 649963 941677 248788 1162612 406901 814476 770630 951099 749560 619324 999999999 895351 1183644 1069611 829196 847681 540928 347506 187881 255938 699593 301964 398943 541962 142328 1096403 879770 583069 572157 209176 875046 874272 337364 431526 601271 946590 241561 217883 589355 432322 782204 215524 337898 387676 678968 767196 618323 695530 962755 979420 1029016 876822 1000299 372369 402966
