NAME : synthetic_000304
TYPE : CTSP-D
DIMENSION : 100
GROUPS : 8
RELAXATION_LEVEL : 1
EDGE_WEIGHT_TYPE : EXPLICIT
EDGE_WEIGHT_FORMAT : FULL_MATRIX
EDGE_WEIGHT_SECTION
999999999 864047 259734 320178 203553 802362 472736 637151 558603 958712 480375 475021 566176 865857 398923 696095 640141 990122 766933 774950 460745 290305 311020 342781 851933 324385 1057152 689366 558722 630732 695799 625705 648862 737263 323242 445014 723711 264822 511137 328907 714862 508206 202580 695637 375970 486151 766667 635240 483459 464291 290921 978362 956439 682223 536658 54553 946202 742068 559155 308638 619809 391889 705766 286314 493084 474126 226147 565703 920577 146286 549269 760820 695873 252426 316488 833185 803752 985692 308435 85001 223699 978059 965013 761230 475092 522785 269067 692251 317192 520786 437292 807468 398092 535394 813332 803929 982519 586521 803289 925579
864047 999999999 628055 576533 706417 68262 478334 687624 708000 321246 610657 389293 362518 465868 612836 337498 825545 272466 886473 270919 663735 969292 1102862 875043 488200 896525 257566 365931 381984 346257 200921 245397 296264 529074 546728 1045804 663332 752610 997592 632049 631968 946439 824264 561660 613123 400982 588507 700527 600318 431847 926156 157086 192174 871006 343170 821546 247506 366020 350093 888693 730654 749292 198061 1033440 418123 486052 654500 525884 569753 810311 876578 520400 843199 1027330 576759 69668 60325 989305 570375 889283 959321 165139 384099 725622 600659 374180 732619 211117 1061441 800257 477684 688573 709117 358825 785190 647916 258883 468822 627990 274748
259734 628055 999999999 60448 221581 571884 214439 612283 554093 778662 434875 253888 307502 735218 174881 534476 671172 794154 793835 595175 263769 484315 557064 468694 729515 467770 845268 537403 299223 465947 446057 383298 466151 640326 160681 622844 676559 328878 647652 289884 657404 622980 337100 614388 328077 233073 686899 615954 432181 207743 461685 757582 747214 722270 287957 208133 750527 590637 377153 452500 615499 434121 455009 512783 234557 352570 168661 322503 812752 285992 622361 658613 722071 488446 56913 588938 568191 997535 58202 316647 437444 759288 799648 730603 250710 339696 316217 484707 544926 565555 294978 755824 230943 281335 794055 739035 784541 333764 731777 738505
320178 576533 60448 999999999 265563 522716 154839 622945 571083 744271 446678 215894 247758 715821 140703 509457 693103 754759 812782 563118 235239 537869 616121 513209 712514 514909 800603 515373 238974 441717 390155 331140 435780 631961 164739 672404 680356 369876 690251 313440 659026 662208 387598 610824 345968 177337 682182 627843 442660 149908 512710 710544 703983 745177 233970 268390 711570 567587 349991 500103 630866 465401 398628 569851 175073 347664 206803 269883 798604 339778 653879 648435 742008 546693 6681 534583 517181 1010735 38083 376017 493855 712895 769441 737398 209801 313849 355263 445021 601935 592805 287414 757057 218730 224398 802512 737218 744594 276489 728393 702339
203553 706417 221581 265563 999999999 640695 409356 446653 373818 764313 280685 325221 468278 662804 396428 499863 474465 801506 601128 583022 484337 284537 397970 247862 648499 249691 876054 490820 468174 437039 563921 485653 461395 534041 166416 408651 528086 107999 426169 125683 516733 401928 129664 493491 173123 376671 565185 446616 282769 366664 252542 804418 775141 522443 413229 194184 758013 542651 375399 235203 436602 225144 575445 334062 400381 274513 62768 534679 717234 103908 408827 557420 528600 322685 259170 686984 647338 814742 233162 191656 257330 802643 766483 570839 471569 341937 97850 516352 364415 360382 245811 611663 443881 423314 627493 605165 794918 535325 603312 734057
802362 68262 571884 522716 640695 999999999 436518 625069 642563 308049 543192 327435 324472 425440 570343 277445 761795 275565 826572 220871 628294 901636 1036366 806811 445172 828382 286959 305903 345059 280536 169634 194402 229868 473832 482800 977544 605378 684946 929793 564238 573921 878862 757332 503092 544917 350418 534673 637797 532863 382371 858310 190444 202713 808088 292411 761179 242001 311926 281852 820625 667102 681105 170961 966365 372552 417806 589910 499385 530962 744599 810044 467250 781186 960839 522435 94061 30021 937615 513810 825066 892561 194774 365049 668743 565564 306359 664984 143577 994174 733582 409862 635447 668725 312093 729954 595572 262452 443368 576098 259233
472736 478334 214439 154839 409356 436518 999999999 700870 663392 702565 533890 214365 117350 718760 134503 505914 792033 696602 903651 535552 198630 688723 770958 653053 722011 658254 723315 519880 100679 445265 278598 245266 421804 666387 270758 817946 741700 507415 825578 428839 716105 792464 536069 657602 450151 109208 723719 708181 527507 82403 660874 626576 634028 845063 155612 419717 656043 566366 354579 644180 718235 586322 283752 723810 69247 408092 347320 137400 813184 491712 771245 677750 836086 701331 159713 424825 423388 1086687 178568 530824 647418 631276 739899 803918 140116 327285 490653 399756 755826 703739 349530 810514 232231 127723 871282 784056 684854 126127 771748 656225
637151 687624 612283 622945 446653 625069 700870 999999999 83984 542477 177408 497319 682932 350832 761185 351074 141323 613986 210856 432164 856108 505556 669323 373913 322855 406590 718950 323023 696486 348692 668418 597161 400201 198199 458288 483947 95873 374027 386136 330898 104105 330209 452328 145093 286726 606916 178660 13511 180497 622483 459828 695746 635848 183503 598042 639058 582109 337645 393107 411810 49766 255243 680352 588011 650100 293644 463560 836872 345431 494984 232568 221958 156516 609858 616745 712703 649230 388263 585360 589556 547569 687388 506099 124364 819216 399807 368124 487547 600200 177249 351340 175463 839714 627609 182682 184611 615118 808992 192636 540814
558603 708000 554093 571083 373818 642563 663392 83984 999999999 597655 129708 470763 658946 417802 711260 379723 131088 664563 242019 467801 806152 422323 586286 290656 391667 323298 766324 353474 670470 362028 664474 588658 412938 262149 407152 409264 179431 294123 319966 265827 183543 263825 370062 207036 226167 576852 255143 78534 136864 588555 376275 733536 677821 183808 575812 563537 629555 378968 387006 328138 62869 172146 676792 504819 618438 267312 397374 800673 423724 414818 174665 287754 172778 526097 564645 725366 664255 444553 533043 507985 463591 726204 567676 204117 773735 385664 289887 500465 517746 105473 318194 259332 784209 603245 254995 267819 664259 777684 274568 590343
958712 321246 778662 744271 764313 308049 702565 542477 597655 999999999 554510 528377 604945 209451 828279 264728 680780 81326 698504 185017 901094 967710 1124024 847471 239603 876388 188914 277236 626188 328063 469361 463003 314204 345218 643907 997440 478546 765519 917256 652205 451997 861267 850955 397392 614127 599104 383929 555798 545471 631440 919978 215132 146649 713229 547052 930203 77168 231116 405038 874131 592130 708474 473479 1044966 633565 491115 732571 790443 290717 860389 770306 323680 677782 1051777 741735 387017 335890 742217 722921 955332 981575 202803 67396 525930 840847 442831 748243 304082 1066886 702889 521479 467104 928760 575465 569109 425897 89035 737043 405551 49020
480375 610657 434875 446678 280685 543192 533890 177408 129708 554510 999999999 342298 530538 408476 585851 305167 259950 610958 370180 397610 680847 415196 575336 292973 388649 322025 704918 283915 541568 268482 545691 467605 315485 263685 281955 449053 248992 231451 387721 158024 236135 335831 317995 217159 111492 447418 286729 181414 10351 458849 367187 657934 609682 312951 448184 474856 571548 323828 271653 320408 185425 154095 558164 494635 488813 141767 289351 671106 446050 347264 271147 288964 302214 506152 440389 619721 561875 564135 408889 445872 437371 652240 538506 297476 646299 264182 219293 399636 514591 194574 189005 332007 662654 474884 359504 324487 608162 648019 323028 537168
475021 389293 253888 215894 325221 327435 214365 497319 470763 528377 342298 999999999 188251 512507 314391 301060 601756 540522 705148 347872 400638 602996 722915 530906 513100 545498 592530 311356 199956 236180 240075 160596 222346 452083 160032 704494 530556 391767 684872 281772 503987 642801 450667 443858 283984 110713 509401 505899 334268 132014 564514 507470 493795 654571 107092 433960 497021 360949 143367 534543 520352 431063 251977 658696 154830 204770 268713 344305 602963 427819 601923 463855 640925 647786 213440 363226 329085 878564 196447 501461 582358 508350 554641 593956 349322 113229 371957 230856 688503 528542 153745 597198 412249 132586 661629 569978 530770 312166 557459 486608
566176 362518 307502 247758 468278 324472 117350 682932 658946 604945 530538 188251 999999999 645898 251203 436283 789970 591628 892014 449526 303834 752793 851538 698738 653243 708940 611245 454934 21252 384156 161912 142000 350318 616173 308574 869746 709240 554245 861960 456700 681084 822975 597934 616690 466496 92703 676876 692030 522516 103716 719683 513202 525126 842752 85285 515500 552707 495534 302771 696283 707767 611670 166565 797168 73091 392346 405814 187749 745705 561789 787716 623556 828633 779075 250646 307616 309133 1059498 258459 614975 719875 518535 647837 773940 241204 285842 535556 309444 828599 715329 341789 770286 346600 55702 841646 739517 579364 139869 724959 557217
865857 465868 735218 715821 662804 425440 718760 350832 417802 209451 408476 512507 645898 999999999 826860 212856 483051 289581 490484 209828 912188 820070 982269 692313 30404 723509 397927 201390 665833 276427 549843 512229 297584 155684 580667 826638 275614 637385 735562 539412 252177 679374 724559 210777 494471 609554 179455 363490 401494 638284 772100 406868 337944 510923 569955 847765 270551 152400 369464 724192 400267 555222 558049 900982 651272 395763 646556 831951 105877 746812 583242 130100 474276 914254 711646 518405 455365 538670 686356 845437 845774 395669 159408 318130 858066 403317 623078 344344 919047 522423 444893 257684 923958 602261 359658 216631 295020 785671 196429 226599
398923 612836 174881 140703 396428 570343 134503 761185 711260 828279 585851 314391 251203 826860 999999999 615313 833782 826698 953118 655361 94997 653100 708880 643505 826879 641976 856831 625592 233157 550456 412921 377643 534721 757052 304211 795463 814920 503462 822533 453978 792266 797402 509918 740442 486559 229259 810318 766535 581425 196840 633533 760614 766280 885879 283542 344411 785363 675315 457466 626551 770613 604585 417765 673731 198597 479271 341804 169501 915893 456038 793178 771525 882514 645273 147290 558793 557752 1149369 178748 470596 600985 765107 861763 873516 77858 424880 490281 524207 705790 733134 418428 889595 100503 259149 939341 867508 815266 202224 857419 783031
696095 337498 534476 509457 499863 277445 505914 351074 379723 264728 305167 301060 436283 212856 615313 999999999 490584 309861 549335 92479 699646 709844 863019 594978 217348 622123 400054 28483 455693 68598 358842 308545 85972 200987 388122 754216 328242 502984 687454 387898 296779 633208 587537 225801 351225 396706 263575 364172 295256 425480 662666 355432 304610 534570 358165 670000 268617 60456 159625 618334 395620 457780 368871 785100 438566 226400 470316 620788 309608 595688 553147 199613 505971 789877 505758 368754 303704 666796 482442 690669 719551 348901 269962 392220 645227 195725 485196 153094 808361 478967 259290 364306 713269 390671 454919 326580 305698 576108 308508 238121
640141 825545 671172 693103 474465 761795 792033 141323 131088 680780 259950 601756 789970 483051 833782 490584 999999999 753743 127325 573183 928259 448213 605131 324234 453767 354976 859361 462840 801354 482556 793130 718301 534088 335566 531111 387822 209010 379408 275738 381431 230898 224169 440032 284639 347389 707363 304514 127842 267583 718332 408565 837058 777082 53071 706900 653897 722688 478952 515504 365097 94992 251473 805360 527424 748621 398379 507955 929426 460396 493870 124778 357626 55778 556769 686547 847478 784968 345578 655039 577634 504059 828712 641041 189723 898669 515897 381008 621896 532668 119522 448887 261543 902114 734274 205942 288357 755264 907713 303069 681010
990122 272466 794154 754759 801506 275565 696602 613986 664563 81326 610958 540522 591628 289581 826698 309861 753743 999999999 776567 219950 893447 1019605 1172649 903133 319467 930960 108421 327746 612769 365820 444253 451988 341373 418838 669768 1058096 554609 812266 982633 695453 527098 926992 896012 469209 660543 598337 461161 627427 601453 631087 972326 142722 81484 788097 543162 958031 44013 288681 431088 927628 663316 764872 446330 1094936 628827 533038 764713 772486 371870 900632 838546 398713 753320 1099227 752903 341513 299883 823542 736958 993162 1028888 130210 145539 604107 831719 467942 794173 309841 1118203 769063 555925 546834 926944 568934 648953 505389 13583 717225 484914 74400
766933 886473 793835 812782 601128 826572 903651 210856 242019 698504 370180 705148 892014 490484 953118 549335 127325 776567 999999999 621574 1047955 562795 713726 444525 460080 473852 884686 520851 904946 555704 878614 807951 606755 364915 649114 481176 226102 506731 362303 504073 256598 319893 566100 325334 467099 813609 315647 200628 376207 827278 526298 876532 811989 87878 807466 781204 751104 524589 603934 485250 185499 378772 890459 639052 856131 500432 632753 1040635 440838 620724 232896 380830 72543 671188 806311 916551 852107 219594 774715 702980 622736 866945 649190 172574 1015716 610294 508229 693032 640766 246173 555558 236454 1024547 836488 142788 275116 780263 1015434 294628 707576
774950 270919 595175 563118 583022 220871 535552 432164 467801 185017 397610 347872 449526 209828 655361 92479 573183 219950 621574 999999999 733544 801171 953036 687267 226450 714210 307619 115297 470279 146207 341057 310423 129420 259461 458906 846645 396186 592499 778712 475514 365190 724146 676068 296579 440854 428320 317845 445550 387718 459660 754176 265739 212430 614665 380998 745541 177612 97012 220094 710194 478759 550235 348853 875703 466404 313110 548861 637259 315538 681237 642087 249613 583954 879438 560235 314923 250165 718569 540152 774585 809103 258486 206954 456788 675543 257916 574311 140438 899417 568811 338345 417679 755320 411826 514910 377003 214828 587703 357114 151056
460745 663735 263769 235239 484337 628294 198630 856108 806152 901094 680847 400638 303834 912188 94997 699646 928259 893447 1047955 733544 999999999 729748 771452 729437 913616 725882 914949 711592 283272 636444 463089 441460 617055 848180 399175 876046 909052 592129 909207 547871 886041 886239 592055 833152 581206 305387 902431 861504 676409 274834 713689 816499 828645 980234 354241 407478 853449 759996 543939 710163 865589 696892 465717 743399 267827 573014 432325 158109 1003596 535616 885412 861886 977244 712145 241758 604282 612289 1244317 273322 538424 673433 822100 938391 968020 63079 512945 579894 598368 775100 826568 512191 983090 72332 325741 1033991 960290 881469 209908 949780 854584
290305 969292 484315 537869 284537 901636 688723 505556 422323 967710 415196 602996 752793 820070 653100 709844 448213 1019605 562795 801171 729748 999999999 164112 131671 797830 99029 1107364 692426 752377 659268 843071 763142 696270 668368 448558 154934 601419 216691 238251 337609 605238 254281 154875 615677 362912 661182 674122 497912 423580 650851 48048 1048237 1008573 475116 696295 334039 978409 736605 622293 95996 469220 264865 854944 82501 684405 493865 347008 806630 842393 198355 329920 694517 500670 108623 532048 957978 912359 778690 510209 205383 71996 1044487 953691 615869 730879 595314 236673 766420 99396 339078 491866 678767 674604 707567 649957 690049 1015527 813505 696769 947020
311020 1102862 557064 616121 397970 1036366 770958 669323 586286 1124024 575336 722915 851538 982269 708880 863019 605131 1172649 713726 953036 771452 164112 999999999 295666 960576 263085 1256702 847294 847623 808740 960337 883029 842139 831530 563228 249001 765196 360681 363669 480055 769323 395493 280206 779206 512182 763710 838187 661446 583242 747826 211242 1192522 1156820 627183 806203 365077 1130648 893374 762793 259666 632064 427712 971604 81736 779727 641403 455021 873687 1006379 295193 482994 857638 655585 75533 611302 1084932 1044278 924846 595893 240563 144769 1189609 1112878 777941 785608 732611 379302 906632 72963 500476 630786 841890 707339 812286 809303 853894 1167863 890333 860798 1101068
342781 875043 468694 513209 247862 806811 653053 373913 290656 847471 292973 530906 698738 692313 643505 594978 324234 903133 444525 687267 729437 131671 295666 999999999 669250 32683 994824 575449 701852 549800 767898 686710 590919 539250 390532 173837 469767 145797 180033 250131 473678 166364 145471 485926 262013 606060 543022 366384 302128 601865 86505 941643 897725 356806 632256 371616 863058 616761 524962 40871 338250 139084 780201 214164 635907 390285 307164 781480 711494 206834 214328 565436 378518 237073 506760 870934 820498 663372 479872 267496 180021 936981 829859 485416 719191 502654 163539 666986 228149 210307 400419 547448 683969 648666 522016 558381 899904 779132 565135 829633
851933 488200 729515 712514 648499 445172 722011 322855 391667 239603 388649 513100 653243 30404 826879 217348 453767 319467 460080 226450 913616 797830 960576 669250 999999999 700712 427862 202222 672828 277235 563475 522153 303202 130422 573118 800864 245847 618918 708305 524158 223051 652170 705961 185087 478463 612890 149664 335344 382129 640825 749948 434668 366092 481000 575501 835512 299421 157712 369734 701858 372078 533017 572129 879114 655270 385350 634836 838133 92541 730149 555413 104333 444229 893340 708121 538714 474935 511034 682035 828962 825294 423637 189658 287735 860636 402150 605176 356429 896559 495784 436864 227507 923017 608017 329554 186337 324653 793111 166084 255381
324385 896525 467770 514909 249691 828382 658254 406590 323298 876388 322025 545498 708940 723509 641976 622123 354976 930960 473852 714210 725882 99029 263085 32683 700712 999999999 1021554 603217 711122 575262 783966 702963 615220 570871 400383 160837 502442 154905 189006 267355 506238 184492 135093 517760 283727 616263 575372 399065 330934 610404 54141 966649 923920 386001 644966 356864 890540 645442 546772 16194 370842 168977 796174 181529 644436 413568 310995 784339 743771 195336 242206 597049 408822 204600 508585 890414 841255 692135 482850 245912 149169 962244 859854 517913 718452 523033 174148 689681 196090 242279 420049 580109 677879 660029 553933 591045 927482 784362 597743 857696
1057152 257566 845268 800603 876054 286959 723315 718950 766324 188914 704918 592530 611245 397927 856831 400054 859361 108421 884686 307619 914949 1107364 1256702 994824 427862 1021554 999999999 421230 631684 448333 453225 479529 415678 525432 734074 1153760 662073 896150 1082433 776942 634166 1027180 977738 574740 745335 633726 569140 732435 695105 666201 1060694 100480 100963 894781 576245 1021385 136990 387728 500864 1017246 767975 857833 452285 1180572 658547 615323 834417 781972 477736 977524 940833 505973 860381 1182366 799571 325408 303173 930250 787188 1066995 1112173 93220 249539 712299 852100 535672 877402 365292 1205070 869970 630816 655253 955546 597951 757369 613809 104586 725148 593329 178471
689366 365931 537403 515373 490820 305903 519880 323023 353474 277236 283915 311356 454934 201390 625592 28483 462840 327746 520851 115297 711592 692426 847294 575449 202222 603217 421230 999999999 473908 75180 383822 330632 106184 174233 387194 732541 299940 488304 663426 375597 268482 608850 573748 197460 336899 410823 237026 336168 274223 438607 644972 380457 327550 506488 375051 665258 287728 53737 168129 599985 367921 437452 394113 768695 453447 216313 464485 637820 293388 584550 527381 174487 477684 774736 511376 397064 332072 639676 486893 680595 704489 373521 275794 364083 658414 202085 471011 179729 791297 453724 254883 337456 722569 407702 427109 300313 324482 594484 282634 254646
558722 381984 299223 238974 468174 345059 100679 696486 670470 626188 541568 199956 21252 665833 233157 455693 801354 612769 904946 470279 283272 752377 847623 701852 672828 711122 631684 473908 999999999 402551 181108 163225 369724 633798 311320 871955 724813 556785 867052 462291 696948 829061 597666 633201 474104 97361 694189 705345 533773 101529 720286 533408 546014 854244 101232 507337 573911 515147 319693 698167 720283 618247 185098 794830 68196 404692 405483 167007 765239 559728 796148 641641 840879 775733 242331 325892 329241 1074712 252561 609900 717626 538878 668959 789271 220506 301240 538396 330317 826427 724440 352572 786912 327369 69481 857006 756630 600482 120584 742320 578468
630732 346257 465947 441717 437039 280536 445265 348692 362028 328063 268482 236180 384156 276427 550456 68598 482556 365820 555704 146207 636444 659268 808740 549800 277235 575262 448333 75180 402551 999999999 327947 266750 51591 234104 319972 714271 344736 448065 656008 329913 314008 603417 530720 244229 297006 336371 296248 360913 258170 363754 612853 391983 349312 530123 302611 603289 322935 125934 93046 570179 388395 415789 339143 732263 379329 167561 404627 564999 367952 535033 530562 239678 505179 734719 437896 364930 302657 692618 414191 628516 664431 387184 337581 410410 583489 127887 429529 139347 756768 454463 193445 393833 647603 335292 476271 359729 360115 523053 343728 297098
695799 200921 446057 390155 563921 169634 278598 668418 664474 469361 545691 240075 161912 549843 412921 358842 793130 444253 878614 341057 463089 843071 960337 767898 563475 783966 453225 383822 181108 327947 999999999 81252 280521 557383 397579 941735 672580 631132 914220 517772 641938 868664 690502 572092 512659 213080 620237 679612 536081 240840 804399 353915 372328 843783 159245 648901 408657 410903 277639 773488 702601 659097 12536 897919 222047 405033 505332 329886 654756 665258 816026 558190 823006 885613 391448 146850 150079 1020210 390616 732835 821245 360055 520417 738296 400039 281642 611203 207859 928002 739905 373107 719783 508403 166056 804208 683745 431331 273742 666376 420422
625705 245397 383298 331140 485653 194402 245266 597161 588658 463003 467605 160596 142000 512229 377643 308545 718301 451988 807951 310423 441460 763142 883029 686710 522153 702963 479529 330632 163225 266750 81252 999999999 224502 500448 319801 860546 607981 550443 833313 436579 578006 788110 611208 509614 431564 156322 562858 607876 458180 188031 723996 384683 388840 769568 98269 580781 412157 365328 204092 692603 629224 578176 93654 819281 179110 326244 428214 328813 614599 587840 737091 504181 750222 808026 331413 207523 186277 957878 326014 658505 742888 388483 506142 673707 379871 203566 530474 170023 849097 661265 292254 660504 477030 118510 740525 626394 440045 277664 610105 415404
648862 296264 466151 435780 461395 229868 421804 400201 412938 314204 315485 222346 350318 297584 534721 85972 534088 341373 606755 129420 617055 696270 842139 590919 303202 615220 415678 106184 369724 51591 280521 224502 999999999 277356 330280 757780 393789 482315 703158 362086 362780 651208 562533 292320 333421 312714 340127 412460 305136 342301 650599 351996 315147 581713 272514 617814 297539 145704 90925 609285 439975 459335 291332 767172 353888 202436 423341 534970 395541 562103 580339 279882 556704 767456 432628 313391 251386 739847 411628 652885 697423 348257 333908 459267 561562 128651 463183 87819 792672 503993 215624 439310 633683 304940 524488 403707 334134 490137 386777 277552
737263 529074 640326 631961 534041 473832 666387 198199 262149 345218 263685 452083 616173 155684 757052 200987 335566 418838 364915 259461 848180 668368 831530 539250 130422 570871 525432 174233 633798 234104 557383 500448 277356 999999999 480102 670978 138893 495129 580567 408409 109333 524344 581623 55116 361317 559964 62863 211324 258201 583987 620591 511764 447997 369360 532830 725263 389595 163091 314783 572372 247964 403818 567884 749943 604039 287893 527651 792730 183442 609601 429331 26187 335112 765177 626852 566861 501467 465871 598325 708465 697745 502331 308054 197406 800239 339147 482575 353875 766862 366958 345835 163319 848584 565298 256255 126378 420958 753722 109663 346998
323242 546728 160681 164739 166416 482800 270758 458288 407152 643907 281955 160032 308574 580667 304211 388122 531111 669768 649114 458906 399175 448558 563228 390532 573118 400383 734074 387194 311320 319972 397579 319801 330280 480102 999999999 561175 517899 245681 557707 158225 497812 522540 294366 453723 183973 215885 526217 463109 277935 211777 412916 655412 633473 583625 247737 288328 625757 440923 239426 387843 466419 315578 409060 500478 245748 192210 108685 406168 654380 268039 501303 498873 578851 488264 158486 523159 486886 845997 127072 342562 423691 654933 657501 573696 367568 202025 227112 369023 530781 435739 136321 596178 381899 260204 638350 578604 661606 394799 571151 607782
445014 1045804 622844 672404 408651 977544 817946 483947 409264 997440 449053 704494 869746 826638 795463 754216 387822 1058096 481176 846645 876046 154934 249001 173837 800864 160837 1153760 732541 871955 714271 941735 860546 757780 670978 561175 999999999 576338 315560 119634 423967 588048 164032 285763 615948 434084 777060 662183 473237 459003 771193 162359 1105874 1058716 398572 805089 487417 1019617 769529 695910 174055 438680 298553 954037 193225 805219 559850 470678 942262 829331 340431 263466 696774 431613 234441 666209 1043613 992123 684203 641454 360200 225110 1100558 973263 574047 872700 675019 334539 836420 180250 306802 573456 643613 823814 820626 593095 663709 1055928 943962 674628 983885
723711 663332 676559 680356 528086 605378 741700 95873 179431 478546 248992 530556 709240 275614 814920 328242 209010 554609 226102 396186 909052 601419 765196 469767 245847 502442 662073 299940 724813 344736 672580 607981 393789 138893 517899 576338 999999999 463395 474124 406985 31464 418982 544143 102516 360378 641254 96185 104387 248903 660703 555616 650651 586637 235438 624043 722031 527121 299188 408505 507538 137670 348812 683851 683879 685378 336372 538075 874686 254458 584021 318944 156172 199326 705526 674494 696992 631930 350744 643786 680100 642785 641185 434668 65765 867498 423575 455808 477077 696009 270885 397049 83769 898969 655333 132797 88805 557486 841668 98291 484023
264822 752610 328878 369876 107999 684946 507415 374027 294123 765519 231451 391767 554245 637385 503462 502984 379408 812266 506731 592499 592129 216691 360681 145797 618918 154905 896150 488304 556785 448065 631132 550443 482315 495129 245681 315560 463395 999999999 320391 121183 457497 294137 87198 447900 151766 461546 515566 371395 237147 456438 174352 833738 796456 424642 490203 274560 770099 536029 406048 143043 355023 128292 643232 284859 490486 280834 163079 636755 677334 120958 303625 520333 434735 286962 363333 742167 695789 723902 335551 216997 216623 830402 758170 497537 577848 378634 20101 550269 310795 261631 275218 546793 551720 505129 548586 546718 807319 633452 548168 741103
511137 997592 647652 690251 426169 929793 825578 386136 319966 917256 387721 684872 861960 735562 822533 687454 275738 982633 362303 778712 909207 238251 363669 180033 708305 189006 1082433 663426 867052 656008 914220 833313 703158 580567 557707 119634 474124 320391 999999999 405353 489319 56230 323189 525609 402118 770000 564417 374252 398065 769181 221733 1042709 990877 281287 790018 545605 946320 694874 652368 205191 338100 255136 926726 298592 803001 515581 483467 956638 728574 384034 155253 605618 315737 337073 683715 1002968 947283 564737 655851 429789 309370 1036346 887439 464824 897682 637097 335710 786482 292098 214508 541113 535898 863976 809616 478626 559302 981700 951153 571876 908254
328907 632049 289884 313440 125683 564238 428839 330898 265827 652205 158024 281772 456700 539412 453978 387898 381431 695453 504073 475514 547871 337609 480055 250131 524158 267355 776942 375597 462291 329913 517772 436579 362086 408409 158225 423967 406985 121183 405353 999999999 393747 366876 200882 367999 47656 365031 439948 332646 158925 366076 294112 712976 676862 432860 385326 318646 652784 425640 284865 258066 328137 157605 530082 405576 399510 162423 132679 564378 591676 209532 343286 431914 432207 405465 306803 623454 575676 710361 275613 307081 335359 709814 649468 453666 521811 257884 101545 429086 431905 279537 154376 490020 520778 404283 513480 481477 689983 552160 478862 625407
714862 631968 657404 659026 516733 573921 716105 104105 183543 451997 236135 503987 681084 252177 792266 296779 230898 527098 256598 365190 886041 605238 769323 473678 223051 506238 634166 268482 696948 314008 641938 578006 362780 109333 497812 588048 31464 457497 489319 393747 999999999 433607 540135 71088 346523 614584 75185 115243 234834 634738 558718 620830 557315 261243 595991 710917 498682 268179 379560 510375 151229 347767 653151 687726 658790 313035 523341 848285 241399 577376 334836 128443 226237 707739 653279 665530 600466 380054 622860 674493 643584 611498 410282 96488 843371 395795 448672 445779 701183 281310 373872 98420 877756 627490 162539 89272 529608 814367 92041 455858
508206 946439 622980 662208 401928 878862 792464 330209 263825 861267 335831 642801 822975 679374 797402 633208 224169 926992 319893 724146 886239 254281 395493 166364 652170 184492 1027180 608850 829061 603417 868664 788110 651208 524344 522540 164032 418982 294137 56230 366876 433607 999999999 311608 469380 358875 731738 508643 318443 346179 732753 227712 988609 936120 235443 748875 537980 890916 639511 603293 199849 282456 211783 881193 324118 766302 467122 455961 925522 673345 372947 100946 549411 267723 359597 655589 953606 897000 529413 626701 430399 321870 982087 831225 411906 871219 589647 307238 735360 322654 158406 496009 482417 844442 769757 429096 504770 926180 917258 516947 852631
202580 824264 337100 387598 129664 757332 536069 452328 370062 850955 317995 450667 597934 724559 509918 587537 440032 896012 566100 676068 592055 154875 280206 145471 705961 135093 977738 573748 597666 530720 690502 611208 562533 581623 294366 285763 544143 87198 323189 200882 540135 311608 999999999 533667 236869 506313 600336 448429 323981 496138 125126 912388 877541 480575 541988 226836 853487 622149 482588 119024 428536 198270 702231 209340 529767 363166 192202 657410 763357 61364 346724 606958 495802 205090 381529 809194 766220 785422 358050 138749 135562 909569 844762 574148 587017 452643 102911 626470 238243 320521 350586 626892 542968 552793 621464 629074 890697 661510 631478 825492
695637 561660 614388 610824 493491 503092 657602 145093 207036 397392 217159 443858 616690 210777 740442 225801 284639 469209 325334 296579 833152 615677 779206 485926 185087 517760 574740 197460 633201 244229 572092 509614 292320 55116 453723 615948 102516 447900 525609 367999 71088 469380 533667 999999999 320405 553812 73069 158445 212846 575584 568052 555753 493900 321363 531995 686473 438152 199793 314053 519719 194741 351737 583184 697528 598095 263249 491969 787663 229802 564415 374854 80834 288781 713741 605379 594524 529505 448480 575811 663025 646921 546850 362411 167277 787992 333186 436358 374788 713843 311870 323449 153781 829050 563921 232193 127145 470628 751739 117616 396372
375970 613123 328077 345968 173123 544917 450151 286726 226167 614127 111492 283984 466496 494471 486559 351225 347389 660543 467099 440854 581206 362912 512182 262013 478463 283727 745335 336899 474104 297006 512659 431564 333421 361317 183973 434084 360378 151766 402118 47656 346523 358875 236869 320405 999999999 376950 392299 289287 111734 381987 317200 685417 646059 399762 390378 366302 618467 385441 263136 276722 287427 147308 525133 435267 414455 130985 177870 587104 544690 252535 322687 385049 396074 438709 339451 609538 558498 669586 307886 350995 368373 681588 608554 408468 551473 240937 134123 406003 459877 253602 140196 443150 558042 412355 469391 434027 655683 570700 431261 589341
486151 400982 233073 177337 376671 350418 109208 606916 576852 599104 447418 110713 92703 609554 229259 396706 707363 598337 813609 428320 305387 661182 763710 606060 612890 616263 633726 410823 97361 336371 213080 156322 312714 559964 215885 777060 641254 461546 770000 365031 614584 731738 506313 553812 376950 999999999 618318 615177 439988 32764 627476 540299 540397 760369 58057 437680 556621 457158 246472 603652 628358 520886 221935 707312 44283 313476 314493 233877 704185 471907 699248 570461 748274 690507 178433 357289 342402 989174 178499 529538 629991 543657 633831 704661 248863 221171 442854 295092 738530 627989 258707 707363 329762 49306 772328 679462 587137 202077 666469 553772
766667 588507 686899 682182 565185 534673 723719 178660 255143 383929 286729 509401 676876 179455 810318 263575 304514 461161 315647 317845 902431 674122 838187 543022 149664 575372 569140 237026 694189 296248 620237 562858 340127 62863 526217 662183 96185 515566 564417 439948 75185 508643 600336 73069 392299 618318 999999999 190200 283228 641412 627060 563031 497343 331483 593051 758578 435534 222891 374609 578620 226369 412991 630746 756464 662524 335062 564831 851700 168699 633504 410016 68349 294996 774838 676831 628049 562639 403690 647532 731758 709328 553052 338634 143807 855985 397151 504955 416578 771077 355391 394805 100996 900024 625384 197337 63591 464662 813760 48190 391945
635240 700527 615954 627843 446616 637797 708181 13511 78534 555798 181414 505899 692030 363490 766535 364172 127842 627427 200628 445550 861504 497912 661446 366384 335344 399065 732435 336168 705345 360913 679612 607876 412460 211324 463109 473237 104387 371395 374252 332646 115243 318443 448429 158445 289287 615177 190200 999999999 185192 630234 452544 709218 649356 170493 607277 638296 595602 351113 403784 404712 36785 250663 691587 580293 658188 301719 465305 844455 356130 492294 220251 234900 144318 602816 621594 725183 661827 382906 590138 586131 541206 700873 519104 126144 825359 409669 366188 499912 591931 166908 358724 181468 844067 636615 181146 193129 628586 817239 202137 554283
483459 600318 432181 442660 282769 532863 527507 180497 136864 545471 10351 334268 522516 401494 581425 295256 267583 601453 376207 387718 676409 423580 583242 302128 382129 330934 695105 274223 533773 258170 536081 458180 305136 258201 277935 459003 248903 237147 398065 158925 234834 346179 323981 212846 111734 439988 283228 185192 999999999 451927 375605 647774 599713 320503 439877 476803 561913 314639 261668 329046 191012 163443 548545 502705 481626 132697 289186 664613 441024 351806 281103 283249 308875 513679 436421 609502 551585 568097 404986 450565 444681 642116 530142 299036 641132 254679 224378 389304 522971 204467 181349 331460 659217 466836 361878 322651 598569 640906 320545 527735
464291 431847 207743 149908 366664 382371 82403 622483 588555 631440 458849 132014 103716 638284 196840 425480 718332 631087 827278 459660 274834 650851 747826 601865 640825 610404 666201 438607 101529 363754 240840 188031 342301 583987 211777 771193 660703 456438 769181 366076 634738 732753 496138 575584 381987 32764 641412 630234 451927 999999999 618864 572450 573084 771401 90055 414563 589339 485917 272524 597271 641790 523247 248979 693855 34048 328951 303961 214592 731695 458585 704643 595381 760788 675430 151739 386376 373676 1006942 155887 511429 616597 575937 665547 723380 219843 244883 438326 327370 725369 634848 271788 728694 297327 74785 790887 701892 619896 189568 689463 586259
290921 926156 461685 512710 252542 858310 660874 459828 376275 919978 367187 564514 719683 772100 633533 662666 408565 972326 526298 754176 713689 48048 211242 86505 749948 54141 1060694 644972 720286 612853 804399 723996 650599 620591 412916 162359 555616 174352 221733 294112 558718 227712 125126 568052 317200 627476 627060 452544 375605 618864 999999999 1002591 962149 438421 660235 329105 931274 688862 578049 48442 424720 216939 816404 129514 652686 448171 315293 782491 795165 178079 293865 646728 462087 150569 506650 916504 869709 743932 483070 208346 96606 998669 905691 571921 710926 551980 194453 721969 147415 296413 448473 633758 661753 672954 608047 644094 968364 786462 650423 899605
978362 157086 757582 710544 804418 190444 626576 695746 733536 215132 657934 507470 513202 406868 760614 355432 837058 142722 876532 265739 816499 1048237 1192522 941643 434668 966649 100480 380457 533408 391983 353915 384683 351996 511764 655412 1105874 650651 833738 1042709 712976 620830 988609 912388 555753 685417 540299 563031 709218 647774 572450 1002591 999999999 69672 876731 482407 940155 139954 358108 430232 961040 743195 807587 352546 1118517 562989 554432 758997 681947 500151 907353 907751 496093 844531 1117474 709908 225137 204210 945517 699381 993590 1047759 12523 282490 706549 753539 462506 814404 288149 1144383 834153 562154 656643 858663 502537 758108 614733 130594 625041 594051 182009
956439 192174 747214 703983 775141 202713 634028 635848 677821 146649 609682 493795 525126 337944 766280 304610 777082 81484 811989 212430 828645 1008573 1156820 897725 366092 923920 100963 327550 546014 349312 372328 388840 315147 447997 633473 1058716 586637 796456 990877 676862 557315 936120 877541 493900 646059 540397 497343 649356 599713 573084 962149 69672 999999999 815264 483637 921057 70469 299409 399908 919213 684020 761611 373269 1081105 567688 515657 733490 702088 430499 876725 852457 431162 782269 1082327 702697 261640 224420 876595 689284 966041 1012196 57935 214019 641109 766258 434728 777576 265086 1105933 780074 530018 589510 865857 507188 691270 547608 68051 646070 526920 112390
682223 871006 722270 745177 522443 808088 845063 183503 183808 713229 312951 654571 842752 510923 885879 534570 53071 788097 87878 614665 980234 475116 627183 356806 481000 386001 894781 506488 854244 530123 843783 769568 581713 369360 583625 398572 235438 424642 281287 432860 261243 235443 480575 321363 399762 760369 331483 170493 320503 771401 438421 876731 815264 999999999 759530 698387 758724 519182 566297 397488 141953 297895 855958 551839 801670 450915 557991 982459 478140 536290 145205 389656 38535 583581 738604 894901 831858 306721 707134 616676 534859 868004 670090 201904 951191 567642 427563 669400 554261 163018 501839 273746 953190 787051 200234 305919 790318 960776 322799 716326
536658 343170 287957 233970 413229 292411 155612 598042 575812 547052 448184 107092 85285 569955 283542 358165 706900 543162 807466 380998 354241 696295 806203 632256 575501 644966 576245 375051 101232 302611 159245 98269 272514 532830 247737 805089 624043 490203 790018 385326 595991 748875 541988 531995 390378 58057 593051 607277 439877 90055 660235 482407 483637 759530 999999999 489666 501951 418206 218492 633211 623601 537094 169110 746665 86513 308661 352572 262789 667632 512103 709015 541076 744655 732107 234622 301028 284419 974234 231761 575550 669514 485884 584497 688689 294945 200572 470818 244200 777385 635564 260419 685692 383800 32684 756402 655429 531727 220921 641198 500922
54553 821546 208133 268390 194184 761179 419717 639058 563537 930203 474856 433960 515500 847765 344411 670000 653897 958031 781204 745541 407478 334039 365077 371616 835512 356864 1021385 665258 507337 603289 648901 580781 617814 725263 288328 487417 722031 274560 545605 318646 710917 537980 226836 686473 366302 437680 758578 638296 476803 414563 329105 940155 921057 698387 489666 999999999 914026 718564 527239 340756 625803 402810 658550 337083 442465 452766 201466 511173 907744 166033 570687 747942 709282 304742 265045 788245 761225 998411 259243 132425 270796 940364 939855 763415 420703 490121 274822 656095 368440 535595 410809 805677 346147 486731 818380 799320 949926 532402 797280 895320
