NAME : synthetic_000588
TYPE : CTSP-D
DIMENSION : 100
GROUPS : 8
RELAXATION_LEVEL : 1
EDGE_WEIGHT_TYPE : EXPLICIT
EDGE_WEIGHT_FORMAT : FULL_MATRIX
EDGE_WEIGHT_SECTION
999999999 446688 570236 1108000 561952 711303 821608 275233 213444 179625 513717 897163 667020 708651 480254 223708 359860 70361 988563 469674 142708 407190 619030 663833 58437 350135 640866 441862 361520 577016 195063 103832 794633 291818 252352 331237 443380 271316 644405 402190 494989 590961 392238 482035 184988 572146 377017 344556 692222 633958 285703 298570 629624 537721 858743 344866 838474 585203 802585 405480 753261 859398 175755 329931 182317 390314 354652 950691 866025 333444 68455 211938 251166 424379 784772 90191 76253 291473 6340 786847 639754 350375 393559 852964 634520 50887 134765 771477 847370 291546 969189 378698 590541 671984 499810 848125 112193 850253 646670 786851
446688 999999999 591624 905874 434564 576309 560029 603216 535051 619729 455392 805841 301142 917796 196314 318921 631269 382101 797241 380775 400794 119412 761909 800804 426282 378843 318885 106789 792096 623885 377789 376676 897524 731830 474859 252886 768237 691901 492413 450187 479416 200437 751412 152742 353391 695093 76275 228637 618842 708897 272343 716238 247350 92567 1096775 786525 869536 194055 912740 209255 925013 647874 289867 775187 302081 435911 626352 764823 814250 756738 515082 471762 555437 36708 579367 476774 421617 628799 446931 1041023 599802 97448 440145 750462 928480 473605 565793 905498 967919 731328 823929 753960 790199 553761 738126 669351 459178 750413 726346 835763
570236 591624 999999999 590993 201741 225937 432396 405752 406802 602782 142305 336075 513556 385594 417438 386331 329633 526192 478122 213132 429216 472271 210269 234804 613586 248256 444837 682238 659027 39812 382611 617336 307755 659674 325266 359194 438885 578615 225591 175710 112263 530945 486008 464166 403272 150561 592312 376361 153573 122625 370264 582617 527619 651060 562199 811666 288355 530749 323945 382371 362569 397052 600037 720245 446949 190490 330035 441908 296509 617155 594388 367385 380723 556111 343418 660009 627380 419695 576260 528753 92428 544922 186274 300912 487296 538407 681206 324702 379650 658330 428336 514645 284952 190592 306109 355641 465847 297114 139938 247252
1108000 905874 590993 999999999 547381 397688 349435 994214 985334 1179873 596475 290431 631980 856539 720790 888478 920586 1048112 119437 639582 967824 820402 723511 712393 1136795 758555 591460 1012240 1249896 610097 913772 1121249 655608 1247109 893493 800044 1020978 1167086 465062 718580 623326 725359 1074508 756420 923406 700214 953523 798976 438981 621394 837806 1172564 685112 905132 979181 1392491 517775 730428 671135 757118 788890 261026 1071114 1307811 942195 727029 921027 157341 365253 1207855 1148835 933092 964353 884891 334891 1191150 1146144 1009647 1113136 986675 500023 923018 724775 299532 1018789 1089123 1235130 714911 701166 1245802 172892 1104316 817826 438021 876140 260090 1020718 304291 624724 553640
561952 434564 201741 547381 999999999 157675 281937 494776 465951 651322 78828 378786 311954 585746 242016 341125 449594 500866 428133 92351 424019 321433 410663 436542 589424 216434 243098 536032 754170 241440 369495 574845 498407 733810 369040 258145 584073 659455 82502 199151 125244 336985 612579 289498 376981 347360 455524 262348 184278 322219 292144 671216 328707 477360 763589 864107 443762 337660 515853 237304 564136 298338 530243 793374 395208 201356 447699 390555 380185 711113 606488 403808 454433 402701 224868 643956 598805 516058 566909 727706 172299 414050 200853 325234 670531 546445 691534 522831 571283 732642 421582 634562 477386 125102 476292 287340 481200 324287 338919 417959
711303 576309 225937 397688 157675 999999999 214888 607470 591723 784480 198789 229660 386215 586779 380003 494371 544033 653059 278523 246818 570454 469602 417686 428310 742270 361310 319336 681017 867037 258448 516609 730355 446577 857043 497932 415799 662691 778750 84095 322295 227910 443648 705097 425049 527352 369006 605548 419722 92706 311034 448869 786769 421120 605898 751621 997611 354049 446189 465167 390454 544780 172488 687762 917575 550351 329977 543496 240533 248638 824250 751166 536701 573542 547220 119123 795714 752478 625365 716556 730847 139133 566524 327919 174161 708957 691492 837540 487043 516611 855782 263975 731691 503219 41022 532015 140748 623061 174212 323250 346683
821608 560029 432396 349435 281937 214888 999999999 776665 746746 928038 356644 358360 283643 801646 383815 598109 727887 755276 252270 364793 691516 484074 631715 643195 839759 491875 242703 665609 1036086 468180 637444 814822 655078 1014294 649634 493557 857200 940910 214596 481012 399552 375932 891147 414276 639320 580330 612614 485875 306940 525714 537166 953049 335980 555728 965729 1139433 548376 381031 673661 434025 758815 114456 753314 1073423 643193 483194 726392 228189 411973 993033 873119 682702 736259 541583 100293 896378 846152 797745 825860 945735 352115 586686 482769 311195 919465 813471 955113 698997 722804 1013153 312346 914473 715195 243198 735952 168215 752957 314588 538118 551023
275233 603216 405752 994214 494776 607470 776665 999999999 71777 212374 421400 739221 719086 438087 540943 285201 96997 283611 878636 418726 210690 514516 376265 418700 333610 300650 669466 640460 260375 394805 225463 371110 552319 253941 141606 380505 175445 172991 566812 295654 382391 675623 148350 566183 250343 346542 554154 405527 555336 423171 342761 179303 700469 693489 583553 409861 623750 671567 556921 462413 489936 777076 414448 314493 306690 294113 93069 841393 690127 217360 255529 132020 49012 570300 710103 352761 351416 25932 281084 511683 494613 511086 294215 706575 362097 224966 327938 519079 595418 252593 834003 155383 327904 566711 231626 747233 176115 702704 431214 568738
213444 535051 406802 985334 465951 591723 746746 71777 999999999 196150 397737 742870 667040 495214 484639 219398 146416 213986 867793 383076 139193 450718 413486 457635 270956 258412 621333 569453 294250 402813 158728 304339 590446 267877 97126 321513 246999 195051 542572 270686 363825 617412 217167 506535 181671 373927 483990 345598 549419 444398 280840 210278 644842 626044 647927 407335 648830 613038 596912 404906 540904 757223 343571 327665 236186 265540 141214 830057 699880 252022 206529 70640 37820 502857 687320 296853 288584 95646 219594 577556 490453 441739 266701 705902 431640 165361 287517 562840 639160 266702 830738 219154 377984 550703 286367 732459 107320 702389 454760 594943
179625 619729 602782 1179873 651322 784480 928038 212374 196150 999999999 587818 938850 812738 634383 624584 348806 308893 237916 1061811 563588 246810 565628 588318 630280 223236 436365 776943 621075 183066 597510 296570 277678 763780 112683 286580 463219 333122 105523 730655 462197 556899 746715 264625 635011 303716 558267 552983 482499 745214 633342 417031 132276 781416 711822 759533 213269 835437 741407 767754 545280 693647 946959 355275 157841 330558 455157 305237 1023957 894638 159672 115284 248322 223515 594545 875380 206930 237720 212135 181539 683823 686504 522391 456920 902043 521306 146130 139187 728284 804290 112315 1026649 240037 534497 743538 436206 925138 180602 898536 642192 780604
513717 455392 142305 596475 78828 198789 356644 421400 397737 587818 999999999 393912 378724 516899 275719 301241 372010 457527 477291 74834 372167 336911 343304 373162 547010 163719 311914 550434 681619 179773 318695 539033 449351 665139 302069 241354 505420 588966 145547 127196 46723 389364 535209 322792 331058 277742 463521 253130 186961 264772 264915 599371 388273 510578 696542 801086 414519 388978 465835 247268 501558 359606 505009 725246 359694 132725 370297 439302 379652 638556 552417 339526 383153 420796 289811 599356 558095 441770 519097 657058 149695 418049 131197 344907 593718 492802 638887 466793 521575 663927 456024 557952 404033 158669 398341 338410 424288 342846 282162 380650
897163 805841 336075 290431 378786 229660 358360 739221 742870 938850 393912 999999999 600658 566314 609573 693743 656502 846353 209637 458536 754506 697698 436253 422675 935582 553335 538110 910221 986064 344575 703792 931438 369113 992815 659390 631130 743226 911166 313428 494974 403446 668245 802030 654708 719978 419916 833113 638720 207315 338607 658365 913109 641490 834565 695115 1147167 234158 671286 385593 615871 500067 249878 898747 1053082 753015 507045 657789 189883 76704 945345 926817 701208 716464 776372 270782 985508 947805 751199 902936 698236 257481 792612 503691 55789 729166 869352 1013966 426965 421208 991447 118663 833567 530425 254236 595184 190632 797427 55448 339635 264523
667020 301142 513556 631980 311954 386215 283643 719086 667040 812738 378724 600658 999999999 895428 188300 464344 705470 596660 535015 330127 566381 266451 721113 748324 667218 421937 69759 400096 958263 553138 520296 628720 806087 916044 577634 350643 848737 856148 318333 456882 422805 101325 858886 187759 509400 656276 367493 330286 462758 634034 396160 875069 55409 277322 1074472 1009300 734515 107522 823984 267555 876069 389609 551329 969423 487138 449785 702052 508237 633183 917241 729974 596429 671225 293422 336280 723476 668439 744192 669571 1035748 474199 356583 452031 546108 964557 675574 800071 833786 878822 915179 584228 873019 781906 383813 765931 428322 632818 547801 650599 717836
708651 917796 385594 856539 585746 586779 801646 438087 495214 634383 516899 566314 895428 999999999 774472 629573 348805 701490 768522 574204 607311 802705 175336 158542 766067 538980 827827 988986 576676 345898 589525 796215 212591 623953 485133 665069 310252 552031 607825 470264 474214 900851 386162 817291 618418 239170 895586 689171 495452 276298 652490 537630 904060 992957 181098 789178 347180 899625 202711 719221 80524 739836 820041 672364 678651 483557 354041 740289 491429 549193 693603 513718 457548 881109 704471 790106 783627 428524 714788 144330 451132 846777 479555 567753 184326 659983 762967 151960 206949 622581 684802 419547 128731 560871 208902 684936 600164 562659 263530 303860
480254 196314 417438 720790 242016 380003 383815 540943 484639 624584 275719 609573 188300 774472 999999999 276654 538974 409977 608547 205228 378532 100346 607315 641853 483909 255343 163649 301614 772967 453406 333786 449190 724998 728633 399638 164163 682694 670549 296155 308496 308543 136199 684863 47690 321602 539876 233156 142477 425562 539095 208707 690340 160227 236298 955565 821374 683644 132947 741354 80268 769549 460229 377868 781488 299321 297535 534985 574720 619583 732528 542290 414125 492267 168405 388860 540716 486558 566560 483057 907763 411862 203169 300857 554162 816795 487420 614094 740367 797074 727794 629630 696157 651830 358155 618579 476689 444944 554137 556600 654011
223708 318921 386331 888478 341125 494371 598109 285201 219398 348806 301241 693743 464344 629573 276654 999999999 315477 159877 769172 248905 102077 231651 496074 539725 248324 141202 428610 367347 498253 403821 60772 237854 658051 451984 157676 114470 449664 395691 423560 210719 291976 403859 433549 291813 45099 435438 276264 134182 486460 476875 68244 416754 435389 408455 802226 551003 671786 399033 669859 196798 652352 636959 214045 505095 60660 195842 310346 731506 672111 458787 276481 153251 236921 285360 562045 302967 258121 310990 228164 740289 440140 230116 200063 645894 615825 217908 357042 650003 721285 451149 756156 438228 501102 456416 433903 628400 168503 643697 492506 625535
359860 631269 329633 920586 449594 544033 727887 96997 146416 308893 372010 656502 705470 348805 538974 315477 999999999 355665 807470 385748 267188 530544 279439 321715 417285 284941 649514 682277 330144 312851 262819 448839 455329 339472 157847 389517 143836 257536 513992 255491 328337 675164 163267 570884 291321 252747 591725 415499 482646 331619 360118 257050 694155 717746 504586 500823 529344 671876 459952 465126 395915 716106 480128 398765 352062 258999 5473 770952 603393 288947 348403 174051 108752 596235 653244 442355 434868 99155 366008 436314 421313 545423 257636 627504 301025 311470 423788 422516 498908 338069 756247 187821 233120 504251 139953 681040 251942 623367 338397 474089
70361 382101 526192 1048112 500866 653059 755276 283611 213986 237916 457527 846353 596660 701490 409977 159877 355665 999999999 928754 408565 100556 337347 596554 641502 89498 294173 570914 386587 414601 536937 143719 96552 769210 350401 224198 262984 458289 318233 583338 353326 442910 521030 416661 411793 126630 544496 315193 275213 639851 600122 218214 344429 559407 474013 860112 414587 802552 515315 778542 335646 739472 796767 132914 393175 113110 340198 350228 891030 819418 382524 135760 189200 249145 357978 721791 143103 101593 304219 73102 790767 589935 284952 343840 800311 645412 92187 204396 751023 825893 349960 913507 408462 578525 614520 493515 788022 107527 797849 613971 752640
988563 797241 478122 119437 428133 278523 252270 878636 867793 1061811 477291 209637 535015 768522 608547 769172 807470 928754 999999999 520267 848432 707328 624716 618241 1017495 639158 488182 903970 1135715 499911 794357 1002383 577474 1130810 775283 681786 912767 1051248 345920 600050 504967 623707 963647 646123 803979 595531 841698 681380 324825 519378 719016 1057464 586046 802531 903798 1274660 443732 628383 594327 641164 705935 149445 953350 1191494 823135 608230 807671 37990 286007 1093416 1029555 814602 847618 774579 219955 1071774 1026936 894754 993699 904014 386157 809501 606051 200999 922694 969809 1115789 634098 630839 1129517 99255 992692 718509 319038 770536 140793 901577 206074 524606 471316
469674 380775 213132 639582 92351 246818 364793 418726 383076 563588 74834 458536 330127 574204 205228 248905 385748 408565 520267 999999999 332399 262125 404024 437279 497228 127223 268126 475632 675134 248329 277835 483650 520866 649978 286040 172594 526175 577941 174853 130572 103336 326681 546012 251406 284689 336910 389093 181454 254377 334073 202365 591466 331474 437929 755062 775645 489350 325567 536934 172435 565331 390075 442278 708843 303726 127108 383060 482609 450019 632255 514992 317990 375441 346040 315962 551642 506793 441566 474605 711073 223129 344067 128182 407126 634431 454944 599670 535145 592589 648857 510327 565045 455406 210579 435851 379498 390821 405590 351595 455022
142708 400794 429216 967824 424019 570454 691516 210690 139193 246810 372167 754506 566381 607311 378532 102077 267188 100556 848432 332399 999999999 327236 496789 541704 184716 209276 530245 430462 399281 438139 54564 196728 668841 350335 124790 216416 384830 296962 506090 259558 352336 503988 355665 391851 56987 444034 346174 236129 549534 499835 170320 319372 536702 492815 770546 451136 702746 498972 678334 298826 642064 722320 213476 403041 98896 247605 261720 810488 724240 360994 182608 93985 167736 370287 648360 231348 199258 234834 148437 703342 497143 305547 250859 710273 564873 122573 267648 651504 726084 349528 826972 354861 482430 530748 401211 708404 66437 707552 513560 652486
407190 119412 472271 820402 321433 469602 484074 514516 450718 565628 336911 697698 266451 802705 100346 231651 530544 337347 707328 262125 327236 999999999 644211 682521 402405 264498 257525 215044 726473 504481 292405 362408 778135 674360 378461 142132 671329 624198 385587 333227 360041 183801 662373 78934 273062 577144 136221 116342 505102 589538 172267 646405 223883 191049 982547 751924 751389 178015 793390 89975 807457 559572 285398 723456 235140 319395 525924 673003 701528 688154 472842 382834 465644 83969 487398 458128 402769 540441 409086 928807 482868 102863 323509 642938 822688 422414 537759 786589 848607 673666 724779 668878 675935 443788 628871 573740 391590 642511 606997 716839
619030 761909 210269 723511 410663 417686 631715 376265 413486 588318 343304 436253 721113 175336 607315 496074 279439 596554 624716 404024 496789 644211 999999999 44960 672749 385903 653148 840663 583365 170611 467045 693102 177014 609550 372356 512022 319905 529167 433449 311907 302116 730264 388289 651642 494469 67505 747499 534511 328730 108337 506660 523065 731419 832140 353378 774648 259593 729363 183711 557644 163277 577925 701378 666049 551273 326535 283203 593117 368315 547024 620008 409100 377035 725279 536539 706916 689332 377199 625367 318684 279647 698539 322197 425311 298575 575255 699722 155010 229339 608126 550819 422335 94323 389166 170486 526488 506842 420369 100360 204552
663833 800804 234804 712393 436542 428310 643195 418700 457635 630280 373162 422675 748324 158542 641853 539725 321715 641502 618241 437279 541704 682521 44960 999999999 717655 426752 679639 881366 618584 195189 511595 738049 133626 647952 417304 552333 351527 568254 452098 351763 334291 762080 422434 686908 538893 106354 788396 574316 336911 118717 548556 561017 761175 869230 328581 813658 228887 761452 139278 595059 128402 582198 745865 703599 595367 366690 325673 588279 351305 583362 664157 454043 420975 764261 545929 751587 734256 418574 670170 302544 293496 739491 362283 417397 306495 619864 743361 110483 184394 646528 539542 456812 115654 403061 204932 528220 551654 412351 105138 175607
58437 426282 613586 1136795 589424 742270 839759 333610 270956 223236 547010 935582 667218 766067 483909 248324 417285 89498 1017495 497228 184716 402405 672749 717655 999999999 383668 646919 408676 406244 622838 232144 55412 847524 332248 302746 346218 501593 321418 671824 441890 532178 585257 449354 479904 216114 623945 353054 355675 729223 683160 303118 348914 626288 514833 917066 360571 886827 579233 855968 413586 809484 884362 140474 363523 196886 429026 412031 979827 907782 381432 108074 263906 308533 407948 809239 57054 17816 349899 52801 845256 678922 333077 432588 889734 692869 109212 139512 825986 901625 332167 1002969 434703 646993 703862 557169 876721 167072 887251 696424 836025
350135 378843 248256 758555 216434 361310 491875 300650 258412 436365 163719 553335 421937 538980 255343 141202 284941 294173 639158 127223 209276 264498 385903 426752 383668 999999999 369394 454768 552203 269761 155299 378224 534900 523868 162365 126540 428756 453421 297751 76760 150797 391212 437113 290691 167562 320399 361674 150206 346272 348386 124403 468259 409214 455463 718319 648515 536046 388203 548314 186173 548118 514491 352831 582346 201510 61209 281221 601216 530925 509623 390963 191546 254711 342146 441302 435670 395154 324925 355467 664374 298959 312748 65734 506397 563354 331022 476775 534635 601893 522773 619675 452376 411663 321854 366673 499165 264798 504029 364993 492186
640866 318885 444837 591460 243098 319336 242703 669466 621333 776943 311914 538110 69759 827827 163649 428610 649514 570914 488182 268126 530245 257525 653148 679639 646919 369394 999999999 423575 914768 484512 481178 612834 736333 876863 528994 314228 791860 813444 249212 397300 356825 135825 805911 180826 473548 588813 376336 297248 393775 564845 360736 831031 103440 314416 1006380 978746 665532 140293 754238 235437 807176 339749 540780 931960 458759 391453 646367 458809 567380 873041 701027 551166 622516 303342 279761 703835 649941 694064 643977 968789 404444 356537 393336 482991 901425 644526 775309 764263 809065 875928 529504 821764 715839 315075 703376 372525 596341 484407 581327 648261
441862 106789 682238 1012240 536032 681017 665609 640460 569453 621075 550434 910221 400096 988986 301614 367347 682277 386587 903970 475632 430462 215044 840663 881366 408676 454768 423575 999999999 800788 712285 420285 354286 984662 733575 524500 329152 812217 704722 596965 529758 570226 298816 786102 259243 392683 775034 93445 308197 719987 796015 336512 730698 345030 138857 1165274 765604 964777 292714 999142 303403 1002585 754580 268527 770483 333984 514711 677066 871607 916217 769103 509185 513305 595158 133854 686152 451472 399837 665054 440588 1105688 697550 142391 519137 855041 983036 478016 544873 988466 1053697 733273 930397 784074 860371 657156 799779 776047 479834 854852 813266 928581
361520 792096 659027 1249896 754170 867037 1036086 260375 294250 183066 681619 986064 958263 576676 772967 498253 330144 414601 1135715 675134 399281 726473 583365 618584 406244 552203 914768 800788 999999999 642971 439392 460741 745834 80980 389923 608806 270804 102562 827100 555358 642735 902111 196570 790053 454524 573796 728715 631185 811179 655397 564931 83980 932805 884646 664874 219332 842642 897277 745347 692703 648579 1037222 537213 101241 493737 552914 329313 1098812 930782 43070 298349 363760 300006 764507 970478 385951 420465 241677 363866 588320 749969 694758 553320 957647 424395 322789 304342 699175 771078 80428 1086351 162018 507254 826422 413737 1006245 335372 953510 659685 787310
577016 623885 39812 610097 241440 258448 468180 394805 402813 597510 179773 344575 553138 345898 453406 403821 312851 536937 499911 248329 438139 504481 170611 195189 622838 269761 484512 712285 642971 999999999 394393 629987 273703 648252 327536 386290 413174 566592 263988 194177 145517 569067 464419 499735 416891 112505 621393 404866 178922 85755 393639 568800 566581 685683 522391 803637 268021 568733 289239 414896 323160 427371 617836 708507 464034 209611 313865 464590 297155 601756 596782 369639 374105 588029 377076 667158 637302 406648 583161 489216 120377 573471 205171 314761 451394 542456 682927 287237 344729 646883 443734 494326 247408 225244 275268 382875 469801 310576 103286 222484
195063 377789 382611 913772 369495 516609 637444 225463 158728 296570 318695 703792 520296 589525 333786 60772 262819 143719 794357 277835 54564 292405 467045 511595 232144 155299 481178 420285 439392 394393 999999999 235604 635261 396085 106501 169781 392774 336886 451615 209760 300683 463142 373751 351323 29051 410424 331191 191793 497962 460605 125563 357278 493435 468079 758347 503765 661183 458449 645790 253534 618201 667777 234381 450782 90065 196924 257516 756431 675775 399406 237170 94175 177714 344873 593797 281922 245205 251120 200514 694034 446865 286641 200454 658664 563834 177130 322081 622021 695303 395187 774155 377728 462219 477095 388290 654202 116705 656056 475146 612291
103832 376676 617336 1121249 574845 730355 814822 371110 304339 277678 539033 931438 628720 796215 449190 237854 448839 96552 1002383 483650 196728 362408 693102 738049 55412 378224 612834 354286 460741 629987 235604 999999999 865567 387401 320746 323134 542989 373893 656591 442649 528822 543177 494704 440962 214124 640750 302222 328957 724211 695159 283469 401297 585559 463704 952239 412648 896658 537013 875001 383270 835516 865651 87523 418885 180029 428772 443452 965036 907987 434909 162403 285416 340891 360551 790335 100105 45719 389524 99816 881782 676829 285921 432662 883748 732822 152977 191250 847572 922441 387299 993156 482123 674173 693146 587726 861706 197179 881547 709272 847355
794633 897524 307755 655608 498407 446577 655078 552319 590446 763780 449351 369113 806087 212591 724998 658051 455329 769210 577474 520866 668841 778135 177014 133626 847524 534900 736333 984662 745834 273703 635261 865567 999999999 778847 545503 656709 475930 699916 492295 458182 418922 834526 549269 771861 661570 225009 893004 676568 355269 188765 659069 691601 826903 958768 326340 944990 138399 834807 18607 688597 136284 574539 868283 833494 715758 473699 459298 553329 292450 712106 796949 583619 554048 861591 554811 883033 863849 551922 800973 331667 332140 844640 469176 381485 393741 751597 876705 61236 72883 777426 487192 583833 238593 432354 334482 515123 682475 376474 171427 107714
291818 731830 659674 1247109 733810 857043 1014294 253941 267877 112683 665139 992815 916044 623953 728633 451984 339472 350401 1130810 649978 350335 674360 609550 647952 332248 523868 876863 733575 80980 648252 396085 387401 778847 999999999 364808 565420 313709 81972 810259 537948 629689 853807 237816 741756 407114 591243 665561 586156 808587 670978 519995 87432 887033 824052 726372 166486 865933 848667 780155 648659 691614 1024226 467083 60703 439374 533307 337371 1093350 942167 80440 225711 332326 283523 706097 954905 307919 345506 241980 293414 649636 748114 634421 534360 960515 484669 258370 223957 736325 810356 1424 1087854 204957 541592 816063 444385 997525 284162 956644 677256 810464
252352 474859 325266 893493 369040 497932 649634 141606 97126 286580 302069 659390 577634 485133 399638 157676 157847 224198 775283 286040 124790 378461 372356 417304 302746 162365 528994 524500 389923 327536 106501 320746 545503 364808 999999999 240876 293744 291909 446297 175717 270332 534736 285963 426149 135489 321325 433889 266375 460863 381617 206301 306021 558953 562676 652268 499681 586271 530807 554536 321620 517616 661662 335183 424343 196549 169416 152690 737412 621541 347285 269461 42180 93642 440332 591134 342339 318719 167029 258634 587572 403614 387740 170879 619618 458568 215095 356041 526897 601695 363649 742266 296549 358954 456975 282083 638623 142572 616364 394346 534502
331237 252886 359194 800044 258145 415799 493557 380505 321513 463219 241354 631130 350643 665069 164163 114470 389517 262984 681786 172594 216416 142132 512022 552333 346218 126540 314228 329152 608806 386290 169781 323134 656709 565420 240876 999999999 531387 506401 337623 200622 249811 295926 526732 185685 159520 446045 236594 25995 426415 468532 46549 526204 324180 332519 843890 664808 646543 291618 670812 83911 674511 542899 272328 619196 150076 185646 385019 644850 620888 568390 388350 251342 331528 216262 467587 402917 352722 406353 334985 788501 390565 187994 190050 579557 680558 330882 465924 659329 725067 564551 679726 535857 537332 381593 487136 541656 282759 578088 485597 606390
443380 768237 438885 1020978 584073 662691 857200 175445 246999 333122 505420 743226 848737 310252 682694 449664 143836 458289 912767 526175 384830 671329 319905 351527 501593 428756 791860 812217 270804 413174 392774 542989 475930 313709 293744 531387 999999999 243133 642624 395618 459894 818892 76026 714036 419713 323322 723944 557294 591291 405025 499645 227509 837967 856415 426634 479226 578971 815558 474886 608320 378987 834965 589735 363205 478407 400494 147717 877702 681226 240049 411313 299018 217475 733961 776765 512620 519338 154100 448819 351352 530910 679202 398776 722336 192076 392493 468700 428394 500405 312335 851404 109998 237837 624662 150088 794470 350813 717774 405990 524264
271316 691901 578615 1167086 659455 778750 940910 172991 195051 105523 588966 911166 856148 552031 670549 395691 257536 318233 1051248 577941 296962 624198 529167 568254 321418 453421 813444 704722 102562 566592 336886 373893 699916 81972 291909 506401 243133 999999999 734437 461900 552132 799549 169352 687494 352008 509540 630055 528675 728277 589096 462405 27520 830318 784464 665212 245488 784696 794718 701803 590281 616990 947094 445179 141917 392188 458220 255405 1013912 860224 64856 214333 263237 205868 663646 878704 311072 337162 160095 274559 588815 667596 594763 458981 879319 424540 228048 243643 658928 733628 80576 1006924 140359 463844 737847 365901 918949 233683 875408 595501 729249
644405 492413 225591 465062 82502 84095 214596 566812 542572 730655 145547 313428 318333 607825 296155 423560 513992 583338 345920 174853 506090 385587 433449 452098 671824 297751 249212 596965 827100 263988 451615 656591 492295 810259 446297 337623 642624 734437 999999999 272546 185955 366215 677166 341549 459450 376102 521604 339603 144588 333589 373416 744915 347651 523990 780395 943758 416322 368273 510562 307396 575705 216832 609932 870226 477219 277040 512655 308466 327347 784043 688416 482509 528664 463153 144852 726434 681084 586900 649379 751876 161700 482985 275903 258099 711396 628395 773695 525460 564450 809058 343900 701121 510503 66631 523651 205156 562478 258001 348499 400234
402190 450187 175710 718580 199151 322295 481012 295654 270686 462197 127196 494974 456882 470264 308496 210719 255491 353326 600050 130572 259558 333227 311907 351763 441890 76760 397300 529758 555358 194177 209760 442649 458182 537948 175717 200622 395618 461900 272546 999999999 95416 440897 416764 348921 228586 245543 437006 222647 290853 271692 201130 472730 452472 522833 650795 675370 461610 438722 471686 248989 474865 486537 424634 598083 271294 15588 252957 562128 466103 512289 434170 214552 256195 413520 417000 490746 454896 316949 407972 600214 237586 388212 11073 451401 510592 375639 521296 458817 525423 536735 570622 437099 344961 281378 311652 462942 304744 448544 288254 416621
494989 479416 112263 623326 125244 227910 399552 382391 363825 556899 46723 403446 422805 474214 308543 291976 328337 442910 504967 103336 352336 360041 302116 334291 532178 150797 356825 570226 642735 145517 300683 528822 418922 629689 270332 249811 459894 552132 185955 95416 999999999 428230 491594 354522 316556 235551 480755 265561 197293 231238 265699 561288 429856 540167 654534 769898 396972 427429 434667 270177 462515 394993 502121 690119 352132 105217 326879 467085 380311 599742 529060 309776 346429 443858 327843 582598 544362 401751 500634 613223 148165 433724 102428 358024 547230 470209 616101 431884 490211 628443 475626 515209 359141 186894 351627 368657 399783 355383 248773 358513
590961 200437 530945 725359 336985 443648 375932 675623 617412 746715 389364 668245 101325 900851 136199 403859 675164 521030 623707 326681 503988 183801 730264 762080 585257 391212 135825 298816 902111 569067 463142 543177 834526 853807 534736 295926 818892 799549 366215 440897 428230 999999999 820399 112143 447852 663382 269035 271979 508628 653556 337711 820392 46918 179824 1081741 935614 777701 6476 851703 213209 890452 475522 462272 904482 416523 430882 671182 594603 692060 862491 656359 547261 626772 195499 414979 640430 584813 701356 592884 1036857 508427 263025 433952 612661 950945 604986 721389 855603 907318 853049 664762 830982 780833 432752 752266 507711 569757 613704 670802 754559
392238 751412 486008 1074508 612579 705097 891147 148350 217167 264625 535209 802030 858886 386162 684863 433549 163267 416661 963647 546012 355665 662373 388289 422434 449354 437113 805911 786102 196570 464419 373751 494704 549269 237816 285963 526732 76026 169352 677166 416764 491594 820399 999999999 712112 398225 384118 701152 552087 639569 466258 490314 152124 843312 841817 496330 403201 647877 816564 548905 607453 454895 877493 549547 287312 453327 418907 164919 927746 742971 164268 352518 280338 196865 718619 815755 454237 466805 122632 397195 420147 578408 658763 417969 777778 256776 341901 402642 503113 575727 236448 907049 34572 310685 665773 217975 840512 311278 773385 468978 592741
482035 152742 464166 756420 289498 425049 414276 566183 506535 635011 322792 654708 187759 817291 47690 291813 570884 411793 646123 251406 391851 78934 651642 686908 479904 290691 180826 259243 790053 499735 351323 440962 771861 741756 426149 185685 714036 687494 341549 348921 354522 112143 712112 999999999 335720 584144 198338 160986 472748 585477 226115 708474 147631 188625 998301 826009 731333 107224 788109 105760 814274 497027 364319 792706 305297 337104 566662 613149 666229 750547 546492 436707 517212 128522 427406 535970 480811 592022 484263 949094 459550 175717 340669 599148 853961 494086 613979 786391 843806 740991 671203 721541 693524 404424 656613 516863 457663 599261 602998 701577
184988 353391 403272 923406 376981 527352 639320 250343 181671 303716 331058 719978 509400 618418 321602 45099 291321 126630 803979 284689 56987 273062 494469 538893 216114 167562 473548 392683 454524 416891 29051 214124 661570 407114 135489 159520 419713 352008 459450 228586 316556 447852 398225 335720 999999999 436994 304424 179167 513311 485166 113342 373623 480023 444426 787397 506640 684404 442924 672379 241845 646511 674467 207023 460025 61064 214886 285991 766153 694355 415522 233914 120696 203443 321274 599928 268445 227855 275723 189929 723051 463981 260758 218705 673712 592270 174634 316290 649363 722305 406291 787082 400715 490989 488483 417339 663417 123422 671270 500011 636215
572146 695093 150561 700214 347360 369006 580330 346542 373927 558267 277742 419916 656276 239170 539876 435438 252747 544496 595531 336910 444034 577144 67505 106354 623945 320399 588813 775034 573796 112505 410424 640750 225009 591243 321325 446045 323322 509540 376102 245543 235551 663382 384118 584144 436994 999999999 682046 468170 284619 82146 442386 506858 665304 764771 419033 753547 277223 662400 235392 490311 230606 535105 643922 649739 492116 260401 255499 561953 358896 534964 578981 360361 339359 658500 488047 661332 640026 351850 578477 380348 229904 633139 256008 400756 339952 530783 661423 215225 285888 589829 529284 416685 134940 337180 175998 487306 460324 396063 86130 222343
377017 76275 592312 953523 455524 605548 612614 554154 483990 552983 463521 833113 367493 895586 233156 276264 591725 315193 841698 389093 346174 136221 747499 788396 353054 361674 376336 93445 728715 621393 331191 302222 893004 665561 433889 236594 723944 630055 521604 437006 480755 269035 701152 198338 304424 682046 999999999 216566 638023 704552 243097 655200 315630 161783 1072064 713624 876800 262561 907264 218911 909271 693247 214943 706752 247840 421869 586578 807836 834777 694859 445445 425016 507807 74114 622000 402278 347516 579196 376789 1012866 612083 48987 426316 778563 891998 407347 492416 895819 961618 665132 860891 701028 766992 578957 707212 709291 400066 778041 721719 839248
344556 228637 376361 798976 262348 419722 485875 405527 345598 482499 253130 638720 330286 689171 142477 134182 415499 275213 681380 181454 236129 116342 534511 574316 355675 150206 297248 308197 631185 404866 191793 328957 676568 586156 266375 25995 557294 528675 339603 222647 265561 271979 552087 160986 179167 468170 216566 999999999 435769 488029 66326 548943 301668 307014 868329 681678 662487 267504 690966 62790 697305 540264 272167 639155 162257 207992 410994 644821 631422 591100 403802 275721 356523 191941 465107 412664 361020 431407 347959 813460 402821 168660 212316 586318 706380 347397 479289 680638 745501 585317 683100 560812 561695 387029 512646 541962 302561 585060 505224 623563
692222 618842 153573 438981 184278 92706 306940 555336 549419 745214 186961 207315 462758 495452 425562 486460 482646 639851 324825 254377 549534 505102 328730 336911 729223 346272 393775 719987 811179 178922 497962 724211 355269 808587 460863 426415 591291 728277 144588 290853 197293 508628 639569 472748 513311 284619 638023 435769 999999999 220931 451823 733583 491877 659470 659025 956608 271770 510313 373813 419128 452151 250544 691968 869281 545701 302021 482854 288405 196779 769017 724836 501901 526628 586860 209019 779883 741160 570674 697888 639259 61336 595110 298925 160743 623540 666477 812005 394519 426083 807270 281506 668181 416932 79284 453980 203979 595326 158095 232194 258111
633958 708897 122625 621394 322219 311034 525714 423171 444398 633342 264772 338607 634034 276298 539095 476875 331619 600122 519378 334073 499835 589538 108337 118717 683160 348386 564845 796015 655397 85755 460605 695159 188765 670978 381617 468532 405025 589096 333589 271692 231238 653556 466258 585477 485166 82146 704552 488029 220931 999999999 472788 587339 649691 771391 446812 832050 205105 653373 203856 500142 243107 469620 689805 729913 536084 287278 333979 486917 276754 616236 646439 422585 411613 672904 429438 723950 698516 430245 640232 420606 174906 656314 282757 321959 406158 595429 730661 202077 259189 669570 449600 498770 199947 284597 256578 418253 523564 317147 17535 152917
285703 272343 370264 837806 292144 448869 537166 342761 280840 417031 264915 658365 396160 652490 208707 68244 360118 218214 719016 202365 170320 172267 506660 548556 303118 124403 360736 336512 564931 393639 125563 283469 659069 519995 206301 46549 499645 462405 373416 201130 265699 337711 490314 226115 113342 442386 243097 66326 451823 472788 999999999 482818 367980 357635 829274 618261 658608 333092 672289 128666 667379 582553 240469 573317 106234 185554 355341 681745 643465 524956 342010 211674 293796 236690 507272 359440 310556 368692 289616 771093 411352 194307 190079 608167 656149 284377 420233 657357 725570 519147 712622 497618 523912 412939 466608 578414 236740 606397 489383 615814
298570 716238 582617 1172564 671216 786769 953049 179303 210278 132276 599371 913109 875069 537630 690340 416754 257050 344429 1057464 591466 319372 646405 523065 561017 348914 468259 831031 730698 83980 568800 357278 401297 691601 87432 306021 526204 227509 27520 744915 472730 561288 820392 152124 708474 373623 506858 655200 548943 733583 587339 482818 999999999 850363 808774 645639 253915 780294 815657 692793 610113 604514 956175 472075 143162 415659 469871 255473 1020323 860412 42193 241852 279915 216791 687538 888700 338367 364678 162967 301881 569053 672602 619270 470391 882676 404312 254782 269458 648893 722947 86018 1010827 120766 454187 745998 357119 926514 257298 878665 592980 724813
629624 247350 527619 685112 328707 421120 335980 700469 644842 781416 388273 641490 55409 904060 160227 435389 694155 559407 586046 331474 536702 223883 731419 761175 626288 409214 103440 345030 932805 566581 493435 585559 826903 887033 558953 324180 837967 830318 347651 452472 429856 46918 843312 147631 480023 665304 315630 301668 491877 649691 367980 850363 999999999 222204 1084336 973632 762986 53329 844449 240296 889497 439144 505901 938888 452530 443733 690416 558166 669621 892543 694105 574304 651944 241887 382083 681939 626496 725979 631806 1042237 497147 308037 446445 586306 962925 641405 761251 851124 899786 886229 631468 855473 786810 414170 763928 474740 602919 587671 666670 742872
537721 92567 651060 905132 477360 605898 555728 693489 626044 711822 510578 834565 277322 992957 236298 408455 717746 474013 802531 437929 492815 191049 832140 869230 514833 455463 314416 138857 884646 685683 468079 463704 958768 824052 562676 332519 856415 784464 523990 522833 540167 179824 841817 188625 444426 764771 161783 307014 659470 771391 357635 808774 222204 999999999 1173113 875404 919908 174704 974734 274527 995374 653775 376252 866849 394271 509400 712952 772666 850906 849300 606172 561675 645366 123214 590695 563647 509123 719190 537740 1119824 648071 189915 513414 778779 1012540 565735 654165 971106 1030333 823564 839809 845140 866606 588706 819641 683001 551662 779316 788926 890085
858743 1096775 562199 979181 763589 751621 965729 583553 647927 759533 696542 695115 1074472 181098 955565 802226 504586 860112 903798 755062 770546 982547 353378 328581 917066 718319 1006380 1165274 664874 522391 758347 952239 326340 726372 652268 843890 426634 665212 780395 650795 654534 1081741 496330 998301 787397 419033 1072064 868329 659025 446812 829274 645639 1084336 1173113 999999999 884091 461950 1080568 309540 899781 206914 894507 983996 765639 848281 663854 510043 879509 618411 646708 834535 676612 611446 1060135 866640 934553 934858 568897 864622 76740 620532 1023474 659916 707226 241707 808511 895227 271659 279199 725117 812737 525151 306656 729314 370204 836657 755081 702183 432050 433248
344866 786525 811666 1392491 864107 997611 1139433 409861 407335 213269 801086 1147167 1009300 789178 821374 551003 500823 414587 1274660 775645 451136 751924 774648 813658 360571 648515 978746 765604 219332 803637 503765 412648 944990 166486 499681 664808 479226 245488 943758 675370 769898 935614 403201 826009 506640 753547 713624 681678 956608 832050 618261 253915 973632 875404 884091 999999999 1029581 929902 946490 744084 857751 1160167 500056 118508 522163 668423 498218 1236845 1099802 240406 279544 461580 430968 766796 1088414 314139 366947 401855 343298 807483 897276 692108 670172 1112088 643226 334284 221437 902800 976832 167898 1237725 369632 708013 956647 610619 1138303 387201 1108446 839199 974182
