NAME : synthetic_000686
TYPE : CTSP-D
DIMENSION : 100
GROUPS : 8
RELAXATION_LEVEL : 1
EDGE_WEIGHT_TYPE : EXPLICIT
EDGE_WEIGHT_FORMAT : FULL_MATRIX
EDGE_WEIGHT_SECTION
999999999 189857 620329 523862 771091 713329 162613 140906 259123 282625 664069 382558 361192 131189 729556 265641 441262 573143 927738 386365 578476 233759 706156 210028 646227 512915 456373 623157 139811 874346 82686 585573 413552 508888 306297 380942 696595 145294 244624 897611 774161 177392 692186 435092 524417 416783 287063 419506 258951 707802 580769 476005 257330 243652 385641 390593 828967 288153 356837 588291 496993 575995 799096 859232 529928 493053 576430 619946 57515 880382 741074 731955 721212 85814 504384 466521 311150 513681 428315 964427 961761 698800 215585 459549 300856 819580 625894 818604 566518 280094 525190 175743 487404 491748 534499 390302 478245 806415 157098 370090
189857 999999999 809366 684197 793297 887932 163123 52563 278271 102284 702001 342357 321742 318586 859706 77016 352449 643333 1056680 560075 754715 113325 889025 182653 633067 678067 514362 576073 264339 1012722 116478 617295 506675 642979 273876 532279 727659 185681 283166 1060367 907676 200937 856836 405947 502946 604419 106794 595653 448803 777848 732905 660647 439832 106636 569174 548038 998606 462359 518700 713206 639111 664972 874656 969362 716420 682343 680646 809594 182651 1021912 748154 722220 903450 256344 645749 593178 485886 518228 478280 1092605 1089362 729886 251452 639518 486213 976507 577413 830398 748601 337019 493084 239654 655395 669771 672317 529942 667861 960699 98567 503067
620329 809366 999999999 324066 939246 247648 714428 761228 709031 902333 829064 835445 823222 490901 535334 883367 938532 692498 660243 376390 202232 823160 157560 747380 944032 296321 683866 999111 612920 577458 700560 802371 585584 454047 788231 403157 867071 679833 681137 454169 541792 695042 319462 847114 884647 251307 898819 348449 363424 758097 372472 171678 408572 838935 311536 374903 357983 423278 373412 505979 418910 635359 793234 698898 206810 167509 583287 32618 644098 565045 959035 994459 174272 572665 422220 482080 355437 826944 694217 689930 690716 868360 682939 218609 327986 437921 1003802 1000645 262905 655276 905037 650893 284976 313258 439676 443422 144344 446193 765461 470779
523862 684197 324066 999999999 615791 226314 542933 648850 487962 786363 507405 587280 581059 406508 257268 744843 696070 371971 437291 512399 131531 653874 279270 558757 635991 30524 385795 706106 590578 368839 603566 488448 293610 132342 561814 154380 544871 510399 463210 376218 286338 511378 173518 580963 596672 396026 745877 507024 353272 434921 71228 193783 447567 672664 441906 136164 318938 492549 167259 184540 99496 312206 477363 421750 446718 372079 259246 351412 571123 369483 638622 678227 285284 522493 101034 171099 220908 531905 405497 473370 471995 546068 478786 147461 268198 295733 711022 677162 517975 419442 620945 463616 57122 519730 115610 172290 297591 283315 680217 204895
771091 793297 939246 615791 999999999 791422 645198 799292 524959 867904 117284 461003 478643 749814 494082 798934 511996 251201 584198 1017210 744586 688925 877258 612836 195088 642942 322864 310975 906670 609859 804080 185756 401817 485300 520464 570649 78899 641108 531335 794804 530309 612515 698176 398128 308216 942930 769128 1029593 812019 201951 578978 789413 897238 703773 964630 594196 810779 949701 615940 441925 520721 303896 241721 439918 1028105 954020 357275 965354 826484 633280 71784 138562 877792 835964 517114 463833 678113 275683 344587 603096 597971 76970 563567 736766 748077 703983 314262 61400 1097004 491001 329945 597519 655832 1070780 500573 527424 884706 678003 862517 513762
713329 887932 247648 226314 791422 999999999 757529 847634 711918 988768 694758 813591 807301 585368 324712 953617 922383 567524 417422 584223 135196 869675 104343 777712 843237 219429 604730 922784 751147 334083 795737 692073 516869 341586 786966 374754 729127 723779 686424 215638 316903 728425 95642 806193 816656 452536 958677 564520 492041 593683 223508 258361 569861 887969 511972 351496 124995 601743 373799 353191 316660 501129 604662 475436 445321 387387 442732 279863 752945 319774 826640 874444 96307 692769 315187 390322 403014 749694 627706 445260 446405 729905 699765 256788 420320 190521 927761 851226 507624 644588 842037 680577 236002 546103 313857 397947 327732 200556 869883 430594
162613 163123 714428 542933 645198 757529 999999999 155595 120727 260164 547591 223296 201571 242908 701189 206411 279262 481393 897033 537704 628592 112324 772008 47433 500707 541040 353310 465741 297892 856049 162868 464117 343995 487749 146531 388613 575742 34765 121046 916526 749903 37828 716421 280111 373864 545738 203084 568090 376482 616469 585105 552281 403133 130441 525486 408207 861375 441374 383731 554238 487410 501852 712813 806814 659972 611715 518181 720393 203489 866372 606298 588783 784931 247924 493573 436075 366835 374849 318303 932673 929305 577978 88672 522014 386972 829126 468159 686974 705267 174086 370899 80987 521658 637130 518158 379546 581248 811786 217467 350362
140906 52563 761228 648850 799292 847634 155595 999999999 276137 142389 703061 359743 338310 271477 834814 129403 383739 634900 1032695 507526 713573 144281 844966 187283 647510 641012 507918 599067 213293 985599 64097 619347 490302 615908 286591 499151 730802 169147 275791 1024891 881865 191485 820367 421729 518227 552909 158559 543091 399335 770405 700496 615513 387609 143636 516940 513065 960431 409797 482111 689326 609531 651369 866129 950997 664553 631590 662740 760621 130093 993770 757993 736423 859718 203953 616440 568020 444679 526602 473509 1068938 1065873 733038 242919 596609 440516 943027 600789 839437 696176 326888 511125 222416 617252 617217 644255 500385 618970 928120 65218 475239
259123 278271 709031 487962 524959 711918 120727 276137 999999999 368133 426927 138597 120918 291938 610833 305981 231189 366137 802360 596540 591702 194431 742067 97329 387595 492521 236539 368156 398931 768474 279851 343393 244273 408986 79202 337439 455044 117916 27955 850227 660828 87806 658086 179832 265544 578536 290222 622245 409896 499928 518151 539064 460635 213366 570519 362157 805038 506167 347150 464696 416178 393134 597055 702849 689835 631873 416622 720298 309799 781025 487937 474219 753008 337297 421173 354441 353734 257336 200045 837079 833399 457281 44000 499885 394410 758462 371292 567861 743596 71965 267997 87347 478652 685238 440883 316132 588551 738862 338137 283879
282625 102284 902333 786363 867904 988768 260164 142389 368133 999999999 783143 408229 389587 413620 960263 69711 392921 734151 1156736 630354 855093 179989 987329 270804 697267 779948 604329 626824 325917 1113956 201817 697964 603820 744417 348883 634561 806221 285789 376805 1162560 1008533 297725 958870 472192 567798 687860 106555 667268 539482 867201 835167 757891 519436 164217 647830 650217 1100265 535100 620623 813516 741092 759699 964651 1066564 797439 768788 778092 900865 261973 1123433 817932 785844 1002046 336627 747680 694104 586124 592408 567121 1192500 1189180 808422 346495 738736 582863 1078790 627436 900708 824075 431632 553850 339231 756988 742031 773979 631977 759444 1062954 146323 604817
664069 702001 829064 507405 117284 694758 547591 703061 426927 783143 999999999 385272 399917 635832 417717 715591 455594 136912 540975 900099 637842 603155 775583 519522 183567 533420 209851 298797 797434 551583 702483 85191 284766 375479 434505 454164 38985 539899 429737 720999 460062 513013 604051 327038 252646 825886 689241 912326 695021 139336 476488 675757 780902 619424 847345 478165 726129 833446 499136 341687 410233 196163 220576 401529 912067 838261 253100 854297 720360 573461 132209 182908 777387 725536 407245 349871 560870 199167 235774 565566 560631 40667 462570 623101 630798 626615 303258 176605 980666 385200 279920 493324 544469 953618 393572 410799 769627 600782 764712 396580
382558 342357 835445 587280 461003 813591 223296 359743 138597 408229 385272 999999999 21810 429902 663552 338795 108905 371183 842704 734589 702193 231975 854771 178501 290980 597010 251052 242601 520464 821513 383304 301314 306610 487258 76770 446588 403660 237468 164736 929831 714115 205591 749543 64105 160808 716275 308130 760684 548196 490546 604906 664028 598532 245069 709096 473636 895677 643200 465314 524748 502829 418335 587464 726403 826856 767252 457584 848827 426681 837229 409706 380096 864247 465467 506268 432721 482710 187634 213976 875056 870859 405798 179242 621223 528842 834656 244929 492479 881610 180189 151420 222952 587720 823830 519235 416799 720783 812747 424961 384387
361192 321742 823222 581059 478643 807301 201571 338310 120918 389587 399917 21810 999999999 410887 665847 320385 116377 379282 847369 715503 693852 212180 846103 156691 311335 589763 256083 264401 498892 824106 361498 315370 305127 484589 55092 437919 419618 216246 147870 927990 716447 184479 745207 84205 181205 699423 290857 742003 530790 501462 601141 652090 579377 225871 691116 464576 891710 623583 454746 525352 498734 423818 598783 733399 810525 751804 460905 835966 404997 839328 428698 400486 855926 444361 502470 429756 469396 203945 218163 880145 876022 421779 160114 610196 513718 833303 266714 511397 864515 168474 172822 203523 579486 805742 516694 409678 706612 811771 403526 377106
131189 318586 490901 406508 749814 585368 242908 271477 291938 413620 635832 429902 410887 999999999 630550 392536 510815 525515 826668 304688 450205 341465 575204 285498 654921 392201 426950 655679 189764 767481 213545 566025 359645 413076 360645 276265 671877 211734 267929 775222 671961 237099 569865 469633 546158 303025 409518 331406 135281 654125 468455 344875 168698 355173 283939 279642 703106 215215 243351 496898 394961 513591 738480 772263 417338 372131 501955 492009 167770 771344 731561 734481 590383 117234 402699 379148 187210 518546 408039 863474 861225 673972 250782 329967 169747 701108 659190 803088 462701 279199 553875 207535 365038 397249 434637 296177 350378 689714 285224 284082
729556 859706 535334 257268 494082 324712 701189 834814 610833 960263 417717 663552 665847 630550 999999999 907028 766890 320272 198338 769645 337248 801442 425028 701323 591784 285665 414579 693431 820155 158455 801594 444379 367338 220687 667648 354286 445218 674488 593566 303355 50602 664454 229901 632447 607202 652150 897816 764009 602787 292308 186483 444039 699032 820778 699124 353593 318586 746156 390700 147018 235595 256039 283362 166955 693124 620566 207161 567002 783131 173728 542240 599929 420031 747430 227851 266836 458934 536624 450041 234932 232210 445394 619480 402697 517277 210176 698366 550110 763532 539553 636057 621129 314318 773514 196118 339290 546638 184191 878262 360734
265641 77016 883367 744843 798934 953617 206411 129403 305981 69711 715591 338795 320385 392536 907028 999999999 324713 670705 1102151 636535 821602 113345 958832 209297 627570 740667 540746 557746 338272 1062318 193448 630402 546071 694151 281086 591268 738011 236019 317254 1120130 955964 242620 918211 402691 498151 681186 41453 672292 524259 802692 789942 731897 516848 96217 646190 608965 1061666 539011 581570 760015 693298 699013 900357 1007822 793348 758617 720138 884363 259421 1072762 748457 716134 972888 333325 699574 642423 553739 523633 503053 1137562 1134099 740204 288611 708554 558389 1034044 558440 831246 825571 372355 484141 287301 719290 746511 724492 584912 742643 1017186 163248 556304
441262 352449 938532 696070 511996 922383 279262 383739 231189 392921 455594 108905 116377 510815 766890 324713 999999999 464639 941533 813093 810041 240448 962388 232004 323017 705464 352391 235896 571915 924129 422365 376677 414570 595604 153278 554166 466706 303462 259073 1037478 817305 274747 858362 137072 205421 806500 286440 841670 636619 574274 713611 767684 677248 245930 794170 580905 1004395 718338 571026 630522 611637 517138 668823 820233 918910 862473 559967 950674 476274 940587 451123 407322 972121 526925 615009 541229 583928 258654 317122 972937 968591 468666 264513 726295 625503 941971 236028 532450 970460 284662 182057 305080 695629 908002 627499 525268 819719 919757 446636 492777
573143 643333 692498 371971 251201 567524 481393 634900 366137 734151 136912 371183 379282 525515 320272 670705 464639 999999999 478946 773820 503030 557701 643822 463420 278880 397339 129960 373882 698999 470475 623255 127343 165883 239679 397889 320307 175487 466102 360423 616972 368245 444152 480043 327567 288569 693656 650938 783879 570375 135766 345799 538971 659942 575870 718087 343261 610356 712645 366255 216136 273959 67969 231419 355856 777041 702857 126278 717518 630594 489585 266792 308007 646586 624854 271293 213080 430893 218597 167932 509275 504818 176943 392770 486309 501547 520387 378850 312005 846147 308020 317730 414329 407727 822048 259704 277480 633544 495307 692106 266644
927738 1056680 660243 437291 584198 417422 897033 1032695 802360 1156736 540975 842704 847369 826668 198338 1102151 941533 478946 999999999 943308 482714 994931 520687 894942 724307 462037 591679 836373 1015840 83353 999926 590068 558110 418966 854511 550711 558080 871163 786673 277833 154731 859952 342223 804823 765267 819133 1091341 933310 790023 401815 367068 606729 884822 1014202 870982 547854 347450 929649 584784 343555 432248 424650 342889 144369 842648 774745 387819 692859 981055 100476 646223 711159 509799 943805 424620 464711 650604 696480 629236 36809 34795 557526 813784 573314 704576 232589 841072 629471 910256 732023 794561 817515 492080 933061 393576 537436 703848 217532 1076571 559057
386365 560075 376390 512399 1017210 584223 537704 507526 596540 630354 900099 734589 715503 304688 769645 636535 813093 773820 943308 999999999 470697 620123 521896 583393 947191 484594 700789 957567 304974 868047 444110 841139 615394 589823 664702 461968 938327 510225 572099 799678 797022 538347 617797 773229 845835 131759 665236 37968 205548 886217 583433 339349 136162 629608 73130 446094 708055 98420 414773 671924 558512 742504 955120 932920 192952 208917 711900 357092 377571 863250 1009966 1021667 539535 305813 565718 580884 344871 811595 690120 978166 977429 940241 555432 370096 274121 755913 961256 1074623 197680 578070 855551 512020 455443 112232 596965 501131 256670 754907 484053 507440
578476 754715 202232 131531 744586 135196 628592 713573 591702 855093 637842 702193 693852 450205 337248 821602 810041 503030 482714 470697 999999999 740916 152943 651460 767115 110210 514406 834706 617137 403294 660975 619953 419674 263680 668775 255972 674957 594406 565228 338086 349731 601085 147181 701691 723745 341541 828151 456052 359320 558473 170656 132583 441159 758871 397569 229875 256056 476667 246549 306053 230957 442005 591057 503184 360883 292031 387313 232516 617753 395873 769415 809697 162080 557822 232544 301369 268969 660456 531695 515691 515599 676092 575786 122082 285490 285370 839583 805840 429830 527411 747112 553494 114483 450651 244392 286641 221843 284426 734867 318470
233759 113325 823160 653874 688925 869675 112324 144281 194431 179989 603155 231975 212180 341465 801442 113345 240448 557701 994931 620123 740916 999999999 884058 100119 522886 652735 427757 462865 346206 958020 190983 517975 437214 592575 169001 499497 626379 146678 208259 1026085 850937 142616 827215 296024 392745 643060 96422 653135 476740 689397 693894 663049 489996 19357 616901 519781 972634 521877 495898 654573 594692 587415 787087 897263 757274 713538 610576 827852 252792 969446 640723 611955 897083 316454 600543 539511 478461 413250 389921 1029980 1026394 628583 182281 633853 495181 937489 464162 723344 797893 263051 381453 190266 633737 724945 623658 488162 687544 919478 206238 457985
706156 889025 157560 279270 877258 104343 772008 844966 742067 987329 775583 854771 846103 575204 425028 958832 962388 643822 520687 521896 152943 884058 999999999 797693 913856 261841 664952 985321 724489 437345 788710 764697 571462 408020 819767 408237 811415 737430 715219 297419 420191 746486 195372 854620 875312 391459 968317 497521 464658 683288 299119 230751 529957 901490 452470 381581 201105 554353 395153 435433 377862 579703 701265 578977 363543 315640 522533 187647 739434 422118 907782 951811 17640 673473 378282 450342 406140 811086 683545 547623 548967 812365 724126 250611 405505 290925 990230 937870 420327 679052 899085 699401 267293 468798 384501 439583 269057 303246 859600 471371
210028 182653 747380 558757 612836 777712 47433 187283 97329 270804 519522 178501 156691 285498 701323 209297 232004 463420 894942 583393 651460 100119 797693 999999999 461251 559318 333709 421066 344574 857945 204914 434983 337512 493105 102245 404731 545757 73818 108398 928777 750828 52340 731580 237520 332860 587221 196515 613230 417249 596935 596222 582376 448295 119458 569137 426427 877683 487555 405049 554459 496191 489809 694194 798599 701199 650750 511244 754797 249685 869469 570715 549918 809992 295352 501872 439765 395531 339376 296850 930057 926495 547988 82468 549227 421677 839292 423327 652233 748182 163406 328064 98303 541847 681528 524363 390777 617105 820890 251759 359994
646227 633067 944032 635991 195088 843237 500707 647510 387595 697267 183567 290980 311335 654921 591784 627570 323017 278880 724307 947191 767115 522886 913856 461251 999999999 657683 262106 119148 785863 732117 663557 151806 360402 505854 360992 545241 173571 504897 402044 892999 636779 473563 757855 227136 130176 895548 594280 965982 743960 322894 619947 779158 816948 535481 905304 572688 889213 867340 583578 494603 536574 346840 399735 585066 994077 924130 405055 965614 697370 753375 129012 89152 918117 721315 535726 466009 631749 136383 261068 749127 744195 174818 430712 727912 695973 797026 123095 209460 1058466 376697 144217 471151 661987 1017825 530652 502774 862198 771593 712503 479003
512915 678067 296321 30524 642942 219429 541040 641012 492521 779948 533420 597010 589763 392201 285665 740667 705464 397339 462037 484594 110210 652735 261841 559318 657683 999999999 404196 724505 573498 391448 593647 511540 309723 157969 567887 155365 571186 507851 466996 384732 312775 510746 179494 593767 613730 366747 743391 478346 330933 464067 99190 163288 423936 671292 413618 133002 321000 467765 159379 214549 123420 339075 507687 450917 416210 341608 287289 322991 558408 390727 664131 702270 269375 506985 126178 191680 205142 550251 421795 497808 496620 572434 480671 117616 246751 309069 729385 704339 487463 425602 637303 462865 30134 489823 144104 180213 267111 298772 669826 212691
456373 514362 683866 385795 322864 604730 353310 507918 236539 604329 209851 251052 256083 426950 414579 540746 352391 129960 591679 700789 514406 427757 664952 333709 262106 404196 999999999 320394 588114 571755 500184 140654 98519 263522 269565 283246 245076 340132 232312 692694 464946 316527 528164 218246 211927 638483 521219 716108 495320 263488 383536 517501 576799 445964 653043 310851 669753 628936 321658 281684 288819 167743 360516 478177 733891 663046 207576 704599 513229 588235 309213 324858 671042 515841 289720 215250 372678 146137 38664 624192 620038 247192 265049 466640 439336 596081 325294 376892 799468 181912 237694 290070 405056 763313 293002 241106 600244 572775 566666 216906
623157 576073 999111 706106 310975 922784 465741 599067 368156 626824 298797 242601 264401 655679 693431 557746 235896 373882 836373 957567 834706 462865 985321 421066 119148 724505 320394 999999999 762014 839244 625703 249480 415935 581314 319261 595957 292225 477908 389154 990556 740350 445786 842285 188565 115709 921650 520830 980269 760618 437138 699855 829668 823173 472198 923599 624209 979255 870893 628525 583643 608491 440647 517595 699331 1026443 960244 496682 1017920 668870 859648 241226 183941 991264 704327 608938 535247 666308 174266 305156 862488 857630 293556 411957 780581 724553 893797 5010 315348 1087058 379885 102019 455496 724458 1038094 609129 556228 903890 868896 664057 528334
139811 264339 612920 590578 906670 751147 297892 213293 398931 325917 797434 520464 498892 189764 820155 338272 571915 698999 1015840 304974 617137 346206 724489 344574 785863 573498 588114 762014 999999999 955267 155623 720916 535162 602793 443813 465893 831072 284290 383968 950986 861109 316411 747232 574343 664197 376600 371132 342264 260443 831547 655059 496806 206884 350717 329299 468131 873134 212002 431390 686391 584565 694595 919573 961540 479973 462219 687658 605198 95641 958285 878947 871283 741021 75122 592321 567733 369697 652816 562433 1052633 1050456 833254 355345 495094 332506 882003 764649 955559 500559 416667 664652 314901 544902 417031 624344 485507 469059 872268 179996 471766
874346 1012722 577458 368839 609859 334083 856049 985599 768474 1113956 551583 821513 824106 767481 158455 1062318 924129 470475 83353 868047 403294 958020 437345 857945 732117 391448 571755 839244 955267 999999999 949159 589975 525502 369867 826056 493923 573673 828332 750611 207036 107937 819737 260510 788975 759018 742192 1054280 856660 721934 415758 300849 529795 815384 977374 795339 487865 267655 858722 524191 303805 377540 409563 374391 185351 761941 695030 364210 610065 926064 24452 666762 729066 426536 884669 370282 420032 586884 688839 607738 112954 113405 573438 775806 499031 637022 150360 844093 660007 828997 696958 788140 775501 421574 853941 341428 485832 625026 134275 1026214 510388
82686 116478 700560 603566 804080 795737 162868 64097 279851 201817 702483 383304 361498 213545 801594 193448 422365 623255 999926 444110 660975 190983 788710 204914 663557 593647 500184 625703 155623 949159 999999999 620696 470407 581177 307149 457674 732559 162997 273072 978355 847343 192049 773096 442138 536585 489157 221175 479441 337684 758964 658609 558415 323515 195094 452844 469091 910825 346166 436309 658090 571689 633186 852835 925316 600571 568421 639121 699090 66584 956078 767696 751537 803816 139877 578892 536092 393180 536634 468373 1036461 1033617 734790 240569 542223 383292 899037 627864 847705 632127 318593 532824 210145 568643 553435 608087 463500 557633 885248 77145 440875
585573 617295 802371 488448 185756 692073 464117 619347 343393 697964 85191 301314 315370 566025 444379 630402 376677 127343 590068 841139 619953 517975 764697 434983 151806 511540 140654 249480 720916 589975 620696 999999999 230222 356988 349316 411320 111868 457775 347625 743497 490949 430143 606131 244758 179433 775666 604183 855902 635609 199922 469086 641592 717437 534233 792328 437484 737644 769540 453392 342800 388998 195293 292412 457018 867848 795613 253325 825475 641210 610230 168932 192449 768411 650288 387568 320774 509335 118056 159041 617728 612994 114101 380238 589441 577403 647120 254370 237067 934718 305567 208277 412726 518121 901608 380517 367825 730055 621888 681504 348324
413552 506675 585584 293610 401817 516869 343995 490302 244273 603820 284766 306610 305127 359645 367338 546071 414570 165883 558110 615394 419674 437214 571462 337512 360402 309723 98519 415935 535162 525502 470407 230222 999999999 181352 301146 184839 322933 322216 229115 623233 417620 306243 446104 290504 304079 545563 533547 628225 410255 296397 300673 418985 496983 456422 563785 212354 591007 549638 224328 222594 200634 162911 385699 462822 638110 566461 174280 606124 471019 538990 398332 420068 578407 460568 202971 127855 279242 242189 112083 592928 589291 324847 257666 368147 347899 528243 420756 459506 704617 174167 327628 268242 308547 671941 213058 142588 502568 506645 542901 119137
508888 642979 454047 132342 485300 341586 487749 615908 408986 744417 375479 487258 484589 413076 220687 694151 595604 239679 418966 589823 263680 592575 408020 493105 505854 157969 263522 581314 602793 369867 581177 356988 181352 999999999 475029 139198 413217 459127 388179 443786 266264 452134 265625 471331 475378 488569 688224 591677 403012 312220 120306 308435 499772 611900 524768 146359 409753 550047 181914 85388 35887 181431 368094 360434 556843 481525 132478 480074 562673 379026 506412 546038 412358 529169 31828 55058 253950 408112 288598 455606 452896 414468 410641 256537 320288 350238 586285 546698 627713 337126 501170 406867 171058 616854 32186 118751 408725 330036 657978 140718
306297 273876 788231 561814 520464 786966 146531 286591 79202 348883 434505 76770 55092 360645 667648 281086 153278 397889 854511 664702 668775 169001 819767 102245 360992 567887 269565 319261 443813 826056 307149 349316 301146 475029 999999999 413504 457379 161631 107104 918462 718119 130131 729959 135555 231665 653631 255983 692050 484015 525989 587982 618232 528549 184931 642760 438929 876942 571732 425330 523733 485434 435408 623807 746845 765790 709216 466694 799409 349917 839979 474278 449994 830424 389804 489892 419995 432912 244863 230912 888275 884350 459583 111535 578751 472508 825258 321644 556544 817978 142402 225895 153332 555178 757037 507190 389526 667157 804743 351678 356948
380942 532279 403157 154380 570649 374754 388613 499151 337439 634561 454164 446588 437919 276265 354286 591268 554166 320307 550711 461968 255972 499497 408237 404731 545241 155365 283246 595957 465893 493923 457674 411320 184839 139198 413504 999999999 493146 356262 311711 528879 396114 357026 327816 449321 481575 373695 591619 468115 267260 424694 201381 234563 363299 518284 401477 28308 473205 414501 47253 224494 118696 281652 494063 499562 458163 384939 250379 422395 432144 499490 576511 603079 418025 393221 126436 119096 118360 424202 291215 587519 585191 494820 325466 184652 188129 444279 600645 630742 526506 271652 502423 309245 141804 502391 158518 43612 318761 428981 534800 67622
696595 727659 867071 544871 78899 729127 575742 730802 455044 806221 38985 403660 419618 671877 445218 738011 466706 175487 558080 938327 674957 626379 811415 545757 173571 571186 245076 292225 831072 573673 732559 111868 322933 413217 457379 493146 999999999 569643 459490 748460 485730 541952 637584 343120 261500 864766 710236 950822 733122 157961 512317 714449 818438 642096 885947 517143 756952 870925 538087 376602 448166 232959 226537 416222 951050 877230 288978 892500 752497 596125 98083 155607 812870 759734 445021 388552 599618 216029 268654 580892 575875 2236 492105 661787 669455 655032 296356 137649 1019649 416869 286994 524381 582672 992434 430574 449774 808535 629101 793181 435401
145294 185681 679833 510399 641108 723779 34765 169147 117916 285789 539899 237468 216246 211734 674488 236019 303462 466102 871163 510225 594406 146678 737430 73818 504897 507851 340132 477908 284290 828332 162997 457775 322216 459127 161631 356262 569643 999999999 110194 884774 722756 32130 683917 290053 380752 513836 235584 539714 344095 601745 554018 517517 374842 164466 495319 375213 828479 414933 350027 527800 457374 482480 697170 784335 627930 578560 495659 685991 192833 838112 605619 591920 750414 228175 463712 408372 332116 375247 306916 907029 903763 571876 77574 487350 352539 798122 480622 685173 674435 158367 380412 54108 488041 607769 489092 348894 547099 781173 226534 320460
244624 283166 681137 463210 531335 686424 121046 275791 27955 376805 429737 164736 147870 267929 593566 317254 259073 360423 786673 572099 565228 208259 715219 108398 402044 466996 232312 389154 383968 750611 273072 347625 229115 388179 107104 311711 459490 110194 999999999 827763 643259 84306 634127 201875 283417 551666 304669 597190 383470 495425 495303 511267 436470 227530 544636 335992 780971 482809 320140 446888 393812 382903 591837 690617 662655 604284 402943 692350 297512 762575 497591 487356 726311 319737 399053 334089 325809 269074 197759 821729 818151 461722 32977 472363 366641 736696 392474 576338 716909 55101 288032 69109 452527 659443 419851 291935 560648 717513 335681 259973
897611 1060367 454169 376218 794804 215638 916526 1024891 850227 1162560 720999 929831 927990 775222 303355 1120130 1037478 616972 277833 799678 338086 1026085 297419 928777 892999 384732 692694 990556 950986 207036 978355 743497 623233 443786 918462 528879 748460 884774 827763 999999999 264518 883548 205503 908979 897337 668059 1119578 780153 696179 594096 332647 468976 779231 1045138 727250 512344 96315 813827 542820 411435 434058 549909 569551 390578 657603 602345 494545 484909 942338 183380 845190 903284 281795 887926 429092 498826 588179 826907 723749 292235 295352 748603 847114 458005 618590 96971 995541 848926 717003 778920 925384 836230 410521 760250 411605 538052 543325 121669 1054554 568863
774161 907676 541792 286338 530309 316903 749903 881865 660828 1008533 460062 714115 716447 671961 50602 955964 817305 368245 154731 797022 349731 850937 420191 750828 636779 312775 464946 740350 861109 107937 847343 490949 417620 266264 718119 396114 485730 722756 643259 264518 999999999 713345 226057 682671 656003 676139 947268 789316 637316 330025 215268 465213 732769 870283 725507 393150 291962 778607 430105 196383 277825 305101 308542 158880 709780 638856 257421 574037 827050 123290 581701 641129 413208 789116 270253 314498 496380 585516 500543 191528 189375 485760 668835 427475 551744 176427 745260 584523 779311 589420 684956 669608 342425 794531 239663 384057 565898 150924 924200 406927
177392 200937 695042 511378 612515 728425 37828 191485 87806 297725 513013 205591 184479 237099 664454 242620 274747 444152 859952 538347 601085 142616 746486 52340 473563 510746 316527 445786 316411 819737 192049 430143 306243 452134 130131 357026 541952 32130 84306 883548 713345 999999999 684656 257933 348903 537201 236639 567105 366993 579400 551515 530219 402535 161598 521029 377744 830224 443867 355039 517453 452872 464053 675553 769064 650927 599418 480462 702490 224676 830350 575683 560857 758966 259890 458876 399963 343496 344822 282045 895516 892119 544188 51479 497554 369448 795296 448507 655667 699160 136485 348325 47883 492427 634201 482817 345771 564964 777561 251777 315930
692186 856836 319462 173518 698176 95642 716421 820367 658086 958870 604051 749543 745207 569865 229901 918211 858362 480043 342223 617797 147181 827215 195372 731580 757855 179494 528164 842285 747232 260510 773096 606131 446104 265625 729959 327816 637584 683917 634127 205503 226057 684656 999999999 736568 739391 488685 919389 603155 495463 499330 145476 278938 582322 846050 544668 309263 147004 620455 338347 264058 246727 412724 509028 384892 501715 436038 354088 352031 736864 250897 735433 785066 190150 683100 243530 318258 382743 670937 554206 373464 373826 638277 651031 258778 415551 139156 847287 757593 568497 588191 765762 636950 205022 595568 235233 342196 367938 137265 849177 374240
435092 405947 847114 580963 398128 806193 280111 421729 179832 472192 327038 64105 84205 469633 632447 402691 137072 327567 804823 773229 701691 296024 854620 237520 227136 593767 218246 188565 574343 788975 442138 244758 290504 471331 135555 449321 343120 290053 201875 908979 682671 257933 736568 999999999 97002 745417 371429 797398 580371 439354 591105 675506 637947 309170 742905 477265 881039 684652 473891 499165 490912 380793 535024 683200 853560 790757 425287 862660 482035 805935 345769 316285 862961 515807 493438 418353 500283 127900 185262 836042 831675 345218 223496 629909 552423 812744 191582 428562 911221 200568 90789 267164 587633 857759 502599 415143 739771 789862 486902 383775
524417 502946 884647 596672 308216 816656 373864 518227 265544 567798 252646 160808 181205 546158 607202 498151 205421 288569 765267 845835 723745 392745 875312 332860 130176 613730 211927 115709 664197 759018 536585 179433 304079 475378 231665 481575 261500 380752 283417 897337 656003 348903 739391 97002 999999999 806765 465652 867585 647057 379305 595206 714738 712374 405503 809974 509869 879551 761035 513272 486538 500546 351177 470345 635182 911007 844588 403498 903024 573564 777939 251536 219309 881906 602591 501591 426867 550614 70654 192195 794154 789519 263432 309451 666043 609212 800371 120134 334222 971998 267862 29294 351760 612285 924224 504521 442557 788219 776168 583338 413993
416783 604419 251307 396026 942930 452536 545738 552909 578536 687860 825886 716275 699423 303025 652150 681186 806500 693656 819133 131759 341541 643060 391459 587221 895548 366747 638483 921650 376600 742192 489157 775666 545563 488569 653631 373695 864766 513836 551666 668059 676139 537201 488685 745417 806765 999999999 703844 114588 170271 795430 465849 212462 170298 655760 61066 352787 576296 174062 327402 566519 454871 654130 856663 817656 114332 87283 616880 236386 426008 736289 943862 963315 409092 351241 461500 488803 266334 763432 634537 853381 852883 866525 542111 249456 199594 626026 925761 1002365 165807 544979 820557 501707 339046 128938 490912 416186 124912 625948 544058 429474
287063 106794 898819 745877 769128 958677 203084 158559 290222 106555 689241 308130 290857 409518 897816 41453 286440 650938 1091341 665236 828151 96422 968317 196515 594280 743391 521219 520830 371132 1054280 221175 604183 533547 688224 255983 591619 710236 235584 304669 1119578 947268 236639 919389 371429 465652 703844 999999999 700379 543298 781181 787931 743624 542250 77141 671398 610797 1064063 567169 585203 750920 689509 682612 878997 992969 816908 779233 706717 901209 287757 1065563 716812 682401 981918 360083 695496 635433 562234 494795 483009 1126370 1122775 712408 278474 717707 571903 1031836 521351 799604 851672 359405 450314 283468 723246 774141 719138 582237 759744 1014194 200400 552563
419506 595653 348449 507024 1029593 564520 568090 543091 622245 667268 912326 760684 742003 331406 764009 672292 841670 783879 933310 37968 456052 653135 497521 613230 965982 478346 716108 980269 342264 856660 479441 855902 628225 591677 692050 468115 950822 539714 597190 780153 789316 567105 603155 797398 867585 114588 700379 999999999 222029 892777 577527 326867 164965 663098 66949 450366 687328 133294 420892 672216 559277 749675 958791 928674 157867 182146 716543 327356 413016 850862 1024834 1038765 515120 340444 566261 586252 353114 831020 707265 967690 967145 952689 581918 361912 282343 740214 984063 1087713 159717 600388 878282 538892 449902 74786 596800 508640 237255 740418 520945 517260
258951 448803 363424 353272 812019 492041 376482 399335 409896 539482 695021 548196 530790 135281 602787 524259 636619 570375 790023 205548 359320 476740 464658 417249 743960 330933 495320 760618 260443 721934 337684 635609 410255 403012 484015 267260 733122 344095 383470 696179 637316 366993 495463 580371 647057 170271 543298 222029 999999999 686790 422960 236380 96918 490415 162981 256667 615165 147276 221577 487880 375582 542726 760449 758915 283971 236872 516806 361416 280761 721654 804459 817010 481012 210549 383257 385703 149302 609120 485434 826299 824789 735052 372489 238180 85591 633154 764533 869204 333970 381167 658819 331635 300947 277604 415832 302808 219982 626097 402161 305336
707802 777848 758097 434921 201951 593683 616469 770405 499928 867201 139336 490546 501462 654125 292308 802692 574274 135766 401815 886217 558473 689397 683288 596935 322894 464067 263488 437138 831547 415758 758964 199922 296397 312220 525989 424694 157961 601745 495425 594096 330025 579400 499330 439354 379305 795430 781181 892777 686790 999999999 388873 620431 779607 707181 826065 443131 608896 832075 471941 252438 347944 144064 97827 262338 868688 793430 179985 786134 765304 438312 251983 313319 682592 756960 342763 306888 541393 316364 300119 426233 421302 157691 527954 568723 612097 502392 441697 259345 939357 443532 408022 550087 481550 924345 320090 385139 720903 476403 827846 381931
580769 732905 372472 71228 578978 223508 585105 700496 518151 835167 476488 604906 601141 468455 186483 789942 713611 345799 367068 583433 170656 693894 299119 596222 619947 99190 383536 699855 655059 300849 658609 469086 300673 120306 587982 201381 512317 554018 495303 332647 215268 551515 145476 591105 595206 465849 787931 577527 422960 388873 999999999 259738 517888 713015 512695 190327 290784 563377 225441 137307 102613 280790 420955 351931 511513 437701 223415 402055 630259 303227 608694 653671 301062 585349 98677 172861 286083 527390 408882 403349 401830 513279 514477 216487 337547 244105 704844 639877 582525 447238 621230 504464 127990 588224 90785 205746 363291 227806 735673 236245
476005 660647 171678 193783 789413 258361 552281 615513 539064 757891 675757 664028 652090 344875 444039 731897 767684 538971 606729 339349 132583 663049 230751 582376 779158 163288 517501 829668 496806 529795 558415 641592 418985 308435 618232 234563 714449 517517 511267 468976 465213 530219 278938 675506 714738 212462 743624 326867 236380 620431 259738 999999999 311519 679713 266294 206691 382985 344858 202124 375639 272593 487571 669421 610712 252948 178351 440910 188286 508690 524246 802959 834023 246412 443271 277668 325897 187112 658633 525524 640922 640435 715914 514712 52663 175150 417705 834303 850575 324219 483923 734537 484757 140250 329648 302048 276426 103842 415775 628890 301918
257330 439832 408572 447567 897238 569861 403133 387609 460635 519436 780902 598532 579377 168698 699032 516848 677248 659942 884822 136162 441159 489996 529957 448295 816948 423936 576799 823173 206884 815384 323515 717437 496983 499772 528549 363299 818438 374842 436470 779231 732769 402535 582322 637947 712374 170298 542250 164965 96918 779607 517888 311519 999999999 500727 129342 353471 694488 52705 318104 584726 472499 635671 855245 855765 278005 255353 611889 399213 258610 814238 885513 893643 547079 183859 480175 481133 245874 680806 563063 920936 919544 820432 419335 323551 181873 721080 826779 953141 309496 444546 721215 375877 393810 235076 512747 397507 266284 715489 374647 397685
243652 106636 838935 672664 703773 887969 130441 143636 213366 164217 619424 245069 225871 355173 820778 96217 245930 575870 1014202 629608 758871 19357 901490 119458 535481 671292 445964 472198 350717 977374 195094 534233 456422 611900 184931 518284 642096 164466 227530 1045138 870283 161598 846050 309170 405503 655760 77141 663098 490415 707181 713015 679713 500727 999999999 628295 538376 991356 531232 514171 673917 613919 606183 804919 916213 769841 727287 629689 843179 258765 988802 654551 624420 914624 324775 619788 558859 495653 428217 408005 1049230 1045636 644293 201637 651140 510967 956663 473318 737264 809317 282271 393188 209125 652085 735384 642968 507273 702572 938701 202922 477170
385641 569174 311536 441906 964630 511972 525486 516940 570519 647830 847345 709096 691116 283939 699124 646190 794170 718087 870982 73130 397569 616901 452470 569137 905304 413618 653043 923599 329299 795339 452844 792328 563785 524768 642760 401477 885947 495319 544636 727250 725507 521029 544668 742905 809974 61066 671398 66949 162981 826065 512695 266294 129342 628295 999999999 383484 636121 119733 354287 605491 492462 683104 891842 863238 150687 145271 649640 295221 387750 790347 961205 976646 470100 313108 499475 519441 287194 771077 645545 905706 905023 887792 531630 298140 216669 682801 927513 1023066 181023 544082 821794 489496 384816 114876 530129 442267 185063 681784 502376 451603
390593 548038 374903 136164 594196 351496 408207 513065 362157 650217 478165 473636 464576 279642 353593 608965 580905 343261 547854 446094 229875 519781 381581 426427 572688 133002 310851 624209 468131 487865 469091 437484 212354 146359 438929 28308 517143 375213 335992 512344 393150 377744 309263 477265 509869 352787 610797 450366 256667 443131 190327 206691 353471 538376 383484 999999999 453267 403692 37108 231272 120050 301343 509044 504053 433936 360141 266197 394317 439966 492097 601797 629535 391733 396862 127849 136244 107837 452310 319388 584628 582524 518772 348311 156462 174264 430214 628902 654589 502886 297587 530729 329863 116535 481709 160605 70002 292747 416158 546024 95890
