NAME : synthetic_000615
TYPE : CTSP-D
DIMENSION : 100
GROUPS : 8
RELAXATION_LEVEL : 1
EDGE_WEIGHT_TYPE : EXPLICIT
EDGE_WEIGHT_FORMAT : FULL_MATRIX
EDGE_WEIGHT_SECTION
999999999 569314 811089 836879 889303 786290 1061513 408863 814582 673787 757954 762626 539835 360758 366920 715294 653366 81517 908607 364115 274201 238225 827163 237751 916604 587062 397272 81255 966004 69142 190086 514820 585134 230752 137550 827840 293457 294538 1062098 696799 580263 615394 765707 797752 876826 982820 513642 622932 967193 600312 551614 644869 582224 663183 749802 639560 398050 316453 981429 747329 574147 517713 676922 814497 280976 346630 1178456 1028311 495640 776594 640799 761185 415395 261734 631705 562262 316276 412463 452983 905325 943521 930027 716649 271992 121766 601023 340033 763578 668104 850922 731433 592579 861944 828086 471971 681087 396383 968669 753879 502132
569314 999999999 258878 476949 358391 472586 492336 252002 495335 156790 542257 611479 591017 408635 209486 178934 401100 632954 399194 232417 300984 379688 268134 340030 361346 490838 181811 580486 407550 625274 561823 555684 242295 359615 552763 578866 284376 366293 535956 280975 273208 130335 219009 596625 321505 512261 266942 302277 408744 211307 188733 451694 139037 189429 181441 559422 415960 349481 428980 625790 47660 285690 450696 582000 527575 375835 618204 460901 139847 307467 114002 227305 379884 483978 79824 397801 433805 315660 117200 350087 380620 511256 561474 582495 452884 122424 291441 356788 470112 724266 401722 349903 610808 296656 164764 190155 299945 423621 493181 307111
811089 258878 999999999 578252 316913 603713 286975 430911 617498 276012 509728 788475 825065 662834 465267 97828 582656 866775 378868 491092 536926 637300 199611 592454 258493 705715 413879 831352 278623 860744 819775 791710 299239 614638 808269 720299 538503 625094 452237 414564 328927 310351 46152 756415 65799 508981 373321 321367 156357 402073 406992 643734 239909 329918 142183 767409 665944 541816 313289 811073 280062 385044 447349 526542 785992 548970 449166 229635 320338 167530 170470 256566 627809 673757 183384 612546 610071 565961 371673 251741 137274 558799 745218 841253 690490 315501 492645 463185 656115 894783 346438 550975 745388 64060 416530 154108 468162 164766 448497 537867
836879 476949 578252 999999999 307270 69173 571637 699685 56476 334273 1013790 273915 466978 490657 534027 574338 191617 917685 259204 508289 658449 599468 389901 621751 392032 324311 592668 800169 424808 905804 714853 453780 717879 615494 742072 161039 579817 542436 366763 196070 749646 346655 573694 217366 599237 214190 741417 775615 635852 283409 329468 229973 612649 289134 440191 336991 459880 766323 405052 308583 430534 760364 925290 1048812 623367 807290 560468 609879 608804 720719 556602 322012 430670 881777 515939 290503 854092 424436 509900 388630 598129 115225 258009 676067 761440 355671 710369 122096 217418 351883 862486 245237 175846 642100 417128 626932 746777 689566 960692 334838
889303 358391 316913 307270 999999999 356434 268497 609637 359075 217543 813692 566966 694305 616797 526076 354464 400224 961949 62513 525240 642368 663883 120242 651630 84893 550980 534026 880038 121150 952445 827374 669311 551662 660389 836175 466953 596584 624338 178130 235653 585479 274348 330979 518203 316608 192075 604000 595752 335372 304672 346291 463011 453670 228328 213902 592469 601393 707342 111807 597868 331583 621032 739332 836761 759123 734089 306213 302624 493287 481122 375156 132680 562218 840946 346471 474453 792186 520382 454220 82600 298907 253396 537284 817504 784051 288851 648903 227471 464522 656543 651214 405567 483059 378679 417779 421268 657049 393154 754220 448615
786290 472586 603713 69173 356434 999999999 624269 679744 28541 343198 1014370 212362 398078 433756 502120 588800 133444 867569 314728 472212 623998 550857 425221 579128 439822 256335 569291 745533 476679 855413 656223 385600 714862 570145 685897 116728 541039 492088 432373 197263 745383 343635 594088 161906 631087 282427 731051 774612 675266 266533 306872 163161 611045 292601 462478 267919 401152 738138 460014 245433 425062 750003 923280 1052287 562509 781276 623787 656933 597381 736605 562443 348278 374603 847821 520885 230264 824870 375663 489540 435122 637207 184337 191141 613843 717214 350224 683993 141420 149053 301156 868043 194634 142714 666678 389934 636103 725594 726111 963610 287558
1061513 492336 286975 571637 268497 624269 999999999 708204 625288 414686 768961 835375 952088 844514 697582 379021 664012 1124904 312643 711276 792304 859405 249796 829281 189170 812120 670303 1068871 147606 1117432 1036289 924569 586211 845703 1035184 732530 772860 832125 272074 491397 615749 472109 329764 785658 233243 405654 659523 605826 171221 536299 565844 727686 519599 451358 311944 857854 836040 818015 167798 866365 490252 671740 720635 773985 982359 830098 172905 79938 591742 431020 441393 337084 796037 952388 437223 729796 891341 744434 608598 196721 161250 498037 805571 1040538 945049 484184 765027 495208 730848 923039 611257 660705 746090 315308 613855 440783 748813 227787 707374 686950
408863 252002 430911 699685 609637 679744 708204 999999999 705984 405886 410122 769615 663223 436941 204933 333338 577034 450120 651151 248933 159441 324413 511828 253850 604916 612362 113803 451713 647639 446305 483603 626929 176456 285094 452141 770760 227765 353571 786431 508014 175148 365999 384914 772458 495456 761882 111320 219857 585134 416448 372944 609547 191002 428140 416020 683681 463834 110920 672736 773663 286760 121622 314774 463319 497270 125311 852422 659498 119051 369404 266812 479256 443385 244185 276203 533478 185488 386060 190333 593952 568129 751406 716642 537119 288825 353568 68869 586909 632440 881282 335978 512923 805463 434091 292701 284660 48413 575859 384664 434076
814582 495335 617498 56476 359075 28541 625288 705984 999999999 361912 1036380 217440 418111 461358 529903 606406 161444 895888 313561 500368 652084 579313 434695 607648 443386 278694 596006 773374 478017 883712 683308 407312 737596 598684 713499 108002 569406 520461 423148 217156 768446 365694 609701 161498 642389 269561 755491 796890 683304 291458 333043 187382 633319 312664 477170 284917 428392 765613 459440 252163 447980 774455 945905 1073543 589002 808489 616925 661151 621927 753921 582637 361133 402406 875923 541265 257424 852497 404152 515680 439359 645363 167630 202829 639802 745755 372917 711213 154423 171392 297769 888623 223144 128311 680873 417014 655423 752066 735500 984976 316097
673787 156790 276012 334273 217543 343198 414686 405886 361912 999999999 680217 514519 559207 429994 308874 246206 306846 745278 248620 310711 425077 454013 165084 436085 246073 432524 320048 668819 296594 735997 625434 527849 388013 446806 628895 457111 380432 420659 394575 146241 420834 59446 257180 486685 319258 356147 422076 443528 387727 130838 151776 367726 282551 54199 137056 492236 423068 496595 308578 535878 119492 440584 593310 714563 567825 527401 507511 408227 296598 394133 222338 87437 383117 628113 181906 340761 583299 329821 238006 235079 351700 356371 469956 626096 566820 73266 437777 212185 380293 622959 528260 276548 485689 334968 205438 293595 454226 424138 626532 278382
757954 542257 509728 1013790 813692 1014370 768961 410122 1036380 680217 999999999 1145552 1069570 845964 607507 459865 938824 766972 872235 652119 563444 732349 693628 660523 766318 1004028 510529 821353 788296 768863 877636 1033026 301235 691904 838405 1120987 637887 763692 961569 819897 273659 670788 484939 1136290 542888 1001456 310014 240008 599422 752716 723313 983544 403390 725039 603188 1075503 871086 454218 823011 1155576 589915 293916 96892 56553 903892 414451 941271 693351 433323 343937 458634 714996 847465 505407 498340 917281 442707 786479 559102 758597 608689 1029287 1093779 939428 655833 664289 460408 891828 1004107 1258858 163483 881794 1153061 460739 665124 395664 391106 551614 61767 818178
762626 611479 788475 273915 566966 212362 835375 769615 217440 514519 1145552 999999999 260627 406395 568902 757128 211329 842774 527045 528528 672969 551260 625157 601873 649145 177157 655944 703970 687800 829810 597381 267378 845185 582750 639323 127553 581303 490593 640382 374607 871895 495608 771695 64333 823802 485115 843620 907555 876127 403018 423925 162113 748339 460363 646516 126854 368131 801127 672098 36611 565155 861899 1050295 1189316 496228 849090 834320 864686 713266 903698 716517 541259 361885 887404 675113 236897 880981 397899 590329 643724 838041 380410 53011 534187 724528 497119 755149 343312 141680 113309 1012771 263793 142579 849006 482948 793724 809904 923413 1100890 335581
539835 591017 825065 466978 694305 398078 952088 663223 418111 559207 1069570 260627 999999999 229460 462072 765152 297970 615617 674137 417483 528830 371139 710544 438092 764259 146299 559093 470846 811290 602565 358086 36623 785757 410780 406178 370005 440645 320273 814554 461147 804923 515514 795360 316437 875708 675772 759751 847183 946932 428369 418089 241253 707990 510843 694541 139873 199469 659766 806101 233010 554252 775656 972809 1120144 259518 709406 993126 960933 646801 898243 705019 620010 222699 714581 668634 222461 725979 286063 522006 755856 910753 582164 233925 285275 531229 509608 627512 475078 249960 322048 963579 291408 395263 876260 428843 780384 692898 981587 1035878 287609
360758 408635 662834 490657 616797 433756 844514 436941 461358 429994 845964 406395 229460 999999999 242036 587545 300561 442074 617472 198951 299390 148324 594721 210287 668615 229275 338105 312581 719075 429381 224915 194355 571640 184993 252147 467247 211680 91898 771272 389671 587482 374016 626135 437699 721336 663330 537675 631238 802643 313135 278724 284891 505472 395665 550595 289109 38273 430495 723885 395319 382795 552629 749660 897865 142764 480154 922544 835730 434511 706394 519005 509576 60310 492741 488422 204537 498818 100267 316692 658366 769774 593868 358190 200877 319448 363255 398396 439895 307763 502929 749585 247176 501223 705020 246309 589015 464494 826526 815535 171398
366920 209486 465267 534027 526076 502120 697582 204933 529903 308874 607507 568902 462072 242036 999999999 376699 386496 436622 551023 44638 125663 172667 460283 131699 549805 407903 97049 371760 599101 427574 355109 425520 329841 150135 343492 581604 75338 172860 701740 359167 345513 251966 422710 576667 529339 639671 297710 389202 617615 259265 209145 411460 271383 305377 385772 479053 264166 237395 615005 570978 207861 313606 510737 658203 333673 283012 811565 669855 194172 476929 302465 395854 240149 347816 281920 332009 323027 181216 93594 538512 590050 605820 515910 384508 257981 237413 187014 435122 435095 679383 507623 320220 616959 495439 119867 363051 241780 629086 574624 234367
715294 178934 97828 574338 354464 588800 379021 333338 606406 246206 459865 757128 765152 587545 376699 999999999 546647 769748 412406 406175 441127 549366 235046 500777 315154 655820 318688 738060 346328 763906 731763 730467 212158 524348 717606 703257 448119 542031 511129 392364 244231 262934 51685 732199 163206 541634 281415 245575 253681 357082 350857 604068 142429 299071 143689 721419 594573 444202 378038 776189 210968 294669 385285 485843 704105 452476 534304 326330 222725 147929 75199 259383 558013 576633 99123 561869 513679 494182 283756 306099 234837 574505 710440 757935 594286 263902 394817 453628 619308 867183 298645 505848 731469 119009 343143 68680 371415 254464 401225 478218
653366 401100 582656 191617 400224 133444 664012 577034 161444 306846 938824 211329 297970 300561 386496 546647 999999999 734735 376512 352049 503602 419030 433789 451194 474858 152140 463755 612100 519631 722505 523843 277399 637706 440202 552641 195136 416940 359615 517233 176662 665565 284464 563248 197958 622320 384350 641735 699673 681669 191700 215513 64104 538885 252770 441859 194351 268683 623860 511540 229661 354388 660377 844494 981194 431752 669259 695530 681721 509260 692741 505203 345190 241208 726369 463785 98934 708672 244594 390652 467444 643976 300762 163821 484622 587501 285791 572547 177220 73459 323427 802786 66708 230464 641744 284598 582395 620498 724785 892531 159154
81517 632954 866775 917685 961949 867569 1124904 450120 895888 745278 766972 842774 615617 442074 436622 769748 734735 999999999 983444 438094 332732 318425 895139 311349 985789 667690 455621 145862 1034629 13070 259902 591970 623548 307885 209618 909244 365467 375610 1136161 774640 614651 687610 820901 878702 932554 1060707 548028 655179 1023127 677236 627999 726344 632535 737438 814319 719051 479227 347625 1051424 826787 641571 549470 692361 823113 356099 368265 1247028 1088137 547520 819416 696401 832419 496907 261582 690890 643779 326289 493261 518433 974469 1001271 1009812 797261 340034 180240 673126 381970 842602 749547 929512 757614 673678 943295 879236 546170 730505 429803 1020782 769429 582856
908607 399194 378868 259204 62513 314728 312643 651151 313561 248620 872235 527045 674137 617472 551023 412406 376512 983444 999999999 545352 671304 677893 180637 672105 141736 528647 568667 893918 166814 973413 834130 651611 604486 678136 846760 420226 618483 634120 154954 228182 638346 300362 391408 474730 379022 130411 653103 650855 394953 312122 358314 436939 504089 246184 269822 563962 598555 744849 145900 559531 367288 670607 796043 896515 760224 774306 319026 355616 537195 542160 427732 172642 560480 876727 396352 459120 831092 524663 486228 141829 359111 193626 501591 818130 807854 314844 686074 199356 435415 610987 710325 391843 433470 440939 437284 478140 699140 453701 813220 446556
364115 232417 491092 508289 525240 472212 711276 248933 500368 310711 652119 528528 417483 198951 44638 406175 352049 438094 545352 999999999 151959 148758 468762 126781 555621 365076 141611 359180 605682 428122 329800 380920 372749 136221 324138 546585 74376 136403 698259 342278 389294 251793 450067 538751 553911 626675 342271 432680 640692 242674 192429 372984 309425 299392 401202 435965 219887 273734 619199 529426 221985 358227 555334 702722 298672 320921 817603 688115 235682 513529 333382 398120 195515 375656 308939 291832 356985 137188 123685 544447 611526 586116 475625 351788 264146 237567 226691 415551 396911 638200 550780 285370 582070 525180 108083 397943 284403 655712 618943 196266
274201 300984 536926 658449 642368 623998 792304 159441 652084 425077 563444 672969 528830 299390 125663 441127 503602 332732 671304 151959 999999999 169518 566285 97306 658335 503005 123373 302326 706144 325643 324512 493686 329376 128602 295276 697654 92172 209269 819644 484729 332879 370944 491508 687340 602682 763926 270635 378039 693099 384889 334806 521443 310167 427421 482405 571738 331703 131627 725069 670698 313790 280869 470101 618022 340473 181226 917942 755800 223128 510228 366600 510291 320353 223843 358584 438266 208034 275143 189436 646998 669902 731483 620519 378197 153855 356461 103412 560782 545625 780074 495169 436894 733176 554666 245480 409073 172598 694784 542172 346310
238225 379688 637300 599468 663883 550857 859405 324413 579313 454013 732349 551260 371139 148324 172667 549366 419030 318425 677893 148758 169518 999999999 615154 72273 700041 374456 249135 216265 750464 306745 182531 337961 482660 41450 175805 601039 105354 61179 832509 460757 491630 394573 595156 577815 700897 746265 433474 536860 788424 366538 319608 417544 439315 435623 549885 436824 185781 294440 762111 542167 370718 445622 638265 786549 173064 343412 961441 836870 356565 645444 475067 540785 190169 344971 454152 332840 355260 175351 265937 688995 759786 691811 501475 217087 173492 380883 272917 525826 441551 650411 655657 356352 635987 668088 248591 533801 342004 801442 709061 264665
827163 268134 199611 389901 120242 425221 249796 511828 434695 165084 693628 625157 710544 594721 460283 235046 433789 895139 180637 468762 566285 615154 999999999 591014 93433 575272 449727 827929 139862 886664 789280 681301 437056 604698 790768 541259 534579 584614 280978 257128 470666 223253 210883 584685 209955 311043 494210 478349 251035 287903 316051 497794 343248 202828 99170 627489 586525 615171 161293 652181 253569 510454 620306 716530 732908 637138 351940 250433 393118 361530 262390 90544 546519 750438 238885 488387 696900 494667 377303 82294 212928 360049 587878 791177 715060 235897 558017 284448 504976 724633 531020 420226 562791 262807 367316 302588 557748 300939 634038 438534
237751 340030 592454 621751 651630 579128 829281 253850 607648 436085 660523 601873 438092 210287 131699 500777 451194 311349 672105 126781 97306 72273 591014 999999999 679574 427223 188629 240459 729241 301341 237462 403862 416721 31392 217186 640363 56516 118395 825024 465829 423715 377643 548722 622929 657295 751398 363928 469021 746415 367198 317452 458835 381821 426172 517456 493078 245415 223311 744007 595910 339417 375399 566783 714916 243707 272629 941575 800889 296513 586967 425655 523502 241153 285956 409395 373795 288532 208900 222935 668326 719853 706202 550583 283859 140409 363273 200718 536666 483163 705056 587351 385640 675764 618252 234862 478762 269879 754898 638160 292293
916604 361346 258493 392032 84893 439822 189170 604916 443386 246073 766318 649145 764259 668615 549805 315154 474858 985789 141736 555621 658335 700041 93433 679574 999999999 623368 542728 914461 50708 977071 870729 737478 523338 691840 874959 551349 623354 666053 196255 303130 556557 305517 281905 601723 245580 262800 583828 560707 253421 356169 391281 538516 433211 273003 190018 668692 656914 708585 67882 679312 344799 599562 698268 784862 809219 730221 262035 217871 486065 425975 351560 160327 617100 843867 330776 542371 790116 569672 469021 11339 218074 335352 617684 867704 805971 319160 651450 307098 541816 740500 602845 473178 567858 315961 451450 383809 650586 312832 705562 505489
587062 490838 705715 324311 550980 256335 812120 612362 278694 432524 1004028 177157 146299 229275 407903 655820 152140 667690 528647 365076 503005 374456 575272 427223 623368 999999999 500420 531253 669341 654795 428410 129515 708587 406853 467267 251179 410840 314062 668257 320935 732105 396175 680333 211948 751759 530412 696093 771222 817862 303662 305277 95500 619769 381028 569539 71601 191026 633204 662606 168689 448756 713591 907451 1051128 328406 682029 847668 825330 571471 796192 603054 485013 186156 713174 563808 93952 710263 229269 445067 615426 780850 439000 129588 372705 547541 392925 590658 329355 107392 277929 882839 156356 282370 760848 340716 680392 649428 856577 964050 187035
397272 181811 413879 592668 534026 569291 670303 113803 596006 320048 510529 655944 559093 338105 97049 318688 463755 455621 568667 141611 123373 249135 449727 188629 542728 500420 999999999 420355 589305 448795 425799 522529 236278 216262 404816 657935 143910 263222 712149 404941 249735 271969 368658 658755 479585 671034 200665 294017 569923 309561 263621 495748 193360 332769 362157 571920 361145 178460 610166 660420 202464 216679 413729 561154 419246 215337 799969 632578 108004 398361 243815 401368 336964 308081 235316 420073 266521 276812 85095 531435 546532 651418 602990 466122 277227 258256 120049 483659 518640 767780 412921 399318 692792 433756 180142 291040 156937 572901 477741 320496
81255 580486 831352 800169 880038 745533 1068871 451713 773374 668819 821353 703970 470846 312581 371760 738060 612100 145862 893918 359180 302326 216265 827929 240459 914461 531253 420355 999999999 964664 132971 114043 448371 627455 223381 65035 777581 296443 262746 1048634 674649 626388 609488 787015 743167 896545 958827 560737 670433 986069 582151 535747 596782 611819 651838 757344 578787 347684 370965 977322 686198 578626 567020 736760 877851 211658 407044 1176277 1041346 524815 812461 662882 755949 370970 335530 648887 517092 384246 379823 463358 903330 960021 898760 660275 194549 166946 595558 384331 736502 619146 787166 782988 554972 810810 854057 463575 710490 446683 992524 813114 468590
966004 407550 278623 424808 121150 476679 147606 647639 478017 296594 788296 687800 811290 719075 599101 346328 519631 1034629 166814 605682 706144 750464 139862 729241 50708 669341 589305 964664 999999999 1026041 921419 785104 557385 741881 925485 585483 672938 716731 176040 350326 590081 356023 308090 638143 253867 273339 621062 591133 243271 406410 441936 582876 471434 323547 231623 712702 707039 752754 35989 718912 393172 636166 724504 803652 859814 772794 212472 190443 528593 445085 389480 211033 667272 888214 371959 589923 833098 620244 517100 61526 211824 357138 658434 918303 854644 369591 696142 348466 585078 775783 625059 520738 599856 330783 501885 414772 692576 305075 726971 555340
69142 625274 860744 905804 952445 855413 1117432 446305 883712 735997 768863 829810 602565 429381 427574 763906 722505 13070 973413 428122 325643 306745 886664 301341 977071 654795 448795 132971 1026041 999999999 246995 578900 620461 297070 196598 896589 355864 363571 1126337 763786 612242 678149 814944 865866 926539 1049861 545538 653173 1017100 666622 617517 713758 627364 727512 806542 706036 466473 345229 1042538 813767 633129 547424 693162 825107 343047 367497 1238481 1081371 541986 815707 690304 823216 484401 263802 684111 631308 327232 481368 510316 965758 994889 998353 784360 327270 172394 663685 377886 831395 736926 916455 756711 661637 930604 874057 536202 725566 427268 1015474 770277 571002
190086 561823 819775 714853 827374 656223 1036289 483603 683308 625434 877636 597381 358086 224915 355109 731763 523843 259902 834130 329800 324512 182531 789280 237462 870729 428410 425799 114043 921419 246995 999999999 337177 652575 209765 52825 678140 284955 204775 988904 608596 657340 566344 777687 639882 883221 886912 594920 702533 970422 523373 481444 501127 618484 600316 729167 471103 255171 423836 930285 577742 550681 604414 787807 933490 101206 466968 1130043 1016870 533789 824107 657303 710437 285224 419781 636676 425961 456956 309682 448464 859934 941306 818782 555857 81992 231456 553414 421869 663289 522304 676631 819563 472081 710347 850379 422458 714418 489723 983968 862126 393198
514820 555684 791710 453780 669311 385600 924569 626929 407312 527849 1033026 267378 36623 194355 425520 730467 277399 591970 651611 380920 493686 337961 681301 403862 737478 129515 522529 448371 785104 578900 337177 999999999 749175 377085 383385 368341 404981 285705 794586 434797 768302 482810 761370 318739 843148 659309 723180 810579 915469 397138 384780 224742 671754 480447 662468 141470 163376 624850 781089 243443 519504 739116 936253 1083553 236807 674509 970224 931473 610227 862725 669669 590867 186076 682285 633600 195180 692137 249514 485533 728827 879548 568515 234266 268550 500713 476477 591839 453399 236547 339485 927021 264370 395875 842235 393018 744793 656947 949142 999260 253859
585134 242295 299239 717879 551662 714862 586211 176456 737596 388013 301235 845185 785757 571640 329841 212158 637706 623548 604486 372749 329376 482660 437056 416721 523338 708587 236278 627455 557385 620461 652575 749175 999999999 446700 624634 820174 378648 499475 717564 522431 33860 372125 257487 835073 357324 728899 80019 62686 441727 451733 422222 683393 105537 428868 338588 779629 591586 276745 588082 856207 289804 87546 208440 344212 654531 268245 745682 526005 138988 198691 176774 436278 563375 395100 210324 619649 326562 499734 265066 513612 432402 743311 793723 699458 465280 364712 245143 596672 703585 958482 178154 581407 852529 283530 367937 145911 194767 421100 256101 521681
230752 359615 614638 615494 660389 570145 845703 285094 598684 446806 691904 582750 410780 184993 150135 524348 440202 307885 678136 136221 128602 41450 604698 31392 691840 406853 216262 223381 741881 297070 209765 377085 446700 999999999 193635 626497 76241 93769 831954 466757 454314 387733 571492 606388 679043 752826 394962 499610 767596 369663 320862 443778 408719 433237 534472 471166 221349 253042 755354 575302 355476 406593 598172 746307 212338 302085 953824 819681 324258 614412 449446 534172 220902 308040 431275 358647 315201 195810 243362 680663 740182 703539 532106 253148 147299 373593 231996 535270 468013 684097 618096 375704 661731 642430 242620 504831 301198 777882 669494 282589
137550 552763 808269 742072 836175 685897 1035184 452141 713499 628895 838405 639323 406178 252147 343492 717606 552641 209618 846760 324138 295276 175805 790768 217186 874959 467267 404816 65035 925485 196598 52825 383385 624634 193635 999999999 714662 269790 212641 1001710 624240 627081 569462 765042 679215 872662 906365 563154 671968 961104 534680 490113 534828 598159 607963 725309 513941 286007 384252 936311 621284 546056 571448 750287 894570 146776 425289 1135902 1011802 512049 802286 642571 715246 311574 370786 624910 456444 411243 326320 436920 863974 933378 842866 596029 134799 185727 555961 387784 683161 556859 722131 787547 497348 747621 835343 423739 695640 454073 971399 825491 413549
827840 578866 720299 161039 466953 116728 732530 770760 108002 457111 1120987 127553 370005 467247 581604 703257 195136 909244 420226 546585 697654 601039 541259 640363 551349 251179 657935 777581 585483 896589 678140 368341 820174 626497 714662 999999999 609612 540091 521157 310895 849664 452443 710002 63598 747723 363483 830679 880982 790651 368481 402499 183611 717895 405181 578870 230140 430579 818935 566088 164162 531216 849511 1028411 1160628 578958 864395 717362 769139 697200 851180 673658 465006 413225 919528 631916 268237 903479 431526 582631 547360 752654 257645 136295 623866 773095 457552 767655 258085 159906 190893 977990 261460 35536 783146 478066 748484 814839 842198 1071819 351534
293457 284376 538503 579817 596584 541039 772860 227765 569406 380432 637887 581303 440645 211680 75338 448119 416940 365467 618483 74376 92172 105354 534579 56516 623354 410840 143910 296443 672938 355864 284955 404981 378648 76241 269790 609612 999999999 125813 770771 416589 389167 322323 495272 597073 603014 701037 333476 434195 691750 317044 266804 431381 334280 372313 461092 479603 241960 223155 687992 578625 282913 346890 542393 690942 275888 272511 885317 745036 251211 540340 373248 467790 228576 309938 355173 347520 299790 183410 167609 612093 664678 659835 528992 322219 189952 307883 186870 489443 455656 688015 553240 350418 645144 566267 181486 429530 252912 701653 611011 258223
294538 366293 625094 542436 624338 492088 832125 353571 520461 420659 763692 490593 320273 91898 172860 542031 359615 375610 634120 136403 209269 61179 584614 118395 666053 314062 263222 262746 716731 363571 204775 285705 499475 93769 212641 540091 125813 999999999 789070 412334 512208 361586 585006 516648 686908 696084 458402 556871 772276 322055 278050 356537 444076 396511 526867 377574 127632 339606 726037 482189 349961 472242 668124 816663 162283 389216 925798 814773 366381 649158 469653 505804 129094 401803 444164 271981 406926 118311 260079 655231 741793 637525 440562 216212 234579 348720 310211 473882 380499 590767 675906 298071 574984 660982 218422 534122 377652 789859 736289 207968
1062098 535956 452237 366763 178130 432373 272074 786431 423148 394575 961569 640382 814554 771272 701740 511129 517233 1136161 154954 698259 819644 832509 280978 825024 196255 668257 712149 1048634 176040 1126337 988904 794586 717564 831954 1001710 521157 770771 789070 999999999 381601 751035 449832 477917 581739 429891 159149 774996 756545 411903 467052 512905 573896 624028 398924 380115 695718 751260 885222 140183 675310 509697 791367 894495 978512 913931 911232 197722 341436 669174 619540 543366 310785 713679 1019010 518520 605739 969702 679325 632038 205037 383922 264724 623512 971624 959419 464392 826864 342199 568712 709062 798103 540323 525581 506362 590219 579713 833503 474178 900550 600020
696799 280975 414564 196070 235653 197263 491397 508014 217156 146241 819897 374607 461147 389671 359167 392364 176662 774640 228182 342278 484729 460757 257128 465829 303130 320935 404941 674649 350326 763786 608596 434797 522431 466757 624240 310895 416589 412334 381601 999999999 553935 150643 400658 342331 449406 286076 545528 580872 505588 100019 150397 240673 417502 95525 272394 370535 370387 582018 347053 398945 234464 564462 730302 856506 532347 620249 540456 505611 413297 540289 365525 168896 332327 704185 324114 239622 670304 299027 320400 294853 467771 247516 333620 590117 605594 159660 524513 78921 248286 480237 671469 170466 339540 476029 239304 438846 555769 550206 768002 218481
580263 273208 328927 749646 585479 745383 615749 175148 768446 420834 273659 871895 804923 587482 345513 244231 665565 614651 638346 389294 332879 491630 470666 423715 556557 732105 249735 626388 590081 612242 657340 768302 33860 454314 627081 849664 389167 512208 751035 553935 999999999 403407 288255 863259 385333 762691 66766 45307 468019 481209 450093 709886 138315 460862 372307 803398 609035 267046 621039 882051 320466 67037 178988 319058 664382 252837 776674 553922 160639 216583 210634 470034 582240 378517 243965 644291 308925 519381 287204 546900 460363 776477 820128 707461 462048 395559 242106 628706 730470 985200 164100 608146 882296 309340 392123 176964 184994 444371 232163 545612
615394 130335 310351 346655 274348 343635 472109 365999 365694 59446 670788 495608 515514 374016 251966 262934 284464 687610 300362 251793 370944 394573 223253 377643 305517 396175 271969 609488 356023 678149 566344 482810 372125 387733 569462 452443 322323 361586 449832 150643 403407 999999999 284240 474708 360340 399097 395674 431197 434733 94200 99225 341140 267625 62163 180646 459840 369242 450207 367840 513625 84103 414561 580287 708828 510340 484016 566915 461929 264616 408315 222289 146494 329527 579263 180544 302596 537901 273760 187652 294514 399979 386090 448021 568457 509848 14561 391495 227012 356669 606830 525548 243491 483457 364675 146015 298730 414345 466360 620096 229843
765707 219009 46152 573694 330979 594088 329764 384914 609701 257180 484939 771695 795360 626135 422710 51685 563248 820901 391408 450067 491508 595156 210883 548722 281905 680333 368658 787015 308090 814944 777687 761370 257487 571492 765042 710002 495272 585006 477917 400658 288255 284240 999999999 742865 111713 521752 329760 284341 202271 377805 377882 622840 193935 311335 133648 743902 630957 495802 341396 792707 244596 342145 416858 505979 746537 503494 488419 275051 274232 151506 124908 252590 593452 627992 141173 586609 564649 530632 329229 273860 183216 563517 726782 801207 644932 287648 446497 455455 636553 879902 321635 527344 736603 80912 380124 111578 422558 206413 424608 507751
797752 596625 756415 217366 518203 161906 785658 772458 161498 486685 1136290 64333 316437 437699 576667 732199 197958 878702 474730 538751 687340 577815 584685 622929 601723 211948 658755 743167 638143 865866 639882 318739 835073 606388 679215 63598 597073 516648 581739 342331 863259 474708 742865 999999999 787819 425004 839592 896819 835446 385460 413182 165925 735180 433202 614273 177630 399922 812481 620507 100850 549365 858201 1042230 1178032 539373 859321 777055 818801 707217 879838 696991 504244 387773 906202 655251 249731 894919 414958 587896 597017 797340 319548 84947 580999 751168 478024 763678 300320 141856 139956 998115 259673 79784 818264 481157 773258 814792 884990 1089278 342600
876826 321505 65799 599237 316608 631087 233243 495456 642389 319258 542888 823802 875708 721336 529339 163206 622320 932554 379022 553911 602682 700897 209955 657295 245580 751759 479585 896545 253867 926539 883221 843148 357324 679043 872662 747723 603014 686908 429891 449406 385333 360340 111713 787819 999999999 506353 433566 373068 90574 448890 458862 684789 304558 371633 182220 811022 722696 606372 289801 848283 339082 444254 488950 553687 847042 612204 401694 168687 385911 200148 236269 283577 684003 737581 247909 659634 673149 623319 435786 241403 75082 567276 782788 902824 756273 367134 557846 489667 695505 927302 381961 595788 770697 82942 475469 214884 531730 106123 481129 589932
982820 512261 508981 214190 192075 282427 405654 761882 269561 356147 1001456 485115 675772 663330 639671 541634 384350 1060707 130411 626675 763926 746265 311043 751398 262800 530412 671034 958827 273339 1049861 886912 659309 728899 752826 906365 363483 701037 696084 159149 286076 762691 399097 521752 425004 506353 999999999 773254 777377 514017 384247 434286 434918 626501 338585 398335 549878 638291 849301 242482 520665 475139 791225 923828 1026494 803622 882352 356827 462311 651996 672570 552719 292775 603545 977687 519069 479578 936919 580054 586429 265506 479954 106004 472136 859594 890682 412788 790571 223624 426241 550262 839993 419908 366676 570660 520927 606517 810259 574631 942778 493798
513642 266942 373321 741417 604000 731051 659523 111320 755491 422076 310014 843620 759751 537675 297710 281415 641735 548028 653103 342271 270635 433474 494210 363928 583828 696093 200665 560737 621062 545538 594920 723180 80019 394962 563154 830679 333476 458402 774996 545528 66766 395674 329760 839592 433566 773254 999999999 109726 519498 464590 428231 681652 150972 456111 395055 767683 561683 200403 650115 851309 311588 18970 213150 360534 606538 188570 815354 601938 133716 278290 232271 481434 537491 315247 257530 611450 246554 476522 253361 573587 508480 777950 791161 647664 395828 385888 176473 622675 703277 956616 224661 581237 864273 362017 360694 219268 118270 500621 278069 511716
622932 302277 321367 775615 595752 774612 605826 219857 796890 443528 240008 907555 847183 631238 389202 245575 699673 655179 650855 432680 378039 536860 478349 469021 560707 771222 294017 670433 591133 653173 702533 810579 62686 499610 671968 880982 434195 556871 756545 580872 45307 431197 284341 896819 373068 777377 109726 999999999 451518 512766 484279 745843 163583 486505 381863 842289 652129 308114 623375 918777 349929 105751 149804 281761 709555 290107 770512 540344 200901 190339 225515 486023 624619 413835 262804 682334 343686 561298 327341 551566 447394 796782 856181 752758 505515 424425 286121 653952 765921 1020838 119079 643810 913065 293466 430600 176902 226705 422674 193484 584341
967193 408744 156357 635852 335372 675266 171221 585134 683304 387727 599422 876127 946932 802643 617615 253681 681669 1023127 394953 640692 693099 788424 251035 746415 253421 817862 569923 986069 243271 1017100 970422 915469 441727 767596 961104 790651 691750 772276 411903 505588 468019 434733 202271 835446 90574 514017 519498 451518 999999999 518562 533957 745260 394479 437168 254109 873799 801894 696003 277811 902826 422728 529183 555639 603046 931242 700592 344082 93929 476406 267488 326809 336692 762662 826457 337181 727574 761330 703571 524236 253276 38114 588354 838215 987616 846747 443097 648049 535125 753851 975399 444147 661532 810706 158718 558147 302589 620510 62286 538061 664198
600312 211307 402073 283409 304672 266533 536299 416448 291458 130838 752716 403018 428369 313135 259265 357082 191700 677236 312122 242674 384889 366538 287903 367198 356169 303662 309561 582151 406410 666622 523373 397138 451733 369663 534680 368481 317044 322055 467052 100019 481209 94200 377805 385460 448890 384247 464590 512766 518562 999999999 50402 247084 350177 85086 266886 366108 300805 484912 410770 420042 163924 483533 659931 793218 454891 524633 609683 536258 330890 501947 313502 199228 260948 605130 272110 210838 573071 215743 226494 346156 482458 346737 354638 513352 506474 94200 428105 176327 263118 514988 612655 149542 401134 457903 139409 390734 463398 554288 704407 150702
551614 188733 406992 329468 346291 306872 565844 372944 333043 151776 723313 423925 418089 278724 209145 350857 215513 627999 358314 192429 334806 319608 316051 317452 391281 305277 263621 535747 441936 617517 481444 384780 422222 320862 490113 402499 266804 278050 512905 150397 450093 99225 377882 413182 458862 434286 428231 484279 533957 50402 999999999 263232 324427 118972 279863 372257 271352 437072 449146 437257 144294 447041 629052 765921 418102 477842 648820 559570 294930 491161 298615 231383 231438 555696 258783 211416 525038 178882 182675 380791 499159 396680 373305 476555 456403 91766 380904 226024 282275 537056 588961 161246 436295 458776 89427 376210 419110 564966 677336 131104
644869 451694 643734 229973 463011 163161 727686 609547 187382 367726 983544 162113 241253 284891 411460 604068 64104 726344 436939 372984 521443 417544 497794 458835 538516 95500 495748 596782 582876 713758 501127 224742 683393 443778 534828 183611 431381 356537 573896 240673 709886 341140 622840 165925 684789 434918 681652 745843 745260 247084 263232 999999999 587461 313990 503688 130320 249098 646711 573985 174100 406105 699980 888210 1027588 404442 693746 755603 745824 551152 748935 559099 408980 229764 740855 518145 85145 728994 250119 428457 531222 707632 344132 110341 453650 589951 341009 598436 237813 24342 275366 852091 102156 218447 701994 321074 636659 650893 787755 939261 177107
582224 139037 239909 612649 453670 611045 519599 191002 633319 282551 403390 748339 707990 505472 271383 142429 538885 632535 504089 309425 310167 439315 343248 381821 433211 619769 193360 611819 471434 627364 618484 671754 105537 408719 598159 717895 334280 444076 624028 417502 138315 267625 193935 735180 304558 626501 150972 163583 394479 350177 324427 587461 999999999 323545 244106 689860 520424 301913 499816 761262 186679 167503 312800 443040 604965 310596 669548 468742 87053 206145 81954 333772 488499 434242 107745 528480 371842 423549 188911 422877 377140 638203 697665 654829 460499 260901 253804 491283 606702 861419 264659 485321 749764 246706 280998 98951 229370 388297 354231 433126
663183 189429 329918 289134 228328 292601 451358 428140 312664 54199 725039 460363 510843 395665 305377 299071 252770 737438 246184 299392 427421 435623 202828 426172 273003 381028 332769 651838 323547 727512 600316 480447 428868 433237 607963 405181 372313 396511 398924 95525 460862 62163 311335 433202 371633 338585 456111 486505 437168 85086 118972 313990 323545 999999999 189854 439390 385057 511203 330177 481690 144947 474927 636158 761172 536288 545721 529851 451634 326036 446868 270001 114434 345097 639111 228601 290432 599102 296702 247947 262706 400478 324044 415771 594781 561699 74861 452608 167844 326228 569031 575963 224698 434532 389144 191319 343592 476475 475811 672736 235772
749802 181441 142183 440191 213902 462478 311944 416020 477170 137056 603188 646516 694541 550595 385772 143689 441859 814319 269822 401202 482405 549885 99170 517456 190018 569539 362157 757344 231623 806542 729167 662468 338588 534472 725309 578870 461092 526867 380115 272394 372307 180646 133648 614273 182220 398335 395055 381863 254109 266886 279863 503688 244106 189854 999999999 629114 548405 521488 257442 669540 179261 411284 526237 629500 682581 541201 438916 287910 296979 283227 163267 119015 508987 656992 140807 477500 601475 450893 296819 179389 219737 432140 603758 739862 634179 189091 465327 322757 515260 752602 442330 413604 604611 204317 309233 208340 461125 287402 544843 410314
639560 559422 767409 336991 592469 267919 857854 683681 284917 492236 1075503 126854 139873 289109 479053 721419 194351 719051 563962 435965 571738 436824 627489 493078 668692 71601 571920 578787 712702 706036 471103 141470 779629 471166 513941 230140 479603 377574 695718 370535 803398 459840 743902 177630 811022 549878 767683 842289 873799 366108 372257 130320 689860 439390 629114 999999999 251155 702487 703004 107769 516400 785190 978958 1122446 369900 751528 881489 875987 642783 863357 670796 538203 252374 778774 631023 161685 778276 299535 516470 661473 836347 451775 94110 407338 608527 457656 660951 365969 128556 213853 953392 216610 255748 823983 411693 748326 720368 914897 1035254 257949
