NAME : synthetic_000714
TYPE : CTSP-D
DIMENSION : 100
GROUPS : 8
RELAXATION_LEVEL : 1
EDGE_WEIGHT_TYPE : EXPLICIT
EDGE_WEIGHT_FORMAT : FULL_MATRIX
EDGE_WEIGHT_SECTION
999999999 745133 383097 302014 657320 503574 951582 855916 263586 868949 543101 753090 559333 964969 911168 583990 481981 546921 845471 949281 664188 474141 873942 319078 888621 806496 527646 490476 752756 699970 685255 410080 611350 203183 39863 499114 36630 748886 574852 574999 1009437 359121 460954 289101 966077 1007475 770874 691201 488667 483521 317458 494518 399205 314743 651591 587257 354990 106623 118322 569834 660693 697661 330817 665553 526867 482797 108439 281020 177734 425217 450600 395186 812626 170432 430903 741211 400092 858610 664783 583170 200135 234460 618413 347316 598460 710880 724136 221348 913822 416494 153073 295490 470778 566190 261626 438834 366630 287852 910749 164124
745133 999999999 414832 836005 90625 480009 305736 444733 815751 424304 292588 108504 481624 376932 201658 325415 268197 533929 177010 307408 96942 334193 591587 891079 166701 526094 661031 749627 116177 442724 520569 640362 289018 736278 765794 442387 743650 457393 238215 760965 274212 693370 359477 696446 228706 284968 588298 245007 298610 376132 491787 302077 356982 436671 674919 738577 421750 819206 726108 336809 103050 156775 432857 423079 446933 267176 797700 619769 719960 351172 695283 749058 92520 655861 705062 428302 345453 458667 310785 641639 547316 512207 232326 603571 152280 316824 22012 726093 199664 701289 614377 494141 313301 407078 521171 312512 596815 545187 195759 861797
383097 414832 999999999 421280 342955 181222 686905 482116 401156 491468 161441 391145 509060 730861 547048 202311 222375 534652 475781 686517 320278 93585 530668 476248 530580 456063 604815 638947 389061 589428 623263 254970 228253 324174 390689 153697 368765 631925 350771 695769 688938 289712 321031 282761 643335 698596 447779 309042 119039 363371 78430 120035 87194 195532 691051 689583 252430 480527 416529 419115 315031 434756 228171 553005 459492 161643 404575 413132 441180 65187 318447 583242 499966 252260 320041 374075 137556 486761 487805 343365 195650 205128 396953 444758 263940 329030 392850 469455 551137 563001 307828 282654 280238 464436 281560 124689 452637 341772 548550 463677
302014 836005 421280 999999999 762997 423843 1101284 780151 38600 803287 561617 803580 806826 1136439 953542 568279 618294 807495 878505 1100391 740811 505260 741938 56989 942113 691743 813436 788419 800334 930148 934742 250929 606817 123119 265846 443804 266071 978141 740201 870870 1109938 174708 660217 141580 1064289 1119840 626776 691939 538150 694873 345686 536297 489634 490785 932514 880298 553657 381872 419686 774143 735355 843967 522400 893301 765300 577717 202323 563231 478578 485678 246169 695494 920988 215109 221943 662379 521563 777579 861338 404314 360039 419447 787859 626854 685147 679520 814043 522461 958789 711913 409182 522399 645338 792977 493707 534793 644686 543163 956665 190474
657320 90625 342955 762997 999999999 434948 348487 471474 740612 456546 245764 156744 410917 404398 286205 294158 177993 461306 247441 348773 71560 272160 605000 817018 253654 533893 584437 668506 162332 395227 466438 582057 264536 658632 679143 395759 657129 418293 159843 685286 354679 629006 272850 625649 310210 358849 584093 248043 233598 293261 417314 240083 276493 346930 609351 664607 331169 729522 635776 265788 76622 125423 342332 370089 371987 186429 713505 530152 629337 277880 640372 663054 159436 575266 647743 431827 259243 484264 261373 605099 460956 423578 167259 516074 82997 321640 72557 635698 285368 616830 524473 403547 224224 337186 430561 231128 510160 455022 281582 778305
503574 480009 181222 423843 434948 999999999 780378 364906 419588 384431 189651 415481 683419 839322 549850 161451 373969 712301 473222 781201 385163 177552 371362 480285 545727 302930 785964 818872 410320 749740 791953 180591 201895 371846 498433 39543 479190 788786 495383 876896 739105 251868 492582 289432 694224 758858 275264 280907 215411 534984 200424 204388 256618 376641 870075 870798 433014 609041 565207 580056 378684 550157 409360 714596 633585 295165 488476 589025 599742 213604 222799 759386 572377 339742 237624 246332 308719 364832 635786 175606 350582 376328 537025 624431 352891 257012 460109 632921 556333 742097 467458 462840 445239 632897 459143 277550 633004 520634 554859 533555
951582 305736 686905 1101284 348487 780378 999999999 721462 1075906 695077 590814 400022 502556 91472 379097 629978 485496 553183 416256 5727 396040 620585 878118 1153394 346723 818987 682199 789576 407588 380220 461999 930440 594450 990335 980320 741722 959656 359570 376860 766308 189484 975588 495931 967556 191003 148014 888203 547670 581808 484634 757542 588557 611893 639996 638381 736610 597143 1002489 899868 403189 402582 258739 620825 387690 496193 525764 1025728 750138 875255 621859 988836 826812 215285 901787 996176 726148 581413 736128 314112 945980 771098 721793 333495 708833 431423 616689 323258 866588 370759 769976 802978 662361 480876 444186 695482 567090 694738 693115 367967 1092084
855916 444733 482116 780151 471474 364906 721462 999999999 780381 33854 344439 336301 861617 805513 361274 283640 547213 906037 306537 724829 400215 405632 161326 834999 383542 127348 1013244 1075521 328584 866263 934466 529319 271825 736732 855889 359425 835436 889568 615128 1113280 596359 605443 685225 652025 562011 633053 219870 231300 412634 720643 538893 400855 508359 647372 1063075 1098502 679410 958098 898633 723178 395755 590337 668700 839658 815991 475120 851668 875491 921745 464217 548023 1039675 516553 699941 569695 118731 544677 14753 732681 408883 677663 682536 635354 891051 429327 168446 438070 947284 370298 1007862 789092 735413 627724 792492 745266 494717 893251 797652 371576 898346
263586 815751 401156 38600 740612 419588 1075906 780381 999999999 802285 546879 787709 771492 1108904 939604 557981 591486 771182 865248 1074863 721425 487985 750096 77799 926788 696888 775450 749853 784782 896523 899506 254037 595642 89198 227735 436451 227562 944702 711650 832384 1089948 178176 628140 130762 1044384 1098559 635833 681125 519344 662003 324025 518350 465478 458942 894908 841943 520801 345143 381147 742249 716141 817887 489764 859794 730556 554556 165332 525184 440003 464632 258916 656895 899308 182070 234694 661971 494912 778531 830496 416237 326710 385814 759205 589034 664130 672741 793748 483891 944569 673415 371644 487281 615263 759254 458037 510880 606971 506442 942321 159995
868949 424304 491468 803287 456546 384431 695077 33854 802285 999999999 347411 315867 852672 780144 330805 290314 542489 898202 279075 698582 385938 411203 193007 858574 354464 161092 1008047 1073205 308277 851773 921688 552892 273943 755943 870351 375946 849586 873568 604070 1108523 565988 628682 679656 673111 532497 603333 253429 223607 415004 713919 551498 403797 512116 650245 1054138 1092888 679248 970019 907637 712512 381869 572924 670047 826133 807869 473188 868523 877892 928762 469265 574149 1040360 492825 715785 595386 141108 545954 47056 717881 438107 687063 689076 622065 890973 419579 168329 418991 953018 339845 1006954 796812 737383 622137 782497 748700 495591 892429 799524 341280 916723
543101 292588 161441 561617 245764 189651 590814 344439 546879 347411 999999999 242412 546470 650113 392779 68527 222211 584466 319022 591596 196503 68987 428324 618233 380504 351373 680140 734915 238878 587447 640507 349189 73564 477035 551938 150917 529936 622048 326166 778245 558650 406815 358370 420041 513167 575102 373775 148099 68297 398099 236437 56460 164735 303079 744300 766153 336618 637890 566565 423468 190113 363920 324476 554611 497716 141122 565297 531098 583596 123442 402817 695553 384419 411849 413197 253662 200729 351915 464269 359735 349467 344010 362644 547633 164696 179334 272051 606322 397691 665208 453397 390979 302962 485385 401339 151548 550705 453220 395446 623142
753090 108504 391145 803580 156744 415481 400022 336301 787709 315867 242412 999999999 567661 477693 158146 254281 304603 617953 97584 402500 101321 300206 484820 860032 139474 421318 740065 821385 7809 544089 618980 587826 214237 714594 768679 381161 746327 561903 316309 841104 324573 648516 421861 662067 280404 347780 488190 150217 272641 446475 469487 271204 354011 461431 765759 820902 461983 836937 751057 422483 101735 259942 466048 521763 528412 272715 791833 667022 753335 334091 637248 809882 186143 642383 649994 326308 358464 350291 410499 564277 552983 528250 322299 660579 164418 216775 104156 765395 161216 766314 636404 532328 368605 493871 554881 314940 656576 589095 158346 853092
559333 481624 509060 806826 410917 683419 502556 861617 771492 852672 546470 567661 999999999 475584 681173 614712 324278 53939 655670 498071 474341 515797 971423 845002 644139 895081 186212 288997 573195 149904 128081 745695 605808 683718 596986 648640 581882 196558 252073 282153 641650 751943 191398 709636 612225 617680 919372 630352 486517 149549 536031 499889 427036 334322 201492 257799 267510 570986 468746 145423 476984 335899 298307 123615 49841 405816 659655 292590 425557 470224 809731 326640 483777 592916 804405 793890 374797 872644 196512 852169 449796 390538 249312 233467 433105 696630 473043 402664 677991 268922 410946 284473 243878 74548 313605 409085 215155 272226 674022 721989
964969 376932 730861 1136439 404398 839322 91472 805513 1108904 780144 650113 477693 475584 999999999 468964 694945 518314 522347 502410 86536 460408 672565 960247 1186695 435635 898825 645826 755062 485425 338319 413894 980481 661502 1021563 996144 800079 976352 308170 398294 722776 277880 1020556 504112 1006827 282299 234622 964642 621800 633150 485446 797345 641275 650999 660461 587466 691924 610690 1006975 903086 399777 466932 296132 637185 353866 478271 569422 1045948 743561 873031 666778 1040804 802169 291615 930855 1046399 803584 615015 820087 304913 1008914 794388 741503 351393 696078 486613 692798 391951 859890 460773 744307 813375 670746 499416 427175 704523 607661 680319 693968 457869 1112348
911168 201658 547048 953542 286205 549850 379097 361274 939604 330805 392779 158146 681173 468964 999999999 390355 454340 734021 76643 383404 251819 454744 522534 1010338 38499 475948 862145 951280 158961 628058 709685 728042 350131 868999 926808 519445 904456 634871 439848 961716 235185 793072 558957 812035 202980 273106 558949 269069 429423 577398 625069 427059 512148 616381 870844 938742 611743 994202 906859 537243 254057 348131 618517 613086 647962 429898 949332 814409 906781 491558 772405 949134 213349 799017 787408 400958 515223 375922 501496 679927 711043 685245 432233 802239 317925 311304 214752 916685 9041 902235 792605 683310 509952 606707 707616 472728 796341 737858 11148 1010104
583990 325415 202311 568279 294158 161451 629978 283640 557981 290314 68527 254281 614712 694945 390355 999999999 290439 652967 313961 631277 234724 122112 360001 625268 384705 283019 748248 801483 248985 652197 707197 337712 40524 495861 588920 129126 567439 685454 390457 846062 578460 403496 426889 427942 533831 599465 306686 123759 134468 466532 268358 121531 225952 365394 812784 834287 402723 682691 617531 490033 228178 417081 388930 620005 566065 209633 595203 593492 638629 180833 383981 759643 417825 440635 397855 186511 266256 289862 526733 316235 397355 399112 424673 612804 218325 126921 306860 663675 396506 730845 506504 454308 371374 552942 462482 218283 616545 516480 394859 649384
481981 268197 222375 618294 177993 373969 485496 547213 591486 542489 222211 304603 324278 518314 454340 290439 999999999 363336 402169 484193 203985 198036 648230 669192 425314 571601 466031 532457 307169 375777 421479 477337 283174 505136 505829 336266 484150 415239 128457 566183 527458 507756 138502 489147 484231 526312 595554 319301 164622 176519 281009 177724 136549 169208 522863 551356 157649 551669 457913 206541 202946 226825 165138 340795 275684 82319 544886 362442 453306 165217 540773 509730 330660 416302 542262 471280 96733 557082 266158 548687 289748 247537 175117 359284 140896 379305 248624 462350 454915 470201 346525 228970 81515 264264 254024 99354 357314 284550 451352 610735
546921 533929 534652 807495 461306 712301 553183 906037 771182 898202 584466 617953 53939 522347 734021 652967 363336 999999999 707113 548574 523163 549335 1011558 842826 697149 934890 132404 236701 623302 188433 142683 763076 646388 684827 585618 678846 572066 230969 301692 228439 695079 764090 226165 717835 665975 670599 955452 675116 522265 186841 554729 535689 455882 350834 159917 204726 285641 548809 449038 197142 525525 389525 314686 168483 90516 443345 650467 270979 401503 500765 826505 281285 537603 595997 819692 834560 404178 916718 250008 877840 456012 397995 301839 207163 479203 739838 524779 374366 730965 223128 403653 289190 281885 127483 314762 442272 187713 265378 726997 710838
845471 177010 475781 878505 247441 473222 416256 306537 865248 279075 319022 97584 655670 502410 76643 313961 402169 707113 999999999 419869 198555 382728 465837 935372 81403 413225 831672 915578 95565 619094 697519 651578 273847 795982 859519 442995 837195 631739 406807 932372 296517 717012 517382 737109 258473 329782 492375 192427 359642 540273 553301 356256 446453 558142 851012 911166 559567 931458 847072 510281 199245 333386 563435 600042 618577 368205 879564 764564 850380 422591 695763 906382 221729 728040 710795 331815 454173 321279 487716 604603 645713 623412 407199 757435 261951 236960 182816 862843 83436 862052 732213 629856 465033 581294 652177 409228 753071 686675 82341 939431
949281 307408 686517 1100391 348773 781201 5727 724829 1074863 698582 591596 402500 498071 86536 383404 631277 484193 548574 419869 999999999 397139 620779 881254 1152384 350809 821841 677428 784902 410090 375120 456764 930587 595927 989156 978170 742484 957554 354194 374690 761303 195101 975364 493122 966921 196200 153713 890689 549829 581931 481418 756883 588793 611117 638006 633119 731561 594714 999696 896980 399673 403685 257377 618576 382862 492085 525263 1023854 746693 872071 621511 989145 822548 217385 900443 996351 728715 580237 739484 310182 947182 769342 719796 331035 705071 431747 619084 324694 863172 375102 765654 800462 659673 478654 440076 692847 566393 690892 690030 372281 1090226
664188 96942 320278 740811 71560 385163 396040 400215 721425 385938 196503 101321 474341 460408 251819 234724 203985 523163 198555 397139 999999999 237560 533735 796214 225497 463109 642533 721553 104742 466121 535972 543496 201318 643396 682342 347024 660040 489799 222371 743735 369249 596549 321340 600728 323567 381703 515639 176895 202729 347492 397971 205576 268651 364647 674492 724491 361608 743965 655279 330580 6553 195195 367013 440200 432937 181456 710407 566156 655103 257786 598765 708649 187997 565311 608291 361418 265109 412904 332466 550115 464479 434960 236281 559267 66363 250672 75779 665853 253114 665445 541308 432515 267491 401716 456075 226041 555357 488512 249722 773500
474141 334193 93585 505260 272160 177552 620585 405632 487985 411203 68987 300206 515797 672565 454744 122112 198036 549335 382728 620779 237560 999999999 475023 561278 439615 398328 636149 683844 297661 573397 618843 309897 139967 414531 483319 138939 461264 611698 317832 732136 606392 359320 324571 364317 560698 619155 407357 217072 39522 366257 170573 32315 104841 244046 708960 722143 285441 569031 498902 404576 231759 378767 269206 538706 466146 117770 498156 471845 517715 58764 368644 638835 423104 345550 375594 306411 149620 411972 458234 353133 280833 277952 359736 493233 189463 244554 312554 541937 459091 611703 386458 333344 273233 460572 340543 107066 497910 395356 456609 557009
873942 591587 530668 741938 605000 371362 878118 161326 750096 193007 428324 484820 971423 960247 522534 360001 648230 1011558 465837 881254 533735 475023 999999999 792647 544066 76998 1108193 1158867 477011 993717 1056146 497334 365618 723988 866527 383011 848134 1021290 735089 1205692 757532 572103 785944 630698 722695 793850 115918 356963 493965 824748 569151 480771 579365 717025 1171049 1194244 760318 979867 935596 840288 528415 728448 743943 964413 923528 568942 849504 942213 967536 532162 496826 1111314 669290 707195 520726 177810 623979 146772 862195 340548 717899 735616 761642 967694 549802 283633 582119 998464 531552 1086330 834199 806559 729678 906572 810133 577517 972826 867930 532783 886675
319078 891079 476248 56989 817018 480285 1153394 834999 77799 858574 618233 860032 845002 1186695 1010338 625268 669192 842826 935372 1152384 796214 561278 792647 999999999 998692 744365 841170 809446 856851 972089 973083 305731 663795 166314 280412 500673 285050 1020425 789438 893517 1165163 229972 704972 198303 1119543 1174486 677072 748927 593698 738313 399877 592130 542503 535994 962405 904722 597218 386483 437284 819135 790822 895502 566354 935486 804956 631242 212507 591088 496758 540280 295830 714162 975411 259006 271939 717551 572581 832140 907826 453270 403043 461798 836985 656020 739844 736252 869095 540217 1015548 734681 440624 561452 692858 834793 531412 587838 674425 577515 1013407 182412
888621 166701 530580 942113 253654 545727 346723 383542 926788 354464 380504 139474 644139 435635 38499 384705 425314 697149 81403 350809 225497 439615 544066 998692 999999999 493587 825767 915890 142030 589620 671348 721818 344188 854057 905529 513588 883184 596383 404698 925079 215409 784764 525656 800541 178656 249896 573620 267198 411937 542827 608942 410670 490611 589650 832999 901833 582102 969451 880404 500633 228448 310323 590173 574831 611599 406033 930336 783404 878523 472917 768510 915566 174923 781554 782554 413217 490485 398286 463363 682975 688574 660425 395542 769467 291851 317075 181381 887209 33928 867986 766679 654048 477871 569742 679221 449794 763096 707512 29960 992005
806496 526094 456063 691743 533893 302930 818987 127348 696888 161092 351373 421318 895081 898825 475948 283019 571601 934890 413225 821841 463109 398328 76998 744365 493587 999999999 1031196 1082149 413550 919881 981152 442855 289424 664546 800901 311047 781917 948420 660336 1128711 708834 518879 709163 573550 671688 743003 92912 286352 416972 748115 497697 403783 502818 640815 1094460 1117247 683508 911831 864256 764894 457564 658275 667393 890074 847045 492081 787363 866572 894703 455694 450270 1035368 607218 641794 473434 102885 547117 115883 789067 300029 645355 661183 688022 891258 475827 212480 515237 924837 484821 1009851 761192 730362 653006 830710 734493 500541 896217 791877 485591 827595
527646 661031 604815 813436 584437 785964 682199 1013244 775450 1008047 680140 740065 186212 645826 862145 748248 466031 132404 831672 677428 642533 636149 1108193 841170 825767 1031196 999999999 109637 744965 307578 239738 809604 746828 694539 567508 756003 558381 342869 424874 101231 827348 798355 328401 743731 798379 802404 1042960 784489 614305 296006 609161 627563 535378 410233 126320 86066 353692 503912 415572 325275 644274 520278 376653 294685 214186 540831 635758 250311 359303 582417 870564 180915 668906 613059 860370 933515 486685 1023062 382372 941937 486351 434629 430361 187167 593287 845244 650569 322153 859442 128388 405259 329654 385911 258172 344457 531074 170516 283301 855485 689579
490476 749627 638947 788419 668506 818872 789576 1075521 749853 1073205 734915 821385 288997 755062 951280 801483 532457 236701 915578 784902 721553 683844 1158867 809446 915890 1082149 109637 999999999 825690 416975 348910 818518 804999 675395 529628 792570 524530 452474 511444 87214 930005 797124 400655 736721 899406 906636 1085245 851103 667170 375312 629885 679970 579698 444470 212123 108524 398839 446427 372719 419382 722577 615956 415331 402835 308511 600432 598298 239530 313315 627043 876257 99825 765096 602547 863366 987992 535377 1084353 485146 963918 492472 449062 523203 194468 667339 907114 737389 270756 949188 79754 393164 356293 456539 356870 361081 583429 186641 298681 945263 645284
752756 116177 389061 800334 162332 410320 407588 328584 784782 308277 238878 7809 573195 485425 158961 248985 307169 623302 95565 410090 104742 297661 477011 856851 142030 413550 744965 825690 999999999 550876 625485 583324 208800 712170 767969 376302 745619 568983 321613 846049 330383 644505 425853 658785 286416 354138 480616 143297 270851 450985 467326 269042 353571 462686 771584 826025 464338 837247 751950 428119 104703 267042 467894 528326 533632 273284 790479 669606 754838 332685 632322 813366 193853 640613 645266 318671 359165 342558 417204 558075 552703 528756 328385 663881 166593 209308 111399 767320 162438 770137 637194 534415 372231 499518 556614 315055 660083 591517 159704 851495
699970 442724 589428 930148 395227 749740 380220 866263 896523 851773 587447 544089 149904 338319 628058 652197 375777 188433 619094 375120 466121 573397 993717 972089 589620 919881 307578 416975 550876 999999999 84886 839514 634373 807559 736407 711984 719933 48952 261756 386599 541802 856406 275504 821904 519900 511170 958058 638925 538180 236868 631509 550739 502597 442281 260140 356558 377147 718291 615152 170511 470510 285949 408711 37210 173291 455963 796481 440921 574099 538919 903932 469592 416654 715049 901847 817000 452045 878809 134000 924220 570110 510768 232129 383189 444060 710800 440922 552329 623145 411426 548520 412606 309206 137296 444712 473282 365017 412381 619243 860427
685255 520569 623263 934742 466438 791953 461999 934466 899506 921688 640507 618980 128081 413894 709685 707197 421479 142683 697519 456764 535972 618843 1056146 973083 671348 981152 239738 348910 625485 84886 999999999 866360 692871 811625 723341 755522 708733 105882 321153 309098 626445 876110 302302 835746 604785 595310 1013879 704784 586084 260153 656587 599130 538351 457944 176478 278068 391033 691104 590608 217167 539869 364311 422392 97497 171042 503621 786746 412753 544001 578598 930683 412826 499518 720595 926470 878546 486338 946556 209805 964042 577012 517590 299691 349677 507297 775127 517141 517002 705035 355381 538260 412344 346718 159187 441681 514538 330302 399319 701111 848514
410080 640362 254970 250929 582057 180591 930440 529319 254037 552892 349189 587826 745695 980481 728042 337712 477337 763076 651578 930587 543496 309897 497334 305731 721818 442855 809604 818518 583324 839514 866360 999999999 378060 230982 392154 208598 377845 883457 605741 888979 907737 76384 565905 134873 862303 924097 384335 459966 348660 607131 209828 342036 341432 412421 911597 889406 478602 515343 501237 670323 537322 684902 448625 802626 697561 412673 361273 579054 548940 315739 64446 742285 731059 241524 65918 411837 389071 526653 742348 174933 326273 374995 651830 629432 499318 437136 619249 589059 734218 738833 430846 481412 531297 709747 465243 379263 642657 527180 732563 391416
611350 289018 228253 606817 264536 201895 594450 271825 595642 273943 73564 214237 605808 661502 350131 40524 283174 646388 273847 595927 201318 139967 365618 663795 344188 289424 746828 804999 208800 634373 692871 378060 999999999 531540 618183 169531 596432 665625 373129 845843 538662 443256 421447 466045 494185 560290 324426 85568 141136 459552 298810 129863 238287 376345 805653 832642 407792 708013 638861 476093 194843 389132 396920 603326 558006 206037 627430 604182 656844 196544 424493 767852 381088 472999 438367 188193 272862 279839 506236 353336 420471 417141 404213 619319 193506 105775 271238 679845 356201 736399 526188 463848 364689 541350 474757 222916 621799 526059 354515 682997
203183 736278 324174 123119 658632 371846 990335 736732 89198 755943 477035 714594 683718 1021563 868999 495861 505136 684827 795982 989156 643396 414531 723988 166314 854057 664546 694539 675395 712170 807559 811625 230982 531540 999999999 174677 381949 166851 855678 623814 755977 1010330 165832 538952 96806 964936 1017330 613102 616963 443208 572839 245820 443543 382329 369799 812046 763811 431627 299798 314905 653072 638371 731885 400570 770787 642221 472206 131470 445101 371690 385621 257892 585523 817868 92873 235920 618089 408923 736401 741519 404946 237586 296796 671273 507464 584094 616057 714273 415386 873503 597527 289306 399281 526633 670320 370717 427802 524850 421083 871065 163050
39863 765794 390689 265846 679143 498433 980320 855889 227735 870351 551938 768679 596986 996144 926808 588920 505829 585618 859519 978170 682342 483319 866527 280412 905529 800901 567508 529628 767969 736407 723341 392154 618183 174677 999999999 497108 22353 785353 603481 614409 1032675 336201 492803 265724 988867 1032108 761047 699730 500700 517026 320647 505608 414940 341066 691410 626914 385466 125376 157004 603076 678558 724845 359845 701667 563565 500996 68771 320640 216494 437320 428430 433792 835894 159332 407706 739794 420368 857906 697637 566654 218483 259567 647868 386904 617220 715405 744516 259830 929803 456047 188079 328990 499570 601864 295296 456320 406169 324991 926832 125243
499114 442387 153697 443804 395759 39543 741722 359425 436451 375946 150917 381161 648640 800079 519445 129126 336266 678846 442995 742484 347024 138939 383011 500673 513588 311047 756003 792570 376302 711984 755522 208598 169531 381949 497108 999999999 477007 750593 456633 848337 703725 275639 457425 305690 658643 722558 294677 251709 176300 499708 186658 165076 223074 348596 837289 841259 402382 603201 553212 542654 340577 510629 380114 677053 598804 256704 492620 566010 584550 178437 256115 736318 534603 340520 269108 242688 274683 360947 597016 214694 334891 355211 497944 598442 313552 236290 422248 615962 525627 716696 451298 436296 408892 596651 434883 241016 606158 495423 523985 541282
36630 743650 368765 266071 657129 479190 959656 835436 227562 849586 529936 746327 581882 976352 904456 567439 484150 572066 837195 957554 660040 461264 848134 285050 883184 781917 558381 524530 745619 719933 708733 377845 596432 166851 22353 477007 999999999 768885 582886 608468 1010803 324617 473511 254336 966938 1010459 743463 677788 478437 498568 299297 483403 392591 320029 681419 619942 365697 137535 153651 584409 656245 703798 339576 684920 547440 478713 78498 309828 212753 415043 416471 430077 814046 141395 396355 719644 398254 837610 678714 551779 196336 238378 627523 375831 594953 694021 722350 256564 907450 449661 171476 310788 479085 584809 277280 434011 394874 309657 904479 140497
748886 457393 631925 978141 418293 788786 359570 889568 944702 873568 622048 561903 196558 308170 634871 685454 415239 230969 631739 354194 489799 611698 1021290 1020425 596383 948420 342869 452474 568983 48952 105882 883457 665625 855678 785353 750593 768885 999999999 296037 414979 530548 902029 321589 868681 512396 497087 989983 664966 575563 283958 676291 587834 544830 489430 280058 383925 424762 766438 663486 213148 494603 301963 456249 84941 222121 493947 845417 488652 621782 579648 947810 510562 421698 763077 946279 845605 494983 902475 159522 963843 618143 558893 261414 429996 473319 737735 457857 599195 629387 452504 597472 461386 352255 185763 493576 513765 411556 461248 625555 909379
574852 238215 350771 740201 159843 495383 376860 615128 711650 604070 326166 316309 252073 398294 439848 390457 128457 301692 406807 374690 222371 317832 735089 789438 404698 660336 424874 511444 321613 261756 321153 605741 373129 623814 603481 456633 582886 296037 999999999 525583 453636 635593 130209 614522 414882 443224 696372 384445 280627 138931 408192 292566 264924 263748 452179 504764 221392 629701 528917 108580 225189 126457 244036 230197 212152 200462 649928 396631 510977 292194 669074 513340 265753 532707 670713 557613 221907 626850 140403 670951 396622 345437 47707 371498 186391 454107 226225 509404 437851 464060 427500 289558 104075 179411 321662 226947 362842 328850 433937 716358
574999 760965 695769 870870 685286 876896 766308 1113280 832384 1108523 778245 841104 282153 722776 961716 846062 566183 228439 932372 761303 743735 732136 1205692 893517 925079 1128711 101231 87214 846049 386599 309098 888979 845843 755977 614409 848337 608468 414979 525583 999999999 918832 871815 429061 813454 891602 891969 1137809 885044 711772 397195 694096 724933 629944 500259 146405 32087 447550 533500 457851 424478 745494 617964 468241 379942 314103 639819 683165 313787 398670 677248 948257 187039 765913 680116 936485 1031863 582520 1122932 475686 1028295 562958 515426 529541 259557 694426 945101 750911 356699 958836 158993 470112 415519 486509 355837 425537 628178 247102 362833 954872 731348
1009437 274212 688938 1109938 354679 739105 189484 596359 1089948 565988 558650 324573 641650 277880 235185 578460 527458 695079 296517 195101 369249 606392 757532 1165163 215409 708834 827348 930005 330383 541802 626445 907737 538662 1010330 1032675 703725 1010803 530548 453636 918832 999999999 964237 583665 969977 45695 44686 788889 471052 571973 585324 765999 574624 629806 695759 801643 891038 668527 1075993 978139 517019 374840 328492 685583 540696 623723 539614 1068161 849738 963824 625385 959602 952534 196828 928968 971224 627976 613719 611030 445138 888000 815010 774994 422714 819699 426241 528365 296222 963037 226147 898475 870944 739684 551505 573615 770113 584801 808647 782312 224788 1132980
359121 693370 289712 174708 629006 251868 975588 605443 178176 628682 406815 648516 751943 1020556 793072 403496 507756 764090 717012 975364 596549 359320 572103 229972 784764 518879 798355 797124 644505 856406 876110 76384 443256 165832 336201 275639 324617 902029 635593 871815 964237 999999999 580916 70481 918600 978251 458226 526973 396252 620520 227879 391573 371547 418174 906560 874958 485106 461344 460020 690087 590616 724465 453875 819229 705429 451303 297254 558459 511932 354192 92367 715153 782351 199460 71783 487718 414307 602914 768097 242001 312345 367373 682749 613818 547430 508802 671807 553932 798890 717486 404312 476411 552717 722934 455649 413372 628683 515259 797045 321019
460954 359477 321031 660217 272850 492582 495931 685225 628140 679656 358370 421861 191398 504112 558957 426889 138502 226165 517382 493122 321340 324571 785944 704972 525656 709163 328401 400655 425853 275504 302302 565905 421447 538952 492803 457425 473511 321589 130209 429061 583665 580916 999999999 547271 545091 572200 729544 456089 296301 42476 356836 309718 236896 169454 386068 413333 109191 506574 404038 114185 322147 255602 138949 238317 141640 217259 545366 266434 382491 279107 630343 390205 395439 446085 627360 609387 184653 695278 205849 662809 302244 244748 164629 244199 266968 517595 344392 379456 557888 344673 309336 167058 57530 144020 200654 217726 237446 199768 554063 611422
289101 696446 282761 141580 625649 289432 967556 652025 130762 673111 420041 662067 709636 1006827 812035 427942 489147 717835 737109 966921 600728 364317 630698 198303 800541 573550 743731 736721 658785 821904 835746 134873 466045 96806 265724 305690 254336 868681 614522 813454 969977 70481 547271 999999999 924295 980889 518609 551378 398010 585039 210057 395637 356238 379836 855446 818129 445966 390896 392217 659275 595165 712110 414332 784715 664713 442049 228114 499673 445446 347769 162792 652164 782602 134591 142065 533372 393003 650717 741923 308203 261971 319960 662173 557556 546497 541979 674543 488019 817249 657400 343682 428664 525022 686305 404978 400582 573317 462211 815114 256642
966077 228706 643335 1064289 310210 694224 191003 562011 1044384 532497 513167 280404 612225 282299 202980 533831 484231 665975 258473 196200 323567 560698 722695 1119543 178656 671688 798379 899406 286416 519900 604785 862303 494185 964936 988867 658643 966938 512396 414882 891602 45695 918600 545091 924295 999999999 71319 750054 428009 526295 548694 720465 528929 584731 652934 778485 864496 627370 1033943 936772 483393 329150 291297 643646 516037 591776 494580 1023679 811491 923715 579862 914412 918528 153800 883876 925892 588454 569423 576743 416188 844427 770959 731714 386266 783380 380848 486981 250718 923991 194013 865232 828742 698895 510970 542540 728903 539816 772910 742840 192096 1088357
1007475 284968 698596 1119840 358849 758858 148014 633053 1098559 603333 575102 347780 617680 234622 273106 599465 526312 670599 329782 153713 381703 619155 793850 1174486 249896 743003 802404 906636 354138 511170 595310 924097 560290 1017330 1032108 722558 1010459 497087 443224 891969 44686 978251 572200 980889 71319 999999999 821155 496716 583423 570718 774646 587044 635338 692864 771309 863558 661695 1070406 971093 498557 387645 316826 680465 512439 602675 545217 1070068 836913 954171 634223 977587 933247 199469 934013 988299 659404 615742 647775 421659 912001 815622 773189 408841 803890 434693 557114 306685 951397 264088 878300 866036 731863 543835 551749 763114 589976 792012 771797 262370 1135423
770874 588298 447779 626776 584093 275264 888203 219870 635833 253429 373775 488190 919372 964642 558949 306686 595554 955452 492375 890689 515639 407357 115918 677072 573620 92912 1042960 1085245 480616 958058 1013879 384335 324426 613102 761047 294677 743463 989983 696372 1137809 788889 458226 729544 518609 750054 821155 999999999 343458 433244 770274 475688 419827 507891 640786 1115327 1128834 690260 877347 839354 796717 509613 709515 670576 926326 870234 513606 740424 860647 874938 460657 381252 1030909 673892 602078 405239 162513 556359 208745 830643 224636 625840 649638 728589 891702 517647 271870 575097 908146 567654 1010246 742716 729485 675498 859156 729319 513911 898609 789380 568107 775153
691201 245007 309042 691939 248043 280907 547670 231300 681125 223607 148099 150217 630352 621800 269069 123759 319301 675116 192427 549829 176895 217072 356963 748927 267198 286352 784489 851103 143297 638925 704784 459966 85568 616963 699730 251709 677788 664966 384445 885044 471052 526973 456089 551378 428009 496716 343458 999999999 207855 490382 382107 199374 305743 438551 831826 869284 460775 785591 712133 492172 171486 371967 454537 610980 584933 253389 711204 663279 726151 269201 503343 822001 332446 557023 518528 185352 331739 242610 506352 417326 496883 487889 406965 671796 198236 73880 231682 746314 275723 786401 598043 522688 398581 561251 537386 281298 672199 584214 274385 767557
488667 298610 119039 538150 233598 215411 581808 412634 519344 415004 68297 272641 486517 633150 429423 134468 164622 522265 359642 581931 202729 39522 493965 593698 411937 416972 614305 667170 270851 538180 586084 348660 141136 443208 500700 176300 478437 575563 280627 711772 571973 396252 296301 398010 526295 583423 433244 207855 999999999 337174 197452 13424 98318 235242 682168 700368 268590 579858 504362 370479 197217 339245 256182 503970 437189 82549 520097 463055 518762 63474 407865 627258 386302 369769 414454 320885 132473 420197 420922 390960 291113 280058 321647 479394 151312 246701 276780 540184 433223 597075 390188 322796 242763 428717 333779 83818 482621 385028 430538 580693
483521 376132 363371 694873 293261 534984 484634 720643 662003 713919 398099 446475 149549 485446 577398 466532 176519 186841 540273 481418 347492 366257 824748 738313 542827 748115 296006 375312 450985 236868 260153 607131 459552 572839 517026 499708 498568 283958 138931 397195 585324 620520 42476 585039 548694 570718 770274 490382 337174 999999999 397704 350566 279372 205486 346368 379636 141230 521565 417799 86445 348939 257397 172512 199688 100027 257076 572311 267035 390665 321460 671543 374461 402845 480039 668148 647719 227127 731044 181783 705281 335320 276605 162618 234703 297330 553747 362851 382852 575723 325288 330598 188103 95171 102696 221922 259630 224842 209153 571834 637865
317458 491787 78430 345686 417314 200424 757542 538893 324025 551498 236437 469487 536031 797345 625069 268358 281009 554729 553301 756883 397971 170573 569151 399877 608942 497697 609161 629885 467326 631509 656587 209828 298810 245820 320647 186658 299297 676291 408192 694096 765999 227879 356836 210057 720465 774646 475688 382107 197452 397704 999999999 198295 146372 203999 705798 691508 269414 419256 366592 463582 392840 502203 240070 594462 487769 232361 329148 394546 399411 140621 274100 564063 575534 175412 270524 425527 186525 542011 540252 334345 150184 181205 455545 436275 340112 394758 469778 432566 629260 551411 267051 279597 325409 500389 269140 190525 447184 331899 626708 386762
494518 302077 120035 536297 240083 204388 588557 400855 518350 403797 56460 271204 499889 641275 427059 121531 177724 535689 356256 588793 205576 32315 480771 592130 410670 403783 627563 679970 269042 550739 599130 342036 129863 443543 505608 165076 483403 587834 292566 724933 574624 391573 309718 395637 528929 587044 419827 199374 13424 350566 198295 999999999 108540 246619 695592 713628 281269 586901 512862 383338 199844 348242 268311 516656 450578 95513 523352 474652 528366 69949 400434 639369 390813 372017 407674 308025 144933 408224 432739 379757 298052 289173 333049 491794 157282 235612 280395 550434 431110 609613 399047 334600 256107 441900 344913 96826 495216 396844 428517 583283
399205 356982 87194 489634 276493 256618 611893 508359 465478 512116 164735 354011 427036 650999 512148 225952 136549 455882 446453 611117 268651 104841 579365 542503 490611 502818 535378 579698 353571 502597 538351 341432 238287 382329 414940 223074 392591 544830 264924 629944 629806 371547 236896 356238 584731 635338 507891 305743 98318 279372 146372 108540 999999999 139448 614217 621122 182407 486129 407360 332173 264505 355879 164580 466303 377232 90226 441804 367555 420515 47403 405218 534046 435891 299162 406038 411189 52279 515260 400940 425937 199268 182401 311656 388496 205213 344062 335137 441955 514986 507042 292732 228563 193578 379228 236907 45478 393475 290646 511979 505231
314743 436671 195532 490785 346930 376641 639996 647372 458942 650245 303079 461431 334322 660461 616381 365394 169208 350834 558142 638006 364647 244046 717025 535994 589650 640815 410233 444470 462686 442281 457944 412421 376345 369799 341066 348596 320029 489430 263748 500259 695759 418174 169454 379836 652934 692864 640786 438551 235242 205486 203999 246619 139448 999999999 502290 494511 66944 382598 290760 283383 362329 383786 36205 405129 287303 191662 386187 228185 292653 185598 476107 394890 499183 276991 470200 550449 107284 654485 372180 532530 134698 81799 309474 251183 298457 481938 416577 308744 617760 369883 177754 89547 161046 306477 98884 157338 257853 151334 614362 452620
651591 674919 691051 932514 609351 870075 638381 1063075 894908 1054138 744300 765759 201492 587466 870844 812784 522863 159917 851012 633119 674492 708960 1171049 962405 832999 1094460 126320 212123 771584 260140 176478 911597 805653 812046 691410 837289 681419 280058 452179 146405 801643 906560 386068 855446 778485 771309 1115327 831826 682168 346368 705798 695592 614217 502290 999999999 114445 439464 630222 541009 343979 677368 522713 466683 262998 247790 603187 759283 371766 485285 659632 974075 301078 665301 727636 965623 993846 562881 1074054 370704 1033358 594600 539415 444088 306392 634560 897800 668284 448461 866915 252822 523332 430887 441525 272779 451079 601926 288050 393432 862952 814326
587257 738577 689583 880298 664607 870798 736610 1098502 841943 1092888 766153 820902 257799 691924 938742 834287 551356 204726 911166 731561 724491 722143 1194244 904722 901833 1117247 86066 108524 826025 356558 278068 889406 832642 763811 626914 841259 619942 383925 504764 32087 891038 874958 413333 818129 864496 863558 1128834 869284 700368 379636 691508 713628 621122 494511 114445 999999999 439170 550789 471238 401769 726471 593560 461456 351172 292648 626692 695664 319276 412595 668228 949531 206768 740872 685689 938487 1019473 572637 1108437 449155 1025094 564300 514715 506562 261146 676862 930655 729140 371701 935661 171231 476012 412004 470861 332093 424461 617137 246867 362235 931693 745675
