NAME : synthetic_000294
TYPE : CTSP-D
DIMENSION : 100
GROUPS : 8
RELAXATION_LEVEL : 1
EDGE_WEIGHT_TYPE : EXPLICIT
EDGE_WEIGHT_FORMAT : FULL_MATRIX
EDGE_WEIGHT_SECTION
999999999 500390 262763 642958 241843 320034 372134 223569 334730 214398 532616 339119 61476 577698 476584 288036 653897 237671 121600 298762 595901 461259 238072 437550 497014 578274 86741 155137 225295 346981 469049 253904 546224 409496 472034 409661 59988 404734 683868 411585 465455 142295 459907 741086 370857 399037 389687 449872 410146 117390 491763 412546 243119 485620 502556 276260 446141 232759 613065 373852 467709 393997 576320 713350 378668 220118 420528 390456 208416 504960 511075 670452 327430 357745 119878 26050 318758 524192 275768 742148 419369 410482 515246 424564 156047 391656 223235 320407 457349 438511 338886 445537 448947 385242 440880 448908 170869 155472 411753 117314
500390 999999999 736940 985677 626371 353327 768117 637907 820701 438558 355116 669980 535550 321271 369416 514884 1033832 734736 400891 247580 504374 801389 599818 899881 848992 344791 430841 440893 316940 630968 174693 616230 302063 775455 327775 886515 526004 705461 1048318 709320 723871 534294 468082 472607 255619 895087 135289 671261 504898 384108 206354 177540 706682 316582 936791 263817 771314 284953 906842 458288 402392 240609 609680 485950 488663 720014 871989 781664 700413 608780 554611 964050 652909 835745 608821 494597 589808 428517 635151 1062774 893403 867233 357142 915859 406383 586842 723431 514243 951684 892430 476083 316700 68299 748286 796237 922884 507207 630837 853033 383670
262763 736940 999999999 707870 391168 459494 176419 130753 88535 461849 793523 236427 269537 840353 735247 509754 683421 90714 384353 559257 845043 565117 407876 174907 582299 840443 309155 303526 425500 522355 728537 415209 808930 506108 610435 150218 217154 552320 723654 559154 622869 348984 530080 1002284 547670 274021 641299 629894 454302 361961 675583 612231 292162 629032 496989 536904 565429 452461 719646 616308 722873 656447 802269 972484 614146 155956 410068 192850 74080 720242 742229 768258 238902 313641 143346 256168 510493 621579 428861 810699 158422 393828 775666 185469 334076 596646 127004 544427 327421 177802 400339 707123 677199 492185 537598 385504 247752 253555 420539 371335
642958 985677 707870 999999999 405256 953823 884283 787336 688753 558153 748797 921024 581607 824973 688407 471467 92211 617170 649570 741985 663560 189733 418915 804121 147131 804218 720819 797979 838714 355484 847836 400953 809527 234158 1094694 748235 682470 280455 73159 276397 270845 514501 1102430 888755 977905 493369 850892 330298 1052123 717475 1075798 989245 429131 1104386 238853 730089 216102 824273 112741 542060 649984 756683 518960 834005 511678 554012 308698 900606 643463 449011 520297 101940 916480 404582 652911 668236 396988 1160775 378250 103127 761690 325549 731233 689976 794130 407573 582036 471986 482719 825437 981173 715837 968421 259900 204226 371453 804749 504757 290801 698123
241843 626371 391168 405256 999999999 548601 552854 424226 418361 191457 504508 555708 182121 571656 437266 160538 427567 312947 249728 380280 503396 219961 31156 544353 258193 561071 316012 395279 435096 131460 526746 26195 545316 171283 691297 497286 288997 169038 452463 176064 236444 109594 698467 701365 577108 341836 493251 238725 651732 313217 682662 596829 130152 701865 310442 362690 204405 424116 371365 281966 410167 432827 426869 658895 266125 249632 251268 571210 317090 339078 375369 428611 547363 245696 284224 267770 126777 755534 38366 502307 510502 249893 484534 473597 389328 214518 276093 190026 383306 556460 580394 434698 594882 145416 201250 316879 410266 138186 228938 295051
320034 353327 459494 953823 548601 999999999 437786 335451 547997 430508 595395 328098 380117 601159 569278 529273 971451 493342 312565 337648 717111 766705 536169 595582 806710 615583 235470 174018 125126 625119 442493 553888 571762 719863 156285 596799 302293 694469 999468 700699 743429 439371 166576 773989 103201 689320 332006 711382 164399 238267 222885 182847 562414 172832 822362 327659 746543 158821 910337 554529 583058 427631 761423 769022 574986 508707 739225 448410 452019 717536 693872 969353 311392 669452 373734 298025 587747 206972 576691 1049740 600184 728383 586118 644537 164017 634683 498786 550624 748740 582304 122968 516844 285041 693925 749665 760261 212817 474705 731551 259973
372134 768117 176419 884283 552854 437786 999999999 150096 218711 586250 894839 118574 402235 930713 843376 651271 858847 267114 484045 638645 967637 738666 565175 183181 757603 935350 380736 333846 453360 681597 798582 575035 898809 679709 566642 212430 313336 718922 899486 725877 788437 491347 450308 1100626 539161 435405 698115 789646 369924 436210 660053 615191 465323 586944 671288 617811 737088 490924 894112 745551 837651 741440 944100 1077741 748715 331394 585240 18622 244051 867435 880445 943640 132519 488141 273927 354877 664379 548819 591184 987118 207954 568807 878791 284416 370424 747151 302781 685287 482131 161673 339466 806850 702177 664386 711575 554691 265578 415236 596625 453523
223569 637907 130753 787336 424226 335451 150096 999999999 216876 437962 745147 134106 259432 782380 693306 507443 774994 195031 333949 491281 818031 625937 432123 264332 651215 786376 232393 197050 321054 548238 654192 444033 750487 568059 482879 261395 164065 593084 812407 600110 660416 350311 399426 951440 429004 395900 557144 655523 324265 288164 555767 498677 358390 501917 595547 470047 619602 354573 782624 597418 687635 593497 798687 927910 601842 242214 506939 168002 156059 724563 734067 835684 129228 415767 140261 205202 527054 490909 462358 890310 265157 491912 728954 311443 232256 606819 218933 540896 452091 254894 269630 657178 574449 549288 600575 496928 131617 291783 511580 304447
334730 820701 88535 688753 418361 547997 218711 216876 999999999 518826 856889 305934 329359 907822 796086 553959 653446 109056 455206 633489 897120 564868 440001 126576 574908 906113 390589 390981 511863 548922 803726 443999 876836 506751 698536 80347 296244 567711 695775 574209 638730 397749 614350 1065389 635976 217900 720692 653794 537215 441345 763933 699773 301493 717240 463785 610989 570429 537215 714307 667118 780542 727609 841614 1032662 661431 168730 381724 230569 126787 756008 785050 758517 311632 284492 215964 332355 543438 707283 453872 789996 92866 364859 838400 97153 420580 631215 143086 588374 263427 141955 486013 772055 762184 497213 536391 340587 336249 288208 397959 448359
214398 438558 461849 558153 191457 430508 586250 437962 518826 999999999 341094 549165 192313 399435 278042 99007 598365 410903 125140 191037 384038 369437 162856 634678 415747 393625 237665 321323 305842 205705 336434 178452 370371 338162 552120 598433 274057 280331 616184 285509 318108 127359 594620 548182 430436 507070 304024 281394 566783 202003 519015 432572 295837 558817 500591 175459 342119 280198 494669 159457 261849 243523 364877 513923 166037 365238 442303 604640 395248 300730 298369 553955 536204 424668 321654 234038 164869 631678 196690 644428 609900 440042 321940 596037 298738 204535 382565 121396 556328 639585 498020 260524 412978 310793 360946 503731 366139 245461 420395 177664
532616 355116 793523 748797 504508 595395 894839 745147 856889 341094 999999999 831889 527568 76177 67547 345235 818592 750230 413037 267192 150070 592331 473421 968255 638923 57903 515010 577616 491250 434968 181858 482391 66128 591221 642900 935559 586378 493934 819839 494609 479592 467960 751834 208784 533064 841503 275476 419362 759218 460551 544313 481217 627128 638242 782012 284443 558638 448511 648881 228159 101164 168174 276229 183266 252792 706321 745470 912281 731323 308585 239547 698726 816297 750046 650340 544440 404241 743639 490796 803449 946450 747680 19991 936664 543107 351101 723170 321006 886719 970605 705466 87992 387294 568695 599299 818858 640958 586041 718455 441691
339119 669980 236427 921024 555708 328098 118574 134106 305934 549165 831889 999999999 384182 860061 786134 627147 906760 317977 433831 567779 919396 759865 561713 298597 785318 867511 320945 255029 362934 676933 718322 574487 828348 702089 449900 320016 279834 724745 944824 731772 791107 475197 331874 1032948 430978 510408 613027 783257 251488 372773 548047 509210 492310 470311 724949 548593 753043 403734 916536 707252 785455 671057 913753 1014987 715117 372121 636595 124587 283119 844032 847529 969753 17072 543109 273289 316480 653322 430288 593558 1024055 317978 621114 817357 386832 290756 729930 346793 659444 562981 278778 222733 744474 602639 683104 734615 620060 191187 425281 642856 393759
61476 535550 269537 581607 182121 380117 402235 259432 329359 192313 527568 384182 999999999 579176 467356 249054 592642 223790 137384 315934 575816 400698 181176 442683 435845 576890 144985 216606 279857 293843 485175 196043 548459 348351 530633 408064 108105 347667 622424 354600 410573 91166 521383 736158 425976 359600 416580 399277 471029 163191 543835 462302 186192 543617 443819 293723 386495 281778 553446 348047 453633 402891 541996 704383 348223 189934 363491 420839 203965 465648 478989 610463 374003 306911 130833 86652 269141 585053 217278 681016 419120 354306 509157 411979 216471 347419 200593 283062 416196 447279 399864 442779 488793 324365 379884 397362 228224 100185 353158 155208
577698 321271 840353 824973 571656 601159 930713 782380 907822 399435 76177 860061 579176 999999999 140306 414354 894594 802939 456289 292795 206777 667695 540500 1015219 714476 26926 550123 605101 507545 508475 162174 550523 31904 665211 629977 985326 628285 568963 896007 569804 555707 526752 750097 174240 528303 904816 270260 495496 765489 494519 521520 467803 691185 622992 854993 313060 634033 464496 724835 300631 176515 189493 345535 170090 326618 762701 815895 947631 781337 383659 313799 774334 843937 816300 697087 586869 476419 731908 560243 879136 995688 817464 94320 990771 569328 426394 777841 392205 951755 1015959 716840 138985 364713 642210 674099 887629 670918 644722 789419 478087
476584 369416 735247 688407 437266 569278 843376 693306 796086 278042 67547 786134 467356 140306 999999999 277756 755929 688657 359459 232671 148866 527799 406213 909527 574791 125149 466285 534069 457839 368321 196088 414986 121288 524943 632368 875275 532156 428835 758709 429789 418032 403959 730494 270224 516892 775096 268243 358154 731088 413365 544016 473651 560622 629836 715124 246310 494180 416157 591172 160895 39128 147555 241362 237237 186333 642919 677952 861123 671317 257015 192661 642762 771005 682891 592588 490145 336977 731041 423260 746954 886446 680134 47588 874063 500918 286562 660606 253510 819806 912833 673567 55868 390372 502075 533855 751336 594979 521761 650990 392896
288036 514884 509754 471467 160538 529273 651271 507443 553959 99007 345235 627147 249054 414354 277756 999999999 519877 445037 220458 270619 347299 286677 129931 676266 334490 402342 327894 412928 404763 116128 389065 137393 389425 265753 650481 634281 347476 191016 533436 195267 220946 161325 692866 540845 528379 501661 379779 182387 662864 297887 612709 526690 287898 656761 445992 259605 256443 379024 400521 121592 249701 294688 293489 498842 108762 389160 401719 669879 438109 217244 232489 459492 615406 406058 378544 311276 74952 730674 145891 553086 646759 403110 325245 620397 393191 107650 411687 34678 543844 684630 593327 280133 497342 239693 283226 473681 451589 266357 375738 273880
653897 1033832 683421 92211 427567 971451 858847 774994 653446 598365 818592 906760 592642 894594 755929 519877 999999999 593792 677101 787186 742587 233752 446751 762040 185642 875096 736137 808430 861782 404739 905059 428849 877170 260862 1117680 706041 686823 332890 44813 330368 339432 536477 1112843 968059 1004617 446041 898544 399738 1057393 739709 1109074 1022856 423146 1128792 189842 773320 265787 851679 202581 603507 718315 812009 601312 914069 573997 534897 273627 874186 624529 526547 596982 192694 903883 371017 646829 678060 445060 1177398 407147 154438 719065 290154 800335 642706 808748 470382 561285 525733 425922 784860 987431 778942 1011336 288318 237712 319842 807403 506072 264026 722350
237671 734736 90714 617170 312947 493342 267114 195031 109056 410903 750230 317977 223790 802939 688657 445037 593792 999999999 354762 534511 788124 476177 333055 232392 492156 800341 305011 324111 436755 444257 704867 338130 772248 417228 648681 189397 210239 468480 633638 475188 539424 288820 586051 958402 571388 202719 627305 550511 514546 350958 698784 628030 204550 666000 408606 512016 477835 456329 629961 558115 672325 625547 733613 924818 552394 67015 320975 283548 41934 648743 676432 678009 317835 225702 127232 240293 436579 672281 349487 720021 201740 304990 731535 188542 348068 524088 38057 479499 260608 243544 453996 666193 679729 404389 448396 302770 282511 179853 330384 354464
121600 400891 384353 649570 249728 312565 484045 333949 455206 125140 413037 433831 137384 456289 359459 220458 677101 354762 999999999 179922 486367 460286 231292 559094 502995 457388 114986 196807 191017 312619 350150 249323 424752 418336 445613 530957 173341 382884 700740 388958 430908 143083 473703 620956 328497 495895 279326 400739 442475 77431 433318 347915 307483 454870 551056 157484 437673 174949 599229 275858 354160 272597 485828 594955 287638 326859 478604 501885 328478 425375 418284 658458 419841 435372 241404 131417 275262 517645 271761 742298 540817 472056 396194 543051 173623 327861 335506 246064 551613 559685 373243 325446 358245 391340 446035 523603 245885 229962 462987 53529
298762 247580 559257 741985 380280 337648 638645 491281 633489 191037 267192 567779 315934 292795 232671 270619 787186 534511 179922 999999999 379628 555702 352966 732791 602958 299753 258994 312757 225522 386501 170407 369097 260954 528106 417058 707808 342909 461588 802933 465885 486598 294747 501051 465171 295806 670092 113093 438502 498549 203188 353242 270768 469853 418223 690577 22516 526451 183536 668870 239614 245482 103365 432650 448838 266669 505869 628653 655367 507102 403932 367180 727241 551812 600169 418071 303090 345017 510880 387710 822981 717112 624968 254826 722582 277392 353803 515328 274752 723966 731298 441083 182736 226871 500877 549476 684350 378157 401690 608364 189113
595901 504374 845043 663560 503396 717111 967637 818031 897120 384038 150070 919396 575816 206777 148866 347299 742587 788124 486367 379628 999999999 532766 474410 1016392 575252 179970 598502 671620 603372 401774 330082 478077 211420 546262 780551 977379 654301 442597 736523 441160 408203 499407 879080 225480 665700 844568 414626 350088 878011 548348 688689 620903 633184 777543 739778 391545 499803 562397 555720 230011 136078 295951 150476 171922 238602 735161 719671 985816 776615 216222 147562 598800 904929 743722 705679 612844 383088 879620 479575 703377 989415 725198 147454 967053 640087 306420 756421 314618 882412 1022455 819000 203900 532930 528499 546307 799792 729275 611998 690348 526234
461259 801389 565117 189733 219961 766705 738666 625937 564868 369437 592331 759865 400698 667695 527799 286677 233752 476177 460286 555702 532766 999999999 230604 688729 48147 649692 535694 615202 650064 171077 671439 212824 648482 59010 905744 634952 505437 99856 247243 98170 127465 327677 918318 755863 788410 406557 666171 182797 871390 529367 886211 799666 273363 915155 215053 542823 33722 634792 156690 371919 491263 578269 405181 704224 343159 409461 227974 756145 494641 319572 385237 210981 753411 300041 486988 487038 211735 973641 190021 283036 648761 240759 573457 589408 608954 241301 438570 292024 418974 706553 800095 547456 781279 77263 28714 311797 627680 335082 198542 509475
238072 599818 407876 418915 31156 536169 565175 432123 440001 162856 473421 561713 181176 540500 406213 129931 446751 333055 231292 352966 474410 230604 999999999 565291 272000 529943 306775 388448 419804 116525 496941 18032 514179 187077 675801 519550 289269 166732 469504 173619 229831 98236 689328 670748 559759 371854 466053 224499 645584 298796 662324 576135 158810 685675 337793 336003 211068 406240 377021 251497 379366 402815 402395 628649 236490 271673 281295 583665 333964 316012 348893 435296 552558 276689 293356 264114 103527 743075 40670 513602 532584 280387 453452 498764 379718 191214 297042 160248 414069 576402 574223 403582 570131 160049 214937 347904 408518 154546 258206 279209
437550 899881 174907 804121 544353 595582 183181 264332 126576 634678 968255 298597 442683 1015219 909527 676266 762040 232392 559094 732791 1016392 688729 565291 999999999 696454 1015346 478857 459660 583914 675189 901303 569841 983769 631092 735717 56035 389905 694143 805500 700613 765139 517634 629276 1177034 692086 316537 811073 780309 549076 533140 817797 762892 427950 755567 572586 710543 695495 615153 835949 786784 896298 830848 965926 1146730 782730 294887 495436 184888 239791 881111 908237 878209 310308 400340 318252 429983 668813 726907 580160 903801 43063 478575 950308 125811 493537 756417 268367 710854 348254 26419 511235 881978 837538 622515 660119 443125 395822 412182 514598 544094
497014 848992 582299 147131 258193 806710 757603 651215 574908 415747 638923 785318 435845 714476 574791 334490 185642 492156 502995 602958 575252 48147 272000 696454 999999999 696120 573973 651809 691729 219111 719585 254005 695658 87524 947790 641688 538355 147811 200438 145807 167253 367373 955955 799308 831466 402422 713737 225456 906814 570389 931118 844615 293998 957650 186199 589759 80949 677853 139505 419654 537972 626404 443582 747048 390695 426413 216868 774675 513954 360382 427742 186038 779707 299836 513991 522489 259588 1013669 231366 245180 655452 231641 620182 591632 647297 288235 455295 340169 408004 715554 835698 595218 828152 112791 57113 297250 660786 363374 189965 551165
578274 344791 840443 804218 561071 615583 935350 786376 906113 393625 57903 867511 576890 26926 125149 402342 875096 800341 457388 299753 179970 649692 529943 1015346 696120 999999999 554630 612502 518529 492868 181152 539273 44866 649073 649506 984188 630248 551512 875595 552099 535820 520920 766853 165569 545561 896728 286615 475523 779980 499339 543196 487171 682579 643077 839915 319108 615983 475465 702986 285973 158869 196669 319962 153453 310690 758294 803041 952481 779971 360726 290308 751797 851564 806384 697097 588560 462066 751256 548074 856697 994794 805103 77635 987596 577111 408580 774288 378641 942640 1016785 729735 134148 385980 626591 656955 876023 677529 639061 776131 481949
86741 430841 309155 720819 316012 235470 380736 232393 390589 237665 515010 320945 144985 550123 466285 327894 736137 305011 114986 258994 598502 535694 306775 478857 573973 554630 999999999 85246 139459 406311 423980 323937 518222 486666 385808 459371 95205 470556 764693 477149 526083 208580 382703 719972 284388 480428 332448 502794 340572 55807 406503 329082 329609 399111 588534 237663 517764 152031 683723 390843 464562 361111 600631 698213 402156 298951 507090 397856 269663 538329 533186 742071 306431 443965 178247 69629 373026 441342 346583 818315 467349 497171 499506 485143 73326 435346 297473 356328 539357 475349 269547 427068 374736 461313 517174 535184 131248 242083 497784 73455
155137 440893 303526 797979 395279 174018 333846 197050 390981 321323 577616 255029 216606 605101 534069 412928 808430 324111 196807 312757 671620 615202 388448 459660 651809 612502 85246 999999999 124269 490698 466122 405174 573363 564288 330137 450017 128572 553628 838857 560306 610430 290356 304792 777921 247527 516482 364289 587954 257160 124310 375311 308794 392353 346031 652431 293730 598745 158034 765306 471313 536188 416029 681984 760484 484285 335155 567882 349232 283852 621993 614192 823251 239071 495811 200990 130406 457976 372112 427576 896832 455785 556472 563536 488071 36647 520456 326490 440928 575955 451592 185827 490591 377895 539701 595459 586464 68270 305196 561789 147901
225295 316940 425500 838714 435096 125126 453360 321054 511863 305842 491250 362934 279857 507545 457839 404763 861782 436755 191017 225522 603372 650064 419804 583914 691729 518529 139459 124269 999999999 503126 357909 437762 476602 605886 256212 573354 228136 573886 887556 579938 620556 325591 291094 681783 146119 618884 250556 587062 275942 122073 267084 191517 466027 267021 722712 211877 628266 43071 790245 430833 467804 323688 639188 670565 450542 436853 643335 467740 398547 593015 571346 849473 346058 583035 309845 208976 464930 327041 460473 932638 579456 634107 479813 608569 91429 509745 433256 425604 678013 575789 215756 408165 253628 579319 634627 674202 190315 379247 632344 140606
346981 630968 522355 355484 131460 625119 681597 548238 548922 205705 434968 676933 293843 508475 368321 116128 404739 444257 312619 386501 401774 171077 116525 675189 219111 492868 406311 490698 503126 999999999 501127 107197 486735 157123 754876 627296 401469 75241 417394 80001 119773 204765 784511 615055 634364 451661 495898 108065 746830 387675 724624 638227 252963 762512 347181 374808 140351 482130 289254 208100 334368 407556 304851 567438 182181 380302 318234 700069 448284 214593 261725 348604 667340 346477 409824 372678 41550 830104 95052 438998 640640 323435 415386 600008 477112 95974 407199 121914 484300 687689 675857 381759 612999 133754 170034 398049 517694 268911 289301 365240
469049 174693 728537 847836 526746 442493 798582 654192 803726 336434 181858 718322 485175 162174 196088 389065 905059 704867 350150 170407 330082 671439 496941 901303 719585 181152 423980 466122 357909 501127 999999999 510948 136344 654755 468368 877582 511591 572219 914433 574986 579125 454901 588389 332046 366405 835160 110558 522629 606321 368720 363808 306048 629400 461973 831756 192921 639305 315605 760185 306980 230942 94670 437356 332263 337769 674939 778014 814569 677441 444107 385394 815333 701715 759393 588089 472539 462175 570163 526253 917146 886682 776247 182667 892987 429534 440951 685206 379459 887474 898899 560733 146040 206388 628755 670941 840032 533920 567052 755099 357297
253904 616230 415209 400953 26195 553888 575035 444033 443999 178452 482391 574487 196043 550523 414986 137393 428849 338130 249323 369097 478077 212824 18032 569841 254005 539273 323937 405174 437762 107197 510948 999999999 524714 169055 693786 523079 303962 151701 451483 158661 216621 115369 706588 677694 577790 366689 482186 215085 662239 316666 680229 594012 156037 703688 322274 352462 193831 424271 360137 258245 387009 416595 400685 634643 241413 275298 268286 593461 341149 312996 349272 418231 565655 268887 304588 279953 100593 760818 22804 495853 536259 268171 462402 499779 396986 188376 301496 165593 407040 581673 590869 414415 587230 142017 196932 337133 423946 161718 244314 297175
546224 302063 808930 809527 545316 571762 898809 750487 876836 370371 66128 828348 548459 31904 121288 389425 877170 772248 424752 260954 211420 648482 514179 983769 695658 44866 518222 573363 476602 486735 136344 524714 999999999 643792 604667 954172 596570 549213 879953 550368 539285 497537 722258 205343 500842 876598 242023 479346 736153 462616 498940 442327 663389 598309 832279 281169 614926 433536 711381 278650 159553 157626 342284 197670 305855 732697 791137 915729 750277 373153 304914 762130 812248 789284 665704 555199 453464 706402 535161 866638 964471 792290 79899 960238 537639 407454 747495 368725 924148 984379 686683 110866 341610 620260 653821 861810 639098 615335 765059 446213
409496 775455 506108 234158 171283 719863 679709 568059 506751 338162 591221 702089 348351 665211 524943 265753 260862 417228 418336 528106 546262 59010 187077 631092 87524 649073 486666 564288 605886 157123 654755 169055 643792 999999999 862080 577660 451294 104049 282428 106398 158378 280777 868484 765499 746738 355220 640282 203275 819350 484221 848830 762486 214390 872306 193713 513503 67122 593277 215009 365142 490276 560438 428964 715800 338612 350478 185400 697168 435672 339810 400263 267757 695911 247277 429615 434988 193172 926776 146864 332667 591469 195897 571776 533882 559981 243360 379590 277841 372517 648568 748213 538746 751033 27460 32553 270023 573718 278077 154971 465492
472034 327775 610435 1094694 691297 156285 566642 482879 698536 552120 642900 449900 530633 629977 632368 650481 1117680 648681 445613 417058 780551 905744 675801 735717 947790 649506 385808 330137 256212 754876 468368 693786 604667 862080 999999999 742259 458048 827173 1143747 833011 870093 581764 153485 793650 123132 845516 367537 832093 216249 378139 129554 162347 715146 20534 974341 414760 883247 272746 1043538 653288 654211 484816 849394 799768 677829 664990 892477 574352 607144 818618 784233 1102882 434649 824825 529984 451340 715428 102068 716456 1187908 744455 882114 638125 794155 317335 751077 654920 666884 904917 720026 227260 576783 268854 835473 890704 915795 366732 627453 883590 396644
409661 886515 150218 748235 497286 596799 212430 261395 80347 598433 935559 320016 408064 985326 875275 634281 706041 189397 530957 707808 977379 634952 519550 56035 641688 984188 459371 450017 573354 627296 877582 523079 954172 577660 742259 999999999 366924 643322 749478 649693 714189 477980 645001 1144207 689746 260715 791430 731326 565621 511988 816913 757400 377589 761663 516559 685371 642564 601727 781140 747389 860247 803549 921501 1112070 741779 247906 439539 218383 204262 835536 865241 822880 329509 344738 289864 405072 622866 741071 532276 847813 13810 422688 917210 75013 482032 710721 223070 668680 293984 79553 521850 850266 826066 569873 606291 387277 389899 368393 458962 520765
59988 526004 217154 682470 288997 302293 313336 164065 296244 274057 586378 279834 108105 628285 532156 347476 686823 210239 173341 342909 654301 505437 289269 389905 538355 630248 95205 128572 228136 401469 511591 303962 596570 451294 458048 366924 999999999 455650 719113 462597 518632 197215 427454 794192 367938 392171 424788 506015 370753 145253 493555 419628 266426 473434 525768 320703 492847 246092 659609 433499 524848 441838 636302 768173 438627 209917 440332 331539 174458 564576 571049 716020 268580 367254 83149 42015 375227 499657 324921 783230 375539 428559 569498 390194 143412 450206 205125 380102 451549 388633 300608 498752 469784 428466 483361 457977 122432 180827 435444 154295
404734 705461 552320 280455 169038 694469 718922 593084 567711 280331 493934 724745 347667 568963 428835 191016 332890 468480 382884 461588 442597 99856 166732 694143 147811 551512 470556 553628 573886 75241 572219 151701 549213 104049 827173 643322 455650 999999999 343441 7028 71047 263605 851630 662963 707381 442323 570540 101108 810702 456283 799344 712888 266219 835286 297192 450037 67104 554551 216427 272127 392775 479449 325864 612670 243570 402062 285602 737098 478804 236150 296284 275736 716354 333923 452931 430763 116787 900376 131383 364098 656985 294266 474865 607866 542664 143043 430506 193209 466584 709011 739426 447633 688177 90236 105693 369463 575250 303967 255241 434614
683868 1048318 723654 73159 452463 999468 899486 812407 695775 616184 819839 944824 622424 896007 758709 533436 44813 633638 700740 802933 736523 247243 469504 805500 200438 875595 764693 838857 887556 417394 914433 451483 879953 282428 1143747 749478 719113 343441 999999999 340090 340679 561985 1143611 961783 1029068 489856 913173 400653 1089863 765626 1130794 1044355 457853 1154296 232934 790025 277053 875666 185075 610002 720511 822387 592118 907090 579906 573602 314823 915044 663385 521668 592852 163444 941511 412421 682279 708476 458512 1205969 429236 110792 762569 331525 802059 686713 837682 475752 600451 536487 470559 828129 1019509 784634 1028464 309563 256018 363907 840450 538862 303273 747437
411585 709320 559154 276397 176064 700699 725877 600110 574209 285509 494609 731772 354600 569804 429789 195267 330368 475188 388958 465885 441160 98170 173619 700613 145807 552099 477149 560306 579938 80001 574986 158661 550368 106398 833011 649693 462597 7028 340090 999999999 64526 270362 858074 662120 713072 447487 574496 97432 817357 462551 804508 718080 272727 841035 298838 454566 64862 560347 210528 273848 393477 482453 322778 611552 244993 408726 289204 744047 485665 233419 294510 269872 723376 339015 459955 437610 121457 906515 138395 359017 663365 298162 475628 613890 549191 143520 437202 196396 471145 715564 746092 449411 692574 94127 105912 373262 582134 310951 258794 440802
465455 723871 622869 270845 236444 743429 788437 660416 638730 318108 479592 791107 410573 555707 418032 220946 339432 539424 430908 486598 408203 127465 229831 765139 167253 535820 526083 610430 620556 119773 579125 216621 539285 158378 870093 714189 518632 71047 340679 64526 999999999 323195 903748 632715 748544 508812 590767 60313 866598 506669 833265 747423 337243 876925 341759 477873 97168 597696 182989 272308 379892 489696 277737 580083 241660 473067 343764 806686 549213 193149 260827 240764 782207 400216 520597 491306 155691 947565 198154 339166 727867 354160 461600 677876 596804 138261 501470 211847 529816 780056 795630 445112 712979 152892 146719 428399 636320 373209 313346 483914
142295 534294 348984 514501 109594 439371 491347 350311 397749 127359 467960 475197 91166 526752 403959 161325 536477 288820 143083 294747 499407 327677 98236 517634 367373 520920 208580 290356 325591 204765 454901 115369 497537 280777 581764 477980 197215 263605 561985 270362 323195 999999999 591219 674144 468238 381684 405125 308814 547516 203645 576180 490959 175246 592473 408419 274652 309187 315803 475257 269449 384999 364971 454755 638130 265373 239147 338360 509969 278281 376131 393491 533512 464802 305602 217774 168112 178220 646342 138057 610643 490012 333046 448638 470971 281620 256568 258163 195896 432770 524897 476174 387873 497071 254611 310306 389835 313136 118146 321194 185882
459907 468082 530080 1102430 698467 166576 450308 399426 614350 594620 751834 331874 521383 750097 730494 692866 1112843 586051 473703 501051 879080 918318 689328 629276 955955 766853 382703 304792 291094 784511 588389 706588 722258 868484 153485 645001 427454 851630 1143611 858074 903748 591219 999999999 919730 222104 788591 480244 874284 80388 397157 281267 291876 693874 172095 952752 492486 900384 325251 1066010 721105 746352 585920 927696 919825 741469 616641 866423 454616 544318 883998 860249 1124542 319146 787346 482923 435137 748454 98920 729261 1200696 644854 853915 744054 705301 309611 799136 600638 715428 846648 610353 132183 676816 403720 843524 899364 875713 312263 607880 862694 420286
741086 472607 1002284 888755 701365 773989 1100626 951440 1065389 548182 208784 1032948 736158 174240 270224 540845 968059 958402 620956 465171 225480 755863 670748 1177034 799308 165569 719972 777921 681783 615055 332046 677694 205343 765499 793650 1144207 794192 662963 961783 662120 632715 674144 919730 999999999 697627 1042027 442128 573853 938102 664780 678379 632876 827654 784993 959146 484662 722560 638731 780188 419464 291863 361916 371761 56349 437972 913141 932518 1117822 940002 441595 371963 821536 1016955 946571 859070 752348 590475 895681 683175 925531 1155152 936535 227001 1144217 742418 522509 930731 512425 1084637 1179285 890621 295583 525115 745962 767914 1009814 843081 791830 904065 647121
370857 255619 547670 977905 577108 103201 539161 429004 635976 430436 533064 430978 425976 528303 516892 528379 1004617 571388 328497 295806 665700 788410 559759 692086 831466 545561 284388 247527 146119 634364 366405 577790 500842 746738 123132 689746 367938 707381 1029068 713072 748544 468238 222104 697627 999999999 760105 259123 709595 249698 266488 128027 80430 612143 128393 868569 292387 764861 153632 923469 530528 536486 370012 728452 698208 554830 577855 789450 550331 531350 695863 662749 982835 414195 728348 446611 353276 594472 215313 600256 1069574 694035 780214 526517 733090 224748 628225 571825 544123 819487 680078 222837 461937 188087 719803 774528 819570 300348 525291 778300 282399
399037 895087 274021 493369 341836 689320 435405 395900 217900 507070 841503 510408 359600 904816 775096 501661 446041 202719 495895 670092 844568 406557 371854 316537 402422 896728 480428 516482 618884 451661 835160 366689 876598 355220 845516 260715 392171 442323 489856 447487 508812 381684 788591 1042027 760105 999999999 774963 541073 717241 516154 885433 809498 214508 862060 257448 648577 422318 631203 539087 623249 750234 746470 756357 1000487 607951 182267 187860 448067 244297 665769 711631 574868 512787 108596 315646 410981 462674 873766 365445 590668 273482 171852 821682 197132 535452 546212 190686 531857 59477 340050 656463 765979 846863 356031 378389 126592 482138 268451 212607 512656
389687 135289 641299 850892 493251 332006 698115 557144 720692 304024 275476 613027 416580 270260 268243 379779 898544 627305 279326 113093 414626 666171 466053 811073 713737 286615 332448 364289 250556 495898 110558 482186 242023 640282 367537 791430 424788 570540 913173 574496 590767 405125 480244 442128 259123 774963 999999999 539498 495987 279540 276203 206481 579463 363442 803612 131012 636221 209302 773723 329725 294649 122843 499018 439646 359405 605176 740926 713499 596322 486805 438834 831369 596240 709467 505096 388647 454668 468164 500714 929159 799647 736880 270675 813124 327692 454728 611795 380108 830128 806750 450269 212398 127658 613150 660951 794925 432545 507625 721036 273025
449872 671261 629894 330298 238725 711382 789646 655523 653794 281394 419362 783257 399277 495496 358154 182387 399738 550511 400739 438502 350088 182797 224499 780309 225456 475523 502794 587954 587062 108065 522629 215085 479346 203275 832093 731326 506015 101108 400653 97432 60313 308814 874284 573853 709595 541073 539498 999999999 841606 477845 788755 703630 354359 837863 393554 431504 150209 561251 237559 215744 319864 434708 225738 521734 184917 485680 386606 808123 555815 137493 202527 293335 773272 433110 517590 475128 131150 913049 201241 394518 744809 395374 401446 700424 571209 84878 513113 166140 567093 793547 771308 386547 663498 191328 198099 470559 619600 376674 356209 454256
410146 504898 454302 1052123 651732 164399 369924 324265 537215 566783 759218 251488 471029 765489 731088 662864 1057393 514546 442475 498549 878011 871390 645584 549076 906814 779980 340572 257160 275942 746830 606321 662239 736153 819350 216249 565621 370753 810702 1089863 817357 866598 547516 80388 938102 249698 717241 495987 841606 999999999 365070 335686 327705 635399 236455 891894 486729 855633 315767 1022327 703987 742961 591206 913775 933417 721726 549314 804530 374348 473205 863280 845748 1080123 238846 722063 418130 384453 712911 179040 684574 1151994 565205 791348 749521 626990 270410 770335 531553 688156 774633 530019 71373 679525 437719 795345 850910 808977 250366 551333 802709 389257
117390 384108 361961 717475 313217 238267 436210 288164 441345 202003 460551 372773 163191 494519 413365 297887 739709 350958 77431 203188 548348 529367 298796 533140 570389 499339 55807 124310 122073 387675 368720 316666 462616 484221 378139 511988 145253 456283 765626 462551 506669 203645 397157 664780 266488 516154 279540 477845 365070 999999999 381123 299116 348424 389092 602531 181884 508523 118631 672070 347605 413431 305389 558519 643815 361680 337447 524837 453212 317948 501094 490588 731090 357722 469925 226336 110666 351298 444745 339442 812275 520375 516378 445392 534572 97331 405280 339506 323240 574225 530232 296026 372727 331608 457803 513276 560521 181663 263362 512553 24418
491763 206354 675583 1075798 682662 222885 660053 555767 763933 519015 544313 548047 543835 521520 544016 612709 1109074 698784 433318 353242 688689 886211 662324 817797 931118 543196 406503 375311 267084 724624 363808 680229 498940 848830 129554 816913 493555 799344 1130794 804508 833265 576180 281267 678379 128027 885433 276203 788755 335686 381123 999999999 86554 729533 114445 982261 357645 860326 262764 1012940 592355 570813 398898 774065 689284 619862 703212 905837 670113 658985 755257 712225 1072058 531696 849291 573380 476058 683506 225506 702059 1163436 820924 897498 542400 861029 351182 704760 698226 622946 944682 804970 329501 488282 157439 821498 874849 940316 428067 643943 892846 393338
412546 177540 612231 989245 596829 182847 615191 498677 699773 432572 481217 509210 462302 467803 473651 526690 1022856 628030 347915 270768 620903 799666 576135 762892 844615 487171 329082 308794 191517 638227 306048 594012 442327 762486 162347 757400 419628 712888 1044355 718080 747423 490959 291876 632876 80430 809498 206481 703630 327705 299116 86554 999999999 647151 157048 897994 273506 773778 180551 926718 510382 497684 326434 697612 637718 537198 627791 822684 626998 589395 674430 634279 985876 492313 768837 501286 398620 597162 264129 615767 1076967 762458 814772 477058 796847 280544 619944 624725 537624 868436 752106 303267 417819 111864 735136 788386 859570 367788 562478 808967 309753
243119 706682 292162 429131 130152 562414 465323 358390 301493 295837 627128 492310 186192 691185 560622 287898 423146 204550 307483 469853 633184 273363 158810 427950 293998 682579 329609 392353 466027 252963 629400 156037 663389 214390 715146 377589 266426 266219 457853 272727 337243 175246 693874 827654 612143 214508 579463 354359 635399 348424 729533 647151 999999999 728699 260151 449500 273425 466971 428955 409356 535815 538273 555097 786627 395259 137541 177501 482782 221282 466107 505170 479661 487432 130357 224593 264390 255715 764426 159572 532007 391183 168124 607282 347069 398509 342560 166549 319004 260849 442879 566148 552589 665728 200071 246288 216275 385053 87737 169441 337758
485620 316582 629032 1104386 701865 172832 586944 501917 717240 558817 638242 470311 543617 622992 629836 656761 1128792 666000 454870 418223 777543 915155 685675 755567 957650 643077 399111 346031 267021 762512 461973 703688 598309 872306 20534 761663 473434 835286 1154296 841035 876925 592473 172095 784993 128393 862060 363442 837863 236455 389092 114445 157048 728699 999999999 987436 417027 892149 280826 1051503 655841 652701 482347 849734 792445 680940 681146 906146 594735 624568 821065 785093 1110867 455019 839704 546426 465449 722740 111992 726287 1196884 763977 896012 634080 813042 331810 756241 671582 672248 921496 740019 247630 574094 259887 845563 900609 930774 384497 641091 896754 406864
502556 936791 496989 238853 310442 822362 671288 595547 463785 500591 782012 724949 443819 854993 715124 445992 189842 408606 551056 690577 739778 215053 337793 572586 186199 839915 588534 652431 722712 347181 831756 322274 832279 193713 974341 516559 525768 297192 232934 298838 341759 408419 952752 959146 868569 257448 803612 393554 891894 602531 982261 897994 260151 987436 999999999 673130 244738 719808 303518 554372 681541 737124 618600 909509 529299 353404 88629 686231 441830 531016 593346 328445 723253 183354 474855 524394 378816 1024535 305654 333611 529674 103836 762357 454560 658371 436771 378156 463678 243878 595201 823714 724940 904003 213831 195658 132970 641928 347724 90813 588973
276260 263817 536904 730089 362690 327659 617811 470047 610989 175459 284443 548593 293723 313060 246310 259605 773320 512016 157484 22516 391545 542823 336003 710543 589759 319108 237663 293730 211877 374808 192921 352462 281169 513503 414760 685371 320703 450037 790025 454566 477873 274652 492486 484662 292387 648577 131012 431504 486729 181884 357645 273506 449500 417027 673130 999999999 514176 170966 659436 238829 256233 123637 437320 466903 264460 483648 609914 634644 484590 404042 370913 718102 532760 579736 395608 280746 333258 506527 371609 812670 694705 605903 271223 700071 258816 347237 492941 266335 702707 709192 427606 198529 238465 486171 535669 664464 358421 380269 590109 167154
