NAME : synthetic_000368
TYPE : CTSP-D
DIMENSION : 100
GROUPS : 8
RELAXATION_LEVEL : 1
EDGE_WEIGHT_TYPE : EXPLICIT
EDGE_WEIGHT_FORMAT : FULL_MATRIX
EDGE_WEIGHT_SECTION
999999999 400121 761697 262185 353878 543338 586087 597786 443208 582047 416877 743324 600804 651873 733372 203267 573719 704073 850405 590009 554850 409317 497067 690454 628243 287840 491962 858721 145988 520623 194756 456833 521890 501002 590384 631448 579758 838494 515903 367832 230262 220273 586355 248994 580199 412186 576725 764555 554579 367006 859733 181310 528907 704301 654869 688283 402584 638960 319856 578048 871762 521675 348604 506187 634240 492195 351656 534632 375807 571507 579206 581778 669423 576298 748571 537909 473060 435040 539559 686077 392909 798574 531272 485118 559157 184125 90832 532346 679905 408510 819135 667764 754834 782883 580187 53838 404390 791039 256367 73038
400121 999999999 886172 651562 626415 822126 491947 733487 54029 606738 691986 582711 390358 784772 790420 525443 873770 908573 1047041 196046 177446 257763 838170 922274 833892 673355 574848 779416 484102 320390 374682 86023 844961 702133 477606 769420 542656 820406 813732 763271 584568 406781 195519 182850 672807 776941 235225 1024414 167142 744534 801051 561601 258829 800626 899000 925462 788406 542200 147201 828732 750364 209849 229680 496092 854045 193796 264359 678696 754007 417058 430481 282594 646995 417500 524307 714199 484422 558070 848808 795106 717664 935439 135261 653305 815281 499239 418066 551242 937240 94685 736830 903448 519751 901675 849665 425552 80264 862043 571387 330397
761697 886172 999999999 691211 438911 364738 470540 165235 879916 297710 403945 552816 638069 110318 151110 580220 414393 179040 215354 1041234 891438 639692 529064 244085 196814 675063 312046 419087 889806 641036 949272 857318 476718 273092 496490 130374 389243 297169 412253 893129 603811 557049 938181 739595 213374 601629 833441 338695 1031281 646088 379971 669336 729416 93482 273069 257274 962246 455969 742458 297932 502513 1094716 656561 403131 221528 1075041 621853 228464 972551 563321 552773 768810 322188 568099 665606 227909 405522 343187 438904 91545 496644 52113 929607 276612 313811 930400 851459 345137 308298 804977 417036 252663 686102 22553 338143 711556 816399 113574 540720 750611
262185 651562 691211 999999999 258039 374977 692912 548264 689065 617895 287983 860123 762968 593117 716730 173989 378534 577753 713456 845663 789998 590943 268969 542611 513273 29053 512934 914430 286881 692825 419660 696621 310110 420662 706352 572752 655317 857872 332655 209227 109454 321320 826779 480516 568405 166960 796152 584512 811930 111035 902523 91601 727342 664005 501121 536056 275533 736721 545558 431056 951469 783855 540791 584930 505634 754353 529057 494525 281562 712519 715877 784225 717198 718482 898221 469391 549106 446543 339919 639422 208134 713698 776503 439859 410589 318053 300281 585120 510962 641940 881317 519697 909345 713763 414456 226582 641068 755882 175222 323621
353878 626415 438911 258039 999999999 199734 487296 290490 646099 376421 67320 650517 597336 336875 459086 152499 247375 352567 497983 818026 715750 467199 235348 336609 278734 247089 272519 670461 462713 544342 548628 640013 225528 165842 506306 316254 432127 604138 187331 466221 164911 219637 760017 444774 313291 229840 695327 416519 793082 246149 654326 231100 604674 406233 301733 334700 533430 521514 486656 224960 716838 808024 438961 370692 281458 781718 413111 236752 538621 532207 531522 661087 475965 538616 711853 212991 337713 209324 223487 382015 119486 466604 724094 182372 206762 502496 436589 354644 329859 580031 640702 313990 726580 461349 232608 300106 585057 498132 104530 369373
543338 822126 364738 374977 199734 999999999 602795 281277 838537 448235 132418 750059 740973 299213 449488 340563 67523 212873 339574 1011096 899091 641397 164421 168671 167934 351469 365532 709482 633972 701916 736413 829660 112398 174724 626249 284665 530479 613354 48767 555188 324367 416482 944704 641997 348306 247145 869911 221323 987899 300435 682072 390676 772910 377320 126582 161333 624649 622572 679411 67195 774449 1007209 622695 488425 146812 981117 593455 265622 643336 668466 664434 826990 536348 674816 833037 209958 463317 324993 76523 349965 167517 370652 913186 236931 51395 671501 619486 451449 138941 769766 689723 146270 850397 385895 39553 489790 775998 459675 287060 566405
586087 491947 470540 692912 487296 602795 999999999 369561 466576 178723 520012 167227 167572 400635 337056 519740 670073 569770 674462 604441 442358 239470 712695 612708 515940 696033 237332 294191 731215 186086 714414 435779 686104 429231 26308 395355 82828 329994 624866 889895 584069 385978 486705 416445 286689 716262 373753 729413 603999 723262 310794 617830 274031 377076 610549 621793 945916 55081 378690 568855 288310 696542 290038 117356 547287 684336 264718 348550 933173 94470 82793 304000 166072 98548 230317 405282 149630 284672 666490 384497 606079 522541 492186 366094 567027 767205 667105 153295 656719 398113 251480 603188 247629 478498 608675 560043 412187 408007 523564 532582
597786 733487 165235 548264 290490 281277 369561 999999999 731803 192969 270831 492231 530441 55018 175287 422105 345362 200567 319564 897910 756017 496620 433323 244640 150113 535676 161754 428338 728493 516713 784292 711991 388766 131450 395610 36443 287777 334825 320377 755370 452918 391834 803202 579456 83103 484534 705803 361200 884730 519815 400968 515879 601684 115751 248302 254597 823224 373114 587630 226566 495623 939999 505454 275408 183049 919091 470904 63342 829111 453885 445832 647191 264223 459565 590469 81811 267223 180255 356874 92012 370695 207919 788233 114503 233127 769151 687936 221260 294289 656959 409894 237585 609748 185650 271080 548386 667441 207647 387017 585405
443208 54029 879916 689065 646099 838537 466576 731803 999999999 593733 710328 545212 351848 781540 776900 554832 892682 912972 1048564 172615 123641 242040 864212 930367 839660 709709 571086 748452 533985 287657 427919 35972 867894 710104 450105 767206 523413 796509 833119 808965 616580 427388 145018 211159 666938 807931 182751 1035430 153378 778446 772319 598195 217376 792140 909196 934286 836277 514503 159464 840949 714682 230245 227017 482893 861451 220335 261210 679606 802855 386059 399707 234640 626277 385796 480027 718493 474993 560510 869478 788438 742674 930102 88107 658228 828504 550496 466894 539582 948865 74985 706211 912360 474263 894406 864283 464726 64638 849048 598338 371849
582047 606738 297710 617895 376421 448235 178723 192969 593733 999999999 390200 303500 344011 221919 183682 456976 515556 391990 496528 749083 595489 351710 578326 437525 341979 613887 105166 296556 726023 343382 745214 568251 543451 274329 205018 216947 95959 256453 477725 825526 509962 362021 641923 483977 109968 602720 535835 554148 742028 622525 286404 559395 431961 204970 438854 447264 888338 180550 470500 405361 340835 816566 379670 110891 374285 799660 346059 183372 884199 267995 258449 471239 99802 273180 397691 240576 126019 171411 518242 208577 486799 349761 636635 216062 406761 765477 671374 56797 485106 519672 264685 429640 416860 308384 447766 542661 532179 255481 442741 546869
416877 691986 403945 287983 67320 132418 520012 270831 710328 390200 999999999 678578 641942 310021 445347 213759 182378 297529 440496 882595 776374 523548 192687 275010 227781 271123 291561 676672 518507 594214 611301 703097 170910 139396 540961 290419 457382 599228 123337 489547 211545 285417 821223 510920 310875 216736 752447 350042 858342 248985 656414 279578 659054 384696 238175 271995 558476 549001 550890 161475 730057 875078 499250 402681 225142 848866 471862 227444 568819 573506 571494 714700 487461 579938 748419 189151 372365 235524 162084 358699 100692 425756 787023 178401 142311 557547 497057 377779 263908 643093 650185 252019 764211 426485 165692 363047 648623 475618 161839 435616
743324 582711 552816 860123 650517 750059 167227 492231 545212 303500 678578 999999999 193404 509810 403193 686848 817557 684519 767269 649417 483625 360197 870760 735599 642344 863213 388486 224933 886688 264659 856049 510246 840519 575384 155468 510237 221528 320918 776735 1056347 751295 550892 520055 549498 411148 880213 402960 851219 659253 889235 261683 784459 328627 464453 740352 746147 1111545 129581 498510 708842 171179 771052 420229 280305 675228 764631 402941 486623 1097627 178662 168101 329550 234043 175562 119922 543959 314711 443707 817908 480050 768264 601945 544588 514333 709894 921111 820388 301468 786448 489170 189320 729728 140373 554442 751059 721072 503642 463289 690566 685148
600804 390358 638069 762968 597336 740973 167572 530441 351848 344011 641942 193404 999999999 565267 503340 590758 806839 730935 840538 462342 296139 193030 831470 769926 672558 771958 383901 404991 737298 82461 687083 316842 812475 572721 141860 558522 249278 474292 756452 942958 659453 441688 336293 379403 448783 817585 219060 886091 469120 813652 434387 678054 135400 544593 763892 778160 991164 193550 319793 715172 363618 578009 255411 258730 702601 571255 249196 501629 971016 76562 85590 145377 328464 71000 149637 556243 278615 415981 798001 551487 716179 690089 354344 509414 710672 768195 668133 309350 809557 297790 364288 758572 154146 646049 752069 589087 312156 573427 608530 535046
651873 784772 110318 593117 336875 299213 400635 55018 781540 221919 310021 509810 565267 999999999 151016 473333 358930 174742 276507 946168 801411 544219 458537 229029 145166 579022 210463 420798 781356 557549 838996 760752 410420 172525 426934 20855 317832 315842 342578 798492 500951 446829 848510 633120 118784 518610 748389 342551 934063 557754 389010 565138 644045 78371 242003 240633 866936 397389 639528 237710 494522 992056 555960 315839 177917 971537 521295 118149 874582 488902 479866 687506 276584 494288 614007 123917 311878 234577 375735 51012 407666 153369 835723 167203 248461 821994 741835 259253 285989 706585 407586 227159 633835 131055 282065 602086 717403 166226 436165 640298
733372 790420 151110 716730 459086 449488 337056 175287 776900 183682 445347 403193 503340 151016 999999999 577422 509913 308650 366458 929860 773123 535012 606520 369917 294694 706062 243917 275701 872141 517493 908804 750771 559877 306289 361900 164865 260911 164933 491679 925298 616644 515445 818868 663427 154415 659794 708944 476707 924169 694163 240689 676071 606696 76263 388811 382456 992263 314246 653439 388708 355349 1000248 563017 294455 326606 983284 529169 222337 995544 431494 419759 640651 177462 435585 517890 256950 307923 298466 525966 102029 545604 198884 817150 276874 399082 912563 824150 239561 430773 703070 268784 371931 538515 151262 433081 688307 715686 72390 549060 708210
203267 525443 580220 173989 152499 340563 519740 422105 554832 456976 213759 686848 590758 473333 577422 999999999 374609 504959 650482 721348 643569 424934 315060 488101 430549 181202 354049 751791 311900 522805 397544 556245 329845 309990 532670 452485 485729 705904 315509 372531 69186 150884 683926 344067 423820 253526 639883 561562 691752 231181 743371 102445 563567 535361 451904 485549 432702 564670 400653 375136 783619 687965 379779 413943 433957 660065 363754 361588 427223 538792 541985 620938 554572 544792 724485 352401 378002 288503 342502 513721 199085 612148 639300 307745 356070 352115 284155 419081 476662 498179 716787 465267 735850 602263 377056 149498 499867 626084 53728 229435
573719 873770 414393 378534 247375 67523 670073 345362 892682 515556 182378 817557 806839 358930 509913 374609 999999999 248371 355853 1064896 957641 702201 129906 192033 219878 352280 432883 773621 651829 766056 763524 885402 75157 242245 693408 345846 597992 674540 60362 541064 346806 466990 1002790 692100 414708 229992 931096 206365 1040355 288954 745126 409425 835372 436162 151173 181249 609553 690094 733232 121230 840026 1053727 680630 555380 192869 1026958 652424 332681 632662 734802 730996 890009 602916 741170 900352 276549 529751 391035 38839 409001 182464 413776 969283 304373 112237 687628 644328 518918 141605 825402 754878 173345 917638 434502 77329 521143 830993 514945 321078 603738
704073 908573 179040 577753 352567 212873 569770 200567 912972 391990 297529 684519 730935 174742 308650 504959 248371 999999999 146648 1082672 947689 685584 373097 65097 77292 556730 355217 584351 814685 714754 898424 896327 318167 211608 595899 175509 487570 468793 261440 766265 509070 529460 994851 741707 283096 459960 901631 169027 1066322 512077 548523 577106 798077 233258 98491 78298 835854 570458 761372 148574 662743 1109608 686216 474743 72550 1086522 652564 237272 852598 654391 646398 845291 451281 660095 787618 194541 463470 352689 278876 210816 370806 167549 975467 255272 168583 854137 788700 421628 129441 839074 575749 76588 807263 195797 178100 650709 848345 290420 456226 710175
850405 1047041 215354 713456 497983 339574 674462 319564 1048564 496528 440496 767269 840538 276507 366458 650482 355853 146648 999999999 1216275 1075580 815787 485752 170989 223624 690691 481132 629261 958900 833967 1044871 1030040 430727 357048 700742 286417 591761 503751 385353 893178 651361 674847 1122762 883905 395142 582474 1024406 184660 1201854 638558 588123 719328 920113 303344 213014 178537 962350 665619 900059 283244 714740 1250409 821582 592180 216525 1227985 787368 368965 982471 764436 754974 964002 534903 769681 878469 334590 586477 488990 392222 291057 505322 170334 1107245 395712 303710 998035 934510 535760 214611 974034 630394 193778 898822 217784 300704 796948 983981 320099 600917 856765
590009 196046 1041234 845663 818026 1011096 604441 897910 172615 749083 882595 649417 462342 946168 929860 721348 1064896 1082672 1216275 999999999 166276 402050 1033388 1101704 1010145 868084 736331 867225 657050 418415 529223 186377 1038779 881620 584154 932753 670805 931322 1005208 946158 780584 598818 131160 377872 829698 972984 246555 1207564 40783 940161 896463 756378 332309 951418 1081190 1105870 965349 646197 331769 1013369 820267 167363 396761 639468 1032597 182228 430131 847757 927885 514916 528459 319926 769459 513005 560298 888478 635908 729987 1041225 949729 912432 1092188 112772 828645 1001043 665489 595902 697230 1121153 244152 826629 1083988 548896 1054566 1036894 619145 236140 1002248 766770 522710
554850 177446 891438 789998 715750 899091 442358 756017 123641 595489 776374 483625 296139 801411 773123 643569 957641 947689 1075580 166276 999999999 262747 943249 972765 878244 808555 594674 700958 654105 256685 551434 99431 940957 755366 420976 789593 512465 766796 899631 922534 708933 504039 47202 310428 683204 896595 82233 1082964 176925 872554 730416 698420 168412 799900 956247 978184 953072 481938 244685 892980 654664 299855 277124 488347 903218 301097 305650 710548 921115 350963 364344 154120 608244 348672 398659 755892 489561 597777 938128 800434 820971 943058 65618 698181 882747 672187 585924 546323 998473 148201 660418 956686 388858 903409 920934 570504 150626 845331 682122 482147
409317 257763 639692 590943 467199 641397 239470 496620 242040 351710 523548 360197 193030 544219 535012 424934 702201 685584 815787 402050 262747 999999999 700770 710020 615590 603556 334869 532726 544360 111512 497832 217692 692161 493024 229312 531112 284939 564182 645747 759583 493968 274521 309743 189910 427682 668558 228973 820502 391740 655058 550241 502208 139563 550856 693844 715480 804528 292640 140666 631765 516042 466681 62487 240855 640472 451559 61945 448795 782261 181774 193290 196964 389496 184639 342444 493233 234170 335030 685523 548148 579701 690408 291636 435443 622290 575175 475112 297640 736433 168081 489907 694015 347019 653561 661247 401333 180898 607091 452800 342367
497067 838170 529064 268969 235348 164421 712695 433323 864212 578326 192687 870760 831470 458537 606520 315060 129906 373097 485752 1033388 943249 700770 999999999 320397 332309 240608 482802 856501 553357 779683 677248 862115 55368 309776 733549 442297 649339 768138 117039 413754 267691 439522 986177 655557 489634 106318 927662 330204 1005086 167276 832427 319725 839080 536897 278592 310201 481572 741229 706459 231540 915234 1002535 668573 595358 310564 974384 644852 404415 506631 764571 763032 895758 673210 771001 940876 354783 564804 428186 94652 509549 122278 534502 946103 362627 215276 586247 556453 569521 271446 802669 833034 300451 956494 550292 195196 448046 806102 621837 266825 539593
690454 922274 244085 542611 336609 168671 612708 244640 930367 437525 275010 735599 769926 229029 369917 488101 192033 65097 170989 1101704 972765 710020 320397 999999999 97388 519714 388099 645305 792717 747878 885184 915936 265030 220330 638503 225758 531725 531738 215090 723212 483632 531126 1019722 750111 327560 413367 931090 116727 1083224 468425 610460 551324 828632 293864 42442 13201 792547 617751 775484 114219 722049 1119090 705150 511561 69550 1094931 672420 268998 811899 693704 686591 877960 504193 699619 835108 217856 496510 375000 225797 269940 334503 231210 996775 274602 134379 831329 771940 461409 64378 857553 634994 23190 854367 260867 130119 636654 865981 354964 436799 703187
628243 833892 196814 513273 278734 167934 515940 150113 839660 341979 227781 642344 672558 145166 294694 430549 219878 77292 223624 1010145 878244 615590 332309 97388 999999999 493967 290900 565929 741446 650900 822322 823972 279950 134501 541636 136890 435405 459514 215669 707972 438526 452228 925306 665494 232157 408407 835028 213704 992884 456301 534032 506380 732230 219187 98651 105878 777536 522499 686734 101186 638684 1033803 613394 414173 33321 1010460 580129 171727 791612 596363 589323 781111 413274 602291 739645 122357 399398 280900 242381 192685 309791 205416 903973 181502 117192 781188 713625 364223 144318 766176 551935 87663 758719 217986 142707 575067 775094 295111 383056 633166
287840 673355 675063 29053 247089 351469 696033 535676 709709 613887 271123 863213 771958 579022 706062 181202 352280 556730 690691 868084 808555 603556 240608 519714 493967 999999999 508727 910340 315930 703484 448335 716213 282834 406543 710391 558876 655300 850132 308040 219698 112957 331300 846119 500110 559732 137982 812325 558530 834855 82236 897078 111754 741007 651236 477939 512780 287914 738456 563885 409207 949867 809352 555132 586075 484966 779942 541862 483739 298009 719374 722206 798127 713529 725427 904984 455783 550448 442547 313541 626187 186012 695940 796812 429460 388808 346963 328700 583385 486271 660766 878118 496937 916645 697606 390803 249845 660383 742975 173624 347202
491962 574848 312046 512934 272519 365532 237332 161754 571086 105166 291561 388486 383901 210463 243917 354049 432883 355217 481132 736331 594674 334869 482802 388099 290900 508727 999999999 401653 633319 360187 664918 550593 452119 192014 261154 196433 166996 352926 389068 720881 405324 272510 641874 429288 99984 500513 546475 503403 723696 518300 390158 456247 442860 231358 380130 395638 784149 259308 430477 332833 444392 782881 345660 125537 319756 763019 310966 119196 780975 308606 302898 490579 204903 314754 467509 172391 108578 66408 430509 221983 385422 360682 626492 128767 330097 673378 582451 87054 425689 496139 369717 375538 484961 328651 371751 449119 506942 307630 337878 464385
858721 779416 419087 914430 670461 709482 294191 428338 748452 296556 676672 224933 404991 420798 275701 751791 773621 584351 629261 867225 700958 532726 856501 645305 565929 910340 401653 999999999 1004633 460797 1002427 715172 815139 546771 303704 430275 279142 127451 747005 1121801 806311 643669 739883 709782 367193 892639 622290 752195 873784 916366 44664 854196 538225 351466 662365 657720 1184076 240127 672655 653921 88800 978098 584198 352536 598704 968630 558125 452342 1178630 362666 349119 548247 197406 362692 339334 502487 386150 467964 784636 375692 776083 459128 759111 498291 661393 1042646 944642 333542 705352 684751 42823 646391 358370 412414 698604 824998 699152 309203 739246 813027
145988 484102 889806 286881 462713 633972 731215 728493 533985 726023 518507 886688 737298 781356 872141 311900 651829 814685 958900 657050 654105 544360 553357 792717 741446 315930 633319 1004633 999999999 655761 147236 554710 589472 621627 734772 760621 725721 982400 598877 296859 309820 364078 678859 367909 718021 453720 688591 853230 618106 397233 1005252 243450 654110 838508 754135 788720 308545 784400 437849 678531 1017470 554719 482244 652098 742852 524958 489718 666168 271061 712863 721172 703718 814705 717398 886325 662749 618811 573930 614568 818747 470404 923354 619354 614257 658555 40662 70366 677268 772904 515181 965109 769576 891370 911562 672857 184212 508094 927110 358513 202714
520623 320390 641036 692825 544342 701916 186086 516713 287657 343382 594214 264659 82461 557549 517493 522805 766056 714754 833967 418415 256685 111512 779683 747878 650900 703484 360187 460797 655761 999999999 604756 254647 765047 540339 166000 547982 256583 513890 712793 867556 591938 372186 301719 296964 438828 757817 192474 862382 418967 749670 485163 605971 89204 548323 737496 754995 914040 229151 238286 682740 430209 517497 173540 241809 679049 507860 170060 479334 892669 98706 112413 130550 351664 98164 232050 530602 251610 380065 753836 551170 661363 693041 306349 478432 676105 686254 586380 298484 782176 225956 418565 734463 235781 651642 716790 511102 240462 589492 544957 453875
194756 374682 949272 419660 548628 736413 714414 784292 427919 745214 611301 856049 687083 838996 908804 397544 763524 898424 1044871 529223 551434 497832 677248 885184 822322 448335 664918 1002427 147236 604756 999999999 454433 707456 693658 712665 818935 725720 998896 706946 442413 416870 394935 569162 308152 758717 583418 598687 957734 489063 530571 1009562 357850 584077 886586 849416 882934 447353 769369 369092 772618 1002333 413227 436335 655547 828855 383857 453653 720954 406015 677598 687954 626960 823710 681108 836156 728640 626252 613895 728128 870155 581307 988146 507576 673723 753612 141430 120812 691520 873726 426398 960885 862471 837938 969939 773756 248531 416387 970362 450130 200709
456833 86023 857318 696621 640013 829660 435779 711991 35972 568251 703097 510246 316842 760752 750771 556245 885402 896327 1030040 186377 99431 217692 862115 915936 823972 716213 550593 715172 554710 254647 454433 999999999 863504 696081 418492 747014 495135 765748 826292 824169 619788 423180 130355 216140 644974 809768 149265 1022676 174061 782721 739771 605257 181974 768514 896119 920303 853927 482661 155928 829296 680058 262927 210786 457707 846721 254559 243854 661418 821753 353301 366991 198805 597085 352785 444075 702197 451819 543653 863471 765774 740096 907921 84144 642493 817533 573127 486494 514958 936631 60006 673076 898470 438293 871252 854154 474646 56378 823068 597700 384445
521890 844961 476718 310110 225528 112398 686104 388766 867894 543451 170910 840519 812475 410420 559877 329845 75157 318167 430727 1038779 940957 692161 55368 265030 279950 282834 452119 815139 589472 765047 707456 863504 999999999 270591 708011 395080 619105 722858 68394 466269 291851 440617 984941 662159 449868 155694 920626 278930 1012098 215518 789450 350121 828781 488722 223256 254849 534602 711426 708890 178786 876766 1016731 664387 569267 256879 989164 638616 365083 558280 743281 740824 884756 635962 749708 915765 312699 540473 401886 39360 461343 130789 480580 947648 327560 163780 623959 587135 539172 216723 803646 793335 245148 932079 497672 140664 470834 808040 571943 278125 558516
501002 702133 273092 420662 165842 174724 429231 131450 710104 274329 139396 575384 572721 172525 306289 309990 242245 211608 357048 881620 755366 493024 309776 220330 134501 406543 192014 546771 621627 540339 693658 696081 270591 999999999 453167 152334 355842 462527 203809 626095 330723 317914 802093 531670 179902 353792 717573 327621 862905 388374 523489 396382 616899 245619 200883 224251 694449 447870 555237 142691 606343 900351 485336 316570 151941 876708 452976 94737 702184 498634 493720 668614 365396 504897 659185 49782 294118 160549 243987 219980 239334 302337 777388 63507 138288 661973 588519 277089 243615 637480 523461 202391 676822 295515 179901 448720 645766 336938 268082 501350
590384 477606 496490 706352 506306 626249 26308 395610 450105 205018 540961 155468 141860 426934 361900 532670 693408 595899 700742 584154 420976 229312 733549 638503 541636 710391 261154 303704 734772 166000 712665 418492 708011 453167 999999999 421588 109135 347974 647430 901182 597979 395430 464766 411270 312805 734544 350797 755188 584908 739905 323466 629480 252579 403048 635933 647506 956108 64601 369719 593358 290115 680332 283168 138759 572858 668974 260181 373675 942202 70678 58136 280173 189014 74102 207755 430209 168974 306169 689097 410691 625447 548460 472297 389868 591179 770082 669624 178297 682069 383254 260886 628792 224392 504236 632835 566474 397500 432488 538744 534620
631448 769420 130374 572752 316254 284665 395355 36443 767206 216947 290419 510237 558522 20855 164865 452485 345846 175509 286417 932753 789593 531112 442297 225758 136890 558876 196433 430275 760621 547982 818935 747014 395080 152334 421588 999999999 312804 328858 326957 778421 480216 427295 836748 615892 109878 500241 738029 340984 919996 538579 399912 544325 633764 95477 235176 236763 846779 394951 623730 224914 501886 976161 541102 306204 170146 955346 506503 98514 854166 482004 473399 678256 278449 487528 612148 103398 300176 216684 361121 68649 388593 171697 822744 146572 234461 801255 721336 250590 280130 692311 415227 221811 631766 151440 269534 581534 702919 185271 415349 620483
579758 542656 389243 655317 432127 530479 82828 287777 523413 95959 457382 221528 249278 317832 260911 485729 597992 487570 591761 670805 512465 284939 649339 531725 435405 655300 166996 279142 725721 256583 725720 495135 619105 355842 109135 312804 999999999 282436 555728 858259 545873 366677 558043 442269 204711 661905 448268 648447 667054 674528 283842 586962 345786 295785 531082 541106 917608 92374 416269 492740 298536 751007 324532 74091 467192 736435 293922 270746 908724 174082 163748 381015 105102 178919 305452 328041 109234 223480 597047 302211 548558 441332 558039 293841 492233 763583 665502 79949 577337 451452 239405 522916 324018 398063 533739 547181 464854 332958 481681 534204
838494 820406 297169 857872 604138 613354 329994 334825 796509 256453 599228 320918 474292 315842 164933 705904 674540 468793 503751 931322 766796 564182 768138 531738 459514 850132 352926 127451 982400 513890 998896 765748 722858 462527 347974 328858 282436 999999999 654501 1067070 753144 618460 809142 724030 290920 815655 692783 634334 932854 845936 84575 807548 599048 240464 552712 544534 1132211 285133 698340 553401 215762 1026310 606754 345705 491214 1013536 576358 371889 1131507 416428 402866 619554 178057 418336 440666 414655 372895 417514 689699 266839 699914 334257 819926 423538 563318 1021908 927712 307731 593751 727275 140334 535186 460912 288466 597857 798837 741176 184773 685050 802015
515903 813732 412253 332655 187331 48767 624866 320377 833119 477725 123337 776735 756452 342578 491679 315509 60362 261440 385353 1005208 899631 645747 117039 215090 215669 308040 389068 747005 598877 712793 706946 826292 68394 203809 647430 326957 555728 654501 999999999 508123 291186 406964 944537 631916 382325 198906 874720 254549 980411 253343 721109 355577 780149 420933 172677 206824 577463 648099 673655 115667 809308 993370 622514 508770 195490 966616 594867 297854 597127 685681 682540 835292 569072 692086 855044 244716 481395 342293 41702 393555 128612 419200 910257 262574 98482 635530 588455 475964 178313 766285 725566 193229 871804 433608 85029 462979 771679 505051 261842 544261
367832 763271 893129 209227 466221 555188 889895 755370 808965 825526 489547 1056347 942958 798492 925298 372531 541064 766265 893178 946158 922534 759583 413754 723212 707972 219698 720881 1121801 296859 867556 442413 824169 466269 626095 901182 778421 858259 1067070 508123 999999999 315573 506934 953098 615985 777592 311291 943348 743947 908373 254803 1110896 272159 888734 870933 680798 714789 69616 936309 686341 617690 1156002 851276 703039 786329 695980 821459 698332 702971 95117 899855 904707 943585 924407 905497 1084447 675421 750385 654484 502982 845849 398264 911960 896680 648481 597761 303499 350973 790619 681704 776326 1087871 701237 1093811 915636 593116 360346 772177 962661 383127 440784
230262 584568 603811 109454 164911 324367 584069 452918 616580 509962 211545 751295 659453 500951 616644 69186 346806 509070 651361 780584 708933 493968 267691 483632 438526 112957 405324 806311 309820 591938 416870 619788 291851 330723 597979 480216 545873 753144 291186 315573 999999999 220069 748426 405426 465672 192630 707521 544522 749620 163768 795406 68041 632418 568272 444566 479266 379274 627429 464948 369424 842239 737811 448027 475517 436650 709232 432671 395881 379230 606422 609256 689752 608945 612478 792027 377319 439713 338937 311264 544870 164449 631086 702153 341003 349281 347899 297537 476037 463240 562505 772710 460453 803712 626238 363107 180377 563474 660014 68108 272836
220273 406781 557049 321320 219637 416482 385978 391834 427388 362021 285417 550892 441688 446829 515445 150884 466990 529460 674847 598818 504039 274521 439522 531126 452228 331300 272510 643669 364078 372186 394935 423180 440617 317914 395430 427295 366677 618460 406964 506934 220069 999999999 546675 225560 364010 396213 493522 625271 573472 380549 642206 237331 413638 491722 502844 532307 560726 435331 268274 429078 663680 591870 232520 292591 466335 566481 213870 328789 547195 393565 397983 471075 451296 399340 578891 344330 257864 218978 442444 475770 317293 598365 507300 285568 413867 403457 310295 313480 537629 363485 605314 510412 589240 577145 445837 181627 367511 575664 179973 194510
586355 195519 938181 826779 760017 944704 486705 803202 145018 641923 821223 520055 336293 848510 818868 683926 1002790 994851 1122762 131160 47202 309743 986177 1019722 925306 846119 641874 739883 678859 301719 569162 130355 984941 802093 464766 836748 558043 809142 944537 953098 748426 546675 999999999 346267 730251 937324 117594 1129710 150494 911736 770502 735348 212792 846491 1002976 1025079 981185 524834 283485 939356 690498 281008 322179 535160 950178 286745 351483 757726 947873 394392 407609 191649 652751 391799 429157 802950 536683 644757 982775 847251 863918 989849 62056 745124 928943 694704 611909 593113 1045067 185922 699891 1003555 417759 950004 966946 604983 185745 890995 723738 514264
248994 182850 739595 480516 444774 641997 416445 579456 211159 483977 510920 549498 379403 633120 663427 344067 692100 741707 883905 377872 310428 189910 655557 750111 665494 500110 429288 709782 367909 296964 308152 216140 662159 531670 411270 615892 442269 724030 631916 615985 405426 225560 346267 999999999 529271 596870 327732 848473 349986 567534 722256 389121 286266 660543 724386 752365 651382 471392 71067 652217 701149 368986 129366 379917 683168 345039 151743 520463 623135 370837 381738 336161 545973 374047 528831 549315 358057 399538 666474 650844 534856 786264 297134 488210 637818 394712 297547 427249 760932 162292 667317 730344 531456 757167 670839 260255 160608 732200 388898 176105
580199 672807 213374 568405 313291 348306 286689 83103 666938 109968 310875 411148 448783 118784 154415 423820 414708 283096 395142 829698 683204 427682 489634 327560 232157 559732 99984 367193 718021 438828 758717 644974 449868 179902 312805 109878 204711 290920 382325 777592 465672 364010 730251 529271 999999999 527564 629612 444198 818745 555534 345569 523397 525265 131530 329486 337310 843541 290374 529416 300221 426984 881475 443187 197070 264648 862032 408479 85224 844896 372240 363800 568895 188253 377806 507630 138364 194079 145331 421376 122463 411176 263167 718691 133154 303672 758495 671029 140824 375687 591964 343602 319815 526826 229200 343742 534399 603243 211662 397692 558035
412186 776941 601629 166960 229840 247145 716262 484534 807931 602720 216736 880213 817585 518610 659794 253526 229992 459960 582474 972984 896595 668558 106318 413367 408407 137982 500513 892639 453720 757817 583418 809768 155694 353792 734544 500241 661905 815655 198906 311291 192630 396213 937324 596870 527564 999999999 889700 434538 942219 60982 873038 230985 808121 595653 370934 404446 380115 751322 654158 312328 943528 928507 628705 600138 392087 899638 609213 444098 402690 756243 756615 865510 701352 762587 938469 402857 566649 438753 191730 568868 116562 613785 892754 394790 293307 484933 462922 584047 370416 751659 865153 391878 952466 623687 283737 367205 753390 684740 216267 462848
576725 235225 833441 796152 695327 869911 373753 705803 182751 535835 752447 402960 219060 748389 708944 639883 931096 901631 1024406 246555 82233 228973 927662 931090 835028 812325 546475 622290 688591 192474 598687 149265 920626 717573 350797 738029 448268 692783 874720 943348 707521 493522 117594 327732 629612 889700 999999999 1043748 259121 870973 653013 704904 104357 740789 917588 937391 978973 409354 257038 858068 573723 380941 261002 432685 861707 380657 282813 664683 949909 280126 293010 74060 539644 277066 316436 713246 438751 557553 914460 743389 805950 885420 146929 657861 849397 710504 618836 490016 961131 173921 582317 916318 306818 844116 888863 585017 182635 780657 673493 503796
764555 1024414 338695 584512 416519 221323 729413 361200 1035430 554148 350042 851219 886091 342551 476707 561562 206365 169027 184660 1207564 1082964 820502 330204 116727 213704 558530 503403 752195 853230 862382 957734 1022676 278930 327621 755188 340984 648447 634334 254549 743947 544522 625271 1129710 848473 444198 434538 1043748 999999999 1187487 494415 715425 609810 941960 401884 126755 107932 811568 734248 878589 196297 831465 1216801 812186 627519 183655 1191693 780232 384637 836721 809976 803011 992116 618916 815924 951632 331786 611497 486328 245193 379825 383160 312573 1104499 385901 211656 890048 840614 577926 87642 963661 744525 127937 970945 351389 184639 710941 971439 452242 508202 785652
554579 167142 1031281 811930 793082 987899 603999 884730 153378 742028 858342 659253 469120 934063 924169 691752 1040355 1066322 1201854 40783 176925 391740 1005086 1083224 992884 834855 723696 873784 618106 418967 489063 174061 1012098 862905 584908 919996 667054 932854 980411 908373 749620 573472 150494 349986 818745 942219 259121 1187487 999999999 907992 901451 723296 335905 942575 1061484 1086973 926562 648007 309144 992470 830426 133406 380376 631622 1014429 144899 414489 832914 888738 516914 530584 330437 767605 515495 575422 871825 625823 713888 1015742 939741 884745 1081792 114804 811497 979579 625868 557733 688964 1100668 227852 832587 1065018 565202 1045294 1014685 585357 218016 996518 738266 488449
367006 744534 646088 111035 246149 300435 723262 519815 778446 622525 248985 889235 813652 557754 694163 231181 288954 512077 638558 940161 872554 655058 167276 468425 456301 82236 518300 916366 397233 749670 530571 782721 215518 388374 739905 538579 674528 845936 253343 254803 163768 380549 911736 567534 555534 60982 870973 494415 907992 999999999 899295 186823 794143 633354 426020 460091 324219 761676 628335 363582 962686 887368 610950 609177 442508 858142 594309 474398 344362 756048 757523 851566 722109 762286 940383 438110 574524 454008 250326 607103 150152 661428 864627 422486 343880 427151 410867 598733 428165 725833 886849 446435 953368 668406 338319 325787 726488 723834 205140 422909
859733 801051 379971 902523 654326 682072 310794 400968 772319 286404 656414 261683 434387 389010 240689 743371 745126 548523 588123 896463 730416 550241 832427 610460 534032 897078 390158 44664 1005252 485163 1009562 739771 789450 523489 323466 399912 283842 84575 721109 1110896 795406 642206 770502 722256 345569 873038 653013 715425 901451 899295 999999999 845778 565550 316939 629271 623061 1174304 258902 688867 624631 133336 1002469 598969 355079 566427 991920 571284 429958 1170590 386474 372780 578992 191034 387144 378575 477655 386915 456494 757836 342145 756565 418378 787110 478284 633105 1043858 947007 329114 671457 706621 72402 612598 398043 372192 669306 823832 720903 268581 727778 817139
181310 561601 669336 91601 231100 390676 617830 515879 598195 559395 279578 784459 678054 565138 676071 102445 409425 577106 719328 756378 698420 502208 319725 551324 506380 111754 456247 854196 243450 605971 357850 605257 350121 396382 629480 544325 586962 807548 355577 272159 68041 237331 735348 389121 523397 230985 704904 609810 723296 186823 845778 999999999 637540 630621 511996 546772 330736 664172 453958 437152 885208 700563 450683 514576 504690 671364 440263 457274 324815 630824 635010 694208 657006 636628 816219 442034 478647 390472 372774 607883 227324 697704 685451 402636 416947 280845 237218 521316 529616 550387 819054 528138 826520 691687 429698 139080 549615 722048 128979 236385
528907 258829 729416 727342 604674 772910 274031 601684 217376 431961 659054 328627 135400 644045 606696 563567 835372 798077 920113 332309 168412 139563 839080 828632 732230 741007 442860 538225 654110 89204 584077 181974 828781 616899 252579 633764 345786 599048 780149 888734 632418 413638 212792 286266 525265 808121 104357 941960 335905 794143 565550 637540 999999999 636928 816158 835200 929981 313959 217532 758271 499018 442610 187009 328328 759383 436050 199848 561414 904686 182755 196234 57445 440021 180713 266028 610802 334827 456449 820502 639207 718456 781354 221659 556356 750339 680756 583763 385688 860131 170093 496817 814292 262781 740333 790319 528447 183818 678681 592321 457892
704301 800626 93482 664005 406233 377320 377076 115751 792140 204970 384696 464453 544593 78371 76263 535361 436162 233258 303344 951418 799900 550856 536897 293864 219187 651236 231358 351466 838508 548323 886586 768514 488722 245619 403048 95477 295785 240464 420933 870933 568272 491722 846491 660543 131530 595653 740789 401884 942575 633354 316939 630621 636928 999999999 312603 306339 938888 363508 658749 314977 429581 1009952 571037 312158 250750 991164 536449 173776 944851 469856 459291 675673 231561 474623 575143 195904 317159 273082 453826 27380 483552 145550 839401 228045 326390 879152 794979 254248 354519 717369 342650 295669 595517 103514 359022 656505 729166 91899 501970 686220
654869 899000 273069 501121 301733 126582 610549 248302 909196 438854 238175 740352 763892 242003 388811 451904 151173 98491 213014 1081190 956247 693844 278592 42442 98651 477939 380130 662365 754135 737496 849416 896119 223256 200883 635933 235176 531082 552712 172677 680798 444566 502844 1002976 724386 329486 370934 917588 126755 1061484 426020 629271 511996 816158 312603 999999999 35000 750121 619362 752814 76834 736435 1093191 685552 505188 65378 1068504 653517 262669 769600 688213 681832 866845 511891 694271 836109 207753 487468 360039 183941 287130 293142 265837 977826 259811 95972 792458 735071 457765 46269 837198 649549 22210 854963 291448 87762 601031 845103 380753 399887 670237
688283 925462 257274 536056 334700 161333 621793 254597 934286 447264 271995 746147 778160 240633 382456 485549 181249 78298 178537 1105870 978184 715480 310201 13201 105878 512780 395638 657720 788720 754995 882934 920303 254849 224251 647506 236763 541106 544534 206824 714789 479266 532307 1025079 752365 337310 404446 937391 107932 1086973 460091 623061 546772 835200 306339 35000 999999999 784033 627647 778855 110549 734145 1121338 709537 519603 75949 1096973 677019 276757 803934 702046 695105 884914 515193 707997 844940 224491 503866 380610 215752 282205 328115 244234 1001438 280094 130222 827130 769044 470070 51187 861731 647095 22032 864119 274066 122228 634454 869986 368061 433821 702370
