NAME : synthetic_000030
TYPE : CTSP-D
DIMENSION : 100
GROUPS : 8
RELAXATION_LEVEL : 1
EDGE_WEIGHT_TYPE : EXPLICIT
EDGE_WEIGHT_FORMAT : FULL_MATRIX
EDGE_WEIGHT_SECTION
999999999 185121 659315 403869 510372 526451 686564 388084 123524 684015 704361 405589 153879 399772 211803 272614 272248 630653 172221 512088 515580 723215 280799 600580 191178 560938 225871 466410 219693 384789 380093 671744 395584 166882 285743 501050 549920 167580 567574 216155 371340 207617 474601 257348 540335 539587 375634 356930 207944 532731 260259 84202 643982 350091 197024 63137 557803 477884 499686 692730 445941 554999 269171 608235 624686 249687 435061 179936 359102 589650 468395 678348 583925 291021 375737 762192 407841 257235 659858 256825 395738 427774 595109 592097 883603 572193 557649 616077 451793 360228 170144 265678 219617 557560 370632 374307 191548 450659 264903 778437
185121 999999999 651492 583875 340481 561357 646246 203790 92615 556842 601713 321742 240929 578042 196535 420384 399322 496742 327662 416644 485023 541831 451989 603710 362377 511850 409724 284218 324411 322874 285904 486961 457995 128595 230889 497057 365066 243790 574236 390970 386819 288548 501143 120231 358823 379367 503910 464463 348774 508575 433143 101451 509996 535137 373786 213071 377831 662117 349646 622383 484418 369972 301014 441479 463572 256150 401690 116373 181746 532611 342028 635619 587134 115285 559496 747401 543880 206512 517336 283657 478091 509536 416713 518010 703458 436422 372720 447209 374343 490413 210650 417031 73987 485750 427529 234125 118473 419276 410764 746019
659315 651492 999999999 737705 890421 178396 117515 725688 703319 446994 352124 361668 508855 719528 467019 540843 487517 462946 573664 1059529 172310 790081 864698 65429 799509 1163341 702347 790370 473500 338765 934444 824503 308196 535604 420768 158879 757488 823353 97968 636223 288125 866032 199695 549277 697339 948810 474279 418253 852946 145935 844351 642295 466039 790871 642493 604467 868006 840164 945560 226911 237506 768455 390245 979563 588553 414637 1050663 757259 620212 189479 437642 124899 79730 724189 770254 103711 502432 445238 507844 402632 346382 332873 690720 1166123 878714 1042976 799114 630266 317698 481134 490828 552141 723943 247300 316800 501736 535061 233978 535945 143282
403869 583875 737705 999999999 914015 559719 820291 787352 525910 965520 943342 675325 389524 18688 501709 221788 277704 928323 270661 878096 674453 1100042 285636 672999 308949 880453 182032 867986 340645 633870 757023 1061443 436984 510781 568945 619046 941295 484998 643090 194411 514994 490693 546357 620065 921427 940969 263623 321766 390547 675491 280415 483401 940401 107806 210320 372185 960714 104710 898004 878687 507711 947638 457317 1011043 965640 486920 757319 575589 740410 772884 776806 818079 661084 694241 59940 832727 241610 551354 968299 462128 392638 404993 967955 933427 1254282 961968 954385 970488 700115 256682 441304 214992 623362 771660 439850 714645 541415 632667 230975 880684
510372 340481 890421 914015 999999999 849067 845405 168306 388271 611792 703470 529047 578942 910144 509400 760860 738421 549136 667120 270953 719082 369741 729864 858974 649717 424593 733954 102672 661497 557658 247059 274015 771967 454493 504735 757265 200314 475109 835922 725311 678541 500654 787568 372406 256391 60947 841892 797718 602211 746197 715654 434533 558585 851508 706818 550393 86344 982630 90527 779875 781296 193245 615236 101555 436989 565275 393840 344190 271624 724863 467298 832769 844116 225204 882574 969569 882963 493267 539552 598107 800985 830645 313214 376334 515531 173285 162163 391041 573465 828923 542047 757398 290757 665251 740795 388693 431668 664151 751244 945416
526451 561357 178396 559719 849067 999999999 274257 680780 593731 534873 464804 341645 372604 541466 365070 368863 318464 529822 414399 977997 189720 826282 702218 115033 644133 1064323 535071 756151 319547 301034 846612 839906 140340 434585 345987 118924 751815 693980 89822 468892 175023 733387 61626 481300 699114 903016 296133 242405 705250 171482 682659 527788 536990 616264 477418 466331 843977 661881 889454 360498 80647 762257 266162 945821 633015 305842 944597 653277 580064 275450 447704 275613 105898 653755 593692 274006 324170 362218 577027 282349 170724 154726 709263 1077961 940275 984154 788125 665158 318842 303468 369062 380586 635291 309513 158230 473774 443451 206489 365016 321673
686564 646246 117515 820291 845405 274257 999999999 687122 710561 343986 241535 331136 544928 802691 480198 611621 555602 369680 627985 1038298 171034 703300 917114 162923 844657 1153542 763317 743184 526340 323373 919802 747793 383368 543657 419419 204250 693988 843412 184473 698451 329295 888088 274185 533583 631184 905481 560378 498605 889254 156493 896059 655413 370539 862804 701717 638032 812803 924395 908932 112823 312656 704984 425379 928205 502283 436903 1047750 758633 582535 120818 379325 12984 168740 702576 847179 133127 593410 447152 411681 433972 428650 421636 615319 1148232 779232 1006508 737695 547758 279837 564914 516699 622026 715065 180248 383631 462747 536469 236296 605271 101463
388084 203790 725688 787352 168306 680780 687122 999999999 278027 490362 568547 364072 427396 781152 346973 614908 586520 425799 527071 367511 553689 358771 642635 692183 555351 506344 613383 83813 507517 390458 278533 290188 606364 298510 336970 589658 169933 404591 668500 593874 510718 441617 619299 206774 184791 224002 687365 639037 526402 580617 625334 305112 437209 738071 577094 415605 179433 865732 221813 630324 613478 172585 451079 266206 341310 400764 434157 257194 105545 566316 315367 674750 677106 106170 763214 807986 729980 326756 427970 434247 637468 666410 250257 480479 520943 319424 170186 307162 410678 675268 385705 612928 184401 508186 575245 225195 272604 497171 604862 788106
123524 92615 703319 525910 388271 593731 710561 278027 999999999 646075 685552 396658 236477 522476 236363 390395 381716 586972 291097 401457 543762 628083 365705 650514 277555 471100 345727 351459 316694 389960 267365 567361 475650 168123 291265 545327 445853 152264 619188 339677 424242 197761 536327 205519 445806 416137 487226 459109 257147 565183 347852 67490 600286 465369 320481 173565 439894 595563 376335 696864 513891 449605 327570 485253 556153 291469 351046 62897 272830 601780 429768 700719 633706 174820 494719 802816 522775 263417 608899 311511 486263 518556 505672 490974 790370 450890 447966 539119 448207 472414 225401 384596 98642 559411 447121 323649 174655 477113 381898 808180
684015 556842 446994 965520 611792 534873 343986 490362 646075 999999999 112265 293048 595507 951197 487362 744180 689803 64575 711915 856337 345853 374585 960486 461162 873184 996562 847730 513409 625845 331896 765540 438487 572616 517240 410733 417827 422868 798142 461872 794468 464762 843828 496972 440926 359648 671865 743462 675545 886969 363633 939166 617796 53517 970823 788599 662026 553945 1067568 693442 235679 522902 432844 508265 671775 187803 483332 916894 669559 408724 265870 217247 332237 455974 554188 972182 473737 786600 435647 79549 504432 623812 634096 318913 969085 435384 784830 468175 238648 265780 740804 547044 750540 602470 225530 554167 322752 493134 353506 734718 418505
704361 601713 352124 943342 703470 464804 241535 568547 685552 112265 999999999 298874 595383 927723 496358 722069 665678 160662 704833 935945 284508 486668 971633 376610 887714 1070227 843648 602453 610888 325773 835853 547883 526556 539267 419740 354560 522571 834950 383463 785498 429581 881141 436753 481756 458317 764242 704731 637069 911637 295689 950079 647605 155238 961049 782481 673032 651987 1047346 780935 129293 467929 532991 493157 770308 295704 478789 982065 717618 476416 189555 263908 230867 374408 618425 956820 366949 745432 447625 190213 493199 577798 582823 424091 1048889 543361 874995 568088 346008 255979 704384 551461 729912 656401 172385 513229 372747 519700 311994 713386 308363
405589 321742 361668 675325 529047 341645 331136 364072 396658 293048 298874 999999999 303019 661667 198342 455396 402993 253033 418869 707407 190038 492519 674294 331283 589376 823288 554987 429841 334716 47108 588944 498893 318477 241567 121238 234383 411268 541756 310710 501449 203377 587877 284311 204519 357491 587185 469459 403462 613128 217185 652784 352183 265078 677781 495596 375121 511222 776283 584546 300927 293006 421872 219059 619872 312788 190397 720426 437276 258561 213128 114706 319588 317105 371464 679771 445563 514417 148786 294096 213199 365625 384566 369951 817110 621669 682124 449186 335218 52718 464181 255833 460897 387036 164009 292751 140549 224587 139160 445592 432478
153879 240929 508855 389524 578942 372604 544928 427396 236477 595507 595383 303019 999999999 378778 113056 189739 159649 550918 120296 637248 374642 713160 379368 448701 301138 703731 252274 511170 83590 269821 503028 681648 243769 130085 185825 351990 564783 321376 415444 202547 221060 361224 320999 236660 537880 620061 263192 225307 345390 388885 357851 169299 563663 377193 194205 95673 606766 484624 590177 564281 292069 572315 120022 680421 577010 116933 580134 299281 361120 457675 393122 537768 432183 354992 384160 612285 304056 164337 587550 111145 250082 282411 580738 727171 865465 674568 584244 580965 339717 250007 51862 189580 306055 434837 217584 325123 159033 312978 179409 632863
399772 578042 719528 18688 910144 541466 802691 781152 522476 951197 927723 661667 378778 999999999 490412 207046 262383 914700 260964 879829 657754 1090573 295446 654886 313748 885400 181370 862259 327245 619787 757463 1053386 419481 501647 556583 601789 933607 487018 625091 187313 498951 494439 528660 610936 912635 938178 245337 304094 396207 658462 289051 478099 926697 120499 204303 365583 955427 121785 895954 861921 490058 940113 443227 1007727 953930 473949 761600 573427 732081 756346 764118 800581 643058 689304 74193 814343 222941 539591 955018 448502 374755 386746 958349 937156 1244102 961386 947490 959560 685613 238647 430414 200829 619388 755868 422865 703728 532216 616701 216485 862557
211803 196535 467019 501709 509400 365070 480198 346973 236363 487362 496358 198342 113056 490412 999999999 294092 253023 440287 233348 613095 310595 605534 475952 414423 391356 702085 363035 429770 173278 173313 481554 580335 265146 70060 77218 308978 467270 363231 383451 315517 191219 408081 305296 141924 434465 557250 346336 293369 419507 330589 454444 176226 453212 489407 306526 176811 524592 597606 535763 481028 287888 475651 106962 610319 464154 59671 585623 292001 265446 378794 280912 471199 397635 296186 497208 567011 390676 52095 475726 89534 291602 321525 473185 713096 755359 627155 491367 469299 241426 335803 61511 296032 270347 345793 234138 213672 80447 244212 283644 575478
272614 420384 540843 221788 760860 368863 611621 614908 390395 744180 722069 455396 189739 207046 294092 999999999 57036 708343 100408 784588 457757 899560 341765 475429 301078 824809 170131 698425 123088 412967 652676 870962 232665 319631 354337 407652 754494 415497 443283 106486 295397 441409 342333 426159 726507 797867 112427 130248 377129 461362 324047 330879 720221 251328 120982 216844 793804 325320 763155 661818 303792 762052 236513 861737 752789 269921 697751 450766 550819 554898 560017 608096 461608 535656 237478 641213 136644 340137 749241 242644 199065 222239 767163 861667 1048970 841118 773791 761672 478568 96666 238106 12199 476884 550815 228062 507091 348772 412473 10455 681058
272248 399322 487517 277704 738421 318464 555602 586520 381716 689803 665678 402993 159649 262383 253023 57036 999999999 655464 110569 781646 400770 857285 385189 422221 334933 832281 216613 670330 80202 359551 648179 833193 179759 288177 307069 351449 718888 427736 389664 150476 238408 458275 288199 390591 687484 778682 105710 91339 405541 404638 366263 317925 667147 307237 160118 211096 765951 381703 747164 604796 250022 726915 184068 839850 704670 221665 705786 443923 515648 497863 509920 551861 407980 514039 294492 588808 144596 295580 697088 192034 152053 179017 725216 864266 1004103 829030 740660 715746 424027 91417 202226 66593 461266 494186 172538 463095 315584 355617 49745 626703
630653 496742 462946 928323 549136 529822 369680 425799 586972 64575 160662 253033 550918 914700 440287 708343 655464 999999999 669288 791932 340501 334566 909171 468172 820965 931987 802906 450011 587685 296004 701061 388784 551712 464620 365099 410997 363206 739223 464228 752087 439812 784657 486142 382782 299301 609460 716320 648944 831308 361759 888009 561677 13381 927874 744997 612252 493572 1028999 629908 269366 508242 373456 471871 611743 136730 442334 852685 608279 344809 274764 162323 357167 460810 490377 931739 502326 760445 388203 47206 466219 602129 615398 263448 904719 416879 721918 408695 186184 235656 712419 501075 713924 540176 223960 530619 263363 439138 335842 698577 453352
172221 327662 573664 270661 667120 414399 627985 527071 291097 711915 704833 418869 120296 260964 233348 100408 110569 669288 999999999 684185 462909 829622 291132 509568 230001 726546 139226 609777 101664 382152 552307 793462 274204 240799 304791 425807 674465 319072 476152 82804 299088 348194 375046 350048 651887 701915 206911 201662 296486 472243 270692 233826 681880 258918 77651 118151 704492 364389 665610 661830 339266 681324 212924 767350 697223 228752 599630 350838 471964 553938 512800 622504 494146 442327 263923 676872 236290 284412 706792 211645 256795 286109 697432 761940 983629 741986 690373 700438 451475 191150 172072 93662 380056 538884 258472 444744 271316 407606 92976 707677
512088 416644 1059529 878096 270953 977997 1038298 367511 401457 856337 935945 707407 637248 879829 613095 784588 781646 791932 684185 999999999 888772 640220 631959 1015945 574355 154051 699330 350449 718142 721972 134219 543131 871017 544235 641265 909400 467579 393125 987715 715546 803353 393023 917685 510263 517186 228233 886526 860557 501744 914111 624764 468039 802916 791632 695045 570885 355251 921256 180632 992132 900872 461705 716192 286129 694631 672621 164395 338607 463144 918834 679213 1026531 999639 336294 832725 1150635 919868 619843 790314 699030 885805 917946 578645 112968 781261 140772 432441 652386 758473 871368 619670 777300 342749 863879 841221 579248 534725 825552 776984 1139734
515580 485023 172310 674453 719082 189720 171034 553689 543762 345853 284508 190038 374642 657754 310595 457757 400770 340501 462909 888772 999999999 646550 749524 143878 675173 996142 600426 619719 361905 166952 765242 669756 244700 375880 254659 72019 593686 673416 129342 536923 164700 717816 152920 378725 535818 777113 424991 358450 718378 27316 728294 486561 347409 706416 538407 467186 699565 779162 773281 204294 183460 604544 255759 809520 449044 265898 886273 594416 448304 99430 276239 163272 131446 552878 695229 262731 463901 281105 387696 263519 295308 298564 536600 996285 753412 870676 633836 484806 149567 426264 345668 467187 556240 120346 235514 330525 371293 66656 450310 264911
723215 541831 790081 1100042 369741 826282 703300 358771 628083 374585 486668 492519 713160 1090573 605534 899560 857285 334566 829622 640220 646550 999999999 993213 785833 903993 794136 939650 314028 778396 538631 602638 99595 809020 589329 553310 710091 191710 762739 775712 906911 694677 800364 772962 480140 183065 414972 942789 881450 882454 671640 974714 639405 335604 1068162 893398 734486 285062 1189083 459625 603664 784993 192473 683398 379092 201707 638158 757243 615032 364442 600686 379978 690623 775870 464055 1086161 836287 988175 561854 296994 670884 853818 875169 132449 742143 162548 525329 212888 161745 507557 934456 662462 901124 540818 543493 781578 394641 558669 620019 889106 787790
280799 451989 864698 285636 729864 702218 917114 642635 365705 960486 971633 674294 379368 295446 475952 341765 385189 909171 291132 631959 749524 993213 999999999 800408 90214 609648 172030 711695 392215 646245 527297 932640 562050 444675 553118 716302 811380 256209 767058 235882 587851 241378 665698 537927 810454 742034 446203 471410 131917 760773 21567 359378 922429 180021 225123 299257 794103 297111 691472 943332 629294 814881 494384 816518 905079 495890 492507 390575 632963 836275 746899 911075 785110 537376 227984 967767 451625 526375 939754 488767 537132 562770 868653 670134 1155202 736933 811588 894833 715776 431889 420329 329569 458872 814038 548704 655039 471266 690561 342777 998574
600580 603710 65429 672999 858974 115033 162923 692183 650514 461162 376610 331283 448701 654886 414423 475429 422221 468172 509568 1015945 143878 785833 800408 999999999 736375 1114805 637328 760789 409960 301794 888621 812594 242797 483962 374744 106698 737544 765929 33557 571163 229595 807910 134816 507055 679640 916144 409811 353029 791395 116868 780171 587916 473044 725455 577690 544365 842281 775752 909541 260159 172275 748394 331559 951015 586052 359676 999898 706196 587426 195428 419829 166215 16823 682645 705028 167369 439021 397339 514612 344910 281202 268549 679126 1120787 884879 1006414 777546 624397 293342 416338 433695 486742 677013 244922 251992 471590 485929 195029 470567 207692
191178 362377 799509 308949 649717 644133 844657 555351 277555 873184 887714 589376 301138 313748 391356 301078 334933 820965 230001 574355 675173 903993 90214 736375 999999999 571679 147391 626305 326563 563397 460412 844915 504099 356363 468166 647055 723380 184345 702830 196772 516761 182676 602726 447958 721095 665705 412114 425301 83758 688207 70771 269163 834259 217283 180220 214856 710814 347440 617075 864787 567956 727157 419462 739408 814989 415868 448403 306975 543023 758613 658642 837930 720548 450813 259422 903136 426247 440810 850842 412091 485585 513769 778876 624837 1065802 669468 724921 804620 632429 396731 338167 289356 372569 733294 487240 565469 382310 614107 299488 929643
560938 511850 1163341 880453 424593 1064323 1153542 506344 471100 996562 1070227 823288 703731 885400 702085 824809 832281 931987 726546 154051 996142 794136 609648 1114805 571679 999999999 711773 499610 778882 831620 235631 697177 945981 632037 742677 1008322 619338 410463 1084704 741240 892857 392821 1006124 619986 666510 381963 933386 917856 490167 1020122 607658 538013 943503 783603 720905 623658 509249 906656 334513 1116806 984778 613908 798316 436506 841483 759831 127091 411067 593864 1036405 808962 1142340 1098138 455407 828787 1258808 961393 718220 933682 781980 953258 985566 729215 80289 935016 285573 585462 800971 875607 917665 696501 815834 439902 984450 917895 704243 628921 930810 818659 1254360
225871 409724 702347 182032 733954 535071 763317 613383 345727 847730 843648 554987 252274 181370 363035 170131 216613 802906 139226 699330 600426 939650 172030 637328 147391 711773 999999999 692253 238598 519899 576139 893915 395892 354662 437879 559749 772538 307432 604380 66248 435924 318972 502652 461589 758144 759536 274656 300224 230632 608538 155214 308295 815718 128929 62081 205244 783572 252400 716100 800540 465134 778155 352148 830134 821609 366057 586307 393831 575907 692610 643906 758380 622629 516798 149893 804416 283094 415082 838760 350631 367466 392004 809024 760021 1097568 780173 782350 820347 589524 260125 301888 157935 443916 678107 385623 567217 384941 546382 171800 839573
466410 284218 790370 867986 102672 756151 743184 83813 351459 513409 602453 429841 511170 862259 429770 698425 670330 450011 609777 350449 619719 314028 711695 760789 626305 499610 692253 999999999 591318 460690 290642 231181 687022 382314 415504 660547 124420 465578 738719 675164 588571 498647 694979 288637 166956 163473 771109 722362 590714 646941 695338 384715 459969 815430 657991 497088 95621 944231 180090 677242 691148 121871 532935 190430 344643 482539 447101 321559 176088 622769 364729 730514 746242 176685 842138 868035 813777 407247 443389 516284 719368 747911 229965 461233 471972 272552 104849 301951 472871 759052 469454 696301 253960 562969 655991 289303 356242 566547 688409 843016
219693 324411 473500 340645 661497 319547 526340 507517 316694 625845 610888 334716 83590 327245 173278 123088 80202 587685 101664 718142 361905 778396 392215 409960 326563 778882 238598 591318 999999999 293951 584002 753141 181557 209007 231249 324241 638686 384632 376438 176200 197657 420428 276169 310416 607597 703330 180434 142603 385712 370715 371539 250398 599790 350324 176538 156590 686924 441798 673759 562209 241828 646715 118250 763033 629701 147079 653814 379574 435463 454276 437388 520921 394259 438126 347047 576980 222468 217523 627776 121581 176172 208114 646162 805639 926559 758009 660576 638869 361476 167844 122306 127075 389482 442347 161498 384869 235826 308280 112821 606360
384789 322874 338765 633870 557658 301034 323373 390458 389960 331896 325773 47108 269821 619787 173313 412967 359551 296004 382152 721972 166952 538631 646245 301794 563397 831620 519899 460690 293951 999999999 599402 542310 271514 226858 100605 199861 450839 529688 278279 464146 156492 575431 242125 212386 399241 614454 423239 356928 592671 192839 624680 339499 307607 640543 459516 348554 545395 735688 608103 309655 248258 461251 176569 651120 359890 153865 724440 435747 286040 211820 161781 312802 286649 385953 640518 428807 468065 129547 338393 172622 318521 337640 414754 829902 668747 705218 487192 382015 69897 418297 225916 418985 392199 173091 245649 173563 215323 106772 403349 423323
380093 285904 934444 757023 247059 846612 919802 278533 267365 765540 835853 588944 503028 757463 481554 652676 648179 701061 552307 134219 765242 602638 527297 888621 460412 235631 576139 290642 584002 599402 999999999 513051 737481 412137 514169 781925 415042 276096 859618 587610 672477 286172 786741 387058 452299 233641 753302 726467 395381 789903 517266 333829 712957 676112 567239 437807 331147 807399 177781 881230 768823 412014 583452 307621 619279 540828 157163 204583 359555 801903 573767 908419 872146 219780 714797 1027891 787330 491385 705869 566402 751692 783857 517530 232226 756358 209697 389879 582710 641025 738244 485968 645745 212009 749280 707857 468630 404376 700794 644833 1020906
671744 486961 824503 1061443 274015 839906 747793 290188 567361 438487 547883 498893 681648 1053386 580335 870962 833193 388784 793462 543131 669756 99595 932640 812594 844915 697177 893915 231181 753141 542310 513051 999999999 805913 553282 538599 727868 121913 693043 798664 867075 694383 727992 783200 445000 146959 316574 924986 867200 816200 696139 915128 587590 392818 1020973 852037 690622 188137 1145743 362908 655792 790464 117768 668544 279563 252297 620477 665478 546516 321502 637490 394216 734866 801064 396127 1042681 880618 969899 542082 358942 654377 847363 871369 133799 643611 243307 426005 126349 202726 523488 915279 632993 871219 474546 577699 776835 380785 523212 634249 860551 838132
395584 457995 308196 436984 771967 140340 383368 606364 475650 572616 526556 318477 243769 419481 265146 232665 179759 551712 274204 871017 244700 809020 562050 242797 504099 945981 395892 687022 181557 271514 737481 805913 999999999 329539 273503 183109 704576 562757 210637 329644 115146 600294 110279 399811 659831 821477 180660 115720 566707 241382 542405 408298 561496 483212 337499 333664 779789 541247 800906 446232 71483 714223 158197 872048 630614 207106 823309 537420 514209 344065 433150 381103 228959 561316 464732 409074 219276 279793 597418 175653 51425 66177 682623 965826 940011 892035 735504 653489 317819 183087 251592 243946 530339 355576 31177 425747 345454 219249 227786 448664
166882 128595 535604 510781 454493 434585 543657 298510 168123 517240 539267 241567 130085 501647 70060 319631 288177 464620 240799 544235 375880 589329 444675 483962 356363 632037 354662 382314 209007 226858 412137 553282 329539 999999999 126341 378140 435389 302833 453218 317702 261187 348584 375119 109299 411092 499089 389039 343240 372602 397084 423599 112708 477906 483523 304804 151792 477926 600590 474017 536401 356728 442720 172440 556005 468170 128743 515936 222238 231970 437652 302302 534116 467198 234678 498022 634744 431474 97546 495284 155110 351227 382287 457421 643386 744832 563312 454189 465685 290236 376792 87662 318961 201751 399361 298989 213995 30674 309225 309349 640560
285743 230889 420768 568945 504735 345987 419419 336970 291265 410733 419740 121238 185825 556583 77218 354337 307069 365099 304791 641265 254659 553310 553118 374744 468166 742677 437879 415504 231249 100605 514169 538599 273503 126341 999999999 268142 432633 429160 346533 387557 173805 474859 284367 135477 391652 557547 389504 329225 493656 277780 531618 239040 377865 562923 379972 253903 507093 667244 543558 410256 276563 442003 130449 603111 398452 85514 631657 339952 241100 311463 208287 409481 358391 309841 568280 516628 434874 28958 402007 117582 310680 336839 422391 746216 697366 638670 462303 408730 166061 381194 136358 358005 303189 273501 242947 159207 117099 188541 344064 517704
501050 497057 158879 619046 757265 118924 204250 589658 545327 417827 354560 234383 351990 601789 308978 407652 351449 410997 425807 909400 72019 710091 716302 106698 647055 1008322 559749 660547 324241 199861 781925 727868 183109 378140 268142 999999999 645250 664563 79160 494585 131032 707406 82328 401069 589928 813613 363382 298749 697137 59851 695492 483681 418316 658684 498399 447298 744576 723565 805313 263999 116245 655925 232475 850976 515126 255802 893946 600271 485729 166130 333874 200445 90256 576635 643893 261167 400131 290650 458197 244226 231759 231330 595875 1014096 821660 901854 683552 548563 204442 366194 332092 417937 570323 192352 180032 372599 379403 95226 401153 282645
549920 365066 757488 941295 200314 751815 693988 169933 445853 422868 522571 411268 564783 933607 467270 754494 718888 363206 674465 467579 593686 191710 811380 737544 723380 619338 772538 124420 638686 450839 415042 121913 704576 435389 432633 645250 999999999 574356 719958 746884 596497 610689 692828 328588 64429 256419 813469 758005 696293 620826 793698 465795 371017 899346 731509 569829 131465 1024566 289619 614047 695958 11009 560595 248913 240604 511310 571333 427102 203679 577143 319850 681027 724583 276098 921546 824293 857935 432704 346927 545547 743295 768964 113043 575616 352488 371373 45518 192521 444238 803072 517323 754222 354160 516212 674597 280332 405794 550116 744137 790046
167580 243790 823353 484998 475109 693980 843412 404591 152264 798142 834950 541756 321376 487018 363231 415497 427736 739223 319072 393125 673416 762739 256209 765929 184345 410463 307432 465578 384632 529688 276096 693043 562757 302833 429160 664563 574356 999999999 733191 331227 536335 46203 641625 357290 583592 485829 525648 516551 127119 692401 243862 190236 752541 400347 310796 229129 542809 531385 435440 839142 613434 576370 434487 560365 705547 409705 283467 147729 419371 740173 581525 834425 749190 298736 440117 925525 551775 400303 760975 421074 560648 592346 646193 453639 925185 485154 568604 685814 591968 509815 332540 406136 222448 701940 538143 475881 317170 607274 409848 938011
567574 574236 97968 643090 835922 89822 184473 668500 619188 461872 383463 310710 415444 625091 383451 443283 389664 464228 476152 987715 129342 775712 767058 33557 702830 1084704 604380 738719 376438 278279 859618 798664 210637 453218 346533 79160 719958 733191 999999999 538255 196984 774996 101729 480023 663272 892488 380496 322238 757893 104187 746788 556125 469975 693729 544573 511092 821810 746262 884458 273247 139648 730728 298720 929125 577488 327966 969073 675421 564315 196845 404667 185827 18326 655542 674053 200723 411170 368252 511138 312328 250636 239795 665703 1091841 879754 981014 759110 613987 276287 386444 401190 454501 647776 240310 218861 450130 456125 172233 438234 238358
216155 390970 636223 194411 725311 468892 698451 593874 339677 794468 785498 501449 202547 187313 315517 106486 150476 752087 82804 715546 536923 906911 235882 571163 196772 741240 66248 675164 176200 464146 587610 867075 329644 317702 387557 494585 746884 331227 538255 999999999 372231 350767 436533 426775 727526 755695 215614 235545 275871 544236 217770 291647 764671 176426 20548 178279 768627 283450 715640 738226 398941 753242 292469 823906 778775 311162 614458 394270 546197 630314 595470 693746 556516 503021 181881 738209 230247 366868 789564 292606 301761 326925 775112 784143 1062379 785973 760249 780810 533199 200403 254059 94372 434857 618114 319579 525530 348376 484451 106929 773776
371340 386819 288125 514994 678541 175023 329295 510718 424242 464762 429581 203377 221060 498951 191219 295397 238408 439812 299088 803353 164700 694677 587851 229595 516761 892857 435924 588571 197657 156492 672477 694383 115146 261187 173805 131032 596497 536335 196984 372231 999999999 578441 114333 307964 549170 731126 278787 210818 566107 173190 566832 360068 450096 542257 373965 316519 679038 619454 715733 367303 102763 606451 102172 776783 515503 133069 775080 482091 413148 259848 318023 323515 212855 479056 532582 391355 321865 187794 484871 115347 163464 181191 569304 904220 824866 809879 629490 538506 204514 276717 204209 304266 460801 257292 91014 316262 268644 117800 287444 413043
207617 288548 866032 490693 500654 733387 888088 441617 197761 843828 881141 587877 361224 494439 408081 441409 458275 784657 348194 393023 717816 800364 241378 807910 182676 392821 318972 498647 420428 575431 286172 727992 600294 348584 474859 707406 610689 46203 774996 350767 578441 999999999 682157 403100 622751 506464 552987 548368 109601 736424 232441 236127 797960 399540 330775 267146 572003 528371 454058 884972 653036 612175 476357 581502 748776 453320 267524 187242 461939 785632 627369 879228 791218 336654 442095 968529 576480 445968 805884 463430 595654 626984 686078 442766 962548 495672 602653 727891 637996 537115 375351 431376 262348 747835 576590 521382 363293 651841 436567 982167
474601 501143 199695 546357 787568 61626 274185 619299 536327 496972 436753 284311 320999 528660 305296 342333 288199 486142 375046 917685 152920 772962 665698 134816 602726 1006124 502652 694979 276169 242125 786741 783200 110279 375119 284367 82328 692828 641625 101729 436533 114333 682157 999999999 419705 641184 841419 286437 224591 659868 141999 645525 471078 494253 593278 442887 416060 783240 650304 827860 344533 38814 703182 209479 884501 582670 246529 887374 595104 518898 248445 393207 272623 119983 592396 574982 302162 321029 300836 533166 224964 154523 150357 653616 1018390 891518 922634 728507 612620 265879 290731 312991 353400 575122 272307 117177 413877 382971 153933 337016 338726
257348 120231 549277 620065 372406 481300 533583 206774 205519 440926 481756 204519 236660 610936 141924 426159 390591 382782 350048 510263 378725 480140 537927 507055 447958 619986 461589 288637 310416 212386 387058 445000 399811 109299 135477 401069 328588 357290 480023 426775 307964 403100 419705 999999999 301941 423525 487247 435290 450048 403882 517538 181029 396146 590502 413465 256690 383024 709273 408155 503790 410387 336427 244384 472242 367350 194027 515908 236562 125071 417282 224274 522454 491001 175592 606513 641109 531115 121003 407409 227661 430818 459642 348411 617598 636333 503199 350408 360450 257215 476170 188743 426240 182524 367982 368661 119974 78732 315311 415773 634380
540335 358823 697339 921427 256391 699114 631184 184791 445806 359648 458317 357491 537880 912635 434465 726507 687484 299301 651887 517186 535818 183065 810454 679640 721095 666510 758144 166956 607597 399241 452299 146959 659831 411092 391652 589928 64429 583592 663272 727526 549170 622751 641184 301941 999999999 314876 778328 720272 701299 562775 791839 456433 307409 886356 713357 553293 194359 1008566 343107 549925 646621 75114 521591 312447 180610 473615 609461 436030 182244 515203 260193 618209 667128 286392 905517 762043 823318 395303 284769 507471 700746 725081 65838 627347 344748 429355 109867 135448 386994 768778 488406 727194 361144 454330 630524 234220 380639 495206 716069 726632
539587 379367 948810 940969 60947 903016 905481 224002 416137 671865 764242 587185 620061 938178 557250 797867 778682 609460 701915 228233 777113 414972 742034 916144 665705 381963 759536 163473 703330 614454 233641 316574 821477 499089 557547 813613 256419 485829 892488 755695 731126 506464 841419 423525 314876 999999999 883203 841762 611913 804139 729196 468106 618759 873097 736602 584091 131151 1004876 56213 840713 833743 248456 663858 75123 495370 614384 367122 365942 328896 784843 527811 892881 901098 265284 906485 1029027 923222 544491 598983 646558 848534 878743 369392 327171 553068 114959 215364 448532 632412 869770 586005 793679 322003 725417 790314 447198 478133 721149 788526 1005666
375634 503910 474279 263623 841892 296133 560378 687365 487226 743462 704731 469459 263192 245337 346336 112427 105710 716320 206911 886526 424991 942789 446203 409811 412114 933386 274656 771109 180434 423239 753302 924986 180660 389039 389504 363382 813469 525648 380496 215614 278787 552987 286437 487247 778328 883203 999999999 68009 489278 422004 429862 423633 727093 327993 232008 315644 866658 365941 852420 626873 248525 821939 259509 943417 779648 305196 806511 549271 611657 524419 581740 559050 398319 618184 300297 569198 45444 383082 760332 271985 132017 141425 811821 967548 1084565 934694 837511 795448 480780 15872 301660 123480 566767 532701 191527 548541 414980 393821 116468 617402
356930 464463 418253 321766 797718 242405 498605 639037 459109 675545 637069 403462 225307 304094 293369 130248 91339 648944 201662 860557 358450 881450 471410 353029 425301 917856 300224 722362 142603 356928 726467 867200 115720 343240 329225 298749 758005 516551 322238 235545 210818 548368 224591 435290 720272 841762 68009 999999999 496814 356607 453249 392988 659614 373886 247824 294264 817520 425791 814100 561260 185965 766817 198818 899209 714792 246908 791929 521951 558210 457848 516527 496601 340394 576601 352005 516303 111503 325519 693196 212855 71906 92069 751272 946878 1020997 899643 783986 732027 413316 67816 255841 142402 531230 464929 123873 488373 366834 325902 128633 560483
207944 348774 852946 390547 602211 705250 889254 526402 257147 886969 911637 613128 345390 396207 419507 377129 405541 831308 296486 501744 718378 882454 131917 791395 83758 490167 230632 590714 385712 592671 395381 816200 566707 372602 493656 697137 696293 127119 757893 275871 566107 109601 659868 450048 701299 611913 489278 496814 999999999 733766 123054 269660 844688 294249 257863 251225 669536 420956 560642 899977 626962 698900 465391 686670 811435 453549 368514 269789 529944 796013 669989 881636 775146 420242 338734 956599 506117 465079 857417 455561 553081 582594 762207 545828 1044990 605019 692807 795972 659715 473646 373698 365825 342195 765290 547100 569940 394356 654764 374435 978231
532731 508575 145935 675491 746197 171482 156493 580617 565183 363633 295689 217185 388885 658462 330589 461362 404638 361759 472243 914111 27316 671640 760773 116868 688207 1020122 608538 646941 370715 192839 789903 696139 241382 397084 277780 59851 620826 692401 104187 544236 173190 736424 141999 403882 562775 804139 422004 356607 733766 999999999 739681 506810 368092 711469 546710 482602 726880 780147 799957 204878 175931 631692 269104 836784 473311 283346 909333 616864 475286 106581 302994 150346 104938 578476 698483 238848 459405 303549 408857 278208 290806 291135 562835 1021230 776252 897297 661066 509941 176805 424288 362587 471227 580275 138848 235645 357709 393793 89315 454364 245816
260259 433143 844351 280415 715654 682659 896059 625334 347852 939166 950079 652784 357851 289051 454444 324047 366263 888009 270692 624764 728294 974714 21567 780171 70771 607658 155214 695338 371539 624680 517266 915128 542405 423599 531618 695492 793698 243862 746788 217770 566832 232441 645525 517538 791839 729196 429862 453249 123054 739681 999999999 339557 901259 177306 206154 277783 778682 299561 679258 921870 609290 797361 473054 803444 884795 474344 488678 374808 613760 814849 725760 889962 764809 520417 224330 947509 436804 504917 918772 467340 518300 544328 849641 666340 1136555 726959 794634 874992 694215 415333 398764 311871 442005 792493 528627 634349 450358 669185 324683 977858
84202 101451 642295 483401 434533 527788 655413 305112 67490 617796 647605 352183 169299 478099 176226 330879 317925 561677 233826 468039 486561 639405 359378 587916 269163 538013 308295 384715 250398 339499 333829 587590 408298 112708 239040 483681 465795 190236 556125 291647 360068 236127 471078 181029 456433 468106 423633 392988 269660 506810 339557 999999999 575057 433819 273840 116076 477362 560679 432288 648906 447675 470958 261775 534132 546463 228241 416877 130056 275704 550334 400624 646078 571093 211374 458103 742923 460600 210251 587992 246125 418854 451135 511893 558450 800112 511468 474164 535462 401944 409135 158832 326089 146253 511718 379928 300592 127988 420024 321878 751470
643982 509996 466039 940401 558585 536990 370539 437209 600286 53517 155238 265078 563663 926697 453212 720221 667147 13381 681880 802916 347409 335604 922429 473044 834259 943503 815718 459969 599790 307607 712957 392818 561496 477906 377865 418316 371017 752541 469975 764671 450096 797960 494253 396146 307409 618759 727093 659614 844688 368092 901259 575057 999999999 940535 757694 625406 501767 1041239 639978 268124 517010 381145 483715 619800 140537 454683 864885 621400 357265 278774 175624 358160 466086 502861 944160 502770 771098 401138 41817 478274 612065 624889 269376 915640 412867 731544 416442 190771 246315 723359 513927 725893 553134 229705 540781 276695 452474 344839 710487 452290
350091 535137 790871 107806 851508 616264 862804 738071 465369 970823 961049 677781 377193 120499 489407 251328 307237 927874 258918 791632 706416 1068162 180021 725455 217283 783603 128929 815430 350324 640543 676112 1020973 483212 483523 562923 658684 899346 400347 693729 176426 542257 399540 593278 590502 886356 873097 327993 373886 294249 711469 177306 433819 940535 999999999 182992 334024 905189 131948 826942 909538 554600 904688 467912 945319 949975 487562 662758 507913 704122 801911 770192 859096 712032 639041 48375 890010 318101 541234 964739 468731 445572 464063 937748 840046 1226365 884214 907739 949193 709500 317091 427948 240780 564007 792574 479365 695690 513841 657063 257537 931875
197024 373786 642493 210320 706818 477418 701717 577094 320481 788599 782481 495596 194205 204303 306526 120982 160118 744997 77651 695045 538407 893398 225123 577690 180220 720905 62081 657991 176538 459516 567239 852037 337499 304804 379972 498399 731509 310796 544573 20548 373965 330775 442887 413465 713357 736602 232008 247824 257863 546710 206154 273840 757694 182992 999999999 161916 751131 295820 696164 738469 405782 737703 290380 805131 768402 305877 594086 374498 531648 630537 587222 696661 562767 485136 193245 744971 248637 358283 781746 289296 312146 338378 761868 763624 1049615 765977 744104 769296 528951 216559 245033 109171 416190 616379 325715 514572 335437 484324 120022 778868
63137 213071 604467 372185 550393 466331 638032 415605 173565 662026 673032 375121 95673 365583 176811 216844 211096 612252 118151 570885 467186 734486 299257 544365 214856 623658 205244 497088 156590 348554 437807 690622 333664 151792 253903 447298 569829 229129 511092 178279 316519 267146 416060 256690 553293 584091 315644 294264 251225 482602 277783 116076 625406 334024 161916 999999999 590901 455439 547461 651669 386103 575915 214897 650173 619929 203170 497995 234437 371150 546452 450513 630455 527853 326386 352353 707843 349766 227147 644867 204453 332696 364696 603781 653460 892347 624302 582202 616466 417588 300492 124012 211251 262113 518985 309479 365780 181310 403901 208340 727399
