NAME : synthetic_000827
TYPE : CTSP-D
DIMENSION : 100
GROUPS : 8
RELAXATION_LEVEL : 1
EDGE_WEIGHT_TYPE : EXPLICIT
EDGE_WEIGHT_FORMAT : FULL_MATRIX
EDGE_WEIGHT_SECTION
999999999 980716 243284 585369 478484 446227 652055 510635 399595 173116 580321 573004 95640 427863 554229 1026223 285330 383696 895741 738059 593558 229786 663840 514396 292467 1052868 754885 154255 694866 353521 541586 194678 137578 555765 492807 139162 231792 102178 510597 847036 713960 838665 156809 619844 732092 822408 155925 164611 833857 367439 814812 486165 1018204 748493 872763 524223 532310 430978 605911 675698 457266 604002 99248 854779 278222 932281 151168 108582 447289 913251 286199 342528 1036656 328571 195105 882265 270879 851041 569734 346633 693647 795553 457110 583232 629785 785718 896111 878631 41162 635703 813140 647955 149442 288750 856985 144572 568051 796431 807717 805043
980716 999999999 1037863 430506 579240 682288 594415 495919 658795 957291 418382 543794 988696 557971 462631 154868 767166 832342 195296 261473 458428 1060578 398198 485452 928196 246030 707731 934064 707461 922326 783517 920245 1061901 816677 535438 985896 751343 878667 477685 201153 282483 725112 916924 404129 719726 337703 826276 990778 575578 639302 331834 548499 124333 536428 318483 500314 612132 813343 696505 335774 568044 377919 911205 217918 824080 68632 1002456 934866 568967 67674 759736 672141 256168 841595 1148875 214867 968071 219732 504791 707731 478377 645266 615681 711494 553973 659973 729771 381165 1021490 611214 196905 332881 1130136 1009052 647117 1125124 894870 384254 326517 374774
243284 1037863 999999999 705498 466790 384300 573584 541953 382371 98977 619521 738629 338121 492514 576652 1115088 484007 610757 911645 828654 593848 33350 794342 552912 532773 1159038 630307 394225 900963 593016 403226 433302 134399 402611 635164 107788 334606 278946 615142 944338 804873 709597 145926 639161 939339 954044 319181 407447 746520 516800 944608 492183 1100951 922655 856442 539631 714137 297889 494761 781007 470373 668686 325785 957972 498115 979163 92606 346782 468896 971103 481285 504040 1146568 556000 190324 894415 82379 867071 720939 330679 852668 688840 433110 469169 571700 674860 767740 1020882 247647 553441 849252 715985 272565 63172 749520 274568 802031 769196 797285 944763
585369 430506 705498 999999999 354394 456166 516657 254682 390618 610687 223873 150308 574994 231926 266589 444944 340619 405077 429664 169163 319398 719635 91216 237303 497705 467528 674240 513038 380919 493268 613095 494930 690827 649125 105224 626952 376347 485143 94461 265085 148272 735802 564487 276351 410591 248658 430477 567868 627987 220800 239115 316256 440593 280674 483362 287084 206614 581286 574887 96217 311673 157948 502408 270291 394803 402150 645564 520942 299470 368649 333929 250855 451648 411272 771300 427352 654720 396373 98894 414531 188559 653044 383594 574012 462570 657634 771974 318332 623983 519758 326744 158254 731282 696983 692525 725525 500052 460766 427685 242393
478484 579240 466790 354394 999999999 110010 207908 104145 85685 398602 171835 469458 527903 147750 119887 675589 416868 563113 444948 409284 127097 492891 440335 121352 583891 734387 356294 508754 699657 616404 258857 518841 517401 295023 352861 435222 265772 390243 267610 522176 388743 432829 366540 175287 735006 577791 355160 563624 377323 317939 566499 38957 656910 632571 399448 82792 491068 244203 229700 388313 48594 241095 450379 541637 478162 517178 448743 484012 65459 514361 407652 340084 726554 532349 605927 427976 392201 400302 425716 140813 541919 363903 36821 224025 166791 360950 481944 654962 518124 200444 385691 284466 618597 432034 419402 615359 733658 318933 336514 582981
446227 682288 384300 456166 110010 999999999 206197 213110 79151 332214 281594 559155 512286 232183 228963 783796 454224 607539 535563 519275 224024 413546 544442 229858 606168 843959 320398 509460 782441 647207 163185 527673 456740 197404 440193 373889 271955 373912 365264 632124 498631 403438 310175 279162 819099 685904 352745 559262 387980 380236 674713 148063 764392 729916 472519 192541 571921 134405 173126 496588 145069 350941 441412 651647 509540 618365 384142 476343 156709 618716 445694 395059 836362 569043 543062 517157 304604 492119 519132 108057 641091 351297 74776 156641 191077 342954 458660 762560 482527 189480 486482 394475 573489 341224 412161 571315 790100 384899 414703 689703
652055 594415 573584 516657 207908 206197 999999999 272274 260862 533861 294541 651323 715023 349510 250477 724189 624533 770873 414196 511751 198770 605049 589997 287551 789548 799783 157925 705734 886316 823754 205700 719689 659096 232909 541582 576880 462712 575986 445447 607409 497863 227395 515199 252096 919622 699589 549175 758130 181828 523777 687928 230215 699221 795881 317874 237065 683046 280957 105775 518964 253688 368389 641461 631516 685296 525922 585737 676122 270838 541052 615352 547291 797916 740139 743683 393567 491339 378244 603067 308007 703096 156065 209597 126246 54303 153314 274368 777990 688657 21081 403614 395683 779167 522049 213018 777126 938594 228197 277156 714134
510635 495919 541953 254682 104145 213110 272274 999999999 167073 462826 77589 380408 543034 96759 44878 580767 386029 518728 385867 307299 99353 564824 338138 17547 560938 635412 429523 509437 614647 584099 361501 511337 572809 397829 269309 493904 280843 413097 174513 421586 286071 498584 424383 109358 648497 473647 368098 566962 415103 266762 462354 65276 563911 534945 368417 35232 410824 346182 320621 284169 74371 138532 462916 440100 450218 438149 509623 493666 73078 429180 376664 295528 626572 496806 661109 371826 473327 340951 333529 212399 443194 421002 138361 319331 220521 422091 541632 550868 551665 271742 310381 183697 657645 514850 469468 653531 673650 303461 302489 479140
399595 658795 382371 390618 85685 79151 260862 167073 999999999 312924 243310 484874 455913 160518 196168 747820 377428 529944 530055 472020 212367 407859 480723 181276 533872 801777 391332 444922 705295 572590 241033 459808 432214 274182 365668 349825 202482 316905 297382 587275 449906 472922 281430 257054 742233 628272 288314 497337 440170 301171 617393 110431 730734 659057 484377 158508 494743 190725 247927 440671 92704 303878 381048 604867 434311 598299 363157 415572 97315 592933 368727 315975 792383 492803 520639 513309 309573 485281 446856 55542 571904 413861 57758 233713 231632 407631 526341 703378 438350 247806 467566 350083 536474 350288 473036 533501 711273 402290 421906 629064
173116 957291 98977 610687 398602 332214 533861 462826 312924 999999999 539730 639908 267658 404467 500647 1027656 386953 518462 841553 739478 524778 108949 698671 472135 449043 1068399 613583 312459 803116 507850 390373 349438 125268 398708 537561 44962 236977 184930 521834 854533 715478 696038 47172 565109 841560 858805 221462 335170 713093 418216 849581 419074 1014750 823814 796219 464880 615187 278612 469032 688893 394544 583454 239410 867152 404772 900868 51965 265057 390610 889991 383850 405085 1055227 464324 210862 825322 98114 796585 622978 258068 754472 663806 368059 444403 523290 651692 754307 924529 191675 515037 772894 630534 254388 122140 725467 253888 711658 711916 734506 848513
580321 418382 619521 223873 171835 281594 294541 77589 243310 539730 999999999 366029 606254 154068 53668 505115 428466 548064 316013 239170 95964 642251 295662 67833 604390 562561 451357 566675 601184 621056 418582 564442 648093 454877 268689 569994 348761 480820 167534 350656 219911 511931 500591 58892 632519 416002 433072 624704 408456 300349 404444 135692 487524 501515 314892 89071 407948 415955 362829 228822 150950 75891 526077 370660 492703 361160 585997 555191 150667 351595 419317 332393 554771 533125 736113 303628 550775 271737 315613 289900 408713 429394 208293 366307 240244 433775 548761 494333 621475 299428 234879 114024 728555 592205 470533 724194 687149 263740 249857 425960
573004 543794 738629 150308 469458 559155 651323 380408 484874 639908 366029 999999999 538362 327176 401960 521135 293009 299447 572498 290769 458915 746391 145599 364303 412380 518272 809146 466098 235524 392110 721631 438115 696299 756459 119208 645932 405603 482390 206020 352510 276252 875056 592779 421713 268300 270062 430452 513608 773950 221981 265850 434376 524889 184586 632811 415204 68709 671664 697926 218974 422231 306284 478191 346925 328551 527920 664980 487209 407059 488974 289941 236401 497949 322734 767445 572020 702289 541997 51557 494172 121091 794101 492532 693463 598195 797351 914094 311726 606862 651924 469830 308351 707604 742818 836544 701208 357336 610844 577882 243755
95640 988696 338121 574994 527903 512286 715023 543034 455913 267658 606254 538362 999999999 452287 587783 1019907 245579 310936 921615 736657 633451 322746 645428 543811 205969 1038395 828319 77322 631990 267186 622249 116039 222787 639174 475008 234802 264578 139089 511461 840000 713093 912159 246242 651804 667937 799507 175298 69348 895728 354432 792979 529169 1014696 704365 910890 561827 489162 513767 678763 669313 499540 618490 80222 844879 218682 945299 246494 54140 487179 922101 249439 324320 1020675 257566 258008 909817 365718 877752 543497 407050 659239 863581 511678 657360 687416 855038 968773 849369 97302 700167 832898 659331 173071 384384 924341 166341 485445 839889 845078 778412
427863 557971 492514 231926 147750 232183 349510 96759 160518 404467 154068 327176 452287 999999999 140733 623293 289832 426277 469962 336150 195619 511346 322857 93202 464337 666916 502373 414811 553730 488661 394455 415296 504157 429332 208563 429681 196096 327478 137754 451937 312419 576682 361680 201264 589654 475157 279061 472632 505296 175414 464701 119332 610314 498760 462777 125536 344186 350919 376998 292270 99156 180465 372086 466206 353864 506116 446881 401537 82492 490304 280453 201825 655038 401791 590913 457694 433009 425787 287118 183124 411390 503502 166213 369800 301958 502500 623364 548274 469015 344835 385277 226957 576773 475465 555476 572204 589098 400082 396883 472993
554229 462631 576652 266589 119887 228963 250477 44878 196168 500647 53668 401960 587783 140733 999999999 555719 428646 558248 343773 292823 60166 600675 343713 49009 604018 615015 408346 554256 637407 625772 365119 555849 613014 401442 296462 533191 325164 457292 197190 403886 273547 473118 463611 65872 670067 468755 412759 611809 380459 306655 457235 86057 537217 546738 323540 37848 437938 363363 312068 280645 106432 128214 507691 424138 492964 402604 548440 538517 110541 396820 419307 336498 607622 538197 701525 329115 505536 298735 353025 245974 454117 392842 156656 314376 196719 395533 513266 546942 595186 253169 272761 167690 700688 546426 438171 696676 708156 259449 257615 477732
1026223 154868 1115088 444944 675589 783796 724189 580767 747820 1027656 505115 521135 1019907 623293 555719 999999999 783394 820366 345795 289605 565478 1134596 383526 567177 928871 91566 848411 957410 638293 912883 901772 937522 1122034 936439 547052 1051192 805533 924616 516023 179921 313827 871739 984222 506581 642951 265813 870339 1011440 723652 665542 265131 640671 30698 462026 469271 593182 588878 917792 822055 351142 655122 447048 946608 176970 833481 215447 1068881 965831 652403 186402 777249 695786 104524 839523 1206132 364158 1051412 363243 493826 791344 427924 789912 712373 834415 679126 803701 879631 279449 1065754 739205 320973 399797 1173868 1093472 795985 1168297 848899 527596 469192 302218
285330 767166 484007 340619 416868 454224 624533 386029 377428 386953 428466 293009 245579 289832 428646 783394 999999999 154551 729016 508079 485289 484152 403488 379750 175971 796460 766774 175686 417544 199960 605672 154348 416489 633691 236507 380641 195605 207185 294624 604321 485640 846606 342830 483596 455750 554879 165714 228113 791085 132006 548696 400528 780576 463747 743325 415208 247412 519237 625351 436746 373438 417485 187473 606848 64391 731211 399043 194224 356862 702678 9383 98331 778056 115843 480331 720659 469260 687960 298811 352286 414034 780598 417881 610662 582627 776991 897656 603790 316366 615671 632001 450876 414852 504358 836193 408406 345680 687458 678291 533037
383696 832342 610757 405077 563113 607539 770873 518728 529944 518462 548064 299447 310936 426277 558248 820366 154551 999999999 826477 571692 617389 605248 439685 509555 125097 816150 916792 234670 324605 92717 760165 194906 521268 788238 304570 503512 349350 333544 392151 648907 552442 995385 478120 606092 359164 567068 305439 259869 931572 251966 563820 542781 823267 425766 858066 550770 232999 673235 777533 497044 517469 520589 287851 645198 114265 807159 520462 275858 500435 772615 162520 224575 795217 55226 568268 821133 607947 788830 329464 506663 406834 926604 567484 763604 726362 924050 1045057 598035 403155 763353 725059 544718 480845 639654 980476 474005 195116 811668 795067 537540
895741 195296 911645 429664 444948 535563 414196 385867 530055 841553 316013 572498 921615 469962 343773 345795 729016 826477 999999999 291323 317850 937814 438779 381348 902092 434198 515728 878929 778280 909236 613048 873382 956281 643955 522672 875752 664539 796734 437352 309728 299664 530051 806252 278014 798926 448647 749023 937017 380319 597073 439156 422509 316317 625061 123555 377615 634845 658790 519201 355321 447918 311535 841544 335113 791578 130349 890460 869982 454024 165558 720370 630696 440401 822790 1044889 20781 835878 45069 524049 583864 546677 451043 478685 536936 380612 466194 534666 512856 936859 432741 102964 281907 1043346 874640 451829 1039150 928579 192812 137666 480158
738059 261473 828654 169163 409284 519275 511751 307299 472020 739478 239170 290769 736657 336150 292823 289605 508079 571692 291323 999999999 321677 847068 149368 291592 666844 331381 659816 678096 486979 661148 656876 662008 832440 693042 274297 762034 515938 636148 227484 116078 24225 705900 695507 262566 507832 190138 582148 733918 575477 383213 178613 371455 280169 337338 375183 327322 357364 653140 594113 74657 380426 168770 661349 132891 563598 237702 779854 682532 374783 201025 500999 415140 320756 580122 916580 294952 767943 268824 247215 510697 255639 620196 444944 600542 459272 629240 730933 267596 777960 521412 193259 125174 886403 810297 646554 880974 647653 382660 334480 210942
593558 458428 593848 319398 127097 224024 198770 99353 212367 524778 95964 458915 633451 195619 60166 565478 485289 617389 317850 321677 999999999 619977 391227 107937 659950 631406 355393 604251 694426 683449 338897 608065 641903 374515 355722 560336 369029 499687 255669 426318 305245 416816 491170 60197 726466 505494 458189 661273 320408 365521 493851 108046 544439 597475 279209 72279 496920 355235 272622 321471 136352 169788 553859 448564 549421 394349 574400 585755 146756 395482 475918 394721 626136 596124 730565 300950 518718 273223 409222 266719 504674 335193 161323 278985 144473 338814 455235 584046 634078 204496 262462 200217 737478 558089 378968 733842 768321 207122 214288 517866
229786 1060578 33350 719635 492891 413546 605049 564824 407859 108949 642251 746391 322746 511346 600675 1134596 484152 605248 937814 847068 619977 999999999 807575 575170 521812 1176590 663494 383186 901695 582606 436400 423034 109019 435957 645789 103516 345466 277252 630606 962397 823145 742888 155531 663905 939892 967740 321366 391982 778784 525289 958527 516966 1121116 929712 884966 564001 719043 330540 527393 797441 494249 689136 318055 975366 493962 1002732 85362 336254 491930 993570 482056 510582 1163628 550172 157680 920849 114702 893099 730838 355038 861982 721678 459897 501832 602012 707793 801043 1033272 229087 585026 873436 736364 244065 95911 782442 246509 794504 798237 825207 957294
663840 398198 794342 91216 440335 544442 589997 338138 480723 698671 295662 145599 645428 322857 343713 383526 403488 439685 438779 149368 391227 807575 999999999 320592 545448 393157 746051 578960 341121 531575 699110 556548 774523 735332 171363 713219 462843 565483 185652 209227 139166 802860 652133 341235 364808 160511 510959 631283 685714 296402 151908 401667 384353 209162 512727 368543 214050 671180 655402 86035 399448 221955 576498 206786 450785 384009 731989 591945 388084 344072 398070 322848 375247 456247 853040 440800 745069 412771 110651 505657 117860 718483 471014 656250 535700 724683 835197 227512 701296 595071 338072 203886 807128 787250 753357 801137 499805 505321 464308 151410
514396 485452 552912 237303 121352 229858 287551 17547 181276 472135 67833 364303 543811 93202 49009 567177 379750 509555 381348 291592 107937 575170 320592 999999999 555236 620562 445104 507910 598894 576763 379008 508418 580290 415329 254364 502175 283463 415787 158288 406324 270067 513256 432789 108280 632519 456489 369449 565669 426677 257812 445220 82409 550842 517674 369593 50936 396019 362508 337802 267026 88947 122919 463599 424469 444090 428875 518214 493718 85262 418400 370419 287510 611402 489194 668351 368015 485483 336656 317033 224634 425841 434895 155082 336738 235239 436431 555535 533611 555511 287626 302595 168815 662130 527216 482388 657876 661612 307978 303689 461744
292467 928196 532773 497705 583891 606168 789548 560938 533872 449043 604390 412380 205969 464337 604018 928871 175971 125097 902092 666844 659950 521812 545448 555236 999999999 930583 925058 138676 447049 61317 745570 99726 427223 769538 392825 425424 334481 271963 465247 753446 645783 1006783 415321 659545 480290 682358 263903 144426 960733 305979 678225 571209 929521 549802 919206 589138 349487 647672 779288 593087 543077 590854 209693 752234 111691 896952 440235 185994 527065 865674 185186 272830 910330 89694 462288 894442 544773 861762 435048 499165 525524 945119 580306 762052 750658 940168 1059793 718010 302930 778987 803574 621812 366952 570894 1002405 360144 279832 863137 854234 654692
1052868 246030 1159038 467528 734387 843959 799783 635412 801777 1068399 562561 518272 1038395 666916 615015 91566 796460 816150 434198 331381 631406 1176590 393157 620562 930583 999999999 929404 972043 601911 908791 970022 948871 1156207 1005323 563521 1088872 839753 952612 548475 215305 354721 956205 1023629 571481 601423 249119 897957 1023897 809322 686806 252494 697874 122257 427739 557239 651600 583189 978364 894768 380474 709458 497953 968324 201249 841717 304220 1107054 984770 704901 271152 791171 714874 23720 840900 1238051 451911 1099268 448604 499256 841847 411833 873380 770837 905626 752656 886595 966152 236364 1091313 813755 400016 451777 1198222 1141640 881993 1192369 823462 611459 553151 280472
754885 707731 630307 674240 356294 320398 157925 429523 391332 613583 451357 809146 828319 502373 408346 848411 766774 916792 515728 659816 355393 663494 746051 445104 925058 929404 999999999 829513 1043993 963630 227098 848058 736488 231674 698650 658448 591796 691566 603200 748359 647791 83871 605560 405751 1077444 849387 673012 878308 159712 674207 837763 383474 821363 952864 400065 394403 839864 336109 149556 672770 404195 524105 760205 773396 825149 639558 663401 795159 421353 662174 757832 695597 929969 882573 814542 495173 549683 488110 760984 428453 860063 77949 349325 171654 211714 59499 141339 927328 787796 158229 529402 548500 867299 571102 126672 866319 1089946 323592 381235 865988
154255 934064 394225 513038 508754 509460 705734 509437 444922 312459 566675 466098 77322 414811 554256 957410 175686 234670 878929 678096 604251 383186 578960 507910 138676 972043 829513 999999999 554723 199441 634785 40727 290488 655420 410491 287085 243644 145182 456703 777854 655006 912819 281670 616075 590757 730372 156936 58097 883659 295090 724296 504442 953631 628878 877456 531977 414546 530898 680726 608574 474891 570759 76203 781295 142158 893928 301648 47597 460861 868303 180891 262972 953717 180724 333600 868402 409370 835948 474389 401590 586488 858274 497572 661100 673161 851237 968083 777737 168947 692599 786587 609081 250151 433718 917861 243386 414255 811335 811528 707922
694866 707461 900963 380919 699657 782441 886316 614647 705295 803116 601184 235524 631990 553730 637407 638293 417544 324605 778280 486979 694426 901695 341121 598894 447049 601911 1043993 554723 999999999 398474 945623 516633 830383 979387 347036 798184 586936 624638 440888 506381 479715 1110524 757872 656139 38608 375695 581807 584319 1008361 413047 379126 666098 652220 176272 853207 649663 210560 885131 929222 426876 651562 538829 595748 490393 417105 709320 816573 591222 635611 665450 419794 411576 578409 375151 886114 781260 880306 753716 285575 705813 233070 1029617 719897 923255 833411 1032858 1149564 365587 719722 886388 678724 534978 803902 917628 1071688 797080 234989 839741 802561 338150
353521 922326 593016 493268 616404 647207 823754 584099 572590 507850 621056 392110 267186 488661 625772 912883 199960 92717 909236 661148 683449 582606 531575 576763 61317 908791 963630 199441 398474 999999999 791608 159739 488525 816938 390579 485467 377862 328070 472334 740782 641297 1044337 472766 677872 429977 659690 314574 204396 991043 320779 656503 600485 915511 514102 934362 614195 325691 696770 819873 586616 573361 600189 268541 737477 138608 895257 500576 246453 556814 861719 209291 289513 887802 87932 522911 902905 602752 870382 421104 541718 498995 979781 615948 803759 782458 975767 1096156 689553 364220 814363 808834 627427 425972 629906 1035806 419199 219307 883059 870278 629928
541586 783517 403226 613095 258857 163185 205700 361501 241033 390373 418582 721631 622249 394455 365119 901772 605672 760165 613048 656876 338897 436400 699110 379008 745570 970022 227098 634785 945623 791608 999999999 659034 511419 36388 602890 435330 414077 491124 524636 764670 638358 307371 387406 399052 982280 833211 483228 678315 353576 541575 821760 297443 879283 890002 522919 333754 735095 111930 103414 644140 302227 493045 561224 786340 656669 716081 438954 595631 315990 725132 597650 554407 965012 718114 587955 592797 322656 574119 680601 253677 800055 288172 230384 79808 232441 273146 365699 911066 571516 185048 587585 532234 644761 344410 347702 644202 946933 432670 478321 840279
194678 920245 433302 494930 518841 527673 719689 511337 459808 349438 564442 438115 116039 415296 555849 937522 154348 194906 873382 662008 608065 423034 556548 508418 99726 948871 848058 40727 516633 159739 659034 999999999 331175 681111 390821 325824 257327 175231 444788 758601 639373 930890 316535 615935 552307 705006 176283 75505 895589 281514 699383 511527 934900 596205 877634 535914 383670 557528 700154 591014 482294 563109 110319 760838 110018 882520 340840 86782 467468 855231 161066 248275 930028 141697 373581 863696 445508 831089 449848 419638 557562 873645 510385 681419 684752 867358 985391 749729 209505 707462 778939 599458 287296 471211 932496 280480 373578 814574 811842 681238
137578 1061901 134399 690827 517401 456740 659096 572809 432214 125268 648093 696299 222787 504157 613014 1122034 416489 521268 956281 832440 641903 109019 774523 580290 427223 1156207 736488 290488 830383 488525 511419 331175 999999999 516816 606232 83023 316784 213946 607988 945347 808224 818337 150867 678455 867894 934799 266375 290798 838329 481359 926425 534634 1111279 875769 916590 578670 660760 400495 593307 775885 508430 684609 235208 955687 414832 1008267 73637 245921 502489 994266 416181 460927 1141471 466130 88676 940796 195805 911214 687652 376720 815504 788317 488687 568456 647753 775915 876674 995428 125880 640302 882845 730855 139694 194409 849910 141090 704743 833667 853912 920466
555765 816677 402611 649125 295023 197404 232909 397829 274182 398708 454877 756459 639174 429332 401442 936439 633691 788238 643955 693042 374515 435957 735332 415329 769538 1005323 231674 655420 979387 816938 36388 681111 516816 999999999 637565 443439 440457 510847 560325 800531 674608 307885 399913 434702 1016206 869593 506165 697138 369040 573623 858141 333673 913688 925646 550778 370141 768827 125414 127612 680528 337989 529403 580959 822309 683183 749000 445541 614997 351519 758933 625857 585446 1000511 745076 590244 623568 324180 605738 715858 283012 835884 298801 266056 107224 263868 282578 365721 947453 583941 212873 621194 568471 652482 341826 356192 652297 976401 461012 508301 876655
492807 535438 635164 105224 352861 440193 541582 269309 365668 537561 268689 119208 475008 208563 296462 547052 236507 304570 522672 274297 355722 645789 171363 254364 392825 563521 698650 410491 347036 390579 602890 390821 606232 637565 999999999 548435 300632 395313 101158 367820 252976 767620 490492 327128 382151 329741 341044 464420 675432 125568 322016 319064 544079 298276 562674 304528 141684 552744 582263 201310 305025 223734 405198 370804 289628 505107 567396 421285 289406 472929 230215 151534 546145 307146 683137 518137 592999 486135 86846 375869 219037 688803 374486 576747 489591 690707 809381 389367 530024 540600 420782 241833 635767 634344 734582 629782 420402 527279 502455 314234
139162 985896 107788 626952 435222 373889 576880 493904 349825 44962 569994 645932 234802 429681 533191 1051192 380641 503512 875752 762034 560336 103516 713219 502175 425424 1088872 658448 287085 798184 485467 435330 325824 83023 443439 548435 999999999 250621 173773 540644 876207 737894 740958 69580 598310 836376 873714 218427 303654 756660 426011 864852 453511 1039318 828524 834117 498249 616712 323575 513594 708516 427876 609881 217997 887766 391414 930921 19051 239535 422691 918378 378589 409626 1074968 448627 170894 859971 134972 830705 632436 294423 762756 708219 406024 489052 564845 696240 799218 937315 151800 558282 804275 656604 209434 149614 769906 208981 694325 750857 771701 861638
231792 751343 334606 376347 265772 271955 462712 280843 202482 236977 348761 405603 264578 196096 325164 805533 195605 349350 664539 515938 369029 345466 462843 283463 334481 839753 591796 243644 586936 377862 414077 257327 316784 440457 300632 250621 999999999 132339 291322 628565 491713 674228 189986 390180 625504 623281 89772 297896 640034 183820 614333 264726 795334 590140 647161 297699 387525 323887 445051 459303 235068 373638 185534 639024 242742 701369 269284 218564 222607 683720 188579 176426 825350 304686 400723 651459 297588 619985 386342 164684 518179 616335 253994 427576 429523 610050 728334 687889 272951 450198 581366 418550 380704 337512 675331 376111 541216 575313 581504 611979
102178 878667 278946 485143 390243 373912 575986 413097 316905 184930 480820 482390 139089 327478 457292 924616 207185 333544 796734 636148 499687 277252 565483 415787 271963 952612 691566 145182 624638 328070 491124 175231 213946 510847 395313 173773 132339 999999999 408754 745662 612025 775293 145632 522451 662764 724964 54671 187587 756640 269784 717027 393708 916315 662048 778488 428999 447618 386024 542108 574463 364275 502285 70135 753855 219883 830656 191990 104566 352932 811235 205571 247570 936762 279549 287834 783759 276028 752235 474931 268075 601835 725095 372928 521385 548483 716852 831504 783467 142823 561259 712514 545985 251488 306265 785689 246459 527098 704904 712990 709054
510597 477685 615142 94461 267610 365264 445447 174513 297382 521834 167534 206020 511461 137754 197190 516023 294624 392151 437352 227484 255669 630606 185652 158288 465247 548475 603200 456703 440888 472334 524636 444788 607988 560325 101158 540644 291322 408754 999999999 337759 203429 670002 476299 226038 474274 341139 354678 513788 574676 163412 331146 230885 507608 365375 466879 209203 241373 488095 493669 168002 222424 128438 434932 347710 355634 437764 558955 457491 208933 411640 286453 196969 534332 385531 690838 430606 562044 398059 159208 320085 275838 590031 294276 490567 392550 592602 710428 412339 550477 445904 338331 156622 658937 604412 634619 653527 520522 427406 405102 336583
847036 201153 944338 265085 522176 632124 607409 421586 587275 854533 350656 352510 840000 451937 403886 179921 604321 648907 309728 116078 426318 962397 209227 406324 753446 215305 748359 777854 506381 740782 764670 758601 945347 800531 367820 876207 628565 745662 337759 999999999 139537 786488 810205 366166 519339 142691 691252 832202 647453 485623 134854 484949 176508 336636 418225 439612 421190 766372 696068 171434 495269 283444 766740 26224 655655 209649 894189 785918 490183 163932 598007 515940 205109 664627 1028581 320638 884004 303676 319714 626648 277674 701212 558281 704531 556999 712172 805347 203147 886379 619141 234852 238006 994343 926364 720166 988729 696844 448121 393196 177846
713960 282483 804873 148272 388743 498631 497863 286071 449906 715478 219911 276252 713093 312419 273547 313827 485640 552442 299664 24225 305245 823145 139166 270067 645783 354721 647791 655006 479715 641297 638358 639373 808224 674608 252976 737894 491713 612025 203429 139537 999999999 696089 671434 246990 502079 201812 558060 711001 568441 359995 190159 350626 304313 335834 376867 307272 341708 632203 577864 57364 358698 147697 637581 155159 541761 255129 755733 658980 352604 220437 478449 392119 343645 559543 892355 301696 744551 274037 230834 487832 250794 610484 424109 583546 444855 618949 722770 280135 753897 506797 199037 106159 862366 786928 638831 856952 633585 378556 332713 219122
838665 725112 709597 735802 432829 403438 227395 498584 472922 696038 511931 875056 912159 576682 473118 871739 846606 995385 530051 705900 416816 742888 802860 513256 1006783 956205 83871 912819 1110524 1044337 307371 930890 818337 307885 767620 740958 674228 775293 670002 786488 696089 999999999 688903 461813 1143026 896022 756179 961903 150477 750319 884511 457350 843430 1011352 408456 463366 909269 417863 233402 725975 479865 581702 843822 812155 905752 658379 745487 878779 497064 685715 837576 772908 958755 962448 895309 510254 629749 508498 825810 511466 918754 85718 428726 255450 278073 78243 58344 972980 871418 232427 559008 601412 950057 649464 85167 949177 1165613 344763 403055 915210
156809 916924 145926 564487 366540 310175 515199 424383 281430 47172 500591 592779 246242 361680 463611 984222 342830 478120 806252 695507 491170 155531 652133 432789 415321 1023629 605560 281670 757872 472766 387406 316535 150867 399913 490492 69580 189986 145632 476299 810205 671434 688903 999999999 528748 796370 812375 177123 310796 696167 371054 803225 384133 971848 776741 765795 428711 568538 275914 458223 643716 358350 541519 206361 822396 363972 861611 85532 235258 353111 849457 339335 358152 1010184 424638 239457 790535 130397 761200 575839 225909 707306 651318 338129 434462 500316 640208 746857 877741 184191 497243 734763 588396 264331 162024 713045 262625 672311 683251 703048 801765
619844 404129 639161 276351 175287 279162 252096 109358 257054 565109 58892 421713 651804 201264 65872 506581 483596 606092 278014 262566 60197 663905 341235 108280 659545 571481 405751 616075 656139 677872 399052 615935 678455 434702 327128 598310 390180 522451 226038 366166 246990 461813 528748 999999999 686679 448187 477125 673880 352279 357120 436526 146990 486134 549538 261703 100229 465644 412108 331608 267181 170594 119977 571618 388526 547963 341926 613345 601927 176032 339776 474360 388621 566035 589965 767018 263246 566427 232958 370786 308868 456960 377908 211584 338753 198444 383590 496016 526705 660838 260065 210651 143594 766497 606739 416174 762462 745991 205604 195919 462059
732092 719726 939339 410591 735006 819099 919622 648497 742233 841560 632519 268300 667937 589654 670067 642951 455750 359164 798926 507832 726466 939892 364808 632519 480290 601423 1077444 590757 38608 429977 982280 552307 867894 1016206 382151 836376 625504 662764 474274 519339 502079 1143026 796370 686679 999999999 384308 620210 619031 1038574 451157 388815 701002 658466 183636 877529 683387 247605 922825 964379 450843 687076 568464 633063 501885 454076 725032 854730 627917 671275 680536 458107 450052 577762 410646 922785 802746 918905 775945 317248 743504 252251 1061580 755867 958822 866455 1065192 1181248 366257 756444 920141 700613 562393 839415 956199 1102696 832584 253996 867059 828389 346667
822408 337703 954044 248658 577791 685904 699589 473647 628272 858805 416002 270062 799507 475157 468755 265813 554879 567068 448647 190138 505494 967740 160511 456489 682358 249119 849387 730372 375695 659690 833211 705006 934799 869593 329741 873714 623281 724964 341139 142691 201812 896022 812375 448187 384308 999999999 670579 780409 764355 455304 11662 538882 277297 200758 550567 499524 334163 816691 777676 189479 541694 340541 733103 120986 596507 352229 892474 746665 532491 306426 550340 480185 228204 592753 1012732 457828 903048 437688 256096 658080 163976 810312 611244 782158 646421 819373 920482 78553 859237 708229 364646 305277 964060 945371 835875 957946 583185 568953 517690 37655
155925 826276 319181 430477 355160 352745 549175 368098 288314 221462 433072 430452 175298 279061 412759 870339 165714 305439 749023 582148 458189 321366 510959 369449 263903 897957 673012 156936 581807 314574 483228 176283 266375 506165 341044 218427 89772 54671 354678 691252 558060 756179 177123 477125 620210 670579 999999999 209237 727847 215623 662576 354445 862286 611489 735654 386529 398497 383789 524564 519987 324777 450953 95810 699293 191544 779294 237280 128878 312087 758968 162399 194587 882092 254052 342154 736632 304496 704809 421402 244771 549217 701372 341837 505450 517799 694301 811269 729621 195929 535806 662837 493975 304564 338814 761054 299312 500546 664772 669871 655012
164611 990778 407447 567868 563624 559262 758130 566962 497337 335170 624704 513608 69348 472632 611809 1011440 228113 259869 937017 733918 661273 391982 631283 565669 144426 1023897 878308 58097 584319 204396 678315 75505 290798 697138 464420 303654 297896 187587 513788 832202 711001 961903 310796 673880 619031 780409 209237 999999999 937079 351497 774724 560554 1008298 670290 935144 589027 458708 571897 729024 663721 530937 628676 118128 834952 185308 951289 315696 83204 517208 925230 234205 318922 1005172 210141 318713 926499 433276 894045 525069 451989 632949 909512 551068 708637 727000 901938 1017733 825194 164918 744418 844540 666732 222779 453103 969549 215954 423701 868393 869208 756737
833857 575578 746520 627987 377323 387980 181828 415103 440170 713093 408456 773950 895728 505296 380459 723652 791085 931572 380319 575477 320408 778784 685714 426677 960733 809322 159712 883659 1008361 991043 353576 895589 838329 369040 675432 756660 640034 756640 574676 647453 568441 150477 696167 352279 1038574 764355 727847 937079 999999999 680257 753056 390559 694969 894763 258144 381617 815952 449136 253349 604450 417942 470222 821202 673466 853621 509373 764759 855666 434309 538268 781752 707064 812797 905409 921690 360767 664191 360758 723065 489100 803338 82224 386109 278990 210842 100547 158105 839751 870479 198975 415710 481834 960381 691687 73012 958448 1088275 200018 257287 786374
367439 639302 516800 220800 317939 380236 523777 266762 301171 418216 300349 221981 354432 175414 306655 665542 132006 251966 597073 383213 365521 525289 296402 257812 305979 686806 674207 295090 413047 320779 541575 281514 481359 573623 125568 426011 183820 269784 163412 485623 359995 750319 371054 357120 451157 455304 215623 351497 680257 999999999 447519 293832 660317 406407 614350 298968 206774 473232 541782 314904 270459 285540 281752 491037 194739 601029 445047 300324 253260 573931 123516 33714 670025 232856 557617 588891 481144 556194 206695 294333 336816 678503 328089 531113 477176 677033 798035 514112 405025 517939 500039 319123 511449 521302 730871 505573 415748 562453 549882 439393
814812 331834 944608 239115 566499 674713 687928 462354 617393 849581 404444 265850 792979 464701 457235 265131 548696 563820 439156 178613 493851 958527 151908 445220 678225 252494 837763 724296 379126 656503 821760 699383 926425 858141 322016 864852 614333 717027 331146 134854 190159 884511 803225 436526 388815 11662 662576 774724 753056 447519 999999999 527602 275386 205184 540205 488100 330821 805644 766053 178194 530594 329021 726021 114252 591188 344498 883583 739994 521493 298783 544011 472831 232116 588565 1004718 448063 893157 427570 249908 647538 163092 798804 600032 770572 634758 807829 909101 90203 851835 696567 354262 293633 956942 935502 824524 950859 583856 557869 506812 43132
486165 548499 492183 316256 38957 148063 230215 65276 110431 419074 135692 434376 529169 119332 86057 640671 400528 542781 422509 371455 108046 516966 401667 82409 571209 697874 383474 504442 666098 600485 297443 511527 534634 333673 319064 453511 264726 393708 230885 484949 350626 457350 384133 146990 701002 538882 354445 560554 390559 293832 527602 999999999 622672 595146 386816 48230 458693 281686 263559 349409 29674 202929 450245 504035 463224 487870 468008 482967 44237 482833 391194 318390 689633 514982 623310 406493 420002 377521 389656 161964 504151 384679 73495 259695 183629 383319 504265 616017 526533 225641 357248 246989 629527 460685 437708 625933 708380 311195 322210 544030
1018204 124333 1100951 440593 656910 764392 699221 563911 730734 1014750 487524 524889 1014696 610314 537217 30698 780576 823267 316317 280169 544439 1121116 384353 550842 929521 122257 821363 953631 652220 915511 879283 934900 1111279 913688 544079 1039318 795334 916315 507608 176508 304313 843430 971848 486134 658466 277297 862286 1008298 694969 660317 275386 622672 999999999 476227 439861 574880 593159 898038 798036 345419 638134 432274 940428 178079 832163 186034 1056811 960565 636096 159270 774158 691196 134600 840501 1196052 334931 1035987 335022 495000 775406 436746 761998 693729 810928 654984 775989 850589 298222 1058046 714604 295616 384969 1166423 1077887 767150 1160954 858699 499732 441364 314469
748493 536428 922655 280674 632571 729916 795881 534945 659057 823814 501515 184586 704365 498760 546738 462026 463747 425766 625061 337338 597475 929712 209162 517674 549802 427739 952864 628878 176272 514102 890002 596205 875769 925646 298276 828524 590140 662048 365375 336636 335834 1011352 776741 549538 183636 200758 611489 670290 894763 406407 205184 595146 476227 999999999 712195 567705 216336 848496 855440 291461 587799 429704 651214 318514 486973 544049 847548 655988 574145 499059 462366 419131 404455 464510 943593 630639 886857 605741 212969 673368 92802 927248 659626 854075 741625 933126 1044281 191779 780106 799757 530181 412948 876582 927404 962519 869984 397209 711972 668217 163103
872763 318483 856442 483362 399448 472519 317874 368417 484377 796219 314892 632811 910890 462777 323540 469271 743325 858066 123555 375183 279209 884966 512727 369593 919206 557239 400065 877456 853207 934362 522919 877634 916590 550778 562674 834117 647161 778488 466879 418225 376867 408456 765795 261703 877529 550567 735654 935144 258144 614350 540205 386816 439861 712195 999999999 349523 689232 583873 423405 426698 415512 339255 830921 444326 807516 253852 847065 861996 425767 287062 734191 646837 562785 846522 1004981 105330 777122 114742 581917 539887 627452 331724 428228 443978 295411 347716 411288 619896 913254 338106 185945 325385 1016226 813284 328924 1012691 980811 90613 65940 578869
524223 500314 539631 287084 82792 192541 237065 35232 158508 464880 89071 415204 561827 125536 37848 593182 415208 550770 377615 327322 72279 564001 368543 50936 589138 651600 394403 531977 649663 614195 333754 535914 578670 370141 304528 498249 297699 428999 209203 439612 307272 463366 428711 100229 683387 499524 386529 589027 381617 298968 488100 48230 574880 567705 349523 999999999 446054 326887 287824 310388 70397 160134 482081 459345 479092 439927 513183 513772 77208 434605 405826 326790 643837 527291 667289 362239 468009 332550 367959 209029 475617 385986 119376 287739 185312 386934 506597 577316 564978 236760 309622 202244 669496 508795 434937 665661 707908 279371 283993 506754
