NAME : synthetic_000940
TYPE : CTSP-D
DIMENSION : 100
GROUPS : 8
RELAXATION_LEVEL : 1
EDGE_WEIGHT_TYPE : EXPLICIT
EDGE_WEIGHT_FORMAT : FULL_MATRIX
EDGE_WEIGHT_SECTION
999999999 121418 966956 660829 1047148 911405 38397 878629 966413 134678 367764 114920 380978 827587 1199986 606499 541971 744823 324374 963911 917041 374425 871289 572194 1171408 774164 235097 420677 482700 925843 879505 942538 399933 561270 507517 883114 266920 525317 322401 469728 479837 626870 366261 692574 983535 820590 574552 950556 529258 723266 644445 106255 71616 801392 827374 569210 677470 108023 492908 798394 631758 267326 771536 811587 655373 848864 172349 503933 788738 803854 313177 299079 763149 829053 127688 636932 320376 429733 888508 864250 810374 21417 1071872 122220 802928 796776 953437 609386 829680 874543 900798 1134866 834803 543037 430728 445799 758864 916502 621558 766202
121418 999999999 866632 620026 928186 797242 127837 788545 845628 202513 287112 190571 260943 706186 1087344 513592 428348 625350 216806 860070 820126 269467 782564 452137 1055551 666138 132437 326941 381225 805209 777281 848779 282135 439932 422469 765229 197865 444331 234378 381805 388899 537894 245570 580096 863712 702192 524474 829950 417894 612255 540752 126059 95686 699263 714739 465852 639040 101836 381544 687383 516542 196261 652706 691956 605788 733312 198006 382967 670539 737723 302984 208095 647633 729411 185903 516872 206769 311422 792436 753504 691302 109917 953723 208787 734455 679428 834741 509849 719075 769727 812184 1019808 719012 435434 358077 368848 663918 795248 500261 644800
966956 866632 999999999 548954 381189 806716 947502 145295 446883 1068817 928891 1057159 642387 502847 316265 933594 459942 642343 821349 987105 64572 597172 160512 642304 355454 221041 855630 884290 485654 429711 91845 84255 608549 592071 948313 321292 707436 461622 895647 922641 909508 967668 711298 323738 681759 683670 531173 630676 460549 798288 326696 881626 899885 928382 232111 400968 559405 866310 774687 818934 396932 933825 663744 643558 503315 273106 1051480 636902 352137 361562 762397 884394 736812 966428 1051534 629290 664414 587139 92538 846168 662004 946986 362841 1074687 344687 705519 347580 885757 835371 112134 149219 314418 282711 435043 978143 965925 977999 480826 575031 506759
660829 620026 548954 999999999 853695 1067242 626376 405545 853871 793707 840988 774970 562374 806175 863541 982346 492542 855579 723184 1211702 484482 445998 390849 736410 888577 505472 695660 838125 393624 817432 506415 477529 531853 680991 936034 710718 424165 265152 787719 895948 892275 1016833 639433 520626 1022893 932133 103566 970503 467832 955446 413425 554619 591381 1087598 590169 400230 22369 556115 794999 1012902 534150 785886 888161 898278 50476 646080 812306 677356 658474 209264 354332 763918 935515 1127271 783161 772550 510922 538438 458305 1067745 910692 639910 853461 782880 220662 933375 777397 950771 1041509 528553 410207 845658 641360 434434 912942 913029 1096654 847468 714282 766503
1047148 928186 381189 853695 999999999 514386 1041110 501663 124320 1111301 868581 1106281 667421 272939 247307 774264 514417 433450 795019 694681 425117 690454 515594 536089 165272 351999 862486 804705 607841 146540 367170 462058 647291 514601 830131 167501 835620 664153 856926 820254 803238 801447 702342 380458 350663 429321 799573 311170 533427 587628 474394 991648 994302 689455 267904 532094 869946 968816 676642 574800 423216 914131 436951 396683 803414 219476 1072053 576062 259251 707198 947525 857076 509044 720300 1092076 487641 728934 617418 437095 575814 414275 1031406 39962 1127778 689259 462358 94120 724634 578592 336828 516699 155675 229595 534836 891610 873120 760033 190098 463984 321573
911405 797242 806716 1067242 514386 999999999 924828 867469 394662 911568 587875 916404 591719 304848 761377 380912 577433 212319 588017 182924 819518 690861 876036 366080 674578 638786 677344 517699 686445 392204 743523 865157 600979 407283 479152 486981 822001 806775 610216 494966 477978 390598 561642 570295 177956 136245 976189 204363 603238 193870 666720 909110 890097 206654 583852 667079 1088810 881921 419101 124448 536624 676413 179361 173736 1021150 534732 850793 440807 465835 1010180 976627 626288 151333 224671 893500 309937 674367 578050 814567 77018 158576 904913 554000 939118 994282 135438 483163 345682 101883 710169 892166 670029 526899 633994 567714 545549 289834 338449 359680 316838
38397 127837 947502 626376 1041110 924828 999999999 855199 964027 172031 394311 151866 378639 828415 1187379 630353 531705 752553 341167 983707 896181 360297 847394 579048 1161589 759193 253141 443629 465701 923088 861136 920344 394436 564323 533584 875867 242389 500311 346494 494790 503985 652079 372175 680800 990582 829814 541921 955971 517427 738895 627552 72838 48140 821874 815343 552525 642632 81538 508092 814065 622404 295074 780202 819031 622354 839219 210549 508774 782054 773738 276646 322027 775402 850655 165847 643723 312223 424585 867358 880124 818686 25107 1064694 156980 773361 807235 947134 630734 845630 857509 876798 1124338 825412 528778 459656 473776 782247 915964 624790 767120
878629 788545 145295 405545 501663 867469 855199 999999999 544481 990473 893009 976845 592262 564723 461556 935335 421161 681319 778111 1041584 82799 523911 15261 643163 497651 230874 798115 857818 412717 519053 136716 73887 556201 587418 933528 403786 612815 355939 853200 902979 891945 970644 668686 320166 764655 736157 396375 711467 413520 826814 274768 785894 808886 961959 287182 338279 415143 773721 761625 859469 384393 882561 707478 696291 361285 342661 981329 620942 401729 216878 645713 838217 775652 1001550 974360 644770 596884 540460 64612 896054 713604 857843 489858 992524 199755 752282 449362 890430 880187 170121 27448 455729 346699 380466 950040 940706 1001144 564819 585202 553087
966413 845628 446883 853871 124320 394662 964027 544481 999999999 1020077 760427 1016696 585706 156324 370340 653096 453957 311956 695466 576638 477496 626571 556702 429154 289512 351204 768466 694321 558812 41766 408207 519793 570538 415879 713229 145534 774657 636295 753178 705802 688460 679436 610140 344480 241238 305012 787082 195420 476503 463945 449681 920264 918580 565351 269416 493773 872164 895980 565972 450592 367177 813029 313585 272553 803494 211067 976552 477543 204900 732692 900002 755668 385006 596592 1000738 375563 654687 540297 482295 453334 290030 952125 164129 1038757 714956 338070 99463 603768 454954 374410 564138 278407 213494 486202 778565 759355 635718 66728 360483 211957
134678 202513 1068817 793707 1111301 911568 172031 990473 1020077 999999999 330558 20841 448300 872764 1282357 570286 624988 768358 334016 938363 1022631 471704 984223 603088 1245928 865975 252421 396652 583650 981086 979156 1051204 474898 605007 464485 952382 387865 642898 301391 433208 447080 583887 410081 776903 1005854 837496 705193 978891 616627 718278 742573 240241 202332 775353 910790 667884 810763 237761 496999 791754 710495 235434 791284 834906 786408 925409 68379 543928 857478 929853 447815 286079 770109 797833 19350 666154 406169 502486 994948 855726 830677 154687 1139256 32749 927915 809661 1019203 584088 821414 970838 1013843 1211662 910778 636240 376923 396161 721155 964880 662997 812053
367764 287112 928891 840988 868581 587875 394311 893009 760427 330558 999999999 338963 304759 604760 1075234 241747 473502 471836 120287 608076 898750 404071 891743 332521 1021029 708437 160421 71343 496549 726142 837484 937089 341238 359828 139790 728559 433511 608183 55636 103721 116637 259589 225076 606535 700017 529902 738108 680927 479495 394080 618630 412677 378102 444931 725325 556841 862320 388948 195716 465516 533001 100966 488728 535156 814429 720860 265883 302285 639029 907773 574405 82210 454235 468441 313971 385461 332306 353192 876051 528032 527299 369873 902276 360738 899648 498540 783910 253581 494099 818817 919804 993278 705844 513122 74067 81842 394069 698002 405014 549015
114920 190571 1057159 774970 1106281 916404 151866 976845 1016696 20841 338963 999999999 441368 870565 1274344 579807 616133 769379 335135 947034 1010240 460020 970373 602540 1239255 855987 251125 403542 571632 977405 967852 1038234 466879 602453 474627 946356 371756 627866 306937 442222 455598 594437 406587 768105 1007429 839669 687177 979497 607020 723548 731316 220902 183697 783859 902316 656421 791860 219475 500163 797419 702536 241731 792936 836084 768293 918127 83101 541743 851422 913129 428071 290152 773680 807130 26397 666053 396074 494940 982378 861780 832315 135307 1133718 22889 911435 812403 1013831 592037 827375 960141 999985 1204577 903576 625678 388228 406950 731256 962292 660973 809649
380978 260943 642387 562374 667421 591719 378639 592262 585706 448300 304759 441368 999999999 450834 834638 420840 183396 394839 186627 695293 605427 118140 590033 225795 797888 427896 214090 283336 192433 544980 550636 640993 36515 194315 376553 505468 230357 311002 261461 338187 332521 454919 81280 332579 625777 476720 459137 586493 182259 431673 320694 339988 334009 550181 464535 254146 584562 314269 235344 501625 263390 292148 425945 458338 528881 477127 418039 150916 410577 605724 386292 245965 441371 587560 429444 285958 82778 55892 580764 565475 461686 366424 693515 462209 596800 461191 574167 392404 533402 536881 618616 763376 462481 212154 368751 363830 544487 537422 253581 389795
827587 706186 502847 806175 272939 304848 828415 564723 156324 872764 604760 870565 450834 999999999 507717 502008 350041 163040 544028 484268 514722 509961 573966 274965 435801 339383 620379 538200 462688 126399 438810 560331 441319 268252 557848 187319 657510 562346 599203 549627 532342 530050 464910 287287 216761 182373 725947 164452 375498 322291 393058 790335 784596 438489 279317 415418 826458 764926 409896 324461 278147 660230 172942 142975 757244 230116 826541 328867 163851 720905 795097 602883 248154 473851 853418 219470 525983 411624 510341 344399 161795 814661 310601 892946 704174 208341 205510 452212 336625 405361 588837 417336 222052 395143 622253 603097 500707 93529 209797 61386
1199986 1087344 316265 863541 247307 761377 1187379 461556 370340 1282357 1075234 1274344 834638 507717 999999999 1007872 659003 670745 987650 940818 379956 827101 476762 748177 93645 431717 1043754 1016461 725702 385014 364095 395555 807524 715407 1054114 347384 959789 740748 1055695 1039479 1023295 1036972 885244 507520 594272 674483 837401 557556 670730 828773 567663 1128834 1139304 935384 372717 639910 874783 1109312 891144 820441 571870 1107030 678020 640231 816762 358936 1251816 773859 436558 677287 1042704 1051623 751759 966923 1263681 708973 880896 779932 405286 823072 658311 1181947 207481 1294401 660628 706588 303027 957871 825294 351505 463583 91935 373906 658966 1107277 1090406 1004148 434064 673962 546575
606499 513592 933594 982346 774264 380912 630353 935335 653096 570286 241747 579807 420840 502008 1007872 999999999 528736 341152 302342 369193 919345 538761 938031 293059 937804 718111 381155 186982 597108 628006 848006 962855 450493 347920 106956 668165 618569 724489 284157 138028 126677 35722 348646 618311 526463 367041 879459 522694 545604 202615 669619 638990 608465 207751 706299 628250 1004620 613310 187949 257418 550986 342232 342488 387971 946936 682614 503835 320843 595611 1002899 772641 308335 281060 227603 554395 307564 484407 445736 902572 310488 373765 606644 812440 601200 991266 331479 704884 50023 279744 821870 962762 918529 668902 583353 198009 176721 152543 586417 358640 461833
541971 428348 459942 492542 514417 577433 531705 421161 453957 624988 473502 616133 183396 350041 659003 528736 999999999 365117 362183 719349 425856 176040 421025 251133 629906 244539 397473 436673 113553 412215 368101 463613 151560 193294 514949 347240 322186 229502 436949 482824 472532 564458 251919 151972 557464 444278 398976 509163 26283 466112 146555 478407 484039 600847 286411 100915 514510 456502 346277 520801 91408 473913 398101 413340 448570 307527 599376 207912 256302 475969 447831 424727 442978 641020 606617 280555 221997 127644 402638 575216 423802 524550 535274 635834 463586 442512 420425 488289 549089 353549 448291 592957 293805 58873 528945 519569 619979 419841 221743 297184
744823 625350 642343 855579 433450 212319 752553 681319 311956 768358 471836 769379 394839 163040 670745 341152 365117 999999999 434391 365604 643879 485177 688174 173809 597659 450483 519549 401695 474453 287654 567918 689633 398771 202392 405462 342508 622438 594497 476817 402954 385145 368002 380554 370002 238936 82712 763936 211052 390922 160838 460088 726941 713276 286081 410738 455732 877250 700104 277791 178349 328302 541754 33174 66905 809918 372264 714951 246956 290213 807163 773842 485858 94869 324142 749310 109761 477242 373518 634301 218513 66963 735195 471970 792232 791891 77846 368411 291827 199312 536651 707380 580228 360916 421833 477787 457271 341161 245306 149332 136469
324374 216806 821349 723184 795019 588017 341167 778111 695466 334016 120287 335135 186627 544028 987650 302342 362183 434391 999999999 643317 787909 283888 776216 270705 940159 602676 89420 122321 377176 658160 729553 824879 223107 280652 223889 644955 325119 487906 75104 181766 183833 329954 110271 502545 672294 504820 619973 644879 365562 398899 504948 339578 312460 482505 627464 440450 744717 313216 168934 474020 429598 119660 457818 501018 695457 629430 283073 219005 552029 787591 474237 64260 441530 513070 314934 332757 212924 237779 764187 539885 497192 319611 826121 358011 779584 478289 706069 294118 505320 712982 804636 909543 614374 397645 189973 190145 449768 637179 335094 484445
963911 860070 987105 1211702 694681 182924 983707 1041584 576638 938363 608076 947034 695293 484268 940818 369193 719349 365604 643317 999999999 997311 805753 1049378 481011 852404 811229 730566 545611 821309 575109 921089 1043103 712328 532887 476105 668710 922006 947260 644331 505173 491440 361591 647322 735241 348479 305657 1115950 383513 743873 263819 825038 980993 955648 163273 761368 815287 1233746 954120 482740 199051 692840 706638 336285 345747 1167880 714298 872510 549965 641688 1172677 1079590 665756 277381 143186 922008 439205 774859 694325 990871 147092 328099 961327 733970 968794 1157467 290455 666062 355777 170293 888195 1066925 849997 705709 777859 566830 545804 225653 521337 497749 488500
917041 820126 64572 484482 425117 819518 896181 82799 477496 1022631 898750 1010240 605427 514722 379956 919345 425856 643879 787909 997311 999999999 551357 98029 626401 414886 201335 816736 857865 439146 455586 76266 45848 570528 573417 926981 342255 654778 404472 862768 899175 886885 954060 677644 301816 705426 691940 467291 653046 423266 795643 285296 829024 848921 928509 235949 357093 495114 814736 753470 821990 372675 897575 667672 651753 438748 286026 1008280 613725 356050 299651 703067 850001 738748 967377 1005745 619825 621024 551157 29782 853785 669737 896751 410957 1027131 282464 711107 379907 872647 840520 109366 92228 373037 292807 394595 951321 940263 973450 504130 562787 510904
374425 269467 597172 445998 690454 690861 360297 523911 626571 471704 404071 460020 118140 509961 827101 538761 176040 485177 283888 805753 551357 999999999 519130 327422 803179 399740 279994 393527 112250 584828 507897 581356 93737 283868 490273 523263 148350 204457 354441 450584 446424 572650 193439 321202 704051 567877 342499 660006 158584 542060 271495 303493 312206 664775 455363 196443 468059 282673 353455 609332 267361 369016 517761 544244 414496 481813 457849 255871 432056 505675 289649 333870 543342 702783 454575 380973 75421 112920 524043 671452 550480 355662 711094 477803 498630 557002 596445 510497 640593 501089 548608 765206 468499 168691 473087 470937 661952 587694 336678 451945
871289 782564 160512 390849 515594 876036 847394 15261 556702 984223 891743 970373 590033 573966 476762 938031 421025 688174 776216 1049378 98029 519130 999999999 646353 512845 238182 794552 857639 408475 530691 149708 87492 553833 590214 934493 415284 605077 347508 851264 903466 892674 973421 667101 324764 775327 744161 383252 722033 412470 832376 274470 777740 801296 967825 297443 335887 400259 765978 763065 866145 387436 879585 714724 704395 346889 353530 976054 622433 410597 201630 634982 835885 782301 1007522 968265 649437 592576 538812 78929 903571 721569 850425 504222 985816 184496 759724 462107 893494 887244 182669 29622 470893 357112 378739 949549 940540 1005932 575923 589524 560981
572194 452137 642304 736410 536089 366080 579048 643163 429154 603088 332521 602540 225795 274965 748177 293059 251133 173809 270705 481011 626401 327422 646353 999999999 690013 425288 351446 269414 343097 393954 555591 669808 235694 58251 311001 400859 455951 471296 324276 292148 276598 328016 206894 325261 411585 253435 638063 378811 272747 219678 382594 553318 539490 351417 418756 351838 758683 526430 142970 282892 258919 385468 202897 240018 694950 402413 553778 74996 316607 725530 610730 328176 216489 391316 583830 64746 308544 214736 609516 344124 240465 562047 570071 625246 712477 235750 452434 247299 313733 530272 670549 663814 387867 309509 359139 342293 369265 368480 74234 217220
1171408 1055551 355454 888577 165272 674578 1161589 497651 289512 1245928 1021029 1239255 797888 435801 93645 937804 629906 597659 940159 852404 414886 803179 512845 690013 999999999 421785 1001836 959425 708247 310012 382172 439105 773569 662587 990272 295364 942025 739543 1005439 978386 961696 965560 841832 482259 504638 594389 851938 470241 644748 752783 556991 1106648 1113856 854050 350178 625099 901731 1085641 832290 739608 539651 1059812 602024 561954 840051 322547 1211275 722857 389484 714294 1037097 1003431 674307 884299 1226949 645753 851032 744764 436293 738521 579527 1154296 125885 1260021 696932 627581 237663 888011 742599 361971 504480 42974 336641 638068 1048308 1030502 925202 355340 616417 480442
774164 666138 221041 505472 351999 638786 759193 230874 351204 865975 708437 855987 427896 339383 431717 718111 244539 450483 602676 811229 201335 399740 238182 425288 421785 999999999 641986 663250 294689 317496 131099 245503 395802 373052 728286 206243 528299 318828 676461 701938 689020 752770 493144 102739 548046 506171 447585 494320 249633 597740 136248 698581 711054 732140 84885 208376 522942 679948 554598 628700 175910 717044 476641 466519 454998 140966 843089 416106 175661 386226 615435 666228 544913 771531 847971 419113 459928 372064 186582 665394 483551 755341 357548 874857 368907 521558 272006 671320 649314 110437 256911 380521 137764 231217 757106 744909 774030 354992 361555 322957
235097 132437 855630 695660 862486 677344 253141 798115 768466 252421 160421 251125 214090 620379 1043754 381155 397473 519549 89420 730566 816736 279994 794552 351446 1001836 641986 999999999 194574 386669 729877 764020 850694 247095 352875 291378 706797 278095 481268 105317 250200 256693 405658 160300 546007 758207 591924 594435 728991 395085 488263 531443 258089 227548 568848 676481 461081 716329 232862 258314 563362 475459 90930 544163 586406 673334 684908 209704 291607 612355 783039 414351 78484 530382 598139 233084 415131 204595 269942 791218 629177 583439 230982 891733 273806 776916 566223 771443 378295 594602 750861 823715 969219 669999 422141 233953 241860 531659 712631 410595 559746
420677 326941 884290 838125 804705 517699 443629 857818 694321 396652 71343 403542 283336 538200 1016461 186982 436673 401695 122321 545611 857865 393527 857639 269414 959425 663250 194574 999999999 474837 661003 793660 897773 318598 302755 101606 669129 447198 593839 98822 59553 62491 211168 202274 560596 628758 458669 734590 610146 446069 323828 583193 452654 421569 382417 673800 526545 859946 427282 128364 396077 487373 161862 417890 464470 807965 665394 333801 249229 581760 888607 596400 121708 382936 408666 379335 318763 327650 324805 836528 459387 456322 420107 839194 425802 879280 427212 721845 189847 425214 773058 884964 932938 650492 481673 93906 82901 338619 631065 343167 483821
482700 381225 485654 393624 607841 686445 465701 412717 558812 583650 496549 571632 192433 462688 725702 597108 113553 474453 377176 821309 439146 112250 408475 343097 708247 294689 386669 474837 999999999 517365 397099 469204 156433 288648 564967 440821 234313 129144 451008 528107 521051 632384 273589 228499 671016 554942 295065 622613 87496 562565 161887 403950 417633 694026 358090 86842 415945 385758 409314 622261 191776 473310 507604 525234 353574 391923 569925 284423 355939 413783 341616 433062 547558 733660 566650 382785 184168 152673 411793 679522 534979 463223 624517 589037 404523 551065 515186 561988 651740 391967 437818 668788 379895 73236 561182 555991 704255 529171 327413 410640
925843 805209 429711 817432 146540 392204 923088 519053 41766 981086 726142 977405 544980 126399 385014 628006 412215 287654 658160 575109 455586 584828 530691 393954 310012 317496 729877 661003 517365 999999999 383946 499072 529334 377891 683890 115531 732900 596425 717212 674746 657606 655559 571016 304826 252144 290952 748822 201949 434823 443987 410826 878885 877506 552061 238081 453193 836034 854684 532683 436977 325660 776269 293140 255532 767150 179654 938430 439643 164524 701677 858433 718955 366752 584995 961759 342756 613368 499092 458186 445678 273824 911393 184439 999379 684063 322094 90963 578301 444164 349787 539858 293659 180063 444866 746697 727900 619297 53826 323797 177210
879505 777281 91845 506415 367170 743523 861136 136716 408207 979156 837484 967852 550636 438810 364095 848006 368101 567918 729553 921089 76266 507897 149708 555591 382172 131099 764020 793660 397099 383946 999999999 122110 516925 503968 859386 269350 622738 384140 803900 832921 820076 882456 619479 233678 632030 615685 473627 579301 368944 720434 236583 796480 813300 852854 159768 311455 519779 780275 685697 745938 306384 841993 591509 575502 457918 211011 960714 547076 279785 341357 687016 792563 662784 891611 961709 546338 573999 495337 74247 777519 593475 859785 358154 985694 323479 634869 312658 800782 764320 34251 156025 339245 217151 344133 887447 875538 898760 431145 490261 434680
942538 848779 84255 477529 462058 865157 920344 73887 519793 1051204 937089 1038234 640993 560331 395555 962855 463613 689633 824879 1043103 45848 581356 87492 669808 439105 245503 850694 897773 469204 499072 122110 999999999 605615 616234 968581 386512 678148 423620 899894 940103 928107 997691 714728 344700 749619 737762 470258 697449 459427 841063 320309 851987 873533 974124 281735 389730 486287 838807 795287 867776 414507 932916 713500 697573 434138 331282 1039127 655149 401895 282413 717235 886393 784501 1013040 1034657 664489 652547 587425 61254 899628 715569 921981 445468 1054568 266198 756953 421492 916436 886357 155003 68490 398373 338336 429140 990974 980369 1018609 548226 607041 556749
399933 282135 608549 531853 647291 600979 394436 556201 570538 474898 341238 466879 36515 441319 807524 450493 151560 398771 223107 712328 570528 93737 553833 235694 773569 395802 247095 318598 156433 529334 516925 605615 999999999 196382 410395 483327 223884 277140 297881 372654 366369 485032 117202 302657 624602 481341 429044 583180 148001 448558 285447 350194 348342 571108 435988 217968 554129 325545 263370 516428 235667 327300 430770 460243 497029 451624 447848 162840 388829 570066 375855 282056 452151 609212 456310 291991 84746 30242 545572 579076 465044 384132 672004 487148 560945 468307 553519 419876 547847 504071 582483 738183 437205 176512 404851 399565 569642 525156 252883 381057
561270 439932 592071 680991 514601 407283 564323 587418 415879 605007 359828 602453 194315 268252 715407 347920 193294 202392 280652 532887 573417 283868 590214 58251 662587 373052 352875 302755 288648 377891 503968 616234 196382 999999999 356669 368917 420128 415869 343051 333436 319204 383237 196744 271621 431546 284995 583644 393223 215458 274488 324721 531953 522183 408024 373191 293824 703206 505626 183649 333911 203078 399541 234499 264436 638840 362640 560681 61759 279427 667285 571670 342478 261856 448098 585657 97422 275888 171470 555585 392651 268721 549261 546333 624782 654227 273135 426687 303440 363828 479944 614844 633859 347745 251880 395504 380526 427493 359891 60473 207206
507517 422469 948313 936034 830131 479152 533584 933528 713229 464485 139790 474627 376553 557848 1054114 106956 514949 405462 223889 476105 926981 490273 934493 311001 990272 728286 291378 101606 564967 683890 859386 968581 410395 356669 999999999 708276 548793 687405 188359 42148 44037 120214 297050 625882 612863 446687 832471 602766 527471 290999 660795 548527 515480 314599 728901 609636 957993 523869 173689 354704 554307 240651 414034 461098 904524 713280 397592 313446 627112 977985 697714 214386 363274 334147 448971 345208 426923 412710 907452 412079 449408 509296 866750 495725 967860 412213 753520 133471 379853 836246 960901 967298 698795 564322 91268 69779 256684 647516 384121 509831
883114 765229 321292 710718 167501 486981 875867 403786 145534 952382 728559 946356 505468 187319 347384 668165 347240 342508 644955 668710 342255 523263 415284 400859 295364 206243 706797 669129 440821 115531 269350 386512 483327 368917 708276 999999999 668136 503438 710971 692503 676491 699039 546657 214802 363175 369597 647597 310947 365959 503298 313948 825114 828758 624609 123888 366948 728593 802608 543827 511256 255914 764615 357752 330294 660262 65566 916380 428401 94934 587394 781304 708382 432974 660594 933299 364046 563693 453820 343491 531171 349110 866884 188836 967455 569696 395344 74405 618236 523943 235111 424968 265036 69477 367694 759912 743142 683619 161912 326629 208425
266920 197865 707436 424165 835620 822001 242389 612815 774657 387865 433511 371756 230357 657510 959789 618569 322186 622438 325119 922006 654778 148350 605077 455951 942025 528299 278095 447198 234313 732900 622738 678148 223884 420128 548793 668136 999999999 258439 378119 506741 507681 649307 277059 460496 847638 704890 326968 805043 302203 659415 393370 174274 196311 771914 592054 319932 443828 160912 446933 730699 412676 365910 654226 684124 408142 623374 394621 381213 578411 542455 157687 352330 671728 807643 374096 514812 148102 250762 625760 795093 688847 245817 854735 384868 540161 690789 741886 599807 762627 621417 634511 902855 610667 304094 507484 511811 756401 736013 476645 598868
525317 444331 461622 265152 664153 806775 500311 355939 636295 642898 608183 627866 311002 562346 740748 724489 229502 594497 487906 947260 404472 204457 347508 471296 739543 318828 481268 593839 129144 596425 384140 423620 277140 415869 687405 503438 258439 999999999 558897 649184 643369 759564 391615 291835 776648 673008 169475 725995 204062 690301 189885 430276 454710 822581 398341 146949 287402 419072 536540 748306 284266 571470 627414 640932 224430 444923 641596 413564 431963 301863 303005 538197 671820 862323 627939 508067 278650 278775 374840 804059 652169 504248 673911 642095 295705 671981 576482 690366 777224 390305 376775 697685 435930 173090 676287 673099 833387 617188 450618 516219
322401 234378 895647 787719 856926 610216 346494 853200 753178 301391 55636 306937 261461 599203 1055695 284157 436949 476817 75104 644331 862768 354441 851264 324276 1005439 676461 105317 98822 451008 717212 803900 899894 297881 343051 188359 710971 378119 558897 999999999 148498 157572 305685 185177 575762 710705 540962 685121 687706 440632 416895 580028 360379 327131 481181 698916 515454 808918 336034 199741 490533 502536 66403 496856 542119 762104 698563 241489 282616 619255 859660 518860 26833 470194 507427 283477 382366 281239 312881 839163 554847 536064 322600 889231 329473 852056 511543 769724 288617 520438 786852 879710 975982 683499 472736 129685 136573 436464 692730 393530 541242
469728 381805 922641 895948 820254 494966 494790 902979 705802 433208 103721 442222 338187 549627 1039479 138028 482824 402954 181766 505173 899175 450584 903466 292148 978386 701938 250200 59553 528107 674746 832921 940103 372654 333436 42148 692503 506741 649184 148498 999999999 17927 157295 257905 599249 619615 451062 792384 605924 494115 302959 629198 507842 475388 342296 706627 575722 917845 482953 150156 371017 526840 204309 414776 461946 865051 693934 367464 285845 608597 941679 655574 173990 370291 364922 416993 332814 386103 376516 878878 431330 451669 470727 856055 463800 931894 417635 740918 153029 398075 810804 930275 953930 679247 530524 75477 54351 290420 640926 366246 498787
479837 388899 909508 892275 803238 477978 503985 891945 688460 447080 116637 455598 332521 532342 1023295 126677 472532 385145 183833 491440 886885 446424 892674 276598 961696 689020 256693 62491 521051 657606 820076 928107 366369 319204 44037 676491 507681 643369 157572 17927 999999999 148996 253120 586412 601761 433155 788719 587998 484550 285624 618660 514761 483172 328309 692296 566527 914257 489521 135573 354200 514315 216115 396861 444034 860591 678766 381870 273191 593190 934202 658052 182152 352497 352065 430589 315993 383659 368893 866916 414975 433742 480159 839163 477365 924156 399759 724312 137603 381557 797567 919283 937494 664128 521245 93398 72240 279164 623483 350544 481861
626870 537894 967668 1016833 801447 390598 652079 970644 679436 583887 259589 594437 454919 530050 1036972 35722 564458 368002 329954 361591 954060 572650 973421 328016 965560 752770 405658 211168 632384 655559 882456 997691 485032 383237 120214 699039 649307 759564 305685 157295 148996 999999999 381615 653263 543231 388171 913832 542545 581301 222098 705266 663741 632088 204616 739734 663957 1039087 638440 223093 269447 586262 360552 367018 411509 981743 715013 516574 356564 628068 1038563 802422 330828 302092 218460 568661 340359 517029 480790 937498 317416 396477 628020 839944 615354 1026954 352506 733955 82032 288726 856065 998065 947183 701438 619047 207605 187750 138015 612707 392638 491854
366261 245570 711298 639433 702342 561642 372175 668686 610140 410081 225076 406587 81280 464910 885244 348646 251919 380554 110271 647322 677644 193439 667101 206894 841832 493144 160300 202274 273589 571016 619479 714728 117202 196744 297050 546657 277059 391615 185177 257905 253120 381615 999999999 393786 618408 458823 535919 584397 255591 387154 394998 348381 332834 495097 520915 331821 661480 321284 170083 460534 321374 224617 408773 446907 607476 526321 370004 137810 452370 687002 434497 173150 410419 530605 390760 271549 136009 128292 653986 526157 446935 355468 731440 428729 678042 438035 611154 324993 492642 603318 695342 809598 511339 288363 287653 282550 480542 556011 256387 403728
692574 580096 323738 520626 380458 570295 680800 320166 344480 776903 606535 768105 332579 287287 507520 618311 151972 370002 502545 735241 301816 321202 324764 325261 482259 102739 546007 560596 228499 304826 233678 344700 302657 271621 625882 214802 460496 291835 575762 599249 586412 653263 393786 999999999 503780 434601 445779 450843 163423 508361 107677 624521 632847 644372 134814 152150 540467 603863 452215 545894 73537 618304 399005 396591 471171 163426 750257 313405 140764 439902 567067 566432 462276 684308 758490 324687 373465 276801 284264 588226 412011 674714 396084 787785 423994 445012 289056 572269 568968 212555 347318 444017 151522 156510 654471 642188 681170 328723 265064 255210
983535 863712 681759 1022893 350663 177956 990582 764655 241238 1005854 700017 1007429 625777 216761 594272 526463 557464 238936 672294 348479 705426 704051 775327 411585 504638 548046 758207 628758 671016 252144 632030 749619 624602 431546 612863 363175 847638 776648 710705 619615 601761 543231 618408 503780 999999999 170148 941732 53732 583572 324193 609817 962558 950509 379386 478035 630068 1043209 935960 511017 277067 492641 776508 214572 172046 974001 422024 950881 482633 373932 933311 993331 721608 249714 401304 986915 346871 706658 596922 705902 251445 175179 973615 389002 1030305 916253 202130 338755 483489 266896 597788 786889 504437 418288 606722 694973 673292 460411 201412 372386 260946
820590 702192 683670 932133 429321 136245 829814 736157 305012 837496 529902 839669 476720 182373 674483 367041 444278 82712 504820 305657 691940 567877 744161 253435 594389 506171 591924 458669 554942 290952 615685 737762 481341 284995 446687 369597 704890 673008 540962 451062 433155 388171 458823 434601 170148 999999999 842199 156328 470325 166231 530475 806503 791578 261151 456079 531907 953597 779545 341454 146075 400523 606927 50778 40203 885707 410570 781585 327698 336090 874359 856537 552451 86119 294290 818673 190835 559285 456214 685224 162501 22680 811763 469136 862558 858564 35665 379581 321062 154739 582986 761377 582636 401284 499955 526532 505063 330903 240426 231744 183214
574552 524474 531173 103566 799573 976189 541921 396375 787082 705193 738108 687177 459137 725947 837401 879459 398976 763936 619973 1115950 467291 342499 383252 638063 851938 447585 594435 734590 295065 748822 473627 470258 429044 583644 832471 647597 326968 169475 685121 792384 788719 913832 535919 445779 941732 842199 999999999 890274 373488 857612 338403 469231 503737 988538 532046 312515 125561 467724 692367 916916 449419 684984 796828 809715 81471 584896 719418 577015 586193 242674 280979 661583 841022 1027991 693519 676912 407513 436585 438637 973229 821233 553294 803662 696707 247162 841447 717679 848484 946090 490278 407736 809050 578287 342273 809826 809699 995497 774488 619915 682451
950556 829950 630676 970503 311170 204363 955971 711467 195420 978891 680927 979497 586493 164452 557556 522694 509163 211052 644879 383513 653046 660006 722033 378811 470241 494320 728991 610146 622613 201949 579301 697449 583180 393223 602766 310947 805043 725995 687706 605924 587998 542545 584397 450843 53732 156328 890274 999999999 535118 320606 557219 925175 914797 394035 424653 579194 990709 898836 488318 284639 441754 752776 192266 145844 921465 368940 925965 447201 320244 879595 948543 696908 241731 420101 959786 314311 666263 554848 653048 271135 154333 939815 350485 1002314 862531 191506 290517 477239 280415 545077 733876 466533 364932 557103 681380 660118 471909 149851 333123 211980
529258 417894 460549 467832 533427 603238 517427 413520 476503 616627 479495 607020 182259 375498 670730 545604 26283 390922 365562 743873 423266 158584 412470 272747 644748 249633 395085 446069 87496 434823 368944 459427 148001 215458 527471 365959 302203 204062 440632 494115 484550 581301 255591 163423 583572 470325 373488 535118 999999999 489313 139408 462045 469511 623465 298153 82794 489874 440896 361191 545129 110683 474367 423947 439548 424392 323232 593674 225127 276718 457519 424066 426990 467899 663554 598519 304774 211151 128009 398915 600152 449920 511313 553073 626245 445681 468205 439687 506306 573680 356675 440361 607044 309963 37767 537331 528905 640646 443938 246641 323144
723266 612255 798288 955446 587628 193870 738895 826814 463945 718278 394080 723548 431673 322291 828773 202615 466112 160838 398899 263819 795643 542060 832376 219678 752783 597740 488263 323828 562565 443987 720434 841063 448558 274488 290999 503298 659415 690301 416895 302959 285624 222098 387154 508361 324193 166231 857612 320606 489313 999999999 585432 728680 706678 136662 566179 565226 977673 701536 230805 75174 454280 482940 150868 192129 913275 531006 657060 286460 446960 933479 816774 433735 80429 176939 700352 188116 511801 431034 783866 141251 175926 718026 626912 746189 919387 130597 527685 159538 106842 690365 853537 737622 519057 524982 376976 354891 180763 397570 249563 296176
644445 540752 326696 413425 474394 666720 627552 274768 449681 742573 618630 731316 320694 393058 567663 669619 146555 460088 504948 825038 285296 271495 274470 382594 556991 136248 531443 583193 161887 410826 236583 320309 285447 324721 660795 313948 393370 189885 580028 629198 618660 705266 394998 107677 609817 530475 338403 557219 139408 585432 999999999 565094 579501 722050 210110 75249 433505 547425 490572 630807 132333 612710 490990 494012 364249 255061 724866 350491 247791 348593 480262 566150 548537 762355 725140 397489 337718 267259 260126 678148 508215 625057 485063 749272 334122 537141 386682 627045 656156 230109 301823 516136 246087 109303 675282 666093 750158 436285 335985 356420
106255 126059 881626 554619 991648 909110 72838 785894 920264 240241 412677 220902 339988 790335 1128834 638990 478407 726941 339578 980993 829024 303493 777740 553318 1106648 698581 258089 452654 403950 878885 796480 851987 350194 531953 548527 825114 174274 430276 360379 507842 514761 663741 348381 624521 962558 806503 469231 925175 462045 728680 565094 999999999 41364 821443 758244 490633 571217 27198 499392 803445 569764 319052 756139 792496 549791 785225 269453 480277 732461 701007 208150 334147 758194 852573 231502 617232 265660 380360 799971 869562 793744 85599 1013547 228274 700748 786379 897529 633644 835404 794292 807044 1068521 771811 470052 482751 494241 788645 875291 592128 729505
71616 95686 899885 591381 994302 890097 48140 808886 918580 202332 378102 183697 334009 784596 1139304 608465 484039 713276 312460 955648 848921 312206 801296 539490 1113856 711054 227548 421569 417633 877506 813300 873533 348342 522183 515480 828758 196311 454710 327131 475388 483172 632088 332834 632847 950509 791578 503737 914797 469511 706678 579501 41364 999999999 794942 767342 504446 608447 36411 476236 781727 574879 282355 741600 779439 584743 791566 228515 467977 735141 732259 248223 301401 739839 825073 192411 603957 265400 378557 820183 847875 779750 50205 1017555 193137 731312 770048 900272 605455 813520 809492 830756 1076494 777811 480652 446874 459210 759206 871385 582634 723409
801392 699263 928382 1087598 689455 206654 821874 961959 565351 775353 444931 783859 550181 438489 935384 207751 600847 286081 482505 163273 928509 664775 967825 351417 854050 732140 568848 382417 694026 552061 852854 974124 571108 408024 314599 624609 771914 822581 481181 342296 328309 204616 495097 644372 379386 261151 988538 394035 623465 136662 722050 821443 794942 999999999 696605 700582 1109897 794759 326724 115085 590940 543366 267003 297330 1046365 658031 709755 412599 576246 1069964 929512 502851 192214 40328 758897 324618 626777 556532 917695 129699 278693 799236 729375 805670 1055942 230752 640155 192571 113637 822067 988531 843484 646898 659638 405752 384375 83634 501447 386109 422251
827374 714739 232111 590169 267904 583852 815343 287182 269416 910790 725325 902316 464535 279317 372717 706299 286411 410738 627464 761368 235949 455363 297443 418756 350178 84885 676481 673800 358090 238081 159768 281735 435988 373191 728901 123888 592054 398341 698916 706627 692296 739734 520915 134814 478035 456079 532046 424653 298153 566179 210110 758244 767342 696605 999999999 275273 607469 737992 556726 588054 201204 745230 433128 415882 539702 58504 882567 424683 120824 463708 689559 691707 505427 734877 892264 399764 508201 409167 231097 618112 433941 809465 275594 922158 446056 475905 187228 657702 605590 126919 310399 310809 59761 288481 767363 753178 745978 279874 348292 276015
569210 465852 400968 400230 532094 667079 552525 338279 493773 667884 556841 656421 254146 415418 639910 628250 100915 455732 440450 815287 357093 196443 335887 351838 625099 208376 461081 526545 86842 453193 311455 389730 217968 293824 609636 366948 319932 146949 515454 575722 566527 663957 331821 152150 630068 531907 312515 579194 82794 565226 75249 490633 504446 700582 275273 999999999 421740 472592 443975 617585 137452 544453 488154 498308 354189 313523 651385 307569 288874 375299 415870 500023 538048 740825 650568 378269 264045 203669 330740 669911 510507 549852 546208 674244 363187 533575 441163 588561 645055 305334 364515 585035 302579 45344 616842 609199 720850 471492 318023 370097
