NAME : synthetic_000056
TYPE : CTSP-D
DIMENSION : 100
GROUPS : 8
RELAXATION_LEVEL : 1
EDGE_WEIGHT_TYPE : EXPLICIT
EDGE_WEIGHT_FORMAT : FULL_MATRIX
EDGE_WEIGHT_SECTION
999999999 374656 580307 761196 176553 403735 325233 169612 444711 272878 326195 453876 621434 370335 324899 518840 842265 420247 362839 118355 580107 530588 269085 191227 170268 770448 458836 320718 758635 876012 481711 455447 290145 473666 173232 460739 162919 567365 647249 87149 387766 524010 517284 741508 809418 295232 295902 497584 453838 84452 330499 749969 383770 325036 669009 113182 596015 529740 416619 438479 555708 379229 468513 908422 297318 62036 436371 111897 485454 644364 738145 362951 366521 564465 389844 591364 246924 216090 682931 184069 588010 704034 300420 608253 376461 602203 388740 510644 513086 694739 815521 563443 510834 214595 457508 321282 258460 470795 814354 649233
374656 999999999 341813 390365 545198 427237 63912 520193 290237 580181 503042 331537 288026 278315 298862 159545 498951 406178 477844 425566 289413 416738 259237 511100 515801 478372 309891 143854 541932 535926 544541 507645 148653 357547 402993 387279 533837 379094 290615 288239 644858 156968 180754 572551 530807 118806 574098 600599 557928 425887 549743 381614 268215 425267 464394 463235 516502 172096 605296 649559 250367 623098 222477 573079 619944 319514 350873 325288 660990 317562 517725 13558 72919 221942 92066 574302 392022 252904 541093 332357 439612 484651 624176 241246 280005 403325 66348 219535 403361 539735 542324 258584 346625 259851 141506 384200 477584 97890 584727 337317
580307 341813 999999999 370894 702490 322743 395441 655266 146697 842584 814320 165268 525800 224469 282288 246824 665293 281308 423828 558335 88950 174328 318364 617259 749682 199190 648319 482394 200859 702375 881723 378293 479412 167019 494143 215787 736019 702835 246356 504642 648279 270857 196497 237195 230289 315456 851859 933736 889426 583970 850515 347518 205640 749859 124165 692173 256362 240117 918973 607797 532845 620342 547902 742913 697500 519133 204031 478218 582702 166158 176865 339327 281101 196253 429171 350050 426057 366400 223095 427463 145552 143122 702014 276884 218708 720799 276908 128020 742053 213949 235434 539121 679782 569301 452301 712927 513258 345723 247818 589457
761196 390365 370894 999999999 925264 663889 449235 892980 468324 966456 865520 506842 313659 521917 574324 244630 338367 625865 753127 793688 288027 543076 573336 873124 906134 306924 568003 501300 471995 370037 855088 732516 520413 519863 752649 569389 922511 561948 134865 674054 963503 237226 261587 556405 359752 472418 955649 921399 885778 802471 919307 24117 501337 775867 452807 853499 626680 235167 960587 941634 373048 937447 453420 407953 974273 702891 545701 694568 929432 204797 453733 400659 397767 219503 414648 720880 712068 596259 572299 677532 514857 439721 978762 153828 518693 561739 374286 310235 646367 555468 376469 373751 570863 638427 376744 731015 805370 303248 476358 366755
176553 545198 702490 925264 999999999 455570 499482 57144 557607 274279 413099 554208 797982 479220 423647 680835 1018816 485107 378113 144185 718669 614998 385055 113919 170565 899932 624272 496991 860138 1052548 590786 480205 466526 568137 213823 541428 96953 732846 805123 258321 294949 688659 672715 825474 932219 453141 319608 587855 550016 123621 390361 912352 497097 447734 772093 158353 657674 690877 475879 370147 731984 299248 643231 1084842 162752 225823 526769 233623 432323 791293 842313 532840 527523 719610 566020 626067 295335 342836 760791 275050 678020 810019 163800 771467 485216 767940 550994 654405 668067 776810 935977 739666 675403 382571 633964 458037 245616 642573 917841 825308
403735 427237 322743 663889 455570 999999999 438737 399796 195640 672419 716587 160420 705804 155099 130427 455566 897021 41631 103663 324002 383523 175687 186881 348389 562000 512852 701285 509615 425158 935251 843210 80414 488188 155848 248164 109237 520581 791148 529183 367906 328853 476829 416221 375185 527813 317422 699272 875342 829488 363204 730718 642999 171945 687343 344487 509932 202116 457958 814353 285189 677148 300647 641074 974959 401017 359589 120517 294475 265664 471290 411738 415582 358585 448961 510760 188688 163829 229775 308300 220491 239777 384093 405258 530685 155745 819666 376614 354711 786477 326382 526705 685276 748011 514614 568643 665600 220452 498239 482946 760763
325233 63912 395441 449235 499482 438737 999999999 479304 326094 518381 439333 363997 308595 299627 308311 223208 526971 423173 476193 389025 349267 452240 258270 476108 458001 540332 270809 87366 596288 562661 486711 518306 86174 390480 376757 414045 480630 353107 353855 241194 624819 219361 244006 620904 591922 121596 511047 540806 497485 384056 485831 441758 293594 362808 515881 407003 549811 235814 541855 637844 256417 604918 202879 597928 586816 274371 377545 291012 655752 381092 572238 59678 114961 285787 77844 599060 379002 238561 584893 311386 481801 538542 590879 302779 302500 380999 119675 277664 362157 585479 603018 264775 313310 196011 146234 322537 458240 148282 641139 349094
169612 520193 655266 892980 57144 399796 479304 999999999 509379 322479 446668 503581 783507 431042 374322 648399 1003993 430265 321020 100311 675887 561551 340229 57292 213316 853650 627952 486613 808161 1038646 620035 423117 455772 516423 162293 487958 145225 736585 769684 240405 249841 657858 636827 771207 884164 420933 365102 622555 582769 95313 430058 879029 449631 471110 720675 187962 601792 657867 516992 320248 720772 250768 636533 1072184 132155 206120 474760 198466 380347 751048 790828 507351 495883 683274 549666 569014 241302 302127 706035 228837 625006 758957 134587 739258 436931 771491 519814 613831 678809 722459 887374 728687 679816 383803 618769 476307 188473 618075 866025 814777
444711 290237 146697 468324 557607 195640 326094 509379 999999999 713187 705471 44742 540037 78405 135646 270945 715752 157797 289168 413455 190181 126681 176833 470623 614976 345884 595982 411236 314381 753951 795275 265838 399711 68575 347803 109074 595765 669323 333724 375489 509591 294109 226695 309961 374811 217110 727150 840586 795028 440970 735268 447362 61395 651835 224867 557748 226303 271125 809535 477199 525499 482110 512523 794245 551601 385240 78801 338194 461295 277362 293511 282311 217673 255219 382089 291468 279641 228622 263737 282753 159983 259327 556128 338641 72460 693089 226585 160323 688083 268324 378370 533048 635686 468523 425742 619606 368069 335520 369677 599694
272878 580181 842584 966456 274279 672419 518381 322479 713187 999999999 187575 725297 755121 641020 597503 738521 965133 691634 618116 355455 830681 803348 540038 377176 113182 1025044 510433 469866 1027539 992900 364645 716632 447334 745799 428639 733607 177882 608144 870130 338429 569194 737135 749387 1013862 1068209 536919 51344 341042 312624 313316 138864 959878 653127 266603 938055 162516 867957 750745 212683 642637 678437 572569 576738 1017837 434373 328759 709038 384705 702525 884248 1006360 571930 597436 795130 556113 857553 510594 485899 955759 455589 860149 971901 434738 821077 647087 641410 615602 758154 516661 967343 1075694 684325 552651 329773 609706 300246 494810 663278 1082295 761263
326195 503042 814320 865520 413099 716587 439333 446668 705471 187575 999999999 728323 615826 644519 614570 660649 813090 725565 687454 439785 783033 814732 550902 491873 246546 977031 348986 367798 1011271 837518 181683 776108 355173 752397 499354 752648 321422 436348 788585 349134 694415 653389 683223 1015344 1026447 499038 142084 175948 136935 399118 61923 863081 651170 96215 924393 258707 894742 673378 104664 756220 537587 691396 435971 858758 574561 358187 722002 424695 807986 820403 988264 498610 541560 724946 452495 905134 569250 497394 965154 498144 863261 953540 576032 732442 650029 467756 553950 709723 338055 972461 1036412 542152 384169 246758 491138 140048 583363 567859 1061709 610795
453876 331537 165268 506842 554208 160420 363997 503581 44742 725297 728323 999999999 584706 84861 131747 315261 759980 120226 259232 410970 223423 89631 185264 461159 623629 361592 634665 447695 307385 798159 825471 225686 434357 26505 341299 64972 599164 710447 372888 390517 483116 338571 270284 289611 384408 250385 742134 868583 822788 441740 755159 485323 77551 679049 218391 566982 185886 315130 831691 445152 569388 455229 554013 838495 535322 396559 39903 344180 425056 311232 288567 322980 258659 296861 422959 247012 266765 239637 236838 282272 135852 255871 539799 380986 78993 734827 269046 201975 726099 244802 386065 576991 675494 496163 468582 648558 350394 379850 364531 644227
621434 288026 525800 313659 797982 705804 308595 783507 540037 755121 615826 584706 999999999 551575 581648 280607 220837 679522 764318 696480 441677 657394 546765 783829 725233 568026 278539 302728 697573 255144 565943 785690 332402 607923 684800 647482 763965 250407 323433 543132 930875 256103 331230 758870 626209 406832 731417 634934 605078 688338 675630 324146 537174 520072 644112 683018 757182 286026 698118 937578 78241 909850 180280 289481 894896 577389 613076 599432 948132 405908 674569 301336 349030 332173 234201 831315 679735 539839 748537 617222 659733 648719 898906 265888 551821 248159 329473 404776 342935 739662 641959 74099 268005 435602 164760 475779 763651 207703 721971 64062
370335 278315 224469 521917 479220 155099 299627 431042 78405 641020 644519 84861 551575 999999999 58519 302469 742115 128552 232053 335082 257832 170415 101251 392944 540428 423437 569325 378916 388669 780330 746221 234295 362411 107924 269677 116408 518724 651839 387410 305672 443880 322981 266207 374469 453199 179792 657366 787432 741517 363060 670555 502487 21082 597591 299094 483516 258063 305773 747596 420061 526003 417126 497844 819972 476617 312275 81050 261905 412953 342219 368715 267680 207130 303130 366120 299440 204184 155133 320926 204461 220700 335046 481161 381551 6157 678392 223404 212483 658753 329536 456761 534003 612905 415489 419503 568517 294902 343875 444965 607527
324899 298862 282288 574324 423647 130427 308311 374322 135646 597503 614570 131747 581648 58519 999999999 347290 779784 119458 186209 279885 315657 205940 64277 334981 493716 481430 571949 380155 439131 817838 727714 210199 359746 149294 212369 138619 467503 660815 440530 268411 389361 366109 315279 416649 510005 187064 616974 764750 718719 310010 636249 555588 79032 575037 350082 437565 280182 351959 716039 371084 549220 363138 510725 856933 418160 269927 111544 213899 370237 399150 420212 286799 232663 354856 380706 302623 145755 117240 358484 150545 263401 387257 422706 430323 63909 689246 252568 267012 658287 369858 513057 557425 618148 396438 439809 549387 237059 375340 496243 634712
518840 159545 246824 244630 680835 455566 223208 648399 270945 738521 660649 315261 280607 302469 347290 999999999 444818 422907 532614 549263 167801 380351 335541 629526 669542 334483 424702 294934 430854 483027 687671 531929 305494 336016 510474 380006 681117 464175 131620 431781 731196 24548 50681 482818 390457 227813 733484 747701 706793 557900 708649 231642 284011 579554 368236 615255 478860 12741 761806 718334 286945 706287 314841 523302 732346 459567 348491 449962 715152 165866 406905 166751 153354 69008 217984 557920 476151 353498 468575 435481 379256 377781 736799 90860 300807 479113 130275 124297 516623 460630 403840 292939 448329 419198 218142 536955 568712 109301 464103 343700
842265 498951 665293 338367 1018816 897021 526971 1003993 715752 965133 813090 759980 220837 742115 779784 444818 999999999 866314 965521 915870 576350 820616 752511 1003051 942371 643668 464420 523042 802043 38254 732263 974952 552969 780169 900840 824794 983520 394723 424277 763705 1143678 421966 490474 879486 697715 616368 937526 801763 779484 908754 874492 360053 725187 717014 768932 901885 915876 444972 885130 1144714 290552 1121566 389567 78543 1113773 797887 793196 817879 1149846 512947 781861 512506 551350 472610 454346 1000216 889614 751682 884247 831220 809262 763094 1117844 388886 741279 373864 529193 562626 500868 870761 714426 283684 435746 653074 385306 674753 976458 407594 811914 203901
420247 406178 281308 625865 485107 41631 423173 430265 157797 691634 725565 120226 679522 128552 119458 422907 866314 999999999 144886 349312 343648 136552 182067 380759 582854 471290 689813 498110 386807 904568 845121 109081 478566 114325 273907 67801 545474 776277 491416 376565 370256 444850 381753 341303 486787 301663 716084 880196 834200 386755 743002 604666 142429 691023 304669 529271 176601 424574 825160 326500 654509 342068 623879 944514 438827 371946 80516 309001 304841 431457 372623 395176 335542 412652 492539 183616 190127 230919 275771 236265 201052 344258 443133 495350 127825 803768 351932 317926 777015 292476 485934 662522 735174 514429 547588 666898 256113 471857 444773 735925
362839 477844 423828 753127 378113 103663 476193 321020 289168 618116 687454 259232 764318 232053 186209 532614 965521 144886 999999999 262661 479297 278720 219207 265656 505226 615990 723258 535359 526914 1003510 830183 102098 509979 257895 191254 212686 454105 820423 618342 349390 225417 551956 498131 471702 631476 360452 650676 854661 809627 304907 693097 733192 252172 671923 447650 458182 290994 536711 779453 188607 726935 197256 677989 1042418 303019 331906 219868 265568 184358 566513 514264 465027 415910 534962 552569 248057 119650 242175 403653 196762 342312 487238 307083 613496 234816 851203 436997 442946 802378 423314 630330 735254 772737 512528 616108 656489 132927 559692 584416 815161
118355 425566 558335 793688 144185 324002 389025 100311 413455 355455 439785 410970 696480 335082 279885 549263 915870 349312 262661 999999999 576284 474995 241357 87446 242619 755974 564193 406676 717693 951287 599643 361761 375949 425808 75839 401745 196593 671598 669644 159844 271049 559364 536760 686648 788034 322405 388892 613348 570263 42605 437169 779430 352911 443336 629211 196442 524890 558522 524672 320201 637412 261280 558998 985921 198891 126287 384876 100560 368585 650859 699432 412448 397362 583118 462357 504521 160209 201845 623366 130875 537118 666836 202774 640106 341092 705908 421439 513661 624861 638285 791823 645523 616413 322473 532021 439170 144307 523332 775201 731595
580107 289413 88950 288027 718669 383523 349267 675887 190181 830681 783033 223423 441677 257832 315657 167801 576350 343648 479297 576284 999999999 255496 336027 643876 745592 195186 585316 433235 263349 613425 833920 447588 435370 233562 519402 283482 740877 631122 159049 498368 699177 190513 120456 317243 243478 293847 834637 889733 846679 596485 824201 265407 236867 711303 202451 688456 343439 159122 887039 667048 454382 671858 479335 653964 733089 518072 263203 487120 648476 87809 239298 290070 241476 109688 369469 434627 461141 375958 310298 447541 233872 210001 737642 188144 253154 646756 230316 73505 678474 299363 253972 460173 612632 536280 382547 671709 552653 273609 299356 505641
530588 416738 174328 543076 614998 175687 452240 561551 126681 803348 814732 89631 657394 170415 205940 380351 820616 136552 278720 474995 255496 999999999 266236 514225 698635 345338 722489 536651 250312 858470 914800 212480 523799 63572 401441 73597 668409 795747 414024 472822 502391 404631 331665 212141 354736 339923 822772 957287 911429 509398 839636 520094 166440 767574 168931 642915 100743 377918 917558 450498 648090 474168 638813 899050 575368 475800 94454 419124 417462 339255 236160 408964 344304 348929 508674 180314 320277 320955 152566 351739 64551 208518 579679 433814 165099 819153 352505 258277 814377 164459 352594 655427 762367 584990 550844 737649 392204 456816 308322 718598
269085 259237 318364 573336 385055 186881 258270 340229 176833 540038 550902 185264 546765 101251 64277 335541 752511 182067 219207 241357 336027 266236 999999999 308377 439205 514939 515226 323981 489743 790171 663678 263708 301648 206366 184111 201754 419029 607482 442794 206589 396640 351234 311768 474370 548615 141275 557316 700474 654443 265607 573742 556446 115461 510772 400131 382267 344083 342304 652767 392227 507750 372534 460972 828398 402766 211295 172136 161362 401769 413708 469545 246241 201238 355539 333822 365675 140788 54753 418548 111538 320490 435663 407299 423547 107376 637033 223963 276953 599690 428584 553224 516073 562704 332575 396902 485363 233183 344962 545797 596399
191227 511100 617259 873124 113919 348389 476108 57292 470623 377176 491873 461159 783829 392944 334981 629526 1003051 380759 265656 87446 643876 514225 308377 999999999 266242 816355 647200 493650 762723 1038558 661101 367675 462866 472183 124474 440831 201148 755195 746543 246142 202790 640863 613836 722054 844357 404675 418251 667697 626640 107084 479460 857997 412454 508571 676272 234699 549730 638246 566936 267414 724830 199988 645734 1073289 111508 212022 430227 185968 325468 722011 746183 497855 479297 659456 549746 513687 195077 277141 656082 197801 578256 715022 115349 720131 398617 789743 503517 585045 704150 673219 846789 732934 699388 403734 619425 509643 132737 608622 820748 819017
170268 515801 749682 906134 170565 562000 458001 213316 614976 113182 246546 623629 725233 540428 493716 669542 942371 582854 505226 242619 745592 698635 439205 266242 999999999 937783 508807 426142 928866 972971 427254 604194 399263 642888 316481 627648 75311 614118 800460 247241 462618 671329 674229 910230 978095 454895 152026 419178 383069 200750 219880 897227 554030 295810 839241 57512 759443 681216 305378 533149 651905 464069 553857 1001340 333304 230598 604833 279817 591625 805570 908411 505842 521498 721010 508241 745914 399230 386357 850492 347995 757111 874301 334278 756120 546563 648859 541857 674634 535160 863052 984576 658690 556575 289645 569171 315928 381673 606166 984621 740720
770448 478372 199190 306924 899932 512852 540332 853650 345884 1025044 977031 361592 568026 423437 481430 334483 643668 471290 615990 755974 195186 345338 514939 816355 937783 999999999 758499 621604 174501 676405 1020033 557817 626424 358547 693000 403644 929223 789079 244686 690706 841395 351203 298960 268360 58261 488632 1029693 1078161 1036001 780042 1019046 284183 404230 903140 192487 880417 393978 322596 1080716 794787 601064 813245 646521 714708 896160 708573 398583 672550 762690 170267 161936 480674 435898 265484 550845 493564 625138 560409 304462 625249 290912 162298 900662 304732 417740 799297 423166 268614 849521 282702 73968 605196 779268 730419 550845 862528 711560 443315 169739 630450
458836 309891 648319 568003 624272 701285 270809 627952 595982 510433 348986 634665 278539 569325 571949 424702 464420 689813 723258 564193 585316 722489 515226 647200 508807 758499 999999999 191796 845953 488536 289163 778934 213965 661124 582922 684517 564601 108702 528686 406584 830684 407303 465978 881801 814989 389647 477930 357404 326552 540697 410632 572003 564175 253222 772066 480636 820533 436227 422794 862419 202719 816194 115822 510351 755807 438506 648083 487181 892327 588505 821673 315517 379787 493412 219432 868524 612529 481588 850899 535744 748994 789706 759022 466078 572493 143733 376231 521901 93749 849605 828517 205123 52222 244243 207940 212460 674228 315434 884661 263703
320718 143854 482394 501300 496991 509615 87366 486613 411236 469866 367798 447695 302728 378916 380155 294934 523042 498110 535359 406676 433235 536651 323981 493650 426142 621604 191796 999999999 683175 556060 400880 587584 30872 474195 410391 494794 461491 285065 421061 247828 661173 286115 322971 708205 674485 199192 455329 456820 414398 392584 419039 497240 374981 284626 603185 381372 632973 307663 467490 684174 235003 643913 152701 587893 605072 282253 458565 316999 709001 458335 659078 143807 202317 361410 86879 677535 428758 293203 671536 354542 568202 625515 608800 364674 382352 316182 205786 362804 279843 672488 686115 242724 238732 140275 143032 242175 498464 200345 727373 328566
758635 541932 200859 471995 860138 425158 596288 808161 314381 1027539 1011271 307385 697573 388669 439131 430854 802043 386807 526914 717693 263349 250312 489743 762723 928866 174501 845953 683175 999999999 836543 1082546 448508 680203 292009 646437 322588 906470 894461 382759 689569 747319 452955 383697 96435 144877 512592 1040740 1134165 1089682 749097 1044988 448277 374912 949400 89625 871779 258099 421593 1115897 688022 716358 719263 742075 875886 825627 699554 333442 650520 645365 294568 24282 539886 481931 368280 627715 352263 567823 542652 147781 589635 185768 58010 829926 433192 382517 909964 477533 324181 939511 123842 133867 721844 875088 767823 645453 913099 642445 536777 58079 761553
876012 535926 702375 370037 1052548 935251 562661 1038646 753951 992900 837518 798159 255144 780330 817838 483027 38254 904568 1003510 951287 613425 858470 790171 1038558 972971 676405 488536 556060 836543 999999999 750143 1013202 586231 818287 937303 862985 1015526 412980 460384 798261 1180764 460204 528558 915004 729784 653620 964096 819354 798782 943482 899158 392295 763426 741706 804964 933468 953498 483115 906819 1182395 322139 1158792 419272 40609 1149444 832530 831427 853666 1187848 548803 816636 549472 589074 510235 489252 1038158 926983 788770 920741 868039 846587 798439 1153490 426276 779508 389739 567024 600578 519354 906993 746501 314943 457014 684190 419902 700124 1013505 445211 845181 232482
481711 544541 881723 855088 590786 843210 486711 620035 795275 364645 181683 825471 565943 746221 727714 687671 732263 845121 830183 599643 833920 914800 663678 661101 427254 1020033 289163 400880 1082546 750143 999999999 910431 402362 851234 650197 860736 501521 337567 804170 481051 863636 674418 721175 1101518 1074003 578566 315280 69686 57889 561711 226528 857737 748369 158406 1000492 433509 1003751 700099 181554 919728 491536 858118 401797 764213 750303 499207 826919 564850 966934 853446 1058588 544626 600623 756206 469747 1028462 710537 614557 1059009 634351 955206 1024664 752069 742953 751010 360928 606251 763675 231443 1062711 1086050 493485 300849 331474 483734 178328 739269 582209 1127849 542518
455447 507645 378293 732516 480205 80414 518306 423117 265838 716632 776108 225686 785690 234295 210199 531929 974952 109081 102098 361761 447588 212480 263708 367675 604194 557817 778934 587584 448508 1013202 910431 999999999 565292 214173 288049 164202 555184 870172 598534 430723 300774 553760 490778 383576 565489 397246 747430 939297 893733 403449 785676 710920 250025 753211 376691 555458 198851 533653 871014 240035 757553 273152 720886 1053069 398460 417995 187283 351415 205280 535141 438870 495967 438915 521046 590857 146018 208535 302143 315071 278312 270606 415500 402288 604126 234451 899024 456731 426160 862940 336481 562205 765678 826248 585031 649037 733975 234941 578034 504534 840966
290145 148653 479412 520413 466526 488188 86174 455772 399711 447334 355173 434357 332402 362411 359746 305494 552969 478566 509979 375949 435370 523799 301648 462866 399263 626424 213965 30872 680203 586231 402362 565292 999999999 460776 380807 478753 432576 311272 434213 216980 631502 298922 329405 701117 678096 184073 435246 455160 411578 361713 403802 515205 359975 276765 598371 353227 618590 318219 456850 655816 265583 614561 183176 618316 574268 251396 442861 286951 681893 466131 656269 145763 198337 370071 109524 659497 401561 267943 661973 326470 558261 622308 577988 379870 366198 343163 205397 363520 298542 663983 689174 273355 262783 118046 170909 236371 469486 217494 726007 359276
473666 357547 167019 519863 568137 155848 390480 516423 68575 745799 752397 26505 607923 107924 149294 336016 780169 114325 257895 425808 233562 63572 206366 472183 642888 358547 661124 474195 292009 818287 851234 214173 460776 999999999 354493 49971 616221 736554 386897 412597 483116 359670 289779 268111 377541 276766 763682 893896 848060 457998 778343 497865 102897 704244 204285 586563 159472 335224 855519 440783 594073 455025 580010 858711 542113 417325 42016 363092 416842 320999 274408 349137 284720 313731 449096 223394 277130 261061 213037 298807 114360 242850 546545 398433 102369 760761 294639 219435 752592 222253 378085 601617 701844 521543 494035 674129 357136 403973 349719 667901
173232 402993 494143 752649 213823 248164 376757 162293 347803 428639 499354 341299 684800 269677 212369 510474 900840 273907 191254 75839 519402 401441 184111 124474 316481 693000 582922 410391 646437 937303 650197 288049 380807 354493 999999999 327944 272428 687599 624423 179845 250799 523249 492114 612518 722373 290220 459772 669653 625370 115922 502407 736834 288791 492046 558637 267503 449163 518603 589146 280867 631945 233987 562501 973478 221873 153598 313010 95775 319212 597819 628829 389476 363359 537172 453575 429549 84379 157052 548637 75117 464251 596795 226328 600533 275472 720920 387582 461007 651686 563998 725355 640244 634698 350208 522853 482075 92466 498791 704206 725398
460739 387279 215787 569389 541428 109237 414045 487958 109074 733607 752648 64972 647482 116408 138619 380006 824794 67801 212686 401745 283482 73597 201754 440831 627648 403644 684517 494794 322588 862985 860736 164202 478753 49971 327944 999999999 595763 764528 436069 407021 438040 403179 335253 284941 419105 295610 754587 900230 854227 436647 774867 547506 120477 710299 238475 572412 143159 380031 854455 392702 629560 409845 609136 903295 504195 407619 36564 348914 367220 370961 307291 377748 314539 361411 477434 187100 246694 255712 222971 279938 137436 277957 508554 445737 112567 790065 327205 266644 774532 236740 418447 637298 727212 529416 526564 682656 320154 441494 380666 706320
162919 533837 736019 922511 96953 520581 480630 145225 595765 177882 321422 599164 763965 518724 467503 681117 983520 545474 454105 196593 740877 668409 419029 201148 75311 929223 564601 461491 906470 1015526 501521 555184 432576 616221 272428 595763 999999999 671808 809993 249486 391477 685573 680202 880521 966120 458146 222657 494480 458135 159150 294802 911818 534371 365614 817176 84045 721377 692164 379555 464949 693391 394711 598719 1045613 259092 224231 576374 257928 525567 806801 887118 522683 529230 727382 538794 699493 356802 369636 818309 317428 729271 853679 259880 770078 524873 706828 551227 672357 598358 832489 971410 700602 614050 332626 603418 381763 325293 628258 963303 784589
567365 379094 702835 561948 732846 791148 353107 736585 669323 608144 436348 710447 250407 651839 660815 464175 394723 776277 820423 671598 631122 795747 607482 755195 614118 789079 108702 285065 894461 412980 337567 870172 311272 736554 687599 764528 671808 999999999 548636 513130 936600 443219 510789 939627 846941 474671 572031 407040 385853 648906 498162 570401 644297 343902 826868 587994 895596 474185 496357 965702 191723 921399 157167 428907 864148 545579 727971 592103 993121 619597 870371 387484 451839 529955 287499 950822 712800 578267 915010 637211 815753 840214 867397 486216 654371 35112 443516 574816 106377 911318 861579 189546 57759 352808 250613 307909 778152 357928 928134 212119
647249 290615 246356 134865 805123 529183 353855 769684 333724 870130 788585 372888 323433 387410 440530 131620 424277 491416 618342 669644 159049 414024 442794 746543 800460 244686 528686 421061 382759 460384 804170 598534 434213 386897 624423 436069 809993 548636 999999999 560520 829887 135294 132893 455777 302921 353043 864710 866712 827369 681601 838002 115108 366739 704891 344656 745772 502272 119520 888486 806886 358460 803620 413685 500616 845215 587041 411445 572218 794654 89047 361207 298268 280763 87296 339110 593577 580032 469498 460631 549478 391908 340044 849733 62871 384081 556848 259100 175404 616459 446613 318573 362117 543713 549493 322070 661389 673365 223400 401224 386166
87149 288239 504642 674054 258321 367906 241194 240405 375489 338429 349134 390517 543132 305672 268411 431781 763705 376565 349390 159844 498368 472822 206589 246142 247241 690706 406584 247828 689569 798261 481051 430723 216980 412597 179845 407021 249486 513130 560520 999999999 424211 436863 431149 680124 731788 209519 351917 508624 463017 145422 367925 662834 316238 323069 600230 190106 547566 442744 448781 460603 480802 410471 399620 831796 357406 34485 378626 86058 497865 559845 668175 276320 279758 478283 309493 556213 229862 151873 625114 153326 526292 633651 361088 521113 311603 547176 301770 427654 472308 634832 738696 488783 458712 170363 378422 307341 272309 384969 744011 574923
387766 644858 648279 963503 294949 328853 624819 249841 509591 569194 694415 483116 930875 443880 389361 731196 1143678 370256 225417 271049 699177 502391 396640 202790 462618 841395 830684 661173 747319 1180764 863636 300774 631502 483116 250799 438040 391477 936600 829887 424211 999999999 747649 703276 684300 856386 527468 613740 870314 829413 304088 679847 944930 464903 710118 671001 436400 499316 737246 766832 86419 881002 28233 813285 1217889 143045 393229 444313 345038 154580 785233 736151 631321 595675 744000 702301 430795 256066 392000 615810 313749 564922 710464 144529 817432 447844 970285 619164 655996 894911 637245 854839 889337 882747 592055 771017 708940 167304 737249 804051 973910
524010 156968 270857 237226 688659 476829 219361 657858 294109 737135 653389 338571 256103 322981 366109 24548 421966 444850 551956 559364 190513 404631 351234 640863 671329 351203 407303 286115 452955 460204 674418 553760 298922 359670 523249 403179 685573 443219 135294 436863 747649 999999999 75130 506428 407883 236991 730400 735466 695206 566294 702718 226354 304981 570402 391745 617803 503283 31403 753604 736798 263869 723079 295865 500378 744982 465698 371246 459451 735050 181276 429112 165821 162017 86996 205869 581897 492021 366222 492884 448517 403800 400465 749406 84806 321573 457320 138046 148845 498482 484750 421676 269689 429132 414503 199716 527231 584091 92689 484963 319267
517284 180754 196497 261587 672715 416221 244006 636827 226695 749387 683223 270284 331230 266207 315279 50681 490474 381753 498131 536760 120456 331665 311768 613836 674229 298960 465978 322971 383697 528558 721175 490778 329405 289779 492114 335253 680202 510789 132893 431149 703276 75130 999999999 432997 352983 222116 747739 779246 737258 549129 728529 244866 246608 605966 318630 618620 429456 46312 785859 685553 336553 677619 358968 569016 713334 456431 305185 439551 678773 137279 359587 184614 152795 47195 252785 510245 450650 336722 417926 417072 328823 329617 717839 115365 263825 526898 133797 74101 558823 410141 365423 342728 492344 438289 262142 564601 543905 153153 419281 394375
741508 572551 237195 556405 825474 375185 620904 771207 309961 1013862 1015344 289611 758870 374469 416649 482818 879486 341303 471702 686648 317243 212141 474370 722054 910230 268360 881801 708205 96435 915004 1101518 383576 701117 268111 612518 284941 880521 939627 455777 680124 684300 506428 432997 999999999 241288 523564 1031621 1148973 1103644 721469 1044051 532382 365194 960959 114811 854207 185191 475261 1119285 618867 769548 656726 784095 954898 774462 685436 305401 630472 571003 366778 106517 568325 506207 426710 662398 269971 530159 528979 68513 563835 153888 116915 778587 500008 368572 957938 506354 365040 975494 48848 229906 775681 915152 777706 689015 927573 595637 582894 135700 822860
809418 530807 230289 359752 932219 527813 591922 884164 374811 1068209 1026447 384408 626209 453199 510005 390457 697715 486787 631476 788034 243478 354736 548615 844357 978095 58261 814989 674485 144877 729784 1074003 565489 678096 377541 722373 419105 966120 846941 302921 731788 856386 407883 352983 241288 999999999 533735 1074709 1131298 1088734 814205 1067018 337671 435127 954458 189671 920603 388943 378785 1130503 804867 659206 828154 703560 767620 919324 747896 418974 708424 768424 227604 139937 532415 484897 321596 605602 487098 650881 596489 288092 657189 294952 152722 923778 362964 447271 857388 473576 316725 906364 264788 16717 663377 836511 779689 607599 914448 734290 499594 123805 688547
295232 118806 315456 472418 453141 317422 121596 420933 217110 536919 499038 250385 406832 179792 187064 227813 616368 301663 360452 322405 293847 339923 141275 404675 454895 488632 389647 199192 512592 653620 578566 397246 184073 276766 290220 295610 458146 474671 353043 209519 527468 236991 222116 523564 533735 999999999 541192 625461 580232 330092 535355 459217 176076 438140 426697 398487 434584 237738 603702 530756 366484 505198 323663 691157 510619 234326 259428 222485 542856 350718 489413 105534 74974 269310 194016 478882 273512 135831 480651 217205 376801 454738 514975 318595 183164 502549 99039 221253 478994 484157 542308 374804 433890 255522 255714 404018 360438 210006 562672 455337
295902 574098 851859 955649 319608 699272 511047 365102 727150 51344 142084 742134 731417 657366 616974 733484 937526 716084 650676 388892 834637 822772 557316 418251 152026 1029693 477930 455329 1040740 964096 315280 747430 435246 763682 459772 754587 222657 572031 864710 351917 613740 730400 747739 1031621 1074709 541192 999999999 289856 262307 346315 88781 950298 668152 228233 951620 192549 891542 745926 161678 685137 653893 615854 551650 987650 481199 347066 728321 407216 743567 883949 1019009 566836 597465 792608 542185 886153 539695 502652 975333 479970 877734 984359 481770 813369 663338 604569 614205 761491 477254 985872 1082893 659367 517716 317301 591798 265661 530963 652663 1094528 733744
497584 600599 933736 921399 587855 875342 540806 622555 840586 341042 175948 868583 634934 787432 764750 747701 801763 880196 854661 613348 889733 957287 700474 667697 419178 1078161 357404 456820 1134165 819354 69686 939297 455160 893896 669653 900230 494480 407040 866712 508624 870314 735466 779246 1148973 1131298 625461 289856 999999999 46031 573412 203451 923445 791093 189936 1050582 434604 1043371 760251 136484 931305 560056 867028 468711 832953 749875 522857 867404 589445 981928 913062 1110397 599687 653136 815774 529853 1062524 735352 649356 1103972 661257 1000477 1076171 751244 806075 792491 429859 660429 818469 301034 1108822 1142919 562193 370451 372437 548011 221502 755940 643849 1180909 612148
453838 557928 889426 885778 550016 829488 497485 582769 795028 312624 136935 822788 605078 741517 718719 706793 779484 834200 809627 570263 846679 911429 654443 626640 383069 1036001 326552 414398 1089682 798782 57889 893733 411578 848060 625370 854227 458135 385853 827369 463017 829413 695206 737258 1103644 1088734 580232 262307 46031 999999999 530781 173765 887061 745282 143956 1005766 394928 997365 719402 123666 889020 528985 825453 434810 814315 711294 477739 821440 544252 938797 871767 1065970 556624 609155 774532 489355 1016582 690218 603348 1058318 615816 954876 1031676 712811 767253 746590 411264 616971 775085 279548 1063307 1100167 531624 344771 326701 510662 176608 712296 604121 1136803 585916
84452 425887 583970 802471 123621 363204 384056 95313 440970 313316 399118 441740 688338 363060 310010 557900 908754 386755 304907 42605 596485 509398 265607 107084 200750 780042 540697 392584 749097 943482 561711 403449 361713 457998 115922 436647 159150 648906 681601 145422 304088 566294 549129 721469 814205 330092 346315 573412 530781 999999999 395071 789255 379790 406598 660091 153840 562999 567785 482662 358360 626169 296726 543440 977165 215394 111011 417772 110114 408870 668067 730207 413185 404729 596003 454412 545466 199547 220587 659159 159469 570581 697124 218761 648644 369167 683565 428382 531359 597081 673384 818666 634130 592845 296888 523584 404932 186426 523700 806253 720260
330499 549743 850515 919307 390361 730718 485831 430058 735268 138864 61923 755159 675630 670555 636249 708649 874492 743002 693097 437169 824201 839636 573742 479460 219880 1019046 410632 419039 1044988 899158 226528 785676 403802 778343 502407 774867 294802 498162 838002 367925 679847 702718 728529 1044051 1067018 535355 88781 203451 173765 395071 999999999 916023 678869 157493 957063 245170 915397 721327 87747 746531 597428 679311 495482 920583 553112 371366 745842 436327 801634 865788 1022407 544316 583209 771445 504987 919287 577271 519294 991359 510371 890861 987630 554133 783231 676278 529416 597212 750701 399229 999952 1076373 602183 446092 290254 547033 200326 581442 619351 1096774 671898
749969 381614 347518 24117 912352 642999 441758 879029 447362 959878 863081 485323 324146 502487 555588 231642 360053 604666 733192 779430 265407 520094 556446 857997 897227 284183 572003 497240 448277 392295 857737 710920 515205 497865 736834 547506 911818 570401 115108 662834 944930 226354 244866 532382 337671 459217 950298 923445 887061 789255 916023 999999999 481786 774492 428691 844019 603087 221480 959270 921774 380112 918701 456755 430526 958183 691070 524369 680798 908635 181362 429874 391386 384982 201351 411037 697559 694487 580904 548194 661747 491201 415669 962685 141742 499119 571575 361865 290284 652303 531351 354383 381322 577009 633007 376770 729817 787825 297713 453371 379342
383770 268215 205640 501337 497097 171945 293594 449631 61395 653127 651170 77551 537174 21082 79032 284011 725187 142429 252172 352911 236867 166440 115461 412454 554030 404230 564175 374981 374912 763426 748369 250025 359975 102897 288791 120477 534371 644297 366739 316238 464903 304981 246608 365194 435127 176076 668152 791093 745282 379790 678869 481786 999999999 601518 285296 496887 258641 286904 754724 440423 513889 438114 489311 803204 497176 324728 83953 276821 432192 321141 354391 258192 196018 282802 357525 306613 224786 167740 314168 222063 212186 320368 501722 361861 17366 670160 210741 191654 654500 321389 439098 521803 606735 418698 408679 571234 315804 329568 430618 593966
325036 425267 749859 775867 447734 687343 362808 471110 651835 266603 96215 679049 520072 597591 575037 579554 717014 691023 671923 443336 711303 767574 510772 508571 295810 903140 253222 284626 949400 741706 158406 753211 276765 704244 492046 710299 365614 343902 704891 323069 710118 570402 605966 960959 954458 438140 228233 189936 143956 406598 157493 774492 601518 999999999 864550 289511 853445 592285 184779 763513 441838 703316 340554 763414 602880 340801 677484 406499 809463 742290 925871 422473 471313 645683 366235 873787 552273 460104 914849 476391 811541 891403 605002 647050 602682 376336 480987 638784 250061 920159 965270 446277 290206 183316 399758 45113 581593 482236 997622 514591
669009 464394 124165 452807 772093 344487 515881 720675 224867 938055 924393 218391 644112 299094 350082 368236 768932 304669 447650 629211 202451 168931 400131 676272 839241 192487 772066 603185 89625 804964 1000492 376691 598371 204285 558637 238475 817176 826868 344656 600230 671001 391745 318630 114811 189671 426697 951620 1050582 1005766 660091 957063 428691 285296 864550 999999999 782155 201795 360536 1028934 616550 655100 642796 672064 845116 742669 609966 246116 560978 578877 256234 70226 461180 400952 311986 552746 301224 481197 453034 119905 500627 106342 39606 747029 386389 292940 844513 398783 252098 865814 102803 185574 661164 803909 682218 576393 829181 558452 469441 146167 708088
113182 463235 692173 853499 158353 509932 407003 187962 557748 162516 258707 566982 683018 483516 437565 615255 901885 529271 458182 196442 688456 642915 382267 234699 57512 880417 480636 381372 871779 933468 433509 555458 353227 586563 267503 572412 84045 587994 745772 190106 436400 617803 618620 854207 920603 398487 192549 434604 394928 153840 245170 844019 496887 289511 782155 999999999 705698 626776 332851 501419 611458 434687 515778 963081 316869 173112 548890 223796 556670 749203 851228 452852 466059 665528 461004 695452 348506 329163 795034 293469 700868 817072 318581 702602 489643 623037 486827 617710 516084 807234 927067 618546 530235 249624 524055 301705 339341 555271 927420 702042
