NAME : synthetic_000173
TYPE : CTSP-D
DIMENSION : 100
GROUPS : 8
RELAXATION_LEVEL : 1
EDGE_WEIGHT_TYPE : EXPLICIT
EDGE_WEIGHT_FORMAT : FULL_MATRIX
EDGE_WEIGHT_SECTION
999999999 889075 303077 710834 616365 587390 893139 246257 521557 507671 117825 479112 630489 141139 500765 744703 514035 808528 509556 718083 726917 142794 166994 514010 975523 363704 799627 745262 163495 131764 650450 500537 409760 381418 402502 307740 416863 498917 764827 444580 510041 523068 529310 678278 102045 153391 858284 588056 679070 300736 487425 768518 514475 569931 557487 489927 516555 489125 250704 575616 182100 394832 122720 354247 181138 579801 605492 372487 181532 132594 665560 225080 360282 249912 492850 583661 675985 197032 174132 712630 242150 353778 297742 555781 140030 1042514 295100 731376 718431 741486 258738 819092 452811 145311 600792 626713 717855 862359 618126 759699
889075 999999999 601026 629068 272750 939291 104537 987554 734873 655152 776906 661366 921494 1030211 567746 484323 461097 94956 761112 239306 610711 792364 948856 920506 283135 782619 596683 232220 1048569 800203 814760 530984 621963 752076 519707 609639 668068 393797 348692 816832 643084 727911 848136 332688 909782 822747 153535 501140 210135 840750 894770 203134 397233 477559 362123 701719 719249 568172 964446 682568 707457 763936 990555 537350 1023270 555124 627753 866753 707835 1007614 454815 736808 566287 774934 680460 354758 364048 805563 1025383 535770 912406 535849 856939 377342 805685 270766 796041 157807 626648 175030 639361 200318 509733 1032298 289290 665071 654430 63512 525930 660778
303077 601026 999999999 472544 331541 515057 621173 396106 508260 450253 211619 274426 533610 441201 244886 585803 330839 529103 513475 415612 481526 259300 414235 458583 672678 269298 677040 442472 453433 199401 495218 364186 332704 256622 218474 183725 375564 207655 466615 347703 445167 350933 424603 458813 309039 222923 556920 440849 394988 410994 426300 514062 212822 408469 255270 462737 340704 232449 467154 524739 129174 424815 391874 125257 467531 461287 522550 476912 141333 409842 381108 144922 66381 198267 298156 351590 469489 212387 464936 576890 328016 110620 297483 326791 273762 739579 372796 446035 620005 443543 140748 567461 287886 438890 312752 409895 631330 567822 351071 668794
710834 629068 472544 999999999 507307 370569 713719 633162 953954 882901 662215 232859 331651 818009 227661 912480 699767 624352 965130 400757 26065 721316 860267 389557 481509 377359 1027878 399516 808564 579071 210164 764588 775578 347820 632474 643276 825771 459200 284163 338648 874720 217604 308698 733306 655924 564274 488877 812231 534314 883458 379343 695797 399037 774569 386478 907522 218169 240096 926494 950958 585401 889999 740072 553573 891929 852898 929489 949144 603236 760100 182393 486139 408745 467693 223551 646895 761414 522321 884805 930634 559407 536623 475022 638673 734801 570613 845202 552395 1001103 473172 611650 738799 689357 802899 488456 94683 1020507 566794 141051 1049719
616365 272750 331541 507307 999999999 738203 291559 724419 541396 459810 504855 450376 733378 757504 360551 409660 248854 197671 562638 169198 498703 523642 682556 704609 420989 542789 528174 195920 775916 529561 646096 325994 391900 515917 264215 345624 443806 124387 305508 593235 448612 528989 642426 226949 638854 554415 270336 338447 63540 593226 675393 207076 147390 303011 131418 499921 518790 356203 705664 509895 434708 535687 718465 266168 754251 389137 470010 630948 435251 735303 329578 471855 305059 515547 473819 157480 256792 540727 755660 435948 652029 263610 604950 162690 537383 462882 547700 115373 516137 145401 369181 258726 276369 759572 22497 505360 539415 249787 371598 562094
587390 939291 515057 370569 738203 999999999 1004601 395488 1012182 961665 604298 287828 57336 637460 379294 1088168 837993 907474 1012652 700074 396603 670017 754306 73908 843793 252788 1187350 710246 610320 480156 166759 878569 843247 258841 732208 691872 880765 637763 625733 167932 957546 212235 96191 935522 494686 442105 820392 951793 787495 855391 100574 945222 593246 917428 608100 968514 221604 382437 837644 1036801 559430 910001 552510 638306 749765 975673 1037462 929625 580373 568994 496121 420526 483897 364175 264748 830684 954667 403033 738043 1086434 353869 622100 289959 811671 678706 932438 831182 823221 1134421 766354 636807 996185 801242 613757 715794 292526 1146288 882595 418938 1183409
893139 104537 621173 713719 291559 1004601 999999999 1015668 677068 600552 777334 720471 991370 1033330 626916 399500 424298 97904 704717 314165 697118 784105 934789 979645 386906 828955 506179 314413 1055577 816835 889936 486129 585052 800326 503536 598223 626440 415617 440083 871859 588557 792369 911068 272467 925192 843918 255145 441589 229915 809363 952211 141463 433642 424026 405709 648356 783052 625523 941063 618304 714817 721820 1001624 539070 1013201 493574 560177 826994 712112 1017478 534525 763021 596532 807064 741498 324210 299260 831810 1016774 454845 943582 540958 895428 350504 796500 367314 766077 184575 545097 242616 636456 115120 479912 1038181 312356 741045 573229 163399 600651 575302
246257 987554 396106 633162 724419 395488 1015668 999999999 759752 735881 325905 413338 448236 247698 477816 945539 696729 921802 750260 776981 655256 377036 397361 323566 1005403 258009 1015839 799489 216254 218273 506568 703024 627274 290323 577574 495886 644940 600110 777285 302654 736395 417093 369426 845540 145885 179731 919697 789838 787192 546862 306503 909907 590378 765008 627286 724508 415357 469908 483832 807588 337044 636148 165910 500882 370669 792220 830032 618726 351087 179134 654090 252652 421425 213946 414252 740798 851175 183973 357384 922350 79381 492351 159368 714311 378625 1084360 538786 836780 941089 820237 435806 963198 640610 222066 704335 538983 943982 947467 586496 985341
521557 734873 508260 953954 541396 1012182 677068 759752 999999999 81942 436473 781229 1037086 611523 734773 331661 292712 640433 29371 709880 956460 382916 434365 948243 956709 759483 323794 737197 652447 559859 1003333 215534 178909 755331 322308 324623 132724 512997 835426 844869 93613 859140 926996 405379 615047 603778 799190 235558 573203 244686 916415 538067 571316 257409 600850 46460 848855 723373 383973 75848 456716 129197 638650 402470 516269 183997 135339 206732 436476 642320 813116 594555 559517 654484 805576 394251 377867 629947 527662 274901 730557 419841 748107 380878 382566 984635 230909 610409 231338 680418 375840 564742 274469 632368 545178 907422 219189 747613 816470 258995
507671 655152 450253 882901 459810 961665 600552 735881 81942 999999999 409999 719403 983253 612472 667407 278767 210994 560468 106179 628507 884280 365119 446197 900421 874771 710213 298887 655685 651030 526890 942637 133819 118428 703132 250671 269800 91188 435862 755464 793751 12073 799154 873669 328124 594341 570620 717313 159976 491269 264319 868273 460425 495014 177803 522901 48143 788666 656379 410065 75278 416076 147492 628787 336783 530941 113472 99426 248255 397072 634962 737247 550062 496569 611061 744245 312374 302395 592278 540815 228599 699072 354241 708078 298976 367910 903114 237103 528733 212257 598487 326525 489747 196773 630765 464008 840485 210189 666522 744092 252046
117825 776906 211619 662215 504855 604298 777334 325905 436473 409999 999999999 439338 639448 256125 439639 632535 397121 694351 429409 617277 674964 66033 203371 534334 879389 358165 693966 645309 281238 127231 636983 387828 303439 365899 284699 190289 319035 391412 677935 445173 410675 498513 531555 560584 185763 170137 754674 475589 566794 251104 504279 651281 413960 455489 457398 399508 490222 427289 264281 481803 82515 317679 236981 239828 257553 471539 504788 325336 72658 249086 590610 191815 275870 241158 457809 465948 558775 202959 256240 603620 294491 241246 321651 438063 76492 942240 228875 619109 616546 634952 141390 701601 336294 262763 490496 586626 618564 753041 553473 660070
479112 661366 274426 232859 450376 287828 720471 413338 781229 719403 439338 999999999 286384 585402 93801 811495 568529 622812 787447 424686 251024 501699 632347 259526 611036 156165 916330 439182 577087 347519 223487 618948 603761 123102 474321 457565 648817 353035 381239 157736 713258 83197 192202 651581 423429 331434 556036 684155 500247 674289 233419 657397 305918 648063 320452 735301 72388 95173 702406 792542 367925 698643 508392 383184 660234 714558 783362 744021 387469 528496 250358 255660 222868 234919 25578 548803 672532 289497 652757 815450 335999 365823 254207 531794 514348 695574 639883 537516 871693 486574 413873 708445 540506 570794 427972 148274 886552 608022 176418 921125
630489 921494 533610 331651 733378 57336 991370 448236 1037086 983253 639448 286384 999999999 687386 372858 1096235 849455 895137 1039025 682386 357365 705455 797434 124690 810605 282342 1198658 690399 661692 517910 122026 894175 865121 282019 747817 714138 904856 639419 598070 194962 978518 204791 110170 937964 540713 481938 796836 964349 779525 890207 144903 939576 591276 929126 602166 992657 215255 377787 879589 1058040 589252 939149 602276 654219 796786 990992 1055511 964054 610277 619297 471607 451479 496262 398291 261520 834941 958772 441179 785443 1097640 402173 637512 333002 817388 714892 899612 863956 812461 1149423 750686 661282 989477 816151 664303 711195 262271 1162505 863179 396465 1198673
141139 1030211 441201 818009 757504 637460 1033330 247698 611523 612472 256125 585402 687386 999999999 620832 865980 646067 949399 594459 856812 836383 262965 185611 564006 1111747 449587 910315 883616 43800 253113 729030 624817 527265 474199 538509 442620 524668 639766 896966 519013 616779 615818 597409 812682 162136 255910 997778 711036 820193 370655 542775 907141 653655 696417 696388 586981 611027 609904 264666 674116 323109 482367 85125 494880 130094 696610 711867 431452 322537 68819 791553 343864 495149 350540 595108 721008 808282 296191 115686 829083 285845 494787 363537 693131 254654 1180524 380998 872503 824666 881929 397441 957112 584251 27563 741895 728903 820624 1003293 738231 862368
500765 567746 244886 227661 360551 379294 626916 477816 734773 667407 439639 93801 372858 620832 999999999 734940 500229 529345 744055 331812 237204 496425 640928 353325 530597 231024 843576 347365 618712 370826 292690 557324 555867 197499 417421 418108 604383 271921 300844 249752 660132 168509 284575 568801 462317 365501 465511 615726 408257 655839 327053 567034 219697 578730 229506 688352 158432 12502 703213 738245 360567 664445 550179 332311 679951 650478 723115 721554 377575 570288 176674 277674 181449 277293 114778 469094 591675 328250 674259 743341 398559 314967 323005 454440 510236 612760 617564 444361 804979 392873 384223 617433 479625 609742 338343 173089 821683 514915 117595 854340
744703 484323 585803 912480 409660 1088168 399500 945539 331661 278767 632535 811495 1096235 865980 734940 999999999 255188 401648 360955 560734 905829 605075 714028 1038908 752046 853149 120227 580599 900714 727359 1027555 244709 338857 836186 372511 449791 350137 463452 706518 925467 269642 894628 993187 184715 815923 767742 595466 156946 402909 540425 1006992 285243 519746 180901 526262 322548 883838 726987 686333 258201 608578 425908 867241 461419 799327 172594 196591 526529 594665 876945 738346 719408 605140 778875 836946 267222 153027 777035 807863 60648 893241 475222 879726 280516 611927 754286 508303 414381 146606 504058 509753 286179 305864 880692 426186 898193 174767 519130 773210 176517
514035 461097 330839 699767 248854 837993 424298 696729 292712 210994 397121 568529 849455 646067 500229 255188 999999999 366530 314692 417744 697772 384146 521169 786233 665111 599045 349427 444764 675976 478768 789514 77185 161537 583288 119282 207127 207123 241065 547519 673359 199759 651529 744060 168866 573839 517468 508815 115740 282200 385069 754145 284114 301581 79679 322683 252189 640722 490810 518923 263669 360567 302896 634015 206234 603473 153232 231591 405886 348988 646128 541115 464819 354133 523923 594105 106903 162237 523960 609056 248458 640914 220218 624727 88951 394205 697219 341982 322996 304754 388276 263204 326377 61914 656698 253752 670472 322036 464294 558798 354112
808528 94956 529103 624352 197671 907474 97904 921802 640433 560468 694351 622812 895137 949399 529345 401648 366530 999999999 666501 223636 609043 706036 860607 881875 351344 731405 517734 228483 969781 726542 795388 436040 527661 702608 429685 521604 573356 322026 358952 773960 548406 695283 813673 240371 835564 752015 198927 407422 134610 747601 854363 116408 336722 383037 307939 606912 685876 527801 873303 589294 628237 669251 913917 454632 936602 461611 535470 772355 627004 930323 443298 669354 501387 711882 644007 260554 272687 738253 939293 449862 848809 454829 799006 283856 719017 354825 703119 86919 540449 151209 554892 131362 416260 952897 217468 647126 567859 117483 506749 577017
509556 761112 513475 965130 562638 1012652 704717 750260 29371 106179 429409 787447 1039025 594459 744055 360955 314692 666501 999999999 730525 968363 373294 414967 947632 979628 759871 350549 758121 635956 554397 1008629 237801 189849 757020 335730 329896 139672 529174 853896 845882 118200 864288 928859 432682 604921 598186 822640 263135 596289 225071 915994 565290 586703 283574 617531 62744 854121 732467 361054 104289 454833 114735 624827 412067 495676 212320 164525 181634 434262 627690 827796 593458 566914 652720 811495 417853 405679 625978 507436 303989 723899 429279 744687 403378 371874 1009046 215846 634544 257941 702939 378183 592776 292148 615998 565588 916183 244333 772672 828665 283234
718083 239306 415612 400757 169198 700074 314165 776981 709880 628507 617277 424686 682386 856812 331812 560734 417744 223636 730525 999999999 385470 648918 810141 682830 266128 554390 680908 29188 868162 610838 577257 494768 555103 522462 418279 486351 607902 232491 146621 581563 617416 488992 609391 376360 719064 625466 143260 505918 157834 744116 657888 305211 203791 471218 160606 667782 480496 333481 844456 679049 538536 697245 804800 394329 874208 557482 638264 788164 544694 823421 220401 534602 365836 563180 442753 324997 409295 601208 873455 594283 699106 385915 635793 331846 663401 325006 698779 157638 678287 72427 495359 342699 441162 854135 164995 427834 702715 183444 287804 722573
726917 610711 481526 26065 498703 396603 697118 655256 956460 884280 674964 251024 357365 836383 237204 905829 697772 609043 968363 385470 999999999 733062 874288 415389 456945 398585 1022072 382705 827877 595201 235699 764044 778579 368386 634388 649031 829333 456747 263941 362610 875839 241092 334425 725360 674449 581831 468585 809227 522995 892455 404832 683563 396292 771559 381022 910091 241098 249706 939109 951395 597099 895658 759252 557783 907853 851003 928322 957178 614486 779330 170401 501901 416808 485850 243521 641368 754093 540327 901022 925576 580827 541050 496666 634217 746724 546017 853514 538963 997551 457863 619513 725520 689659 821790 480490 118465 1017472 548078 140194 1045925
142794 792364 259300 721316 523642 670017 784105 377036 382916 365119 66033 501699 705455 262965 496425 605075 384146 706036 373294 648918 733062 999999999 161224 599752 913769 424186 657060 677564 295851 191322 702238 362378 267991 431582 281728 186010 274176 418161 720315 511206 367315 562957 597586 551920 232141 233036 782396 449173 583502 185448 569878 652664 448340 433567 491506 349076 554473 483965 207965 433954 135967 259554 264948 258429 230917 438198 462726 259824 119184 272905 640380 257380 325439 307166 520914 464716 546140 267913 233257 571101 353564 264122 385980 437074 14695 972576 165881 635383 575643 659980 155060 700951 322234 275955 511537 648129 575257 773409 607983 617080
166994 948856 414235 860267 682556 754306 934789 397361 434365 446197 203371 632347 797434 185611 640928 714028 521169 860607 414967 810141 874288 161224 999999999 680841 1074906 527917 744804 838780 229142 288984 814364 483619 379266 543274 431632 339241 364402 579223 879183 610415 452251 683112 695634 689850 263259 317953 943280 564885 741325 189928 654406 799647 609285 557047 652524 414892 675913 628703 86496 501381 285656 306720 239169 418782 85305 541595 544927 246348 273141 234548 793977 377092 479084 411656 648449 611643 679377 360952 94618 671060 406274 425105 464735 584689 146771 1133712 209140 792803 655964 820452 315716 845591 460434 210511 671250 780613 649122 932260 755890 690365
514010 920506 458583 389557 704609 73908 979645 323566 948243 900421 534334 259526 124690 564006 353325 1038908 786233 881875 947632 682830 415389 599752 680841 999999999 847414 190494 1134702 695776 537477 409087 205456 822734 782066 202946 676975 630904 817711 597599 623012 113896 896816 197578 81522 892612 420824 370112 810097 898561 757282 785198 32307 911350 557696 865131 577062 905233 204549 354156 764453 975686 493109 843199 478987 583331 675860 919803 979020 859563 513901 495655 490899 354215 433955 296005 240116 786318 909906 332034 664153 1034112 279999 567719 217086 765861 608022 934995 762186 796168 1078465 745903 574260 963334 746344 540523 682112 301825 1089226 866268 412660 1127124
975523 283135 672678 481509 420989 843793 386906 1005403 956709 874771 879389 611036 810605 1111747 530597 752046 665111 351344 979628 266128 456945 913769 1074906 847414 999999999 761202 868972 237048 1119528 861067 690655 741829 812886 727489 681303 752307 864660 498598 230123 764773 863129 651427 766859 580827 966367 870035 159417 736174 383513 1008989 829022 467250 465909 705495 422535 917260 645982 537134 1110542 916759 799074 956623 1053904 660392 1136901 790223 868858 1050646 806747 1073204 361042 777753 616616 796128 621168 562681 614651 840518 1135497 797758 926062 651681 853260 576274 928326 89112 963540 349869 887461 277061 760956 478072 697259 1106830 423171 551271 914256 234746 437901 926154
363704 782619 269298 377359 542789 252788 828955 258009 759483 710213 358165 156165 282342 449587 231024 853149 599045 731405 759871 554390 398585 424186 527917 190494 761202 999999999 946294 572964 435318 240764 286757 632993 591813 33787 487725 440553 628300 426784 531150 87388 706478 166609 173480 714253 289044 210404 692748 710085 600499 608328 158233 745997 396237 677342 423711 715986 162609 225661 606489 785456 307387 657832 367914 394484 540510 729971 788557 681987 328394 387538 403029 169153 251841 118004 156295 606850 729188 167022 531052 846024 182270 379338 98651 584764 434171 843773 581620 644494 888516 608546 384467 799106 557145 431715 520618 284368 898962 734491 331675 937053
799627 596683 677040 1027878 528174 1187350 506179 1015839 323794 298887 693966 916330 1198658 910315 843576 120227 349427 517734 350549 680908 1022072 657060 744804 1134702 868972 946294 999999999 700826 948055 799738 1135343 316823 390744 931831 458951 523299 385708 574086 826574 1022252 293753 999499 1093487 304693 879680 841927 713532 236213 523075 559954 1102519 401752 632027 269922 641415 331740 988685 834999 703982 249009 682259 441071 922008 551812 829276 223733 199879 530264 666138 929530 855698 803019 703545 863738 941894 380995 272435 856038 839401 101019 969745 567087 964334 390915 661583 867423 535671 534243 92621 624155 584356 396534 389649 927801 543966 1009774 110452 634993 887842 84553
745262 232220 442472 399516 195920 710246 314413 799489 737197 655685 645309 439182 690399 883616 347365 580599 444764 228483 758121 29188 382705 677564 838780 695776 237048 572964 700826 999999999 894376 636658 582586 521883 583597 540606 447287 515521 636305 261551 132095 596684 644515 500401 620959 396912 744498 650332 120445 530813 178790 773289 671640 318281 231472 496563 188108 695380 492283 349919 873499 705233 566212 725959 830602 423353 902413 582835 663497 817179 572687 849348 222689 559070 391321 585982 456166 350279 430234 625152 901533 615891 721252 414803 656315 358199 692067 297332 727946 171258 700882 80715 524198 352527 469377 880561 192958 432891 725667 172781 294165 744571
163495 1048569 453433 808564 775916 610320 1055577 216254 652447 651030 281238 577087 661692 43800 618712 900714 675976 969781 635956 868162 827877 295851 229142 537477 1119528 435318 948055 894376 999999999 258476 709441 658194 562613 461948 565749 470568 562382 656081 901372 499968 654959 601914 575585 841217 156439 253741 1010140 745012 839042 412856 517890 931888 666219 729033 708388 626837 597800 608244 308443 713923 341570 523249 68814 516512 172456 732516 750302 474617 343470 48651 791941 344863 503683 343802 585037 747150 838154 290810 157912 865263 263522 515091 344782 719269 288824 1190371 421615 891228 863286 896495 422218 982558 614416 20266 759475 717819 859908 1019413 735426 901718
131764 800203 199401 579071 529561 480156 816835 218273 559859 526890 127231 347519 517910 253113 370826 727359 478768 726542 554397 610838 595201 191322 288984 409087 861067 240764 799738 636658 258476 999999999 526070 485434 414186 254410 359793 277955 437289 406479 644125 325797 526222 394285 412096 630489 109638 43944 753384 571919 593101 376520 379706 702785 410533 546757 451941 520947 387274 359446 365873 600531 118790 443977 193964 287135 312872 576011 617954 450969 133629 212723 539023 93627 245472 123184 361778 527499 634635 77126 305824 705124 172192 280648 194678 500441 199023 932125 356035 644571 727449 642345 217608 755444 422342 246012 511408 495348 731970 767116 488404 772860
650450 814760 495218 210164 646096 166759 889936 506568 1003333 942637 636983 223487 122026 729030 292690 1027555 789514 795388 1008629 577257 235699 702238 814364 205456 690655 286757 1135343 582586 709441 526070 999999999 841933 826540 272137 697711 678937 870700 564589 482717 210023 936609 144365 138021 860560 572115 497157 684404 905254 686869 882321 207949 849093 511098 868719 515120 957617 154515 300607 891804 1015946 574772 916387 644920 606649 826324 937127 1006656 954268 595378 663607 360642 445243 446265 402928 198429 761751 884071 453710 816445 1034806 446088 589299 365511 747039 713467 779750 851148 715459 1093618 647555 632237 897086 763523 708716 624562 149696 1109050 754850 289491 1143059
500537 530984 364186 764588 325994 878569 486129 703024 215534 133819 387828 618948 894175 624817 557324 244709 77185 436040 237801 494768 764044 362378 483619 822734 741829 632993 316823 521883 658194 485434 841933 999999999 105709 620691 146444 207615 140528 309475 623172 711697 122649 701059 786600 217791 571483 526857 585030 87762 358552 329803 790441 344673 369707 73438 394296 175508 690328 547131 470315 189621 367065 235692 622897 240306 568084 97124 165837 341016 351992 632987 611335 486287 398502 547119 644372 180818 200303 539513 575205 219912 653980 256754 647607 165585 370163 772435 289734 397842 255882 465175 268493 381392 78444 638329 330467 729584 268359 537778 624200 304846
409760 621963 332704 775578 391900 843247 585052 627274 178909 118428 303439 603761 865121 527265 555867 338857 161537 527661 189849 555103 778579 267991 379266 782066 812886 591813 390744 583597 562613 414186 826540 105709 999999999 584756 146648 151376 53392 342723 670944 675338 114938 682671 755441 321254 489202 457482 660191 185951 435023 225569 749903 444157 398809 178811 431575 132488 672265 544479 364702 193643 300434 144298 532425 223571 464127 170208 203807 244827 282200 540872 638820 432494 381393 493635 628359 267205 305580 476860 471746 303110 586118 240956 591440 245562 273893 851205 184410 479564 313833 536530 208559 483732 115925 542504 391077 728554 317790 622295 638829 358705
381418 752076 256622 347820 515917 258841 800326 290323 755331 703132 365899 123102 282019 474199 197499 836186 583288 702608 757020 522462 368386 431582 543274 202946 727489 33787 931831 540606 461948 254410 272137 620691 584756 999999999 474603 433432 623322 402130 497419 91105 698863 142472 171849 692987 312539 228361 660183 695738 572645 613913 170876 720366 368810 662201 394678 711135 137007 192409 619803 778196 308866 657604 393922 380804 560325 717812 778710 686910 329848 413771 369248 174222 231803 131759 125060 585994 709058 184663 551432 831199 213511 365004 131108 564714 442356 810185 585179 615760 876558 577660 379494 773250 543885 457394 493613 255962 887935 703197 298096 925395
402502 519707 218474 632474 264215 732208 503536 577574 322308 250671 284699 474321 747817 538509 417421 372511 119282 429685 335730 418279 634388 281728 431632 676975 681303 487725 458951 447287 565749 359793 697711 146444 146648 474603 999999999 96159 199534 197349 526987 565528 242951 555891 640157 276124 456632 398219 534272 223025 316873 329053 644708 370936 252332 192337 286197 276079 545207 406627 445040 320824 242015 281488 520169 93903 509699 243489 309117 369892 231474 533288 492241 346982 252655 406789 499610 183126 276388 404982 513482 359278 521764 110324 507666 155398 293607 726956 283517 366486 402217 409109 146224 419507 69421 547000 258683 590480 414694 508936 494298 451262
307740 609639 183725 643276 345624 691872 598223 495886 324623 269800 190289 457565 714138 442620 418108 449791 207127 521604 329896 486351 649031 186010 339241 630904 752307 440553 523299 515521 470568 277955 678937 207615 151376 433432 96159 999999999 191901 254745 579145 523966 265926 534657 604327 370649 367829 319243 611805 293981 402833 261032 598709 466869 298666 269752 338781 279305 524425 406145 360548 344980 159454 246727 426978 97460 415343 300069 350192 315188 144876 439372 524085 283586 238219 344861 481603 279260 368504 332979 418602 427488 446554 111635 444124 251495 198277 804127 216809 453961 455231 487206 61058 515651 147130 451629 336253 588545 462732 594509 511790 502373
416863 668068 375564 825771 443806 880765 626440 644940 132724 91188 319035 648817 904856 524668 604383 350137 207123 573356 139672 607902 829333 274176 364402 817711 864660 628300 385708 636305 562382 437289 870700 140528 53392 623322 199534 191901 999999999 396029 724334 713192 93209 726473 794830 358031 503165 481142 711114 207046 485271 193887 785743 485023 451848 208933 484898 87814 716205 592802 338392 163288 328832 95918 538336 272457 449685 177543 188760 200559 309239 544939 691345 465043 427606 525580 673072 313958 338800 504252 458646 306902 609340 289638 621146 293923 277361 901520 158487 528661 301845 587965 243973 521802 167438 542123 443582 776559 301113 670824 689863 342917
498917 393797 207655 459200 124387 637763 415617 600110 512997 435862 391412 353035 639419 639766 271921 463452 241065 322026 529174 232491 456747 418161 579223 597599 498598 426784 574086 261551 656081 406479 564589 309475 342723 402130 197349 254745 396029 999999999 329926 484343 426326 435282 541596 298546 516016 430316 364391 353073 187571 514538 567169 319682 60528 315425 88895 467739 424618 264530 611966 498707 316850 478471 597017 161867 646018 394291 472129 562869 319817 614306 301974 347505 182195 392112 377994 197174 320093 416360 646171 474813 528128 154137 483420 183366 432494 554524 469566 238386 542213 243540 263656 373047 239104 640340 105102 435688 561326 363565 318150 591042
764827 348692 466615 284163 305508 625733 440083 777285 835426 755464 677935 381239 598070 896966 300844 706518 547519 358952 853896 146621 263941 720315 879183 623012 230123 531150 826574 132095 901372 644125 482717 623172 670944 497419 526987 579145 724334 329926 999999999 536091 744944 425678 543682 521881 746234 649007 204738 643636 303824 840147 602921 450091 280488 607712 241733 791527 419489 307801 924699 811117 595693 808351 834406 482123 934053 693458 774296 891712 606371 854084 132496 556923 405030 570424 392216 462924 554431 616985 931146 738374 697905 469849 623798 465940 735008 314470 795894 302673 820777 212771 574547 484526 561758 889895 295550 335802 844511 285486 210560 865956
444580 816832 347703 338648 593235 167932 871859 302654 844869 793751 445173 157736 194962 519013 249752 925467 673359 773960 845882 581563 362610 511206 610415 113896 764773 87388 1022252 596684 499968 325797 210023 711697 675338 91105 565528 523966 713192 484343 536091 999999999 789614 121940 86461 778786 362630 292564 713771 786271 647275 695590 82850 799520 445962 752472 467310 800978 123744 248681 690490 868876 394487 744724 434997 471679 617852 808821 869794 769311 415507 453794 403911 256518 320355 204278 143907 672431 796010 250195 607617 921517 237255 455751 155531 651975 520982 850489 669007 687684 967575 641810 469223 851816 634757 498847 570757 244167 979028 764625 326971 1016441
510041 643084 445167 874720 448612 957546 588557 736395 93613 12073 410675 713258 978518 616779 660132 269642 199759 548406 118200 617416 875839 367315 452251 896816 863129 706478 293753 644515 654959 526222 936609 122649 114938 698863 242951 265926 93209 426326 744944 789614 999999999 793331 869078 316116 595520 569845 705577 148186 479617 272009 864629 448387 485680 165731 513079 59948 782809 649192 417923 79578 414345 156267 631542 330286 537183 102563 95577 258224 395615 638071 727937 547370 490391 608476 738185 300638 290508 590713 546848 220675 698407 347723 705975 287509 370567 891219 243399 516883 208688 586945 323492 477852 187390 634694 453042 833221 208196 654543 735646 249922
523068 727911 350933 217604 528989 212235 792369 417093 859140 799154 498513 83197 204791 615818 168509 894628 651529 695283 864288 488992 241092 562957 683112 197578 651427 166609 999499 500401 601914 394285 144365 701059 682671 142472 555891 534657 726473 435282 425678 121940 793331 999999999 120558 733733 454591 370465 613274 767103 576438 740781 177601 735543 386491 731100 398015 813497 10814 173037 757563 872776 432959 772277 534500 463938 702560 796955 865007 812085 453321 554143 293407 308126 303517 273171 57686 631526 755123 326833 693795 898606 345555 446688 260906 614795 574746 738494 708557 611246 954363 554446 487954 785883 622622 598265 506735 122921 968950 672062 215179 1003783
529310 848136 424603 308698 642426 96191 911068 369426 926996 873669 531555 192202 110170 597409 284575 993187 744060 813673 928859 609391 334425 597586 695634 81522 766859 173480 1093487 620959 575585 412096 138021 786600 755441 171849 640157 604327 794830 541596 543682 86461 869078 120558 999999999 839458 444328 378149 733566 858367 692362 781805 72674 849487 497177 823627 512653 882638 128901 287165 776294 948556 479501 829131 512621 546350 700459 883592 946996 855426 500525 530769 412055 342259 390006 290737 169797 734810 858803 336175 689815 992502 312206 529852 235325 716039 607419 854687 754779 728918 1042227 674326 551171 900630 708862 575994 619992 220309 1054757 792550 333926 1091367
678278 332688 458813 733306 226949 935522 272467 845540 405379 328124 560584 651581 937964 812682 568801 184715 168866 240371 432682 376360 725360 551920 689850 892612 580827 714253 304693 396912 841217 630489 860560 217791 321254 692987 276124 370649 358031 298546 521881 778786 316116 733733 839458 999999999 731145 666006 421845 169917 218559 546751 861524 132703 349469 151894 349615 375891 723092 562142 684707 350086 515262 452241 796283 344676 772326 223140 295194 558053 506460 809383 556520 601877 462429 657078 676518 107692 33999 666151 777917 219961 783592 353956 755863 132114 562369 593823 505435 234492 307730 321968 422030 163900 230397 822245 244914 725406 333986 354519 595770 349131
102045 909782 309039 655924 638854 494686 925192 145885 615047 594341 185763 423429 540713 162136 462317 815923 573839 835564 604921 719064 674449 232141 263259 420824 966367 289044 879680 744498 156439 109638 572115 571483 489202 312539 456632 367829 503165 516016 746234 362630 595520 454591 444328 731145 999999999 97473 861897 659124 702391 401506 396131 808892 519743 637096 560834 580817 449514 451814 349008 664888 216039 490608 88312 391369 256352 656993 690081 473921 225159 108242 635583 189311 353240 188773 432973 630415 733004 134906 245501 788733 143148 386442 209076 602961 233068 1038961 392910 753970 802117 751752 310736 861158 514865 147912 620875 566805 803650 876699 579161 845264
153391 822747 222923 564274 554415 442105 843918 179731 603778 570620 170137 331434 481938 255910 365501 767742 517468 752015 598186 625466 581831 233036 317953 370112 870035 210404 841927 650332 253741 43944 497157 526857 457482 228361 398219 319243 481142 430316 649007 292564 569845 370465 378149 666006 97473 999999999 768614 612892 617814 417496 341532 733553 428802 586925 468834 564889 364294 354826 398174 644360 159809 487472 185784 321461 332105 618261 661286 491945 175989 205699 538199 92305 260168 97705 343122 561704 671444 43711 323516 746720 128640 313474 153842 535030 239841 943564 398464 668651 770436 661082 258454 786579 462163 244252 535393 477384 775265 787074 482659 816062
858284 153535 556920 488877 270336 820392 255145 919697 799190 717313 754674 556036 796836 997778 465511 595466 508815 198927 822640 143260 468585 782396 943280 810097 159417 692748 713532 120445 1010140 753384 684404 585030 660191 660183 534272 611805 711114 364391 204738 713771 705577 613274 733566 421845 861897 768614 999999999 576939 226621 863316 787042 312376 344159 546622 301752 760530 605715 468717 972272 757845 677515 804424 947293 524687 1010289 631065 709518 901013 682434 965776 325235 677847 508776 706046 571789 404941 455742 744454 1010214 639688 841570 518276 776717 419867 796661 192729 817778 190560 728997 125178 627564 329569 544267 995798 276233 535652 755610 91745 401508 768437
588056 501140 440849 812231 338447 951793 441589 789838 235558 159976 475589 684155 964349 711036 615726 156946 115740 407422 263135 505918 809227 449173 564885 898561 736174 710085 236213 530813 745012 571919 905254 87762 185951 695738 223025 293981 207046 353073 643636 786271 148186 767103 858367 169917 659124 612892 576939 999999999 356190 400934 866363 302617 413212 37671 430388 208105 756299 606407 545024 182239 453281 294832 710502 315608 649897 54441 133177 400324 438759 720425 649146 568762 468388 629095 709726 181083 142641 624050 657653 136258 739370 330889 729896 178939 456515 756892 364337 386382 189577 464858 354468 329950 154013 725075 348401 785432 208284 517998 671184 238782
679070 210135 394988 534314 63540 787495 229915 787192 573203 491269 566794 500247 779525 820193 408257 402909 282200 134610 596289 157834 522995 583502 741325 757282 383513 600499 523075 178790 839042 593101 686869 358552 435023 572645 316873 402833 485271 187571 303824 647275 479617 576438 692362 218559 702391 617814 226621 356190 999999999 644186 728775 162802 204356 323688 180222 534057 566546 405197 761240 534609 497660 579309 781870 327373 814373 409431 489363 677742 497748 798640 352624 534758 366948 577489 522770 179278 251637 603661 816151 437114 714300 325715 665532 193250 597032 416264 598823 52330 522276 108691 429772 210344 319250 822583 82861 542306 547275 192141 404446 565787
300736 840750 410994 883458 593226 855391 809363 546862 244686 264319 251104 674289 890207 370655 655839 540425 385069 747601 225071 744116 892455 185448 189928 785198 1008989 608328 559954 773289 412856 376520 882321 329803 225569 613913 329053 261032 193887 514538 840147 695590 272009 740781 781805 546751 401506 417496 863316 400934 644186 999999999 755306 668986 559687 401178 599695 228261 731768 643382 145969 313450 307822 118933 407726 358103 271681 368775 360707 74462 287532 408402 780219 440047 475831 492034 695253 487774 530063 453302 282979 492675 533728 371065 570997 463749 177666 1056008 45540 692223 469562 738146 274525 709265 331401 393150 587479 817248 461153 835417 759956 502022
487425 894770 426300 379343 675393 100574 952211 306503 916415 868273 504279 233419 144903 542775 327053 1006992 754145 854363 915994 657888 404832 569878 654406 32307 829022 158233 1102519 671640 517890 379706 207949 790441 749903 170876 644708 598709 785743 567169 602921 82850 864629 177601 72674 861524 396131 341532 787042 866363 728775 755306 999999999 881901 528253 832993 548620 873304 183433 327212 737424 943533 461672 811966 457651 551085 652015 887507 946731 829605 482510 474880 470483 322707 402186 265024 215483 755057 878544 302582 640605 1001956 257317 535503 189733 734408 578406 916071 731701 768380 1046164 719926 542195 934068 714082 519973 652903 288781 1056920 841297 392365 1094820
768518 203134 514062 695797 207076 945222 141463 909907 538067 460425 651281 657397 939576 907141 567034 285243 284114 116408 565290 305211 683563 652664 799647 911350 467250 745997 401752 318281 931888 702785 849093 344673 444157 720366 370936 466869 485023 319682 450091 799520 448387 735543 849487 132703 808892 733553 312376 302617 162802 668986 881901 999999999 353667 283210 337528 508009 725428 563024 802430 482089 594571 580362 881245 417902 879607 355655 425874 685581 589557 896085 513577 658743 500676 708099 680714 188245 162128 726432 883886 333954 841655 422499 802013 215670 664465 470304 626091 147619 424703 237648 509906 53574 341338 913815 229536 705052 452278 233890 567207 460698
514475 397233 212822 399037 147390 593246 433642 590378 571316 495014 413960 305918 591276 653655 219697 519746 301581 336722 586703 203791 396292 448340 609285 557696 465909 396237 632027 231472 666219 410533 511098 369707 398809 368810 252332 298666 451848 60528 280488 445962 485680 386491 497177 349469 519743 428802 344159 413212 204356 559687 528253 353667 999999999 375545 43441 525741 376029 213694 648519 558714 334773 531344 604069 201819 671271 454799 532642 611745 341312 622296 242257 340627 169597 377781 330111 252549 373344 409066 670200 533356 515240 190213 462442 241177 462956 528716 515406 249997 602111 232296 297445 405854 298295 651706 124970 378447 621495 358472 258003 650815
569931 477559 408469 774569 303011 917428 424026 765008 257409 177803 455489 648063 929126 696417 578730 180901 79679 383037 283574 471218 771559 433567 557047 865131 705495 677342 269922 496563 729033 546757 868719 73438 178811 662201 192337 269752 208933 315425 607712 752472 165731 731100 823627 151894 637096 586925 546622 37671 323688 401178 832993 283210 375545 999999999 392850 224996 720291 569515 542920 211265 427970 301521 691792 283303 641470 86277 167060 407498 414473 702522 611644 539263 433648 599124 673640 146286 130045 596230 648516 169055 712346 298033 700001 142184 441872 729001 362088 356348 227034 432335 329224 315412 124973 709288 312234 748119 245953 490958 633523 276137
557487 362123 255270 386478 131418 608100 405709 627286 600850 522901 457398 320452 602166 696388 229506 526262 322683 307939 617531 160606 381022 491506 652524 577062 422535 423711 641415 188108 708388 451941 515120 394296 431575 394678 286197 338781 484898 88895 241733 467310 513079 398015 512653 349615 560834 468834 301752 430388 180222 599695 548620 337528 43441 392850 999999999 555854 387909 225678 690956 583915 378105 567088 645734 242744 714711 474922 554206 650082 384749 664122 218843 379517 208745 413781 343400 260470 376217 447459 713637 544559 551148 231964 494925 253515 506105 485406 555105 221135 617420 193100 340006 388103 326479 694085 109546 376276 638096 320199 246979 665476
489927 701719 462737 907522 499921 968514 648356 724508 46460 48143 399508 735301 992657 586981 688352 322548 252189 606912 62744 667782 910091 349076 414892 905233 917260 715986 331740 695380 626837 520947 957617 175508 132488 711135 276079 279305 87814 467739 791527 800978 59948 813497 882638 375891 580817 564889 760530 208105 534057 228261 873304 508009 525741 224996 555854 999999999 803177 676967 372471 87137 415118 109341 609079 356059 498638 161047 133250 204261 395183 613893 767330 552139 513378 612448 759721 356001 350454 589613 509232 269738 692444 373441 707183 340988 350031 947511 206775 572912 241427 640465 331756 537794 229906 606628 502849 861035 234392 711775 770129 275871
