NAME : synthetic_000120
TYPE : CTSP-D
DIMENSION : 100
GROUPS : 8
RELAXATION_LEVEL : 1
EDGE_WEIGHT_TYPE : EXPLICIT
EDGE_WEIGHT_FORMAT : FULL_MATRIX
EDGE_WEIGHT_SECTION
999999999 404170 251543 578278 231363 93108 570972 463546 596717 541534 832388 290772 377592 296060 309529 763129 418647 377692 452151 399876 141222 702959 535783 139740 831432 567112 278109 372976 757524 746552 626348 345177 376724 276741 264171 343084 716099 645075 121530 160220 639550 515797 268572 845877 152578 659556 820385 244747 78326 279254 317368 657137 614504 818307 732351 554560 176693 369964 392228 850189 463355 553794 436946 744451 439852 463720 309352 748009 554262 385948 511172 389905 820909 725717 862176 403723 482757 604316 298809 196898 725024 880290 71872 172253 567229 616883 554140 581709 184990 366880 217457 48464 175054 301076 291862 397595 96019 422140 301451 839419
404170 999999999 500520 453803 223815 483407 167719 165238 444869 626682 513131 628830 394701 325836 211213 392410 305710 529382 282648 184854 393733 419027 438360 510546 427572 211499 302633 661908 491525 343776 238759 476206 704666 204211 352199 61089 530771 270703 476947 547150 253826 463152 459629 441945 553211 504405 466014 532202 435788 268102 432997 297523 514138 434803 359731 170897 228401 630075 283657 547134 93836 409945 34716 427232 263865 497449 367855 367579 369666 445485 451831 212438 436492 418758 478614 4079 85873 576464 645351 343568 321972 476155 412876 545562 171174 530604 487279 198494 308145 335617 282808 360311 501312 422613 417656 304607 482029 81416 506366 446952
251543 500520 999999999 439692 276967 306770 642352 620482 469707 305862 998048 500124 229317 209213 504314 762362 632966 140665 654163 393622 130110 637650 764267 357409 889957 704336 218044 599061 946381 828055 739067 132367 581080 467355 504474 448329 931003 770568 148110 350395 754245 752240 61935 904590 242362 880464 963479 485085 323967 247952 135172 658442 454013 934626 859932 596477 313269 606597 603970 1024737 586336 772195 534754 697405 384971 710610 183620 868035 761269 202571 746107 367193 832235 895307 869199 502151 586230 407850 500270 157065 806029 945790 322776 168824 622558 448237 388500 618457 414997 595423 217815 279228 98816 549956 124263 313822 193713 474988 58208 862488
578278 453803 439692 999999999 379990 668124 479193 618582 37381 294227 923685 869048 214124 282395 618426 439792 742579 337673 730305 272869 453297 248184 882827 717609 636016 636917 300865 946378 931418 625733 615842 313358 954999 591420 715487 451575 984085 662028 546189 731041 630245 898812 379157 648372 655619 957873 848315 811544 652508 307153 305047 367888 61583 773313 734081 402283 475584 934875 715905 965850 538031 860641 469796 320701 192533 908331 276947 726321 822953 238777 888444 252532 514329 846183 538907 457793 504105 155937 876587 383438 608000 693920 637346 595663 439729 81462 75907 404976 631292 749845 365456 567704 521192 785074 321014 189228 584542 374781 393545 557107
231363 223815 276967 379990 999999999 323809 373784 351093 390317 449479 725310 510661 225032 133806 270443 537282 405024 322878 411456 168522 174352 472958 546607 366026 630039 428367 105749 575864 683733 558636 462560 270973 595366 236121 339347 171885 688966 493601 267393 391268 477640 549905 239633 644733 360241 646873 686955 439173 292590 79891 227480 430560 427879 658490 582972 340219 95973 559536 375672 754584 309811 540020 258250 513095 214711 540995 172587 591385 517328 262952 541063 159972 598980 624783 639340 225328 309658 450222 521935 119903 536541 683364 273358 335873 360122 436260 377607 365628 252042 391766 60517 204044 282719 406947 207075 190770 283631 209371 287081 621678
93108 483407 306770 668124 323809 999999999 651114 521941 687691 609256 878306 202986 463342 385776 357721 851902 446528 443135 487547 492170 220361 795955 546393 51927 910622 629671 369297 294295 792803 821725 695352 417673 288424 330113 273487 422814 734807 709782 159199 67508 707710 517757 337450 924892 116155 674375 875905 179846 55071 371932 395210 746457 702135 883080 794767 640063 261176 299832 423474 891622 533627 573322 514738 836803 532946 449464 395507 812630 582607 466350 515186 482828 907880 771542 949433 482511 557771 685565 208781 284884 800604 957575 76137 175315 650399 703382 640508 667559 218839 384263 310080 125345 213510 288059 370711 489633 114658 508633 362380 924652
570972 167719 642352 479193 373784 651114 999999999 228530 457885 711885 445195 792623 492886 446514 354333 253003 408876 645467 368229 265228 548036 352558 516120 677906 260524 180822 429161 818843 467658 185730 137278 593633 866127 357868 501230 228412 551162 184252 637246 714814 151264 554151 593994 275024 718524 544459 370240 693039 603376 396330 553169 185294 540222 307177 255772 77772 394488 783625 395600 488673 150509 472633 137750 332702 321291 611789 485626 251121 420954 547059 542227 296909 281482 374958 322979 168733 106835 625398 809775 488992 163684 311049 580443 706143 41341 560650 533347 85245 470058 459252 427527 527746 656435 567563 543181 386859 645812 167364 638288 284963
463546 165238 620482 618582 351093 521941 228530 999999999 608411 783346 378135 619932 550477 472812 168741 481370 181707 672435 139800 349865 498917 558950 291126 533863 438321 110576 446874 625658 334345 333739 190595 619745 683366 191975 306062 186728 365601 192238 562858 576035 199073 326265 589682 450545 615491 341563 356872 513234 467816 413276 575996 408206 679139 363314 273490 280667 312309 584739 172162 404431 87785 253635 150624 552386 429102 384781 514815 293276 208127 598599 314371 376594 503840 274847 543922 161343 133311 741041 639365 466541 316429 471916 445855 627582 258952 695779 652310 301853 308446 239444 411208 415164 599249 362628 557243 467083 555166 244081 637227 499164
596717 444869 469707 37381 390317 687691 457885 608411 999999999 331432 903062 887234 241703 302510 618394 405322 739466 372234 724559 268934 475887 211226 878419 736406 604520 620586 318613 961777 915423 598217 595065 345654 973147 593001 721476 447646 973130 641712 570902 751635 609147 896592 408557 616617 680355 949182 825202 826131 669524 321187 334592 337180 85922 747369 711328 380348 484860 948475 713481 946081 525839 853968 458387 283908 190320 910392 301399 702393 814526 270753 885985 252296 479548 828306 503276 448914 489801 189232 895501 404181 581060 662118 653497 622545 417676 108260 113160 380943 639535 750416 381264 583458 548390 791953 349024 201395 607977 364422 425342 522801
541534 626682 305862 294227 449479 609256 711885 783346 331432 999999999 1136583 805728 232874 316324 719544 727253 854283 166223 860149 452713 401340 542325 995324 660739 910036 835601 344159 903211 1116647 881941 839187 197772 886941 684455 764878 596803 1136006 881085 452870 656029 854657 995436 273281 923372 546777 1095899 1076958 784082 618729 374747 233372 643842 264409 1018614 963647 642596 531142 907819 824844 1172804 720417 989404 654136 614614 390821 973787 276991 962267 964960 186925 987241 421277 802319 1045206 829578 629909 700535 164692 806123 369404 861939 968636 613003 470729 678140 245786 218320 653921 672000 835781 398920 556276 404501 822123 258953 327493 498546 565173 248142 843161
832388 513131 998048 923685 725310 878306 445195 378135 903062 1136583 999999999 931129 906473 838542 523427 609118 442822 1041613 394459 684782 877032 778157 415626 879656 428119 301788 814493 903347 130910 351674 308009 988464 975314 555671 621242 554695 278125 261667 938034 923471 293966 470171 964926 429393 981283 327213 105031 823458 823238 780068 944973 600440 984950 215720 198998 522854 690153 854319 460154 49579 419886 360239 483387 737731 754447 572992 880668 218037 321319 958121 462353 715774 581166 106858 604167 510333 436052 1066517 952208 842978 357716 411926 803142 1000930 485693 1005058 974469 525021 659512 515490 785818 784086 976470 649146 928249 809869 926702 571671 1012390 547364
290772 628830 500124 869048 510661 202986 792623 619932 887234 805728 931129 999999999 666150 586773 452925 1015740 489760 639698 541192 675261 423322 982307 541763 151910 1043913 730318 568726 107728 825080 946004 808050 618048 85952 438855 317467 572470 733601 811876 352992 149730 817970 497510 537075 1057458 266835 668368 950921 108514 218852 567954 597482 913521 904514 979888 888507 796502 431519 138722 476622 933818 656359 585254 655372 1017161 724635 402484 598184 911036 612553 669024 499694 670400 1064752 828213 1106846 626945 690041 888202 21296 486797 926426 1084832 237306 344159 800003 906124 843264 824448 322790 416116 506648 307064 402207 282209 573271 687295 307410 671236 557590 1075614
377592 394701 229317 214124 225032 463342 492886 550477 241703 232874 906473 666150 999999999 93297 494460 557889 628428 161065 630753 228036 244062 412766 770551 514273 713982 604855 120630 750357 883849 671313 614012 117181 751755 460839 558158 363988 904830 654126 333074 523550 629597 774914 167601 728115 442288 866532 850946 619185 454800 146230 94592 460204 239750 799610 738934 429939 315342 744369 599310 941630 488534 761099 423161 476303 183228 763630 68250 739875 734382 54318 766016 196197 631179 813458 664849 397826 470853 231784 671949 181062 650266 772106 442568 381551 462981 240059 177182 445828 467017 616720 184864 375807 307126 621925 107320 108938 372828 337266 190406 666486
296060 325836 209213 282395 133806 385776 446514 472812 302510 316324 838542 586773 93297 999999999 404238 553223 538760 203681 543833 187265 174837 438861 680413 435232 685637 537252 28061 666266 807155 630631 556779 150551 672714 369863 464885 286643 820147 593594 273443 449197 572338 683216 152437 700166 381923 779575 790306 532992 371197 59574 107913 449252 319448 748371 681019 393353 222152 657596 509440 871152 418659 673172 357293 494015 177693 670415 42187 685096 648867 129450 674516 159060 623042 741836 660006 328459 407502 324025 594192 101694 608885 742412 357127 331839 422249 323432 261429 413623 373902 524512 91909 288561 261270 528969 96810 112529 307416 281598 193396 653667
309529 211213 504314 618426 270443 357721 354333 168741 618394 719544 523427 452925 494460 404238 999999999 598540 134768 584300 149887 350491 375183 626178 276201 366246 594421 279201 376187 466820 449986 494053 355127 534864 519599 37004 147046 177649 427377 360821 420067 408941 365193 282766 486861 607548 457896 380061 518338 347592 302889 348230 492650 507713 674028 531917 441652 378760 194487 429811 105300 540673 208028 271990 226001 638107 428086 294058 442570 461982 256969 533329 273157 366413 635253 416617 677001 207863 247672 713015 471974 364148 475005 633013 281734 479983 371281 686398 632941 405398 140652 132227 321899 261529 463753 213933 469661 439004 404710 282469 533028 638807
763129 392410 762362 439792 537282 851902 253003 481370 405322 727253 609118 1015740 557889 553223 598540 999999999 661847 718382 620860 376207 701500 207487 766253 886827 216293 418104 547621 1053954 671142 257987 343884 674334 1094140 595987 743294 444462 778959 385272 800760 918733 350273 806108 703937 225337 897469 782141 510384 922759 810840 523326 643236 106810 488724 407973 412952 221518 591450 1022478 648030 658145 402225 719987 372741 143451 379266 864654 581404 391203 666454 608407 794175 397992 75077 571889 107194 395039 356513 594547 1031056 629881 251647 268773 788692 867464 228029 511377 513188 193981 699100 710520 574693 726721 804862 812339 643311 453681 820639 345126 739730 117532
418647 305710 632966 742579 405024 446528 408876 181707 739466 854283 442822 489760 628428 538760 134768 661847 999999999 718194 53824 470631 502955 723013 142443 441210 613097 274333 510727 473208 347021 506186 361672 669183 539941 170538 179206 291839 299294 349527 536394 485112 366684 157931 619081 624468 556951 247624 462774 381533 392345 482253 627166 583796 799925 503621 412622 453915 327790 427444 29575 449821 260847 139264 307207 724329 550347 203131 577297 438639 136419 667968 146922 490198 685541 338701 725551 301732 307524 844166 510658 497422 490873 641306 374744 590803 436507 813462 762018 477410 234137 74065 456577 373443 584205 210026 603965 568363 514481 385697 664648 680192
377692 529382 140665 337673 322878 443135 645467 672435 372234 166223 1041613 639698 161065 203681 584300 718382 718194 999999999 730786 380925 239543 564333 856205 494557 873723 740663 227121 737000 1006129 827115 759771 53178 721311 547836 612181 487949 1009380 797126 286741 490053 775355 851148 109466 887954 382881 964297 993921 618731 454092 261557 96691 621262 338065 949960 884261 586566 390438 742052 688630 1073440 621862 856289 560973 631030 343956 821228 162023 887676 837671 110301 843773 349797 791945 943864 825167 531943 611135 275376 640402 221261 805722 931630 449486 308233 618136 328101 274075 603954 519670 691545 264853 396002 239469 665447 115877 269064 332396 483368 82496 827519
452151 282648 654163 730305 411456 487547 368229 139800 724559 860149 394459 541192 630753 543833 149887 620860 53824 730786 999999999 457443 525064 693823 155936 485853 562760 223635 516070 526821 306097 455429 311318 680365 592980 186811 227109 279376 278702 297032 566781 529746 315540 186766 635536 573832 595168 235832 410145 432753 432749 485661 637501 547485 789057 449803 358841 418957 343101 481223 65712 404509 224650 131421 278563 690640 537841 249068 583831 384978 107344 673233 174918 479668 640966 289058 680365 278576 271306 839643 561955 512099 440761 589515 413891 624201 398550 803762 754889 440995 270688 127158 466499 405378 612172 263005 615377 562748 548139 363999 682028 633627
399876 184854 393622 272869 168522 492170 265228 349865 268934 452713 684782 675261 228036 187265 350491 376207 470631 380925 457443 999999999 325382 307198 610195 533391 498378 385431 175608 733638 674095 446266 387004 329730 758917 327046 463042 178963 714994 428396 425141 559662 402541 627658 339266 512903 524569 686217 624571 596930 458948 148094 290652 269802 331851 571614 511791 206697 245488 712494 444548 722363 275086 587918 206567 344634 80434 643854 223447 512019 551253 282043 617064 31859 442461 596477 481204 188664 249497 391726 687542 253876 424819 555239 438737 491390 237268 347277 302454 226377 389179 482713 198816 370763 428945 535029 283503 125268 447328 113332 380590 470181
141222 393733 130110 453297 174352 220361 548036 498917 475887 401340 877032 423322 244062 174837 375183 701500 502955 239543 525064 325382 999999999 608666 634314 271905 804176 588843 165626 511803 820150 732561 631484 204244 508558 338325 377401 336908 801268 659267 101143 279490 646195 623176 130169 818874 207618 750399 848377 385819 219394 181048 176502 594909 483688 827694 748798 513163 187435 510865 474022 901706 473231 642157 428449 659248 342936 585279 177121 759368 631967 246411 616812 306076 766527 772901 805923 394722 479246 465535 428357 75423 710476 857691 211977 166014 534220 483974 421120 537866 286538 465713 126960 156565 108399 427083 151294 285972 132580 383482 168873 791722
702959 419027 637650 248184 472958 795955 352558 558950 211226 542325 778157 982307 412766 438861 626178 207487 723013 564333 693823 307198 608666 999999999 848906 838982 420783 533075 443298 1039943 817525 440502 481309 528353 1066103 611423 756419 449869 903069 528139 709544 863176 492470 878900 575970 430965 815549 892864 687394 903472 765269 429823 506237 177719 289013 594463 579335 282138 552461 1017114 702236 825214 471221 812339 416086 72952 266140 916356 455067 563425 764261 455528 867301 313194 277732 721852 296374 422845 426036 397053 994313 533255 427928 475274 745450 770364 312512 311337 324050 267493 690813 754158 490254 676810 700087 828741 513447 326843 738872 343710 603078 323176
535783 438360 764267 882827 546607 546393 516120 291126 878419 995324 415626 541763 770551 680413 276201 766253 142443 856205 155936 610195 634314 848906 999999999 530000 683638 353060 652357 496876 293989 576171 438096 808145 572744 310870 274343 431277 192921 412128 656686 572552 438428 54956 754738 693036 661505 129192 466931 440180 495548 624330 766678 698692 940770 535377 451200 571789 466231 446436 171278 406655 378216 58140 434342 843472 690331 157573 718468 480573 111464 809394 46763 630907 779662 327584 817369 434294 424351 986499 563023 634960 564912 701507 481640 705134 549091 954715 903928 592621 352734 169659 596820 494279 707595 268073 742986 710459 629459 519612 799350 767438
139740 510546 357409 717609 366026 51927 677906 533863 736406 660739 879656 151910 514273 435232 366246 886827 441210 494557 485853 533391 271905 838982 530000 999999999 935666 643349 417794 242559 788150 843672 713145 469565 237699 342514 263170 450957 721109 724412 209390 43919 724818 497137 389255 949746 148734 659000 883435 133712 75987 418620 447071 782290 752624 896940 807344 671872 295628 249830 420533 890148 553518 561473 540453 877592 577860 421508 446281 826671 575606 518087 495679 525883 940552 773387 982361 509298 580976 737297 159095 334957 822956 980859 98340 217562 679905 754223 691366 699622 225629 374421 356935 162706 262612 264773 422506 537282 164099 542065 413493 955402
831432 427572 889957 636016 630039 910622 260524 438321 604520 910036 428119 1043913 713982 685637 594421 216293 613097 873723 562760 498378 804176 420783 683638 935666 999999999 339126 672522 1060611 516508 107815 251492 824646 1113651 605155 739818 488554 646114 271530 895898 973540 247686 732173 837338 14701 978938 665252 323589 940965 861900 642020 787635 268388 690091 213368 253180 293510 655006 1021509 608686 477565 387705 629341 395892 359691 531103 810776 721103 224444 573688 767687 720653 527464 163473 419397 178309 428279 355133 791901 1061941 741175 122284 58613 838929 964760 269957 712631 705099 272022 721636 676892 680511 787882 912311 800154 781763 605095 905850 420704 878956 122618
567112 211499 704336 636917 428367 629671 180822 110576 620586 835601 301788 730318 604855 537252 279201 418104 274333 740663 223635 385431 588843 533075 353060 643349 339126 999999999 513669 733610 294839 231905 87719 687486 792831 300870 415421 256495 370345 81662 660397 685169 92468 397876 667467 350265 719638 365764 259588 623366 576042 479167 644150 364885 698492 253656 165389 252870 406485 691500 271924 337268 119097 303459 181694 512476 458359 472015 579312 183326 249007 656353 386093 415852 426842 211257 464313 208802 135984 772918 749823 547682 217172 367431 553794 726778 220580 717319 681487 265592 418331 340465 488716 519100 692901 469179 628159 509863 656321 272124 714676 414682
278109 302633 218044 300865 105749 369297 429161 446874 318613 344159 814493 568726 120630 28061 376187 547621 510727 227121 516070 175608 165626 443298 652357 417794 672522 513669 999999999 645771 781144 614156 535905 173984 654663 341804 438026 261260 792645 571742 266272 433926 551416 655212 165296 687123 373129 751766 768107 511570 351655 34531 130499 442458 340956 728703 659687 379290 194750 635687 481397 846482 394784 645267 334777 495502 178328 643030 68337 664592 621275 157369 646492 150048 616071 716997 653865 305097 385456 350169 576888 90268 592279 728754 336600 327786 406716 346094 284735 400714 347472 496583 66690 267242 259858 502729 115618 121505 297246 262791 209135 645189
372976 661908 599061 946378 575864 294295 818843 625658 961777 903211 903347 107728 750357 666266 466820 1053954 473208 737000 526821 733638 511803 1039943 496876 242559 1060611 733610 645771 999999999 788894 958453 816243 711838 79570 461070 320802 610183 683034 813798 450985 251174 824496 447134 631744 1073514 371825 617430 934690 136880 295595 640592 688053 955411 985698 975394 883942 832559 488356 51018 466308 900451 674815 546679 684624 1068866 790299 345045 682109 908696 582043 758101 451635 732807 1097273 804654 1139328 659473 713106 976965 118760 569354 940160 1097152 309218 448411 831361 988973 926398 860301 355400 399808 580997 378675 502571 265264 663065 760441 405349 714281 655660 1103800
757524 491525 946381 931418 683733 792803 467658 334345 915423 1116647 130910 825080 883849 807155 449986 671142 347021 1006129 306097 674095 820150 817525 293989 788150 516508 294839 781144 788894 999999999 424033 336508 953628 863188 485397 525419 520888 148112 290362 870047 832032 326292 347278 920169 520697 901246 196685 215104 719172 738233 747612 909891 642432 992963 316345 265047 543744 633323 738930 369338 112875 399101 242224 467532 787165 749915 451247 849144 292483 213751 932645 340560 703161 655953 99471 684515 488061 427917 1064792 846342 796127 423800 511592 719753 929170 508900 1011533 973972 552490 576771 415279 743209 710246 913152 543500 890606 796051 853369 562008 967599 628193
746552 343776 828055 625733 558636 821725 185730 333739 598217 881941 351674 946004 671313 630631 494053 257987 506186 827115 455429 446266 732561 440502 576171 843672 107815 231905 614156 958453 424033 999999999 144616 775978 1013597 507503 637842 404529 546507 164085 819733 882873 140018 624446 779248 118414 896684 561867 252456 841581 771302 581650 736394 267163 683883 153964 159519 241428 571903 918284 502659 400945 290768 522248 310051 391770 492905 703124 668912 134772 466576 725626 612907 477323 232396 324955 260663 343769 264127 779197 964530 674607 22098 138960 748370 888534 208998 705792 688858 228029 625297 571057 613099 701345 840915 696329 727433 563235 825803 353074 823147 204732
626348 238759 739067 615842 462560 695352 137278 190595 595065 839187 308009 808050 614012 556779 355127 343884 361672 759771 311318 387004 631484 481309 438096 713145 251492 87719 535905 816243 336508 144616 999999999 706922 873284 372181 496326 294688 435234 47348 710773 753806 15604 484274 696663 262799 778543 439409 237800 702278 643072 501649 664691 305960 677033 196226 124927 215031 457288 775226 358114 351435 163020 386558 204342 451414 451277 559715 597866 129061 331261 667390 472562 418754 344915 240667 380887 237366 152902 760253 827077 582231 129455 281638 620381 778656 178101 697258 668133 219125 490635 426558 521259 579377 738338 552994 651520 511848 711374 277171 742884 329643
345177 476206 132367 313358 270973 417673 593633 619745 345654 197772 988464 618048 117181 150551 534864 674334 669183 53178 680365 329730 204244 528353 808145 469565 824646 687486 173984 711838 953628 775978 706922 999999999 701415 498657 569157 434961 958749 744087 266938 469442 722499 804696 81280 838961 370081 914543 940842 589105 422986 208398 43750 575356 322991 897539 831335 535969 341918 713669 639608 1020392 568694 806756 507831 592955 297030 778313 109059 834963 787008 74939 797033 298933 747238 890848 781409 478765 558044 276625 620403 174603 754487 882328 416216 299612 566986 316351 257540 554014 476320 644897 213889 358523 226501 624959 65218 221858 311668 430786 80531 781736
376724 704666 581080 954999 595366 288424 866127 683366 973147 886941 975314 85952 751755 672714 519599 1094140 539941 721311 592980 758917 508558 1066103 572744 237699 1113651 792831 654663 79570 863188 1013597 873284 701415 999999999 509306 377418 649851 760515 873861 435198 231976 882378 524067 620247 1126916 343047 694880 1002668 173121 304358 653663 681954 993029 990313 1038650 947078 873837 514260 130045 530479 974110 726125 621088 729782 1099611 809665 422942 683861 970894 654190 753788 528083 754847 1141154 875061 1183276 702564 761961 972860 81027 572651 994604 1152554 322233 420698 875585 991777 928907 901758 396664 465936 592442 392260 482534 329981 657980 773098 389930 750715 638936 1150344
276741 204211 467355 591420 236121 330113 357868 191975 593001 684455 555671 438855 460839 369863 37004 595987 170538 547836 186811 327046 338325 611423 310870 342514 605155 300870 341804 461070 485397 507503 372181 498657 509306 999999999 148103 161717 464367 381905 385033 384321 383259 314457 449961 618645 426749 416725 546432 336258 275860 314737 456636 501604 645945 554510 465295 374720 157712 427080 140966 574331 217509 308536 224104 627326 402854 317394 407613 484195 293953 498611 305319 340713 636564 449055 678561 201323 252765 681644 457138 327429 487713 646179 253989 445967 370899 657631 603049 402037 118454 159007 286178 228415 427848 219242 433440 409374 371192 268849 496074 642783
264171 352199 504474 715487 339347 273487 501230 306062 721476 764878 621242 317467 558158 464885 147046 743294 179206 612181 227109 463042 377401 756419 274343 263170 739818 415421 438026 320802 525419 637842 496326 569157 377418 148103 999999999 308424 461331 496538 385696 306939 505131 251634 505022 752713 387669 401323 634571 209259 221513 418299 531511 649673 766055 662840 571358 522359 244149 282807 161483 629027 354820 299935 370681 774657 533969 209169 496249 594391 312480 586452 247195 471902 781805 516152 823637 349240 394668 787911 337730 395484 619414 776652 207309 431300 517022 775234 716950 549500 92887 111409 373511 226530 438477 72380 506040 527656 356066 415736 546165 785833
343084 61089 448329 451575 171885 422814 228412 186728 447646 596803 554695 572470 363988 286643 177649 444462 291839 487949 279376 178963 336908 449869 431277 450957 488554 256495 261260 610183 520888 404529 294688 434961 649851 161717 308424 999999999 544279 322960 417446 486967 309319 449231 411086 502950 492247 511168 515190 478301 375840 227264 391275 345315 509865 490844 412505 224088 167419 580596 266214 585549 138016 410466 94521 466247 259059 471229 328767 422477 376647 411872 438505 200293 492372 455922 534443 60792 143408 561907 588472 291417 382789 537242 352988 485860 229082 524398 475928 252030 254870 308711 232224 299366 443660 380332 373761 285311 421433 107320 458380 504935
716099 530771 931003 984085 688966 734807 551162 365601 973130 1136006 278125 733601 904830 820147 427377 778959 299294 1009380 278702 714994 801268 903069 192921 721109 646114 370345 792645 683034 148112 546507 435234 958749 760515 464367 461331 544279 999999999 394310 835045 764052 428792 236803 914029 651973 848691 65635 361178 632964 682550 761301 915728 734733 1044723 456907 393279 621602 621528 632102 327626 251606 447513 162410 514767 882179 794568 338067 860757 422718 171741 949190 233944 740849 773700 230311 805772 526845 486360 1105068 754809 790756 542335 647804 667097 887653 590622 1061367 1017202 635740 531114 351312 744862 671887 883408 460810 893856 829288 811409 609358 960355 750736
645075 270703 770568 662028 493601 709782 184252 192238 641712 881085 261667 811876 654126 593594 360821 385272 349527 797126 297032 428396 659267 528139 412128 724412 271530 81662 571742 813798 290362 164085 47348 744087 873861 381905 496538 322960 394310 999999999 734781 766024 35934 460801 730322 281168 797647 402702 197012 704795 656460 537291 701412 352221 723318 173435 89556 262022 480516 771050 349817 304463 186160 358214 237312 496869 494884 541969 635105 103005 302542 707075 449336 459954 380692 193714 414684 268793 186295 805387 831421 613503 154055 293118 634081 801924 225246 743393 713287 266472 499674 418204 553184 597373 764941 548905 687245 553593 732754 316872 776997 361392
121530 476947 148110 546189 267393 159199 637246 562858 570902 452870 938034 352992 333074 273443 420067 800760 536394 286741 566781 425141 101143 709544 656686 209390 895898 660397 266272 450985 870047 819733 710773 266938 435198 385033 385696 417446 835045 734781 999999999 203460 724936 637315 185663 910565 109472 779520 918181 338560 182756 282101 251808 694017 571763 906100 823742 607555 254273 458903 509124 958768 549159 673046 511400 760391 443997 583867 269564 836644 670883 324668 632636 406766 864711 832091 904510 477401 560838 541582 354185 176372 797749 948145 186378 68898 626441 569825 507518 633018 304583 487402 226331 163180 55847 420674 230032 385582 45693 476018 204850 888640
160220 547150 350395 731041 391268 67508 714814 576035 751635 656029 923471 149730 523550 449197 408941 918733 485112 490053 529746 559662 279490 863176 572552 43919 973540 685169 433926 251174 832032 882873 753806 469442 231976 384321 306939 486967 764052 766024 203460 999999999 765705 538659 388271 987713 122580 701655 926604 161829 111673 437991 450634 813475 763110 938821 849511 705891 327512 266718 464444 934061 593341 604801 577798 904296 599701 460483 456351 868482 619408 522835 537519 550120 974083 817159 1015726 546081 619503 741609 150961 347682 861983 1019544 134644 197676 715336 763432 700590 733488 268297 418111 376153 192025 252592 306211 427040 554844 158026 574934 407887 990182
639550 253826 754245 630245 477640 707710 151264 199073 609147 854657 293966 817970 629597 572338 365193 350273 366684 775355 315540 402541 646195 492470 438428 724818 247686 92468 551416 824496 326292 140018 15604 722499 882378 383259 505131 309319 428792 35934 724936 765705 999999999 485586 712037 258418 791861 435173 222384 711822 655188 517145 680251 316357 691369 181532 109338 228888 471234 782976 364307 337923 176488 385906 219491 460937 466550 563116 613442 113795 330380 682985 473955 434300 348091 229449 383105 252368 168019 775110 837135 597364 126756 274983 632554 792712 191757 711683 682991 231989 501675 432838 536450 592419 752903 560651 667033 527348 725092 292774 758296 330837
515797 463152 752240 898812 549905 517757 554151 326265 896592 995436 470171 497510 774914 683216 282766 806108 157931 851148 186766 627658 623176 878900 54956 497137 732173 397876 655212 447134 347278 624446 484274 804696 524067 314457 251634 449231 236803 460801 637315 538659 485586 999999999 747118 741968 633744 171248 521737 399029 469120 629015 764303 734241 955462 588751 503572 605650 464307 396365 183110 460116 411332 112749 462838 877249 706993 104132 719727 532702 164098 811032 11933 646280 822849 382512 861292 459146 458036 995688 518652 630317 612334 751892 457156 681923 585197 968393 915570 627758 337375 159825 596646 477068 689839 232458 739897 721624 607228 543472 790464 812476
268572 459629 61935 379157 239633 337450 593994 589682 408557 273281 964926 537075 167601 152437 486861 703937 619081 109466 635536 339266 130169 575970 754738 389255 837338 667467 165296 631744 920169 779248 696663 81280 620247 449961 505022 411086 914029 730322 185663 388271 712037 747118 999999999 851907 289617 866399 925196 510856 345478 197664 74110 600859 395969 891035 819184 544380 292501 634854 589652 993802 548560 758051 493177 636222 325413 713720 123118 825698 742862 144353 740160 311487 774555 864024 810968 461615 544533 356895 539226 124204 757333 893795 340271 221089 572011 391402 330594 565354 412996 588120 179116 286717 146941 556769 62537 253203 230419 427059 47544 805815
845877 441945 904590 648372 644733 924892 275024 450545 616617 923372 429393 1057458 728115 700166 607548 225337 624468 887954 573832 512903 818874 430965 693036 949746 14701 350265 687123 1073514 520697 118414 262799 838961 1126916 618645 752713 502950 651973 281168 910565 987713 258418 741968 851907 999999999 993486 672365 324541 954308 876063 656658 802040 281060 702080 213904 258709 308159 669486 1034186 620486 478696 401150 638387 410154 368775 545164 821490 735552 229513 582772 781774 730495 541928 169097 424275 180659 442623 369056 804293 1075546 755867 134150 45555 853091 979429 284655 724647 717808 286569 735304 688777 695209 802252 927011 812665 796254 619249 920449 435401 893468 126316
152578 553211 242362 655619 360241 116155 718524 615491 680355 546777 981283 266835 442288 381923 457896 897469 556951 382881 595168 524569 207618 815549 661505 148734 978938 719638 373129 371825 901246 896684 778543 370081 343047 426749 387669 492247 848691 797647 109472 122580 791861 633744 289617 993486 999999999 788986 972142 281199 166175 386142 358968 790704 680451 970853 884907 696428 324829 389264 532520 997187 615523 686709 586647 864297 549465 565122 379035 900571 693366 431740 631023 508679 958905 874445 999452 553039 633570 646475 263548 282861 874998 1029033 182267 77669 711979 677968 615916 722873 324480 497486 327432 200571 144047 404168 338202 493546 77285 563671 300549 980299
659556 504405 880464 957873 646873 674375 544459 341563 949182 1095899 327213 668368 866532 779575 380061 782141 247624 964297 235832 686217 750399 892864 129192 659000 665252 365764 751766 617430 196685 561867 439409 914543 694880 416725 401323 511168 65635 402702 779520 701655 435173 171248 866399 672365 788986 999999999 400251 568326 622836 721487 872007 729651 1017758 487897 415861 610773 574434 566508 276878 306682 427411 108387 492184 877154 766474 272511 819390 445891 134968 909000 168686 710456 783172 262374 817362 500376 469476 1073034 689555 744153 555204 672439 608136 830297 582243 1033492 986831 627340 474957 292960 700972 616424 829044 397188 849395 796243 754250 584838 912143 763678
820385 466014 963479 848315 686955 875905 370240 356872 825202 1076958 105031 950921 850946 790306 518338 510384 462774 993921 410145 624571 848377 687394 466931 883435 323589 259588 768107 934690 215104 252456 237800 940842 1002668 546432 634571 515190 361178 197012 918181 926604 222384 521737 925196 324541 972142 400251 999999999 842410 821179 733608 898039 510378 908890 110723 114468 446167 665059 887541 474300 154167 377177 408996 433339 642874 688800 620265 831917 124327 361031 904005 512376 656255 478688 140411 500389 463836 382805 995636 971546 806607 261112 307067 799814 983737 408738 929735 903586 444313 658584 536829 747062 771979 951999 672799 883459 749559 911876 513689 972145 443675
244747 532202 485085 811544 439173 179846 693039 513234 826131 784082 823458 108514 619185 532992 347592 922759 381533 618731 432753 596930 385819 903472 440180 133712 940965 623366 511570 136880 719172 841581 702278 589105 173121 336258 209259 478301 632964 704795 338560 161829 711822 399029 510856 954308 281199 568326 842410 999999999 166445 505026 562114 822693 852279 872024 780573 701940 351553 125384 368115 827078 553312 480986 556864 933426 653492 310321 551100 803394 505996 630373 400040 595928 968651 720144 1010771 530017 588854 848097 129201 438279 822364 980530 176644 351268 702903 856338 794049 729821 224058 308090 446128 244459 393290 175679 536600 624736 294469 580755 539426 977372
78326 435788 323967 652508 292590 55071 603376 467816 669524 618729 823238 218852 454800 371197 302889 810840 392345 454092 432749 458948 219394 765269 495548 75987 861900 576042 351655 295595 738233 771302 643072 422986 304358 275860 221513 375840 682550 656460 182756 111673 655188 469120 345478 876063 166175 622836 821179 166445 999999999 349379 395674 706331 690451 829610 740937 596094 219697 291639 368903 836676 482074 520658 466222 802691 505971 406113 386561 759185 528599 464207 465955 452552 864704 716472 906489 434656 507841 682392 229400 273768 750374 907882 22973 214760 604575 693445 630831 623816 163769 331434 288374 88550 238595 242999 370185 468978 143870 466103 376256 879864
279254 268102 247952 307153 79891 371932 396330 413276 321187 374747 780068 567954 146230 59574 348230 523326 482253 261557 485661 148094 181048 429823 624330 418620 642020 479167 34531 640592 747612 581650 501649 208398 653663 314737 418299 227264 761301 537291 282101 437991 517145 629015 197664 656658 386142 721487 733608 505026 349379 999999999 164984 417357 351842 694761 625316 348528 174178 627862 453103 812221 360311 615526 300272 478489 163747 620828 101551 630410 590215 187889 620015 125731 590423 682792 628892 270570 350998 370407 577287 107025 559716 697855 332660 346369 374945 359004 299299 370717 329578 471327 61857 262491 281604 484917 149973 119886 309212 229475 242412 618216
317368 432997 135172 305047 227480 395210 553169 575996 334592 233372 944973 597482 94592 107913 492650 643236 627166 96691 637501 290652 176502 506237 766678 447071 787635 644150 130499 688053 909891 736394 664691 43750 681954 456636 531511 391275 915728 701412 251808 450634 680251 764303 74110 802040 358968 872007 898039 562114 395674 164984 999999999 542406 322951 856042 788922 497321 300579 687273 597598 976750 525283 764372 464847 568404 264167 740463 67545 792972 743993 72869 756448 260491 715287 847181 750429 435509 515244 290976 601186 136032 714782 845007 387117 293350 527539 319322 257809 516215 438631 604481 171052 326265 218737 589159 25985 189574 294714 389196 97458 748549
657137 297523 658442 367888 430560 746457 185294 408206 337180 643842 600440 913521 460204 449252 507713 106810 583796 621262 547485 269802 594909 177719 698692 782290 268388 364885 442458 955411 642432 267163 305960 575356 993029 501604 649673 345315 734733 352221 694017 813475 316357 734241 600859 281060 790704 729651 510378 822693 706331 417357 542406 999999999 423035 420416 401652 130378 486675 925722 567041 647521 323362 656940 282668 147599 278470 784434 479079 386196 605882 512223 722377 292485 173793 545741 211544 300574 276562 523670 928370 523646 252782 326599 684376 760830 149645 445439 436751 106527 600016 626188 468041 621465 698697 720105 541028 353578 713848 242348 638034 206381
614504 514138 454013 61583 427879 702135 540222 679139 85922 264409 984950 904514 239750 319448 674028 488724 799925 338065 789057 331851 483688 289013 940770 752624 690091 698492 340956 985698 992963 683883 677033 322991 990313 645945 766055 509865 1044723 723318 571763 763110 691369 955462 395969 702080 680451 1017758 908890 852279 690451 351842 322951 423035 999999999 832540 794763 463106 523852 976607 772877 1027260 599139 919730 530783 361897 251434 961939 306808 786557 882799 251736 945251 309864 562363 907753 584383 518105 565556 108354 910906 417774 666561 747548 676575 616300 500539 22663 65517 465052 679921 804792 407163 607823 541676 834645 342351 238486 612320 435625 403274 606249
818307 434803 934626 773313 658490 883080 307177 363314 747369 1018614 215720 979888 799610 748371 531917 407973 503621 949960 449803 571614 827694 594463 535377 896940 213368 253656 728703 975394 316345 153964 196226 897539 1038650 554510 662840 490844 456907 173435 906100 938821 181532 588751 891035 213904 970853 487897 110723 872024 829610 694761 856042 420416 832540 999999999 91572 376950 652106 930671 509098 264881 357023 477536 400257 544878 627797 681102 788737 70458 424664 853656 578323 603426 371074 226960 390954 433497 348936 924801 999809 777989 167767 197232 807299 973678 340699 854110 833492 369417 671716 575958 716835 770696 934433 710266 844105 694024 905317 466848 936838 334448
732351 359731 859932 734081 582972 794767 255772 273490 711328 963647 198998 888507 738934 681019 441652 412952 412622 884261 358841 511791 748798 579335 451200 807344 253180 165389 659687 883942 265047 159519 124927 831335 947078 465295 571358 412505 393279 89556 823742 849511 109338 503572 819184 258709 884907 415861 114468 780573 740937 625316 788922 401652 794763 91572 999999999 331839 569478 839381 417634 246868 275620 394011 326007 538997 574789 593356 722281 30085 339803 792315 492806 543571 391904 166656 419562 357928 274695 881169 908477 702873 161653 256587 718800 890667 294396 815521 789119 330696 581852 484666 642427 684406 854356 618772 775283 636474 820957 402057 865721 363165
554560 170897 596477 402283 340219 640063 77772 280667 380348 642596 522854 796502 429939 393353 378760 221518 453915 586566 418957 206697 513163 282138 571789 671872 293510 252870 379290 832559 543744 241428 215031 535969 873837 374720 522359 224088 621602 262022 607555 705891 228888 605650 544380 308159 696428 610773 446167 701940 596094 348528 497321 130378 463106 376950 331839 999999999 379032 800972 436764 566443 194318 532366 152930 271770 252205 654127 430142 325133 483055 484245 593835 237051 268847 452108 310806 173560 147675 550074 812353 448282 220574 349465 573537 676092 37447 483737 458215 27946 478031 495855 388098 514847 620761 592019 489942 321812 621265 132804 586725 284866
