NAME : synthetic_000954
TYPE : CTSP-D
DIMENSION : 100
GROUPS : 8
RELAXATION_LEVEL : 1
EDGE_WEIGHT_TYPE : EXPLICIT
EDGE_WEIGHT_FORMAT : FULL_MATRIX
EDGE_WEIGHT_SECTION
999999999 519534 663828 588851 289389 346013 384001 504682 238511 708300 244793 405500 139679 620047 632901 455539 682472 682432 468736 516654 442399 481373 600028 77114 408282 234980 542916 436111 141497 720508 38848 459113 518539 551380 166124 808951 242410 697045 691514 661716 490217 546105 673899 341159 518653 267913 249690 925960 74382 204557 168579 815432 418642 674580 702992 380764 372694 641338 49175 556334 245457 361677 444787 710941 177793 364779 537171 679959 685083 455713 638505 554492 271528 144665 489218 759410 515932 307149 208892 535951 496440 576344 141651 727551 136072 508400 315809 610078 490546 309616 191177 284267 468761 358297 136483 597101 465636 338222 698387 418269
519534 999999999 157736 1030764 799094 227165 159044 972048 510384 512673 638499 724072 591943 1038943 353533 402276 167019 773892 635171 205856 422891 364408 346948 480128 844809 598386 195969 930761 612552 625161 501730 152227 624825 919479 565717 719873 652678 856665 183804 211194 892056 48659 643894 724635 98743 589538 651018 816781 464577 326254 683636 878883 162389 487249 520635 171509 836654 379575 470422 911805 757463 199111 374319 985927 564972 795903 377425 1083180 1056517 344222 991343 898064 787059 535207 453914 539683 910945 545732 367603 261926 330970 919495 404716 1134238 634867 539883 781263 109170 546300 294481 660484 493291 786799 399335 561340 639674 819658 560422 596814 544464
663828 157736 999999999 1138280 934327 337731 316777 1088931 668118 471689 795606 813851 720688 1139288 312235 445493 36666 797746 696095 224896 471552 396373 322026 631006 956483 755783 197039 1057842 765242 605156 642095 227147 670343 1009813 721502 690911 768684 893582 27686 105016 992613 162000 644033 829577 152928 693804 808036 772378 603047 478876 823055 885543 316591 454650 483710 329142 956075 339244 614749 999103 894347 313698 420965 1047562 721232 952967 386362 1177621 1142477 386626 1074440 982859 925487 659705 488239 484092 1008891 638288 524197 265220 355613 1003117 538481 1228372 770275 576929 902939 147901 589679 399882 788187 589050 871647 475553 688293 663912 911444 646667 578597 608721
588851 1030764 1138280 999999999 347180 806584 935657 104392 802352 925076 728262 342572 462233 65784 955335 735563 1167527 620669 515275 927231 707411 787913 921270 664395 187700 750047 958328 213448 623946 838213 580658 911326 579729 186820 698996 874762 380517 537325 1163864 1091512 154275 1070469 754206 308703 986679 444550 722440 963462 602768 775126 447088 707282 979360 901956 910901 937668 216763 946305 624014 210451 383597 833596 749743 370111 711702 723228 830657 127995 189764 781906 212377 233667 382888 504643 720942 973105 149084 503609 796041 911024 826425 230553 642030 158070 454248 659040 273060 1136931 634624 740808 399211 550120 308371 671300 485074 656932 252342 501826 834729 571985
289389 799094 934327 347180 999999999 600036 671795 246507 467103 871296 381766 356867 218191 397002 840671 628450 956690 705415 513335 757875 605634 670752 805408 354111 216699 405829 787417 154187 283028 836690 298945 715480 581920 393156 360496 906258 223048 672430 961808 916108 313364 829634 767628 262218 783467 320669 375543 1016574 334627 493700 121537 828361 707800 840453 861449 669354 153243 841574 335646 409343 44425 621729 629600 598731 372566 385750 724934 463656 496517 652629 474766 419607 36512 283226 640613 923923 339118 396880 493527 762354 698840 435845 396107 502918 164372 618949 129228 894840 594742 546214 158130 414955 389240 535967 252053 671836 351011 416939 821968 514029
346013 227165 337731 806584 600036 999999999 196103 752625 435034 426849 532278 497093 384108 812714 308856 222701 363833 584808 420400 172074 233166 209399 281395 335061 622146 500440 197111 720224 469378 495676 317664 115638 422134 692332 447488 594051 432116 653959 364697 318037 665701 271135 487450 499034 184988 363376 542650 705199 277073 213236 493514 703085 243728 394018 427702 208631 618905 324376 299373 684835 561566 28307 196114 766042 451786 682178 251724 856170 829550 180342 764770 671390 593886 322208 276849 470656 684186 318841 282265 201031 198722 692955 208777 907225 437312 350349 565342 335939 349872 67329 451024 266221 560338 183768 351262 456494 592501 334709 467925 330269
384001 159044 316777 935657 671795 196103 999999999 866255 351341 593754 480327 658519 478862 952365 449658 417274 324269 780559 608523 289685 429106 397001 432021 333788 747962 439796 296386 812536 461516 681386 373490 210859 616102 847258 409813 779627 555653 846567 342758 358532 808077 169749 680416 639824 214751 511520 492970 886838 341224 180670 552214 899138 49183 563425 597871 15821 729961 471928 336371 843387 628479 174065 389904 945192 408270 637699 429975 1002894 986602 369645 926042 832962 655477 431037 471711 630605 829735 486157 211089 341341 376718 855232 293704 1053530 510464 546441 672759 229222 545518 250177 546701 433587 724956 376213 452189 652589 748337 507989 653068 520207
504682 972048 1088931 104392 246507 752625 866255 999999999 708489 918415 628269 331593 387586 164186 930873 709194 1116289 650068 512830 886074 681882 759786 895948 578215 137976 651802 917122 109403 527179 845876 501069 862085 581520 232876 603491 893116 320509 580525 1115295 1050430 166273 1009259 764720 271152 936146 400262 621940 989662 527324 698802 353306 750270 907920 892602 905319 866912 136329 924683 543524 256461 285304 778518 719871 439658 615958 619006 806796 230234 282365 750071 287310 276831 281446 437899 702164 968537 177943 468394 713481 875779 795994 281931 573570 262453 368632 650598 193558 1075800 625438 689060 320687 509155 317605 634875 414386 665369 260173 472975 838910 554856
238511 510384 668118 802352 467103 435034 351341 708489 999999999 855172 138771 643777 377025 841268 743586 617801 674564 901990 691418 596276 613422 626691 716402 167454 632232 95561 613900 621145 185493 898629 267515 520789 732571 785764 107465 993453 479970 927525 694029 702551 720321 516163 866527 578459 553196 502492 151986 1109740 277225 221800 355536 1034269 358741 821469 853770 339285 586935 759394 232657 792139 424851 435228 598886 949452 96560 291820 677451 904197 916318 597479 873298 791412 436758 379130 662913 901849 746679 530236 154694 634312 627417 813017 308168 949604 355104 703644 533705 566867 690282 435065 419410 496206 707272 531283 374699 802370 702979 561225 873336 627929
708300 512673 471689 925076 871296 426849 593754 918415 855172 999999999 934624 587686 670010 899856 162207 253472 507305 391302 409814 310931 270581 230172 166079 728001 782992 908995 316714 936408 848567 144870 670766 384976 347084 751398 848000 219921 650612 503724 479764 368426 771733 556275 213053 653874 414058 552101 943115 304982 634493 635750 802567 440855 630924 33971 16621 609194 814553 135025 673478 732217 846779 435400 263877 700756 855046 1071632 177723 914284 855255 258589 785263 710175 881408 608651 230936 52692 776470 475297 706354 255308 228699 724025 572878 959602 739385 267857 780130 589495 292981 420538 715812 458501 617089 351618 638839 284539 672754 458985 124736 366543
244793 638499 795606 728262 381766 532278 480327 628269 138771 934624 999999999 629310 360170 774780 838991 686430 804579 925992 712104 701371 676862 704537 809059 206816 575116 43220 722291 530694 118004 959611 282980 630295 763246 742360 86633 1050241 457021 934717 822158 821483 669534 648284 916760 550107 671567 505668 13218 1167348 310025 326674 290848 1058911 492782 900654 931114 469609 520926 851826 266100 752645 344905 538079 671728 925419 80608 157406 758540 840402 863579 676631 829376 755956 347145 385856 725256 983949 696364 551242 271737 733151 712249 776174 363553 882195 314708 751234 474325 701591 734199 517524 381081 528814 686758 592325 370418 841704 671243 582158 936333 662953
405500 724072 813851 342572 356867 497093 658519 331593 643777 587686 629310 999999999 270837 329967 613024 394383 845461 349813 181601 595271 366055 447202 579170 477814 200029 631375 626051 365787 511435 516233 377295 590289 251158 196276 564598 570364 172712 319265 838108 757884 188500 768119 437217 94724 666166 151684 629780 673952 377346 531408 360046 471510 706482 562784 574291 664496 245237 603737 416494 187743 355603 525322 410242 306835 577337 698957 488412 363880 332458 443372 268469 175006 383323 267432 378382 637357 199300 178359 576231 573809 486656 197041 384375 414545 317382 319907 232403 833009 294938 429791 254320 230897 67468 338851 269090 337671 97720 167199 508053 229417
139679 591943 720688 462233 218191 384108 478862 387586 377025 670010 360170 270837 999999999 487680 626155 420243 744688 575245 363322 539712 399963 458762 591145 216093 276645 360600 569330 338853 243145 654938 121023 499013 422824 412039 293800 734998 102955 575524 747955 698569 353071 626282 596111 201596 568665 150736 361580 850140 140627 312977 132747 707031 520346 637787 661741 479335 251463 628703 164591 416683 183857 407047 418118 573590 306580 447166 514063 545319 546762 438678 499002 414869 218176 65393 439940 722617 378293 212588 336831 544721 484289 436686 187994 593959 69886 435364 194029 692541 413547 328382 68616 212868 331762 324315 33915 508715 326124 240465 636485 334008
620047 1038943 1139288 65784 397002 812714 952365 164186 841268 899856 774780 329967 487680 999999999 940781 723921 1169748 577710 492015 923697 695533 776895 907468 696676 211810 794188 954639 273287 666897 805301 608167 913410 552817 149038 740148 835770 397779 488120 1164227 1087052 147057 1080309 720316 314655 989224 449434 769701 919963 626749 798285 488428 656809 997455 878476 885132 955425 255172 930026 651800 170137 430254 840314 740198 310447 753056 778423 816578 67033 124094 773325 153313 193312 433329 523530 704685 946386 130964 501121 824278 903673 816560 185027 660240 108341 488346 637158 307639 1146443 613503 745959 428879 550472 284860 666866 507177 625145 233655 495279 803809 556679
632901 353533 312235 955335 840671 308856 449658 930873 743586 162207 838991 613024 626155 940781 999999999 221688 348420 504687 455004 160037 249092 172359 35429 636903 792898 808498 159037 929822 766975 293173 598498 238992 408752 797292 753235 379300 632127 609689 322666 211669 801502 395735 338553 659744 255766 537492 848882 466960 558917 521859 753988 579288 482311 142513 172732 465432 812390 27284 591379 781467 809640 309237 213408 787583 758385 985526 124694 965913 916504 188056 846039 761507 844162 561085 236439 186227 811429 464093 589923 110762 141917 778701 491496 1014388 691799 313656 769291 427333 333938 324843 682583 430859 656934 305434 592660 377017 707304 457922 267064 384191
455539 402276 445493 735563 628450 222701 417274 709194 617801 253472 686430 394383 420243 723921 221688 999999999 480561 372323 252180 220829 28419 53210 186782 479714 571218 663384 248657 709891 596370 282066 417716 250093 226217 583603 600094 378922 413948 455525 466211 372910 582342 450919 265087 438058 316960 317567 694277 493694 382169 406501 552004 483825 463420 220126 247533 430509 591446 216949 422471 569522 600643 243213 28273 602206 607965 819730 98416 752993 708985 59620 639257 550910 635375 357334 54482 305341 593604 242966 477087 185665 94248 569579 322950 802500 488829 137621 549777 506051 145864 188743 470804 213853 442782 98175 388122 239308 490350 236282 255980 169597
682472 167019 36666 1167527 956690 363833 324269 1116289 674564 507305 804579 845461 744688 1169748 348420 480561 999999999 834217 730540 259750 506347 431914 358624 646231 984769 764030 232546 1082727 779293 641467 662274 256408 705815 1041606 732629 726750 795812 929691 33278 139406 1022898 160318 680691 858915 180849 722986 817195 807113 623823 492810 843847 922206 318488 490733 519517 335472 982738 375355 633301 1031278 916117 338711 455689 1082350 731726 961963 422794 1208998 1174948 421471 1107196 1015326 946744 684669 523961 518614 1039600 669138 534299 301372 391350 1035745 560585 1259830 792384 612705 929017 131336 625138 427545 812587 619282 903972 507843 712703 700294 942927 678386 614990 642697
682432 773892 797746 620669 705415 584808 780559 650068 901990 391302 925992 349813 575245 577710 504687 372323 834217 999999999 213890 581369 354634 410584 483402 738463 537162 917111 604413 707045 813448 258606 645615 621711 171510 433869 848289 262116 499678 113765 814200 708300 484424 822546 178536 443655 684959 424560 929585 342807 626699 725539 691146 133003 828522 385001 374683 792386 591004 482337 672325 410444 700154 608940 400550 321264 859544 1022244 411445 572983 502236 429677 437481 387117 729914 540247 319978 423401 477770 375351 789605 533592 447627 392778 596795 611115 637628 235835 582216 875607 235049 533455 584195 405796 336144 406813 558136 134840 391473 344227 269520 276734
468736 635171 696095 515275 513335 420400 608523 512830 691418 409814 712104 181601 363322 492015 455004 252180 730540 213890 999999999 471256 225030 304221 423556 526390 381304 703575 500035 544436 599749 335139 432192 487347 70454 345093 634725 394677 296161 243379 717577 624928 362007 682750 258208 261938 560014 212801 715707 503334 414792 526867 484038 346819 657659 386986 395744 618263 422359 441645 460206 327810 501719 447631 275304 352515 646094 810415 333789 512173 461562 309805 391157 307154 533627 326370 219868 458245 366830 162037 587047 437736 345831 323823 390324 559981 427815 145225 399813 743094 122146 358992 378724 197581 207695 237389 344790 159713 262942 130844 326458 90781
516654 205856 224896 927231 757875 172074 289685 886074 596276 310931 701371 595271 539712 923697 160037 220829 259750 581369 471256 999999999 246668 173161 145279 506882 750363 667828 31118 866849 641439 419311 486579 79564 446460 790120 617598 514183 569971 672611 246494 164515 778108 252443 440898 619793 108245 486115 712140 612892 445882 376822 657547 679040 322653 283550 317514 305474 757414 183061 470792 778316 721820 163293 196069 822691 621233 853009 174165 958906 920733 161753 852069 761305 755190 475027 265606 343340 792781 423730 441590 56349 133938 781127 376929 1009334 598655 354355 707676 297390 365805 212599 603418 377926 650667 256832 505910 446570 692970 428548 390978 384392
442399 422891 471552 707411 605634 233166 429106 681882 613422 270581 676862 366055 399963 695533 249092 28419 506347 354634 225030 246668 999999999 81604 214404 470681 543918 655307 275094 684147 583735 285308 404123 271187 202668 555199 590905 380285 389322 433796 492689 400594 554094 471428 259699 410819 340117 292224 684289 496332 369926 406278 532295 470073 476154 237967 263275 441794 565159 243306 411555 541168 578850 255681 50704 576025 599240 807138 124978 724593 680802 84931 611139 522614 613572 338112 49510 323017 565249 216865 476256 213390 122419 541352 313564 774121 469089 118801 524339 527962 123413 191822 448471 190686 414382 84587 368443 223796 461949 208910 260561 141349
481373 364408 396373 787913 670752 209399 397001 759786 626691 230172 704537 447202 458762 776895 172359 53210 431914 410584 304221 173161 81604 999999999 136999 498028 621852 678854 199377 757470 620453 286389 444660 212989 273975 636803 617906 384813 459974 499558 416243 320752 634937 412961 285169 488675 274415 365136 713123 495896 407109 409487 588941 515036 440920 196209 227489 411175 640145 170883 444658 622728 641161 225005 41271 652639 624888 842954 56120 806196 762058 29614 692266 604083 675830 394476 92459 279579 646477 292086 480421 133732 41632 622697 343731 855709 526070 181195 596961 465025 193326 191659 512656 258753 495985 134851 425809 275882 543377 287446 258549 222759
600028 346948 322026 921270 805408 281395 432021 895948 716402 166079 809059 579170 591145 907468 35429 186782 358624 483402 423556 145279 214404 136999 999999999 605924 757973 779314 151046 894436 735021 285295 565249 221467 379690 764606 723032 375979 596701 586064 335068 226078 767583 391243 322596 624799 248233 502134 818748 469864 525890 494617 719312 564165 467119 140528 173691 447675 777104 43007 559135 749116 774538 284041 178003 759812 728486 954410 90891 933471 885096 152780 814712 729397 809083 526142 204075 198699 777849 428881 563473 90772 106862 746882 458875 982179 657014 284028 733891 427771 303357 293177 647304 395433 624053 270036 557702 353207 673881 423064 257957 350791
77114 480128 631006 664395 354111 335061 333788 578215 167454 728001 206816 477814 216093 696676 636903 479714 646231 738463 526390 506882 470681 498028 605924 999999999 485001 185259 530441 504813 135920 754465 100568 441400 570749 628102 120380 846348 318299 760641 658516 640567 567330 501346 714820 417028 492941 335077 215114 963381 111765 154333 232783 871208 362827 694034 724355 328101 447827 648392 66186 632683 309687 345223 464925 784248 128592 348631 552356 756891 762132 470354 715094 630355 331821 211881 519371 777565 593030 364568 139535 533730 506993 652322 157117 804324 210285 549820 391398 562868 534311 312988 267956 333780 542234 386285 209412 644476 541310 395705 730720 467354
408282 844809 956483 187700 216699 622146 747962 137976 632232 782992 575116 200029 276645 211810 792898 571218 984769 537162 381304 750363 543918 621852 757973 485001 999999999 590736 781460 169898 462826 716225 396665 729346 451136 176458 533450 769159 193026 482717 982518 914858 97135 883831 637096 133186 804107 264280 571396 870348 416604 588758 284597 648182 791765 756538 770234 750031 64876 786786 440271 193067 238592 648734 582009 383992 546501 600426 668844 272401 288462 612393 259208 204859 252025 316967 564693 833603 123484 330724 612752 738686 658216 219848 454360 319329 277698 515562 100805 950352 490305 557259 217104 372671 201452 497701 297980 537515 149968 335008 707668 418036
234980 598386 755783 750047 405829 500440 439796 651802 95561 908995 43220 631375 360600 794188 808498 663384 764030 917111 703575 667828 655307 678854 779314 185259 590736 999999999 687847 557348 127912 939551 271510 595355 751850 754168 68862 1031607 460608 931056 782164 784145 683482 607056 899855 556167 634218 501364 56430 1148635 293987 291463 306475 1050110 450927 875044 906106 428712 539234 822224 248706 763225 366720 504718 647396 931537 57755 198410 732061 859086 878733 650478 841605 765249 372455 379143 704199 957610 710256 541761 233114 701463 684556 785977 341957 902139 322234 734671 490112 659640 718683 489738 388907 515645 691014 571101 366952 827916 679024 572901 915622 649834
542916 195969 197039 958328 787417 197111 296386 917122 613900 316714 722291 626051 569330 954639 159037 248657 232546 604413 500035 31118 275094 199377 151046 530441 781460 687847 999999999 897419 665578 432519 513622 93124 473322 820723 639314 525621 600788 697710 217603 133405 809120 240324 459138 650911 97366 517204 733299 620908 472926 396396 686039 698842 325553 291501 324728 312196 788305 184330 496479 808759 751012 185343 224740 850860 642496 875078 194147 989594 950965 190230 882166 791610 784238 504825 291446 345079 823710 454806 459322 71585 158883 811333 404093 1039979 627586 380215 738398 280002 392653 241503 633416 409042 681112 287786 535581 469852 723733 459434 404479 413853
436111 930761 1057842 213448 154187 720224 812536 109403 621145 936408 530694 365787 338853 273287 929822 709891 1082727 707045 544436 866849 684147 757470 894436 504813 169898 557348 897419 999999999 436577 879264 439784 833665 614839 319703 514310 936142 298823 650544 1084898 1029348 242304 964521 802178 284230 905212 392441 523407 1038993 471472 637952 272618 817275 851081 908167 924597 811406 122492 926802 479683 341374 197546 744277 716443 531695 526238 511643 808295 339586 388859 743805 386110 358542 185164 398155 711259 988046 261744 467314 643484 863490 790429 368305 526326 371260 302753 671763 160687 1030583 646523 660667 270434 499432 371287 626115 370143 702844 318445 478876 868981 569956
141497 612552 765242 623946 283028 469378 461516 527179 185493 848567 118004 511435 243145 666897 766975 596370 779293 813448 599749 641439 583735 620453 735021 135920 462826 127912 665578 436577 999999999 861807 180164 577108 653650 626957 78056 949658 339047 818514 792645 776482 555703 630878 813882 432263 628696 390664 118517 1066573 214206 286542 178711 946095 485141 814755 843611 454026 411783 776977 176212 636511 241993 480611 584750 807685 89685 223422 675907 731541 750847 594055 714280 639188 251687 273822 630693 899345 582493 440580 253814 666142 633327 659649 277183 774989 196959 648591 362220 690334 630072 442135 263504 422894 568763 499489 255654 734713 553866 471069 839822 555915
720508 625161 605156 838213 836690 495676 681386 845876 898629 144870 959611 516233 654938 805301 293173 282066 641467 258606 335139 419311 285308 286389 285295 754465 716225 939551 432519 879264 861807 999999999 681714 483510 265090 656477 874256 98442 613875 372368 615798 504621 688993 671537 85610 595683 527201 518059 966488 211628 650327 688528 786284 296099 723551 152112 129193 695961 756962 266524 693542 635234 818711 511122 304105 577461 883024 1084245 252585 811529 746609 315336 678305 612225 852410 600303 235908 166921 689438 444834 759151 363442 305022 623103 597607 853877 724565 219884 731124 712026 242902 470263 689051 444503 531858 368694 627499 181421 589520 421100 28527 323859
38848 501730 642095 580658 298945 317664 373490 501069 267515 670766 282980 377295 121023 608167 598498 417716 662274 645615 432192 486579 404123 444660 565249 100568 396665 271510 513622 439784 180164 681714 999999999 432189 480801 531511 202728 770104 220584 662818 669757 635089 474031 530974 635107 318859 494516 235231 288165 887115 40701 198623 181914 778611 411300 637112 665238 371810 366561 606206 43639 535023 256338 335184 407574 683846 213932 403264 500596 666268 667223 419449 617962 531813 285347 111667 450724 722056 499136 270279 216112 503473 460891 553936 109661 714763 137125 469594 308981 595979 451835 277025 181591 245844 441946 320206 109603 558732 442607 301438 659660 379976
459113 152227 227147 911326 715480 115638 210859 862085 520789 384976 630295 590289 499013 913410 238992 250093 256408 621711 487347 79564 271187 212989 221467 441400 729346 595355 93124 833665 577108 483510 432189 999999999 473600 786563 547989 580392 542116 704940 253247 202901 766521 200885 495458 602650 75921 466787 641462 683186 391768 303921 609059 728005 245990 355826 390190 226592 729782 261071 411496 776958 677174 97468 222206 839503 550801 783888 231597 953307 921158 192037 854225 761696 709523 436337 301740 420166 783387 413175 366239 130696 181886 782510 323951 1004217 552935 387712 677302 256956 394564 173436 565412 362943 650153 255514 465903 487611 687485 423662 454984 397153
518539 624825 670343 579729 581920 422134 616102 581520 732571 347084 763246 251158 422824 552817 408752 226217 705815 171510 70454 446460 202668 273975 379690 570749 451136 751850 473322 614839 653650 265090 480801 473600 999999999 404318 683283 324846 362605 232629 690089 591868 427740 673219 187805 332342 542690 274280 767667 434826 459167 554102 547404 302128 664704 326710 332315 627190 492802 392586 504877 385311 568819 447757 252788 381040 694111 868340 293327 568193 512322 285833 441833 363485 601220 380048 182757 393807 430714 213192 618118 406662 314982 378092 426103 614465 489372 95921 469907 730508 80677 366664 443623 236979 271373 239963 401434 89950 328141 183236 257411 105362
551380 919479 1009813 186820 393156 692332 847258 232876 785764 751398 742360 196276 412039 149038 797292 583603 1041606 433869 345093 790120 555199 636803 764606 628102 176458 754168 820723 319703 626957 656477 531511 786563 404318 999999999 692985 689119 311000 352625 1033885 951742 80718 962996 571639 213925 862436 335776 739715 776673 541822 707460 452176 522948 894315 730528 736558 852130 240567 785434 574281 24162 413653 720473 601673 212319 706118 776129 673829 169416 139433 635494 87625 46919 428418 432134 560854 797604 58016 374224 743578 766282 677274 49183 562798 219350 433044 490292 272524 1028229 467101 625005 367077 426246 140834 534420 423203 476139 99874 363220 654787 414572
166124 565717 721502 698996 360496 447488 409813 603491 107465 848000 86633 564598 293800 740148 753235 600094 732629 848289 634725 617598 590905 617906 723032 120380 533450 68862 639314 514310 78056 874256 202728 547989 683283 692985 999999999 965532 394907 862491 748468 742074 624276 579376 832935 491534 592475 432854 95733 1082620 226296 246132 252070 981290 427853 814029 844526 400528 485067 765738 181461 701091 318825 454420 585183 866350 13133 235907 671918 804072 820145 590002 780585 702200 329603 310390 639474 897318 650923 472938 198724 648043 625751 723244 277393 848432 259946 667561 433577 635882 651165 431104 326206 447344 625140 506438 298797 759886 615147 504070 850724 581581
808951 719873 690911 874762 906258 594051 779627 893116 993453 219921 1050241 570364 734998 835770 379300 378922 726750 262116 394677 514183 380285 384813 375979 846348 769159 1031607 525621 936142 949658 98442 770104 580392 324846 689119 965532 999999999 685305 369922 699559 588170 731069 765618 139342 656134 621457 592589 1056677 117107 740292 785321 864462 251941 821520 236973 207236 794249 815033 352074 784257 666471 891533 609562 401731 580590 974679 1170926 350283 834271 764279 413710 698949 643092 924491 683508 330785 221648 728121 522690 855761 457967 403059 650930 690108 873094 803927 301598 794478 803745 321893 567541 763900 528491 575606 462347 709292 234997 633290 496505 126582 401022
242410 652678 768684 380517 223048 432116 555653 320509 479970 650612 457021 172712 102955 397779 632127 413948 795812 499678 296161 569971 389322 459974 596701 318299 193026 460608 600788 298823 339047 613875 220584 542116 362605 311000 394907 685305 999999999 486851 795175 733529 257043 691126 546221 98763 615820 98514 457246 797172 232108 401589 192164 628558 600099 620472 640229 558181 187881 630214 263282 314558 206321 458072 418779 471490 407834 528941 512017 451728 447525 445350 397383 312115 239208 125777 420911 703089 281069 175319 433308 564839 492000 334034 262615 501507 144887 395903 138309 757673 371707 368830 84812 201268 230406 327534 112474 452053 223230 193967 598934 290983
697045 856665 893582 537325 672430 653959 846567 580525 927525 503724 934717 319265 575524 488120 609689 455525 929691 113765 243379 672611 433796 499558 586064 760641 482717 931056 697710 650544 818514 372368 662818 704940 232629 352625 862491 369922 486851 999999999 911563 808344 414848 905168 291689 412865 772362 429705 936737 437574 650403 770128 677862 170331 895437 495790 487126 857124 542404 588620 694914 328480 674261 679945 482986 210704 874534 1015786 508440 475273 400913 514832 340473 306125 700841 552380 407122 536934 403193 398614 829474 628362 538987 306809 631828 509751 630899 318643 544341 961482 310387 596432 570963 439676 284848 470690 564588 232880 332755 368276 382950 327107
691514 183804 27686 1163864 961808 364697 342758 1115295 694029 479764 822158 838108 747955 1164227 322666 466211 33278 814200 717577 246494 492689 416243 335068 658516 982518 782164 217603 1084898 792645 615798 669757 253247 690089 1033885 748468 699559 795175 911563 999999999 111415 1017677 184405 657654 855173 179736 719512 834631 777906 630684 506218 850679 899231 340856 464398 492395 354825 982681 349292 642433 1022880 921893 340918 442275 1068410 748082 979546 403406 1201965 1165979 407799 1097700 1006396 953075 686797 507568 489287 1033701 663121 550920 283764 375107 1026509 566026 1252652 797795 596040 929722 162348 609509 426346 815372 614269 895332 499472 715491 680919 935766 670911 589706 630867
661716 211194 105016 1091512 916108 318037 358532 1050430 702551 368426 821483 757884 698569 1087052 211669 372910 139406 708300 624928 164515 400594 320752 226078 640567 914858 784145 133405 1029348 776482 504621 635089 202901 591868 951742 742074 588170 733529 808344 111415 999999999 941881 235863 548321 784279 149939 650594 833255 667722 594664 495944 811464 789742 371695 353057 380988 373142 921214 238102 613805 939146 878603 300114 351585 972394 743646 977366 300392 1120902 1080416 317201 1011126 921466 911305 634726 409308 379273 956090 587916 551247 187245 279123 940781 526726 1171090 754566 496535 870832 242754 511960 370253 763727 542438 811602 420510 665047 576285 855451 591780 478712 541427
490217 892056 992613 154275 313364 665701 808077 166273 720321 771733 669534 188500 353071 147057 801502 582342 1022898 484424 362007 778108 554094 634937 767583 567330 97135 683482 809120 242304 555703 688993 474031 766521 427740 80718 624276 731069 257043 414848 1017677 941881 999999999 933654 606071 168566 842301 302518 666264 825166 488822 658565 378689 584266 853795 748179 757745 811659 160332 792194 517490 100108 335635 693335 597283 292113 637391 697558 676867 195151 196041 629885 162106 116246 348942 382312 566767 820220 26830 354793 689132 759683 673902 127284 517609 245523 365404 505133 196128 999710 480607 598913 301169 403630 157136 521393 368838 507607 99649 350418 684154 417839
546105 48659 162000 1070469 829634 271135 169749 1009259 516163 556275 648284 768119 626282 1080309 395735 450919 160318 822546 682750 252443 471428 412961 391243 501346 883831 607056 240324 964521 630878 671537 530974 200885 673219 962996 579376 765618 691126 905168 184405 235863 933654 999999999 691760 765704 144337 631288 661080 860958 495212 347087 712385 927248 158442 531763 564801 179001 873398 422229 497351 955843 787305 242854 422947 1032985 577560 805398 425066 1125683 1100546 392879 1035904 942519 815970 571514 502568 581325 953050 589947 380703 308095 379203 964090 438332 1176730 665984 588519 817425 66560 594828 338362 694896 537222 831465 446387 596567 688309 863125 605551 643271 591995
673899 643894 644033 754206 767628 487450 680416 764720 866527 213053 916760 437217 596111 720316 338553 265087 680691 178536 258208 440898 259699 285169 322596 714820 637096 899855 459138 802178 813882 85610 635107 495458 187805 571639 832935 139342 546221 291689 657654 548321 606071 691760 999999999 520140 548690 453247 922731 254129 606850 665016 725227 241583 725348 209166 196437 694113 680351 314043 651481 550196 752369 506706 291340 493773 842526 1034142 266887 725967 661033 311164 592695 527120 785429 545634 211946 245435 605704 383638 734385 387705 313630 537728 560097 768267 664867 165554 657553 738154 184087 451407 624567 391431 449079 336594 570876 99588 506882 357209 91432 262119
341159 724635 829577 308703 262218 499034 639824 271152 578459 653874 550107 94724 201596 314655 659744 438058 858915 443655 261938 619793 410819 488675 624799 417028 133186 556167 650911 284230 432263 595683 318859 602650 332342 213925 491534 656134 98763 412865 855173 784279 168566 765704 520140 999999999 678070 135974 549431 762598 327918 494202 271242 566216 685836 626512 641635 643663 161739 653831 361161 216219 261407 526393 448890 375510 504552 609931 535775 363072 352059 479469 299433 213353 288671 218311 432610 705102 189947 197969 529703 606413 525175 235295 350879 413758 235412 387909 139582 831891 362634 432750 169405 241959 138288 365511 209797 421458 124537 201926 584885 287538
518653 98743 152928 986679 783467 184988 214751 936146 553196 414058 671567 666166 568665 989224 255766 316960 180849 684959 560014 108245 340117 274415 248233 492941 804107 634218 97366 905212 628696 527201 494516 75921 542690 862436 592475 621457 615820 772362 179736 149939 842301 144337 548690 678070 999999999 542138 683365 718044 454749 346372 674102 785834 236548 388506 421911 230118 803156 281464 470025 852731 744131 161778 289924 912497 593878 827570 281803 1029228 996855 257534 929762 837347 775806 507164 366044 441987 859261 489094 401381 163759 238148 858088 388652 1080136 619862 453857 750030 190830 462717 247098 635870 438781 725822 330582 536031 550187 763392 499453 498934 470365
267913 589538 693804 444550 320669 363376 511520 400262 502492 552101 505668 151684 150736 449434 537492 317567 722986 424560 212801 486115 292224 365136 502134 335077 264280 501364 517204 392441 390664 518059 235231 466787 274280 335776 432854 592589 98514 429705 719512 650594 302518 631288 453247 135974 542138 999999999 508214 706083 229345 379724 273235 556541 558752 522017 541725 516594 275474 534404 271065 332141 300675 390899 324218 456040 444976 597891 415931 494725 475085 352452 415247 322813 334516 123645 322575 604575 321810 76822 425531 475945 398926 345259 232701 545728 215341 298986 232211 697259 275247 296882 171400 109034 219122 235590 135260 362007 236892 96962 502219 194268
249690 651018 808036 722440 375543 542650 492970 621940 151986 943115 13218 629780 361580 769701 848882 694277 817195 929585 715707 712140 684289 713123 818748 215114 571396 56430 733299 523407 118517 966488 288165 641462 767667 739715 95733 1056677 457246 936737 834631 833255 666264 661080 922731 549431 683365 508214 999999999 1173779 316397 338076 287696 1062433 505738 909148 939428 482342 516399 861463 273003 750379 339519 548857 679948 924452 90920 144936 767327 835524 859813 685362 826549 754091 340568 389339 732514 992630 693092 555270 284008 743402 721396 774137 371327 876895 314072 757179 470674 714558 739848 526805 380148 533948 686506 599714 372976 846791 669910 586086 943407 667948
925960 816781 772378 963462 1016574 705199 886838 989662 1109740 304982 1167348 673952 850140 919963 466960 493694 807113 342807 503334 612892 496332 495896 469864 963381 870348 1148635 620908 1038993 1066573 211628 887115 683186 434826 776673 1082620 117107 797172 437574 777906 667722 825166 860958 254129 762598 718044 706083 1173779 999999999 857397 900143 978748 286870 927187 329586 296186 901775 919185 439891 901359 753245 1003480 719274 515506 644995 1091743 1287602 457036 911999 838432 525221 776630 729923 1036017 799628 446832 288621 819779 637590 970778 556612 510551 735263 807037 947314 918733 418198 901823 894268 437927 681778 877028 644969 672661 578939 825002 345129 729618 610698 238206 516208
74382 464577 603047 602768 334627 277073 341224 527324 277225 634493 310025 377346 140627 626749 558917 382169 623823 626699 414792 445882 369926 407109 525890 111765 416604 293987 472926 471472 214206 650327 40701 391768 459167 541822 226296 740292 232108 650403 630684 594664 488822 495212 606850 327918 454749 229345 316397 857397 999999999 172366 220066 759446 381123 600719 629424 340674 391571 567090 45710 543566 292907 294916 370791 683971 236323 437568 462858 682855 679328 381349 627094 538642 322972 110839 417382 685442 513123 253170 201808 463108 422092 561007 68984 732127 170778 441384 333966 560695 424871 236625 206665 222285 443595 285505 120004 533966 449515 284246 627585 356192
204557 326254 478876 775126 493700 213236 180670 698802 221800 635750 326674 531408 312977 798285 521859 406501 492810 725539 526867 376822 406278 409487 494617 154333 588758 291463 396396 637952 286542 688528 198623 303921 554102 707460 246132 785321 401589 770128 506218 495944 658565 347087 665016 494202 346372 379724 338076 900143 172366 999999999 373135 854212 214114 602280 635133 176470 563459 537604 158437 707220 449928 214310 385043 833425 247888 481589 458323 853305 846195 379957 790937 700203 475942 276404 455412 681470 682208 377761 70947 412903 407257 722704 147073 902966 335237 508218 505809 409109 499001 218792 378239 331401 598841 329345 291132 612304 612031 405694 662153 449373
168579 683636 823055 447088 121537 493514 552214 353306 355536 802567 290848 360046 132747 488428 753988 552004 843847 691146 484038 657547 532295 588941 719312 232783 284597 306475 686039 272618 178711 786284 181914 609059 547404 452176 252070 864462 192164 677862 850679 811464 378689 712385 725227 271242 674102 273235 287696 978748 220066 373135 999999999 820595 587217 770225 794413 549256 233256 757844 215885 463385 77213 513238 548706 641581 264874 339035 644621 552874 572975 567664 538878 468096 103585 194749 572663 855142 405519 342015 372083 667733 612569 487633 285553 596626 63208 566442 183822 777026 544052 444997 107360 345566 409449 455246 163910 635201 386274 368073 768364 463736
815432 878883 885543 707282 828361 703085 899138 750270 1034269 440855 1058911 471510 707031 656809 579288 483825 922206 133003 346819 679040 470073 515036 564165 871208 648182 1050110 698842 817275 946095 296099 778611 728005 302128 522948 981290 251941 628558 170331 899231 789742 584266 927248 241583 566216 785834 556541 1062433 286870 759446 854212 820595 999999999 946208 444487 424937 911677 705787 554163 805101 498800 825837 725698 511930 364248 992536 1153628 505078 640051 563475 537690 506894 476452 854507 673111 429586 459406 573279 508352 919398 627259 548135 476901 728228 671172 768387 353259 702531 976301 357470 655930 713333 538109 447492 530572 690619 246731 498830 477230 317325 407411
418642 162389 316591 979360 707800 243728 49183 907920 358741 630924 492782 706482 520346 997455 482311 463420 318488 828522 657659 322653 476154 440920 467119 362827 791765 450927 325553 851081 485141 723551 411300 245990 664704 894315 427853 821520 600099 895437 340856 371695 853795 158442 725348 685836 236548 558752 505738 927187 381123 214114 587217 946208 999999999 601451 635867 42200 771793 505714 372321 890820 664042 220522 435784 994175 424884 649306 471284 1048796 1033719 414204 973653 880698 689857 474872 517902 665731 875782 534837 231421 376423 418529 903010 337538 1099315 548391 593943 714368 208832 593539 299152 587577 482376 773085 424923 494808 699864 795643 556923 695125 569236
674580 487249 454650 901956 840453 394018 563425 892602 821469 33971 900654 562784 637787 878476 142513 220126 490733 385001 386986 283550 237967 196209 140528 694034 756538 875044 291501 908167 814755 152112 637112 355826 326710 730528 814029 236973 620472 495790 464398 353057 748179 531763 209166 626512 388506 522017 909148 329586 600719 602280 770225 444487 601451 999999999 34447 578772 786620 115409 639591 711903 815344 403204 230022 688417 821077 1037778 144046 894879 837605 224675 767340 690178 850009 576066 199847 85229 753775 445199 672945 227413 195531 704712 538959 940889 707024 243113 751113 567493 267892 386721 684484 426842 594666 318300 606401 270635 649662 429878 127662 338976
702992 520635 483710 910901 861449 427702 597871 905319 853770 16621 931114 574291 661741 885132 172732 247533 519517 374683 395744 317514 263275 227489 173691 724355 770234 906106 324728 924597 843611 129193 665238 390190 332315 736558 844526 207236 640229 487126 492395 380988 757745 564801 196437 641635 421911 541725 939428 296186 629424 635133 794413 424937 635867 34447 999999999 613214 802586 145448 668981 717231 837525 437282 259539 684401 851784 1066856 176853 899037 839638 256405 769711 695111 872107 600917 221952 63469 762181 464988 705888 261486 229032 708790 568655 944191 731276 254751 768861 599393 279966 418767 706487 449681 602758 345418 630876 268509 658630 447949 108386 354643
380764 171509 329142 937668 669354 208631 15821 866912 339285 609194 469609 664496 479335 955425 465432 430509 335472 792386 618263 305474 441794 411175 447675 328101 750031 428712 312196 811406 454026 695961 371810 226592 627190 852130 400528 794249 558181 857124 354825 373142 811659 179001 694113 643663 230118 516594 482342 901775 340674 176470 549256 911677 42200 578772 613214 999999999 730706 487652 333711 848682 625814 187458 403292 953085 398577 626877 444821 1006642 991537 383613 931548 838628 652274 433084 484893 646227 833610 493348 202028 357020 391482 860951 295706 1057176 508927 558737 673356 236335 557345 260745 546823 441032 731165 387227 453388 665028 753486 515791 667675 530421
