NAME : synthetic_000266
TYPE : CTSP-D
DIMENSION : 100
GROUPS : 8
RELAXATION_LEVEL : 1
EDGE_WEIGHT_TYPE : EXPLICIT
EDGE_WEIGHT_FORMAT : FULL_MATRIX
EDGE_WEIGHT_SECTION
999999999 291023 293456 310558 152045 398678 272944 666621 197089 177911 160162 268687 586269 668462 342005 247445 563477 586823 421065 164464 656838 260966 410580 210744 624633 618992 419582 533105 282824 405661 317883 486117 315245 336033 401849 632977 580052 862017 501782 301648 60499 243183 398986 227995 722141 278062 581201 662573 738931 436141 540088 404184 559628 664558 439358 262463 543528 270492 664662 301728 138603 656274 589283 622495 408733 226763 215163 115000 507929 944510 310545 419579 532893 382024 169748 555715 247612 170853 628886 529132 284090 597380 393858 391424 560921 399013 298081 360185 580853 487063 516649 481332 324295 573815 413368 334252 651380 105107 179303 363839
291023 999999999 559697 50561 144048 581817 441419 424027 329881 141146 146995 482354 331142 432946 583866 529255 435462 553848 400719 377018 368956 377290 290712 461924 358453 402210 532553 564433 519663 237810 433849 568676 547533 392458 668498 657599 402880 619748 387524 461193 268811 61378 169396 460190 585450 378336 725206 459033 841851 272615 285739 678947 521382 596091 556940 553478 696385 228577 377723 496068 251752 419361 712372 473867 214166 345415 384090 176229 319058 708079 41954 131623 288588 539086 450679 374670 479258 406464 369428 391432 402114 663160 213072 503983 411322 493705 26022 167340 588483 218669 226608 325040 562504 706558 687296 73243 408631 195727 458264 394153
293456 559697 999999999 563198 416677 532072 465578 854528 272101 468897 412921 413155 875022 960921 406376 252201 665906 843072 687629 371621 927609 280529 549970 100350 910516 912365 614991 763534 384536 580362 286609 691258 409154 360010 109504 856817 720868 1154407 787223 491398 293063 501688 689095 118611 1005669 299790 718420 955871 895472 729101 828549 121468 820005 929839 626890 165575 677826 559520 907520 455548 317170 839621 745658 910510 701884 473822 433098 396615 801278 1237584 566571 675198 736544 548406 128124 848436 108484 345734 837037 817622 279219 798704 687256 593498 850372 612111 573191 652673 818870 770786 783996 626330 83301 723423 128919 581449 840832 396470 117257 397096
310558 50561 563198 999999999 158607 624791 483826 380399 317803 180750 154365 520681 352431 458787 619427 554781 385514 603731 451269 412947 366297 358502 243267 463669 373725 433907 580287 614929 555333 187955 411800 618036 584232 363239 670610 708159 352475 640638 434665 504762 279229 67439 207786 457764 627898 356844 772300 492601 891349 317579 308928 683933 571243 644245 604615 571527 742736 278452 354353 536853 247829 374565 760619 516242 257124 389560 425044 199231 358829 729984 9836 112280 243911 583916 461365 414269 476044 440236 329841 436401 382052 713316 258154 551480 454601 542049 74009 213215 639005 237962 222483 274763 558498 754254 691868 26182 364913 224547 468030 361006
152045 144048 416677 158607 999999999 500667 361177 521676 209136 93527 21991 383507 463046 556882 474321 397767 456031 578357 411332 272573 513002 267677 298499 320140 495588 516490 483428 556910 411235 275409 328797 535879 441946 309462 525842 656309 454123 748398 447461 386283 124783 91395 282641 321632 663247 275089 666524 567771 805517 353288 416608 535292 547414 639820 506558 413117 632765 230089 512907 406686 122323 512742 663731 555081 309072 279586 299238 47628 416362 834702 158979 268710 386039 468987 306733 469784 341242 294399 479748 464106 293991 641597 299492 453757 491081 451672 156524 256939 593662 355302 370463 359432 424507 653042 543738 182219 506257 81367 314234 323719
398678 581817 532072 624791 500667 999999999 141159 1005088 590138 444300 519620 132910 727246 755956 141671 282159 952759 416067 337798 235555 866474 649883 795978 517301 777808 689863 134941 297544 147640 775894 699927 200490 124453 731197 598454 365266 954659 926083 483612 120988 459102 567487 574021 552853 646921 669172 190100 701120 363999 516735 692152 572857 408922 512452 129153 374574 149962 381170 936204 97001 536713 999306 213586 595398 540659 236879 201944 453569 581020 986006 619441 704264 868701 60089 435452 598173 565759 230006 950961 526708 669627 286553 520677 137943 559433 167021 571131 522686 356170 677690 757380 859916 606895 191676 582069 650828 989620 419300 444659 761021
272944 441419 465578 483826 361177 141159 999999999 864198 469487 303221 380702 75556 611533 654063 179261 244268 815484 391332 263116 110400 739995 532256 658214 427363 660760 590233 153341 299086 129279 635864 586610 227421 139195 608977 550895 391242 814590 834779 399919 28983 331920 426345 446304 458983 593380 550180 310081 611120 466406 405902 573013 533386 373770 484810 169915 331345 273961 251365 800945 60518 407422 858268 316344 521930 419486 99046 62102 314566 475981 902433 478605 565522 727723 110119 349996 502571 474801 122635 810801 440846 554141 337576 399419 128927 475323 146577 431589 394753 355963 550744 624262 720603 530116 301134 543206 509899 848721 279956 360592 636408
666621 424027 854528 380399 521676 1005088 864198 999999999 582575 561133 508493 899609 502346 602380 995174 913505 272812 924483 796948 790356 366195 582904 310151 757387 480149 621294 954009 964508 931559 274756 604978 983796 961467 526520 948651 1048634 175737 711539 732378 884816 619365 440855 496943 736261 865677 567836 1147498 680267 1254255 613326 487188 973112 892912 937816 978453 910947 1119698 645173 215090 917061 557177 19716 1131864 764897 552992 769249 805362 568194 613704 794695 385650 314371 136769 963111 785131 657340 749131 815093 74651 715337 593754 1069778 565494 926000 717962 913748 437588 534201 976833 434237 329321 239561 819018 1127648 978903 354303 15510 598353 788486 497416
197089 329881 272101 317803 209136 590138 469487 582575 999999999 295764 193917 457714 660816 760105 513281 383234 412479 766008 597644 359858 682229 65300 281271 175246 687837 723223 616590 724098 461449 308262 125909 682194 493878 141126 370283 824490 455226 949060 652309 498319 141671 268529 487832 154493 870299 81019 775853 775873 935796 562250 615094 391789 736754 835850 636447 349371 737460 425740 643903 494036 87658 567883 785728 763190 517756 420394 412251 219890 625315 1036841 323622 424844 465219 577757 217908 678900 169169 360140 565627 671447 90556 793145 508583 588294 699294 595000 350110 465605 768728 548492 539124 358079 246871 769675 398109 330620 568801 243014 217937 172634
177911 141146 468897 180750 93527 444300 303221 561133 295764 999999999 114698 341307 408366 492079 442913 396998 532746 485087 318574 236166 487262 357186 376667 379343 447237 445207 408076 467941 378722 341948 418747 454158 406406 402809 578063 566501 518729 685525 356723 324746 182019 124925 221099 388291 574614 366133 597108 492209 726498 270198 362220 581824 454029 546455 432000 432603 565884 136652 515550 356192 208186 555051 589345 468222 234406 210545 244318 78240 338110 769151 175926 271166 424557 404985 347493 389224 408355 266603 509458 375971 383531 556782 221428 378646 404553 372838 137162 184089 502465 311004 352150 429566 489972 580929 590927 206887 545643 72863 356817 417194
160162 146995 412921 154365 21991 519620 380702 508493 193917 114698 999999999 400762 472141 568200 489439 407431 435528 599759 432942 289709 514865 250460 278010 314929 502981 529627 504657 578898 426809 257402 311138 557601 457890 289113 521569 678282 435846 758810 466649 406168 124898 89288 294671 313893 681439 256865 686980 581961 826952 370157 425873 532619 568727 660456 527692 418127 652935 251351 508101 425063 108952 498965 684752 572722 323961 300572 318655 66139 431679 845716 156089 266181 373678 488996 307226 485603 333194 309990 468893 482297 276666 663484 315286 474988 508690 473221 162565 271829 615550 362602 371522 340309 416535 673819 540848 176343 493141 100822 314127 302558
268687 482354 413155 520681 383507 132910 75556 899609 457714 341307 400762 999999999 678319 725466 109432 176468 828555 462289 338624 111055 799845 517063 672993 388456 726694 662399 204065 362791 53839 658144 567052 280946 69291 598832 490788 449515 836368 908045 475048 89529 329163 458770 507083 423012 668590 536445 321855 685018 491655 475924 638334 470241 446303 556891 214122 267340 282230 313541 851434 42461 407271 892261 339781 597395 484872 159385 104083 335878 547294 976747 516598 610792 762859 135572 307479 575879 436846 98146 850365 515685 536720 386058 464966 186192 550234 209547 475895 455934 421168 611251 678421 739760 483584 320177 479921 546845 884100 303173 317261 629118
586269 331142 875022 352431 463046 727246 611533 502346 660816 408366 472141 678319 999999999 111561 787643 787291 663941 478089 411964 602234 172935 707904 562506 781535 51297 119249 622844 559500 728708 493735 763203 617284 747288 715351 984506 618534 590744 288789 288371 617190 582759 392369 187543 784662 365976 707892 802817 178079 855762 211122 46518 989792 451345 462643 644510 836014 788512 366289 313445 671869 580368 511238 769723 273857 193956 519002 576061 478410 158583 377706 344439 275484 421929 669725 755695 177146 804288 638932 427720 254460 732346 668714 213612 603132 242350 579308 310905 231666 549146 114497 183986 558237 887543 775367 998793 349743 492025 481173 764851 711084
668462 432946 960921 458787 556882 755956 654063 602380 760105 492079 568200 725466 111561 999999999 833148 851216 774785 448157 422997 662064 247748 810047 673806 870629 122254 66920 639274 548250 777991 605168 866762 620217 792859 821967 1069951 590860 699918 193555 281124 654994 671851 493285 274392 876742 286459 811264 805881 92167 835374 250564 150399 1072376 426589 411257 658675 907937 797007 424603 401398 712932 677136 612754 767346 218477 260534 569013 627406 566483 178179 277912 450329 386736 530409 696467 838036 159914 896629 699273 528278 239197 835016 653702 277133 623777 213776 597274 410763 308320 526372 222931 293752 669620 979400 776602 1081653 458065 593124 564470 847742 819167
342005 583866 406376 619427 474321 141671 179261 995174 513281 442913 489439 109432 787643 833148 999999999 154780 904968 542245 436170 206864 908592 566505 752576 408626 836100 769473 264599 430548 64204 744661 609389 337182 40409 652571 462949 504888 921003 1013899 577056 182734 400202 555316 616208 446211 761527 587196 315012 789950 493605 584308 747760 435156 530565 638581 265120 242826 274831 422949 956592 122618 477572 986785 348063 697072 594280 268801 213100 427244 655002 1080751 616090 713912 858814 183802 327246 681731 456113 180090 949063 618635 582717 428105 574361 257077 652908 285060 579258 565157 489822 720252 785491 822748 485521 323938 444112 645425 979700 396895 334727 685722
247445 529255 252201 554781 397767 282159 244268 913505 383234 396998 407431 176468 787291 851216 154780 999999999 790106 635601 499957 190161 883597 429432 644787 257716 831663 792557 379563 539186 136703 648525 466316 456361 157986 517267 317490 625462 818344 1040877 625409 264373 295487 487469 603260 295819 830812 450715 466486 823766 644073 601921 743410 294677 617653 728822 387575 92831 425932 426614 906676 216430 366180 902743 495301 750484 595469 292457 236823 355612 676105 1115658 553757 660454 780258 305828 178657 713016 304119 153145 876294 662998 442638 558673 576936 362639 697607 385799 531483 555903 597400 702328 748986 718929 330755 472455 304250 579347 898328 333565 184675 552326
563477 435462 665906 385514 456031 952759 815484 272812 412479 532746 435528 828555 663941 774785 904968 790106 999999999 989236 834564 718707 577846 386092 157536 579863 660223 772518 938485 994998 846291 197653 385863 986904 878670 307564 744182 1090569 97632 921525 816776 841427 504767 413261 579123 549924 995650 366247 1122497 834226 1258983 696689 632829 774931 956752 1027664 961911 761850 1088387 655964 453802 856789 427796 253101 1119305 885540 633978 735433 753383 501413 725190 1009948 394949 398740 253403 924345 630387 778163 557518 732594 309936 813800 387067 1088485 638544 908840 827505 904956 459511 595552 1022550 563385 481352 111953 612366 1109008 778878 367878 267124 536238 630250 271561
586823 553848 843072 603731 578357 416067 391332 924483 766008 485087 599759 462289 478089 448157 542245 635601 989236 999999999 168455 471664 649959 830791 842408 785772 525760 385598 281350 125613 512162 791616 891915 222976 509123 885876 936409 142745 949748 570968 195356 372767 628781 583765 428705 810280 242912 843017 387883 364942 387805 311188 466321 921876 32513 96547 288558 721515 391825 348489 774968 428071 682377 927043 340956 234767 371967 370379 410952 550857 325180 611123 594338 617889 806842 361245 718505 302182 828861 500256 853622 223820 856520 212908 361138 285192 238408 257314 529755 398671 81989 497474 603091 878332 896980 356695 931763 622300 910905 523701 729614 901982
421065 400719 687629 451269 411332 337798 263116 796948 597644 318574 432942 338624 411964 422997 436170 499957 834564 168455 999999999 320915 570942 662372 683892 624153 463211 356174 216284 167570 392143 637336 723542 205836 397993 717814 785572 256973 802680 588352 145881 253745 461056 423618 304376 646799 331155 674563 390872 363517 461419 206155 385435 774555 139291 244055 235906 579281 377273 182863 673310 313856 513928 797021 359282 261094 253174 214998 264540 382606 255574 648971 442374 483312 671137 277713 560882 263336 665780 353594 729940 189064 688133 274083 236707 202010 221639 174667 378463 262873 187988 393872 492880 725248 736678 363693 784460 472222 782519 355246 571995 734542
164464 377018 371621 412947 272573 235555 110400 790356 359858 236166 289709 111055 602234 662064 206864 190161 718707 471664 320915 999999999 710075 422172 562657 322652 648208 602729 262108 395226 142662 547089 476226 333640 171331 499962 465684 491758 725340 851004 437882 139383 224455 349654 421983 352393 648309 440329 416755 633631 576558 412190 559526 453680 449334 559872 279878 260147 379090 237909 750842 138687 301516 782601 425984 563265 408890 106460 62080 224953 486241 925498 409414 507298 653714 217921 249178 522875 369080 37218 742757 474331 443854 444871 389840 235782 508814 248670 372863 372626 448864 524128 582331 628870 429594 409838 463586 439016 774856 192640 260162 528260
656838 368956 927609 366297 513002 866474 739995 366195 682229 487262 514865 799845 172935 247748 908592 883597 577846 649959 570942 710075 999999999 716672 513154 828832 131165 284411 773680 725915 846452 444388 764109 776559 868997 702696 1035822 789367 490808 348077 457794 750308 637765 425922 293694 824006 529951 711488 959958 335414 1023573 364859 186679 1047481 622489 635239 796533 917946 942408 488631 155754 800281 614008 379192 930201 444844 327257 642451 695764 542118 326474 434329 361930 257477 324448 811732 819495 350026 842339 744770 294997 426142 738082 835593 346885 751315 415253 729916 358926 345257 719203 189278 143878 485902 924759 933821 1055709 351634 359151 555358 827182 689583
260966 377290 280529 358502 267677 649883 532256 582904 65300 357186 250460 517063 707904 810047 566505 429432 386092 830791 662372 422172 716672 999999999 273672 194868 731940 776143 680498 789375 517436 314195 61649 746774 549553 88102 366793 889758 441226 996687 713869 561173 206766 316774 540488 163834 930775 21440 836907 830275 998655 620584 662868 393806 801379 899760 700045 384476 798132 489088 665353 554469 149703 566816 848129 822755 573665 485388 475890 282824 681586 1085275 365431 459875 475173 639758 255351 735823 172067 420306 574270 731677 26355 857850 565593 652390 758750 659598 399346 521656 834010 594252 575430 348748 236201 831570 398785 367689 570025 307344 252826 124294
410580 290712 549970 243267 298499 795978 658214 310151 281271 376667 278010 672993 562506 673806 752576 644787 157536 842408 683892 562657 513154 273672 999999999 455960 569232 660796 781211 841731 692734 69727 295449 830599 724904 218186 640361 938470 175016 838836 677814 684021 353433 260362 447883 431376 868786 257920 964965 721683 1102184 560675 525177 666406 810076 886803 804568 625478 930917 503148 423567 700317 278804 293565 961917 757330 499580 577951 596112 343946 598151 928860 253081 287070 216502 766912 495050 652948 442770 577915 309673 679385 283649 933271 501340 751555 696599 748079 316114 456481 871553 452747 390733 76810 509825 951504 671745 230832 297819 378756 496541 192634
210744 461924 100350 463669 320140 517301 427363 757387 175246 379343 314929 388456 781535 870629 408626 257716 579863 785772 624153 322652 828832 194868 455960 999999999 815492 824524 580546 717472 372214 482742 216502 654540 401446 280501 207010 814408 628946 1063713 712207 455309 198995 403102 597160 38224 932364 215720 707277 870449 879888 645206 735018 221817 760495 868156 595639 195284 666898 481208 807170 430271 216973 742908 728118 833237 613695 416033 384457 304203 715843 1148164 467287 575475 637518 522677 82136 764930 48463 304780 738010 739876 199931 764937 600144 556067 771617 570892 476466 563339 769988 675330 685063 532702 113703 707946 229206 481519 743471 308418 73928 317635
624633 358453 910516 373725 495588 777808 660760 480149 687837 447237 502981 726694 51297 122254 836100 831663 660223 525760 463211 648208 131165 731940 569232 815492 999999999 153252 674085 609741 776605 499675 785466 668446 795798 733698 1019999 666943 581995 270528 338064 667009 617529 419766 228870 816746 399196 730569 854045 205450 905433 262164 88726 1026725 499717 505796 695785 877718 839808 413782 280829 721183 609922 490654 820753 314280 241822 567309 623944 514428 209270 360650 366541 285190 412083 720484 793319 223684 836138 684660 406112 302837 755723 718759 261748 654261 288373 630531 340462 275940 598091 140388 180100 558002 919483 826538 1035575 367646 470982 519642 802181 726962
618992 402210 912365 433907 516490 689863 590233 621294 723223 445207 529627 662399 119249 66920 769473 792557 772518 385598 356174 602729 284411 776143 660796 824524 153252 999999999 572458 482591 715272 593804 834425 553459 729282 794507 1020808 528299 703645 248325 214310 590297 626793 460540 235675 832821 247278 778922 739227 61715 771709 190657 140109 1021522 362744 355675 591788 852227 730134 366707 431283 648657 638280 629861 701052 162555 210833 507268 565719 521599 116493 326306 424830 376160 536439 630257 787769 92996 852835 639936 546646 172652 801652 588792 225138 557180 148680 530553 378288 261587 462532 209578 298635 664241 934944 710041 1030935 436864 610771 516503 797755 794551
419582 532553 614991 580287 483428 134941 153341 954009 616590 408076 504657 204065 622844 639274 264599 379563 938485 281350 216284 262108 773680 680498 781211 580546 674085 572458 999999999 165950 245488 749982 736426 76886 235389 754015 694847 245965 926606 801712 360737 125249 476276 532341 488836 612322 512805 697599 193790 577839 323134 412354 592153 674023 274069 377835 24445 471224 169916 309637 859911 163136 548506 950688 181270 466207 447013 204514 204749 440262 469625 857959 573317 642864 820327 80945 502515 479602 628086 275771 893667 403941 703241 184557 427865 29672 435145 43774 516800 439657 225224 588602 678281 837365 682025 174007 683660 605201 938817 405710 512971 779451
533105 564433 763534 614929 556910 297544 299086 964508 724098 467941 578898 362791 559500 548250 430548 539186 994998 125613 167570 395226 725915 789375 841731 717472 609741 482591 165950 999999999 408490 798845 848765 98963 400695 853711 849924 100463 967264 687039 272185 275597 582832 581912 470797 745825 367988 804032 265556 472205 298074 365546 539243 831675 130492 218872 168415 628978 266882 339034 836595 324452 646115 964581 221628 346525 417927 306586 333191 521476 401052 732200 606337 650851 838457 246833 644109 392263 763196 417943 897301 310854 814017 109727 402517 177211 334500 153500 543198 430371 59294 556112 657581 887134 824685 234699 841447 636824 950088 489997 655015 874316
282824 519663 384536 555333 411235 147640 129279 931559 461449 378722 426809 53839 728708 777991 64204 136703 846291 512162 392143 142662 846452 517436 692734 372214 776605 715272 245488 408490 999999999 682857 563591 321800 32624 601987 454193 491249 859831 961311 528885 140740 342121 491415 554833 408595 721655 537652 336082 738545 511544 528035 688049 430854 497298 607405 251867 229523 295519 362862 892642 84377 420111 923344 361177 651194 534907 210035 152669 363978 599875 1030387 551945 649753 795107 169560 290089 629223 420550 116856 885032 569483 535198 422303 515124 231312 604043 256691 515137 504064 467437 658569 722146 761969 459358 339262 440333 581352 916076 333207 298850 634049
405661 237810 580362 187955 275409 775894 635864 274756 308262 341948 257402 658144 493735 605168 744661 648525 197653 791616 637336 547089 444388 314195 69727 482742 499675 593804 749982 798845 682857 999999999 345564 794660 714341 272603 676499 893700 178766 769151 620943 660228 353106 218908 386360 462441 806335 301553 937795 654968 1067708 501887 457152 699669 759137 831333 773843 639138 905356 460029 361314 682089 285450 260819 931249 695244 439776 549830 574159 322846 535315 859162 197459 218634 161297 742428 511643 589569 475982 566348 260087 619953 328477 894129 443110 720508 635535 714603 261963 399319 825313 384998 321015 88376 548533 922459 705730 171357 260740 356716 514594 252104
317883 433849 286609 411800 328797 699927 586610 604978 125909 418747 311138 567052 763203 866762 609389 466316 385863 891915 723542 476226 764109 61649 295449 216502 785466 834425 736426 848765 563591 345564 999999999 803954 595196 79748 358373 949052 452277 1051900 775385 615588 265966 374102 598961 180097 992027 55535 888317 889223 1052559 681267 718637 389875 862627 961315 755416 411604 849081 550715 703797 605647 211346 587845 901451 883763 633488 543782 531681 344464 741459 1140880 419256 509034 506475 692796 288243 795923 181600 471715 603405 792897 35466 915256 625847 708687 819741 716881 456654 581595 894097 649077 624674 366303 226721 884169 393460 418894 593004 368721 283656 114354
486117 568676 691258 618036 535879 200490 227421 983796 682194 454158 557601 280946 617284 620217 337182 456361 986904 222976 205836 333640 776559 746774 830599 654540 668446 553459 76886 98963 321800 794660 803954 999999999 310180 817507 771719 169459 968752 770926 339164 200271 540843 575765 502686 685551 463080 763140 186182 550809 273410 411701 591265 750878 222669 317561 72095 548100 178028 340499 874487 239962 610414 981901 153818 430744 455181 263256 273902 495253 459808 820993 610328 669879 852777 154173 577404 460841 701737 350013 920278 381135 770190 111502 437367 98508 409132 87197 550435 456609 156299 597143 692952 882797 757376 158098 760507 641914 968875 461484 587974 841385
315245 547533 409154 584232 441946 124453 139195 961467 493878 406406 457890 69291 747288 792859 40409 157986 878670 509123 397993 171331 868997 549553 724904 401446 795798 729282 235389 400695 32624 714341 595196 310180 999999999 634318 474023 479258 891566 973967 537922 144247 374651 520919 576348 438213 724913 569840 309439 750198 486367 543923 707493 448792 496159 605127 238760 250172 268821 382808 918819 84191 452676 953495 337316 658579 553985 228538 173267 394542 614701 1041252 580595 676978 824890 156057 319338 641765 449626 148000 914061 579296 567087 406405 534052 224846 613647 251924 542160 525217 459952 680484 746795 793860 485618 314534 458076 610317 945973 363244 327761 666496
336033 392458 360010 363239 309462 731197 608977 526520 141126 402809 289113 598832 715351 821967 652571 517267 307564 885876 717814 499962 702696 88102 218186 280501 733698 794507 754015 853711 601987 272603 79748 817507 634318 999999999 436893 954130 372529 1002758 754943 637669 277818 336221 561262 247128 967102 66684 916447 851465 1074757 653175 672159 467369 855427 949254 774486 472108 878236 538827 633396 634972 207803 509153 925315 856967 600968 554413 550637 335326 708409 1092429 371637 451798 432095 717848 343412 763705 252359 501190 527518 768458 81197 927740 595598 725313 793090 730416 416987 550112 895368 600863 566538 287338 304973 909730 471338 366266 514814 364566 340727 37266
401849 668498 109504 670610 525842 598454 550895 948651 370283 578063 521569 490788 984506 1069951 462949 317490 744182 936409 785572 465684 1035822 366793 640361 207010 1019999 1020808 694847 849924 454193 676499 358373 771719 474023 436893 999999999 939857 806830 1263476 890777 574712 402505 610016 798471 216591 1107843 383677 777855 1063525 956525 836473 938037 40281 914851 1025535 704200 224679 737764 665259 1011705 532208 423391 932956 810212 1014852 810561 570638 525541 506105 909075 1346335 674288 782287 835157 623021 233692 955510 201122 436165 935421 922370 359697 875760 795670 675829 955504 696804 682365 761644 906779 880224 892069 715519 131951 786542 38716 688158 935434 505494 223374 472622
632977 657599 856817 708159 656309 365266 391242 1048634 824490 566501 678282 449515 618534 590860 504888 625462 1090569 142745 256973 491758 789367 889758 938470 814408 666943 528299 245965 100463 491249 893700 949052 169459 479258 954130 939857 999999999 1059636 707717 331828 365779 683158 678205 551984 843564 367247 904471 278380 506873 246259 439710 604163 919743 167231 205143 240508 716854 293874 435329 909514 409044 746562 1049766 226624 376191 496840 406262 430022 621524 463130 741663 699306 736969 925729 323216 739642 443841 860627 512397 979658 364165 914350 92538 483320 264078 380720 244799 635437 515498 71990 629727 733906 981779 920222 247975 929410 729196 1034547 590258 750439 974576
580052 402880 720868 352475 454123 954659 814590 175737 455226 518729 435846 836368 590744 699918 921003 818344 97632 949748 802680 725340 490808 441226 175016 628946 581995 703645 926606 967264 859831 178766 452277 968752 891566 372529 806830 1059636 999999999 837462 769012 838831 524830 394276 527781 602655 935160 423369 1115561 765187 1242143 647485 563586 834936 917279 980185 950625 800493 1083532 630598 359899 860766 452194 156074 1107820 827031 584319 727824 752914 501496 667589 924837 360947 339558 169925 920895 670018 718422 612773 743693 213645 761481 447168 1065621 591549 897262 771850 890293 424281 551395 989794 497388 406758 99422 675122 1099659 839728 330533 169573 535455 671400 339552
862017 619748 1154407 640638 748398 926083 834779 711539 949060 685525 758810 908045 288789 193555 1013899 1040877 921525 570968 588352 851004 348077 996687 838836 1063713 270528 248325 801712 687039 961311 769151 1051900 770926 973967 1002758 1263476 707717 837462 999999999 442483 832852 864808 680853 466754 1069150 348670 996628 952016 225069 953109 438981 334036 1265904 557417 506894 818711 1099954 948827 614915 496825 892091 867531 725609 908526 340778 453873 754599 813013 759511 364778 90132 632852 555718 668998 866015 1031581 332220 1088972 888203 642164 399377 1021131 783835 470066 790015 366907 762008 598950 501868 652915 402844 448228 823493 1171924 921444 1275190 636513 705571 757984 1041296 996983
501782 387524 787223 434665 447461 483612 399919 732378 652309 356723 466649 475048 288371 281124 577056 625409 816776 195356 145881 437882 457794 713869 677814 712207 338064 214310 360737 272185 528885 620943 775385 339164 537922 754943 890777 331828 769012 442483 999999999 394451 528517 428912 241574 729139 220530 722345 525040 217651 567423 121646 272341 884418 165884 211293 379072 697563 515921 231845 579667 454458 564842 735830 487697 125399 184744 333006 389142 432822 131352 504425 424887 431625 619023 423538 659111 121752 748961 473636 660599 43246 740219 380796 178292 347755 76176 320057 361845 221673 261409 302457 408366 704869 825894 496028 894223 449586 719147 414344 669969 765034
301648 461193 491398 504762 386283 120988 28983 884816 498319 324746 406168 89529 617190 654994 182734 264373 841427 372767 253745 139383 750308 561173 684021 455309 667009 590297 125249 275597 140740 660228 615588 200271 144247 637669 574712 365779 838831 832852 394451 999999999 360419 448786 456875 487255 581540 579050 282566 608358 437514 409159 579953 556078 356918 467399 141154 353418 247143 262549 816029 60160 435585 879322 287663 514423 426939 115941 88852 340104 477457 898488 499203 583278 748610 82975 377367 501107 502899 150555 830143 436238 583099 309758 406850 102114 470403 122168 450202 405333 333320 561092 637947 745502 557140 272832 565850 530719 869366 305346 387870 664914
60499 268811 293063 279229 124783 459102 331920 619365 141671 182019 124898 329163 582759 671851 400202 295487 504767 628781 461056 224455 637765 206766 353433 198995 617529 626793 476276 582832 342121 353106 265966 540843 374651 277818 402505 683158 524830 864808 528517 360419 999999999 213814 398179 206272 748783 222406 640964 674228 797054 451204 536245 410796 600335 702281 496669 295555 603517 297287 632437 362128 78247 608057 648037 645392 416170 278730 272909 105393 520051 949540 280953 391063 487909 441464 182459 570663 226335 231250 585853 552222 231191 651647 403447 447685 582445 453649 280735 365254 628308 477724 495052 425655 308151 633034 419340 300736 604323 114660 189644 304497
243183 61378 501688 67439 91395 567487 426345 440855 268529 124925 89288 458770 392369 493285 555316 487469 413261 583765 423618 349654 425922 316774 260362 403102 419766 460540 532341 581912 491415 218908 374102 575765 520919 336221 610016 678205 394276 680853 428912 448786 213814 999999999 225631 400048 634235 318569 721984 516216 848884 319733 346816 621691 551619 633377 556385 504506 690799 242980 421546 477213 190880 433590 713544 523186 265163 335312 366142 132099 372276 769009 67611 177569 304132 529591 396268 427667 418939 375541 394029 437313 341858 675586 261021 503024 459746 496178 82599 215107 611198 280046 282390 307139 502071 705554 629857 91976 425347 158851 403305 340706
398986 169396 689095 207786 282641 574021 446304 496943 487832 221099 294671 507083 187543 274392 616208 603260 579123 428705 304376 421983 293694 540488 447883 597160 228870 235675 488836 470797 554833 386360 598961 502686 576348 561262 798471 551984 527781 466754 241574 456875 398179 225631 999999999 602472 420943 543494 679974 290589 765688 119930 141803 802878 396779 452486 512544 649096 658739 194939 372110 506612 403575 498770 655691 309447 57051 348975 403117 293032 151048 552300 198097 190190 378465 520536 568588 206492 622329 457911 427695 234779 566040 578421 68675 464438 249176 445516 144336 51573 480088 104448 190361 467261 705204 655989 811951 217087 483050 293960 577872 563548
227995 460190 118611 457764 321632 552853 458983 736261 154493 388291 313893 423012 784662 876742 446211 295819 549924 810280 646799 352393 824006 163834 431376 38224 816746 832821 612322 745825 408595 462441 180097 685551 438213 247128 216591 843564 602655 1069150 729139 487255 206272 400048 602472 999999999 949638 183971 742935 880498 914665 656980 738207 237313 784249 890803 628067 232722 702650 497381 795300 464507 210011 721222 762792 848589 622344 442052 413674 311227 726275 1154625 462117 568513 619689 556444 119087 776586 20076 336795 720112 755208 166001 796374 609719 587237 786271 601059 476443 571234 797359 676360 680137 507781 102882 742978 243623 474021 722654 319537 111562 284388
722141 585450 1005669 627898 663247 646921 593380 865677 870299 574614 681439 668590 365976 286459 761527 830812 995650 242912 331155 648309 529951 930775 868786 932364 399196 247278 512805 367988 721655 806335 992027 463080 724913 967102 1107843 367247 935160 348670 220530 581540 748783 634235 420943 949638 999999999 938220 630374 195166 609088 314530 378766 1099752 240621 162260 523953 908238 634675 452374 678545 640934 782656 873252 582478 111664 371335 541893 594533 651695 271033 374794 618108 597595 772358 588814 877579 217492 969445 682504 791101 199153 957118 450877 373353 510203 174494 481030 559459 419369 322429 438815 538378 884547 1046067 599141 1109614 638027 854551 634404 888522 974467
278062 378336 299790 356844 275089 669172 550180 567836 81019 366133 256865 536445 707892 811264 587196 450715 366247 843017 674563 440329 711488 21440 257920 215720 730569 778922 697599 804032 537652 301553 55535 763140 569840 66684 383677 904471 423369 996628 722345 579050 222406 318569 543494 183971 938220 999999999 855733 833818 1016560 626752 663243 411641 813313 910569 717411 405857 817109 499515 655881 573494 160685 551450 866301 829577 578399 501095 493210 293341 686374 1085539 364175 455547 462827 658123 276791 740949 191329 439379 561307 739067 27218 874031 571002 669313 765543 675943 401119 526574 847895 593844 571218 332155 252365 850009 416362 364573 555196 319319 274250 102882
581201 725206 718420 772300 666524 190100 310081 1147498 775853 597108 686980 321855 802817 805881 315012 466486 1122497 387883 390872 416755 959958 836907 964965 707277 854045 739227 193790 265556 336082 937795 888317 186182 309439 916447 777855 278380 1115561 952016 525040 282566 640964 721984 679974 742935 630374 855733 999999999 734511 178738 595555 775655 749280 396018 473444 169390 557143 40620 503427 1051856 282678 717208 1143944 52533 611248 635567 388012 371416 621229 645750 997655 765596 836653 1013428 199964 625339 646780 755725 416759 1087443 566688 857378 186042 616990 221498 593832 235592 710056 631681 308156 777728 870065 1024300 794972 31249 758045 797493 1132274 586380 634425 945014
662573 459033 955871 492601 567771 701120 611120 680267 775873 492209 581961 685018 178079 92167 789950 823766 834226 364942 363517 633631 335414 830275 721683 870449 205450 61715 577839 472205 738545 654968 889223 550809 750198 851465 1063525 506873 765187 225069 217651 608358 674228 516216 290589 880498 195166 833818 734511 999999999 752698 227245 201760 1062485 346104 321214 595488 887723 728777 402142 486119 667829 690012 689304 693388 130888 259029 534084 592227 569685 154677 292366 483373 437628 597705 641069 829911 110759 900563 670628 605673 174455 856008 574545 270791 565392 142742 537591 434547 310991 445120 271171 359693 725869 981979 704481 1072025 496533 670061 562049 840153 852526
738931 841851 895472 891349 805517 363999 466406 1254255 935796 726498 826952 491655 855762 835374 493605 644073 1258983 387805 461419 576558 1023573 998655 1102184 879888 905433 771709 323134 298074 511544 1067708 1052559 273410 486367 1074757 956525 246259 1242143 953109 567423 437514 797054 848884 765688 914665 609088 1016560 178738 752698 999999999 663430 836967 928014 408972 447300 301215 735279 218775 613409 1133999 450408 870672 1253027 151919 622220 714333 527535 524147 763057 697837 983746 883572 939899 1124614 360148 798449 684562 928326 582148 1189162 603539 1020399 188429 698120 352653 623213 354114 823206 722593 309177 853724 954159 1155733 970882 172331 936770 915093 1239495 728623 807912 1101204
436141 272615 729101 317579 353288 516735 405902 613326 562250 270198 370157 475924 211122 250564 584308 601921 696689 311188 206155 412190 364859 620584 560675 645206 262164 190657 412354 365546 528035 501887 681267 411701 543923 653175 836473 439710 647485 438981 121646 409159 451204 319733 119930 656980 314530 626752 595555 227245 663430 999999999 180235 835240 279788 332701 434411 662238 579352 176286 471338 465594 474874 616104 565354 203818 63170 318597 376937 348429 74369 515539 307745 310037 497806 458841 602808 119727 677052 449405 542488 118885 646814 475010 59556 392126 140089 368694 246609 105381 367782 190798 294200 584736 757547 569098 844780 330776 599808 337487 613103 659977
540088 285739 828549 308928 416608 692152 573013 487188 615094 362220 425873 638334 46518 150399 747760 743410 632829 466321 385435 559526 186679 662868 525177 735018 88726 140109 592153 539243 688049 457152 718637 591265 707493 672159 938037 604163 563586 334036 272341 579953 536245 346816 141803 738207 378766 663243 775655 201760 836967 180235 999999999 943452 437901 460326 614429 790803 759562 325191 311503 633493 534228 494506 744633 278615 153599 478961 535407 431934 141210 422408 300663 238574 396836 635483 709424 173559 757846 596018 412725 243416 687476 648930 173626 571197 237591 548423 265022 187517 533511 72730 160001 525201 841089 748970 952436 307684 475873 434981 718541 668881
404184 678947 121468 683933 535292 572857 533386 973112 391789 581824 532619 470241 989792 1072376 435156 294677 774931 921876 774555 453680 1047481 393806 666406 221817 1026725 1021522 674023 831675 430854 699669 389875 750878 448792 467369 40281 919743 834936 1265904 884418 556078 410796 621691 802878 237313 1099752 411641 749280 1062485 928014 835240 943452 999999999 901337 1012377 682245 202918 709470 662009 1028987 510921 438526 957824 783160 1009147 812176 559683 512065 512320 908509 1347630 687094 796062 856902 600341 234439 953577 223998 422324 957354 917283 388679 853150 796628 656205 950826 678217 691528 764247 889180 887618 904080 742190 163504 759092 9909 702525 959629 508971 225009 503630
559628 521382 820005 571243 547414 408922 373770 892912 736754 454029 568727 446303 451345 426589 530565 617653 956752 32513 139291 449334 622489 801379 810076 760495 499717 362744 274069 130492 497298 759137 862627 222669 496159 855427 914851 167231 917279 557417 165884 356918 600335 551619 396779 784249 240621 813313 396018 346104 408972 279788 437901 901337 999999999 111251 283875 702099 396673 317378 745397 413813 652632 895312 351256 217831 340148 346368 389441 520706 296699 601711 561844 585736 774742 352267 694612 276792 803009 479100 822274 196937 827200 228462 329036 274594 214370 245898 497262 366275 99812 467106 572465 845829 872264 365103 911237 589788 879270 494093 705732 871118
664558 596091 929839 644245 639820 512452 484810 937816 835850 546455 660456 556891 462643 411257 638581 728822 1027664 96547 244055 559872 635239 899760 886803 868156 505796 355675 377835 218872 607405 831333 961315 317561 605127 949254 1025535 205143 980185 506894 211293 467399 702281 633377 452486 890803 162260 910569 473444 321214 447300 332701 460326 1012377 111251 999999999 384554 813336 481178 411131 771726 523554 750207 942361 424094 193425 395868 456020 500361 617237 324640 537000 634534 642142 828452 457791 803851 287197 909817 590075 864851 222512 925852 290754 389480 381598 222744 353546 570768 432137 166348 503960 609888 915817 980518 442229 1022281 660063 925084 592906 814974 962621
439358 556940 626890 604615 506558 129153 169915 978453 636447 432000 527692 214122 644510 658675 265120 387575 961911 288558 235906 279878 796533 700045 804568 595639 695785 591788 24445 168415 251867 773843 755416 72095 238760 774486 704200 240508 950625 818711 379072 141154 496669 556385 512544 628067 523953 717411 169390 595488 301215 434411 614429 682245 283875 384554 999999999 479894 146273 334048 883837 172132 569621 975126 157483 481588 470166 227235 224201 463040 490432 873409 597671 667277 844756 82778 516742 498825 643450 291280 918090 422158 722500 171937 451125 53363 452749 67033 541234 463550 227034 611929 702158 861134 695470 149643 691799 629558 963261 428402 527043 800374
262463 553478 165575 571527 413117 374574 331345 910947 349371 432603 418127 267340 836014 907937 242826 92831 761850 721515 579281 260147 917946 384476 625478 195284 877718 852227 471224 628978 229523 639138 411604 548100 250172 472108 224679 716854 800493 1099954 697563 353418 295555 504506 649096 232722 908238 405857 557143 887723 735279 662238 790803 202918 702099 813336 479894 999999999 516714 486016 925865 308203 353967 898553 587301 822957 648472 366396 314826 377333 736562 1177777 572095 681640 781892 398436 131464 777249 236269 225827 880637 733130 393030 651246 631040 453295 767406 475484 559909 604855 686694 743398 778748 701652 247450 564141 212623 594346 896177 362674 132132 508729
