NAME : synthetic_000365
TYPE : CTSP-D
DIMENSION : 100
GROUPS : 8
RELAXATION_LEVEL : 1
EDGE_WEIGHT_TYPE : EXPLICIT
EDGE_WEIGHT_FORMAT : FULL_MATRIX
EDGE_WEIGHT_SECTION
999999999 710438 54604 657856 791406 506689 888511 605160 481742 352257 986431 362716 417027 570390 785793 411831 237092 716860 579284 324174 592090 592531 245482 226926 531400 113580 775055 486378 702935 884434 611883 637370 746796 479368 775987 199710 589137 794874 408552 554139 711243 913947 894110 130899 432427 245309 523076 851903 263145 636643 870736 626636 350304 21129 153500 625913 527519 651365 256914 211036 643669 731934 197356 410703 824675 431694 251452 1028255 627746 718514 667046 339380 875875 526140 664838 935781 276744 567859 923242 568196 558522 406235 810407 334915 932482 954229 745185 508113 672622 1017199 367257 372678 767396 608917 822851 917786 1097082 699488 563583 460797
710438 999999999 655850 668773 135146 763549 242120 525881 235173 676860 689055 893775 324713 281892 88812 740339 507963 225545 410421 446977 132567 301254 796716 561978 199609 597304 311566 289878 585834 611216 710869 624454 60229 255019 181825 548282 585518 196889 598550 163654 681272 219511 223661 673648 443600 530951 305554 195597 603111 624690 224511 462987 693796 698674 599261 578375 695406 425385 569755 507432 440964 59927 629192 343603 484874 279390 593173 330533 129707 701187 245493 446572 527510 186113 407955 683495 433807 466164 225858 367337 177688 610139 573077 395401 700081 261658 576825 499880 522772 310880 508609 626523 63723 226106 334144 209476 386809 45191 319223 600762
54604 655850 999999999 632078 737627 497254 835442 569780 427291 338823 949066 384599 364857 520771 731408 404868 188822 665646 534856 276019 537628 543988 263098 190768 477645 59551 724854 434347 669388 846511 591673 608707 692428 425567 723242 154456 556558 742249 383012 499842 684392 859523 840050 123285 390642 204403 473792 797958 235619 605822 817582 584928 339599 46524 117445 593979 509402 607287 222688 158032 600507 677417 173624 359598 781879 377094 223871 974136 574037 692926 616590 293730 833752 471669 619737 900133 222140 526907 868781 522834 504789 382155 772764 282039 897969 900184 709779 469920 635657 962793 328554 351310 712799 556727 773748 863288 1042482 645102 515635 432388
657856 668773 632078 999999999 625355 230100 646340 143038 619993 320957 383194 507634 458153 390640 673596 300985 676839 475566 903853 710067 661458 367758 507428 445094 516684 597678 944880 720080 120169 301529 82315 44431 648961 660523 562286 684386 1027928 567610 249481 557356 54981 863187 884880 529518 303895 441686 382501 862896 802309 1081358 638849 971615 330759 636755 515407 90408 154571 960948 769297 624611 967039 726984 766706 436352 332427 581375 408331 813843 541829 60850 433094 397013 355778 567335 956874 320987 570404 935705 864509 303671 521668 251681 241279 644765 308074 752379 167866 917769 163436 836182 814772 286624 725111 781177 467855 777363 946095 625776 353407 951474
791406 135146 737627 625355 999999999 757964 110308 487527 342659 697731 580301 926640 379845 274257 64510 751777 610129 149861 545444 559522 256569 278730 841847 615109 260006 678090 431774 415438 526192 513123 680305 582616 75034 371760 67960 648433 720337 73667 607813 241391 627288 242431 275233 735312 457537 584735 313999 267177 716519 759821 91844 598007 715339 777199 664323 536724 681446 559780 681363 600257 575631 178815 735231 392517 386570 374535 636958 239335 163703 647386 195724 490032 421904 273306 541773 583381 520532 600980 241950 345149 232888 619765 487114 500004 602484 164755 506455 632780 466734 238343 631249 643178 144527 361164 219552 156089 338902 110407 306108 730853
506689 763549 497254 230100 757964 999999999 805365 297600 642340 159826 613193 281264 474916 488047 792914 96053 601051 616440 895590 659049 716025 479335 305284 342436 576433 481808 992505 724340 338145 530200 150634 243013 760893 674399 704403 594632 986424 714902 174978 618871 280392 977322 987206 377145 323523 355367 458200 957279 708842 1040044 794087 960886 157655 486913 394047 269980 85440 961935 682288 545415 963608 815393 658953 450958 542861 590977 291839 974745 634763 276109 564059 366689 574865 616131 963686 550684 519508 914545 981233 412960 591505 165514 465791 608487 536775 906230 389585 880460 356317 988507 755452 170595 825935 814390 647520 914033 1094783 726614 453268 886408
888511 242120 835442 646340 110308 805365 999999999 518216 451489 764058 532349 997172 472441 342859 158082 811045 716083 192922 651784 668267 366799 337417 920508 701077 359731 775954 519276 525731 536229 481693 710434 606386 182311 481677 114006 753593 827198 97058 668794 346486 638830 278510 325461 823910 526433 671553 388039 331244 825108 865272 18713 701995 781757 873332 755375 562424 724401 661894 789604 703297 678394 277091 841855 482029 361679 480497 717704 169589 264224 658482 248301 573876 384652 379373 642756 546913 622186 707898 273198 397467 332720 680671 471552 607191 568628 106733 506850 741738 483070 190237 741418 708003 235742 467603 189016 156063 300560 220703 368057 840826
605160 525881 569780 143038 487527 297600 518216 999999999 486256 316539 382186 540799 331925 247881 533239 331361 578631 338666 773864 599209 520727 224750 507161 379341 376841 525675 803533 589256 102497 281699 193303 98633 507384 528187 426702 592965 907009 433881 218714 416667 164501 722741 742967 486557 194109 366761 242796 720297 708517 959766 508928 841581 331721 584312 453250 52992 212710 827928 673244 530586 835085 583981 681786 312323 254221 452279 356475 687523 398793 182933 293040 297485 295063 428638 822490 330653 465539 809154 724496 160968 380262 227190 207713 530035 328240 622551 140083 796861 70894 706120 704509 265136 582683 642824 351182 641558 815030 483089 210827 840841
481742 235173 427291 619993 342659 642340 451489 486256 999999999 520386 768202 710223 168955 264717 318931 593909 272826 335848 289644 216870 110351 298274 600942 367303 129759 370427 352039 106589 575656 672647 635565 577563 281790 43980 353779 313116 439733 373654 467374 114166 650363 432240 414675 462872 328691 337810 248111 373700 373860 489367 432776 356890 535130 471803 387511 536836 593149 341684 338851 274305 348986 250375 395128 192912 560858 56916 409233 564293 197890 668124 312025 279944 613178 81621 336895 743337 206649 330568 441500 337106 146087 477140 613898 160368 753216 493246 587541 334166 514964 546052 295221 480671 287606 172159 465367 444597 618146 235776 292412 411224
352257 676860 338823 320957 697731 159826 764058 316539 520386 999999999 686449 234879 362053 424324 721413 77576 444749 571183 753460 507614 607535 426643 191960 186490 479278 321990 872157 590821 395162 591242 263457 311396 685704 546931 654268 436172 833598 668266 101243 519692 375921 895932 897775 221431 240194 203884 383970 863626 549463 886903 750059 817007 17701 331853 234263 315515 177350 822136 523591 389266 822195 722554 499128 339565 568935 465405 134749 929261 554074 379401 515757 241107 611526 509758 826042 628428 371883 767900 901504 369441 499317 90850 519100 462844 619809 856803 444686 729591 386901 935357 600670 56674 740562 691298 633051 850686 1036067 645645 396177 729582
986431 689055 949066 383194 580301 613193 532349 382186 768202 686449 999999999 889818 657096 506107 644414 680485 933422 466073 1049883 935032 752554 472380 878167 759789 638781 901892 1000612 873898 291479 103112 463402 378391 641041 811950 515367 954470 1207883 506638 595536 664187 333859 808224 850333 868724 561390 744776 535083 846932 1064566 1256952 536547 1114008 699376 965709 833670 371369 536086 1087487 1027623 891493 1099393 746157 1047038 645031 209374 755452 738655 660733 601429 341606 465455 664436 161781 690657 1075247 63775 817034 1096312 804027 453215 626591 602288 176315 862440 83816 627617 243702 1101895 313809 700774 1036998 640537 721310 882856 360751 688411 804531 645602 485582 1168065
362716 893775 384599 507634 926640 281264 997172 540799 710223 234879 889818 999999999 570098 655504 945757 211332 554959 804574 897606 635890 809030 659992 122530 343021 694168 404984 1053153 759890 605152 801674 431101 512659 908786 727951 886235 530027 939463 900865 334951 731827 559961 1113122 1109592 275306 471017 372454 612958 1072717 620053 989579 982747 954435 217412 350386 340103 529024 353747 969707 606483 506548 965880 934511 556571 550276 795015 653319 302885 1160912 776638 556873 749038 447292 834063 716451 978360 828312 525077 898987 1119632 604135 716818 323787 733026 613132 815694 1087796 656628 847624 608801 1164926 707516 291553 957261 873112 867660 1077236 1263251 866399 629149 816963
417027 324713 364857 458153 379845 474916 472441 331925 168955 362053 657096 570098 999999999 166021 384967 432240 282944 301682 445792 278209 245589 195687 472173 238603 126026 305819 517598 262750 428528 555952 468270 417245 346402 205444 359297 311132 575204 378005 300301 161796 492954 543476 539795 355879 160301 207660 125130 503816 412053 627865 454965 513527 377997 401263 284486 379500 424195 504484 374542 251119 509713 364515 405460 24028 461097 123716 268519 619052 217641 509634 255151 123318 515144 147989 502051 622295 169050 478188 550333 204320 151085 310526 489243 205884 628155 544480 449159 465143 372408 613678 381519 317592 387813 340080 416257 518751 703841 301221 174454 515516
570390 281892 520771 390640 274257 488047 342859 247881 264717 424324 506107 655504 166021 999999999 304930 477572 448287 153056 552562 434852 276478 33777 577933 364718 139009 463324 557052 371284 322168 408721 429089 346219 273088 308695 230800 477147 703705 245975 333581 174005 409223 490058 503620 489348 184576 336867 47755 477476 576105 753870 327776 618927 441990 552851 425947 300869 415835 598670 538504 416974 608152 338370 571456 163699 302358 249479 376476 505433 152635 428572 98891 237446 356038 192830 590219 478893 335070 595211 493573 86969 135809 345531 349205 362396 488506 432585 326858 596547 259047 511142 533833 369274 341821 403301 253179 429065 613153 241484 37499 662736
785793 88812 731408 673596 64510 792914 158082 533239 318931 721413 644414 945757 384967 304930 999999999 779745 591238 202467 494440 533422 220643 315577 854978 623420 259699 672235 368593 378622 579175 575697 724337 630122 39066 341991 129848 630945 670020 137899 635984 231850 678965 189597 215861 739894 482490 592545 338965 204258 690041 707443 141737 543942 738807 772920 666870 583911 719340 503878 656166 587143 520325 119320 714040 400819 448847 358593 649899 245575 169405 699082 240514 502074 485474 259987 484919 646405 510598 550855 191308 383260 233907 647856 547122 479145 665125 174476 562503 587081 518238 231427 597216 668412 80994 310644 283700 133830 319122 86307 339854 689112
411831 740339 404868 300985 751777 96053 811045 331361 593909 77576 680485 211332 432240 477572 779745 999999999 520951 618569 830853 584992 677669 475512 212480 263461 545270 393662 945944 666984 394017 590807 230109 302339 745212 621819 704175 510867 910617 716874 144011 586586 354894 958292 962809 283288 297696 281451 440780 929936 622561 963836 798065 894520 68696 392333 306744 317703 146605 899343 597866 465623 899550 788233 570060 409096 585181 539642 211568 978530 614858 354313 563878 313966 623178 578870 903008 619745 449447 845476 963311 413586 563766 132074 521756 540363 608279 907369 445415 806951 398256 987608 677300 114890 803828 765474 668085 906508 1090675 707020 446390 805226
237092 507963 188822 676839 610129 601051 716083 578631 272826 444749 933422 554959 282944 448287 591238 520951 999999999 571063 347468 87260 379608 478597 432807 258752 360781 150870 538226 253694 680904 830913 658095 643654 553543 258456 610479 41502 391799 630387 447725 369601 722672 696078 670595 279653 384528 247365 407931 627395 131217 444327 697486 400635 452307 234867 221622 616453 587366 420035 94829 55636 414237 518683 126531 290571 742669 235689 310079 836789 452837 735619 531138 282306 796651 336954 431639 893866 116417 344263 706247 481453 386633 451902 760979 112638 896966 765140 711093 293699 633191 818833 157159 433415 558569 375853 693499 717300 888352 506811 456845 285378
716860 225545 665646 475566 149861 616440 192922 338666 335848 571183 466073 804574 301682 153056 202467 618569 571063 999999999 595855 540328 292768 144600 730389 516991 214084 607006 535955 433097 377207 385740 531846 432978 185824 375937 88506 604536 763032 98648 475985 221888 477791 390391 418132 641323 334352 488585 200078 403218 692042 808651 179501 656908 588880 700165 576140 387209 537431 626551 654844 548159 639697 284552 697259 306169 259731 345211 529518 360071 143294 497903 55557 389426 304311 254331 612723 458115 465144 646496 390740 205313 191633 487878 348963 471426 474539 289995 360170 663431 317107 372071 629169 515089 267433 420727 129655 302895 479017 180948 175482 746815
579284 410421 534856 903853 545444 895590 651784 773864 289644 753460 1049883 897606 445792 552562 494440 830853 347468 595855 999999999 262499 303528 585668 776692 572960 414201 497586 237958 184635 865009 957327 911562 862534 470650 246411 583860 380549 175637 601490 723943 385773 937111 498694 452527 623655 603868 550682 537743 411338 345324 214921 634550 67782 764978 579943 558018 823409 859215 72571 332832 391581 68944 378459 404845 468069 840760 322521 623696 706381 453133 954335 585526 531134 891293 360850 86212 1028910 382593 57283 510874 626750 423717 731855 901294 291181 1039944 650638 877089 114094 804570 671111 221178 725922 423587 184318 722641 577249 701689 440165 581695 228197
324174 446977 276019 710067 559522 659049 668267 599209 216870 507614 935032 635890 278209 434852 533422 584992 87260 540328 262499 999999999 315116 467425 514530 321886 326245 235331 451862 174020 699673 834125 700611 673572 497251 192039 568412 125483 327514 588383 496293 325491 752150 623001 594097 361341 408338 304341 400553 550492 157036 381249 649554 318709 517096 322120 297584 641791 636088 334989 122786 129355 330245 450442 185641 292351 736283 195127 373757 777509 410589 766709 506818 313940 790220 291751 345620 900412 142025 264575 633637 482528 349594 502118 767293 72685 905896 707860 724536 221980 646946 756022 105323 488795 492595 293973 667374 654284 819400 451991 450288 241952
592090 132567 537628 661458 256569 716025 366799 520727 110351 607535 752554 809030 245589 276478 220643 677669 379608 292768 303528 315116 999999999 306104 703520 468017 145295 480615 283759 159106 598630 664073 689172 617432 186971 123128 284200 420549 473614 302853 543037 104115 684196 321941 306065 569649 393375 437609 279025 266212 470794 517444 348407 364156 623327 582053 494264 573428 658073 335070 437795 384277 347526 140171 498599 268573 543269 163039 506242 462741 151381 703204 287283 367297 592119 99901 322793 736527 316609 355534 331153 361136 140927 553762 613952 267121 749688 394221 601085 379545 535411 441032 376811 562886 178966 130688 419116 339280 509023 146219 311637 474578
592531 301254 543988 367758 278730 479335 337417 224750 298274 426643 472380 659992 195687 33777 315577 475512 478597 144600 585668 467425 306104 999999999 587589 381554 171654 487360 584537 404807 293244 374953 411006 323377 286341 342253 228680 506449 737420 241859 332240 205001 383205 503395 520205 506348 190322 354894 71705 496134 607167 787520 323521 651867 444342 574481 445551 277439 404014 630989 569591 445615 640717 359231 600831 190957 269167 283128 389216 503366 174299 402821 89117 255743 322968 225383 622149 445192 364401 628680 506169 67730 166428 344172 315789 394860 454958 431863 295436 630316 229766 512313 566956 370647 359023 434164 230594 434741 616672 258949 31428 696257
245482 796716 263098 507428 841847 305284 920508 507161 600942 191960 878167 122530 472173 577933 854978 212480 432807 730389 776692 514530 703520 587589 999999999 235852 598060 282560 938374 643861 587036 783200 441306 501734 816996 615451 807424 407503 817019 823468 288797 633244 562225 1014734 1007489 153293 397747 266661 532503 969170 498716 867263 904963 832774 178835 231327 221158 507456 355809 848967 484307 385201 844739 833636 436013 454563 757383 544163 205184 1079590 685733 563526 675137 352956 801499 614801 858175 819696 408647 776999 1021942 539031 622310 279975 710968 494792 810439 1005493 636646 725174 577860 1079657 584992 242211 859507 759559 807402 988122 1174026 772783 556176 695135
226926 561978 190768 445094 615109 342436 701077 379341 367303 186490 759789 343021 238603 364718 623420 263461 258752 516991 572960 321886 468017 381554 235852 999999999 364546 152637 711548 420706 478630 657625 412054 419497 584949 385413 587080 253203 647173 604467 199407 398331 496252 779315 771637 124808 207650 31029 317140 733404 369451 700437 684507 634888 195277 206455 73933 403364 334960 643141 340999 203146 641901 597876 325542 223061 599426 310388 51915 854303 455182 505839 463594 127612 650009 379073 648856 709918 190602 584096 786696 347990 389643 200958 583649 281929 707394 779776 519414 543719 446027 851086 414221 177052 624415 530897 611137 757125 942405 539807 350902 544025
531400 199609 477645 516684 260006 576433 359731 376841 129759 479278 638781 694168 126026 139009 259699 545270 360781 214084 414201 326245 145295 171654 598060 364546 999999999 418101 429041 235131 458703 544038 544024 472810 220903 173256 250622 396452 569130 270383 406144 42616 540948 419004 418510 480200 252935 333566 134239 384716 478688 618259 341500 480241 495952 517282 407386 429272 515152 459679 441698 344011 469159 243298 487309 144050 431138 131129 393896 497626 96409 559692 183946 246981 483420 53825 451459 615193 262482 458242 425467 219192 27161 417360 487095 257798 625828 423308 465647 463925 396261 489745 416536 430634 263122 266540 341764 393521 578148 175285 170948 538474
113580 597304 59551 597678 678090 481808 775954 525675 370427 321990 901892 404984 305819 463324 672235 393662 150870 607006 497586 235331 480615 487360 282560 152637 418101 999999999 677263 384067 626703 798981 563509 571399 633232 371004 663851 125649 536204 682899 351472 440559 648574 802541 784301 130163 341025 159186 416672 742555 229487 587371 758077 551502 325813 101553 87851 553322 484294 570140 207827 108825 564802 620046 177190 301261 729892 319141 194932 914714 514490 658390 558457 240856 782302 412670 580938 854700 164195 495021 811633 469032 445244 352278 725664 230735 853652 840724 665067 442641 589643 903649 302844 325153 654774 505699 716480 804333 984063 585933 459549 419073
775055 311566 724854 944880 431774 992505 519276 803533 352039 872157 1000612 1053153 517598 557052 368593 945944 538226 535955 237958 451862 283759 584537 938374 711548 429041 677263 999999999 295068 877683 921457 972609 900746 362511 326730 489826 577345 384595 502338 817855 387673 966189 295783 241720 791059 673032 683696 562663 209059 569523 402627 505564 246163 886662 771360 718092 856388 938748 196839 550124 568734 215591 255617 622509 541547 795685 406797 756871 524188 414884 985429 548490 631982 839021 381222 172484 993955 529859 286842 307749 643100 423309 827954 879729 447537 1009860 484164 875765 351630 814129 481433 445721 832617 287608 181190 644435 402943 488410 355236 593278 465128
486378 289878 434347 720080 415438 724340 525731 589256 106589 590821 873898 759890 262750 371284 378622 666984 253694 433097 184635 174020 159106 404807 643861 420706 235131 384067 295068 999999999 680586 778909 730518 678438 345929 62650 438729 294841 334138 458009 550290 213018 752648 450247 420144 495992 422290 394377 353852 376503 321736 383150 507277 252325 604010 480788 423204 638950 682105 241836 292040 276574 247037 283072 358982 285635 665957 139034 468279 617048 290747 769983 414373 357652 717851 183783 240552 849756 235224 223983 461123 442931 248653 559062 720479 153367 859764 550682 693625 230738 620459 591603 219014 557322 327285 122580 562569 490474 648893 305031 398827 317454
702935 585834 669388 120169 526192 338145 536229 102497 575656 395162 291479 605152 428528 322168 579175 394017 680904 377207 865009 699673 598630 293244 587036 478630 458703 626703 877683 680586 999999999 197121 199598 95165 558520 618605 460511 695460 1003331 463465 304564 495902 102617 767597 793945 581249 296463 467554 327921 775755 810933 1055659 530222 932456 408402 681945 552314 79909 255020 916138 775573 633064 924309 645425 784192 410223 212285 545905 452349 701536 464758 122388 341962 399978 237881 512017 909251 235214 567381 902647 767837 239772 457936 310995 128238 629740 229847 642886 51680 893449 63587 726460 804863 349194 637833 724898 353074 673892 836784 541294 287881 940860
884434 611216 846511 301529 513123 530200 481693 281699 672647 591242 103112 801674 555952 408721 575697 590807 830913 385740 957327 834125 664073 374953 783200 657625 544038 798981 921457 778909 197121 999999999 383711 289249 567566 716571 445910 851596 1112220 440217 497764 571834 258385 749585 787585 767969 458344 642149 435224 779914 962100 1161999 482646 1022372 604903 863783 731443 275914 449496 997815 925244 788604 1009003 669862 944045 543256 127018 657184 637685 626506 514268 270373 377342 561327 97987 596766 986644 72670 714571 1002277 746674 351705 533653 505109 74140 761649 89438 583592 146596 1005268 212183 661954 936699 543404 649110 794758 297301 635843 769758 566686 386088 1068683
611883 710869 591673 82315 680305 150634 710434 193303 635565 263457 463402 431101 468270 429089 724337 230109 658095 531846 911562 700611 689172 411006 441306 412054 544024 563509 972609 730518 199598 383711 999999999 108192 696905 673643 619977 660753 1024598 627149 212828 586079 129884 913409 931196 481389 308232 414193 412392 906360 778613 1078392 701632 978923 270220 591028 477780 148572 86484 972347 747612 603885 976910 767382 737523 445005 411225 591706 369273 879337 581710 125777 485115 387688 436945 591609 970310 400560 558787 939053 915616 343838 552797 211256 323311 639675 386248 815327 249033 915218 233319 898995 803474 240374 769837 802577 537638 834731 1008126 669570 391675 939191
637370 624454 608707 44431 582616 243013 606386 98633 577563 311396 378391 512659 417245 346219 630122 302339 643654 432978 862534 673572 617432 323377 501734 419497 472810 571399 900746 678438 95165 289249 108192 999999999 605102 618462 520144 653070 989087 525992 229856 513319 79024 819717 840931 511108 265720 413563 338582 818700 770631 1042365 598379 930315 323102 616242 491395 46278 160465 918869 736925 592395 925238 682608 737418 395885 304125 540021 386196 774577 497412 93255 389615 362154 332662 523728 914444 318465 535126 895303 821177 259251 477480 233983 222903 607127 308705 712042 146580 878855 125620 795835 778607 270963 680973 737718 430621 735289 905508 581540 309003 915374
746796 60229 692428 648961 75034 760893 182311 507384 281790 685704 641041 908786 346402 273088 39066 745212 553543 185824 470650 497251 186971 286341 816996 584949 220903 633232 362511 345929 558520 567566 696905 605102 999999999 306542 127326 593043 645722 140320 601731 192797 656901 217202 236077 701048 447604 554041 304759 217832 654111 684893 164515 522973 703021 733882 627926 558825 688726 484875 619873 548629 500654 107059 676864 362597 440586 320195 612018 283671 132161 676983 216980 464220 480385 221148 467048 639193 471760 526364 220489 354015 195318 613555 534427 441705 656905 211607 544845 559429 496586 270463 563687 633204 81811 286335 282310 172671 357456 47385 308949 659192
479368 255019 425567 660523 371760 674399 481677 528187 43980 546931 811950 727951 205444 308695 341991 621819 258456 375937 246411 192039 123128 342253 615451 385413 173256 371004 326730 62650 618605 716571 673643 618462 306542 999999999 388399 299768 395936 408071 499571 154230 691979 438036 415061 472540 365736 357158 291462 372606 348147 445429 463018 313874 561004 471191 397817 578335 628371 300430 314780 268758 306966 260470 375665 228979 604380 83507 430168 585531 235494 709534 354339 308919 656545 123257 296907 787300 211106 286630 448042 380523 188243 508891 657871 147097 797196 516260 631128 290910 558212 564149 260265 509974 301389 145641 505592 462398 630204 262420 336202 371058
775987 181825 723242 562286 67960 704403 114006 426702 353779 654268 515367 886235 359297 230800 129848 704175 610479 88506 583860 568412 284200 228680 807424 587080 250622 663851 489826 438729 460511 445910 619977 520144 127326 388399 999999999 646836 756658 19987 560888 243061 562147 309934 343137 709924 415223 557548 274990 334005 724161 798763 97646 640157 671963 760502 641591 474622 625791 604780 687885 594522 619674 234275 736858 368301 319144 376313 604140 274998 158192 582206 140730 459925 355808 276738 588278 516557 512570 637799 309034 292215 224137 572826 419154 504081 535326 203195 439375 663707 402037 284300 648250 598661 206080 401344 155332 215145 390635 144579 258350 756183
199710 548282 154456 684386 648433 594632 753593 592965 313116 436172 954470 530027 311132 477147 630945 510867 41502 604536 380549 125483 420549 506449 407503 253203 396452 125649 577345 294841 695460 851596 660753 653070 593043 299768 646836 999999999 410562 666678 448536 407356 731897 737514 712093 255758 399375 246705 435119 668884 118066 461849 735053 430681 442241 199412 205702 628287 586864 452919 87797 63010 446052 559841 94386 316325 767414 273956 302844 876519 489767 743973 562904 295487 821233 375129 465692 912977 142093 372984 747659 504822 422712 451663 780624 153429 915057 804563 727894 318048 650253 859155 177490 430112 599473 416789 725177 757712 929442 546139 483264 295440
589137 585518 556558 1027928 720337 986424 827198 907009 439733 833598 1207883 939463 575204 703705 670020 910617 391799 763032 175637 327514 473614 737420 817019 647173 569130 536204 384595 334138 1003331 1112220 1024598 989087 645722 395936 756658 410562 999999999 774694 823225 546249 1066346 666214 616979 666230 724034 631300 682078 577802 326749 53856 809869 139035 842259 596008 613171 953573 962695 188141 333914 446062 169255 554022 393216 594799 1000093 458808 699050 879730 619739 1082217 747800 636931 1051950 517857 212403 1182597 468696 119360 678460 770571 582594 829322 1052217 384929 1191844 825478 1020923 110251 945643 843060 234706 816281 599030 359596 891399 751003 866973 613909 729114 134687
794874 196889 742249 567610 73667 714902 97058 433881 373654 668266 506638 900865 378005 245975 137899 716874 630387 98648 601490 588383 302853 241859 823468 604467 270383 682899 502338 458009 463465 440217 627149 525992 140320 408071 19987 666678 774694 999999999 573975 263046 565572 311544 347419 727621 429921 575099 290986 340715 744147 816412 81884 657173 685968 779266 659707 480819 635454 621206 707871 614201 636308 247297 756781 386554 314029 396289 620668 261657 178176 585566 153020 477130 348378 296720 604362 510128 532162 655708 309860 303898 243967 585891 416631 524063 529487 191379 440269 682397 406189 273771 668010 612425 216584 418497 145887 210460 381527 161525 272090 775449
408552 598550 383012 249481 607813 174978 668794 218714 467374 101243 595536 334951 300301 333581 635984 144011 447725 475985 723943 496293 543037 332240 288797 199407 406144 351472 817855 550290 304564 497764 212828 229856 601731 499571 560888 448536 823225 573975 999999999 448151 302692 815644 821691 281303 154962 201833 297064 789872 566193 877064 655429 789955 118085 387435 267059 224836 140042 789161 535751 392877 791470 647905 524734 276415 468963 416108 159143 835578 471967 310262 420970 193077 512703 443308 790207 539709 354554 745500 820424 271932 423175 11957 424551 440566 533175 764026 352042 715355 289572 843929 596817 46598 661807 639451 532762 762497 946715 564218 302748 731191
554139 163654 499842 557356 241391 618871 346486 416667 114166 519692 664187 731827 161796 174005 231850 586586 369601 221888 385773 325491 104115 205001 633244 398331 42616 440559 387673 213018 495902 571834 586079 513319 192797 154230 243061 407356 546249 263046 448151 999999999 580301 381750 378720 510735 295349 367305 174991 343935 481105 593941 327885 450538 536197 541098 436782 469336 557764 427148 444896 358989 437635 203289 495428 181874 455243 134052 430236 474620 85106 599244 201558 284665 506334 33754 417549 643682 280124 432534 388750 257461 38691 459294 517767 261350 655417 401051 500409 443734 432957 463257 408918 471814 226269 229313 351509 364789 547469 145654 208244 524929
711243 681272 684392 54981 627288 280392 638830 164501 650363 375921 333859 559961 492954 409223 678965 354894 722672 477791 937111 752150 684196 383205 562225 496252 540948 648574 966189 752648 102617 258385 129884 79024 656901 691979 562147 731897 1066346 565572 302692 580301 999999999 867960 892836 583429 343971 491410 407126 873233 849529 1119491 632829 1004878 385732 690125 567378 113702 208291 992037 815900 671340 998945 740395 815785 472158 306310 614881 460980 803862 557135 20119 439921 441144 322592 593010 986841 270803 614028 971111 868509 323178 543399 305430 205414 685275 256388 745496 139342 956095 160755 829057 857261 340895 735163 807174 455058 776031 939389 637278 372934 994023
913947 219511 859523 863187 242431 977322 278510 722741 432240 895932 808224 1113122 543476 490058 189597 958292 696078 390391 498694 623001 321941 503395 1014734 779315 419004 802541 295783 450247 767597 749585 913409 819717 217202 438036 309934 737514 666214 311544 815644 381750 867960 999999999 56182 887720 660804 748340 519770 88600 771328 691578 272142 528136 912953 903993 812665 773503 905841 480387 742281 705243 499116 183118 808611 562853 624530 484132 811975 231834 343702 888079 430111 665842 655121 400532 457019 817947 638465 554952 12247 571107 397128 827355 728166 585120 838335 206800 748858 608524 707207 186692 660235 845001 155884 341513 452355 127299 203815 251441 526114 720964
894110 223661 840050 884880 275233 987206 325461 742967 414675 897775 850333 1109592 539795 503620 215861 962809 670595 418132 452527 594097 306065 520205 1007489 771637 418510 784301 241720 420144 793945 787585 931196 840931 236077 415061 343137 712093 616979 347419 821691 378720 892836 56182 999999999 875665 666829 740878 529137 43830 738499 640489 317229 478292 914461 885267 800295 794656 918566 429954 710996 683798 448795 175430 779035 560516 661427 468988 807057 288008 352825 912929 452968 663054 694741 393278 406243 857113 621164 508000 67341 587436 399051 833211 762160 561562 876783 260952 778284 564083 732363 242597 624029 848550 161834 305373 491481 179911 250011 262136 540563 677444
130899 673648 123285 529518 735312 377145 823910 486557 462872 221431 868724 275306 355879 489348 739894 283288 279653 641323 623655 361341 569649 506348 153293 124808 480200 130163 791059 495992 581249 767969 481389 511108 701048 472540 709924 255758 666230 727621 281303 510735 583429 887720 875665 999999999 329133 152774 441703 835703 353874 717185 807084 679483 220018 110422 75407 502811 396734 696009 335825 232077 691582 704828 294932 342972 717986 407150 130405 974639 573513 589930 588187 251960 767339 488024 705576 815808 262151 623752 895797 471337 506256 278004 693844 344666 811073 900055 625662 572566 555850 969464 433001 243211 734717 614303 735749 873705 1057855 654941 475651 547418
432427 443600 390642 303895 457537 323523 526433 194109 328691 240194 561390 471017 160301 184576 482490 297696 384528 334352 603868 408338 393375 190322 397747 207650 252935 341025 673032 422290 296463 458344 308232 265720 447604 365736 415223 399375 724034 429921 154962 295349 343971 660804 666829 329133 999999999 187151 143947 635380 514476 777477 511805 671397 257805 412521 279210 233689 265764 664123 479137 336775 668817 493377 489321 136834 392281 283496 204076 689998 317213 358973 278817 104221 443509 293551 662160 516099 272023 633220 665696 143642 268770 166600 385461 341408 516821 617133 328870 613884 251629 695251 513562 186067 506845 498293 411753 610758 795952 409425 159040 650282
245309 530951 204403 441686 584735 355367 671553 366761 337810 203884 744776 372454 207660 336867 592545 281451 247365 488585 550682 304341 437609 354894 266661 31029 333566 159186 683696 394377 467554 642149 414193 413563 554041 357158 557548 246705 631300 575099 201833 367305 491410 748340 740878 152774 187151 999999999 289159 702778 364439 684840 654865 613595 214523 225534 92536 394273 340589 620161 333968 191985 619555 566991 325167 192430 579367 280925 73955 823994 424454 502067 435625 99443 630655 348167 625111 696446 168298 564052 755700 324399 358726 205172 568462 259579 694924 749446 506427 526244 431627 820440 400204 186269 593404 502778 585090 726276 911492 508838 324593 532370
523076 305554 473792 382501 313999 458200 388039 242796 248111 383970 535083 612958 125130 47755 338965 440780 407931 200078 537743 400553 279025 71705 532503 317140 134239 416672 562663 353852 327921 435224 412392 338582 304759 291462 274990 435119 682078 290986 297064 174991 407126 519770 529137 441703 143947 289159 999999999 500197 537177 733323 372470 604988 401534 505408 378208 295089 390340 588234 499657 374064 596416 358891 529503 119277 336358 223618 330000 548481 176571 425721 146484 189762 390396 185886 581620 503446 293169 577226 524133 89080 140466 308919 371386 327870 511090 475004 339865 573437 266864 552090 501925 330001 367738 400052 299957 466814 652097 268573 49745 633462
851903 195597 797958 862896 267177 957279 331244 720297 373700 863626 846932 1072717 503816 477476 204258 929936 627395 403218 411338 550492 266212 496134 969170 733404 384716 742555 209059 376503 775755 779914 906360 818700 217832 372606 334005 668884 577802 340715 789872 343935 873233 88600 43830 835703 635380 702778 500197 999999999 694670 602983 320829 439595 880122 843332 760300 772503 890462 391791 667203 641353 410526 142004 735332 525094 653098 428634 769910 315265 325220 893263 433806 627124 689072 356374 368421 850461 579837 467265 100836 562661 366699 801266 750660 518778 869331 279369 762676 522161 713424 272453 580309 815347 138071 261569 486401 197321 290353 237235 514776 635215
263145 603111 235619 802309 716519 708842 825108 708517 373860 549463 1064566 620053 412053 576105 690041 622561 131217 692042 345324 157036 470794 607167 498716 369451 478688 229487 569523 321736 810933 962100 778613 770631 654111 348147 724161 118066 326749 744147 566193 481105 849529 771328 738499 353874 514476 364439 537177 694670 999999999 373549 806397 380421 554330 271516 315821 745058 704019 413288 37605 178419 402143 603611 66482 420933 872802 348564 417876 933528 566041 861785 655201 411303 926827 447469 430883 1025062 247536 320757 782378 612290 503151 569064 892193 220924 1028059 864389 841893 254923 764034 910893 124689 546490 646769 433477 817126 809267 970629 608991 586441 197800
636643 624690 605822 1081358 759821 1040044 865272 959766 489367 886903 1256952 989579 627865 753870 707443 963836 444327 808651 214921 381249 517444 787520 867263 700437 618259 587371 402627 383150 1055659 1161999 1078392 1042365 684893 445429 798763 461849 53856 816412 877064 593941 1119491 691578 640489 717185 777477 684840 733323 602983 373549 999999999 848279 165454 895418 644307 665377 1006595 1016547 211446 383221 498883 192949 589917 439752 647700 1048685 510474 752288 910058 665460 1135456 795283 690738 1100186 566371 234567 1232677 522526 162155 703807 822016 630807 883141 1102775 438718 1242294 858443 1072596 163598 997617 871746 287173 869966 634206 398738 936314 782221 889753 655068 779966 176985
870736 224511 817582 638849 91844 794087 18713 508928 432776 750059 536547 982747 454965 327776 141737 798065 697486 179501 634550 649554 348407 323521 904963 684507 341500 758077 505564 507277 530222 482646 701632 598379 164515 463018 97646 735053 809869 81884 655429 327885 632829 272142 317229 807084 511805 654865 372470 320829 806397 848279 999999999 685295 767761 855659 738236 554016 713684 645573 770900 684918 661944 261018 823224 464885 360888 461878 701783 180838 245832 652592 234509 557464 386284 360732 626655 548986 603911 690539 267558 384673 314456 667331 469629 588521 570274 113711 502332 723846 475887 197469 722806 694156 220530 450291 187291 153225 307247 202250 353890 822582
626636 462987 584928 971615 598007 960886 701995 841581 356890 817007 1114008 954435 513527 618927 543942 894520 400635 656908 67782 318709 364156 651867 832774 634888 480241 551502 246163 252325 932456 1022372 978923 930315 522973 313874 640157 430681 139035 657173 789955 450538 1004878 528136 478292 679483 671397 613595 604988 439595 380421 165454 685295 999999999 828109 628961 616163 891176 925823 49325 373634 447940 30659 425675 443599 535746 904705 390299 686051 744754 515040 1022114 648936 597425 954726 426660 73680 1094171 445298 59685 540382 693935 488783 797678 967227 354163 1105575 693041 944058 127651 871849 706839 260770 790861 469523 238853 782349 616790 728218 495687 648546 230576
350304 693796 339599 330759 715339 157655 781757 331721 535130 17701 699376 217412 377997 441990 738807 68696 452307 588880 764978 517096 623327 444342 178835 195277 495952 325813 886662 604010 408402 604903 270220 323102 703021 561004 671963 442241 842259 685968 118085 536197 385732 912953 914461 220018 257805 214523 401534 880122 554330 895418 767761 828109 999999999 330211 238546 329006 183751 834036 529326 397021 833794 739182 502600 355691 584672 479866 143367 946955 571322 388433 533457 256440 626783 525838 838317 640872 382813 778413 918581 387047 516197 107373 533112 474024 631777 874484 458308 738982 401833 953001 608756 74205 757509 705676 650364 868206 1053628 662813 413879 736531
21129 698674 46524 636755 777199 486913 873332 584312 471803 331853 965709 350386 401263 552851 772920 392333 234867 700165 579943 322120 582053 574481 231327 206455 517282 101553 771360 480788 681945 863783 591028 616242 733882 471191 760502 199412 596008 779266 387435 541098 690125 903993 885267 110422 412521 225534 505408 843332 271516 644307 855659 628961 330211 999999999 133354 604855 506794 652271 262498 204344 645141 721569 206740 394165 804801 420694 230347 1014622 613496 697421 649904 320548 855856 513709 665086 914909 265742 570584 913124 549045 544350 385148 789736 328302 911529 940457 724314 512267 651904 1004345 370995 351682 756308 603123 804952 905329 1085467 686650 545305 469290
153500 599261 117445 515407 664323 394047 755375 453250 387511 234263 833670 340103 284486 425947 666870 306744 221622 576140 558018 297584 494264 445551 221158 73933 407386 87851 718092 423204 552314 731443 477780 491395 627926 397817 641591 205702 613171 659707 267059 436782 567378 812665 800295 75407 279210 92536 378208 760300 315821 665377 738236 616163 238546 133354 999999999 476601 397433 629917 291702 169213 626534 629697 265035 273354 671484 331745 108507 903474 501668 576251 524210 189946 722502 413389 638289 783844 188319 562014 820824 416852 433756 266980 657497 273650 781243 828916 593328 514820 519932 897093 378473 238313 660012 540370 676081 800586 984202 581532 415663 501134
625913 578375 593979 90408 536724 269980 562424 52992 536836 315515 371369 529024 379500 300869 583911 317703 616453 387209 823409 641791 573428 277439 507456 403364 429272 553322 856388 638950 79909 275914 148572 46278 558825 578335 474622 628287 953573 480819 224836 469336 113702 773503 794656 502811 233689 394273 295089 772503 745058 1006595 554016 891176 329006 604855 476601 999999999 184796 878479 710535 566654 885299 636638 714961 358970 272894 501206 374710 731067 451607 131306 343418 334149 306713 480762 873466 314881 505461 857571 775004 213960 433089 231120 204770 573882 308627 667723 129325 843333 87123 751478 747078 269299 634744 694929 389289 689754 860943 535371 263816 883735
