NAME : synthetic_000637
TYPE : CTSP-D
DIMENSION : 100
GROUPS : 8
RELAXATION_LEVEL : 1
EDGE_WEIGHT_TYPE : EXPLICIT
EDGE_WEIGHT_FORMAT : FULL_MATRIX
EDGE_WEIGHT_SECTION
999999999 600965 442703 528938 404878 468631 209183 412702 658944 650665 262762 574297 692541 266149 543237 297764 677840 285297 436628 583785 209568 338060 344020 67955 368803 63200 613442 462365 437523 742264 591728 467927 593334 426025 308596 572275 482142 583175 489974 360236 271357 530717 513344 579543 788570 438723 305957 601000 531702 415540 300441 557291 510821 98611 171545 577915 728698 122630 269193 464475 283076 447108 104572 471170 25765 309613 691155 371788 397507 199706 343767 379951 240770 396651 359099 394582 557129 257961 144380 91808 638499 587245 617231 405590 591759 185113 619782 585201 337631 124165 383595 597331 595335 810723 537587 563945 270229 201418 516387 72571
600965 999999999 309081 835748 526817 207328 449416 693552 827429 790524 863597 215244 988962 861006 132146 846101 867386 884121 401066 430627 637126 898258 909540 668644 570735 653051 580925 507625 182641 637720 56559 252931 355171 1024262 607581 749723 212802 521008 340729 885331 835007 119601 190213 177486 526141 752365 486382 364281 220058 186377 895432 666705 238820 508527 731328 359774 896498 485650 765250 785256 374563 470878 497212 818082 575208 315629 980079 971502 795427 768782 392269 338063 489268 719481 402759 876808 681082 857953 472259 509494 703042 13802 386361 255376 128326 415903 68624 393862 676153 476808 977490 215503 13747 515838 295779 653693 510048 454449 195065 560994
442703 309081 999999999 529676 219554 365068 405498 391478 521628 486671 679970 451933 680090 703116 182622 605791 560686 716051 514839 617008 384916 660263 674252 505378 269567 471958 299554 199604 293462 393161 343447 56883 156548 853701 321528 441453 383032 241936 498343 629358 712946 189916 389012 426469 367293 450831 204192 165742 114594 237884 736333 361211 88453 384524 513445 562250 592619 323778 685736 482792 376675 575940 349121 517619 420876 159544 671097 797052 506473 550937 446582 63362 471363 422026 467142 604541 374709 669202 375136 361838 406973 300708 601232 353407 215597 299475 369191 590976 387243 341461 818558 174867 314193 381522 94939 349979 508200 405300 395720 377450
528938 835748 529676 999999999 310132 830075 685415 146898 188153 211617 559683 936617 169787 630403 712284 370717 181837 615402 899131 1038269 320688 402008 417547 533584 266713 489478 380840 344807 765250 476018 862900 586536 568929 697924 256826 157295 848677 410819 922570 326645 708691 718347 867559 921359 635410 95826 362362 567632 637567 713223 647095 236947 612568 575943 410586 1006046 232463 516245 768440 65176 723141 933791 536788 65533 532498 559664 165762 650693 148160 419445 804364 498829 742200 138886 825142 251400 220681 541831 611778 537905 284914 826093 1048277 788229 743149 579290 890732 1025617 199611 555357 699771 683697 839248 673917 578940 257456 779127 679267 873454 477063
404878 526817 219554 310132 999999999 544401 473520 175295 324515 297532 578123 644943 463018 622936 402173 452697 359302 625325 650888 776643 249070 505417 521254 448227 63890 403651 209502 65780 475123 339476 556733 276425 282712 750187 141971 236419 563215 188569 656800 457281 663194 408660 577304 625285 420795 234276 105175 284638 328566 420068 651890 176475 303188 396463 396664 733368 398991 323636 673910 265120 482615 699454 351828 301286 392951 277780 454626 693878 302755 428751 564102 193848 540227 210816 585917 415817 184092 563484 413094 360013 248674 517616 774852 513324 433507 352818 583870 757505 191341 359289 727620 378508 530920 451843 275401 175021 579975 469734 583637 332756
468631 207328 365068 830075 544401 999999999 279041 683209 867875 837652 725528 110713 995882 708424 265398 749580 903595 736005 194970 256400 567950 796967 805446 531951 568127 528829 664622 550432 71687 751475 164741 325707 477968 872171 577478 780787 18820 606698 145199 800862 666144 242036 44742 110919 679896 737267 468399 488404 335865 127814 741945 712106 339886 370055 624980 197386 941695 374978 582247 770740 197149 265064 375350 797178 443911 270963 989165 823372 754822 659515 190936 356798 301951 697752 198405 809967 723176 723332 325524 384915 767478 196334 236195 64640 296024 295383 183604 227189 643603 351526 820779 367884 194749 678473 404145 704286 315409 285744 48321 450185
209183 449416 405498 685415 473520 279041 999999999 548905 779740 761311 451572 376496 854770 429834 432605 506318 806759 458238 229398 376639 373727 547230 552970 263868 464329 272383 659511 512011 268663 777026 425785 404480 560410 593326 434229 688923 289198 613894 280941 566868 389022 413779 322252 387801 772717 589953 369979 570110 454815 268965 463148 648042 441904 118896 379454 368758 853787 169178 316596 620546 82020 250401 150140 636364 188603 245984 851174 545239 573609 408854 134862 355810 68007 546639 151374 593969 653154 451163 75105 151879 722181 435819 408077 214462 479471 120957 450874 376348 485804 130124 541738 513888 440571 785429 489834 648327 107406 7771 324002 221199
412702 693552 391478 146898 175295 683209 548905 999999999 247053 243938 503275 789740 314091 564315 573150 337712 265309 556907 756855 894139 205479 383629 400185 431183 122856 384676 309101 224115 618387 428627 718615 447876 452481 662404 114773 164608 701823 319559 777550 320471 628163 577627 720670 774708 557621 59360 215556 453063 502872 566542 587173 185885 477208 445118 330433 860318 315996 380503 669734 91721 581205 794480 403458 126291 411497 412770 308419 609429 138619 351080 663070 355564 608832 43571 684184 262904 176898 486267 477069 406353 263133 683439 902523 641905 606847 438202 746766 880499 78091 419952 652220 553797 696428 593263 450560 202115 646944 543208 726559 352119
658944 827429 521628 188153 324515 867875 779740 247053 999999999 43512 733967 965986 208590 800594 696210 551159 42145 789168 972125 1100658 452531 586583 602493 678017 316425 631609 277005 322455 797818 330916 864856 575750 506617 880514 353074 90931 886659 327506 981013 512499 870815 707993 899316 944091 511307 237145 415921 501990 611285 742148 820406 160746 589752 684050 570791 1057869 74831 615489 916562 226842 800269 1017109 640701 248402 656453 602254 195884 831327 325203 586463 882531 512689 843125 271669 904220 438495 146936 716331 711494 645235 147462 820250 1099314 837835 716297 662645 890022 1081967 324484 654531 878501 642115 833818 551179 540447 174382 882209 774799 905768 596055
650665 790524 486671 211617 297532 837652 761311 243938 43512 999999999 741299 933974 251256 805564 658888 563123 85175 795974 948001 1073969 447767 601434 617618 673918 297031 627210 234100 288858 767068 288843 829164 539897 465344 892624 342367 79376 856381 285694 953997 529010 871915 671341 867947 911117 468105 244606 393726 460457 573174 711119 826846 125996 552204 669706 573166 1029357 106056 599709 912227 240136 777902 994969 625759 266689 646509 574771 238656 842097 338475 591382 859904 481263 825837 274228 881674 456994 114529 723864 694861 631084 103972 783690 1070531 809842 677600 642724 853884 1054204 322006 638304 887851 602153 797260 507966 501364 136955 865218 756684 874463 585451
262762 863597 679970 559683 578123 725528 451572 503275 733967 741299 999999999 827399 689311 77887 800645 193683 738214 55751 660508 802095 329302 186140 178230 195612 522712 213322 780971 643369 699076 910340 854206 714026 819094 174650 443227 663856 737682 766683 725664 256109 176643 789634 769903 836115 994492 497403 503104 825230 779800 678302 87534 684484 756911 358403 181703 810459 790146 380339 282508 508179 532261 651215 366476 494169 288525 565111 692838 117706 412071 153298 577595 616818 457479 467853 588121 328694 678002 17876 400620 354108 764775 849896 846405 661336 848721 447858 882086 811425 429196 386895 150512 845616 858072 1022168 773727 697682 471833 444142 772378 309430
574297 215244 451933 936617 644943 110713 376496 789740 965986 933974 827399 999999999 1101102 805532 317755 858902 1002856 834561 227910 217694 678639 905648 913756 635886 672673 635497 748834 645242 171405 825142 159025 405535 544299 968256 685826 880530 94097 689559 151201 911001 755987 296248 69227 38390 733074 844677 574298 554364 400499 225034 838405 807997 410482 475780 733701 145680 1039025 484763 663581 878212 295172 290709 483926 905475 550090 377007 1094017 921293 864700 767708 265640 453311 387152 805778 265039 920671 819973 826173 430130 492995 858652 210084 171239 169367 334215 405052 159760 179812 752515 459922 915267 417233 201617 726098 474520 798779 392214 383737 63702 559403
692541 988962 680090 169787 463018 995882 854770 314091 208590 251256 689311 1101102 999999999 764393 861722 495629 171177 744545 1068868 1207629 486906 513547 526897 691080 428470 648844 477439 484859 929748 539471 1019748 736706 694996 806638 426229 250444 1014582 521588 1091490 437347 850572 870006 1032311 1084288 719114 265613 527492 691822 782114 876645 776287 342338 758287 744186 560520 1174409 192421 685656 920786 234267 892890 1103464 705727 221497 697856 724947 12972 765694 297594 562715 974149 656197 910781 308599 994929 361570 325423 671580 780867 706442 353481 980125 1216613 955830 888448 749068 1046856 1194483 369096 724659 818136 821797 993501 758944 717294 360926 947316 848545 1038342 644102
266149 861006 703116 630403 622936 708424 429834 564315 800594 805564 77887 805532 764393 999999999 809171 269377 806934 35561 624020 761090 377903 264027 255927 199394 571309 231574 829659 686999 689363 959790 846596 732147 848514 164079 494069 727204 719006 810845 693543 333404 101133 796211 751977 817630 1032683 563453 539714 855361 796699 674632 34493 741499 775152 352652 234752 775635 859090 388662 214438 576533 511830 607492 369946 564908 290988 575719 767551 116099 482277 214264 547420 639786 424491 531338 555466 404937 736207 94553 389760 356869 822778 847209 809558 643786 857742 447076 873525 773632 488129 387283 117505 862485 854364 1058384 797899 753487 432951 422901 753817 325843
543237 132146 182622 712284 402173 265398 432605 573150 696210 658888 800645 317755 861722 809171 999999999 757827 736446 828202 453306 517624 540987 811498 824114 610805 450611 587324 449245 378116 207184 511437 177346 125749 228559 968826 495742 619849 278743 389267 410585 790096 798160 23397 269893 284355 417348 632428 374672 238289 88382 172935 843553 535597 106775 461117 651579 451865 764791 421433 745257 664702 372448 522349 439243 698971 518199 235583 852486 913830 683171 689615 416009 222287 486347 602103 431936 773601 550238 792695 434018 452353 570899 126812 484957 286966 48667 365317 198312 484614 563366 422888 926674 102593 140203 413757 164554 522192 515278 435687 276329 491429
297764 846101 605791 370717 452697 749580 506318 337712 551159 563123 193683 858902 495629 269377 757827 999999999 551580 248984 734391 881537 220902 54495 69204 256712 390337 234976 638011 517788 706373 763000 849508 650927 723031 329583 310744 488610 765005 635285 786177 69824 360278 752156 793969 858966 872428 319174 405654 727180 716794 671870 280765 523577 691494 390287 127027 874413 602898 374792 446990 324397 576399 742733 375319 305718 317768 530859 499212 280375 225971 99752 641153 546880 536657 297183 656814 135661 514385 175968 437178 367055 600000 833129 914223 689805 802808 454216 878772 882654 273734 399445 329065 780162 843548 904346 692575 539389 562734 498584 797900 299500
677840 867386 560686 181837 359302 903595 806759 265309 42145 85175 738214 1002856 171177 806934 736446 551580 999999999 793760 1003323 1133681 469425 583838 599383 693169 346162 647201 319087 361160 833955 369269 904104 615259 548584 879590 375848 122930 922402 369607 1014363 508431 880657 747860 935795 981607 551388 246183 446940 544020 651962 778525 825270 200895 630158 707980 580472 1092253 52286 640791 931308 230402 830331 1046735 665245 245958 676785 636406 158267 831876 326487 593649 912681 549636 869114 284393 934282 432851 186309 720439 737218 669120 189044 860017 1133868 872019 757221 691087 929520 1115793 340736 680074 880357 683617 873578 591270 581610 215426 907893 801576 942200 617167
285297 884121 716051 615402 625325 736005 458238 556907 789168 795974 55751 834561 744545 35561 828202 248984 793760 999999999 656459 794525 377680 237964 228527 217470 571550 244446 830116 690101 714650 959890 871378 747258 858809 140729 492907 718266 747056 813785 725074 310010 134856 815965 779846 845722 1038881 552403 546151 865333 812395 697898 31820 736887 790268 375715 231228 807836 845727 406805 249800 563626 540067 641313 389822 549883 310709 593586 748195 87694 467729 205932 578317 652699 455838 522185 586969 383524 730821 73625 414703 376935 817572 870344 842208 671415 876633 468820 898639 806455 482039 408367 103409 878262 877854 1065584 810504 749650 465640 451143 781871 340416
436628 401066 514839 899131 650888 194970 229398 756855 972125 948001 660508 227910 1068868 624020 453306 734391 1003323 656459 999999999 147306 597586 773463 778226 485295 657270 499557 806641 673693 246277 907948 353993 488391 648997 780811 642957 881663 188286 752650 79521 795925 558985 430026 214008 258142 858304 803340 556440 659499 513380 289954 654360 826820 511995 348138 607907 151931 1046954 389302 454890 835335 176004 70102 375383 854716 417363 378577 1064193 739494 796896 635971 96376 487263 203473 760655 78034 823074 834980 663079 302855 379144 892782 390654 185963 168309 488154 320003 367362 151050 701007 352915 724859 554165 388066 860740 573638 823018 191192 236977 210623 449409
583785 430627 617008 1038269 776643 256400 376639 894139 1100658 1073969 802095 217694 1207629 761090 517624 881537 1133681 794525 147306 999999999 742255 920132 924612 631243 789300 646626 915596 792281 325801 1006824 375341 580998 734344 913690 781461 1011093 240600 858834 120226 943227 689050 494609 248232 256055 934512 942744 687750 744773 591865 379760 790038 950350 596286 495260 755147 72440 1175357 533950 578059 975230 318432 155169 521374 996186 564662 499263 1202422 875347 940816 782941 242657 600227 348028 900550 225273 969970 959817 805606 449690 525633 1011590 423973 67922 266032 542105 461668 377448 39185 841724 498499 856697 620003 416884 931260 660520 944705 330262 384240 242025 596051
209568 637126 384916 320688 249070 567950 373727 205479 452531 447767 329302 678639 486906 377903 540987 220902 469425 377680 597586 742255 999999999 275390 289572 226151 193874 179465 452451 314586 514798 582327 646589 430788 505432 501143 116355 368515 585154 437533 633235 249282 429851 536968 610553 672517 667939 229237 185911 510205 496386 473008 405272 367468 470939 258863 147660 720506 520734 208361 464553 255785 423939 624128 223656 265765 211843 322558 484676 444808 199901 180055 501243 326497 425663 187090 520701 243310 364088 314469 298688 222359 449468 624686 762305 514587 584799 282782 675996 735238 128689 245042 479246 559414 635938 697228 472031 377899 461278 366947 615392 157324
338060 898258 660263 402008 505417 796967 547230 383629 586583 601434 186140 905648 513547 264027 811498 54495 583838 237964 773463 920132 275390 999999999 16558 290033 442637 274868 687427 570216 755692 811108 900535 705237 777124 296598 363621 528994 812007 686579 828014 76755 361279 805530 841520 906885 924343 359867 460087 781184 771151 722550 268751 569264 745884 433451 171990 915975 634266 423151 458226 361346 619797 778139 421746 338560 359714 583428 518371 252469 263003 138756 681640 601249 573182 341833 696438 153681 559277 169922 480330 412742 643994 885201 955206 736318 856679 502032 929728 922882 323401 445726 304589 834594 895454 956672 747050 585743 596999 539462 845269 347013
344020 909540 674252 417547 521254 805446 552970 400185 602493 617618 178230 913756 526897 255927 824114 69204 599383 228527 778226 924612 289572 16558 999999999 293639 458591 280958 703859 586148 765220 827626 911038 718757 792235 281775 379387 545351 820283 702775 833896 91415 354408 817844 850063 915595 940423 376285 474700 796377 784764 732892 258834 585822 759582 440324 180843 921693 649676 432439 453984 377501 626515 781458 430097 354339 366262 595118 531942 238799 279244 146060 687058 614914 577144 358387 701487 168270 575826 162705 487115 420767 660519 896424 960658 744391 869520 510942 940178 928032 339770 453967 291483 848407 906554 972650 761493 602300 600074 545200 853717 356032
67955 668644 505378 533584 448227 531951 263868 431183 678017 673918 195612 635886 691080 199394 610805 256712 693169 217470 485295 631243 226151 290033 293639 999999999 405363 46803 657726 508930 503584 787629 658601 532984 653522 358183 336956 594661 544785 631693 543800 323794 215944 598495 576537 642804 844238 448728 354919 660813 597363 482981 233462 589520 575969 163015 139243 630838 744935 189571 238555 471020 341949 488107 172520 472160 93588 376592 690967 303836 393486 157128 395849 442209 283526 408855 409227 369143 587556 191817 206427 159758 671490 654910 668985 468223 659276 252742 686475 635683 353535 191876 316576 663128 662880 867886 600304 598130 307063 256170 579297 128294
368803 570735 269567 266713 63890 568127 464329 122856 316425 297031 522712 672673 428470 571309 450611 390337 346162 571550 657270 789300 193874 442637 458591 405363 999999999 359435 258578 127595 501366 388533 596421 325634 345810 693137 80752 225508 586887 246464 670737 393485 617681 454815 603959 655972 482166 181934 101575 348031 382179 448188 599080 189900 356287 374925 341040 750896 391012 303731 637340 214577 484237 700861 330503 248360 360210 297275 421353 637235 241518 371438 566573 232838 528845 152786 588201 352294 191937 507505 398128 336768 270121 560683 792886 530896 485157 346336 624416 772975 127714 341878 672916 435544 573704 514062 334222 195285 568271 459662 610032 298757
63200 653051 471958 489478 403651 528829 272383 384676 631609 627210 213322 635497 648844 231574 587324 234976 647201 244446 499557 646626 179465 274868 280958 46803 359435 999999999 613043 465179 494645 743123 646822 502895 617049 383640 290271 547976 542811 588398 553151 298509 259552 576414 573570 639631 804086 403361 312662 623986 568198 469262 264456 542911 545895 160020 109689 641111 698873 167783 285103 426378 345725 508499 156987 428889 85629 351797 648349 327686 351517 136538 406939 408598 302160 363055 422141 336693 540840 205822 206531 145678 624906 639441 680426 466396 635410 239618 675270 648343 307169 179375 346613 634070 648139 828676 566612 551685 329868 264618 576820 96392
613442 580925 299554 380840 209502 664622 659511 309101 277005 234100 780971 748834 477439 829659 449245 638011 319087 830116 806641 915596 452451 687427 703859 657726 258578 613043 999999999 152168 593012 130287 625567 343331 236786 950263 337790 232326 682560 60014 796250 628351 872542 465311 687672 721081 254964 351598 308648 230608 360941 537329 857636 144011 344124 596993 599413 861774 333375 524411 881969 369531 652527 863494 553037 407462 600388 430521 465562 894743 446362 628971 729750 319425 727476 352664 751234 571816 160646 765549 607276 562462 132045 576057 900775 650488 459942 539559 647537 890288 364303 557138 931309 378753 589438 293151 285206 123507 766887 656936 694408 541024
462365 507625 199604 344807 65780 550432 512011 224115 322455 288858 643369 645242 484859 686999 378116 517788 361160 690101 673693 792281 314586 570216 586148 508930 127595 465179 152168 999999999 479365 279916 543049 254788 228505 815728 207300 242109 569061 123847 672060 520344 724576 388041 579581 622276 355138 280558 156753 228949 297255 423222 716340 162869 273576 445154 462072 744248 394348 372458 730363 308576 511778 726542 401060 346454 448682 295246 475232 759353 358475 494410 591441 193674 579713 263810 613191 475732 175568 628864 456894 410365 219510 499756 784900 526488 403589 391270 568719 770374 252576 405735 792615 339410 513289 386558 234508 153882 619350 508981 586138 389825
437523 182641 293462 765250 475123 71687 268663 618387 797818 767068 699076 171405 929748 689363 207184 706373 833955 714650 246277 325801 514798 755692 765220 503584 501366 494645 593012 479365 999999999 681085 157767 255217 410104 853389 515306 711294 89974 535202 210359 754003 656791 183997 102608 158647 615286 673534 402909 420592 269971 56242 723513 641364 271812 340675 584418 268815 871420 332836 583259 707083 192075 315167 338001 734774 412008 205764 922718 802344 696126 620324 215136 285887 306633 634947 228682 758011 652669 695236 299946 348976 695997 169424 307869 80456 244168 255511 184179 298014 582473 315270 804409 307928 172827 615900 335563 633246 328194 274147 108757 409421
742264 637720 393161 476018 339476 751475 777026 428627 330916 288843 910340 825142 539471 959790 511437 763000 369269 959890 907948 1006824 582327 811108 827626 787629 388533 743123 130287 279916 681085 999999999 687951 425877 283054 1078736 467147 319015 768472 163569 889586 749069 1002658 530997 768994 793991 187719 464301 436589 273625 425217 627321 987591 247412 414842 721623 728960 948334 364961 649575 1010190 477217 762844 968262 678218 513337 728499 539635 526719 1023496 562196 757935 836946 426394 844977 471671 857978 688466 260944 894747 728956 688155 192691 635412 985389 745813 510329 658784 706219 978662 489646 680816 1060776 423517 648124 226935 350628 228608 883921 775029 775733 669735
591728 56559 343447 862900 556733 164741 425785 718615 864856 829164 854206 159025 1019748 846596 177346 849508 904104 871378 353993 375341 646589 900535 911038 658601 596421 646822 625567 543049 157767 687951 999999999 289268 404905 1010535 626924 784718 166748 565553 289657 892401 814391 160257 140308 121070 581281 776730 507039 414356 265493 178359 880819 704232 281495 496286 731124 304070 935216 481402 738453 809986 347283 423129 489872 841464 566029 324317 1011322 959046 813735 767966 354734 364210 459381 741977 363071 888706 718006 849680 456878 501531 744722 53852 329973 220286 181920 407352 29410 338202 695580 468109 961946 268359 43255 571728 341726 692221 476780 431475 144369 557835
467927 252931 56883 586536 276425 325707 404480 447876 575750 539897 714026 405535 736706 732147 125749 650927 615259 747258 488391 580998 430788 705237 718757 532984 325634 502895 343331 254788 255217 425877 289268 999999999 162116 886395 374635 496893 342906 284034 464359 677776 734858 133464 345385 377973 375053 507207 255138 172495 66370 202013 765908 415055 43017 400232 553080 522852 645947 346093 698833 539309 364793 552509 369113 573899 444665 165425 727635 830153 560853 590949 428137 104412 467582 477741 447675 656050 429012 704213 384348 382217 456937 244972 560563 322436 160199 309215 314283 552878 441271 358068 848738 131756 258508 383533 87443 402958 502434 405372 352138 406873
593334 355171 156548 568929 282712 477968 560410 452481 506617 465344 819094 544299 694996 848514 228559 723031 548584 858809 648997 734344 505432 777124 792235 653522 345810 617049 236786 228505 410104 283054 404905 162116 999999999 993719 417485 444624 493908 180125 620462 735595 864596 248647 491097 512131 213496 509028 319979 10513 143953 360030 880943 353171 138295 540172 645084 672456 568079 477255 841514 536591 525804 713960 503473 574687 572680 315141 684116 936788 584965 681250 590250 215392 625348 491381 609778 698046 369858 806973 531682 515939 367236 352496 707932 481746 228901 456022 423513 703952 473478 497026 962055 143881 365306 225219 75374 335590 661322 560560 497773 525269
426025 1024262 853701 697924 750187 872171 593326 662404 880514 892624 174650 968256 806638 164079 968826 329583 879590 140729 780811 913690 501143 296598 281775 358183 693137 383640 950263 815728 853389 1078736 1010535 886395 993719 999999999 612840 817560 882514 938519 852546 373147 225567 956675 915574 981078 1168140 648356 677522 999875 951817 837943 130237 846908 929370 515735 353804 932741 930368 547397 342849 653893 675346 758802 530548 633742 451431 734019 812248 56946 555345 321719 708001 790440 584631 623894 714858 450043 839071 187557 553658 517653 925522 1010475 965167 807533 1017227 609329 1037536 928717 591999 548987 58024 1017687 1017819 1196244 947742 861340 589816 586489 917310 479961
308596 607581 321528 256826 141971 577478 434229 114773 353074 342367 443227 685826 426229 494069 495742 310744 375848 492907 642957 781461 116355 363621 379387 336956 80752 290271 337790 207300 515306 467147 626924 374635 417485 612840 999999999 264595 595853 327213 665840 318147 545171 496607 616600 673315 562378 161559 121460 420672 436116 465845 520989 252743 409970 332170 261829 749711 425034 266155 573246 194537 467104 679801 289757 219708 304181 310129 421294 557105 187961 291274 548769 273457 494659 120500 569791 284277 250624 427759 362772 293314 334788 596439 791951 532954 534545 323736 655793 768905 68679 305598 593635 494135 608887 593771 397165 262243 533016 428591 622237 243299
572275 749723 441453 157295 236419 780787 688923 164608 90931 79376 663856 880530 250444 727204 619849 488610 122930 718266 881663 1011093 368515 528994 545351 594661 225508 547976 232326 242109 711294 319015 784718 496893 444624 817560 264595 999999999 799599 272060 891658 458380 792702 630131 813265 859776 483609 169481 325285 441382 537254 655982 748973 92076 514444 594198 494281 969343 165537 525150 833036 170254 709485 926269 550624 201695 568710 513501 239492 766274 266491 513186 791773 427579 752499 196087 813446 388909 75049 646527 620976 555436 127670 741856 1010946 749124 643313 571716 810643 992971 242654 564092 811210 573495 755384 522778 469665 111288 791650 684022 819645 507893
482142 212802 383032 848677 563215 18820 289198 701823 886659 856381 737682 94097 1014582 719006 278743 765005 922402 747056 188286 240600 585154 812007 820283 544785 586887 542811 682560 569061 89974 768472 166748 342906 493908 882514 595853 799599 999999999 624495 132650 816908 674583 255477 33463 98665 694485 755775 487092 504317 351265 146200 752345 730808 356050 383532 640027 179947 960461 390709 588357 789236 207182 258081 390264 815539 457636 289692 1007888 834258 772734 674273 193645 375453 308404 716171 199117 826864 741913 735832 338472 399550 785947 202578 218226 76587 307467 311012 183071 210364 661847 366327 830629 381335 199780 692346 420433 722926 319672 296106 34817 465515
583175 521008 241936 410819 188569 606698 613894 319559 327506 285694 766683 689559 521588 810845 389267 635285 369607 813785 752650 858834 437533 686579 702775 631693 246464 588398 60014 123847 535202 163569 565553 284034 180125 938519 327213 272060 624495 999999999 739877 632212 847545 405298 628914 661497 239034 368585 277416 174856 300989 479792 840139 180124 284119 558657 585173 804015 387958 486924 849675 390658 602268 810868 515537 429256 568246 379224 510178 882301 458159 616901 678040 266630 681882 362593 699344 581113 197260 751995 565401 525735 187235 516077 842709 594437 400570 495309 587548 832898 364177 517579 916169 320348 529466 273842 225370 160837 720956 611777 635658 510630
489974 340729 498343 922570 656800 145199 280941 777550 981013 953997 725664 151201 1091490 693543 410585 786177 1014363 725074 79521 120226 633235 828014 833896 543800 670737 553151 796250 672060 210359 889586 289657 464359 620462 852546 665840 891658 132650 739877 999999999 844954 632827 387230 150529 184141 824511 827377 569164 630949 479716 262385 724755 830219 482169 396034 659151 88370 1055660 426232 531598 860160 211485 139518 416820 882390 468618 379230 1085969 809494 829966 689467 148334 480150 269245 785620 138107 866429 839778 727045 349265 422660 891388 331728 129355 146005 440117 350604 299373 103077 727587 393135 797299 513083 327227 823575 545873 824498 263548 288711 145729 493028
360236 885331 629358 326645 457281 800862 566868 320471 512499 529010 256109 911001 437347 333404 790096 69824 508431 310010 795925 943227 249282 76755 91415 323794 393485 298509 628351 520344 754003 749069 892401 677776 735595 373147 318147 458380 816908 632212 844954 999999999 427179 786249 844838 908998 871124 290653 425645 738818 742602 716321 341392 504287 716807 449197 188859 933319 558520 426411 516440 289066 634020 806991 430157 264103 378568 569888 441961 329152 191990 166890 701635 573390 600625 277432 718042 76940 493276 238921 495776 423039 576545 872705 973664 742739 833484 506119 921790 942882 268460 454282 380978 804195 883681 904822 711819 521650 628036 559200 849080 353543
271357 835007 712946 708691 663194 666144 389022 628163 870815 871915 176643 755987 850572 101133 798160 360278 880657 134856 558985 689050 429851 361279 354408 215944 617681 259552 872542 724576 656791 1002658 814391 734858 864596 225567 545171 792702 674583 847545 632827 427179 999999999 782853 708014 772131 1059027 634769 570861 872321 796808 650082 114749 797306 777341 337610 300242 710706 932941 389538 119595 651325 469680 533965 365745 643749 292144 571967 852889 194689 561084 289515 491750 650613 368931 599236 496466 495493 793824 191703 365498 352653 879318 821256 741926 602086 846743 433081 839808 705219 550314 377970 167964 861695 827021 1081795 807608 807398 369283 383067 709032 341353
530717 119601 189916 718347 408660 242036 413779 577627 707993 671341 789634 296248 870006 796211 23397 752156 747860 815965 430026 494609 536968 805530 817844 598495 454815 576414 465311 388041 183997 530997 160257 133464 248647 956675 496607 630131 255477 405298 387230 786249 782853 999999999 247106 263515 440110 636744 375188 258559 106089 151286 830649 547252 121259 446549 643733 429172 777361 409621 727631 669322 351867 499136 426362 702971 505468 225611 861003 902010 684452 681712 393738 223768 466293 605283 409419 771999 561551 782106 417933 439385 585111 112354 462625 263932 65717 350743 183072 461803 564695 409216 913697 125882 125923 436924 182086 534440 494578 417095 253583 480976
513344 190213 389012 867559 577304 44742 322252 720670 899316 867947 769903 69227 1032311 751977 269893 793969 935795 779846 214008 248232 610553 841520 850063 576537 603959 573570 687672 579581 102608 768994 140308 345385 491097 915574 616600 813265 33463 628914 150529 844838 708014 247106 999999999 66267 687205 775502 505291 501384 347360 157284 785380 742064 354553 414759 669541 182116 972664 419260 621701 809032 240236 282875 419978 836249 488644 307905 1025309 867120 795696 704159 226292 386757 341824 736558 230863 852993 753713 767830 370119 429603 794611 181263 216850 108593 294132 339754 153725 214721 683312 396185 863828 372012 176741 683195 419055 733371 352672 329096 6754 494655
579543 177486 426469 921359 625285 110919 387801 774708 944091 911117 836115 38390 1084288 817630 284355 858966 981607 845722 258142 256055 672517 906885 915595 642804 655972 639631 721081 622276 158647 793991 121070 377973 512131 981078 673315 859776 98665 661497 184141 908998 772131 263515 66267 999999999 697871 830579 559197 522070 368807 208172 850931 785143 380176 480973 734948 184070 1016579 484174 683416 864140 305801 323252 485606 892492 554796 363248 1076863 932917 854754 769781 285848 432221 404552 792559 287762 915468 797584 834086 436385 495399 833412 172873 208904 174779 298359 404891 121442 218200 740755 461903 929025 382432 163936 690105 443690 775224 412886 394740 63852 559900
788570 526141 367293 635410 420795 679896 772717 557621 511307 468105 994492 733074 719114 1032683 417348 872428 551388 1038881 858304 934512 667939 924343 940423 844238 482166 804086 254964 355138 615286 187719 581281 375053 213496 1168140 562378 483609 694485 239034 824511 871124 1059027 440110 687205 697871 999999999 604216 493010 203400 345398 568355 1063551 398480 346664 744989 814473 869213 551128 678419 1045411 623748 739287 924497 705831 661920 769992 526828 706619 1111446 696186 847980 802881 421369 838200 600919 822111 819867 414764 980687 740379 717713 365904 527461 901955 690164 399803 665161 593582 901912 602868 701930 1142109 315970 538506 39882 287641 377982 874491 772586 693662 717687
438723 752365 450831 95826 234276 737267 589953 59360 237145 244606 497403 844677 265613 563453 632428 319174 246183 552403 803340 942744 229237 359867 376285 448728 181934 403361 351598 280558 673534 464301 776730 507207 509028 648356 161559 169481 755775 368585 827377 290653 634769 636744 775502 830579 604216 999999999 271669 509202 562178 622457 583525 217004 536537 481489 334527 911240 298414 420777 686145 33561 627344 838056 441745 67022 440698 467772 261418 597528 99156 349324 708539 414307 647350 43376 729317 224926 204509 479858 516562 443225 286112 742143 953480 694085 666206 483472 805010 930446 104409 459976 643314 612745 755082 640874 509238 235735 684571 583871 781288 383884
305957 486382 204192 362362 105175 468399 369979 215556 415921 393726 503104 574298 527492 539714 374672 405654 446940 546151 556440 687750 185911 460087 474700 354919 101575 312662 308648 156753 402909 436589 507039 255138 319979 677522 121460 325285 487092 277416 569164 425645 570861 375188 505291 559197 493010 271669 999999999 325100 318336 351025 570553 278067 292307 291493 325949 649525 490717 218618 573620 305205 384481 601475 246923 335024 291934 197525 520875 620620 309408 361614 466675 152496 436147 235196 488392 400937 283516 490040 308131 255428 353086 475376 691556 429693 414344 249923 535709 671436 189836 254115 649491 378777 487926 519453 287164 278698 475860 365909 511231 233386
601000 364281 165742 567632 284638 488404 570110 453063 501990 460457 825230 554364 691822 855361 238289 727180 544020 865333 659499 744773 510205 781184 796377 660813 348031 623986 230608 228949 420592 273625 414356 172495 10513 999875 420672 441382 504317 174856 630949 738818 872321 258559 501384 522070 203400 509202 325100 999999999 154147 370542 887680 349688 148780 548806 650606 682800 562703 485440 850140 536374 535964 724435 511808 574587 580534 324666 680840 942935 586349 686608 600614 223849 635178 492390 620168 700324 366478 812972 540796 524217 361611 361797 718207 492258 237594 465173 432699 714330 475745 505648 968627 151958 374545 215799 85867 331809 671246 570203 508055 532612
531702 220058 114594 637567 328566 335865 454815 502872 611285 573174 779800 400499 782114 796699 88382 716794 651962 812395 513380 591865 496386 771151 784764 597363 382179 568198 360941 297255 269971 425217 265493 66370 143953 951817 436116 537254 351265 300989 479716 742602 796808 106089 347360 368807 345398 562178 318336 154147 999999999 223591 830591 451122 26149 460505 619449 529016 678844 409369 756460 593534 407044 580314 431410 629162 508024 225023 772464 895687 620645 657319 463009 169923 515144 534951 481181 719019 466219 770154 441426 444589 483525 215163 564135 345092 106334 367418 286681 560798 501629 419046 913536 65872 228514 347591 76233 436944 548067 456471 354015 471992
415540 186377 237884 713223 420068 127814 268965 566542 742148 711119 678302 225034 876645 674632 172935 671870 778525 697898 289954 379760 473008 722550 732892 482981 448188 469262 537329 423222 56242 627321 178359 202013 360030 837943 465845 655982 146200 479792 262385 716321 650082 151286 157284 208172 568355 622457 351025 370542 223591 999999999 709055 585350 222315 322221 552820 324476 815621 303172 585423 656016 201745 356739 312564 684641 389778 155832 869396 785350 649009 589616 243603 229865 317084 584667 260299 716176 596772 673152 286114 324531 639756 172579 363863 121893 216037 230481 207354 353107 533670 291442 791129 268498 179987 571159 284875 577103 343960 273197 163675 379523
300441 895432 736333 647095 651890 741945 463148 587173 820406 826846 87534 838405 776287 34493 843553 280765 825270 31820 654360 790038 405272 268751 258834 233462 599080 264456 857636 716340 723513 987591 880819 765908 880943 130237 520989 748973 752345 840139 724755 341392 114749 830649 785380 850931 1063551 583525 570553 887680 830591 709055 999999999 766355 808920 387120 259891 806158 877266 422880 233342 595066 545167 635890 404352 581570 325355 609944 779969 85314 499355 236095 579235 672981 456053 552888 586781 415171 760540 105410 424036 391287 847252 881634 839559 677306 892114 481570 907686 803435 511885 421762 83155 896400 888757 1089679 831042 778855 463170 456286 787146 359324
557291 666705 361211 236947 176475 712106 648042 185885 160746 125996 684484 807997 342338 741499 535597 523577 200895 736887 826820 950350 367468 569264 585822 589520 189900 542911 144011 162869 641364 247412 704232 415055 353171 846908 252743 92076 730808 180124 830219 504287 797306 547252 742064 785143 398480 217004 278067 349688 451122 585350 766355 999999999 429265 563987 506824 904545 231572 492105 824633 230325 659088 875916 519392 267187 549677 451167 331222 793236 315374 531273 740551 355489 714031 227508 762368 441607 17148 667903 584895 526125 82059 659504 945554 685492 556553 527878 729307 929836 255463 529509 834452 484311 673072 436978 381402 20514 753706 643926 748593 488155
510821 238820 88453 612568 303188 339886 441904 477208 589752 552204 756911 410482 758287 775152 106775 691494 630158 790268 511995 596286 470939 745884 759582 575969 356287 545895 344124 273576 271812 414842 281495 43017 138295 929370 409970 514444 356050 284119 482169 716807 777341 121259 354553 380176 346664 536537 292307 148780 26149 222315 808920 429265 999999999 442088 595179 535143 658071 388863 739769 568005 397926 577855 411629 603498 487473 206737 748762 873107 594541 632987 457314 144674 503681 509038 476117 692922 444098 747021 424912 424759 464305 232875 571305 344196 130646 350187 304073 566310 475495 400154 891754 89320 246381 351826 64517 415599 537576 443175 361274 449888
98611 508527 384524 575943 396463 370055 118896 445118 684050 669706 358403 475780 744186 352652 461117 390287 707980 375715 348138 495260 258863 433451 440324 163015 374925 160020 596993 445154 340675 721623 496286 400232 540172 515735 332170 594198 383532 558657 396034 449197 337610 446549 414759 480973 744989 481489 291493 548806 460505 322221 387120 563987 442088 999999999 263280 484349 756808 72892 301342 510780 186366 367404 44701 523945 74409 235532 741293 463239 458006 294699 252849 325034 166843 438151 270108 475074 566818 354816 46920 38860 642166 494740 524507 306983 509766 95827 523933 493748 377129 43164 469559 524868 502148 763272 477438 567158 203188 111470 417781 103166
171545 731328 513445 410586 396664 624980 379454 330433 570791 573166 181703 733701 560520 234752 651579 127027 580472 231228 607907 755147 147660 171990 180843 139243 341040 109689 599413 462072 584418 728960 731124 553080 645084 353804 261829 494281 640027 585173 659151 188859 300242 643733 669541 734948 814473 334527 325949 650606 619449 552820 259891 506824 595179 263280 999999999 747394 632751 251607 360272 351651 449472 618134 249778 346518 190854 418947 561443 297306 264788 38051 514313 451532 411766 299488 530194 229909 501455 166822 310182 240937 588033 718060 787247 564395 698157 330163 760173 755800 253626 273787 331900 684499 727861 842999 604990 519056 439475 371732 673280 175199
577915 359774 562250 1006046 733368 197386 368758 860318 1057869 1029357 810459 145680 1174409 775635 451865 874413 1092253 807836 151931 72440 720506 915975 921693 630838 750896 641111 861774 744248 268815 948334 304070 522852 672456 932741 749711 969343 179947 804015 88370 933319 710706 429172 182116 184070 869213 911240 649525 682800 529016 324476 806158 904545 535143 484349 747394 999999999 1132234 514050 605057 944232 299774 188680 505064 967346 556768 455847 1168569 891239 916453 777511 234994 550804 353022 869883 222528 954575 914861 812394 437606 510996 962560 353628 42241 220291 473971 437727 305323 34148 812486 481326 876769 553712 346055 864641 599634 897723 343047 376527 175598 581336
