NAME : synthetic_000300
TYPE : CTSP-D
DIMENSION : 100
GROUPS : 8
RELAXATION_LEVEL : 1
EDGE_WEIGHT_TYPE : EXPLICIT
EDGE_WEIGHT_FORMAT : FULL_MATRIX
EDGE_WEIGHT_SECTION
999999999 669631 797930 132357 932561 980436 434114 63054 604519 345952 523948 862864 886557 639390 514645 491203 560986 722112 35018 880187 489666 388253 838388 461810 244393 244024 578503 597094 331984 412733 855952 723295 714785 733796 472710 806934 386619 819543 366890 613866 750701 523707 487862 570938 820635 779604 76336 150608 422938 663786 556655 770686 321552 357546 507814 435497 736402 196549 591877 305149 512306 665464 669892 457052 607807 236593 889133 569257 319676 499097 296858 686634 1002241 184533 597298 510096 365642 253535 158632 119430 541056 403568 841032 619079 115876 888592 477329 495832 834884 701038 618929 422281 819893 446414 337835 133807 54629 439609 436935 392973
669631 999999999 628235 787592 384665 572721 684627 726570 669283 329132 543009 579169 592284 70901 155715 179541 235694 67894 656461 270473 396100 421303 279767 627553 429985 597640 671001 392029 719769 497540 190414 158627 53137 327689 469193 319156 298327 632165 398702 311888 261213 440262 449359 330876 245060 114877 743245 533865 282067 267749 522035 238115 348179 364126 468698 812687 180361 513689 401351 783681 384959 181642 222092 458799 372848 533442 229822 240905 807471 719584 423079 167628 650467 708725 76486 159594 482947 498746 675378 551362 933676 462304 226798 730331 752525 449034 288087 332696 191749 642407 532853 470166 157937 788614 586244 540177 669845 507134 617912 460063
797930 628235 999999999 832962 1001362 296929 435329 856255 252155 591853 275614 128460 145215 559644 622225 626609 420600 600482 764467 538948 903943 859978 461267 369757 703067 562535 280710 264162 559454 945394 658745 786852 613182 947054 330098 947381 693798 24240 468052 894749 398000 291200 948901 891188 866457 696530 862572 667324 724705 360623 241324 439623 644710 509022 296334 559924 478371 794036 961464 1073081 329965 447595 836400 939222 273735 854983 780752 807957 662306 402351 539839 466353 255642 679679 637719 605300 435042 550902 675174 714454 617839 909140 540477 294482 791302 310485 437282 849398 782434 125282 179506 379886 632358 522369 970824 695142 839105 969271 389156 900112
132357 787592 832962 999999999 1063499 1045301 425270 110289 613020 459103 558316 913462 937315 751593 634586 611714 655349 836244 133357 982363 621362 519999 934346 471955 371324 273597 584392 664127 302825 539956 970290 850678 830254 866006 525018 938482 513691 856006 448341 746173 842524 581436 617666 703295 949367 899722 95989 254304 551998 751571 596710 866831 442476 451914 559466 383022 837884 328825 723425 370402 581974 764701 800449 586489 678351 365380 1011166 700289 248695 484779 387684 787840 1056239 155651 717587 628347 421762 326316 158480 239028 467484 533280 945198 613983 42607 963686 569517 628175 958902 724053 659085 476858 933465 404004 455842 248013 167539 565925 449124 522958
932561 384665 1001362 1063499 999999999 884386 1053444 976620 1053266 646061 925428 934131 942868 455418 476382 491938 619846 401098 931371 519738 478591 567538 577535 1002457 694709 934707 1053928 776183 1068912 596866 370940 239640 389194 217009 848373 129726 555544 1002283 756224 332653 608862 823576 511937 379804 139961 305376 994845 829142 513436 643543 906168 571599 638363 711609 850891 1171473 524943 741049 398402 928288 767576 556481 263357 540248 756420 726437 247969 363304 1143119 1094442 758927 535624 974567 1024477 410145 490927 845887 832824 987517 828697 1296104 579255 494155 1113753 1036956 769358 662897 447004 222487 1025478 917262 842956 383902 1151597 710931 824434 912980 586655 990193 585035
980436 572721 296929 1045301 884386 999999999 696372 1042919 534688 691980 507890 168884 152294 522162 640110 654654 461373 518472 950912 365969 937743 925207 309015 623474 820833 773476 560130 383546 809342 1011858 513627 717233 535129 896082 521252 868249 759161 276856 615113 881598 314338 463954 989339 893712 767832 592370 1053166 833602 774176 354729 464564 334915 742807 635952 487691 833156 392383 920115 966124 1214826 468153 411794 794326 989214 372892 970326 639017 802837 916786 677643 688352 413333 95232 902634 616481 627164 623646 727930 888616 876008 905476 973951 390576 585333 1002701 123774 525253 875378 664516 414727 409094 568513 502166 796013 1067768 857254 1010779 1030000 636722 967545
434114 684627 435329 425270 1053444 696372 999999999 479621 192626 431698 194079 539880 562653 620866 578865 566275 462298 701260 399355 766024 753125 670049 696393 74452 468472 199483 162897 367267 127652 737140 818277 813857 704262 913319 227926 954097 549409 459514 299181 816023 599938 278669 779531 789995 915908 794013 479979 357687 595167 508750 237243 638389 464680 348276 245433 143621 637265 521422 843478 738084 318999 566852 812596 757113 389636 587229 906517 737372 227008 65729 318813 594504 682335 270833 644097 563419 208516 265864 280984 400552 251722 709944 742347 188964 387615 648632 396581 722174 876176 314543 287516 214888 781373 110574 712251 385200 486113 765720 70641 698599
63054 726570 856255 110289 976620 1042919 479621 999999999 656245 405944 581351 923774 947513 698635 571065 547410 623626 780532 92672 941521 521818 421196 900645 513114 297926 297382 629399 659461 369130 433971 914079 773387 772706 773319 533063 849492 438494 878168 429828 652699 813392 584969 514119 608302 868839 835206 18280 213560 472119 726738 615281 832971 378556 420437 568194 465080 797995 235625 623020 272089 574767 727470 715381 482570 670444 262393 943397 613988 339339 543442 359908 748328 1063697 216184 653244 567375 426057 315407 198816 180143 561912 429995 902027 667040 115935 951572 540194 534434 887838 756673 677772 482763 878354 480204 346203 195682 64088 459158 488579 420134
604519 669283 252155 613020 1053266 534688 192626 656245 999999999 501376 132490 369148 390150 599211 602822 597413 433604 666964 569566 679951 835489 767579 603532 143141 578502 360517 29901 287304 320242 845079 763633 817809 674455 947735 217701 971600 619904 276258 356559 867712 514557 230049 871087 851003 913312 765708 659002 499515 661131 437023 147282 557313 547172 408862 205319 308055 573278 652261 913683 901143 286611 514472 839363 853793 310047 717987 869821 782510 417194 150854 409475 540659 506411 457393 649147 585538 282948 387312 461502 546546 370804 813006 666013 63423 573646 511001 399315 792697 852643 127151 154779 246820 729800 270548 842125 528549 652843 872292 167724 802375
345952 329132 591853 459103 646061 691980 431698 405944 501376 999999999 373111 612450 634028 293692 180104 159297 235590 377438 329510 536938 334155 271491 501340 400003 130302 288788 488878 335674 425214 354831 511509 413352 371164 485068 288458 534693 119934 607515 145020 384363 421029 305592 370581 359055 516642 442527 421503 204928 164289 344867 379968 434456 53247 92519 312613 532514 394746 229849 416179 525109 261889 327382 390559 355332 335251 278480 555752 307390 497272 485287 115758 345870 735670 384912 262061 171295 229269 187078 349822 226522 658653 319603 496695 548251 423471 583595 167826 294299 507561 539647 426935 254649 474961 517276 383309 213345 354904 379909 380785 309958
523948 543009 275614 558316 925428 507890 194079 581351 132490 373111 999999999 359822 383445 473919 470578 464942 308003 545997 490061 582852 706436 642373 510130 119636 460234 286938 128679 180227 301454 722225 651062 688485 552135 815510 85801 840809 490276 298188 229832 735354 415548 103560 743675 719184 785522 643588 587269 400154 530526 328963 43652 456197 420947 280867 74547 336949 463260 541466 782581 807245 158064 398478 707443 727694 203495 605852 750997 650049 408951 196697 290153 425645 503688 406588 518886 453341 169238 283516 400116 447810 433256 688946 563222 189175 516389 454720 267477 662025 729616 180774 102030 122085 615704 301960 727805 428823 567051 748795 129384 678618
862864 579169 128460 913462 934131 168884 539880 923774 369148 612450 359822 999999999 23857 515853 604837 613959 405552 539745 831105 442607 899108 868871 368526 469197 734556 639885 395749 278402 658421 955892 575516 735671 554438 906007 391058 894710 700013 109844 509175 869095 325992 339374 947602 872306 804858 629669 932128 722534 724150 318751 318489 362595 665522 540857 355978 672440 410911 830889 944419 1120041 360332 399080 797518 942130 277203 887384 701161 784452 764462 515444 583615 411635 143868 764698 603465 589225 497814 609858 755072 767885 739247 918461 452059 417561 871039 194683 446561 840303 711938 246656 257883 441124 553964 634994 995722 748606 898941 977401 485112 910531
886557 592284 145215 937315 942868 152294 562653 947513 390150 634028 383445 23857 999999999 530133 622575 632252 424432 550878 854842 445613 917769 889034 373158 492275 756754 663739 417122 300777 681673 976118 581503 747919 565891 919641 414862 906356 720161 124593 532228 885133 336359 362991 966605 889267 814984 639205 955904 745982 743560 334789 342228 371420 687026 563350 379789 694467 421450 853350 961518 1142947 383202 413289 811701 961597 298836 909505 707627 800943 787554 537270 606694 424660 120337 788492 618883 607175 521584 633485 778922 791243 759651 938611 457299 437280 894894 192799 467665 858547 720446 266403 281465 464900 561225 656983 1017199 771975 922479 997372 508411 930796
639390 70901 559644 751593 455418 522162 620866 698635 599211 293692 473919 515853 530133 999999999 143482 165810 165986 86281 623108 257997 423876 432809 247301 561654 407656 545881 601516 321128 662657 514496 219238 227956 84839 390553 401957 388237 289247 564349 342449 360014 207824 370798 476876 371835 315922 173147 714567 497399 284104 200201 451930 193701 322157 313419 399862 751855 137014 498437 444106 780092 316071 116846 281667 481914 302008 526535 286447 280826 753990 653436 375426 109077 595215 662339 94686 139269 422950 449806 630576 520019 871234 477639 214600 660553 714692 398657 225081 360205 256708 571587 461972 405981 182021 726484 593291 507032 645037 527635 553105 473751
514645 155715 622225 634586 476382 640110 578865 571065 602822 180104 470578 604837 622575 143482 999999999 23891 202292 214222 502565 401451 298126 292670 387114 532272 274273 462894 597987 360791 593829 376757 345159 238395 204116 344932 387289 375903 146558 631912 280282 273636 331926 376682 349290 269363 341968 265272 587841 382246 141708 290525 461149 327968 193117 235341 397785 695125 274941 359566 340599 637072 320545 230295 237588 349626 348709 383997 376879 186501 673168 623352 285857 235792 703644 564800 83001 17509 370526 361333 529903 397007 819741 339237 357950 658923 600669 519357 203948 236887 327483 605461 489393 373179 310949 675350 450609 386629 514131 392357 517956 334389
491203 179541 626609 611714 491938 654654 566275 547410 597413 159297 464942 613959 632252 165810 23891 999999999 209094 237984 479480 423759 285938 274127 407399 521929 250450 444622 591439 363618 577115 359230 369050 255659 227987 351854 380654 387842 123512 637116 267116 273304 349047 373644 336042 264917 359283 288484 564230 359911 122230 302708 457681 347078 169782 220164 393129 679873 295129 335783 334857 614314 318218 247115 246987 334588 352888 360947 399497 186548 654545 612425 267830 254393 716100 544203 106123 28328 357760 342808 508985 373816 804955 321500 380410 652386 578114 534827 200712 226344 349063 605051 488698 363674 334809 660989 429960 363708 490327 375899 506778 316156
560986 235694 420600 655349 619846 461373 462298 623626 433604 235590 308003 405552 424432 165986 202292 209094 999999999 240281 537651 330381 493567 467428 279039 399507 365891 416669 435537 163374 517879 554577 356927 386484 245060 531794 238363 543788 299364 429766 211716 474149 189807 204812 542173 471655 479942 336320 637200 410670 319548 109396 286386 211482 283853 204342 234139 598211 187658 465398 542767 760537 150435 112903 420934 537534 148368 511404 446097 387386 616228 490573 267891 139149 513999 543150 222899 185767 276320 332522 516207 445081 713940 516784 297132 494679 614996 349073 86032 435199 421795 413984 300787 248921 319644 570430 606397 428315 579790 574650 392978 509598
722112 67894 600482 836244 401098 518472 701260 780532 666964 377438 545997 539745 550878 86281 214222 237984 240281 999999999 706882 202855 463750 488546 217615 639690 486511 631941 671696 382166 747296 565338 134074 199450 17070 377611 478644 355675 359990 602009 427871 374534 214747 442446 516974 396226 266491 99275 796774 581942 347054 242937 520325 184608 402407 399682 473145 834445 129846 573767 465734 848286 389982 156553 277955 526666 360922 596711 205816 307133 839653 730852 461677 134567 600074 748597 141413 214587 506671 536084 716735 602980 952455 529979 159387 729393 799777 395648 308005 400443 186819 627400 523108 486655 97823 808149 653040 590591 725540 575028 632553 527596
35018 656461 764467 133357 931371 950912 399355 92672 569566 329510 490061 831105 854842 623108 502565 479480 537651 706882 999999999 859978 498362 397205 816025 426820 238079 209106 543507 567377 298930 428347 840933 717332 700250 736467 440446 807152 380368 786224 339251 617421 726968 492318 500162 575715 816177 767835 102308 127661 419059 638775 523300 748299 309870 333433 475575 404226 715779 204700 600699 339329 482831 643942 668118 469975 578758 252123 878690 568466 292546 464437 271219 665839 971061 154523 585524 496935 333418 223069 125985 105899 512353 416376 821527 584094 106426 860910 453081 500110 825900 666658 585696 390120 804463 413917 360263 116366 87526 455910 401957 405448
880187 270473 538948 982363 519738 365969 766024 941521 679951 536938 582852 442607 445613 257997 401451 423759 330381 202855 859978 999999999 666558 687523 78472 695331 659396 746437 693178 402625 839664 766418 149112 379468 218939 558668 539267 516266 547070 532324 542097 573118 167319 487616 719801 597650 410607 242789 956393 732337 541265 257429 546209 127651 572922 530676 520939 908152 144479 753346 665912 1037865 449726 218281 470169 729077 379380 784063 273178 509471 941701 779363 595113 194524 458272 873527 340014 396850 601502 662459 846387 761380 1014417 730480 44009 742982 942843 257692 415989 603167 303386 604777 525267 564824 145426 876586 850070 746385 891838 777032 695447 727508
489666 396100 903943 621362 478591 937743 753125 521818 835489 334155 706436 899108 917769 423876 298126 285938 493567 463750 498362 666558 999999999 101414 669877 730303 293216 578181 822914 639862 718169 120988 565431 337215 447950 263109 621103 349018 216319 916301 479145 146868 626787 631069 53307 99898 403198 457280 539948 430804 179690 588289 710146 617334 291155 426641 642695 832191 560878 293862 102344 451127 580695 526440 245950 67977 632174 260183 531633 162800 761808 811421 436606 528351 1001633 625441 330957 312144 560456 489146 587686 410721 956780 100787 622893 882016 603559 816192 467175 63796 466688 867159 751830 588804 542012 824526 233442 414413 458057 118827 709504 107370
388253 421303 859978 519999 567538 925207 670049 421196 767579 271491 642373 868871 889034 432809 292670 274127 467428 488546 397205 687523 101414 999999999 679204 653618 202617 487619 752527 598763 626186 87177 604413 398553 474439 356247 558842 438040 168873 874425 412547 235975 623061 576783 110575 189700 478228 501862 439383 335183 152049 570709 651228 620632 221512 362103 583982 740721 567273 192571 203692 376241 530905 521108 318328 87250 594503 161049 589908 220455 664633 730605 360217 528275 981407 526970 347887 302428 486831 404229 489434 311852 864125 49594 643530 810078 502216 807178 424799 121266 526566 811126 698225 521558 576411 735230 166190 316862 357282 109315 631559 42338
838388 279767 461267 934346 577535 309015 696393 900645 603532 501340 510130 368526 373158 247301 387114 407399 279039 217615 816025 78472 669877 679204 999999999 624610 628335 689296 617556 330319 775461 761644 209480 412132 234684 592231 471519 559868 527963 455253 488473 591257 97287 417777 723076 610360 458817 283606 914715 688647 528820 191454 472281 67728 542187 483186 450967 839325 112271 725249 681103 1015478 383875 174014 495365 729005 307379 761574 336074 519873 879241 706826 546922 156866 397265 818444 338921 379299 540809 610421 793178 721019 942927 724640 84550 666360 893865 191845 364838 606085 356257 526445 448754 500547 193848 806911 837359 704968 854170 774933 626071 720485
461810 627553 369757 471955 1002457 623474 74452 513114 143141 400003 119636 469197 492275 561654 532272 521929 399507 639690 426820 695331 730303 653618 624610 999999999 456503 218045 116710 294643 190110 726184 753028 763002 643752 872720 161504 908089 519794 393718 258691 781133 528638 207839 760968 758534 863682 734413 515886 363298 564174 438644 162810 567849 439180 310803 174526 217548 569343 521564 816006 760311 252212 500467 768875 740806 317324 587749 845471 699556 295280 92131 294152 528082 612383 316409 592318 516042 170736 256772 318760 409383 319311 696430 672970 162964 431919 574203 340422 694116 818162 253645 214381 159627 716566 183182 712877 392107 510779 754227 25118 685368
244393 429985 703067 371324 694709 820833 468472 297926 578502 130302 460234 734556 756754 407656 274273 250450 365891 486511 238079 659396 293216 202617 628335 456503 999999999 285556 560819 456186 425082 269833 618995 479507 477603 506020 381812 572244 142488 720525 236040 390232 550443 412043 313031 352713 578100 537424 315134 140718 181417 475161 476355 562104 86510 194883 411627 539308 519656 99618 391448 394942 376661 454955 431368 289144 458503 152955 645550 333204 471494 530042 170134 471830 861609 339181 355786 272003 295582 202765 301231 134004 663615 241498 617850 616280 342612 713647 295607 277630 590622 636933 530190 338243 584081 532867 268859 130616 239896 298084 433514 230186
244024 597640 562535 273597 934707 773476 199483 297382 360517 288788 286938 639885 663739 545881 462894 444622 416669 631941 209106 746437 578181 487619 689296 218045 285556 999999999 334745 395651 140687 547635 761911 700267 630174 769361 252283 822946 392906 585109 206409 661445 593589 309753 598189 629135 803866 712379 301825 160553 439328 499691 323881 623510 305050 233541 286347 254046 604322 325261 674470 543048 316960 529561 678682 573230 411826 390318 827420 591211 210499 265103 177046 555442 782653 131489 540451 450844 153241 101922 115432 201515 379219 523413 713791 377549 231155 696975 332643 556535 785559 459551 386469 205581 724062 247752 514698 186951 292774 576472 193068 511901
578503 671001 280710 584392 1053928 560130 162897 629399 29901 488878 128679 395749 417122 601516 597987 591439 435537 671696 543507 693178 822914 752527 617556 116710 560819 334745 999999999 295747 290544 828715 772064 817157 678506 942778 210810 969318 608168 304882 343869 859875 526808 230752 857237 841697 913996 769933 631797 477034 650299 446273 151868 569110 533205 396598 203186 279215 582317 631970 903167 876632 286363 521159 835251 839130 318899 697921 875741 775371 387299 121696 393010 547794 534159 428835 647540 580864 266080 366531 433796 523732 346175 797278 677579 60953 545277 532252 395665 781756 856426 156161 170402 234570 737604 241663 822499 506012 627444 856200 141689 786509
597094 392029 264162 664127 776183 383546 367267 659461 287304 335674 180227 278402 300777 321128 360791 363618 163374 382166 567377 402625 639862 598763 330319 294643 456186 395651 295747 999999999 456265 685011 476542 547101 390898 695151 149763 705761 431198 276656 233983 634365 235326 91425 685230 628530 636968 481391 669622 451440 460821 150583 144949 276106 388914 262592 123209 510748 286573 552573 698193 842902 84964 227672 584303 676353 23376 609061 583146 547258 563137 376802 308290 253511 409525 526788 386145 343565 243024 344385 509375 495094 612608 648207 383610 350537 621626 301405 174153 585291 568829 251290 141276 190668 442509 477499 718773 476060 628791 708026 297550 639592
331984 719769 559454 302825 1068912 809342 127652 369130 320242 425214 301454 658421 681673 662657 593829 577115 517879 747296 298930 839664 718169 626186 775461 190110 425082 140687 290544 456265 999999999 682629 872785 832203 747494 908516 307010 959847 532803 583500 321084 801716 678187 364844 736709 769766 935797 833378 366815 293343 579304 584153 344828 713017 444930 359217 333932 114653 702731 455716 814977 636527 391648 629018 815766 710961 476606 518572 948140 730311 107876 182570 310370 656161 801926 153437 668098 580544 241812 238949 173365 327623 238690 660213 811232 313139 267775 751099 440064 697221 910366 440762 401603 275042 835063 115925 640277 316436 386228 711489 173364 648677
412733 497540 945394 539956 596866 1011858 737140 433971 845079 354831 722225 955892 976118 514496 376757 359230 554577 565338 428347 766418 120988 87177 761644 726184 269833 547635 828715 685011 682629 999999999 675494 455445 550500 380133 639842 467799 255976 960192 492746 267173 708235 660397 87278 220587 524138 569653 451438 389309 237877 657528 733094 704408 303290 443661 666181 797147 650177 229898 204144 331454 615803 606330 366310 56830 681152 176396 649606 277751 710265 799430 435762 612530 1068537 570186 426499 387410 562656 472159 533848 357986 917963 37908 722424 885120 528609 893373 511264 173012 584977 893532 781658 600594 649572 794827 114209 366885 372594 28865 703315 45433
855952 190414 658745 970290 370940 513627 818277 914079 763633 511509 651062 575516 581503 219238 345159 369050 356927 134074 840933 149112 565431 604413 209480 753028 618995 761911 772064 476542 872785 675494 999999999 247790 141448 421302 591675 371153 488739 655576 556326 453371 261799 548911 617457 484659 263620 110510 930430 715992 471083 326726 620454 219286 535655 531236 581271 955129 190623 704037 547923 972185 500825 252969 344341 631603 453626 723290 126599 402948 967848 842427 594014 225552 604591 880736 266740 347103 631063 667721 849428 736908 1069987 642115 124962 826967 933714 400657 432907 504546 155116 706869 612798 605812 37859 927060 770492 724626 858510 681666 748351 641150
723295 158627 786852 850678 239640 717233 813857 773387 817809 413352 688485 735671 747919 227956 238395 255659 386484 199450 717332 379468 337215 398553 412132 763002 479507 700267 817157 547101 832203 455445 247790 999999999 183336 180252 609988 160530 337030 790750 517150 209212 413103 587761 385887 245943 103643 138655 791218 606139 301288 426369 671326 384051 412780 473613 613975 933111 328809 542338 303489 774781 531290 340021 98068 405178 528878 542761 194419 178829 910043 854934 523476 324405 799517 796794 170768 252208 606511 598421 760719 612067 1057308 426790 340915 877401 820522 594826 424024 283161 129559 798274 686843 603441 236013 912591 561352 605200 711655 456039 750577 428576
714785 53137 613182 830254 389194 535129 704262 772706 674455 371164 552135 554438 565891 84839 204116 227987 245060 17070 700250 218939 447950 474439 234684 643752 477603 630174 678506 390898 747494 550500 141448 183336 999999999 360980 483138 340469 348960 615153 427230 357554 230115 448594 501131 379545 253293 91458 789108 575999 334451 254349 527509 200933 394231 397223 478824 836229 145515 563531 448892 835990 395335 167345 260932 511224 370047 585067 202292 290685 838628 735208 458474 146832 616342 745304 128533 205663 507623 533349 712978 595885 955069 515364 175686 736623 794229 412177 309404 384774 178220 637605 532080 489429 106858 810492 639327 583891 717066 559799 635989 513176
733796 327689 947054 866006 217009 896082 913319 773319 947735 485068 815510 906007 919641 390553 344932 351854 531794 377611 736467 558668 263109 356247 592231 872720 506020 769361 942778 695151 908516 380133 421302 180252 360980 999999999 731991 89939 377006 953155 615294 120737 588246 720680 294931 166559 178581 316136 791599 645540 331072 590350 805289 561743 464556 565079 742603 1017379 505307 538494 182190 711443 664153 507027 110919 323420 679598 516982 338307 178205 971333 962358 600812 495105 976747 844046 309797 362197 705737 669589 806261 637955 1143589 363884 520859 1003727 842879 773135 548595 238894 277984 944886 829977 715280 413992 1002263 494297 636488 709256 369651 856611 370276
472710 469193 330098 525018 848373 521252 227926 533063 217701 288458 85801 391058 414862 401957 387289 380654 238363 478644 440446 539267 621103 558842 471519 161504 381812 252283 210810 149763 307010 639842 591675 609988 483138 731991 999999999 759936 404840 350258 147304 650059 374427 58996 658971 633465 708804 574124 541140 337505 444799 281852 94555 411654 337348 196753 35131 368967 409353 467684 696781 743011 91158 339415 624711 643606 169625 530639 684460 565054 413525 252212 213296 367060 532382 381651 439494 370228 107070 221672 367580 384465 479019 605956 514631 271762 482426 449133 186261 576271 658664 255196 151446 50487 555124 338126 650544 365135 511117 666018 157387 595812
806934 319156 947381 938482 129726 868249 954097 849492 971600 534693 840809 894710 906356 388237 375903 387842 543788 355675 807152 516266 349018 438040 559868 908089 572244 822946 969318 705761 959847 467799 371153 160530 340469 89939 759936 999999999 436135 951235 654957 202927 570419 741932 383577 250082 109330 276395 867750 709134 392210 586889 826164 538901 521484 607347 766640 1065668 485485 613883 272019 799247 685188 500436 144274 411338 688088 597391 271123 239061 1028979 999253 649650 484228 953286 906284 322671 392047 745582 721616 868893 705859 1191339 449615 482387 1029980 913200 747474 573844 317838 218127 957051 844575 748775 371210 1048042 581717 702672 785660 458438 893844 455327
386619 298327 693798 513691 555544 759161 549409 438494 619904 119934 490276 700013 720161 289247 146558 123512 299364 359990 380368 547070 216319 168873 527963 519794 142488 392906 608168 431198 532803 255976 488739 337030 348960 377006 404840 436135 999999999 707538 264434 269268 463123 415663 256580 240634 436087 400391 456041 273624 46541 404456 493962 465600 87880 211604 426482 643408 415902 215856 296262 490847 366757 361829 293022 245428 426159 237461 505747 199417 594605 604350 230777 372620 813271 470152 222095 150255 349067 294550 432803 275419 769617 218456 503824 667795 484161 642931 257047 174373 449374 651626 536838 373648 455685 630722 311776 269611 378330 277545 500290 210714
819543 632165 24240 856006 1002283 276856 459514 878168 276258 607515 298188 109844 124593 564349 631912 637116 429766 602009 786224 532324 916301 874425 455253 393718 720525 585109 304882 276656 583500 960192 655576 790750 615153 953155 350258 951235 707538 999999999 486224 903581 396229 309347 961884 901192 868390 697050 884685 687734 737445 364459 262924 437055 660539 526050 316112 584097 478029 812351 971877 1092909 345810 450850 842740 952853 284552 872785 778651 817023 686479 426540 558588 468514 232294 702980 644465 615159 455850 571550 698076 734721 641253 923717 535781 317819 814264 297661 450593 860982 782352 149267 200654 400317 630223 546545 987729 715388 860218 983740 412947 914843
366890 398702 468052 448341 756224 615113 299181 429828 356559 145020 229832 509175 532228 342449 280282 267116 211716 427871 339251 542097 479145 412547 488473 258691 236040 206409 343869 233983 321084 492746 556326 517150 427230 615294 147304 654957 264434 486224 999999999 522472 394932 176905 514651 500702 620097 512347 441304 218539 307338 303263 241362 421579 191193 52880 175742 416580 398960 326130 560148 611052 149456 324267 513493 498037 242314 387052 627189 441040 411852 347179 74494 349690 643327 331442 349460 265323 90707 122315 304833 261264 540206 459183 508314 403364 407017 521779 126565 438440 589564 402187 294152 109740 518467 395442 504841 242336 395669 519117 241490 448918
613866 311888 894749 746173 332653 881598 816023 652699 867712 384363 735354 869095 885133 360014 273636 273304 474149 374534 617421 573118 146868 235975 591257 781133 390232 661445 859875 634365 801716 267173 453371 209212 357554 120737 650059 202927 269268 903581 522472 999999999 567473 646603 186595 47208 259853 342862 670977 530692 222738 550419 730291 548795 356962 470427 664929 912664 490799 418145 94605 597978 591454 474692 111334 211680 621796 396427 399800 87141 859383 868523 498807 469084 955084 729333 267163 290967 611345 563798 691408 520479 1038858 247000 531298 920613 723840 757878 473887 118292 334816 878256 761947 627478 436289 899807 380282 520014 588625 260864 763268 252466
750701 261213 398000 842524 608862 314338 599938 813392 514557 421029 415548 325992 336359 207824 331926 349047 189807 214747 726968 167319 626787 623061 97287 528638 550443 593589 526808 235326 678187 708235 261799 413103 230115 588246 374427 570419 463123 396229 394932 567473 999999999 321275 679103 579489 478884 303856 826870 600277 471019 94405 379004 43482 465666 393543 354546 742621 85093 649087 651849 942637 286588 101953 483247 681176 212110 690235 382753 488555 782095 612106 456319 99169 389331 723360 302217 320829 444179 517216 698944 634857 847472 670537 151876 577827 801587 190896 273950 563734 387324 447142 360376 403309 234366 710502 774891 618122 769389 724277 529496 665166
523707 440262 291200 581436 823576 463954 278669 584969 230049 305592 103560 339374 362991 370798 376682 373644 204812 442446 492318 487616 631069 576783 417777 207839 412043 309753 230752 91425 364844 660397 548911 587761 448594 720680 58996 741932 415663 309347 176905 646603 321275 999999999 672145 634142 683617 540049 593832 383709 452017 230814 84621 360066 357404 218917 33327 421577 362647 503013 700351 785379 56772 295993 611374 659259 112311 563786 647534 560136 471785 294369 249470 323359 478760 439846 419321 359218 160318 270495 424711 429647 527132 625151 465238 290200 538830 390149 173008 582047 626166 236090 121471 104579 513196 389228 680277 410306 559663 685464 208294 615550
487862 449359 948901 617666 511937 989339 779531 514119 871087 370581 743675 947602 966605 476876 349290 336042 542173 516974 500162 719801 53307 110575 723076 760968 313031 598189 857237 685230 736709 87278 617457 385887 501131 294931 658971 383577 256580 961884 514651 186595 679103 672145 999999999 142142 446258 508798 531925 445216 224551 638740 749593 670209 324049 462861 682092 851264 613890 296380 116906 416872 623224 578444 292104 31851 678460 252349 580039 214510 773502 839479 466873 580874 1052140 634972 384166 362790 592631 513921 597706 420024 974528 84387 676156 915568 603299 868130 511626 117057 514930 907975 793392 624327 594569 845776 200852 426060 451440 74889 739365 94896
570938 330876 891188 703295 379804 893712 789995 608302 851003 359055 719184 872306 889267 371835 269363 264917 471655 396226 575715 597650 99898 189700 610360 758534 352713 629135 841697 628530 769766 220587 484659 245943 379545 166559 633465 250082 240634 901192 500702 47208 579489 634142 142142 999999999 304532 374536 626567 493428 194897 554833 716808 564011 326922 448045 650483 881830 506204 374660 72583 551005 580151 483356 150377 165668 617474 350550 439219 91072 823699 844340 471409 480391 964088 691699 277275 286033 587969 533391 653726 480723 1007790 199807 554952 902109 682032 770385 462864 75786 374066 868151 751741 607814 464953 870423 333333 481273 544216 215501 739740 205268
820635 245060 866457 949367 139961 767832 915908 868839 913312 516642 785522 804858 814984 315922 341968 359283 479942 266491 816177 410607 403198 478228 458817 863682 578100 803866 913996 636968 935797 524138 263620 103643 253293 178581 708804 109330 436087 868390 620097 259853 478884 683617 446258 304532 999999999 176582 886844 707420 397702 506939 766231 444185 514397 577069 710992 1036339 393966 635368 346176 851659 627638 419677 159920 470079 617492 630048 162575 259706 1013554 955749 627109 400107 855025 899394 271834 355568 709093 702002 863105 711500 1160302 499785 378811 973798 920248 648900 523673 357939 109238 886861 777893 704361 266835 1015466 634963 705407 806289 520031 851891 503333
779604 114877 696530 899722 305376 592370 794013 835206 765708 442527 643588 629669 639205 173147 265272 288484 336320 99275 767835 242789 457280 501862 283606 734413 537424 712379 769933 481391 833378 569653 110510 138655 91458 316136 574124 276395 400391 697050 512347 342862 303856 540049 508798 374536 176582 999999999 852213 646701 376745 341392 618850 267951 458266 478840 570225 924482 219603 615961 437415 873988 486682 255588 234114 524081 460194 629204 115055 294488 922045 826031 537955 232647 678740 823455 182363 271599 595092 613620 789935 662263 1044292 537319 206592 827965 865354 472625 398009 397479 87565 726427 622375 579128 97867 899467 667982 651842 776992 574490 726175 537064
76336 743245 862572 95989 994845 1053166 479979 18280 659002 421503 587269 932128 955904 714567 587841 564230 637200 796774 102308 956393 539948 439383 914715 515886 315134 301825 631797 669622 366815 451438 930430 791218 789108 791599 541140 867750 456041 884685 441304 670977 826870 593832 531925 626567 886844 852213 999999999 226618 489978 739616 621969 847010 395113 433548 576260 459954 812673 253875 641081 279658 585118 741797 733536 500340 681066 280384 960678 632167 331871 543196 372317 762926 1072575 213397 670149 583929 434322 325257 199073 195200 554008 447859 917120 668079 107081 963054 553341 552713 905328 761373 684561 491004 894592 476362 362398 210074 82359 476448 491560 438051
150608 533865 667324 254304 829142 833602 357687 213560 499515 204928 400154 722534 745982 497399 382246 359911 410670 581942 127661 732337 430804 335183 688647 363298 140718 160553 477034 451440 293343 389309 715992 606139 575999 645540 337505 709134 273624 687734 218539 530692 600277 383709 445216 493428 707420 646701 226618 999999999 316930 513184 427401 620921 193423 206952 371956 407920 588120 164709 530636 407158 366487 516333 566558 418556 460728 229908 759107 470748 331379 422624 146735 538178 859518 198664 465110 375102 232730 116863 160782 47669 529769 367215 693999 526215 218684 739236 326743 418275 708715 580792 487984 287452 679201 405921 354652 29045 177352 418172 338459 355681
422938 282067 724705 551998 513436 774176 595167 472119 661131 164289 530526 724150 743560 284104 141708 122230 319548 347054 419059 541265 179690 152049 528820 564174 181417 439328 650299 460821 579304 237877 471083 301288 334451 331072 444799 392210 46541 737445 307338 222738 471019 452017 224551 194897 397702 376745 489978 316930 999999999 420235 532077 469198 134375 254477 464805 689948 416630 242368 252902 501614 401108 369066 250195 218044 453912 252714 477603 154149 640281 649504 276817 376600 832474 514485 205917 150557 393474 341091 476944 315410 816158 200008 497467 710272 524001 655497 287624 131565 418850 688055 572462 415772 439903 677175 309195 311041 410420 256017 545073 194222
663786 267749 360623 751571 643543 354729 508750 726738 437023 344867 328963 318751 334789 200201 290525 302708 109396 242937 638775 257429 588289 570709 191454 438644 475161 499691 446273 150583 584153 657528 326726 426369 254349 590350 281852 586889 404456 364459 303263 550419 94405 230814 638740 554833 506939 341392 739616 513184 420235 999999999 295428 129802 393212 306372 264119 650725 136255 574711 627223 869902 192835 87268 480689 636735 127375 620667 437135 466183 687787 524320 367556 108778 413404 629835 284880 276145 349824 425510 606080 549908 757946 619624 234579 500401 710278 240032 186888 527412 428744 385620 286400 309158 293554 619284 713921 532537 685306 676250 438137 613037
556655 522035 241324 596710 906168 464564 237243 615281 147282 379968 43652 318489 342228 451930 461149 457681 286386 520325 523300 546209 710146 651228 472281 162810 476355 323881 151868 144949 344828 733094 620454 671326 527509 805289 94555 826164 493962 262924 241362 730291 379004 84621 749593 716808 766231 618850 621969 427401 532077 295428 999999999 420489 430033 289448 67505 379642 431097 561834 782155 834224 141308 369292 695991 735247 168292 625048 723992 644037 452425 235875 307717 395950 462242 446448 503497 443701 194671 310612 438253 474823 473164 698791 528375 209116 554526 411393 257296 662911 705632 160825 62666 141318 585830 344268 745098 455604 597907 758976 173033 688800
770686 238115 439623 866831 571599 334915 638389 832971 557313 434456 456197 362595 371420 193701 327968 347078 211482 184608 748299 127651 617334 620632 67728 567849 562104 623510 569110 276106 713017 704408 219286 384051 200933 561743 411654 538901 465600 437055 421579 548795 43482 360066 670209 564011 444185 267951 847010 620921 469198 129802 420489 999999999 476199 415513 393392 780509 57996 659540 635829 950919 322355 107168 459421 674287 252765 697329 341623 472961 815818 652441 479317 92995 415467 752117 288000 318775 476306 543321 726396 653404 887035 667037 108735 620638 826439 211506 297387 553747 349343 490600 403369 438001 193233 748947 776393 637300 786730 718968 567804 662341
321552 348179 644710 442476 638363 742807 464680 378556 547172 53247 420947 665522 687026 322157 193117 169782 283853 402407 309870 572922 291155 221512 542187 439180 86510 305050 533205 388914 444930 303290 535655 412780 394231 464556 337348 521484 87880 660539 191193 356962 465666 357404 324049 326922 514397 458266 395113 193423 134375 393212 430033 476199 999999999 140658 362972 555734 433212 183517 378822 477400 314797 369122 377569 306856 388321 227731 568823 286610 507809 521321 146165 385547 787973 386132 275904 188823 269376 206880 349311 204093 681907 268759 531464 591714 409839 632824 220147 257543 516609 590301 478495 300585 500187 543565 330200 194582 323192 328950 418587 258793
357546 364126 509022 451914 711609 635952 348276 420437 408862 92519 280867 540857 563350 313419 235341 220164 204342 399682 333433 530676 426641 362103 483186 310803 194883 233541 396598 262592 359217 443661 531236 473613 397223 565079 196753 607347 211604 526050 52880 470427 393543 218917 462861 448045 577069 478840 433548 206952 254477 306372 289448 415513 140658 999999999 222557 459874 386239 290034 507270 581108 181823 312798 464874 446941 266825 347732 593884 389786 443434 398359 64478 336227 670758 349587 309018 221528 141097 136495 319123 244035 584802 409394 494270 456196 412173 535924 119794 385561 552779 449903 339129 162191 493509 440870 461802 226342 379708 469546 292903 399361
507814 468698 296334 559466 850891 487691 245433 568194 205319 312613 74547 355978 379789 399862 397785 393129 234139 473145 475575 520939 642695 583982 450967 174526 411627 286347 203186 123209 333932 666181 581271 613975 478824 742603 35131 766640 426482 316112 175742 664929 354546 33327 682092 650483 710992 570225 576260 371956 464805 264119 67505 393392 362972 222557 999999999 388472 395594 499382 715332 776832 83794 328303 634061 667831 144821 561678 678575 579039 441276 261488 244718 355758 497479 414942 444511 380446 142185 256461 401750 418750 493829 631688 498499 263512 516893 418611 194045 595788 655929 227352 118952 85541 545368 355975 680482 399403 546013 691912 175145 621764
435497 812687 559924 383022 1171473 833156 143621 465080 308055 532514 336949 672440 694467 751855 695125 679873 598211 834445 404226 908152 832191 740721 839325 217548 539308 254046 279215 510748 114653 797147 955129 933111 836229 1017379 368967 1065668 643408 584097 416580 912664 742621 421577 851264 881830 1036339 924482 459954 407920 689948 650725 379642 780509 555734 459874 388472 999999999 777204 569726 928402 736422 459361 705578 922088 825597 532999 632005 1038301 839350 137860 157628 416793 733169 812627 251245 766038 680911 329754 348867 278670 441323 126256 774864 883410 278615 354813 790562 526832 809944 1004338 435192 426587 349328 917843 37566 752730 430661 490126 826002 213337 763328
