NAME : synthetic_000448
TYPE : CTSP-D
DIMENSION : 100
GROUPS : 8
RELAXATION_LEVEL : 1
EDGE_WEIGHT_TYPE : EXPLICIT
EDGE_WEIGHT_FORMAT : FULL_MATRIX
EDGE_WEIGHT_SECTION
999999999 399085 783100 854265 639542 383224 321708 769347 565507 94270 482305 488406 527013 479740 767032 280403 548863 845808 710258 469878 894022 894861 48398 885514 665477 924137 844604 700037 495083 673127 380542 654850 165853 847792 160675 559056 251164 686582 447840 899870 835459 368408 819454 114961 626643 337158 750623 828779 554206 175520 441335 450038 427307 999876 698422 744845 702614 374602 448633 422395 650402 955592 526017 344449 467798 368854 348469 653426 332120 539602 508997 746386 526040 431767 460895 256113 841077 438767 228145 512703 427422 105023 749391 955091 591449 878093 402546 327687 852648 159932 705781 153956 683306 436276 244028 342179 643296 553892 721905 385122
399085 999999999 1046821 1048638 525705 581790 495726 726446 581260 323560 854323 629118 735736 853878 654568 133467 939952 974325 917279 845218 848254 834081 400550 1071232 703327 1103835 777855 459511 864600 628654 778916 649380 234066 670349 241324 933049 246748 785510 123892 1110835 913549 534995 1024196 427973 536980 735163 619327 628357 853954 536925 291258 675122 411755 1165870 784478 572369 622636 165833 811940 719099 926708 1071770 721991 63190 618629 327003 688400 899470 90653 719461 254977 609717 411321 227904 237791 626368 629029 732196 385286 566111 642989 501927 1005040 1127968 507902 1108618 752921 160799 863210 283744 477563 257688 773581 824488 637534 293102 485048 600310 874932 149987
783100 1046821 999999999 200479 784430 465278 551139 686589 597006 786557 439680 446311 317465 449234 805078 920295 541932 355120 182537 457511 725261 753699 742923 232022 540024 263090 747716 982758 425422 679343 638245 615543 889815 942227 894165 429837 1019681 422475 1001606 181622 463765 514089 166771 680133 748107 637451 831561 972634 236871 613673 836522 371716 690264 335274 445564 895338 739183 906424 423895 360846 133321 417789 336144 985103 447695 748724 450072 148865 1031155 349000 945636 839069 785068 891740 909324 558570 997700 344389 664919 560007 403969 713741 45001 294319 739351 127921 422014 890811 604559 931793 966782 830642 440012 531635 628146 771290 848899 553553 301667 1115335
854265 1048638 200479 999999999 692273 485797 568239 552190 519718 835658 603095 419525 330009 612792 682239 933319 720580 172640 144054 619320 564099 595356 808873 36203 429702 75490 600242 896472 590817 570928 788494 509764 930165 816049 936964 609087 1068411 307959 981741 72133 293148 522400 41103 741879 656768 779177 715474 854629 372509 701603 800015 405379 653500 155943 324648 787602 626792 893112 575753 456553 274718 217846 336332 990776 430644 727858 562231 222226 1050300 332274 902343 724804 723080 862276 874192 667822 880166 440649 689532 502809 431346 805010 184980 109538 657090 111875 554655 887947 441226 986947 877053 866819 325723 690317 747560 757772 761404 482158 185557 1140439
639542 525705 784430 692273 999999999 430885 400110 210261 189234 553717 842074 365005 496600 847420 134326 482154 973662 557457 607102 844282 324576 308606 599603 700469 263732 720848 252433 204265 843208 130616 892798 184308 573504 215873 586013 907609 693052 384327 410412 764137 458345 387687 685492 558753 36344 854085 111189 215612 699477 631259 241698 491841 216225 759380 368957 125461 100135 370190 790196 613685 712613 628006 472710 495693 375823 273859 666671 648269 581454 449984 284044 106989 122572 298876 288366 688466 236472 615617 422819 240016 467620 685426 739867 733832 56394 787600 723702 401845 362558 660047 184994 524185 366650 869753 756172 306946 70175 233686 508876 668716
383224 581790 465278 485797 430885 999999999 86226 463988 267640 351564 411311 115641 157767 416837 518394 457158 544321 462592 345299 414049 573052 583865 335340 513937 322379 550922 544563 591905 412326 390855 485992 345634 444370 639668 451213 477178 582920 310684 539713 540595 459108 53097 455455 268273 400536 453302 522616 646339 295914 268882 389936 93822 256717 623376 326230 556345 442334 443245 359478 185742 349657 572378 149499 520449 93400 293285 240022 317685 571000 158066 500353 524330 375637 437080 458353 288991 667331 190572 205204 203813 61332 362504 423257 580050 374791 531189 293480 425659 502482 503253 583378 381145 310611 444984 370733 310419 475162 233417 339410 658706
321708 495726 551139 568239 400110 86226 999999999 472640 266300 276551 453804 168450 242968 457866 504527 371001 579347 532162 429465 453289 590923 597027 273348 595202 349587 631348 552138 539688 457526 386935 493590 353402 363477 614971 371114 525627 503507 365393 457053 624847 514023 48360 539175 209712 374424 456046 501544 614201 372150 243298 318052 179423 200342 701825 376740 523700 430765 359982 402348 248819 433461 640555 232571 434266 149240 217964 272597 403827 485278 236795 427094 501296 324328 359545 382679 289403 633224 257578 121346 205157 147274 321815 509337 659485 344030 616876 334688 340399 536156 427384 534157 299488 361670 471674 361978 230100 433888 243633 413288 573620
769347 726446 686589 552190 210261 463988 472640 999999999 206956 695475 854791 359216 459410 861957 135007 665656 992537 393518 504295 861445 127277 125637 723937 551519 159142 563561 80576 389911 851975 101224 949972 119543 738272 264149 750097 908072 868944 264588 616014 623470 277976 440104 556138 670042 190812 916945 174871 306191 666713 715683 435772 487672 353699 587280 241055 253759 110740 564619 805040 619374 648013 442540 436187 690047 378881 435380 699683 573076 773614 407792 493019 186168 315145 498672 492447 751320 331595 615637 541266 267715 475110 791189 645193 569639 218548 658796 744432 589071 156322 822405 366011 681180 247548 902858 830181 473153 272832 231786 386557 864083
565507 581260 597006 519718 189234 267640 266300 206956 999999999 496136 673943 181058 308723 680192 251982 496099 809386 406505 422453 678303 328935 332195 519283 532637 122143 557843 285934 385986 673274 123408 750917 89413 549962 379247 561073 734579 686452 218672 489108 590318 332811 236746 508101 463777 153417 716072 261085 394570 514370 509589 299125 312066 172819 607086 210931 308624 175694 415558 622649 439979 523492 495344 284647 534195 195396 260472 507515 459210 611487 261117 390349 264736 204712 365326 370291 549424 417848 439599 337587 63992 291901 584273 552236 575566 142407 608229 558443 427784 296985 630961 369781 489380 203264 712445 626236 298308 251911 44496 334161 704590
94270 323560 786557 835658 553717 351564 276551 695475 496136 999999999 534283 444476 505667 533188 683625 196219 616397 808710 693137 524140 821721 820242 78079 864771 603597 902156 768386 606337 545435 596961 459027 584541 106699 758810 108752 612756 234257 638786 358756 886973 785996 324911 803509 112541 543241 414918 664892 737884 568548 215835 348136 431456 346118 974937 647881 655254 622097 281556 494583 432239 656692 917027 500412 264522 425749 280531 378707 648389 269711 509372 414878 660043 437389 337515 366663 304916 749504 447596 163476 448552 404337 183748 749445 931550 507880 871205 439964 235230 789489 151690 612532 66559 633363 500966 314939 251373 553483 490054 688965 339103
482305 854323 439680 603095 842074 411311 453804 854791 673943 534283 999999999 497758 404880 9707 925910 721957 138191 693261 486936 18575 946830 964359 462453 639268 698954 677533 933743 993476 15976 794868 203305 742519 637215 1050357 635572 78737 731961 633660 862252 612407 754385 455631 562017 426356 811827 213422 932812 1057607 234604 318461 762629 367214 654031 756935 657263 967512 849625 768073 51907 235634 328730 791062 425386 792651 480172 661565 182473 387746 803666 454277 866362 934983 777722 791492 818312 229556 1078432 239323 502497 611553 382713 382114 429407 711507 785871 565591 119266 732397 851001 641446 987556 597918 643297 92786 250684 662204 883844 634974 577725 865988
488406 629118 446311 419525 365005 115641 168450 359216 181058 444476 497758 999999999 135030 504535 430666 515739 634779 365085 292070 503482 462021 474988 440025 442564 210054 476227 439268 549103 496007 298090 594601 244824 526909 560173 535411 555477 667836 198505 565808 482669 347542 120453 396036 374557 330688 564069 442032 575042 334542 384327 391901 131864 244615 542332 212170 487860 354738 474820 447242 262253 354421 472691 112608 571547 22240 310686 341066 299718 633595 97502 499984 445794 341773 450067 465542 402172 597950 260394 284683 125096 115948 476208 401546 502038 312331 485354 385475 468424 387166 594529 536285 462510 196681 543654 485088 338888 420739 138976 250604 725069
527013 735736 317465 330009 496600 157767 242968 459410 308723 505667 404880 135030 999999999 413002 549716 613502 542806 332147 187935 414334 543238 562322 480699 359671 300515 397724 535824 683894 399767 416241 538802 356609 601208 683368 607662 451161 738712 229656 684848 382996 361328 200800 298304 413367 461451 516205 566007 702605 208914 385465 519643 77283 374447 472868 252751 617342 475543 590415 358562 179580 219406 441644 24208 675268 132035 431330 282733 168778 728242 51625 629271 570937 476507 574282 592098 372210 726216 170159 362965 258400 101338 487517 273555 428230 445389 373990 307125 577340 446368 656943 670707 538391 238549 467353 457151 454689 554535 264497 204852 816371
479740 853878 449234 612792 847420 416837 457866 861957 680192 533188 9707 504535 413002 999999999 932174 721734 130644 702612 496448 10852 954596 971947 460780 648966 706391 687237 941023 997547 24459 801356 194573 749343 635643 1056173 633811 79664 728935 641972 863204 622089 763259 460601 571713 425931 817370 205769 938726 1062996 244142 317481 765486 374300 658176 766642 665509 972832 855886 769329 57549 242626 338436 800568 433338 792373 486756 664513 185853 397334 802347 462206 868774 940799 781989 793626 820585 228281 1083708 246750 504408 617641 389274 378891 439084 721212 791174 575212 123922 733247 859237 638592 991844 597149 651487 83653 246190 664614 888650 641464 586826 863868
767032 654568 805078 682239 134326 518394 504527 135007 251982 683625 925910 430666 549716 932174 999999999 616230 1061314 527290 622758 930269 212966 189611 725381 683478 265233 697014 136878 265933 925132 133556 996918 194330 707285 137202 719750 985890 827358 384080 535956 754015 412919 482898 683482 680274 140467 960286 43673 172577 758439 744100 375192 562496 339893 722219 362713 122288 76288 502746 874631 691627 753486 577215 525586 627664 446560 405667 758387 681991 713795 499058 405612 55752 256897 429968 416844 793389 198111 690742 545058 314953 543604 806170 762243 703988 175786 786620 810318 535700 286303 793732 241062 656864 366145 963328 866108 439919 171724 291799 509929 799722
280403 133467 920295 933319 482154 457158 371001 665656 496099 196219 721957 515739 613502 721734 616230 999999999 810903 871726 798180 713238 791771 782317 274278 957801 617098 991925 726703 470812 731983 564736 655147 573766 127423 659051 138613 800693 212892 686028 170280 993060 822089 413222 906723 295938 484662 611068 587088 626035 722440 405623 241634 549382 323377 1057384 688091 555624 570894 123005 679011 586985 797854 973425 601465 70798 502949 235849 554962 774153 118400 601569 260719 579280 360007 197683 221531 494934 632081 600388 255755 469718 517782 378977 879316 1017682 451540 987467 619583 81229 789362 203739 483267 129707 675870 694948 511014 197814 457894 507519 765365 211309
548863 939952 541932 720580 973662 544321 579347 992537 809386 616397 138191 634779 542806 130644 1061314 810903 999999999 823018 614088 131310 1085013 1102528 539747 756383 837029 793258 1071652 1117613 143324 931037 186870 879601 712503 1183977 708710 112216 788211 771149 961820 721300 889285 586024 679931 517368 944367 221880 1066888 1189251 363365 407286 878753 504866 779305 870976 794904 1098874 985040 870937 187570 373166 447043 917332 563490 880466 616722 778777 307437 513380 880044 592397 978649 1068650 903448 901802 929646 320152 1209500 377382 612880 746470 519257 443916 539763 826758 917301 669847 251059 831763 988632 701216 1113080 682516 781055 116360 304851 775348 1012563 771198 710935 932357
845808 974325 355120 172640 557457 462592 532162 393518 406505 808710 693261 365085 332147 702612 527290 871726 823018 999999999 210384 707038 392977 424826 797920 162384 296211 170139 433708 760154 683622 429254 857138 373548 891746 657041 900397 716028 1032755 189813 892012 238419 122082 483802 192320 730849 523928 839560 563887 699501 459875 716063 703371 406982 564264 202370 195656 639652 480054 811420 656267 500523 384887 110200 325851 921244 383049 647338 608344 311241 990115 307768 796810 574136 609708 768808 775854 703440 724963 487318 649767 408798 422704 816800 326185 177523 531072 284516 619257 814925 270441 959343 738848 827348 203681 771547 787951 681733 627630 377800 127304 1082887
710258 917279 182537 144054 607102 345299 429465 504295 422453 693137 486936 292070 187935 496448 622758 798180 614088 210384 999999999 501591 548376 575570 664985 176444 357946 215960 566841 808055 476459 498148 660818 434402 789143 759859 795582 506135 926506 239973 857841 195388 297941 385149 110406 598084 570776 647748 649875 790998 252365 558257 682238 262006 534538 294776 263243 715044 557687 766209 453182 316869 175240 304129 196998 857988 299577 602690 424238 101005 914040 197929 788498 657620 618121 741731 756272 527771 816161 301516 550230 392544 288987 661641 141026 248572 564573 193311 423540 757340 430145 844120 790984 726269 257479 568898 609117 630019 673219 380400 122530 1003028
469878 845218 457511 619320 844282 414049 453289 861445 678303 524140 18575 503482 414334 10852 930269 713238 131310 707038 501591 999999999 955122 972147 451396 655510 706361 693924 940693 992872 34427 799795 184738 748301 626294 1053632 624353 89213 718838 643625 855577 629570 766208 457086 578224 417349 814491 195169 936330 1059888 249526 308568 759568 373804 653631 773474 667016 969645 853985 761961 56440 242115 345274 805641 434330 783833 485417 658702 180830 402910 793132 463138 862415 938268 777558 787019 814102 219239 1080455 246950 497657 615538 387948 368741 446637 727931 787989 583164 120606 725553 860694 628577 987412 588299 652883 74446 235610 658283 884835 639937 590439 854200
894022 848254 725261 564099 324576 573052 590923 127277 328935 821721 946830 462021 543238 954596 212966 791771 1085013 392977 548376 955122 999999999 33625 848080 555226 252028 558317 76088 478255 942476 228338 1056622 239549 865548 301977 877370 994162 995991 322594 734809 631383 271123 554989 577073 792551 311359 1025690 256379 355884 743371 832405 559037 583555 480938 564442 297555 332428 225743 688341 898794 714015 708764 409609 521778 814092 483210 562519 802073 630932 898364 492834 608263 268410 437587 620406 612107 862035 378889 708203 665896 386209 575737 911782 687599 556708 341890 675411 841586 714446 122890 949637 453230 808353 309264 1001898 943016 600209 378742 347347 425869 988085
894861 834081 753699 595356 308606 583865 597027 125637 332195 820242 964359 474988 562322 971947 189611 782317 1102528 424826 575570 972147 33625 999999999 849539 587182 266260 590922 56229 452750 960467 223582 1068993 243692 860169 270384 872160 1013478 988613 345940 718807 663126 302795 562997 607432 795621 298765 1037128 232262 325054 764773 839632 546721 599273 476712 597871 320866 306252 212270 676094 915736 730416 733504 443163 540315 801938 495693 556069 815929 656033 886868 511399 590706 244139 425143 606655 596963 872456 347635 725241 666824 391871 589840 916444 715420 589744 330901 706419 857352 703994 154387 944970 427639 804201 331726 1017171 952447 593319 358875 354466 453253 975675
48398 400550 742923 808873 599603 335340 273348 723937 519283 78079 462453 440025 480699 460780 725381 274278 539747 797920 664985 451396 848080 849539 999999999 839765 617861 878204 799819 669894 474298 628551 380953 608686 174914 809969 173153 540443 281486 638185 435971 855662 787061 320011 774538 67458 585261 336840 710396 793053 517033 146289 410600 403977 385517 953512 650042 707781 659651 355872 425174 383170 610837 907627 479081 342242 419449 332084 316589 610710 342139 492129 485609 706585 488653 407236 436584 233115 806249 399301 182882 465600 380604 106597 708187 908922 550250 835245 374398 310577 805066 190925 674301 144578 634920 424829 237161 308220 606679 506670 674332 404409
885514 1071232 232022 36203 700469 513937 595202 551519 532637 864771 639268 442564 359671 648966 683478 957801 756383 162384 176444 655510 555226 587182 839765 999999999 436851 39917 595413 904696 626960 576600 824589 516759 958014 815661 965071 644788 1096856 317008 1001373 76997 284466 548730 77306 772600 665414 815068 718132 856055 408671 734694 817824 435841 672240 120217 331533 791765 631002 914073 611937 491138 310820 190469 364519 1014081 454870 748542 597249 258045 1075224 358505 918523 727835 736973 880902 891851 702419 881588 475349 716543 519686 460854 838083 219485 73685 667601 129990 590493 910438 432805 1016275 884659 894392 334280 726519 782562 779364 770101 496733 200358 1165907
665477 703327 540024 429702 263732 322379 349587 159142 122143 603597 698954 210054 300515 706391 265233 617098 837029 296211 357946 706361 252028 266260 617861 436851 999999999 457246 235570 467880 695515 142088 804634 80067 665144 402435 675814 750283 803430 122545 609411 501772 211810 309261 425516 557540 229064 774011 292124 433227 507571 586218 419314 333077 294395 498573 105340 359902 200384 537573 649925 464408 491582 377408 277501 656270 231406 381971 550192 418245 733072 248939 505261 300192 316451 485693 488951 611168 458475 459650 441152 155253 323898 671057 497042 471063 234864 528493 591112 549770 187212 743871 447835 603106 104479 750925 693070 419539 333588 113907 249146 826267
924137 1103835 263090 75490 720848 550922 631348 563561 557843 902156 677533 476227 397724 687237 697014 991925 793258 170139 215960 693924 558317 590922 878204 39917 457246 999999999 602834 924722 665046 594919 863876 536593 994546 827179 1001773 681433 1133747 340094 1031603 90738 290279 584503 116321 810963 686309 854667 733020 869378 447767 774189 846688 474227 702088 80457 352520 807997 647696 945465 650894 531038 348847 173379 401744 1047273 489348 779868 637165 297702 1109626 394557 945866 743074 762540 910388 920505 742315 894862 515259 752625 548329 498702 877560 254562 34102 690236 149839 630141 943055 437160 1053753 904118 930761 356754 765249 822479 811383 790807 523508 229768 1200682
844604 777855 747716 600242 252433 544563 552138 80576 285934 768386 933743 439268 535824 941023 136878 726703 1071652 433708 566841 940693 76088 56229 799819 595413 235570 602834 999999999 402326 930632 171582 1030544 199799 806048 234407 818113 985841 933600 330314 662721 669932 312562 520349 608610 747334 242729 997505 180317 285754 741695 795357 490606 566903 423626 616943 305665 256829 156209 619965 884262 698578 717735 465182 512984 745806 459137 501684 779993 641464 830811 484327 534911 192357 369049 550429 540772 831819 309686 694451 616942 347599 555060 869454 707743 604773 275174 709734 824151 648159 168977 891157 377332 750738 314466 982903 910480 538700 303815 312231 446054 919507
700037 459511 982758 896472 204265 591905 539688 389911 385986 606337 993476 549103 683894 997547 265933 470812 1117613 760154 808055 992872 478255 452750 669894 904696 467880 924722 402326 999999999 996954 330974 1011405 388173 589108 221942 601612 1064508 678489 588556 335997 968289 656844 542027 889152 647116 239734 969503 222266 172348 878328 739742 259295 666721 339481 961443 573166 146711 284664 348115 941948 777553 902877 825895 660792 454204 555734 347435 812066 842766 537680 640779 211763 210188 216546 276139 249835 811438 169998 782309 519232 426185 638731 769830 937908 937071 243594 990916 874300 393773 546138 672428 25139 557748 570904 1007043 866491 363443 135321 429205 712715 609362
495083 864600 425422 590817 843208 412326 457526 851975 673274 545435 15976 496007 399767 24459 925132 731983 143324 683622 476459 34427 942476 960467 474298 626960 695515 665046 930632 996954 999999999 793634 218990 740540 648883 1050498 647451 69882 745135 627847 870674 599001 746708 457688 549771 436761 812579 229397 932775 1058613 224145 329630 768215 364862 657478 744260 651641 968669 848873 776087 55724 233783 316205 780553 420733 802730 478874 667039 187953 376781 815007 449668 872627 935148 780906 798203 824804 241196 1079656 236380 509668 611257 381566 395571 415963 698973 787107 551664 123059 740993 845356 654468 990651 608660 637843 108100 265274 668532 886009 633793 569231 878215
673127 628654 679343 570928 130616 390855 386935 101224 123408 596961 794868 298090 416241 801356 133556 564736 931037 429254 498148 799795 228338 223582 628551 576600 142088 594919 171582 330974 793634 999999999 874209 63800 637404 268015 649288 853568 767727 264603 521150 643055 327798 359714 567551 577058 101476 839110 152849 293518 624905 629869 337425 429938 253244 630487 246325 217843 60351 465516 743872 559887 621918 497444 392094 590522 314764 334191 630517 551792 673515 365723 402420 159816 218544 401545 397375 672330 318447 558463 445679 187399 412165 700281 635745 606380 122485 670566 680393 488649 238279 721812 309610 580811 246515 835363 748282 371935 200197 159895 391233 764458
380542 778916 638245 788494 892798 485992 493590 949972 750917 459027 203305 594601 538802 194573 996918 655147 186870 857138 660818 184738 1056622 1068993 380953 824589 804634 863876 1030544 1011405 218990 874209 999999999 831513 546391 1108242 540998 249416 609071 764583 815405 805336 900071 514739 747555 374793 867953 44179 995117 1105036 416299 272365 759521 479420 683495 944177 785743 1014890 922108 730451 215003 359926 519032 961122 554082 722347 573496 664409 257710 567206 712057 580977 850448 994866 805374 771785 800753 204346 1122843 371455 492636 687020 482132 277013 623691 897973 837060 761885 238080 687494 975573 524882 1010520 525450 770558 111622 147812 653379 920941 719091 733994 757191
654850 649380 615543 509764 184308 345634 353402 119543 89413 584541 742519 244824 356609 749343 194330 573766 879601 373548 434402 748301 239549 243692 608686 516759 80067 536593 199799 388173 740540 63800 831513 999999999 634960 330447 646341 798878 769661 202319 548638 581826 279822 320584 505184 553047 150380 798016 216424 357261 565522 596271 359984 375736 252128 575748 185349 281087 123867 483956 692066 506924 559328 448722 332613 606461 263273 338451 583045 488554 686706 305536 437516 223585 248744 426005 425955 632118 382225 504420 426847 148299 360508 672955 571954 549586 160163 608031 629990 501573 215665 717151 367905 575456 184327 787104 710695 376719 254388 112541 328584 779115
165853 234066 889815 930165 573504 444370 363477 738272 549962 106699 637215 526909 601208 635643 707285 127423 712503 891746 789143 626294 865548 860169 174914 958014 665144 994546 806048 589108 648883 637404 546391 634960 999999999 765067 12699 715307 141062 714639 297271 984032 858682 411050 899487 219205 569656 502954 682757 736742 674458 319677 343471 529182 384807 1065291 721054 660731 653457 242979 599035 537925 760986 998222 593843 182757 510044 304481 485145 749549 167640 600061 382843 676236 451669 312977 339697 407714 744982 553073 242799 510767 500444 270128 851840 1022919 534795 970842 545811 195873 846904 86654 599467 64402 707301 598482 408006 268177 560069 551533 775934 232450
847792 670349 942227 816049 215873 639668 614971 264149 379247 758810 1050357 560173 683368 1056173 137202 659051 1183977 657041 759859 1053632 301977 270384 809969 815661 402435 827179 234407 221942 1050498 268015 1108242 330447 765067 999999999 777762 1112996 871695 520842 546714 887484 539189 599610 818755 772353 240831 1069777 118161 57551 891469 847055 421686 691289 430867 847393 499093 104370 208017 537757 998684 818178 889736 697915 659171 655839 574517 478960 878215 818797 741774 633279 415630 115375 321756 462228 441760 903898 77635 818434 636611 439592 670293 899065 899436 832117 271206 921737 933117 578138 401835 851363 199056 722268 502972 1082368 972045 507710 205862 421527 646257 819984
160675 241324 894165 936964 586013 451213 371114 750097 561073 108752 635572 535411 607662 633811 719750 138613 708710 900397 795582 624353 877370 872160 173153 965071 675814 1001773 818113 601612 647451 649288 540998 646341 12699 777762 999999999 713463 132498 724059 307987 990283 868497 418896 905965 220652 582003 497751 695330 749430 677287 318838 356169 535101 396533 1072897 730754 673425 665692 255222 598120 540930 764850 1007143 600712 191769 518284 316643 485844 754632 171508 607424 395068 688834 464231 325494 352128 406266 757646 556229 250922 521252 506703 265487 856522 1030338 547110 976427 545837 208235 857957 74064 612046 73516 716916 595144 403960 280482 572750 562117 783988 231929
559056 933049 429837 609087 907609 477178 525627 908072 734579 612756 78737 555477 451161 79664 985890 800693 112216 716028 506135 89213 994162 1013478 540443 644788 750283 681433 985841 1064508 69882 853568 249416 798878 715307 1112996 713463 999999999 807747 675738 940406 609086 787390 523911 568573 505078 876362 270111 995014 1122661 258831 396986 837573 423647 725140 758936 700068 1033022 909763 845920 125413 294819 336489 808178 473302 871388 539369 736354 257556 405144 881986 502166 942283 997772 848210 867997 894539 307883 1144060 295154 579543 673405 442778 457607 427671 714855 851719 557735 192123 810659 893157 717616 1057763 676557 686862 141370 323023 738228 951953 694113 607388 943409
251164 246748 1019681 1068411 693052 582920 503507 868944 686452 234257 731961 667836 738712 728935 827358 212892 788211 1032755 926506 718838 995991 988613 281486 1096856 803430 1133747 933600 678489 745135 767727 609071 769661 141062 871695 132498 807747 999999999 855517 353014 1120784 999080 551356 1036912 340154 693321 568558 799271 837607 797603 425370 454019 665264 517796 1205194 861642 768435 778839 334241 699594 662508 888903 1139285 732365 227265 650777 433623 597561 882544 156104 739589 466743 791680 570515 409660 431905 507242 842717 678312 383417 649829 637520 350141 983147 1162494 659325 1105460 653369 294099 983297 91323 692548 205429 847994 679749 487074 395793 670743 690236 916478 154960
686582 785510 422475 307959 384327 310684 365393 264588 218672 638786 633660 198505 229656 641972 384080 686028 771149 189813 239973 643625 322594 345940 638185 317008 122545 340094 330314 588556 627847 264603 764583 202319 714639 520842 724059 675738 855517 999999999 702206 379886 149037 318184 302971 573000 348907 739122 413368 554212 421733 578434 513737 285815 374700 388657 25079 482349 322355 622012 588058 408144 388072 287424 211472 733391 219798 458563 506923 311277 804212 183787 608672 421844 423212 579055 586475 585284 579588 399584 476266 219451 288839 673169 380698 356966 350639 405963 536310 626767 217593 786764 569099 650561 18113 696828 670134 493602 453588 188056 126740 897331
447840 123892 1001606 981741 410412 539713 457053 616014 489108 358756 862252 565808 684848 863204 535956 170280 961820 892012 857841 855577 734809 718807 435971 1001373 609411 1031603 662721 335997 870674 521150 815405 548638 297271 546714 307987 940406 353014 702206 999999999 1047296 821200 488619 960901 444996 425248 771231 499282 504466 827858 554663 190111 633150 329589 1088772 698135 449543 509261 97477 815908 698212 889369 984304 668103 126216 559039 255158 686280 852774 203729 661020 132137 489289 302701 123788 123782 641992 505281 709373 365268 484508 600514 542370 958185 1053406 398817 1051058 752409 130179 758610 367882 353744 294198 688687 845469 668853 230319 364989 514256 801879 273869
899870 1110835 181622 72133 764137 540595 624847 623470 590318 886973 612407 482669 382996 622089 754015 993060 721300 238419 195388 629570 631383 663126 855662 76997 501772 90738 669932 968289 599001 643055 805336 581826 984032 887484 990283 609086 1120784 379886 1047296 999999999 360336 580321 86664 789366 728562 799843 787472 926468 390657 741288 867354 455541 720274 154444 396762 859721 698906 957398 590522 490644 286318 262577 392329 1052108 492222 792674 592590 251229 1109211 391714 970796 796844 793030 928871 941577 700286 952007 474221 745604 571297 483600 844380 183039 116859 728432 59697 577360 950464 508749 1037431 948977 921367 397700 702569 776992 821554 833158 552047 256418 1198375
835459 913549 463765 293148 458345 459108 514023 277976 332811 785996 754385 347542 361328 763259 412919 822089 889285 122082 297941 766208 271123 302795 787061 284466 211810 290279 312562 656844 746708 327798 900071 279822 858682 539189 868497 787390 999080 149037 821200 360336 999999999 467056 308202 722006 427275 877281 451579 583810 528614 725790 631094 426450 502496 309305 138138 529202 372807 748071 712291 540358 470579 169665 347366 864823 368800 589305 643855 392719 939381 322289 715802 462389 526690 697461 700666 728191 609107 529733 622898 352508 433405 821570 429875 293074 439952 404723 666373 758002 148414 932746 634400 795006 152685 824830 813352 626046 527976 314817 181303 1032716
368408 534995 514089 522400 387687 53097 48360 440104 236746 324911 455631 120453 200800 460601 482898 413222 586024 483802 385149 457086 554989 562997 320011 548730 309261 584503 520349 542027 457688 359714 514739 320584 411050 599610 418896 523911 551356 318184 488619 580321 467056 999999999 494264 255230 359065 479399 483825 603243 348998 277584 336840 144729 204899 654331 330297 512850 407631 392667 403734 236017 401181 592221 188266 474471 100919 240482 279015 365669 528902 190263 447267 484686 325493 384412 405421 312682 623511 241975 168374 173275 112152 362525 471366 612286 331307 574435 336690 377154 494503 475703 534314 346895 315075 482761 390142 258710 428322 208576 365199 618269
819454 1024196 166771 41103 685492 455455 539175 556138 508101 803509 562017 396036 298304 571713 683482 906723 679931 192320 110406 578224 577073 607432 774538 77306 425516 116321 608610 889152 549771 567551 747555 505184 899487 818755 905965 568573 1036912 302971 960901 86664 308202 494264 999999999 707812 649584 738510 714994 855191 331481 664568 781630 372242 634351 196680 321951 785199 624852 870802 534686 417728 233738 251817 306611 965539 405573 706170 522762 181805 1023064 305229 885709 723871 709528 842806 855850 628867 880678 401681 660162 486514 399393 767945 146667 150419 647724 103209 514082 863807 454411 954422 870485 836534 321044 649219 708056 734924 753840 468771 176742 1112485
114961 427973 680133 741879 558753 268273 209712 670042 463777 112541 426356 374557 413367 425931 680274 295938 517368 730849 598084 417349 792551 795621 67458 772600 557540 810963 747334 647116 436761 577058 374793 553047 219205 772353 220652 505078 340154 573000 444996 789366 722006 255230 707812 999999999 541404 331014 668364 759503 457989 110220 389895 336764 342598 886132 585522 672093 611888 356651 384675 322421 548876 840649 411625 366487 353665 301422 266317 545711 380740 424758 476201 665450 454005 397398 426509 199147 774307 338170 135935 407525 313162 126725 644451 841597 507025 769971 328257 315355 744633 251662 649142 172337 570277 401036 226984 284037 572486 448035 607013 451638
626643 536980 748107 656768 36344 400536 374424 190812 153417 543241 811827 330688 461451 817370 140467 484662 944367 523928 570776 814491 311359 298765 585261 665414 229064 686309 242729 239734 812579 101476 867953 150380 569656 240831 582003 876362 693321 348907 425248 728562 427275 359065 649584 541404 999999999 829923 128035 246358 665227 609465 248023 458644 199770 726104 334046 157514 86521 377411 760010 581958 676908 596866 437489 503251 342209 266328 637951 612189 588103 414434 302959 126964 126433 309089 301789 663660 268286 583412 405767 206057 435173 667715 703556 699828 35370 751579 693887 405620 338342 655790 220971 517715 331327 841783 733315 301553 104698 197910 473045 677101
337158 735163 637451 779177 854085 453302 456046 916945 716072 414918 213422 564069 516205 205769 960286 611068 221880 839560 647748 195169 1025690 1037128 336840 815068 774011 854667 997505 969503 229397 839110 44179 798016 502954 1069777 497751 270111 568558 739122 771231 799843 877281 479399 738510 331014 829923 999999999 957419 1065476 409231 229873 716744 453314 643431 935115 759626 975507 885900 686407 214423 339476 514009 945095 530128 678391 542605 622259 233473 557032 668983 556254 806916 956886 764685 728204 757217 166948 1082958 352264 450402 652358 453602 233240 619951 888695 798584 758764 224673 643365 947728 483345 968986 481364 744279 128741 104180 610540 880781 685479 714923 715516
750623 619327 831561 715474 111189 522616 501544 174871 261085 664892 932812 442032 566007 938726 43673 587088 1066888 563887 649875 936330 256379 232262 710396 718132 292124 733020 180317 222266 932775 152849 995117 216424 682757 118161 695330 995014 799271 413368 499282 787472 451579 483825 714994 668364 128035 957419 999999999 141125 773769 737497 345454 573130 325880 760606 393150 79376 92560 471049 881208 700210 774326 617330 541799 594961 456369 384867 761781 704604 681340 516247 367996 12079 231117 397103 382220 790937 166351 700346 532505 321638 552263 794883 788163 741099 161482 818202 815903 506079 328473 769393 197389 634617 395284 966301 861221 417402 134354 303473 539959 765804
828779 628357 972634 854629 215612 646339 614201 306191 394570 737884 1057607 575042 702605 1062996 172577 626035 1189251 699501 790998 1059888 355884 325054 793053 856055 433227 869378 285754 172348 1058613 293518 1105036 357261 736742 57551 749430 1122661 837607 554212 504466 926468 583810 603243 855191 759503 246358 1065476 141125 999999999 908939 839729 394068 704400 422414 892945 533649 90535 233466 503487 1005741 828316 913530 745541 678429 617830 587669 460983 882172 844722 702993 653690 375354 133718 305516 428355 405786 900984 25541 829713 624791 451507 681430 885798 929172 875829 271952 958387 939303 545938 450631 822372 151517 697410 536150 1084902 965867 486726 187018 438337 680670 778330
554206 853954 236871 372509 699477 295914 372150 666713 514370 568548 234604 334542 208914 244142 758439 722440 363365 459875 252365 249526 743371 764773 517033 408671 507571 447767 741695 878328 224145 624905 416299 565522 674458 891469 677287 258831 797603 421733 827858 390657 528614 348998 331481 457989 665227 409231 773769 908939 999999999 381213 685777 211841 550589 527976 446523 822300 683932 730429 203385 136720 106089 556492 232942 790905 324269 588158 213706 153440 826203 260165 796102 778304 664732 731196 753411 321902 932121 122302 469230 459464 241346 479103 212757 481869 646248 351457 187453 706495 637935 707787 867249 619348 434204 318528 391782 602247 753529 470791 348604 905035
175520 536925 613673 701603 631259 268882 243298 715683 509589 215835 318461 384327 385465 317481 744100 405623 407286 716063 558257 308568 832405 839632 146289 734694 586218 774189 795357 739742 329630 629869 272365 596271 319677 847055 318838 396986 425370 578434 554663 741288 725790 277584 664568 110220 609465 229873 737497 839729 381213 999999999 487173 309239 417391 852365 594814 750375 671781 464922 279362 253738 480393 826093 390212 475954 362115 392414 172963 491100 485383 409677 579600 736027 536754 501278 529983 89447 856392 270368 220551 447983 294679 103407 582243 806496 576774 714774 228370 424735 769758 334099 739539 279740 579169 290930 126933 381070 653852 485339 589053 550525
441335 291258 836522 800015 241698 389936 318052 435772 299125 348136 762629 391901 519643 765486 375192 241634 878753 703371 682238 759568 559037 546721 410600 817824 419314 846688 490606 259295 768215 337425 759521 359984 343471 421686 356169 837573 454019 513737 190111 867354 631094 336840 781630 389895 248023 716744 345454 394068 685777 487173 999999999 479043 147701 901542 508799 317414 334457 129388 712500 566794 733568 794444 500378 255230 388873 101267 580330 688288 340315 489203 110557 337693 121592 66394 74224 564191 403669 575066 267961 298360 447172 511089 792104 867318 217387 875273 645453 160684 572429 429684 264452 303691 499761 765016 612882 106247 217524 325705 617573 429104
450038 675122 371716 405379 491841 93822 179423 487672 312066 431456 367214 131864 77283 374300 562496 549382 504866 406982 262006 373804 583555 599273 403977 435841 333077 474227 566903 666721 364862 429938 479420 375736 529182 691289 535101 423647 665264 285815 633150 455541 426450 144729 372242 336764 458644 453314 573130 704400 211841 309239 479043 999999999 340031 549888 306453 616158 486504 536880 317383 131704 256453 516919 81412 613517 116865 384624 221779 224772 661971 104193 589595 576534 452896 528669 549003 301882 726822 128709 295178 252894 32636 410785 330071 505054 437445 442019 258114 519439 496569 582191 656033 467235 291197 418358 387081 403418 543316 270723 279852 748385
427307 411755 690264 653500 216225 256717 200342 353699 172819 346118 654031 244615 374447 658176 339893 323377 779305 564264 534538 653631 480938 476712 385517 672240 294395 702088 423626 339481 657478 253244 683495 252128 384807 430867 396533 725140 517796 374700 329589 720274 502496 204899 634351 342598 199770 643431 325880 422414 550589 417391 147701 340031 999999999 759490 372818 332995 276050 247377 602475 440817 590937 660131 354374 362385 242759 87653 472915 542559 438722 342073 255436 322852 124151 208781 221776 480074 439539 446846 206679 155534 309375 469232 645667 723832 164890 727594 534832 255643 466986 468707 333859 327573 362203 670300 543456 125564 237449 188556 472430 531883
999876 1165870 335274 155943 759380 623376 701825 587280 607086 974937 756935 542332 472868 766642 722219 1057384 870976 202370 294776 773474 564442 597871 953512 120217 498573 80457 616943 961443 744260 630487 944177 575748 1065291 847393 1072897 758936 1205194 388657 1088772 154444 309305 654331 196680 886132 726104 935115 760606 892945 527976 852365 901542 549888 759490 999999999 397025 837735 679569 1005240 730961 610836 428218 156249 475189 1110650 556962 839958 717263 378159 1175528 465749 997306 771281 811109 966316 974699 822058 918186 595152 822705 604265 573129 955649 331292 46554 733427 212943 710597 1005400 448136 1126628 939790 1001210 403830 845097 902544 872795 829550 576073 292023 1267305
698422 784478 445564 324648 368957 326230 376740 241055 210931 647881 657263 212170 252751 665509 362713 688091 794904 195656 263243 667016 297555 320866 650042 331533 105340 352520 305665 573166 651641 246325 785743 185349 721054 499093 730754 700068 861642 25079 698135 396762 138138 330297 321951 585522 334046 759626 393150 533649 446523 594814 508799 306453 372818 397025 999999999 463499 302952 620091 611310 430481 413050 287313 233859 733568 233984 458070 528033 336133 805969 205742 601168 401938 414173 574590 580801 604334 559091 422303 484760 218987 307794 688222 404176 367494 337931 425140 558789 626753 193739 794674 553175 657244 15659 719455 688956 493871 438686 184479 147218 899233
744845 572369 895338 787602 125461 556345 523700 253759 308624 655254 967512 487860 617342 972832 122288 555624 1098874 639652 715044 969645 332428 306252 707781 791765 359902 807997 256829 146711 968669 217843 1014890 281087 660731 104370 673425 1033022 768435 482349 449543 859721 529202 512850 785199 672093 157514 975507 79376 90535 822300 750375 317414 616158 332995 837735 463499 999999999 160841 434992 915629 738956 830736 695812 593252 554758 499693 376055 791727 763734 641011 569311 317508 67705 219130 359508 340195 810754 111040 740681 536827 363504 592528 798651 851335 817119 181660 888280 849081 474563 407844 747060 121573 618000 464246 994373 876269 403959 101806 352887 609037 721291
