NAME : synthetic_000880
TYPE : CTSP-D
DIMENSION : 100
GROUPS : 8
RELAXATION_LEVEL : 1
EDGE_WEIGHT_TYPE : EXPLICIT
EDGE_WEIGHT_FORMAT : FULL_MATRIX
EDGE_WEIGHT_SECTION
999999999 545017 707979 644285 429111 140727 529208 502000 107197 390135 503486 512855 25381 507865 457387 896543 53692 934529 175530 600845 824904 741094 481919 492730 651655 327737 132447 325814 515317 416955 365325 351107 763516 764771 588212 423512 176803 469215 473371 511034 686620 474480 526713 46427 419079 713889 834715 191666 644565 395993 501285 238832 403379 459664 212037 896727 39680 306544 493916 414328 624518 231380 500499 547834 363940 294797 740917 715205 729449 752628 766538 617426 741031 826298 272028 655245 233109 854441 853318 153911 790607 154889 83303 109007 758511 254720 231819 508619 572776 564689 583119 510041 461725 510395 343169 400220 802590 805272 742876 823667
545017 999999999 593156 240278 121926 561528 290210 249012 650421 302630 313445 618499 519645 668399 538974 690420 598698 671527 370473 707086 288176 214812 710045 469983 120329 275807 604600 532216 918642 247483 560511 689652 323674 645443 991427 384778 698955 113696 150012 52356 143466 416409 798727 584525 261767 633969 623003 672677 580894 818425 931253 377491 362210 85408 382018 618404 575565 241665 836846 314625 576964 757320 861123 926426 690389 471837 508429 298631 558424 214905 656479 87790 558874 486235 732211 342571 427943 656272 340985 671455 319392 409595 471641 648539 325714 739662 319517 835716 538117 468481 309804 286547 105425 449043 795669 560036 525825 442970 208978 679041
707979 593156 999999999 833433 611304 826083 853505 807173 757729 792728 292355 263018 693030 320296 268443 198013 739468 264198 609197 264599 779039 575585 398291 215539 569303 714784 836777 933514 680459 398313 975094 514593 906870 59628 725669 881859 734471 501946 458200 624089 617069 932158 470926 751308 773800 50008 152967 667103 73077 651415 722520 488426 852436 576829 727002 251630 705196 615733 565686 818469 95466 772907 597688 654619 501749 872571 146696 392195 69128 727160 66561 662954 82962 294140 979939 278500 794290 158547 869293 857271 478976 578805 636050 744343 910876 697182 644616 547267 138828 152573 887706 313654 520371 202963 679091 994989 207824 319620 733857 115806
644285 240278 833433 999999999 264359 606147 153794 153630 750138 273190 551125 842609 620974 886985 761229 924103 694952 897408 493070 935225 266179 361504 919118 701390 298659 316919 656373 495707 1095040 471346 506985 872790 119233 885516 1169932 305875 817807 341202 383256 215347 273477 303647 1003629 672485 232795 874070 857896 810163 819933 984960 1099104 551494 300893 275320 437703 843622 681776 359127 1027218 261209 815100 874539 1047877 1110513 876624 452861 744744 512914 797760 225331 896650 181637 797659 705103 751857 577616 449913 891674 239336 732594 500403 548311 591075 753268 114619 879045 419153 1029954 774232 706598 126544 525184 325961 683380 950598 490297 755695 659054 208074 917944
429111 121926 611304 264359 999999999 439653 242636 196204 535670 203572 318986 583477 403880 624934 501653 737767 482723 732916 257614 678371 396053 334919 654950 450748 240337 158529 483073 419007 836912 220372 450381 611662 374105 668090 911254 292903 589712 117194 158142 81933 265079 334656 739274 466834 171552 645736 668792 569770 584610 730390 844423 290578 266399 48359 260127 681818 461616 122732 764719 222786 576143 648023 786314 849859 614685 356808 553228 386636 589371 323553 677362 188353 592926 560986 610375 397999 307722 700068 432076 550854 426363 303618 359909 534953 372668 638045 199789 766683 530320 469910 280922 298589 97663 437722 701381 454154 584430 522123 314148 710011
140727 561528 826083 606147 439653 999999999 470329 454037 193886 334199 593629 647482 143433 646241 586941 1008038 152148 1038024 233310 737911 821118 771806 622464 611015 678063 300082 50999 198343 641572 493384 233740 490919 722904 884344 712071 338431 281291 510604 526189 518343 704698 381353 666876 122327 373378 836657 943559 318173 766613 523133 621672 339796 325925 480208 180716 996549 169662 323514 630040 351495 747673 323047 634396 677690 504063 185844 842810 779126 840519 752199 887345 620027 850924 912118 175024 737506 156671 965937 833429 128396 843280 248361 191965 206037 716242 372264 247673 645902 694948 677664 521847 594376 498410 624337 465365 270641 899500 885657 739947 941755
529208 290210 853505 153794 242636 470329 999999999 46438 631097 139545 561372 814389 508078 849767 732815 972313 576279 959349 401448 911352 414819 470735 869582 690105 389173 209914 521278 343602 1012068 461916 353375 800168 259047 909850 1087345 152644 705890 353462 396783 243287 381090 152193 947648 550970 113864 888356 903811 708533 827087 896991 1009837 487936 150906 277891 317195 906688 568363 286273 956889 118892 818248 760299 974037 1033316 806438 304835 788145 588486 829223 364135 919376 275550 831939 776299 605611 626384 314247 936058 393016 598563 598608 461108 489400 636449 251022 776495 323861 963020 771603 712442 54015 540136 334368 678981 855672 336588 812219 733180 347480 950254
502000 249012 807173 153630 196204 454037 46438 999999999 605915 120015 514995 769450 479890 805705 687780 927270 550784 915604 365465 866180 400739 438163 827015 644011 353180 176470 504585 345654 975863 415543 360824 761326 268880 863600 1051145 161048 677927 307586 350781 200374 349488 175665 906124 526710 83091 841933 858665 676938 780655 861847 975204 446395 150590 232018 291277 863150 540609 244688 917871 108014 771850 733366 935749 995823 767127 299958 742961 547636 783285 344364 873081 243587 786135 734065 598274 581988 297431 890768 389953 581295 562073 424355 457029 610309 262238 745357 288208 923366 725294 666005 91700 493883 288404 632666 822350 348586 768140 691495 328387 904269
107197 650421 757729 750138 535670 193886 631097 605915 999999999 491567 583104 536648 132047 518688 494669 951930 55209 997646 279979 614908 931647 842963 477549 546667 754897 433248 156512 392229 451440 506560 426939 330594 869324 811788 520287 516565 87608 570539 571392 617542 791200 564616 504337 80851 522829 757066 893544 136448 689934 334742 428893 321530 498968 565013 314692 963449 75242 413308 452344 514366 668610 132059 452382 490178 345611 374652 807474 806176 787195 859221 811829 724023 799875 904243 251604 737316 325132 910240 960506 119337 885589 249508 180510 16114 864109 180516 338998 470873 619390 623185 684737 593219 564231 569094 274403 464175 872648 886845 849654 871939
390135 302630 792728 273190 203572 334199 139545 120015 491567 999999999 503764 716673 369450 745129 636840 933500 436786 933639 273369 814961 508510 512644 756644 608532 420460 86289 384860 238127 880561 394545 261064 674849 388846 851339 955695 90723 566920 319129 357078 250372 429300 139547 829952 411429 45446 821899 864438 571826 756255 764041 875958 374965 62957 251091 178141 883255 429445 183168 831394 29090 744392 620989 846727 904149 682326 185402 749704 589040 778905 446200 859288 327784 784021 764430 479808 599476 177534 894548 506606 461761 621356 333685 354302 497026 382071 639283 197193 839199 694370 644002 193201 488016 299937 603345 720427 257722 785136 725689 431494 897727
503486 313445 292355 551125 318986 593629 561372 514995 583104 503764 999999999 322485 482380 380741 251517 434318 547995 449180 361195 401987 548700 367903 438252 165368 324039 429540 616859 665769 691966 111654 705457 469810 636134 349567 757487 593860 592216 212255 168824 337270 375224 642592 529806 549897 482547 327451 365869 539130 269344 615771 717919 264744 564768 285865 461765 404715 514875 333122 591312 528588 263978 644268 620387 686581 464473 602498 255364 245213 275322 484644 358538 392824 281090 322815 762933 154723 528565 393942 626922 657010 340052 351781 421251 573735 638668 592543 375940 583522 224977 155476 596730 29099 229866 138898 615222 721051 306547 303755 486867 394051
512855 618499 263018 842609 583477 647482 814389 769450 536648 716673 322485 999999999 504701 64662 81862 457519 531331 527157 471146 98398 870751 688391 139897 157822 645854 630729 645228 794737 422855 372565 837582 254776 940464 302792 474839 796122 496602 506253 468667 629032 697014 851291 224213 549929 712654 242259 415852 426418 190509 388443 462266 348563 766995 567308 598829 511147 499047 534908 309356 745418 168750 527230 341329 402444 241023 741416 376765 539908 318971 805377 298248 703707 334252 519503 778544 421253 661051 420203 946491 648138 637755 421931 458192 521601 941497 445685 531412 293804 145009 208060 859621 351461 518970 188735 418281 864794 448349 528778 806558 362130
25381 519645 693030 620974 403880 143433 508078 479890 132047 369450 482380 504701 999999999 502832 446351 880010 79053 916284 150202 594548 799743 715874 480677 477522 626331 304874 143983 318814 527892 393922 359413 354980 740202 750316 601469 406369 198056 444097 448713 485794 661240 458287 529432 69368 397152 700421 817515 206608 630785 408694 515955 218269 385275 434289 191398 877757 60850 281373 501354 394249 611094 253790 509434 558780 367135 283540 722181 691585 712662 727418 752469 592214 723979 805082 287478 633373 217704 837875 828695 174715 766282 131945 61129 132942 735328 271813 207037 515068 558949 548143 562058 488161 436482 493997 358026 393272 783023 783353 717727 808818
507865 668399 320296 886985 624934 646241 849767 805705 518688 745129 380741 64662 502832 999999999 130699 510709 519968 584103 488633 96542 927065 748154 78033 218406 702218 658841 638901 804810 361116 421018 847489 212594 988106 354901 411093 820990 469592 555146 519483 675498 753247 876659 159563 541264 744665 294074 473128 398974 249281 335464 402268 371235 792353 612480 615643 570735 489421 566151 246834 774134 228389 494291 278890 338852 197487 754599 439822 603201 379438 860478 348780 754706 394756 583563 766218 485143 675005 475000 1000527 634109 701143 435070 462057 503061 988646 409238 554333 230268 209098 272559 896759 409422 566630 250648 371277 876591 511077 593349 860947 412527
457387 538974 268443 761229 501653 586941 732815 687780 494669 636840 251517 81862 446351 130699 999999999 466258 482104 525028 397695 178745 796465 619414 188012 95991 571669 551161 589447 724364 457249 292136 767172 257000 860045 319050 517024 717511 466520 426161 389565 548104 622660 772401 279253 497597 631785 262722 415079 398732 197409 402108 490524 273218 688232 486000 524930 501106 448533 454495 349188 665459 175404 504484 379967 444785 246509 669165 354311 481833 310784 729779 318071 624840 325309 487078 727674 367534 588644 425978 869899 600223 579723 352075 395346 480567 860900 429898 454424 338222 130666 166923 777848 279871 438377 130131 420019 793034 426168 489514 730273 379591
896543 690420 198013 924103 737767 1008038 972313 927270 951930 933500 434318 457519 880010 510709 466258 999999999 930925 91872 783082 440704 812925 609568 587773 405584 633582 862698 1022667 1098660 865720 545964 1138901 711205 977498 155863 904828 1024170 931586 621329 579634 731130 673644 1070464 652424 940956 907930 216642 69072 864663 270541 845241 910213 668242 995577 696258 893126 119479 896536 767320 751110 956733 292994 970731 782732 835728 697986 1035851 184565 423358 167569 775555 163078 743872 157326 248674 1167480 347849 960411 42146 909437 1047964 481719 759686 821270 938957 983388 895181 808038 730935 335986 331892 998745 446403 640857 386149 875428 1155229 172118 293762 786039 101789
53692 598698 739468 694952 482723 152148 576279 550784 55209 436786 547995 531331 79053 519968 482104 930925 999999999 972432 228982 614962 878427 794156 486353 525550 705024 378052 125221 348610 489634 465492 385456 346330 814131 795101 560621 463944 134696 522054 525171 564653 740227 512972 522397 30183 467705 742320 870579 166064 673858 371031 471020 283646 445591 513339 259619 936189 34399 360107 479688 459883 653154 184989 482950 525546 360407 325946 780117 764621 764659 806211 796067 671014 776761 870539 247227 701041 272360 888957 906067 118195 841534 204513 133312 60691 808905 221600 284970 496423 602442 599874 629985 556085 514880 545503 313898 421943 843415 851010 796386 854682
934529 671527 264198 897408 732916 1038024 959349 915604 997646 933639 449180 527157 916284 584103 525028 91872 972432 999999999 808126 520940 763001 564414 661976 453108 600824 868238 1056679 1113569 943058 558691 1152494 777094 940753 234695 985382 1024200 984206 615752 576576 716126 636281 1067569 731427 979968 904449 293312 111323 919322 336745 915427 986003 700022 996432 688569 910734 53872 938105 776743 828217 955061 358804 1026523 860105 915273 764674 1049884 195256 385983 214420 732302 244483 715797 200299 196294 1202610 334989 977284 112986 860582 1087733 428724 791054 856174 985501 947417 954637 824785 809005 394875 374884 981308 455640 635258 428667 941644 1166070 148533 243684 744195 188610
175530 370473 609197 493070 257614 233310 401448 365465 279979 273369 361195 471146 150202 488633 397695 783082 228982 808126 999999999 568545 653364 565861 490153 398900 476130 191880 261720 328447 610698 260195 371015 401481 611191 668548 685984 337558 332370 294590 301970 339024 511381 393414 559083 217636 287675 626026 717051 317495 556097 496395 609871 125321 310360 285069 127692 765321 205099 137716 558054 301908 539317 390596 573776 632147 409045 271606 612948 550530 616416 580548 673145 445541 625804 678811 405831 504254 191107 741232 687677 314995 620737 60319 102308 278178 607472 386380 77589 565885 486243 457449 454543 361132 286439 406337 458335 395599 667621 652708 571603 723553
600845 707086 264599 935225 678371 737911 911352 866180 614908 814961 401987 98398 594548 96542 178745 440704 614962 520940 568545 999999999 949621 760458 158821 237926 725585 729062 732550 890436 425761 463947 933254 306360 1030332 286517 464562 894517 565998 596338 557121 720629 776713 949688 211836 635541 810492 227864 412533 495398 202663 418879 471668 446633 865392 660056 696228 514935 583899 632991 311726 843676 186645 589692 342955 395043 290872 838041 400964 599737 330827 886553 277856 790790 345759 549456 861659 478669 757823 408733 1028907 729810 696085 518132 550914 599336 1031797 503824 629665 290733 191089 265800 955960 431029 610052 263314 460301 961094 468790 566507 888847 339563
824904 288176 779039 266179 396053 821118 414819 400739 931647 508510 548700 870751 799743 927065 796465 812925 878427 763001 653364 949621 999999999 205491 977779 714068 224922 521247 868236 744529 1201986 517688 761488 972412 222227 819599 1273697 561482 984654 393181 417557 314355 173824 566919 1068532 861574 463319 826737 755221 960487 789381 1104649 1216772 665137 550722 371299 641324 710575 857670 518370 1115275 505324 791936 1043037 1141016 1206972 972022 693901 656200 394144 726027 73324 832798 207823 720851 568022 982307 500559 672336 789441 97831 940045 334290 696170 755529 931004 232459 1027693 594009 1112142 764711 689411 392718 519615 390110 686483 1083453 748829 641733 521082 82071 835630
741094 214812 575585 361504 334919 771806 470735 438163 842963 512644 367903 688391 715874 748154 619414 609568 794156 564414 565861 760458 205491 999999999 805832 530587 94654 490615 812826 745946 1050043 366729 772869 822226 380504 614710 1118556 589174 881041 272439 277299 264857 90008 613298 897387 783408 469482 623905 550551 844777 590151 962759 1070941 541196 569339 291770 594170 511154 767767 448569 954689 521073 594443 938591 982596 1049009 819388 686226 450720 188702 521086 167978 628018 195212 515614 368176 944294 297391 642357 584862 300372 876349 142065 594584 662466 838995 388144 908159 525743 948553 571644 495967 472185 339773 279421 500306 950831 770175 437752 320807 180542 630141
481919 710045 398291 919118 654950 622464 869582 827015 477549 756644 438252 139897 480677 78033 188012 587773 486353 661976 490153 158821 977779 805832 999999999 282610 753905 670826 609302 792824 283334 463573 834960 152922 1024607 431910 335318 827238 419174 596365 563903 712050 804466 883136 91561 510395 760819 371178 551073 349520 327293 260964 324243 382588 799463 647781 614009 648751 458426 583425 169477 785725 306315 437120 201475 262828 137102 746850 516634 669319 457322 909325 425341 797446 472638 659103 728542 553439 669065 552520 1047110 595794 767288 432678 447710 461534 1024402 349622 561261 154281 284786 344211 918669 466087 605952 316264 301571 866135 588142 667223 908597 488861
492730 469983 215539 701390 450748 611015 690105 644011 546667 608532 165368 157822 477522 218406 95991 405584 525550 453108 398900 237926 714068 530587 282610 999999999 489369 525563 621239 726429 552900 231327 768646 346813 793582 273356 613014 694194 531202 360685 320322 486099 540557 747304 373140 536429 596928 227338 347096 467120 157262 493642 585257 275502 664568 427596 521062 423283 491183 425958 445178 636107 140656 574673 475943 540767 337673 667260 270618 386722 240680 649710 276436 553043 253701 395647 764578 271585 587626 363742 791624 642930 484704 364664 420572 533952 795344 506547 442243 434031 87909 79480 731379 194455 375430 34165 506725 790903 341080 395467 651553 331344
651655 120329 569303 298659 240337 678063 389173 353180 754897 420460 324039 645854 626331 702218 571669 633582 705024 600824 476130 725585 224922 94654 753905 489369 999999999 396057 719685 652203 985276 298089 679836 755946 344341 615083 1055712 499388 796681 186995 200827 171083 51188 526550 844939 693139 378099 614981 569696 763877 572060 892639 1002997 461383 478417 197857 499885 546953 679659 355310 894879 430314 572806 854652 921477 987725 754467 592088 460786 215026 522954 161527 627533 118544 520165 407013 850117 295474 547704 603997 304738 784265 209446 508214 574513 751630 349944 828771 432835 890704 542644 467962 397250 294940 190917 462281 876546 678182 462580 360649 165803 639177
327737 275807 714784 316919 158529 300082 209914 176470 433248 86289 429540 630729 304874 658841 551161 862698 378052 868238 191880 729062 521247 490615 670826 525563 396057 999999999 348046 260992 802233 318498 293930 592387 436081 773853 877501 168648 502589 262778 295483 227129 414877 222100 745012 355706 96054 742076 793819 500473 675444 687088 800020 288810 139018 206109 122543 819205 365721 99793 749129 115321 662805 558664 765423 824026 599322 198354 680322 540762 704656 453066 781261 323036 710630 706881 462974 537080 153837 822912 535139 421841 584690 251894 280610 436614 430887 568890 114385 756190 612106 564480 263399 416328 245013 521951 646343 301138 720293 670794 440385 822042
132447 604600 836777 656373 483073 50999 521278 504585 156512 384860 616859 645228 143983 638901 589447 1022667 125221 1056679 261720 732550 868236 812826 609302 621239 719685 348046 999999999 240785 607877 520857 272742 471363 773403 894202 676756 388954 243732 548066 560870 562840 748029 430991 647508 98983 423579 844401 959493 288418 774766 490721 585118 356677 376828 522025 226917 1016826 150877 364378 603956 402425 755069 280651 606088 646050 485297 234721 861914 811834 855164 798712 896424 665725 866194 937925 146207 764175 207406 980521 882460 77402 879292 266046 201398 170505 766820 337019 287110 621136 702930 691000 572842 619754 536894 637025 430877 310429 920889 913365 786790 952580
325814 532216 933514 495707 419007 198343 343602 345654 392229 238127 665769 794737 318814 804810 724364 1098660 348610 1113569 328447 890436 744529 745946 792824 726429 652203 260992 240785 999999999 837899 555042 42847 673561 601862 993113 909220 191405 479601 522073 551602 481173 665180 214430 847038 318434 283503 952908 1030864 513412 883282 718930 819445 453678 195242 466932 206556 1066730 360943 339091 819538 239230 867056 520624 826277 872456 685392 64148 921041 800926 934653 683828 998479 565344 942657 961763 273662 788976 139224 1057509 734601 310686 845369 372891 345133 404247 593365 569941 290673 833728 814088 780982 386364 657931 504959 731718 662508 74479 967552 927693 668842 1046324
515317 918642 680459 1095040 836912 641572 1012068 975863 451440 880561 691966 422855 527892 361116 457249 865720 489634 943058 610698 425761 1201986 1050043 283334 552900 985276 802233 607877 837899 999999999 687216 875089 229598 1209699 710425 75287 930569 365107 809075 785550 907802 1033476 984063 214305 519729 898226 650339 832710 324621 610248 119324 52049 546487 907182 843543 709585 931588 477967 737008 114843 908054 589497 342084 83007 50202 230912 810114 799485 933719 740553 1130109 702642 1005669 755871 940283 680409 823365 745247 832221 1259273 560619 1030636 551509 527634 437430 1207409 270993 688254 135051 567112 621930 1065241 717154 813711 587049 177063 911510 871175 945842 1126347 765056
416955 247483 398313 471346 220372 493384 461916 415543 506560 394545 111654 372565 393922 421018 292136 545964 465492 558691 260195 463947 517688 366729 463573 231327 298089 318498 520857 555042 687216 999999999 594390 458005 567960 456802 757666 484078 529260 134137 100605 256744 346763 533890 553151 463046 375981 429133 477466 485262 365812 596435 705694 186372 454793 196551 352381 512690 434220 221509 597698 420157 356384 584853 623816 689964 456381 491542 366154 299617 386202 447519 464868 334306 392430 418934 665814 244139 418660 505585 583718 567764 381669 262094 333656 499294 568934 545769 266356 594477 309967 251658 501289 103509 146414 217355 584353 609535 413738 392606 445867 503736
365325 560511 975094 506985 450381 233740 353375 360824 426939 261064 705457 837582 359413 847489 767172 1138901 385456 1152494 371015 933254 761488 772869 834960 768646 679836 293930 272742 42847 875089 594390 999999999 714380 608709 1034709 945799 201258 514533 556441 587374 508840 690309 213247 888325 355377 305693 994934 1070929 551048 925387 756406 855358 496292 211001 498618 248137 1105221 399515 376572 859239 257790 909293 553393 865349 910492 726400 103056 960537 834692 975376 703085 1040203 588631 983193 998335 286164 826279 181077 1097874 746315 338737 876183 415737 387366 439574 599759 605996 331362 873805 856362 822530 392087 696925 538884 773562 699076 37934 1006026 963491 687642 1087614
351107 689652 514593 872790 611662 490919 800168 761326 330594 674849 469810 254776 354980 212594 257000 711205 346330 777094 401481 306360 972412 822226 152922 346813 755946 592387 471363 673561 229598 458005 714380 999999999 985592 557277 301776 734884 267136 579601 556007 680379 803972 790138 176220 372855 687209 496925 666015 198427 441516 147465 249074 321441 709111 615823 514298 756316 322076 518252 156762 703350 419144 284427 175148 238221 15821 634314 611283 714312 564451 900604 552996 776908 579368 742338 582168 609484 560944 672946 1030517 449843 809855 341164 335161 314480 983800 197591 478234 164866 383348 422966 852214 493512 584533 379902 164564 747941 683167 741635 896985 616847
763516 323674 906870 119233 374105 722904 259047 268880 869324 388846 636134 940464 740202 988106 860045 977498 814131 940753 611191 1030332 222227 380504 1024607 793582 344341 436081 773403 601862 1209699 567960 608709 985592 999999999 955571 1284347 410458 936954 434281 473322 312850 304648 397914 1110873 791523 350269 950320 914002 928558 900975 1100931 1215117 664226 409895 376835 556504 887006 800999 476029 1138810 374142 898374 993741 1160370 1223719 988769 563671 804790 555743 864723 216058 967541 244610 862794 744871 864211 638521 566311 948318 156069 849984 522321 665610 709832 872496 10838 997453 537918 1140555 861099 790232 216649 608550 421678 772626 1067882 588078 805977 697624 201229 982438
764771 645443 59628 885516 668090 884344 909850 863600 811788 851339 349567 302792 750316 354901 319050 155863 795101 234695 668548 286517 819599 614710 431910 273356 615083 773853 894202 993113 710425 456802 1034709 557277 955571 999999999 751079 940667 785474 557338 513659 678142 661588 990685 497687 807673 831780 60851 129272 717245 121927 689723 754558 547356 911284 632558 786610 234026 760927 674941 595705 876891 143663 822050 627419 681351 543740 932196 168752 427956 93631 770630 14092 712646 100488 305447 1036799 320608 853889 122216 911653 913113 509193 637474 693849 798115 959943 744264 704241 575839 192696 212198 943072 369718 576015 262220 721068 1054613 214856 337820 778170 60577
588212 991427 725669 1169932 911254 712071 1087345 1051145 520287 955695 757487 474839 601469 411093 517024 904828 560621 985382 685984 464562 1273697 1118556 335318 613014 1055712 877501 676756 909220 75287 757666 945799 301776 1284347 751079 999999999 1005072 433111 881198 856654 981521 1104327 1058375 254768 590791 973500 692100 876291 396842 657538 192949 93706 620710 981879 917123 784299 977285 550391 812104 167841 983134 637679 405057 137387 72537 301676 882903 850848 997069 788325 1202104 742296 1078656 803604 994325 742258 884496 819052 873295 1332272 626218 1094488 626790 602506 506803 1282138 340008 763538 181064 619848 678809 1140526 783366 886299 647146 246742 982497 921905 1002354 1198654 803298
423512 384778 881859 305875 292903 338431 152644 161048 516565 90723 593860 796122 406369 820990 717511 1024170 463944 1024200 337558 894517 561482 589174 827238 694194 499388 168648 388954 191405 930569 484078 201258 734884 410458 940667 1005072 999999999 598057 409217 447625 332521 502830 55897 896415 435844 123738 910112 955112 612874 843822 812204 921555 449788 29631 339728 221603 973692 463116 268395 890096 70778 831368 648482 903104 957673 743653 159085 840417 676300 869120 505256 948402 398167 874390 853837 458333 689851 191585 985153 545202 465966 704133 396639 403810 524531 401975 677933 266822 899746 780747 732333 195344 578504 389913 690452 764000 187538 875682 814519 489373 987643
176803 698955 734471 817807 589712 281291 705890 677927 87608 566920 592216 496602 198056 469592 466520 931586 134696 984206 332370 565998 984654 881041 419174 531202 796681 502589 243732 479601 365107 529260 514533 267136 936954 785474 433111 598057 999999999 609952 604895 670674 836271 647532 434408 164073 595207 728201 876916 70631 663929 249914 341405 343553 579017 614112 388794 953851 137528 469789 373560 591100 641891 58390 370849 405164 282842 460182 799245 826229 770741 911567 784046 776984 784286 907121 324233 746740 406570 890648 1019888 197333 910922 289525 230192 75543 932332 94376 400183 393579 595763 610074 759830 606206 606141 557389 188140 551736 867277 894094 903170 846041
469215 113696 501946 341202 117194 510604 353462 307586 570539 319129 212255 506253 444097 555146 426161 621329 522054 615752 294590 596338 393181 272439 596365 360685 186995 262778 548066 522073 809075 134137 556441 579601 434281 557338 881198 409217 609952 999999999 43750 125968 229586 451820 685169 512176 288698 539149 552448 577021 481506 711733 823625 275317 382086 75576 341013 564766 495359 190781 724856 339538 475367 667832 749682 815297 579659 458353 436768 279030 475763 321041 567268 201157 478552 445885 685350 280897 398826 584068 452980 607885 333217 322298 390059 566575 435526 642250 263138 723156 433270 367197 385797 188495 19570 342181 692490 563636 467252 408509 317499 596813
473371 150012 458200 383256 158142 526189 396783 350781 571392 357078 168824 468667 448713 519483 389565 579634 525171 576576 301970 557121 417557 277299 563903 320322 200827 295483 560870 551602 785550 100605 587374 556007 473322 513659 856654 447625 604895 43750 999999999 168597 248002 491753 653673 517717 328764 495461 510652 567484 438161 691835 802417 263899 419914 118979 363085 526235 496716 214550 697729 378681 432352 662115 723499 789515 555047 487538 395107 254325 432512 347034 523550 235277 435542 411434 701201 242659 423981 541956 483232 616963 318834 321884 391989 566239 475023 630991 281243 694847 390987 324033 429527 144761 62431 300521 676142 596494 428062 376153 345263 553489
511034 52356 624089 215347 81933 518343 243287 200374 617542 250372 337270 629032 485794 675498 548104 731130 564653 716126 339024 720629 314355 264857 712050 486099 171083 227129 562840 481173 907802 256744 508840 680379 312850 678142 981521 332521 670674 125968 168597 999999999 187933 364941 798936 548702 209418 662831 663054 648880 606589 803939 917598 362071 309855 64839 337853 663411 543387 204648 830922 262297 600949 729032 853867 918356 682303 421402 547723 348301 593537 241694 688617 106544 595004 533700 687091 383995 380424 695824 354279 631676 371717 383215 441231 616704 313166 716800 281439 831348 559224 492606 267750 312303 110707 468115 777490 507896 569251 491312 232590 714627
686620 143466 617069 273477 265079 704698 381090 349488 791200 429300 375224 697014 661240 753247 622660 673644 740227 636281 511381 776713 173824 90008 804466 540557 51188 414877 748029 665180 1033476 346763 690309 803972 304648 661588 1104327 502830 836271 229586 248002 187933 999999999 524992 895396 726894 385210 663312 611146 805903 621721 939365 1050311 504899 484142 227645 524770 582492 716092 384971 944226 435857 622898 894467 970551 1036721 802842 607003 504472 251129 568902 111088 674249 105931 565473 440703 874625 341119 568341 645545 254381 814844 226959 546926 611425 788668 311154 871569 462848 940397 593389 518544 382240 346125 230685 513420 921736 685869 501798 393605 116788 683667
474480 416409 932158 303647 334656 381353 152193 175665 564616 139547 642592 851291 458287 876659 772401 1070464 512972 1067569 393414 949688 566919 613298 883136 747304 526550 222100 430991 214430 984063 533890 213247 790138 397914 990685 1058375 55897 647532 451820 491753 364941 524992 999999999 952180 484283 163125 961444 1001395 664889 895720 865437 974100 505430 84357 379810 276242 1016436 513915 321372 945097 114035 883707 696675 957761 1011819 799044 196664 886237 712353 917442 515837 998718 419155 922251 893525 487559 732650 241433 1031945 540994 507084 734142 452399 458136 573290 388594 729191 322623 954978 833471 783548 181929 626104 432311 742680 816285 190257 919073 853011 499309 1036642
526713 798727 470926 1003629 739274 666876 947648 906124 504337 829952 529806 224213 529432 159563 279253 652424 522397 731427 559083 211836 1068532 897387 91561 373140 844939 745012 647508 847038 214305 553151 888325 176220 1110873 497687 254768 896415 434408 685169 653673 798936 895396 952180 999999999 549068 837118 438152 621886 369258 402918 228447 261643 459778 869432 734372 678891 722554 498269 661552 101975 858918 383302 440324 132036 183880 162814 805298 597418 759779 533695 999730 489437 886325 548960 742423 755222 643035 729822 619798 1136869 623638 857778 499782 504678 488262 1110351 351862 633050 79382 368311 431758 997808 557647 694127 406512 283004 921206 668052 752866 998725 551392
46427 584525 751308 672485 466834 122327 550970 526710 80851 411429 549897 549929 69368 541264 497597 940956 30183 979968 217636 635541 861574 783408 510395 536429 693139 355706 98983 318434 519729 463046 355377 372855 791523 807673 590791 435844 164073 512176 517717 548702 726894 484283 549068 999999999 443634 755986 879577 195877 686989 401048 501196 285216 418119 499408 235505 942519 52048 344125 508469 433866 666654 212639 512256 555418 386631 296175 786628 760932 774082 789774 809117 654708 785828 872711 230093 701658 244341 898887 886642 107872 835529 200956 129518 89072 786063 251760 267582 524847 615309 609247 604496 556451 504008 554897 344074 391808 848630 851683 779503 866858
419079 261767 773800 232795 171552 373378 113864 83091 522829 45446 482547 712654 397152 744665 631785 907930 467705 904449 287675 810492 463319 469482 760819 596928 378099 96054 423579 283503 898226 375981 305693 687209 350269 831780 973500 123738 595207 288698 328764 209418 385210 163125 837118 443634 999999999 805057 838879 595602 740861 783140 896041 378278 100484 217198 208186 853366 457802 178516 843969 53039 730120 650459 860729 919707 693778 230612 723560 552669 756463 400764 840286 282938 760836 731405 523119 569549 217400 869687 463297 499878 581124 347469 376059 527281 344075 663801 210090 850531 681281 627352 167394 464851 269194 589301 742134 300798 755949 691551 386090 876289
713889 633969 50008 874070 645736 836657 888356 841933 757066 821899 327451 242259 700421 294074 262722 216642 742320 293312 626026 227864 826737 623905 371178 227338 614981 742076 844401 952908 650339 429133 994934 496925 950320 60851 692100 910112 728201 539149 495461 662831 663312 961444 438152 755986 805057 999999999 184775 659495 70178 628881 694137 502830 880557 613274 746946 288048 708333 642461 535552 848276 89371 763658 567337 621974 483275 893048 195884 441502 117332 773762 56287 705945 129964 342057 985731 326542 813858 181884 916255 860494 528865 591595 645229 743112 954055 685011 666354 515959 141712 177908 924180 350764 557118 221992 660523 1016287 254150 368904 780063 119942
834715 623003 152967 857896 668792 943559 903811 858665 893544 864438 365869 415852 817515 473128 415079 69072 870579 111323 717051 412533 755221 550551 551073 347096 569696 793819 959493 1030864 832710 477466 1070929 666015 914002 129272 876291 955112 876916 552448 510652 663054 611146 1001395 621886 879577 838879 184775 999999999 811189 225423 804104 875233 603927 926533 627464 825653 104843 836184 698689 717877 887660 247490 918055 749823 805761 653505 967898 115725 362621 106418 714954 140989 678314 93819 201036 1104794 280633 892857 34417 850916 986979 427872 695380 758216 880971 919631 844962 740356 699000 284561 270738 930764 377494 571964 325089 830578 1086911 114689 242387 724832 98671
191666 672677 667103 810163 569770 318173 708533 676938 136448 571826 539130 426418 206608 398974 398732 864663 166064 919322 317495 495398 960487 844777 349520 467120 763877 500473 288418 513412 324621 485262 551048 198427 928558 717245 396842 612874 70631 577021 567484 648880 805903 664889 369258 195877 595602 659495 811189 999999999 596010 205523 309674 303586 591323 589284 395336 890382 153550 454337 316280 597782 573849 107702 317670 359543 213970 486106 736703 777861 705312 887167 715488 754053 719107 849054 386034 692686 424026 824001 1001841 255083 865472 266198 220012 120664 924689 68895 391316 334493 528677 546419 762496 555197 575274 494589 151579 587207 805677 838221 879911 777821
644565 580894 73077 819933 584610 766613 827087 780655 689934 756255 269344 190509 630785 249281 197409 270541 673858 336745 556097 202663 789381 590151 327293 157262 572060 675444 774766 883282 610248 365812 925387 441516 900975 121927 657538 843822 663929 481506 438161 606589 621721 895720 402918 686989 740861 70178 225423 596010 999999999 578683 651434 432712 814221 554384 677519 321457 639762 575686 495688 783007 22456 701319 527741 585968 428681 823678 198301 415162 130788 732773 122210 656409 146068 346892 916522 295253 744315 231534 875978 791964 507878 521416 575295 676221 904160 624790 597471 477999 71836 114756 864526 294749 498831 153753 606015 947079 266722 365550 737855 182336
395993 818425 651415 984960 730390 523133 896991 861847 334742 764041 615771 388443 408694 335464 402108 845241 371031 915427 496395 418879 1104649 962759 260964 493642 892639 687088 490721 718930 119324 596435 756406 147465 1100931 689723 192949 812204 249914 711733 691835 803939 939365 865437 228447 401048 783140 628881 804104 205523 578683 999999999 114186 441982 789168 740473 591639 897477 358710 625943 139011 791236 556653 234783 126541 155444 155980 690790 755461 860720 705045 1032018 684028 904424 720167 888761 570743 756858 626179 808498 1157436 447010 955720 438142 410186 320264 1098197 155653 573693 163119 525013 568847 950446 638736 714658 526961 64218 792675 827508 888829 1027214 747861
501285 931253 722520 1099104 844423 621672 1009837 975204 428893 875958 717919 462266 515955 402268 490524 910213 471020 986003 609871 471668 1216772 1070941 324243 585257 1002997 800020 585118 819445 52049 705694 855358 249074 1215117 754558 93706 921555 341405 823625 802417 917598 1050311 974100 261643 501196 896041 694137 875233 309674 651434 114186 999999999 555537 899225 853948 702068 972859 462764 740052 160081 902851 630267 311578 129695 100725 253468 795205 837690 961550 781076 1144342 747219 1017557 796377 976362 648558 853752 733591 875919 1270784 533123 1057726 551961 521680 415832 1212376 249504 686996 182383 605181 656733 1063419 742135 827088 619249 158116 892304 909630 980036 1139840 810080
238832 377491 488426 551494 290578 339796 487936 446395 321530 374965 264744 348563 218269 371235 273218 668242 283646 700022 125321 446633 665137 541196 382588 275502 461383 288810 356677 453678 546487 186372 496292 321441 664226 547356 620710 449788 343553 275317 263899 362071 504899 505430 459778 285216 378278 502830 603927 303586 432712 441982 555537 999999999 421118 298493 251830 660339 251008 201774 475849 404048 415326 399849 496431 559497 325139 396796 505247 485433 500731 592066 551276 462740 511147 587548 502716 417394 316345 626143 715484 392567 567814 91464 157283 313588 662370 367495 183413 479343 362191 338384 538059 272495 275588 285679 418317 520823 565009 567370 586466 603652
403379 362210 852436 300893 266399 325925 150906 150590 498968 62957 564768 766995 385275 792353 688232 995577 445591 996432 310360 865392 550722 569339 799463 664568 478417 139018 376828 195242 907182 454793 211001 709111 409895 911284 981879 29631 579017 382086 419914 309855 484142 84357 869432 418119 100484 880557 926533 591323 814221 789168 899225 421118 999999999 313724 197597 946128 443056 238765 864708 48297 801745 630516 878235 933481 717618 153988 811984 651265 840066 492147 918973 380500 845437 827333 454831 662380 174212 956440 539460 454181 681520 369826 379755 506279 401926 657088 238522 873968 751117 702799 198626 549683 362892 660835 742031 202159 847946 788461 476655 958438
459664 85408 576829 275320 48359 480208 277891 232018 565013 251091 285865 567308 434289 612480 486000 696258 513339 688569 285069 660056 371299 291770 647781 427596 197857 206109 522025 466932 843543 196551 498618 615823 376835 632558 917123 339728 614112 75576 118979 64839 227645 379810 734372 499408 217198 613274 627464 589284 554384 740473 853948 298493 313724 999999999 302539 637022 490164 157829 766116 269242 547344 672495 789143 853715 617620 404461 511745 338433 551333 298009 642354 165157 554118 514257 652537 353626 353163 659268 417016 587597 378585 325042 386337 563160 376788 656712 235632 766509 503621 439734 310977 263179 56556 411591 715242 502511 540269 474813 290657 672370
212037 382018 727002 437703 260127 180716 317195 291277 314692 178141 461765 598829 191398 615643 524930 893126 259619 910734 127692 696228 641324 594170 614009 521062 499885 122543 226917 206556 709585 352381 248137 514298 556504 786610 784299 221603 388794 341013 363085 337853 524770 276242 678891 235505 208186 746946 825653 395336 677519 591639 702068 251830 197597 302539 999999999 865070 251305 150242 668906 202917 661708 443134 681561 736131 523560 146197 717069 617215 728510 571874 792067 439342 736743 766261 350288 591753 67425 851799 657605 299625 673736 181540 182268 319465 550854 462141 86026 679049 608899 574454 371087 455856 326736 525448 545292 269974 766106 735072 559880 839777
896727 618404 251630 843622 681818 996549 906688 863150 963449 883255 404715 511147 877757 570735 501106 119479 936189 53872 765321 514935 710575 511154 648751 423283 546953 819205 1016826 1066730 931588 512690 1105221 756316 887006 234026 977285 973692 953851 564766 526235 663411 582492 1016436 722554 942519 853366 288048 104843 890382 321457 897477 972859 660339 946128 637022 865070 999999999 901986 728928 816920 904276 342625 997955 848955 906240 744565 1002872 156093 332116 192465 678957 245831 662000 177312 142992 1162973 283881 931256 122262 808036 1050389 376457 750814 817223 951770 893639 928621 779046 798777 373009 343975 928124 409250 584219 396502 920453 1118010 99195 190347 690726 199216
