NAME : synthetic_000836
TYPE : CTSP-D
DIMENSION : 100
GROUPS : 8
RELAXATION_LEVEL : 1
EDGE_WEIGHT_TYPE : EXPLICIT
EDGE_WEIGHT_FORMAT : FULL_MATRIX
EDGE_WEIGHT_SECTION
999999999 226293 883510 1219886 634735 722438 906805 1116777 734692 1007736 532763 373486 708076 937607 529631 389386 1148539 105296 930641 688437 935716 106416 815662 525436 437807 927982 1239546 868997 962923 1019147 930667 570845 1066861 773754 216406 1062565 965709 728004 449605 691742 1082310 645478 1263643 1229845 857168 569841 636643 682026 122001 397068 342391 287860 205998 937796 1011643 871829 407235 289344 609966 849739 754240 1106605 1054859 286062 805185 727577 1240088 758935 661927 1273603 553215 1269673 623106 681360 762165 628866 496421 631819 692492 521955 517186 834957 809338 1058802 529807 1227922 779164 737716 654011 834516 379261 554165 877407 912644 936766 634331 765826 1022234 958254 534176
226293 999999999 671345 1000113 494063 584992 694459 896004 563854 784465 320164 148527 533992 718792 391595 266843 924779 121037 705031 466186 755937 171846 589747 299469 307608 770892 1017469 686521 746603 808370 762578 350552 846511 554370 74054 839144 757073 533715 255852 566786 858336 447096 1037641 1003994 632196 379534 410535 508594 176688 173444 117911 103840 41985 736307 816831 647332 195099 163003 424661 638574 543768 881932 839901 70761 651619 574335 1018097 568744 498532 1050321 358823 1043999 517676 508676 549978 439552 277889 415666 573237 348859 323537 666016 583367 842454 333051 1001857 601349 511753 461638 634283 171859 335083 667893 686370 752499 433960 610061 797605 753155 357675
883510 671345 999999999 349155 796120 411869 23305 257462 282883 197881 523941 553366 279479 92629 456159 551275 317250 784557 222107 228310 778674 842960 308843 401423 514963 884510 382117 213374 90172 609854 835269 325531 209040 436346 667198 240583 90848 614911 613133 455263 466601 250197 469582 433715 188437 330183 321356 293221 846353 501524 556094 674144 706985 111230 731419 174807 477951 611702 635389 533038 517647 298414 586951 639322 829872 793352 381958 645036 730268 425108 339686 462286 515854 701156 505080 621217 508210 477201 474121 668200 373703 282040 233283 573240 590802 442201 241645 318538 255475 105969 504765 338539 556506 286565 754493 257140 340154 415176 627656 381091
1219886 1000113 349155 999999999 1006765 724830 326908 105608 608233 227152 788704 867954 613551 282394 802189 900345 121528 1117826 330266 534483 872477 1168983 483442 708711 864010 996927 55829 490003 261324 635047 939252 649795 153773 606628 1005239 179452 291759 790992 889987 773090 417678 599139 217100 197160 384431 678954 605538 631823 1170136 826783 882368 985383 1032134 351823 780970 365703 812820 957054 856696 652286 687714 171249 584893 958313 983593 972635 53984 807422 930511 101657 687283 193448 844623 894320 672404 836592 790510 711062 790602 916570 720299 566708 444667 565784 844899 216356 558453 542326 604304 434697 841334 665963 660459 390313 844577 605407 646433 411414 691243 730242
634735 494063 796120 1006765 999999999 945734 812592 907802 863707 786379 296468 417741 832989 784231 790032 713381 893867 560741 679591 581328 329979 528588 526717 458479 736322 294806 996748 930189 826039 510780 306328 544112 871187 400203 566789 828029 883144 222731 265059 949209 677385 702027 937308 914383 643741 684269 485381 815394 514130 478217 474541 390338 476091 901524 437129 663706 534702 636530 160795 382750 321326 841793 566434 430591 172275 97886 998345 221520 78681 1009399 660541 955557 931692 117226 336675 175692 337771 318932 962464 163276 642651 950100 582561 579495 228757 902901 875492 484205 731254 827119 542602 546636 392030 616499 341026 686670 933454 640308 431231 703066
722438 584992 411869 724830 945734 999999999 426501 653616 131039 609669 652360 554326 145724 504413 195794 334530 722728 654039 613336 439170 1056938 733567 630050 490426 286708 1133931 769530 236924 495434 956139 1097976 412542 610599 715803 536349 651297 436346 842178 690656 49793 859454 267203 878223 842892 551829 262055 506781 148372 744938 485249 514612 649604 626848 373125 1048315 548636 429903 441732 801656 830917 774297 709252 949539 598774 1044531 984145 768790 880753 905467 816269 285379 868482 132379 890841 767718 799058 608062 670831 65956 784915 304313 164205 560758 939807 717474 852557 171110 589999 236756 306537 435642 405176 861286 658862 1038848 279389 78867 800977 948666 246514
906805 694459 23305 326908 812592 426501 999999999 236890 298840 185272 543157 575810 297191 81559 477052 573802 298980 807804 220533 248985 787035 866037 317983 423150 537103 894642 360921 219575 70460 612114 844616 348143 189266 447508 690498 224800 71122 628163 633454 470843 461634 272899 452682 417035 194836 352938 340891 312002 869360 524424 579073 696543 729994 103747 736409 179511 501176 634878 652006 541355 529698 282755 587045 662053 842608 807696 360703 657480 745810 404446 362720 444491 533358 716086 516797 637348 528589 493861 489567 686802 396840 291087 243800 572795 609532 426201 255562 332547 277416 120025 528033 361356 563925 288233 762460 280088 353261 412257 632822 403501
1116777 896004 257462 105608 907802 653616 236890 999999999 530704 123007 683859 762798 532180 181305 713621 805123 78680 1014233 228555 429958 791762 1064357 382086 603476 770673 913919 125698 425768 167324 564836 857309 546120 50387 508592 902822 81832 218110 694927 784819 700262 357788 504336 232539 200466 279205 583406 499942 548225 1065296 722582 778159 879961 927563 284453 708424 260308 710136 857468 755623 562860 591111 101665 519987 853313 892892 877775 125795 713552 832417 167646 590147 218158 767137 796894 575929 736022 685031 607837 718478 813246 622200 502823 339874 501615 740877 214992 483507 438233 512181 352543 738935 562615 573968 293359 764230 509404 576839 338080 613645 636035
734692 563854 282883 608233 863707 131039 298840 530704 999999999 480151 567250 501042 31665 375049 219197 351222 597157 652399 482428 322049 945986 726708 505682 405625 304332 1030063 650010 141604 368725 831653 990777 319844 485831 599737 529618 523265 316664 739262 621065 172428 728855 162539 751513 715873 422000 192663 399996 55429 735524 432612 473039 609882 605430 258535 929551 418188 383337 445377 712125 713539 663795 581172 822567 562027 947796 892330 649437 776691 816108 695886 216760 742905 236745 797626 655897 706619 528368 570725 191357 707753 247050 102187 434173 812246 635433 724855 52256 471801 132587 179127 397584 317258 743050 529271 926454 177508 74830 670820 828394 206317
1007736 784465 197881 227152 786379 609669 185272 123007 480151 999999999 561569 647462 474694 105265 638349 715606 141205 904025 106922 319434 687441 950717 259883 488160 685347 806458 234342 402865 123695 475923 751249 437731 85790 388520 796222 54896 206498 575908 663036 652569 292532 420501 278872 242607 157964 496088 381727 486075 950851 611274 666620 762890 814349 270983 614117 139952 603688 758063 633167 451055 471956 106447 439056 738525 778024 759338 235180 596379 711619 265905 499074 276070 710499 676611 456944 613817 564282 484831 671507 690241 528380 475962 217558 422277 617997 248524 439504 315351 434096 303728 633128 455192 465320 176660 660526 422642 537861 254807 514791 550728
532763 320164 523941 788704 296468 652360 543157 683859 567250 561569 999999999 182329 536579 531663 508954 457765 690424 431441 462080 298119 457371 445413 317295 162535 469803 502042 791688 637541 570286 488532 478766 247689 639863 243921 374777 611682 614186 226539 103627 659098 559733 405615 774486 744408 404859 390307 202716 519283 439192 216455 239424 246085 328345 622508 502159 424161 265827 409025 150626 318674 223636 641084 522214 251001 398795 333250 792847 265243 253513 815142 367129 786193 649704 242615 230280 152343 52134 100170 673409 146484 352719 654247 344043 526044 69640 738154 579625 247783 434786 539878 283184 250334 347750 419638 448837 390228 637284 503565 433444 414191
373486 148527 553366 867954 417741 554326 575810 762798 501042 647462 182329 999999999 469474 590036 379920 295946 786293 268359 562885 334673 635613 304175 442301 159408 319145 667817 881658 605108 621417 665384 651164 228085 714262 407326 193726 701607 642482 406558 153131 548682 709821 357814 893608 860521 492179 308407 267701 446618 303527 69322 59615 120840 169864 631241 684484 508435 124780 230379 311070 496236 402783 741695 694448 91314 555131 481637 882424 444174 401276 912370 284292 901018 520211 402235 407636 320945 134459 271714 559605 256119 255460 599966 440301 696289 214082 857608 528721 364435 379706 533443 126190 216736 526477 540188 628789 342720 560243 649190 614146 308360
708076 533992 279479 613551 832989 145724 297191 532180 31665 474694 536579 469474 999999999 370316 200109 327507 596160 624270 470158 297327 919954 697852 484971 374703 281552 1002381 653436 162914 367614 811143 963808 289468 485967 575086 501293 519857 321967 711211 589550 181198 715162 133022 749055 713160 406811 161147 372280 26053 706398 401116 441946 578703 575455 267849 906153 404347 352171 418772 682029 689475 637446 577534 803886 531057 918804 862624 652971 748901 786066 698625 185182 741559 236376 768042 629914 676865 497252 541972 200340 676616 215811 132348 415101 794094 604575 721365 71690 447832 102553 179780 366886 286390 719346 513598 900826 147618 102178 656094 805613 177017
937607 718792 92629 282394 784231 504413 81559 181305 375049 105265 531663 590036 370316 999999999 539612 625133 230959 835854 146954 255368 729711 888573 268331 431975 592001 842043 306720 301054 42800 541474 789858 368240 130920 401597 722845 150130 121700 587613 628151 547478 381722 325477 379700 343595 143153 403644 335621 382597 890341 545787 601319 709180 751704 177282 670896 124073 530464 676172 625455 485384 485746 207423 512796 679405 798828 770178 306922 613733 713655 346314 409453 374011 606493 681520 471826 608660 524883 469376 566388 670227 441110 372520 202200 497773 594400 351190 334272 300120 335919 198544 558941 384028 505275 219400 704159 329573 432725 334508 568133 457083
529631 391595 456159 802189 790032 195794 477052 713621 219197 638349 508954 379920 200109 539612 999999999 140258 770503 458397 608432 378106 947343 537775 576237 357366 91873 1008206 837968 360703 546318 890288 979427 302309 664965 629370 340678 688687 513733 720791 526836 175367 838510 220292 917192 880928 535075 157714 411898 176610 549171 313718 332684 463126 433183 464940 959687 539074 256646 246050 659167 743726 671206 744511 895948 411594 907749 840837 837738 760492 760161 881267 169014 913131 141682 751549 668021 661000 459443 550722 183077 626800 164432 312344 521835 889853 567336 886563 269951 517035 204255 369193 254899 287967 775681 633514 933026 221875 237155 775672 867106 107250
389386 266843 551275 900345 713381 334530 573802 805123 351222 715606 457765 295946 327507 625133 140258 999999999 853868 320284 667120 418081 913313 400834 603189 333635 48428 958004 930802 490420 639489 894589 936515 312902 755080 627001 207004 768867 620661 682294 449077 308154 877414 301232 992032 956019 590589 221723 419683 301951 413119 242372 239021 352440 306701 579880 943645 598894 192650 109293 601254 735445 652031 821641 909570 301496 848706 776553 930844 721677 695812 971409 216543 991344 251663 693872 652066 607820 405659 521917 311973 552056 188638 448843 563378 906390 504790 959165 399160 533267 297917 478731 175222 294562 767545 677515 902713 295728 376781 813630 859388 170481
1148539 924779 317250 121528 893867 722728 298980 78680 597157 141205 690424 786293 596160 230959 770503 853868 999999999 1044624 228520 460483 751026 1090097 377174 627344 822054 875655 103119 499096 228625 514068 817883 578874 112470 494066 937375 86350 290857 675606 793294 768360 298481 555836 156743 123106 294266 633118 519247 610463 1089820 751803 807033 900280 954035 358223 659786 277906 744879 898819 747280 533106 573190 52118 464896 877531 864412 855883 104620 690289 816766 126186 637442 145800 832321 779951 557823 726405 697485 607041 786861 811877 667656 575756 349877 445929 742703 136701 551782 442655 566876 418042 774330 596380 540192 278924 723110 559192 647089 289899 569715 687134
105296 121037 784557 1117826 560741 654039 807804 1014233 652399 904025 431441 268359 624270 835854 458397 320284 1044624 999999999 825803 585051 848040 82021 710416 420383 367465 849512 1136434 782507 862270 919410 847701 468121 964490 670616 123138 958796 868365 633918 353672 628345 977683 551518 1158599 1124888 752638 478537 531523 598302 96662 292826 237769 190256 103096 843455 918150 767525 306719 212348 518549 749656 654252 1002247 953550 182139 727498 649464 1137015 666528 579239 1169931 460216 1164815 567175 595232 661571 536113 393151 529604 631546 434074 424148 754029 704302 956967 433706 1122839 694235 632457 562477 740477 279923 451876 777981 807353 847295 539533 690040 917380 860633 447807
930641 705031 222107 330266 679591 613336 220533 228555 482428 106922 462080 562885 470158 146954 608432 667120 228520 825803 999999999 252162 589708 867041 153548 405650 642555 705953 329669 434968 185833 394524 651922 368972 192409 281672 724048 151008 268588 469236 564811 651357 247484 388476 333835 299443 76821 456042 295246 476044 865903 533960 588261 674384 732069 322301 525285 69387 534136 696242 527106 348972 365302 180396 366778 654166 672967 652768 330860 490391 604709 353977 453988 339033 698915 569695 350357 507468 469270 381055 670498 586528 478625 500547 122847 352308 515711 298693 450385 214311 408515 321098 564061 387501 365700 74875 563427 386681 548768 193336 423213 511332
688437 466186 228310 534483 581328 439170 248985 429958 322049 319434 298119 334673 297327 255368 378106 418081 460483 585051 252162 999999999 624488 634502 199002 177019 397653 712858 551406 353706 287707 520812 671129 118596 380726 277803 476982 374314 319152 425476 384882 464678 462982 174471 584179 548991 175441 220406 96425 290817 635739 292744 348291 453953 497662 324397 609244 186942 284827 444262 421405 392205 343237 420306 520800 424276 639186 591825 552004 461070 521694 585204 212200 587062 491338 497062 334611 410503 279945 266380 482860 443984 231431 387138 146147 513575 366439 549705 315596 150836 203508 245912 314501 136548 422274 260118 604571 165408 396870 399531 509566 273401
935716 755937 778674 872477 329979 1056938 787035 791762 945986 687441 457371 635613 919954 729711 947343 913313 751026 848040 589708 624488 999999999 832752 469893 590707 921185 127129 845589 965195 771604 253317 68057 650810 770422 349761 820571 710981 848607 231133 500086 1075287 470281 790150 741174 728511 592458 806066 550223 910432 820457 673609 694564 660269 750765 889631 124496 609020 720663 865311 331346 245696 282710 701831 313427 685529 178723 234154 847620 192127 278071 843287 786825 764917 1082836 254537 290092 316868 509291 396786 1092033 414282 783455 1008884 546230 331796 424482 712388 939220 478309 820903 847436 739928 662362 224482 514875 28087 777576 1020783 461860 182846 843767
106416 171846 842960 1168983 528588 733567 866037 1064357 726708 950717 445413 304175 697852 888573 537775 400834 1090097 82021 867041 634502 832752 999999999 742698 462753 447492 822219 1184579 853849 917301 926397 825939 520689 1015228 689027 198248 1005087 928901 629681 355202 708982 1002411 617641 1197089 1164275 796180 547713 571875 672043 17575 342916 287549 200095 136882 907807 912091 812191 366814 292084 510089 758039 662783 1045813 964749 212876 699380 621921 1185286 659161 557530 1216072 528012 1204922 648852 578216 671705 529889 414523 545525 712573 420367 492254 828723 744394 969763 434665 1160992 766880 665526 630861 805529 342650 505805 784581 842359 834708 604839 767174 943992 862792 520853
815662 589747 308843 483442 526717 630050 317983 382086 505682 259883 317295 442301 484971 268331 576237 603189 377174 710416 153548 199002 469893 742698 999999999 296104 588669 576807 479851 500745 311129 326173 526667 290299 344470 133474 620165 303993 382198 320769 420916 659323 276604 371364 458270 427485 125679 418617 188430 482533 739628 427233 477725 544841 611683 419928 430064 144274 441109 609885 373559 224406 217869 326466 322182 531788 530541 504210 481193 345586 452643 500048 408499 469164 689859 418442 203694 353976 332407 229954 677889 434741 423228 552094 77014 314605 365991 421924 487957 78013 398877 381703 470478 308748 249098 102371 445956 363555 579116 213232 326786 470373
525436 299469 401423 708711 458479 490426 423150 603476 405625 488160 162535 159408 374703 431975 357366 333635 627344 420383 405650 177019 590707 462753 296104 999999999 333810 651965 722291 484292 464714 562417 622101 88785 555085 294649 324300 542408 491835 363434 222840 498972 571071 245192 738220 704526 333582 228507 111306 356922 462692 131321 183596 277258 326862 487952 611499 349440 150127 318582 311236 401810 319888 583365 581023 250365 555939 493819 723048 403128 415061 753328 205859 744554 495431 401039 319050 309291 123408 193964 513912 302543 195276 495099 283919 579498 229891 702486 420645 218852 273572 396213 177914 88385 433911 388861 577337 229602 474976 508421 525773 256775
437807 307608 514963 864010 736322 286708 537103 770673 304332 685347 469803 319145 281552 592001 91873 48428 822054 367465 642555 397653 921185 447492 588669 333810 999999999 971788 896164 444347 604092 888970 947624 300386 720944 622621 251807 737851 581136 691020 471263 261926 860040 266561 963184 927028 566656 189262 410010 256308 459371 259285 265493 387439 348422 537958 945226 573635 204859 155408 616743 733649 653689 791719 900797 335909 865465 795053 896121 730679 714087 937673 188593 961416 210567 709664 652585 621582 418178 526214 266783 573670 166331 401097 543784 896616 521481 930977 353033 521866 259787 437983 193738 282962 765824 657752 909233 262912 328400 796381 857829 134937
927982 770892 884510 996927 294806 1133931 894642 913919 1030063 806458 502042 667817 1002381 842043 1008206 958004 875655 849512 705953 712858 127129 822219 576807 651965 971788 999999999 971251 1061711 884466 380165 59097 722066 890511 448793 840416 832636 958721 291758 520150 1147892 597314 870174 868301 855500 701759 876354 630132 990428 808139 715631 727402 669589 758867 995735 244553 719342 767376 897352 357182 357262 371483 825910 440007 702758 122857 200469 973259 253511 272385 969790 855340 892017 1147321 265658 382224 350355 553620 463316 1163697 422111 847239 1099970 651257 458545 454185 839450 1028220 573791 901049 945956 782782 731200 341141 631593 155085 856561 1104328 587382 309586 908686
1239546 1017469 382117 55829 996748 769530 360921 125698 650010 234342 791688 881658 653436 306720 837968 930802 103119 1136434 329669 551406 845589 1184579 479851 722291 896164 971251 999999999 536647 292264 602927 912987 668715 175925 597100 1026411 181072 333724 777983 894201 817204 382746 629935 163106 146469 391635 709081 616028 670527 1184930 844066 899559 997225 1048035 396674 749294 374134 833631 982653 850395 633376 675870 155021 550339 972635 964306 957597 2286 791910 919514 47856 715826 138547 886752 882570 660499 829523 797146 709549 835029 914590 747786 613711 449348 531030 844944 166080 601280 543961 637342 473726 862657 685594 639017 382033 817549 635091 691622 383870 663180 761607
868997 686521 213374 490003 930189 236924 219575 425768 141604 402865 637541 605108 162914 301054 360703 490420 499096 782507 434968 353706 965195 853849 500745 484292 444347 1061711 536647 999999999 280428 816363 1016824 395575 386876 615755 659376 436139 208250 777986 706902 286268 679938 247316 655834 621642 392330 307011 446711 188562 861418 539836 586325 720667 727190 141318 930506 382129 497003 580094 772126 722621 690229 493161 797159 675860 992522 945317 535764 812487 873963 583974 328384 643492 363583 850417 679782 762703 606625 619572 302854 783218 363112 77187 423946 784164 707177 633288 91314 488286 226775 119181 515807 399220 749115 496176 942886 262536 158059 628265 826906 335139
962923 746603 90172 261324 826039 495434 70460 167324 368725 123695 570286 621417 367614 42800 546318 639489 228625 862270 185833 287707 771604 917301 311129 464714 604092 884466 292264 280428 999999999 579725 832071 396689 118983 444394 747238 156765 85069 630323 665473 540372 412086 338285 382942 347486 185917 417888 372062 382428 919676 574436 629753 741322 780601 147427 710981 166873 555834 696184 666930 527626 528530 214515 549008 709837 841628 812789 292159 656527 755838 334962 425959 374254 603702 723902 514622 650398 561597 510359 559001 710108 459052 354826 244553 533455 633903 357229 324325 341835 345078 189616 583677 411567 547126 259589 745911 344185 421082 368258 608581 469761
1019147 808370 609854 635047 510780 956139 612114 564836 831653 475923 488532 665384 811143 541474 890288 894589 514068 919410 394524 520812 253317 926397 326173 562417 888970 380165 602927 816363 579725 999999999 321107 590625 552157 267798 858960 487853 663101 309691 571202 984604 221226 695133 489276 478573 424115 734796 480078 808392 917890 678934 717015 731287 816411 715363 146378 435491 711307 876288 429379 169859 265160 468174 60660 739531 408320 434074 605054 294195 436828 596303 721314 513652 1011278 399887 258392 406575 531436 393679 1003017 521418 729690 873415 398331 78529 491954 461730 812100 373806 723536 697704 737270 607031 141844 323886 225785 686172 904752 226757 80721 783068
930667 762578 835269 939252 306328 1097976 844616 857309 990777 751249 478766 651164 963808 789858 979427 936515 817883 847701 651922 671129 68057 825939 526667 622101 947624 59097 912987 1016824 832071 321107 999999999 687972 834846 401569 830059 776237 907611 258701 508201 1113952 538319 832488 809224 796535 650786 843065 591902 952939 812653 694697 710702 663486 753688 946461 187226 667940 744485 881528 340761 304476 327967 768389 381022 693137 138604 208500 915006 219093 268878 911099 822809 832973 1117085 253953 337424 330352 530857 430059 1130203 414901 816827 1057577 602081 399516 437250 780436 986703 528572 863360 900059 761696 698214 286294 577290 96066 819317 1065363 529146 250730 877889
570845 350552 325531 649795 544112 412542 348143 546120 319844 437731 247689 228085 289468 368240 302309 312902 578874 468121 368972 118596 650810 520689 290299 88785 300386 722066 668715 395575 396689 590625 687972 999999999 496376 327275 358501 492626 414404 430550 311366 426068 565268 157926 702067 667056 292735 155304 110553 273382 522992 177776 233198 348925 383929 404882 657601 305165 166232 327806 392681 441418 370916 538898 600594 314025 632333 573900 669248 469546 496757 703279 136364 705393 432969 479724 366818 388180 211867 258755 442232 390432 139261 407100 255420 596242 316438 667343 332536 221506 187268 310150 195934 18856 473384 368514 634841 142561 390879 501500 564886 195666
1066861 846511 209040 153773 871187 610599 189266 50387 485831 85790 639863 714262 485967 130920 664965 755080 112470 964490 192409 380726 770422 1015228 344470 555085 720944 890511 175925 386876 118983 552157 834846 496376 999999999 474078 852709 66748 178767 661601 739984 656527 355081 454488 269064 234775 235161 533387 452844 501240 1016363 673136 728721 831940 878387 246346 693115 215712 660071 807081 716988 536017 557654 112923 511240 804561 863671 845074 176077 682167 796795 216793 539917 257958 721667 761997 542665 697998 639237 566724 674947 771680 571877 463409 296750 493565 698335 246839 439804 396167 462881 306925 688805 512738 549446 262238 743270 459353 534722 326810 595496 586211
773754 554370 436346 606628 400203 715803 447508 508592 599737 388520 243921 407326 575086 401597 629370 627001 494066 670616 281672 277803 349761 689027 133474 294649 622621 448793 597100 615755 444394 267798 401569 327275 474078 999999999 598870 428214 513647 187928 341997 738579 317413 448951 550585 524065 258577 477316 217591 567751 683063 413749 455124 489192 567964 547473 333478 277535 443874 610002 255324 115624 84455 442079 288844 488505 397257 371572 598652 212151 323982 611684 461515 565935 756378 288309 70238 233511 277469 143802 756220 329754 466405 659368 203741 289449 272448 514853 590388 128812 479117 498560 470277 342650 146978 216320 328365 437762 674526 264438 237799 522341
216406 74054 667198 1005239 566789 536349 690498 902822 529618 796222 374777 193726 501293 722845 340678 207004 937375 123138 724048 476982 820571 198248 620165 324300 251807 840416 1026411 659376 747238 858960 830059 358501 852709 598870 999999999 851118 749341 595020 321879 513702 893657 430025 1057881 1023379 649033 355931 434705 475353 208778 192988 144294 177330 105726 722316 876015 662615 192783 98120 490268 689940 596465 897034 887026 137729 722158 645284 1026879 631276 568398 1061637 338180 1062409 458367 576656 601356 503707 328142 465357 518440 418455 302084 631407 604966 888291 396149 1022624 571133 542520 440012 619138 163915 341100 720202 712701 815814 418502 568934 831599 807667 324701
1062565 839144 240583 179452 828029 651297 224800 81832 523265 54896 611682 701607 519857 150130 688687 768867 86350 958796 151008 374314 710981 1005087 303993 542408 737851 832636 181072 436139 156765 487853 776237 492626 66748 428214 851118 999999999 231473 613902 713808 695494 288363 472204 229572 193488 210609 548681 435272 532623 1005077 666015 721326 816513 868818 298717 630072 193367 658578 812609 677285 481044 510210 57955 445602 792746 811085 796490 182048 632032 752192 211177 552338 224449 756193 716373 494978 657267 616180 532048 714267 737531 582116 511246 268496 427735 666463 201622 480309 364337 484557 344807 688009 510084 492379 212301 683554 474954 577602 261651 533907 603039
965709 757073 90848 291759 883144 436346 71122 218110 316664 206498 614186 642482 321967 121700 513733 620661 290857 868365 268588 319152 848607 928901 382198 491835 581136 958721 333724 208250 85069 663101 907611 414404 178767 513647 749341 231473 999999999 696290 703941 483653 496916 323740 447600 413524 256965 403248 411797 340880 932849 588966 643008 763321 793560 67699 792305 239698 562605 688763 722660 603397 596678 287176 633536 727436 910023 876738 333081 724726 815817 380106 415803 435360 553297 785656 583422 707756 599027 564578 501610 757922 451051 285048 310193 618159 680644 425496 267559 401785 322851 144544 588508 426643 624506 340955 823446 333078 359043 453281 689340 450488
728004 533715 614911 790992 222731 842178 628163 694927 739262 575908 226539 406558 711211 587613 720791 682294 675606 633918 469236 425476 231133 629681 320769 363434 691020 291758 777983 777986 630323 309691 258701 430550 661601 187928 595020 613902 696290 999999999 280391 856570 456018 578728 714591 691884 444499 585226 339339 698859 619492 442537 464951 443740 533226 724917 284236 463881 489662 635270 121405 161963 103952 623495 359105 462955 215579 183646 779655 39753 144069 788744 564609 732966 858411 105791 119028 100041 278302 171884 872562 213897 558138 812014 386712 369541 200982 680242 739355 296609 609584 665121 508796 440152 176185 401626 222412 564985 813283 417602 237351 619247
449605 255852 613133 889987 265059 690656 633454 784819 621065 663036 103627 153131 589550 628151 526836 449077 793294 353672 564811 384882 500086 355202 420916 222840 471263 520150 894201 706902 665473 571202 508201 311366 739984 341997 321879 713808 703941 280391 999999999 690182 659301 464716 877992 848006 505616 433086 293689 569325 346983 213648 211203 163421 252893 706508 564607 524606 270490 378363 168844 402997 307960 744225 610109 185547 404537 329730 895324 313953 250139 918271 408725 889802 668262 255178 317454 184012 104938 199402 702495 103007 386405 714521 445550 615712 80234 841667 640575 350712 491414 617871 277546 308319 429380 523263 496935 449021 686608 604547 508697 444903
691742 566786 455263 773090 949209 49793 470843 700262 172428 652569 659098 548682 181198 547478 175367 308154 768360 628345 651357 464678 1075287 708982 659323 498972 261926 1147892 817204 286268 540372 984604 1113952 426068 656527 738579 513702 695494 483653 856570 690182 999999999 896086 290401 923312 887793 587374 271616 525667 177806 721135 480480 505018 637531 608262 421268 1071945 585378 423946 417092 809404 854122 793324 753426 980498 586144 1054861 992171 816503 895612 912604 863751 293287 914160 84484 899947 787571 808239 612787 684708 19144 787032 306857 213993 592348 971451 722266 897023 216794 614877 261232 350863 426280 416740 884995 693742 1058152 300894 128299 836628 973643 246143
1082310 858336 466601 417678 677385 859454 461634 357788 728855 292532 559733 709821 715162 381722 838510 877414 298481 977683 247484 462982 470281 1002411 276604 571071 860040 597314 382746 679938 412086 221226 538319 565268 355081 317413 893657 288363 496916 456018 659301 896086 999999999 622602 271884 258262 309073 681709 464977 719278 997399 701374 749986 802354 876546 558236 367426 310860 717551 886445 557903 294647 369735 257015 167631 796338 608297 617697 384908 457148 598942 375077 675045 294905 939311 560288 355995 534483 587967 460310 915192 641313 693725 747340 317181 148369 589205 242160 697819 352383 645918 568085 746802 583944 287924 205251 442253 618176 796069 63786 287936 735760
645478 447096 250197 599139 702027 267203 272899 504336 162539 420501 405615 357814 133022 325477 220292 301232 555836 551518 388476 174471 790150 617641 371364 245192 266561 870174 629935 247316 338285 695133 832488 157926 454488 448951 430025 472204 323740 578728 464716 290401 622602 999999999 699196 662949 316103 80076 240588 120455 623640 293117 341371 474116 486472 292340 781986 319202 253438 365117 549648 564302 507442 526938 693509 430510 785788 729810 629934 616663 653602 671159 92516 696342 319168 635146 500626 544086 368547 409045 308472 547723 128361 250090 308966 685469 474279 667863 175888 324480 30884 189115 275257 157099 594957 417397 771783 15695 235170 560629 683285 131726
1263643 1037641 469582 217100 937308 878223 452682 232539 751513 278872 774486 893608 749055 379700 917192 992032 156743 1158599 333835 584179 741174 1197089 458270 738220 963184 868301 163106 655834 382942 489276 809224 702067 269064 550585 1057881 229572 447600 714591 877992 923312 271884 699196 999999999 36266 409388 773997 627117 762143 1195041 867456 921437 1001361 1063369 514949 633357 397284 867719 1028206 804592 557472 619138 172754 431311 984561 879138 884516 165277 720909 858659 130011 775863 27443 985431 820304 604177 782007 790469 681840 941941 879878 803832 732459 454306 412111 817732 36350 707133 533205 712938 572498 897612 720420 555432 356324 713238 700937 803115 297459 559472 828897
1229845 1003994 433715 197160 914383 842892 417035 200466 715873 242607 744408 860521 713160 343595 880928 956019 123106 1124888 299443 548991 728511 1164275 427485 704526 927028 855500 146469 621642 347486 478573 796535 667056 234775 524065 1023379 193488 413524 691884 848006 887793 258262 662949 36266 999999999 374535 737825 593583 726107 1162458 833361 887527 969189 1030171 481036 623998 362050 832872 992830 778882 536779 594779 136516 422149 951594 861676 864286 148741 699801 835843 122763 739792 41969 949530 797675 579675 756533 759138 652930 906457 852530 767888 698092 420655 402788 789125 19696 671783 501529 676674 536938 862740 685348 536527 325207 700470 664726 768043 276910 545982 792703
857168 632196 188437 384431 643741 551829 194836 279205 422000 157964 404859 492179 406811 143153 535075 590589 294266 752638 76821 175441 592458 796180 125679 333582 566656 701759 391635 392330 185917 424115 650786 292735 235161 258577 649033 210609 256965 444499 505616 587374 309073 316103 409388 374535 999999999 381149 224986 410271 795685 460125 514877 606123 660444 298144 543027 20015 458351 619650 486404 346885 342626 249812 406065 583463 655832 627245 392571 470660 571971 420435 378223 413376 630608 539226 328777 468663 406341 333002 606452 537167 402214 451625 62064 394024 463309 374608 394928 162045 337905 274025 488233 311164 369098 107385 567721 313234 491521 249291 439244 436317
569841 379534 330183 678954 684269 262055 352938 583406 192663 496088 390307 308407 161147 403644 157714 221723 633118 478537 456042 220406 806066 547713 418617 228507 189262 876354 709081 307011 417888 734796 843065 155304 533387 477316 355931 548681 403248 585226 433086 271616 681709 80076 773997 737825 381149 999999999 260216 138308 554826 239968 281837 418160 420187 369044 809928 386758 191951 286448 539722 592605 525573 602458 738923 371294 783739 722325 709121 624401 643459 749817 24453 772156 279200 629364 520915 537576 346501 413344 287358 524444 56179 292517 364673 732534 455729 741935 223586 361020 84182 265834 209013 145155 624245 477092 789893 74073 253922 618646 714922 55333
636643 410535 321356 605538 485381 506781 340891 499942 399996 381727 202716 267701 372280 335621 411898 419683 519247 531523 295246 96425 550223 571875 188430 111306 410010 630132 616028 446711 372062 480078 591902 110553 452844 217591 434705 435272 411797 339339 293689 525667 464977 240588 627117 593583 224986 260216 999999999 361042 571001 242053 294893 381241 436846 420372 549713 241924 252703 421470 325950 332533 267770 474091 490843 359008 549912 499171 616891 376704 427266 645421 243943 633796 539416 404128 261933 315999 189536 173519 542753 347983 249735 474419 172941 487025 270424 591322 400980 114154 271459 341766 282144 127165 364295 277998 532578 227566 474196 401661 455390 304791
682026 508594 293221 631823 815394 148372 312002 548225 55429 486075 519283 446618 26053 382597 176610 301951 610463 598302 476044 290817 910432 672043 482533 356922 256308 990428 670527 188562 382428 808392 952939 273382 501240 567751 475353 532623 340880 698859 569325 177806 719278 120455 762143 726107 410271 138308 361042 999999999 680673 377955 417772 554673 550127 289061 900017 409065 328144 392727 665965 682723 627727 590018 803079 506681 904743 847261 670128 736932 770054 715238 162624 755433 224748 752967 620718 661515 478709 528627 196733 657888 191993 157443 414661 793838 586724 733744 97520 441652 89598 197147 342165 268985 713005 516249 891863 133875 118076 659347 800294 151290
122001 176688 846353 1170136 514130 744938 869360 1065296 735524 950851 439192 303527 706398 890341 549171 413119 1089820 96662 865903 635739 820457 17575 739628 462692 459371 808139 1184930 861418 919676 917890 812653 522992 1016363 683063 208778 1005077 932849 619492 346983 721135 997399 623640 1195041 1162458 795685 554826 571001 680673 999999999 345330 290318 195361 139368 912945 901251 811955 371699 304044 499412 749979 654898 1045090 957014 212332 685282 607988 1185669 648376 544561 1215892 534702 1203256 662068 565954 664115 519556 409970 539362 725054 409054 499117 837635 743133 962336 425944 1158884 775003 662763 637584 810971 348392 508507 776148 839779 822844 610598 777225 939435 853448 529392
397068 173444 501524 826783 478217 485249 524424 722582 432612 611274 216455 69322 401116 545787 313718 242372 751803 292826 533960 292744 673609 342916 427233 131321 259285 715631 844066 539836 574436 678934 694697 177776 673136 413749 192988 666015 588966 442537 213648 480480 701374 293117 867456 833361 460125 239968 242053 377955 345330 999999999 55585 181003 206165 573244 711950 474780 57075 197973 358989 512730 423151 709546 702538 139262 606988 535894 844685 481525 454953 877172 216059 872940 454865 451725 425605 365489 164380 290424 491807 315097 186398 532140 413483 702469 262840 831931 461591 349697 313480 473459 67153 163216 544136 519989 664355 278416 491076 639041 634436 239106
342391 117911 556094 882368 474541 514612 579073 778159 473039 666620 239424 59615 441946 601319 332684 239021 807033 237769 588261 348291 694564 287549 477725 183596 265493 727402 899559 586325 629753 717015 710702 233198 728721 455124 144294 721326 643008 464951 211203 505018 749986 341371 921437 887527 514877 281837 294893 417772 290318 55585 999999999 137025 150987 625566 741134 529774 89889 170941 370684 548812 456626 764481 743650 89584 614401 540540 900186 502874 460374 932498 258921 927294 470842 461797 460573 380424 189588 324320 514730 314122 226228 574019 467192 744569 273687 885798 505304 399822 359562 524871 78993 218284 579578 572240 687325 327209 527393 688215 668380 272243
287860 103840 674144 985383 390338 649604 696543 879961 609882 762890 246085 120840 578703 709180 463126 352440 900280 190256 674384 453953 660269 200095 544841 277258 387439 669589 997225 720667 741322 731287 663486 348925 831940 489192 177330 816513 763321 443740 163421 637531 802354 474116 1001361 969189 606123 418160 381241 554673 195361 181003 137025 999999999 90506 751579 727975 623161 226545 257631 329502 561914 466418 854360 767431 51642 549447 471859 998071 476732 397303 1026466 394870 1010238 597279 409685 474513 346386 214635 345962 646161 248615 362894 710609 551561 771768 243466 965127 641233 468396 494079 653073 214850 337393 589555 645510 658507 459411 664310 744143 670998 409021
205998 41985 706985 1032134 476091 626848 729994 927563 605430 814349 328345 169864 575455 751704 433183 306701 954035 103096 732069 497662 750765 136882 611683 326862 348422 758867 1048035 727190 780601 816411 753688 383929 878387 567964 105726 868818 793560 533226 252893 608262 876546 486472 1063369 1030171 660444 420187 436846 550127 139368 206165 150987 90506 999999999 774419 817372 676179 233438 200742 419891 646627 551252 910223 850463 80233 638110 560284 1048724 566721 486850 1079902 399112 1070556 558053 500006 558497 436489 290528 426601 614493 338791 364083 707567 609712 853932 332433 1027398 642494 533958 501781 672822 211688 369245 675055 710004 748879 473064 652007 816753 758157 399352
937796 736307 111230 351823 901524 373125 103747 284453 258535 270983 622508 631241 267849 177282 464940 579880 358223 843455 322301 324397 889631 907807 419928 487952 537958 995735 396674 141318 147427 715363 946461 404882 246346 547473 722316 298717 67699 724917 706508 421268 558236 292340 514949 481036 298144 369044 420372 289061 912945 573244 625566 751579 774419 999999999 840153 283192 541247 655320 740757 643948 628453 354742 689063 712505 940162 902153 395882 755582 837452 443700 384613 502264 493660 809284 616026 727551 601927 582890 438825 768312 420614 218420 344513 674404 690754 493141 207558 428312 285603 103309 565281 414661 667027 391518 865299 303933 294984 511786 736553 411800
1011643 816831 731419 780970 437129 1048315 736409 708424 929551 614117 502159 684484 906153 670896 959687 943645 659786 918150 525285 609244 124496 912091 430064 611499 945226 244553 749294 930506 710981 146378 187226 657601 693115 333478 876015 630072 792305 284236 564607 1071945 367426 781986 633357 623998 543027 809928 549713 900017 901251 711950 741134 727975 817372 840153 999999999 557052 752967 908890 402020 217861 291717 613160 202084 746142 300298 346381 751418 252932 374302 742430 793263 658249 1089128 343439 292756 382779 551605 422472 1089645 492451 795567 981745 506608 221361 484966 606822 916030 458436 811929 811348 775649 671739 187046 451528 102202 771063 1004027 370966 103822 853268
871829 647332 174807 365703 663706 548636 179511 260308 418188 139952 424161 508435 404347 124073 539074 598894 277906 767525 69387 186942 609020 812191 144274 349440 573635 719342 374134 382129 166873 435491 667940 305165 215712 277535 662615 193367 239698 463881 524606 585378 310860 319202 397284 362050 20015 386758 241924 409065 811955 474780 529774 623161 676179 283192 557052 999999999 471232 630954 506418 363703 361734 234782 415085 599647 674756 646778 375016 489680 591836 403937 385042 400229 630975 558990 347768 488659 424827 352950 604498 556996 410278 443480 82019 402378 482990 362977 389010 182001 339640 264778 501031 323366 385181 114302 584029 317299 486453 252811 453394 442065
