NAME : synthetic_000296
TYPE : CTSP-D
DIMENSION : 100
GROUPS : 8
RELAXATION_LEVEL : 1
EDGE_WEIGHT_TYPE : EXPLICIT
EDGE_WEIGHT_FORMAT : FULL_MATRIX
EDGE_WEIGHT_SECTION
999999999 418214 693539 398224 471477 60268 512502 263547 170664 581043 349750 84753 312369 503870 432799 215136 103411 598851 392420 253124 331724 203906 650107 209849 385519 583979 130046 368096 133878 436388 194813 172652 503561 163083 149714 581780 308169 692618 370003 583178 607621 533039 567032 221229 554069 224896 158444 672033 541893 664492 323094 283323 483097 500355 294524 524257 436438 164692 348636 139557 164072 496490 399102 501689 498777 92675 526310 458130 290825 397549 497225 313389 284208 100673 266019 250237 469815 567669 478829 491313 212406 379542 518962 686028 571806 635078 194644 240957 298573 531720 605976 260309 646457 322103 86620 92780 240921 544927 131853 403700
418214 999999999 913826 64103 731674 406614 688062 511993 378902 233663 387608 339964 160998 604627 31199 383311 383105 1004316 106429 362493 198534 592772 1068051 361763 671977 1002157 289516 133570 363242 68440 257284 569645 919682 297956 305103 717683 671143 1110089 446061 713975 867008 146486 309963 614604 968092 226471 535417 1089524 149772 891899 741160 237568 865397 918500 162312 132818 759627 489236 435148 407173 549138 459608 651620 503828 904778 497482 252571 140355 432346 706349 542362 304374 136671 323497 278877 283439 259170 761773 870403 543339 437385 310242 307083 855894 796222 1052391 232253 415162 141841 947670 239301 160778 796596 614504 477631 496724 279449 199367 292077 687463
693539 913826 999999999 941532 1102316 753740 227011 942285 580636 892388 528845 695383 917180 331737 903523 553889 795919 588306 816566 559063 716217 537472 765468 575037 1015301 747359 729888 957948 617957 876079 840283 759389 781324 828547 816256 1259406 439703 771950 1063120 233371 110365 924349 778794 783054 646867 856037 550971 761045 936381 30551 681326 930949 443904 730205 757115 927085 1015961 529017 1041728 580183 778152 519835 295178 466915 561663 622751 793170 833245 486351 1004229 411884 609760 844012 701975 638331 637289 727819 152736 481739 406209 514089 618298 724181 111722 123620 736509 810263 516651 781445 797105 929263 792688 164991 372594 744123 621484 906501 877793 771656 1031170
398224 64103 941532 999999999 677209 378009 718018 462212 386138 296809 422313 326520 108388 641869 95261 397708 348946 993507 159101 383674 236113 584781 1047012 375782 621139 980138 275040 70785 364003 131880 219947 538282 892784 261064 270219 655506 670549 1090152 385227 750246 888256 206904 373061 581264 952124 187293 528676 1069562 208610 918300 718114 182843 862266 895229 184673 192695 711478 489533 375300 408874 515798 507889 669735 549369 893469 483351 315565 202970 455789 657329 584285 337349 116521 310768 303233 304605 317180 790803 864489 584483 448897 353550 367174 889680 821630 1032788 204552 432225 160097 920486 300330 158172 831988 625321 448526 482803 229219 263090 267278 636033
471477 731674 1102316 677209 999999999 423987 960123 229610 641746 955340 818378 530701 570924 970115 759633 686277 408295 748819 767674 722080 752172 566379 675882 679286 88599 615920 543665 609938 602907 783909 493135 345861 501009 460752 461064 215091 663464 721107 315379 1038983 999672 877218 985107 319309 663878 516415 564834 704937 881315 1071789 456689 494720 742074 544602 692087 864051 122959 612117 315812 610377 332084 964362 827749 972630 676034 501785 933781 836222 762030 102660 968455 769750 614105 539114 716619 702087 894721 1002655 714796 962373 681085 832577 949224 1121360 991185 681132 534075 712214 681396 515703 967980 629876 1092222 742664 390374 503434 453136 918169 503613 71542
60268 406614 753740 378009 423987 999999999 571886 207850 220139 588734 394447 108246 282629 559538 424944 264405 45949 634224 396463 298340 349832 254587 671005 255856 340480 603546 135187 338739 179803 433906 161784 163532 514827 123657 111625 523915 361936 715001 310157 641379 667224 532110 587721 209979 582947 194323 214363 694449 539988 724650 341614 241768 529245 518025 302724 522063 400912 224957 288817 194345 145616 540386 459367 549537 534797 143940 543032 464679 343169 357585 548699 348532 269981 119249 297271 282032 491901 627721 521967 543203 268420 413213 543573 745944 632067 658156 174820 293494 301693 542589 610812 256877 705756 382057 71024 144515 194674 551764 115122 358648
512502 688062 227011 718018 960123 571886 999999999 773696 374266 669622 301969 496695 700774 119119 677031 341171 609688 615544 589817 339229 489957 403690 773984 360992 871529 737089 524195 738449 414797 649180 634323 615374 736793 628186 616862 1093245 338347 793595 873522 87536 209955 698037 560991 649073 646075 646383 395524 778118 710089 208105 593823 721764 442343 694710 533346 700492 891426 352178 852292 383226 628070 305496 142346 255091 553892 459645 570749 606494 266738 869218 199466 383700 624766 500424 415134 415473 503619 74281 474992 192103 310834 391504 504184 178209 121441 746277 600337 303657 558072 758636 706516 572968 134006 224191 578016 458073 702885 653299 568984 888773
263547 511993 942285 462212 229610 207850 773696 999999999 427644 729800 598435 308915 353919 766995 538389 471666 183236 709614 540101 503525 522639 411983 692969 461885 160252 625280 316254 399447 386661 559933 265063 206188 515862 231368 231455 319666 520379 739772 176303 846280 848231 655381 755679 214567 638439 290319 391325 720423 660373 912366 391537 280619 649667 540478 462574 642753 249717 421868 161495 401838 179151 742707 652675 755071 618543 319791 704754 609102 550964 195154 756140 544289 388138 315315 490377 476316 665113 825295 631759 750777 475562 605748 719650 944417 823670 688521 304966 501330 452354 539506 744381 400956 907668 570591 198333 321120 233182 692431 274671 176362
170664 378902 580636 386138 641746 220139 374266 427644 999999999 476864 180402 125480 340650 343586 381223 44531 248357 641284 312338 84818 221257 235463 732398 42592 556133 671901 150231 386676 42240 369385 260729 330843 613067 254235 243276 740116 295472 769769 503046 433601 512566 453894 432957 377693 618760 275402 179294 749731 464814 554177 429190 350380 490947 596309 219627 449110 605092 116977 482106 42712 328835 326954 291975 331046 544499 180577 402796 364523 123834 567779 328568 160839 275277 126885 129987 116125 336652 439244 499842 323136 66838 225949 378173 552391 457164 712289 229666 75206 237320 640920 507853 228118 504939 239479 255554 178961 328742 444714 194752 574321
581043 233663 892388 296809 955340 588734 669622 729800 476864 999999999 387029 496296 390727 561069 202779 458685 577454 1115517 193043 419505 257076 712182 1208170 442371 889708 1146312 455087 367135 481759 172533 465435 749511 1078872 502397 505855 951209 763756 1246276 678925 666198 873295 95593 129208 797391 1095624 439561 655358 1226147 99888 876705 894726 466701 956929 1067906 287021 109870 971387 593191 667240 516705 734140 377202 682416 430305 1020209 640013 99250 124086 468119 920351 482830 333300 341694 480464 347316 360744 167196 742370 970484 487564 513354 291250 171197 811271 789652 1188670 429144 476308 287266 1107074 36900 335060 747830 673998 656604 638777 502953 37477 476895 906128
349750 387608 528845 422313 818378 394447 301969 598435 180402 387029 999999999 289523 422855 219907 375347 137435 415441 752277 287884 96645 189076 380958 868979 139901 733989 813922 290628 451949 216126 347234 387295 510676 769656 396358 388754 901865 400196 901772 648217 327933 493286 400961 302916 556982 747086 388655 333690 882659 413028 508572 589944 460897 584520 745582 239698 402051 785366 263163 628480 218988 509230 146750 295387 157842 663224 355218 293295 307629 92378 747297 172208 85114 341898 283823 130250 137697 221475 376159 603222 169958 169126 95985 242667 468422 415245 845946 345345 126236 265075 796692 423054 290788 409846 294063 435521 353499 456659 364462 337843 752190
84753 339964 695383 326520 530701 108246 496695 308915 125480 496296 289523 999999999 252865 468859 352374 166893 126154 667100 308182 194971 247947 259021 728937 154363 448223 663688 51480 306235 83307 353699 149097 255780 586596 133167 121025 616521 351544 770504 377942 558640 619134 449577 484516 304289 628239 172107 204290 749960 458683 667739 404569 242323 538598 581211 209936 441176 508686 179178 356913 115270 244286 434291 401403 446331 567123 157711 442518 373480 248364 465824 449814 240313 210222 16603 189175 173849 387724 558980 538931 444986 185863 305002 438132 674232 571864 712742 131791 200602 214930 614800 521386 179781 628669 334929 165292 157024 211720 460217 78149 466355
312369 160998 917180 108388 570924 282629 700774 353919 340650 390727 422855 252865 999999999 640222 189913 363354 248595 911196 219636 361790 257870 509926 953551 342143 513121 885960 203905 56153 309537 218398 120851 438037 794515 160423 171376 563007 604377 997627 289353 744663 853082 307268 446947 479158 864203 88464 456664 977076 310770 891826 624183 76595 790421 800182 191038 293760 603098 428692 276773 353369 414113 533350 632461 567464 811137 402592 390339 280886 434042 548999 593632 339951 82033 239258 293405 289070 374304 770688 789000 592182 407164 374924 428643 877334 794514 940775 121162 400529 167389 821892 399445 132083 823496 577067 351307 402326 120837 354686 181473 528195
503870 604627 331737 641869 970115 559538 119119 766995 343586 561069 219907 468859 640222 999999999 589898 302495 591296 713758 501645 285129 406956 442187 863067 318037 882145 820434 485599 671410 385818 558742 591543 633579 806595 592970 583217 1082731 402941 886540 844790 109658 328653 597581 447394 673076 734978 597972 418590 869898 609502 317829 648082 672316 538414 769446 459589 601465 914823 360281 824114 365216 641187 189105 216176 137218 643364 471103 461819 509059 220867 886083 81390 305012 560246 468649 346962 351376 397856 185221 567976 74879 291489 296989 392444 254229 239103 836315 552782 268383 484957 830458 597904 508630 192794 277542 580168 469376 661473 547706 532789 900013
432799 31199 903523 95261 759633 424944 677031 538389 381223 202779 375347 352374 189913 589898 999999999 381995 403850 1012899 88265 357866 187439 601002 1081310 360866 698567 1015940 303033 164679 368868 39164 280309 588415 935780 320397 326719 748442 675585 1122796 476461 699497 860114 117597 279905 634091 979135 250532 543318 1102263 122001 882309 755836 266473 870566 932964 161778 104496 785054 494057 465242 411920 568812 439047 646862 484730 913749 508980 222671 111214 425903 732180 525214 293950 156786 335786 273686 279897 233185 751054 876890 526629 437061 293615 279369 842485 787324 1065006 252094 412190 144793 963861 209562 172725 782428 613564 495789 508130 306735 168240 309870 714272
215136 383311 553889 397708 686277 264405 341171 471666 44531 458685 137435 166893 363354 302495 381995 999999999 291465 656853 306561 45527 208916 259998 756646 21932 600635 697879 184885 405741 85117 365812 293898 373251 644276 291452 281237 783023 305595 792568 542461 395877 492125 444368 404559 419573 639867 305215 206894 772790 455731 528478 461613 380595 500122 624705 221130 440947 648890 138558 521715 81612 372220 283446 272380 286553 562067 219006 378875 352310 81648 612025 284479 130789 292263 166154 113975 103793 310162 408823 512156 279210 56138 192485 347803 519257 431164 735494 259167 37574 241997 671868 491261 242221 469518 231575 299712 217318 363146 428416 231338 618821
103411 383105 795919 348946 408295 45949 609688 183236 248357 577454 415441 126154 248595 591296 403850 291465 999999999 676089 384412 321120 349339 300506 706508 280185 328840 638593 135974 304167 206460 416553 129139 189672 545920 88347 78758 491762 407860 751124 267202 676744 710944 514923 586488 232410 622353 162011 259946 730636 522039 767058 377697 200959 574382 552472 295698 504048 398680 266944 245811 228043 166893 559472 501014 572458 577070 189869 539001 453622 372184 351422 575462 361774 247130 132080 308362 293946 492573 667430 566419 570452 302263 424282 545828 785053 673710 694752 151871 323263 290848 573309 597268 242481 743204 425201 104185 190428 151844 540115 101404 346712
598851 1004316 588306 993507 748819 634224 615544 709614 641284 1115517 752277 667100 911196 713758 1012899 656853 676089 999999999 952016 697231 862299 411898 179240 673379 683766 180211 718561 966943 645468 1006694 792447 512156 266683 757066 744363 956768 353470 184131 882858 696200 485319 1094683 1052919 495101 89464 823403 469636 172750 1105394 564309 318077 875987 175487 212950 855510 1089289 629658 524338 865218 604664 541131 853344 499398 819496 100126 510349 1033726 1005790 660674 649504 774774 784711 877321 683066 768919 756356 963160 596649 149808 765777 602702 838208 993367 673734 545662 150615 792743 641756 868802 266580 1147776 843700 689490 462977 574020 510837 827925 1084765 730387 692082
392420 106429 816566 159101 767674 396463 589817 540101 312338 193043 287884 308182 219636 501645 88265 306561 384412 952016 999999999 277756 102356 541555 1031422 286466 699321 967676 264161 215987 307167 60644 275039 558284 894388 310609 313446 780663 607658 1071349 506773 611254 775641 143506 227469 605822 924029 251549 483727 1050963 153728 795777 711408 290628 803148 886909 99085 137302 779213 428425 492599 347374 542047 353179 564924 397667 854068 458591 171369 69453 342963 728747 437233 208014 154920 291894 194164 202802 159238 663953 812052 438532 362564 205422 211446 754377 701318 1013508 236927 333825 94818 922609 214454 142088 694209 536791 465123 457519 319439 155738 283929 716050
253124 362493 559063 383674 722080 298340 339229 503525 84818 419505 96645 194971 361790 285129 357866 45527 321120 697231 277756 999999999 176737 304518 800446 43308 637456 742220 202486 399514 119495 338076 306499 415651 689655 309917 301026 810393 344489 835862 562586 385081 505256 411181 360443 462498 682658 313209 252111 816185 422809 535146 507113 387970 537483 669649 201075 408822 688976 183164 542289 125531 413286 243367 289215 251560 603517 263705 336774 317810 72807 650665 256245 87646 285676 190834 84197 79394 267080 410112 551194 252006 94656 147305 303125 515553 438215 778963 267786 57379 224270 717213 452946 234006 462368 260050 339019 262038 376451 390549 250061 655657
331724 198534 716217 236113 752172 349832 489957 522639 221257 257076 189076 247947 257870 406956 187439 208916 349339 862299 102356 176737 999999999 455794 951159 190183 676658 889240 215295 275018 224743 162995 266999 503712 823133 293084 291444 793398 513600 989489 523652 516002 673475 235484 237937 552233 839451 254143 398663 969315 246907 694879 638729 313865 708661 811076 68406 232428 747638 338192 506580 260073 491721 276951 462679 314951 765747 383914 194608 143760 240649 700741 348209 106516 176928 233432 94956 106165 143257 563862 719566 348371 265007 119138 197121 657426 599919 931830 222743 233558 90528 851294 286972 135095 598402 436664 412797 382623 327158 223858 249479 694242
203906 592772 537472 584781 566379 254587 403690 411983 235463 712182 380958 259021 509926 442187 601002 259998 300506 411898 541555 304518 455794 999999999 497271 272543 478669 437894 310260 564371 234395 595252 396576 221940 388807 366824 353403 724268 109707 534313 554947 488036 438552 684797 664553 248651 383667 424871 57874 514296 695246 507060 212311 486827 280629 365573 444187 678821 489047 121442 534174 195743 241167 512126 264807 495783 312970 111526 637393 597934 291327 470716 469158 390732 468261 274289 365418 351539 569748 438516 279917 460976 213216 451684 607630 556279 424806 476867 389059 256251 456970 415750 742754 432434 531554 180020 219577 111262 444756 679624 328959 494941
650107 1068051 765468 1047012 675882 671005 773984 692969 732398 1208170 868979 728937 953551 863067 1081310 756646 706508 179240 1031422 800446 951159 497271 999999999 769787 627396 68456 778666 1009598 726898 1081245 832712 521739 179499 793578 782221 890657 473359 46884 869117 857897 660533 1174793 1160888 489856 128189 865325 553171 29056 1184614 740643 329391 905952 333975 155054 932498 1167537 552923 618320 854333 691676 549031 984825 646938 956680 220276 573343 1134663 1091383 776715 586130 916680 887412 934215 745527 862369 848207 1066764 763113 299394 907717 706969 946750 1103163 847105 715255 28960 842462 749040 941669 160713 1237807 908654 858575 595647 602626 574328 854615 1174817 779784 631303
209849 361763 575037 375782 679286 255856 360992 461885 42592 442371 139901 154363 342143 318037 360866 21932 280185 673379 286466 43308 190183 272543 769787 999999999 594433 710182 167694 384082 76418 345364 275479 372844 653724 274947 265211 770808 323450 806367 526891 413649 513956 425318 392935 419906 654324 285625 217809 786470 436577 549796 470237 360977 518484 635744 199705 421553 645676 151667 506308 84809 370111 286645 294292 293683 577843 223054 364901 333891 97835 607397 295453 119578 270512 151831 95694 84223 297383 429315 529634 290673 76318 183912 337306 538886 452483 749097 239622 58388 220308 681481 474398 220351 488325 252859 295711 221426 345056 411394 214761 612634
385519 671977 1015301 621139 88599 340480 871529 160252 556133 889708 733989 448223 513121 882145 698567 600635 328840 683766 699321 637456 676658 478669 627396 594433 999999999 563967 464814 556796 518020 720145 424468 257584 448729 389210 387895 273440 577185 673710 288113 950425 913419 815619 912039 233048 601756 450420 476276 656259 820562 984796 380784 438655 664267 487020 619030 802962 99998 523711 282651 523752 243486 880384 739380 887179 605460 413274 862232 768508 675423 46332 881753 688279 548161 457591 635904 621051 819803 914304 638717 875543 593789 752059 873685 1033088 903405 629432 463098 625691 610195 466880 904587 559119 1003671 654340 303058 414929 392740 852304 427185 18202
583979 1002157 747359 980138 615920 603546 737089 625280 671901 1146312 813922 663688 885960 820434 1015940 697879 638593 180211 967676 742220 889240 437894 68456 710182 563967 999999999 713028 941964 664595 1016680 765153 453377 115364 725850 714593 829986 423634 114769 801515 822596 639686 1110865 1102439 421422 101283 797825 492665 95153 1120535 721056 262078 837787 305940 86618 868639 1103343 493143 559323 786543 630627 480612 933975 605236 908118 187516 509131 1074656 1028504 722018 523734 870281 828626 867836 680291 801675 787253 1007538 732056 268941 861381 649618 889130 1045323 822485 687354 65485 775601 692144 877183 101541 1175411 843219 829231 548238 534839 510179 786377 1112545 713039 568664
130046 289516 729888 275040 543665 135187 524195 316254 150231 455087 290628 51480 203905 485599 303033 184885 135974 718561 264161 202486 215295 310260 778666 167694 464814 713028 999999999 256219 112023 306455 110558 294443 633594 107519 98616 611535 400991 820582 360112 580756 658011 403454 453204 342317 679162 127864 255046 800019 412135 702989 452846 201549 589392 629933 168234 394439 532709 225021 339805 152836 279503 430382 438380 448406 618570 208888 407894 331299 265457 486724 458190 228796 158761 36027 174417 160844 358081 589465 590173 454244 215992 289494 410686 702387 606290 762877 84157 221639 169592 661746 478484 130365 653979 376708 201541 208249 178706 418412 47590 482679
368096 133570 957948 70785 609938 338739 738449 399447 386676 367135 451949 306235 56153 671410 164679 405741 304167 966943 215987 399514 275018 564371 1009598 384082 556796 941964 256219 999999999 358156 199289 176955 493316 850007 216216 227379 584742 657210 1053722 314629 777807 897524 277689 438100 533819 920317 144616 510468 1033174 279295 933320 680248 118962 844614 856126 213193 263470 649163 479793 305097 402616 469007 551778 677150 589567 866859 457823 380634 268263 472300 594417 619856 367301 113939 292016 325404 323358 375075 809625 843816 619136 452418 394130 427324 913488 836068 996893 175340 442252 187920 877310 371115 165517 858008 625089 407217 457516 169296 332918 236765 571165
133878 363242 617957 364003 602907 179803 414797 386661 42240 481759 216126 83307 309537 385818 368868 85117 206460 645468 307167 119495 224743 234395 726898 76418 518020 664595 112023 358156 999999999 361229 222327 300418 599505 213399 202102 698159 308050 765798 461099 475459 546462 450474 448832 348218 617200 239296 176559 745528 460873 590986 415004 313510 502183 586386 210042 444427 570218 126163 440117 44911 295852 362790 326509 369870 547106 160932 414197 364681 165812 531290 369547 183438 249843 85628 142263 126696 351460 478586 508027 364321 104580 249863 396653 592721 494345 708037 194293 117444 224125 627595 510933 206373 546128 267532 220191 159514 289240 447992 154565 536221
436388 68440 876079 131880 783909 433906 649180 559933 369385 172533 347234 353699 218398 558742 39164 365812 416553 1006694 60644 338076 162995 595252 1081245 345364 720145 1016680 306455 199289 361229 999999999 297640 597246 939906 336388 341379 780284 664836 1121928 507255 668398 836141 98404 241524 643857 976199 269868 537382 1101463 106099 855582 758267 294193 860278 934770 151195 88218 804314 484494 495123 402802 579073 403363 625548 450077 908187 507914 184135 72156 403605 752267 492072 268387 172727 337136 254236 262273 194556 723390 868227 493856 421634 261770 240227 812188 761405 1064079 265104 393860 139587 968079 184450 177348 751510 596617 504094 506948 330970 136289 319107 736252
194813 257284 840283 219947 493135 161784 634323 265063 260729 465435 387295 149097 120851 591543 280309 293898 129139 792447 275039 306499 266999 396576 832712 275479 424468 765153 110558 176955 222327 297640 999999999 318759 674506 41165 50764 527586 495950 876777 262765 689108 767051 394943 493201 361327 743898 32916 346043 856227 401026 813252 503337 93258 676959 679441 202116 383118 506743 328090 244002 261567 295884 518701 548068 542999 692533 286795 440919 344090 373154 455076 558444 314790 124923 139545 260706 250454 405908 699972 673538 555248 326531 366824 461201 812532 716669 819938 44683 331096 188932 702014 481534 137335 763417 483800 230689 286711 69956 427992 71023 441087
172652 569645 759389 538282 345861 163532 615374 206188 330843 749511 510676 255780 438037 633579 588415 373251 189672 512156 558284 415651 503712 221940 521739 372844 257584 453377 294443 493316 300418 597246 318759 999999999 356881 278012 268159 505457 324599 567265 372691 695823 659466 695335 739637 48584 448132 351656 219901 546981 703344 728960 198061 385186 443480 366789 462544 685439 281472 273362 354239 291842 28975 656405 481897 654856 417542 162997 698297 625738 439059 254119 641959 483380 432979 270650 437877 422045 642459 656795 426040 634988 353816 549808 691507 775519 646164 512083 337434 391081 463495 384047 772728 420015 746811 396803 93247 164753 333383 712855 278651 274320
503561 919682 781324 892784 501009 514827 736793 515862 613067 1078872 769656 586596 794515 806595 935780 644276 545920 266683 894388 689655 823133 388807 179499 653724 448729 115364 633594 850007 599505 939906 674506 356881 999999999 634167 623746 714794 403754 226263 691563 824130 671191 1036171 1045977 319710 177222 707413 437696 208058 1045221 753023 184503 741600 340438 55736 795551 1027655 378416 507658 677356 570571 382345 899458 597663 879499 230235 439225 1013598 958093 680040 408370 847233 773302 783641 603067 740527 725385 949332 743369 303019 838590 601200 836716 991019 844138 705431 180844 689330 644342 801525 28225 1106002 763707 842187 529132 444286 440529 689499 1043844 627882 453308
163083 297956 828547 261064 460752 123657 628186 231368 254235 502397 396358 133167 160423 592970 320397 291452 88347 757066 310609 309917 293084 366824 793578 274947 389210 725850 107519 216216 213399 336388 41165 278012 634167 999999999 13473 508676 469195 837890 252695 687106 751377 434162 524360 320257 706603 73820 318818 817363 440543 800865 464341 120335 646124 639939 231375 422594 469001 308003 232531 248420 254855 532943 534399 553713 657387 255757 473451 379993 372532 418154 565231 329242 164123 127796 274451 262516 434571 691588 641198 561434 317744 385442 489451 806115 705031 781238 73891 327624 221119 661597 519626 169916 759173 466115 191029 255850 80138 464920 60188 406192
149714 305103 816256 270219 461064 111625 616862 231455 243276 505855 388754 121025 171376 583217 326719 281237 78758 744363 313446 301026 291444 353403 782221 265211 387895 714593 98616 227379 202102 341379 50764 268159 623746 13473 999999999 514620 455723 826396 261754 676558 738594 439462 524505 311165 694423 83666 305346 805856 446127 788488 452887 133630 632790 628809 231344 428151 465770 294907 241314 236280 245652 526653 521919 546362 644626 242385 474338 382897 362551 415625 556804 323379 170000 116494 268562 256168 433677 679849 628000 552855 306208 380787 488299 794680 692782 769644 76747 317106 222486 651263 523899 171844 748152 453180 179974 242466 93437 468388 51045 405089
581780 717683 1259406 655506 215091 523915 1093245 319666 740116 951209 901865 616521 563007 1082731 748442 783023 491762 956768 780663 810393 793398 724268 890657 770808 273440 829986 611535 584742 698159 780284 527586 505457 714794 508676 514620 999999999 829732 936034 273924 1164950 1162753 862352 1007807 493687 873781 539547 708963 919708 863550 1229273 653020 490034 934122 756665 726514 848064 337886 741532 288490 717997 483491 1041269 971765 1059707 878815 638428 952031 843827 863936 308037 1066206 837862 628211 619569 783050 770788 927837 1144822 910015 1061480 792225 893487 983258 1263992 1142029 895336 572267 814993 709413 730254 955799 659568 1227238 889000 517271 639820 466779 916116 564879 264710
308169 671143 439703 670549 663464 361936 338347 520379 295472 763756 400196 351544 604377 402941 675585 305595 407860 353470 607658 344489 513600 109707 473359 323450 577185 423634 400991 657210 308050 664836 495950 324599 403754 469195 455723 829732 999999999 503517 664573 425760 336251 748336 699589 344250 348550 522305 150378 484924 759452 409154 256298 587968 195493 367081 514600 744056 576718 181921 643760 263983 346386 511471 196453 484488 263058 217997 680481 657336 308066 564674 447402 431701 554804 365261 419065 407482 609752 358421 206732 438566 250414 484773 640189 471620 334687 448876 483334 288498 530919 427520 796712 513960 455879 125949 329277 217433 548410 733952 426226 592638
692618 1110089 771950 1090152 721107 715001 793595 739772 769769 1246276 901772 770504 997627 886540 1122796 792568 751124 184131 1071349 835862 989489 534313 46884 806367 673710 114769 820582 1053722 765798 1121928 876777 567265 226263 837890 826396 936034 503517 999999999 915944 876097 669444 1214821 1196091 536055 154969 909303 590917 20590 1224782 748262 373551 950953 351337 201061 972592 1207823 598179 654708 901112 729571 594741 1014179 670478 984344 243913 614133 1171201 1130475 809399 632177 942802 923159 976826 787069 899732 885806 1102691 778633 319092 933811 741860 981475 1137907 857795 728773 57853 885656 783489 982349 206839 1276384 950284 872547 623494 647094 615060 899776 1213314 822873 677400
370003 446061 1063120 385227 315379 310157 873522 176303 503046 678925 648217 377942 289353 844790 476461 542461 267202 882858 506773 562586 523652 554947 869117 526891 288113 801515 360112 314629 461099 507255 262765 372691 691563 252695 261754 273924 664573 915944 999999999 936555 977364 591876 734013 388377 813615 269802 522074 896647 593836 1034252 565193 216159 811934 716781 455891 577787 388103 534139 21392 490298 343989 781461 768166 804931 789817 449629 678135 570011 623981 333342 817832 577508 354942 376509 523259 512523 655284 933321 797119 814100 563200 628885 710600 1050170 940830 864822 306847 577724 437568 714772 685148 388792 1006181 692105 335940 450529 196885 643389 312569 297086
583178 713975 233371 750246 1038983 641379 87536 846280 433601 666198 327933 558640 744663 109658 699497 395877 676744 696200 611254 385081 516002 488036 857897 413649 950425 822596 580756 777807 475459 668398 689108 695823 824130 687106 676558 1164950 425760 876097 936555 999999999 256050 706021 548687 731174 730330 697911 476124 861099 717889 225043 680938 772907 524863 781665 567107 710229 973893 427651 915551 448706 707077 289879 229492 236580 638249 537267 567097 618231 315981 949942 183423 412950 665677 560422 452496 455681 505081 108416 558526 179144 374583 406640 496014 145537 167602 829937 652193 359485 592407 845816 702878 613838 83213 309718 653183 535634 758698 654476 627098 967893
607621 867008 110365 888256 999672 667224 209955 848231 512566 873295 493286 619134 853082 328653 860114 492125 710944 485319 775641 505256 673475 438552 660533 513956 913419 639686 658011 897524 546462 836141 767051 659466 671191 751377 738594 1162753 336251 669444 977364 256050 999999999 894226 768828 680500 539777 785702 458160 657586 906295 81913 572494 859422 334911 620361 706299 895283 910226 445339 956035 505528 679673 515207 220622 465046 453144 530856 775253 800867 434666 900475 409399 567809 784327 627536 588195 584650 706239 148847 372660 402057 445924 587703 711029 189808 90396 631600 740729 456421 729465 687256 910065 734290 217704 286201 651230 529729 830755 854543 696865 928888
533039 146486 924349 206904 877218 532110 698037 655381 453894 95593 400961 449577 307268 597581 117597 444368 514923 1094683 143506 411181 235484 684797 1174793 425318 815619 1110865 403454 277689 450474 98404 394943 695335 1036171 434162 439462 862352 748336 1214821 591876 706021 894226 999999999 206652 742085 1067495 366286 627008 1194427 12075 906110 853787 383862 943652 1029733 242295 14551 901143 570558 581377 490086 677380 424497 691367 475670 997043 601734 157681 94213 470318 848659 523985 331853 270119 433106 330436 341098 203125 772098 953655 527341 500478 307094 230117 851468 814862 1156977 363363 468405 234647 1064373 93448 275320 788995 671142 602135 600689 424241 71486 417426 831451
567032 309963 778794 373061 985107 587721 560991 755679 432957 129208 302916 484516 446947 447394 279905 404559 586488 1052919 227469 360443 237937 664553 1160888 392935 912039 1102439 453204 438100 448832 241524 493201 739637 1045977 524360 524505 1007807 699589 1196091 734013 548687 768828 206652 999999999 788220 1042488 473667 610681 1176485 215311 765167 861891 517863 886982 1028673 293163 218133 985115 543117 719492 475406 728777 259088 592202 312266 961562 609560 57523 170160 392786 937544 366918 273849 380143 470568 306583 322146 97535 631751 904616 372656 454233 215019 60367 692424 682299 1139308 451164 412912 304270 1073859 162575 355869 628753 596977 649781 608096 544129 136021 485754 929394
221229 614604 783054 581264 319309 209979 649073 214567 377693 797391 556982 304289 479158 673076 634091 419573 232410 495101 605822 462498 552233 248651 489856 419906 233048 421422 342317 533819 348218 643857 361327 48584 319710 320257 311165 493687 344250 536055 388377 731174 680500 742085 788220 999999999 425462 394077 255678 516063 749924 752520 177049 422763 443082 335000 510519 731988 242777 313997 371395 337993 65543 702219 512673 699259 404294 205484 746804 673521 483366 222106 684626 531406 478064 319071 486274 470436 691040 686968 421995 677457 397732 597850 740038 804919 672909 482271 382402 436033 511005 346099 820273 466848 778994 427504 140788 207254 370452 760649 324837 248388
554069 968092 646867 952124 663878 582947 646075 638439 618760 1095624 747086 628239 864203 734978 979135 639867 622353 89464 924029 682658 839451 383667 128189 654324 601756 101283 679162 920317 617200 976199 743898 448132 177222 706603 694423 873781 348550 154969 813615 730330 539777 1067495 1042488 425462 999999999 775787 441045 136540 1077736 620884 250202 823308 208096 123729 825822 1061052 543578 502761 796841 579409 476862 859384 518823 830085 92189 470611 1018737 981483 654708 565857 789317 770151 837148 644644 748474 734881 949704 636791 172341 780341 588353 827655 984026 724027 590273 101472 748634 629633 836905 177956 1126396 807484 733033 469057 518524 471369 773600 1063260 685744 609189
224896 226471 856037 187293 516415 194323 646383 290319 275402 439561 388655 172107 88464 597972 250532 305215 162011 823403 251549 313209 254143 424871 865325 285625 450420 797825 127864 144616 239296 269868 32916 351656 707413 73820 83666 539547 522305 909303 269802 697911 785702 366286 473667 394077 775787 999999999 373084 888745 371934 829513 535936 75380 705484 712177 186967 354112 534861 351007 252460 280700 328670 514910 565791 542102 723403 316092 420103 319826 382305 482480 560722 312270 97870 160536 259572 250960 389273 713531 702919 558027 342034 360078 444735 824427 732554 852399 46049 342752 170651 734926 454246 120091 773766 504456 263520 315919 73027 402235 96180 466681
158444 535417 550971 528676 564834 214363 395524 391325 179294 655358 333690 204290 456664 418590 543318 206894 259946 469636 483727 252111 398663 57874 553171 217809 476276 492665 255046 510468 176559 537382 346043 219901 437696 318818 305346 708963 150378 590917 522074 476124 458160 627008 610681 255678 441045 373084 999999999 570798 637430 521041 256338 437736 334354 418020 386313 620980 498393 70527 500925 138654 233102 470121 264348 458240 370821 72810 581991 540439 247207 473935 436603 336956 412188 219021 309218 295044 515145 439046 335885 428869 164564 399357 554525 558222 433110 533327 335518 207570 399174 465172 685628 375318 527395 180315 193359 71768 398086 622520 276904 493402
672033 1089524 761045 1069562 704937 694449 778118 720423 749731 1226147 882659 749960 977076 869898 1102263 772790 730636 172750 1050963 816185 969315 514296 29056 786470 656259 95153 800019 1033174 745528 1101463 856227 546981 208058 817363 805856 919708 484924 20590 896647 861099 657586 1194427 1176485 516063 136540 888745 570798 999999999 1204372 736921 353031 930522 336246 181078 952184 1187400 581979 634825 881695 709445 574516 995917 653752 966526 226691 593641 1151336 1110197 790297 615089 925404 903427 956240 766527 879706 865741 1082937 764494 303206 916419 722275 961952 1118391 845370 715299 37491 865068 764000 961881 189699 1256184 929740 858969 605541 626590 594573 879380 1193123 802284 660247
541893 149772 936381 208610 881315 539988 710089 660373 464814 99888 413028 458683 310770 609502 122001 455731 522039 1105394 153728 422809 246907 695246 1184614 436577 820562 1120535 412135 279295 460873 106099 401026 703344 1045221 440543 446127 863550 759452 1224782 593836 717889 906295 12075 215311 749924 1077736 371934 637430 1204372 999999999 918165 863075 387332 954811 1039197 252191 17991 906734 581384 583716 500746 685088 436000 703322 487287 1007635 611423 167630 106152 482203 854024 535766 343749 276420 442178 341837 352355 214654 784144 964629 539162 511854 319168 240580 863350 826935 1166933 370299 480000 243809 1073414 93178 283426 800844 682806 610193 610395 428638 79414 425131 836272
664492 891899 30551 918300 1071789 724650 208105 912366 554177 876705 508572 667739 891826 317829 882309 528478 767058 564309 795777 535146 694879 507060 740643 549796 984796 721056 702989 933320 590986 855582 813252 728960 753023 800865 788488 1229273 409154 748262 1034252 225043 81913 906110 765167 752520 620884 829513 521041 736921 918165 999999999 651214 904271 416686 702269 734170 908465 985440 500115 1012863 552650 747816 506811 266825 454341 534795 592954 777615 814371 462624 973680 398816 588363 819425 674626 615317 613776 711262 134411 454465 392678 487480 599399 709652 120435 97315 711688 783841 491424 758299 769163 913603 768292 164847 343114 714274 591701 879097 861096 744314 1000651
323094 741160 681326 718114 456689 341614 593823 391537 429190 894726 589944 404569 624183 648082 755836 461613 377697 318077 711408 507113 638729 212311 329391 470237 380784 262078 452846 680248 415004 758267 503337 198061 184503 464341 452887 653020 256298 373551 565193 680938 572494 853787 861891 177049 250202 535936 256338 353031 863075 651214 999999999 577982 285627 177374 612402 845642 349641 326831 547890 386587 226707 724050 451498 708032 229070 254823 829120 774408 502185 354062 680222 589761 606247 421138 556143 540958 765091 613979 258266 671888 420851 653743 807344 724890 586217 317056 513603 463898 619270 212612 922200 583212 711902 373536 273588 256107 527224 859879 451136 392105
283323 237568 930949 182843 494720 241768 721764 280619 350380 466701 460897 242323 76595 672316 266473 380595 200959 875987 290628 387970 313865 486827 905952 360977 438655 837787 201549 118962 313510 294193 93258 385186 741600 120335 133630 490034 587968 950953 216159 772907 859422 383862 517863 422763 823308 75380 437736 930522 387332 904271 577982 999999999 766415 751362 245459 370350 530320 421347 202198 353935 359255 582705 639928 612322 776552 375979 461997 354529 457501 475699 633105 382238 139896 232351 330957 323407 440450 788840 761490 630708 416863 425775 495555 899802 807412 894910 121428 418130 224918 768424 475965 179484 849023 576816 304982 376040 52464 430404 164281 453357
483097 865397 443904 862266 742074 529245 442343 649667 490947 956929 584520 538598 790421 538414 870566 500122 574382 175487 803148 537483 708661 280629 333975 518484 664267 305940 589392 844614 502183 860278 676959 443480 340438 646124 632790 934122 195493 351337 811934 524863 334911 943652 886982 443082 208096 705484 334354 336246 954811 416686 285627 766415 999999999 287571 709879 939482 634497 376512 792313 458661 470925 679679 323929 644712 118548 390479 871327 852314 494305 639415 599446 623856 745946 553370 613926 602640 799936 429150 37855 590453 444420 673579 826942 516558 382182 305650 669418 480636 725804 354315 990406 707017 525001 291638 480920 390464 722735 927881 609586 676437
500355 918500 730205 895229 544602 518025 694710 540478 596309 1067906 745582 581211 800182 769446 932964 624705 552472 212950 886909 669649 811076 365573 155054 635744 487020 86618 629933 856126 586386 934770 679441 366789 55736 639939 628809 756665 367081 201061 716781 781665 620361 1029733 1028673 335000 123729 712177 418020 181078 1039197 702269 177374 751362 287571 999999999 787825 1021865 423055 486537 701463 554382 393994 871042 557581 848448 175207 428580 998821 948845 654613 448821 813784 754976 783613 597806 725403 710648 932874 697742 249881 805018 578747 816944 972484 795939 657855 148068 690787 621715 795500 66900 1096261 760277 796308 493030 448913 429723 699882 1033616 628417 493072
294524 162312 757115 184673 692087 302724 533346 462574 219627 287021 239698 209936 191038 459589 161778 221130 295698 855510 99085 201075 68406 444187 932498 199705 619030 868639 168234 213193 210042 151195 202116 462544 795551 231375 231344 726514 514600 972592 455891 567107 706299 242295 293163 510519 825822 186967 386313 952184 252191 734170 612402 245459 709879 787825 999999999 235302 693983 333655 439099 251775 447667 342331 489741 377480 757072 359529 243631 163633 272216 645383 406665 154658 109349 193851 118854 121704 203826 606172 717265 405961 275658 183893 259087 705440 637746 914744 158806 252900 25393 823774 311459 67101 648326 452562 369762 358465 259828 250576 194312 636324
524257 132818 927085 192695 864051 522063 700492 642753 449110 109870 402051 441176 293760 601465 104496 440947 504048 1089289 137302 408822 232428 678821 1167537 421553 802962 1103343 394439 263470 444427 88218 383118 685439 1027655 422594 428151 848064 744056 1207823 577787 710229 895283 14551 218133 731988 1061052 354112 620980 1187400 17991 908465 845642 370350 939482 1021865 235302 999999999 888943 565500 567412 484628 667135 430501 690854 481212 991370 594271 167639 94422 469325 836293 528750 331017 258473 424655 327210 337367 209320 774651 948950 531887 497084 309088 239003 855561 816664 1149971 352309 465876 226386 1055843 107787 265566 793306 668872 592301 593256 411227 84187 407184 818715
