NAME : synthetic_000086
TYPE : CTSP-D
DIMENSION : 100
GROUPS : 8
RELAXATION_LEVEL : 1
EDGE_WEIGHT_TYPE : EXPLICIT
EDGE_WEIGHT_FORMAT : FULL_MATRIX
EDGE_WEIGHT_SECTION
999999999 548345 552970 259701 689355 689660 528940 308959 296129 240419 720959 471259 48458 118381 295768 148872 108268 573106 393278 125762 407736 377132 894739 146834 431851 997131 686774 86360 927556 505225 562617 363484 842305 517836 837401 868576 606563 337984 190344 761455 846356 629096 585520 301709 456359 174794 92299 241519 784511 439836 140381 477721 507653 467096 719176 487306 316850 552213 656765 960628 213889 921731 669472 757739 332811 877750 419363 707255 281518 749445 841358 413171 346526 529493 860102 517993 214949 331118 551072 444150 91330 967160 555811 532987 807231 541238 730061 84060 412524 138490 199010 669025 39803 645080 812419 636281 338329 603914 45875 644638
548345 999999999 342299 492957 161182 266050 127061 465007 545496 341853 212582 689903 551895 601903 353834 436430 589454 71734 401149 664265 283727 750480 400945 653963 299263 646517 275194 620395 531223 494615 193528 198614 582177 103085 304455 372565 251360 576602 439598 338017 390826 597897 282600 451803 122647 601027 634445 532945 321303 138128 407972 168678 762097 98043 318828 180698 488549 205069 419520 535748 434091 490335 194471 508017 307640 329583 318027 255014 430643 263146 306659 334846 502904 378075 550218 102633 334304 540370 447702 424256 569678 622941 795738 360833 378878 136446 318827 475045 486994 508871 527718 149903 587977 656296 304585 548772 569512 755408 502472 733891
552970 342299 999999999 344944 337270 212106 454356 289470 710879 479442 535981 427946 583985 535301 257215 526470 527665 414029 181975 676858 153511 556901 417575 696873 567490 444203 617469 585335 381954 186205 157501 395415 301701 426620 436165 399481 587640 370985 561552 678202 721519 260267 610962 285990 400472 497933 643106 674125 303210 250768 448345 185600 500292 377696 661045 169188 301689 141762 109297 423218 571198 390729 533290 215225 225368 549593 578347 247343 289717 306022 443307 590488 701726 51116 308415 240230 388076 338536 113949 681312 517478 414287 520590 32764 291304 207646 223485 520635 234566 598569 412784 314370 587546 321955 616073 206890 363354 450411 516419 411241
259701 492957 344944 999999999 588101 529456 535689 57520 518560 346233 701415 246591 304496 199923 139335 320508 195432 546008 163582 366391 239927 257576 743800 403395 529792 775442 718338 259346 725950 250827 416563 381077 606015 513725 724240 721438 653200 103789 371776 793153 864855 370158 651063 58960 455371 153901 334760 467179 627592 355637 235973 354368 305186 450848 759040 354889 57857 401004 433939 768162 392538 735070 667467 525679 187553 802511 527485 556977 64921 610190 729988 529983 545587 307403 635326 418679 239866 79990 309550 596284 192126 745215 349476 317167 630561 421992 556903 274387 155511 364890 71653 564199 282583 385702 795317 382373 99776 365454 242688 393581
689355 161182 337270 588101 999999999 166158 269589 548246 706640 498519 230109 746276 698544 727548 452231 589513 715939 193757 460982 809915 351747 839298 241604 804755 454819 521347 351868 754675 397517 518892 187425 356520 496528 252812 148435 213346 363422 655024 597005 390393 409536 593750 405178 537485 283646 716244 778683 693188 179059 250868 550592 233793 819892 259196 389704 233837 569340 205054 374474 391583 592924 346456 256600 437635 402536 218613 474622 136826 523199 116184 152077 491829 663552 385389 448759 174730 474883 618548 451181 578594 697945 501599 846469 365917 246847 166255 209005 621777 540597 663775 635923 24401 729140 656884 291505 534026 647397 785702 643824 748477
689660 266050 212106 529456 166158 999999999 392716 479466 773370 545703 395248 639951 709846 700525 410524 621130 690696 325819 376866 815146 294179 761358 214344 822219 558788 380730 509714 740257 269726 397410 127616 418988 331641 369109 227101 192513 508119 573895 641831 554035 575686 448745 544606 472281 375635 674959 781924 749082 98271 271732 561536 215525 712392 348549 549734 203558 496256 137499 217098 284663 643890 241146 415327 271642 364098 351660 575739 37233 466949 95209 234536 591592 743850 263184 288962 203925 488180 539311 318872 683451 676256 356895 732244 244671 123394 164950 53033 636725 442793 697426 589799 151692 728074 512714 456739 385120 566140 657342 646928 610446
528940 127061 454356 535689 269589 392716 999999999 520143 461091 295413 193304 756913 521269 604509 403627 395442 591382 76507 478078 632074 365599 789492 510214 610801 188881 772680 183776 609633 655642 587627 315326 168346 707914 27773 395821 482182 134186 630372 383879 257668 330858 701206 158013 505632 80600 617068 605893 459346 441998 214763 393351 270205 826299 87713 226063 285714 544429 324641 540019 656980 372203 611530 140943 632123 365710 379027 209802 379785 479680 381291 396065 227315 407660 483905 677192 217440 330327 595881 552119 310243 569892 749472 864233 468388 502890 256985 445300 447711 563194 459041 555109 265103 566743 756291 283505 657413 624015 837853 484530 825523
308959 465007 289470 57520 548246 479466 520143 999999999 552138 362442 676342 240399 351615 256973 116595 351634 251991 522692 107512 420330 196652 291103 693552 454613 534646 717955 703881 315243 669562 196805 371132 375175 548740 496492 680427 671916 643319 111721 401267 777536 845489 320782 645400 15006 441118 211151 388093 502639 577210 326897 264081 316125 307026 433319 745704 314463 24292 354887 376633 712513 420379 680108 646726 468190 157801 764939 534665 508376 45168 562916 686442 539000 572812 250554 577822 383426 251491 76017 252307 611381 247369 687730 347307 260935 577249 382159 504578 313056 103740 403536 128961 524045 334725 342155 769374 328343 104820 344748 286884 362150
296129 545496 710879 518560 706640 773370 461091 552138 999999999 232992 640232 754707 250464 414152 483661 200785 404386 531837 601097 303062 558793 673250 944120 249116 284141 1135014 552876 368122 1039688 730480 652807 356237 1012358 466236 847730 915817 470397 613881 153962 616157 705677 862464 431173 540113 423593 470047 299949 54619 852358 502766 288905 566327 798261 447455 570542 582026 568198 649985 820038 1057983 140306 1014038 577647 926008 494568 839644 262892 777125 511767 800894 849149 246946 75109 706766 1010370 570643 327345 597891 750644 213588 386888 1106962 846166 702614 896591 608422 823593 246178 650719 159795 475918 693822 306045 892247 715740 852258 612358 882026 287097 911717
240419 341853 479442 346233 498519 545703 295413 362442 232992 999999999 488711 592801 226831 334866 270099 100029 321739 349741 386632 336774 329051 563753 727742 316792 198449 902423 446443 325324 809294 518097 422435 143298 780363 288679 645296 699823 366191 449812 98639 521037 606186 650257 346667 348277 231136 365561 311339 203523 629367 273973 124183 334895 649724 248268 478831 350149 383225 418586 588294 830090 98187 786848 433821 694191 270347 662486 190277 552618 317799 581948 647889 188948 224952 478570 777388 346405 111805 424444 527338 250116 299567 874233 695056 473006 669078 381526 594637 156598 449519 167598 330623 482318 275875 687414 577732 632442 446006 706741 199420 722549
720959 212582 535981 701415 230109 395248 193304 676342 640232 488711 999999999 902455 714439 791414 563280 588740 778449 156014 613393 825370 495925 958793 424438 803633 356704 743065 139418 800320 615962 701476 378688 357919 726482 203269 286743 400162 189825 788057 575931 161375 185755 796059 237767 662838 265374 798682 799050 644868 400016 349842 583677 377964 974679 259082 168383 387747 700097 394228 593728 599935 563097 556900 63747 665291 518580 213302 378257 366933 640486 338640 283420 395008 579171 577713 678431 308219 516940 752013 647144 460291 757408 725540 1008160 559221 470880 330853 439086 640464 699070 651545 730588 243747 759143 856825 94341 741713 781071 965187 676122 939681
471259 689903 427946 246591 746276 639951 756913 240399 754707 592801 902455 999999999 519634 369350 355754 561907 373415 752637 289973 545852 407046 187058 842547 596683 773209 767447 940553 433611 758688 246581 559277 615554 579783 732276 861365 826078 882496 143533 613803 1013131 1077442 277760 885630 255391 679078 304835 520990 701432 730125 554068 480565 527884 73616 669401 982960 521313 216581 541679 467213 811750 635555 789856 878342 521141 391226 964617 772095 674652 284558 733093 868245 775347 787986 377016 633519 598226 485306 169336 331014 842873 383328 739058 107370 395297 708941 586687 648473 508608 206205 596325 278793 721974 480249 249329 993403 329751 146869 135621 468938 195309
48458 551895 583985 304496 698544 709846 521269 351615 250464 226831 714439 519634 999999999 164039 327541 128110 154920 570753 430835 112451 435285 423344 911080 113503 408833 1027908 671203 120456 954062 546714 582270 360248 877282 512560 846971 884387 589480 385638 159916 744860 831265 672361 565215 343423 452488 222594 84626 196045 802997 452130 149455 495537 556004 465775 701602 506404 360970 573002 689617 984993 182182 945093 660473 792029 360476 879749 394610 725344 321381 764933 850548 386779 304541 563483 892164 530380 225063 377651 588884 409689 139248 998108 604167 565740 829379 556585 752251 76940 455355 96930 246178 679200 58733 690197 804264 677114 385784 652080 67981 691963
118381 601903 535301 199923 727548 700525 604509 256973 414152 334866 791414 369350 164039 999999999 290101 256609 13251 637950 358715 178249 407002 259305 912567 227333 532594 972866 773513 65206 917077 449260 577948 436171 805691 589348 872496 888069 696568 249370 303370 849208 930980 562051 680619 255223 526889 64525 151740 359590 798248 477772 214871 500695 397765 532571 808853 506604 256037 564821 630392 956028 327247 920398 745128 724657 336810 929326 522450 723329 245956 771442 877292 518283 464609 502486 833128 552833 274644 253098 509279 557282 35386 942633 445792 510146 810751 568217 734703 189750 353377 256826 128320 705315 114026 568173 884962 580209 251804 504542 141466 553340
295768 353834 257215 139335 452231 410524 403627 116595 483661 270099 563280 355754 327541 290101 999999999 286246 280541 408495 117773 420024 117041 396679 623214 439975 425860 701408 587335 333126 633855 248725 289521 260774 550484 380181 591880 599186 526977 227026 329716 661121 729919 381126 530079 102009 324523 267132 386249 439595 508410 216316 200712 218869 423455 316999 629114 221660 140886 275632 362076 669615 344805 632549 531509 464841 49723 664673 427889 434142 77251 483972 597278 433918 491765 236452 564838 280589 159779 192257 269389 512094 267122 671467 463005 238200 521295 287169 444919 268152 182030 352078 184278 428684 330737 417353 656919 368672 220522 451397 259707 457456
148872 436430 526470 320508 589513 621130 395442 351634 200785 100029 588740 561907 128110 256609 286246 999999999 244190 448649 402624 236836 372968 503746 812515 218141 283273 962916 543113 235232 877767 530787 494604 239638 827491 388377 737428 785019 461532 419138 51982 616884 703166 662425 438220 339434 329926 299010 212112 153682 709553 352614 88157 406027 610907 345587 573789 419428 368279 488139 635506 903066 74699 861087 533637 740993 303306 760493 270502 631949 310984 665977 740421 264403 226080 516388 832443 429052 138908 400394 555310 301332 222808 933882 658086 514372 743624 460367 667501 67020 449953 76314 285357 571894 180680 691477 677603 654503 416908 685702 115162 712293
108268 589454 527665 195432 715939 690696 591382 251991 404386 321739 778449 373415 154920 13251 280541 244190 999999999 625106 352271 177096 397555 268866 902384 223829 519549 966370 760269 65098 909214 445703 567646 423039 800377 576302 861150 877753 683319 250177 291369 835961 917756 560252 667413 249530 513842 69351 148996 349780 788290 465930 201622 489758 403964 519658 795602 495918 252248 554696 623780 947664 315256 911729 732027 718874 326738 917117 509499 713138 238906 760874 865898 505432 453768 495702 826806 541257 261613 251978 504125 545100 22184 936144 452073 502960 801599 557125 725393 177452 349918 246369 124266 693798 107539 567862 871958 576945 252219 508234 129139 555471
573106 71734 414029 546008 193757 325819 76507 522692 531837 349741 156014 752637 570753 637950 408495 448649 625106 999999999 465942 682890 349174 803178 433838 666446 264823 703287 203502 649999 584028 564032 264320 210525 648817 65602 320078 405854 183413 634362 443436 267581 324940 669170 218824 508909 118723 643314 654893 526449 368418 198632 433880 238368 824077 106183 247180 251266 546654 276402 490116 583125 434208 537734 126181 576564 364970 313531 285480 309582 485746 306924 320574 302950 481298 449424 613518 174159 364418 598608 518974 386739 604387 680988 859168 432333 431282 207871 377514 495066 551975 516715 574592 190776 612041 727185 250337 620451 627512 822785 527644 803379
393278 401149 181975 163582 460982 376866 478078 107512 601097 386632 613393 289973 430835 358715 117773 402624 352271 465942 999999999 512240 117468 385238 589972 540036 530412 614161 659815 413059 562377 131468 276935 357872 450444 451978 585673 569248 608795 197832 447136 730300 790737 263694 618675 104884 404365 317299 478987 556261 473742 267775 315744 237931 363038 390619 703056 231826 120612 259791 271701 605011 462524 572666 592102 367398 123804 679519 534769 407536 114155 463670 592060 542395 609313 144155 474536 308254 277298 162618 158052 624226 344589 583929 394864 153603 470762 298135 399098 378869 86032 465770 233046 436581 423937 302691 703739 251966 190070 359786 363199 353013
125762 664265 676858 366391 809915 815146 632074 420330 303062 336774 825370 545852 112451 178249 420024 236836 177096 682890 512240 999999999 533137 414480 1019240 60001 509536 1120672 777155 113054 1052897 616830 687950 472455 962607 624137 958286 992866 694524 427200 258913 849767 937181 735304 667447 415233 564468 242210 33779 254664 909654 562138 259478 602506 568589 578109 805797 612462 424202 677753 779284 1086321 278174 1047487 770468 878866 458288 992197 493528 832262 398581 873559 961980 483783 370629 651415 982915 640439 335333 428465 668775 492899 174982 1090618 615976 655844 932967 665164 855793 189220 521883 184452 297852 790242 89313 744701 914439 748453 429313 681397 168521 731546
407736 283727 153511 239927 351747 294179 365599 196652 558793 329051 495925 407046 435285 407002 117041 372968 397555 349174 117468 533137 999999999 487579 507680 548722 439892 593776 545364 449735 519820 223550 176744 264166 454925 338819 484637 484227 498256 303802 408440 614741 673693 345496 511839 186431 295637 381104 499405 521002 392309 152142 295846 121977 479814 279176 588873 118311 217601 161549 262665 553826 418736 516123 475349 368399 74977 569055 447534 319154 175544 370916 490502 457607 553206 149967 460487 191749 234603 267218 205369 545218 384101 564226 512292 144010 404302 185971 327878 369151 203271 445355 296353 327497 444210 395549 586397 313813 296248 474157 368596 460035
377132 750480 556901 257576 839298 761358 789492 291103 673250 563753 958793 187058 423344 259305 396679 503746 268866 803178 385238 414480 487579 999999999 973016 472011 759987 939189 970411 312755 917240 397673 660168 628945 753916 768646 969705 953248 901467 187511 553946 1045854 1119915 458681 894566 302370 708896 205413 397346 618646 857252 612939 440006 607082 171490 706244 1009973 605557 270119 643455 619302 966854 577645 940214 923596 687982 443961 1055994 753675 792655 320322 848905 975904 752668 721281 509354 801747 673645 473655 222776 480530 803693 286974 909980 213625 524815 847777 673258 779905 439695 322883 514923 237614 815069 371321 435698 1052783 503761 195274 307517 392572 378221
894739 400945 417575 743800 241604 214344 510214 693552 944120 727742 424438 842547 911080 912567 623214 812515 902384 433838 589972 1019240 507680 973016 999999999 1021592 696397 345343 562203 949850 219204 596351 334837 589564 406081 494321 140303 28381 591562 785908 826194 580149 568169 621706 636448 686552 523498 888764 986546 927287 116344 460584 761655 417082 913443 498125 592736 408343 709924 347758 386291 184884 824568 149052 471010 388501 575763 269678 716227 189246 681214 146589 145359 733429 903787 467295 336171 383468 686423 751902 513123 819951 887186 336431 928912 450224 140603 354515 194353 835937 651883 888388 803794 251100 933834 684190 443731 555245 778181 843794 850754 787272
146834 653963 696873 403395 804755 822219 610801 454613 249116 316792 803633 596683 113503 227333 439975 218141 223829 666446 540036 60001 548722 472011 1021592 999999999 475059 1140965 746575 163695 1067557 651278 694603 457775 988518 605329 953078 994641 663191 472646 228742 817617 906019 773549 633199 447934 547755 291851 76038 204002 914641 561449 260744 607365 622851 563728 772977 618669 461092 685692 801904 1098283 244771 1058210 746582 903649 473867 978620 457669 836902 428301 875171 956341 446502 319457 675183 1004810 639409 335268 470567 697886 447079 217282 1111116 670551 678016 942254 667171 865174 185798 557777 152501 338184 786219 121155 786644 890505 782569 474094 731822 180477 778954
431851 299263 567490 529792 454819 558788 188881 534646 284141 198449 356704 773209 408833 532594 425860 283273 519549 264823 530412 509536 439892 759987 696397 475059 999999999 938310 273917 518114 827613 657296 458291 175726 850701 202130 584683 668161 190215 633114 250873 342957 431895 784373 158197 519725 183252 563817 489833 294205 620514 318788 322251 387495 834881 210316 298051 404891 557632 462235 667897 834632 231508 789277 293743 768858 406621 560453 21649 552333 489643 562182 584945 38952 222966 583315 830658 360667 290630 603979 644547 125105 497422 913108 878421 572057 676331 402824 611752 348330 606544 325379 524210 447387 463696 830842 431881 753184 628368 876935 394362 881686
997131 646517 444203 775442 521347 380730 772680 717955 1135014 902423 743065 767447 1027908 972866 701408 962916 966370 703287 614161 1120672 593776 939189 345343 1140965 938310 999999999 872447 1026336 128588 545563 485770 789283 188367 749599 478735 360111 882459 771817 992728 904076 904428 492889 921577 718085 755084 928920 1086957 1104181 343715 635689 889332 569445 824828 728052 908701 553320 723962 486338 342632 164789 998978 196344 777318 253001 667936 614352 954620 393705 727619 406268 485081 970057 1113535 470863 140303 578908 824153 747268 469638 1062411 957985 30236 822147 465041 274506 537280 327773 962926 634691 1037188 846382 516452 1031393 538816 779267 437766 765181 713253 960488 638293
686774 275194 617469 718338 351868 509714 183776 703881 552876 446443 139418 940553 671203 773513 587335 543113 760269 203502 659815 777155 545364 970411 562203 746575 273917 872447 999999999 771005 746948 764591 465997 342560 840131 208405 425689 537233 83726 813931 518988 75913 160090 872318 122772 689344 263194 791912 754719 567587 528833 393245 558932 440452 1010064 271152 43822 454050 728171 478902 690611 734519 501819 690697 95268 772392 549327 346412 293491 486040 663187 466179 422569 307739 484702 652712 797998 377645 503533 779570 722163 353392 738302 853296 1047842 635755 598245 410695 557798 603041 745388 594998 734409 360074 722203 929793 174425 823953 807627 1019200 644743 1003645
86360 620395 585335 259346 754675 740257 609633 315243 368122 325324 800320 433611 120456 65206 333126 235232 65098 649999 413059 113054 449735 312755 949850 163695 518114 1026336 771005 999999999 965768 510040 615227 442430 862576 597073 901561 924556 691432 314428 275681 845991 930224 625322 671278 311887 534996 129270 87672 314327 837053 503811 216644 534077 459321 543826 804088 541695 316589 603212 683747 1002618 298948 965669 750518 780351 376731 949805 505720 760890 299005 806499 905948 499500 424764 555483 887209 580901 286547 317043 566750 528543 68471 996139 507115 561813 853856 600157 777137 169919 414381 217372 188771 733328 62322 632764 892653 641437 316725 569011 126266 618500
927556 531223 381954 725950 397517 269726 655642 669562 1039688 809294 615962 758688 954062 917077 633855 877767 909214 584028 562377 1052897 519820 917240 219204 1067557 827613 128588 746948 965768 999999999 519842 386991 687515 219746 633835 350351 232268 760464 739101 903128 776661 775891 498874 800940 667131 644774 879472 1019147 1012672 218571 536953 810068 474500 822763 617703 782405 459722 679513 390949 298510 59083 907139 71307 652080 242413 594762 486819 844938 276217 671668 281504 356781 860950 1012709 419291 145962 473163 740640 710375 436806 952518 898374 117239 827594 408783 152797 433019 217464 884997 599189 953434 794570 394637 963854 554289 650723 435676 731892 726791 888016 658336
505225 494615 186205 250827 518892 397410 587627 196805 730480 518097 701476 246581 546714 449260 248725 530787 445703 564032 131468 616830 223550 397673 596351 651278 657296 545563 764591 510040 519842 999999999 332789 482718 365448 560445 622359 580478 721022 226636 576670 831561 884433 132409 735382 203531 519143 396261 584780 684396 484894 372901 443033 325958 317100 502090 808347 314416 193470 315414 223158 570481 592762 546023 689045 292685 252727 734114 662797 433188 225984 491915 629509 671156 740490 135387 406351 393914 408487 204855 84850 754447 442945 515833 334863 154703 462378 371852 402634 501815 95895 590718 321437 495234 531530 173558 787037 131623 220236 267012 480609 239348
562617 193528 157501 416563 187425 127616 315326 371132 652807 422435 378688 559277 582270 577948 289521 494604 567646 264320 276935 687950 176744 660168 334837 694603 458291 485770 465997 615227 386991 332789 999999999 303514 395062 288472 309558 310122 444472 473716 517140 523642 564353 417768 473251 361966 277556 556360 654822 625915 222135 150445 433923 88589 632876 251453 509096 75947 390524 17632 225994 408737 520421 366487 378719 317100 241323 405370 473033 145681 352286 194572 315737 487673 628096 201777 372438 99550 360728 437683 270120 580366 552349 459005 659056 182642 249069 58373 172990 509122 354123 570824 472302 163325 601235 479254 458773 363133 465993 599798 519604 566197
363484 198614 395415 381077 356520 418988 168346 375175 356237 143298 357919 615554 360248 436171 260774 239638 423039 210525 357872 472455 264166 628945 589564 457775 175726 789283 342560 442430 687515 482718 303514 999999999 686110 154652 502513 561394 272781 480898 241044 418391 496734 608888 270566 360197 92875 450158 444370 337792 496124 154355 225802 222833 681371 106005 381241 239955 399131 303732 498965 703029 236411 658721 309114 602253 234820 520935 184060 421133 331559 445191 504961 195334 325219 408506 672698 215234 162306 448621 468938 285929 401548 762423 722451 397946 541688 254513 470262 284582 437112 310652 392169 341332 402088 656242 450325 577564 475241 710845 318378 710647
842305 582177 301701 606015 496528 331641 707914 548740 1012358 780363 726482 579783 877282 805691 550484 827491 800377 648817 450444 962607 454925 753916 406081 988518 850701 188367 840131 862576 219746 365448 395062 686110 999999999 681793 509378 407970 832181 591875 863235 885673 904646 304528 864762 550889 672180 757434 929270 975809 346688 533317 747494 464213 636496 646353 880767 446863 551733 389116 192409 278752 872838 280507 746343 86527 524737 649200 864122 359949 564451 397847 516903 877824 1001012 314032 74151 494601 689493 569858 296465 970190 794169 161224 633989 313646 280020 452949 288328 818056 458256 898607 677644 483293 874062 351368 783048 250640 585600 525995 809303 452338
517836 103085 426620 513725 252812 369109 27773 496492 466236 288679 203269 732276 512560 589348 380181 388377 576302 65602 451978 624137 338819 768646 494321 605329 202130 749599 208405 597073 633835 560445 288472 154652 681793 999999999 384537 466113 161883 607165 380412 281112 351306 673565 185288 482099 62460 599542 597060 461240 421910 187544 380434 242436 802069 63183 251276 257943 520754 297471 512761 636835 370296 591376 156640 605460 341090 377565 222234 357654 456668 362089 385285 239577 416156 456154 652140 190165 314708 572377 524410 325830 555055 726003 839531 440618 481268 230101 421908 437878 537322 454552 535503 246361 556185 728801 295891 629646 600701 811671 472901 798570
837401 304455 436165 724240 148435 227101 395821 680427 847730 645296 286743 861365 846971 872496 591880 737428 861150 320078 585673 958286 484637 969705 140303 953078 584683 478735 425689 901561 350351 622359 309558 502513 509378 384537 999999999 119684 461559 783043 743507 440337 428491 674807 507911 670875 424422 858172 926974 837136 164523 398072 698907 373484 934486 401725 454429 370337 700057 326266 439892 323181 738492 283789 337141 472438 542274 140233 605484 190191 659481 132006 7733 622973 800510 487138 446429 320663 623148 747128 545523 705038 843662 466426 956521 468053 229540 305204 240319 770211 659416 811310 776158 168431 877166 738761 303737 610303 775305 884205 791952 837346
868576 372565 399481 721438 213346 192513 482182 671916 915817 699823 400162 826078 884387 888069 599186 785019 877753 405854 569248 992866 484227 953248 28381 994641 668161 360111 537233 924556 232268 580478 310122 561394 407970 466113 119684 999999999 564956 765904 798313 557164 548092 611225 609569 664564 495117 865293 960265 899147 96298 433396 734937 391151 897480 469750 568545 382869 688766 323555 374653 203548 796544 164384 445365 384381 551376 254571 687957 165109 658447 119478 125561 705148 875407 449742 340142 356036 659582 731552 498049 791800 862303 349160 914135 432228 133751 327824 177886 809067 633117 860822 780549 222720 907760 674218 423208 544936 758159 831279 824431 776598
606563 251360 587640 653200 363422 508119 134186 643319 470397 366191 189825 882496 589480 696568 526977 461532 683319 183413 608795 694524 498256 901467 591562 663191 190215 882459 83726 691432 760464 721022 444472 272781 832181 161883 461559 564956 999999999 751523 436003 155393 242884 835380 47969 628514 204624 717950 672614 484070 542363 348488 481698 404197 950343 219080 112658 419494 667554 455088 670326 754426 418495 709520 128171 759226 492769 403092 209929 489590 601068 479578 459687 224446 403411 617994 796508 348857 430299 718190 686292 275597 661232 861153 989834 602334 608574 386641 559112 522603 693093 511864 664264 366134 641345 890278 248785 791402 745562 968341 565308 958267
337984 576602 370985 103789 655024 573895 630372 111721 613881 449812 788057 143533 385638 249370 227026 419138 250177 634362 197832 427200 303802 187511 785908 472646 633114 771817 813931 314428 739101 226636 473716 480898 591875 607165 783043 765904 751523 999999999 470931 887984 956815 320025 751432 125493 550813 187411 398889 561197 669998 438524 337089 425059 201805 543987 855398 422106 88061 456819 440694 786530 492452 757887 758191 518817 269520 872785 631102 605149 150763 661480 789338 633733 645130 324802 632167 493409 343575 36625 303961 699755 255416 741972 245701 339350 662275 489718 593267 367784 139938 456803 139924 630686 352553 319877 881040 349151 7764 268420 330424 306968
190344 439598 561552 371776 597005 641831 383879 401267 153962 98639 575931 613803 159916 303370 329716 51982 291369 443436 447136 258913 408440 553946 826194 228742 250873 992728 518988 275681 903128 576670 517140 241044 863235 380412 743507 798313 436003 470931 999999999 591079 678841 708764 408578 388700 325773 348756 239098 112575 726948 370479 137207 428876 662862 344648 546960 443409 418561 512215 670848 925665 23889 882826 518159 776727 341988 756933 235589 649919 359733 680251 745997 227098 174203 554899 864752 444225 174696 451732 597180 254186 270549 964094 710060 551595 765058 478430 689939 114537 498129 76289 337322 580934 217116 739566 661976 698349 468619 737146 162560 762678
761455 338017 678202 793153 390393 554035 257668 777536 616157 521037 161375 1013131 744860 849208 661121 616884 835961 267581 730300 849767 614741 1045854 580149 817617 342957 904076 75913 845991 776661 831561 523642 418391 885673 281112 440337 557164 155393 887984 591079 999999999 89572 935653 186060 763095 337784 867825 828000 634309 561321 462749 634534 505937 1083140 344245 45615 518602 801808 537654 745293 758860 573171 716446 144979 821945 622084 339956 361471 527062 737326 500014 436044 374572 545693 715810 839134 440459 579446 853368 785506 410148 813971 886806 1120304 698280 632244 470558 599289 677587 816147 666757 810086 402394 796520 994307 151019 885091 881591 1088897 719760 1070896
846356 390826 721519 864855 409536 575686 330858 845489 705677 606186 185755 1077442 831265 930980 729919 703166 917756 324940 790737 937181 673693 1119915 568169 906019 431895 904428 160090 930224 775891 884433 564353 496734 904646 351306 428491 548092 242884 956815 678841 89572 999999999 981431 275546 831381 411372 946871 914809 723798 567574 523562 716961 559095 1148638 414014 135173 570034 869631 579759 778649 751639 661365 711527 199123 847112 688345 308276 450671 544991 806877 509495 422974 463966 635011 762632 852508 490521 658881 921506 832198 498909 895909 889722 1184071 744304 638995 515563 616319 762756 876757 754743 885967 425781 882036 1041885 125175 927435 950159 1146233 803969 1123287
629096 597897 260267 370158 593750 448745 701206 320782 862464 650257 796059 277760 672361 562051 381126 662425 560252 669170 263694 735304 345496 458681 621706 773549 784373 492889 872318 625322 498874 132409 417768 608888 304528 673565 674807 611225 835380 320025 708764 935653 981431 999999999 853393 329683 637548 504016 704321 815889 520984 487730 574471 432411 332005 618318 916110 418322 312484 401883 237051 555394 725055 540715 791157 256470 383192 799190 790894 485978 354668 543016 682380 799925 872888 219848 363794 495290 540874 309271 150200 884613 560328 465351 330673 237520 481392 466270 438246 631267 217084 720856 437457 571754 652707 63974 876193 66499 315524 228173 607516 165578
585520 282600 610962 651063 405178 544606 158013 645400 431173 346667 237767 885630 565215 680619 530079 438220 667413 218824 618675 667447 511839 894566 636448 633199 158197 921577 122772 671278 800940 735382 473251 270566 864762 185288 507911 609569 47969 751432 408578 186060 275546 853393 999999999 630452 216299 705942 647115 448257 583540 365788 466443 425785 951893 235221 140660 441840 669449 482651 698012 796733 389620 751633 176062 789809 499379 451049 175857 527979 602045 521022 506225 188563 362184 638381 831770 375416 421072 719159 705603 230919 645236 899601 992696 623568 648535 414941 596332 501495 701518 483476 656953 406314 618868 906529 293907 812136 745801 976752 545899 970528
301709 451803 285990 58960 537485 472281 505632 15006 540113 348277 662838 255391 343423 255223 102009 339434 249530 508909 104884 415233 186431 302370 686552 447934 519725 718085 689344 311887 667131 203531 361966 360197 550889 482099 670875 664564 628514 125493 388700 763095 831381 329683 630452 999999999 426489 212421 382663 491032 570251 313676 251621 304746 321851 418919 731100 303650 39050 345959 376042 709205 407526 676140 632709 469446 144277 753691 519822 500558 30550 554564 676806 524235 559723 248960 578151 371451 237122 90278 254862 596966 243633 687850 362269 258361 571995 371270 498673 302510 112814 392770 128378 513350 328734 353059 756012 334640 118777 359277 277927 375526
456359 122647 400472 455371 283646 375635 80600 441118 423593 231136 265374 679078 452488 526889 324523 329926 513842 118723 404365 564468 295637 708896 523498 547755 183252 755084 263194 534996 644774 519143 277556 92875 672180 62460 424422 495117 204624 550813 325773 337784 411372 637548 216299 426489 999999999 537515 536796 413326 440439 150999 318361 215212 747797 27086 304629 232150 465409 283132 494495 653353 317690 608149 218766 592277 288473 431484 200166 370260 400053 384141 426071 216240 380294 424356 649013 178628 252250 516630 490580 307823 492599 729982 786447 410416 494048 220824 428565 377188 488481 398371 474624 272399 494944 690264 358290 597906 544560 763761 411227 754963
174794 601027 497933 153901 716244 674959 617068 211151 470047 365561 798682 304835 222594 64525 267132 299010 69351 643314 317299 242210 381104 205413 888764 291851 563817 928920 791912 129270 879472 396261 556360 450158 757434 599542 858172 865293 717950 187411 348756 867825 946871 504016 705942 212421 537515 999999999 216249 415457 773200 470506 241569 484689 334673 539995 829138 488498 205738 542039 587778 920936 372517 887046 756175 678341 316311 923982 555691 700192 209794 750917 863396 553279 516093 461273 788709 542186 288381 194949 461355 599883 83464 898706 382799 470750 780486 552991 705653 234363 300707 310764 85667 693203 176889 507191 892888 525865 190481 440020 187164 489422
92299 634445 643106 334760 778683 781924 605893 388093 299949 311339 799050 520990 84626 151740 386249 212112 148996 654893 478987 33779 499405 397346 986546 76038 489833 1086957 754719 87672 1019147 584780 654822 444370 929270 597060 926974 960265 672614 398889 239098 828000 914809 704321 647115 382663 536796 216249 999999999 248837 876641 530232 228098 569654 546838 549641 784438 579429 392616 644492 745653 1052671 259766 1013912 745066 845408 424574 962986 474672 799317 365496 841025 930759 465804 363884 617835 949265 608509 303827 398632 635764 480692 144590 1056909 594563 622170 899511 632685 822345 159955 490124 167564 267142 758781 55566 715008 888877 716386 400671 656263 135863 704463
241519 532945 674125 467179 693188 749082 459346 502639 54619 203523 644868 701432 196045 359590 439595 153682 349780 526449 556261 254664 521002 618646 927287 204002 294205 1104181 567587 314327 1012672 684396 625915 337792 975809 461240 837136 899147 484070 561197 112575 634309 723798 815889 448257 491032 413326 415457 248837 999999999 831549 477368 241420 538183 744197 435413 588839 553203 517928 621814 783422 1033560 105539 990222 583608 889302 454049 838101 274142 755229 463278 782445 839036 260004 115983 667137 976950 548609 286979 546118 708201 245102 332275 1075694 792149 664052 872472 584634 798154 193480 602502 105558 422675 678828 252115 843868 724639 808080 559865 829537 233123 860700
784511 321303 303210 627592 179059 98271 441998 577210 852358 629367 400016 730125 802997 798248 508410 709553 788290 368418 473742 909654 392309 857252 116344 914641 620514 343715 528833 837053 218571 484894 222135 496124 346688 421910 164523 96298 542363 669998 726948 561321 567574 520984 583540 570251 440439 773200 876641 831549 999999999 357149 653974 307466 801725 413812 565007 297212 593608 233866 283954 214995 727242 169538 433797 308084 461561 303097 639034 77776 565200 62937 172210 655676 817570 353554 287324 283011 579573 635823 403067 745548 773560 325539 819050 335963 71449 249199 83323 728859 536844 785809 688064 177735 823250 584516 443358 455176 662261 738183 741184 685723
439836 138128 250768 355637 250868 271732 214763 326897 502766 273973 349842 554068 452130 477772 216316 352614 465930 198632 267775 562138 152142 612939 460584 561449 318788 635689 393245 503811 536953 372901 150445 154355 533317 187544 398072 433396 348488 438524 370479 462749 523562 487730 365788 313676 150999 470506 530232 477368 357149 999999999 302873 69104 625700 130601 436790 86466 350486 149544 349118 556211 372160 512878 324611 450496 169551 453481 331224 279749 292793 314010 402295 344604 477865 273362 518375 78302 227082 402344 339899 436880 447535 608559 660539 259501 395114 108054 321044 376186 353763 428794 393866 229668 479527 541853 442530 446960 431461 626226 394661 611162
140381 407972 448345 235973 550592 561536 393351 264081 288905 124183 583677 480565 149455 214871 200712 88157 201622 433880 315744 259478 295846 440006 761655 260744 322251 889332 558932 216644 810068 443033 433923 225802 747494 380434 698907 734937 481698 337089 137207 634534 716961 574471 466443 251621 318361 241569 228098 241420 653974 302873 999999999 346629 533269 327714 594001 357979 281431 425278 556518 838953 156930 798339 534292 661217 223086 737373 314459 576261 222935 615480 702669 312789 309948 434458 756254 381164 75863 315929 470076 367106 179544 859891 579665 433848 681968 407148 604990 75285 361814 151613 209646 530785 180013 603341 676091 567705 334243 601336 94516 625535
477721 168678 185600 354368 233793 215525 270205 316125 566327 334895 377964 527884 495537 500695 218869 406027 489758 238368 237931 602506 121977 607082 417082 607365 387495 569445 440452 534077 474500 325958 88589 222833 464213 242436 373484 391151 404197 425059 428876 505937 559095 432411 425785 304746 215212 484689 569654 538183 307466 69104 346629 999999999 600961 192104 484274 17400 338036 83711 280723 497281 432646 455073 363087 381497 169152 448950 400212 229865 289495 272524 378726 413682 544533 213860 450036 70421 272753 388435 282597 505982 473239 541899 632255 198184 337608 68347 261563 421659 322563 482260 403024 210024 516760 489347 466748 387217 417575 587441 433986 565268
507653 762097 500292 305186 819892 712392 826299 307026 798261 649724 974679 73616 556004 397765 423455 610907 403964 824077 363038 568589 479814 171490 913443 622851 834881 824828 1010064 459321 822763 317100 632876 681371 636496 802069 934486 897480 950343 201805 662862 1083140 1148638 332005 951893 321851 747797 334673 546838 744197 801725 625700 533269 600961 999999999 739026 1052185 594616 282803 615274 535011 876898 685366 856584 949516 582816 461091 1038224 832664 747329 349854 805854 941399 835000 836326 449249 693696 671243 545011 232757 400737 898981 417061 797095 48165 467740 778711 660158 719687 553765 279733 638640 325559 795590 511425 293204 1065960 389319 206804 139979 511164 216551
467096 98043 377696 450848 259196 348549 87713 433319 447455 248268 259082 669401 465775 532571 316999 345587 519658 106183 390619 578109 279176 706244 498125 563728 210316 728052 271152 543826 617703 502090 251453 106005 646353 63183 401725 469750 219080 543987 344648 344245 414014 618318 235221 418919 27086 539995 549641 435413 413812 130601 327714 192104 739026 999999999 313696 208744 457584 257529 469987 626480 337851 581304 217637 566934 278175 414933 227243 343307 393514 357938 403646 243282 405803 403353 622453 152222 258516 509197 470386 334908 498778 702997 776694 388863 467048 194361 401480 389700 475585 415866 474081 247088 506132 672096 353063 577092 537519 750402 421569 739195
719176 318828 661045 759040 389704 549734 226063 745704 570542 478831 168383 982960 701602 808853 629114 573789 795602 247180 703056 805797 588873 1009973 592736 772977 298051 908701 43822 804088 782405 808347 509096 381241 880767 251276 454429 568545 112658 855398 546960 45615 135173 916110 140660 731100 304629 829138 784438 588839 565007 436790 594001 484274 1052185 313696 999999999 497858 769996 522181 733307 767919 528746 724595 134434 814021 591771 364737 316314 525023 704636 502708 450781 329222 500141 696480 837344 421339 540978 821257 765948 364888 773543 890197 1090288 679487 635066 454088 597034 635195 788533 622447 773409 399182 753821 973615 181540 867601 849172 1062565 677966 1047365
487306 180698 169188 354889 233837 203558 285714 314463 582026 350149 387747 521313 506404 506604 221660 419428 495918 251266 231826 612462 118311 605557 408343 618669 404891 553320 454050 541695 459722 314416 75947 239955 446863 257943 370337 382869 419494 422106 443409 518602 570034 418322 441840 303650 232150 488498 579429 553203 297212 86466 357979 17400 594616 208744 497858 999999999 335788 68850 263392 483638 447672 441840 375111 364098 172205 450758 417609 220011 289976 265064 375835 431063 561061 199107 433127 79590 284872 385527 268257 523344 479903 525630 624944 182931 324683 67712 248179 433175 315403 495550 405898 209708 526102 475928 475368 372006 414544 577479 444024 553486
