NAME : synthetic_000807
TYPE : CTSP-D
DIMENSION : 100
GROUPS : 8
RELAXATION_LEVEL : 1
EDGE_WEIGHT_TYPE : EXPLICIT
EDGE_WEIGHT_FORMAT : FULL_MATRIX
EDGE_WEIGHT_SECTION
999999999 538080 563046 459396 297335 788370 529388 752907 465434 630322 642070 885182 200377 549738 645595 475668 592393 989604 133606 426275 588665 792426 350990 604472 804748 765063 934821 834209 201061 237016 131776 506020 717608 485035 433731 133413 102368 648457 633875 887698 167450 973317 333578 847827 415512 945652 283494 138046 572610 321301 778829 668790 202324 946374 235767 208678 447130 812577 871915 640070 652815 1073418 334423 790112 339629 818708 658646 615970 668237 190315 198916 507556 721243 476692 638063 919327 525408 780689 790883 491892 663372 798143 918937 405670 456198 253597 567489 549309 947339 364958 773355 597084 682803 952792 863659 298445 847564 647758 88491 668586
538080 999999999 179268 752126 296054 329817 244797 473871 710709 321411 288821 652491 551645 584428 287957 265623 96865 761709 404871 200552 657783 391458 487724 562920 523733 234936 566830 376813 483493 382263 601927 823927 182939 494995 252372 442629 487147 537116 224281 359870 379542 628269 746678 566978 329927 685580 323884 405656 907854 486484 543792 164866 648162 555945 529852 359887 369802 541482 352038 125285 637722 874207 229719 335426 225221 646187 785210 670870 202944 349611 434922 446586 673420 148848 766991 660978 737442 380318 328762 742743 150169 678172 385771 237976 621014 615928 685844 323231 409289 572760 295171 73825 192637 560931 367496 306228 500452 475459 455870 223790
563046 179268 999999999 869419 402866 484375 82739 652727 836320 500672 467506 831382 635082 741357 466436 132247 108854 940099 442449 351395 813406 559368 394020 729516 701957 339320 734064 527878 444380 349738 657904 938688 285822 649250 407835 440615 484907 710351 400788 451434 395901 797755 831462 744642 480059 863042 429962 453130 1021455 606771 723050 142674 716221 718730 624893 436157 240945 719944 457890 277601 804238 1052990 230790 491093 333388 825039 937169 829285 368677 398732 404744 608295 844704 90995 917862 838793 871590 548969 481861 869010 151157 855178 461453 164820 757134 705090 834806 497575 448143 695168 443733 146084 138977 723179 496549 415914 673256 651783 496813 393545
459396 752126 869419 999999999 467093 830206 873934 647837 62303 617462 657187 689872 269843 296096 662099 837347 842258 761759 486723 555256 269583 777612 798289 379569 679337 907079 844897 861150 652932 651219 334218 72472 880763 323753 513039 563931 552483 456361 698216 1003039 547498 852043 177085 706278 437589 756074 439629 464208 156166 265921 624651 916403 271972 875012 257221 444082 853027 675557 972770 790861 371472 804748 661660 827462 538292 595478 252646 292451 760937 500748 635174 388903 433207 780448 237702 735606 106610 769641 835606 55228 902293 538754 1045605 757063 164956 206217 214727 532616 1108661 179688 840465 825912 942233 881231 929019 454458 764535 509517 448897 743513
297335 296054 402866 467093 999999999 493553 414911 469700 433678 335834 344957 620471 257027 374937 348406 387535 379434 730519 179186 132422 439901 495246 449197 393874 523612 494739 642025 538524 354495 285400 321267 537156 454633 284568 137395 267224 297512 410250 338564 611396 201905 684683 450749 568573 142208 675442 28094 163702 620497 204129 507988 455924 357996 651241 233823 88659 433137 534107 590803 368272 461522 826737 215139 494836 72203 570462 552992 461139 378884 131417 308994 271645 519342 315167 532525 648632 471394 483467 496450 466390 443802 569102 647252 309354 359540 319928 448947 261056 690242 292466 481923 368056 479578 657596 573887 13804 555815 386013 209318 375736
788370 329817 484375 830206 493553 999999999 562599 266950 773303 213394 173523 418518 724209 567120 168653 592704 375715 509504 660332 362248 632738 101541 813652 503690 291822 184944 257657 48176 788067 690564 808374 900335 217781 509083 365163 726726 767013 439272 155002 199952 657523 324447 892204 320124 417182 425650 512546 650910 979424 601213 342874 377988 831932 236336 686271 581246 699127 311216 162266 208769 564707 623844 541313 7944 450718 457808 757265 632063 130682 604024 737840 443455 565275 477866 745226 407023 773414 97943 6574 799598 359196 518050 244861 566986 668349 769231 681761 298315 331512 664759 44818 338325 406359 240292 100450 495224 219760 363779 699892 121380
529388 244797 82739 873934 414911 562599 999999999 716548 846064 561771 532338 894765 626152 772986 531766 60068 189393 1004899 419528 389094 843250 633559 320187 769395 767397 421873 808858 607026 388464 301627 635385 940971 368116 680158 445589 400254 442452 757444 469075 534018 366285 871488 819324 811111 511960 929768 440059 434133 1022264 617640 784157 223560 698013 795283 622005 431513 161070 784803 540618 354293 843384 1116529 214210 569087 351326 881995 963136 861168 442981 383844 354253 645468 888539 110630 943182 904916 886093 622788 560397 878737 233355 907167 543262 124840 774331 697361 859533 548271 526279 705274 522965 225091 215481 799924 578437 428589 744825 703656 472727 466334
752907 473871 652727 647837 469700 266950 716548 999999999 586182 156518 185247 178655 625911 355663 186497 727024 555269 288417 647895 375104 407365 171648 890254 276718 54778 435621 199467 270397 819822 737831 728263 711230 449730 332954 338229 736499 766995 200646 254705 466223 669456 223005 752500 100684 337525 216552 475043 629983 782250 479085 77803 587414 729261 227228 580724 552468 817712 69273 428067 395048 321259 400337 613750 260085 465450 192851 519973 399219 304950 600776 771772 275855 307107 611257 511667 190506 569444 171050 273501 606218 567340 251133 510699 675219 483829 648867 463033 208958 598433 512717 303300 518093 619032 233489 358271 463836 116713 138324 669775 275728
465434 710709 836320 62303 433678 773303 846064 586182 999999999 560096 600885 628088 267404 233804 605803 812754 802840 701434 475300 511575 209341 718242 793169 317266 617200 856307 782900 803145 651559 640178 348115 127334 832108 264967 466330 559072 552583 394084 644581 949284 535180 789749 220968 643983 389331 694357 407130 451592 206812 229573 562362 875515 293420 813282 244565 421619 836087 613313 918270 742526 310631 747210 636562 770326 503176 534093 210087 233291 708341 482336 629334 330509 373734 748801 192484 673701 62616 710512 778819 32719 860675 478601 992314 732583 105255 214376 156433 476842 1057519 141214 785011 784506 902289 819480 872621 420475 702894 447898 443008 689876
630322 321411 500672 617462 335834 213394 561771 156518 560096 999999999 47588 333330 532907 356647 51934 570756 407729 444355 514637 225535 424897 170611 737752 300146 209897 332026 306351 244143 675693 589258 626540 687238 330453 295692 198666 597434 631432 246660 117474 399610 528710 352125 688195 255413 224074 372858 346898 499477 766065 398695 222599 448584 640366 316052 491362 423168 661293 225737 365293 259391 367749 554937 459657 210247 319069 326160 552250 427121 181676 463399 626582 230061 382931 455424 538728 346966 560323 160300 219053 586221 428727 365218 444388 518844 455049 570132 471366 90417 521200 455446 229533 371888 480506 322472 313318 332722 221049 172987 543635 154295
642070 288821 467506 657187 344957 173523 532338 185247 600885 47588 999999999 363894 557937 402303 4918 545482 370635 472900 521336 223754 471322 150369 725949 347461 235074 284457 306294 209154 673170 582984 647532 727661 283892 337814 208549 599418 635618 294080 72849 353880 529991 358683 720365 278917 248330 397563 359367 508055 807388 429554 257470 407059 665788 309517 518095 433500 640171 252674 320281 215957 415330 585489 446612 171425 318284 365683 599107 474105 134737 467898 623405 272519 429952 428696 585330 372586 603513 138701 178695 627781 387070 408665 398439 498527 496254 599290 516873 124822 474140 491319 185046 333846 438936 315683 271840 343713 226244 219984 554258 106924
885182 652491 831382 689872 620471 418518 894765 178655 628088 333330 363894 999999999 732731 398828 365084 903840 733499 112241 793366 542106 422647 316978 1056105 316666 132275 599009 227605 406791 974862 899054 839837 742530 619563 417394 498636 886623 912830 248215 432676 608070 822376 194331 824768 98457 480055 66475 620667 773083 801258 583025 114594 763223 827786 270193 686277 696466 992080 113063 569798 571184 320655 221787 783357 410798 627655 97727 502290 403890 479386 751385 928535 379560 270640 788753 501184 46953 594455 321504 424657 640045 743169 169168 650080 849548 538129 740585 480277 369226 741537 592349 460310 696133 794597 273725 494624 612442 204616 237834 807560 450562
200377 551645 635082 269843 257027 724209 626152 625911 267404 532907 557937 732731 999999999 364894 562328 583365 629952 829988 219464 380657 394837 703332 528679 430345 672767 748888 820744 765114 384756 382517 108034 326785 710759 316530 361093 294210 285275 486328 572363 862041 280307 848690 197121 711884 309794 796795 230230 198583 403019 149832 635730 707648 107872 839841 46459 199258 587937 676822 838694 623196 468466 903712 412066 723968 326455 655648 458429 422601 622716 242850 365366 356021 538254 544107 437926 771610 326050 692682 728155 295595 696943 624553 899747 504070 258058 71406 369166 443324 946338 168040 720369 622240 729088 846376 813233 248708 733082 502712 179082 614302
549738 584428 741357 296096 374937 567120 772986 355663 233804 356647 402303 398828 364894 999999999 407080 754956 681261 481559 499186 390254 73577 499639 812303 83658 383971 679317 550206 590796 693193 647459 471880 356398 666037 92843 334408 596422 607836 160307 459439 756100 548000 555947 426842 410182 261681 465300 357953 474696 426631 228826 328558 744383 445174 581806 320580 412308 807953 379617 721938 581090 103690 543602 588434 562971 425328 308710 202864 88195 526405 478824 656726 140007 173361 664653 186447 443372 213950 493314 573153 251319 726740 264600 800733 679882 139305 354958 114756 288313 875070 203982 586151 654586 774496 587901 667568 361680 472073 218623 491266 503052
645595 287957 466436 662099 348406 168653 531766 186497 605803 51934 4918 365084 562328 407080 999999999 545443 369006 473773 524509 226485 476022 146842 727380 351974 235787 280253 304257 204472 675513 585002 651678 732577 280266 342723 212215 602178 638553 298186 70168 349074 532714 357229 725076 279360 252788 398021 363046 511379 812306 434238 259320 404631 670186 306879 522580 436986 640602 253556 315424 213235 419665 586572 448016 166591 320961 368094 603742 478712 131023 470916 625700 277421 433858 428526 590008 373170 608410 135098 173810 632698 384623 411714 393655 499103 501172 603881 521665 129712 469531 496164 180156 332082 436489 313015 266926 347299 224858 223918 557721 102978
475668 265623 132247 837347 387535 592704 60068 727024 812754 570756 545482 903840 583365 754956 545443 999999999 229247 1015107 371477 380881 823481 657000 262609 757739 779322 463943 832299 638567 328908 244330 585813 902831 409198 662291 436074 344810 386029 751823 486759 580223 315706 893177 773898 823958 496775 942407 410873 387882 983033 586563 791391 274795 650137 821474 582585 393276 110522 795995 584104 384157 830692 1125022 176192 598755 329714 884603 940013 842805 468271 340579 295917 632675 879410 117558 919687 916962 855593 645786 591067 845266 282205 905013 592323 80296 746175 654769 836016 547731 580317 673003 555162 261345 270300 826412 616801 401339 764134 702611 423536 489375
592393 96865 108854 842258 379434 375715 189393 555269 802840 407729 370635 733499 629952 681261 369006 229247 999999999 840519 462527 295640 754591 452792 480972 659255 602581 234702 626824 419033 506249 405978 670117 913563 180057 591637 348638 482891 528155 631497 300849 352278 426940 691113 826674 644091 425754 761884 407528 467650 997363 576348 628022 78066 721472 610572 612084 432931 339714 621063 354913 170274 734002 954326 262489 382500 307254 733881 881860 767735 262775 411000 461210 543435 768424 133753 863550 738256 831510 442690 373119 835106 71013 769348 367664 232713 715240 696742 782171 417698 369101 663637 334889 38274 100206 614934 389282 390824 568408 567868 515975 288872
989604 761709 940099 761759 730519 509504 1004899 288417 701434 444355 472900 112241 829988 481559 473773 1015107 840519 999999999 901710 654303 492227 409327 1168024 403718 238167 693450 282156 490716 1085013 1010426 937797 808167 718369 513468 610411 995827 1020936 343937 539924 689069 932322 226639 907682 196821 589317 84119 729697 880917 859507 681230 226786 866715 921142 323215 783611 804810 1104078 220227 651521 675681 390988 115001 895590 501595 739421 174683 550541 469716 582846 861007 1039093 482138 329285 899606 553457 103517 660943 415715 515249 709353 846739 223037 728822 961530 619409 832344 547629 481274 821157 682039 553081 802819 897734 324732 575317 722109 289807 345480 913881 554568
133606 404871 442449 486723 179186 660332 419528 647895 475300 514637 521336 793366 219464 499186 524509 371477 462527 901710 999999999 300287 551397 670953 321372 538768 701431 631519 820962 706890 194063 164973 216288 546046 584011 420105 315972 97728 119580 569815 506919 754344 60897 863843 403231 746008 313717 850436 173377 24907 622362 278019 682627 539736 278755 829345 231122 96917 368544 711251 739042 506740 597492 993330 211682 662488 209665 736392 643106 576770 537740 57168 159485 427005 662079 353279 621995 823712 528337 659015 662526 505998 533275 726162 785364 294862 436226 289791 543193 439803 814156 348235 643299 465284 555493 835657 732712 184103 734937 556263 54401 539643
426275 200552 351395 555256 132422 362248 389094 375104 511575 225535 223754 542106 380657 390254 226485 380881 295640 654303 300287 999999999 462746 371717 515328 380453 429856 368587 528682 407934 450670 363877 452685 627505 333043 298679 56713 375693 412418 370954 207600 481816 306240 577307 567492 475782 130513 589866 154368 289285 711390 291678 427520 365189 485346 533268 350455 219124 455937 443409 459816 243939 454700 758864 241525 363869 94572 509931 588209 478022 246578 245401 401308 257417 499717 278752 569443 563255 536960 359687 364916 543345 349649 525187 519107 315286 420509 437411 487353 173631 567671 375575 349547 273922 393174 539436 441465 136085 445483 324701 337784 243506
588665 657783 813406 269583 439901 632738 843250 407365 209341 424897 471322 422647 394837 73577 476022 823481 754591 492227 551397 462746 999999999 560355 869029 131694 428790 750649 595329 653930 744300 705101 498106 319890 738531 164164 407213 647324 654857 206766 530556 824415 603331 593950 422163 449281 333358 488380 420944 526573 381566 274349 369188 817944 461914 629566 353869 469368 872761 421670 789635 654089 102285 539813 654686 628213 493845 326900 129695 27921 597634 536200 710480 213460 164652 735576 114270 468989 171860 554855 638905 217959 800314 269295 869259 747395 141620 371860 58036 360278 945120 227019 653817 728096 848030 635417 733018 426359 521873 275191 537885 573665
792426 391458 559368 777612 495246 101541 633559 171648 718242 170611 150369 316978 703332 499639 146842 657000 452792 409327 670953 371717 560355 999999999 859743 428963 191126 284131 175426 98802 817354 724224 795705 845490 311087 453879 358897 746915 784132 358730 176894 296432 677312 238400 857326 218598 393938 325833 509690 658118 921632 568811 244888 466010 810882 167208 661962 583827 759123 210344 258048 282542 483734 524023 581517 93844 465668 358867 680383 556426 190773 616906 767249 389091 476827 539764 670035 306372 711380 12134 107709 742204 446484 421764 340360 621246 613108 740529 612681 260882 429593 622179 143970 414558 495858 172795 186756 494083 120753 285622 704563 167681
350990 487724 394020 798289 449197 813652 320187 890254 793169 737752 725949 1056105 528679 812303 727380 262609 480972 1168024 321372 515328 869029 859743 999999999 841346 944949 711292 1030059 861509 150029 165139 482461 851342 656200 727166 557681 234498 249732 859052 682869 832448 265934 1084606 684494 990881 589590 1105147 459297 346134 921497 598070 941606 535482 553106 1026923 548858 400146 165412 958720 831913 613006 906012 1269574 279372 818527 428767 1015510 964324 893479 683352 333490 163838 720682 966721 349826 943210 1078503 848153 847779 813335 822860 541022 1017973 848546 251656 757546 593565 863801 686926 841856 669475 781827 507161 532720 1032539 854715 460517 952192 829167 350330 698256
604472 562920 729516 379569 393874 503690 769395 276718 317266 300146 347461 316666 430345 83658 351974 757739 659255 403718 538768 380453 131694 428963 841346 999999999 301831 630596 468439 523261 731905 676385 538348 438714 623153 119890 323838 636451 652845 77587 411191 697878 582071 472564 508105 326810 262169 383064 382052 515192 506788 285252 245278 716731 517893 501108 384499 446169 820717 296714 662361 542442 74856 473383 599652 498874 432756 229365 253600 128379 478079 510677 691909 125335 125491 659185 241767 360626 294018 423693 509957 333798 698148 194638 742936 686477 222140 428730 186361 247078 821277 278328 526842 629428 747797 507102 603642 381748 392227 143538 538359 452509
804748 523733 701957 679337 523612 291822 767397 54778 617200 209897 235074 132275 672767 383971 235787 779322 602581 238167 701431 429856 428790 191126 944949 301831 999999999 468934 166711 286494 874351 792597 776391 740283 487790 372121 392825 790605 820681 224244 301832 486993 723768 177372 792109 45933 389904 163153 528335 683202 808381 524596 63400 631037 774721 201259 627133 605689 871125 19629 448561 439127 335834 351757 668220 284358 520200 169649 533606 417410 347137 654828 826387 318991 310295 663088 527298 137675 595762 193889 298180 635242 610990 237477 530420 728713 517164 692546 485949 263266 620400 552772 331901 564997 662375 206952 375410 517487 99072 174650 722321 318362
765063 234936 339320 907079 494739 184944 421873 435621 856307 332026 284457 599009 748888 679317 280253 463943 234702 693450 631519 368587 750649 284131 711292 630596 468934 999999999 439717 214662 718049 616685 814629 979379 55142 604522 398187 676441 720559 578382 220122 124938 611778 506993 935472 501288 470179 609856 519909 628983 1062087 652845 513400 210336 852370 413741 718931 572720 574381 488561 120726 126694 699601 808083 464460 192885 432720 628394 879752 755624 153021 574788 669730 542444 713272 361526 864908 590472 868773 278172 179683 885932 194446 681963 153992 459899 755506 805799 792335 391169 201683 730322 140585 204508 234250 416752 160644 501310 404168 503702 679746 178141
934821 566830 734064 844897 642025 257657 808858 199467 782900 306351 306294 227605 820744 550206 304257 832299 626824 282156 820962 528682 595329 175426 1030059 468439 166711 439717 999999999 225703 979101 889254 920754 906603 475432 532406 505005 903185 937701 390862 348908 413948 834149 67341 951908 151615 521747 201691 652069 805534 975081 675924 226893 635084 925535 42729 776275 728873 933799 174227 377745 456641 501012 389302 750857 249987 623160 309137 697432 583351 365900 769635 929465 474837 469683 714972 692065 194081 762426 186518 261975 801525 616031 383289 451290 795022 681788 846804 652598 385909 543567 712127 302257 588697 663833 46145 302058 638496 87915 336594 848933 343089
834209 376813 527878 861150 538524 48176 607026 270397 803145 244143 209154 406791 765114 590796 204472 638567 419033 490716 706890 407934 653930 98802 861509 523261 286494 214662 225703 999999999 836143 738722 851283 930441 254190 538211 408111 774284 814345 455084 200334 201381 705000 293043 929500 308771 456490 406611 556788 697022 1008344 638706 342678 416339 872962 199206 726232 626570 745582 305156 163041 254416 580487 603716 589476 44629 497422 455655 775952 651358 178817 650772 785908 472636 575377 524381 764940 390214 800157 101049 48189 828481 398123 519935 244133 614345 697920 808159 704841 332428 334938 699147 84145 382143 443571 202407 88920 539719 202894 380812 745718 169042
201061 483493 444380 652932 354495 788067 388464 819822 651559 675693 673170 974862 384756 693193 675513 328908 506249 1085013 194063 450670 744300 817354 150029 731905 874351 718049 979101 836143 999999999 101427 332697 703809 664779 613764 481626 96984 100850 759636 643287 842813 152854 1027787 534634 919864 496098 1029034 356894 218498 772628 470104 861981 574125 403318 982014 409222 286190 268709 885969 835422 604238 791479 1180367 253803 791710 356627 923614 831287 770009 658415 224747 50274 617475 855721 374086 810245 1002206 708502 805220 788963 680285 574464 917226 866076 280224 624444 447127 733408 611196 875306 534299 762736 523164 579625 988047 844948 363124 896135 740265 210315 667498
237016 382263 349738 651219 285400 690564 301627 737831 640178 589258 582984 899054 382517 647459 585002 244330 405978 1010426 164973 363877 705101 724224 165139 676385 792597 616685 889254 738722 101427 999999999 358395 709218 563361 562030 400963 103620 142128 695650 548652 741420 105225 940264 556824 838433 426869 950468 294405 188616 783933 436160 785000 475314 427124 890111 396095 235753 211562 805331 734271 503647 740874 1109736 152741 694475 272471 854421 803356 729230 560358 168932 55498 556319 801709 274960 782258 923688 692605 712104 691217 670954 474848 854496 764675 184988 597330 451457 701803 531158 774799 511167 663949 422032 482353 896023 744979 296288 807998 668675 205028 570713
131776 601927 657904 334218 321267 808374 635385 728263 348115 626540 647532 839837 108034 471880 651678 585813 670117 937797 216288 452685 498106 795705 482461 538348 776391 814629 920754 851283 332697 358395 999999999 376354 772187 424338 443276 257374 232947 594001 654162 932515 270136 951268 202077 816415 402556 903556 298360 204939 441135 256882 741330 748092 70647 937956 154233 242924 569941 781215 912041 687937 575222 1011693 427472 808832 382416 763548 550855 526008 699051 260567 326867 461840 645134 567998 531049 878187 410043 784645 811839 371684 739825 732463 967810 510570 358395 134097 467956 538600 1006966 271467 800445 668216 766105 944483 893013 316602 832869 608189 162659 693886
506020 823927 938688 72472 537156 900335 940971 711230 127334 687238 727661 742530 326785 356398 732577 902831 913563 808167 546046 627505 319890 845490 851342 438714 740283 979379 906603 930441 703809 709218 376354 999999999 953224 392293 585505 618120 602960 516202 769859 1074695 606937 910666 191767 765080 510031 808181 509483 524469 83939 337478 683784 988023 308925 937951 320434 509869 914119 735420 1044157 863328 421960 843263 727799 897430 608715 646487 274807 339591 832882 564103 689591 457811 479000 849256 264316 788873 148108 837807 905812 105091 974074 585628 1117407 822655 232589 258337 262343 603338 1180926 251948 911420 897678 1013623 944085 999477 524734 827882 573198 504912 815165
717608 182939 285822 880763 454633 217781 368116 449730 832108 330453 283892 619563 710759 666037 280266 409198 180057 718369 584011 333043 738531 311087 656200 623153 487790 55142 475432 254190 664779 563361 772187 953224 999999999 586908 368270 625501 669919 576392 213609 178267 561809 542204 900306 523339 443256 635695 480706 582661 1036528 622154 527244 162557 812587 452656 682877 529446 519570 507339 175868 90013 694323 833356 411566 225489 389789 640968 868172 745476 149292 527693 616780 527091 713310 306410 852424 614888 848183 303469 213517 862487 145034 690109 202868 404874 733420 769911 777293 378460 235626 702385 173226 149370 189384 456172 211197 462156 431796 503427 633340 178001
485035 494995 649250 323753 284568 509083 680158 332954 264967 295692 337814 417394 316530 92843 342723 662291 591637 513468 420105 298679 164164 453879 727166 119890 372121 604522 532406 538211 613764 562030 424338 392293 586908 999999999 243451 517832 533273 169904 387076 689705 465266 549316 420090 406427 169235 482325 269357 396264 470420 168174 326662 656584 410498 558912 270143 329055 716847 372552 657332 499841 178870 590030 496739 505892 332787 339255 290224 181010 452951 394590 574882 65656 241980 571935 272069 457780 266135 445892 514713 290548 639385 313155 733555 587553 159719 324234 192162 215818 803459 180665 522745 566145 686233 565300 608846 271605 448279 197471 418518 431932
433731 252372 407835 513039 137395 365163 445589 338229 466330 198666 208549 498636 361093 334408 212215 436074 348638 610411 315972 56713 407213 358897 557681 323838 392825 398187 505005 408111 481626 400963 443276 585505 368270 243451 999999999 400005 433029 316475 211631 504560 332005 549068 539592 438452 78231 549521 150831 301093 669067 254684 384305 415736 468243 513846 326023 225446 507745 404872 479248 278259 398019 712435 289945 365557 129020 460589 533514 421955 262576 265159 433562 200722 443663 335350 515027 522734 488060 347250 368727 497504 399351 472235 544224 368511 371708 411694 433539 130230 599509 334191 359343 324658 444612 520202 452212 135285 419232 274250 346218 253210
133413 442629 440615 563931 267224 726726 400254 736499 559072 597434 599418 886623 294210 596422 602178 344810 482891 995827 97728 375693 647324 746915 234498 636451 790605 676441 903185 774284 96984 103620 257374 618120 625501 517832 400005 999999999 45263 666463 576844 801131 69635 948961 457970 835693 406610 942432 266132 121812 690110 373167 774806 556563 327130 908897 315250 192395 314125 801296 789790 556159 695117 1089036 220406 729655 281316 832081 735293 673025 599670 135822 71472 523828 759805 358589 714224 915638 614841 734833 728265 588530 553531 823304 828367 278665 528324 359884 636869 527575 847351 438626 705329 493154 567260 915085 791540 274375 818481 650425 116069 605350
102368 487147 484907 552483 297512 767013 442452 766995 552583 631432 635618 912830 285275 607836 638553 386029 528155 1020936 119580 412418 654857 784132 249732 652845 820681 720559 937701 814345 100850 142128 232947 602960 669919 533273 433029 45263 999999999 687265 615923 845130 110109 981871 435022 865370 433294 970014 292923 140128 671981 380888 802204 601775 303579 944716 312229 216386 347869 830669 833268 599579 708438 1111624 265669 769735 318769 854798 736441 681233 640894 168075 97747 544372 774581 403569 715498 943291 610377 772095 768726 580835 598791 842490 872782 322122 530324 346495 640454 558549 892436 439375 746668 538299 612300 950964 833645 303195 852247 675564 116987 645663
648457 537116 710351 456361 410250 439272 757444 200646 394084 246660 294080 248215 486328 160307 298186 751823 631497 343937 569815 370954 206766 358730 859052 77587 224244 578382 390862 455084 759636 695650 594001 516202 576392 169904 316475 666463 687265 999999999 362784 636688 607394 395735 579376 249994 269675 313807 403446 547487 584292 337310 168326 683056 579763 423758 439902 474095 823429 219341 600199 500741 125547 425351 603725 433898 437339 170573 321848 199094 428203 535295 716779 142896 138063 646840 312264 290010 371570 354432 445694 411229 663802 158922 681880 684954 296663 492371 262887 213908 763291 344510 465949 599128 714692 429719 538073 399599 315305 75800 576202 400948
633875 224281 400788 698216 338564 155002 469075 254705 644581 117474 72849 432676 572363 459439 70168 486759 300849 539924 506919 207600 530556 176894 682869 411191 301832 220122 348908 200334 643287 548652 654162 769859 213609 387076 211631 576844 615923 362784 999999999 304837 507289 407388 745964 343943 270010 462261 357648 496736 851321 456004 328842 334518 679737 344055 535962 426373 585779 320230 275075 143112 481377 653523 404686 156336 297824 438237 659631 535584 67108 451088 593049 323730 499840 369225 644822 438128 652801 164912 158035 673054 314499 481406 347740 446222 541647 620410 572874 171884 416583 525962 148260 263468 366362 349682 241017 340255 277403 290125 545384 45308
887698 359870 451434 1003039 611396 199952 534018 466223 949284 399610 353880 608070 862041 756100 349074 580223 352278 689069 754344 481816 824415 296432 832448 697878 486993 124938 413948 201381 842813 741420 932515 1074695 178267 689705 504560 801131 845130 636688 304837 999999999 736103 479620 1044149 510142 571407 605228 635459 750908 1156067 756962 541104 312886 967161 379206 829661 692112 690652 505912 38434 247629 761625 800562 589323 206430 552433 655299 951109 825796 243451 697399 794595 625117 764768 482835 938042 590114 955839 295464 193381 977509 300930 717308 45193 581843 845963 915916 870728 473951 133567 829915 171073 325520 329879 380350 113873 616935 403782 560909 801656 259533
167450 379542 395901 547498 201905 657523 366285 669456 535180 528710 529991 822376 280307 548000 532714 315706 426940 932322 60897 306240 603331 677312 265934 582071 723768 611778 834149 705000 152854 105225 270136 606937 561809 465266 332005 69635 110109 607394 507289 736103 999999999 880532 461952 769065 343262 877116 204197 83631 683108 332279 709801 502582 335413 839499 291456 136216 307876 734893 723642 489967 643892 1027531 167054 660374 211781 770813 699071 628026 530947 72102 109861 465659 706682 309245 677961 850296 587385 665227 659137 566099 497943 765375 764541 241537 492687 350455 598058 460518 787027 406050 636693 434019 515794 845673 723538 210297 749741 587441 108447 536145
973317 628269 797755 852043 684683 324447 871488 223005 789749 352125 358683 194331 848690 555947 357229 893177 691113 226639 863843 577307 593950 238400 1084606 472564 177372 506993 67341 293043 1027787 940264 951268 910666 542204 549316 549068 948961 981871 395735 407388 479620 880532 999999999 969110 145766 557996 152695 692616 847218 975501 701219 227410 701274 951443 101191 803331 769955 993168 177477 443854 520839 495472 328457 805245 316716 671162 286507 687144 579169 429104 814196 978584 496175 455781 775661 683774 152692 764223 248838 328899 806038 682102 360688 516018 853285 691710 869787 651900 424715 608074 729981 369147 652899 730257 101220 368502 680106 132472 351893 888865 405158
333578 746678 831462 177085 450749 892204 819324 752500 220968 688195 720365 824768 197121 426842 725076 773898 826674 907682 403231 567492 422163 857326 684494 508105 792109 935472 951908 929500 534634 556824 202077 191767 900306 420090 539592 457970 435022 579376 745964 1044149 461952 969110 999999999 825248 476130 891142 423145 386017 243778 290993 744427 904222 131447 976907 217719 396249 767606 791929 1018333 811431 518829 961790 606098 890940 521618 735534 427988 448280 801634 435650 528266 477544 585886 740468 411771 868409 279450 847730 896786 229658 893161 687322 1083631 695799 288274 130885 374357 598086 1135162 239784 893853 818042 926005 983363 986042 441194 866729 617491 353920 789838
847827 566978 744642 706278 568573 320124 811111 100684 643983 255413 278917 98457 711884 410182 279360 823958 644091 196821 746008 475782 449281 218598 990881 326810 45933 501288 151615 308771 919864 838433 816415 765080 523339 406427 438452 835693 865370 249994 343943 510142 769065 145766 825248 999999999 433718 118660 572762 727506 830627 562937 81681 670015 812588 191323 665962 650022 916426 35336 471812 478860 352258 311471 714088 312387 566009 160212 547009 435501 386074 699883 872001 356503 318195 707468 542358 94195 618925 223375 326242 660376 650022 233299 552478 774078 546207 729108 507101 308679 643678 586842 362143 606289 701108 196155 396950 562223 108031 210138 766032 357750
415512 329927 480059 437589 142208 417182 511960 337525 389331 224074 248330 480055 309794 261681 252788 496775 425754 589317 313717 130513 333358 393938 589590 262169 389904 470179 521747 456490 496098 426869 402556 510031 443256 169235 78231 406610 433294 269675 270010 571407 343262 557996 476130 433718 999999999 536720 140629 294268 593274 186051 368909 493746 417586 536574 269822 217026 558820 398680 543838 353451 334158 684586 337816 416377 170715 428255 457893 349826 327958 271725 451105 136871 386142 403121 439015 510000 409899 383135 421523 420201 477489 428552 612504 424454 293607 352050 356840 136485 671861 260146 417730 402585 522413 543081 509945 132974 433976 244183 332417 314287
945652 685580 863042 756074 675442 425650 929768 216552 694357 372858 397563 66475 796795 465300 398021 942407 761884 84119 850436 589866 488380 325833 1105147 383064 163153 609856 201691 406611 1029034 950468 903556 808181 635695 482325 549521 942432 970014 313807 462261 605228 877116 152695 891142 118660 536720 999999999 677206 830767 865938 646979 167813 785690 892823 243731 750370 753707 1034151 147300 567600 595512 386221 198233 829737 417731 678152 161951 564486 469099 502308 806777 981965 442246 333898 826034 564262 26828 660076 332537 431350 706006 765777 229667 645242 891693 604600 806011 545849 419309 737530 658225 469383 723961 816498 245881 491425 668070 205893 298035 866663 474428
283494 323884 429962 439629 28094 512546 440059 475043 407130 346898 359367 620667 230230 357953 363046 410873 407528 729697 173377 154368 420944 509690 459297 382052 528335 519909 652069 556788 356894 294405 298360 509483 480706 269357 150831 266132 292923 403446 357648 635459 204197 692616 423145 572762 140629 677206 999999999 154948 592739 177824 509418 484002 332461 662936 205974 77451 452036 537948 614070 393702 447673 823579 236707 513502 100290 566752 531395 443026 400709 132154 313344 262465 507454 341742 510765 650461 446050 498066 515680 439849 471832 561775 671906 331944 335332 292280 427416 267915 716327 265948 502651 396034 507669 669345 595010 18599 565188 384302 196872 396174
138046 405656 453130 464208 163702 650910 434133 629983 451592 499477 508055 773083 198583 474696 511379 387882 467650 880917 24907 289285 526573 658118 346134 515192 683202 628983 805534 697022 218498 188616 204939 524469 582661 396264 301093 121812 140128 547487 496736 750908 83631 847218 386017 727506 294268 830767 154948 999999999 601565 253117 662970 545327 264228 814937 207852 77519 389655 692611 734450 503363 573324 971568 223186 652797 201583 714708 618270 551994 530205 56682 184392 404602 638193 363076 597158 804092 504160 646257 653320 482472 538014 703339 782970 310025 411422 269510 518294 422649 814482 323636 635383 468392 562284 821289 725614 167185 719080 535630 50766 530819
572610 907854 1021455 156166 620497 979424 1022264 782250 206812 766065 807388 801258 403019 426631 812306 983033 997363 859507 622362 711390 381566 921632 921497 506788 808381 1062087 975081 1008344 772628 783933 441135 83939 1036528 470420 669067 690110 671981 584292 851321 1156067 683108 975501 243778 830627 593274 865938 592739 601565 999999999 421389 750068 1071914 371340 1007833 400538 590795 990903 802297 1125080 946686 481578 885509 808631 976297 692195 704038 312068 397769 914853 643272 761454 536076 532902 931770 306572 848037 212862 914328 985006 179888 1057996 639270 1199034 903005 311149 332707 323601 683553 1263521 335815 991714 981599 1097447 1013853 1078978 608177 898508 645100 578958 896623
321301 486484 606771 265921 204129 601213 617640 479085 229573 398695 429554 583025 149832 228826 434238 586563 576348 681230 278019 291678 274349 568811 598070 285252 524596 652845 675924 638706 470104 436160 256882 337478 622154 168174 254684 373167 380888 337310 456004 756962 332279 701219 290993 562937 186051 646979 177824 253117 421389 999999999 486170 650557 250230 697119 103459 203399 618451 528008 729799 532212 331567 757833 410809 599955 273818 507289 367301 300444 513614 269026 437479 206569 399963 519288 346220 621778 269034 558839 605808 262278 636613 479849 797597 506828 162721 172203 265780 308303 854189 88399 603467 560214 676312 703643 695398 190902 588776 353304 263921 500338
778829 543792 723050 624651 507988 342874 784157 77803 562362 222599 257470 114594 635730 328558 259320 791391 628022 226786 682627 427520 369188 244888 941606 245278 63400 513400 226893 342678 861981 785000 741330 683784 527244 326662 384305 774806 802204 168326 328842 541104 709801 227410 744427 81681 368909 167813 509418 662970 750068 486170 999999999 662873 734894 263298 589538 585894 878282 52671 502781 470607 274134 333760 668817 335788 513301 115292 471146 356543 381615 639233 815259 279710 246897 677085 465332 141122 537997 245715 349384 578986 642811 177443 585210 735808 464570 650336 426794 254686 673905 506604 380333 591316 694606 268796 431359 500431 162389 133144 699159 352319
668790 164866 142674 916403 455924 377988 223560 587414 875515 448584 407059 763223 707648 744383 404631 274795 78066 866715 539736 365189 817944 466010 535482 716731 631037 210336 635084 416339 574125 475314 748092 988023 162557 656584 415736 556563 601775 683056 334518 312886 502582 701274 904222 670015 493746 785690 484002 545327 1071914 650557 662873 999999999 799526 614021 689123 510927 383499 650160 323369 192368 790979 981485 336690 385474 383876 772720 946355 829617 284010 488715 530800 605124 820962 200354 928574 763408 902149 457184 374199 907581 20074 813659 319879 295462 785695 774106 848266 471211 306474 737245 334108 91271 31923 617731 370958 467003 585516 615751 593382 312675
202324 648162 716221 271972 357996 831932 698013 729261 293420 640366 665788 827786 107872 445174 670186 650137 721472 921142 278755 485346 461914 810882 553106 517893 774721 852370 925535 872962 403318 427124 70647 308925 812587 410498 468243 327130 303579 579763 679737 967161 335413 951443 131447 812588 417586 892823 332461 264228 371340 250230 734894 799526 999999999 945638 149637 288955 638455 777799 944580 726112 546580 988663 487233 831743 424447 746470 501174 489733 729116 317503 397083 456108 616424 625608 482181 868222 356025 800295 835837 313867 790110 709307 1004166 573513 320310 90493 425725 550560 1048162 241192 827586 716827 819107 952171 920454 351060 838116 602576 226981 721355
946374 555945 718730 875012 651241 236336 795283 227228 813282 316052 309517 270193 839841 581806 306879 821474 610572 323215 829345 533268 629566 167208 1026923 501108 201259 413741 42729 199206 982014 890111 937956 937951 452656 558912 513846 908897 944716 423758 344055 379206 839499 101191 976907 191323 536574 243731 662936 814937 1007833 697119 263298 614021 945638 999999999 796055 739008 924934 210984 343956 441292 537041 428562 748524 229071 627800 350271 734443 618631 353250 776766 932071 499373 508307 704717 728452 236730 794988 179147 239875 832878 595385 424143 415027 787919 711054 868825 686409 400094 506992 737373 279913 572751 641919 6535 269301 648581 110728 365537 859596 332769
235767 529852 624893 257221 233823 686271 622005 580724 244565 491362 518095 686277 46459 320580 522580 582585 612084 783611 231122 350455 353869 661962 548858 384499 627133 718931 776275 726232 409222 396095 154233 320434 682877 270143 326023 315250 312229 439902 535962 829661 291456 803331 217719 665962 269822 750370 205974 207852 400538 103459 589538 689123 149637 796055 999999999 190536 595843 630950 805134 594275 424263 857877 408148 685731 305406 609321 424908 381423 588560 243852 385035 309855 493869 534345 404087 725210 299594 651501 690415 274947 677400 578892 868311 502499 220601 87037 331831 401329 917989 129248 684211 601817 711954 802589 776970 223804 688748 456583 199306 578723
208678 359887 436157 444082 88659 581246 431513 552468 421619 423168 433500 696466 199258 412308 436986 393276 432931 804810 96917 219124 469368 583827 400146 446169 605689 572720 728873 626570 286190 235753 242924 509869 529446 329055 225446 192395 216386 474095 426373 692112 136216 769955 396249 650022 217026 753707 77451 77519 590795 203399 585894 510927 288955 739008 190536 999999999 416053 615150 673300 446088 507684 896856 217932 582709 140000 639894 570127 493491 464203 66832 245874 331559 570577 345262 549099 727002 468405 572067 583993 453822 501223 631207 726328 313005 366061 268933 467584 345295 764057 284650 568263 427903 531270 745389 659678 90447 642192 459353 120789 462530
