NAME : synthetic_000978
TYPE : CTSP-D
DIMENSION : 100
GROUPS : 8
RELAXATION_LEVEL : 1
EDGE_WEIGHT_TYPE : EXPLICIT
EDGE_WEIGHT_FORMAT : FULL_MATRIX
EDGE_WEIGHT_SECTION
999999999 790915 340614 216497 169712 562547 288748 717449 466591 300786 55019 694635 380382 507233 822359 398538 318483 423806 767908 604786 666615 437961 473486 388824 519331 608852 423457 597326 541559 289630 558466 671043 548119 643772 318710 469768 505740 607346 197452 277365 451719 749517 557405 211009 331374 346276 431106 354923 610221 245425 348479 749580 523179 180682 604316 263367 764769 383623 539403 415090 506728 590683 828042 643659 826964 684980 840045 767714 572048 606640 687704 812847 103689 273369 263801 651901 370441 248074 608044 354165 422432 810792 250710 639571 291632 398973 358619 446225 55853 833178 518982 446280 414568 798104 389706 278993 818910 734861 437288 137376
790915 999999999 785664 708543 762944 726470 639030 73837 684844 712140 824598 442360 415918 678630 738409 844303 869520 436932 289445 262782 124318 580840 323505 676025 312846 252649 369169 259811 352737 905540 284072 362979 334750 480476 475849 913376 680021 495217 596945 572677 359480 54425 664365 584481 1054997 685490 1149604 460159 212779 657970 561600 607801 746915 638398 429872 538249 626080 812902 707046 540916 823253 477560 51284 182453 612607 311995 605243 783925 376047 841644 402478 378711 893116 899334 946246 521094 454049 1021280 201714 463744 369076 110137 997553 567304 937657 498356 730015 530614 739270 379686 877760 690616 376347 41617 926317 1040243 266543 501450 449090 926692
340614 785664 999999999 146552 495966 247597 560045 716479 750412 81248 307762 501311 413234 213221 523164 72648 97898 589184 638825 532548 675968 225398 546028 674991 472977 541316 496103 531890 442768 156786 658066 518845 458678 437003 438792 155447 211122 398036 381629 244891 437204 733031 826650 320972 333205 100887 403668 351638 677458 166396 225570 486754 819591 257307 430978 323350 496260 46285 823176 249803 166445 791394 834059 703240 568638 555635 585650 451016 728366 267866 513787 645212 361208 161637 228234 424805 524118 379050 584393 346130 466895 758031 322483 391655 194635 287308 664481 670893 312008 666132 181559 152316 472070 774883 140724 369514 698979 514120 615415 413740
216497 708543 146552 999999999 356683 346285 413493 635933 603873 85967 200546 509652 304759 290947 607326 217342 181222 454527 614431 476088 590235 233867 433244 528463 401331 483034 380637 472196 394775 200614 541503 503374 406833 451997 306998 299167 289417 413405 236495 136126 349163 659117 680774 180448 349001 129790 441322 250323 571358 52160 167652 541778 673130 113000 424560 195096 555654 192821 676685 225368 302918 653904 753595 600403 621357 528881 635769 551219 598943 398101 510728 641908 269465 192328 238334 453120 389597 343001 508531 246087 358657 700060 302988 434017 230051 232452 519019 528273 176299 662932 326481 229790 359854 704752 254184 349984 671352 540274 479024 321607
169712 762944 495966 356683 999999999 695764 154087 693027 305661 442214 222065 764954 392543 634573 938113 559412 485644 342689 802784 627571 641584 544174 440671 230080 541555 628876 401265 617731 585194 459298 496675 724458 586489 724077 298802 634301 633425 691872 198762 362396 470810 730348 400138 258126 485330 480231 581062 394346 560348 367842 442917 849005 356377 274509 673555 307842 866314 541072 376580 508503 658726 467375 791859 594375 920846 726548 931422 895351 475802 754777 749686 863291 234423 443062 430833 740552 309881 380852 606413 396247 416745 805329 401657 738280 460790 475109 191528 321527 184112 882167 677237 578652 403401 778720 558237 418732 845941 815117 345107 229476
562547 726470 247597 346285 695764 999999999 718897 669654 900390 262047 540635 333832 466277 66774 275872 239429 333050 679513 503299 465614 643153 186744 584776 832185 444712 476041 547954 470740 380669 396336 693015 385655 399143 271598 537903 255865 67072 242233 534164 354285 446621 672194 960561 463512 567886 217099 621614 408038 686553 327922 281306 259136 975556 423857 302025 436709 263736 226125 968618 239785 132788 878666 777735 702830 338500 434657 357118 206304 791975 115215 361796 477368 601761 404510 471056 241179 620233 625967 543990 402109 508509 666412 567988 193774 432474 297808 837039 787113 521448 496319 183841 117292 520931 703551 332142 614063 562602 319044 709382 654849
288748 639030 560045 413493 154087 718897 999999999 573181 190522 491104 343594 717650 323516 653263 932085 630241 574502 203949 722999 545414 523042 545163 328021 115379 464578 544399 301302 534182 523391 562179 360864 663510 520007 688045 220158 710935 652589 661508 185419 364908 397613 612839 273097 255576 619548 516929 718459 349462 429077 404775 442033 827461 260454 305883 629490 286368 846473 606310 263727 499566 709965 313776 662511 462298 891383 655231 899107 904821 324906 796708 695329 794674 375473 547033 549285 712005 191128 525211 506124 353454 328700 695015 537611 720112 571813 452904 123448 167571 275136 811748 738845 606527 312444 659814 650095 560785 758518 775360 199592 379345
717449 73837 716479 635933 693027 669654 573181 999999999 631375 641825 750831 405230 342093 618790 703798 776601 798796 373587 272361 204170 51593 516453 252510 616913 243727 193709 296595 199007 290833 833642 226752 323048 272443 435588 403327 847317 620065 445756 524044 499917 286774 41576 618907 510685 981772 616830 1076726 386937 156127 585652 491568 571831 696777 564632 379872 464427 591014 745044 659119 474342 760953 437735 118036 131830 585780 274685 580559 741708 331003 784796 365077 365477 819503 827151 873329 476558 385620 947445 132426 390636 295374 133693 923883 520453 865389 429456 668815 474573 665621 370534 814858 626890 302933 86633 856924 966479 265216 468189 388386 853430
466591 684844 750412 603873 305661 900390 190522 631375 999999999 680490 521365 859442 469982 834008 1098056 820746 763920 277534 832859 660975 587435 721078 424539 78025 591064 657360 419701 648845 660580 748824 404705 795180 653143 839352 373569 901445 833505 817486 372444 546641 533158 672948 96522 440659 790771 704197 886709 510626 475383 593373 620004 985568 77277 495195 776654 463776 1005351 796658 73621 672376 898532 239879 694850 502961 1042966 777046 1048475 1078999 313910 983003 831832 914416 540080 733307 730309 867890 308704 685372 601501 515584 456833 763525 707208 882394 755995 620925 120547 158495 461292 929090 928673 790710 439622 714594 839319 723903 857804 921632 253041 531506
300786 712140 81248 85967 442214 262047 491104 641825 680490 999999999 279424 459832 332400 210090 528068 152782 157816 509210 583305 464091 599884 177340 465114 606475 399423 472330 414967 462376 376282 202236 576996 466218 391058 398185 358590 235111 208386 358830 308767 163658 359453 660249 753594 244676 372997 51176 454852 271215 597466 88503 150606 471674 751527 185312 381406 243115 484049 123137 752539 187437 219712 711916 759748 623777 552705 498498 568221 467898 647406 312722 466832 599220 343670 200732 261532 393083 444249 393668 510443 265811 386227 690321 344427 367690 238637 215554 600525 594108 262230 620322 248536 147179 391088 703349 216749 392583 642459 482200 535846 396682
55019 824598 307762 200546 222065 540635 343594 750831 521365 279424 999999999 699032 410058 489240 806825 360046 273910 472171 783819 626418 700635 431862 511959 443669 542578 631258 460553 619787 557624 239604 601826 681809 565790 644973 358436 427185 487587 607373 239835 287247 477383 781279 612392 240226 277337 328139 377518 377489 650586 238972 350628 741825 577140 195593 610303 289132 755977 348290 594054 415376 474016 643543 863507 683574 820886 699590 834891 746866 621357 575598 695238 823170 74155 223158 209378 649664 416413 201671 636661 375910 455574 838385 197914 633281 238837 406898 412369 499763 87721 843829 481583 426599 449272 829535 342452 229322 836860 735037 487112 122900
694635 442360 501311 509652 764954 333832 717650 405230 859442 459832 699032 999999999 394847 312963 298597 531642 599180 587885 175436 226422 399278 282493 447968 810980 272068 234960 440862 237702 198928 655322 524439 82809 207741 65384 497785 575186 315033 103405 567076 417700 326353 392374 888524 508375 830569 412054 904978 373190 486120 462796 348405 166610 936075 514936 91574 457168 185839 506145 913291 284822 459134 749795 491824 487633 192320 130997 193359 342691 643512 440601 40179 146423 772362 656912 720393 93370 550879 850150 313717 370451 402671 358372 803746 142788 693090 296271 839901 711481 640168 166707 513795 356944 419863 410086 627773 851858 231815 66876 616482 821715
380382 415918 413234 304759 392543 466277 323516 342093 469982 332400 410058 394847 999999999 400684 630878 482498 480253 216218 410410 235248 293026 279640 132836 417041 149014 237049 85072 225750 200057 505373 245280 340541 197808 369820 103371 562385 400873 347565 198783 171725 78285 371347 511622 170146 643090 324672 740054 62987 267156 258873 200184 515702 547224 222858 308429 122337 535574 451236 529387 226509 508482 412433 457164 295680 573723 336199 579997 621149 328609 568384 371814 474802 480368 496778 537121 397923 163996 605388 227663 68946 54244 430477 582482 414199 534001 168523 445178 332953 326643 492841 554306 376792 59311 419504 547154 624575 453747 454317 246488 517661
507233 678630 213221 290947 634573 66774 653263 618790 834008 210090 489240 312963 400684 999999999 318033 224541 307040 613194 473352 416047 589431 121103 521129 766205 387426 426317 483035 420036 328042 368845 630438 352603 346494 247867 471153 262225 2193 212869 468940 288400 384334 624205 893806 398192 544380 161357 607126 341832 626861 267452 214592 273815 909327 361152 264827 370249 283039 203583 902044 174279 149614 812873 729701 644530 355652 398716 372912 261509 727398 171454 335101 459299 553585 374685 441392 225529 553638 590643 490441 335875 444013 625564 535325 185014 406313 232513 772052 720367 463620 479329 205262 63736 456020 658166 321108 582586 533754 311744 643003 606646
822359 738409 523164 607326 938113 275872 932085 703798 1098056 528068 806825 298597 630878 318033 999999999 511935 608194 843548 455998 518900 696855 394069 717222 1038519 544667 528328 697147 529126 466914 671547 807626 381133 481446 280054 724499 511157 319784 288792 756168 577424 580531 689802 1142342 686978 840841 478691 887658 587546 777282 578305 496666 132157 1175242 664211 345416 647083 112787 501309 1159796 433996 392202 1024318 786777 782003 143907 429252 160307 98746 922869 311214 338726 384102 871618 680140 746528 242224 794873 901828 607499 582715 656084 647115 843779 216851 707174 479375 1054946 963473 776022 394457 428991 381476 672168 704085 599997 889664 500087 236961 873607 924679
398538 844303 72648 217342 559412 239429 630241 776601 820746 152782 360046 531642 482498 224541 511935 999999999 100659 661643 680124 587000 737883 270367 615312 744839 532944 596223 566110 587386 496188 162647 727718 558784 512978 466323 511152 82799 222350 428682 453422 316121 501941 790987 898099 393501 329016 161203 383827 420270 744740 239016 289685 494167 889077 329218 469684 395676 500914 31771 893736 303822 126121 863980 893492 769623 575185 599222 593250 430600 800150 227663 548748 677668 405067 173805 237879 448321 596603 397491 644184 414613 535720 810491 336690 409491 196338 347626 732328 743374 375465 698217 121705 174792 541613 831335 96682 380651 740754 535810 687977 455934
318483 869520 97898 181222 485644 333050 574502 798796 763920 157816 273910 599180 480253 307040 608194 100659 999999999 635045 734682 621628 756023 321830 611234 686492 556997 629968 559285 620085 533210 63354 720992 615326 548340 534901 488193 153960 304884 495926 409846 308536 514625 817849 846759 360162 237340 193495 305811 421746 747332 221630 308302 580735 828343 291013 527943 375893 589243 106942 837508 341912 226721 832856 916801 775082 662487 650875 679899 529549 780115 328239 611257 742875 310810 73254 138533 522387 570292 297103 667808 416779 534496 847805 236831 488287 99704 373342 667212 703147 305593 763821 217846 248427 537268 861126 75774 281748 794578 611586 658913 360147
423806 436932 589184 454527 342689 679513 203949 373587 277534 509210 472171 587885 216218 613194 843548 661643 635045 999999999 555563 383611 324977 492948 147022 247060 316606 379859 147856 371446 389461 642821 156933 520134 380223 574037 150722 744246 613204 556557 237485 348888 264948 414219 301171 274998 743551 515599 844440 271513 225526 423005 403434 723962 351988 344504 509362 266111 744229 632344 325879 440291 708734 203498 458812 258491 775511 499983 779525 837142 149997 777351 558181 636947 525262 630455 652764 605944 65125 671840 325512 277418 188126 500227 668593 626763 663031 383196 295762 123703 386497 651556 749697 583015 171615 459947 708704 701443 582290 651893 30285 544092
767908 289445 638825 614431 802784 503299 722999 272361 832859 583305 783819 175436 410410 473352 455998 680124 734682 555563 999999999 177666 285527 413454 408642 798326 261662 178723 422923 188818 226464 785183 450393 121561 220193 232275 509177 732855 475253 261855 606522 497170 332139 247275 842984 562302 955319 541443 1037833 415871 394309 563188 446846 329499 906075 589184 210759 508329 345965 651893 875744 396125 622636 679800 334854 384486 324460 85556 316224 513035 569782 613282 141996 93368 857886 784026 843235 267368 536869 956421 233413 415673 394553 191431 917120 317032 821906 382501 838293 675931 712056 101204 678125 507278 410590 251864 773693 964361 60698 222147 580020 902794
604786 262782 532548 476088 627571 465614 545414 204170 660975 464091 626418 226422 235248 416047 518900 587000 621628 383611 177666 999999999 182919 319721 237093 622938 86700 10480 246127 12291 91047 663927 299797 146640 74043 240998 332003 653159 417407 245229 433447 346652 157319 208379 678222 395091 824680 431661 914193 249903 259828 423949 315212 387541 735561 430969 179924 341697 407747 556080 707792 283521 560555 527920 313730 263103 418231 116955 417694 545916 419893 580798 189374 253528 699632 659866 713136 281386 360425 809999 88632 250925 216887 226237 776931 321672 698451 248924 661403 506113 549292 268828 615195 428622 232973 245152 672961 822640 218501 293248 409737 741562
666615 124318 675968 590235 641584 643153 523042 51593 587435 599884 700635 399278 293026 589431 696855 737883 756023 324977 285527 182919 999999999 482575 200984 569899 206181 172628 245130 175205 262488 789023 183410 316485 244022 422357 351860 810438 590578 428139 472740 454110 241824 89800 579806 460668 934556 577241 1030222 340280 115925 540577 450449 564747 654594 515862 362713 415287 584503 706190 618360 438026 728456 403489 164245 99657 585831 271984 582290 728248 294560 757818 359685 378584 768895 782056 826830 463110 334686 897949 99168 344266 245064 176385 875421 504444 820119 390269 620665 429674 615094 386297 781575 593261 252051 137374 815925 917593 288896 464464 341167 802379
437961 580840 225398 233867 544174 186744 545163 516453 721078 177340 431862 282493 279640 121103 394069 270367 321830 492948 413454 319721 482575 999999999 400758 655847 276959 329379 361972 321363 228723 374948 510902 293541 246330 221212 353300 333496 121363 181956 364435 183847 265743 526771 777203 294293 548965 130287 626673 221435 510719 193412 103648 311627 797235 271023 206277 258962 327064 240612 787575 53176 246243 691955 631103 530236 389420 330635 403105 359660 606406 290777 290605 422862 502710 375546 438223 219378 434316 569141 385031 215543 323127 540863 521486 201795 412414 111421 666422 602148 387851 443929 299000 110686 334963 564872 361369 569627 473680 307254 522887 554258
473486 323505 546028 433244 440671 584776 328021 252510 424539 465114 511959 447968 132836 521129 717222 615312 611234 147022 408642 237093 200984 400758 999999999 391064 176258 233024 53241 224868 252815 633271 112775 376593 241068 440973 154888 695012 521582 428439 276665 303335 140613 289729 442360 276996 762283 457003 861087 195238 140473 389611 330913 592656 498632 340502 375162 241126 613154 584016 470796 348070 637481 307113 356430 172318 638417 353836 641035 721368 209273 691533 416111 490121 576915 623755 659815 475859 136973 712582 180557 201021 80133 367845 696442 502526 660174 290199 434966 269020 424700 504578 684765 503690 74132 338049 679227 735789 436864 513414 172645 607065
388824 676025 674991 528463 230080 832185 115379 616913 78025 606475 443669 810980 417041 766205 1038519 744839 686492 247060 798326 622938 569899 655847 391064 999999999 547810 620394 377355 611090 613262 670856 391999 750992 607535 786465 316330 825133 765600 762352 300186 477900 485514 658131 170132 369750 714259 632046 810832 451742 463415 520111 553481 929786 145079 421262 725464 397059 949227 721272 151508 608664 825325 270725 691655 493840 990413 737074 996980 1015114 320673 911652 785651 875952 464250 655318 652458 812931 263140 610801 571358 456303 411260 745995 630876 824388 677978 559433 62292 148887 383365 891730 854118 720752 394142 702355 761794 648812 827919 871303 228733 458042
519331 312846 472977 401331 541555 444712 464578 243727 591064 399423 542578 272068 149014 387426 544667 532944 556997 316606 261662 86700 206181 276959 176258 547810 999999999 89705 171439 78189 77778 594851 263766 204116 64827 266084 247936 604497 388410 257114 346813 268039 70804 260852 616646 309049 750206 373129 842179 165123 243901 349655 248827 417935 667011 347728 200127 255983 438470 501357 642455 231855 523161 481322 361093 258238 462159 190673 464885 556528 378266 557897 241576 330132 615346 589488 639612 302471 284788 729381 111430 166709 136856 299687 698811 333302 628012 185768 582929 440309 464040 347199 575841 387563 153817 304690 613561 743733 305019 337215 344789 656381
608852 252649 541316 483034 628876 476041 544399 193709 657360 472330 631258 234960 237049 426317 528328 596223 629968 379859 178723 10480 172628 329379 233024 620394 89705 999999999 244244 11528 100657 671780 292578 154448 83294 250840 332384 662747 427667 255514 435635 352781 159627 198269 673246 398731 831808 440438 921718 254207 251160 430929 323079 396825 731655 435973 190124 345565 416985 565241 703366 292589 570624 521237 303542 253734 426447 122265 425601 556002 412871 591220 197460 257104 704300 667550 720387 291314 358335 815876 79211 255453 216348 218204 783377 331873 706140 256956 659638 501950 553471 271843 625210 438476 232130 235542 681810 828926 217112 301707 405600 745798
423457 369169 496103 380637 401265 547954 301302 296595 419701 414967 460553 440862 85072 483035 697147 566110 559285 147856 422923 246127 245130 361972 53241 377355 171439 244244 999999999 234486 242068 580416 162161 375531 233670 426214 106732 646519 483328 409354 227910 252206 117218 331605 449009 224201 709138 409273 807875 148002 193629 337777 285254 576393 495837 287278 361509 187938 596706 535031 472449 308825 593468 333026 404720 225133 627734 359725 631934 694623 244565 651917 412265 498644 526556 570771 606574 458460 114367 660669 206839 153990 41249 404071 643682 480662 607091 250559 415394 270921 373636 514627 639374 461307 27024 380352 627967 683357 457217 504388 177346 558170
597326 259811 531890 472196 617731 470740 534182 199007 648845 462376 619787 237702 225750 420036 529126 587386 620085 371446 188818 12291 175205 321363 224868 611090 78189 11528 234486 999999999 92926 661486 287913 158433 75038 250579 321527 654517 421347 253474 424272 341617 148212 205560 665933 387206 821043 431041 911184 242696 248905 420114 312849 397993 723378 424529 188589 334037 418255 556316 695538 283610 563560 515830 310471 253021 429698 129242 429352 554778 407918 585842 200988 265605 692809 657134 709695 290746 348721 804608 78984 243960 205858 228547 772300 330217 695726 246885 649841 493888 541948 280763 617974 430854 221792 244008 672465 817789 228213 304565 397513 734276
541559 352737 442768 394775 585194 380669 523391 290833 660580 376282 557624 198928 200057 328042 466914 496188 533210 389461 226464 91047 262488 228723 252815 613262 77778 100657 242068 92926 999999999 577457 341122 140660 18494 188455 303371 562122 329292 179835 386753 271747 127809 298478 690471 337688 741456 341937 828946 192213 317219 342753 229801 340303 737164 362750 122516 283818 360833 465372 714510 193164 470715 558822 403365 328218 386475 143831 390092 480576 456044 495410 172479 278132 631630 574168 629457 224704 352156 733818 163334 191305 203762 315265 697477 256473 612671 163305 644411 512898 485708 297224 525066 337958 220964 336167 582893 744007 279561 262434 418367 676333
289630 905540 156786 200614 459298 396336 562179 833642 748824 202236 239604 655322 505373 368845 671547 162647 63354 642821 785183 663927 789023 374948 633271 670856 594851 671780 580416 661486 577457 999999999 740295 667229 591671 591698 500649 203927 366707 552482 410043 335707 547276 854988 835257 369232 176463 244780 252680 450201 771847 248556 348719 642659 809743 299787 581068 393262 651543 170271 822363 389641 288655 835765 951596 801009 724490 700567 741731 592626 790694 389226 665503 797638 264425 16500 75342 581022 579135 235051 704336 445730 559250 889981 174045 548436 37926 415067 646279 700870 287591 818673 275419 308980 560186 899524 106974 218486 844526 670457 664774 310696
558466 284072 658066 541503 496675 693015 360864 226752 404705 576996 601826 524439 245280 630438 807626 727718 720992 156933 450393 299797 183410 510902 112775 391999 263766 292578 162161 287913 341122 740295 999999999 446340 326186 527922 245866 807647 630993 520843 362069 414366 246395 268308 397569 376449 861916 569736 961778 307920 71451 499685 443639 679257 471197 443332 462253 347046 699770 696498 435153 458682 749670 229992 302635 102532 716757 413471 717013 819679 120540 801469 488690 539854 661965 730069 762650 565471 190822 803497 219569 313734 192898 358946 792501 597043 765717 401282 446159 247913 514150 551036 797329 615370 186105 310958 790067 829503 464767 591238 165582 686565
671043 362979 518845 503374 724458 385655 663510 323048 795180 466218 681809 82809 340541 352603 381133 558784 615326 520134 121561 146640 316485 293541 376593 750992 204116 154448 375531 158433 140660 667229 446340 999999999 143737 119837 443729 611387 354466 143465 525730 394941 266310 311843 818890 473217 839120 422699 919599 330241 405143 453296 336249 249009 871080 490448 89209 419938 268461 530769 845977 280530 502125 673763 413146 405566 272247 51633 271153 420992 566240 497754 43437 141807 755912 666773 727333 159361 488399 846370 232329 328654 339788 285635 804425 207462 704307 275223 783928 643756 615481 162190 557714 385725 356954 332582 652692 852090 182259 148428 547808 802989
548119 334750 458678 406833 586489 399143 520007 272443 653143 391058 565790 207741 197808 346494 481446 512978 548340 380223 220193 74043 244022 246330 241068 607535 64827 83294 233670 75038 18494 591671 326186 143737 999999999 202026 300577 579557 347736 195654 388633 281309 122582 280556 680785 342189 754406 357796 842698 195871 300344 354705 243308 353764 729453 370431 136170 288214 374301 482041 705835 209487 488908 545891 385284 310653 397358 140190 400231 497118 442143 513899 178695 277387 639636 588049 642547 239291 345383 744357 144880 195526 196654 299557 709074 272611 626598 176761 640206 503873 492286 295861 543174 355867 213869 318788 599013 755347 271154 272526 408746 683590
643772 480476 437003 451997 724077 271598 688045 435588 839352 398185 644973 65384 369820 247867 280054 466323 534901 574037 232275 240998 422357 221212 440973 786465 266084 250840 426214 250579 188455 591698 527922 119837 202026 999999999 470446 510074 249920 39379 528373 369061 309111 428210 875073 466037 767366 349536 840611 339114 497600 406884 295429 151855 916495 465948 65957 417014 172388 440990 896655 229626 394818 747275 531117 503505 203951 171351 211061 306318 644144 381026 90346 211767 717642 593706 657726 40971 531235 790260 329477 335561 386086 405461 742569 87639 629538 249731 811253 696507 590222 232090 449748 291679 402903 451477 562518 790722 291108 91550 603539 767869
318710 475849 438792 306998 298802 537903 220158 403327 373569 358590 358436 497785 103371 471153 724499 511152 488193 150722 509177 332003 351860 353300 154888 316330 247936 332384 106732 321527 303371 500649 245866 443729 300577 470446 999999999 593679 470959 446032 121805 198460 178899 438097 424105 132097 616153 365372 716181 137117 292180 272925 257756 613599 450743 200955 410409 115483 633132 481710 436746 302353 559441 353987 510726 325314 674335 437659 681262 707383 291953 631347 475174 576778 422243 489335 518213 496607 86138 559767 307929 142191 117971 508462 546824 509104 523757 248518 342122 249214 270835 594436 599445 436459 104815 486871 560804 584506 549283 556399 178146 452263
469768 913376 155447 299167 634301 255865 710935 847317 901445 235111 427185 575186 562385 262225 511157 82799 153960 744246 732855 653159 810438 333496 695012 825133 604497 662747 646519 654517 562122 203927 807647 611387 579557 510074 593679 999999999 260161 474560 535576 397872 577869 859548 979811 476227 343846 238362 377750 499774 822403 321791 366525 514743 968943 411533 522392 478197 518330 112150 974615 372979 123429 946706 963230 846392 593107 654927 612002 421221 882082 204521 596616 721495 464224 218778 273439 486751 679235 433010 715037 494011 615127 873558 370362 443308 228770 420974 810795 826042 451334 741463 83228 227328 621642 898286 101861 409378 793507 570533 770681 512697
505740 680021 211122 289417 633425 67072 652589 620065 833505 208386 487587 315033 400873 2193 319784 222350 304884 613204 475253 417407 590578 121363 521582 765600 388410 427667 483328 421347 329292 366707 630993 354466 347736 249920 470959 260161 999999999 214856 468191 287757 384943 625595 893492 397454 542224 159778 604935 341889 627654 266205 214235 275954 908782 360103 266628 369765 285142 201396 901610 174532 147808 813004 731080 645415 357787 400503 375058 262827 727726 170748 337085 461377 551835 372569 439281 227672 553550 588615 491609 335924 444369 627189 533257 187201 404168 232784 771279 720173 462247 481417 203463 61869 456317 659647 318919 580506 535668 313920 642995 604901
607346 495217 398036 413405 691872 242233 661508 445756 817486 358830 607373 103405 347565 212869 288792 428682 495926 556557 261855 245229 428139 181956 428439 762352 257114 255514 409354 253474 179835 552482 520843 143465 195654 39379 446032 474560 214856 999999999 497684 334165 292321 441908 856762 433773 728070 310159 801693 312054 495565 368885 258878 168155 894746 430580 65884 386073 188133 402882 876542 192430 361352 735545 546305 504095 230548 193137 239895 302128 634684 354464 122235 248989 679780 554404 618366 50586 510723 751073 332143 308082 368534 426688 703229 77191 590306 216764 784925 677856 554224 269581 416675 253896 384942 468570 524632 751383 321813 127710 586421 730270
197452 596945 381629 236495 198762 534164 185419 524044 372444 308767 239835 567076 198783 468940 756168 453422 409846 237485 606522 433447 472740 364435 276665 300186 346813 435635 227910 424272 386753 410043 362069 525730 388633 528373 121805 535576 468191 497684 999999999 181456 276137 557868 445196 70780 506523 331973 607341 195584 412769 221079 260788 658904 445023 124337 475908 111623 677025 427513 443998 322217 526105 425727 632433 446227 727923 528819 737571 723373 387446 611466 551063 664883 301132 396763 415630 547232 177973 441479 422299 197536 232203 624775 433116 549150 427759 281998 303184 293323 152282 683917 557293 421180 222038 606646 485284 468298 651821 618820 256634 330467
277365 572677 244891 136126 362396 354285 364908 499917 546641 163658 287247 417700 171725 288400 577424 316121 308536 348888 497170 346652 454110 183847 303335 477900 268039 352781 252206 341617 271747 335707 414366 394941 281309 369061 198460 397872 287757 334165 181456 999999999 213202 523669 610573 110828 483107 166951 576934 114495 438806 87513 80804 486960 621427 97244 327052 85506 504048 285741 615797 146214 361786 552341 617510 466813 560253 412579 571721 541992 484215 438400 410385 536568 361402 328152 373615 381161 284595 463502 373318 110073 225969 567693 430901 376108 366077 121631 484493 442519 222530 557102 400990 244477 229217 569725 375901 476185 551297 460581 376605 408049
451719 359480 437204 349163 470810 446621 397613 286774 533158 359453 477383 326353 78285 384334 580531 501941 514625 264948 332139 157319 241824 265743 140613 485514 70804 159627 117218 148212 127809 547276 246395 266310 122582 309111 178899 577869 384943 292321 276137 213202 999999999 310896 565968 240795 695798 340759 790124 101851 246450 298982 212291 459179 609909 284323 244719 188739 479500 470176 588286 214571 508508 445805 404521 268740 511213 258803 515904 581250 349885 555609 300138 397880 549364 540514 586772 341272 224529 667935 161404 104857 77042 361162 640428 364452 578691 159136 517624 387503 396866 415575 558472 372829 94024 357567 576102 684291 375771 388672 294550 589034
749517 54425 733031 659117 730348 672194 612839 41576 672948 660249 781279 392374 371347 624205 689802 790987 817849 414219 247275 208379 89800 526771 289729 658131 260852 198269 331605 205560 298478 854988 268308 311843 280556 428210 438097 859548 625595 441908 557868 523669 310896 999999999 660100 541096 1006628 632647 1100424 412374 197694 608139 509643 558539 738306 592603 376379 493300 577175 759656 700526 487379 768891 478060 105579 172834 567037 261471 560621 732734 371935 787383 352288 339109 850882 849143 897226 468981 424314 976254 150702 415664 327130 92832 950816 514652 887563 445801 709691 516091 696934 342332 823438 636412 335943 48787 873739 994125 233079 453013 429508 886064
557405 664365 826650 680774 400138 960561 273097 618907 96522 753594 612392 888524 511622 893806 1142342 898099 846759 301171 842984 678222 579806 777203 442360 170132 616646 673246 449009 665933 690471 835257 397569 818890 680785 875073 424105 979811 893492 856762 445196 610573 565968 660100 999999999 509852 884262 773133 980963 559682 464211 665391 679295 1024544 98223 569492 810516 525602 1044731 872634 50372 726458 968820 191101 667353 487286 1076670 795173 1080562 1130628 288674 1048971 857937 929001 634381 820069 820391 906462 347738 780645 609572 565121 488994 752589 800948 925531 844336 672093 217058 178941 547993 942038 1002068 854780 472243 697819 922469 818837 861502 952884 272110 627280
211009 584481 320972 180448 258126 463512 255576 510685 440659 244676 240226 508375 170146 398192 686978 393501 360162 274998 562302 395091 460668 294293 276996 369750 309049 398731 224201 387206 337688 369232 376449 473217 342189 466037 132097 476227 397454 433773 70780 110828 240795 541096 509852 999999999 486031 263848 585524 146479 417351 156174 190726 592364 514204 69633 416810 53976 610113 366059 511334 253517 459128 473458 623982 449271 663085 481429 673431 652821 421626 542372 495303 614198 310228 357596 386402 482612 210518 437793 397543 146667 215666 600053 419484 482045 391731 217029 373964 349942 156634 633876 492624 351038 210337 589411 434229 459384 611168 557199 298810 348377
331374 1054997 333205 349001 485330 567886 619548 981772 790771 372997 277337 830569 643090 544380 840841 329016 237340 743551 955319 824680 934556 548965 762283 714259 750206 831808 709138 821043 741456 176463 861916 839120 754406 767366 616153 343846 542224 728070 506523 483107 695798 1006628 884262 486031 999999999 418755 100915 594852 902752 400975 511758 818052 840010 422147 754286 522837 826382 342736 861899 559278 450731 920508 1098685 934071 899776 870110 917228 757452 893515 545619 839421 971764 251601 173671 112172 757373 684308 126090 856412 591263 694847 1049052 83867 724854 138572 578161 675994 777087 358158 992846 425376 485241 692614 1052829 244474 86569 1013890 846839 760688 272721
346276 685490 100887 129790 480231 217099 516929 616830 704197 51176 328139 412054 324672 161357 478691 161203 193495 515599 541443 431661 577241 130287 457003 632046 373129 440438 409273 431041 341937 244780 569736 422699 357796 349536 365372 238362 159778 310159 331973 166951 340759 632647 773133 263848 418755 999999999 496909 261835 584237 113946 128583 420502 776975 213020 336289 251776 432937 129433 775154 149177 195889 719095 734170 608693 501532 457432 517073 421470 648089 280028 420888 553147 393783 245268 308344 342989 451491 444206 484546 256004 376997 657187 393941 316703 282164 187375 630426 608269 304349 574211 234102 100116 383982 674201 241439 442075 601209 432303 543499 446686
431106 1149604 403668 441322 581062 621614 718459 1076726 886709 454852 377518 904978 740054 607126 887658 383827 305811 844440 1037833 914193 1030222 626673 861087 810832 842179 921718 807875 911184 828946 252680 961778 919599 842698 840611 716181 377750 604935 801693 607341 576934 790124 1100424 980963 585524 100915 496909 999999999 689990 1001491 492602 599390 877980 933512 520608 832949 620837 884469 403664 957082 642286 495731 1020990 1194086 1032501 958884 953247 977026 798935 994412 582053 916791 1048582 346643 254828 203409 827113 785054 206123 949853 686145 792385 1139674 180849 791134 216436 665940 770454 877214 459031 1069549 460927 551947 790723 1146043 289482 165244 1097206 915936 861599 360917
354923 460159 351638 250323 394346 408038 349462 386937 510626 271215 377489 373190 62987 341832 587546 420270 421746 271513 415871 249903 340280 221435 195238 451742 165123 254207 148002 242696 192213 450201 307920 330241 195871 339114 137117 499774 341889 312054 195584 114495 101851 412374 559682 146479 594852 261835 689990 999999999 326406 201865 137387 478510 587757 183101 282838 92545 497766 388893 573680 168882 445890 471419 504105 353442 542019 335551 550068 570984 390640 507780 355732 469994 450229 442554 486584 362570 213686 566282 263249 6073 115451 462292 538628 372669 480374 112640 472871 382645 299390 489307 491393 315066 122245 459294 487029 582441 464839 427749 301463 491665
610221 212779 677458 571358 560348 686553 429077 156127 475383 597466 650586 486120 267156 626861 777282 744740 747332 225526 394309 259828 115925 510719 140473 463415 243901 251160 193629 248905 317219 771847 71451 405143 300344 497600 292180 822403 627654 495565 412769 438806 246450 197694 464211 417351 902752 584237 1001491 326406 999999999 526029 455879 646638 540718 480884 433371 381100 666965 713098 503489 460542 754827 288151 233444 34114 677382 367083 675985 797420 178786 798236 448394 485959 713896 762757 799982 536871 250967 851751 172877 331706 212951 289199 836683 572702 799506 405584 517254 319158 563014 495508 804919 618985 211809 239620 813426 875651 403068 552857 236383 741619
245425 657970 166396 52160 367842 327922 404775 585652 593373 88503 238972 462796 258873 267452 578305 239016 221630 423005 563188 423949 540577 193412 389611 520111 349655 430929 337777 420114 342753 248556 499685 453296 354705 406884 272925 321791 266205 368885 221079 87513 298982 608139 665391 156174 400975 113946 492602 201865 526029 999999999 117050 504648 665180 99408 376174 157818 519550 210595 665075 177989 305247 625008 703487 554248 582828 477672 596468 528889 563750 393531 462138 592658 310916 241532 289987 410697 357900 393449 457467 197276 313091 648089 354797 395189 279737 180832 516839 505705 197720 613622 336693 210859 315639 653496 290691 401579 619801 496414 449056 361733
348479 561600 225570 167652 442917 281306 442033 491568 620004 150606 350628 348405 200184 214592 496666 289685 308302 403434 446846 315212 450449 103648 330913 553481 248827 323079 285254 312849 229801 348719 443639 336249 243308 295429 257756 366525 214235 258878 260788 80804 212291 509643 679295 190726 511758 128583 599390 137387 455879 117050 999999999 407252 695717 173127 260218 156472 424026 257929 687590 67103 308569 605741 609397 480123 481732 361290 493798 463008 527806 374075 345839 475833 424014 344783 399701 304117 341839 510364 359937 131352 250790 541284 470309 296337 383349 66560 562938 506723 295475 496764 354179 179587 259148 552836 365538 517516 504062 386392 432675 473348
749580 607801 486754 541778 849005 259136 827461 571831 985568 471674 741825 166610 515702 273815 132157 494167 580735 723962 329499 387541 564747 311627 592656 929786 417935 396825 576393 397993 340303 642659 679257 249009 353764 151855 613599 514743 275954 168155 658904 486960 459179 558539 1024544 592364 818052 420502 877980 478510 646638 504648 407252 999999999 1062835 580005 217811 547615 20538 476101 1044671 340763 391355 899114 656679 650558 81888 297490 99224 185660 795906 338806 206781 266701 811131 648359 714986 118089 678851 861832 476035 474250 535836 519242 807943 110915 680111 377071 950902 845697 699262 280437 439460 334915 552419 574313 589206 855499 377823 107511 753688 863385
523179 746915 819591 673130 356377 975556 260454 696777 77277 751527 577140 936075 547224 909327 1175242 889077 828343 351988 906075 735561 654594 797235 498632 145079 667011 731655 495837 723378 737164 809743 471197 871080 729453 916495 450743 968943 908782 894746 445023 621427 609909 738306 98223 514204 840010 776975 933512 587757 540718 665180 695717 1062835 999999999 566336 853666 539307 1082624 865876 47903 748888 970401 283300 753531 566561 1120045 851966 1125448 1155577 371699 1056419 908097 988753 588411 793909 786483 945141 385603 729346 673777 592684 533405 829848 756146 959645 814567 697813 164904 230146 523467 1003079 999038 864974 516212 778394 903251 769038 929311 998500 326212 574030
180682 638398 257307 113000 274509 423857 305883 564632 495195 185312 195593 514936 222858 361152 664211 329218 291013 344504 589184 430969 515862 271023 340502 421262 347728 435973 287278 424529 362750 299787 443332 490448 370431 465948 200955 411533 360103 430580 124337 97244 284323 592603 569492 69633 422147 213020 520608 183101 480884 99408 173127 580005 566336 999999999 424203 101012 596449 303177 567356 240181 404166 541969 680022 511978 654859 505521 666869 621177 491240 492882 507152 632239 269246 288381 319626 476845 280127 383863 445184 181089 273239 645319 359647 469127 323004 218767 417468 415274 125452 652616 433561 307729 270493 640223 365483 401848 641578 557406 367945 313667
604316 429872 430978 424560 673555 302025 629490 379872 776654 381406 610303 91574 308429 264827 345416 469684 527943 509362 210759 179924 362713 206277 375162 725464 200127 190124 361509 188589 122516 581068 462253 89209 136170 65957 410409 522392 266628 65884 475908 327052 244719 376379 810516 416810 754286 336289 832949 282838 433371 376174 260218 217811 853666 424203 999999999 365726 238345 441844 832907 199299 414436 681337 481032 440514 266562 133927 271859 366196 578227 415973 86213 218211 683965 581255 642936 103606 468094 766899 267504 279864 321760 364432 722732 141750 618415 205438 752268 632200 549579 239317 470088 296519 338716 404001 563843 770661 271457 145990 538701 732701
263367 538249 323350 195096 307842 436709 286368 464427 463776 243115 289132 457168 122337 370249 647083 395676 375893 266111 508329 341697 415287 258962 241126 397059 255983 345565 187938 334037 283818 393262 347046 419938 288214 417014 115483 478197 369765 386073 111623 85506 188739 493300 525602 53976 522837 251776 620837 92545 381100 157818 156472 547615 539307 101012 365726 999999999 565885 366243 531994 213478 447109 469070 579339 411733 616303 427514 625965 618555 405978 523551 442902 560670 360689 383210 418900 435613 201222 483106 347560 92696 172232 549337 460542 438188 419273 170559 408337 357024 208231 580262 485400 329178 169886 541256 447281 502320 557340 507699 293019 400528
