NAME : synthetic_000934
TYPE : CTSP-D
DIMENSION : 100
GROUPS : 8
RELAXATION_LEVEL : 1
EDGE_WEIGHT_TYPE : EXPLICIT
EDGE_WEIGHT_FORMAT : FULL_MATRIX
EDGE_WEIGHT_SECTION
999999999 395393 333193 109248 284268 480094 341346 285128 255771 448624 433228 345677 196074 425939 8684 538101 128203 270052 268146 197917 347018 114103 381984 487891 508942 391777 516486 666280 473543 223612 372108 337962 189722 408251 294206 127721 252710 109600 422017 336758 327128 402159 148461 532820 572579 433460 510753 76724 260059 396312 213360 456457 376248 368023 336788 434179 524208 197678 406089 526104 400690 482110 595096 472238 263715 121185 492763 455306 396500 575672 556174 540989 205466 330284 576352 496260 417699 473953 633591 269901 377687 261815 392379 634845 455361 517021 438610 221557 138418 344233 421295 283717 420257 517794 247103 388821 377813 362476 156283 314236
395393 999999999 303263 421805 638228 818668 299500 337558 584418 782617 801873 118568 571909 530463 387394 801830 404123 659601 232034 285120 656009 293576 273032 389016 901323 761437 734122 1047266 849414 241471 437335 656081 232304 803479 546957 345152 569722 355562 795558 536541 91759 174738 387712 893241 600857 244653 851385 444840 426610 771707 597209 786570 739027 36863 689071 559243 792904 322481 231411 853482 723303 829991 270213 863592 219658 364923 629783 839841 336058 868280 247321 604231 436277 700135 857155 783618 284558 96065 709921 359821 505350 276491 317261 982254 691200 869700 820332 249472 335782 495466 811549 503643 669835 234150 588045 699655 734613 684593 305754 354926
333193 303263 999999999 427031 441511 584458 10043 66173 375686 547790 756045 364961 523949 685317 325383 523368 242221 578987 401186 391688 678678 315269 66198 633379 796373 565991 443225 971771 655036 372580 134856 670520 181453 683270 609184 208432 355337 227618 602216 633782 320422 161295 213611 674862 802371 509663 616346 409605 530768 583546 534393 548236 537318 267797 668087 704630 851947 422563 487159 858919 485820 812188 332704 764729 386826 221597 772961 762470 554294 907728 291306 787676 500675 655624 583171 517678 97304 396452 891939 96217 644221 74399 539671 963143 772754 845212 638584 378528 196412 207029 651173 584507 740584 246981 580287 721206 526587 695492 177367 61792
109248 421805 427031 999999999 357514 550498 434222 385763 344100 522577 380088 343344 155228 322364 113723 631636 237441 250730 236855 158900 255297 133836 468372 418567 490510 445902 618593 626199 517873 199868 478773 249838 261006 406271 186472 231123 345495 214637 470967 227665 338746 468879 257183 588183 473229 395030 578934 56952 159947 444699 185078 531853 436878 401881 269018 327989 424936 137899 369323 446256 481832 412976 653606 451537 238670 227952 384497 421345 330415 483443 617382 438190 99244 278496 664705 585199 503434 484686 527500 373729 273496 353119 330993 566718 349269 451378 477634 194212 240120 453480 446961 174589 315343 582948 169083 299090 442603 276946 251155 415886
284268 638228 441511 357514 999999999 195917 451533 375344 66912 165622 429332 616255 291926 669992 288253 293191 234480 261682 551627 482088 473752 394380 507377 769336 393316 126334 317098 580784 216146 506771 382435 456710 406047 279365 492718 293292 88384 282862 162258 555999 589255 578989 254116 255743 824830 716502 226501 300566 515601 142170 271279 174480 101074 604552 403042 668843 647485 478753 689015 578357 126923 510208 769149 371674 546222 273398 712756 394251 678527 663916 727463 784976 451348 360607 314368 238134 538312 728161 863422 345386 621266 402935 675520 634180 621690 527833 197079 505230 303305 296925 216015 507178 583745 683632 375715 499327 96905 467040 334122 387429
480094 818668 584458 550498 195917 999999999 593963 521123 235919 36800 531369 806760 462989 855172 483911 191613 417060 403640 746939 677968 628846 589209 649925 964842 427723 128390 275314 605715 143405 702007 490146 610595 587391 339661 669664 475501 249104 468198 132093 736296 777216 736915 431101 101218 1010948 911458 32747 493677 706278 146934 435813 37475 120587 783542 543487 851055 787830 674448 883939 690218 98708 617151 917045 423661 741156 456453 889066 468832 874202 786787 875735 968588 641301 493304 172105 134151 675882 911398 1040755 491155 807091 562984 871375 710787 781299 623060 171641 700667 483788 396129 231641 690294 744267 831414 542390 645721 109732 614415 513142 524116
341346 299500 10043 434222 451533 593963 999999999 76204 385684 557313 765125 364156 532670 689577 333469 531330 251795 588336 403430 395787 686384 320957 56335 634206 806177 575974 450279 981380 664997 375699 140195 678382 186225 693137 615790 217164 365314 236359 612199 639559 319482 153794 223222 684575 805324 509121 625811 417638 535945 593558 543393 557686 547274 264385 676634 709235 859157 427152 486941 867254 495349 820883 323118 774464 388972 230647 777797 771978 555908 915444 281772 791245 506784 664552 591332 526300 87272 392034 895743 106210 648846 81133 541061 971999 779288 854053 648607 381785 205044 214938 661212 590551 747320 237451 588389 729021 536500 703477 185274 70609
285128 337558 66173 385763 375344 521123 76204 999999999 309584 484368 698650 380414 469927 663811 277976 470531 182025 519615 396152 373908 632132 287259 132133 635500 732896 499934 397160 909920 589070 362024 112830 622805 166093 619245 571162 157464 289321 176038 536160 601722 337579 217627 153315 610217 789391 521621 553250 361783 503697 517396 478038 485283 471378 300833 615068 680604 808687 400831 497254 807214 422415 757765 397242 701881 382688 167116 747032 701571 551761 860616 355665 770522 467017 599591 528784 460312 163281 433217 872815 30322 620359 64044 538751 907307 734648 789612 572415 366904 146829 158157 585262 550766 701091 311388 531001 673720 460862 646765 135790 30867
255771 584418 375686 344100 66912 235919 385684 309584 999999999 201032 475130 571176 308744 664472 257957 287925 181290 298662 516725 451798 495506 358528 441713 743472 454647 190409 289232 641123 279827 471752 316204 479585 352409 339598 498079 239979 21633 232282 226627 557098 541297 516226 196949 310142 817040 679712 268368 288492 504046 208016 294301 206842 162467 549827 434585 666634 674144 453445 652182 617907 146897 552643 704803 430729 509868 220723 715753 448298 651987 698090 663108 780311 441998 397157 321498 241595 472213 676290 864352 279475 615448 340005 647248 683670 638040 573667 263376 471157 248734 232595 282495 506043 600063 619116 392504 525399 153794 493313 278695 320874
448624 782617 547790 522577 165622 36800 557313 484368 201032 999999999 526531 772201 442348 831091 452123 180388 381769 389086 714512 646523 613145 556508 613312 934829 434363 121336 253954 616122 159143 669534 454705 595103 551616 339559 648158 440007 213411 433113 135038 713837 742141 700115 395230 133440 986596 878641 69342 465637 679699 143684 416599 12323 105009 747391 530705 828080 776278 644156 851108 684532 61974 612034 880414 426980 708406 421102 868134 468604 843911 779184 839083 945199 615013 481777 173335 119408 639435 875578 1019645 454384 782713 526219 840630 712310 764970 620355 179177 668400 448096 360699 235438 666789 727598 794760 523350 632187 89855 600494 477260 487538
433228 801873 756045 380088 429332 531369 765125 698650 475130 526531 999999999 717886 237420 495333 441857 700424 516880 182571 601516 528036 198958 511381 810872 705562 178305 405405 743778 250043 410865 572267 756645 185609 622105 197245 315703 548633 492851 529498 400295 376318 717604 834896 545474 498770 632608 738310 542566 364985 433296 384668 222002 538853 423778 781602 118818 473296 280364 496328 716707 159118 528833 85798 1026121 147701 607154 534478 473766 86846 638601 258828 988018 579800 388517 103355 699747 639248 846551 861522 611603 675895 462556 689481 647867 211285 321319 98638 368701 565398 561094 692116 307093 363872 294922 950520 217179 179606 441774 164691 585129 723514
345677 118568 364961 343344 616255 806760 364156 380414 571176 772201 717886 999999999 498333 412427 339013 817919 391704 591924 122522 189988 557881 232529 353212 280348 833247 732990 762802 966792 817419 145619 490551 560035 232924 743589 443066 335515 560055 339867 764900 425642 44848 273346 383086 871155 484258 145285 838947 377985 318254 739677 526986 777873 714282 128594 601494 441641 684043 223830 124962 754794 716460 737546 388679 794467 113179 353072 511922 764383 219240 762057 365599 486073 337588 619075 868554 791232 373118 144472 591989 395455 388876 316414 200827 887368 579939 778160 783800 152567 329710 530636 766538 397155 560839 350037 500956 600528 712926 588543 304773 404497
196074 571909 523949 155228 291926 462989 532670 469927 308744 442348 237420 498333 999999999 397294 204661 584942 291523 97738 391084 313480 187266 278577 576223 549390 335294 342073 597890 476119 398114 355061 540324 172131 384687 255420 206915 315521 319701 296332 358960 274718 491895 597476 319120 478141 552921 545126 486635 128641 267901 333791 33346 453481 342591 549217 145454 390044 367968 288810 520335 338367 417030 288246 789013 296309 393570 303174 426098 267990 467146 402134 750722 508069 205359 134259 604684 529854 611970 638760 577770 449759 350902 455109 471121 439724 330465 321754 354248 349296 327640 489228 312564 232300 292454 713102 84158 220293 353846 189157 349895 496715
425939 530463 685317 322364 669992 855172 689577 663811 664472 831091 495333 412427 397294 999999999 427982 952396 550780 480555 306238 293863 296670 377202 705047 239595 664821 738250 940760 726349 794768 319391 770557 311486 504057 626373 195877 528260 667151 516180 756221 126193 442502 660020 565227 875431 155916 338794 880732 376307 166346 730936 428461 841397 736141 533392 389003 33086 323712 263338 331182 447451 796623 467179 800575 627774 320795 531778 99695 574271 215744 410588 775390 115905 223196 435597 982521 903844 735078 536939 210023 660845 49025 613598 233752 585787 215859 506340 750396 312195 533412 762924 704462 165348 219170 754998 330445 319706 745447 330643 532023 694544
8684 387394 325383 113723 288253 483911 333469 277976 257957 452123 441857 339013 204661 427982 999999999 538914 124359 278669 263561 194520 354309 108194 373754 485515 517399 397176 515621 674951 479495 218854 366210 345466 181038 416404 299473 120740 254186 102935 427737 340732 319834 393484 143466 537898 573686 428743 514746 84263 261840 402120 222043 459787 381157 359822 345103 436842 530998 195891 401324 534160 403450 490488 586414 480749 258740 115103 496124 463966 394033 583090 547490 542767 208564 338887 577926 497831 409458 466452 636114 263255 379922 253756 389519 643293 461121 525491 444951 217062 131164 340126 428390 287760 426232 509121 254920 396287 382352 370153 148291 307255
538101 801830 523368 631636 293191 191613 531330 470531 287925 180388 700424 817919 584942 952396 538914 999999999 436111 549106 785400 727857 766477 630237 582701 1020878 614745 299279 104311 795794 334792 741293 401278 749216 585477 518388 782912 486080 286495 486298 315425 843805 781169 684538 437909 281719 1104800 942074 202192 576346 791501 322843 564331 168762 277236 765049 691915 954267 937776 734298 914945 856572 173178 785142 842704 606954 776420 471061 1001988 646858 929436 947984 803431 1068227 729851 646111 62684 61623 600697 897816 1151414 444533 903372 526824 922800 891145 914881 796097 359169 742066 489967 316392 415771 793291 876936 760313 668854 790551 258826 758333 513253 462118
128203 404123 242221 237441 234480 417060 251795 182025 181290 381769 516880 391704 291523 550780 124359 436111 999999999 337616 349289 294445 463590 195546 302298 586393 555656 359193 400324 729593 448307 305266 250698 452354 171819 443944 421393 58977 168648 51882 394172 464931 360451 354412 28740 489118 693700 507453 449586 198109 384434 371459 297161 386881 335512 370156 436952 560653 644091 306077 480117 629886 324932 577792 548952 523210 340412 39441 620459 520301 495350 689279 507726 664825 332851 418649 481914 402962 337044 495223 759645 159204 503140 184116 487756 726149 580948 608697 422906 306247 68873 216052 424022 411905 545090 465285 359068 503116 330549 474410 99862 206719
270052 659601 578987 250730 261682 403640 588336 519615 298662 389086 182571 591924 97738 480555 278669 549106 337616 999999999 487485 409604 225400 366488 636312 645238 242070 276445 578632 397375 317799 450266 574234 207057 458877 157745 285139 374271 314863 355472 285944 354930 582866 669841 366350 402503 634372 642740 423066 215396 362619 262964 65762 401034 284540 634793 142850 469323 388922 386094 617828 319252 376211 254876 864077 204013 489371 358573 496375 186102 564156 402260 824609 586834 301624 99108 559426 490176 671736 730440 647288 495782 436379 515252 568500 393851 378089 279147 272654 444819 386955 509963 223953 318705 341454 785140 150414 243199 299337 211417 413215 543462
268146 232034 401186 236855 551627 746939 403430 396152 516725 714512 601516 122522 391084 306238 263561 785400 349289 487485 999999999 78030 436194 158217 409120 242460 725903 659245 744554 851316 738961 44997 508795 438963 230424 642995 320560 302335 509633 299656 688526 304845 140613 354504 349674 800760 403699 165371 778024 280613 196111 662547 421757 721711 644358 229393 483883 332629 562413 105224 138099 632736 663547 617277 498953 686699 14939 315337 403722 652693 155759 639765 471413 394893 216651 505013 830282 750766 436324 266010 501172 402407 276127 336655 143825 766084 459479 658137 701891 46642 301105 527665 677621 274728 439190 449241 384394 478534 645890 467392 285313 424901
197917 285120 391688 158900 482088 677968 395787 373908 451798 646523 528036 189988 313480 293863 194520 727857 294445 409604 78030 999999999 371307 99165 412113 293055 648577 585911 694466 777248 664052 44696 483819 372160 210886 564970 262723 255438 446637 248657 614317 261292 194997 377324 299965 727974 415829 240176 708506 203187 150235 588210 343907 654277 572312 273810 411508 314593 511285 38177 213516 568802 597819 548421 541182 609442 80247 264878 384328 576582 201579 584302 509748 397016 151166 429923 769773 689802 443094 334162 500479 374405 254499 320771 195616 699281 413885 588820 626216 37427 257111 489456 600576 221911 389155 482249 311004 414752 574824 400715 248320 404251
347018 656009 678678 255297 473752 628846 686384 632132 495506 613145 198958 557881 187266 296670 354309 766477 463590 225400 436194 371307 999999999 385800 722873 509817 369399 501845 784302 438415 538389 415680 714196 18558 516301 345130 123088 474680 506900 456287 510361 178001 566304 722647 489036 625018 438022 555698 648456 270352 249490 487990 202713 624923 509213 642041 97548 275819 181977 334933 536484 197504 595461 185549 903110 333329 444704 466618 284734 278084 448241 229060 868355 386272 220570 149480 781425 709418 758136 702079 431253 616034 263801 605688 459336 330113 152747 226900 493083 407936 485423 670941 438556 173011 116660 835608 106196 44239 523293 35185 501357 661066
114103 293576 315269 133836 394380 589209 320957 287259 358528 556508 511381 232529 278577 377202 108194 630237 195546 366488 158217 99165 385800 999999999 347247 390989 608496 505301 595338 754505 587610 113230 393412 381834 136754 513834 298792 157111 351740 149568 535928 318609 217496 336864 200892 645740 509255 322252 620493 151320 216687 510295 303655 563597 488848 270775 402452 393362 547335 116563 294737 579272 505333 546776 519820 570482 151947 165804 459946 546359 299832 611460 483822 486226 186784 408661 673512 593751 381081 365273 586852 283664 333163 241327 292599 700545 460962 585014 552657 112781 159775 392429 534045 270091 430754 450038 302898 429969 489472 409457 154996 318099
381984 273032 66198 468372 507377 649925 56335 132133 441713 613312 810872 353212 576223 705047 373754 582701 302298 636312 409120 412113 722873 347247 999999999 630218 857861 632066 498399 1031190 721173 386672 184722 715900 210532 745521 645564 262441 421442 281494 668292 664217 308496 109517 274140 740846 812817 498201 681689 457086 557476 649474 588870 613543 603466 240634 718716 726673 892147 445993 477995 907626 551364 863801 267136 825496 394278 277747 796399 821036 556775 951625 225940 802356 534002 709319 643351 579916 35750 360766 907967 162323 666612 121395 540757 1015940 808179 897975 704417 393470 249882 266908 716117 616997 777540 181669 627682 766129 592782 741752 226342 125898
487891 389016 633379 418567 769336 964842 634206 635500 743472 934829 705562 280348 549390 239595 485515 1020878 586393 645238 242460 293055 509817 390989 630218 999999999 861670 864312 984977 948109 935811 283339 748323 520873 471237 801810 389861 542989 739155 538664 889494 333053 323700 553609 589510 1006684 229333 146535 994402 473923 283038 863232 582730 943190 854241 407163 589906 272039 563166 290749 157719 680831 888498 691690 646814 822772 254570 554682 324752 775998 91565 649936 631219 251922 344032 627972 1062621 982596 652215 357681 346818 643605 252255 574044 99095 820083 454684 732317 894709 281189 542567 770115 859703 342353 453934 622646 507687 541470 858813 545001 527713 663251
508942 901323 796373 490510 393316 427723 806177 732896 454647 434363 178305 833247 335294 664821 517399 614745 555656 242070 725903 648577 369399 608496 857861 861670 999999999 319019 679179 187915 288154 690356 766191 353626 694940 115460 475941 601129 475686 583323 299329 541635 824907 902506 583720 368461 807066 876147 429453 457466 580936 294300 306312 446017 346306 875901 276095 645130 453974 622445 852311 314679 456472 246540 1097827 39404 728753 583386 650280 92262 787495 417787 1057542 754830 526732 233771 599562 553647 892357 972423 789746 705888 628270 739249 794318 291155 499503 231792 256278 684567 613816 686917 199373 520546 472216 1016675 354928 356143 365575 337292 642434 752651
391777 761437 565991 445902 126334 128390 575974 499934 190409 121336 405405 732990 342073 738250 397176 299279 359193 276445 659245 585911 501845 505301 632066 864312 319019 999999999 360321 504438 89814 615079 497443 483492 529861 219110 548822 417577 210673 405983 36226 616762 708499 705285 379913 142484 894138 824585 146674 390446 596008 24971 313017 133635 31347 728371 415312 732045 659442 577183 797343 563703 137895 491009 894992 308340 655375 397566 766753 347775 775276 659241 853298 850021 530738 364942 294354 237663 662292 849884 918437 469775 690956 529179 774378 591903 654518 499019 77694 612606 428045 407138 120360 572903 617763 809371 418677 517693 48919 486540 459052 510382
516486 734122 443225 618593 317098 275314 450279 397160 289232 253954 743778 762802 597890 940760 515621 104311 400324 578632 744554 694466 784302 595338 498399 984977 679179 360321 999999999 864648 413090 701972 313944 768107 530437 574728 784374 442273 280156 446412 383782 840385 723369 604003 395467 372985 1089045 894279 292992 566496 775963 385192 582229 244445 333064 697287 719089 946231 961688 706073 867777 895103 222730 826136 752128 666410 734146 430335 999303 699739 894503 980886 713895 1056401 717831 677649 165163 143452 512967 830031 1145469 374385 892003 457715 885964 943598 927190 841670 429762 703822 443640 239024 480600 788203 889229 671650 681726 812981 313777 780755 462503 383898
666280 1047266 971771 626199 580784 605715 981380 909920 641123 616122 250043 966792 476119 726349 674951 795794 729593 397375 851316 777248 438415 754505 1031190 948109 187915 504438 864648 999999999 462784 821244 949813 428346 855772 301645 560198 770410 661921 751859 481920 615387 964867 1067180 758163 534353 849474 987644 603201 604571 681664 479514 453641 627355 532679 1025258 368639 700442 446628 746096 966374 294129 642311 259223 1261170 210900 856695 753905 686293 211277 885326 379973 1221867 795777 638493 347963 775547 735447 1066292 1109917 806128 884045 699416 910812 895422 190170 526811 221112 436953 814522 783138 872724 384086 609534 510965 1182512 466931 407853 551870 403256 810116 931358
473543 849414 655036 517873 216146 143405 664997 589070 279827 159143 410865 817419 398114 794768 479495 334792 448307 317799 738961 664052 538389 587610 721173 935811 288154 89814 413090 462784 999999999 695395 582353 519832 618360 213714 601076 506431 299763 494352 54149 670455 794350 795093 469461 88362 949868 903891 141433 464291 661348 77926 366368 169035 117739 816711 445289 785566 681303 652552 876880 569405 201766 495904 984599 288668 735937 486398 814168 339423 848283 669614 942903 903462 596501 392637 312963 275983 751048 936949 964951 558851 748883 618973 848604 576055 690248 496459 45327 692444 517089 490564 104092 630268 654999 898934 467199 547506 129978 518151 548156 598805
223612 241471 372580 199868 506771 702007 375699 362024 471752 669534 572267 145619 355061 319391 218854 741293 305266 450266 44997 44696 415680 113230 386672 283339 690356 615079 701972 821244 695395 999999999 473980 416736 196042 604433 305555 259760 464759 256189 644663 299672 150761 342985 306638 756395 429830 209891 733130 239973 188370 618748 384776 676718 599859 231893 456000 342885 552806 81065 182487 613142 618563 593116 500692 651343 40650 272034 413618 619649 194147 627034 470370 416141 195270 473654 785746 706155 415978 289589 521416 366088 283904 304836 184244 743916 453542 633514 658782 8140 259234 488186 635775 263159 430156 444551 355367 459003 601205 445291 245311 391542
372108 437335 134856 478773 382435 490146 140195 112830 316204 454705 756645 490551 540324 770557 366210 401278 250698 574234 508795 483819 714196 393412 184722 748323 766191 497443 313944 949813 582353 473980 999999999 703051 278473 650755 665223 248192 294575 264141 532825 701374 446957 292038 225365 586992 899648 633075 520267 446543 607905 518413 542556 452773 466669 401433 685204 785802 894269 508894 609090 878177 394267 823039 441520 739043 495415 251117 850711 747596 664471 939860 402154 879144 566490 662701 462915 404381 199653 531112 980263 109783 725920 175244 651553 967748 827328 851622 574181 478623 240491 94020 598450 649322 792364 359125 609755 753809 452558 724990 238547 86119
337962 656081 670520 249838 456710 610595 678382 622805 479585 595103 185609 560035 172131 311486 345466 749216 452354 207057 438963 372160 18558 381834 715900 520873 353626 483492 768107 428346 519832 416736 703051 999999999 510580 327061 131851 465364 491343 446792 491858 190735 567005 718364 478210 606463 454548 562529 630080 261246 255778 469536 186056 606908 491063 641144 79921 291568 195916 336443 542700 198193 577944 179300 900478 317134 446954 456683 302392 262787 457136 237826 865254 403085 222471 131354 763677 691951 751291 704432 449420 606055 277115 597934 467661 327346 171206 220572 474525 409113 476333 658085 420049 181317 135215 831872 93451 50940 505248 28555 493157 651463
189722 232304 181453 261006 406047 587391 186225 166093 352409 551616 622105 232924 384687 504057 181038 585477 171819 458877 230424 210886 516301 136754 210532 471237 694940 529861 530437 855772 618360 196042 278473 510580 999999999 589778 435118 112849 338288 124029 564347 454653 195822 212793 156439 660937 624634 365437 620051 258393 349853 540923 403074 556037 506952 198559 521237 523177 682508 241118 339626 705565 493169 666969 405427 659172 217256 132659 591586 644639 386173 744102 366458 607739 323538 518867 637163 560815 244597 324011 711361 172368 462768 109916 373654 820585 597647 703292 590762 201114 103683 302165 586043 406739 567107 328416 425674 560077 502330 537302 74606 195500
408251 803479 683270 406271 279365 339661 693137 619245 339598 339559 197245 743589 255420 626373 416404 518388 443944 157745 642995 564970 345130 513834 745521 801810 115460 219110 574728 301645 213714 604433 650755 327061 589778 999999999 430957 491712 360520 474455 207568 500243 731330 794185 471621 301525 776742 799949 347992 365664 518816 195895 222886 351723 242840 776218 247849 611539 471575 542910 774805 355700 352813 282193 989639 92815 644126 473383 629107 129253 721636 456069 948965 726872 458875 195711 510795 456770 779702 879097 776364 591848 584749 628008 726179 372831 491980 284190 172353 599375 504297 571637 110414 469510 459184 907459 298485 345994 261975 319493 533662 638356
294206 546957 609184 186472 492718 669664 615790 571162 498079 648158 315703 443066 206915 195877 299473 782912 421393 285139 320560 262723 123088 298792 645564 389861 475941 548822 784374 560198 601076 305555 665223 131851 435118 430957 999999999 417545 504648 401101 564549 69830 455764 630980 442667 683317 349258 432944 693542 224914 128012 539780 236153 659063 549397 536524 200948 184494 250363 224799 414211 314036 619386 308591 802906 437820 330436 414269 220212 387847 325413 321584 770296 302411 114422 243203 807066 730390 679702 586172 371510 559996 154027 534813 336285 450429 163666 349925 556356 297517 426339 636967 509084 49944 131991 740535 134768 161426 560279 157719 435735 601524
127721 345152 208432 231123 293292 475501 217164 157464 239979 440007 548633 335515 315521 528260 120740 486080 58977 374271 302335 255438 474680 157111 262441 542989 601129 417577 442273 770410 506431 259760 248192 465364 112849 491712 417545 999999999 226625 19197 452335 453438 302867 302665 48183 548090 665164 456022 508086 204328 363195 429287 326674 444843 394267 311265 459775 541273 651734 272908 428946 651095 382471 603755 498053 567230 292206 20039 604518 559638 452989 703165 457275 639952 318711 447566 534380 456304 298043 436350 738246 142813 482119 141113 443911 754875 580307 636917 480041 261821 12735 235900 478611 401220 545967 415802 373766 516272 389489 489463 42751 186531
252710 569722 355337 345495 88384 249104 365314 289321 21633 213411 492851 560055 319701 667151 254186 286495 168648 314863 509633 446637 506900 351740 421442 739155 475686 210673 280156 661921 299763 464759 294575 491343 338288 360520 504648 226625 999999999 220291 246896 562153 529086 497527 182038 327036 818716 671562 281773 290854 505201 228841 307051 218266 182124 534787 448836 670370 686526 450076 644062 633856 156406 569419 685209 451372 502251 207853 721036 467920 647595 712513 643521 783056 444141 412815 323742 243647 451641 662294 868763 259128 618144 321403 642252 702045 647521 591256 284348 464521 234706 211327 304111 510564 609617 599455 402906 537914 172436 505970 264070 299985
109600 355562 227618 214637 282862 468198 236359 176038 232282 433113 529498 339867 296332 516180 102935 486298 51882 355472 299656 248657 456287 149568 281494 538664 583323 405983 446412 751859 494352 256189 264141 446792 124029 474455 401101 19197 220291 999999999 440359 438528 309038 319729 51324 538350 655023 456293 500643 185980 350510 416894 307525 438409 383509 322405 440639 528349 633805 263808 429025 632051 376659 584570 515184 549186 290253 16244 590782 540986 448092 684613 474565 628652 304130 428382 533059 454348 317121 445409 726009 160333 469570 160126 439729 735679 563491 617720 466879 257673 31613 246815 463733 386059 528890 433381 354997 497715 379515 470740 59211 204781
422017 795558 602216 470967 162258 132093 612199 536160 226627 135038 400295 764900 358960 756221 427737 315425 394172 285944 688526 614317 510361 535928 668292 889494 299329 36226 383782 481920 54149 644663 532825 491858 564347 207568 564549 452335 246896 440359 999999999 633273 741247 741245 415326 119304 911881 853709 142632 416386 617988 26272 328459 146752 66170 762749 420607 748630 662025 604137 826580 559359 164033 486085 931145 292634 685109 432305 780612 336754 801161 657049 889451 866685 552836 368962 303549 254341 698505 883403 932041 506000 709530 565186 800873 579137 663041 491133 46347 641931 462964 442047 100600 591052 626874 845540 432326 523313 81269 492839 494025 546557
336758 536541 633782 227665 555999 736296 639559 601722 557098 713837 376318 425642 274718 126193 340732 843805 464931 354930 304845 261292 178001 318609 664217 333053 541635 616762 840385 615387 670455 299672 701374 190735 454653 500243 69830 453438 562153 438528 633273 999999999 444819 638178 483676 752226 279561 393904 760788 274799 111361 608318 304836 724535 616370 530746 265576 115363 258992 223689 378303 352211 682912 358677 800193 504024 316885 452875 158939 452162 278380 339936 770018 233417 134951 310511 870186 792676 697117 564806 307701 593623 86682 559649 291801 491298 154662 399411 625828 291556 460887 680855 578882 53084 136352 743415 204590 208445 626683 213064 466097 632498
327128 91759 320422 338746 589255 777216 319482 337579 541297 742141 717604 44848 491895 442502 319834 781169 360451 582866 140613 194997 566304 217496 308496 323700 824907 708499 723369 964867 794350 150761 446957 567005 195822 731330 455764 302867 529086 309038 741247 444819 999999999 231099 349572 844875 522699 190132 809627 367526 334858 716438 518957 747332 688503 91189 603110 470441 701192 231803 169514 763798 685239 742357 358968 786565 127968 321262 541301 759576 258446 776871 332888 521835 346014 616977 832965 756404 328871 147793 628163 353672 415431 273536 240620 893878 599472 782442 762271 158640 296006 489507 748155 412048 578101 313886 502056 609716 686150 595555 269402 361016
402159 174738 161295 468879 578989 736915 153794 217627 516226 700115 834896 273346 597476 660020 393484 684538 354412 669841 354504 377324 722647 336864 109517 553609 902506 705285 604003 1067180 795093 342985 292038 718364 212793 794185 630980 302665 497527 319729 741245 638178 231099 999999999 329292 823238 752112 413863 769284 470896 527498 720382 615445 701584 678482 148056 733199 685040 881236 414540 396928 915114 638327 878819 195457 867747 339713 321481 756015 855909 489056 947836 155058 748020 516635 731660 744071 677339 112062 255479 854506 246733 626642 176225 471500 1032601 788928 915573 773782 350742 290197 368290 778237 595755 761676 115645 636302 766796 669869 745738 260524 222445
148461 387712 213611 257183 254116 431101 223222 153315 196949 395230 545474 383086 319120 565227 143466 437909 28740 366350 349674 299965 489036 200892 274140 589510 583720 379913 395467 758163 469461 306638 225365 478210 156439 471621 442667 48183 182038 51324 415326 483676 349572 329292 999999999 506765 705479 504175 463791 221413 399134 393281 325456 399598 355093 352928 464574 576461 668904 314876 477078 657396 336764 605906 523150 551503 339828 35089 637731 548985 499108 715522 481784 678328 350263 446989 486282 408352 308733 480347 774773 130907 518173 156986 490505 754574 603455 637051 445640 308370 53567 198073 449022 430833 568001 439031 385131 529065 348967 500719 82041 178293
532820 893241 674862 588183 255743 101218 684575 610217 310142 133440 498770 871155 478141 875431 537898 281719 489118 402503 800760 727974 625018 645740 740846 1006684 368461 142484 372985 534353 88362 756395 586992 606463 660937 301525 683317 548090 327036 538350 119304 752226 844875 823238 506765 999999999 1031035 966131 80131 532882 736861 145020 447395 137819 157027 859136 532772 867559 769635 719640 938818 657017 192726 583559 1007395 372820 796532 528354 898449 425695 917743 757586 965858 985602 671653 480274 247402 229732 768246 983754 1049643 579959 828809 647612 916859 658821 777244 582997 132807 754121 557610 493106 192407 710308 741678 921560 550476 635184 158875 605555 588055 615674
572579 600857 802371 473229 824830 1010948 805324 789391 817040 986596 632608 484258 552921 155916 573686 1104800 693700 634372 403699 415829 438022 509255 812817 229333 807066 894138 1089045 849474 949868 429830 899648 454548 624634 776742 349258 665164 818716 655023 911881 279561 522699 752112 705479 1031035 999999999 370170 1036614 528561 313683 886669 583799 996813 892027 612487 534054 165387 415469 392699 374338 559085 951218 592327 866834 771332 418541 671051 163283 715244 265037 499445 847640 53698 375096 583165 1136440 1057405 839656 582658 118007 790186 203896 734210 283653 691411 322752 628584 905322 424073 668789 901063 858287 321244 340461 834204 483962 453170 901235 469795 663201 819522
433460 244653 509663 395030 716502 911458 509121 521621 679712 878641 738310 145285 545126 338794 428743 942074 507453 642740 165371 240176 555698 322252 498201 146535 876147 824585 894279 987644 903891 209891 633075 562529 365437 799949 432944 456022 671562 456293 853709 393904 190132 413863 504175 966131 370170 999999999 942731 442901 306786 827688 577166 885570 809701 265942 619504 371443 647532 257303 27537 744230 826601 741187 500339 836746 170309 471207 435769 797799 123082 731653 484803 384016 351150 648049 989321 910401 517107 212579 485280 534378 331694 458021 105652 882312 538443 782547 866346 212011 452638 667343 840345 383069 528267 477159 524945 594055 811092 589716 431855 546968
510753 851385 616346 578934 226501 32747 625811 553250 268368 69342 542566 838947 486635 880732 514746 202192 449586 423066 778024 708506 648456 620493 681689 994402 429453 146674 292992 603201 141433 733130 520267 630080 620051 347992 693542 508086 281773 500643 142632 760788 809627 769284 463791 80131 1036614 942731 999999999 522255 733685 161631 458523 68162 144592 816276 561042 875822 803915 704291 915224 701678 130957 628313 948825 428389 772423 488994 912304 476400 903965 799660 907565 993580 668567 510039 172587 149643 707334 944062 1064025 523338 832896 595539 901424 716037 801154 632175 176389 731675 516430 426304 238089 715583 764431 863253 564684 663619 136460 632679 545830 555828
76724 444840 409605 56952 300566 493677 417638 361783 288492 465637 364985 377985 128641 376307 84263 576346 198109 215396 280613 203187 270352 151320 457086 473923 457466 390446 566496 604571 464291 239973 446543 261246 258393 365664 224914 204328 290854 185980 416386 274799 367526 470896 221413 532882 528561 442901 522255 999999999 216098 390119 152375 474902 380628 421196 263146 379992 448260 188370 416508 450540 425054 408874 661173 419296 280249 196750 433379 395477 384902 498948 623264 492209 153509 261639 608442 529098 492721 515185 579013 346021 327294 337671 384508 562315 382899 444915 425001 235487 215134 412571 397468 222126 346982 586355 170815 312098 386009 285898 232383 390753
260059 426610 530768 159947 515601 706278 535945 503697 504046 679699 433296 318254 267901 166346 261840 791501 384434 362619 196111 150235 249490 216687 557476 283038 580936 596008 775963 681664 661348 188370 607905 255778 349853 518816 128012 363195 505201 350510 617988 111361 334858 527498 399134 736861 313683 306786 733685 216098 999999999 591964 301200 689355 590003 419777 314891 178131 366465 113094 287042 442005 640887 434698 689010 541768 207329 365954 243335 497717 206783 443812 658673 280946 65274 348185 824513 745086 589655 460005 375641 498598 119072 457370 214852 578339 265291 476049 618751 180245 368941 597026 580077 79566 243292 632116 226020 289264 597273 283136 369705 534560
396312 771707 583546 444699 142170 146934 593558 517396 208016 143684 384668 739677 333791 730936 402120 322843 371459 262964 662547 588210 487990 510295 649474 863232 294300 24971 385192 479514 77926 618748 518413 469536 540923 195895 539780 429287 228841 416894 26272 608318 716438 720382 393281 145020 886669 827688 161631 390119 591964 999999999 303628 155878 55199 739149 399529 723680 642357 577898 800581 543383 162848 470413 911176 284262 659220 409248 756442 324923 774889 639879 869497 841733 526789 348412 315766 261280 680203 859054 907976 487369 684104 544573 774610 568698 640735 477310 55810 615966 440113 428878 95428 565695 604324 825716 408094 502166 73564 471377 471224 528818
213360 597209 534393 185078 271279 435813 543393 478038 294301 416599 222002 526986 33346 428461 222043 564331 297161 65762 421757 343907 202713 303655 588870 582730 306312 313017 582229 453641 366368 384776 542556 186056 403074 222886 236153 326674 307051 307525 328459 304836 518957 615445 325456 447395 583799 577166 458523 152375 301200 303628 999999999 427978 315228 573401 144742 420182 379848 320380 552169 336458 394424 280898 808377 267709 423748 312801 453821 243509 500335 407275 769531 538234 238697 121561 581495 508004 624550 666292 605534 456331 382544 467479 504161 429270 350848 311617 322209 379248 339112 486449 279531 263947 313013 731057 106754 231098 327385 199027 363231 503744
456457 786570 548236 531853 174480 37475 557686 485283 206842 12323 538853 777873 453481 841397 459787 168762 386881 401034 721711 654277 624923 563597 613543 943190 446017 133635 244445 627355 169035 676718 452773 606908 556037 351723 659063 444843 218266 438409 146752 724535 747332 701584 399598 137819 996813 885570 68162 474902 689355 155878 427978 999999999 117172 751183 542764 838645 788395 652459 858034 696853 63630 624358 880679 438944 715414 426118 879109 480801 852166 791476 839431 955653 624775 493927 161017 108097 639182 879861 1030570 455428 792954 528295 848678 724438 776654 632650 190494 675704 452679 358761 247259 677265 739246 795121 534715 644172 101713 612450 481564 487675
376248 739027 537318 436878 101074 120587 547274 471378 162467 105009 423778 714282 342591 736141 381157 277236 335512 284540 644358 572312 509213 488848 603466 854241 346306 31347 333064 532679 117739 599859 466669 491063 506952 242840 549397 394267 182124 383509 66170 616370 688503 678482 355093 157027 892027 809701 144592 380628 590003 55199 315228 117172 999999999 705494 425796 731327 671280 565446 782337 581001 110386 508924 867223 333670 639883 374340 768600 370249 764487 674760 825530 849038 524792 376768 277672 215777 633312 828498 920305 441145 688327 502265 762860 614743 661419 518933 109038 597740 404356 376065 149185 570994 624241 781505 421807 527456 19288 495857 435192 481108
368023 36863 267797 401881 604552 783542 264385 300833 549827 747391 781602 128594 549217 533392 359822 765049 370156 634793 229393 273810 642041 270775 240634 407163 875901 728371 697287 1025258 816711 231893 401433 641144 198559 776218 536524 311265 534787 322405 762749 530746 91189 148056 352928 859136 612487 265942 816276 421196 419777 739149 573401 751183 705494 999999999 670496 561007 784658 311837 249782 839147 687828 812889 269832 838539 215817 331159 631964 816673 347607 858087 242204 612728 424028 679197 820488 747130 254652 132921 718972 322968 505353 239636 329328 965867 685064 852122 788387 240028 301529 458675 781110 495013 662049 222773 569767 685998 700693 669540 271169 318560
336788 689071 668087 269018 403042 543487 676634 615068 434585 530705 118818 601494 145454 389003 345103 691915 436952 142850 483883 411508 97548 402452 718716 589906 276095 415312 719089 368639 445289 456000 685204 79921 521237 247849 200948 459775 448836 440639 420607 265576 603110 733199 464574 532772 534054 619504 561042 263146 314891 399529 144742 542764 425796 670496 999999999 370386 246118 378861 597897 193027 519060 145745 921271 238777 489983 448094 382235 186951 520798 263685 884246 482820 269870 52918 701868 633023 754446 745578 528567 595176 352240 598139 529662 299405 245621 182715 400158 448933 471683 631080 343861 247556 211702 848354 101078 102706 441230 72902 492593 642063
434179 559243 704630 327989 668843 851055 709235 680604 666634 828080 473296 441641 390044 33086 436842 954267 560653 469323 332629 314593 275819 393362 726673 272039 645130 732045 946231 700442 785566 342885 785802 291568 523177 611539 184494 541273 670370 528349 748630 115363 470441 685040 576461 867559 165387 371443 875822 379992 178131 723680 420182 838645 731327 561007 370386 999999999 291822 282086 363335 418597 795733 441252 829088 608682 346953 543658 71102 553899 248361 378780 803188 118056 229074 418604 982496 904394 757344 568119 199546 676342 60418 632156 266196 556339 184831 479810 740849 335436 547072 774513 693150 161665 190818 781861 318927 295689 741373 308907 547397 711429
