NAME : synthetic_000092
TYPE : CTSP-D
DIMENSION : 100
GROUPS : 8
RELAXATION_LEVEL : 1
EDGE_WEIGHT_TYPE : EXPLICIT
EDGE_WEIGHT_FORMAT : FULL_MATRIX
EDGE_WEIGHT_SECTION
999999999 731516 760880 485686 352296 588015 582928 306376 683752 824588 240847 546147 626950 729595 544041 360776 827685 528657 909761 1090537 319358 277968 709768 517507 228830 476456 808483 381702 338585 457934 501255 571034 547646 611976 885563 394794 530145 360183 456951 663286 317650 427537 800340 1035736 897673 822215 749368 874398 98932 778398 235921 276147 459895 790065 171575 599378 803703 646938 519151 752534 312988 987998 917778 417779 415030 893106 353371 683060 874337 899443 394154 334091 671416 694582 884675 261428 301551 567737 1002631 910582 394669 533797 805968 675885 584236 971876 912207 615580 1046448 437449 473049 612649 603137 205776 695469 369270 374656 926454 675468 204331
731516 999999999 178613 1045581 606697 164157 1023289 625870 251751 122826 782579 214525 148345 657780 661910 803016 106266 367588 453447 876165 420319 463976 97281 713176 572106 255500 246604 970782 502751 635146 390592 306830 210573 232140 763522 337181 442625 411580 801723 459220 660624 991070 155461 825407 177605 518616 654008 312200 724982 503086 646808 622475 327599 65696 612378 224424 706261 200182 941612 148879 488954 615113 442014 753536 645854 663629 677455 88339 425471 168899 383823 414468 267204 771562 159736 641591 692434 248282 651267 185308 338379 897823 256776 550892 587598 289638 633671 846121 817264 294746 259005 988222 183805 557227 840839 900698 689609 708136 186395 609786
760880 178613 999999999 993065 715822 294478 942934 725018 113021 123360 755413 218864 300655 510004 555642 748185 242498 285043 275916 699569 442716 482993 92537 615640 647781 325055 72146 932101 603675 550294 315189 220626 218570 390397 598811 382724 345313 404873 724063 316717 612907 943774 57882 649878 292512 346230 502224 145754 777300 336295 730203 714725 304715 215230 613659 377931 549033 366165 864402 29742 579158 436573 265848 681940 572387 491403 785306 256890 247016 254668 371275 488347 132561 639510 269704 610420 648196 196361 472655 286932 400415 811970 80201 408047 468866 214476 458170 737052 640759 359293 328615 896164 159867 563387 714925 854019 626633 535174 86263 600261
485686 1045581 993065 999999999 836267 948959 171969 791349 884589 1097069 282640 831118 992913 671927 490504 245147 1151760 708025 1011326 978601 655387 617111 984339 423698 700904 826554 1009158 104237 803355 455269 677998 772671 835015 1011871 781678 744575 654309 639207 290006 742967 385404 60224 1047582 937068 1223138 867789 696311 1050562 579979 828953 721389 760634 718146 1111151 474358 995028 721486 1037263 184097 999184 768477 1010886 1028203 318304 424171 858716 838537 1031220 984836 1207627 663446 747558 865940 546358 1204489 407654 353160 810554 1007010 1229441 765274 250950 1000941 692794 583845 1200065 902037 393198 957086 795748 824364 249729 870195 525601 490208 146135 366658 871117 912949 458949
352296 606697 715822 836267 999999999 442823 917989 47991 687690 725965 572008 512093 462813 908179 766982 676989 672576 604637 947813 1249212 363861 358052 634054 767519 148216 393085 782587 732834 114081 685583 591228 610806 510282 401477 1063787 361156 649231 436337 753668 770622 580949 777236 732001 1192179 730306 917083 921346 857558 267659 878551 118485 76254 495049 645062 409128 398992 982362 442465 846177 695201 148865 1071834 947620 704512 655254 1028740 70765 528077 911544 750702 456825 246237 684563 926829 725414 521319 583553 569667 1097239 748699 330673 845907 785741 822027 766207 892611 1029369 893470 1196086 363988 389729 934169 567139 386187 952825 711257 642586 1070213 647031 443334
588015 164157 294478 948959 442823 999999999 951012 461764 312132 283515 673414 170480 44043 674760 629045 714877 243729 345149 560600 946674 296841 338720 203619 668416 412295 122626 366276 865048 338744 582474 356767 303484 165588 108654 803989 207009 421114 312541 733688 484050 573009 891478 297079 892268 311317 585634 676965 440155 571102 559233 484450 458886 260065 209710 489909 91564 735347 105952 868532 268627 326492 711005 554113 681991 581762 724213 513588 95659 527506 319687 294333 259150 319130 762520 300366 541594 600265 237349 743780 325861 195620 834090 372854 567885 573220 450651 705121 807645 888355 156791 125039 927922 190348 434367 821661 802837 613503 769355 250815 495116
582928 1023289 942934 171969 917989 951012 999999999 876727 830528 1056309 346568 811558 994771 551783 398491 248219 1128834 663499 916711 828552 673734 642277 950154 332463 773607 832320 947090 241551 865765 393113 636495 728649 816016 1028361 640730 757505 597661 639665 221647 660239 381142 193937 999914 791104 1198162 764039 575383 978028 681656 729404 810292 845314 700311 1088670 520866 1010239 589989 1048072 82490 953895 826602 893068 935524 270462 377489 732180 932073 1023562 894367 1176175 656792 786109 811107 410848 1177844 425158 359945 777459 884251 1201534 784397 132578 937368 594485 493911 1138950 779979 254850 812596 807300 830789 82832 840869 562568 343120 215369 337655 738322 869768 494723
306376 625870 725018 791349 47991 461764 876727 999999999 689546 742939 530259 515664 485331 889042 740730 637894 697086 594980 947992 1234801 349268 338019 646425 737773 116975 400119 789935 687659 123360 657811 579390 606239 514295 430227 1045764 358406 634735 421349 717678 759553 547401 732595 744722 1177816 757161 909267 903198 864457 220005 869659 71073 31428 488043 667765 373843 425968 963767 471094 806149 705857 146853 1066699 948920 669493 625529 1016283 70142 550491 911521 775094 444565 243217 685079 900633 751068 487098 547871 569496 1090800 774939 331012 808188 792334 806400 745249 908495 1019420 860848 1182676 367956 396605 895262 572395 355639 923353 668319 609315 1056920 652788 409229
683752 251751 113021 884589 687690 312132 830528 689546 999999999 233134 655208 176174 333183 408312 442693 640380 338027 178400 260930 637540 374008 409958 154889 502651 599431 297756 129231 827107 573621 438376 209453 118048 178489 419187 512448 332667 233309 323574 612356 210774 508190 836615 170768 584314 396068 275890 403235 190656 711690 254543 684135 674870 224677 304369 526945 403239 454599 404812 752409 129025 542908 400808 259935 571262 462056 418331 754424 308838 225166 362455 289633 446603 19540 531107 373540 510960 544022 122028 432475 393104 358547 699311 124213 303022 356758 315995 394749 624484 578842 323772 300770 783179 126992 480425 605004 747458 517942 463408 66907 509268
824588 122826 123360 1097069 725965 283515 1056309 742939 233134 999999999 847777 282132 271086 633132 674465 852005 133193 393259 365727 805097 506415 549340 116864 732619 681961 357336 165919 1030362 619579 663236 421543 327912 279773 354357 717416 431674 459840 483025 835796 439988 712952 1045578 68734 757962 171580 461182 624940 213904 827498 455456 759622 737720 387656 119951 691187 347164 670574 320777 976567 104281 602701 530623 350588 791443 681771 605120 796704 210382 343739 131448 451442 521968 252397 762606 148869 703400 747117 286973 568414 164261 439853 926558 178491 531403 589839 167324 567700 857128 746832 395972 361007 1012711 231380 637809 837570 955200 732709 647757 186549 683037
240847 782579 755413 282640 572008 673414 346568 530259 655208 847777 999999999 570769 717030 565367 365410 123056 887692 477777 830863 919121 377098 337055 731794 319060 429335 550826 784167 191801 526505 290448 446566 537672 574123 731114 710680 466985 444019 371040 226687 561352 156643 222836 805907 867925 959606 710760 588277 836967 339561 667457 463763 498860 460515 847312 191736 714645 633576 757869 278943 756465 489679 871465 843951 199125 245268 746967 585738 759467 799143 948887 399353 464925 638297 494167 942313 145017 121602 562542 877803 967853 485314 294108 778015 542122 434474 968787 777635 389485 882580 518019 548375 371874 616621 243750 478434 142428 184921 772594 670836 178706
546147 214525 218864 831118 512093 170480 811558 515664 176174 282132 570769 999999999 206696 504524 466035 588536 320775 175814 437077 788310 226789 268785 165445 510804 431281 121927 277185 757457 398112 428429 190681 134041 4996 276917 636621 164401 252647 201734 590492 316246 446100 776841 254304 732790 392025 431401 507254 350438 558651 400395 514866 502541 113082 280175 409087 258525 566203 275923 729499 207163 368811 571721 435905 541215 434997 564021 579455 216558 401192 378317 171523 274129 175207 593811 373479 428309 478006 69939 601157 398607 185442 688269 278287 397995 404626 426002 550340 647925 730808 148176 124827 780177 59107 355716 655359 686410 476135 608831 138692 401924
626950 148345 300655 992913 462813 44043 994771 485331 333183 271086 717030 206696 999999999 708422 669485 758909 212639 382470 572943 970458 340205 381760 208126 710141 444033 166432 372760 908719 363635 624682 395786 337087 201712 89752 833860 250282 459101 356546 777144 515151 617001 935371 294676 916770 276987 608795 709606 444704 606188 584662 512877 484870 301865 182489 532787 78106 767126 72194 912285 272851 355590 727437 564878 725564 624802 749575 533365 65281 541140 290253 338005 295310 342258 800438 268084 585598 644306 270512 761289 292957 237100 877408 380575 601002 611191 437965 727887 849049 911849 199668 168747 971119 217791 477338 861012 846797 657204 794754 268792 538611
729595 657780 510004 671927 908179 674760 551783 889042 408312 633132 565367 504524 708422 999999999 200463 476881 746178 335419 382473 360984 545485 551116 562315 257287 774152 600184 481033 661469 805643 277997 334429 371477 509349 781307 158118 575014 268454 473569 388861 198568 422254 645969 565301 306688 801872 223257 24435 482923 803538 199449 851750 863389 443193 712607 563352 762761 75357 779375 494949 532921 763999 341558 403499 382078 323648 187972 959101 702162 368409 764573 458474 674413 391383 152116 779122 470689 450150 437978 335253 796923 611502 427592 468662 107851 147018 656888 230267 298757 319053 602050 601260 479680 493515 552017 233285 577159 380592 207923 471592 527265
544041 661910 555642 490504 766982 629045 398491 740730 442693 674465 365410 466035 669485 200463 999999999 278417 763313 294946 522869 555130 421377 413178 577563 67538 623761 527800 552381 467590 675621 86593 275540 355392 470979 725665 346957 477136 219312 357362 200603 261748 228384 457351 613453 503028 828685 377323 223888 579922 625664 338608 694060 712410 370215 724834 386503 706566 268380 734235 327484 570308 632599 524901 540668 184169 129294 385552 809372 681952 498354 800562 355839 554878 423171 159926 807045 282633 252915 414958 525226 828937 512306 266046 542072 202326 95709 743353 421597 184290 517262 516837 527664 342751 479207 387674 196885 382299 181253 408310 490551 348918
360776 803016 748185 245147 676989 714877 248219 637894 640380 852005 123056 588536 758909 476881 278417 999999999 909281 463211 782051 819704 429220 395755 739644 220381 530459 593790 765994 194182 619051 221930 433022 527675 592587 786195 612350 515450 412145 402460 106576 510645 142892 196497 802509 770915 980324 647794 500863 810107 458555 606364 574356 606526 475460 868693 273632 768484 539543 808201 170639 754058 579300 801397 797498 94811 184454 663603 697081 793183 753272 963584 423889 538159 621916 386030 961292 178234 114991 565691 803173 986036 540320 173263 758150 473308 362380 956220 699905 268977 787393 566086 591941 257368 625872 314352 361334 109580 123231 684457 667810 246534
827685 106266 242498 1151760 672576 243729 1128834 697086 338027 133193 887692 320775 212639 746178 763313 909281 999999999 470446 498862 936787 521709 565275 187092 816259 655514 351828 296703 1076419 576023 739599 494608 408008 316794 275073 841168 435990 544159 516673 907208 548753 766871 1097116 197213 888817 71943 588209 740330 346982 814627 578678 725479 697363 433854 40609 714990 274462 789491 235372 1047294 215845 568017 663727 483775 859335 751346 733120 742662 148778 476277 78125 489517 502602 355566 866770 57010 747314 798602 352320 701443 82898 433016 1002764 308899 641000 685864 266147 697789 947592 878325 390476 355123 1092629 288234 659552 938196 1006780 795704 776473 277569 713806
528657 367588 285043 708025 604637 345149 663499 594980 178400 393259 477777 175814 382470 335419 294946 463211 470446 999999999 381327 648474 248463 272669 287419 345829 489288 264925 306674 648788 494326 270932 31213 65375 180807 449010 477653 249619 77212 180800 442610 166633 329793 659053 340023 591609 537643 314851 341231 360294 571432 274693 573505 574189 112560 431309 362985 430169 402032 451029 583403 292311 455909 475832 389130 398374 288657 425492 664195 388653 345729 513190 152051 359758 160829 417996 516611 334358 365627 120013 497481 539581 285024 534756 300270 232692 228846 494179 424805 478859 593710 269399 266105 623047 184324 322932 480435 569572 341629 468123 206867 340513
909761 453447 275916 1011326 947813 560600 916711 947992 260930 365727 830863 437077 572943 382473 522869 782051 498862 381327 999999999 444812 618893 649364 366882 590404 853345 558665 207074 976230 833742 560338 408565 347774 439418 662381 400767 589697 389745 558035 721797 271682 674427 973581 304361 402181 529305 159345 363520 153770 951175 187888 938433 931935 467992 480503 742313 648532 383949 640686 849599 305464 801880 164920 22147 695331 598621 271873 1013838 532638 36594 481920 526035 704782 263259 534360 507866 696606 710207 378561 202909 516408 617630 785910 196672 322346 427951 310412 222623 672669 387979 584269 561693 851580 386267 704160 615658 891328 661991 307212 311827 716966
1090537 876165 699569 978601 1249212 946674 828552 1234801 637540 805097 919121 788310 970458 360984 555130 819704 936787 648474 444812 999999999 885970 898287 781109 601453 1122683 902479 640085 990057 1141262 637216 658654 659318 792385 1054971 208443 898078 600223 813614 720586 482222 781695 965401 739603 57032 972513 361681 341377 597873 1163159 388173 1203136 1211029 760914 913793 923542 1038239 287716 1042277 794504 728801 1101543 285717 463694 726437 682472 224678 1304864 944342 461976 925868 792456 1007016 628294 437618 950666 831484 807916 718533 247523 960410 933282 728119 627945 428744 506777 749963 243171 585621 58921 914251 904449 746520 756465 909359 488594 909941 736224 180652 703272 887800
319358 420319 442716 655387 363861 296841 673734 349268 374008 506415 377098 226789 340205 545485 421377 429220 521709 248463 618893 885970 999999999 43657 390852 437536 240936 174687 493911 568890 260404 349355 230655 271126 228315 357603 700237 89941 285747 72481 467173 410856 293068 597024 481018 828953 593308 563203 557955 562942 337806 522485 325044 326907 151296 482333 194094 340276 619167 381885 592260 433397 218523 723975 623306 414009 331374 667019 419167 385624 582401 589211 96445 133564 364341 578105 578012 251519 314629 253559 745943 603949 111114 568327 492567 458222 406351 652625 671054 574905 833503 140921 172018 662925 284037 138414 616184 509681 344217 707709 358180 198482
277968 463976 482993 617111 358052 338720 642277 338019 409958 549340 337055 268785 381760 551116 413178 395755 565275 272669 649364 898287 43657 999999999 433472 422746 224405 217173 532170 528774 262447 336234 251236 302663 270531 394762 707748 131831 300025 91947 440890 429716 264042 558278 522631 841404 636837 585168 565182 599937 302730 543391 305702 313056 185386 525946 151287 377960 625765 420824 561547 474640 219441 747987 654820 387889 313240 682338 408132 428490 613057 632868 123348 148717 399190 572095 621617 217533 282332 291224 768356 647558 148315 541330 530291 469545 408204 694033 689625 557402 847172 182094 214373 635527 325262 95664 604889 471942 318796 721794 397809 158477
709768 97281 92537 984339 634054 203619 950154 646425 154889 116864 731794 165445 208126 562315 577563 739644 187092 287419 366882 781109 390852 433472 999999999 632158 576822 250524 164635 915555 523733 558248 313664 223318 163243 297863 666250 319299 359015 366166 728752 363975 599350 931972 98315 729743 251137 422213 557875 237183 716425 405903 657027 638367 271339 150942 574389 285519 609479 274023 869460 65166 502476 525207 357710 682740 573498 566994 704236 166258 336550 226021 334675 416246 170998 679929 229651 587750 633005 174140 560461 252229 330962 822066 172592 456022 498862 266845 538199 761710 722188 287751 254200 910403 115206 521157 751105 841485 621945 611637 91051 566211
517507 713176 615640 423698 767519 668416 332463 737773 502651 732619 319060 510804 710141 257287 67538 220381 816259 345829 590404 601453 437536 422746 632158 999999999 621258 561014 615744 404800 682930 88833 322987 408871 515647 760686 393329 502608 273416 379879 134388 328283 200677 392136 673229 551568 883049 444166 281489 645571 604809 405881 686265 708309 408372 777125 371295 741673 319241 772273 260198 628871 639935 589283 608200 125786 112296 444884 804896 727353 565835 856832 384120 569290 483116 177943 861774 260242 217277 464955 588037 884289 536284 199886 605747 269533 163022 807284 483679 140073 567521 545923 560480 280529 529477 382140 185589 320096 143306 464349 547184 333734
228830 572106 647781 700904 148216 412295 773607 116975 599431 681961 429335 431281 444033 774152 623761 530459 655514 489288 853345 1122683 240936 224405 576822 621258 999999999 326320 708461 598987 110307 540883 471344 507095 430760 408665 931360 267590 523749 311425 605534 651371 432858 641102 674389 1065791 721017 804105 788859 781511 170932 763411 85103 89361 386981 621986 260998 399490 849106 447312 700334 631780 92773 964279 855987 556297 508973 906076 185993 506746 816751 731958 337363 160581 592820 783661 711692 373120 435408 477576 986730 736814 247399 698303 709446 693945 629605 843208 911631 745716 1071411 289455 322640 787244 489962 239182 806796 570474 494575 945916 569973 295130
476456 255500 325055 826554 393085 122626 832320 400119 297756 357336 550826 121927 166432 600184 527800 593790 351828 264925 558665 902479 174687 217173 250524 561014 326320 999999999 390029 742432 279745 473238 267743 243162 119318 199952 741219 85462 334532 192655 617155 423418 452656 768947 348301 846341 422588 549495 606114 464792 471015 516304 406769 389770 160397 313723 368448 181059 666760 215878 749942 306912 254107 693079 556964 564830 468087 677802 461628 211476 522908 422991 178652 165739 297128 670680 408715 419442 478941 187393 721959 434671 83142 718174 392824 497303 483285 516946 667525 701054 845712 39270 3685 812524 174289 312788 723675 680455 495630 722102 253951 372645
808483 246604 72146 1009158 782587 366276 947090 789935 129231 165919 784167 277185 372760 481033 552381 765994 296703 306674 207074 640085 493911 532170 164635 615744 708461 390029 999999999 954397 669678 558300 337861 247273 277740 462491 554120 441366 355002 448866 732070 298616 636026 962472 99538 592332 336553 296329 470242 75181 831158 294010 791894 778358 348656 275014 654638 450076 511716 437812 870810 100356 643433 370207 195458 693434 585254 439530 851548 327775 180872 293046 414848 550570 145891 619257 314060 640085 672025 240969 407158 327173 462003 814875 12834 385587 460768 192031 401809 728978 581629 422421 393492 895108 218620 606895 697438 873879 643016 481937 138508 637899
381702 970782 932101 104237 732834 865048 241551 687659 827107 1030362 191801 757457 908719 661469 467590 194182 1076419 648788 976230 990057 568890 528774 915555 404800 598987 742432 954397 999999999 702822 416061 617913 711800 761048 922378 786442 658759 603058 560171 273099 704781 319233 50295 984773 944556 1148222 840996 685808 1001276 475744 799941 617531 657051 645565 1035910 381577 906068 718968 949533 216960 935677 668980 992421 991627 284296 378180 849379 734360 950413 947357 1135695 586962 653180 809157 552492 1130423 329220 283956 743531 992511 1155775 676964 272185 947111 666016 555112 1142962 888377 409947 962811 709810 740017 304617 800483 434898 509004 85514 315674 866927 849413 370501
338585 502751 603675 803355 114081 338744 865765 123360 573621 619579 526505 398112 363635 805643 675621 619051 576023 494326 833742 1141262 260404 262447 523733 682930 110307 279745 669678 702822 999999999 597728 482608 497825 396357 314365 959587 248169 542707 332075 684731 660824 507626 743244 621973 1084253 637668 805113 817624 744516 278489 767188 153517 121438 383504 545765 345432 308122 878984 354658 789688 583821 43065 958677 833547 633364 571727 919505 181885 428563 797484 653836 349486 134571 570498 834462 630666 451033 516130 455682 984534 654923 216870 781381 672568 715946 666572 785191 918447 814426 1087381 249965 276332 872904 453480 310619 866478 668817 567567 961564 533544 374917
457934 635146 550294 455269 685583 582474 393113 657811 438376 663236 290448 428429 624682 277997 86593 221930 739599 270932 560338 637216 349355 336234 558248 88833 540883 473238 558300 416061 597728 999999999 245091 335823 433173 673103 429933 413807 205078 291046 174047 289347 144491 414073 607037 583992 807800 427029 299997 596015 539071 385048 609440 629027 322904 699896 300056 654134 349529 685625 314109 560805 554669 583862 576077 136968 45735 456694 725941 644507 532046 784112 295732 481673 419080 244102 787029 196532 172465 387279 588446 810259 447451 263829 549313 254121 144512 750249 487437 228530 596991 457398 472610 353083 451490 303189 268763 331010 106736 483493 476716 262427
501255 390592 315189 677998 591228 356767 636495 579390 209453 421543 446566 190681 395786 334429 275540 433022 494608 31213 408565 658654 230655 251236 313664 322987 471344 267743 337861 617913 482608 245091 999999999 94675 195646 457989 481602 242342 66803 160331 415168 180227 298816 628623 369651 601646 562716 333952 342404 391314 546862 292429 554867 557529 108818 455040 334239 438979 403792 462652 555930 321548 443073 497020 417119 369949 260348 437521 649036 406420 373331 539682 134833 348432 191996 406237 541997 303219 334585 142364 517126 565355 278550 508697 331483 235992 217218 525065 440399 458286 604968 267641 268508 598031 206788 295857 465227 538996 311934 479105 235639 310800
571034 306830 220626 772671 610806 303484 728649 606239 118048 327912 537672 134041 337087 371477 355392 527675 408008 65375 347774 659318 271126 302663 223318 408871 507095 243162 247273 711800 497825 335823 94675 999999999 138714 410762 502784 249700 136152 212592 507904 182540 392567 723151 274994 603204 474198 309030 373504 306176 605313 273890 592165 588126 120391 369442 410805 392470 432210 407898 648689 227044 462419 461046 352388 463740 354026 434640 673939 335525 311275 448615 179536 364710 102536 469015 452904 393176 428064 66583 486761 475526 281839 599561 242068 264406 282069 431674 425593 539681 602603 256955 245147 687250 126615 366116 535444 633403 406555 478971 141492 391904
547646 210573 218570 835015 510282 165588 816016 514295 178489 279773 574123 4996 201712 509349 470979 592587 316794 180807 439418 792385 228315 270531 163243 515647 430760 119318 277740 761048 396357 433173 195646 138714 999999999 272151 641193 164291 257643 204674 595002 320812 450088 780635 253045 736914 388128 435171 512012 351252 559283 404401 514172 501444 117135 276188 411588 253789 570908 270987 733932 206235 367450 574850 438020 545647 439553 568154 577828 211707 403611 374840 174795 273149 177995 598803 369695 431864 481878 74234 604448 394879 184473 692864 279070 402769 409621 424781 554187 652822 734834 146541 122295 784830 59229 358039 660349 690223 480447 612991 139343 404808
611976 232140 390397 1011871 401477 108654 1028361 430227 419187 354357 731114 276917 89752 781307 725665 786195 275073 449010 662381 1054971 357603 394762 297863 760686 408665 199952 462491 922378 314365 673103 457989 410762 272151 999999999 912267 270985 523647 390197 815493 592111 647370 952960 382898 1000704 329189 693687 784163 534228 577557 667759 467699 434744 355618 253077 541189 19101 842953 40990 946249 362504 316270 815904 654518 762841 667774 832759 470578 143990 630314 352656 378464 279207 426973 864151 325499 609014 671286 345088 849367 348037 246803 916737 470327 674911 675201 519391 813098 900663 996574 221120 200753 1011270 298910 487490 920436 866628 693255 877912 356178 553044
885563 763522 598811 781678 1063787 803989 640730 1045764 512448 717416 710680 636621 833860 158118 346957 612350 841168 477653 400767 208443 700237 707748 666250 393329 931360 741219 554120 786442 959587 429933 481602 502784 641193 912267 999999999 723928 417922 627920 514976 320381 574252 764333 648761 158641 888993 258985 142567 534850 961045 262516 1009496 1020487 588976 811695 720642 894307 82767 905893 598373 625444 918425 294417 422854 518635 474909 131061 1115879 819037 401151 846916 610676 827086 498628 235535 866261 625295 599857 567420 271139 880811 760151 530848 541287 245649 305049 705838 185390 389564 176388 747019 742663 560992 616085 710115 297758 704957 527898 110797 579084 684258
394794 337181 382724 744575 361156 207009 757505 358406 332667 431674 466985 164401 250282 575014 477136 515450 435990 249619 589697 898078 89941 131831 319299 502608 267590 85462 441366 658759 248169 413807 242342 249700 164291 270985 723928 999999999 306808 123203 546296 415998 376426 686454 414172 841225 507131 557209 584172 514039 397200 519840 351847 342465 137200 397305 283114 253094 645673 293212 675490 369017 213108 710687 591045 493358 402672 674774 425083 296932 553194 505712 121748 115443 327170 627879 492702 338966 400480 211500 736367 518673 36533 647679 442048 478333 445936 585436 671437 642203 843127 51176 82584 742359 223442 227491 673997 598675 423538 717659 302877 288412
530145 442625 345313 654309 649231 421114 597661 634735 233309 459840 444019 252647 459101 268454 219312 412145 544159 77212 389745 600223 285747 300025 359015 273416 523749 334532 355002 603058 542707 205078 66803 136152 257643 523647 417922 306808 999999999 213417 379049 133671 289240 608559 402261 543208 610100 292610 277407 398255 584869 249136 605723 611462 175395 505556 359207 504691 338935 527064 519159 356623 502199 458243 401442 338653 230259 382367 704746 465828 356674 583416 193233 409465 214045 341439 588664 306989 325527 196528 474642 610990 343240 467042 346641 173249 152136 546479 390733 403581 547977 334031 335309 552954 260367 328821 403223 520909 288919 422301 273899 330628
360183 411580 404873 639207 436337 312541 639665 421349 323574 483025 371040 201734 356546 473569 357362 402460 516673 180800 558035 813614 72481 91947 366166 379879 311425 192655 448866 560171 332075 291046 160331 212592 204674 390197 627920 123203 213417 999999999 425297 340010 260478 582929 448978 756606 588576 494136 485728 514216 393243 452759 394614 398420 100481 476275 209337 371718 547012 408453 557293 399891 290564 656396 563925 372693 279595 595142 491338 392028 521821 578461 34024 202098 311498 511551 571303 231906 288131 209147 677233 596879 156409 526547 446008 385746 335937 618569 600257 519238 761327 169680 191142 621106 252693 158589 553751 493237 303238 635580 318673 200205
456951 801723 724063 290006 753668 733688 221647 717678 612356 835796 226687 590492 777144 388861 200603 106576 907208 442610 721797 720586 467173 440890 728752 134388 605534 617155 732070 273099 684731 174047 415168 507904 595002 815493 514976 546296 379049 425297 999999999 455207 178030 257926 780600 673508 976518 577924 413257 767944 552577 538948 657873 686696 479936 867067 344543 797006 446004 832931 140798 733976 643119 723554 738985 53165 155872 576832 780240 803630 695946 954763 439562 588924 593086 283901 956220 233875 170127 555847 721741 979951 575696 101388 722925 402817 293983 924075 617132 162904 691103 594707 615880 196081 619222 374138 254876 190119 123018 593831 649277 311194
663286 459220 316717 742967 770622 484050 660239 759553 210774 439988 561352 316246 515151 198568 261748 510645 548753 166633 271682 482222 410856 429716 363975 328283 651371 423418 298616 704781 660824 289347 180227 182540 320812 592111 320381 415998 133671 340010 455207 999999999 404711 703313 373593 425471 606296 159010 196029 318946 718413 115465 734575 737749 278798 514546 492010 574058 252076 586894 588245 337652 622076 324750 286854 425385 326955 258864 829126 505105 242708 570943 314999 526279 193292 323014 583661 431744 440079 247094 341064 602475 451077 527771 287251 92250 166606 486072 260260 431783 427140 432728 425110 602461 298045 462492 399663 620062 390310 301691 273119 462300
317650 660624 612907 385404 580949 573009 381142 547401 508190 712952 156643 446100 617001 422254 228384 142892 766871 329793 674427 781695 293068 264042 599350 200677 432858 452656 636026 319233 507626 144491 298816 392567 450088 647370 574252 376426 289240 260478 178030 404711 999999999 332672 665878 728462 838071 554932 443930 685412 404155 511442 491592 516992 333030 726269 174513 629341 494019 667900 299338 616920 465709 716739 687747 125863 99366 598185 612421 650393 642959 822227 281074 411372 490442 377002 819245 60921 36315 426020 724422 844126 403392 277547 629093 388557 283834 823870 625852 313639 741305 426440 450949 371536 484920 197187 382909 242250 61985 626621 530597 138210
427537 991070 943774 60224 777236 891478 193937 732595 836615 1045578 222836 776841 935371 645969 457351 196497 1097116 659053 973581 965401 597024 558278 931972 392136 641102 768947 962472 50295 743244 414073 628623 723151 780635 952960 764333 686454 608559 582929 257926 703313 332672 999999999 997592 921543 1168675 833887 670401 1006304 522808 793884 662885 701770 664116 1056522 414566 936237 699954 978785 179093 948875 708277 981417 989771 278253 379739 833797 780776 974709 945923 1154229 608015 687657 818234 529056 1150318 351038 299171 758680 979595 1175425 706545 239920 954646 658516 548247 1152541 874905 381165 940594 737628 766692 261340 817379 466199 480020 90520 319658 848994 862545 399917
800340 155461 57882 1047582 732001 297079 999914 744722 170768 68734 805907 254304 294676 565301 613453 802509 197213 340023 304361 739603 481018 522631 98315 673229 674389 348301 99538 984773 621973 607037 369651 274994 253045 382898 648761 414172 402261 448978 780600 373593 665878 997592 999999999 691648 240248 392945 556730 157544 811193 386732 755016 736652 350095 176180 658314 372754 601947 353911 921090 49500 600753 468593 290907 737878 628215 537235 802279 241801 279893 199728 416003 513879 190300 696567 217502 660925 700834 243748 505882 232883 427814 869174 111686 464483 526730 171742 500799 794934 681119 385006 351966 953731 197513 606660 772345 907587 681545 580158 135380 646929
1035736 825407 649878 937068 1192179 892268 791104 1177816 584314 757962 867925 732790 916770 306688 503028 770915 888817 591609 402181 57032 828953 841404 729743 551568 1065791 846341 592332 944556 1084253 583992 601646 603204 736914 1000704 158641 841225 543208 756606 673508 425471 728462 921543 691648 999999999 926696 308552 286371 553705 1107490 333184 1146357 1154093 704082 864722 868166 983818 234733 988721 753191 678865 1044516 249586 422015 677056 629440 168778 1247872 892010 416568 880705 735424 950024 574513 392527 904627 777369 755371 662939 213027 915247 876482 686143 579995 371883 451607 710611 191789 543947 25029 857734 848275 709851 701949 853258 448771 863406 684280 124240 650419 832621
897673 177605 292512 1223138 730306 311317 1198162 757161 396068 171580 959606 392025 276987 801872 828685 980324 71943 537643 529305 972513 593308 636837 251137 883049 721017 422588 336553 1148222 637668 807800 562716 474198 388128 329189 888993 507131 610100 588576 976518 606296 838071 1168675 240248 926696 999999999 632545 794607 375537 882251 626954 788764 759091 505052 112321 786748 331471 841403 288329 1116843 268980 632124 693634 512246 929118 820731 776083 799691 215660 510571 49562 561279 570428 414460 927035 22813 819076 870006 420838 731954 21481 503112 1071349 349277 698370 748896 261610 737487 1012791 914677 460978 425825 1160567 357313 731272 999991 1078301 866046 818362 339420 785733
822215 518616 346230 867789 917083 585634 764039 909267 275890 461182 710760 431401 608795 223257 377323 647794 588209 314851 159345 361681 563203 585168 422213 444166 804105 549495 296329 840996 805113 427029 333952 309030 435171 693687 258985 557209 292610 494136 577924 159010 554932 833887 392945 308552 632545 999999999 204191 276874 876967 44054 888177 888924 422049 561316 650850 677165 228325 680595 700064 374341 768237 165785 180635 556999 469122 145269 978139 583526 148659 589367 466759 670986 266758 375290 609935 586754 589190 362599 183207 623498 590362 634850 283526 175371 285973 449706 119537 516356 303056 565796 551803 696386 395846 621377 456529 755503 532686 189531 341870 620696
749368 654008 502224 696311 921346 676965 575383 903198 403235 624940 588277 507254 709606 24435 223888 500863 740330 341231 363520 341377 557955 565182 557875 281489 788859 606114 470242 685808 817624 299997 342404 373504 512012 784163 142567 584172 277407 485728 413257 196029 443930 670401 556730 286371 794607 204191 999999999 468813 822009 183584 867254 877957 450771 707527 582193 765770 61547 780957 519110 525971 776290 317739 384812 406077 345716 163590 973314 701098 350973 756354 469256 685587 386924 172860 771816 491363 472375 439686 310961 789050 620565 451685 457725 109360 165404 643046 205991 321875 297801 609503 607328 502727 493423 569281 253498 601443 403399 184465 467614 546425
874398 312200 145754 1050562 857558 440155 978028 864457 190656 213904 836967 350438 444704 482923 579922 810107 346982 360294 153770 597873 562942 599937 237183 645571 781511 464792 75181 1001276 744516 596015 391314 306176 351252 534228 534850 514039 398255 514216 767944 318946 685412 1006304 157544 553705 375537 276874 468813 999999999 900713 285819 865288 852480 414992 331420 716832 522458 502828 507902 904261 172054 717828 318286 137169 732711 626799 412106 926399 396605 137737 328221 480258 624378 203871 628518 354134 694435 721684 309396 356504 362730 535718 845450 72196 397516 485394 174285 368145 749658 540529 496683 468231 921398 292409 670949 708723 919093 686901 451580 211967 697941
98932 724982 777300 579979 267659 571102 681656 220005 711690 827498 339561 558651 606188 803538 625664 458555 814627 571432 951175 1163159 337806 302730 716425 604809 170932 471015 831158 475744 278489 539071 546862 605313 559283 577557 961045 397200 584869 393243 552577 718413 404155 522808 811193 1107490 882251 876967 822009 900713 999999999 833819 149192 192174 487729 779156 240550 567382 878511 615362 618057 765374 263376 1042028 957159 511329 498286 958781 259212 666673 915018 889449 425806 312024 701536 780068 871407 344999 392238 591316 1059474 896955 387973 631771 830135 741168 656733 982606 973632 709161 1116733 431950 467390 711429 617466 256847 785913 467564 463634 994388 694275 277490
778398 503086 336295 828953 878551 559233 729404 869659 254543 455456 667457 400395 584662 199449 338608 606364 578678 274693 187888 388173 522485 543391 405903 405881 763411 516304 294010 799941 767188 385048 292429 273890 404401 667759 262516 519840 249136 452759 538948 115465 511442 793884 386732 333184 626954 44054 183584 285819 833819 999999999 847202 848810 383698 549578 606985 650755 218426 656779 663576 363033 729693 209678 207672 516357 426601 165014 938797 563362 169846 585639 426105 632787 242999 349503 604186 542793 545862 330799 225730 619292 553621 599150 281221 136358 245641 460097 151831 484853 330443 530742 518453 663711 368885 577956 430772 714507 490246 210184 321408 576710
235921 646808 730203 721389 118485 484450 810292 71073 684135 759622 463763 514866 512877 851750 694060 574356 725479 573505 938433 1203136 325044 305702 657027 686265 85103 406769 791894 617531 153517 609440 554867 592165 514172 467699 1009496 351847 605723 394614 657873 734575 491592 662885 755016 1146357 788764 888177 867254 865288 149192 847202 999999999 43449 472002 693639 317080 460932 926959 507815 741184 713373 157970 1048863 941011 611111 574598 988034 122749 577044 901840 802817 421466 241864 677727 853419 780862 430756 489117 562378 1070982 805497 330020 745994 793152 774523 706059 922570 994773 805070 1152559 371027 403114 831501 573278 306398 871614 600283 553545 1027336 653504 353784
276147 622475 714725 760634 76254 458886 845314 31428 674870 737720 498860 502541 484870 863389 712410 606526 697363 574189 931935 1211029 326907 313056 638367 708309 89361 389770 778358 657051 121438 629027 557529 588126 501444 434744 1020487 342465 611462 398420 686696 737749 516992 701770 736652 1154093 759091 888924 877957 852480 192174 848810 43449 999999999 468977 666778 343152 429146 938294 475296 774728 696537 135908 1047611 933502 638705 596138 993547 96962 549668 895391 775116 422909 228530 669635 872244 752089 456563 516991 553965 1071009 776360 317145 776940 780287 782365 718954 902242 997902 830549 1159391 355954 386182 863895 560078 326320 893898 637058 578942 1033761 640534 378785
459895 327599 304715 718146 495049 260065 700311 488043 224677 387656 460515 113082 301865 443193 370215 475460 433854 112560 467992 760914 151296 185386 271339 408372 386981 160397 348656 645565 383504 322904 108818 120391 117135 355618 588976 137200 175395 100481 479936 278798 333030 664116 350095 704082 505052 422049 450771 414992 487729 383698 472002 468977 999999999 393256 308960 336517 512029 364447 618049 300766 346194 578735 472088 429850 325317 537584 556463 323766 431452 490300 66630 249095 213844 510418 486348 316859 365111 108689 602854 511356 172465 578821 346083 343419 322903 518762 534973 547603 705928 158858 160867 671654 156281 259036 564869 573641 363870 580468 218459 296877
790065 65696 215230 1111151 645062 209710 1088670 667765 304369 119951 847312 280175 182489 712607 724834 868693 40609 431309 480503 913793 482333 525946 150942 777125 621986 313723 275014 1035910 545765 699896 455040 369442 276188 253077 811695 397305 505556 476275 867067 514546 726269 1056522 176180 864722 112321 561316 707527 331420 779156 549578 693639 666778 393256 999999999 675311 250057 757884 215229 1007064 187023 535797 644761 466686 819045 711196 706548 715505 117274 455831 110301 448981 467293 321287 830706 95696 706780 757994 312683 681986 121617 395564 962869 286659 606698 648561 271852 673147 909121 855098 352623 317085 1052969 248411 619947 901331 966181 755258 750394 241972 673717
171575 612378 613659 474358 409128 489909 520866 373843 526945 691187 191736 409087 532787 563352 386503 273632 714990 362985 742313 923542 194094 151287 574389 371295 260998 368448 654638 381577 345432 300056 334239 410805 411588 541189 720642 283114 359207 209337 344543 492010 174513 414566 658314 868166 786748 650850 582193 716832 240550 606985 317080 343152 308960 675311 999999999 525170 638188 569400 444262 609209 305775 816632 751306 295693 261290 722678 438113 579671 707368 780991 242513 273302 512963 543109 770998 113699 174425 417405 831065 796881 297379 437990 650844 505153 416797 827687 740864 488050 878044 333165 365659 528240 461796 55685 555844 332128 236469 756866 527396 37732
599378 224424 377931 995028 398992 91564 1010239 425968 403239 347164 714645 258525 78106 762761 706566 768484 274462 430169 648532 1038239 340276 377960 285519 741673 399490 181059 450076 906068 308122 654134 438979 392470 253789 19101 894307 253094 504691 371718 797006 574058 629341 936237 372754 983818 331471 677165 765770 522458 567382 650755 460932 429146 336517 250057 525170 999999999 824680 47991 928081 350469 307599 800993 641096 744401 649004 815718 468695 137274 616114 352463 359641 265784 410583 845118 326483 591523 653538 326976 834178 349714 229764 898219 457591 656487 656196 513212 796637 881639 979915 202939 181917 992722 281877 471185 901338 849637 674863 860853 340909 536368
