NAME : synthetic_000554
TYPE : CTSP-D
DIMENSION : 100
GROUPS : 8
RELAXATION_LEVEL : 1
EDGE_WEIGHT_TYPE : EXPLICIT
EDGE_WEIGHT_FORMAT : FULL_MATRIX
EDGE_WEIGHT_SECTION
999999999 405544 644047 758777 214516 149720 300361 810370 734329 752021 475553 568280 324962 665954 240736 323658 424577 700405 759788 575170 303111 673342 669846 132630 576962 524687 584717 545482 660257 516063 929989 209215 844553 425668 464097 822793 379590 331592 537221 352241 121326 193462 394026 160128 230515 810224 184749 289385 569591 200453 302081 613391 369659 165030 793366 860033 712100 634961 758366 380471 134635 519619 630537 570826 384933 490834 577527 719068 198492 130048 901598 128275 763071 804107 725068 407168 172728 255246 298276 503849 701479 332600 700395 365280 532984 290001 310069 471513 219887 403841 473288 194615 597557 140426 508138 516544 401745 910265 415773 443002
405544 999999999 782372 899744 335477 334946 465511 1031515 685950 694087 147761 730092 124467 794390 271422 140075 591656 747951 881458 586558 629740 976082 717944 537059 580402 507671 316535 713068 424807 419184 798235 397425 862681 752334 255259 622898 783602 252415 502078 99103 526114 559472 254358 263048 475306 861222 290557 364651 561045 598119 565701 870636 49470 330254 1001396 755775 631080 542089 767251 673660 434262 834396 795642 540036 599307 294950 915201 665441 598059 289574 722696 531575 950156 956698 757937 43456 243218 376316 285797 299437 666239 737927 621838 767764 587092 618649 268862 562185 608968 371810 864030 259048 478131 317042 712820 683995 457434 736968 146751 547969
644047 782372 999999999 119931 492605 541215 356931 281425 329631 349357 706135 78875 661505 25574 829507 644648 220868 165373 115810 247472 415467 388540 161776 629596 258794 313973 639669 101699 604942 424941 545503 454660 276605 390785 578130 600833 767613 529971 332731 816201 632441 515290 538731 614292 413593 212571 783676 431224 279972 594107 353413 244934 789316 785610 242278 464903 377752 392342 244677 336182 509418 367576 50496 312484 262681 555610 450604 335069 717085 710732 604826 621254 179510 174772 195424 746667 718777 437863 500866 562616 302791 691159 372198 660108 210077 423414 515319 220209 562431 416078 619491 771499 434875 566026 159457 128282 324941 600425 657034 236008
758777 899744 119931 999999999 612410 660225 476016 213945 381084 397239 818228 190711 779780 105356 948791 762830 338741 213042 42301 343488 512490 395593 226819 735627 353859 417452 740309 213353 694539 528050 570425 573421 260929 465137 688089 661831 852533 647587 433553 935550 739376 619493 653195 733972 529036 189956 902421 551025 375951 694208 462495 272294 907920 903418 172111 495954 440989 475046 272187 428005 624418 420082 129532 407415 374369 662910 487720 392198 819226 829410 648316 727700 108043 58619 232180 863263 838271 557729 619805 668852 362701 777918 438156 741569 318689 521900 633795 338015 661121 530839 683424 890773 526027 685148 257615 242759 442785 641011 771518 355323
214516 335477 492605 612410 999999999 65823 140416 712739 525560 542264 336078 426634 214396 510344 339091 202232 278078 513119 603983 372642 302260 640701 481618 297122 372733 314540 399914 406244 460032 302151 715837 62911 652527 420252 278211 611490 545752 141978 325197 338446 290417 260940 202805 122171 141307 627434 297632 77783 362656 328421 230323 539715 324432 307713 686694 646953 499272 420670 561692 338579 135118 499536 493261 360374 270312 296051 582756 509262 389877 226852 687847 288173 642580 664948 534038 314049 227495 55112 96726 309578 494013 480755 487608 493216 340147 292565 114949 288031 324458 189401 562273 281462 383478 83891 391645 375832 199167 696211 270437 263470
149720 334946 541215 660225 65823 999999999 184284 745974 590907 607784 363213 471390 224348 560419 288810 216376 321965 572948 654677 436385 295559 652892 541619 243931 436922 380006 448116 449933 516006 366349 781463 87127 714000 419852 325912 673727 497038 189391 390954 318543 235938 229836 252378 82449 151891 686289 242634 143075 427491 285368 243822 563675 314503 248071 722576 712770 565094 486258 624252 347349 100817 505671 537299 425926 302141 348520 582365 574778 332542 169942 751886 235582 682489 710818 594998 321527 179747 114175 150955 361871 559093 436351 553430 454689 400941 284152 165153 345363 287375 254376 536152 230825 447856 25317 427386 419581 262232 760550 298558 319124
300361 465511 356931 476016 140416 184284 999999999 572829 448974 468492 437145 287889 341272 376270 472790 326576 138541 400086 470594 284102 224844 516388 369646 329208 288057 251150 453969 266915 484301 290329 662136 98053 544559 320005 343742 597188 545586 231430 269776 477521 327221 243761 274067 259241 87561 510167 426807 105169 285462 328702 126210 405136 460055 430055 546352 585647 439884 377699 460073 228528 171074 385727 354218 295251 133805 345723 476367 436359 426809 353931 657088 319667 502349 527098 425149 438525 362567 90073 186294 358399 414321 471535 428338 467794 235158 220147 206569 171512 310371 189449 504335 414772 361912 209138 251636 236477 124715 662269 374262 142714
810370 1031515 281425 213945 712739 745974 572829 999999999 591980 609084 972245 307084 907452 284783 1029245 891475 440087 421962 256052 528894 519697 248530 430313 752345 540219 593405 918609 320894 886362 703641 784024 660809 470112 426228 849064 871382 804071 782217 613055 1050288 759058 637465 801621 826781 597391 400398 977412 667716 561364 694435 511347 203684 1030911 969780 41951 709899 648659 672346 485810 434150 684063 346546 247852 593888 444145 830009 374716 601597 819047 905669 861763 746277 108014 175722 444100 999743 924591 662473 745729 838009 570876 737562 644698 690787 488125 531978 763139 483099 659439 680607 599530 972416 716292 771168 321193 348637 582434 854717 918185 489801
734329 685950 329631 381084 525560 590907 448974 591980 999999999 21695 561815 360983 592115 316131 838152 575800 386733 170255 341127 165912 627745 714979 167855 778180 160994 211087 430403 369611 351819 267904 229160 526614 195952 658613 432888 280969 981756 470456 202977 755191 776113 686171 439065 632580 535773 229273 808787 447870 165054 772515 531169 569048 712782 826651 550134 146738 69181 146712 117578 576416 616391 666640 378518 165668 453869 395268 758894 20787 875733 744295 275202 768641 483968 432408 149025 643063 731289 479348 471767 394265 35618 904981 72713 889784 224704 629706 473448 291884 749572 350353 886888 785428 212807 609002 431532 369554 333166 271163 539562 320135
752021 694087 349357 397239 542264 607784 468492 609084 21695 999999999 567378 382126 602785 335231 851750 586653 408152 188227 356757 186281 649002 735465 187688 797679 180879 227786 431478 390996 348790 277876 207466 544827 200028 680305 439962 266345 1002594 483069 218189 765231 795471 706510 449523 647770 555489 239178 823338 464710 183681 792828 552131 589658 722082 841887 567180 125058 67108 152402 129346 598031 635214 688162 398534 181895 475283 401678 780292 33006 895302 759549 255676 788130 501117 447499 165139 651009 745594 496852 486092 399970 56930 925887 73865 910996 245835 650871 487050 312837 770136 364673 908541 799530 217935 625469 453087 391163 351492 251079 547440 340920
475553 147761 706135 818228 336078 363213 437145 972245 561815 567378 999999999 665315 151230 714215 400995 152052 542282 645842 794677 485559 637071 952234 617774 597917 477553 406424 168928 651606 277627 304070 655700 397302 747570 750371 133198 475919 852009 206001 395689 243529 588232 591681 171172 316127 473736 754735 406969 332311 456421 647440 555205 832004 192353 443763 938429 617989 501989 415314 653586 662829 462091 822258 727531 430758 566045 167278 910799 541039 674045 384098 576317 590723 881810 876558 651156 108077 342276 358115 253002 167551 546314 796464 493765 817556 499584 627915 232120 489919 650588 291790 896705 374675 349459 354272 664534 624941 390193 590890 65650 482623
568280 730092 78875 190711 426634 471390 287889 307084 360983 382126 665315 999999999 607159 103650 760200 590691 149463 214303 193483 243655 337328 358202 199909 550865 255204 295137 616253 23043 594770 402342 586304 384319 343340 320853 542192 616506 691510 478599 316769 757100 553816 436422 494969 547024 338343 284135 712907 370871 273578 515350 274960 212091 733317 713073 273336 504020 398034 394774 295828 259802 433818 309894 66731 305301 184857 524183 399346 362082 638212 639858 633037 542565 220090 239443 246404 696517 650386 372828 445148 532672 329637 614716 390546 585303 190484 345007 461285 176097 483826 373582 551690 702209 426885 496497 84183 52127 276131 630632 612092 183556
324962 124467 661505 779780 214396 224348 341272 907452 592115 602785 151230 607159 999999999 674494 273292 17213 467449 637125 763165 477241 513895 853586 606400 449664 472255 400200 286911 589714 384110 324987 730209 277139 758988 634156 185885 574454 702909 133349 397989 164293 439629 453901 153289 166789 355524 751879 267422 240224 454354 502905 444452 746400 128711 301235 877701 678484 543643 454237 663427 552876 325161 713869 673046 436886 475075 224700 796858 572226 523366 235322 668924 442860 827239 836179 649667 99680 196226 252471 162085 233831 568799 649642 533417 673622 471357 503415 146256 441765 509011 258230 760275 236034 394722 211002 588416 560426 337017 681504 97470 426078
665954 794390 25574 105356 510344 560419 376270 284783 316131 335231 714215 103650 674494 999999999 848182 657529 241814 148473 94392 246769 440714 406909 149086 653721 257777 316973 642035 126207 603083 428067 528000 474240 252696 416111 584901 590767 793171 542236 334563 830732 656414 539768 548315 632321 435440 187686 803035 447052 279471 618994 377288 264992 802704 805788 244360 448159 367388 387604 225615 361702 531332 391386 71854 311736 286173 560947 473127 322917 741697 730196 590901 645317 179476 162781 177104 757969 737149 455395 514773 567429 291041 716697 362501 685679 215397 448555 528577 232755 587460 425829 644501 790211 433174 585066 184976 151685 337481 585911 666669 250784
240736 271422 829507 948791 339091 288810 472790 1029245 838152 851750 400995 760200 273292 848182 999999999 284796 610767 848898 942205 700063 539349 910320 817297 360287 698072 631549 557068 738718 657097 580126 996627 375905 984483 664080 458753 847448 570459 369995 635874 178462 348735 433861 414670 217141 432061 964082 55987 410141 684249 434065 518845 839387 222280 85599 1007918 939561 798198 710676 891140 610685 347446 757198 826074 674366 588123 496785 818005 819568 385516 123734 940837 359032 970109 999624 867797 297992 111698 394168 367111 506539 810424 543578 787213 586057 675593 526327 364734 626750 457777 488078 705044 58018 656539 263730 714031 708379 532560 952980 365381 602555
323658 140075 644648 762830 202232 216376 326576 891475 575800 586653 152052 590691 17213 657529 284796 999999999 451582 619936 746084 460107 503103 839994 589201 446215 455162 383160 279114 573380 373988 308976 716057 265128 742018 622442 173998 562664 700098 116164 381126 181249 436413 446212 137368 164075 343537 734712 276124 224711 437327 497576 431674 731595 145885 308743 861519 663490 527878 438551 646470 540210 316968 701216 656495 420051 460329 212088 784987 555970 522136 239998 656348 439160 810780 819293 632538 112511 202896 238317 145829 221743 552245 645440 517579 668150 454159 492838 129547 424824 502570 241037 752508 245235 379574 204638 572805 544175 320049 668724 93483 409345
424577 591656 220868 338741 278078 321965 138541 440087 386733 408152 542282 149463 467449 241814 610767 451582 999999999 293566 336047 227065 241839 420262 266610 423527 235765 236290 521949 128378 524529 321413 613997 234939 438612 282233 429571 593327 599663 344473 259655 612011 424660 316092 371512 397777 194274 393834 563771 227650 244075 400859 151606 290679 591038 564863 411324 532573 398914 362279 365534 193128 290096 316616 215682 267491 67137 419707 412986 379662 516677 490739 633464 414564 364776 388858 322921 560782 500934 225117 306038 430363 351223 522283 388604 503896 163531 244841 323992 101509 373512 258076 503635 552769 371319 347049 122571 97938 158251 635107 484156 81997
700405 747951 165373 213042 513119 572948 400086 421962 170255 188227 645842 214303 637125 148473 848898 619936 293566 999999999 175097 161589 528602 553913 31601 715416 168625 240991 545507 229264 488569 343152 380143 493770 145645 532262 512693 449643 888143 504703 250153 800307 715822 609646 493749 632723 477632 115675 810393 438979 189440 694327 444977 409922 765022 820401 380184 299810 227975 267485 81576 461762 569919 523723 215747 216120 355910 481734 611161 179753 809710 739966 443441 706269 313961 267163 32165 707757 737547 459474 489441 485215 149709 810645 225156 786885 173342 533612 498201 229099 666404 378899 763620 792299 324247 595319 295288 239738 316344 437972 608481 257403
759788 881458 115810 42301 603983 654677 470594 256052 341127 356757 794677 193483 763165 94392 942205 746084 336047 175097 999999999 314377 525767 433428 191806 743997 324231 390595 710423 216521 660763 500161 528158 568590 219445 487566 663347 622081 872042 630207 405313 921196 747122 628944 632117 726068 529299 148344 897308 539347 346362 706197 468425 305179 891731 900180 214279 453910 402367 440306 230676 443424 625154 448774 141182 377068 378168 636601 520536 352943 830152 824500 606773 735779 150325 92068 192108 843985 831047 548950 604940 641923 324117 796543 400018 762296 295922 534447 617911 322788 673842 510553 710044 884258 493444 679272 268678 243979 426674 599284 750126 342790
575170 586558 247472 343488 372642 436385 284102 528894 165912 186281 485559 243655 477241 246769 700063 460107 227065 161589 314377 999999999 465019 599463 132426 613059 11601 79497 396821 243735 357514 186001 388449 366096 285086 506671 352700 377339 816620 345893 91175 641061 611285 520276 332261 487082 370375 274937 665332 295355 32706 606612 366646 454428 604561 679224 489596 308183 171968 151219 191080 419866 453223 527240 285531 65060 293556 323564 622582 155465 710452 597336 407979 603542 425784 401905 172437 546214 589959 322631 335000 328205 130706 740074 161882 726452 64236 466249 341673 127934 583869 219622 730646 644785 187482 456494 295566 233420 174279 408851 446956 155140
303111 629740 415467 512490 302260 295559 224844 519697 627745 649002 637071 337328 513895 440714 539349 503103 241839 528602 525767 465019 999999999 371007 504112 232997 472560 456756 675734 315454 709109 513029 853452 239983 670524 126318 560912 813381 359583 434795 478358 610989 239411 117961 487451 374105 163713 617754 484007 314988 477330 182195 102824 317382 609939 467959 508528 772756 634902 586497 604366 87321 201272 217951 385044 495663 175165 567282 287339 619693 308053 418374 864483 226675 489838 546615 559427 613201 449435 281962 386613 580309 592148 282072 624048 262129 403249 13109 407402 337088 148662 414213 279798 487222 580333 315949 257162 294757 340882 867704 571620 310572
673342 976082 388540 395593 640701 652892 516388 248530 714979 735465 952234 358202 853586 406909 910320 839994 420262 553913 433428 599463 371007 999999999 548271 584535 610826 639911 942159 355767 938620 737641 934036 579478 649140 248270 847501 974592 580367 747419 662988 971363 593598 482053 784636 734804 503073 578684 855014 621503 627578 515687 411203 146334 963669 838370 268078 853239 755872 750450 632497 305567 567809 153837 338241 658024 386355 839637 134234 718009 631322 788859 989320 580750 302090 386593 583675 952500 818068 601959 702674 850483 685437 521983 748604 470093 541126 384058 722939 504767 482097 677217 362464 857744 776050 675969 309499 368204 578313 986041 890284 496617
669846 717944 161776 226819 481618 541619 369646 430313 167855 187688 617774 199909 606400 149086 817297 589201 266610 31601 191806 132426 504112 548271 999999999 686930 140236 211908 521639 212497 468971 316248 387494 462815 175088 513309 484765 442057 863658 473790 222337 769384 687114 582334 463932 601141 448126 147168 778840 407390 161633 667420 418216 402883 734452 788971 388939 305736 218761 248575 100587 439830 539851 509654 210856 189823 330261 454650 599068 173859 781698 708469 443052 677730 322817 283142 56512 677991 705950 428052 458046 458593 141963 786145 214431 763723 141752 508659 466973 198354 640045 348184 744504 760706 302267 563910 277815 219651 284743 438761 579252 226935
132630 537059 629596 735627 297122 243931 329208 752345 778180 797679 597917 550865 449664 653721 360287 446215 423527 715416 743997 613059 232997 584535 686930 999999999 617237 577091 692042 527924 757077 591818 988907 264078 861011 338506 569821 904098 254472 433071 593616 484620 11649 117007 495930 282891 242793 817265 305566 358679 614419 74808 276663 549348 502105 276901 741512 913828 767004 698624 782618 319872 168738 432283 606263 622358 368362 591476 474974 765473 97785 260766 974563 9575 721283 774041 743421 536520 304842 319500 392189 604917 743474 201084 755349 232738 561095 221134 408074 494469 103976 478426 345043 321190 671272 246186 478057 502263 449328 981422 535564 464920
576962 580402 258794 353859 372733 436922 288057 540219 160994 180879 477553 255204 472255 257777 698072 455162 235765 168625 324231 11601 472560 610826 140236 617237 999999999 72734 386522 255133 346152 176735 381210 368143 288306 516115 344529 366436 822995 341558 82222 636283 615259 525794 326044 485966 374779 280821 664085 295187 22136 612075 373558 465870 599184 678625 500845 301506 163190 139746 193574 428781 456309 537722 297077 53962 301949 314743 633182 149406 714759 596591 398407 607702 436917 412203 177706 539783 588321 323523 332199 319091 126277 746606 152841 733670 74019 473542 338212 135722 589785 215365 739395 643102 176095 456624 306509 244487 175385 399566 439974 162164
524687 507671 313973 417452 314540 380006 251150 593405 211087 227786 406424 295137 400200 316973 631549 383160 236290 240991 390595 79497 456756 639911 211908 577091 72734 999999999 325702 289838 300342 111112 411848 318912 359107 517298 273826 358790 795823 270510 23494 564384 573964 494619 253314 422576 338526 353552 599782 236932 54202 579839 354461 498401 526753 616400 555480 337416 189977 129742 263728 425738 411371 551229 346231 46146 296946 246007 647646 194780 674855 534073 408536 567516 493482 476067 250353 467066 522988 269444 264504 251493 180367 720886 178298 713138 105580 455740 268870 137647 560726 144983 731897 577530 136741 397917 330563 272511 127794 412700 367494 154544
584717 316535 639669 740309 399914 448116 453969 918609 430403 431478 168928 616253 286911 642035 557068 279114 521949 545507 710423 396821 675734 942159 521639 692042 386522 325702 999999999 607693 109177 214980 492849 450477 624647 772869 122262 307390 944333 259329 307474 410521 683996 658830 197158 427710 516006 644151 554331 362123 364403 728281 580135 808279 359663 587774 881037 462781 364373 286891 535540 679902 535030 830194 670932 333357 563665 108462 924443 409984 778857 517973 408370 683640 819179 798708 543626 275651 482008 398613 303240 95581 422554 880601 358321 892299 430532 669211 285347 443970 723765 268794 951355 522859 223235 448078 636776 585828 364427 423293 191716 447055
545482 713068 101699 213353 406244 449933 266915 320894 369611 390996 651606 23043 589714 126207 738718 573380 128378 229264 216521 243735 315454 355767 212497 527924 255133 289838 607693 999999999 590148 394924 596590 362816 361890 303467 530181 619368 670710 462256 312090 738202 530835 413624 480806 526154 315701 304257 691102 352207 272361 492867 251936 210840 715271 690877 288702 514076 403246 394844 310403 239208 411073 297892 87375 303404 161832 513556 389297 369481 615499 618053 639514 519605 238027 261205 261427 680122 629169 352799 427630 522453 337280 593765 395258 565195 187012 322909 444213 164714 461513 360305 534723 680752 423664 475094 66102 30440 261574 637699 597303 168993
660257 424807 604942 694539 460032 516006 484301 886362 351819 348790 277627 594770 384110 603083 657097 373988 524529 488569 660763 357514 709109 938620 468971 757077 346152 300342 109177 590148 999999999 203275 386221 501765 547690 793674 202197 198314 1004398 328666 278127 517291 750110 709432 266480 509221 557659 576343 649888 407398 325182 785048 608623 798401 466795 681223 846856 362289 282934 221091 464705 699907 592922 840469 642249 292639 575857 170045 936516 332596 848382 607406 299198 748178 782536 751753 481031 383278 574921 446562 365370 157565 351213 936641 279362 942585 404299 704364 351073 433871 776218 295434 988600 619203 170071 520350 629195 572522 375570 314175 293448 444050
516063 419184 424941 528050 302151 366349 290329 703641 267904 277876 304070 402342 324987 428067 580126 308976 321413 343152 500161 186001 513029 737641 316248 591818 176735 111112 214980 394924 203275 999999999 420695 327987 445166 591786 171114 312500 828267 210335 94867 487433 586631 527378 171698 387759 370742 450711 556627 233221 154856 608289 410965 599593 444912 579416 666076 359632 219320 130686 350395 498138 423181 637194 456022 127132 372941 138588 733254 247728 687731 498150 385697 582434 604425 586636 347206 376721 478127 272325 224045 142391 247057 756729 208802 756819 215552 509435 219664 233640 594809 113630 792725 530537 81569 378401 428932 374693 174060 394202 273756 241528
929989 798235 545503 570425 715837 781463 662136 784024 229160 207466 655700 586304 730209 528000 996627 716057 613997 380143 528158 388449 853452 934036 387494 988907 381210 411848 492849 596590 386221 420695 999999999 728847 320694 887761 548150 205157 1203485 629445 395639 882954 985657 904296 582044 808379 749693 385958 976216 640840 378770 990154 754757 789611 834895 999937 742368 82638 222252 295218 303288 804977 822533 894359 595812 366949 681001 507966 985527 234378 1086653 918825 117773 979333 678225 611999 350919 755077 897724 676779 644451 501135 263918 1127398 233812 1114849 450670 854673 640296 516368 969373 527868 1115705 949211 341053 795904 659655 598099 539641 101772 655363 543358
209215 397425 454660 573421 62911 87127 98053 660809 526614 544827 397302 384319 277139 474240 375905 265128 234939 493770 568590 366096 239983 579478 462815 264078 368143 318912 450477 362816 501765 327987 728847 999999999 636860 357341 330568 640453 503467 197877 333408 395168 259351 208799 255213 166019 78415 605550 329035 95637 361584 283547 168417 482417 384365 332049 636598 656126 508300 436076 549557 276245 95342 437079 450179 364949 216667 343881 519862 511998 360717 256072 710654 254640 595661 623759 517404 376815 266709 56006 150105 357379 493269 434878 496580 442561 324353 230628 170276 264764 274857 214969 504335 317936 407196 112347 341147 332474 193454 717736 331765 237203
844553 862681 276605 260929 652527 714000 544559 470112 195952 200028 747570 343340 758988 252696 984483 742018 438612 145645 219445 285086 670524 649140 175088 861011 288306 359107 624647 361890 547690 445166 320694 636860 999999999 664078 615654 453950 1029451 629515 361405 923264 861458 754649 609574 770050 623107 71124 948308 576690 304911 838945 589663 513379 884588 960236 429306 256351 264772 338118 95604 599888 714923 644054 324295 322904 499730 580327 724998 215640 955111 879022 414950 851877 368170 295138 119494 820845 873875 599948 620085 581072 202748 952072 268624 926071 313124 676161 626502 373095 810489 503516 894448 928733 403407 735648 427327 377403 453699 404420 718549 401894
425668 752334 390785 465137 420252 419852 320005 426228 658613 680305 750371 320853 634156 416111 664080 622442 282233 532262 487566 506671 126318 248270 513309 338506 516115 517298 772869 303467 793674 591786 887761 357341 664078 999999999 663693 875380 389442 545191 540407 736679 347039 233788 592997 499516 278981 602974 608466 420600 525827 273126 195773 224124 734304 590655 422932 805326 678377 644431 612831 93777 327412 94525 349217 549724 220743 665037 162869 654344 394946 543975 914520 334117 418295 487570 564373 733805 575667 392266 497536 677477 623938 317337 668505 277127 442440 138930 518460 383675 238486 505077 231359 612737 649989 441040 237403 293705 418150 915514 685578 362945
464097 255259 578130 688089 278211 325912 343742 849064 432888 439962 133198 542192 185885 584901 458753 173998 429571 512693 663347 352700 560912 847501 484765 569821 344529 273826 122262 530181 202197 171114 548150 330568 615654 663693 999999999 388699 822093 137105 262558 334991 561829 538097 75547 309147 398985 621618 448582 245924 323304 606367 468716 720061 287814 479258 813934 501608 376165 287611 521237 572092 413252 726901 602382 297584 462833 40267 819277 412210 657114 405251 483168 561399 755566 746595 518009 211876 372971 280488 181786 47981 415481 758649 367156 771189 369580 553643 163374 366103 602501 171779 833725 418331 223031 326390 549688 505085 272313 495925 108808 362488
822793 622898 600833 661831 611490 673727 597188 871382 280969 266345 475919 616506 574454 590767 847448 562664 593327 449643 622081 377339 813381 974592 442057 904098 366436 358790 307390 619368 198314 312500 205157 640453 453950 875380 388699 999999999 1139887 497658 336186 714329 898713 838254 440407 682171 680841 503124 835577 545421 352690 920203 710592 828596 664169 864326 829695 212621 223379 231107 395509 784383 735572 903389 646940 326239 655546 351030 999194 269890 999606 786941 102105 894745 763451 713352 429973 581072 758599 584701 524936 340932 300561 1067479 228640 1064922 439571 811442 515165 492270 905603 425675 1090269 805992 235485 682882 672904 610686 474021 118110 488272 512511
379590 783602 767613 852533 545752 497038 545586 804071 981756 1002594 852009 691510 702909 793171 570459 700098 599663 888143 872042 816620 359583 580367 863658 254472 822995 795823 944333 670710 1004398 828267 1203485 503467 1029451 389442 822093 1139887 999999999 685004 815153 720889 263847 302082 747439 536242 459679 974815 522425 598933 824729 220165 450800 608910 745005 485566 806566 1124490 982021 923273 963822 431718 411554 457779 731325 838597 533931 841776 447107 972082 187334 496873 1202658 262159 807055 876944 919009 786726 543253 559318 642223 855295 946178 77514 970712 113487 757359 355167 659227 689908 235221 717067 227347 545944 904585 500531 608275 652424 670301 1207823 789964 661675
331592 252415 529971 647587 141978 189391 231430 782217 470456 483069 206001 478599 133349 542236 369995 116164 344473 504703 630207 345893 434795 747419 473790 433071 341558 270510 259329 462256 328666 210335 629445 197877 629515 545191 137105 497658 685004 999999999 270845 295604 425271 402814 63021 184514 271114 619813 346790 126382 324656 469469 349650 630850 262049 371167 750948 569965 428274 340726 534224 456949 276608 616257 543741 309883 362014 159607 705034 451327 521579 291228 583483 424565 698467 704377 518223 217922 268286 153328 48188 172824 444567 621695 417352 635157 338022 426401 27603 309812 466390 126272 702163 320265 288397 191851 466916 433720 205031 594029 142880 295809
537221 502078 332731 433553 325197 390954 269776 613055 202977 218189 395689 316769 397989 334563 635874 381126 259655 250153 405313 91175 478358 662988 222337 593616 82222 23494 307474 312090 278127 94867 395639 333408 361405 540407 262558 336186 815153 270845 999999999 562268 590166 513525 248284 429688 356774 360415 605838 248193 60750 598351 375852 521151 523183 623792 574735 323048 175078 108599 265803 448653 426894 574718 366460 39052 319920 232532 671137 185354 691291 541442 388089 584048 512151 492100 256748 460791 528445 282371 269016 237035 174574 740565 163355 733736 126484 477077 271597 161136 579951 147797 754191 582697 113358 407885 353737 295330 145351 392749 359812 177827
352241 99103 816201 935550 338446 318543 477521 1050288 755191 765231 243529 757100 164293 830732 178462 181249 612011 800307 921196 641061 610989 971363 769384 484620 636283 564384 410521 738202 517291 487433 882954 395168 923264 736679 334991 714329 720889 295604 562268 999999999 473165 526115 316215 237294 468932 915365 207224 386250 618561 551747 561182 877409 51201 247378 1023061 835822 704759 615224 827712 665864 409980 823954 823687 601146 608758 375251 898292 735122 533600 225123 812772 480513 976150 990871 813492 135455 179858 387833 316259 381823 732562 682288 694839 717354 632626 598934 304056 598479 567541 421613 823342 178389 553730 296045 729119 708179 494690 826508 227874 580253
121326 526114 632441 739376 290417 235938 327221 759058 776113 795471 588232 553816 439629 656414 348735 436413 424660 715822 747122 611285 239411 593598 687114 11649 615259 573964 683996 530835 750110 586631 985657 259351 861458 347039 561829 898713 263847 425271 590166 473165 999999999 122345 488205 272841 241455 818493 293968 353412 612033 85976 279139 556326 490915 265468 747702 910992 763933 694681 782297 325917 164103 441036 609921 619391 370631 583994 485013 763163 101393 249195 970005 12943 726605 778425 743572 525937 293361 314440 384954 597408 741532 211862 752261 244193 560076 227322 400526 493732 114182 473117 356664 309542 666383 237350 481939 504821 446293 977036 526127 464182
193462 559472 515290 619493 260940 229836 243761 637465 686171 706510 591681 436422 453901 539768 433861 446212 316092 609646 628944 520276 117961 482053 582334 117007 525794 494619 658830 413624 709432 527378 904296 208799 754649 233788 538097 838254 302082 402814 513525 526115 122345 999999999 462553 296550 157614 707753 377913 302035 525878 86366 165299 435342 532768 357835 625525 826485 682236 621417 680200 203746 129627 328249 490331 538071 256698 552629 384150 675192 202203 317523 900673 109883 604361 657230 638770 549788 354050 263033 356408 566137 650835 229358 670799 233763 463938 105501 375557 396301 67431 417648 306376 385238 602824 243683 361886 388987 368422 905996 526428 367144
394026 254358 538731 653195 202805 252378 274067 801621 439065 449523 171172 494969 153289 548315 414670 137368 371512 493749 632117 332261 487451 784636 463932 495930 326044 253314 197158 480806 266480 171698 582044 255213 609574 592997 75547 440407 747439 63021 248284 316215 488205 462553 999999999 243692 324751 606865 397111 172962 306774 531127 397386 661739 275266 424367 768274 527108 390514 301220 513998 502472 337905 659368 557950 286674 398399 96817 750432 419086 584597 346538 529264 487379 712609 711084 503608 214061 319265 206024 106260 109922 416447 683444 380213 695657 336268 479831 88233 320398 526985 122653 758861 368721 243125 254662 493566 453902 219246 540581 118358 311828
160128 263048 614292 733972 122171 82449 259241 826781 632580 647770 316127 547024 166789 632321 217141 164075 397777 632723 726068 487082 374105 734804 601141 282891 485966 422576 427710 526154 509221 387759 808379 166019 770050 499516 309147 682171 536242 184514 429688 237294 272841 296550 243692 999999999 234324 747621 178309 193769 473687 337954 326262 645946 237275 194117 802571 744681 599097 515066 677735 429243 173930 586721 613439 467084 382640 339218 661436 615011 358379 111791 767283 276162 760883 785956 652461 256209 105450 177281 164050 351678 602880 483133 587685 508591 459392 362224 168907 409613 346644 283911 601105 159816 468372 58854 507080 495715 316717 777463 255675 385503
230515 475306 413593 529036 141307 151891 87561 597391 535773 555489 473736 338343 355524 435440 432061 343537 194274 477632 529299 370375 163713 503073 448126 242793 374779 338526 516006 315701 557659 370742 749693 78415 623107 278981 398985 680841 459679 271114 356774 468932 241455 157614 324751 234324 999999999 584085 381135 153884 372801 241614 92254 412010 460753 377169 575912 673146 527441 464253 541721 198576 95898 359099 401650 382789 157558 407907 441450 523503 340078 308762 743275 233305 539791 575760 504348 455203 327646 118750 222927 421182 500918 386643 515891 386430 318662 155361 243697 252646 224825 263100 435349 375047 445367 176319 283251 286411 211438 748792 408422 223133
810224 861222 212571 189956 627434 686289 510167 400398 229273 239178 754735 284135 751879 187686 964082 734712 393834 115675 148344 274937 617754 578684 147168 817265 280821 353552 644151 304257 576343 450711 385958 605550 71124 602974 621618 503124 974815 619813 360415 915365 818493 707753 606865 747621 584085 999999999 924972 553991 300451 790566 542492 444315 879445 934153 359299 316541 297605 358559 112206 543463 678072 578253 258193 324102 451158 588805 657182 246250 909518 854159 473730 808346 297469 226413 103694 820528 852624 573379 605101 591170 225131 897740 298871 869364 288545 624256 613728 341098 760856 493774 832062 907321 420916 709057 368237 323003 431649 464448 720169 368354
184749 290557 783676 902421 297632 242634 426807 977412 808787 823338 406969 712907 267422 803035 55987 276124 563771 810393 897308 665332 484007 855014 778840 305566 664085 599782 554331 691102 649888 556627 976216 329035 948308 608466 448582 835577 522425 346790 605838 207224 293968 377913 397111 178309 381135 924972 999999999 371761 651444 378946 466326 786036 243594 40198 956895 916016 772324 686277 856039 556342 294124 701748 778322 643741 538094 484820 762062 790781 335990 73050 926257 303995 920480 952287 830548 310385 78515 352172 337274 495550 779800 492095 761101 533185 637153 470962 337767 585484 402154 458666 650573 32339 635180 218197 664043 660895 494797 937684 363714 560272
289385 364651 431224 551025 77783 143075 105169 667716 447870 464710 332311 370871 240224 447052 410141 224711 227650 438979 539347 295355 314988 621503 407390 358679 295187 236932 362123 352207 407398 233221 640840 95637 576690 420600 245924 545421 598933 126382 248193 386250 353412 302035 172962 193769 153884 553991 371761 999999999 284886 378876 224832 507838 363500 384045 638750 570701 422816 346169 485080 331185 190230 490004 437438 282863 237274 254055 579381 431704 454524 302441 617528 349324 590234 605487 458787 335532 298633 39643 81379 267360 416237 529719 411120 535372 265638 307802 101440 218279 368866 119747 589232 353342 313295 161585 348195 322365 123042 625142 269132 196557
569591 561045 279972 375951 362656 427491 285462 561364 165054 183681 456421 273578 454354 279471 684249 437327 244075 189440 346362 32706 477330 627578 161633 614419 22136 54202 364403 272361 325182 154856 378770 361584 304911 525827 323304 352690 824729 324656 60750 618561 612033 525878 306774 473687 372801 300451 651444 284886 999999999 611945 377029 483195 580730 667021 522164 300659 157793 123287 209568 437119 451536 550701 317363 32544 309203 293064 646531 151166 712125 584807 389505 604859 458442 434312 196946 520140 575113 314984 317533 297243 131905 748740 146785 737415 87233 477715 322551 142727 590664 198906 747005 629787 155271 446460 321476 260094 168131 391548 419792 167053
200453 598119 594107 694208 328421 285368 328702 694435 772515 792828 647440 515350 502905 618994 434065 497576 400859 694327 706197 606612 182195 515687 667420 74808 612075 579839 728281 492867 785048 608289 990154 283547 838945 273126 606367 920203 220165 469469 598351 551747 85976 86366 531127 337954 241614 790566 378946 378876 611945 999999999 249351 490754 565884 351276 686390 912593 768001 705848 765731 268862 193340 365247 566089 623639 339617 624127 402472 761462 126098 330411 984701 75057 670962 728807 723773 594088 372909 339291 425146 637667 737190 152335 756528 170737 550261 172329 443001 482606 35000 496906 272947 393121 685103 293239 437657 469626 453039 990355 583400 453481
302081 565701 353413 462495 230323 243822 126210 511347 531169 552131 555205 274960 444452 377288 518845 431674 151606 444977 468425 366646 102824 411203 418216 276663 373558 354461 580135 251936 608623 410965 754757 168417 589663 195773 468716 710592 450800 349650 375852 561182 279139 165299 397386 326262 92254 542492 466326 224832 377029 249351 999999999 321460 552466 458617 492317 674828 534819 484160 516979 108591 172732 269561 333040 394134 91794 471831 355667 522005 367106 395113 762648 268140 461018 504687 474507 543963 417183 197266 302210 484557 495565 373852 523795 360387 306604 101285 323111 239296 222007 314987 381861 462689 477545 267921 207251 225684 238222 766184 490735 211509
613391 870636 244934 272294 539715 563675 405136 203684 569048 589658 832004 212091 746400 264992 839387 731595 290679 409922 305179 454428 317382 146334 402883 549348 465870 498401 808279 210840 798401 599593 789611 482417 513379 224124 720061 828596 608910 630850 521151 877409 556326 435342 661739 645946 412010 444315 786036 507838 483195 490754 321460 999999999 863736 775467 198873 708374 609547 605612 489608 233556 491996 154575 194440 514121 271331 708737 215525 571804 615422 715727 843126 543490 201317 279268 440325 843209 738643 494533 588943 718871 539235 539448 602314 495477 397448 329915 608278 365959 455757 548357 418882 783730 633604 588296 171515 225907 447986 839989 772508 361256
369659 49470 789316 907920 324432 314503 460055 1030911 712782 722082 192353 733317 128711 802704 222280 145885 591038 765022 891731 604561 609939 963669 734452 502105 599184 526753 359663 715271 466795 444912 834895 384365 884588 734304 287814 664169 745005 262049 523183 51201 490915 532768 275266 237275 460753 879445 243594 363500 580730 565884 552466 863736 999999999 283583 1002248 789370 660562 571112 788986 659189 411032 819006 799536 561777 593124 328046 896867 692515 558477 248576 763012 497169 953199 964069 776838 84297 202028 370002 288637 333971 691295 702125 650889 734187 600020 598363 274128 569951 578884 386331 834784 212628 508595 294254 710440 685634 465325 776907 179581 553518
165030 330254 785610 903418 307713 248071 430055 969780 826651 841887 443763 713073 301235 805788 85599 308743 564863 820401 900180 679224 467959 838370 788971 276901 678625 616400 587774 690877 681223 579416 999937 332049 960236 590655 479258 864326 485566 371167 623792 247378 265468 357835 424367 194117 377169 934153 40198 384045 667021 351276 458617 775467 283583 999999999 950784 937814 792819 708010 869103 543686 285960 684648 777681 661097 534727 514472 741197 809124 300083 82356 953444 276269 916761 951901 841711 349017 106302 360928 357213 525627 796760 457987 781456 500749 647731 454852 359764 593388 376499 477847 620872 71229 659041 225112 660287 660948 506700 964462 398298 567178
793366 1001396 242278 172111 686694 722576 546352 41951 550134 567180 938429 273336 877701 244360 1007918 861519 411324 380184 214279 489596 508528 268078 388939 741512 500845 555480 881037 288702 846856 666076 742368 636598 429306 422932 813934 829695 806566 750948 574735 1023061 747702 625525 768274 802571 575912 359299 956895 638750 522164 686390 492317 198873 1002248 950784 999999999 668046 607100 631934 443875 421794 664829 349267 211594 554645 420475 793928 387676 559867 811874 884668 819813 735050 66245 136157 402173 968785 901890 635397 715691 801642 529237 737991 603246 693080 450546 520416 732631 448605 651491 646639 608302 950701 676804 747859 295514 317423 549446 812781 885414 456825
860033 755775 464903 495954 646953 712770 585647 709899 146738 125058 617989 504020 678484 448159 939561 663490 532573 299810 453910 308183 772756 853239 305736 913828 301506 337416 462781 514076 362289 359632 82638 656126 256351 805326 501608 212621 1124490 569965 323048 835822 910992 826485 527108 744681 673146 316541 916016 570701 300659 912593 674828 708374 789370 937814 668046 999999999 147978 229827 225352 722989 748767 811791 515036 291675 599659 461443 903127 153066 1011611 856008 158654 904255 603121 540301 271530 712331 837559 605408 580748 456352 181759 1048107 159698 1034490 369579 774274 578413 435869 891000 461517 1033573 890153 284006 728475 577035 515462 464756 148213 610270 463320
