NAME : synthetic_000903
TYPE : CTSP-D
DIMENSION : 100
GROUPS : 8
RELAXATION_LEVEL : 1
EDGE_WEIGHT_TYPE : EXPLICIT
EDGE_WEIGHT_FORMAT : FULL_MATRIX
EDGE_WEIGHT_SECTION
999999999 775183 515690 787411 544093 547000 89779 783313 686673 785340 840432 641143 662056 817294 256782 743596 818381 640783 258567 573828 716298 191275 261969 826494 682785 249551 680247 341016 451512 848918 881972 493758 288404 225393 680716 573222 612587 514614 750883 709486 194213 765457 745811 132931 373241 589677 803297 524969 608026 240706 801600 418559 484660 657074 676543 560010 693886 292773 973602 727193 692253 590094 527032 533409 546737 664154 479526 482452 50440 441104 928891 126456 429166 526044 773225 646842 751414 620862 725021 456498 271833 521022 207064 420719 726997 725548 183239 691284 237973 384971 703159 376819 545957 712217 519436 266814 920543 706969 442799 418983
775183 999999999 331410 200361 449942 259152 823466 357750 190498 112026 244589 162207 645124 567465 1012050 505616 158617 542364 572547 744803 206792 768683 760506 358366 260370 611719 437778 605026 386262 411352 182667 400672 487024 1000112 514779 478798 628767 548847 519527 470127 938749 232894 312419 827249 540594 472693 460359 430307 460196 1015316 231599 408370 382396 701665 346032 647843 546039 489701 232561 202998 457674 374504 300736 477393 390948 207281 496019 294181 746965 528143 169217 658785 611937 272868 367330 558800 188796 314436 715019 613626 504568 284283 589504 371927 593933 674481 614515 226986 537453 680319 553544 780531 664124 94760 475643 514851 154341 97974 631582 667896
515690 331410 999999999 456633 476421 79922 585997 281139 180226 294012 516809 169226 697400 719500 771054 638564 450497 609723 405117 431418 408562 458786 601528 582777 167174 448592 229062 495610 65867 629924 498581 390215 253964 736010 611004 190624 660415 543916 326747 594342 703306 462912 503845 532195 448837 525352 638919 118946 194858 751338 286773 97747 361035 415365 179399 648488 309593 230451 476794 215106 249877 114796 305395 170175 92747 156195 475119 143020 503422 198072 500492 426412 281839 80280 274701 625431 423759 414870 778022 567077 261272 270691 309420 259747 361174 749530 334288 402667 295583 588123 320044 667408 351039 321435 162663 310698 484576 237070 575280 594200
787411 200361 456633 999999999 332031 376727 815377 553186 369571 312302 60734 309541 485642 374914 995928 322661 60509 385476 545972 887917 71520 828444 704989 158060 440956 576220 615621 537947 493023 211010 114365 321047 517575 1003328 346961 633820 480467 429917 704776 294165 922024 42287 125954 867564 474062 334196 265015 571955 623215 1017777 431410 504075 316917 862323 525232 513321 721729 536042 391886 393810 636900 532679 260458 622782 536970 379278 396247 357670 749306 650122 204738 661894 731964 379657 561378 400435 36919 193440 546400 508731 537904 268789 635363 368268 772069 503246 657671 99063 563909 593213 730301 695715 807316 142199 617372 521803 212769 273178 529852 571619
544093 449942 476421 332031 999999999 421139 543980 705614 515949 534389 362692 434416 222148 285287 706145 204973 386826 135280 286026 854203 270993 649887 392819 301295 569099 298049 700849 227928 467802 312213 446305 87590 356058 733549 151587 661797 190526 100191 799643 166810 634763 293750 235674 655380 174784 53999 259340 585862 670851 746475 627689 456095 116349 871547 630466 198723 785941 394184 681130 559285 722584 589164 180413 632774 568243 509058 71885 333565 496942 608818 530808 422150 671940 406251 706585 150108 307726 142080 302270 176764 374039 214288 465784 229009 837342 273201 479098 241974 380972 264895 796425 366357 783000 355282 621122 320350 534192 454699 198116 240537
547000 259152 79922 376727 421139 999999999 609255 296395 142113 240225 436887 100473 643286 650018 797556 570441 371214 551103 398251 511246 329620 514460 597583 504751 162846 441916 281004 473829 127194 552684 420655 338131 265930 771319 547676 264462 609510 497508 379677 526587 727130 383562 427153 580148 420214 467003 565345 196784 262399 786696 263739 150012 309400 491946 210290 603674 373570 254272 428110 186220 303011 173663 243296 248073 165253 121853 429723 97064 527873 276359 428137 444737 359733 22340 294140 567292 343993 344891 723240 530925 278569 208341 346932 223374 425652 692180 372394 324970 313806 564276 383584 651098 430763 242013 241544 313169 413441 170288 541757 565604
89779 823466 585997 815377 543980 609255 999999999 859460 750836 843559 865040 699098 632627 803647 189239 734853 851540 625170 270400 663332 743858 277069 205296 837832 752885 247181 761959 323756 523739 855037 915852 506647 344104 190413 669427 657214 584119 498679 835590 704510 117893 789625 760721 203918 369210 584407 801932 605469 691103 204063 868985 490647 502609 746791 752848 527653 780174 357083 1031053 793092 774879 667656 556347 617108 624676 729168 474871 536079 82630 526684 970249 165756 518161 587550 850101 629002 780481 638059 688874 430173 330688 555754 283554 457149 814472 694627 261937 717149 295451 346532 789620 317133 635632 753638 602896 308618 963632 762285 413286 382607
783313 357750 281139 553186 705614 296395 859460 999999999 194957 249925 601765 274839 925668 897578 1040091 825071 516315 828196 684834 489226 538883 689794 882299 708458 136793 728510 142167 768663 337609 761232 534152 627588 534937 995464 815754 249159 896078 789040 179678 783821 975262 579270 648802 776230 716411 746316 798138 265105 211633 1010513 135924 370345 599832 408657 106773 895488 231628 509197 339504 160552 149634 193853 525275 277951 237345 197359 722514 393441 776984 372631 482880 704335 436119 316655 15972 844871 533673 604079 1003795 826760 541360 492079 576896 519765 266894 969118 600131 548359 575015 859876 234854 944167 419901 417814 287690 591695 461215 282864 837997 861934
686673 190498 180226 369571 515949 142113 750836 194957 999999999 118184 423063 81579 733915 703177 938756 630163 341618 635199 537126 559485 347299 639010 736251 520555 71591 580504 248585 604553 245469 572741 372974 441955 407975 909929 621284 291663 706326 603627 335241 588864 868729 391252 456586 711444 546924 554320 605195 252394 270595 925303 123569 275636 415477 511608 156998 709691 356469 394665 296615 46314 269141 188187 336908 295173 211958 24129 539117 229983 669163 359973 348564 586674 441789 164268 199490 651935 346032 409436 811208 648641 420227 305474 483550 350933 405304 775683 508880 354840 455490 692425 364317 783558 479561 229139 295735 454757 329590 97307 661942 689943
785340 112026 294012 312302 534389 240225 843559 249925 118184 999999999 355867 144512 740395 675967 1032674 611109 269363 638234 611082 673064 313015 751187 806942 470216 174479 653014 345536 661855 357472 523227 284239 473419 499708 1010302 615002 405101 719845 630079 419173 573731 961006 343777 421241 819848 599822 563677 570249 370211 380442 1025668 119870 385611 450898 617995 255819 732990 453270 492834 188285 107911 363664 303515 367736 411680 329777 141596 571491 308523 763460 478132 240587 677899 559949 260080 260816 654922 298977 407584 813223 687106 514433 343169 587103 413425 498453 774096 612566 329702 549263 744022 459770 840764 593966 192352 412972 538948 220041 86169 703182 736098
840432 244589 516809 60734 362692 436887 865040 601765 423063 355867 999999999 366871 492401 357437 1043211 317198 86728 396338 594800 947914 125798 886711 745892 128745 494651 622958 670666 578228 553735 178179 106228 363923 574652 1053987 352459 692466 493314 456760 758045 295942 969546 75415 133420 923815 515685 356334 246566 631578 680880 1068258 475736 564778 363307 920741 579666 531865 777490 594392 410675 444187 691680 590656 313897 682260 596163 434252 430683 418080 801078 710732 204987 714398 792652 440181 610787 409985 96557 232154 546511 538630 595091 325202 693119 423539 827380 502361 715066 149179 620185 627174 785850 728996 867231 199426 677095 576140 218529 325884 560375 603142
641143 162207 169226 309541 434416 100473 699098 274839 81579 144512 366871 999999999 652406 626515 888186 551941 291903 553927 470986 588355 277309 614895 668766 453467 142607 513657 308548 530696 225868 504603 334080 361206 355197 866268 540935 326841 624763 522700 401707 510044 816602 325574 384501 679545 471319 472819 531320 271530 314013 881625 198534 250294 335153 554358 220791 628608 413050 348972 332555 125458 330308 224003 255708 320443 233458 78384 458763 165103 618948 366150 331268 533479 449985 118008 278099 570647 281710 329395 729847 569577 369980 224864 444676 277865 463952 694590 470109 281277 404770 616836 421904 710103 507391 167548 317280 395379 315516 69832 583492 612758
662056 645124 697400 485642 222148 643286 632627 925668 733915 740395 492401 652406 999999999 209555 755320 187341 546008 102776 429825 1058475 444213 805919 437097 382819 789597 419737 922827 322964 684764 360591 594167 307191 547465 807785 139951 880510 49605 166802 1021602 197078 693390 443357 361972 789081 311096 179596 276656 804380 891195 818005 841202 670147 336369 1084483 852458 105798 1006505 588751 868350 775959 944511 810751 401684 849930 788610 728500 231388 554950 611643 818103 689728 558189 874625 628308 927196 86503 473936 332823 80763 205581 562300 436019 641487 443696 1057629 63997 648931 419818 559668 287498 1017051 353573 991041 551717 837712 498419 698410 665629 220015 250978
817294 567465 719500 374914 285287 650018 803647 897578 703177 675967 357437 626515 209555 999999999 944784 83120 432305 178543 564048 1125399 363223 934350 622473 229600 769095 567743 926985 480300 726147 187773 463496 363530 639748 987681 137055 910087 243222 305002 1023977 127070 878583 336583 255052 935038 444642 233063 111003 836547 911959 999187 790279 720733 387889 1130966 844750 303142 1023488 676489 765210 738176 949160 823642 417020 886483 811826 704727 339948 580599 768184 877257 562200 700285 946280 641182 902662 176206 378965 305172 223118 378214 658265 450509 751024 501381 1075570 181173 764338 349885 666217 472971 1033417 553347 1050724 485361 876548 605629 575929 617252 398182 437466
256782 1012050 771054 995928 706145 797556 189239 1040091 938756 1032674 1043211 888186 755320 944784 999999999 883472 1034775 767842 450435 790290 924585 398900 322372 1005925 938224 420254 935172 478516 707509 1018092 1099225 680504 533048 96864 816360 826203 710126 645264 1002261 858086 74056 967970 932576 304223 533870 740327 957893 780893 861918 94592 1055793 674463 679961 885653 933321 650075 942383 544231 1220255 980456 946383 846796 739388 786883 803405 916795 634680 725317 269685 692473 1156738 354990 669797 775997 1029956 768657 961856 812995 798318 566839 519118 741143 463633 643788 971914 812854 440009 897057 483975 472074 951192 405828 777212 940600 773221 497396 1150725 951523 546606 508054
743596 505616 638564 322661 204973 570441 734853 825071 630163 611109 317198 551941 187341 83120 883472 999999999 382511 118862 487825 1042407 298907 854860 561628 198612 694454 494510 848929 411236 643764 173251 422504 280922 557575 921355 67369 829004 205545 238389 946463 44359 815324 281603 197207 858607 370378 154661 89727 755067 831765 933381 722535 637916 304928 1048896 768218 260251 943999 593938 714257 666929 871102 744088 334905 804764 731094 630322 264168 498771 695147 794333 520635 624323 863168 560843 829448 123511 320161 225901 230348 318021 576284 368737 669870 418279 996077 185879 683761 281640 585118 415038 954026 503027 967910 418912 794642 524938 532015 547560 339359 381117
818381 158617 450497 60509 386826 371214 851540 516315 341618 269363 86728 291903 546008 432305 1034775 382511 999999999 445570 584393 878825 117083 846753 751131 209228 413072 617038 590122 585273 493591 261025 64463 367921 541042 1037595 407451 618731 540154 485822 675407 354609 960730 102744 186292 891572 520617 392206 321677 561573 604699 1052282 389225 508330 360418 845834 498615 571751 697697 555424 333070 360015 610759 515526 295446 611424 524599 354539 448542 367983 782518 647493 145435 694244 730620 377649 525705 460645 79277 245798 606884 562922 560917 297415 656109 397675 746888 563683 679391 146614 589141 644835 705743 747456 797875 129238 607361 551598 152467 244387 583647 624736
640783 542364 609723 385476 135280 551103 625170 828196 635199 638234 396338 553927 102776 178543 767842 118862 445570 999999999 391228 988434 341815 766053 445512 295501 692829 391506 831911 302115 602920 282539 495806 222841 485155 809241 52861 796337 97300 126734 930676 108947 700836 343280 263895 761066 270286 84386 204454 720529 804486 820827 740395 591368 251419 1006826 758498 144524 919294 524700 765866 676461 853815 721421 307869 767770 701968 630837 170249 466704 591286 743740 590097 526357 805656 537490 830330 16785 372229 230720 176203 201082 502052 342771 589348 364199 970891 141359 600225 317133 505074 297390 929714 384168 917844 449058 756220 443453 598030 564454 221860 262904
258567 572547 405117 545972 286026 398251 270400 684834 537126 611082 594800 470986 429825 564048 450435 487825 584393 391228 999999999 657645 474517 376858 199340 570267 558662 43776 622726 118136 358695 590899 648852 237543 161864 460155 426993 542303 380787 268966 713577 452217 376413 519391 491468 371019 121251 333231 544929 472031 566362 474156 660520 330359 232236 705986 584505 338222 675774 200764 793166 582805 640872 511685 289146 504027 474653 519065 224141 307547 212812 441062 708898 136500 476897 376055 679316 399436 511584 367981 502179 232042 166032 293165 218582 200788 721154 493634 221879 447368 147140 203736 686377 265539 601023 494576 489613 99348 704150 525742 226847 223809
573828 744803 431418 887917 854203 511246 663332 489226 559485 673064 947914 588355 1058475 1125399 790290 1042407 878825 988434 657645 999999999 839167 393400 796890 1011399 498935 688412 348585 775320 404511 1056710 922305 767973 512888 711367 1002714 268072 1013590 892258 337367 998330 749973 893975 930172 486226 757925 907760 1056904 317257 294243 723326 599415 405384 740978 112531 424095 983400 267515 470940 817998 566555 339634 371402 710809 267957 354928 539406 827383 551987 600244 248415 907915 579229 183937 509956 473285 1002027 855175 829191 1137538 882209 500324 679368 443439 626404 258876 1118397 448510 831441 511296 859945 268976 900649 80976 750788 271465 568176 889074 646849 881094 881449
716298 206792 408562 71520 270993 329620 743858 538883 347299 313015 125798 277309 444213 363223 924585 298907 117083 341815 474517 839167 999999999 761225 635628 176839 416686 505076 585743 469138 438636 227357 179623 251781 448864 931840 310036 592310 433085 370652 678777 263534 850657 56070 110035 798095 404788 280689 259730 526403 585379 946279 427235 446681 246196 820744 497854 460250 689172 469040 424145 378410 607565 494427 189266 577683 493750 352755 331550 297642 677922 597015 259830 590633 677356 329246 545269 357765 38286 129205 510985 446428 469312 199404 567449 298014 740487 469532 589306 29531 494438 527752 698288 630373 759228 122395 571038 451107 263505 256266 466972 507834
191275 768683 458786 828444 649887 514460 277069 689794 639010 751187 886711 614895 805919 934350 398900 854860 846753 766053 376858 393400 761225 999999999 445109 899872 615567 387734 566523 485356 393969 931388 906504 580964 314440 327279 798052 452392 756587 645682 619871 815746 356606 815432 815194 95983 497769 701302 900451 425086 490468 340783 738610 365727 563439 486753 586451 710526 555154 292402 935559 672028 573678 499260 579849 416398 457061 614963 596404 481322 229922 319232 934342 250369 277964 497641 677165 775152 791528 691687 876127 603865 293847 562664 194539 469014 579608 869866 174996 740993 274838 548909 563101 558549 378712 725820 404637 331610 921995 684631 594562 579315
261969 760506 601528 704989 392819 597583 205296 882299 736251 806942 745892 668766 437097 622473 322372 561628 751131 445512 199340 796890 635628 445109 999999999 694064 757638 155771 812752 167687 550986 701771 814897 383980 350296 370788 494388 724088 390347 323972 899892 537683 256961 672260 626110 394474 230929 421912 637951 658196 751628 380907 859717 520666 391050 862432 780457 331301 856228 383095 986094 782022 829735 704447 464445 684429 665447 718363 321011 506420 216275 609598 884920 217935 627754 575374 876221 446310 673871 513864 487670 244472 348180 476451 360193 393647 898456 497060 350269 606585 319152 150486 866589 114859 752592 676669 669756 290936 882676 721050 224305 186889
826494 358366 582777 158060 301295 504751 837832 708458 520555 470216 128745 453467 382819 229600 1005925 198612 209228 295501 570267 1011399 176839 899872 694064 999999999 591017 590754 762013 528831 608009 53031 234235 332943 585910 1028236 245863 768425 392049 381303 854157 187540 933783 129401 85193 924109 472140 277610 119538 701299 762116 1041715 589007 612546 342693 996577 673408 438472 865894 613183 539113 548218 783745 671179 322161 752627 669578 527680 373171 462503 782680 766463 332798 700497 844774 502772 715959 306617 174903 208642 428656 466239 606423 345339 705725 431448 917124 384107 724989 180165 625790 561037 874959 659207 932105 291599 745438 573521 347065 426240 488602 532276
682785 260370 167174 440956 569099 162846 752885 136793 71591 174479 494651 142607 789597 769095 938224 694454 413072 692829 558662 498935 416686 615567 757638 591017 999999999 602434 177513 636674 231596 642973 443034 490796 416583 902321 682057 231354 759497 652272 263829 652393 870325 461881 525310 694115 582615 610465 673107 205288 205970 917619 123046 264346 463066 444675 85755 758718 285693 396442 331877 67789 197786 132802 388702 241361 166096 64428 585861 259526 670365 317865 413042 592128 396009 184213 137601 709450 416840 471141 868068 690985 425843 355355 476239 385462 334045 833983 500930 422714 460691 726998 293311 813807 420316 300034 244569 469446 393178 168873 702685 727699
249551 611719 448592 576220 298049 441916 247181 728510 580504 653014 622958 513657 419737 567743 420254 494510 617038 391506 43776 688412 505076 387734 155771 590754 602434 999999999 665062 97625 401294 608069 681461 260882 202772 437528 431215 582764 370181 265860 755201 461451 346650 547731 514427 370900 124351 341266 557104 513389 607636 450961 703953 372452 259751 740913 627950 322799 716106 240114 834126 626255 682980 554513 323155 544105 517044 562597 230970 350744 200663 478094 744546 138478 509692 419738 722919 398044 542659 393162 488493 216186 204954 330047 245707 241015 760840 483724 245089 477213 182271 171878 726667 224487 634517 531718 529602 140716 740538 567431 207143 196641
680247 437778 229062 615621 700849 281004 761959 142167 248585 345536 670666 308548 922827 926985 935172 848929 590122 831911 622726 348585 585743 566523 812752 762013 177513 665062 999999999 720650 264197 813090 620406 616128 463102 882594 828447 114680 887389 772182 98804 805493 874360 633878 691904 657052 676610 747695 836678 157240 76202 897293 254700 292680 587041 276025 91765 877183 108339 429907 471534 238410 22177 114399 524245 150432 148078 236458 703502 368510 680928 247614 586120 617143 300959 294640 126499 848023 589571 623045 1003115 795951 464622 489255 479202 488739 156785 972819 500042 588292 494994 813460 115798 887942 277839 473651 163086 524422 565527 345735 803758 821359
341016 605026 495610 537947 227928 473829 323756 768663 604553 661855 578228 530696 322964 480300 478516 411236 585273 302115 118136 775320 469138 485356 167687 528831 636674 97625 720650 999999999 457523 539586 648684 217392 271466 510440 345672 648266 273360 175386 814598 382091 407745 504732 459005 466275 65191 262772 480856 575453 669486 522726 727484 432259 227042 821089 673403 225174 781550 312627 834635 650866 739936 607245 304893 611268 573339 589480 156233 377481 290904 554379 721359 235852 593869 452675 764885 306959 507421 346267 390898 118598 279247 321735 336540 253623 828561 386885 338727 439920 264126 92822 792241 179426 717416 517512 597167 210460 720192 575763 110058 106654
451512 386262 65867 493023 467802 127194 523739 337609 245469 357472 553735 225868 684764 726147 707509 643764 493591 602920 358695 404511 438636 393969 550986 608009 231596 401294 264197 457523 999999999 652515 545602 380239 200717 670800 609897 196780 644785 525264 357076 599422 640581 494311 526010 466389 416665 519312 653188 120951 213112 686110 352284 33099 351507 405598 232232 627096 327371 171842 541736 280972 282829 153490 309220 165202 116180 221555 456658 147620 441110 158565 555315 366744 239041 116399 329526 617909 458357 425803 765492 539029 204872 276470 244711 241095 376722 740036 269338 428700 237804 550323 338090 623762 326757 364685 153323 260947 540479 295367 544979 559834
848918 411352 629924 211010 312213 552684 855037 761232 572741 523227 178179 504603 360591 187773 1018092 173251 261025 282539 590899 1056710 227357 931388 701771 53031 642973 608069 813090 539586 652515 999999999 281689 356058 618913 1045068 230319 816901 376111 382008 905787 174039 946933 181987 126538 951169 486462 280219 84850 748732 811574 1058174 642038 655490 369391 1044612 724931 427063 916394 648243 588713 600912 834897 720717 358819 800038 717836 579423 383423 505881 803699 810589 379421 723830 887750 549707 768624 291308 227569 240836 398319 466716 639249 384625 738147 465486 967780 353924 756414 227791 656595 563292 925560 658487 977894 344026 792452 602114 394772 478830 489013 532484
881972 182667 498581 114365 446305 420655 915852 534152 372974 284239 106228 334080 594167 463496 1099225 422504 64463 495806 648852 922305 179623 906504 814897 234235 443034 681461 620406 648684 545602 281689 999999999 431293 603095 1101663 454414 658550 591859 544277 700856 399125 1025178 154607 232243 953328 584198 447987 352715 605607 641616 1116380 401651 562365 424474 883255 528675 626615 728688 616128 308474 384381 640201 554425 359872 654348 567382 388841 509801 426009 846503 696569 98763 758137 780194 429204 544981 510196 141349 306771 650879 622940 622795 361238 717069 461384 776411 606955 740645 209010 651602 706560 736149 809145 841366 182375 651360 615158 113087 278060 643973 685553
493758 400672 390215 321047 87590 338131 506647 627588 441955 473419 363923 361206 307191 363530 680504 280922 367921 222841 237543 767973 251781 580964 383980 332943 490796 260882 616128 217392 380239 356058 431293 999999999 277011 696940 235056 574544 271498 161777 714832 238824 607196 289326 254112 595576 153060 140097 319487 498545 584219 710707 558166 368613 29180 784029 548301 268105 699455 313017 633134 486658 637707 503656 106468 545260 481605 432895 98328 247848 449742 521886 505344 368097 586352 322102 627628 237683 290058 132507 387811 214052 296067 136486 391578 141863 750702 360244 407220 222638 307419 281768 709980 383666 696119 308669 533562 249389 505209 390092 231180 267338
288404 487024 253964 517575 356058 265930 344104 534937 407975 499708 574652 355197 547465 639748 533048 557575 541042 485155 161864 512888 448864 314440 350296 585910 416583 202772 463102 271466 200717 618913 603095 277011 999999999 513694 507644 380440 501579 380707 552472 515815 461821 502245 501042 350614 245667 409868 593544 310619 404867 528969 528154 170528 255493 550930 431382 470584 513910 42129 687543 451290 480648 354154 265425 342219 315388 386987 318166 194130 263771 283255 643295 178922 329114 243971 527973 497288 480725 378353 625657 370732 20600 249513 119936 154620 559448 608695 140601 427521 50448 362331 524515 427043 449812 427758 327840 62529 633993 419512 371495 377709
225393 1000112 736010 1003328 733549 771319 190413 995464 909929 1010302 1053987 866268 807785 987681 96864 921355 1037595 809241 460155 711367 931840 327279 370788 1028236 902321 437528 882594 510440 670800 1045068 1101663 696940 513694 999999999 855197 770740 760644 683656 943340 892424 119940 978601 951043 231387 558802 772674 990615 732102 807709 15379 1022743 638296 692347 810881 889203 701992 880509 517477 1198587 949466 892071 801642 743359 732549 758175 887071 663789 707797 255328 636129 1152070 344001 604279 750623 984321 811899 968023 828097 857301 610595 497225 740538 426862 640755 906563 867819 401789 905592 463294 520508 888793 468521 704799 935189 719540 488326 1144303 932320 592001 557051
680716 514779 611004 346961 151587 547676 669427 815754 621284 615002 352459 540935 139951 137055 816360 67369 407451 52861 426993 1002714 310036 798052 494388 245863 682057 431215 828447 345672 609897 230319 454414 235056 507644 855197 999999999 800025 146524 171665 926870 58334 748468 304707 222389 797986 307757 97903 151593 724895 805673 867090 721389 601078 261737 1015373 751541 197007 919542 545660 733314 660774 850526 720238 305749 773433 703726 618876 202905 468727 631814 755913 550419 563244 821387 535847 818874 61162 337423 211936 201005 250656 525576 340660 616520 376311 971456 159707 629063 287812 531750 347676 929801 436297 930109 423468 762533 470700 559608 545121 271996 313838
573222 478798 190624 633820 661797 264462 657214 249159 291663 405101 692466 326841 880510 910087 826203 829004 618731 796337 542303 268072 592310 452392 724088 768425 231354 582764 114680 648266 196780 816901 658550 574544 380440 770740 800025 999999999 841173 721957 178800 784741 767372 644944 691584 543725 611276 712208 828944 76144 38577 785296 338354 217081 545524 228658 162260 823848 133504 342897 556636 299124 121516 104296 495068 40337 99244 272154 653286 331335 577563 134613 640223 519760 187430 269921 234557 811687 603375 605486 961272 734720 378157 460628 377557 437287 180730 934787 396534 589112 405074 740571 144143 807243 188969 493209 54918 442958 621200 381167 739846 752529
612587 628767 660415 480467 190526 609510 584119 896078 706326 719845 493314 624763 49605 243222 710126 205545 540154 97300 380787 1013590 433085 756587 390347 392049 759497 370181 887389 273360 644785 376111 591859 271498 501579 760644 146524 841173 999999999 121468 986013 204637 647108 438464 360489 739484 262780 156363 294828 765040 853179 771092 816804 628896 300462 1042035 819512 60650 968586 543134 855709 749393 908881 774476 370807 809690 750775 699583 188626 518895 562184 774863 685202 508646 829660 593596 896915 85460 465217 314363 124081 156089 515915 404324 593503 403888 1019373 113551 600490 406966 512234 240141 979189 311565 947163 534389 797194 451233 692422 642475 171027 203604
514614 548847 543916 429917 100191 497508 498679 789040 603627 630079 456760 522700 166802 305002 645264 238389 485822 126734 268966 892258 370652 645682 323972 381303 652272 265860 772182 175386 525264 382008 544277 161777 380707 683656 171665 721957 121468 999999999 870455 213950 576936 390533 325857 636410 147924 103746 314383 645903 735171 695480 718938 508439 189208 920829 707754 106449 850539 422083 780564 648152 793404 658511 267151 689781 633113 594668 68856 404220 464933 653474 630308 402231 708342 480337 788806 132244 406974 242099 245281 85009 395502 298218 475958 285236 900959 228828 484453 341815 393434 181312 861188 277906 825695 454393 677093 331995 634062 548562 107381 151045
750883 519527 326747 704776 799643 379677 835590 179678 335241 419173 758045 401707 1021602 1023977 1002261 946463 675407 930676 713577 337367 678777 619871 899892 854157 263829 755201 98804 814598 357076 905787 700856 714832 552472 943340 926870 178800 986013 870455 999999999 903191 944815 725286 786160 713749 772363 846476 932155 241967 148296 957602 313257 383467 685730 241186 180937 975220 71535 517060 518209 316615 77132 211986 622959 219125 241522 326499 801715 467119 756243 310006 657639 698124 343337 393444 165057 946802 680426 720680 1101907 892742 552204 587981 556341 586463 89287 1071610 575287 682770 580824 907399 68482 979116 282602 563740 233632 614552 636311 432188 900025 916479
709486 470127 594342 294165 166810 526587 704510 783821 588864 573731 295942 510044 197078 127070 858086 44359 354609 108947 452217 998330 263534 815746 537683 187540 652393 461451 805493 382091 599422 174039 399125 238824 515815 892424 58334 784741 204637 213950 903191 999999999 788755 252204 168394 822140 337110 120266 100470 710748 787692 904797 683545 593700 262029 1004537 725356 253311 900102 551623 683690 626384 827660 700199 290546 760419 686905 588415 230496 454423 661652 750191 496020 588585 819361 516771 787895 119177 287801 182516 252365 297040 534758 324403 629236 374824 952173 209082 643722 244115 544616 394340 910154 486725 923695 381386 750286 484949 506037 507945 319044 361985
194213 938749 703306 922024 634763 727130 117893 975262 868729 961006 969546 816602 693390 878583 74056 815324 960730 700836 376413 749973 850657 356606 256961 933783 870325 346650 874360 407745 640581 946933 1025178 607196 461821 119940 748468 767372 647108 576936 944815 788755 999999999 894267 859743 266632 461648 670257 888182 718752 802238 127223 986777 607483 606252 840641 868534 587686 887004 474861 1148290 910956 886460 782716 665336 727599 739516 847051 563581 653148 200027 634876 1082809 283125 618448 705405 965581 702387 887889 739642 740287 500386 448568 667147 398430 569956 918818 752388 375708 823188 413325 407446 896129 349740 730652 866763 713642 424420 1076891 879334 480803 443823
765457 232894 462912 42287 293750 383562 789625 579270 391252 343777 75415 325574 443357 336583 967970 281603 102744 343280 519391 893975 56070 815432 672260 129401 461881 547731 633878 504732 494311 181987 154607 289326 502245 978601 304707 644944 438464 390533 725286 252204 894267 999999999 84435 850390 441652 293395 227922 580212 636724 992861 461523 502679 288016 873566 544718 472078 738568 523564 432655 418926 655493 545799 239559 631412 546822 398796 359709 353711 725836 652575 246837 639323 733149 384042 586639 358191 45600 158521 504319 470482 522768 252855 621326 349912 789526 461270 642827 74881 546988 556702 747468 658978 813854 162211 625106 501774 255055 296866 491859 534056
745811 312419 503845 125954 235674 427153 760721 648802 456586 421241 133420 384501 361972 255052 932576 197207 186292 263895 491468 930172 110035 815194 626110 85193 525310 514427 691904 459005 526010 126538 232243 254112 501042 951043 222389 691584 360489 325857 786160 168394 859743 84435 999999999 840909 399364 223964 149747 622737 687316 964783 536726 529346 261160 918872 605280 398455 793739 528026 517073 488379 713880 596665 236977 674011 592403 461098 306209 379555 702969 684157 328071 619500 761641 423580 655030 278054 124214 125336 420751 409090 521579 260396 620917 346493 845397 377425 640406 103655 541452 500295 803103 601071 851378 232247 666249 490062 337693 366287 431142 474403
132931 827249 532195 867564 655380 580148 203918 776230 711444 819848 923815 679545 789081 935038 304223 858607 891572 761066 371019 486226 798095 95983 394474 924109 694115 370900 657052 466275 466389 951169 953328 595576 350614 231387 797986 543725 739484 636410 713749 822140 266632 850390 840909 999999999 490939 703948 912307 511165 581372 245030 816711 435814 582071 581919 671385 688695 649909 338897 1006575 747211 665236 583674 611185 506621 540700 687691 595160 534336 181772 409476 989212 234826 373146 561542 764175 768338 830801 715726 854327 583742 330657 598851 238049 500477 675240 852901 213489 775510 303681 516383 658029 509317 474451 775985 494240 350889 978394 748517 571332 549719
373241 540594 448837 474062 174784 420214 369210 716411 546924 599822 515685 471319 311096 444642 533870 370378 520617 270286 121251 757925 404788 497769 230929 472140 582615 124351 676610 65191 416665 486462 584198 153060 245667 558802 307757 611276 262780 147924 772363 337110 461648 441652 399364 490939 999999999 216915 433159 536759 629771 571790 669131 394198 161858 795524 624158 225930 743576 287796 770800 593183 696598 562398 240116 575848 530937 532918 106620 323191 324822 527194 656231 256141 574453 399758 713467 278228 443051 283532 385890 125339 257613 258137 330797 197217 792003 374502 337836 375690 250479 145561 754299 241134 695452 452555 562193 190509 655005 513908 128585 145780
589677 472693 525352 334196 53999 467003 584407 746316 554320 563677 356334 472819 179596 233063 740327 154661 392206 84386 333231 907760 280689 701302 421912 277610 610465 341266 747695 262772 519312 280219 447987 140097 409868 772674 97903 712208 156363 103746 846476 120266 670257 293395 223964 703948 216915 999999999 218090 636473 720133 785174 662230 508535 168122 923823 674907 179721 834915 448141 700768 596417 769576 637058 223943 683958 617633 549060 110299 382335 541617 661964 537600 469730 725693 453197 748055 100333 314857 158283 257624 188630 427714 258744 518731 281952 886524 225178 531529 253369 433942 283899 845333 381611 836190 378186 672540 373001 543128 487144 210992 254667
803297 460359 638919 265015 259340 565345 801932 798138 605195 570249 246566 531320 276656 111003 957893 89727 321677 204454 544929 1056904 259730 900451 637951 119538 673107 557104 836678 480856 653188 84850 352715 319487 593544 990615 151593 828944 294828 314383 932155 100470 888182 227922 149747 912307 433159 218090 999999999 757541 827533 1003185 686338 651866 338293 1053839 751636 348178 936469 626580 654387 637840 858774 737666 347059 808382 729818 608726 327063 505644 756280 808732 451462 680531 882224 559065 804108 211351 271583 227745 313664 397453 613274 377592 710323 444946 988397 269213 726553 250441 626609 494772 946091 586464 979911 381994 799511 568862 464995 515883 419411 462231
524969 430307 118946 571955 585862 196784 605469 265105 252394 370211 631578 271530 804380 836547 780893 755067 561573 720529 472031 317257 526403 425086 658196 701299 205288 513389 157240 575453 120951 748732 605607 498545 310619 732102 724895 76144 765040 645903 241967 710748 718752 580212 622737 511165 536759 636473 757541 999999999 94349 747033 324747 143210 469554 296456 161549 748013 206817 275181 537144 270759 172321 75819 420547 51328 40441 230001 577206 256561 524114 113383 596471 460001 190951 199220 253041 735818 540050 532636 885142 659680 310281 386366 322277 361151 255796 858774 343569 521292 339389 668042 217541 737521 236301 433722 45807 372842 578684 332522 665244 678952
608026 460196 194858 623215 670851 262399 691103 211633 270595 380442 680880 314013 891195 911959 861918 831765 604699 804486 566362 294243 585379 490468 751628 762116 205970 607636 76202 669486 213112 811574 641616 584219 404867 807709 805673 38577 853179 735171 148296 787692 802238 636724 687316 581372 629771 720133 827533 94349 999999999 822332 306592 237267 555061 241645 130322 838378 115410 368929 525346 273100 84509 90959 499945 75204 102618 252946 666330 337817 610829 171921 618265 550505 225771 270923 196796 820135 594094 606800 971908 751965 404116 465107 409853 449935 166495 944042 429666 584090 432536 762141 126032 831832 217615 481504 88700 467145 598706 363556 758086 772607
240706 1015316 751338 1017777 746475 786696 204063 1010513 925303 1025668 1068258 881625 818005 999187 94592 933381 1052282 820827 474156 723326 946279 340783 380907 1041715 917619 450961 897293 522726 686110 1058174 1116380 710707 528969 15379 867090 785296 771092 695480 957602 904797 127223 992861 964783 245030 571790 785174 1003185 747033 822332 999999999 1038077 653619 706384 823469 904287 712208 894548 532846 1213953 964826 906665 816705 757906 747189 773244 902441 676511 723080 270201 650683 1167079 358911 618110 765997 999334 823277 982529 842024 866611 621747 512539 755302 442214 655583 920270 877727 417132 919952 478577 530968 902784 476839 717773 950192 734223 503305 1159370 947652 602936 567493
801600 231599 286773 431410 627689 263739 868985 135924 123569 119870 475736 198534 841202 790279 1055793 722535 389225 740395 660520 599415 427235 738610 859717 589007 123046 703953 254700 727484 352284 642038 401651 558166 528154 1022743 721389 338354 816804 718938 313257 683545 986777 461523 536726 816711 669131 662230 686338 324747 306592 1038077 999999999 384519 532804 530568 176414 824206 357412 511916 218776 77732 269103 249676 451919 355461 286906 141905 656187 353544 786801 438080 347031 706085 513697 286072 149021 757178 416276 510532 916476 767936 539292 422440 595995 473905 397819 878950 620970 441205 574495 814691 362327 906659 524133 304929 360734 576901 325330 176287 782000 811195
418559 408370 97747 504075 456095 150012 490647 370345 275636 385611 564778 250294 670147 720733 674463 637916 508330 591368 330359 405384 446681 365727 520666 612546 264346 372452 292680 432259 33099 655490 562365 368613 170528 638296 601078 217081 628896 508439 383467 593700 607483 502679 529346 435814 394198 508535 651866 143210 237267 653619 384519 999999999 340426 415472 264653 608610 349725 139745 571146 312394 310545 184181 305428 182222 144859 251930 440302 150086 408019 156982 576799 334005 232296 135649 362046 605951 468655 424126 750708 517843 173389 274293 211895 227360 397811 726743 236645 434715 205720 524883 360440 595836 329996 380352 169036 231766 562699 320118 522772 535815
484660 382396 361035 316917 116349 309400 502609 599832 415477 450898 363307 335153 336369 387889 679961 304928 360418 251419 232236 740978 246196 563439 391050 342693 463066 259751 587041 227042 351507 369391 424474 29180 255493 692347 261737 545524 300462 189208 685730 262029 606252 288016 261160 582071 161858 168122 338293 469554 555061 706384 532804 340426 999999999 755707 519644 295657 670287 289966 614305 460500 608602 474502 83247 516433 452445 405810 123646 218701 442197 494357 494464 358342 559904 293156 599647 266433 284163 136335 416990 236426 275066 110374 372126 114579 721547 389292 388889 217856 288837 297951 680810 398685 668592 292156 504816 232848 493149 366703 252295 286326
657074 701665 415365 862323 871547 491946 746791 408657 511608 617995 920741 554358 1084483 1130966 885653 1048896 845834 1006826 705986 112531 820744 486753 862432 996577 444675 740913 276025 821089 405598 1044612 883255 784029 550930 810881 1015373 228658 1042035 920829 241186 1004537 840641 873566 918872 581919 795524 923823 1053839 296456 241645 823469 530568 415472 755707 999999999 362385 1017615 177432 509081 746027 510086 261882 330376 714009 245463 327024 494508 853582 550429 677893 268394 857674 645163 234754 495600 392796 1021422 832026 828234 1164783 920862 541868 680492 502586 642798 155413 1141867 512474 816916 559157 909709 175680 960367 111370 721357 254597 610704 837657 605197 922357 927717
676543 346032 179399 525232 630466 210290 752848 106773 156998 255819 579666 220791 852458 844750 933321 768218 498615 758498 584505 424095 497854 586451 780457 673408 85755 627950 91765 673403 232232 724931 528675 548301 431382 889203 751541 162260 819512 707754 180937 725356 868534 544718 605280 671385 624158 674907 751636 161549 130322 904287 176414 264653 519644 362385 999999999 813847 200014 404073 395093 148024 112146 87773 451053 182788 131097 146061 639831 304829 670417 272698 496089 598568 342633 227776 97454 774896 500042 542985 932034 738862 436829 416490 470144 429965 248334 899840 493358 501961 470024 765533 207562 846497 347937 383618 190142 489521 475776 254261 748605 769924
560010 647843 648488 513321 198723 603674 527653 895488 709691 732990 531865 628608 105798 303142 650075 260251 571751 144524 338222 983400 460250 710526 331301 438472 758718 322799 877183 225174 627096 427063 626615 268105 470584 701992 197007 823848 60650 106449 975220 253311 587686 472078 398455 688695 225930 179721 348178 748013 838378 712208 824206 608610 295657 1017615 813847 999999999 953593 512632 878011 754022 898261 763235 372909 790658 736748 700981 174058 509841 509576 749367 717179 460859 799695 586262 895244 136902 494577 335365 165916 106737 483292 404432 554875 388964 1003603 166976 559892 432605 476106 181840 964274 250945 919631 553086 777635 416438 722846 652622 117368 145374
