NAME : synthetic_000513
TYPE : CTSP-D
DIMENSION : 100
GROUPS : 8
RELAXATION_LEVEL : 1
EDGE_WEIGHT_TYPE : EXPLICIT
EDGE_WEIGHT_FORMAT : FULL_MATRIX
EDGE_WEIGHT_SECTION
999999999 247238 445868 604558 776866 991847 288735 350882 397275 343878 293106 706415 782401 729406 649093 167220 249717 545482 954171 167676 253561 672090 509218 78396 277232 924515 921871 700707 901387 649668 612524 193419 647398 308909 703843 353235 426996 883884 902409 225659 735935 398064 399467 1065692 1089072 698524 1135989 560462 966275 116990 665007 959597 839733 580375 416674 915687 506876 534368 719530 676179 485768 776278 404089 585241 410624 659019 541125 180159 281698 50933 1060522 629263 977766 511588 965719 656293 312022 287714 425666 239524 516876 522923 708151 460995 597511 299978 692590 937029 453027 272954 733455 665960 338519 867603 844531 956957 119792 700750 251970 52505
247238 999999999 311930 361289 561456 744699 120535 154800 231429 98953 230776 501696 557544 551538 450924 103290 191117 302604 707056 370353 89421 430576 266283 208611 50335 695267 689166 519072 700754 569626 366884 350836 499090 63935 526559 364167 214288 645909 679584 415587 497971 241709 306927 831905 848913 452954 897516 414545 719160 178839 501297 712843 614243 356105 170026 673524 292962 294574 506238 640383 306254 557331 162274 488489 253303 463426 297361 289549 55148 295278 817713 455942 731798 442906 721160 426026 224019 211910 200327 194405 300191 373423 460929 259132 352774 154052 471138 707593 318907 153159 658834 445310 268927 634240 609893 723169 153505 496476 15117 263851
445868 311930 999999999 346797 378380 718639 193176 435426 86883 276347 542696 296478 404980 289182 236384 392896 196808 432084 682843 610776 400514 381746 291677 368840 264159 545700 794061 264183 883669 263894 452793 617594 761638 320558 758710 223930 166011 539655 509007 666674 412012 72572 612239 691934 739568 435913 776222 114627 716205 450402 220439 676916 750610 537959 295889 734369 178858 443427 323481 356101 565765 385254 258150 179783 538757 241107 313240 332366 260283 493699 727953 700082 752133 159307 653897 318093 534699 159602 199489 207987 511893 647511 480173 138073 354897 163685 319576 822163 608229 180800 352110 618027 124737 742501 716070 589898 330691 290766 296818 422314
604558 361289 346797 999999999 262637 397378 337903 350430 295014 262373 511377 249474 232964 353480 239633 460824 433247 169587 359643 729699 400252 70854 95363 551166 327394 350571 451796 323022 573140 555919 137548 702496 547156 307895 504510 552422 210432 287903 348775 771292 143480 309120 519438 477189 488119 98364 537648 351530 383126 537167 355103 360796 421309 278010 193730 387576 167974 193978 226692 673749 390090 249338 200495 477757 415554 253475 63954 586951 323026 654219 456512 469736 411487 496609 361260 112292 487422 417222 193100 445190 295050 472772 133591 212989 18858 348371 175649 481725 472342 378194 628463 328333 430472 402635 376559 369948 494470 247414 353991 611231
776866 561456 378380 262637 999999999 413536 488132 596037 387626 469988 752106 83307 55622 166960 142189 664511 550354 431969 386330 925705 624166 212531 324939 708365 515455 169516 617037 158131 788134 455321 388713 912016 806895 524737 756263 599034 352024 193455 130821 974727 159144 392208 774346 314604 370468 257821 401674 300924 434799 738621 222796 369807 621747 536738 420689 519120 271320 456541 57580 581668 652241 19874 407933 405017 672547 139553 306998 701799 510379 827721 369890 728303 488128 466162 321345 152935 731306 519574 361187 563079 557671 735362 316246 315916 281258 479805 93371 651081 732411 509342 498195 573807 500733 581179 558997 217751 657462 88721 549675 767860
991847 744699 718639 397378 413536 999999999 735098 685747 684370 648619 838969 480008 360194 580272 520447 836454 830166 462103 37863 1100172 762374 341963 489050 944341 717919 300378 311916 567737 532222 862087 389084 1062192 704597 684530 615261 937715 605720 224341 351499 1134339 308249 696651 806328 284490 217954 299085 268117 681588 55606 910660 628776 43982 377361 491817 575329 202251 548200 481025 440177 988578 645203 395103 591750 801424 706594 526267 456718 984313 713991 1039871 161751 630561 110097 846741 104947 401167 810570 812375 590419 842239 551682 700322 283940 599249 399834 745504 415983 342430 736739 775485 910902 458226 819373 311457 305916 257981 887269 483302 740076 1003570
288735 120535 193176 337903 488132 735098 999999999 261164 118856 123863 350719 418608 494764 451514 362437 201585 104409 339245 697302 441741 209946 399379 247160 222377 77642 637736 730725 420698 774416 449091 388157 437678 603165 145653 618305 266615 140179 603067 614053 494019 456764 125958 426387 780578 809379 436037 854202 300429 718037 265181 394400 698665 667254 421173 183778 696823 218706 340072 430813 522084 406259 487674 152947 368139 364377 373168 279136 250316 75250 339601 785070 551785 740170 323361 695092 371894 344554 107279 146063 114179 377031 481035 459397 172303 335569 34578 404552 753443 432411 48337 538299 509542 156217 676028 650243 672278 169528 413003 105638 282806
350882 154800 435426 350430 596037 685747 261164 999999999 348851 160520 161344 553912 577641 627358 514399 184448 345112 223823 649739 421061 97870 420022 271336 338772 184005 700999 573643 593602 556574 699183 297147 377472 344733 116579 373530 518093 294932 633976 697220 450206 493640 362893 185504 824185 824746 421548 877056 522355 650812 243972 591295 660794 489231 231043 178346 578264 356119 205020 547261 781219 151769 586982 202401 615193 103877 528602 292922 436938 185978 389249 785434 301859 651691 581145 683835 445525 137025 362794 266495 348975 166251 220339 409004 342597 335510 295632 502707 587285 173042 302229 787535 315188 416745 520084 498104 718612 291390 549587 165592 383603
397275 231429 86883 295014 387626 684370 118856 348851 999999999 189475 461163 312132 402862 334360 253283 320040 162895 355700 647381 556268 318381 342450 224251 324464 182045 546803 730108 304429 806865 350738 384565 555510 675442 234658 674909 257486 90901 525465 517151 609931 386242 16576 527065 692413 730516 390592 771596 183226 675724 383776 275618 644574 680208 457517 212368 678813 137206 364776 330153 440818 479222 390163 174310 266421 452021 262425 250473 316747 177777 447319 712492 614950 706381 241502 630171 294013 451599 134494 121491 175666 427963 560697 427544 85282 299350 97920 312687 756651 521515 124492 438779 540064 135675 677193 650770 586174 277872 306370 216388 382607
343878 98953 276347 262373 469988 648619 123863 160520 189475 999999999 292024 415665 462529 477026 369220 200225 226039 221536 610857 468722 155288 331636 167331 297222 71245 598377 613790 443619 650574 540210 278586 446193 489051 55923 497321 390188 137853 547212 584669 512662 399407 204189 343126 733767 749975 354788 798676 362127 625066 276530 435223 615816 546392 297461 73612 588235 208516 219320 416279 627077 291842 464505 64067 455799 262861 382664 198471 358069 68241 392846 718849 432906 640680 426662 622625 329917 276624 230956 114200 234270 253823 371784 365628 185837 254162 154377 378119 635010 332377 171877 628132 386102 275800 558827 533501 625138 240203 410749 92020 355522
293106 230776 542696 511377 752106 838969 350719 161344 461163 292024 999999999 704625 736485 769006 660573 173266 401003 380354 803817 299376 142832 581220 429323 318630 279176 861897 693620 735633 631051 799174 453456 242074 357125 236558 423488 565832 429083 795292 856888 314193 654738 472113 106403 985498 984952 582396 1037563 643546 800924 177749 725029 816331 601132 360255 331424 715244 499930 359208 701337 863730 224281 744098 347806 718833 145890 674226 452725 436958 283388 313444 944616 349731 796379 669606 842565 603574 29391 430232 406063 399661 294219 237323 567196 476759 496712 383252 658796 701575 165981 377112 888370 430355 490073 643093 624118 879946 293639 699959 245884 340520
706415 501696 296478 249474 83307 480008 418608 553912 312132 415665 704625 999999999 123489 112119 60344 603556 473738 415848 449823 859515 570951 219954 288971 635734 453691 252796 653487 90233 808047 382261 385537 849892 794904 471453 753895 516055 288053 267990 212833 910263 191917 315171 736795 397822 452984 275804 484937 218066 495032 675861 148768 436030 646184 527042 375675 563201 208794 438983 39959 508845 627351 94325 356870 326225 638326 56281 278478 623021 448598 757021 450058 718349 544660 384073 394135 139747 685920 441608 302717 486348 538132 712493 335752 247147 268111 407074 81456 686752 701765 435731 433094 575914 419792 612758 588868 300484 586637 5799 488949 694473
782401 557544 404980 232964 55622 360194 494764 577641 402862 462529 736485 123489 999999999 220333 174826 660806 565372 399219 332022 925875 614009 173868 307181 716907 513903 143999 562691 208031 737394 504406 349797 908125 768906 515666 713918 628312 355411 144506 122143 972940 110859 409528 751473 289662 335019 211908 371460 338909 379858 736156 270761 316304 570103 499236 406830 463854 276098 424223 85925 630998 622143 35922 398957 449708 648104 176257 284936 719492 508904 833329 328057 689645 432744 505830 271117 133431 714236 536943 359405 578173 525270 703560 268384 324966 250736 490262 90600 596823 705287 520580 550718 530415 523885 527855 506121 185070 664091 127753 546772 777090
729406 551538 289182 353480 166960 580272 451514 627358 334360 477026 769006 112119 220333 999999999 117722 648784 483818 514228 552345 890432 629581 330822 376764 654178 501473 320802 765501 33787 918704 293006 490940 889192 892046 532479 856772 487027 340306 360030 270486 944290 303234 331736 812680 455482 523627 387554 547072 181827 599749 716335 75226 536457 757783 627619 450656 674164 271259 536063 149282 418186 716444 185169 425201 254560 718857 103013 372596 620585 496527 778610 530243 817222 651456 328254 487985 248454 753268 447693 363364 495586 632392 802363 447406 293275 371537 432150 193347 798816 784991 457037 331309 681770 412103 724871 700943 372679 610996 111775 537461 709676
649093 450924 236384 239633 142189 520447 362437 514399 253283 369220 660573 60344 174826 117722 999999999 551565 414142 397043 488242 804079 523923 227569 259202 577518 401970 310805 669343 85026 810437 344961 377018 796614 774425 425129 740523 456987 236656 317275 272639 855649 218813 255647 699096 456557 508808 286923 542566 164544 530451 622597 119818 476710 653216 510814 336491 585667 160725 418614 89493 470473 599109 150517 313622 280977 603518 14727 255029 562809 396901 699530 502817 699852 576736 331664 440459 143309 643318 381630 255084 426704 514673 684966 345238 192994 257086 349245 105016 701738 668948 377404 404857 567516 359475 625399 600517 357048 529315 54571 437650 635885
167220 103290 392896 460824 664511 836454 201585 184448 320040 200225 173266 603556 660806 648784 551565 999999999 230954 382274 799131 268899 86651 530867 366669 159501 149866 798166 754723 616919 738929 638836 451567 247584 501315 153591 547434 392720 315547 747116 782861 312594 599495 327529 271775 933988 948943 549743 998197 501973 807769 76400 594806 806440 672639 413169 267381 750729 395152 369567 609064 695398 325715 660557 264228 561784 255270 563682 396933 270477 154959 208928 916255 473415 816069 505349 818367 529101 179682 262959 303324 228374 349948 373980 552745 358785 451097 229211 574396 769813 308228 215890 727545 499054 323201 700523 677591 825363 123005 598259 114886 199568
249717 191117 196808 433247 550354 830166 104409 345112 162895 226039 401003 473738 565372 483818 414142 230954 999999999 443625 792556 416026 273212 490305 346365 172166 166545 709365 835103 456734 875628 413825 491939 428387 689825 236677 712783 173071 225180 684546 680036 472850 541730 158568 490654 854691 890469 531566 932725 311156 815855 271043 416980 792354 771361 523187 288187 799823 294079 444070 492942 464469 495423 553057 256776 342081 444372 422246 377598 156165 166462 296984 870052 643938 840332 277413 783977 452004 401848 38126 240377 12803 476015 564507 558978 242405 432892 85081 474978 857849 509295 57007 501347 612060 94934 780423 754621 747927 139022 467949 179536 225914
545482 302604 432084 169587 431969 462103 339245 223823 355700 221536 380354 415848 399219 514228 397043 382274 443625 999999999 425955 640008 302995 226455 148425 511071 291441 502861 392376 482049 451700 677128 73369 600203 379066 238754 345098 597435 266765 425298 509408 672526 298220 372233 366350 613866 606474 209773 659799 474352 428610 453577 503818 437045 329026 114552 155657 370992 275713 25157 395644 784396 223801 418098 190006 593671 261440 411602 142794 579550 289074 590439 564705 303102 433936 591310 462419 281585 352959 442002 234376 452970 126072 304343 187048 297522 150822 364057 344903 414303 310544 387291 757640 186272 476031 337465 312018 512407 455223 413222 302435 566218
954171 707056 682843 359643 386330 37863 697302 649739 647381 610857 803817 449823 332022 552345 488242 799131 792556 425955 999999999 1063252 725482 304931 451194 906499 680100 285091 303427 538434 520534 831237 352769 1025783 678931 647033 591799 901247 568244 201988 333930 1097816 273787 659801 773227 288081 230918 261321 283679 648210 53515 873478 598453 26214 360739 459390 537603 191265 511471 445307 409880 957560 612751 367441 553898 769072 672735 494599 418865 946593 676164 1002263 175635 603703 113298 812724 96692 365977 775557 774981 552713 804606 518129 669964 246459 562337 361992 707850 383407 335555 704507 737794 882027 429886 782531 296507 288068 247075 849431 452881 702359 965748
167676 370353 610776 729699 925705 1100172 441741 421061 556268 468722 299376 859515 925875 890432 804079 268899 416026 640008 1063252 999999999 337801 799763 635536 246022 412001 1065073 987564 860694 929513 816685 711931 68879 644422 422071 719731 515594 573705 1015892 1047487 58540 868129 558825 391545 1202258 1217815 817734 1267088 725355 1068564 192532 828266 1071827 897403 647464 536134 999053 654409 623837 869112 838360 522473 923270 532510 752911 443380 814907 665824 336750 416985 128268 1184714 647041 1072144 678733 1086237 795600 327268 454144 566514 406321 580791 533056 817697 612378 719767 458361 837830 997549 462418 433739 899720 724438 506057 935540 915019 1093519 280360 853982 379901 206491
253561 89421 400514 400252 624166 762374 209946 97870 318381 155288 142832 570951 614009 629581 523923 86651 273212 302995 725482 337801 999999999 471096 309946 242151 136521 746278 668985 596490 653540 659032 374338 303398 426346 99637 465605 444625 289306 688147 735881 373917 542503 329523 218692 877258 886122 483227 936813 500724 731134 151202 583389 734318 586172 326948 208499 668051 363412 288237 571099 728879 242900 617934 216236 577733 177817 537164 337604 345291 140643 293502 850551 392320 736547 532031 750815 480652 134619 297852 268920 274433 263357 298872 480225 336430 388312 243424 531674 683613 238261 240917 748236 412462 356227 614977 592352 769500 197579 566028 104330 285764
672090 430576 381746 70854 212531 341963 399379 420022 342450 331636 581220 219954 173868 330822 227569 530867 490305 226455 304931 799763 471096 999999999 164335 616431 394929 281524 442206 304025 588112 564638 176559 773201 595536 378301 543803 597020 265145 217085 283501 841811 73877 354940 585671 406356 418339 59858 467338 365434 334948 607254 347351 302692 427277 325585 264203 363436 206918 251585 188887 686955 450139 196410 268817 491659 481127 239384 134110 645673 390409 722083 388461 516533 370752 521851 295829 84291 556856 470985 253318 502613 352226 530477 117741 257436 84513 406432 138968 474356 535293 436893 630502 361848 477661 397830 372994 299290 560136 219460 422744 676792
509218 266283 291677 95363 324939 489050 247160 271336 224251 167331 429323 288971 307181 376764 259202 366669 346365 148425 451194 635536 309946 164335 999999999 456627 232109 436399 505887 343526 595071 529433 161345 610198 517465 214749 492013 478951 133669 380528 428001 678161 233348 240050 450092 568315 582663 190878 631566 326045 470881 443069 358833 453883 458953 262037 101470 457314 127333 165941 277840 638922 340059 315646 105137 446512 349881 273926 32377 497414 227782 558857 551796 445037 493968 449446 456529 174353 407381 334378 108023 357796 256798 425829 212657 153948 89392 261372 231752 532698 412795 290058 609322 333081 355681 453150 426711 460104 399776 285275 258720 516500
78396 208611 368840 551166 708365 944341 222377 338772 324464 297222 318630 635734 716907 654178 577518 159501 172166 511071 906499 246022 242151 616431 456627 999999999 226710 860063 896988 626103 895330 572179 573910 267375 660188 272546 706631 280867 362498 824271 835567 303846 677124 323990 423269 1002919 1030350 647444 1075879 483296 922108 145790 588633 910221 819830 560223 370801 881804 440816 503123 650828 602545 484425 708823 352663 506971 414771 586879 488957 120503 230477 124860 1004304 632755 937656 434034 911893 593966 331658 209969 365229 161600 500262 533098 662404 392869 545927 228774 626538 914607 466310 200114 656591 648389 260125 842151 818033 894549 57106 630014 208976 60595
277232 50335 264159 327394 515455 717919 77642 184005 182045 71245 279176 453691 513903 501473 401970 149866 166545 291441 680100 412001 136521 394929 232109 226710 999999999 653345 683053 469113 710607 524272 349792 396765 527346 70486 546537 337467 165695 607915 635625 459519 459796 193002 349952 791950 812437 422148 859991 364869 695415 223166 450964 684334 613278 359855 144402 659337 245381 287525 459646 599608 331143 512105 127087 442158 286888 414265 264158 288502 5095 327156 783315 478402 711740 400531 688633 383866 270542 179759 154715 172769 310062 404224 435695 209579 320812 112220 426267 703520 354788 118842 613378 449245 232742 628043 602943 683103 169608 448394 35989 285652
924515 695267 545700 350571 169516 300378 637736 700999 546803 598377 861897 252796 143999 320802 310805 798166 709365 502861 285091 1065073 746278 281524 436399 860063 653345 999999999 568656 320735 768879 613795 441456 1044528 851248 649710 783637 767698 497895 96187 54351 1110756 207652 553261 866460 146354 203238 295101 232161 470262 338541 874100 386407 261731 600006 588513 537786 458760 419367 527874 222260 738578 725673 160525 534332 570366 761643 308975 410097 863345 648418 975407 211674 771350 397963 634722 195868 269492 837978 680765 499776 722166 625921 802249 337154 468769 365803 634017 234523 602757 813404 664407 646077 600929 666313 545995 529095 52418 806758 258147 685219 920365
921871 689166 794061 451796 617037 311916 730725 573643 730108 613790 693620 653487 562691 765501 669343 754723 835103 392376 303427 987564 668985 442206 505887 896988 683053 568656 999999999 741978 221754 1004775 346486 935030 451311 625595 351234 982589 639340 474063 609084 1007611 463031 745938 627117 591506 529852 382518 579635 802031 256796 817611 789142 329579 98338 342609 547008 112480 617319 395766 616722 1124724 470744 597262 578965 928639 547824 680590 481313 971519 680917 962394 473651 392890 205164 947563 398694 526162 664407 831054 611188 844780 408312 492791 325596 656426 440877 753775 573007 34380 550124 778403 1072604 263427 859544 55019 80482 540427 842657 654275 691009 948995
700707 519072 264183 323022 158131 567737 420698 593602 304429 443619 735633 90233 208031 33787 85026 616919 456734 482049 538434 860694 596490 304025 343526 626103 469113 320735 741978 999999999 890890 297208 460569 858284 859388 499148 825271 468991 307184 351074 273093 914146 281806 302654 778909 459929 523937 361825 550450 162201 584438 685106 65672 523776 731298 595736 416869 653052 237522 503637 129741 423623 683011 174514 391483 249684 685087 70449 340038 596486 464144 750217 526960 784877 634629 317718 478652 220572 719738 421203 329837 468707 599484 768955 421355 260400 340838 402346 169000 775011 751267 427914 343655 651319 388289 700171 675888 371631 581854 88458 505097 682281
901387 700754 883669 573140 788134 532222 774416 556574 806865 650574 631051 808047 737394 918704 810437 738929 875628 451700 520534 929513 653540 588112 595071 895330 710607 768879 221754 890890 999999999 1122653 440225 868222 306552 642951 213201 1040047 718452 672719 803479 937052 629020 823432 540766 807309 749695 533462 800326 917744 476720 787029 927892 546321 169199 353521 599150 330200 720498 442282 775626 1233989 415893 769175 636404 1040840 493077 823554 579934 990004 710021 933508 693583 282984 426819 1042782 613304 670431 604469 881251 685874 882881 401122 397425 473594 747961 557350 803769 726841 195569 467267 822429 1199251 267116 921828 225640 240012 746905 847207 807563 707207 938385
649668 569626 263894 555919 455321 862087 449091 699183 350738 540210 799174 382261 504406 293006 344961 638836 413825 677128 831237 816685 659032 564638 529433 572179 524272 613795 1004775 297208 1122653 999999999 682857 838170 1023237 583811 1014608 312488 421403 648148 563010 875045 563767 336324 874072 746121 816446 624401 838285 205121 874827 684826 233697 818126 976780 788424 554710 927510 402581 692114 421969 126609 828448 471591 517920 85015 802619 337213 542736 489465 520808 689934 822893 959223 921693 138152 775476 482870 793644 378019 455087 420263 769303 910922 679390 381992 569446 415986 449670 1035867 872074 423627 89215 862513 318891 957485 931679 665679 551225 378825 554706 611900
612524 366884 452793 137548 388713 389084 388157 297147 384565 278586 453456 385537 349797 490940 377018 451567 491939 73369 352769 711931 374338 176559 161345 573910 349792 441456 346486 460569 440225 682857 999999999 673108 419121 303841 369087 636114 293664 359370 452910 745286 242758 400621 435411 545989 535112 146399 588787 477789 356821 524133 491208 363679 297934 149674 206876 309886 281983 94659 359833 796271 285649 372923 235232 601802 331074 390950 141154 634708 346813 658567 492355 339993 365242 609829 389875 246223 425875 485659 264808 502235 185456 360794 115036 314796 119949 409071 308545 372225 375530 434953 759034 190831 513060 292947 266590 446989 517325 383812 365046 630556
193419 350836 617594 702496 912016 1062192 437678 377472 555510 446193 242074 849892 908125 889192 796614 247584 428387 600203 1025783 68879 303398 773201 610198 267375 396765 1044528 935030 858284 868222 838170 673108 999999999 579228 395481 657137 546495 561946 990233 1030230 73080 843540 560066 328141 1178514 1189365 786623 1239801 731232 1028196 174057 830619 1035719 843104 598013 509143 951994 642077 582347 856391 869228 466353 908140 510209 769937 387830 808250 639190 372530 401856 168472 1153930 585286 1028659 700092 1054006 775995 270973 466178 550852 420157 531313 470914 782074 603650 691184 458739 821971 943518 401084 437255 923415 671608 521822 883930 864291 1070231 289403 844515 362344 241167
647398 499090 761638 547156 806895 704597 603165 344733 675442 489051 357125 794904 768906 892046 774425 501315 689825 379066 678931 644422 426346 595536 517465 660188 527346 851248 451311 859388 306552 1023237 419121 579228 999999999 457590 101165 862826 602518 761424 868663 644286 660944 691064 254361 935176 902281 561436 956893 830446 652831 530459 875947 700275 354413 270159 469035 522136 638566 356296 773846 1115661 197378 791629 505376 938224 248543 789094 519455 770429 528803 670476 850335 79924 622732 915397 752208 659433 335624 706959 569203 693488 260746 127605 514181 645055 528301 637127 722771 443588 194640 646140 1109092 254001 759381 417691 411338 847793 622086 792286 510290 691803
308909 63935 320558 307895 524737 684530 145653 116579 234658 55923 236558 471453 515666 532479 425129 153591 236677 238754 647033 422071 99637 378301 214749 272546 70486 649710 625595 499148 642951 583811 303841 395481 457590 999999999 476157 407953 192581 595098 637711 463534 448096 248011 292714 783049 795889 396158 845535 412589 657626 229639 489288 653688 551723 294856 114169 609725 264435 230686 471490 664640 260962 518774 116970 500261 220426 438547 244194 349968 71432 355795 762734 407919 669018 464592 664782 382536 222138 250052 170072 242393 241850 335550 400592 240372 297696 179847 432444 644377 289370 189095 672455 384307 301828 570638 546188 674752 217273 466563 65840 327509
703843 526559 758710 504510 756263 615261 618305 373530 674909 497321 423488 753895 713918 856772 740523 547434 712783 345098 591799 719731 465605 543803 492013 706631 546537 783637 351234 825271 213201 1014608 369087 657137 101165 476157 999999999 883781 594305 690927 805784 725103 603681 691178 329038 857451 818858 502553 873082 815304 562150 587521 848904 614308 255311 230547 462886 426895 618119 326074 728917 1114810 222779 739661 500795 929989 293463 754916 487772 809962 547069 732168 765582 74597 528532 916383 670019 615108 398328 724998 560481 718120 246951 186726 450038 632668 486012 650799 677622 342618 257792 664225 1097775 184015 772946 320013 315788 775506 663046 751914 535654 744493
353235 364167 223930 552422 599034 937715 266615 518093 257486 390188 565832 516055 628312 487027 456987 392720 173071 597435 901247 515594 444625 597020 478951 280867 337467 767698 982589 468991 1040047 312488 636114 546495 862826 407953 883781 999999999 345754 763549 728753 574075 633577 243363 660025 913543 963188 647271 999028 306793 931641 415575 412095 896827 926313 686530 443083 935589 390106 601552 545583 323088 667970 607209 407464 268140 617351 459852 506793 180284 336762 387340 951863 815852 963579 182643 876663 539601 569604 159337 371808 170366 643646 737575 685015 340473 556781 236288 543502 1007714 681834 219683 389080 774067 123282 928817 902543 812909 278720 510490 352565 309158
426996 214288 166011 210432 352024 605720 140179 294932 90901 137853 429083 288053 355411 340306 236656 315547 225180 266765 568244 573705 289306 265145 133669 362498 165695 497895 639340 307184 718452 421403 293664 561946 602518 192581 594305 345754 999999999 463522 475638 623209 318223 107028 479631 640422 669889 308126 714253 230184 593467 387979 297456 567442 589560 371991 133497 589860 80706 277471 295439 521223 409665 350115 97745 336461 393810 249282 161059 380823 160606 477926 646902 537828 621272 325270 559160 231812 414395 206938 33824 237534 348148 493937 340696 48007 212535 141901 265684 665774 462763 172631 506614 452302 222618 586337 559921 532099 308864 282731 201157 422969
883884 645909 539655 287903 193455 224341 603067 633976 525465 547212 795292 267990 144506 360030 317275 747116 684546 425298 201988 1015892 688147 217085 380528 824271 607915 96187 474063 351074 672719 648148 359370 990233 761424 595098 690927 763549 463522 999999999 135864 1058624 148126 534476 791505 190209 206367 215585 252122 481820 254122 823513 414763 181845 503822 502867 481128 365320 390475 449815 229871 774654 645019 176572 483647 594192 686512 319933 351046 840542 603208 934361 188337 681699 311925 648938 127955 232583 770019 659651 459162 697266 544825 718691 249570 442360 300321 604405 220387 508291 734547 635213 691325 509332 653653 450148 432995 87686 769052 272195 637345 884866
902409 679584 509007 348775 130821 351499 614053 697220 517151 584669 856888 212833 122143 270486 272639 782861 680036 509408 333930 1047487 735881 283501 428001 835567 635625 54351 609084 273093 803479 563010 452910 1030230 868663 637711 805784 728753 475638 135864 999999999 1094871 211275 522300 868127 187125 253549 307563 277376 427256 387050 858114 338537 311551 634280 602047 528298 501021 395533 534565 187441 687132 733205 127063 521065 522535 763968 268925 404335 832217 630610 953337 265422 788795 445863 589611 247820 255240 834108 649822 480983 692795 634517 812331 355946 442727 365516 607686 209995 643386 818793 637610 593103 621979 631551 583166 564835 106238 783575 218468 668706 895449
225659 415587 666674 771292 974727 1134339 494019 450206 609931 512662 314193 910263 972940 944290 855649 312594 472850 672526 1097816 58540 373917 841811 678161 303846 459519 1110756 1007611 914146 937052 875045 745286 73080 644286 463534 725103 574075 623209 1058624 1094871 999999999 911414 613121 396295 1246204 1258878 856855 1308909 781133 1100758 236798 883177 1107452 915317 671044 577611 1025073 703785 654940 918533 896768 538317 971618 576717 810816 460076 866798 707703 395029 464571 186735 1224218 654097 1101594 737048 1124709 841609 343278 510975 614215 463407 604354 539657 853595 663224 760480 512190 885765 1015765 470652 488454 958209 744220 563617 956679 937162 1137686 335983 904790 426171 265010
735935 497971 412012 143480 159144 308249 456764 493640 386242 399407 654738 191917 110859 303234 218813 599495 541730 298220 273787 868129 542503 73877 233348 677124 459796 207652 463031 281806 629020 563767 242758 843540 660944 448096 603681 633577 318223 148126 211275 911414 999999999 396796 659349 334983 353344 101211 400203 375025 312960 675868 335158 265667 463003 392385 334523 371291 249228 323374 154003 689093 521990 140405 335698 497581 554706 227239 204912 697884 455095 786356 328682 581362 357966 538957 244050 94010 630545 518970 311900 554332 423246 601135 157740 301454 158212 459936 114739 496647 608093 490729 621675 419951 518493 424498 401585 226997 621602 193355 489278 737699
398064 241709 72572 309120 392208 696651 125958 362893 16576 204189 472113 315171 409528 331736 255647 327529 158568 372233 659801 558825 329523 354940 240050 323990 193002 553261 745938 302654 823432 336324 400621 560066 691064 248011 691178 243363 107028 534476 522300 613121 396796 999999999 539922 699190 738948 404048 779326 174478 688857 389394 270566 656546 696511 474067 228776 693799 148617 381351 334947 424903 494639 395539 190706 252350 466297 264037 265829 310180 188930 447698 721951 630967 720222 225329 640842 303941 463281 127602 137968 171193 444246 575767 442005 97538 313954 101328 319801 772617 535751 125317 424660 556638 122730 693125 666695 593534 279289 309382 226606 381266
399467 306927 612239 519438 774346 806328 426387 185504 527065 343126 106403 736795 751473 812680 699096 271775 490654 366350 773227 391545 218692 585671 450092 423269 349952 866460 627117 778909 540766 874072 435411 328141 254361 292714 329038 660025 479631 791505 868127 396295 659349 539922 999999999 980203 970019 575920 1023941 704860 763511 284059 776563 788595 531000 314964 362605 662963 541507 342175 727878 947282 162616 763919 387901 791424 105008 713400 467675 540216 353306 418462 925633 257855 751483 749622 822941 621998 92232 516436 451842 490929 255423 143469 550235 527488 502627 460514 681532 630913 77179 459518 963096 369003 574918 579923 563791 878378 394473 732660 321324 446862
1065692 831905 691934 477189 314604 284490 780578 824185 692413 733767 985498 397822 289662 455482 456557 933988 854691 613866 288081 1202258 877258 406356 568315 1002919 791950 146354 591506 459929 807309 746121 545989 1178514 935176 783049 857451 913543 640422 190209 187125 1246204 334983 699190 980203 999999999 89347 404784 92495 614010 336817 1010291 525171 261931 643934 685103 669493 479254 563106 638071 368453 868532 831031 306680 669823 708952 875304 454103 539698 1009111 787118 1116469 133025 856349 394456 776735 194051 409423 960178 826587 640058 867495 730935 901952 432993 613289 490169 778248 379751 623550 921469 808794 769757 681188 812664 582028 570787 108848 948893 403298 822648 1063384
1089072 848913 739568 488119 370468 217954 809379 824746 730516 749975 984952 452984 335019 523627 508808 948943 890469 606474 230918 1217815 886122 418339 582663 1030350 812437 203238 529852 523937 749695 816446 535112 1189365 902281 795889 818858 963188 669889 206367 253549 1258878 353344 738948 970019 89347 999999999 403813 54780 671050 273146 1025284 589609 206329 591630 664728 681737 419495 596420 629453 419319 940679 815193 358890 687010 773507 866071 508538 552022 1046319 807809 1139382 56203 825060 326831 836629 150478 438755 958369 864926 665136 903212 716271 880784 420076 648110 498407 810701 420783 560316 906856 841503 845586 649466 856593 527012 518984 152773 974931 458071 840957 1090938
698524 452954 435913 98364 257821 299085 436037 421548 390592 354788 582396 275804 211908 387554 286923 549743 531566 209773 261321 817734 483227 59858 190878 647444 422148 295101 382518 361825 533462 624401 146399 786623 561436 396158 502553 647271 308126 215585 307563 856855 101211 404048 575920 404784 403813 999999999 455649 424576 285488 625617 406741 263073 370396 294646 283106 304189 258369 234410 242248 746469 430980 239894 295134 550979 470929 298437 158513 685296 417975 747633 367365 481660 316742 579277 268625 143659 556441 515060 291463 543532 331015 507176 60011 306807 101518 446722 194348 414817 519652 476558 690312 318759 526267 338738 314177 302637 590537 275802 446808 707209
1135989 897516 776222 537648 401674 268117 854202 877056 771596 798676 1037563 484937 371460 547072 542566 998197 932725 659799 283679 1267088 936813 467338 631566 1075879 859991 232161 579635 550450 800326 838285 588787 1239801 956893 845535 873082 999028 714253 252122 277376 1308909 400203 779326 1023941 92495 54780 455649 999999999 702359 323675 1074588 615912 259638 643942 719322 731376 470332 639182 682967 453506 960925 869564 392054 735343 799897 919840 541075 601379 1088123 855296 1186480 108057 879757 375297 866298 205254 482482 1011171 906084 711012 945506 770501 935470 473788 690394 548618 854177 459729 609414 961167 884919 862228 704186 895216 578819 571557 186391 1020889 490264 889184 1136469
560462 414545 114627 351530 300924 681588 300429 522355 183226 362127 643546 218066 338909 181827 164544 501973 311156 474352 648210 725355 500724 365434 326045 483296 364869 470262 802031 162201 917744 205121 477789 731232 830446 412589 815304 306793 230184 481820 427256 781133 375025 174478 704860 614010 671050 424576 702359 999999999 687865 562513 108799 638184 771876 586993 362349 728750 198726 490520 253048 322709 639377 312253 327793 126667 623062 162852 337977 440476 360465 608135 666944 763099 730774 167122 604502 287140 632847 273623 262378 322094 572522 723984 477564 185529 364633 274139 266179 832634 692288 293980 283289 658810 232379 753865 727903 518519 445169 212999 399536 536122
966275 719160 716205 383126 434799 55606 718037 650812 675724 625066 800924 495032 379858 599749 530451 807769 815855 428610 53515 1068564 731134 334948 470881 922108 695415 338541 256796 584438 476720 874827 356821 1028196 652831 657626 562150 931641 593467 254122 387050 1100758 312960 688857 763511 336817 273146 285488 323675 687865 999999999 880860 643104 78355 322045 448550 551457 146661 541633 445849 455097 1000784 601490 415586 570866 810412 665535 537635 438951 968234 691732 1013409 216968 579850 59904 850726 148949 402490 772182 800337 575481 827626 510391 653282 259874 591373 383010 730814 425445 287761 692456 760212 928028 409365 811354 255960 250979 300440 865016 497783 715526 980579
116990 178839 450402 537167 738621 910660 265181 243972 383776 276530 177749 675861 736156 716335 622597 76400 271043 453577 873478 192532 151202 607254 443069 145790 223166 874100 817611 685106 787029 684826 524133 174057 530459 229639 587521 415575 387979 823513 858114 236798 675868 389394 284059 1010291 1025284 625617 1074588 562513 880860 999999999 659381 881280 732362 475004 343629 819173 468238 439352 682749 730480 371139 735157 340478 611555 294807 634294 473294 266262 228243 146956 992370 512924 887421 548336 894214 604856 195320 307052 377695 265249 409776 405967 627313 429617 527303 288481 649177 830939 336042 269753 772370 558064 365960 764033 741906 901635 137562 670476 189412 162808
665007 501297 220439 355103 222796 628776 394400 591295 275618 435223 725029 148768 270761 75226 119818 594806 416980 503818 598453 828266 583389 347351 358833 588633 450964 386407 789142 65672 927892 233697 491208 830619 875947 489288 848904 412095 297456 414763 338537 883177 335158 270566 776563 525171 589609 406741 615912 108799 643104 659381 999999999 584798 772217 618364 419253 704514 239745 523645 188634 360305 692810 238370 389604 184057 687355 108856 361167 549222 446197 713443 592270 803853 691642 254049 541871 263117 711418 380013 324805 428337 615208 778731 464967 249451 371651 371893 220445 821556 755199 394724 286520 680349 340972 745168 720230 437275 547974 145575 486710 642710
959597 712843 676916 360796 369807 43982 698665 660794 644574 615816 816331 436030 316304 536457 476710 806440 792354 437045 26214 1071827 734318 302692 453883 910221 684334 261731 329579 523776 546321 818126 363679 1035719 700275 653688 614308 896827 567442 181845 311551 1107452 265667 656546 788595 261931 206329 263073 259638 638184 78355 881280 584798 999999999 385758 475861 542959 217348 507951 457226 396203 944626 628981 351292 557614 757681 687246 482421 421506 947098 680279 1008111 151647 624420 138236 803599 70761 359037 788315 773658 553332 804540 533210 688123 254131 559334 364490 707978 372379 361755 720884 738167 866989 449877 779196 321947 312905 222286 853238 439331 707629 969799
839733 614243 750610 421309 621747 377361 667254 489231 680208 546392 601132 646184 570103 757783 653216 672639 771361 329026 360739 897403 586172 427277 458953 819830 613278 600006 98338 731298 169199 976780 297934 843104 354413 551723 255311 926313 589560 503822 634280 915317 463003 696511 531000 643934 591630 370396 643942 771876 322045 732362 772217 385758 999999999 259888 484393 177952 579002 327316 612288 1092633 377143 602547 519004 897289 455280 665724 438709 901016 611652 878384 536083 294584 280076 907741 450130 511003 572134 770939 559059 780224 322985 395129 310432 612686 407340 692932 564729 100473 453859 715501 1049681 174311 804472 67153 73149 579216 766959 646099 617560 869622
580375 356105 537959 278010 536738 491817 421173 231043 457517 297461 360255 527042 499236 627619 510814 413169 523187 114552 459390 647464 326948 325585 262037 560223 359855 588513 342609 595736 353521 788424 149674 598013 270159 294856 230547 686530 371991 502867 602047 671044 392385 474067 314964 685103 664728 294646 719322 586993 448550 475004 618364 475861 259888 999999999 246787 354989 388846 96473 504505 892849 153400 521504 284540 704372 218743 525300 257269 644796 358846 620044 617384 191873 438286 697090 515210 390062 330905 527820 338479 530903 66743 216909 253349 406934 259212 450259 453292 356670 245123 469316 870115 89486 568599 289228 267808 590434 507916 524718 360484 609736
416674 170026 295889 193730 420689 575329 183778 178346 212368 73612 331424 375675 406830 450656 336491 267381 288187 155657 537603 536134 208499 264203 101470 370801 144402 537786 547008 416869 599150 554710 206876 509143 469035 114169 462886 443083 133497 481128 528298 577611 334523 228776 362605 669493 681737 283106 731376 362349 551457 343629 419253 542959 484393 246787 999999999 516753 180406 158473 370243 651973 277108 412930 38077 469720 268667 350809 130102 427889 141015 465192 648936 404758 567351 453630 551567 273429 311121 286570 100221 297772 216008 362123 292091 176898 183725 208541 327404 569683 336008 231695 640111 332171 323019 492274 466532 561427 313758 371303 164762 429124
915687 673524 734369 387576 519120 202251 696823 578264 678813 588235 715244 563201 463854 674164 585667 750729 799823 370992 191265 999053 668051 363436 457314 881804 659337 458760 112480 653052 330200 927510 309886 951994 522136 609725 426895 935589 589860 365320 501021 1025073 371291 693799 662963 479254 419495 304189 470332 728750 146661 819173 704514 217348 177952 354989 516753 999999999 555525 381356 524912 1050348 500942 499246 544029 855082 572601 595716 428803 944488 656474 959605 363390 453984 102318 882152 286226 444704 685890 790883 565280 810506 421267 539939 254359 599588 380391 715839 484831 145485 588092 742845 990517 295264 812475 110907 111110 428850 825659 564623 672902 937210
