NAME : synthetic_000386
TYPE : CTSP-D
DIMENSION : 100
GROUPS : 8
RELAXATION_LEVEL : 1
EDGE_WEIGHT_TYPE : EXPLICIT
EDGE_WEIGHT_FORMAT : FULL_MATRIX
EDGE_WEIGHT_SECTION
999999999 396643 89311 110597 378559 341335 523967 578030 352053 377137 928347 634732 284064 292610 333529 781696 558120 371405 550315 339966 781448 698925 861053 848823 104276 215881 708663 813227 988067 880756 104139 623656 507951 280088 848561 224787 930300 573977 892909 168907 82488 796857 458704 578733 419223 124460 295923 204172 377737 884508 583423 778407 753859 183274 602063 531808 853197 615439 881839 635901 452396 813575 201262 584669 663435 698264 530839 483108 334532 192571 246849 370048 348993 727492 417480 426515 843773 259513 243319 884843 263105 430786 769750 504069 882314 827502 805237 324510 164794 276287 542711 790489 771890 467552 826381 388176 233828 568765 387146 282002
396643 999999999 324816 497881 324328 118126 476596 367501 564985 24900 1200111 761810 678673 212182 451727 784929 886940 514407 862508 100472 1075269 785830 867827 1110709 297474 504018 638097 1044311 1243502 902404 348285 676708 255856 614981 1073336 443451 1049097 651232 1167119 289061 357659 804276 853109 936989 50631 513465 416842 505577 698247 975673 726676 1042503 931399 571159 768981 449881 1022036 884567 835760 814063 648885 725826 596990 844206 1004634 951136 910005 862927 250874 207229 203273 36848 552249 943586 517240 774184 947694 556896 256561 1061038 571621 146468 843487 569756 1111305 922001 968909 707558 233904 672819 759681 704280 989184 83020 927130 768928 529118 913816 386399 116491
89311 324816 999999999 174128 376399 290311 536002 556068 415383 307967 1011334 689528 355974 265761 371412 814055 645833 418905 636249 284465 866476 746972 895718 930129 32105 289620 723109 889742 1069186 918856 134648 662513 472905 366180 924364 279050 988358 616426 976054 165879 120340 830427 541447 668041 341258 189880 330219 280616 463170 936689 640234 859594 820610 271484 664137 536377 919584 696035 905641 700877 516346 826920 284376 663413 752303 777173 619007 571301 317557 136659 213111 294770 409847 800721 457525 515224 897870 337910 230445 952858 344027 382717 816577 541025 959025 879504 870126 412748 111257 356243 613237 803645 845799 389825 879597 476525 310502 657676 399577 208325
110597 497881 174128 999999999 482526 450539 619011 686521 401849 479983 919304 687967 181921 402934 414443 858307 532283 441148 534899 448147 766132 759818 934730 846141 200422 258716 800223 824234 984620 950791 208060 695928 618426 276852 860876 296488 974936 643376 883649 277664 186805 872177 373653 531443 515384 15794 381591 242676 370930 937901 634877 776959 786251 137185 645153 630882 884960 618556 965109 673454 496644 905096 124935 593832 625320 704694 466313 419509 443246 299194 357422 468645 402759 747374 493241 395693 894988 286060 352280 913252 281977 540738 831173 580476 892026 881731 840235 265729 271435 187234 572124 882289 789600 563949 878995 327992 267708 531642 484262 381579
378559 324328 376399 482526 999999999 208076 168996 216755 300534 301964 910448 440606 622699 134578 168943 473491 654889 223322 618058 227541 803056 461508 557396 818908 347416 319950 353196 741375 945018 588533 275216 353054 197875 432029 767233 240658 724789 327153 879740 213512 296858 492115 734333 733046 374833 493215 156790 331935 482833 651852 409748 754389 615439 471589 456108 160989 702512 608010 544974 502276 357982 454609 518447 565170 775750 661602 741512 700006 78188 268154 183151 335350 285358 638659 205790 574461 623379 357801 146662 742259 376959 212525 519988 246246 805680 597828 649335 570409 280029 591472 466016 431393 683027 399498 602829 618366 339315 695948 65055 306857
341335 118126 290311 450539 208076 999999999 366808 294198 452687 94585 1086347 643780 624132 96703 335354 675677 784880 397898 757324 19881 964895 669200 759201 996382 258639 406107 537482 927938 1128102 792338 268709 561125 192990 520945 956511 338787 932148 534053 1053760 199085 283259 694769 782043 842507 167914 465158 302099 410205 598007 859916 608571 928752 813390 498998 651117 344596 903909 772595 734673 696325 533304 630770 532421 731576 904212 836901 824988 778906 133010 153915 105022 127459 439378 826795 399195 678955 831076 457363 148649 942921 473549 92523 728056 452313 994583 805766 850783 628242 180743 609749 644174 608421 872272 198213 810580 686975 430827 815508 268922 122313
523967 476596 536002 619011 168996 366808 999999999 212294 324144 456633 846033 334833 735195 303254 220925 308922 662175 235906 616913 386689 762993 328682 392394 754560 508904 406785 187138 663501 867885 425968 420334 215338 274063 499598 683202 336417 588997 211478 819115 370166 441729 328093 811626 757704 526946 627395 242140 422589 520148 508245 322067 697376 516965 578801 375050 44857 591484 573603 376059 420025 332667 291081 629896 530981 778381 607177 789930 754448 245581 436150 351997 493313 310268 561813 183269 613956 486257 426813 311511 632385 445494 342958 376108 152973 721268 458117 539664 649557 446221 695774 420740 267829 601999 543817 465498 686011 418346 712214 137284 474012
578030 367501 556068 686521 216755 294198 212294 999999999 497306 356070 1057782 546320 836173 290442 370129 470625 850277 410653 808778 310670 970212 531800 546482 966162 524399 536008 299738 875784 1080173 586520 479057 420276 112044 646147 895393 456904 784068 423117 1030422 409178 499930 490156 950845 936772 411528 698554 368745 548405 689134 697880 534218 907880 728278 687156 587019 167570 799541 778089 490108 632203 530168 370454 732882 735009 969641 816873 953201 913000 243498 425936 343093 396496 482123 773993 371323 782460 682294 571417 334718 840493 590712 221913 569508 363274 933406 652713 748543 786795 447005 806925 626748 350988 814294 410845 661856 833562 554535 895875 252199 416443
352053 564985 415383 401849 300534 452687 324144 497306 999999999 540088 635387 286315 456883 356072 131608 474078 355065 88889 317540 466877 512640 359067 544121 546672 404817 143177 463504 487912 681524 555453 283928 309004 498371 187760 520056 139015 578513 253703 602196 297842 295268 485289 494643 439750 609912 403129 152863 159233 196205 536562 233574 477869 405308 307308 250094 359130 504207 319927 592583 285525 101011 561394 359059 279229 475668 387270 465823 430557 337543 402258 363921 559795 15291 392202 142253 290210 494333 127623 308652 537793 141705 496267 430330 212713 556709 480137 454872 338063 390977 408371 202894 540991 438084 647847 477808 366370 136571 398734 247445 492492
377137 24900 307967 479983 301964 94585 456633 356070 540088 999999999 1175227 738320 660096 187613 427111 765348 862537 489801 837875 76307 1050399 763403 848478 1085847 279677 479801 620941 1019637 1218706 882597 325517 654778 245434 591192 1048743 418742 1026502 628477 1142226 265103 335502 784620 832298 913302 73343 495469 392054 481576 673943 953701 702767 1017621 907317 549862 744784 431180 998241 859667 818637 789785 624133 710244 576780 819307 980389 926274 887385 840406 227589 186168 178525 40431 527360 918991 493238 750364 925284 532585 231664 1037155 547438 134164 821651 546822 1086689 899791 945135 685512 213301 652953 734913 688465 964613 107895 904756 746603 504889 889744 363422 100763
928347 1200111 1011334 919304 910448 1086347 846033 1057782 635387 1175227 999999999 521252 843926 989689 752800 722790 395115 691477 384569 1101314 157904 570066 718828 91914 1010866 725903 858613 189608 79133 688764 897092 659028 1097402 649778 185065 765269 462606 639683 35658 927959 901354 714327 699529 449899 1245298 911083 784253 732380 552058 529812 524248 157620 353214 782426 471022 890887 336909 318662 831743 426653 554753 900178 808890 356818 348697 249715 559742 582466 964006 1031243 999241 1195103 647887 285674 705683 529295 501135 674670 944012 310829 667377 1120221 579250 694674 157854 524902 364048 678414 1016046 793432 444784 893506 250650 1282828 510545 633601 702956 417927 846908 1125490
634732 761810 689528 687967 440606 643780 334833 546320 286315 738320 521252 999999999 724983 554315 328573 249991 448532 272465 396326 662184 464656 88304 294152 431907 673965 429452 343517 333751 535928 292012 554934 138295 603062 446687 350256 411781 299838 123356 497720 547350 569961 252044 711422 561185 811663 688799 370536 445298 399825 250347 53622 383568 182135 585452 75580 379051 262285 303166 378077 102540 194292 404382 635146 269611 540988 302562 633927 615259 510960 646441 583953 767986 286846 236096 248458 471347 209053 406551 528107 302475 415851 650824 152966 195916 387869 193823 209223 579739 642733 672524 175436 392299 271812 839347 191800 585018 420994 506825 376405 720286
284064 678673 355974 181921 622699 624132 735195 836173 456883 660096 843926 724983 999999999 565584 516011 930958 449258 522583 468967 623656 686143 806930 999876 783206 381413 331921 904211 784290 916280 1008671 363731 765883 780103 278327 821699 398816 986502 710576 809001 437339 345264 942002 205634 413094 697216 166138 493566 315147 341845 965839 671759 718714 783336 156580 667378 755429 877233 576477 1048448 684759 532135 1006873 105448 563510 515926 662748 324587 283144 597668 476595 525523 650106 463711 725379 580218 320632 920346 329446 509895 898955 315460 711779 876650 663196 847525 912803 839559 169145 448791 54723 576799 985098 762093 745784 907309 211010 326489 429952 609701 562686
292610 212182 265761 402934 134578 96703 303254 290442 356072 187613 989689 554315 565584 999999999 239553 607626 691557 302227 662634 112031 868453 585580 691538 899798 234265 317215 485251 832185 1031825 722011 201901 481023 215665 433512 861155 245985 846865 449251 957070 128250 220546 626109 708691 753115 260173 416128 205475 323137 506158 778005 516816 832086 720596 428743 557755 290807 812543 675948 678798 602526 437039 584671 467632 634884 811485 740290 741575 696405 58520 140598 54035 214099 342702 731404 307201 589716 746979 366796 59529 851090 383806 155854 647393 366974 899125 722791 759554 550301 158311 544626 547896 561624 777009 293946 726731 606552 341362 724043 186150 173275
333529 451727 371412 414443 168943 335354 220925 370129 131608 427111 752800 328573 516011 239553 999999999 448169 486355 62696 449115 351523 638250 377323 527794 662205 351868 185930 389924 592663 792905 548757 238744 291721 366763 282520 621636 119749 627833 245062 720855 219605 257242 463386 593774 567594 499320 420614 42288 201922 319033 569197 285003 595479 484627 359432 321384 247211 579129 443604 550905 365059 198334 493955 411150 401349 607102 503085 584163 545257 211477 317904 259775 451722 116416 491884 86130 412351 532687 208261 202968 616567 227369 369219 445985 170913 659580 512199 526709 430518 314511 475287 309110 471608 537535 533361 513553 470602 197741 528653 118044 395303
781696 784929 814055 858307 473491 675677 308922 470625 474078 765348 722790 249991 930958 607626 448169 999999999 698207 417536 646046 695556 697317 167305 83913 641587 790955 607486 177278 535102 716906 118014 685016 165127 563811 657736 538446 562278 334852 220387 706224 651729 704417 19683 946143 810468 835081 862805 486624 624658 630862 242981 289525 607262 371651 780057 325554 336194 399179 551164 128358 346527 409903 179626 832254 519233 790195 538196 879164 857229 551556 732713 652752 802222 467717 455402 365489 710961 243687 601614 605741 436411 615607 647672 143948 278236 570490 213700 360893 802570 738409 882015 423411 177375 477682 849724 226828 817298 607358 756370 425770 780347
558120 886940 645833 532283 654889 784880 662175 850277 355065 862537 395115 448532 449258 691557 486355 698207 999999999 439718 52224 795765 237854 534929 739093 335504 651579 383499 759292 353676 467038 729847 550495 559310 852716 281107 389975 446107 615992 512313 359983 598825 549078 700557 326597 113512 925879 522639 501777 383869 189216 627875 410881 274533 409138 395348 373018 702203 483891 168832 826479 360130 331267 839735 416605 185253 120986 239634 205799 208252 684304 694342 684823 873748 370351 325549 481896 136753 582434 330227 636234 493846 316466 841519 588035 520460 409767 587516 462042 283361 674000 398348 275709 823939 349212 969155 577036 240239 358399 58500 602366 793794
371405 514407 418905 441148 223322 397898 235906 410653 88889 489801 691477 272465 522583 302227 62696 417536 439718 999999999 399322 414172 579940 328638 493622 600612 402057 192139 384357 530050 730639 510770 284368 254840 419188 267295 558943 147104 572299 203174 659847 275525 300764 431101 578302 527757 562012 445336 101193 209312 285030 517817 226247 534398 423120 367659 260027 270267 518444 384929 528592 303107 136727 485320 420146 342245 559479 441811 554450 518556 272566 376511 321728 514327 74532 429191 58237 379065 479501 197967 264856 555434 215442 429163 398958 141611 596898 460635 466332 418423 371152 477594 247141 464008 474839 595974 460959 451331 196225 485490 164697 456718
550315 862508 636249 534899 618058 757324 616913 808778 317540 837875 384569 396326 468967 662634 449115 646046 52224 399322 999999999 769148 232014 482710 686955 315756 639470 362765 709190 319583 452036 677978 533128 508123 815851 270266 356671 419324 569496 461828 348933 576527 533699 648344 364815 165507 903079 526532 467638 365354 173167 578292 359043 249860 361461 397907 320804 657729 439940 122534 774302 308241 284613 788531 425080 134163 161524 200794 252550 249131 651752 674954 659457 851182 332701 281102 438546 148481 532613 309269 608927 452428 297757 809937 536084 472889 379919 536923 415342 300151 656036 416121 223878 772966 308416 945201 526683 265921 338011 110666 563364 773499
339966 100472 284465 448147 227541 19881 386689 310670 466877 76307 1101314 662184 623656 112031 351523 695556 795765 414172 769148 999999999 978522 688409 779082 1011588 253241 415359 557090 944182 1143828 812204 272373 580589 207131 529316 973040 350008 951229 553092 1068552 204972 285747 714645 785239 851316 149568 463011 317314 418732 608223 879313 626462 943696 831027 501942 668539 364372 921955 786780 754347 713595 549058 650043 533792 746014 914679 852047 831406 785045 151863 149424 112176 107828 453803 843296 416932 687840 850271 467193 160319 960852 482977 101740 747524 471246 1011045 825064 868855 633089 176936 610980 659909 627745 888856 181917 829797 692523 440242 825336 287909 106162
781448 1075269 866476 766132 803056 964895 762993 970212 512640 1050399 157904 464656 686143 868453 638250 697317 237854 579940 232014 978522 999999999 532496 711813 118615 868248 586440 807857 194760 232835 689422 758182 600754 996660 501440 218788 633767 502869 569839 123497 795291 760541 692963 544079 295332 1118424 757319 665119 591120 403711 548001 451932 97624 334044 628969 399458 807173 362878 195046 817807 362320 445797 865793 653358 237980 198380 162102 405914 426111 848939 896713 872378 1067230 526474 243208 604098 373221 509768 533751 818880 353394 524434 1007313 560759 610142 219292 526625 367787 521192 879591 635896 343487 855337 232213 1158289 513050 475712 562478 260520 742135 993432
698925 785830 746972 759818 461508 669200 328682 531800 359067 763403 570066 88304 806930 585580 377323 167305 534929 328638 482710 688409 532496 999999999 205892 484766 728785 501414 289787 380494 573752 204627 612704 113356 602733 528809 389533 474161 263566 136559 550366 596270 629386 166766 799187 647968 836339 761750 419497 517888 486574 193243 137423 444929 217238 663807 162446 369653 270427 384264 293713 179410 274814 334051 714445 353486 623676 372103 722091 703559 536737 690640 621194 795905 357130 293066 291929 559486 161881 483663 567373 311108 494492 664112 71355 218763 424675 137275 222234 665260 690073 755195 263488 325142 320336 859813 141390 672331 495533 593358 400774 756488
861053 867827 895718 934730 557396 759201 392394 546482 544121 848478 718828 294152 999876 691538 527794 83913 739093 493622 686955 779082 711813 205892 999999999 643542 873105 681081 247744 536476 703794 43142 765688 238802 643087 723928 533964 639761 293874 292100 706083 734206 784766 65783 1003429 852439 917863 938629 567077 698155 689341 203627 341074 617725 378416 851349 368013 418391 384538 583278 115090 379832 471827 218384 903180 555683 822854 558162 927966 909275 635448 816239 736564 885563 539029 468820 443736 764713 219926 671618 689261 417606 684600 729531 153654 356994 562410 194137 355359 865334 821601 949730 469348 224537 483665 931669 208494 875742 679323 797591 509440 864252
848823 1110709 930129 846141 818908 996382 754560 966162 546672 1085847 91914 431907 783206 899798 662205 641587 335504 600612 315756 1011588 118615 484766 643542 999999999 928280 642590 771657 107127 139260 616110 812868 570061 1005510 572754 115749 678509 405775 549064 65896 841133 818067 634299 654317 408427 1156318 838799 694324 649979 475909 463046 433042 70545 269985 710229 379693 799406 270544 234250 754622 335748 463954 817189 740129 269862 315503 159574 518973 535294 873178 944866 910562 1106423 558816 195814 613959 463828 429993 592394 855006 252434 586316 1029019 499219 602975 105040 451313 288723 615159 930450 731074 353622 809521 164535 1193288 437096 575635 620282 368356 755244 1038103
104276 297474 32105 200422 347416 258639 508904 524399 404817 279677 1010866 673965 381413 234265 351868 790955 651579 402057 639470 253241 868248 728785 873105 928280 999999999 285802 696032 884432 1067024 897180 120946 641609 440802 370663 918538 266598 973465 596783 975771 139899 111069 807623 562310 678981 316704 215992 310080 278505 466365 919593 625627 857748 809911 287191 651666 507901 908522 694031 880279 689618 505354 799469 304728 660110 760512 773720 634463 586736 286809 104807 181335 268769 398242 793535 437918 523349 881557 336208 200943 942555 344023 350960 797816 520012 953743 862440 858432 428215 79159 378496 605057 776191 838927 365214 862984 491732 308057 666144 373192 181286
215881 504018 289620 258716 319950 406107 406785 536008 143177 479801 725903 429452 331921 317215 185930 607486 383499 192139 362765 415359 586440 501414 681081 642590 285802 999999999 572314 600141 781247 694903 171773 443021 506260 116694 634877 79334 719527 388987 690995 215372 175521 620141 415089 436476 542390 260336 170499 17204 194396 679614 376556 572077 538475 175962 389775 431165 637824 408372 720586 421501 240058 674998 228371 374367 500617 488044 427208 383570 323241 312190 303398 490251 144307 512239 248978 272922 637117 53537 258918 669086 67690 472227 572757 333700 669416 623269 590472 250913 293614 289588 326831 653184 556966 585921 620798 298836 25117 410185 290749 410950
708663 638097 723109 800223 353196 537482 187138 299738 463504 620941 858613 343517 904211 485251 389924 177278 759292 384357 709190 557090 807857 289787 247744 771657 696032 572314 999999999 669066 863480 288900 605679 207691 400600 650091 679258 509525 508355 247725 837517 557250 626856 195942 957811 865385 686865 807671 418994 589066 649749 417536 360022 726613 506748 747922 410048 194806 554691 636895 197700 445560 434847 104972 800064 598283 865709 645783 915680 885857 426782 621350 535991 659849 452406 576955 326121 739796 411886 582303 497988 594268 599568 494756 301640 251989 714450 381355 509767 801115 632513 860997 489477 82066 608082 695789 393024 828956 579518 814660 323873 651707
813227 1044311 889742 824234 741375 927938 663501 875784 487912 1019637 189608 333751 784290 832185 592663 535102 353676 530050 319583 944182 194760 380494 536476 107127 884432 600141 669066 999999999 204963 509436 765639 470716 921997 547386 37412 625033 308357 454359 171123 785736 773368 527500 680273 447155 1091477 818713 628052 609886 455438 358786 341829 98915 164015 692165 289879 708290 169066 208625 647505 243960 395995 711485 728100 230499 369195 121700 554143 561724 800727 890149 848059 1042935 498302 102991 535625 464937 324082 553723 791552 159055 550959 953443 392357 514483 69312 344647 182090 615283 878232 730331 286013 704368 61943 1126020 330489 585329 579988 398925 676704 979555
988067 1243502 1069186 984620 945018 1128102 867885 1080173 681524 1218706 79133 535928 916280 1031825 792905 716906 467038 730639 452036 1143828 232835 573752 703794 139260 1067024 781247 863480 204963 999999999 670478 951062 670941 1126882 711865 185847 815230 430628 657877 109905 977605 956631 706538 776542 527197 1289833 977036 826660 788884 614837 506728 546616 209676 357971 848375 494834 912616 319625 373161 818386 448852 594805 896212 877099 407521 426920 295003 637395 658873 1002613 1081633 1044802 1240462 693109 307829 739244 598981 483883 731358 988804 286675 725480 1156639 573119 719393 149221 510304 356392 749442 1067804 865010 483937 891534 265958 1325733 496055 706814 759137 493291 880567 1173855
880756 902404 918856 950791 588533 792338 425968 586520 555453 882597 688764 292012 1008671 722011 548757 118014 729847 510770 677978 812204 689422 204627 43142 616110 897180 694903 288900 509436 670478 999999999 787417 257182 681419 731263 504593 657721 254269 307657 677542 759143 805980 98416 1003433 843359 952639 954036 589002 711823 691201 165928 342029 594024 355394 862538 363136 454137 352585 570192 153219 369738 477572 261320 913918 545116 808804 539210 922684 906070 666718 843903 765717 919178 551467 447625 463503 763097 187689 682265 717053 383809 694344 765638 142140 378044 531490 164803 327402 869587 848160 957625 464961 267678 459005 967659 179018 876874 691649 788286 538163 895133
104139 348285 134648 208060 275216 268709 420334 479057 283928 325517 897092 554934 363731 201901 238744 685016 550495 284368 533128 272373 758182 612704 765688 812868 120946 171773 605679 765639 951062 787417 999999999 530459 416565 271363 799337 145695 853946 483167 862311 73667 21708 700825 513334 591087 381236 219619 198622 167781 361848 802086 505864 742461 688966 230407 530925 427670 787585 578944 781611 568684 384409 710491 266340 543568 664439 656759 561875 514947 236506 145155 165181 329203 277303 673577 324560 429796 763223 224561 146716 821621 235390 351372 682556 409400 834914 744901 737556 361101 123525 343597 484748 687351 719115 427212 744954 421419 195776 571564 283292 245155
623656 676708 662513 695928 353054 561125 215338 420276 309004 654778 659028 138295 765883 481023 291721 165127 559310 254840 508123 580589 600754 113356 238802 570061 641609 443021 207691 470716 670941 257182 530459 999999999 489380 493508 485123 401250 375356 55522 635907 504853 548874 177132 786801 668503 727318 699868 332333 460157 471926 298966 152890 521582 313541 615003 202358 256636 379370 429877 285747 238865 250102 280428 667167 392100 661610 438820 728296 703039 429746 593935 520014 688378 302600 374289 206321 556010 272810 436502 468252 420311 450607 552112 166936 121597 522022 245891 328850 639775 596025 717137 285319 265055 408893 749268 252058 657447 442370 616096 294917 653586
507951 255856 472905 618426 197875 192990 274063 112044 498371 245434 1097402 603062 780103 215665 366763 563811 852716 419188 815851 207131 996660 602733 643087 1005510 440802 506260 400600 921997 1126882 681419 416565 489380 999999999 621690 945028 427815 862437 480910 1067917 343246 435809 583494 913987 929309 299487 631736 352653 515971 678795 779950 582033 943194 784229 638957 632489 234679 863243 801851 595374 678766 550887 478824 680431 758757 973602 850666 932674 889696 185697 337712 262496 285766 483173 819058 393242 769230 759750 549007 270232 903993 567754 111663 648627 409421 983470 731222 810846 752100 361720 756813 655865 458476 861805 299767 739021 804299 527846 893243 254904 313121
280088 614981 366180 276852 432029 520945 499598 646147 187760 591192 649778 446687 278327 433512 282520 657736 281107 267295 270266 529316 501440 528809 723928 572754 370663 116694 650091 547386 711865 731263 271363 493508 621690 999999999 584028 193893 714792 437988 614217 326163 268520 667720 312032 322221 651001 271665 277436 110757 97857 689215 393434 502845 517362 148192 390659 529154 614625 342416 778651 411376 254009 748916 192538 316986 393158 428111 311034 268252 439620 416319 417140 598793 197856 472032 325023 159215 644127 74853 374841 640709 55532 588781 598358 400326 615264 635474 572721 151180 394703 226422 305029 728322 513495 695866 630437 188251 93901 300234 396281 516271
848561 1073336 924364 860876 767233 956511 683202 895393 520056 1048743 185065 350256 821699 861155 621636 538446 389975 558943 356671 973040 218788 389533 533964 115749 918538 634877 679258 37412 185847 504593 799337 485123 945028 584028 999999999 657850 290168 472599 173295 817841 807473 529592 716522 481569 1120888 855482 657858 644927 492497 348495 363216 127598 172678 729131 312686 727831 155335 245976 646693 266335 426343 716551 765317 267045 400810 159096 589276 597790 828254 922247 878400 1072764 530008 129753 561831 502286 317315 589059 821743 137172 586687 979635 394665 536198 38492 340268 178983 652687 910856 767743 317399 710597 84343 1154707 325929 622501 615062 434190 702343 1010690
224787 443451 279050 296488 240658 338787 336417 456904 139015 418742 765269 411781 398816 245985 119749 562278 446107 147104 419324 350008 633767 474161 639761 678509 266598 79334 509525 625033 815230 657721 145695 401250 427815 193893 657850 999999999 709700 350232 731201 162695 158795 576529 493970 508276 485157 301903 95042 91634 260201 660693 361639 608686 543411 242591 385313 357446 641936 446842 668857 423030 238913 613673 293482 408767 565677 520229 504920 461926 246323 266415 240231 433682 131691 530701 196874 345437 620703 122421 190139 676156 140586 398813 544963 284159 694099 603583 591862 329891 253248 360692 341397 591286 576488 526306 602909 378105 100031 478105 214007 360447
930300 1049097 988358 974936 724789 932148 588997 784068 578513 1026502 462606 299838 986502 846865 627833 334852 615992 572299 569496 951229 502869 263566 293874 405775 973465 719527 508355 308357 430628 254269 853946 375356 862437 714792 290168 709700 999999999 398156 459041 847026 868386 318753 929577 723997 1099552 974040 669958 734299 645490 92142 348128 405804 209003 861112 329935 627893 140496 447444 407461 303499 479469 507682 907325 440641 662890 384325 821489 817573 799402 945329 880046 1058484 581348 291524 545673 691649 102742 689084 825014 153560 694883 927363 214629 480207 306796 131477 154156 826500 942278 932092 410258 509634 278559 1123370 123507 815044 707655 670503 663336 1016097
573977 651232 616426 643376 327153 534053 211478 423117 253703 628477 639683 123356 710576 449251 245062 220387 512313 203174 461828 553092 569839 136559 292100 549064 596783 388987 247725 454359 657877 307657 483167 55522 480910 437988 472599 350232 398156 999999999 614440 462134 500918 231780 732237 619891 701611 646920 286704 406070 417737 329680 118054 495967 305488 560129 171271 255738 382440 391340 341081 213404 196222 329309 612210 351660 617992 409302 676412 650091 401251 554867 484658 660332 247619 354105 158932 503034 297734 381275 431016 423129 395225 533617 202051 82283 510472 273825 329942 584430 555094 661695 241966 312368 392531 726487 277485 602808 387663 568303 265186 619934
892909 1167119 976054 883649 879740 1053760 819115 1030422 602196 1142226 35658 497720 809001 957070 720855 706224 359983 659847 348933 1068552 123497 550366 706083 65896 975771 690995 837517 171123 109905 677542 862311 635907 1067917 614217 173295 731201 459041 614440 999999999 893860 866393 698564 666681 417294 1212053 875437 751729 697316 516476 521575 498036 125461 334915 746777 444590 863939 328224 284385 817931 401047 523148 882369 773347 323209 317250 218196 527499 549157 932227 996977 965886 1161709 614880 261627 675516 493853 490510 639607 910846 305745 632150 1088878 563400 667150 152290 512948 350737 643194 981561 758331 413748 874931 230033 1249910 498647 598869 667945 383970 816512 1091547
168907 289061 165879 277664 213512 199085 370166 409178 297842 265103 927959 547350 437339 128250 219605 651729 598825 275525 576527 204972 795291 596270 734206 841133 139899 215372 557250 785736 977605 759143 73667 504853 343246 326163 817841 162695 847026 462134 893860 999999999 92581 668606 584408 648357 327065 290164 177327 216516 409768 788620 501762 771362 695113 302457 533283 371759 792051 609484 740418 574291 393750 661157 339791 571444 715847 682643 626441 580136 165706 104417 94150 274970 287965 689589 304342 485290 752291 268610 74616 828016 282800 278740 664050 383464 854550 731686 740517 429228 95673 416957 500503 637888 735541 370632 733148 487925 240488 624771 233727 198153
82488 357659 120340 186805 296858 283259 441729 499930 295268 335502 901354 569961 345264 220546 257242 704417 549078 300764 533699 285747 760541 629386 784766 818067 111069 175521 626856 773368 956631 805980 21708 548874 435809 268520 807473 158795 868386 500918 866393 92581 999999999 720060 499536 585648 388471 198624 217798 169458 361368 817951 520270 747566 700571 216217 543798 449328 799457 583873 801989 580676 396163 731706 249653 549447 661495 662965 552647 505431 257018 151705 181229 336773 289532 682621 342690 425644 778612 227030 166656 832968 236313 367826 699527 428120 842678 760777 749865 350011 127642 327025 494372 708583 727960 435171 760544 411281 198505 568029 304771 251057
796857 804276 830427 872177 492115 694769 328093 490156 485289 784620 714327 252044 942002 626109 463386 19683 700557 431101 648344 714645 692963 166766 65783 634299 807623 620141 195942 527500 706538 98416 700825 177132 583494 667720 529592 576529 318753 231780 698564 668606 720060 999999999 953401 813216 854457 876429 502281 637282 638297 226672 294072 601838 364752 791907 327541 355732 387884 550962 127005 346060 418172 191932 843987 520122 790437 534899 883876 862871 570227 750462 670897 821406 479399 450335 379991 717011 229849 612909 623484 424431 626546 667227 135174 292912 560945 200293 351280 811491 755834 892625 426738 191510 470968 869260 213788 824852 619385 758868 443699 798953
458704 853109 541447 373653 734333 782043 811626 950845 494643 832298 699529 711422 205634 708691 593774 946143 326597 578302 364815 785239 544079 799187 1003429 654317 562310 415089 957811 680273 776542 1003433 513334 786801 913987 312032 716522 493970 929577 732237 666681 584408 499536 953401 999999999 249704 877801 358374 584791 402441 315304 928137 662455 598439 720577 283320 641940 840847 803801 486599 1071712 645420 536935 1053908 257582 488951 352867 564743 141779 119259 728341 646137 678079 828121 506489 645125 635373 241845 881784 385550 649542 817232 366551 862804 863099 706077 735337 881059 775952 164198 619214 186439 541061 1034157 673175 926024 872712 129498 398064 286039 704941 740101
578733 936989 668041 531443 733046 842507 757704 936772 439750 913302 449899 561185 413094 753115 567594 810468 113512 527757 165507 851316 295332 647968 852439 408427 678981 436476 865385 447155 527197 843359 591087 668503 929309 322221 481569 508276 723997 619891 417294 648357 585648 813216 249704 999999999 972119 519342 576753 432593 250532 739602 522112 357740 519168 400704 485796 795839 589066 279485 938808 473639 432475 948627 407811 298620 104503 341890 110676 134688 753392 736170 739159 919977 454838 432499 574984 163558 694449 386384 695282 595548 369357 907044 701536 621665 495854 700271 570764 266193 713207 369326 387215 932203 451563 1017491 689578 206880 411946 55152 685484 836116
419223 50631 341258 515384 374833 167914 526946 411528 609912 73343 1245298 811663 697216 260173 499320 835081 925879 562012 903079 149568 1118424 836339 917863 1156318 316704 542390 686865 1091477 1289833 952639 381236 727318 299487 651001 1120888 485157 1099552 701611 1212053 327065 388471 854457 877801 972119 999999999 531138 463498 542844 736772 1026282 775997 1087760 980412 598082 817765 499704 1071519 928832 884427 862655 695675 773295 620483 888906 1042545 996770 940772 893389 300899 236776 246298 52219 597520 991145 566424 810104 998211 595674 301320 1110390 609668 193072 894109 620038 1158752 972570 1018422 736587 261618 695049 806323 751961 1036840 48569 977658 798823 567499 950846 436646 138266
124460 513465 189880 15794 493215 465158 627395 698554 403129 495469 911083 688799 166138 416128 420614 862805 522639 445336 526532 463011 757319 761750 938629 838799 215992 260336 807671 818713 977036 954036 219619 699868 631736 271665 855482 301903 974040 646920 875437 290164 198624 876429 358374 519342 531138 999999999 388734 243938 364399 938403 635545 769867 783772 128699 644521 640163 882252 612358 970759 671935 496633 912455 111885 588504 614057 698753 452581 405956 455508 314232 371243 484331 404632 743184 498241 385917 895194 284965 364737 910028 279841 555092 833093 585356 886245 882428 838056 253294 286445 172021 569679 889724 785040 579704 879439 315069 267910 520671 493311 397202
295923 416842 330219 381591 156790 302099 242140 368745 152863 392054 784253 370536 493566 205475 42288 486624 501777 101193 467638 317314 665119 419497 567077 694324 310080 170499 418994 628052 826660 589002 198622 332333 352653 277436 657858 95042 669958 286704 751729 177327 217798 502281 584791 576753 463498 388734 999999999 184810 326326 611470 326286 626664 524308 337536 361217 262407 619537 471546 586219 404203 232178 523730 388154 430048 622758 534817 585345 544477 184804 276186 221027 414935 138690 528207 127893 417680 574965 202674 164180 656616 221974 343515 487972 210969 695564 554480 567320 420644 272328 455724 342880 501029 574044 499147 555840 465177 186817 540806 120281 355591
204172 505577 280616 242676 331935 410205 422589 548405 159233 481576 732380 445298 315147 323137 201922 624658 383869 209312 365354 418732 591120 517888 698155 649979 278505 17204 589066 609886 788884 711823 167781 460157 515971 110757 644927 91634 734299 406070 697316 216516 169458 637282 402441 432593 542844 243938 184810 999999999 194729 695321 392263 579434 551612 159004 404409 446304 650932 415750 737783 435336 254944 691873 211364 382800 499706 496563 419185 374853 331952 310528 306568 490638 160901 523322 266065 269178 652625 57710 264255 681732 67689 478684 589216 350886 679094 639081 604012 238476 290810 273371 339162 670019 567773 587012 636454 288358 29921 408272 304835 409928
377737 698247 463170 370930 482833 598007 520148 689134 196205 673943 552058 399825 341845 506158 319033 630862 189216 285030 173167 608223 403711 486574 689341 475909 466365 194396 649749 455438 614837 691201 361848 471926 678795 97857 492497 260201 645490 417737 516476 409768 361368 638297 315304 250532 736772 364399 326326 194729 999999999 629790 349212 406327 441492 236892 334339 555296 535804 248062 756470 346053 221845 742638 273548 226793 306546 334730 269860 236508 503549 505255 496755 684620 210553 386557 337379 94069 583723 141359 449593 558768 127251 658556 552637 398205 522346 578899 497723 182409 485245 287195 237948 723663 425782 780276 572144 186570 169282 217905 437064 604615
884508 975673 936689 937901 651852 859916 508245 697880 536562 953701 529812 250347 965839 778005 569197 242981 627875 517817 578292 879313 548001 193243 203627 463046 919593 679614 417536 358786 506728 165928 802086 298966 779950 689215 348495 660693 92142 329680 521575 788620 817951 226672 928137 739602 1026282 938403 611470 695321 629790 999999999 303065 450571 223185 831906 298598 545346 193368 460141 318233 284284 442100 415701 880392 444794 689773 411069 830277 821077 728080 883756 814326 987040 537179 315914 484435 686803 46367 654811 760611 220608 662905 849608 132524 411709 371959 57185 180433 812199 882817 912227 391936 417495 316109 1047925 59031 807849 670493 684824 592508 949424
583423 726676 640234 634877 409748 608571 322067 534218 233574 702767 524248 53622 671759 516816 285003 289525 410881 226247 359043 626462 451932 137423 341074 433042 625627 376556 360022 341829 546616 342029 505864 152890 582033 393434 363216 361639 348128 118054 498036 501762 520270 294072 662455 522112 775997 635545 326286 392263 349212 303065 999999999 378357 205707 531832 53535 366915 295734 277012 417750 97987 140676 431298 581562 239376 509725 291249 589842 569086 476632 602415 543368 730915 234768 239775 209646 423825 260828 352975 486940 334394 362230 621867 205240 172988 401599 246886 242804 527969 597398 619470 135176 417022 280705 805665 244248 535177 367671 468568 344777 679512
778407 1042503 859594 776959 754389 928752 697376 907880 477869 1017621 157620 383568 718714 832086 595479 607262 274533 534398 249860 943696 97624 444929 617725 70545 857748 572077 726613 98915 209676 594024 742461 521582 943194 502845 127598 608686 405804 495967 125461 771362 747566 601838 598439 357740 1087760 769867 626664 579434 406327 450571 378357 999999999 239309 641445 324853 742099 265565 163717 725442 283393 397692 778980 672447 199919 273529 92788 467001 479191 806813 874950 841770 1037643 490298 152025 550451 398341 412830 521849 786456 257931 515814 963418 468233 544797 138115 430450 270554 550006 860311 665979 288374 769706 135377 1125211 416721 513209 549741 313119 691291 968587
753859 931399 820610 786251 615439 813390 516965 728278 405308 907317 353214 182135 783336 720596 484627 371651 409138 423120 361461 831027 334044 217238 378416 269985 809911 538475 506748 164015 357971 355394 688966 313541 784229 517362 172678 543411 209003 305488 334915 695113 700571 364752 720577 519168 980412 783772 524308 551612 441492 223185 205707 239309 999999999 665333 163250 561135 99350 240321 486814 120847 304559 547491 709134 231639 466590 188282 613917 608831 681922 798114 744393 934542 411720 93618 414207 483149 180402 501311 687595 132961 504278 827441 230030 375265 208790 193710 56346 620624 790458 728682 214129 540384 106231 1010881 180655 606796 523134 464890 550481 879791
183274 571159 271484 137185 471589 498998 578801 687156 307308 549862 782426 585452 156580 428743 359432 780057 395348 367659 397907 501942 628969 663807 851349 710229 287191 175962 747922 692165 848375 862538 230407 615003 638957 148192 729131 242591 861112 560129 746777 302457 216217 791907 283320 400704 598082 128699 337536 159004 236892 831906 531832 641445 665333 999999999 534301 599776 762776 484925 895328 557648 391163 850862 52491 462602 491164 571619 347613 299889 453864 363932 395511 547524 312517 619614 424857 258973 787453 180342 370421 788865 169622 581194 734559 508926 759232 777135 720525 141293 337464 119886 452357 828975 660489 645886 772916 205045 172800 396873 454798 459856
602063 768981 664137 645153 456108 651117 375050 587019 250094 744784 471022 75580 667378 557755 321384 325554 373018 260027 320804 668539 399458 162446 368013 379693 651666 389775 410048 289879 494834 363136 530925 202358 632489 390659 312686 385313 329935 171271 444590 533283 543798 327541 641940 485796 817765 644521 361217 404409 334339 298598 53535 324853 163250 534301 999999999 419907 258796 229489 453656 46376 149872 476833 582190 194554 466044 238253 560158 542939 520343 635741 581145 771563 254405 187299 252386 400669 253491 359606 524352 295413 366259 668618 221597 224683 351166 245589 207353 516199 628842 613931 101827 463702 229325 848949 239942 517159 377733 431350 391061 716597
531808 449881 536377 630882 160989 344596 44857 167570 359130 431180 890887 379051 755429 290807 247211 336194 702203 270267 657729 364372 807173 369653 418391 799406 507901 431165 194806 708290 912616 454137 427670 256636 234679 529154 727831 357446 627893 255738 863939 371759 449328 355732 840847 795839 499704 640163 262407 446304 555296 545346 366915 742099 561135 599776 419907 999999999 634457 617170 390619 464867 374223 294153 649982 574421 819253 651765 824553 787914 232289 428301 342253 469114 344759 606651 220938 649331 525257 455302 307527 675391 474307 311508 413951 197474 765860 496602 582903 677727 440947 718130 464524 271019 646759 513531 504552 716733 444623 751313 147090 457106
