NAME : synthetic_000268
TYPE : CTSP-D
DIMENSION : 100
GROUPS : 8
RELAXATION_LEVEL : 1
EDGE_WEIGHT_TYPE : EXPLICIT
EDGE_WEIGHT_FORMAT : FULL_MATRIX
EDGE_WEIGHT_SECTION
999999999 112148 521694 189638 398682 145234 413161 365338 261071 624793 681381 289984 468752 755975 643827 236139 609943 406610 627895 480835 80812 643438 572567 257652 253398 657844 378054 311958 263563 313263 424750 430992 503168 514962 256061 362727 525340 732577 431916 385489 647016 356569 509250 484924 500152 439327 394184 244191 718130 612980 459306 117264 152303 494524 356527 401784 462609 316013 471286 63629 446872 534007 228369 457117 678623 165506 434089 171427 452821 748255 731558 547891 419495 185520 594961 532603 354058 292480 519705 392834 240488 681888 245944 401385 693725 487068 567354 523891 492135 320372 529541 286279 312303 719630 430245 417848 546541 588307 385293 233591
112148 999999999 432593 267023 342614 253298 339718 477213 369057 568910 713776 399474 439664 819192 688066 131196 645396 310047 612459 522703 153955 712111 636276 148651 235500 567227 280319 351875 280763 422165 522770 532976 406808 422637 264978 469921 418108 663801 326136 407908 711670 466768 401769 474415 486900 331588 310086 218152 661542 604435 548536 150265 40225 408795 438503 510135 478483 315818 367298 127777 556159 434990 306429 553971 625117 150139 324155 265595 340674 707901 691526 517863 370154 296536 652966 493039 327827 231587 431502 483856 347375 625194 328259 428851 664847 381394 618079 422650 384728 391280 595282 249376 200368 685290 339120 306666 551911 628006 289572 268980
521694 432593 999999999 699029 635328 618176 584301 859846 712314 807073 1116292 746999 768815 1246865 1103370 406248 1053285 473025 946249 940109 501533 1142761 1065391 379912 344162 657408 158293 774235 421546 825964 795369 951411 518880 552018 401258 794655 430959 838888 412826 813895 1140706 811783 420740 832073 838431 182083 128714 332777 881900 952127 978702 452300 405500 33849 669932 837258 872638 708285 443453 488307 955395 516006 573990 978809 861213 384492 361961 588583 286348 972119 958546 832586 670920 696102 1079026 789979 683729 555679 579459 735633 689021 850944 759807 838125 963762 432976 1039920 98203 167691 604264 1025487 293755 327258 968320 93641 241709 926834 1040559 470031 461709
189638 267023 699029 999999999 377138 214123 421833 293597 284153 577066 507385 294468 389238 566422 461700 343838 434822 466502 512747 303835 251759 453899 383145 372941 441280 682207 547233 150763 438929 212593 465782 283438 553039 553349 435848 370142 609032 703409 516292 237828 457427 341531 594921 373701 391569 591126 574462 433311 665961 488734 282370 300489 298619 674201 448921 395948 315671 218416 546356 246301 334673 589006 349099 294166 622989 354889 536142 276118 577524 665877 649436 461407 382261 150632 406709 463575 290037 304785 547626 459162 276232 631952 61568 245043 595405 566943 382373 687960 644083 437660 339972 475840 438021 628719 605780 556637 407258 410236 445754 400359
398682 342614 635328 377138 999999999 527364 71010 670643 632136 227427 520562 652042 135942 711272 535015 255982 472556 184503 310952 399943 474317 638251 557815 271647 571239 312472 487099 303664 623303 589326 810707 634707 223010 207528 606949 729732 321043 336144 258499 273076 623312 708764 313952 210579 211865 461853 552933 551389 320684 318902 586412 488148 326904 626990 754782 761620 290753 184867 259909 450249 704635 259103 626908 625196 282923 491495 306351 568004 382918 368062 352058 197908 35600 510285 551477 159725 106003 111037 190479 786842 616748 284299 415616 298314 336993 282991 499226 573043 500753 718253 532663 572915 310019 350546 553961 403531 311373 471691 176816 610105
145234 253298 618176 214123 527364 999999999 550299 241931 116020 748496 716873 146287 576723 743971 664670 380963 644261 551322 718579 513727 118577 626196 566983 401374 295187 800253 490907 364418 259890 215105 284254 351130 647629 658382 265216 217536 670054 863497 576904 450253 636441 213920 653878 576375 593408 564973 489889 297073 841062 697490 411482 165886 293212 587547 238725 257029 528706 410053 616490 137835 338532 678901 136722 390505 799868 233807 577399 64135 590803 858318 841620 653853 543534 96367 597466 646501 465630 427251 661781 260695 95280 805346 243086 458898 795008 632106 582370 637402 616360 223547 522955 342000 452776 825135 532675 551164 619437 617925 529923 213485
413161 339718 584301 421833 71010 550299 999999999 712880 660003 239340 590304 682608 200699 782212 605956 231979 543306 118799 367647 470184 483334 708168 627482 240446 556345 260389 442246 365473 616087 634160 834492 689737 152932 140455 597962 759860 250221 324082 192106 341856 693667 742503 243511 279051 278718 406498 511607 535394 328391 380015 647835 489533 316508 578739 768653 794030 361761 247742 189853 457970 754510 189518 638104 683698 296551 483002 242028 584572 320629 396278 381357 251674 100759 544870 621941 206361 172911 123579 127955 805782 642868 292755 466036 367467 379637 212741 569928 516149 441850 727135 601345 551842 266061 386548 507471 346965 379926 542682 115641 608354
365338 477213 859846 293597 670643 241931 712880 999999999 162422 866787 673118 132488 674176 620238 601667 593015 606057 744238 771450 492097 360044 504933 472481 617931 529724 972956 731742 409626 478218 85564 257747 170991 835936 839771 489441 152009 877971 995415 783587 492709 524871 105982 862614 643892 662271 801995 731716 534537 953417 740720 274944 407614 517124 828948 324681 147251 559367 506443 818866 377085 107419 870572 319108 224781 910027 475354 793168 277015 817583 941063 925160 740747 675562 181704 512135 749660 582000 592432 836585 290321 182175 920449 264931 488023 863074 837361 519914 878478 854180 359072 433837 578663 676238 900029 774594 783082 649697 575031 722804 429709
261071 369057 712314 284153 632136 116020 660003 162422 999999999 848281 756255 34685 668388 745933 694645 496971 684871 666291 796712 558450 226878 627699 580342 517321 374280 913010 595046 431217 317279 178741 182345 313357 762289 772126 329801 101755 786074 967643 692894 519300 642962 101457 769897 657762 675555 674040 585988 381520 939739 771831 399156 265986 408821 680331 185319 141082 595282 498058 732348 249437 269434 794006 156756 362351 897647 330941 693211 123836 704868 948002 931442 743032 645385 133657 615849 740854 561617 536451 774473 178168 23513 904597 290107 522936 879282 748083 610952 740155 724450 204197 537705 424317 567932 911979 631244 663530 687698 655982 644830 268954
624793 568910 807073 577066 227427 748496 239340 866787 848281 999999999 521120 865216 196566 753325 568041 470563 501920 335381 233010 487581 701374 712695 641079 479781 793327 251576 674349 465356 849037 782216 1029269 800729 299179 266108 832012 942638 408046 135239 395263 398644 690110 917525 410437 255760 240766 625322 745918 772768 93368 266403 729771 715468 550492 805542 979783 971539 367813 360361 371010 677510 883551 317245 853161 779341 57226 716518 447248 792467 526580 165936 153681 154802 205599 720821 620361 122605 287756 337950 236269 1009082 834627 57100 602619 415706 185243 387464 565614 728997 651890 944941 630136 790690 501489 172334 737176 565425 325149 515238 341938 837162
681381 713776 1116292 507385 520562 716873 590304 673118 756255 521120 999999999 751525 393739 243031 82890 710088 72646 704295 291885 203598 754273 250866 221718 737057 932125 760819 958516 369485 942492 599419 919174 523202 734801 711506 936896 811088 839730 640265 778042 306322 220930 768681 833718 312038 315387 960344 1009442 919919 554288 255353 413581 798385 726680 1100110 938476 818125 243893 408283 780141 743916 623857 767686 853544 474703 521224 841919 823657 780584 896447 463630 455498 377518 489722 633538 180560 426443 440254 566873 686391 932501 757113 541934 474535 284955 376593 803039 154516 1071664 1005716 938206 247999 957827 794989 416596 1025650 906661 212331 100274 694251 906390
289984 399474 746999 294468 652042 146287 682608 132488 34685 865216 751525 999999999 682237 730430 687360 526119 680869 693146 804826 556567 260042 612660 568930 547227 408733 937473 629271 437722 350503 161716 173272 291102 788693 797576 363535 77700 815318 986577 721789 525652 629215 67986 799233 667632 685631 707600 620644 416137 955987 778640 382431 300215 439453 715014 200302 112558 600230 511360 760698 281995 239905 820940 188824 341860 913548 365454 723444 158498 736796 960264 943795 755603 663804 144954 605629 755592 577732 559060 799009 181382 58063 921174 293216 527573 889507 776877 603753 774543 758206 227820 527031 458838 599060 923151 665839 696212 692707 651357 671629 302341
468752 439664 768815 389238 135942 576723 200699 674176 668388 196566 393739 682237 999999999 600990 418594 377522 353412 318692 179409 306345 549036 541904 465048 397438 674806 384694 617970 269189 716471 589040 850672 604184 341090 318053 702705 758787 447142 330775 392489 203481 522917 730724 442032 82634 78744 597189 681183 656587 279435 183520 535266 573339 433067 759121 813757 785176 186406 170960 389442 527918 687375 374039 693212 583528 235959 589343 441445 627119 518646 281679 264965 79265 101186 537299 450988 75619 114829 221717 293748 836290 656904 247365 409277 222491 226160 411876 396471 708600 636641 786203 447857 683260 441997 250905 685400 539193 181547 357938 312373 696225
755975 819192 1246865 566422 711272 743971 782212 620238 745933 753325 243031 730430 600990 999999999 185427 850908 251787 886619 530612 317127 814609 118463 183612 880312 1007121 982508 1089461 473196 996805 568758 877967 449785 933631 914694 996805 771520 1030958 877745 957756 450240 109055 725664 1022504 519138 527742 1110259 1128582 999679 793958 492348 348186 865356 842150 1225709 930176 765641 420871 558405 967873 811873 538875 968900 875437 395667 758991 921311 997757 806782 1063175 706506 698073 602716 685754 649001 168495 648083 614723 729360 892592 907151 754224 779217 513650 423920 618888 991226 214396 1217888 1159862 946786 226450 1042242 943926 659283 1153464 1062552 430204 243111 872853 953779
643827 688066 1103370 461700 535015 664670 605956 601667 694645 568041 82890 687360 418594 185427 999999999 699466 66401 714853 348062 165371 712680 170137 140050 727771 896919 797936 945077 336664 900473 531417 851903 446610 755451 734926 896648 743437 856028 693475 787480 290260 140820 699995 848553 336154 343725 955427 991297 886298 610991 309123 336149 759420 705157 1085028 878772 747967 245242 398276 794166 704765 546800 789974 801164 396643 575029 807607 830230 728784 899474 529007 519377 417338 507375 577045 98351 463062 444119 565588 711777 868742 697326 595017 421750 265415 439854 817415 83695 1065479 1002977 882809 170136 926100 788760 481156 1011189 904348 244920 64291 702649 861942
236139 131196 406248 343838 255982 380963 231979 593015 496971 470563 710088 526119 377522 850908 699466 999999999 647707 180759 556842 538272 285085 753356 673400 30040 324958 439311 248924 379026 388788 529535 653894 625463 276876 294703 369449 598446 289201 551237 195984 409252 747754 592528 273125 431688 440119 259713 305890 303756 560358 557000 621709 276064 95885 391146 568246 637854 466390 302425 236378 258940 662489 304097 436299 637927 527766 256433 200157 396710 233701 622176 606508 449841 289293 411447 682418 415393 280834 156099 306244 614845 475940 524645 403936 434124 592470 251231 639838 367186 310488 518634 636383 320130 95877 606450 316509 216451 523045 636068 161135 386761
609943 645396 1053285 434822 472556 644261 543306 606057 684871 501920 72646 680869 353412 251787 66401 647707 999999999 653960 284394 130994 682244 224527 174856 675358 861352 731690 895152 298381 870489 530573 849503 461251 691709 670540 865155 741699 793526 628095 727068 239965 197305 699841 786470 270821 277837 901120 944121 849506 546503 245060 353497 726786 659758 1036136 866572 750000 185566 345293 732269 672249 562008 725887 780921 414976 509920 771289 770902 707953 841604 468040 457716 350944 443970 561310 138567 396714 384969 508995 646975 861561 685326 529731 402053 217070 378293 755438 96555 1011875 947694 865739 191708 887916 734898 419994 961892 848779 178524 31611 642482 834084
406610 310047 473025 466502 184503 551322 118799 744238 666291 335381 704295 693146 318692 886619 714853 180759 653960 999999999 486038 570724 463615 805526 724132 174096 494728 258700 339761 444809 564871 672093 830111 747080 96917 114401 544432 768010 148808 388594 73998 438586 793431 757503 137783 395082 395981 292460 412380 472712 415509 498813 720119 456812 276559 470359 748407 805687 469612 334649 83878 437388 800152 127796 616352 748730 390793 434359 123233 573508 202187 499480 485687 369854 217741 566465 722702 323243 271933 169890 129503 793481 646528 382441 519380 464902 492620 106813 672601 400160 324774 699379 694306 480786 172793 495488 401844 232426 495861 650889 21562 566126
627895 612459 946249 512747 310952 718579 367647 771450 796712 233010 291885 804826 179409 530612 348062 556842 284394 486038 999999999 310822 708677 506397 444257 576824 847908 481092 796749 367518 884115 686532 977547 666695 488218 459478 871844 878004 599138 348384 558096 280408 480591 844148 596946 143292 127759 772135 860508 830503 263347 39677 575843 738435 609075 937444 957226 898486 213014 312585 547858 689752 761218 515838 844319 633206 229342 760567 609091 774603 688179 188390 176124 116296 275352 663055 415830 165222 284843 400875 431032 971639 788877 250065 514304 283434 99076 568749 363648 882806 809241 936883 444237 859070 620231 140843 864007 713258 129720 304045 482956 860100
480835 522703 940109 303835 399943 513727 470184 492097 558450 487581 203598 556567 306345 317127 165371 538272 130994 570724 310822 999999999 551976 238651 159425 567136 733262 690016 781875 171434 740206 412338 727398 363860 622905 606597 735308 620665 716522 621629 641188 133114 223519 580450 707431 232560 246837 796294 826675 722116 551202 273345 266424 597260 540184 921094 738390 632242 120715 241458 652788 542637 462422 659036 650302 325492 509940 643573 680676 577284 746263 497974 484522 333473 377887 432398 152099 368517 299521 412257 586809 736081 557692 527128 272349 106799 409769 676142 102850 905296 845028 735773 142660 761451 629562 451173 847534 747092 181226 107480 556394 703355
80812 153955 501533 251759 474317 118577 483334 360044 226878 701374 754273 260042 549036 814609 712680 285085 682244 463615 708677 551976 999999999 699518 632478 300804 194715 719756 372336 386140 188248 325428 369513 455805 560480 575443 184109 324249 569854 805594 479054 462969 705620 327964 553375 565661 580940 447721 372920 191183 794737 693513 500793 53100 190787 471543 286440 366002 540753 396638 520763 26228 453862 588935 154937 489383 755867 119410 473368 112987 479400 827851 811175 628238 496781 196637 657829 611945 434249 365796 582966 329945 203791 758399 300968 477620 774286 534199 634043 518832 498667 244310 588743 236069 345331 799828 414802 436820 625923 659288 442927 154286
643438 712111 1142761 453899 638251 626196 708168 504933 627699 712695 250866 612660 541904 118463 170137 753356 224527 805526 506397 238651 699518 999999999 81468 783168 892940 926571 986434 374512 880249 450944 762580 335678 861046 845176 880806 655491 952665 843351 874355 367397 30247 609803 942967 463837 475686 1013016 1022181 886231 765437 466744 231071 750814 737266 1120392 812158 651254 355690 471683 888433 697824 428517 897336 757162 281548 726972 808244 911223 688787 972738 692013 681266 558205 616538 530949 92334 598670 536346 642178 825454 790201 635815 745935 399039 341296 602054 911735 147145 1118643 1063730 828335 117410 929312 847945 643923 1049144 967857 388912 202359 790139 836748
572567 636276 1065391 383145 557815 566983 627482 472481 580342 641079 221718 568930 465048 183612 140050 673400 174856 724132 444257 159425 632478 81468 999999999 703127 824221 849235 908510 294373 816224 408710 727302 310995 780405 765013 815433 618954 871389 773445 792890 286240 75403 574254 861616 388868 401758 933113 946029 816455 698393 404711 200369 682758 660127 1043642 765661 619696 278686 390216 807102 629017 410040 816807 700870 259340 658705 737986 829805 630580 891615 632111 620334 486277 536826 473779 41999 524590 455348 560738 745739 749354 586036 677016 331714 260241 542070 830395 81386 1039347 983576 776588 44077 858846 767667 584133 971852 887365 321047 146479 708691 774142
257652 148651 379912 372941 271647 401374 240446 617931 517321 479781 737057 547227 397438 880312 727771 30040 675358 174096 576824 567136 300804 783168 703127 999999999 322426 432136 223671 408763 390843 556026 670313 653953 267743 288407 370567 618412 269504 554093 178305 437511 777399 614131 253137 454692 462394 230051 283847 300675 568013 578500 651417 286922 110060 366039 580575 658388 493200 330118 220535 274957 689329 292331 449134 667099 536984 260391 176455 413411 204961 634651 619255 467856 305956 436230 711835 431357 304694 177792 302632 629280 495839 532723 433270 462577 608625 233401 668907 338161 280593 528841 666246 312953 65888 620904 291466 186423 547597 664219 156340 392525
253398 235500 344162 441280 571239 295187 556345 529724 374280 793327 932125 408733 674806 1007121 896919 324958 861352 494728 847908 733262 194715 892940 824221 322426 999999999 749002 259199 562981 85565 510255 453132 645135 583862 607836 62593 451473 555146 875797 480212 630863 898067 471222 538967 709191 722034 355524 225102 22254 884261 839271 695173 142335 244446 310983 331296 493869 705323 547133 524230 195248 631454 602916 230017 681553 850328 90435 454018 252877 426886 939030 922869 752625 601131 385938 847789 725859 563327 461528 624124 395241 351609 848294 493907 649096 899348 529814 820751 389606 396391 266617 780792 50666 331163 918502 273869 371257 783338 840622 478196 118332
657844 567227 657408 682207 312472 800253 260389 972956 913010 251576 760819 937473 384694 982508 797936 439311 731690 258700 481092 690016 719756 926571 849235 432136 749002 999999999 558645 615414 821939 894543 1082582 946894 165214 144686 801024 1014011 226503 201700 272113 574797 907520 999150 237607 464430 454860 481653 632970 726796 276463 511095 897623 715203 534925 665363 1005641 1049653 570928 496754 229763 693586 1014311 149367 873585 937558 280209 692501 310744 827638 374422 394130 387301 383331 321336 802766 835652 335316 416451 381086 138538 1048755 894591 260872 725416 597899 435085 231653 781061 565599 490248 957704 829959 730445 418887 415559 609149 428332 553544 739757 278234 824606
378054 280319 158293 547233 487099 490907 442246 731742 595046 674349 958516 629271 617970 1089461 945077 248924 895152 339761 796749 781875 372336 986434 908510 223671 259199 558645 999999999 616509 344711 689298 704393 808833 403722 434747 321790 685854 338692 722734 292260 655657 983735 696402 324690 678004 685223 98949 74487 240568 755176 800427 828827 329066 250115 142373 587734 728632 715056 550334 330773 354710 821563 410009 473866 832752 730254 265570 248145 472449 191737 836747 822343 685004 522454 559560 921424 644822 528351 401009 459126 649616 571543 722198 608552 679843 820895 326994 881859 146822 137290 524213 869057 217450 177241 828784 67809 133472 771260 882284 332461 373449
311958 351875 774235 150763 303664 364418 365473 409626 431217 465356 369485 437722 269189 473196 336664 379026 298381 444809 367518 171434 386140 374512 294373 408763 562981 615414 616509 999999999 574002 324062 610781 337443 514529 505773 567751 510491 593615 598315 508991 88089 368848 476970 582146 234540 252901 638740 658074 551316 547939 340952 282813 429083 371101 753895 599610 531428 165019 118800 528684 374739 418220 551706 498108 322755 504397 472977 541766 425465 599799 531560 515594 331645 295331 297930 304950 344613 199019 275782 492391 608051 425137 516477 147243 94511 455273 551490 266681 745239 689264 587747 257981 590244 473435 491187 681049 593387 256978 278148 427164 539556
263563 280763 421546 438929 623303 259890 616087 478218 317279 849037 942492 350503 716471 996805 900473 388788 870489 564871 884115 740206 188248 880249 816224 390843 85565 821939 344711 574002 999999999 471078 373940 609089 656821 679011 23100 383418 634906 938929 556506 649049 888191 408346 618550 742535 756712 441048 307596 105507 941294 871994 670811 147125 299599 387858 248886 424812 726087 575627 600602 199981 583477 678005 162904 650111 905480 133092 533535 205269 510400 988293 971859 795417 650832 355816 843226 772909 602519 512308 693367 314163 296232 905020 484812 664667 942550 607663 821232 472934 481844 183459 772241 130837 407643 964579 356714 455515 809050 847487 547090 48530
313263 422165 825964 212593 589326 215105 634160 85564 178741 782216 599419 161716 589040 568758 531417 529535 530573 672093 686532 412338 325428 450944 408710 556026 510255 894543 689298 324062 471078 999999999 320486 138627 761780 763893 478554 212038 809683 911530 715571 407373 467669 169292 794748 558355 576733 752462 697252 511565 868385 656229 220962 376954 460996 796523 361529 219993 474881 422034 749022 337680 134012 797084 323402 184505 824959 444600 728818 265960 759019 855517 839605 655234 592882 130026 446385 664577 498488 515528 759292 340774 190373 835596 179786 403197 777741 768381 448366 835849 805344 382562 367599 556626 617062 814569 737344 728575 565709 500080 650862 423167
424750 522770 795369 465782 810707 284254 834492 257747 182345 1029269 919174 173272 850672 877967 851903 653894 849503 830111 977547 727398 369513 762580 727302 670313 453132 1082582 704393 610781 373940 320486 999999999 428394 926959 939611 394158 108520 939254 1146779 848535 698777 782086 153166 922749 839471 857351 793920 678139 467866 1121101 951733 532101 391240 560278 761733 129819 114909 773502 680402 890043 395390 348531 956718 231588 482385 1079214 443434 842010 257184 841896 1130333 1113778 925372 825443 315175 765904 922936 743298 711505 944365 63599 194644 1085780 466466 700845 1061176 903701 768811 841732 840368 194074 687154 502556 712975 1094151 726678 794280 865979 819413 809003 334804
430992 532976 951411 283438 634707 351130 689737 170991 313357 800729 523202 291102 604184 449785 446610 625463 461251 747080 666695 363860 455805 335678 310995 653953 645135 946894 808833 337443 609089 138627 428394 999999999 829852 826801 615919 322931 891504 934708 799300 404166 357116 276911 877659 556091 573965 864221 823081 645103 879778 631762 110724 508435 569431 923139 490472 315892 455538 452862 828233 464927 100779 866491 461797 54177 836411 575104 819529 404258 858914 847961 833106 659192 630564 259631 352231 678694 533588 580795 817613 460561 327232 849946 227713 391391 763587 849247 368750 954046 917405 517392 276474 690248 718052 803392 860830 834522 538403 429644 726768 561371
503168 406808 518880 553039 223010 647629 152932 835936 762289 299179 734801 788693 341090 933631 755451 276876 691709 96917 488218 622905 560480 861046 780405 267743 583862 165214 403722 514529 656821 761780 926959 829852 999999999 33606 635845 863944 111435 320875 111608 494748 846314 852531 111687 422965 419668 337504 478128 561668 365135 508053 795177 552821 372761 521937 844989 901250 512771 398480 75428 534252 887683 37178 712967 827840 349048 527843 158043 670416 233013 464552 452810 373888 248155 659865 774487 323439 325656 249178 62997 890373 742755 336301 602977 520394 475095 88707 722145 434676 357270 795355 754154 566098 254406 469742 459566 279674 522629 692792 117961 660217
514962 422637 552018 553349 207528 658382 140455 839771 772126 266108 711506 797576 318053 914694 734926 294703 670540 114401 459478 606597 575443 845176 765013 288407 607836 144686 434747 505773 679011 763893 939611 826801 33606 999999999 658419 873524 142777 288584 142577 480599 829535 860441 144346 400494 396122 370434 509023 585726 331547 480607 787844 570525 390253 554659 861113 910038 494062 388197 108666 549248 887819 56704 729043 822607 315565 548740 190628 683968 266392 431260 419654 346201 229264 665877 757508 295451 312549 248589 29920 904793 753162 302714 601107 505822 443349 122273 704557 468215 390805 813018 740191 591907 280762 437122 491571 312243 499175 672854 133580 680521
256061 264978 401258 435848 606949 265216 597962 489441 329801 832012 936896 363535 702705 996805 896648 369449 865155 544432 871844 735308 184109 880806 815433 370567 62593 801024 321790 567751 23100 478554 394158 615919 635845 658419 999999999 399759 612583 920222 534814 641079 887983 423025 596255 730848 744708 417996 285752 82410 924004 860584 674381 138799 281788 367676 270268 441552 717566 564907 578913 193016 593802 656599 178043 655670 888617 115514 511230 213984 487447 972879 956503 781451 635065 360204 841529 757892 589207 496093 673195 335055 308138 887786 483725 657398 928588 585691 818152 450900 458969 205110 771551 109027 385827 949926 334795 432471 799357 842732 526899 62290
362727 469921 794655 370142 729732 217536 759860 152009 101755 942638 811088 77700 758787 771520 743437 598446 741699 768010 878004 620665 324249 655491 618954 618412 451473 1014011 685854 510491 383418 212038 108520 322931 863944 873524 399759 999999999 887436 1064257 794412 598007 674482 46028 871217 742170 760274 768389 670860 461877 1033235 850844 424638 358606 509466 761871 182272 42829 671225 587836 834011 347998 250187 895738 221994 376539 990710 420293 793987 214552 803581 1035943 1019528 831549 741465 221937 657441 832434 655048 636286 875495 139245 122577 998509 364280 598520 964054 849626 660402 829128 817836 229576 578679 502138 667914 998250 717584 760716 763538 711466 746540 337472
525340 418108 430959 609032 321043 670054 250221 877971 786074 408046 839730 815318 447142 1030958 856028 289201 793526 148808 599138 716522 569854 952665 871389 269504 555146 226503 338692 593615 634906 809683 939254 891504 111435 142777 612583 887436 999999999 413175 94390 585307 939792 881641 16607 527795 525879 256099 412024 533051 467914 618081 868043 551927 379434 439034 845340 927017 611390 482834 64931 544179 940101 91794 715213 895210 455660 514448 101379 682680 149329 572262 561174 484274 350181 697426 868621 434096 417002 318414 172644 896623 764875 441449 663976 611501 586099 42464 817646 340157 264104 790321 842335 528699 230049 579620 384781 205699 628316 792585 167009 646422
732577 663801 838888 703409 336144 863497 324082 995415 967643 135239 640265 986577 330775 877745 693475 551237 628095 388594 348384 621629 805594 843351 773445 554093 875797 201700 722734 598315 938929 911530 1146779 934708 320875 288584 920222 1064257 413175 999999999 431023 533598 819828 1041396 420738 390578 375153 658129 796778 854303 91336 385685 864934 813535 639788 842730 1089102 1094893 502406 489784 396068 780619 1016063 323747 959769 914167 119042 805897 478916 903075 552542 209517 207572 288162 322877 843400 751107 257733 413535 440227 263629 1122701 952644 98534 732593 550911 273946 405966 696659 751865 674852 1049849 763954 866519 561387 243030 780154 600548 454487 643664 401585 932343
431916 326136 412826 516292 258499 576904 192106 783587 692894 395263 778042 721789 392489 957756 787480 195984 727068 73998 558096 641188 479054 874355 792890 178305 480212 272113 292260 508991 556506 715571 848535 799300 111608 142577 534814 794412 94390 431023 999999999 508471 863131 787884 79178 469078 469931 230745 366613 457958 469189 571882 779248 464094 288267 413632 757962 833700 542307 402686 44099 453145 846317 123402 626914 804482 448672 431353 52322 591511 132405 560971 547954 441802 291653 603049 792870 394221 343715 233455 167993 807472 671920 438128 572136 534849 560216 55277 743481 334035 257291 704764 761827 459145 149117 560465 349255 171385 569848 723398 84955 564098
385489 407908 813895 237828 273076 450253 341856 492709 519300 398644 306322 525652 203481 450240 290260 409252 239965 438586 280408 133114 462969 367397 286240 437511 630863 574797 655657 88089 649049 407373 698777 404166 494748 480599 641079 598007 585307 533598 508471 999999999 354852 563755 575767 153123 171359 665505 704165 617417 475669 252994 331785 502445 420395 796341 686657 618079 78731 108793 521183 449076 492042 531367 582393 380734 432356 540429 547585 510232 613334 449482 433889 255141 255260 385964 284402 276062 169229 279183 462816 696023 513069 446291 233957 26384 370372 544508 235909 775302 713570 672977 259608 653894 498757 407526 722190 615266 169445 226840 423806 617222
647016 711670 1140706 457427 623312 636441 693667 524871 642962 690110 220930 629215 522917 109055 140820 747754 197305 793431 480591 223519 705620 30247 75403 777399 898067 907520 983735 368848 888191 467669 782086 357116 846314 829535 887983 674482 939792 819828 863131 354852 999999999 629029 930490 443666 454821 1007442 1021432 890651 740833 441006 249998 756314 735493 1119023 827942 671720 337460 461004 875874 702819 451868 882344 768893 303256 702878 812310 901164 699574 964227 665309 654840 536026 600436 542019 72150 577614 522864 632049 809125 807958 650160 722084 404653 328528 575486 899215 126460 1114062 1057676 842081 117482 933264 841694 617248 1047183 961116 365427 176863 778583 845440
356569 466768 811783 341531 708764 213920 742503 105982 101457 917525 768681 67986 730724 725664 699995 592528 699841 757503 844148 580450 327964 609803 574254 614131 471222 999150 696402 476970 408346 169292 153166 276911 852531 860441 423025 46028 881641 1041396 787884 563755 629029 999999999 865631 710285 728513 775405 686144 479813 1007165 815961 379089 367375 506831 779504 223998 54600 635482 559947 826332 349981 205611 885269 245446 330554 964316 431919 790483 224446 804644 1005598 989303 801961 718602 198485 613050 805096 629806 619240 860900 184808 124913 972879 329865 562906 931887 842866 617222 841311 825887 266186 534351 521674 666619 966908 731821 764196 727483 669371 735953 361012
509250 401769 420740 594921 313952 653878 243511 862614 769897 410437 833718 799233 442032 1022504 848553 273125 786470 137783 596946 707431 553375 942967 861616 253137 538967 237607 324690 582146 618550 794748 922749 877659 111687 144346 596255 871217 16607 420738 79178 575767 930490 865631 999999999 522058 520689 244088 398325 516854 472908 614941 855441 535329 363018 427840 828733 910866 603614 472406 54650 527722 925429 97305 698618 881950 459215 497886 85026 666222 136909 575365 563921 481580 343997 681913 859510 431741 408026 306556 174235 880045 748649 445586 650260 602027 586663 31292 808883 331341 254693 773724 832050 512877 213462 581367 372148 192194 622778 784933 155018 629897
484924 474415 832073 373701 210579 576375 279051 643892 657762 255760 312038 667632 82634 519138 336154 431688 270821 395082 143292 232560 565661 463837 388868 454692 709191 464430 678004 234540 742535 558355 839471 556091 422965 400494 730848 742170 527795 390578 469078 153123 443666 710285 522058 999999999 18379 665166 737573 692479 325775 130080 477522 596341 474283 820181 815099 764853 112172 169310 468814 547059 645088 456315 701176 529839 283019 620856 516572 631724 592077 297184 281356 104254 178292 524332 372148 135997 151368 277003 376370 831221 648923 298555 381426 164907 221900 491552 317320 777000 706999 793817 375212 722883 505013 256768 745795 608533 100895 276029 386816 717556
500152 486900 838431 391569 211865 593408 278718 662271 675555 240766 315387 685631 78744 527742 343725 440119 277837 395981 127759 246837 580940 475686 401758 462394 722034 454860 685223 252901 756712 576733 857351 573965 419668 396122 744708 760274 525879 375153 469931 171359 454821 728513 520689 18379 999999999 669862 745825 705049 308791 118067 494569 610822 485595 827196 832124 783087 127282 185234 467939 561999 663240 452313 717538 547282 266251 634090 518209 648363 594556 278805 262982 87624 178305 542188 383682 123001 161353 284616 371209 848733 666555 282193 399748 182637 203878 490455 328771 781603 710827 810264 389444 734807 511183 238470 752959 612693 103057 284897 388656 732373
439327 331588 182083 591126 461853 564973 406498 801995 674040 625322 960344 707600 597189 1110259 955427 259713 901120 292460 772135 796294 447721 1013016 933113 230051 355524 481653 98949 638740 441048 752462 793920 864221 337504 370434 417996 768389 256099 658129 230745 665505 1007442 775405 244088 665166 669862 999999999 163377 335945 699837 780614 873095 409793 294852 184766 680602 810899 716888 557153 262128 427142 886189 336773 562412 883231 679240 350995 180018 553854 107242 790624 777230 657129 497347 624586 941805 612845 521327 393603 397584 741023 650711 668871 652589 690970 784730 253061 898406 111859 53186 618089 895962 315634 166772 787900 129539 60060 762812 891517 291125 467072
394184 310086 128714 574462 552933 489889 511607 731716 585988 745918 1009442 620644 681183 1128582 991297 305890 944121 412380 860508 826675 372920 1022181 946029 283847 225102 632970 74487 658074 307596 697252 678139 823081 478128 509023 285752 670860 412024 796778 366613 704165 1021432 686144 398325 737573 745825 163377 999999999 210721 827872 862276 852462 324104 286980 100341 555968 713624 767376 601662 405259 359604 826766 484447 452160 851166 802135 256527 322592 462152 263836 907284 892647 750441 587938 567402 961630 711834 586667 461301 533149 620293 562589 794565 634707 727403 888612 401324 924707 165537 187849 490858 905275 176780 245546 897910 49190 206337 828280 929479 404074 343364
244191 218152 332777 433311 551389 297073 535394 534537 381520 772768 919919 416137 656587 999679 886298 303756 849506 472712 830503 722116 191183 886231 816455 300675 22254 726796 240568 551316 105507 511565 467866 645103 561668 585726 82410 461877 533051 854303 457958 617417 890651 479813 516854 692479 705049 335945 210721 999999999 863487 822529 691837 138109 224976 300060 347914 504488 691174 531698 501977 188763 634896 580665 241713 680155 829820 78815 431888 258731 405509 919343 903232 734125 581625 385494 839151 706661 545734 442055 602138 411006 358527 827574 487334 636182 880664 507594 810954 373910 377858 283851 773238 45145 308909 899329 258924 350207 768043 829318 456285 133734
718130 661542 881900 665961 320684 841062 328391 953417 939739 93368 554288 955987 279435 793958 610991 560358 546503 415509 263347 551202 794737 765437 698393 568013 884261 276463 755176 547939 941294 868385 1121101 879778 365135 331547 924004 1033235 467914 91336 469189 475669 740833 1007165 472908 325775 308791 699837 827872 863487 999999999 301893 803289 808548 642277 882549 1072942 1061368 434922 447998 439896 770849 965557 376188 946494 855306 43541 808573 520005 885579 597536 120066 116678 221551 298800 811302 673639 203834 378284 430976 303033 1101723 926472 36397 688600 490128 183441 453557 619843 799696 722285 1038303 692120 880177 585499 151694 816219 640567 377427 564016 424506 930051
612980 604435 952127 488734 318902 697490 380015 740720 771831 266403 255353 778640 183520 492348 309123 557000 245060 498813 39677 273345 693513 466744 404711 578500 839271 511095 800427 340952 871994 656229 951733 631762 508053 480607 860584 850844 618081 385685 571882 252994 441006 815961 614941 130080 118067 780614 862276 822529 301893 999999999 539158 725509 603636 941968 935691 870097 181362 297016 564469 675583 727235 537259 825500 597096 266753 750898 622034 754898 700254 227607 215623 134424 283585 638276 376154 185275 279385 401046 452915 947866 764890 287176 486594 253330 137839 585980 324026 891923 819524 917629 405239 852687 625080 179825 868018 722431 93376 264401 494095 846175
459306 548536 978702 282370 586412 411482 647835 274944 399156 729771 413581 382431 535266 348186 336149 621709 353497 720119 575843 266424 500793 231071 200369 651417 695173 897623 828827 282813 670811 220962 532101 110724 795177 787844 674381 424638 868043 864934 779248 331785 249998 379089 855441 477522 494569 873095 852462 691837 803289 539158 999999999 553770 580949 952699 582476 421975 370271 401561 803430 504507 210652 832319 536019 61480 760512 616936 805866 471235 854114 761111 746980 581771 576616 315165 241515 607202 481264 550366 775082 559163 408949 775645 220803 314120 674279 825595 259474 970277 925933 601892 166077 736497 717135 715141 885965 836886 446204 321926 701103 624928
117264 150265 452300 300489 488148 165886 489533 407614 265986 715468 798385 300215 573339 865356 759420 276064 726786 456812 738435 597260 53100 750814 682758 286922 142335 715203 329066 429083 147125 376954 391240 508435 552821 570525 138799 358606 551927 813535 464094 502445 756314 367375 535329 596341 610822 409793 324104 138109 808548 725509 553770 999999999 180285 421685 293868 401160 579197 428827 507063 54660 503860 578960 163318 542422 771042 67996 452877 144124 450790 848663 832092 652544 513340 248963 707181 632627 458770 377574 580671 345153 242489 772152 351853 518610 799457 518562 681827 474479 459347 242570 639182 182970 323169 822977 367483 404464 661926 704733 436975 123028
152303 40225 405500 298619 326904 293212 316508 517124 408821 550492 726680 439453 433067 842150 705157 95885 659758 276559 609075 540184 190787 737266 660127 110060 244446 534925 250115 371101 299599 460996 560278 569431 372761 390253 281788 509466 379434 639788 288267 420395 735493 506831 363018 474283 485595 294852 286980 224976 642277 603636 580949 180285 999999999 383573 472459 549874 487687 322624 330088 164902 595006 399682 340586 588757 607252 166544 284527 303353 300576 694586 678423 509912 356706 336179 674853 481698 324609 217110 400837 519808 386985 606091 360168 442688 656097 343423 637754 389341 348037 422834 620014 250217 160145 674367 311878 267580 556597 643924 256693 293471
494524 408795 33849 674201 626990 587547 578739 828948 680331 805542 1100110 715014 759121 1225709 1085028 391146 1036136 470359 937444 921094 471543 1120392 1043642 366039 310983 665363 142373 753895 387858 796523 761733 923139 521937 554659 367676 761871 439034 842730 413632 796341 1119023 779504 427840 820181 827196 184766 100341 300060 882549 941968 952699 421685 383573 999999999 636155 804426 856898 691829 446662 459098 925292 521464 540933 951480 860390 353740 364031 556710 291574 969812 955905 824773 662499 666841 1058259 783342 670702 543231 581341 701901 657093 850869 734634 820187 958337 437809 1020162 119378 180038 570481 1003285 260478 317218 964347 74639 242471 913632 1022609 465843 428299
356527 438503 669932 448921 754782 238725 768653 324681 185319 979783 938476 200302 813757 930176 878772 568246 866572 748407 957226 738390 286440 812158 765661 580575 331296 1005641 587734 599610 248886 361529 129819 490472 844989 861113 270268 182272 845340 1089102 757962 686657 827942 223998 828733 815099 832124 680602 555968 347914 1072942 935691 582476 293868 472459 636155 999999999 213382 764585 648476 800895 312436 428940 872101 132075 541892 1032652 335341 745625 187463 737211 1095422 1078702 891486 774185 306231 801067 882107 701277 648947 869254 66812 181522 1036862 466675 693568 1033464 812393 795126 720874 724804 65695 722996 379295 615805 1063103 604945 686489 856099 838304 728049 214340
401784 510135 837258 395948 761620 257029 794030 147251 141082 971539 818125 112558 785176 765641 747967 637854 750000 805687 898486 632242 366002 651254 619696 658388 493869 1049653 728632 531428 424812 219993 114909 315892 901250 910038 441552 42829 927017 1094893 833700 618079 671720 54600 910866 764853 783087 810899 713624 504488 1061368 870097 421975 401160 549874 804426 213382 999999999 689443 614352 872883 389422 233646 933479 264117 370056 1018569 463081 834290 257051 845099 1060197 1043901 856537 772033 251533 659223 859470 683788 670579 911240 161284 163054 1027000 384266 616930 986424 888849 665718 871956 860458 265771 580802 544535 708802 1021492 760388 802708 781320 719285 784173 379298
