NAME : synthetic_000208
TYPE : CTSP-D
DIMENSION : 100
GROUPS : 8
RELAXATION_LEVEL : 1
EDGE_WEIGHT_TYPE : EXPLICIT
EDGE_WEIGHT_FORMAT : FULL_MATRIX
EDGE_WEIGHT_SECTION
999999999 183673 339621 166253 623206 138677 222374 595253 375033 624053 555040 116013 306921 274500 276359 580818 559081 752144 335123 371974 425747 298627 215035 419139 452409 352653 633289 424095 682943 319661 195743 509985 475594 255585 242501 560243 559643 267589 237971 291373 428826 292506 443261 321693 541381 576980 277816 313951 471720 143313 337181 446870 308298 496273 621769 645257 650536 400399 421366 661610 421009 304774 262503 500162 290403 601024 548990 546844 291919 538462 415706 600751 428602 57553 571604 185257 342347 577415 271481 294010 197436 546188 358793 297568 391216 305422 225505 386711 541033 422884 474760 305883 477518 305516 206973 212434 492230 359652 669318 665203
183673 999999999 512367 275188 645749 47430 275583 413836 462897 628870 726980 105597 285592 442245 439976 705507 710180 725495 427102 551156 609416 357112 302128 480367 469420 476900 449801 545082 650206 191538 370781 343524 456016 93828 422237 485853 609813 220591 421603 381876 528518 222855 283778 307294 371062 743109 94430 140124 288667 165650 451229 334775 429265 337454 643029 681292 807103 278190 572575 648468 586731 371198 231189 680527 401516 550093 671572 643189 168494 524264 458194 666980 260625 171436 395711 368841 175191 587675 437716 112187 301380 618510 413355 154132 553354 394229 406025 210735 720630 275728 655352 165737 545546 487652 379162 370833 555263 191630 633854 597382
339621 512367 999999999 405623 579856 464937 338161 925255 295727 613389 215525 454863 456542 73357 309588 328052 247513 773922 275668 245809 180949 335291 287081 610310 472487 455348 956043 505931 726783 579702 143879 849009 548239 559031 106745 695480 479154 586552 164141 483918 554097 504977 782824 612814 824111 239670 601217 619983 798229 382290 222779 658791 439401 835892 581180 570939 323560 735351 418684 675184 90209 524576 575139 181757 228164 691050 308038 369930 555548 582987 406161 475855 767069 383007 863835 194017 637474 568344 79835 624444 264250 423482 575481 637161 78038 494371 124430 722077 216441 683180 159919 645322 388510 91841 269428 318533 407967 653816 720305 771010
166253 275188 405623 999999999 786436 248733 387579 634845 525186 789421 606714 169591 471297 360824 188198 699365 649597 918333 485473 325371 420330 460722 374510 254210 617660 202431 685870 272080 848806 454060 279782 517877 641588 367311 299113 719306 717686 201600 252035 125195 266246 447227 446736 208127 644231 641223 359784 414545 526459 306164 475920 591951 154991 493214 785210 805716 729137 366020 301307 827818 495559 141924 184513 524673 434320 764820 670515 686461 427371 704705 577971 752941 446904 123465 664780 211846 450361 742503 361269 358722 352925 697181 197137 309018 475010 139233 281835 424749 567089 548358 499665 311559 631748 336925 157732 122494 647757 466689 834984 826511
623206 645749 579856 786436 999999999 622526 401592 907103 291131 61546 657751 690099 361186 542665 816776 391055 517780 211450 323274 812795 759938 325770 412661 1040641 176854 942988 895305 1010291 198468 519663 574893 924443 211705 599266 609703 327284 106113 853294 678224 909129 1033746 437092 889324 928587 677237 622915 668232 628342 797179 503232 363172 451513 906949 936245 4926 56345 596081 918521 959318 127001 556398 927366 857256 717562 380849 249685 372437 264355 521455 156205 208740 155422 853306 676730 727483 661794 609513 66523 535706 706117 436480 178468 981805 793750 528475 923050 613097 792991 729957 552746 707119 805790 191490 654291 746346 782674 172115 614260 203925 313884
138677 47430 464937 248733 622526 999999999 239733 461095 424874 609689 679579 84902 267000 394873 403043 663035 664312 714918 388000 509079 563884 322661 261587 470912 445672 451076 496150 520761 640751 205846 323441 389547 441055 121974 375202 486816 580268 232213 376458 363194 509685 215985 328234 313622 407177 695966 139660 177089 335489 128017 409058 346219 403714 382028 620080 655278 760773 313375 540013 633888 539532 358340 238827 633437 359280 544810 629310 605031 179730 508807 428688 634550 306666 134849 434911 323834 208411 566842 390385 159579 258553 584591 404471 192544 506336 376237 359123 257893 673432 300291 608304 203493 511898 441032 339260 334809 522670 225526 625011 597400
222374 275583 338161 387579 401592 239733 999999999 644094 188035 401860 527936 294046 121420 267532 452180 439691 469918 534794 154369 495965 496043 83364 51224 641329 230123 559661 660422 629968 468792 255482 242524 607208 262516 271848 297178 377875 345305 460243 344119 511965 644013 169849 554220 530267 498139 527989 334182 325908 516556 111753 189863 320640 519146 606953 399992 426582 571009 552513 601940 441737 382580 527140 461623 519653 144073 398666 405258 368027 236000 320930 196251 395719 525950 275146 541970 307661 330654 355077 260107 368384 75382 344990 581124 429556 344804 526000 290215 469218 552213 352546 498074 441015 272488 364161 377369 403665 283996 344581 456581 471174
595253 413836 925255 634845 907103 461095 644094 999999999 823897 866495 1138807 492311 585574 854097 821287 1082183 1109099 893076 795708 948879 1019122 710350 685486 730896 755460 809497 68509 864321 820264 405160 784515 148914 695640 374904 835966 618664 913118 458157 831085 694919 821770 500687 206831 523273 256126 1151840 324285 318225 128440 554759 833746 459065 765498 187274 902934 956951 1208742 319321 929197 853603 996454 660355 479740 1094278 786433 709519 1047732 995479 415674 753850 776199 983522 191792 569837 217130 778364 317330 840715 849135 301786 693651 947032 674173 326042 961682 702170 819597 212176 1134462 354529 1069053 324564 877529 900658 773332 752459 880608 306462 802215 709415
375033 462897 295727 525186 291131 424874 188035 823897 999999999 318935 422102 468889 247824 252116 529729 259903 321666 478383 39970 522053 476581 113548 165570 775708 181983 661735 834453 726736 431741 422839 286345 794438 267541 456933 318650 427163 200713 634603 387837 641710 755865 327772 742215 696215 652276 404607 521186 507615 697957 297543 73386 442761 629165 794859 291724 293687 421274 738241 669587 379554 292826 666823 633034 453614 93796 405658 225739 180307 408866 291265 114355 227761 713577 432438 699818 374957 506908 273090 244998 555975 177952 172078 722141 616418 258524 655192 322541 656317 474849 505383 438551 627713 109016 364388 461850 501697 127044 518976 426017 486821
624053 628870 613389 789421 61546 609689 401860 866495 318935 999999999 705506 681758 343505 570511 833654 446862 569712 162749 346432 839660 794293 332950 420293 1043151 171768 954646 851288 1023293 138559 489009 594999 891953 178129 574878 633992 272423 156918 841811 700163 913596 1042838 412798 860601 920258 630577 673161 643066 598881 760583 496187 392287 408011 916654 905855 56806 116339 651250 896643 978958 68984 597278 928780 847275 759402 403027 190784 426308 318718 493754 113350 220750 214917 823537 675333 680486 679495 577107 47909 563231 680795 446088 231458 982471 772798 567312 927614 635762 763448 774171 512199 747519 784829 230342 683044 761494 795144 211988 580387 142878 252571
555040 726980 215525 606714 657751 679579 527936 1138807 422102 705506 999999999 669987 636988 284828 472944 293935 154960 867434 420561 355599 234837 501341 477561 780975 601684 611155 1167496 645414 835887 780106 359327 1064531 689539 769233 316662 848847 551721 796278 354812 665932 705185 697778 998291 814718 1024636 55749 814524 829734 1011234 589782 363620 842183 607876 1051299 660525 630942 156362 948687 535558 773386 145745 710900 783482 114759 393076 825396 297192 399838 757706 707301 534829 518622 982555 597083 1066737 397343 844543 667428 289674 838845 460027 480409 757199 852494 183232 674255 334588 937128 93867 880183 129307 860530 477797 269817 456302 503415 494876 860364 833582 906562
116013 105597 454863 169591 690099 84902 294046 492311 468889 681758 669987 999999999 342812 390492 339041 690170 674285 793673 429922 458103 527888 376881 303456 386197 513969 371461 536065 440017 720388 289465 311092 397262 517779 198199 355266 570983 639337 166490 340504 279280 425990 299000 329205 238669 475626 692827 193058 245234 373966 186887 440867 430787 323844 381710 687996 719076 766388 285075 467921 709967 536980 273438 167738 610737 392074 626841 657555 646288 263912 584736 489423 688194 317264 77713 498200 288264 280779 637445 387493 198115 292889 635765 319918 182803 507196 292118 337775 280603 652218 379889 585192 190559 564364 414869 283194 269395 577025 297154 705048 681208
306921 285592 456542 471297 361186 267000 121420 585574 247824 343505 636988 342812 999999999 387362 562101 507027 561821 451482 228850 615374 617364 140045 170686 718885 186639 657947 590645 729222 379397 180423 363395 576198 174969 241039 418486 260733 337227 499172 463280 596211 735706 85179 534249 579700 404598 631404 310182 278936 463477 165253 279946 205211 614621 583587 358272 399788 662990 557464 712033 367361 493481 603686 505588 637103 244102 294122 473123 410862 172351 242135 191856 402881 500312 349664 451995 424008 269551 302115 379797 347911 196628 362582 655015 432598 455564 610184 411140 440291 668065 257578 616266 444635 292123 485576 487251 507977 296144 279220 364823 360405
274500 442245 73357 360824 542665 394873 267532 854097 252116 570511 284828 390492 387362 999999999 298521 344137 290794 728083 225119 270132 234974 272786 216884 583792 419824 441475 883838 499162 676478 506469 82934 781360 489928 486322 75346 631956 447009 530387 147805 452674 539897 432787 716209 564195 750803 302812 529845 547194 726704 309021 179493 587953 418467 769591 543448 540278 377559 673824 426292 629155 146533 489391 520613 254309 171532 633188 318416 359734 482230 529743 355704 454731 699019 321898 790479 157480 564273 524017 7825 554035 192768 399702 542559 571464 117867 464341 87032 652610 289724 610168 231660 580096 354246 112648 243698 291257 373590 580573 668740 712084
276359 439976 309588 188198 816776 403043 452180 821287 529729 833654 472944 339041 562101 298521 999999999 635682 552942 980173 494378 143428 255305 503696 419028 308318 666988 145760 870341 200690 918093 595893 243501 706073 713942 524884 223175 822416 730408 386411 150998 197404 244542 564059 634932 372103 809990 517122 531589 579153 709432 410975 463793 721713 135002 681135 816680 823392 614742 551639 150009 883549 394920 245034 367575 373474 436911 850654 612993 657858 568162 768687 612976 747786 634638 268854 835669 155039 611453 785766 302969 536516 391274 691758 286482 496245 387525 203877 213219 610002 414302 698261 350744 499272 638038 219993 74946 69704 656574 628550 906863 921492
580818 705507 328052 699365 391055 663035 439691 1082183 259903 446862 293935 690170 507027 344137 635682 999999999 139610 601878 286504 566985 471183 372756 404249 927906 394329 781051 1094143 833716 584558 682667 420649 1045048 486453 711537 416784 648472 290581 848367 485999 796643 879919 587675 988897 895255 910558 247603 773008 764665 955401 541294 254292 695362 761240 1042335 394734 353783 205143 971912 745180 515733 254432 832326 842415 384838 303992 601362 34463 128833 668152 480782 339520 238982 962963 636542 958631 501617 765860 417993 341919 806059 404487 216161 886032 855176 250526 808420 430607 907578 381861 764173 384580 865767 247162 419862 587034 635109 257437 778311 586286 679197
559081 710180 247513 649597 517780 664312 469918 1109099 321666 569712 154960 674285 561821 290794 552942 139610 999999999 729140 333273 462038 353810 421779 424698 857119 488277 698019 1129273 743235 704535 724682 373699 1053688 579909 734198 351512 742692 413169 820396 411440 731428 796024 634168 992100 854639 963990 108329 788810 791938 980708 554914 283008 762665 685238 1045894 521000 485855 101384 959313 644255 638546 158472 771905 811126 253489 325881 707364 147283 254321 705905 586771 425063 371651 970784 610021 1009579 439793 799906 535620 291775 818139 415470 339357 822989 850844 174586 741830 368242 919542 245304 816848 257512 860365 350471 333135 516896 566001 365245 814226 704203 787544
752144 725495 773922 918333 211450 714918 534794 893076 478383 162749 867434 793673 451482 728083 980173 601878 729140 999999999 502987 995478 954859 476525 561674 1169052 313721 1094239 865775 1164222 76572 558960 746425 943831 277308 656591 788674 275207 316355 945018 852488 1043504 1178494 502644 923635 1028510 641239 833851 720586 667014 802985 615074 551691 444257 1053933 963465 208147 250834 807015 976394 1127734 98943 759930 1053863 953331 922102 558141 186924 583861 475774 570983 214002 373240 363907 884480 799097 687872 827930 638101 205713 720635 756818 589059 389783 1105884 857010 729667 1057550 789112 826378 936879 551390 910051 868771 393084 840722 906576 936843 374725 637066 94248 191960
335123 427102 275668 485473 323274 388000 154369 795708 39970 346432 420561 429922 228850 225119 494378 286504 333273 502987 999999999 493297 455178 89157 127195 736393 196828 624534 808703 690195 452161 398178 251717 761550 275264 425684 287695 429948 237401 595363 355119 602490 718040 304558 707955 656407 632654 408252 488550 478190 668911 261461 57393 429801 591217 760887 323483 329600 434284 701180 636049 404072 284479 627181 593551 441941 57599 416863 252045 217329 382419 307326 131031 267495 680171 392553 679260 339358 479719 299467 217651 522657 138228 211961 682489 580080 248210 616020 290170 623582 466193 485396 425151 591256 147278 337743 425378 464261 164532 492502 445095 497479
371974 551156 245809 325371 812795 509079 495965 948879 522053 839660 355599 458103 615374 270132 143428 566985 462038 995478 493297 999999999 122734 527119 452609 435740 683876 261142 994153 289909 940715 684240 255221 840555 745828 627554 207179 873810 716483 526415 152100 337877 351275 635693 769593 515505 913146 405645 645293 685665 832068 485578 449624 796690 267760 817489 813563 809525 507128 691290 182550 896741 313057 386225 508323 246322 437383 887907 550394 615630 656809 792043 622240 719413 766243 382042 943483 195940 714257 792763 277108 655498 424273 665759 423706 627347 318823 342755 208931 736707 284100 789783 227000 631540 623969 159725 175555 202902 643374 731566 931785 963955
425747 609416 180949 420330 759938 563884 496043 1019122 476581 794293 234837 527888 617364 234974 255305 471183 353810 954859 455178 122734 999999999 507749 447123 556921 651823 383202 1058920 412111 907096 715784 259606 921954 724557 674784 202242 866406 658079 621011 188119 452709 474007 653282 851954 621189 954821 286757 703427 735215 897108 513031 403467 812584 386571 902210 761383 748895 388870 783310 300727 856099 219597 500229 604697 123677 404808 867782 459497 538053 689478 762231 586102 649585 844025 450188 989788 240922 759295 749293 242798 719204 420738 599261 541159 706408 236879 458945 213773 808223 161596 821751 105538 712132 568451 132737 262648 302228 587853 776420 900263 946931
298627 357112 335291 460722 325770 322661 83364 710350 113548 332950 501341 376881 140045 272786 503696 372756 421779 476525 89157 527119 507749 999999999 87458 714907 163466 621739 721394 690612 416200 310099 273071 682934 219029 344478 320724 360201 263031 543248 379234 583420 710135 215788 632464 611985 543497 492990 409801 394246 584464 194877 140389 342929 583786 684625 324631 346713 522966 634808 651308 379955 360332 601881 544220 511215 109887 361900 338423 289846 295473 266624 117289 312359 602723 353589 590138 351685 393414 285201 264961 445288 113305 261940 656507 511244 322761 597357 318245 544804 539147 396239 492178 522824 189260 381090 430371 462501 200637 405622 406131 439861
215035 302128 287081 374510 412661 261587 51224 685486 165570 420293 477561 303456 170686 216884 419028 404249 424698 561674 127195 452609 447123 87458 999999999 628509 250028 534587 704577 603721 499098 303813 197569 640903 296429 310999 250359 422389 344692 469465 301784 496520 622684 220553 584863 533414 547561 478952 369676 367610 557337 137091 150371 371723 496374 638204 411645 431363 525306 574365 567691 465998 332015 516076 468497 468488 101477 436561 370095 344498 283003 349659 203923 386951 558727 271420 590705 269476 375383 372591 209385 402025 28492 333321 570941 454040 294338 510423 244784 503698 500989 402626 447000 465067 263240 315963 345034 375742 277442 389974 488074 511544
419139 480367 610310 254210 1040641 470912 641329 730896 775708 1043151 780975 386197 718885 583792 308318 927906 857119 1169052 736393 435740 556921 714907 628509 999999999 871449 175516 793978 178648 1098130 671666 510593 587483 891774 572708 511840 956913 970654 289321 446231 134233 111782 684257 524074 209183 816986 825424 540955 604611 654025 554133 721853 814604 173359 552221 1039419 1059398 922603 412873 293572 1080081 698655 115218 269650 678686 683270 1009614 901900 929864 647549 956166 832133 1003166 543257 369968 824867 426343 643543 996395 586248 524270 606338 947032 67039 434039 686776 121151 497408 549134 718294 751746 656978 429264 883411 524724 341834 293135 899906 657377 1083703 1066676
452409 469420 472487 617660 176854 445672 230123 755460 181983 171768 601684 513969 186639 419824 666988 394329 488277 313721 196828 683876 651823 163466 250028 871449 999999999 784560 751690 853746 256995 355772 432974 759044 92439 427226 476711 255401 157750 676577 539164 741840 871762 266873 719745 752611 544694 580078 496408 461267 638874 327307 251214 318149 745862 768255 174448 213150 583003 743705 814124 216561 474808 757175 680802 635375 248320 223983 364610 274170 353617 110500 67630 229874 684988 504171 594862 514271 446671 125043 412166 534219 276663 202598 810998 618692 440339 755861 476311 624737 656804 406902 619828 630713 147834 531842 593813 625724 141348 453637 248915 305199
352653 476900 455348 202431 942988 451076 559661 809497 661735 954646 611155 371461 657947 441475 145760 781051 698019 1094239 624534 261142 383202 621739 534587 175516 784560 999999999 866058 71443 1028271 656008 379235 678359 821271 569544 366411 912889 861921 352075 295326 115832 98873 643588 608862 305240 843496 657774 558349 615356 711718 495921 599465 792497 47642 647840 942482 953952 756923 509209 130198 999935 540311 158438 330626 505959 567978 951708 757867 799032 629112 880545 735731 884410 617784 321846 861433 289814 651817 906837 445384 553254 508562 828089 176468 487207 533277 111462 354880 606716 544796 750774 485070 486697 770731 365493 201116 160429 788685 667915 1015682 1017516
633289 449801 956043 685870 895305 496150 660422 68509 834453 851288 1167496 536065 590645 883838 870341 1094143 1129273 865775 808703 994153 1058920 721394 704577 793978 751690 866058 999999999 922801 794945 411721 817731 216705 685486 398464 870878 594214 909255 516639 870886 752445 882423 507307 271023 585455 224654 1177570 356696 338587 162215 578822 850112 443872 821230 255176 890951 946938 1229805 384377 983328 833171 1023571 719657 538203 1128708 804208 685687 1059817 1001417 426288 740091 778102 981320 251390 612713 178513 818070 329777 828789 878457 339953 715255 947972 735921 379435 987905 760295 855064 261204 1168119 345090 1103750 379393 880339 937172 819000 800980 881913 316302 777076 678267
424095 545082 505931 272080 1010291 520761 629968 864321 726736 1023293 645414 440017 729222 499162 200690 833716 743235 1164222 690195 289909 412111 690612 603721 178648 853746 71443 922801 999999999 1098724 726120 441941 729015 891901 638213 423822 984332 927323 406312 351468 171219 69750 714926 660841 348739 909319 694724 624327 682576 771207 567357 662689 863270 117421 696835 1009905 1019795 795591 556786 120850 1069503 587434 204438 384724 535761 633200 1022880 812091 858540 699364 950705 803762 947326 672638 392733 925673 352438 719512 975430 503656 617354 577320 891147 204518 545977 583890 162564 413825 665593 572236 819822 516898 544505 835562 414459 264890 228149 853780 735387 1086276 1088899
682943 650206 726783 848806 198468 640751 468792 820264 431741 138559 835887 720388 379397 676478 918093 584558 704535 76572 452161 940715 907096 416200 499098 1098130 256995 1028271 794945 1098724 999999999 482415 688671 868176 207452 580304 733537 201600 294001 870099 794946 973988 1110727 427390 847301 954163 570299 806182 644093 590446 727983 544035 504076 368693 987062 887430 194059 248997 788342 899861 1066712 71990 720379 982914 878774 882593 505117 111474 562959 455995 494621 149622 321130 353334 808211 728451 617791 767613 561639 169038 668860 680279 527035 368551 1034408 780652 688188 988014 732735 749990 900232 476042 868935 792395 358091 788697 843894 872275 341267 560754 18114 133620
319661 191538 579702 454060 519663 205846 255482 405160 422839 489009 780106 289465 180423 506469 595893 682667 724682 558960 398178 684240 715784 310099 303813 671666 355772 656008 411721 726120 482415 999999999 457133 404854 311002 103438 514398 301756 512024 406398 538159 568690 715329 95828 371694 495211 244783 782764 162038 110098 284124 202753 442472 143286 608855 417048 516013 564846 825950 417456 738871 493805 634362 561384 419420 760441 398981 375456 648400 590880 27744 376764 371379 580507 334542 335515 286919 489147 90903 455218 499868 197869 320083 542292 604696 299800 597040 581578 502032 274442 796143 106120 737131 311306 472406 584256 526260 530539 475827 99007 465000 413176
195743 370781 143879 279782 574893 323441 242524 784515 286345 594999 359327 311092 363395 82934 243501 420649 373699 746425 251717 255221 259606 273071 197569 510593 432974 379235 817731 441941 688671 457133 999999999 705330 491092 423945 57405 619607 486958 447642 106275 377629 475861 393982 638967 481654 698325 382103 461452 485019 658363 254664 220748 553913 350999 692015 575004 580030 459929 592757 384527 648386 227251 411848 437711 311121 194120 632822 392902 421439 431237 539323 374630 505490 623549 240342 735219 89567 505805 547336 82192 482964 169373 449256 465889 493286 200556 389924 47750 579438 350409 562852 286366 501482 394537 127256 178119 222081 413095 522641 679009 708736
509985 343524 849009 517877 924443 389547 607208 148914 794438 891953 1064531 397262 576198 781360 706073 1045048 1053688 943831 761550 840555 921954 682934 640903 587483 759044 678359 216705 729015 868176 404854 705330 999999999 714704 339158 751988 670172 913213 327078 736245 562645 682467 492632 71141 382661 345336 1083855 273259 297824 146070 504120 791220 499574 636421 38497 920752 969541 1150315 174663 802293 890471 927282 524628 348234 1007995 741895 756938 1010801 972778 405455 778861 766911 978744 82905 473862 322072 684623 315090 859694 777426 239037 643128 936060 533431 215634 894973 568572 734663 138144 1049472 392651 982446 209904 863841 812094 666243 639285 870135 311687 850126 772026
475594 456016 548239 641588 211705 441055 262516 695640 267541 178129 689539 517779 174969 489928 713942 486453 579909 277308 275264 745828 724557 219029 296429 891774 92439 821271 685486 891901 207452 311002 491092 714704 999999999 397560 539726 163055 232651 672809 596826 766782 903283 236225 682501 754335 470820 669988 465381 420787 585664 337768 332063 243147 779773 727992 207664 261616 675209 719773 863314 192866 558665 776575 679875 717191 320264 143260 456972 364733 315719 68280 155554 307477 645542 521842 521245 565897 399640 145697 482124 503029 324820 288740 828586 596556 523032 780817 536897 585407 740762 341607 700331 608557 239482 599672 639333 666143 231376 403567 194421 222772
255585 93828 559031 367311 599266 121974 271848 374904 456933 574878 769233 198199 241039 486322 524884 711537 734198 656591 425684 627554 674784 344478 310999 572708 427226 569544 398464 638213 580304 103438 423945 339158 397560 999999999 479128 404572 577634 303137 489681 475691 622344 162390 293492 392159 286093 779239 69182 61097 246546 180570 460278 245580 521955 343679 596032 640158 833938 322358 661687 586349 625114 464593 316565 734653 412282 475536 677101 634137 85931 465275 429135 641125 260657 256800 316343 437872 86928 537328 480722 107013 318772 597298 505670 200551 589463 488057 464438 201410 773054 181957 710129 212396 524882 547517 460087 456774 531616 104196 563239 516154
242501 422237 106745 299113 609703 375202 297178 835966 318650 633992 316662 355266 418486 75346 223175 416784 351512 788674 287695 207179 202242 320724 250359 511840 476711 366411 870878 423822 733537 514398 57405 751988 539726 479128 999999999 672681 516944 480834 72605 382391 464972 451157 684441 506089 755149 345276 514216 540114 710678 311808 248128 610837 344536 736957 610193 610362 430258 632031 353153 690052 196454 421194 468973 258311 231017 682338 392199 434930 488406 584928 415482 528126 670953 280907 791603 88289 561802 586793 79991 534180 222749 472661 473268 538066 177397 393544 17971 628921 298738 620176 233115 545624 423980 69877 170306 218711 443105 578727 724652 759357
560243 485853 695480 719306 327284 486816 377875 618664 427163 272423 848847 570983 260733 631956 822416 648472 742692 275207 429948 873810 866406 360201 422389 956913 255401 912889 594214 984332 201600 301756 619607 670172 163055 404572 672681 999999999 381094 705423 721992 842073 985545 273019 653567 793066 369773 831326 462480 403743 528199 417069 487340 171951 868172 691213 322424 383387 838257 714770 972214 241310 714369 843068 716958 869838 468467 91490 619514 524798 319620 178221 317750 454966 613905 595848 418049 684274 371288 265422 624152 496559 450318 444916 890862 600727 677797 855761 667051 557206 895732 277585 851571 612019 401316 737159 747667 766756 391815 368034 183553 111682
559643 609813 479154 717686 106113 580268 345305 913118 200713 156918 551721 639337 337227 447009 730408 290581 413169 316355 237401 716483 658079 263031 344692 970654 157750 861921 909255 927323 294001 512024 486958 913213 232651 577634 516944 381094 999999999 805388 587334 837344 955329 420694 871116 875016 700244 517497 646547 615541 795785 454609 268821 472655 828458 920769 108804 93418 494497 887436 869319 225900 451512 859583 806925 612152 294126 319458 269400 162016 508135 203603 151699 74888 837508 615584 750576 575670 602864 128565 440420 684028 364804 74606 914685 762462 424606 851040 521980 777517 624001 564294 602210 774360 92964 557042 662436 701662 73955 610424 295842 393613
267589 220591 586552 201600 853294 232213 460243 458157 634603 841811 796278 166490 499172 530387 386411 848367 820396 945018 595363 526415 621011 543248 469465 289321 676577 352075 516639 406312 870099 406398 447642 327078 672809 303137 480834 705423 805388 999999999 445778 236907 367161 442809 257007 89599 528161 826009 258956 323805 368261 351444 603228 548576 309427 298347 850998 883979 907451 165230 475219 865673 673951 203155 21589 721449 555259 770676 816579 810844 386134 740735 654974 854683 266390 212196 535588 399367 362815 798658 528858 237595 457597 802172 225440 145021 648183 244018 462878 262466 763871 473199 696111 141140 730847 528899 358512 323628 743498 375106 853922 817082
237971 421603 164141 252035 678224 376458 344119 831085 387837 700163 354812 340504 463280 147805 150998 485999 411440 852488 355119 152100 188119 379234 301784 446231 539164 295326 870886 351468 794946 538159 106275 736245 596826 489681 72605 721992 587334 445778 999999999 320219 394126 485127 666812 459924 772606 391059 515786 549553 709017 337003 318712 646152 276089 717892 678528 680719 482703 603974 281991 754317 253250 361944 431549 275960 297719 738090 462541 507505 511102 645585 480210 600253 657394 262951 805752 52817 575242 652629 152595 531105 273328 544626 411953 520630 240696 330431 65356 620438 318317 644200 250519 526888 494426 85022 105612 154668 513395 592485 785255 813312
291373 381876 483918 125195 909129 363194 511965 694919 641710 913596 665932 279280 596211 452674 197404 796643 731428 1043504 602490 337877 452709 583420 496520 134233 741840 115832 752445 171219 973988 568690 377629 562645 766782 475691 382391 842073 837344 236907 320219 999999999 146754 569286 493330 191377 740616 707197 456392 516407 600043 430983 587633 709306 78109 532011 908041 926619 801728 393459 243305 952771 573437 48622 215372 570012 549122 889404 769946 795879 542888 829829 700418 869060 503129 247106 755561 295377 554146 866492 454725 447497 473637 812895 91839 374856 559013 14052 367166 494497 611208 657597 546760 373598 749614 402084 214615 165558 766254 569516 960131 950080
428826 528518 554097 266246 1033746 509685 644013 821770 755865 1042838 705185 425990 735706 539897 244542 879919 796024 1178494 718040 351275 474007 710135 622684 111782 871762 98873 882423 69750 1110727 715329 475861 682467 903283 622344 464972 985545 955329 367161 394126 146754 999999999 713392 616101 299811 884287 753044 601245 662130 735295 571199 695224 855590 126932 648804 1033044 1046743 852959 508415 189886 1085681 638619 165118 345873 597569 662083 1029744 856656 896603 689414 964493 825567 980044 631112 389712 897203 386836 700128 995218 543666 590332 597639 923670 149639 510724 632058 134304 453123 629433 635152 804200 577708 507908 864858 463963 298072 254574 882517 715292 1097481 1092513
292506 222855 504977 447227 437092 215985 169849 500687 327772 412798 697778 299000 85179 432787 564059 587675 634168 502644 304558 635693 653282 215788 220553 684257 266873 643588 507307 714926 427390 95828 393982 492632 236225 162390 451157 273019 420694 442809 485127 569286 713392 999999999 453101 527720 330035 696971 231179 194860 378299 153196 351199 161037 598011 501383 433801 479002 735551 483862 711992 427167 552418 570164 451986 686727 309975 328998 553492 495075 87533 304340 276948 487495 418119 323838 375448 440062 184373 374938 425693 269056 240941 447741 618460 360347 514652 582924 440927 357864 720451 183362 664420 372355 377260 520565 490812 503638 381294 194236 411126 382428
443261 283778 782824 446736 889324 328234 554220 206831 742215 860601 998291 329205 534249 716209 634932 988897 992100 923635 707955 769593 851954 632464 584863 524074 719745 608862 271023 660841 847301 371694 638967 71141 682501 293492 684441 653567 871116 257007 666812 493330 616101 453101 999999999 316853 358237 1018995 224793 261720 157460 447785 734621 481618 566426 53805 885864 932098 1087681 113540 732026 864237 862513 456419 278326 939513 684989 737085 954852 921786 367878 748455 722389 934310 40127 405074 344406 615471 286188 825825 712540 187833 585113 889542 467856 146543 830906 499659 666976 97596 981159 377847 913943 139930 816805 743538 595466 568187 824263 286573 829431 759410
321693 307294 612814 208127 928587 313622 530267 523273 696215 920258 814718 238669 579700 564195 372103 895255 854639 1028510 656407 515505 621189 611985 533414 209183 752611 305240 585455 348739 954163 495211 481654 382661 754335 392159 506089 793066 875016 89599 459924 191377 299811 527720 316853 999999999 613956 849277 348431 413299 445162 425383 658047 637719 269337 349149 926532 956586 936344 208756 434374 947028 702403 146925 76111 730332 611936 856461 864772 868341 474362 821825 726428 920364 334350 264140 618799 419604 452278 876091 563842 326055 518276 866516 151009 228588 680301 193847 488543 340769 772614 562733 705630 222578 796607 544901 361729 319031 810378 464382 938272 904642
541381 371062 824111 644231 677237 407177 498139 256126 652276 630577 1024636 475626 404598 750803 809990 910558 963990 641239 632654 913146 954821 543497 547561 816986 544694 843496 224654 909319 570299 244783 698325 345336 470820 286093 755149 369773 700244 528161 772606 740616 884287 330035 358237 613956 999999999 1026128 285150 231049 202436 444023 680984 227848 795990 376766 672734 730332 1065369 456010 943476 609553 878901 720235 547382 1004392 639937 461263 876937 807164 268580 521142 579978 774000 320345 541190 50425 721606 199167 610966 744299 294115 564702 745735 751766 385438 841472 751558 741831 283868 1040527 147265 980825 392135 682100 824731 746118 741299 681080 181901 552441 454728
576980 743109 239670 641223 622915 695966 527989 1151840 404607 673161 55749 692827 631404 302812 517122 247603 108329 833851 408252 405645 286757 492990 478952 825424 580078 657774 1177570 694724 806182 782764 382103 1083855 669988 779239 345276 831326 517497 826009 391059 707197 753044 696971 1018995 849277 1026128 999999999 827996 839018 1023680 598752 352897 835813 652069 1072398 625959 592831 102176 974702 586913 741682 156575 751107 814246 169489 387937 802372 255086 361015 761604 682792 514456 479078 1001357 622245 1069646 429827 851423 637173 306485 854142 464196 444545 798867 874236 190176 716117 363204 953832 149344 880244 181860 882788 449093 306494 494925 542991 465142 866758 804921 883222
277816 94430 601217 359784 668232 139660 334182 324285 521186 643066 814524 193058 310182 529845 531589 773008 788810 720586 488550 645293 703427 409801 369676 540955 496408 558349 356696 624327 644093 162038 461452 273259 465381 69182 514216 462480 646547 258956 515786 456392 601245 231179 224793 348431 285150 827996 999999999 64877 197045 234353 519966 296596 510856 275664 664965 709327 887438 256019 660269 652818 672335 438677 275327 772195 471098 537494 738665 699634 150534 532791 497596 709522 193107 264364 305321 463066 103859 606023 524855 37886 374279 665037 474431 138255 637822 467700 498368 135131 811838 214349 747175 149555 592416 580531 472597 462078 599601 116622 626772 573339
313951 140124 619983 414545 628342 177089 325908 318225 507615 598881 829734 245234 278936 547194 579153 764665 791938 667014 478190 685665 735215 394246 367610 604611 461267 615356 338587 682576 590446 110098 485019 297824 420787 61097 540114 403743 615541 323805 549553 516407 662130 194860 261720 413299 231049 839018 64877 999999999 190754 240326 515521 235056 567728 307910 624794 672319 892083 311094 712696 603687 685346 500773 340013 795750 468317 482016 730202 682340 107650 486812 470424 681812 225006 310300 257893 497495 39086 564411 541534 93733 377026 640551 537906 199693 649479 528111 525335 164737 834135 149477 771223 210377 569010 608380 516326 510324 574294 53175 572840 513695
471720 288667 798229 526459 797179 335489 516556 128440 697957 760583 1011234 373966 463477 726704 709432 955401 980708 802985 668911 832068 897108 584464 557337 654025 638874 711718 162215 771207 727983 284124 658363 146070 585664 246546 710678 528199 795785 368261 709017 600043 735295 378299 157460 445162 202436 1023680 197045 190754 999999999 426322 705975 359739 665956 174941 793229 844950 1080309 262797 825838 754214 868488 570663 389445 968859 658423 616515 920939 871357 291713 647247 655136 864625 122038 450507 187070 656202 193932 731361 721621 177918 565246 826002 592519 225262 833552 608843 694603 105875 1008681 252222 943762 227414 755490 776319 657037 639913 759542 185373 709878 627884
143313 165650 382290 306164 503232 128017 111753 554759 297543 496187 589782 186887 165253 309021 410975 541294 554914 615074 261461 485578 513031 194877 137091 554133 327307 495921 578822 567357 544035 202753 254664 504120 337768 180570 311808 417069 454609 351444 337003 430983 571199 153196 447785 425383 444023 598752 234353 240326 426322 999999999 287178 312664 451585 501112 501154 532590 654114 441121 559300 527709 445100 438917 354338 561082 237778 458711 507169 477843 176599 402973 303668 507109 421789 184483 482146 289650 255327 451273 302973 265543 139926 456718 490823 318875 409154 444949 299284 367330 598093 308760 537225 330179 384132 381626 337616 351493 395273 271559 529760 521945
337181 451229 222779 475920 363172 409058 189863 833746 73386 392287 363620 440867 279946 179493 463793 254292 283008 551691 57393 449624 403467 140389 150371 721853 251214 599465 850112 662689 504076 442472 220748 791220 332063 460278 248128 487340 268821 603228 318712 587633 695224 351199 734621 658047 680984 352897 519966 515521 705975 287178 999999999 483292 569266 788085 363966 362239 384389 719513 600684 452827 227127 616066 599376 385244 49778 473010 220355 211047 424690 361501 184113 284946 708961 394487 726641 310273 520343 346471 172558 552387 150633 228629 671291 601443 191032 600757 253396 654069 408954 533861 368950 612172 175857 291384 398492 440674 194982 534010 497847 553835
446870 334775 658791 591951 451513 346219 320640 459065 442761 408011 842183 430787 205211 587953 721713 695362 762665 444257 429801 796690 812584 342929 371723 814604 318149 792497 443872 863270 368693 143286 553913 499574 243147 245580 610837 171951 472655 548576 646152 709306 855590 161037 481618 637719 227848 835813 296596 235056 359739 312664 483292 999999999 745851 519687 447132 503667 863232 544916 868190 395512 698622 703689 562139 840176 449198 257373 662641 585687 167139 296255 358433 546672 441975 470657 278262 600977 200688 385017 580598 328714 395207 520281 747681 434280 660696 722418 601141 385315 872116 107520 818708 445190 459224 679869 649366 659279 456695 196425 350621 279560
308298 429265 439401 154991 906949 403714 519146 765498 629165 916654 607876 323844 614621 418467 135002 761240 685238 1053933 591217 267760 386571 583786 496374 173359 745862 47642 821230 117421 987062 608855 350999 636421 779773 521955 344536 868172 828458 309427 276089 78109 126932 598011 566426 269337 795990 652069 510856 567728 665956 451585 569266 745851 999999999 606778 906278 919818 749338 469296 166467 960419 526807 125483 288190 506994 535409 908663 736649 772387 582039 840012 698903 853867 574005 275357 814210 262872 604175 868965 421707 506146 471060 797484 156233 441974 516619 78428 331437 561274 547220 703256 484784 441867 738130 352270 174828 128929 755722 620275 974169 973500
496273 337454 835892 493214 936245 382028 606953 187274 794859 905855 1051299 381710 583587 769591 681135 1042335 1045894 963465 760887 817489 902210 684625 638204 552221 768255 647840 255176 696835 887430 417048 692015 38497 727992 343679 736957 691213 920769 298347 717892 532011 648804 501383 53805 349149 376766 1072398 275664 307910 174941 501112 788085 519687 606778 999999999 932686 980002 1141412 140401 773044 907085 915955 492738 319100 991353 738486 776578 1008256 974190 415156 793191 772807 984801 83291 456978 356118 666872 329155 872171 765982 239395 638724 940687 499421 198916 884483 537400 719422 143525 1033112 413848 965774 191492 868080 795386 644215 615314 875178 327645 869452 794953
621769 643029 581180 785210 4926 620080 399992 902934 291724 56806 660525 687996 358272 543448 816680 394734 521000 208147 323483 813563 761383 324631 411645 1039419 174448 942482 890951 1009905 194059 516013 575004 920752 207664 596032 610193 322424 108804 850998 678528 908041 1033044 433801 885864 926532 672734 625959 664965 624794 793229 501154 363966 447132 906278 932686 999999999 61263 599709 915512 959480 122729 558432 926043 855069 719729 381029 244760 375859 267795 517987 151647 207765 159592 849776 675138 722968 661730 605781 62243 536458 702848 435641 181646 980433 790786 530296 921972 613445 789467 732368 548539 709139 802827 193002 655194 746090 782205 173686 610442 199342 309044
645257 681292 570939 805716 56345 655278 426582 956951 293687 116339 630942 719076 399788 540278 823392 353783 485855 250834 329600 809525 748895 346713 431363 1059398 213150 953952 946938 1019795 248997 564846 580030 969541 261616 640158 610362 383387 93418 883979 680719 926619 1046743 479002 932098 956586 730332 592831 709327 672319 844950 532590 362239 503667 919818 980002 61263 999999999 558587 956618 962696 177020 539101 947407 886775 698021 386715 305921 338785 231819 564858 210412 230355 114828 896828 700266 780670 668536 655334 119957 533731 747170 453073 152245 1002303 831548 513915 940405 615364 836509 707409 603198 689372 843556 186382 649973 754962 793578 167325 660919 256186 368776
