NAME : synthetic_000782
TYPE : CTSP-D
DIMENSION : 100
GROUPS : 8
RELAXATION_LEVEL : 1
EDGE_WEIGHT_TYPE : EXPLICIT
EDGE_WEIGHT_FORMAT : FULL_MATRIX
EDGE_WEIGHT_SECTION
999999999 846325 629114 662191 572365 560592 427876 1013141 403925 820792 766212 588729 639526 925223 470194 668010 191185 68369 795651 158757 861729 448919 555656 511303 812903 241847 644311 199278 1133073 455375 909300 404944 788951 430668 792259 44808 451433 725370 748096 683356 892224 666811 592136 810585 791067 738065 829640 709138 901826 296563 1005159 172560 464288 601290 537791 402714 252486 183377 732505 380266 876370 41634 989596 151959 735984 868163 548312 798065 814118 913509 947877 479831 798659 521457 848567 951442 780978 883960 478784 268881 716931 822648 108909 1103338 246280 814605 858749 700252 102675 350440 934299 42410 695425 980038 591034 381901 942793 851243 346701 114403
846325 999999999 349164 206858 707475 299570 998468 760098 835555 122700 998275 671013 1070357 744122 395715 281604 658498 851683 637663 697283 119259 845762 392311 345302 1046557 690485 203097 771727 809320 429876 853565 444612 1173572 433847 117399 806057 396092 1144060 1217723 1076703 778739 184249 548087 1077704 1072366 1080225 632393 315525 900498 554731 562112 717289 429464 331030 340834 931689 620412 744023 283541 767444 825100 835766 557599 948552 149597 363418 372745 1137786 473397 653563 572119 648976 87932 509180 280236 660040 1180823 746546 370252 859914 1207580 556628 945797 781708 787741 862943 413807 752932 948652 766556 401338 805581 348509 631016 255656 502731 403850 587693 501158 894232
629114 349164 999999999 322866 358339 161099 670817 522269 503294 254145 652754 322410 723049 471560 187062 67955 444013 609821 337856 517226 291114 506956 73684 183917 702414 570174 221287 493404 613127 390594 549883 266216 824443 359075 388169 599413 287234 795286 869891 727902 484919 280262 199895 731813 725458 731217 348249 80203 586459 401027 413408 560567 168264 47995 351391 603588 376671 599574 107913 439152 517038 634484 400224 764686 356364 241837 414617 789290 233799 403813 377479 305732 264273 166510 221867 428133 831662 457005 286054 557098 860983 290668 737809 581634 492582 534365 244225 413532 722395 444765 309491 595933 70350 428257 220203 423619 317738 327379 350769 711914
662191 206858 322866 999999999 650540 186167 876294 827285 725096 254106 954638 621974 984756 787934 262127 275331 482196 676739 659063 507248 282011 744892 325480 210619 1006475 487939 102304 618760 901469 225303 872624 280717 1105495 235456 130071 619763 214831 1066199 1132079 1000292 806342 47225 507588 1031683 1022485 1016200 665909 338925 909041 365759 668870 520615 312728 281629 135277 812169 459970 544146 323483 655291 839894 646869 660055 752542 73806 462006 167484 1078239 527909 710811 657098 567325 207799 439938 388144 728272 1109561 777438 186071 719139 1116536 600403 756127 871145 644791 854029 497713 728283 764799 647249 519292 620277 362489 714449 115374 300204 524610 636221 316535 698864
572365 707475 358339 650540 999999999 464504 381936 455585 229962 606701 304548 42016 371928 362257 407569 425919 461814 518849 254104 550451 639861 205548 327696 449381 356974 655918 558509 374605 579475 614578 338032 444581 466104 571000 739001 567264 513072 438751 516004 371455 321685 616195 160958 381144 372226 372999 292345 404358 338012 518349 519905 607662 351668 382469 623131 322812 387656 649139 440034 205941 304440 599883 503916 723960 699809 483244 680965 431997 362554 375694 449068 108458 621950 210607 519989 415865 473485 317291 531104 357669 510582 321823 668576 552288 335522 254987 442196 128886 628762 232859 527718 560420 371498 459706 535477 602572 535536 335648 499553 684385
560592 299570 161099 186167 464504 999999999 706725 683350 549038 260357 768791 436658 801992 631375 96263 145336 369580 558441 495133 423175 301186 565303 142499 49325 820794 448661 103882 472229 772447 235327 702417 156772 920192 209865 288255 523506 141937 882148 949699 815867 641128 155493 325176 845638 836340 830428 507986 210948 734361 287309 562185 455366 134218 113386 190312 640899 323215 489614 214526 479499 668521 555916 550291 678273 241347 369919 253579 892260 391978 564900 533444 382108 239630 253957 319639 588742 924628 614495 132294 561457 935442 451763 665025 741070 488717 674549 387796 546192 661212 474901 436613 521879 221138 586339 70978 280256 443926 488473 231817 623779
427876 998468 670817 876294 381936 706725 999999999 811460 168325 922219 399741 421519 220212 715949 616455 735290 463361 359889 631303 517429 960796 177496 611165 669318 434049 634412 810548 291674 934724 742160 641231 601840 366312 701396 993325 453893 676706 300897 320640 268998 659940 857740 512255 418893 397626 331917 669548 738528 608833 584753 901671 563760 572596 673394 793858 67266 438333 592047 772954 232251 617401 469111 885723 544036 942676 850554 833228 384577 740263 749657 830427 372568 922960 505284 872347 789458 356390 667451 704196 179040 290588 703758 472588 911033 246587 526162 815573 465986 417429 232137 901654 446452 709798 837363 768681 691734 909818 716567 603661 530817
1013141 760098 522269 827285 455585 683350 811460 999999999 680493 637773 507003 429429 707999 95578 690645 553997 869858 965991 218993 958032 645921 648020 561482 702353 524375 1043641 726550 821614 124290 908798 208935 761828 712466 873404 849723 1000619 801907 727761 810526 676791 155895 780628 431775 565999 576120 632692 189222 488534 268784 880725 232408 1012103 648706 570144 873573 762513 791067 1054339 505207 661384 213662 1035290 227294 1164743 838525 397733 936714 655836 299454 118461 191972 534169 680268 518023 480445 100490 729427 144012 805141 813224 823887 231627 1115044 99645 787699 313665 346310 346417 1079122 687617 375812 994548 467551 136665 738516 930714 377050 194917 841388 1120365
403925 835555 503294 725096 229962 549038 168325 680493 999999999 755680 362659 265603 276889 585555 463035 568408 367170 339371 484065 441243 793854 44999 445514 515196 410522 559558 652772 214524 804782 614897 534731 460399 419749 571882 837192 414040 536557 365423 417254 308093 537136 702762 345834 411790 393468 350302 522306 570264 515521 471535 746502 495551 415158 507782 655170 101807 319283 531581 604770 69811 505652 439984 730390 546879 788484 684000 700834 414231 577826 605507 676835 204627 758146 337321 704164 645678 417349 538488 562387 144979 396855 547877 482261 778692 161845 427985 650750 336706 434331 83158 736715 406389 541474 689532 614024 575461 744982 564311 478346 517854
820792 122700 254145 254106 606701 260357 922219 637773 755680 999999999 889273 568205 975462 621634 352031 187439 629663 816402 517688 682348 41201 760840 311424 309682 936193 696624 195507 719804 690013 450041 732713 416956 1071085 441761 220097 783862 387713 1045403 1121586 978063 657265 213058 445771 968806 964651 977031 510978 204309 780804 543545 444582 711372 371617 249541 369369 854963 579264 743228 169727 689984 704884 816182 439036 937411 227322 242199 416650 1032651 351134 530863 450750 559872 49152 420344 159175 537598 1079422 624884 367372 797394 1113774 434694 925376 661843 728310 746451 291478 641160 921034 693055 285184 782227 237811 509731 245636 514516 288665 465316 487898 882830
766212 998275 652754 954638 304548 768791 399741 507003 362659 889273 999999999 333335 220008 422579 710746 718379 713048 700700 414980 794651 918164 317810 630338 753706 53295 910304 861125 575699 616680 910718 301178 741509 208756 866647 1039087 776509 812965 221426 303574 177974 355260 919346 453299 79534 77902 125933 443999 685194 248646 796126 677196 850819 654903 682173 925602 384042 650319 888902 719550 400325 293552 802627 663840 906312 1002054 720830 982024 155854 584218 496530 606307 399937 910946 514843 777377 529016 224336 378578 832608 500852 318507 512007 839259 601093 523765 195186 669362 250394 788286 428324 746054 768878 651709 586523 839767 890034 752239 503787 786922 879740
588729 671013 322410 621974 42016 436658 421519 429429 265603 568205 333335 999999999 412929 338205 386137 389471 466303 538258 220961 555615 600703 244358 297088 425057 384679 657007 527798 393593 552409 598756 329539 429366 503146 555753 706321 580610 494888 478045 556183 410912 303799 586093 122975 411459 403972 409404 258736 365033 337159 512686 481469 612415 330561 349287 601752 361086 389884 654355 400607 234175 294757 614129 465406 740681 668731 441231 660964 466895 321048 343199 411342 111091 584886 183628 478556 383253 511229 295500 511218 386846 551494 282942 687856 524338 358283 259026 400295 126184 650295 259070 485891 574030 331940 424756 507536 591776 493737 298724 489669 699105
639526 1070357 723049 984756 371928 801992 220212 707999 276889 975462 220008 412929 999999999 617089 724269 790978 640207 571171 573436 708001 1009906 245101 679872 774399 237261 826914 903486 476249 824098 890401 510653 731723 149594 847012 1088251 660685 807721 89146 147889 51039 552292 957485 531627 211889 190641 117902 608530 775142 463736 748293 848987 759335 672066 739837 926101 237443 596065 791870 810879 341605 496377 679830 834185 762705 1043304 850025 974407 164658 721336 675983 776160 422776 987079 561470 891349 712660 143330 569627 832305 374361 138685 663388 691674 805592 424178 396234 804867 393171 636899 359856 888268 653038 742644 767561 870618 852340 895539 664912 754707 746593
925223 744122 471560 787934 362257 631375 715949 95578 585555 621634 422579 338205 617089 999999999 627518 512618 788298 876259 141838 877187 635694 552647 500911 644892 445089 967329 685816 731636 219581 848785 138783 694783 630423 811265 824225 914475 740806 641387 724883 587945 67496 742379 354102 486587 494814 547172 123392 451069 200042 807734 271072 932220 581770 518333 821126 666965 709631 974533 473305 568196 131511 948760 260883 1077103 807040 392064 884458 574963 270956 97514 209830 445403 660126 443112 470830 115113 646652 48675 746799 719507 736467 189716 1025714 195084 696141 227416 336840 250868 988495 594918 386539 908205 425525 172424 691467 864702 389833 156591 771549 1033896
470194 395715 187062 262127 407569 96263 616455 690645 463035 352031 710746 386137 724269 627518 999999999 204952 279153 464442 486519 340893 393190 483042 129795 52922 763660 383941 196799 376017 790251 222337 680624 79413 848937 183751 377025 435005 114163 807058 871145 741878 627056 241295 290450 785224 774195 761762 506061 259084 705381 215436 600080 379279 55904 145340 215735 551493 227896 416674 274191 393224 645609 468495 586638 594356 326339 424391 275026 824991 416410 573337 560988 313454 334738 205152 388127 602152 851990 603785 125883 466748 854921 461718 576355 758634 393525 637650 431077 505223 569522 385931 492387 432795 257087 608949 152247 240941 500350 497767 163861 540303
668010 281604 67955 275331 425919 145336 735290 553997 568408 187439 718379 389471 790978 512618 204952 999999999 478931 654277 385664 545371 225510 573463 126576 183541 767516 585617 173366 545416 635214 380333 601272 282722 891992 354947 326611 635424 285620 863191 937845 795805 532693 229876 266620 797623 791701 798622 390843 67598 641282 418960 417847 584161 204137 68212 327085 668024 417554 621162 70427 503161 569575 669746 406390 797577 299448 225162 388745 856331 256025 436625 393041 372857 196339 233041 183214 456206 899352 503122 277622 615605 928869 325357 775811 604190 548783 593700 243027 476428 764375 507228 292421 632599 87186 447955 186737 424427 299962 361414 365327 743860
191185 658498 444013 482196 461814 369580 463361 869858 367170 629663 713048 466303 640207 788298 279153 478931 999999999 194714 651006 89426 670632 407114 371513 320340 764537 197677 455664 171729 984821 295722 795831 214744 786113 261894 611693 156501 267782 729350 771932 674691 765409 482075 438615 772015 755173 716951 681563 523331 799784 128934 834998 146131 276680 413159 367195 413619 78793 188068 544868 314461 761048 190940 819932 320711 555724 685241 390832 781177 643470 762367 782670 355966 608188 357143 660803 798161 782685 751769 296258 284761 746354 662890 297388 954047 219083 716321 680300 589301 291735 288721 752333 153865 512188 820275 402844 233740 760718 694464 167065 268346
68369 851683 609821 676739 518849 558441 359889 965991 339371 816402 700700 538258 571171 876259 464442 654277 194714 999999999 750337 193504 857582 384326 536181 509797 746751 294521 648599 144667 1087347 481717 853578 407075 720585 452111 806353 97542 462488 657010 680323 615119 840233 676627 552752 743605 723936 670182 785413 689980 843487 316437 970871 222575 450484 586425 558858 334463 237683 241486 715751 320969 821293 109246 955071 208573 750338 844658 576472 729945 781249 869997 910950 431895 798054 488532 831336 908635 712615 833674 490916 201489 649419 783667 149749 1058145 186058 755926 831177 645332 116020 291361 909485 90857 673450 940094 596260 412088 918047 810630 360705 179195
795651 637663 337856 659063 254104 495133 631303 218993 484065 517688 414980 220961 573436 141838 486519 385664 651006 750337 999999999 739358 538222 457840 361193 505803 451881 826984 556799 606622 337427 708287 216961 553035 620209 670244 706924 782149 600155 616294 700108 554840 147281 614758 213756 490461 492687 528659 38340 329543 263128 666321 276518 793732 440102 383208 683727 575142 572213 836008 356751 455011 187457 816965 261338 946946 684454 313439 746960 570347 176441 122250 203664 318934 550818 301860 380920 162293 633626 119372 607043 607665 704874 97547 898713 307876 575639 238695 259221 180270 864512 479260 331795 776164 300384 206222 557850 722989 337713 91549 629736 901971
158757 697283 517226 507248 550451 423175 517429 958032 441243 682348 794651 555615 708001 877187 340893 545371 89426 193504 739358 999999999 722613 483297 446672 374297 845420 118930 497892 231777 1072144 296719 885115 266875 856010 273468 637081 114431 301286 796907 833632 745445 854789 515143 526398 850851 833324 791317 769410 594931 888462 142632 916478 57329 349034 482291 380218 474843 167618 98777 613586 394397 850371 139621 901674 255129 580846 759033 389572 854847 725427 849553 866246 445123 655940 443176 728542 884872 851262 840977 327185 339511 806025 748480 249134 1041235 283970 804568 757776 678267 259776 367000 826713 116402 586775 905425 444323 223212 834963 780681 196524 200606
861729 119259 291114 282011 639861 301186 960796 645921 793854 41201 918164 600703 1009906 635694 393190 225510 670632 857582 538222 722613 999999999 798058 350693 350507 964248 734879 232398 760777 691131 485554 751210 457634 1102789 479076 229838 824637 426748 1078562 1155503 1011302 674635 243960 478961 997643 994113 1008551 528905 235678 801069 583319 443373 750937 412642 289139 402867 893531 620463 782331 200195 728645 724518 856841 439268 977598 246265 248189 447397 1063269 367339 542731 456168 596591 74890 457617 165824 546522 1111545 641873 405684 837678 1148403 451581 966129 663886 768878 770374 300814 668927 962073 732277 282453 823056 268897 514815 283752 551586 284770 480418 527729 923003
448919 845762 506956 744892 205548 565303 177496 648020 44999 760840 317810 244358 245101 552647 483042 573463 407114 384326 457840 483297 798058 999999999 453704 534305 365997 601165 668402 258586 772216 645559 495541 486865 383365 602064 853385 458743 562947 332091 389545 271819 501766 720238 337115 368216 350252 309963 496181 569996 474049 507097 725380 538152 432732 515618 681449 117384 355170 574736 605113 97101 467423 484901 709369 591687 806171 674818 729319 374401 562823 578040 654616 202079 766175 340512 700139 618118 382292 504962 587867 188573 371992 527086 526749 746871 206200 386837 638687 302187 478339 118874 724766 451104 539912 664019 632141 609524 732881 541114 510575 562850
555656 392311 73684 325480 327696 142499 611165 561482 445514 311424 630338 297088 679872 500911 129795 126576 371513 536181 361193 446672 350693 453704 999999999 144834 681763 505494 230907 421263 660467 348148 563015 205375 790059 311935 411985 526418 240605 756186 827635 689117 504791 289013 182785 708085 699777 698478 378472 153886 592996 336329 475208 491742 98480 62276 324470 543949 303175 531521 180330 378933 528670 561602 461208 692211 372133 313729 387294 758896 288346 443872 432818 257295 312782 119183 295284 472376 795806 479816 245934 489057 816285 331986 664410 628850 422671 532094 311397 403837 648715 381644 380893 522820 140686 479684 212285 370731 389254 368119 289024 639731
511303 345302 183917 210619 449381 49325 669318 702353 515196 309682 753706 425057 774399 644892 52922 183541 320340 509797 505803 374297 350507 534305 144834 999999999 806313 403563 144594 426928 796501 207058 707139 107599 897031 175400 324108 474184 103929 856410 921592 790829 649618 188423 321286 829221 818862 808877 521993 245373 735410 239848 594576 407557 102425 136788 180573 604263 275540 442535 253932 445394 672584 506628 581989 629327 273633 408405 242905 871646 417713 584092 561258 359690 288343 241625 363198 610337 900558 624587 102831 519246 905919 471169 615705 764956 445814 671243 421777 540318 612018 438595 475882 472554 250248 612125 99363 242149 483470 507755 184745 574870
812903 1046557 702414 1006475 356974 820794 434049 524375 410522 936193 53295 384679 237261 445089 763660 767516 764537 746751 451881 845420 964248 365997 681763 806313 999999999 961544 912370 624504 628316 964012 315653 794790 189394 919942 1089473 824534 866178 217763 294432 189348 377673 970755 503501 41636 54521 125930 478572 732512 258095 848935 706675 901353 707794 732809 978644 424454 702626 939069 766511 451039 313815 849928 693935 951051 1053106 761511 1035195 131861 624272 524985 637083 453178 959012 566920 820609 555296 207342 403786 885730 545952 314772 549401 883165 615095 572196 221053 709057 295326 831377 478618 783676 816876 699091 613272 891755 943173 789559 538536 840094 925939
241847 690485 570174 487939 655918 448661 634412 1043641 559558 696624 910304 657007 826914 967329 383941 585617 197677 294521 826984 118930 734879 601165 505494 403563 961544 999999999 502913 350671 1153431 262937 985780 304544 974935 257470 613272 199696 309958 915799 951815 864330 950196 506451 613358 968024 950770 909798 854434 642864 993054 169290 980702 72231 407655 529236 353061 593337 268273 64600 655897 510728 950626 207121 966671 274858 558544 808077 342858 973464 792662 931338 936355 548466 663371 525647 766742 964653 970184 933976 329264 457410 923818 825450 299038 1122092 402898 910898 814382 781845 328649 483995 876036 205198 640484 979844 451146 187929 883917 859422 220517 225494
644311 203097 221287 102304 558509 103882 810548 726550 652772 195507 861125 527798 903486 685816 196799 173366 455664 648599 556799 497892 232398 668402 230907 144594 912370 502913 999999999 571284 803638 254933 770658 241524 1018872 246678 185043 604717 197434 982542 1051326 915921 704076 59235 410509 938978 930662 928090 563663 238042 807742 356171 575713 522071 238100 181901 178276 744771 417965 551865 225322 583289 738087 635214 566009 751418 141375 370916 232689 989088 427526 609610 559651 481893 160535 348712 302992 628024 1023923 675136 174351 663544 1037734 498691 745215 773018 590287 754269 402303 630176 746396 578773 431965 603959 260550 616284 53571 319232 438011 534667 301390 696862
199278 771727 493404 618760 374605 472229 291674 821614 214524 719804 575699 393593 476249 731636 376017 545416 171729 144667 606622 231777 760777 258586 421263 426928 624504 350671 571284 999999999 943276 458075 710514 338076 624486 419774 744118 201910 407341 565131 603139 514269 695733 609149 413208 626301 607874 562035 642091 572341 702552 295629 833708 283620 348232 477356 519216 244031 159606 318044 601199 181728 677852 230844 817751 349876 689915 719516 551692 624915 646121 726886 771815 287791 708278 356243 714637 765809 619535 689009 436125 113094 576501 643369 294341 914248 53048 615365 701311 501746 257891 151932 782304 194414 552125 798805 522520 402490 790895 669174 321180 313121
1133073 809320 613127 901469 579475 772447 934724 124290 804782 690013 616680 552409 824098 219581 790251 635214 984821 1087347 337427 1072144 691131 772216 660467 796501 628316 1153431 803638 943276 999999999 1003523 315549 864407 817687 970479 908334 1119143 898537 838095 919578 790393 275919 854276 546312 669548 681652 742548 304047 567843 370302 988056 248738 1125229 752201 660994 960952 886466 906170 1167294 578447 785102 327766 1154084 251875 1284308 903999 448599 1023349 760123 380549 222626 244402 655509 735963 629548 530988 189006 835406 267610 899058 937144 935125 329344 1235988 31617 910436 427883 405165 470398 1201053 811077 409289 1113243 551907 187418 821923 1031191 407898 294346 946016 1239009
455375 429876 390594 225303 614578 235327 742160 908798 614897 450041 910718 598756 890401 848785 222337 380333 295722 481717 708287 296719 485554 645559 348148 207058 964012 262937 254933 458075 1003523 999999999 902393 170004 1026814 44159 350558 411149 108223 977629 1032117 916124 849390 247410 511542 981309 968115 945806 726595 446272 925457 167030 797493 300712 273313 342972 90153 684598 303830 320748 448415 548797 867264 434352 785517 531369 295626 603513 95192 1010419 624278 790699 767224 511490 411608 423848 546764 817343 1027053 825957 104554 568948 1010781 677944 541194 971987 496595 854973 623104 721638 556347 531829 669231 412970 455093 818813 209219 76521 676224 714464 138518 478589
909300 853565 549883 872624 338032 702417 641231 208935 534731 732713 301178 329539 510653 138783 680624 601272 795831 853578 216961 885115 751210 495541 563015 707139 315653 985780 770658 710514 315549 902393 999999999 738689 504281 861806 923825 905238 794600 522604 604394 475337 78978 829165 391034 357246 367903 427088 222324 546429 61546 836637 409819 941950 629269 593217 887413 601456 719316 983870 573636 533834 35465 937663 399409 1060389 900574 515477 950034 447323 384282 232539 347043 440106 767132 480149 589781 253883 521540 112122 805158 677290 619579 300009 1002804 300234 668049 116530 459747 209283 960218 562938 518130 898359 516875 311125 768005 907098 522166 274484 808023 1021946
404944 444612 266216 280717 444581 156772 601840 761828 460399 416956 741509 429366 731723 694783 79413 282722 214744 407075 553035 266875 457634 486865 205375 107599 794790 304544 241524 338076 864407 170004 738689 999999999 863994 126502 406579 367076 76176 817463 876160 754338 689654 272715 348110 812934 800224 780677 575093 338373 758959 136375 678704 302012 113220 224696 194801 539843 179876 338475 352546 391847 703340 399226 665097 521802 351979 503647 243796 844988 493587 645523 638126 341835 393717 258540 465431 675717 865280 668197 102520 439445 857051 535162 508521 832810 365021 686626 510366 553116 506314 378817 571631 365650 336370 684896 189404 169992 579560 570731 84554 467380
788951 1173572 824443 1105495 466104 920192 366312 712466 419749 1071085 208756 503146 149594 630423 848937 891992 786113 720585 620209 856010 1102789 383365 790059 897031 189394 974935 1018872 624486 817687 1026814 504281 863994 999999999 982977 1201926 810276 939279 66391 111595 111695 562957 1074941 626047 148457 136384 94430 650774 867285 447413 890357 885667 907945 794838 847219 1056710 387037 738261 940947 902620 480347 500187 829340 872169 910267 1160020 919667 1107743 58066 784787 705242 814486 538185 1087860 670958 970864 737737 19518 587073 962528 523878 140206 716236 838891 804190 572042 403407 869996 447461 783727 501416 949108 802627 833941 795276 990303 992817 955620 710237 893268 895417
430668 433847 359075 235456 571000 209865 701396 873404 571882 441761 866647 555753 847012 811265 183751 354947 261894 452111 670244 273468 479076 602064 311935 175400 919942 257470 246678 419774 970479 44159 861806 126502 982977 999999999 364516 387244 71966 934080 989136 872378 810101 249600 470775 937162 923957 901757 689666 419298 883838 135712 769637 285254 232582 312178 107207 643045 263454 310259 424391 505423 826586 412844 757196 517202 308471 579781 132137 966354 592743 755663 736542 467556 406656 382368 527318 783344 983328 787274 78250 529591 968114 643356 521491 938889 456629 812548 596196 679112 532755 488899 646431 388366 425581 786941 196503 72967 653698 679695 98611 463434
792259 117399 388169 130071 739001 288255 993325 849723 837192 220097 1039087 706321 1088251 824225 377025 326611 611693 806353 706924 637081 229838 853385 411985 324108 1089473 613272 185043 744118 908334 350558 923825 406579 1201926 364516 999999999 749783 343963 1166745 1236120 1099954 852200 135948 585972 1117658 1110249 1110462 706950 377396 966320 495798 664288 649069 422066 357035 260829 928025 586450 671137 351489 767575 893234 776694 658289 880789 56278 459735 278060 1170729 554453 738338 666757 666155 172595 530980 377709 749236 1207409 821163 315439 841525 1222731 634573 885787 879634 767504 920311 505605 801663 894861 762141 505274 750331 407464 725686 224819 426674 508743 668096 446489 827396
44808 806057 599413 619763 567264 523506 453893 1000619 414040 783862 776509 580610 660685 914475 435005 635424 156501 97542 782149 114431 824637 458743 526418 474184 824534 199696 604717 201910 1119143 411149 905238 367076 810276 387244 749783 999999999 410389 747752 774512 702883 884369 625546 574971 824402 805379 755298 815152 679059 900794 254014 983062 129115 432798 569506 494237 423243 224818 144196 701150 383173 871690 35688 967686 167980 693508 839924 503810 816514 791560 898229 927672 470262 760389 500326 817140 935522 803189 874514 437345 286720 744257 804212 141540 1089018 252856 814206 832824 695962 145523 353494 906633 7706 666869 961902 551277 337356 915072 833915 305355 119877
451433 396092 287234 214831 513072 141937 676706 801907 536557 387713 812965 494888 807721 740806 114163 285620 267782 462488 600155 301286 426748 562947 240605 103929 866178 309958 197434 407341 898537 108223 794600 76176 939279 71966 343963 410389 999999999 893268 952300 829900 741184 215399 404022 885430 873188 855272 618827 348880 818538 158978 698501 324788 166264 240534 118626 615256 247752 355586 355624 468021 759532 439704 685914 554065 288101 510778 169440 919419 520829 684044 664712 413062 357205 317189 461462 711500 940798 717742 28955 511808 933227 571608 549724 866950 437493 749337 525538 616324 554049 454871 577878 410194 354151 714988 144094 138812 585306 607995 105110 499535
725370 1144060 795286 1066199 438751 882148 300897 727761 365423 1045403 221426 478045 89146 641387 807058 863191 729350 657010 616294 796907 1078562 332091 756186 856410 217763 915799 982542 565131 838095 977629 522604 817463 66391 934080 1166745 747752 893268 999999999 84128 67389 574543 1037505 599708 181374 163585 95575 649110 842961 469284 836954 887620 847974 753986 814973 1011386 324828 684703 880143 878586 429044 514104 766001 873488 844928 1123086 906498 1060678 103870 774088 709704 815430 500658 1059524 637116 953060 744219 55641 595919 917382 462068 97542 710135 773428 822427 513186 414514 858818 438429 718141 448171 940184 740133 809952 800868 951501 940677 947070 707532 842506 830909
748096 1217723 869891 1132079 516004 949699 320640 810526 417254 1121586 303574 556183 147889 724883 871145 937845 771932 680323 700108 833632 1155503 389545 827635 921592 294432 951815 1051326 603139 919578 1032117 604394 876160 111595 989136 1236120 774512 952300 84128 999999999 147013 657891 1105186 676630 255276 239965 177872 733100 920242 549856 885365 971732 882124 819351 887431 1070867 359111 733764 911753 955948 484525 596956 789465 957584 857276 1191035 988217 1117814 167709 856603 793804 899519 570626 1134085 709092 1033135 828231 92078 679661 977385 494437 36087 793605 785267 904534 553094 497738 941130 521778 729375 500288 1022969 767057 887477 884938 1018146 990768 1029931 791416 895206 848487
683356 1076703 727902 1000292 371455 815867 268998 676791 308093 978063 177974 410912 51039 587945 741878 795805 674691 615119 554840 745445 1011302 271819 689117 790829 189348 864330 915921 514269 790393 916124 475337 754338 111695 872378 1099954 702883 829900 67389 147013 999999999 521944 971127 532405 161764 140719 67096 588563 775733 425544 778705 828164 797882 688433 747748 947713 280656 626586 831506 811375 368870 463641 723223 813751 809366 1056618 841214 997916 115927 709680 652051 755641 434051 992137 570002 886679 687573 110984 541398 853596 416164 150314 647490 738683 773157 461595 363293 794150 375659 684252 389731 876143 695202 742760 743535 885431 881339 883146 646323 782071 791768
892224 778739 484919 806342 321685 641128 659940 155895 537136 657265 355260 303799 552292 67496 627056 532693 765409 840233 147281 854789 674635 501766 504791 649618 377673 950196 704076 695733 275919 849390 78978 689654 562957 810101 852200 884369 741184 574543 657891 521944 999999999 761986 342407 419146 427318 480095 146346 475277 137542 795291 334668 910829 578006 529858 828722 613799 687420 953067 500984 525939 64642 917928 323498 1044124 831037 437056 891798 507467 307314 154910 269771 414262 692904 432653 512228 179654 579234 33248 749716 675015 669959 223056 989981 254626 657170 160197 381318 200499 950436 553796 439175 877812 446930 237648 704687 859361 443252 196094 762833 1002897
666811 184249 280262 47225 616195 155493 857740 780628 702762 213058 919346 586093 957485 742379 241295 229876 482075 676627 614758 515143 243960 720238 289013 188423 970755 506451 59235 609149 854276 247410 829165 272715 1074941 249600 135948 625546 215399 1037505 1105186 971127 761986 999999999 469438 996993 988420 984651 620716 292540 866698 372537 621802 533402 287763 241115 160585 792648 452384 559784 276426 633029 796752 654284 612916 764956 85944 415069 203715 1046018 481194 664393 609897 537171 169074 405931 341936 681464 1079639 732752 188218 705682 1090802 554378 764170 823971 631727 813501 450495 689314 769441 626894 472900 625481 316859 667288 89060 318922 478341 590052 320216 710757
592136 548087 199895 507588 160958 325176 512255 431775 345834 445771 453299 122975 531627 354102 290450 266620 438615 552752 213756 526398 478961 337115 182785 321286 503501 613358 410509 413208 546312 511542 391034 348110 626047 470775 585972 574971 404022 599708 676630 532405 342407 469438 999999999 532169 525592 532370 243015 243626 415062 454196 421164 580329 238282 229584 501586 447191 359904 622567 279345 294516 355814 610292 405118 741744 550391 338327 563155 589722 237869 324113 358633 143323 461912 90247 364717 360752 633937 322823 415884 438943 670288 230962 698056 515662 391666 350196 305682 221052 668569 310958 391377 569393 211018 387967 395045 517356 399722 259153 420446 694743
810585 1077704 731813 1031683 381144 845638 418893 565999 411790 968806 79534 411459 211889 486587 785224 797623 772015 743605 490461 850851 997643 368216 708085 829221 41636 968024 938978 626301 669548 981309 357246 812934 148457 937162 1117658 824402 885430 181374 255276 161764 419146 996993 532169 999999999 21442 95135 517968 764726 299453 861171 747429 906128 729522 760647 999291 415604 712887 942944 799082 457567 355375 848517 734569 945589 1080072 798571 1054782 90609 661603 565844 677556 472707 990413 591746 856179 596484 166750 445020 905849 542147 277273 587866 876688 656545 573506 261919 746595 329487 823942 484037 822149 816710 731241 654422 916607 957539 828154 577921 854883 922645
791067 1072366 725458 1022485 372226 836340 397626 576120 393468 964651 77902 403972 190641 494814 774195 791701 755173 723936 492687 833324 994113 350252 699777 818862 54521 950770 930662 607874 681652 968115 367903 800224 136384 923957 1110249 805379 873188 163585 239965 140719 427318 988420 525592 21442 999999999 74505 521294 760395 311356 845955 753045 888382 718626 753232 987663 395079 697040 924926 795004 440743 364162 829188 739916 925415 1071905 798651 1042612 80161 662100 571840 682598 461090 985307 582703 854683 603370 153773 452206 894013 522448 260363 589806 856351 667880 554993 268531 747254 327615 803462 466815 823906 797682 726889 661148 907266 943109 830068 581156 840683 902890
738065 1080225 731217 1016200 372999 830428 331917 632692 350302 977031 125933 409404 117902 547172 761762 798622 716951 670182 528659 791317 1008551 309963 698478 808877 125930 909798 928090 562035 742548 945806 427088 780677 94430 901757 1110462 755298 855272 95575 177872 67096 480095 984651 532370 95135 74505 999999999 560176 773117 373764 815133 797012 845067 707074 754926 971842 336950 663978 880078 808407 405146 419095 777228 783182 867888 1069395 825823 1024379 64833 691362 617803 725267 449244 994276 579599 876503 651545 105471 502262 877691 469410 192940 624024 797818 727020 509005 319913 776513 354045 743977 428775 856209 747594 739746 708588 900864 915490 862827 619271 814478 848147
829640 632393 348249 665909 292345 507986 669548 189222 522306 510978 443999 258736 608530 123392 506061 390843 681563 785413 38340 769410 528905 496181 378472 521993 478572 854434 563663 642091 304047 726595 222324 575093 650774 689666 706950 815152 618827 649110 733100 588563 146346 620716 243015 517968 521294 560176 999999999 331028 274198 691926 240510 823195 461878 394949 697785 613480 602813 865399 355479 492571 196903 850145 225656 980613 687352 295665 761119 599785 162075 85055 167644 354777 546616 328803 367831 124769 664685 114409 624148 645176 738795 78017 933378 273876 612055 261144 240275 215824 899946 516517 307236 809288 304078 167899 568271 744665 312567 59965 653511 935026
709138 315525 80203 338925 404358 210948 738528 488534 570264 204309 685194 365033 775142 451069 259084 67598 523331 689980 329543 594931 235678 569996 153886 245373 732512 642864 238042 572341 567843 446272 546429 338373 867285 419298 377396 679059 348880 842961 920242 775733 475277 292540 243626 764726 760395 773117 331028 999999999 589615 474512 351249 636778 246846 113789 394651 671578 456749 675057 35738 508650 515967 714026 339475 843842 356338 165314 456342 828405 189557 371890 325448 367985 227597 233971 142299 390038 875918 444696 342768 632533 913766 262151 817774 536882 569709 548005 176971 437965 802595 516575 233315 675676 33507 380515 254252 487478 241311 297592 422433 790832
901826 900498 586459 909041 338012 734361 608833 268784 515521 780804 248646 337159 463736 200042 705381 641282 799784 843487 263128 888462 801069 474049 592996 735410 258095 993054 807742 702552 370302 925457 61546 758959 447413 883838 966320 900794 818538 469284 549856 425544 137542 866698 415062 299453 311356 373764 274198 589615 999999999 849563 470881 945673 652335 627878 915974 574025 725038 987140 618461 522520 77384 932152 460229 1051609 940589 569564 977929 389950 435913 292377 407176 444607 813385 501610 641739 315041 465104 169773 830938 659992 566702 352193 991566 357161 657432 87772 513976 211333 946819 552173 575453 893694 558888 372461 801672 925315 579790 329341 824463 1015515
296563 554731 401027 365759 518349 287309 584753 880725 471535 543545 796126 512686 748293 807734 215436 418960 128934 316437 666321 142632 583319 507097 336329 239848 848935 169290 356171 295629 988056 167030 836637 136375 890357 135712 495798 254014 158978 836954 885365 778705 795291 372537 454196 861171 845955 815133 691926 474512 849563 999999999 811508 168162 238818 360743 242710 530795 152253 202759 488889 410444 801205 281827 797537 395271 439520 639824 262218 879932 623936 766755 767921 410029 515213 364633 601359 799064 888658 776903 184560 408174 861712 659170 391643 956592 338189 771123 645190 638868 399096 389056 707822 254545 471364 812352 302668 107020 715785 693721 55697 340701
1005159 562112 413408 668870 519905 562185 901671 232408 746502 444582 677196 481469 848987 271072 600080 417847 834998 970871 276518 916478 443373 725380 475208 594576 706675 980702 575713 833708 248738 797493 409819 678704 885667 769637 664288 983062 698501 887620 971732 828164 334668 621802 421164 747429 753045 797012 240510 351249 470881 811508 999999999 964545 573270 458457 743532 842445 759512 1005131 352942 706977 398977 1018748 16174 1151041 664076 207373 803881 832712 191610 181815 72893 558556 491722 483721 286931 155965 900436 304937 693759 856647 978475 198628 1112986 223191 812662 485622 174992 456288 1086890 727190 160966 978263 344589 99952 601586 836274 159236 186402 763119 1101120
172560 717289 560567 520615 607662 455366 563760 1012103 495551 711372 850819 612415 759335 932220 379279 584161 146131 222575 793732 57329 750937 538152 491742 407557 901353 72231 522071 283620 1125229 300712 941950 302012 907945 285254 649069 129115 324788 847974 882124 797882 910829 533402 580329 906128 888382 845067 823195 636778 945673 168162 964545 999999999 393361 523276 388726 524394 223413 42314 653432 450495 907146 141216 949966 231949 593269 801740 388740 908268 774157 902604 916061 502089 681985 495725 767204 937434 902665 896568 348246 387780 853675 800131 242229 1094192 336428 861862 803104 735360 264920 422745 869655 134130 630657 956538 468862 224327 877791 832859 223837 178327
464288 429464 168264 312728 351668 134218 572596 648706 415158 371617 654903 330561 672066 581770 55904 204137 276680 450484 440102 349034 412642 432732 98480 102425 707794 407655 238100 348232 752201 273313 629269 113220 794838 232582 422066 432798 166264 753986 819351 688433 578006 287763 238282 729522 718626 707074 461878 246846 652335 238818 573270 393361 999999999 137003 271563 506694 213428 433050 268402 345511 594082 467557 559119 597021 373623 410100 330408 770089 385121 532644 529144 258233 361095 150935 384444 563327 798235 555879 180763 430711 803982 422857 572445 720631 359305 583289 409746 450505 560240 340696 477705 429655 237765 574239 199412 282949 485974 458169 193875 543989
601290 331030 47995 281629 382469 113386 673394 570144 507782 249541 682173 349287 739837 518333 145340 68212 413159 586425 383208 482291 289139 515618 62276 136788 732809 529236 181901 477356 660994 342972 593217 224696 847219 312178 357035 569506 240534 814973 887431 747748 529858 241115 229584 760647 753232 754926 394949 113789 627878 360743 458457 523276 137003 999999999 303688 606188 350118 561361 131761 441177 559886 604098 445633 732856 320873 279100 366964 814458 281306 451683 424529 317954 250633 178370 247645 476128 853510 502545 238418 549166 876734 338522 709402 629516 481556 572587 287019 448381 696993 443581 347102 566477 113868 475852 174927 377829 355098 375235 308926 679454
537791 340834 351391 135277 623131 190312 793858 873573 655170 369369 925602 601752 926101 821126 215735 327085 367195 558858 683727 380218 402867 681449 324470 180573 978644 353061 178276 519216 960952 90153 887413 194801 1056710 107207 260829 494237 118626 1011386 1070867 947713 828722 160585 501586 999291 987663 971842 697785 394651 915974 242710 743532 388726 271563 303688 999999999 733060 360250 410320 390687 586642 852958 519292 732642 620170 205608 542945 63337 1035745 580480 755140 719939 526625 328171 419673 479467 778498 1058534 802928 94191 626411 1051852 642027 627397 929708 552445 851151 568587 719558 639760 573390 606375 495461 409065 774148 142183 165870 612832 678733 200767 566989
402714 931689 603588 812169 322812 640899 67266 762513 101807 854963 384042 361086 237443 666965 551493 668024 413619 334463 575142 474843 893531 117384 543949 604263 424454 593337 744771 244031 886466 684598 601456 539843 387037 643045 928025 423243 615256 324828 359111 280656 613799 792648 447191 415604 395079 336950 613480 671578 574025 530795 842445 524394 506694 606188 733060 999999999 381513 555669 705922 165018 575415 442709 826409 531135 877831 785483 774343 395673 677455 695069 771854 306427 855869 438168 805929 735104 380115 618872 642352 137275 332771 644009 461506 861727 194537 488746 751533 416098 408387 165998 837569 415598 643034 781345 703600 637360 845793 658441 546182 511493
