NAME : synthetic_000604
TYPE : CTSP-D
DIMENSION : 100
GROUPS : 8
RELAXATION_LEVEL : 1
EDGE_WEIGHT_TYPE : EXPLICIT
EDGE_WEIGHT_FORMAT : FULL_MATRIX
EDGE_WEIGHT_SECTION
999999999 590043 583112 322574 400506 314597 483298 454326 292856 412796 419039 483739 569024 641057 625109 480926 283916 632900 426079 411528 416402 480570 284001 558007 378612 521920 386706 375421 380639 631012 233787 277648 390144 324881 277651 480267 335721 617741 651801 242407 298875 220505 172004 420339 540822 438402 650327 572356 261251 409192 460922 293580 144776 497021 283221 469050 21587 128113 763111 463150 449270 513763 228943 235795 517576 144770 346157 605447 145683 695246 303109 409589 711321 309178 401011 264065 263941 454699 402519 256362 176943 180189 430694 316382 260548 520171 393438 407085 329555 199327 373871 295465 628766 438024 647699 263487 289289 594283 305604 524480
590043 999999999 1153967 842269 529056 275597 960559 163525 536638 752693 246586 954853 1019447 1205712 965937 753797 873319 1218761 744615 534142 993491 899257 601869 638984 480319 1111020 412249 353808 364676 1159512 367528 687202 893714 864491 364129 880799 273780 1203521 1233527 830270 830358 606694 564897 737957 1091440 579845 789356 914342 753585 200853 997498 299595 452325 190980 869963 770477 599830 482567 893637 945317 1036607 401517 434836 786859 406698 726930 449323 647375 559504 1265227 637176 610915 1278704 892858 913566 484322 458062 1041942 462332 459324 577074 727549 590909 301244 746740 1006375 950626 966979 387262 498365 844856 404454 948058 165889 712816 401120 867759 1151885 832060 1044606
583112 1153967 999999999 328793 752911 882747 313700 1000627 671520 797391 1002150 657775 357062 64143 549689 618852 320085 129268 821313 758014 167654 735138 772799 818773 922723 250935 950601 853683 954826 173527 815729 510012 582501 296447 797468 758108 882019 121354 105664 349111 331724 569728 596432 819776 103260 744565 797494 538253 601924 957441 515425 870186 727429 1020223 308319 854473 567573 710026 855737 310408 289932 937393 727319 508190 938062 485128 772785 867174 597007 112227 581936 691323 128490 277995 565812 816948 721599 289746 803734 819651 696810 426423 728108 856033 610446 285674 454513 188680 903237 665101 371962 775954 581157 1014441 864657 841491 409197 63919 333017 201943
322574 842269 328793 999999999 426873 580486 165607 683755 342743 672379 721606 635730 256141 371022 369172 332884 224234 427660 691988 432763 205039 677640 584532 512751 699961 412534 708971 526870 700130 320194 533337 181924 536069 42305 479442 690007 568494 413527 425590 200476 29042 242993 277450 687894 251165 424345 527410 328641 473881 642322 536620 576198 452063 696801 195052 733140 301936 446138 613269 144948 378349 609273 408449 388692 610114 301693 444135 563630 283944 433943 254947 372039 444415 180568 531936 585712 396374 382850 475379 578933 484319 142601 408446 541133 479202 198449 453105 145153 649856 344960 87507 451438 386799 715812 574205 582257 340220 313628 18975 207406
400506 529056 752911 426873 999999999 364440 484088 370933 110215 796581 535951 882907 520475 788337 438335 225673 578283 854263 805239 11330 626991 880226 643686 166389 658502 815198 625268 178164 588732 701082 408294 245568 786700 464708 232079 878318 305178 839972 852092 533807 431174 214397 235153 798756 664816 56297 295616 388395 661751 347808 842594 393411 393348 343406 558392 846906 388515 421524 412593 474565 761730 188450 208551 625608 188105 519925 93417 208544 258147 852621 171986 83498 860229 564180 795066 565364 155040 767042 67770 541117 545341 389122 63112 281339 660999 529896 765556 571988 557005 204498 386264 169518 419209 473282 260016 499793 646774 728430 426837 590364
314597 275597 882747 580486 364440 999999999 713532 151529 321567 548118 172498 716889 782444 936387 764965 563794 597723 943837 547161 373809 720217 676867 384523 519182 327719 836148 278199 207538 234447 900544 108003 444358 643575 598552 135637 663810 70416 928606 959615 554774 565552 359688 308399 540167 825419 420697 659166 710343 501007 110043 739378 43403 180990 214853 594628 582071 324249 214531 775200 696411 762434 343506 191713 520941 349265 453379 271028 548275 297209 994579 410709 430641 1008844 618021 661246 271720 234827 767809 314309 243051 328363 457157 425186 85350 495391 757819 685590 697561 216203 249387 595702 197189 754264 135675 609922 183180 595959 884306 568434 786721
483298 960559 313700 165607 484088 713532 999999999 797907 430231 835933 866023 782460 91670 328116 248962 312707 364289 438880 856009 486376 275058 832241 750004 517960 861878 488645 867241 621932 855053 218253 680483 273375 685520 183001 597673 846588 690204 427973 419280 352474 193611 355571 405302 852081 211062 462149 484262 227719 635582 759975 669522 715593 604448 798108 335273 896760 462103 602686 543663 20665 478655 672435 528345 547153 671859 465860 529314 563734 419201 391138 329110 409855 393772 310919 678526 747351 502843 481973 545001 738915 649077 305663 445455 661844 641363 46432 588297 203337 805819 466123 117911 557358 276506 848897 555092 737508 485802 268784 184388 116356
454326 163525 1000627 683755 370933 151529 797907 999999999 373121 691883 233604 867894 855975 1050446 805080 593727 732428 1071804 688902 376980 843433 825502 530094 495070 448434 975177 387844 193262 338617 999032 259071 524706 795095 707987 204329 811303 120320 1056569 1083895 687850 673375 445346 406566 681940 934165 423832 644510 752885 652519 45140 890162 190388 329990 76161 726137 721423 460715 364734 753913 782961 903489 271669 275308 670145 277464 597055 287491 510870 403716 1111027 473679 451221 1123740 746795 812694 413808 295092 908931 305906 385560 479607 575385 433674 144787 646920 843861 834666 812512 338766 338813 682773 241090 788320 137440 576214 324007 741078 995439 674450 884021
292856 536638 671520 342743 110215 321567 430231 373121 999999999 695934 492487 773657 483363 712390 443869 243747 473334 765081 706003 120644 534672 773393 547953 265761 581097 713908 556312 191718 525381 640117 338039 163764 676955 376773 187687 772527 277958 750409 766791 428134 341903 109609 125031 699701 590296 145952 372660 389547 553690 339290 732484 340429 304930 367955 455016 748252 279777 328609 489560 417071 657403 269930 134953 515523 271493 409712 101853 312616 148676 775914 101524 125897 785456 463373 685061 480053 86754 662780 136634 458175 446016 284636 139728 250001 553279 476631 655768 485592 487450 105125 319937 133652 432699 447805 356975 424676 537436 653733 339285 526005
412796 752693 797391 672379 796581 548118 835933 691883 695934 999999999 506833 239145 927477 861437 1021399 893031 497038 778377 24618 807906 649097 156505 164210 960655 281341 604261 348506 715776 391307 914408 444013 685564 240682 653694 608479 132310 610018 766418 816530 491218 643537 633292 582511 25653 805995 841205 1061975 971467 203154 655852 353571 505310 413051 761715 520543 60836 431315 379731 1175595 815421 531506 864646 595353 297508 869706 370724 724121 1005081 555509 894039 715904 818235 914786 551942 264030 278076 644837 534410 781832 306392 251358 546292 835662 608350 196246 861098 366528 684071 365720 592955 747315 654546 1029648 592188 1052767 367886 389066 837393 653410 833804
419039 246586 1002150 721606 535951 172498 866023 233604 492487 506833 999999999 715795 940182 1059804 934395 735580 696454 1047215 498216 545029 835328 655518 360544 686951 234479 918374 167199 371035 118522 1040279 188738 604060 662293 733425 308058 636046 232622 1032226 1068774 658382 702906 519332 463374 491595 956413 592247 829533 879520 526808 220032 771450 154010 275080 309397 699722 523924 434979 293108 944794 847782 840819 490878 359691 574823 496796 535796 442596 712743 447121 1114283 577700 603139 1130326 727170 683509 246037 406023 845871 482910 224490 353834 587262 597226 254719 519108 908663 733683 824027 143389 412126 748434 369655 924848 99511 775901 174791 666270 1011836 707406 928942
483739 954853 657775 635730 882907 716889 782460 867894 773657 239145 715795 999999999 871889 718834 1004625 922190 418176 606841 260119 893746 540796 95719 355378 1035248 507888 426452 571067 846365 607893 803713 608941 711263 101347 604611 740439 125251 767714 597556 650264 435269 607624 685078 649169 263752 694195 917079 1109529 961737 225412 826830 147355 677686 549528 930041 447296 268005 494470 512882 1214530 763547 368817 991309 706446 264060 995579 371836 829006 1084391 624994 737668 761799 882291 759180 472096 104053 470977 746537 369695 885883 495529 388619 545732 907656 758541 228418 795682 205342 595844 572565 683039 721514 772092 1020545 789529 1121433 554484 296974 709478 618207 747474
569024 1019447 357062 256141 520475 782444 91670 855975 483363 927477 940182 871889 999999999 355531 193927 320825 454026 486174 947465 520871 352851 923184 839482 525645 947411 559800 950043 672853 935648 219885 757263 338093 775676 274651 660540 937830 753465 477237 459349 443741 284550 422802 476889 943495 255471 489799 465693 192700 727249 820302 755863 787879 684651 849391 425284 988298 547611 685288 506516 112076 557709 705973 593331 638723 704672 557218 577727 566751 493560 413611 382315 440477 411457 399812 768116 832862 562149 560619 585275 823229 737526 393834 473578 724967 733017 80740 675606 284221 887239 533137 196086 615035 226850 916739 547591 818717 575744 301616 275058 158063
641057 1205712 64143 371022 788337 936387 328116 1050446 712390 861437 1059804 718834 355531 999999999 549376 639750 382959 153789 885382 792725 228522 797518 836276 843221 985180 304739 1011978 897891 1015184 146830 872558 549195 645296 342768 846516 820827 932774 151901 113697 410392 377741 613933 644519 883867 123617 776034 810851 544342 666052 1007819 575238 925395 784773 1067027 370014 918412 624834 768568 861131 328819 350163 974835 775885 572254 975181 547281 814158 890247 646899 64422 619321 722739 73472 339103 628216 878633 767039 349587 842003 880709 759078 479235 759402 906296 674565 293055 516575 238900 963568 713003 402902 821905 582356 1069150 883202 901089 473337 60416 377682 211840
625109 965937 549689 369172 438335 764965 248962 805080 443869 1021399 934395 1004625 193927 549376 999999999 212662 591863 678348 1038603 434625 522924 1042948 908681 387343 988744 737531 977873 612294 954220 410905 766893 351174 904537 403122 631535 1053401 720714 668812 652857 569551 397030 427836 487925 1033699 447081 392410 292017 55118 831400 776708 903702 780848 710420 781738 562393 1081118 603917 720960 315230 261604 724594 605100 574710 752570 602391 656008 517662 418238 511540 606753 358033 355386 603678 543422 900966 877019 530512 728187 506018 861633 801931 475839 378986 693177 835544 265369 820651 450439 910600 525189 283185 575080 34922 891273 384495 843277 709373 495413 386450 348370
480926 753797 618852 332884 225673 563794 312707 593727 243747 893031 735580 922190 320825 639750 212662 999999999 543121 737183 906907 222072 532802 942620 760622 206353 816130 744971 796440 400570 767616 526941 579566 211884 821012 375107 428468 947724 514510 724619 723982 507560 351576 262090 318700 901220 519285 181115 195374 163628 721665 566890 847054 584112 535871 569078 516217 949895 461825 553253 292505 310945 710155 397080 378527 658724 394870 552342 306991 251053 345312 703309 180138 142902 706429 508750 822901 709520 329643 714807 293362 690369 654024 377223 166954 487742 723790 353096 763942 464228 727821 338293 256619 369184 194616 685413 246500 663013 643799 579774 342821 428748
283916 873319 320085 224234 578283 597723 364289 732428 473334 497038 696454 418176 454026 382959 591863 543121 999999999 350784 519633 586987 156777 471007 453980 698952 602730 246250 632304 621401 639312 417731 516021 349868 321744 188794 540605 487523 612260 335777 373500 46227 198433 364454 361485 517017 310418 593306 738179 552761 294561 687459 312407 577461 426938 767178 29499 556897 273521 403851 831377 345395 184157 738147 477322 199585 740539 166093 562011 750586 349945 428766 418101 546491 447174 56003 314240 498152 490824 189565 608437 502447 377086 189173 579619 589849 302196 379084 228981 187777 587993 424031 311735 538244 610696 721734 772231 529176 121753 348333 208683 339617
632900 1218761 129268 427660 854263 943837 438880 1071804 765081 778377 1047215 606841 486174 153789 678348 737183 350784 999999999 802919 860340 231640 693037 780832 932808 940183 180403 976204 939068 986834 295847 866164 608772 546898 389708 872481 718840 951683 15245 46618 390501 423849 658658 676628 802475 231271 851289 920303 665288 596663 1027463 459660 926098 776994 1098698 349784 831476 620609 754604 982339 433633 247068 1034358 804364 509329 1035532 513682 864356 982302 672808 140146 682279 798540 160965 325904 526825 841887 805790 244462 900323 848884 719022 498835 835175 927284 605721 413572 415718 282570 935941 744595 484155 858429 709465 1070767 983670 878957 406108 189488 427585 330066
426079 744615 821313 691988 805239 547161 856009 688902 706003 24618 498216 260119 947465 885382 1038603 906907 519633 802919 999999999 816569 672269 174106 166317 969978 269273 628877 337209 719485 381474 937204 444620 700591 265043 674114 612627 148042 610434 790936 840995 512835 663227 646312 594449 6994 828991 850799 1073709 988265 225269 653885 377433 504065 418461 759721 542785 42996 445108 386114 1187884 835458 556075 868249 602279 320048 873393 390322 731009 1013781 567379 918294 729000 829127 939013 574321 288313 275755 652550 558992 788546 304349 260145 564222 845681 609916 218051 881799 391138 706355 358707 602348 765930 660278 1046264 585695 1062449 365407 412716 860921 673012 855647
411528 534142 758014 432763 11330 373809 486376 376980 120644 807906 545029 893746 520871 792725 434625 222072 586987 860340 816569 999999999 633657 891358 655000 155201 669302 823141 635706 184832 598912 703774 418957 251972 797407 470993 242061 889514 313784 846110 857641 542676 437693 223566 245665 810086 669147 47742 285733 385316 672761 354851 852752 403279 404585 347462 566815 858235 399409 432825 402516 477277 770245 186185 219670 636155 185492 530307 102881 197215 268880 857057 178224 81522 864418 572164 805664 576472 166244 775542 71852 552160 556669 397881 56799 290327 672044 532007 775504 577915 567511 215762 390233 179615 414780 481234 248852 510575 656539 732716 433148 593600
416402 993491 167654 205039 626991 720217 275058 843433 534672 649097 835328 540796 352851 228522 522924 532802 156777 231640 672269 633657 999999999 606745 610591 717679 757044 216656 783478 707441 787213 267225 649681 381746 453254 163999 642495 626515 723745 216676 240465 181872 196076 427450 445226 670042 157543 628132 724547 495443 448433 799496 411657 705731 561028 868076 141621 708099 401507 542800 801539 261324 204863 804431 573729 353315 805788 319048 633251 768438 442201 279275 455521 576298 296134 110592 440628 650116 574172 207832 670552 652298 530834 268473 612468 698667 456447 272223 336604 72801 735618 513385 276555 626951 548486 850352 777079 673863 261820 191557 201323 209836
480570 899257 735138 677640 880226 676867 832241 825502 773393 156505 655518 95719 923184 797518 1042948 942620 471007 693037 174106 891358 606745 999999999 298194 1038494 435992 512985 502044 824648 542692 873071 569451 730775 153780 650584 717119 29664 733247 682976 735288 479998 648807 694007 651605 178858 763066 918958 1124053 997176 221989 786618 237466 635607 521363 891692 498857 175378 494749 485261 1232972 812573 450026 972325 691594 290409 976966 391720 818128 1086005 625870 820429 774099 888645 841833 526702 169328 416459 736109 451564 875857 443209 354901 572351 911031 727384 221106 849785 281083 655662 512534 676549 760616 755295 1056150 735936 1127588 504280 350073 783620 659305 808342
284001 601869 772799 584532 643686 384523 750004 530094 547953 164210 360544 355378 839482 836276 908681 760622 453980 780832 166317 655000 610591 298194 999999999 809416 167139 622715 221517 553176 253825 863276 279829 561430 309804 574938 446408 281881 445831 767146 812684 433393 557200 498538 443068 159427 760281 691081 919059 856208 191631 492962 424516 342001 253273 598732 470533 205578 304942 222380 1034707 729374 544366 701933 438370 271562 707078 296224 566797 851942 416076 878696 580732 672777 898045 502724 332592 118269 489703 548537 624047 145337 107197 446139 686973 444257 182553 781621 403928 628997 217220 443158 648705 494929 912755 437891 902496 206782 374763 802007 565937 769126
558007 638984 818773 512751 166389 519182 517960 495070 265761 960655 686951 1035248 525645 843221 387343 206353 698952 932808 969978 155201 717679 1038494 809416 999999999 823264 921756 787564 316441 749091 733226 572406 349229 936887 554426 392513 1038103 454401 919586 922913 657537 525286 351503 387204 963566 721377 119809 150379 351014 817929 482261 983212 551934 559704 448091 675363 1011896 543931 587521 259581 514842 877360 241510 374845 773744 237173 666131 253467 51653 412650 907175 282308 154758 911071 674809 943311 731610 321429 882406 204887 707149 709849 514418 127689 434022 817881 559181 903166 653499 719884 367714 448682 331265 358453 614187 93675 664531 782377 782956 518346 633398
378612 480319 922723 699961 658502 327719 861878 448434 581097 281341 234479 507888 947411 985180 988744 816130 602730 940183 269273 669302 757044 435992 167139 823264 999999999 786881 68471 528805 115963 998320 251059 637955 473935 698071 433127 413412 397778 926118 969884 575796 674997 562113 502218 263037 900116 711878 950362 934252 358380 421128 589870 285946 280492 523563 615435 291220 399908 267859 1067903 841685 708205 670523 451832 433403 676215 437995 570088 859120 477599 1031232 638744 705885 1049851 646897 497214 114561 505872 712559 622681 127112 226258 557407 711691 406985 349370 898186 571033 766290 111890 479057 751789 492512 987368 328877 916633 158748 535744 946582 682423 897076
521920 1111020 250935 412534 815198 836148 488645 975177 713908 604261 918374 426452 559800 304739 737531 744971 246250 180403 628877 823141 216656 512985 622715 921756 786881 999999999 829274 867510 845630 419107 747136 575937 368810 370230 786270 539103 855475 171286 224127 292397 396944 604306 606501 628908 321029 824147 938466 711733 433042 930067 279343 812239 659563 1012408 259926 655453 514473 632051 1017839 476319 78820 981525 723540 353936 983671 385248 805852 973148 595928 313729 648268 774366 335251 251026 347993 696668 736432 74332 850178 707539 574285 429960 809361 833967 442228 479513 238374 289296 796250 670025 490645 784402 764039 954534 986492 745182 254021 311914 404512 405580
386706 412249 950601 708971 625268 278199 867241 387844 556312 348506 167199 571067 950043 1011978 977873 796440 632304 976204 337209 635706 783478 502044 221517 787564 68471 829274 999999999 484172 49713 1015644 218652 629789 531298 711139 395071 480179 348557 961806 1003675 601618 685578 550094 490056 330882 921074 680039 919907 922933 408218 363717 645892 239082 268414 463676 642282 359689 407073 264772 1037330 847462 750458 621377 423188 475593 627172 466219 534297 820730 467254 1060694 622722 678781 1078646 672886 554108 134405 476486 755047 584218 131994 257192 566851 681316 361196 399499 905674 621320 786689 68877 458226 753972 456550 974107 263540 880197 134598 575861 970441 692221 910835
375421 353808 853683 526870 178164 207538 621932 193262 191718 715776 371035 846365 672853 897891 612294 400570 621401 939068 719485 184832 707441 824648 553176 316441 528805 867510 484172 999999999 441716 831129 282556 353456 759163 557236 107760 816942 139398 924066 944921 575188 521960 284105 263378 712602 777225 232270 461801 560538 621130 170182 836187 245093 304378 176631 608619 758228 372750 339810 575398 608759 803037 148875 147703 610768 153939 517249 96061 342009 271630 960658 292948 257967 971279 623230 772361 454212 133296 808535 115558 426678 471008 442690 241181 123006 617950 668339 768281 665534 419456 197571 511101 83254 595124 299007 404872 374031 659152 840213 520915 716665
380639 364676 954826 700130 588732 234447 855053 338617 525381 391307 118522 607893 935648 1015184 954220 767616 639312 986834 381474 598912 787213 542692 253825 749091 115963 845630 49713 441716 999999999 1011650 188189 609389 562251 705231 357051 521949 304347 972204 1012426 605970 678013 527663 468094 374968 920093 644123 884165 899133 433473 315547 675053 197594 250998 414566 647122 405943 399952 254089 1001313 835645 766996 576220 390892 493879 582053 473746 496664 780693 446805 1065856 597082 645748 1083239 676870 584498 150422 443202 771764 544792 138333 271394 559353 646274 318825 425097 894858 645341 785822 51621 430725 740028 419303 948898 213913 841123 117876 591609 971504 684049 904538
631012 1159512 173527 320194 701082 900544 218253 999032 640117 914408 1040279 803713 219885 146830 410905 526941 417731 295847 937204 703774 267225 873071 863276 733226 998320 419107 1015644 831129 1011650 999999999 851610 477841 719340 307344 795487 893374 886161 291003 259526 430584 337398 553809 595262 934678 110010 680373 684507 412465 712278 958844 667816 896240 767996 1005708 396093 973918 611930 758298 725513 226520 445467 889531 724681 617217 889120 567068 741039 777402 603591 197568 540805 627973 192955 363991 705673 886509 706277 446437 760525 883818 773990 453963 663673 858370 719925 174455 598388 234322 960505 661149 320181 761545 444884 1035956 763352 894362 528867 109623 333245 115022
233787 367528 815729 533337 408294 108003 680483 259071 338039 444013 188738 608941 757263 872558 766893 579566 516021 866164 444620 418957 649681 569451 279829 572406 251059 747136 218652 282556 188189 851610 999999999 425244 536706 544690 182520 556986 166005 851043 885576 475769 514279 342025 283346 437640 767933 462419 701926 711779 394302 218038 634687 70123 89174 322386 516793 481224 248213 115460 819438 661832 671441 428960 204537 419795 434401 361903 319084 608083 264113 927951 409268 460130 943585 542962 554830 172627 257916 676703 371755 144574 220536 398547 463161 166103 388429 722334 584049 635939 149809 242603 563494 241458 760997 207415 665679 92754 500764 823814 518906 740549
277648 687202 510012 181924 245568 444358 273375 524706 163764 685564 604060 711263 338093 549195 351174 211884 349868 608772 700591 251972 381746 730775 561430 349229 637955 575937 629789 353456 609389 477841 425244 999999999 610287 219144 324527 736152 417256 594442 607512 309263 185727 84902 141900 695165 426744 248369 399156 297161 510056 486602 642378 450849 361413 527933 326145 743553 257177 370096 503474 258262 528548 427469 255899 447416 428246 340609 265590 400880 162708 612945 73775 198564 622100 326603 613038 525876 229839 533649 293723 510892 454243 169519 233435 388829 512363 319189 560367 326758 563660 195053 158494 284737 352229 578729 423477 495548 439310 490264 181269 363236
390144 893714 582501 536069 786700 643575 685520 795095 676955 240682 662293 101347 775676 645296 904537 821012 321744 546898 265043 797407 453254 153780 309804 936887 473935 368810 531298 759163 562251 719340 536706 610287 999999999 506028 654907 175622 689510 535994 587635 335872 507748 585980 552069 266156 609343 819310 1008846 861131 142598 752570 116960 606603 469526 853541 350394 287848 399269 433200 1113407 666288 300872 901930 616372 163722 905989 271741 736300 986412 528554 670504 661802 783376 691778 376736 23927 416641 654031 302952 792567 438025 317656 444411 809476 678019 148279 700682 131231 503804 521450 589147 621353 682602 919993 727840 1022244 493201 199993 630115 518329 656318
324881 864491 296447 42305 464708 598552 183001 707987 376773 653694 733425 604611 274651 342768 403122 375107 188794 389708 674114 470993 163999 650584 574938 554426 698071 370230 711139 557236 705231 307344 544690 219144 506028 999999999 503879 664265 590987 375327 390018 170676 35277 273345 301770 670346 227126 464268 569482 365066 452735 665681 500679 591412 460656 724575 159305 714529 305281 451425 654339 162804 336780 645110 433165 364239 646159 284873 477352 605412 305004 404384 292789 412322 416198 141563 500579 584630 425269 341213 511060 579892 478028 146620 448541 564182 458630 208148 417536 108858 654327 370235 126138 479809 422545 733072 616461 587661 307839 287522 37882 199696
277651 364129 797468 479442 232079 135637 597673 204329 187687 608479 308058 740439 660540 846516 631535 428468 540605 872481 612627 242061 642495 717119 446408 392513 433127 786270 395071 107760 357051 795487 182520 324527 654907 503879 999999999 709225 92927 857290 882697 494926 469172 242739 202267 605771 729861 287917 527694 577232 515589 163358 735789 161409 196622 226995 531310 651778 278227 232091 644577 581943 718116 256450 71000 510389 261399 421973 139613 426336 200665 907428 281622 295218 919872 549620 668900 350858 101359 723614 189691 324074 363260 374026 291263 64430 512092 643187 670767 609041 327621 134567 481237 62663 619819 260410 485159 275268 565911 791238 470149 680541
480267 880799 758108 690007 878318 663810 846588 811303 772527 132310 636046 125251 937830 820827 1053401 947724 487523 718840 148042 889514 626515 29664 281881 1038103 413412 539103 480179 816942 521949 893374 556986 736152 175622 664265 709225 999999999 721779 708539 760675 494118 661057 696263 652028 153233 783379 918376 1127019 1006810 226097 773193 265286 622034 512819 878627 514847 146488 495409 477135 1237008 826731 474705 965149 686456 301448 969897 399332 813827 1085028 625926 845015 777119 889518 866367 543437 193072 399907 732198 476428 871675 427218 346029 580562 910931 716981 224018 865421 305178 673469 493602 674088 771879 749328 1065743 718401 1127956 488636 367621 805526 671491 826125
335721 273780 882019 568494 305178 70416 690204 120320 277958 610018 232622 767714 753465 932774 720714 514510 612260 951683 610434 313784 723745 733247 445831 454401 397778 855475 348557 139398 304347 886161 166005 417256 689510 590987 92927 721779 999999999 936445 964198 567590 556723 334858 291174 603448 817802 361345 597212 666824 547255 75789 779780 112013 220060 164654 605820 646548 341208 256310 712217 674274 784337 273106 162077 557104 278859 479485 212507 481343 286009 992827 374003 376736 1005923 626528 705835 336581 193000 789793 250321 308016 380114 456098 367413 28499 542404 735586 720964 694337 286463 225246 573466 145693 707617 170916 543886 249944 623936 878481 558321 771360
617741 1203521 121354 413527 839972 928606 427973 1056569 750409 766418 1032226 597556 477237 151901 668812 724619 335777 15245 790936 846110 216676 682976 767146 919586 926118 171286 961806 924066 972204 291003 851043 594442 535994 375327 857290 708539 936445 999999999 52884 375350 409357 643843 661556 790409 221879 837382 908489 654831 583557 1012224 450582 910909 761871 1083534 334602 819873 605410 739565 971604 422245 235571 1019774 789209 495721 1020974 498923 849572 969198 657657 144798 667999 784695 166046 310663 516189 827464 790782 233172 885751 834305 704642 483684 821302 912055 592594 403706 404765 268532 921273 729492 471022 843368 699654 1055586 971119 864126 392516 183229 413209 320444
651801 1233527 105664 425590 852092 959615 419280 1083895 766791 816530 1068774 650264 459349 113697 652857 723982 373500 46618 840995 857641 240465 735288 812684 922913 969884 224127 1003675 944921 1012426 259526 885576 607512 587635 390018 882697 760675 964198 52884 999999999 410409 424951 662312 684196 840320 208439 846053 903158 643070 631194 1039955 503366 943722 796477 1107801 369112 870544 638343 775688 960637 416058 286841 1034718 813597 541845 1035630 538684 867206 971645 682196 93542 680373 792954 114356 342727 568097 869272 811949 284684 900730 875026 746842 508773 829718 939127 640161 390223 456426 281236 961227 752653 474961 865449 684837 1088485 969993 902652 438899 158168 427583 306544
242407 830270 349111 200476 533807 554774 352474 687850 428134 491218 658382 435269 443741 410392 569551 507560 46227 390501 512835 542676 181872 479998 433393 657537 575796 292397 601618 575188 605970 430584 475769 309263 335872 170676 494926 494118 567590 375350 410409 999999999 172562 319631 315371 509654 326916 550242 701874 527795 288220 642958 341095 535782 386596 721651 41400 551798 230652 365284 797828 332666 229887 692229 431275 196148 694663 138264 516053 709110 303718 459888 375804 504282 477389 71296 331461 468268 444611 235325 562869 470542 349544 144919 536854 544841 294972 372579 257463 196410 554426 377805 286745 492041 586352 680367 732593 493702 140432 370859 183133 342948
298875 830358 331724 29042 431174 565552 193611 673375 341903 643537 702906 607624 284550 377741 397030 351576 198433 423849 663227 437693 196076 648807 557200 525286 674997 396944 685578 521960 678013 337398 514279 185727 507748 35277 469172 661057 556723 409357 424951 172562 999999999 238088 266960 659168 261085 432372 546778 355521 444861 631241 510439 559427 431466 689434 169623 704311 278630 423929 635396 172952 358592 610607 398378 359708 611726 272907 442292 576534 270885 439537 259498 380905 451195 157851 503936 560984 390016 363268 476554 554981 457806 118790 416852 529780 450204 224704 426800 143961 627430 335324 114253 444591 413938 700398 589935 560216 312709 322069 10583 226909
220505 606694 569728 242993 214397 359688 355571 445346 109609 633292 519332 685078 422802 613933 427836 262090 364454 658658 646312 223566 427450 694007 498538 351503 562113 604306 550094 284105 527663 553809 342025 84902 585980 273345 242739 696263 334858 643843 662312 319631 238088 999999999 60102 640483 493891 236296 430984 372974 472072 405841 632898 365992 282706 454233 345597 689244 202601 295276 542812 339432 548338 378742 172838 422528 380521 314732 205809 401755 84816 676577 82697 197422 687359 353784 591938 452103 153622 553693 246098 435125 391960 175400 224964 306595 472988 400777 554090 381937 483077 110733 238608 208875 425293 494359 436360 415516 434208 556588 236827 438786
172004 564897 596432 277450 235153 308399 405302 406566 125031 582511 463374 649169 476889 644519 487925 318700 361485 676628 594449 245665 445226 651605 443068 387204 502218 606501 490056 263378 468094 595262 283346 141900 552069 301770 202267 652028 291174 661556 684196 315371 266960 60102 999999999 588438 527600 268184 479466 433074 430733 364882 608249 311101 222615 423978 346731 637224 156857 235867 593465 388033 545048 377432 131418 390492 380081 284907 201256 435578 27102 705780 138636 237591 717926 360107 560038 392695 130505 550510 251118 375303 337342 179321 259569 263699 430770 449430 532498 407775 423163 68672 287410 181838 485299 443962 476030 355495 415472 589003 267886 480644
420339 737957 819776 687894 798756 540167 852081 681940 699701 25653 491595 263752 943495 883867 1033699 901220 517017 802475 6994 810086 670042 178858 159427 963566 263037 628908 330882 712602 374968 934678 437640 695165 266156 670346 605771 153233 603448 790409 840320 509654 659168 640483 588438 999999999 826615 844426 1067631 983252 222502 646900 379219 497073 411704 752738 539945 48790 439463 379443 1181893 831515 555754 861357 595630 317462 866504 386291 724349 1007293 561361 917201 723176 822932 937876 571558 289558 268767 645974 558728 781868 297360 253771 559577 839363 602952 215121 878132 391437 703516 351929 595968 761477 653525 1041199 578900 1056079 358425 410948 858978 668919 852542
540822 1091440 103260 251165 664816 825419 211062 934165 590296 805995 956413 694195 255471 123617 447081 519285 310418 231271 828991 669147 157543 763066 760281 721377 900116 321029 921074 777225 920093 110010 767933 426744 609343 227126 729861 783379 817802 221879 208439 326916 261085 493891 527600 826615 999999999 652502 695274 434993 604491 892236 559606 817192 681837 947936 290418 865239 522978 668921 752482 209003 339431 851536 658943 509327 851828 464817 692140 768981 531949 188017 496221 599200 195612 258141 595776 789921 647428 340816 718935 789089 674451 370024 635882 790811 612308 182506 488943 134399 868603 595619 279292 702551 478245 959603 764216 803881 419358 63663 259715 98842
438402 579845 744565 424345 56297 420697 462149 423832 145952 841205 592247 917079 489799 776034 392410 181115 593306 851289 850799 47742 628132 918958 691081 119809 711878 824147 680039 232270 644123 680373 462419 248369 819310 464268 287917 918376 361345 837382 846053 550242 432372 236296 268184 844426 652502 999999999 240046 344698 698697 402393 869182 449318 443166 391885 571442 892845 424631 469784 357327 454727 774835 217369 260436 656665 215619 549518 149696 167395 293280 840455 176059 53311 846748 574120 826375 616628 206393 780031 117962 592996 590657 405576 16722 337626 698515 506918 790278 568891 611593 248462 373401 225271 371108 528976 211653 553342 670117 715715 426809 572642
650327 789356 797494 527410 295616 659166 484262 644510 372660 1061975 829533 1109529 465693 810851 292017 195374 738179 920303 1073709 285733 724547 1124053 919059 150379 950362 938466 919907 461801 884165 684507 701926 399156 1008846 569482 527694 1127019 597212 908489 903158 701874 546778 430984 479466 1067631 695274 240046 999999999 273830 902091 629965 1040057 688996 677324 598470 711457 1116394 633255 701179 117554 487219 905265 390771 498559 845470 386188 737869 388579 152338 506471 872552 349975 246829 872937 704101 1012074 852188 444571 909879 347179 829587 815186 568001 238806 574989 903367 517925 957316 654427 851362 477694 448125 465121 258078 760740 98860 792205 836689 752397 537894 599498
572356 914342 538253 328641 388395 710343 227719 752885 389547 971467 879520 961737 192700 544342 55118 163628 552761 665288 988265 385316 495443 997176 856208 351014 934252 711733 922933 560538 899133 412465 711779 297161 861131 365066 577232 1006810 666824 654831 643070 527795 355521 372974 433074 983252 434993 344698 273830 999999999 783581 723761 865164 725906 655632 731456 523457 1030910 551284 666550 317572 236749 693702 559816 519860 706830 557397 608276 465399 386359 456861 604253 302932 305013 603132 506494 858490 822787 476087 697555 456165 807142 749284 427324 330566 639168 787447 252882 781711 422645 855595 470085 241321 521295 58978 837205 359723 788335 668145 487815 345018 336526
261251 753585 601924 473881 661751 501007 635582 652519 553690 203154 526808 225412 727249 666052 831400 721665 294561 596663 225269 672761 448433 221989 191631 817929 358380 433042 408218 621130 433473 712278 394302 510056 142598 452735 515589 226097 547255 583557 631194 288220 444861 472072 430733 222502 604491 698697 902091 783581 999999999 609973 244869 464283 327459 711102 317517 263612 274068 291001 1011343 615212 355373 765899 481158 95172 770175 175396 604558 866006 405423 703022 552125 667192 723201 349068 160633 284053 522087 359283 661737 302618 176523 356342 690301 536323 9188 659240 213182 481085 389142 459746 552315 546706 842380 587907 906350 354746 193479 638453 455006 630654
409192 200853 957441 642322 347808 110043 759975 45140 339290 655852 220032 826830 820302 1007819 776708 566890 687459 1027463 653885 354851 799496 786618 492962 482261 421128 930067 363717 170182 315547 958844 218038 486602 752570 665681 163358 773193 75789 1012224 1039955 642958 631241 405841 364882 646900 892236 402393 629965 723761 609973 999999999 846515 151163 285962 105869 681365 687570 415598 321072 741840 744589 858350 271772 234216 625851 277686 552007 259962 502331 360920 1068096 438574 425537 1081034 702249 769860 378159 258189 863791 285572 349632 438238 531728 410917 101524 604552 805706 790285 769572 309859 297799 644060 205824 761361 133358 567000 288494 696096 953202 632583 843899
460922 997498 515425 536620 842594 739378 669522 890162 732484 353571 771450 147355 755863 575238 903702 847054 312407 459660 377433 852752 411657 237466 424516 983212 589870 279343 645892 836187 675053 667816 634687 642378 116960 500679 735789 265286 779780 450582 503366 341095 510439 632898 608249 379219 559606 869182 1040057 865164 244869 846515 999999999 704791 560692 944433 341717 395755 465513 525465 1138361 651886 225498 973777 689814 225508 977393 324064 802488 1034037 587516 591580 702105 828455 613115 360667 93158 527329 721714 225753 856674 547041 420749 472860 857718 765631 252380 677088 83719 473321 632523 654408 624103 756302 923035 832090 1063893 599589 203369 569611 520798 621291
293580 299595 870186 576198 393411 43403 715593 190388 340429 505310 154010 677686 787879 925395 780848 584112 577461 926098 504065 403279 705731 635607 342001 551934 285946 812239 239082 245093 197594 896240 70123 450849 606603 591412 161409 622034 112013 910909 943722 535782 559427 365992 311101 497073 817192 449318 688996 725906 464283 151163 704791 999999999 152834 256777 576316 538782 305561 183304 805728 697794 737329 384595 206440 489180 390297 427561 300535 583101 296503 982326 423777 455141 997255 601135 624853 228483 254716 742643 347365 199822 289850 447312 452572 122151 458327 758982 653612 687209 175063 258158 597733 224071 771894 144765 643688 139781 568195 874797 563076 783420
144776 452325 727429 452063 393348 180990 604448 329990 304930 413051 275080 549528 684651 784773 710420 535871 426938 776994 418461 404585 561028 521363 253273 559704 280492 659563 268414 304378 250998 767996 89174 361413 469526 460656 196622 512819 220060 761871 796477 386596 431466 282706 222615 411704 681837 443166 677324 655632 327459 285962 560692 152834 999999999 384449 427632 458678 159945 36647 794420 585198 584504 453004 185843 340279 457895 274731 313743 600614 199065 839621 358280 430788 855469 453929 485777 175209 238390 589814 370832 154563 166792 314045 440707 209089 322847 644824 504893 549076 203129 200660 489070 241822 707836 295430 653252 134624 415774 736826 436762 658346
497021 190980 1020223 696801 343406 214853 798108 76161 367955 761715 309397 930041 849391 1067027 781738 569078 767178 1098698 759721 347462 868076 891692 598732 448091 523563 1012408 463676 176631 414566 1005708 322386 527933 853541 724575 226995 878627 164654 1083534 1107801 721651 689434 454233 423978 752738 947936 391885 598470 731456 711102 105869 944433 256777 384449 999999999 758272 793236 500597 420486 703683 784603 943137 212818 294367 721540 218264 641588 271838 457873 425930 1128959 469381 426510 1140499 776548 870146 484014 300612 948623 275783 455496 541533 599881 403857 180760 706036 844480 885144 831545 413213 355342 686201 245398 762237 211996 523433 394317 786187 1010357 689354 890936
283221 869963 308319 195052 558392 594628 335273 726137 455016 520543 699722 447296 425284 370014 562393 516217 29499 349784 542785 566815 141621 498857 470533 675363 615435 259926 642282 608619 647122 396093 516793 326145 350394 159305 531310 514847 605820 334602 369112 41400 169623 345597 346731 539945 290418 571442 711457 523457 317517 681365 341717 576316 427632 758272 999999999 580725 270881 406616 803600 316258 203543 721749 466351 223217 723958 177444 545961 727015 337055 418795 395684 523772 436452 32279 343304 508693 476903 208800 590890 511419 389214 170447 557435 582590 324829 350938 258369 163573 595600 411052 282558 525740 581331 720984 747271 535059 150534 331940 179782 314023
469050 770477 854473 733140 846906 582071 896760 721423 748252 60836 523924 268005 988298 918412 1081118 949895 556897 831476 42996 858235 708099 175378 205578 1011896 291220 655453 359689 758228 405943 973918 481224 743553 287848 714529 651778 146488 646548 819873 870544 551798 704311 689244 637224 48790 865239 892845 1116394 1030910 263612 687570 395755 538782 458678 793236 580725 999999999 488101 426936 1230681 876245 584411 906818 643174 357546 912023 431460 771814 1055422 610146 949588 771936 871615 970480 611997 310219 310378 693825 587057 829228 339046 302251 606409 887884 647051 256864 921912 417083 744180 387346 644385 807772 700442 1088963 614103 1104497 399331 447253 895606 714168 894220
