NAME : synthetic_000772
TYPE : CTSP-D
DIMENSION : 100
GROUPS : 8
RELAXATION_LEVEL : 1
EDGE_WEIGHT_TYPE : EXPLICIT
EDGE_WEIGHT_FORMAT : FULL_MATRIX
EDGE_WEIGHT_SECTION
999999999 527258 950204 462027 577246 1151884 780140 260259 1006544 565524 1162258 858713 757085 894667 667154 389276 177006 970873 639156 766162 614555 875076 1196143 1205169 1287054 547231 1172385 511852 440318 763205 749835 809912 371563 920308 143992 964393 641717 204664 587784 690523 896161 241635 618224 1299864 648584 791280 1125984 979965 894844 909256 852352 319391 1169102 957753 1007333 843446 875580 914513 949975 671760 1126050 1071731 552097 524529 1014496 815997 1182427 892007 1153543 1029358 212720 428418 1311157 742248 782211 393417 645708 594822 508481 361401 908501 681944 185282 795475 628857 556885 745309 362536 619705 825901 1023011 450675 351739 958030 704857 885644 1201861 131023 232319 822503
527258 999999999 468330 123012 223660 642416 256202 320106 508929 184056 641123 501342 230871 468904 328188 139807 361590 570582 335988 408899 302843 361761 672652 682991 759839 384479 645990 266207 93455 478252 559676 474910 203304 452488 424937 570530 434354 350783 343596 429847 440656 314854 294467 773141 437803 394391 618042 462487 414176 487170 382495 314361 645293 545436 541049 436273 465809 394646 477493 320618 601577 579620 294261 46795 496422 376731 655172 621906 659535 512490 337477 207720 784072 217088 259035 402850 125648 148697 177923 175640 556825 381200 377616 429920 129983 154818 229418 187340 123419 351040 495767 408895 182615 430852 189478 377759 676837 449986 296010 391664
950204 468330 999999999 586910 620557 223527 344104 696788 506538 587975 278585 269401 286640 645565 675679 578829 773209 741324 706205 699643 683419 146893 467075 486329 453458 809073 338578 699193 559045 374262 504899 303144 578680 560945 819105 750184 466390 747996 438656 789619 580928 709828 671143 446411 824283 218092 526385 400425 516050 149733 529732 782673 303805 181786 81188 656018 667527 367231 561695 662074 410141 123176 709834 500094 409764 154059 378214 914515 204329 164227 791764 525802 495213 347624 249111 656075 412398 357211 616256 636956 792792 732707 771118 702311 340097 393329 250412 652903 464321 509802 284634 618264 641491 282269 284712 423304 341222 900951 724814 159537
462027 123012 586910 999999999 149943 749575 330202 310137 544758 120163 739212 621107 328925 454249 261861 132335 319061 545661 255715 357311 221820 471118 739705 747443 842441 271877 734445 156207 66951 588657 657841 591900 227084 464009 387980 542573 528832 320961 438185 344228 443464 292757 217404 859221 339494 515889 664017 520724 434957 610177 394393 201109 739678 668417 661406 410332 442359 457330 492725 259111 671288 694431 192592 86942 555288 499742 737532 549850 772967 616375 254021 264468 862123 296106 362323 440943 198905 268445 78907 105700 510194 304647 346698 383309 252162 265125 341202 99536 161885 366348 580373 461887 116687 513481 303389 424267 768658 363824 247672 514645
577246 223660 620557 149943 999999999 745362 301396 457484 446727 39790 716577 711015 335886 318136 112181 282101 455322 402016 112586 207862 79187 484477 669415 673614 790887 188806 695156 92163 213593 699639 783277 690254 376285 347335 524521 397728 657304 462556 566313 206206 320578 437657 71354 812629 217873 600082 571518 449432 328905 676557 283221 269794 710271 735202 700413 269143 301513 396619 377725 109210 606878 711768 89662 177324 482610 567426 688597 403787 784101 609778 364683 408327 803405 281202 373589 590235 209595 366212 74810 247353 360680 159348 487094 234573 324778 378241 372046 232157 157693 261491 541540 608933 258341 475816 343966 346959 733900 461928 384731 584906
1151884 642416 223527 749575 745362 999999999 444123 905401 480320 720229 93091 471608 421492 671002 771549 768606 975969 747396 808488 766967 793122 280697 333433 353038 260574 930850 175918 833538 735867 588114 715654 513822 783251 574335 1026775 759124 688213 953729 662054 878170 604076 915197 780560 243511 923447 439872 444609 384056 539615 350111 570224 950581 126508 354058 217595 698973 700212 389861 563157 757231 305398 113426 833810 664259 373809 377564 223982 958587 84106 135651 978228 736133 305751 466101 387254 877426 555036 558259 760560 817661 822327 823255 978106 761022 524898 599195 413127 829554 602578 561754 240969 841070 823939 289208 453472 455448 154015 1090051 921692 382631
780140 256202 344104 330202 301396 444123 999999999 573753 272518 278119 417579 513715 79340 322874 335749 395858 617577 427214 369570 355891 351137 197992 416728 426816 512282 486999 405256 390648 339847 552741 669751 513574 451899 259973 681113 433154 568817 606833 491738 448069 266802 570516 338568 529162 486986 405395 368291 208382 212591 439649 206394 527124 414128 494065 425141 321106 338168 139742 274361 321730 346062 418180 389688 256101 241584 346320 407344 573678 486371 308674 580601 436488 532902 39795 105748 627545 134545 275901 323325 420311 460090 391365 633633 360052 208415 318086 139909 424212 169587 179307 250614 618086 429300 183564 148274 140057 440964 692259 550868 365700
260259 320106 696788 310137 457484 905401 573753 999999999 828173 430261 924218 599809 534308 762816 566999 187688 92319 855752 553294 665190 521165 635044 987217 998697 1061805 516961 943293 430660 257912 509773 514491 552022 125234 763227 122384 852709 395425 57224 331810 631403 746541 32851 519481 1071042 609485 531131 938118 781573 728615 649305 692671 298462 934444 697500 750366 720261 752172 713264 790186 566092 915418 819428 474354 336197 815182 558054 958956 842443 901017 788994 199465 171092 1090094 534048 553329 179679 445752 348023 382926 211111 817763 602175 75412 692049 393249 306206 511052 230478 435981 662407 800646 227950 200463 739102 472109 697762 969033 260320 103798 563714
1006544 508929 506538 544758 446727 480320 272518 828173 999999999 446890 406036 740727 342824 213532 404974 642396 858564 269908 446301 351289 449118 379863 248089 245527 395215 586047 343628 534202 576673 803084 927160 752668 711726 120681 925737 282521 834982 853838 761692 479528 156552 820053 438925 425436 536826 643294 125499 106389 119004 641607 165962 714555 382338 685473 575455 259272 247135 151837 96185 392659 208315 518719 511046 493628 106794 573856 313119 497446 554478 380130 796158 704203 392344 309842 351949 897717 384143 548408 504004 648124 355835 436472 880610 333324 480909 590443 398569 644281 393645 185248 244106 890190 658576 224587 417227 133714 386627 901450 788255 592097
565524 184056 587975 120163 39790 720229 278119 430261 446890 999999999 695453 672137 305596 336180 147708 250241 434684 425703 151948 238791 118848 454595 661057 666388 777429 221666 678073 113482 180057 659869 743727 650866 343105 354830 503945 422463 618004 439231 527063 245807 330983 412281 110470 797876 257163 561463 570245 440163 331428 639745 287555 268257 690752 698461 667271 290691 322855 383543 384633 142588 596447 682287 122951 137906 474040 530201 674064 441179 756002 584593 353025 372064 792014 254254 343037 556737 175655 326503 57416 222957 391423 197851 464476 263980 286045 338527 338283 210935 123659 262672 523561 573569 234063 457052 308555 338640 715801 455236 363439 547469
1162258 641123 278585 739212 716577 93091 417579 924218 406036 695453 999999999 542194 411767 606603 729921 774152 988701 675708 768684 714590 756710 289174 240766 260260 177496 897220 82918 807245 733826 652449 782492 580183 799810 508779 1043585 688058 742969 969331 707200 831665 540721 930848 744294 167862 880412 495737 357625 317939 478608 419726 513829 939701 33437 432149 293694 639623 637460 337316 494251 715635 217810 192361 802776 656848 301876 427447 130966 895363 177130 136027 978543 758701 221371 445813 382114 913784 540730 576732 740531 816429 756359 778479 994663 705709 533936 620311 416950 825626 584260 509757 182240 881885 823706 242895 457420 401594 65287 1091091 930184 435983
858713 501342 269401 621107 711015 471608 513715 599809 740727 672137 542194 999999999 435797 836587 796783 554704 689821 940511 816676 849373 786860 361764 735093 754077 719294 884988 607161 766849 568931 126016 245254 53433 510344 767634 715813 946764 251074 656825 273318 909335 779004 623304 776219 709179 928782 112293 781895 639218 720022 122477 719783 784251 569891 128760 254409 831966 851119 590422 776113 785383 675310 358223 791496 546200 655881 168887 647551 1072779 419264 433474 751891 443855 762145 496886 408943 495478 513599 352964 678180 626816 970609 854709 673708 860221 386258 360183 376573 649820 560449 692993 544711 444098 626729 526665 385393 632530 606598 846622 663471 149837
757085 230871 286640 328925 335886 421492 79340 534308 342824 305596 411767 435797 999999999 401304 390086 367898 587817 506114 419708 423209 396815 149003 454682 467329 530543 524687 415364 418645 322606 473521 591414 434466 409620 339064 647759 511794 493121 572873 418900 504516 346085 535224 384519 542779 537748 326646 427267 264913 291549 367153 285401 530014 414712 423155 367467 396690 415325 197901 352569 376728 382618 376713 425525 245232 295067 269620 426431 644319 451279 287539 567453 384471 556730 63832 37758 569313 133984 211444 340862 405215 535614 447644 599256 430287 147673 256120 60571 413878 183520 257597 267200 555003 412835 204798 74976 214252 445980 680039 524997 288975
894667 468904 645565 454249 318136 671002 322874 762816 213532 336180 606603 836587 401304 999999999 235452 577249 770835 106286 272492 153204 287551 501334 460346 456060 608733 406783 551813 387613 505875 870687 981594 835481 663597 97935 840105 110663 870778 774996 786014 279828 67157 746877 281049 638914 339565 727950 325137 288778 132926 758387 117549 581234 586440 810422 723227 56417 33976 287041 117394 227430 421136 687934 353283 436219 306665 668909 524776 288761 737292 553434 682452 676594 604720 342982 427985 871085 366413 562483 390322 558835 151634 247477 800453 128764 497553 595062 461458 547014 346566 143707 430185 877376 569939 387336 461285 224312 595003 776146 699616 688275
667154 328188 675679 261861 112181 771549 335749 566999 404974 147708 729921 796783 390086 235452 999999999 394150 558623 303720 41447 100284 52926 532072 645141 646061 779480 181085 696164 155444 325750 796298 886292 780702 488458 290733 627311 297453 762285 568674 671696 114682 257882 545778 49378 804808 152028 684634 529723 433985 287272 749886 240663 349571 718606 807698 756803 180438 211465 394729 320949 14328 589850 753791 118175 283439 463849 643963 681984 294001 820210 638334 457423 519672 785754 328064 427048 702412 283486 463056 184717 355977 251132 58275 592365 129056 413492 480408 437112 338540 236784 230395 548664 720806 366764 487415 416377 334465 737415 544835 489294 662400
389276 139807 578829 132335 282101 768606 395858 187688 642396 250241 774152 554704 367898 577249 394150 999999999 221785 672588 387355 488794 353640 489076 812433 822674 898224 385119 783124 278190 71459 499876 550953 517314 95267 575539 285726 670328 420858 212201 333413 473944 559100 177663 349602 910650 463881 460589 754834 601194 541147 568922 504983 230218 780186 624368 644771 536692 568221 533743 602531 391121 741383 696450 318756 149021 635315 463260 793796 681368 777826 642598 212977 142498 923218 356864 393116 308736 263566 224400 210722 73720 641578 436444 239068 514221 243791 199184 357704 98907 249085 474744 634359 331781 72188 569988 317073 513529 812692 322676 157099 474469
177006 361590 773209 319061 455322 975969 617577 92319 858564 434684 988701 689821 587817 770835 558623 221785 999999999 857313 538664 658762 508961 700510 1034208 1044372 1118320 480015 1001978 410743 282268 601836 605596 642779 194557 782833 69279 852794 487610 36772 423608 607698 762505 66620 509514 1129745 577908 617268 973806 822114 752357 734555 712931 247243 996678 784272 830584 724029 756369 755027 811279 560058 963166 894819 454414 366463 856369 639641 1014231 818002 976626 854932 131149 252675 1144173 578644 610884 261746 484668 418240 381238 213361 808914 586030 41143 687010 454765 379904 572096 223848 465533 684241 854898 314275 202398 791101 531946 732244 1030124 169517 71417 646582
970873 570582 741324 545661 402016 747396 427214 855752 269908 425703 675708 940511 506114 106286 303720 672588 857313 999999999 333671 205531 356373 599420 500172 491944 652847 453896 612892 459078 601165 976656 1087879 940560 761421 180648 926481 14175 976844 864142 891749 310990 162216 837939 352758 685264 369742 832606 355981 363985 225461 859240 220829 652851 652243 910073 817267 135928 104972 376273 185193 299607 474210 774812 419980 535682 374404 772314 579967 240828 818354 637735 760803 777806 641830 448708 531575 971169 471756 668309 476430 648138 103645 296633 888932 176097 603661 700240 566482 634064 449523 248915 507452 979476 659218 472939 567274 318058 655684 847913 786736 791643
639156 335988 706205 255715 112586 808488 369570 553294 446301 151948 768684 816676 419708 272492 41447 387355 538664 333671 999999999 128159 34079 564104 686554 687506 820512 139755 736240 128905 321797 810275 895664 798252 482512 331504 606659 326251 769874 551049 678893 94130 298254 530355 41572 845650 118091 704933 570941 474919 328705 774848 282110 320055 757957 833050 787146 216600 246555 434483 361591 54716 631033 787664 87071 289824 504994 667523 722661 294136 855417 674631 431872 518523 827049 359011 457110 696010 306034 476506 176829 342556 271275 49199 573863 157583 431129 490279 463905 323022 256709 271576 587877 717532 352986 525916 440630 374939 777296 514637 470738 685627
766162 408899 699643 357311 207862 766967 355891 665190 351289 238791 714590 849373 423209 153204 100284 488794 658762 205531 128159 999999999 151875 552946 598705 596797 741549 255156 670604 254402 418848 861261 958932 838596 581889 230848 727515 198357 838388 668333 748946 128716 195100 644740 149634 769566 187515 737290 471143 402767 242928 790158 201934 447588 699050 846363 780468 97308 123159 378235 258336 99218 551088 764028 214549 367055 428123 689135 650043 223475 823874 638766 557238 608489 742386 359385 457521 795414 340256 532455 282265 454568 152885 95157 692227 29435 476088 555434 477353 437926 301639 205432 532623 810839 465462 477837 464032 313169 713225 642500 589233 708199
614555 302843 683419 221820 79187 793122 351137 521165 449118 118848 756710 786860 396815 287551 52926 353640 508961 356373 34079 151875 999999999 543007 685115 687054 815584 141923 727612 102710 287784 778235 862462 767455 448739 338001 577331 349858 736390 520313 645374 127023 306339 498773 12577 839726 143167 675396 574460 470074 330369 747794 283368 296687 747336 806192 764094 232990 264227 425635 368501 60251 627290 768179 65748 256499 501258 639740 716158 328058 837500 658470 405370 484448 823961 337618 434458 662352 278690 444575 142982 310170 299962 82832 543510 181048 400811 457374 438619 291277 228274 269210 577212 683561 320719 513856 413712 368580 768043 491934 440347 657632
875076 361761 146893 471118 484477 280697 197992 635044 379863 454595 289174 361764 149003 501334 532072 489076 700510 599420 564104 552946 543007 999999999 401453 418345 436787 673188 315442 567629 455202 436024 565539 378087 510701 420176 754565 607660 494498 680446 440937 645318 437839 641930 530568 441198 682109 271027 423854 277461 374054 263218 384643 671585 300568 311218 227525 509768 522178 231853 423839 518255 333445 227717 574139 384976 294847 198293 340433 767705 303157 154428 697699 470146 471020 205394 111784 632597 281888 287756 488967 536966 647130 588477 705652 555419 246255 331792 132432 548989 332295 363663 199425 605782 543287 166856 172842 282055 336310 809687 643637 215332
1196143 672652 467075 739705 669415 333433 416728 987217 248089 661057 240766 735093 454682 460346 645141 812433 1034208 500172 686554 598705 685115 401453 999999999 19941 153045 825404 157992 760655 755942 828804 960097 763414 863326 368687 1097198 513972 895808 1022661 840829 726376 404541 985857 673982 186389 782777 663494 145367 220948 359144 616807 404900 927259 207781 642894 508601 507356 494222 282405 343726 632001 72083 418460 743354 671614 187048 589857 110314 737554 417516 303507 993286 838749 144387 455569 442159 1018906 550655 660922 715446 835220 595527 681253 1049378 581357 601321 706569 489895 837032 578284 415932 202305 998476 844594 252260 523715 322705 190038 1103506 967566 603801
1205169 682991 486329 747443 673614 353038 426816 998697 245527 666388 260260 754077 467329 456060 646061 822674 1044372 491944 687506 596797 687054 418345 19941 999999999 163919 826727 177401 764465 765232 847025 978246 781997 875143 366158 1107813 505853 912831 1033400 856938 724904 402021 996791 676096 198050 781831 681595 135996 227160 359190 636058 405448 933317 227178 662507 528392 504301 490014 290707 340248 633106 86168 438400 746116 680751 192779 607906 129540 730454 437136 322956 1001284 851712 150055 465964 455980 1033052 560195 674747 721265 843973 588627 680781 1060160 578659 614409 720338 504044 845225 586424 417916 218945 1013347 853470 266418 537220 327748 208457 1111086 977299 622033
1287054 759839 453458 842441 790887 260574 512282 1061805 395215 777429 177496 719294 530543 608733 779480 898224 1118320 652847 820512 741549 815584 436787 153045 163919 999999999 957291 121511 883028 848922 827697 958311 756271 936574 514402 1177519 666583 913385 1102645 871641 867545 549946 1064691 803883 34790 922253 668322 298383 345682 499007 596883 542731 1037576 149700 609409 470992 653243 642346 394344 491398 765814 190609 368643 870237 766812 315844 597926 105003 889244 338722 297794 1092080 902627 45328 547732 508613 1069379 645642 720130 828816 930714 747132 819773 1128817 726144 668681 765314 551248 935980 681149 549164 264097 1041588 939196 329885 589723 447113 112696 1204111 1055283 608013
547231 384479 809073 271877 188806 930850 486999 516961 586047 221666 897220 884988 524687 406783 181085 385119 480015 453896 139755 255156 141923 673188 825404 826727 957291 999999999 869392 118274 335527 859790 928930 859383 476726 470915 543103 444329 799435 500569 709213 147874 437247 488782 153938 981596 101394 776238 710681 611670 468279 859671 421556 236087 888523 918441 888674 350367 378134 567472 500838 193693 768621 900295 99253 338900 642534 749547 858067 345092 971947 795596 356553 527051 965097 469232 562395 680571 397150 533119 206835 321370 373733 160003 519307 282953 502105 535372 559834 296396 345093 409665 718493 712200 329388 654585 530095 510413 909677 417148 420490 766329
1172385 645990 338578 734445 695156 175918 405256 943293 343628 678073 82918 607161 415364 551813 696164 783124 1001978 612892 736240 670604 727612 315442 157992 177401 121511 869392 999999999 787072 736600 711642 842804 641590 818088 454123 1060055 625782 793769 985258 750516 792252 487877 947116 715478 127835 843901 550286 280946 267938 429345 485464 468685 932373 49789 503621 365885 589562 583999 302021 436249 682078 142665 268721 778237 655977 245427 478933 48064 839527 260007 178351 980935 782598 158802 438353 391154 947983 535976 599926 726928 818922 698675 741194 1011240 658938 550059 644924 432254 825613 574818 469229 154874 920080 827006 221908 471351 362102 43192 1093358 940192 489816
511852 266207 699193 156207 92163 833538 390648 430660 534202 113482 807245 766849 418645 387613 155444 278190 410743 459078 128905 254402 102710 567629 760655 764465 883028 118274 787072 999999999 221902 742166 813993 741115 372598 429564 478340 452544 685038 424604 594370 200781 400169 405973 107072 904787 185695 658389 659513 541103 415487 743654 368960 194278 801572 802415 777822 334139 365803 488779 460191 160981 698682 795346 43912 220679 574076 633254 780757 411786 869389 697889 303197 417535 895319 367691 455932 582722 287099 414846 88687 222919 400180 175357 446728 283663 384957 417603 448879 200777 235631 349604 633226 609543 232567 567261 417069 438556 825614 389569 343865 649740
440318 93455 559045 66951 213593 735867 339847 257912 576673 180057 733826 568931 322606 505875 325750 71459 282268 601165 321797 418848 287784 455202 755942 765232 848922 335527 736600 221902 999999999 528884 593409 536708 163064 505965 349066 598972 463937 277591 373700 411030 488678 245262 282764 863268 406154 467257 691567 541109 472769 567748 435479 225062 737317 625128 629994 465259 496768 474819 533394 321966 685737 671990 259343 84639 575524 458538 744010 615796 752235 605809 244850 197537 871712 302217 351957 376855 205390 220366 145381 82623 571426 370507 304247 443835 218986 209156 322830 94245 183286 405652 584935 395838 90407 519149 282769 450016 768332 357436 212965 472026
763205 478252 374262 588657 699639 588114 552741 509773 803084 659869 652449 126016 473521 870687 796298 499876 601836 976656 810275 861261 778235 436024 828804 847025 827697 859790 711642 742166 528884 999999999 131499 75518 438304 812575 619223 981262 130665 566870 178694 904361 818748 536607 768814 820297 915830 165733 859470 707465 765016 239222 757243 728863 678065 254580 373672 858033 880729 651269 825278 786420 764775 475613 772344 524998 728559 239487 749007 1083479 541193 534166 679756 371202 869184 528067 454700 384485 521126 333777 655161 573595 994024 852577 580663 875962 385221 324595 413117 598482 561425 727947 631147 330043 571409 602568 409403 683871 715473 765658 585684 225003
749835 559676 504899 657841 783277 715654 669751 514491 927160 743727 782492 245254 591414 981594 886292 550953 605596 1087879 895664 958932 862462 565539 960097 978246 958311 928930 842804 813993 593409 131499 999999999 202386 473040 929400 608180 1091554 130110 568972 219723 989484 933015 545182 854139 950234 994512 296668 987994 833934 882246 365548 870931 770898 808621 371622 499217 964554 989070 775715 943937 877661 895693 602516 848252 605974 856198 370407 880431 1178189 664466 665536 703166 410519 1000073 641918 576114 356572 622314 426565 730498 623037 1097763 940535 577149 975977 486446 405907 531927 648966 657309 840679 761866 299196 618675 731503 522918 804533 845911 774733 604940 356346
809912 474910 303144 591900 690254 513822 513574 552022 752668 650866 580183 53433 434466 835481 780702 517314 642779 940560 798252 838596 767455 378087 763414 781997 756271 859383 641590 741115 536708 75518 202386 999999999 467287 771311 666572 946082 197699 609187 222778 891728 780311 576466 757269 747882 908029 109647 801608 653812 723583 164157 719865 747501 606573 180104 298535 827270 848040 601140 781792 769891 701172 400988 767962 520799 672782 179885 680214 1061967 465763 465241 709616 400233 798307 493026 411177 442952 499511 326389 652761 590295 965065 838119 625295 851113 367363 327681 374085 614031 543947 691841 568591 391098 589502 544813 377255 638787 643769 801845 619268 162896
371563 203304 578680 227084 376285 783251 451899 125234 711726 343105 799810 510344 409620 663597 488458 95267 194557 761421 482512 581889 448739 510701 863326 875143 936574 476726 818088 372598 163064 438304 473040 467287 999999999 654434 243974 759820 344229 170478 262760 569169 640748 131954 444488 945852 558149 428693 818465 660221 617113 544135 584087 297864 809591 595846 636437 625561 656605 591639 680069 484950 791413 700445 413662 227986 693468 446327 833776 776578 782235 664905 242460 67314 964969 412105 428133 213956 327620 224996 305765 156317 734390 531563 195116 606711 268032 185449 385871 182154 324598 552970 675590 236946 149771 614395 346875 579716 844030 337429 154023 454106
920308 452488 560945 464009 347335 574335 259973 763227 120681 354830 508779 767634 339064 97935 290733 575539 782833 180648 331504 230848 338001 420176 368687 366158 514402 470915 454123 429564 505965 812575 929400 771311 654434 999999999 851469 190244 825505 782393 744878 359338 35871 751134 328810 543806 417149 662196 241243 191145 47728 681622 70563 617096 488506 731317 636632 138918 129905 195764 30635 279379 325323 595564 402096 427827 208821 598791 427983 386634 642136 459483 707855 657663 512830 288233 360139 853498 335794 522833 412057 569596 248135 317900 808714 212671 455414 560155 399472 561970 329854 101486 333368 853432 580493 293759 406684 138138 497304 808659 711532 617966
143992 424937 819105 387980 524521 1026775 681113 122384 925737 503945 1043585 715813 647759 840105 627311 285726 69279 926481 606659 727515 577331 754565 1097198 1107813 1177519 543103 1060055 478340 349066 619223 608180 666572 243974 851469 999999999 921894 498036 74892 444155 673877 831441 112959 578124 1187889 642169 651572 1039973 886919 820492 770103 781452 307866 1052873 817241 872626 793289 825631 819406 879778 628944 1025839 941674 521832 432661 921028 680181 1073934 883539 1023297 908834 187890 293475 1204485 641851 669066 253131 549292 468726 450496 282305 877282 653697 48926 755856 510573 427778 628458 293127 532258 752558 914920 309727 271294 851995 588839 798458 1086968 189153 140560 685548
964393 570530 750184 542573 397728 759124 433154 852709 282521 422463 688058 946764 511794 110663 297453 670328 852794 14175 326251 198357 349858 607660 513972 505853 666583 444329 625782 452544 598972 981262 1091554 946082 759820 190244 921894 999999999 979622 860191 894052 300451 169883 834447 346680 698931 358833 838421 369911 375415 234134 866758 227025 645945 664834 917981 826519 134528 104913 386008 196334 293934 487443 785276 412891 534843 386523 778811 593178 226659 829602 648483 754844 777403 655770 453644 537933 970234 473853 670793 472345 644421 89823 288021 884817 168970 606617 702049 572024 629883 450191 254244 518909 979366 655482 483357 571872 326898 668625 840822 782406 798160
641717 434354 466390 528832 657304 688213 568817 395425 834982 618004 742969 251074 493121 870778 762285 420858 487610 976844 769874 838388 736390 494498 895808 912831 913385 799435 793769 685038 463937 130665 130110 197699 344229 825505 498036 979622 999999999 451538 91084 863344 826009 424659 728465 909827 866574 248455 907128 748186 779236 350084 763722 641866 765453 376220 481812 849967 875873 685821 842417 754227 827858 578893 719990 480103 773545 315724 826743 1055423 650504 615700 578115 280798 952569 537465 483731 255951 506542 309167 602433 493055 980509 815527 462600 856745 373238 282983 436429 518958 537691 732672 693923 200364 488823 654822 420552 707265 803212 655164 480769 307203
204664 350783 747996 320961 462556 953729 606833 57224 853838 439231 969331 656825 572873 774996 568674 212201 36772 864142 551049 668333 520313 680446 1022661 1033400 1102645 500569 985258 424604 277591 566870 568972 609187 170478 782393 74892 860191 451538 999999999 389011 623710 763494 38556 520008 1113092 596770 586785 967009 813108 750192 704633 712101 271772 978346 753458 803459 729777 762008 745410 810283 569210 951234 870186 468499 360255 847132 611695 999044 834668 951920 834798 160742 224004 1129597 567480 594226 225459 475573 395473 387853 216274 819694 599135 26870 696108 435982 355426 553823 230543 460194 682716 840030 277604 205167 777148 514116 725636 1012333 206287 80939 617955
587784 343596 438656 438185 566313 662054 491738 331810 761692 527063 707200 273318 418900 786014 671696 333413 423608 891749 678893 748946 645374 440937 840829 856938 871641 709213 750516 594370 373700 178694 219723 222778 262760 744878 444155 894052 91084 389011 999999999 772309 743528 358093 637508 871270 775564 230767 840840 679807 699345 346500 681344 558136 726747 384880 468987 763251 789825 615178 763170 663809 771057 558124 629043 389181 707055 284644 779813 965092 634781 574908 502385 196767 908665 458280 414099 226709 420228 223582 511429 406431 892340 724679 403829 767828 289826 193781 365425 432111 449126 649941 638621 181628 402879 593833 344559 631467 764307 586966 407404 281504
690523 429847 789619 344228 206206 878170 448069 631403 479528 245807 831665 909335 504516 279828 114682 473944 607698 310990 94130 128716 127023 645318 726376 724904 867545 147874 792252 200781 411030 904361 989484 891728 569169 359338 673877 300451 863344 623710 772309 999999999 323676 606371 135680 894839 60074 797381 599855 525576 368600 864390 325193 373458 818143 922273 870785 225106 247801 494409 387037 127798 676936 865207 157330 383521 552627 758099 774035 211164 929853 746507 491725 608495 869666 442159 541329 781405 396999 570585 265728 423196 226221 56915 644963 151067 524421 584292 551781 401505 348898 323148 649482 805502 433057 590999 530618 431038 834405 561665 542779 776435
896161 440656 580928 443464 320578 604076 266802 746541 156552 330983 540721 779004 346085 67157 257882 559100 762505 162216 298254 195100 306339 437839 404541 402021 549946 437247 487877 400169 488678 818748 933015 780311 640748 35871 831441 169883 826009 763494 743528 323676 999999999 733178 297629 579164 381687 671842 276474 222790 65995 697053 62288 589743 521257 748106 657944 103300 96739 220132 63916 247034 360559 621055 371080 413013 242453 610561 462681 354970 670135 486317 683472 647470 548657 291231 370141 843181 328612 520346 387729 549157 218790 282984 789587 176818 453722 555842 406642 540239 317272 93617 363384 845462 560151 320220 410334 158240 531022 782502 691098 629862
241635 314854 709828 292757 437657 915197 570516 32851 820053 412281 930848 623304 535224 746877 545778 177663 66620 837939 530355 644740 498773 641930 985857 996791 1064691 488782 947116 405973 245262 536607 545182 576466 131954 751134 112959 834447 424659 38556 358093 606371 733178 999999999 497685 1074950 582613 550877 932136 777341 717921 668356 680686 267203 939965 717810 765834 702923 735020 709433 778651 545524 914321 831916 449829 326537 811252 574363 961211 817533 913668 796271 166617 186833 1091889 531040 556174 212517 440104 356939 362859 190305 796876 578963 64132 672045 397633 317049 515507 207504 426620 650914 802303 260581 179337 739677 475881 691008 974020 230508 71756 580936
618224 294467 671143 217404 71354 780560 338568 519481 438925 110470 744294 776219 384519 281049 49378 349602 509514 352758 41572 149634 12577 530568 673982 676096 803883 153938 715478 107072 282764 768814 854139 757269 444488 328810 578124 346680 728465 520008 637508 135680 297629 497685 999999999 827890 154761 664635 564346 458467 320049 736258 273037 301339 735018 794612 751853 227152 258745 413537 359371 53916 615797 755658 73462 248374 489805 628389 704265 333226 824933 645898 408164 478766 812530 325175 422143 658315 267144 435062 138968 308370 299700 88190 543519 178431 390356 448712 426672 290241 217019 258184 564909 678587 319048 501457 402102 356812 755843 496624 440398 646344
1299864 773141 446411 859221 812629 243511 529162 1071042 425436 797876 167862 709179 542779 638914 804808 910650 1129745 685264 845650 769566 839726 441198 186389 198050 34790 981596 127835 904787 863268 820297 950234 747882 945852 543806 1187889 698931 909827 1113092 871270 894839 579164 1074950 827890 999999999 948931 663193 331717 370875 526701 586722 569694 1055806 144641 596082 458124 682434 672380 416165 521520 791017 218712 354551 893261 782015 342291 594109 124039 920818 318099 296379 1107231 909801 72110 563522 518967 1072869 661399 727072 848334 945422 778710 846287 1139073 754842 677833 771895 559990 951535 698601 574851 278954 1043441 953659 345742 599165 471196 106977 1219524 1067740 603229
648584 437803 824283 339494 217873 923447 486986 609485 536826 257163 880412 928782 537748 339565 152028 463881 577908 369742 118091 187515 143167 682109 782777 781831 922253 101394 843901 185695 406154 915830 994512 908029 558149 417149 642169 358833 866574 596770 775564 60074 381687 582613 154761 948931 999999999 817643 658134 578620 424032 890956 379538 336458 868133 949341 905205 284484 307744 543939 445330 166313 731728 905166 146936 391009 606676 782866 827303 243738 972131 790357 456630 602827 925558 477089 575179 767142 421844 583225 264141 406496 281429 102774 616533 210870 542524 592440 581234 382971 371384 374947 698630 795065 415563 638413 556843 481862 885677 518375 516094 800714
791280 394391 218092 515889 600082 439872 405395 531131 643294 561463 495737 112293 326646 727950 684634 460589 617268 832606 704933 737290 675396 271027 663494 681595 668322 776238 550286 658389 467257 165733 296668 109647 428693 662196 651572 838421 248455 586785 230767 797381 671842 550877 664635 663193 817643 999999999 694859 545134 614473 118890 611789 687359 519374 167227 238608 721562 741450 491667 672333 673174 599095 331571 681696 438212 564911 73768 586008 960733 405783 372020 665502 365193 708704 386556 302107 456264 401357 247758 569727 530575 859928 742609 606442 748439 275425 261893 266666 552290 448488 584243 465416 412348 531618 437847 273478 529224 557071 765798 582617 60495
1125984 618042 526385 664017 571518 444609 368291 938118 125499 570245 357625 781895 427267 325137 529723 754834 973806 355981 570941 471143 574460 423854 145367 135996 298383 710681 280946 659513 691567 859470 987994 801608 818465 241243 1039973 369911 907128 967009 840840 599855 276474 932136 564346 331717 658134 694859 999999999 162355 244503 672013 291452 838369 327817 708093 583792 376065 359061 230243 212833 517617 139820 508583 636539 607408 133810 622055 239242 594919 526146 375626 916946 804749 285861 407819 426965 994687 492399 638485 627038 765769 453316 559128 993869 450893 572980 682621 475949 763455 508444 310129 241996 982191 775968 257012 501881 241563 320354 1023561 904300 638712
979965 462487 400425 520724 449432 384056 208382 781573 106389 440163 317939 639218 264913 288778 433985 601194 822114 363985 474919 402767 470074 277461 220948 227160 345682 611670 267938 541103 541109 707465 833934 653812 660221 191145 886919 375415 748186 813108 679807 525576 222790 777341 458467 370875 578620 545134 162355 999999999 161764 537216 200954 706396 298862 579965 469082 322640 319528 68739 179181 420245 157747 414387 525853 456471 34572 474119 248683 577501 454443 276003 774708 643877 354625 248170 265716 832775 337630 476154 494509 618564 439205 475870 839965 391084 410853 520382 314452 618949 360370 204014 143494 819847 628284 118258 339571 102570 310730 884149 753910 491869
894844 414176 516050 434957 328905 539615 212591 728615 119004 331428 478608 720022 291549 132926 287272 541147 752357 225461 328705 242928 330369 374054 359144 359190 499007 468279 429345 415487 472769 765016 882246 723583 617113 47728 820492 234134 779236 750192 699345 368600 65995 717921 320049 526701 424032 614473 244503 161764 999999999 634798 47012 597813 460474 684961 592586 161060 160676 154153 64503 274616 308418 555076 392050 392436 185342 551202 407266 418972 604686 420565 683215 617409 501533 241773 312411 813060 294469 478044 388815 539876 284406 322171 776731 229686 410376 516240 351899 533986 293051 68959 299481 811342 550605 254478 359780 92789 472277 786663 681351 570394
909256 487170 149733 610177 676557 350111 439649 649305 641607 639745 419726 122477 367153 758387 749886 568922 734555 859240 774848 790158 747794 263218 616807 636058 596883 859671 485464 743654 567748 239222 365548 164157 544135 681622 770103 866758 350084 704633 346500 864390 697053 668356 736258 586722 890956 118890 672013 537216 634798 999999999 640851 791399 447570 58772 134450 760637 776462 495036 686588 737335 559344 237004 762341 527664 550460 110659 526602 1011440 302424 313740 777533 481991 639850 430886 334396 573042 469117 348005 655955 636407 899528 808132 724679 797395 359807 370021 313732 656673 519834 616790 431601 527175 638455 421046 334226 543904 484189 880128 697549 95758
852352 382495 529732 394393 283221 570224 206394 692671 165962 287555 513829 719783 285401 117549 240663 504983 712931 220829 282110 201934 283368 384643 404900 405448 542731 421556 468685 368960 435479 757243 870931 719865 584087 70563 781452 227025 763722 712101 681344 325193 62288 680686 273037 569694 379538 611789 291452 200954 47012 640851 999999999 552647 497463 693037 608183 129816 137831 180509 98353 227864 352191 577918 345088 357294 227438 551788 448954 391361 631790 446552 640238 588325 546587 229364 310911 784162 267708 458267 344960 499838 263278 277195 738468 191893 391523 494149 345856 492792 259585 31903 332563 785185 510691 281763 348438 115012 511291 742551 641693 571139
319391 314361 782673 201109 269794 950581 527124 298462 714555 268257 939701 784251 530014 581234 349571 230218 247243 652851 320055 447588 296687 671585 927259 933317 1037576 236087 932373 194278 225062 728863 770898 747501 297864 617096 307866 645945 641866 271772 558136 373458 589743 267203 301339 1055806 336458 687359 838369 706396 597813 791399 552647 999999999 939374 848237 854682 528258 560017 646842 647511 355232 861091 893200 233106 286609 740600 682885 933062 579678 972467 817483 120525 361637 1054940 494977 563360 474211 398973 443394 212193 157436 589147 362566 287688 476983 443260 425662 540702 135081 357556 529611 777707 515107 158050 710633 501938 605854 967578 195293 195640 695854
1169102 645293 303805 739678 710271 126508 414128 934444 382338 690752 33437 569891 414712 586440 718606 780186 996678 652243 757957 699050 747336 300568 207781 227178 149700 888523 49789 801572 737317 678065 808621 606573 809591 488506 1052873 664834 765453 978346 726747 818143 521257 939965 735018 144641 868133 519374 327817 298862 460474 447570 497463 939374 999999999 462159 323790 621471 617893 324195 472568 704382 188303 223836 795320 658742 280157 449738 97722 875029 210505 152031 982162 770663 192285 444450 387107 929963 540788 588109 737430 819921 735143 765777 1003956 689006 542376 632343 424652 828123 582542 495260 170155 899600 827531 234513 464733 387146 37759 1094746 936807 459223
957753 545436 181786 668417 735202 354058 494065 697500 685473 698461 432149 128760 423155 810422 807698 624368 784272 910073 833050 846363 806192 311218 642894 662507 609409 918441 503621 802415 625128 254580 371622 180104 595846 731317 817241 917981 376220 753458 384880 922273 748106 717810 794612 596082 949341 167227 708093 579965 684961 58772 693037 848237 462159 999999999 138457 814497 829444 541731 734893 795051 589376 241549 821084 586209 590823 169297 547194 1066986 294652 339976 831558 532393 653519 486980 389486 611213 527502 405001 714686 692683 953170 865914 772677 852969 418430 425199 370992 713340 578352 669833 466206 562707 694445 462364 392515 593232 497399 932771 749706 153773
1007333 541049 81188 661406 700413 217595 425141 750366 575455 667271 293694 254409 367467 723227 756803 644771 830584 817267 787146 780468 764094 227525 508601 528392 470992 888674 365885 777822 629994 373672 499217 298535 636437 636632 872626 826519 481812 803459 468987 870785 657944 765834 751853 458124 905205 238608 583792 469082 592586 134450 608183 854682 323790 138457 999999999 735327 746007 441518 635778 743217 458752 104219 789490 574977 474877 192891 410194 994541 168742 209137 857515 579595 515064 428739 330044 693028 491617 420735 693934 705947 871446 813872 825474 782768 411461 452890 329062 723132 543643 589119 342822 650606 709820 351159 361603 499823 358943 965006 786051 190188
843446 436273 656018 410332 269143 698973 321106 720261 259272 290691 639623 831966 396690 56417 180438 536692 724029 135928 216600 97308 232990 509768 507356 504301 653243 350367 589562 334139 465259 858033 964554 827270 625561 138918 793289 134528 849967 729777 763251 225106 103300 702923 227152 682434 284484 721562 376065 322640 161060 760637 129816 528258 621471 814497 735327 999999999 32370 309878 164131 173265 463790 707572 298574 400315 344438 666286 565483 261579 761489 576317 631812 642936 651607 335102 426759 835718 343426 540800 342793 513549 139016 191124 754833 74837 478225 570341 455396 500318 316811 146227 459838 845004 524649 411216 450274 244609 632618 723452 653119 685649
