NAME : synthetic_000535
TYPE : CTSP-D
DIMENSION : 100
GROUPS : 8
RELAXATION_LEVEL : 1
EDGE_WEIGHT_TYPE : EXPLICIT
EDGE_WEIGHT_FORMAT : FULL_MATRIX
EDGE_WEIGHT_SECTION
999999999 554882 595936 495046 490688 163128 690661 476828 493088 154166 269263 536775 471913 304922 388734 471840 471418 272122 510424 309563 339209 279616 267643 143531 302894 145404 439974 453966 433720 493166 382347 310901 421671 602968 406808 544772 740076 273383 420404 169937 354439 324994 577508 338216 216496 576337 457801 469706 72130 190497 423899 431476 584998 357346 512592 480828 185197 206487 595257 367771 401254 357854 240870 440212 637703 503193 291769 587292 180230 614534 579864 464556 415300 413641 371077 635197 167465 352921 222535 105189 536834 489725 457270 406613 245964 487626 593242 320876 466115 534381 346969 625093 514971 429820 263566 243448 268453 401509 422962 416206
554882 999999999 328138 804410 948164 400013 341323 968244 742810 626573 790456 586649 819045 597036 559690 762171 664808 816401 529818 774011 839126 814153 604141 664999 809147 598967 318371 753434 808149 645135 885437 489870 776405 180022 148219 384250 334770 429899 259366 691334 382077 612965 262103 605181 373081 343418 875627 993803 598555 489042 595665 956302 265036 849462 668408 768208 374322 395382 675146 801522 688344 865481 599553 874376 84544 125152 818601 916902 463331 268040 218943 166571 877685 541625 539958 177633 722285 558050 613878 467162 303082 861126 310115 513613 452934 687664 271182 868468 715022 61704 698797 183960 128819 424039 503264 742517 290560 337919 813707 852006
595936 328138 999999999 1000366 817783 502493 669398 862993 958152 726010 740158 318291 999287 776973 782040 962889 444003 791753 267654 679982 932604 874508 765939 642862 741126 557313 157068 563487 647775 409104 976973 355708 950143 163256 331483 685960 660095 342529 184057 662127 614793 797403 583011 450064 519086 657156 728927 919729 602115 635383 389751 887057 587057 949197 427076 970635 430492 389482 396703 936929 883316 789374 501500 1012979 334712 215866 769715 1110612 604139 593953 111601 203904 999018 776952 362211 504220 744358 391559 752169 556583 611252 688233 591691 313853 629279 463204 594118 907073 508248 381872 866877 511760 206374 218543 683491 682079 372477 197882 972665 988715
495046 804410 1000366 999999999 893717 505931 703221 844501 84310 344968 656744 1022833 53103 223544 248125 43356 966463 603733 989172 747945 311698 397004 241173 588488 700181 633307 863585 939815 899488 987481 326037 795881 82130 938465 696440 513636 774453 743122 817846 601903 422753 202963 642855 833212 481299 576469 897603 782605 549049 368970 917463 753921 647549 295941 1007355 39854 585845 651385 1087439 191827 118074 734852 734142 191653 881820 828790 659630 112748 400019 674582 940906 812651 241544 274801 861396 767179 489557 845891 274266 468674 575687 949513 518847 890921 371786 982501 650660 461150 958629 751743 148218 750476 842411 891144 317311 670772 628779 835057 120222 191316
490688 948164 817783 893717 999999999 631907 1162764 80740 924093 581468 240502 553841 851638 765590 865850 887465 405040 290658 578510 184789 604412 506456 722162 348095 197964 370990 687413 277840 177484 449066 616363 475161 811589 913017 811715 1032231 1203200 521856 716806 323543 843624 781485 1046363 368504 694339 1058344 94026 181913 418975 678989 436434 180577 1053823 625892 445125 895831 603865 558172 536388 709771 836913 159095 348640 750860 1017958 850428 234182 949357 670894 1081184 867331 802165 700574 895384 455587 1075752 408694 426631 667768 590842 1015211 163092 938768 504647 736378 396164 1062559 460669 340415 951136 764522 1069538 857040 599770 748434 247872 674923 649251 784022 734777
163128 400013 502493 505931 631907 999999999 533710 628395 476557 234789 426422 534452 499540 284136 323463 471919 514047 434988 493782 447134 449166 415011 266258 296937 455828 261907 358781 535848 543016 522617 495372 316827 449582 473952 254312 403598 579925 251606 318451 324476 223029 305676 418704 392661 63940 426492 584369 629812 223133 137017 451684 591495 426213 462425 545650 480293 81142 154082 609584 436403 392610 512370 322067 512480 484149 366924 450972 613107 106262 455048 461382 336015 503189 335011 388027 472069 326867 382148 249721 67187 383502 600933 307007 404843 154015 534558 434695 468498 529553 374340 366371 462009 379868 388468 200438 391847 133708 329157 470207 488399
690661 341323 669398 703221 1162764 533710 999999999 1162083 622582 685225 958927 905869 737944 563404 471780 660933 957961 959964 849985 978286 863022 877571 593419 830059 989440 791855 637781 1022993 1054892 947046 904856 761416 711294 517486 395360 191383 71714 690763 572489 857496 356413 568438 116812 869860 474627 131914 1107620 1160322 755978 536228 887417 1122117 109469 864750 971346 663373 561083 618827 994770 782059 610013 1045823 831156 839801 357947 459483 982323 803565 527524 85599 560036 490132 863713 436884 824717 170322 838560 834928 630597 585494 156844 1111988 237852 811484 476501 981037 100587 946176 997086 289805 656411 159466 466266 735902 500441 925527 501201 645826 762222 823013
476828 968244 862993 844501 80740 628395 1162083 999999999 880660 548266 210298 615297 800127 732576 836901 841494 468239 243073 635130 194407 546368 450686 688579 333775 173935 374877 725286 344504 242533 512385 554111 512063 762662 947407 827194 1021594 1206463 550345 748535 306932 831073 746957 1046710 413682 688680 1052073 164144 101344 407630 659319 491720 104640 1054214 567134 510907 849583 610508 573533 605090 656749 796102 120398 374677 692374 1041555 877488 194821 893310 654848 1082580 904336 829788 640673 868414 502428 1085819 370519 472217 633768 580664 1010986 238930 932574 553463 718782 461822 1062779 398350 406181 966142 721738 1078430 885118 644509 725107 236556 686642 685552 731337 677787
493088 742810 958152 84310 924093 476557 622582 880660 999999999 353220 684180 1005622 131442 195095 183325 50499 961109 637719 968303 768012 368022 443047 226185 602251 727402 636540 828177 945673 913981 978699 389635 780683 134878 885322 643975 434470 694066 722857 778245 618844 361376 173393 567192 829093 442720 497637 919689 826160 554084 341332 907761 795255 571521 355473 999705 47592 557675 627770 1074873 248279 91936 766753 733916 265851 817679 776793 690515 182325 370834 597657 891798 764606 311316 203413 848764 694078 515601 835968 271765 449309 499958 966403 448015 874019 330793 978528 574133 511745 959126 687867 159575 677171 790312 865012 278169 691258 590744 802602 186814 260775
154166 626573 726010 344968 581468 234789 685225 548266 353220 999999999 341632 690628 318735 184519 289638 325733 623383 309688 662908 416686 214536 195281 140780 249136 383545 288348 574100 595474 560761 646555 260838 464155 269002 708581 485330 512852 744636 421663 544003 266724 328882 200018 582469 489955 253830 558290 568878 512873 204100 151045 577722 477311 589559 227684 665520 334683 296305 342344 749292 216409 262078 429265 389618 290922 711109 601691 353517 433662 168219 620420 694175 570261 273027 322859 525223 667912 178709 506954 86310 171688 528651 613384 448191 559995 208859 638721 596626 261280 613721 592659 198669 654858 614655 577022 191696 340776 367209 538551 268838 266614
269263 790456 740158 656744 240502 426422 958927 210298 684180 341632 999999999 556693 616763 526077 628345 648564 431018 73339 557700 109089 381877 282851 482412 129727 43442 193834 588875 342699 266932 470317 402773 387088 574719 796456 644545 813120 1006346 401929 597243 102171 622245 541526 844776 324859 484307 845600 244064 204906 203293 449106 422977 166791 852283 404189 478995 657046 420168 397831 577569 477580 596535 89920 241830 526221 868516 713285 29691 719059 445320 881355 760123 667745 479465 659154 405869 893231 168586 375650 427830 374192 805862 306045 726499 457589 508790 435297 860675 255913 388504 780885 524628 884558 722685 529999 514940 59050 501375 547159 550776 507844
536775 586649 318291 1022833 553841 534452 905869 615297 1005622 690628 556693 999999999 1005252 810568 857657 994121 149109 624452 56835 464911 858846 776228 783507 507422 540638 427070 269675 277550 376363 105730 896199 227231 954469 465156 513347 863091 915180 283375 333723 514902 729003 832304 799737 232903 582939 854747 459949 692942 503859 665061 133716 667374 805663 879565 116158 1002917 454861 380396 89007 903955 917327 574533 330516 974894 622691 461803 582854 1121157 636854 821907 410131 421536 945120 866803 167388 759602 630233 191406 749282 556536 805141 402636 757444 131931 688215 161393 814137 783714 215404 622898 875499 762035 460080 171024 734193 499437 454253 260772 959395 951236
471913 819045 999287 53103 851638 499540 737944 800127 131442 318735 616763 1005252 999999999 225635 272579 82346 942110 561059 973952 711047 261978 350528 233569 555687 660106 605835 858320 909410 864780 965020 274064 778026 50890 945727 704346 547047 808631 728684 815688 567359 440315 207411 671512 808682 481400 609149 859234 735533 521313 364095 895787 707733 676591 245260 984178 83855 577710 639716 1066883 143928 133136 692556 707928 138561 898346 835613 618068 115927 395385 704542 945077 816579 188658 303411 841680 792605 451360 824647 257025 456449 604745 913481 543367 873643 375652 957316 680254 412536 931044 768562 133253 776175 849249 879633 321542 634033 626811 827944 69892 138657
304922 597036 776973 223544 765590 284136 563404 732576 195095 184519 526077 810568 225635 999999999 111275 187906 767972 492575 773673 597361 303262 338644 44127 427244 567787 450184 640428 758831 735034 784481 342932 585631 180039 720100 478854 375744 630085 527976 594308 447394 227254 21758 477985 636795 257896 431542 749475 693669 370727 147440 713406 659021 484086 302724 805762 196205 364868 433438 879929 220394 108475 613764 544160 285295 677953 609979 537923 333860 177874 514118 719825 591349 302007 148231 653926 588087 362334 641656 98896 254219 414652 789552 342375 678933 150071 785894 489351 411501 768722 549115 102445 572539 623616 671807 95916 522698 405235 612656 217533 265486
388734 559690 782040 248125 865850 323463 471780 836901 183325 289638 628345 857657 272579 111275 999999999 204950 832172 599319 815646 692469 409502 449757 153925 521701 669018 532795 659176 836782 822439 843880 446601 639351 240623 703033 462455 280633 541114 575069 605435 543931 178052 106235 399238 704951 277515 340742 843566 801970 458893 203877 772630 766745 404467 406644 866390 210149 402877 477480 932932 314146 140300 717194 619526 368231 635340 595127 642104 359165 226408 432864 711285 585103 394978 38025 710054 520329 468330 701878 207124 315319 332762 878416 271302 728306 169478 851611 408406 522657 840265 505347 186878 503809 608574 706575 128692 619929 421934 637145 290535 352159
471840 762171 962889 43356 887465 471919 660933 841494 50499 325733 648564 994121 82346 187906 204950 999999999 942631 599144 959007 735972 320690 399253 210616 572997 691955 612850 828136 921037 884861 962196 340568 767739 85935 898014 655995 470978 732052 712917 781025 588050 380271 166608 599602 809775 444249 533698 886867 783965 529220 334993 891723 753894 604326 307255 982570 8992 552453 619766 1060653 200294 79747 729280 712295 215353 839208 788554 653372 154761 365677 631449 901463 773406 261095 231455 834377 723822 480219 819978 249370 438164 532452 936143 475518 862211 333648 959288 607486 466564 937390 709130 127225 707121 802158 858925 279402 658892 592210 800562 136576 210501
471418 664808 444003 966463 405040 514047 957961 468239 961109 623383 431018 149109 942110 767972 832172 942631 999999999 502357 181551 330746 766263 676431 734998 407092 408864 338842 352384 128504 227670 44166 799444 203435 892312 572843 563813 886009 977572 275715 405721 408173 729019 789188 845375 133429 571905 888267 311063 549453 422569 630189 70575 526029 852004 787997 48002 951604 442942 367705 146659 827222 869959 436507 235674 893588 714637 545039 454680 1056729 605811 872425 519913 499168 858036 847550 134362 827356 530748 132384 693334 517979 839025 254185 780116 151206 665257 23123 860840 673299 66926 690205 818371 826901 546648 246256 704094 377274 469569 327150 889305 870931
272122 816401 791753 603733 290658 434988 959964 243073 637719 309688 73339 624452 561059 492575 599319 599144 502357 999999999 622442 182215 316655 217661 448450 154227 109440 235409 637637 416036 338925 540856 334048 443824 521656 836877 668677 804364 1011256 449931 639866 131002 613694 505986 848206 391670 487809 841515 309464 204897 218012 434735 490919 168241 855670 338653 550358 607337 442237 431813 648644 419151 553069 131571 301952 462574 896831 748096 60243 659234 436078 885516 803770 704234 413937 632346 469287 906801 131142 439748 393717 375962 804579 375441 723999 520138 495886 507376 863766 183880 461349 801555 478683 896962 758324 586720 494313 125523 525846 595854 493366 445490
510424 529818 267654 989172 578510 493782 849985 635130 968303 662908 557700 56835 973952 773673 815646 959007 181551 622442 999999999 473006 839822 761068 748626 495885 545889 412177 213108 307859 401921 142917 878807 200024 923068 410227 458444 810784 858643 246114 277571 506247 681535 795430 744578 233796 539195 800915 485569 707182 484229 627005 143475 679399 750422 859966 159596 967709 413156 340659 145565 878139 881282 584218 322164 950488 566269 404969 585128 1089839 597962 766249 355396 364802 923229 823143 153746 702926 616385 182711 717087 520865 751371 434273 705496 106294 646610 198498 758847 773731 248130 566339 842821 705473 403283 117403 694190 499222 405847 206019 930785 926554
309563 774011 679982 747945 184789 447134 978286 194407 768012 416686 109089 464911 711047 597361 692469 735972 330746 182215 473006 999999999 486356 388073 555168 170792 78649 186438 536589 234543 159120 372079 509699 324882 666626 755709 633786 848068 1019574 357450 556149 150117 660191 614845 862006 240185 509679 873597 152240 239844 237434 499634 332480 208454 869477 508778 378290 744695 420749 379820 477159 575589 677941 111557 182382 628639 847150 683468 127155 817014 489475 897044 714206 635926 583696 720057 327325 894731 259961 296391 502159 407345 830424 202900 754041 379723 555437 332612 878188 364859 283221 772989 609676 887937 691295 463231 571149 77176 494369 495999 647230 609207
339209 839126 932604 311698 604412 449166 863022 546368 368022 214536 381877 858846 261978 303262 409502 320690 766263 316655 839822 486356 999999999 99172 269723 359257 423459 432549 777872 707279 645269 797163 46377 640414 235037 922543 699436 677978 927622 611250 753079 360983 512724 303557 770168 637098 466102 731763 625126 475779 355669 353170 734041 449880 776791 22435 812434 327184 506827 543890 904824 120612 304687 446601 533522 146454 923554 816084 376523 347143 376438 807486 906629 783932 97590 447523 691615 867852 236535 668045 235886 384875 710291 687588 633274 733819 401470 777200 782924 151327 740847 802584 231170 853699 828996 767473 365415 413013 580829 740157 192150 131556
279616 814153 874508 397004 506456 415011 877571 450686 443047 195281 282851 776228 350528 338644 449757 399253 676431 217661 761068 388073 99172 999999999 297906 270344 324302 349443 717890 611795 547147 709157 123644 563843 316407 879884 669318 700129 938393 542450 700017 268535 521422 345040 776886 549852 444716 748887 525956 385616 279544 346215 648377 357218 783905 121389 723280 406686 460273 485618 817487 206650 368116 348125 447213 244934 898554 777061 277412 443201 362920 814788 858824 740933 196720 486872 610038 862969 146388 584824 250739 347950 721589 588738 641708 654777 402740 686206 790809 72959 647713 783800 291402 850032 789393 696843 378237 315787 540048 678456 281171 228323
267643 604141 765939 241173 722162 266258 593419 688579 226185 140780 482412 783507 233569 44127 153925 210616 734998 448450 748626 555168 269723 297906 999999999 385549 524277 412172 624967 721327 694724 753121 311548 557223 184211 718126 479027 408596 658575 502513 582211 405078 247311 59681 503029 602908 249618 462054 707376 649618 331268 130575 682356 614919 509435 271532 773909 219412 345291 410223 850534 200002 135051 569892 508174 270629 686532 607988 493980 346875 161852 539900 714474 586127 279939 189967 624248 607646 318262 610558 54819 227789 441644 748767 366284 651601 151266 752349 515207 370498 733269 559268 101003 592621 621577 649977 102785 480080 393498 595189 211903 248877
143531 664999 642862 588488 348095 296937 830059 333775 602251 249136 129727 507422 555687 427244 521701 572997 407092 154227 495885 170792 359257 270344 385549 999999999 159962 86772 487228 355033 311931 438939 392664 304527 508758 682833 518013 688085 876823 300356 486477 27568 497940 445154 715534 279509 355665 718402 322446 334260 74114 330932 378255 296008 723042 381093 453517 581864 292281 277625 547177 428436 511214 215846 177236 490327 744485 594013 155610 666211 323228 751976 650456 550017 452111 549564 342899 763804 124020 316300 333351 246892 677779 364252 598982 390160 388419 417980 731478 277891 383121 653091 445852 754993 604165 444867 401193 100272 374751 445609 495958 468569
302894 809147 741126 700181 197964 455828 989440 173935 727402 383545 43442 540638 660106 567787 669018 691955 408864 109440 545889 78649 423459 324302 524277 159962 999999999 210213 592936 312263 230300 449751 442868 385712 618152 805911 664843 847664 1035123 408227 606006 133005 657191 583552 874508 312102 515388 878364 201726 185575 233972 486585 407419 149297 882017 445688 456541 700445 443189 414228 555415 520646 639538 57067 239649 568369 885586 726852 50367 762029 481255 910692 767369 680412 521023 699282 396834 918207 211869 366072 469833 406830 837621 266052 758933 449149 545562 411148 890515 293244 361852 802534 567872 910122 735672 527314 553874 66703 522362 551541 593976 550290
145404 598967 557313 633307 370990 261907 791855 374877 636540 288348 193834 427070 605835 450184 532795 612850 338842 235409 412177 186438 432549 349443 412172 86772 210213 999999999 402437 309220 290672 366408 469181 218272 556766 603701 454776 664766 833426 214902 405370 104876 479353 470074 675570 206515 325177 688229 323525 395011 84522 331296 301668 357770 683041 453641 383242 621835 235660 204512 473088 488379 544604 266771 103169 555249 675834 519453 223039 719530 315853 710655 569023 473964 521429 556179 260596 710952 204212 235795 364879 228623 644514 347623 568855 306005 381925 352595 691750 363066 325415 592849 486408 703575 528863 358111 405979 143554 312711 360689 551109 532388
439974 318371 157068 863585 687413 358781 637781 725286 828177 574100 588875 269675 858320 640428 659176 828136 352384 637637 213108 536589 777872 717890 624967 487228 592936 402437 999999999 454855 526309 328760 821824 213279 808315 227471 250856 610952 645537 187731 66137 507300 504336 661552 534512 320766 385467 595297 603253 774825 445082 494986 286186 740811 540087 794954 351456 836263 282017 233989 358628 787521 748422 643471 354909 863305 362516 194833 618551 971700 463776 554667 179925 152213 846914 659437 240051 489969 587311 264973 606309 407455 546213 573227 508064 202943 497422 374652 548341 750007 408426 353237 725138 492373 195116 106834 550265 531675 237752 41801 827208 838968
453966 753434 563487 939815 277840 535848 1022993 344504 945673 595474 342699 277550 909410 758831 836782 921037 128504 416036 307859 234543 707279 611795 721327 355033 312263 309220 454855 999999999 101973 172004 735235 265353 861533 681144 637076 929866 1049956 333087 499593 347754 758366 778959 907490 153148 598364 940364 183862 431166 391908 633074 173859 411337 914514 729607 167308 930006 476962 408295 260651 783393 853742 328815 217440 843762 811165 639863 361626 1020925 613257 937662 630313 592143 802932 857258 215722 905810 471823 195393 673933 523390 892388 126419 826177 254031 677330 118324 923454 596510 62618 771064 794126 903326 643410 353807 708403 297486 522801 423184 850819 822555
433720 808149 647775 899488 177484 543016 1054892 242533 913981 560761 266932 376363 864780 735034 822439 884861 227670 338925 401921 159120 645269 547147 694724 311931 230300 290672 526309 101973 999999999 271764 668790 320486 819016 753734 681299 945459 1087780 378634 563271 297634 765117 753911 938230 206379 606921 962509 83766 330529 364646 621896 261216 312602 945493 667699 268812 893714 496242 436377 362580 731904 822706 236218 224356 786821 871966 701419 280664 972720 606309 970619 705352 653036 742493 846617 287986 950143 415956 261404 643876 518146 916177 57934 845045 334009 672229 219713 954412 522636 163939 819065 757757 945980 706519 431993 696371 233131 554786 490736 802484 766996
493166 645135 409104 987481 449066 522617 947046 512385 978699 646555 470317 105730 965020 784481 843880 962196 44166 540856 142917 372079 797163 709157 753121 438939 449751 366408 328760 172004 271764 999999999 831574 206436 914836 543936 551764 883606 963599 276544 385895 441938 732828 805919 836085 160155 578121 882719 355065 593151 448765 643841 71308 569318 842525 818657 24454 971137 448261 372199 108664 853769 888160 479002 263891 921565 691011 523233 494712 1080206 618193 861758 490136 478673 887572 857478 134915 811385 562948 142848 713479 532019 833217 296912 777428 135578 675562 56218 851279 708966 109697 673877 839263 811797 523873 221941 716688 415411 467051 307598 914092 898583
382347 885437 976973 326037 616363 495372 904856 554111 389635 260838 402773 896199 274064 342932 446601 340568 799444 334048 878807 509699 46377 123644 311548 392664 442868 469181 821824 735235 668790 831574 999999999 680018 254823 968566 745811 718559 970100 653136 798052 391943 556385 341516 813567 671879 512437 773311 643481 477263 394748 399050 769785 454305 820115 40209 846101 346227 552269 587860 939691 142607 334089 460822 568734 143923 969851 862268 394288 346418 422616 850733 952258 829885 89893 484585 729317 912740 268734 704976 280393 430863 753014 708658 676650 772609 446487 809522 826111 155934 771339 848668 263821 898457 875157 809055 409102 438676 626810 783763 206106 136166
310901 489870 355708 795881 475161 316827 761416 512063 780683 464155 387088 227231 778026 585631 639351 767739 203435 443824 200024 324882 640414 563843 557223 304527 385712 218272 213279 265353 320486 206436 680018 999999999 727239 437856 372069 682777 785777 72454 243251 318887 526890 607300 647123 115361 371687 686440 393504 564313 285293 441852 136461 531377 653957 660364 229984 776575 241830 165809 294625 678658 691557 433703 146140 750655 551641 380939 416344 893935 414922 675848 392802 332569 723220 651837 71522 640511 420934 73714 522124 331462 637452 371822 577012 95853 470383 225649 662862 581237 235727 505762 648377 638214 386086 143071 513222 328342 266867 174198 732690 726773
421671 776405 950143 82130 811589 449582 711294 762662 134878 269002 574719 954469 50890 180039 240623 85935 892312 521656 923068 666626 235037 316407 184211 508758 618152 556766 808315 861533 819016 914836 254823 727239 999999999 899386 658581 519911 781181 677796 766373 521386 400794 163444 639207 758891 433160 580913 815912 701935 472271 314762 845454 672767 644608 221329 934135 92163 527376 588956 1016410 114484 101333 652735 658534 136498 856658 789204 577500 166784 346018 673287 897561 769089 177659 274435 791070 757223 407788 774233 206143 405715 573085 868535 508203 822830 329226 907723 648754 382206 882136 727280 83297 741053 802832 828843 275668 589478 577709 777639 54824 127663
602968 180022 163256 938465 913017 473952 517486 947407 885322 708581 796456 465156 945727 720100 703033 898014 572843 836877 410227 755709 922543 879884 718126 682833 805911 603701 227471 681144 753734 543936 968566 437856 899386 999999999 242034 559983 502059 398614 199972 706159 526575 738614 442071 547919 470001 522418 830159 990525 627978 591600 509956 955113 445056 936265 564680 904931 419611 406781 549087 905766 820461 858979 573400 981239 172000 110191 825996 1050990 561901 447414 55193 139019 975909 690870 467277 348738 765667 492440 715952 537705 480340 800581 476790 427513 570219 594155 451185 923729 632288 239994 817813 358129 96575 328077 624187 741804 341782 263906 929904 957628
406808 148219 331483 696440 811715 254312 395360 827194 643975 485330 644545 513347 704346 478854 462455 655995 563813 668677 458444 633786 699436 669318 479027 518013 664843 454776 250856 637076 681299 551764 745811 372069 658581 242034 999999999 362272 414328 304776 184840 544606 288181 497032 286493 484817 235381 344441 743850 848643 450712 355879 493245 810905 292539 711073 576036 662938 226442 254035 601804 671151 578453 721533 464846 745745 231017 132821 672347 808990 327721 310267 249453 127694 744416 452498 431749 269256 574256 444474 481403 321435 295395 736388 262614 416242 329446 586930 301105 721895 606083 139425 577701 266262 146358 342445 382981 598140 143283 252585 690885 722589
544772 384250 685960 513636 1032231 403598 191383 1021594 434470 512852 813120 863091 547047 375744 280633 470978 886009 804364 810784 848068 677978 700129 408596 688085 847664 664766 610952 929866 945459 883606 718559 682777 519911 559983 362272 999999999 261613 610359 545683 714701 191037 379244 142675 779810 339819 63283 987863 1008356 614798 370406 817304 970704 144948 678355 907977 473799 452992 522930 949332 592472 418635 902343 722329 648835 437495 471314 833802 616479 368750 166675 588376 484731 673952 245505 752070 275466 677486 755584 449987 441771 82509 1003384 106209 750711 309057 908388 145236 770699 914363 322550 466126 258363 482245 693382 322360 787256 416746 606402 570925 632412
740076 334770 660095 774453 1203200 579925 71714 1206463 694066 744636 1006346 915180 808631 630085 541114 732052 977572 1011256 858643 1019574 927622 938393 658575 876823 1035123 833426 645537 1049956 1087780 963599 970100 785777 781181 502059 414328 261613 999999999 716876 581921 904374 417243 636006 163508 897048 523633 200373 1144140 1209355 803054 594348 907066 1171057 156145 930107 987638 734600 599384 651742 1004157 849597 680000 1091894 865644 908621 334149 458445 1030690 875186 583334 125831 548884 494387 931317 506772 846039 157214 892632 858579 693700 635398 217507 1144210 296685 828621 535877 1000695 148510 1005915 1020362 292309 724649 153197 463316 747484 563289 970228 533143 658030 831647 891412
273383 429899 342529 743122 521856 251606 690763 550345 722857 421663 401929 283375 728684 527976 575069 712917 275715 449931 246114 357450 611250 542450 502513 300356 408227 214902 187731 333087 378634 276544 653136 72454 677796 398614 304776 610359 716876 999999999 198778 319774 456353 549733 575961 180245 303284 614143 446110 592162 264133 381874 207827 557117 582863 630026 300494 721630 173527 97727 358262 638016 635338 460568 175671 711892 496593 328618 431621 844476 353491 605274 359146 280438 688610 585690 142435 573996 405717 145833 471666 274759 565225 432621 504566 153248 405606 298032 591785 568539 307206 441046 597068 570919 335514 156447 450872 345442 194463 145936 687465 687692
420404 259366 184057 817846 716806 318451 572489 748535 778245 544003 597243 333723 815688 594308 605435 781025 405721 639866 277571 556149 753079 700017 582211 486477 606006 405370 66137 499593 563271 385895 798052 243251 766373 199972 184840 545683 581921 198778 999999999 508879 445383 614981 468502 357043 336777 529258 636670 790552 436099 451636 337090 755175 474121 768960 409310 788918 247748 215787 422722 753439 701320 659008 374034 829527 311611 140409 626849 927538 420363 489043 163981 93506 816729 603473 284107 427301 576745 305183 568150 373528 480233 613193 443448 254533 447965 428499 482408 737813 457702 289976 683085 428963 143917 165918 501788 542126 189119 78595 788608 805301
169937 691334 662127 601903 323543 324476 857496 306932 618844 266724 102171 514902 567359 447394 543931 588050 408173 131002 506247 150117 360983 268535 405078 27568 133005 104876 507300 347754 297634 441938 391943 318887 521386 706159 544606 714701 904374 319774 508879 999999999 524337 464758 743038 284166 383029 745493 302356 306799 101519 355672 383876 268568 750547 383141 455284 596852 319198 302219 550543 436778 528371 188544 184686 496012 770466 618714 128314 676347 348958 779505 672771 574289 455660 572530 352612 791242 124525 324864 352053 273893 705053 348093 626130 401320 413795 417676 758975 268829 379899 680053 461236 782477 628678 460671 424947 76049 401323 465559 505964 474896
354439 382077 614793 422753 843624 223029 356413 831073 361376 328882 622245 729003 440315 227254 178052 380271 729019 613694 681535 660191 512724 521422 247311 497940 657191 479353 504336 758366 765117 732828 556385 526890 400794 526575 288181 191037 417243 456353 445383 524337 999999999 239299 257553 612876 160002 230149 802844 817446 425119 181398 663351 779745 264272 516839 756659 386193 286206 361385 810617 445748 307974 711597 545081 512507 459104 419929 642777 535032 177772 295066 537623 413770 526641 164472 598217 361111 487751 596679 277330 252862 200167 822964 120876 606126 120602 750430 270658 589765 749524 329044 329039 345781 433210 566791 147319 597536 275843 488402 443405 492376
324994 612965 797403 202963 781485 305676 568438 746957 173393 200018 541526 832304 207411 21758 106235 166608 789188 505986 795430 614845 303557 345040 59681 445154 583552 470074 661552 778959 753911 805919 341516 607300 163444 738614 497032 379244 636006 549733 614981 464758 239299 999999999 486244 657836 278345 436538 767050 705821 389984 169101 734873 671614 492158 301409 827142 174824 386474 455181 901556 213640 86998 628642 564712 275100 693284 628575 552575 313929 199425 521875 739150 610725 295334 144170 675516 598982 376447 663110 113720 275917 421954 808143 351714 700657 169335 807016 497120 417999 789446 564034 90285 583207 642213 693479 114860 539747 425981 634012 204106 256363
577508 262103 583011 642855 1046363 418704 116812 1046710 567192 582469 844776 799737 671512 477985 399238 599602 845375 848206 744578 862006 770168 776886 503029 715534 874508 675570 534512 907490 938230 836085 813567 647123 639207 442071 286493 142675 163508 575961 468502 743038 257553 486244 999999999 754428 361024 86634 990818 1047115 641561 431763 774954 1008845 7509 773863 860477 603376 444290 502350 888274 698377 539525 931074 714405 761183 302808 367943 868683 749431 420015 37974 477912 392194 779946 368564 711592 132792 729133 720776 534881 472587 67245 995387 136919 700565 374155 868387 16230 843672 882842 202757 576248 115700 376714 628913 404774 810192 385085 538971 687075 742587
338216 605181 450064 833212 368504 392661 869860 413682 829093 489955 324859 232903 808682 636795 704951 809775 133429 391670 233796 240185 637098 549852 602908 279509 312102 206515 320766 153148 206379 160155 671879 115361 758891 547919 484817 779810 897048 180245 357043 284166 612876 657836 754428 999999999 453403 788473 282551 477538 289612 501700 99995 448018 761436 658550 176771 818755 328171 256991 267830 694584 737702 351720 103743 761762 666710 495765 351800 923328 478748 784517 500412 447475 727436 722238 88838 753901 403495 58573 560412 389688 740226 256597 675362 140595 540262 149533 770375 552665 136893 620030 685181 751050 500541 231606 576369 266990 369992 284487 756085 738893
216496 373081 519086 481299 694339 63940 474627 688680 442720 253830 484307 582939 481400 257896 277515 444249 571905 487809 539195 509679 466102 444716 249618 355665 515388 325177 385467 598364 606921 578121 512437 371687 433160 470001 235381 339819 523633 303284 336777 383029 160002 278345 361024 453403 999999999 364161 648051 686107 281550 121607 507764 647847 368516 476827 601578 452152 129948 206091 661092 436506 364547 571510 385571 511606 457565 360219 507800 591657 92455 398044 464881 336607 509062 284009 443207 424546 372765 439569 246545 111847 322307 664843 244526 455786 111961 592907 376784 503783 590206 339273 350367 413209 373707 429104 165138 452397 148174 360887 460588 488183
576337 343418 657156 576469 1058344 426492 131914 1052073 497637 558290 845600 854747 609149 431542 340742 533698 888267 841515 800915 873597 731763 748887 462054 718402 878364 688229 595297 940364 962509 882719 773311 686440 580913 522418 344441 63283 200373 614143 529258 745493 230149 436538 86634 788473 364161 999999999 1009293 1044102 644448 411505 818553 1006131 87089 733173 907172 536653 466501 532080 942312 650168 479806 933949 738264 708365 388766 441293 867605 679705 405872 104954 555142 460324 731834 306591 753905 217663 717119 759977 500463 471621 49652 1020262 119639 748140 350722 911000 85519 818353 920791 282485 524672 200842 451166 683878 370834 816195 419777 595033 631275 691354
457801 875627 728927 897603 94026 584369 1107620 164144 919689 568878 244064 459949 859234 749475 843566 886867 311063 309464 485569 152240 625126 525956 707376 322446 201726 323525 603253 183862 83766 355065 643481 393504 815912 830159 743850 987863 1144140 446110 636670 302356 802844 767050 990818 282551 648051 1009293 999999999 258700 385994 648295 344317 246643 998193 647322 351167 895533 546544 493332 443070 721276 829888 187821 279444 770081 942367 772957 249224 962866 636233 1024444 782961 724531 722663 870432 367502 1011068 408138 339598 654398 551218 964358 77002 890448 415123 702449 302175 1007047 491279 246411 882787 760993 1005925 778783 511925 720901 228459 611743 566361 794069 751880
469706 993803 919729 782605 181913 629812 1160322 101344 826160 512873 204906 692942 735533 693669 801970 783965 549453 204897 707182 239844 475779 385616 649618 334260 185575 395011 774825 431166 330529 593151 477263 564313 701935 990525 848643 1008356 1209355 592162 790552 306799 817446 705821 1047115 477538 686107 1044102 258700 999999999 407014 639340 564284 38318 1054611 495172 594309 791612 624945 599420 690890 591651 745943 131600 419929 619258 1070809 912415 178919 821935 639677 1084006 950957 865912 566120 835707 565770 1098040 335374 534898 595262 574837 1005954 335317 925823 617982 700371 545663 1062891 324594 490913 985491 669847 1089249 921194 703054 699123 251687 705666 733808 665820 606901
72130 598555 602115 549049 418975 223133 755978 407630 554084 204100 203293 503859 521313 370727 458893 529220 422569 218012 484229 237434 355669 279544 331268 74114 233972 84522 445082 391908 364646 448765 394748 285293 472271 627978 450712 614798 803054 264133 436099 101519 425119 389984 641561 289612 281550 644448 385994 407014 999999999 262461 382362 368702 649069 376034 466324 538196 224275 221431 554375 405046 462202 289961 187126 473180 679406 534383 228095 635063 252195 678082 599324 492230 441420 484741 336474 691776 142262 314102 282347 173173 603683 419913 524978 378161 318045 436779 657486 305115 409871 583791 402496 682626 545216 417436 334958 172473 308079 404396 466867 450008
190497 489042 635383 368970 678989 137017 536228 659319 341332 151045 449106 665061 364095 147440 203877 334993 630189 434735 627005 499634 353170 346215 130575 330932 486585 331296 494986 633074 621896 643841 399050 441852 314762 591600 355879 370406 594348 381874 451636 355672 181398 169101 431763 501700 121607 411505 648295 639340 262461 999999999 572542 602031 438903 361809 665837 343412 217481 286438 736473 315291 255857 539014 415729 390141 572998 481821 467538 476760 31293 469733 585671 457663 389200 225028 511380 517950 307082 501186 125578 112218 379397 678571 298523 533853 61350 649174 446092 411964 636594 449923 231496 504581 495313 524379 75329 431117 262983 466088 339639 366825
423899 595665 389751 917463 436434 451684 887417 491720 907761 577722 422977 133716 895787 713406 772630 891723 70575 490919 143475 332480 734041 648377 682356 378255 407419 301668 286186 173859 261216 71308 769785 136461 845454 509956 493245 817304 907066 207827 337090 383876 663351 734873 774954 99995 507764 818553 344317 564284 382362 572542 999999999 537192 781562 755242 93966 900652 378068 302176 172094 786735 817367 442962 201167 855539 647324 477001 449196 1011187 546893 801889 458143 430595 822942 786421 65399 757123 502000 71802 643301 460751 769233 298643 711269 83272 604422 93687 790391 652535 122420 620086 769267 756534 479131 181883 645387 365783 400592 258721 845872 832322
431476 956302 887057 753921 180577 591495 1122117 104640 795255 477311 166791 667374 707733 659021 766745 753894 526029 168241 679399 208454 449880 357218 614919 296008 149297 357770 740811 411337 312602 569318 454305 531377 672767 955113 810905 970704 1171057 557117 755175 268568 779745 671614 1008845 448018 647847 1006131 246643 38318 368702 602031 537192 999999999 1016342 469918 571753 761684 586930 562267 669268 563822 713799 97686 386201 594744 1033599 875914 140609 796880 601975 1045722 916170 829601 542192 800154 535656 1059807 299209 504728 560393 536624 967840 323619 887765 588018 662975 523556 1024629 299618 469583 947569 638043 1050985 884831 671205 662514 214789 667854 699615 638265 581388
584998 265036 587057 647549 1053823 426213 109469 1054214 571521 589559 852283 805663 676591 484086 404467 604326 852004 855670 750422 869477 776791 783905 509435 723042 882017 683041 540087 914514 945493 842525 820115 653957 644608 445056 292539 144948 156145 582863 474121 750547 264272 492158 7509 761436 368516 87089 998193 1054611 649069 438903 781562 1016342 999999999 780383 866908 608020 451675 509555 894248 704479 544767 938583 721703 767017 303830 372256 876184 753804 427295 30886 481508 397152 786077 373474 718277 130939 736521 727595 541598 480069 71900 1002632 143519 706986 381166 875024 8944 850783 889682 206210 582096 113979 380853 634896 411429 817697 392201 544916 692680 748518
357346 849462 949197 295941 625892 462425 864750 567134 355473 227684 404189 879565 245260 302724 406644 307255 787997 338653 859966 508778 22435 121389 271532 381093 445688 453641 794954 729607 667699 818657 40209 660364 221329 936265 711073 678355 930107 630026 768960 383141 516839 301409 773863 658550 476827 733173 647322 495172 376034 361809 755242 469918 780383 999999999 834071 313390 522088 561065 926201 107199 296253 468322 554914 125258 933768 829245 398596 326978 386201 810969 921349 797902 75342 444645 712264 873914 258649 688941 241572 399011 713097 709953 636956 754068 407935 799070 786329 170599 762959 811714 224756 859522 842250 786372 369630 435445 594812 757582 175814 111743
512592 668408 427076 1007355 445125 545650 971346 510907 999705 665520 478995 116158 984178 805762 866390 982570 48002 550358 159596 378290 812434 723280 773909 453517 456541 383242 351456 167308 268812 24454 846101 229984 934135 564680 576036 907977 987638 300494 409310 455284 756659 827142 860477 176771 601578 907172 351167 594309 466324 665837 93966 571753 866908 834071 999999999 991523 471790 395792 98876 871338 908960 483255 280236 938452 713368 546133 502562 1099157 640482 886079 510588 501880 903633 880362 158499 835206 577367 164662 733591 553862 857671 289445 801805 159930 698323 49104 875659 720983 104881 697682 859151 835729 546546 244747 738964 425260 491381 331158 932467 915628
480828 768208 970635 39854 895831 480293 663373 849583 47592 334683 657046 1002917 83855 196205 210149 8992 951604 607337 967709 744695 327184 406686 219412 581864 700445 621835 836263 930006 893714 971137 346227 776575 92163 904931 662938 473799 734600 721630 788918 596852 386193 174824 603376 818755 452152 536653 895533 791612 538196 343412 900652 761684 608020 313390 991523 999999999 560888 628373 1069542 206647 87851 737576 721286 219074 844947 795559 661712 149056 374038 634945 908717 780730 265750 235691 843262 728157 488749 828904 258353 446885 536182 944946 480163 871012 341359 968269 611067 473649 946381 714879 136138 711412 809157 867456 287197 667604 600173 808831 141363 215109
