NAME : synthetic_000792
TYPE : CTSP-D
DIMENSION : 100
GROUPS : 8
RELAXATION_LEVEL : 1
EDGE_WEIGHT_TYPE : EXPLICIT
EDGE_WEIGHT_FORMAT : FULL_MATRIX
EDGE_WEIGHT_SECTION
999999999 317568 1187776 1235821 934638 1043164 904084 817462 853178 972658 841787 826151 551318 828511 842735 797426 966428 887720 711631 778353 500005 602838 792607 834531 877313 745853 347427 784790 168401 1064657 776029 579659 1002545 74840 1074064 775804 570305 353341 527037 621648 1244981 147214 862496 771033 705955 547674 787669 202007 763819 1008772 463765 984360 661973 454427 958288 819731 849484 752551 857882 614878 915852 865260 205196 938280 847909 884520 196601 632035 54423 495641 714859 788875 596131 783898 901674 259198 962115 393696 708267 965706 458530 308997 644574 784244 652902 1005361 842829 598567 909498 285821 660661 883164 1117412 494124 447882 743750 618127 812019 663149 645657
317568 999999999 890695 936778 624132 786873 592219 500215 687391 658047 586866 655989 250988 540482 530178 583498 672256 600285 413260 461194 208286 459685 746190 640953 561019 561428 359360 706140 209818 754352 506953 396267 714265 242751 762301 481259 256562 145426 445379 513717 949541 181502 566375 689745 456213 301491 481243 275204 446717 692524 147919 666865 359569 175126 654383 720532 601941 440455 616533 356208 706078 578296 167434 620815 535992 602385 275808 425556 263319 219668 465080 522327 327540 583962 585808 130854 658916 143607 648465 648201 385304 117201 523378 725001 421394 689300 536659 510267 609195 208506 343120 652829 808831 347414 433920 621856 484726 762029 351034 595561
1187776 890695 999999999 50755 292100 288548 327123 458571 635099 499641 402211 626403 764438 733030 565145 524394 699027 735384 704875 485102 689202 738173 940714 562450 394435 612096 986611 858920 1099869 191631 429909 690536 193166 1117286 203496 412164 640407 955346 851052 793497 60059 1040595 325608 850317 515518 887489 412614 1044541 495013 312888 747629 407597 705172 851954 240929 812317 414427 607536 425087 584756 495335 737513 1055409 393980 376142 313085 1049116 628703 1134953 842239 876204 824777 596269 563050 369928 1007833 631260 908312 891184 384598 875079 879655 765499 906750 920400 310002 622241 831197 281640 1063285 590324 442929 143212 777999 954016 752932 749631 937162 654666 903919
1235821 936778 50755 999999999 329724 331627 364861 493860 681522 517424 452712 673748 803678 757603 592336 573894 714977 756315 736948 522414 736632 788704 987783 610300 428225 661631 1037238 906143 1145552 217580 480432 741290 243818 1164978 225157 460017 684943 998040 901686 843602 36573 1088610 373326 897837 566193 924092 457008 1094261 533024 335341 792766 427385 740182 893162 283975 858812 464519 640059 474697 634663 541120 759814 1100785 420137 416123 363531 1098806 679456 1182820 881907 905593 850813 645603 612328 402856 1052521 647843 950556 939781 407935 925833 928086 815472 953962 952289 333247 647754 881388 327693 1106499 630793 491199 162563 828701 1004754 801353 799976 983832 691462 953383
934638 624132 292100 329724 999999999 372840 35145 167420 602241 272773 317439 580294 474024 462530 291305 448841 462837 477363 416465 193061 438128 598877 874004 516307 107490 522613 790766 794452 829153 130249 276906 526874 194590 861315 139869 191321 367728 672156 697503 669471 351669 788652 132609 781496 356918 595401 149864 817159 203340 119481 476750 188345 413531 564943 70033 762184 344909 319102 368102 381626 492183 474484 783197 141690 88976 200918 821020 474069 880499 552376 591475 548346 378238 487023 87773 732321 396573 623877 800126 151101 700333 635075 648001 839603 631386 113366 351881 701567 92595 781530 302283 411910 185348 597228 783905 674801 619054 876758 362576 792520
1043164 786873 288548 331627 372840 999999999 394196 509750 354098 644745 202189 350409 744199 821006 653310 275628 835172 843664 746999 515742 579955 505283 661129 291381 469873 359217 782328 580391 992094 373265 280721 482390 182868 980422 395145 342154 576780 888710 619721 545872 312504 901039 289635 573430 337851 881636 391735 870813 518141 468768 665997 556297 725533 806609 304533 530722 194134 656284 189409 433989 212913 838138 953206 514354 409865 213472 876016 421795 994752 812357 924662 897835 459823 308245 456988 916095 769305 848959 621562 520920 658886 739750 515748 627967 949030 463168 714111 584712 291329 986144 576710 182030 365607 575160 729217 483230 509573 655888 665763 643394
904084 592219 327123 364861 35145 394196 999999999 133362 604629 257413 320881 581333 438923 433581 262832 448693 441409 451160 382984 157985 409597 586717 869153 518544 77399 518825 768779 790518 796334 162689 271065 511998 220457 830483 170153 176125 335658 637809 682247 658697 386747 758528 132760 777109 346593 560368 124725 790504 168196 128279 444549 179832 378887 530174 98632 760393 349264 285807 373229 362658 500407 447187 750223 126657 56255 209065 794250 461484 849847 517310 558763 517685 356569 485865 63010 698948 376352 589400 792651 141909 681973 606515 638384 834952 597532 122631 323741 689683 104894 747305 267559 418898 218941 578856 765648 670278 607915 872698 327547 782374
817462 500215 458571 493860 167420 509750 133362 999999999 665385 203263 395784 638289 315855 311395 147927 506145 346519 338108 249807 39234 346523 595758 900275 581085 67343 561443 730124 826134 695207 281586 322441 512583 346933 742754 282351 212370 251556 524624 675858 671237 517684 676053 223059 811314 375075 430409 140306 727678 53870 194791 353992 173479 246622 412793 230527 804096 425034 152971 449944 354102 581384 330356 648283 121483 100094 304669 730744 473802 763081 394640 426376 389738 335650 538568 93855 594269 289239 475176 815175 149191 661999 536179 655966 867286 464170 192368 207046 697061 221043 634613 157943 498916 339700 561692 744394 706056 620384 906653 198388 794783
853178 687391 635099 681522 602241 354098 604629 665385 999999999 854222 284808 32100 762938 948844 808694 159254 1010770 989814 837214 649726 523446 250359 307064 86086 659712 128682 528910 226388 858341 664432 343255 292121 475128 807238 686202 453185 583840 823628 341031 246452 665310 732883 472006 220097 302616 894604 525411 655332 643845 720577 623437 784262 795570 782319 554533 177290 257822 771434 235857 376750 141203 977002 831549 728695 586227 403162 660902 266119 815405 806627 995689 999691 411651 129202 660551 813463 954596 799474 274429 746397 402295 596020 217650 273885 994183 714408 862133 281214 510801 894530 644460 199421 678242 362683 447546 143153 236327 302366 738036 308382
972658 658047 499641 517424 272773 644745 257413 203263 854222 999999999 574220 828947 428518 253700 132458 695726 199950 241055 289431 234614 536190 798848 1100979 768529 194513 757658 924232 1025577 832453 310071 512378 715845 463624 898152 296213 404453 433193 645516 878597 874207 550011 839217 387337 1011090 573861 498629 333531 907736 247200 189147 521636 93241 323774 531307 340213 1000977 603177 221548 627640 557359 756569 247624 785697 131400 267998 466152 910241 676331 919219 499426 420364 349874 538335 730622 196187 728959 131915 596702 1017296 124595 862639 714477 858432 1067649 481601 193166 158704 900295 361694 751319 326838 674510 357053 763400 944320 905101 823282 1106704 310022 997884
841787 586866 402211 452712 317439 202189 320881 395784 284808 574220 999999999 263527 569147 697362 543198 135397 741721 731235 601764 387611 381816 335998 566566 198942 380411 218485 595124 485234 790665 387289 90310 294166 214812 778439 408316 188236 392594 694680 449312 392706 447724 699068 188149 473642 135886 707573 256985 673402 384953 435867 472378 500714 570228 620178 271785 448458 29285 521754 54180 232162 185609 721221 752422 446273 307749 119579 678484 231828 792962 631120 773982 761457 259327 175224 378689 716857 681829 657421 502620 462789 477406 537589 365678 531913 787848 429699 600558 429865 226143 788836 415361 103263 409676 385388 554044 368897 347693 567201 509736 507425
826151 655989 626403 673748 580294 350409 581333 638289 32100 828947 263527 999999999 731112 919240 780720 133246 983019 960805 806696 621715 491348 223611 314413 66122 634538 96589 505795 232527 828407 647087 316939 261294 460713 779037 668651 426479 552222 791838 319271 226710 659087 704150 449086 224137 272564 862600 498670 629370 615510 699154 591337 760597 764627 750220 534835 188310 237732 741957 217163 344994 139326 947737 801108 704486 561027 382824 634939 234092 787589 774560 964388 969136 379844 100101 636213 782410 927517 767489 271810 722811 378355 565627 196894 280356 962442 692989 833605 263061 489578 863341 614000 185470 663245 334103 427505 135018 211624 311693 707323 299772
551318 250988 764438 803678 474024 744199 438923 315855 762938 428518 569147 731112 999999999 290038 296252 622271 421448 349706 162636 282745 250716 589122 904744 694422 383153 635905 586165 848055 404437 596327 478843 505915 619807 478159 598066 402364 181142 217619 618539 659217 824410 428862 469224 831465 471425 138457 364925 523973 271168 507078 165030 457645 110734 102982 525124 847051 593312 207286 614827 386244 733634 327892 357958 423422 388301 533235 525032 504203 499441 78806 246178 283383 351289 638628 409682 300991 411352 168380 807646 448357 574163 342237 658047 877560 231850 505483 291539 669018 495169 325554 175642 661317 654287 500733 641230 742266 616895 917252 122946 765773
828511 540482 733030 757603 462530 821006 433581 311395 948844 253700 697362 919240 290038 999999999 171257 792478 139955 59863 132990 310830 501766 826237 1144297 868573 356213 832327 870173 1078259 669740 541712 615395 739419 653754 757937 532465 509164 400445 477073 877924 901077 787704 715440 533992 1062238 646790 293400 441791 814007 312476 422280 441454 333270 188554 375695 531654 1066399 726094 177555 750757 591230 881604 37855 626205 339109 411141 615088 815069 719138 779092 333108 171900 96175 561201 819650 374912 570129 159227 434815 1050990 349669 843050 630226 893393 1113944 239939 424384 111345 918115 530902 568933 310314 800251 595044 757454 916343 962956 853535 1154115 227352 1017517
842735 530178 565145 592336 291305 653310 262832 147927 808694 132458 543198 780720 296252 171257 999999999 649817 202582 190884 161542 159005 426487 718287 1030429 725375 185443 700023 814031 959054 700480 375008 467324 632446 483256 768479 367755 357710 320614 513073 786960 794248 621097 711673 369929 943711 512428 370271 286561 786616 165869 259137 398866 180568 191615 398936 360580 940693 572400 90187 597302 475606 728790 184896 653820 172244 244692 451806 788803 601240 789633 367047 314530 259846 451022 680650 203656 596984 153688 464314 941679 187415 763550 593878 782006 998307 367436 260335 60975 816598 362163 618932 213682 646422 430194 668324 842961 840201 744308 1038147 179647 915822
797426 583498 524394 573894 448841 275628 448693 506145 159254 695726 135397 133246 622271 792478 649817 999999999 851714 832137 684302 490937 396951 229909 431218 76097 501299 87742 511545 349838 773328 522656 184048 219072 345031 741427 543711 293932 441197 709394 344137 272659 564329 663072 316914 338317 151560 757660 366159 612418 485393 568095 496254 627664 645182 653662 406640 313855 113691 614923 99384 240720 122761 819821 740500 571356 427787 254585 617836 166052 753115 673105 847499 846681 275495 40027 503058 713766 795346 679266 369679 589929 385773 510029 243334 396564 851047 561944 703794 311270 359248 791726 491807 94203 543787 310016 453906 234145 234136 431817 586412 379526
966428 672256 699027 714977 462837 835172 441409 346519 1010770 199950 741721 983019 421448 139955 202582 851714 999999999 85800 259003 361428 609231 916754 1231002 927046 368055 902592 989280 1160561 809004 510002 668571 830316 656968 895141 495826 558596 503808 616164 979678 992602 748284 849898 562159 1145088 714990 433225 486751 942997 368433 389031 561899 293092 313380 512389 532350 1143007 771004 261669 795900 675184 927157 106769 765087 322829 436568 643768 944393 801871 916361 470812 298840 213087 648890 882989 378422 708739 68071 572982 1141036 322070 951084 755232 981584 1199209 370579 392931 156073 1013343 545841 708882 401980 844588 556072 859755 1027816 1042115 943214 1239157 337171 1112877
887720 600285 735384 756315 477363 843664 451160 338108 989814 241055 731235 960805 349706 59863 190884 832137 85800 999999999 190946 343779 556451 876530 1193791 908151 374267 875964 928210 1126293 728174 543888 652201 789676 671284 817390 532447 543944 453546 535751 931634 951793 787934 775278 560727 1110430 689176 349505 474291 873630 347583 422510 499369 328930 246660 435374 547321 1112565 760284 220717 785123 638842 916507 22464 684969 345071 435575 642554 874726 766718 838523 392582 213515 128499 609945 860841 389854 629086 123963 494057 1101426 351062 898439 689241 943061 1162957 284969 425410 131101 969974 552347 625909 358879 834477 594495 811168 972669 1009823 903610 1203097 281270 1069521
711631 413260 704875 736948 416465 746999 382984 249807 837214 289431 601764 806696 162636 132990 161542 684302 259003 190946 999999999 233428 370497 699753 1018345 759974 310722 716567 737367 954497 559290 520140 515077 613237 594132 639209 516196 415680 271751 367292 747132 773849 763039 591464 457618 938275 534823 209324 356031 684553 229314 411825 308561 340914 55715 257629 480275 945521 629434 97461 653420 470131 781852 170197 513877 323417 346025 534705 685841 597233 660487 219208 178182 162496 438374 708393 334949 456896 250767 320989 923894 343014 710815 498615 767639 988704 215529 412007 136701 789379 466529 468273 192776 702621 577396 626783 783563 841253 727294 1028859 100499 888484
778353 461194 485102 522414 193061 515742 157985 39234 649726 234614 387611 621715 282745 310830 159005 490937 361428 343779 233428 999999999 308545 567645 875700 566601 102546 541556 693555 802895 657083 313625 309046 483329 360974 703664 315988 200196 212463 488421 644308 643430 544726 636829 226220 787790 354098 402401 131058 688955 14645 232672 314807 211898 222457 377588 250808 782985 416595 140542 441408 324865 572747 333639 610221 160700 113635 305815 691980 447430 723963 361491 411569 382403 304211 521647 128795 556524 308473 439162 788917 188395 628197 497227 629332 843106 444261 229965 213626 668060 233197 598418 119606 490805 371550 528786 710141 683405 592845 882732 169602 766424
500005 208286 689202 736632 438128 579955 409597 346523 523446 536190 381816 491348 250716 501766 426487 396951 609231 556451 370497 308545 999999999 338515 655196 463051 395899 394834 388457 597376 417117 567161 299409 255333 508302 428442 577995 277189 106164 315284 376671 409474 747178 352941 363598 580796 256536 373861 289149 383360 294300 524087 100170 519993 317243 259019 458347 596828 399009 348715 415584 157575 516731 537505 375684 466122 354320 394629 386772 258790 446567 284032 495784 521849 124741 405650 417436 336235 576051 282560 558726 493747 342288 196973 407436 627434 480934 519868 455378 421470 409633 407021 212847 455525 618568 256435 418678 492200 366306 667263 275186 519741
602838 459685 738173 788704 598877 505283 586717 595758 250359 798848 335998 223611 589122 826237 718287 229909 916754 876530 699753 567645 338515 999999999 318618 241360 615848 153888 287528 258996 614096 700144 327785 86859 548707 557552 718867 410734 428225 602741 114771 75962 783215 484311 471636 242382 242512 707001 473022 405823 557073 714787 430259 751083 649524 583092 577056 263331 326333 657654 321157 243044 329588 859683 590756 692120 547767 437560 411390 125267 565289 615260 834224 856688 267866 201639 626673 578867 871870 586766 224897 716020 159466 356900 68926 289572 818063 709000 760861 103002 523053 661044 517767 324085 732812 116079 223998 162252 27802 329615 600125 199036
792607 746190 940714 987783 874004 661129 869153 900275 307064 1100979 566566 314413 904744 1144297 1030429 431218 1231002 1193791 1018345 875700 655196 318618 999999999 379313 910882 351577 447297 82070 857620 953855 598133 405144 772916 771764 974846 699355 746842 891557 300916 245724 972219 714523 741465 92947 527519 1016852 768225 595474 866337 993376 742742 1043603 968099 889421 836729 131322 544174 974008 526487 555998 448264 1177345 846364 985307 839008 685254 600382 429219 771904 924836 1150664 1175131 583876 391343 917548 848995 1183233 883879 98225 1006789 364702 631685 250908 34654 1130987 987295 1075706 238183 787414 929936 834934 499389 974056 407486 346564 199221 291051 20056 918608 153004
834531 640953 562450 610300 516307 291381 518544 581085 86086 768529 198942 66122 694422 868573 725375 76097 927046 908151 759974 566601 463051 241360 379313 999999999 574019 89073 528869 297265 823350 581086 258649 256903 394720 782825 602687 368719 513717 771617 348647 263355 596718 705891 385923 288043 225974 828690 440880 642638 561242 634804 563076 698187 720283 721488 469497 254342 172403 691019 151274 309725 89819 895894 793032 642693 500571 317739 648165 215685 792981 742795 922127 922405 344843 57546 574584 769924 870133 743832 330944 660319 400733 559170 232649 345025 924209 628636 779649 301751 425057 849423 567352 120081 597151 340670 459173 192281 236641 377216 661778 352447
877313 561019 394435 428225 107490 469873 77399 67343 659712 194513 380411 634538 383153 356213 185443 501299 368055 374267 310722 102546 395899 615848 910882 574019 999999999 564751 772093 834255 759008 214539 318291 536031 297816 802826 215008 211793 307849 590874 703564 690089 453032 734315 195408 820102 383470 496905 143318 779159 116153 131511 413630 135386 312039 479594 175586 807997 409506 213276 434126 379849 563992 369929 712226 76504 73512 276310 782486 491348 822890 461947 484496 440982 366735 536478 26531 658807 304629 541551 829790 102021 695718 589746 672317 877191 526154 128329 246370 718487 178745 700876 221774 481609 272652 593600 779022 713647 638994 915849 265457 814219
745853 561428 612096 661631 522613 359217 518825 561443 128682 757658 218485 96589 635905 832327 700023 87742 902592 875964 716567 541556 394834 153888 351577 89073 564751 999999999 441167 271880 738493 604410 247997 170361 431353 694970 625021 353259 458022 696009 264584 186694 651978 618504 390019 258911 187611 766590 424328 553565 534160 642054 494782 695278 672929 653655 485744 243325 199757 655852 187018 250503 175809 862004 709569 637627 491815 335145 559093 137688 704783 678244 871170 878695 285009 51001 569423 688889 849573 671112 284134 658016 313281 474638 156763 317090 867516 635957 750751 225517 435903 769340 524452 177442 628160 251805 375277 152397 152504 354166 616590 291836
347427 359360 986611 1037238 790766 782328 768779 730124 528910 924232 595124 505795 586165 870173 814031 511545 989280 928210 737367 693555 388457 287528 447297 528869 772093 441167 999999999 437497 417481 910614 557008 301352 793445 324872 925844 602726 493569 493508 188857 285254 1037386 273335 682458 423947 471197 660011 644203 148177 679768 893071 428841 902330 681680 531085 789629 474075 592969 732999 593453 411733 616974 907556 413791 846081 718228 674019 153103 363463 324606 574248 819686 868830 412552 487408 790464 429068 961309 502191 360924 873153 128193 247082 312027 437321 780036 888114 838919 256836 735078 504579 600857 604961 953509 209835 100864 405544 294605 466369 652148 298434
784790 706140 858920 906143 794452 580391 790518 826134 226388 1025577 485234 232527 848055 1078259 959054 349838 1160561 1126293 954497 802895 597376 258996 82070 297265 834255 271880 437497 999999999 834184 872472 519488 343026 690898 756548 893549 622477 684243 851292 268274 193266 890927 693652 661846 16661 451730 965292 692220 583803 794061 913909 688940 966109 905639 840091 755927 56866 462496 905828 444577 487453 367485 1110487 818731 908085 761892 604196 589025 359600 758934 873395 1092875 1113209 517080 310086 840088 816132 1111136 839654 81197 929062 336823 595026 190112 47830 1076990 907808 1005975 197782 707114 898046 768060 417346 892189 360214 337906 120611 231276 82316 854233 142623
168401 209818 1099869 1145552 829153 992094 796334 695207 858341 832453 790665 828407 404437 669740 700480 773328 809004 728174 559290 657083 417117 614096 857620 823350 759008 738493 417481 834184 999999999 958989 713738 568247 924072 116462 965737 691062 462041 192911 566082 651811 1158888 144194 776029 818825 657177 383095 689074 276810 643046 889753 353252 854276 513147 302762 862449 859652 803737 610907 816540 558542 895803 705739 47091 813048 740387 811709 273336 609148 132547 340235 548500 624548 532437 768133 784635 103498 809761 238350 764896 839724 497383 264186 668772 843007 485251 887017 693870 637669 818246 117904 537477 849519 1014416 498166 514644 770406 635073 875758 523210 705013
1064657 754352 191631 217580 130249 373265 162689 281586 664432 310071 387289 647087 596327 541712 375008 522656 510002 543888 520140 313625 567161 700144 953855 581086 214539 604410 910614 872472 958989 999999999 372359 634853 196702 991440 22268 307961 497891 799375 804714 766733 246196 918491 230787 860930 458660 711322 278041 943858 325666 121643 606888 217190 525874 690380 123380 834377 410397 423698 429950 498999 538492 545883 912905 203038 218625 269287 947853 577993 1010562 675098 688013 634072 499778 562513 188359 861599 441986 750652 887798 192974 813893 763909 742694 919201 735216 118493 431204 801155 178121 909089 428492 465665 58117 711446 896849 755917 717733 954339 479945 887126
776029 506953 429909 480432 276906 280721 271065 322441 343255 512378 90310 316939 478843 615395 467324 184048 668571 652201 515077 309046 299409 327785 598133 258649 318291 247997 557008 519488 713738 372359 999999999 265858 236895 709775 391178 110071 302829 608819 433763 395245 482100 630817 145597 506043 87880 617275 182243 618730 304618 395814 386070 447412 481724 531241 249347 490524 115618 438454 138801 161254 267078 640958 673846 390035 244907 117011 623529 206664 725481 541255 685613 675912 182020 218245 321734 635641 611504 570247 523227 410068 449072 468083 372396 563901 698091 389783 522617 429033 195730 705440 326595 187669 406325 349494 530346 399212 345712 601644 421384 517122
579659 396267 690536 741290 526874 482390 511998 512583 292121 715845 294166 261294 505915 739419 632446 219072 830316 789676 613237 483329 255333 86859 405144 256903 536031 170361 301352 343026 568247 634853 265858 999999999 497969 526195 652501 336173 341945 535333 170649 162361 739325 449015 404222 326553 177978 627227 394418 393437 472372 640261 350227 671414 563373 506063 511516 341681 291670 570904 293031 158553 336199 772827 539990 612517 469978 381177 398840 62367 536797 536042 750055 770742 181534 204414 548333 521399 786107 515056 311751 637138 184543 304672 154433 375565 736176 634629 674354 184737 456739 602635 430935 309069 671574 92777 264631 237345 114138 415696 513466 283487
1002545 714265 193166 243818 194590 182868 220457 346933 475128 463624 214812 460713 619807 653754 483256 345031 656968 671284 594132 360974 508302 548707 772916 394720 297816 431353 793445 690898 924072 196702 236895 497969 999999999 933520 218967 233516 473684 792856 660413 607408 245601 855754 152406 680615 322377 752136 254921 853548 366615 285912 576532 374056 581240 697050 124688 649022 231632 498963 246884 393634 344189 667620 881047 334466 248218 120487 858219 436411 950486 694260 772016 736142 407468 384866 281505 836557 590252 748208 714707 339276 682467 693595 580491 738390 804640 280302 544186 644350 127925 897791 444772 275835 203210 584911 761994 578550 561768 771647 524279 721906
74840 242751 1117286 1164978 861315 980422 830483 742754 807238 898152 778439 779037 478159 757937 768479 741427 895141 817390 639209 703664 428442 557552 771764 782825 802826 694970 324872 756548 116462 991440 709775 526195 933520 999999999 1000557 705125 496139 285991 492260 583998 1174876 79386 791740 741997 642599 481390 714959 177289 689143 934311 389211 909521 588888 382754 886237 787458 787547 678312 797155 549166 861610 794951 142549 863512 774267 816359 172771 575399 21285 424830 649846 721603 528678 730448 827282 192086 889352 323649 682963 890924 422786 241706 604671 760350 590252 930942 769492 564523 838060 232251 585861 824692 1044567 444989 425267 705512 575145 790640 588847 621255
1074064 762301 203496 225157 139869 395145 170153 282351 686202 296213 408316 668651 598066 532465 367755 543711 495826 532447 516196 315988 577995 718867 974846 602687 215008 625021 925844 893549 965737 22268 391178 652501 218967 1000557 999999999 323183 505743 803507 822636 786019 255650 928283 248289 881907 476959 710359 289406 956396 328574 110299 614552 204135 524272 693507 141831 855782 431723 420521 451490 514576 560634 535242 919446 195548 226408 289889 960315 596204 1019863 676870 681785 625711 514215 583516 188514 867554 427955 754526 908148 182813 830637 774934 762254 940195 730642 108091 422638 820180 196019 913390 432643 487565 62601 727979 913767 776713 736807 975480 480137 906793
775804 481259 412164 460017 191321 342154 176125 212370 453185 404453 188236 426479 402364 509164 357710 293932 558596 543944 415680 200196 277189 410734 699355 368719 211793 353259 602726 622477 691062 307961 110071 336173 233516 705125 323183 999999999 242419 561284 506655 483205 469992 628595 86698 608371 172576 539516 72227 640246 196880 304372 343191 344460 387775 470032 188689 596582 216931 333619 241624 191457 372739 533424 647734 285988 139694 131374 644492 285471 722848 472215 590325 574043 192398 327163 218517 603047 501459 517859 619639 308043 509217 468364 463678 665567 609417 298668 413754 513727 135841 665034 235564 291107 352915 406174 592728 501867 432292 704127 327308 607117
570305 256562 640407 684943 367728 576780 335658 251556 583840 433193 392594 552222 181142 400445 320614 441197 503808 453546 271751 212463 106164 428225 746842 513717 307849 458022 493569 684243 462041 497891 302829 341945 473684 496139 505743 242419 999999999 319224 478101 502115 699978 426534 321730 667898 290286 317869 227945 477322 197840 438990 109037 423913 221454 229829 401144 677924 415414 242776 436099 207520 552836 435300 416553 372960 279438 372529 480201 330536 515911 238536 413707 428968 173238 458313 331690 367577 469890 275443 652158 400695 447276 284955 496371 717508 410668 435409 349444 517907 359361 424550 107331 481702 552715 357654 524569 573152 455840 757631 173118 617195
353341 145426 955346 998040 672156 888710 637809 524624 823628 645516 694680 791838 217619 477073 513073 709394 616164 535751 367292 488421 315284 602741 891557 771617 590874 696009 493508 851292 192911 799375 608819 535333 792856 285991 803507 561284 319224 999999999 590694 658605 1015279 260657 640725 834863 571819 195453 543655 386249 475286 718808 222767 674411 323121 114695 714529 864695 713290 424755 730534 472537 830594 513296 149245 637670 583552 690240 385233 558564 306599 148125 364280 435818 440019 714125 617207 94223 617316 49714 793875 663368 529847 260932 667463 870425 307437 716712 502791 655666 676353 110003 370939 770805 856510 491927 574584 764982 628307 907442 339842 740689
527037 445379 851052 901686 697503 619721 682247 675858 341031 878597 449312 319271 618539 877924 786960 344137 979678 931634 747132 644308 376671 114771 300916 348647 703564 264584 188857 268274 566082 804714 433763 170649 660413 492260 822636 506655 478101 590694 999999999 96449 896961 426510 574368 252777 346353 722286 563313 325168 632394 810450 453783 838743 693846 593202 681334 295321 440670 718063 435900 323739 438237 913218 550574 780037 639118 546806 330636 227106 496385 630649 864251 897074 340270 314112 716963 549621 940220 584099 203643 805197 69506 330843 123492 281122 838829 804862 823911 72281 626696 631152 577730 438169 840087 120483 110724 217686 112254 317134 650724 150802
621648 513717 793497 843602 669471 545872 658697 671237 246452 874207 392706 226710 659217 901077 794248 272659 992602 951793 773849 643430 409474 75962 245724 263355 690089 186694 285254 193266 651811 766733 395245 162361 607408 583998 786019 483205 502115 658605 96449 999999999 835736 515415 540419 176691 312584 773414 546978 420212 632935 786416 497984 825141 723026 647388 644278 208801 379086 733247 370043 318966 353016 934767 632841 766198 621241 500727 425721 198740 589203 681417 905024 929767 343722 237694 700267 626637 947833 646403 150045 789756 163187 404439 30706 218514 886377 780560 836673 38851 590969 708838 593186 364128 796871 167001 201136 122102 51095 258058 674555 124137
1244981 949541 60059 36573 351669 312504 386747 517684 665310 550011 447724 659087 824410 787704 621097 564329 748284 787934 763039 544726 747178 783215 972219 596718 453032 651978 1037386 890927 1158888 246196 482100 739325 245601 1174876 255650 469992 699978 1015279 896961 835736 999999999 1097869 383703 883166 566307 947052 472314 1099054 554773 365917 806961 459165 764304 912008 300949 842441 457375 665828 465781 639094 524298 790892 1114580 449234 436130 366083 1103702 677155 1192363 902252 933323 880268 651895 602026 428195 1067285 680918 968302 927272 438285 923691 936493 807101 938679 978553 363490 677366 873866 340881 1123126 650370 478822 193440 828092 1001503 788608 793318 967608 714231 943130
147214 181502 1040595 1088610 788652 901039 758528 676053 732883 839217 699068 704150 428862 715440 711673 663072 849898 775278 591464 636829 352941 484311 714523 705891 734315 618504 273335 693652 144194 918491 630817 449015 855754 79386 928283 628595 426534 260657 426510 515415 1097869 999999999 715285 678590 563221 452743 641100 136304 622216 865523 322280 845268 538889 340895 811282 721510 708172 621951 717860 470040 783696 753013 144587 797368 702459 738116 133652 497022 94807 385033 621790 687870 450054 652921 758216 174853 839173 288913 622764 824966 357203 162788 534473 700752 567756 861930 717429 498624 762327 238966 520840 745711 970862 370200 370592 635904 503177 732855 532508 562271
862496 566375 325608 373326 132609 289635 132760 223059 472006 387337 188149 449086 469224 533992 369929 316914 562159 560727 457618 226220 363598 471636 741465 385923 195408 390019 682458 661846 776029 230787 145597 404222 152406 791740 248289 86698 321730 640725 574368 540419 383703 715285 999999999 648916 229206 603312 105258 725425 228536 252082 425943 312585 438428 544737 107778 629814 216652 366734 240793 271085 369248 553394 732239 258336 125870 81942 729754 348189 809511 542737 635536 608561 276320 354737 191231 686426 499752 595865 668430 274666 583280 555008 517926 707044 662486 245972 429851 573629 52862 746180 295398 287193 271056 481062 666124 542250 490533 744153 379600 662641
771033 689745 850317 897837 781496 573430 777109 811314 220097 1011090 473642 224137 831465 1062238 943711 338317 1145088 1110430 938275 787790 580796 242382 92947 288043 820102 258911 423947 16661 818825 860930 506043 326553 680615 741997 881907 608371 667898 834863 252777 176691 883166 678590 648916 999999999 437238 948632 677857 569786 778853 900914 672288 952261 889313 823438 743809 59894 451393 890023 433969 471597 360697 1094553 803044 894136 747890 592307 575038 343814 744617 856734 1076332 1096866 501039 298418 826216 800089 1095934 823092 72277 915296 321561 578834 173487 58313 1060353 894823 990384 181905 694611 882043 752087 408047 881416 343665 324814 106832 214652 95760 838041 131482
705955 456213 515518 566193 356918 337851 346593 375075 302616 573861 135886 272564 471425 646790 512428 151560 714990 689176 534823 354098 256536 242512 527519 225974 383470 187611 471197 451730 657177 458660 87880 177978 322377 642599 476959 172576 290286 571819 346353 312584 566307 563221 229206 437238 999999999 607616 240715 540081 346561 473976 352883 516955 494367 507651 335325 429163 146570 469675 160329 100176 263811 675671 620064 458359 312157 203873 545061 119354 657077 524610 696194 697318 131812 173593 391077 586914 662358 538052 447068 480618 361397 401978 291791 493970 699586 468092 563294 344842 280956 661269 342050 198998 493914 262590 442488 331327 262143 532886 436099 435923
547674 301491 887489 924092 595401 881636 560368 430409 894604 498629 707573 862600 138457 293400 370271 757660 433225 349505 209324 402401 373861 707001 1016852 828690 496905 766590 660011 965292 383095 711322 617275 627227 752136 481390 710359 539516 317869 195453 722286 773414 947052 452743 603312 948632 607616 999999999 498241 570694 392889 611412 277053 547577 186627 130350 651478 968680 731618 293924 752986 519187 870665 327368 342541 523958 513468 669833 570428 632140 501911 92026 169200 241482 484050 772286 522969 289371 444871 164600 918812 545967 670475 413806 775503 991579 120025 610804 343175 778902 625781 276719 307917 799210 769393 609417 728771 864567 734466 1030621 232825 872392
787669 481243 412614 457008 149864 391735 124725 140306 525411 333531 256985 498670 364925 441791 286561 366159 486751 474291 356031 131058 289149 473022 768225 440880 143318 424328 644203 692220 689074 278041 182243 394418 254921 714959 289406 72227 227945 543655 563313 546978 472314 641100 105258 677857 240715 498241 999999999 667301 129899 249881 335939 278162 334100 443764 173385 667592 286096 268812 310970 240758 442442 464588 644008 219223 75887 178752 671157 348258 733764 439475 533172 510830 232410 399254 153930 595519 429261 497428 686523 243033 559577 485871 529010 734682 558000 244674 343574 575824 132827 650962 190355 360247 329765 456652 643227 571682 495889 773547 274816 671115
202007 275204 1044541 1094261 817159 870813 790504 727678 655332 907736 673402 629370 523973 814007 786616 612418 942997 873630 684553 688955 383360 405823 595474 642638 779159 553565 148177 583803 276810 943858 618730 393437 853548 177289 956396 640246 477322 386249 325168 420212 1099054 136304 725425 569786 540081 570694 667301 999999999 674428 907330 387768 900826 629659 449131 828540 617851 676978 699521 682154 459963 726971 851861 280891 848373 736123 733188 5570 450686 176429 493915 737680 797370 449376 594826 800793 307525 924562 406472 508394 876085 257028 193259 443866 585190 688908 903041 801214 396577 776064 375137 581385 702070 992180 303104 248982 542274 419217 614536 612341 446151
763819 446717 495013 533024 203340 518141 168196 53870 643845 247200 384953 615510 271168 312476 165869 485393 368433 347583 229314 14645 294300 557073 866337 561242 116153 534160 679768 794061 643046 325666 304618 472372 366615 689143 328574 196880 197840 475286 632394 632935 554773 622216 228536 778853 346561 392889 129899 674428 999999999 246776 300229 226401 215097 364952 259019 774961 413768 139081 438492 314093 569598 336614 596216 175343 121095 306939 677441 437627 709425 349794 407443 381258 292581 515409 142193 542673 317081 426129 778949 203039 615439 482636 619290 833902 438035 243974 218408 657102 238691 585261 105643 487965 383459 516400 697199 674848 582478 873612 160468 755673
1008772 692524 312888 335341 119481 468768 128279 194791 720577 189147 435867 699154 507078 422280 259137 568095 389031 422510 411825 232672 524087 714787 993376 634804 131511 642054 893071 913909 889753 121643 395814 640261 285912 934311 110299 304372 438990 718808 810450 786416 365917 865523 252082 900914 473976 611412 249881 907330 246776 999999999 545129 95939 424796 606150 170854 881587 462848 318315 485559 489989 606936 425007 842880 88414 174890 317826 910810 589597 954349 585402 573652 515854 482188 606413 107363 789027 320964 669238 918820 72634 809202 719371 765652 958997 624618 6169 312805 817716 209777 828723 352276 527994 172806 706164 892877 794192 735734 996211 385779 909899
463765 147919 747629 792766 476750 665997 444549 353992 623437 521636 472378 591337 165030 441454 398866 496254 561899 499369 308561 314807 100170 430259 742742 563076 413630 494782 428841 688940 353252 606888 386070 350227 576532 389211 614552 343191 109037 222767 453783 497984 806961 322280 425943 672288 352883 277053 335939 387768 300229 545129 999999999 523137 252906 158897 509321 691627 491702 312020 509711 255850 615113 478758 308070 475176 388365 469813 389937 358242 409349 185864 410472 446831 221741 505720 438201 260552 538554 185510 645138 502741 409323 195464 498931 716479 388393 541804 415169 505826 466080 322518 198776 551484 661750 336804 477876 587546 457823 755866 226227 601724
984360 666865 407597 427385 188345 556297 179832 173479 784262 93241 500714 760597 457645 333270 180568 627664 293092 328930 340914 211898 519993 751083 1043603 698187 135386 695278 902330 966109 854276 217190 447412 671414 374056 909521 204135 344460 423913 674411 838743 825141 459165 845268 312585 952261 516955 547577 278162 900826 226401 95939 523137 999999999 363425 559895 252531 937906 529064 255192 552953 515004 679293 332847 807186 58963 204799 387570 903827 626417 930173 533640 491786 428459 500928 664267 126056 751567 225025 624760 963882 37929 829671 708859 806976 1009694 547460 99928 227192 853785 280224 783125 324429 598213 265763 727959 912747 845552 774051 1048010 334765 949277
661973 359569 705172 740182 413531 725533 378887 246622 795570 323774 570228 764627 110734 188554 191615 645182 313380 246660 55715 222457 317243 649524 968099 720283 312039 672929 681680 905639 513147 525874 481724 563373 581240 588888 524272 387775 221454 323121 693846 723026 764304 538889 438428 889313 494367 186627 334100 629659 215097 424796 252906 363425 999999999 210385 473251 898381 597087 108300 620525 424255 746914 225876 467068 337476 335879 512116 631027 550234 610171 175878 203895 207632 391502 667404 337761 410000 300674 275207 873010 359906 656351 443074 717782 938918 224073 424178 181108 737531 453387 427683 155171 669244 583842 573677 728508 793786 677182 979030 60565 836360
454427 175126 851954 893162 564943 806609 530174 412793 782319 531307 620178 750220 102982 375695 398936 653662 512389 435374 257629 377588 259019 583092 889421 721488 479594 653655 531085 840091 302762 690380 531241 506063 697050 382754 693507 470032 229829 114695 593202 647388 912008 340895 544737 823438 507651 130350 443764 449131 364952 606150 158897 559895 210385 999999999 611162 846001 641617 310240 661076 412942 771152 412999 256764 524001 477173 601094 449390 516927 403982 44801 290034 348719 378247 664233 506058 199696 508390 65415 791244 549439 540414 284274 651029 864895 249812 604249 391208 651254 576370 223388 262665 704725 747954 482038 598476 742710 610243 903616 225209 743639
958288 654383 240929 283975 70033 304533 98632 230527 554533 340213 271785 534835 525124 531654 360580 406640 532350 547321 480275 250808 458347 577056 836729 469497 175586 485744 789629 755927 862449 123380 249347 511516 124688 886237 141831 188689 401144 714529 681334 644278 300949 811282 107778 743809 335325 651478 173385 828540 259019 170854 509321 252531 473251 611162 999999999 720213 297137 383470 318682 377946 436866 544234 817387 210150 138036 152205 832723 454641 904684 602396 656772 616301 381038 446032 157527 768684 465776 667396 767856 216571 691048 653342 620710 802119 693971 164822 421324 678356 54928 822706 350164 359078 164302 588834 773850 637942 594993 838112 419468 765332
819731 720532 812317 858812 762184 530722 760393 804096 177290 1000977 448458 188310 847051 1066399 940693 313855 1143007 1112565 945521 782985 596828 263331 131322 254342 807997 243325 474075 56866 859652 834377 490524 341681 649022 787458 855782 596582 677924 864695 295321 208801 842441 721510 629814 59894 429163 968680 667592 617851 774961 881587 691627 937906 898381 846001 720213 999999999 424091 891854 404609 475631 318147 1097573 841496 880529 734953 568018 623204 348308 791133 877258 1089918 1105905 507192 275177 812248 835265 1091406 849926 131810 900482 364825 612896 197231 100185 1077760 875447 989708 223048 673081 917499 756267 373619 851475 373159 376723 104890 236825 125181 845024 188653
