NAME : synthetic_000933
TYPE : CTSP-D
DIMENSION : 100
GROUPS : 8
RELAXATION_LEVEL : 1
EDGE_WEIGHT_TYPE : EXPLICIT
EDGE_WEIGHT_FORMAT : FULL_MATRIX
EDGE_WEIGHT_SECTION
999999999 218648 40434 433806 546069 382345 213572 265643 559076 341227 520913 382855 594264 608731 810594 288884 628924 193429 550286 462554 607226 418657 422749 279028 238876 748705 301666 674810 821175 78898 732349 217643 489815 759325 456979 237538 205013 452430 128223 604053 103739 814176 526014 610464 549440 616995 371682 632942 626376 470620 804677 460383 508072 489953 477272 336579 688849 763821 188158 260073 429518 732605 327535 442462 405116 138418 548075 365785 742762 350907 732307 729794 989153 122952 877314 716583 217413 589450 615045 390037 383862 558576 907624 372780 381787 536784 197646 271857 808757 482625 805257 202913 624533 399506 146018 772718 764671 702945 361107 664922
218648 999999999 228556 607062 398072 168491 299921 88809 693432 353223 595574 332874 542950 506137 681793 460140 766125 187650 425553 493371 482737 555009 606240 65737 201788 650216 214128 777033 610362 247463 788374 267257 286851 584491 384928 446656 171907 238626 344715 401139 268657 825784 307368 565664 609595 446780 332522 612933 560718 278155 756400 453220 645348 488996 350297 366056 673711 699592 406802 184827 215095 796070 345704 595336 320684 203300 582454 148573 770367 517167 730226 794015 944391 285466 823181 740064 103715 408967 625561 180633 173887 718842 836714 167283 251790 322642 310493 155635 829783 452448 637280 348310 421212 211463 235933 725156 673508 524934 433832 604856
40434 228556 999999999 459055 576458 396067 174090 262452 591205 381447 559493 420888 633404 644574 844598 317045 660161 167497 583604 502903 640915 451704 445038 284075 213351 785413 279758 710434 837360 38574 771334 257929 508554 786300 494250 250662 182514 466396 118891 623272 64004 854494 534016 649923 588701 644282 410221 673159 664901 492238 844353 500573 540124 530294 509743 377001 729188 802763 185745 293556 432232 771175 367817 472360 440945 107385 588232 377128 782820 379120 772741 768325 1029109 83638 916864 756763 243700 614580 655463 390642 399400 585862 946463 372168 412666 550685 236867 256845 848910 522241 833667 238645 643669 421450 109327 812377 801980 729087 400647 703849
433806 607062 459055 999999999 732447 728865 609174 680313 178244 393786 301429 494657 593108 695632 898712 147862 227423 625908 695375 376328 734022 124470 41753 672635 671713 789362 735466 332123 1109320 481996 470305 371003 791734 953702 555977 231943 638729 788261 383670 888048 491445 622246 884743 590827 346474 826623 475830 557247 639845 755131 733829 447547 139730 446807 652851 365602 584057 734069 332513 505546 816913 455310 384482 72053 552598 566320 401221 725660 535957 90521 588322 451644 877031 499198 802872 525475 538494 825227 485852 786951 720921 130230 861147 774341 604958 863475 303467 702710 599248 496999 977474 259303 906901 694947 562828 708078 787327 913124 284616 654982
546069 398072 576458 732447 999999999 289775 693757 455539 719829 338701 539818 237812 276397 155839 284945 623631 782774 585653 66729 405859 101296 623993 754077 397330 597402 278798 592939 722487 399935 608865 645074 395585 203621 225868 186517 691003 569709 270062 664486 213789 634469 596648 350270 302288 522627 95214 256619 378495 260140 168439 441014 322239 689306 346517 80320 366966 430040 368675 704332 288824 397374 664829 348125 682780 180384 593166 459078 317930 579620 652842 495887 664581 614340 654017 491148 548621 334913 112005 442669 416448 271480 792825 481875 427469 164335 273575 472385 534848 616184 278589 262743 524447 224232 200702 624185 415756 308594 180755 452287 300642
382345 168491 396067 728865 289775 999999999 456362 184463 784985 399505 651875 336270 508286 430128 569838 587852 856721 336764 338023 529024 388435 655409 735080 130244 334647 566012 314196 842031 441874 415954 818968 360878 125238 437166 356008 598045 315878 70330 510153 236112 436965 820853 155927 534084 654541 309920 345109 597099 512002 131801 707812 466188 741190 501582 273798 421560 656921 641245 569448 232140 121306 831815 398054 704106 296239 366263 611085 29488 780538 638573 719906 830420 890457 453444 766560 748829 191935 264161 632496 128527 18959 827597 765998 137866 203275 154675 425541 260033 831899 447254 494046 472737 255653 93146 399021 678931 594146 376834 505937 556859
213572 299921 174090 609174 693757 456362 999999999 277767 755117 548709 733404 575119 791481 785064 973949 476489 821782 120934 713432 674931 771385 618276 588339 326426 140985 928831 204648 880577 887338 138436 945394 426712 580721 884234 643690 381964 143829 522015 226934 692356 120941 1026571 560901 809964 762786 746629 567084 839207 819102 576768 1005186 666942 704194 698249 637603 546928 896656 958693 288617 433529 445011 945044 535752 632618 584831 101587 761222 430110 956077 537303 942689 942170 1191848 110227 1076537 929622 364280 708631 826416 399135 466389 738939 1101164 377915 537309 600972 410942 222658 1021856 684077 937197 410628 711678 511318 74294 973179 948470 824513 574634 860186
265643 88809 262452 680313 455539 184463 277767 999999999 775994 442016 683681 418323 624531 576980 740360 532488 848559 156834 491493 582153 547055 636284 676075 58271 150223 719637 137954 863872 609684 269181 877182 353656 309557 621071 465866 502605 134302 246048 381130 417718 284281 912883 285839 647995 698247 490282 419086 698093 639459 313295 836312 540783 727146 576694 418322 454778 758993 776919 448080 272255 174233 884827 434505 673743 401251 198819 671182 156167 858565 591603 816523 882760 1023721 296994 901483 828132 192046 446834 713265 130086 197688 796327 911304 110481 324246 323364 390998 79315 917510 538066 677230 424397 436493 257003 230022 805450 744673 560747 521206 684089
559076 693432 591205 178244 719829 784985 755117 775994 999999999 398209 196220 491620 521280 646396 831698 279203 72707 751517 670075 318509 696739 141309 218194 756204 796170 711923 853787 154723 1115705 620308 306775 429881 822502 926316 533515 396042 760391 834814 537405 903832 634402 471304 936810 511466 233408 814714 474672 458961 567396 781385 617962 402117 51085 387082 645670 371631 469685 633866 495877 552849 888347 287976 394938 125767 550969 697157 302211 788332 386410 220593 457651 284289 738563 645412 680898 382943 606915 824496 375828 865610 773381 101774 745686 856543 624293 900654 385339 812823 444018 450813 939425 359365 920748 731816 699805 596693 702980 895008 282346 570914
341227 353223 381447 393786 338701 399505 548709 442016 398209 999999999 252650 100889 262241 319913 530881 294193 467169 485669 303685 140168 347175 287599 416456 404340 520661 440939 556711 442527 723129 420020 435337 123656 424648 560585 166991 387167 483159 441855 418017 507062 444912 483065 545121 274584 259361 433126 82113 291716 301052 383223 465834 119176 360749 149545 259381 28367 348124 431465 432307 175497 512985 443881 14791 345391 159491 455561 229505 408462 420575 316041 394804 441973 648528 463854 539178 391337 250566 434507 281024 499392 385505 459897 575074 495327 226084 503602 173644 502475 482820 147186 587136 215875 524578 336268 475540 434084 449583 519342 117405 334009
520913 595574 559493 301429 539818 651875 733404 683681 196220 252650 999999999 328069 325262 453299 635493 309386 248040 698495 485079 134518 506583 182777 341025 651534 739100 515926 785607 191037 939437 595228 212851 332665 667117 737137 354332 441526 701389 691488 545634 736082 615540 331412 794987 315267 45125 633186 314117 265645 371234 623980 434714 217579 186665 196363 470800 232958 284560 442523 527116 426645 765534 211697 255667 229592 384127 655040 107010 661106 247134 279055 287235 208881 576350 631115 502348 230624 496592 648567 186935 750810 637500 290702 562662 745752 468505 747881 323607 735936 314225 263127 747004 325657 751463 584523 666754 410510 507753 709607 164847 375216
382855 332874 420888 494657 237812 336270 575119 418323 491620 100889 328069 999999999 216916 234739 445063 390668 558359 493742 205153 197155 252375 387382 516875 371239 522154 368345 546198 518648 625142 458578 482732 182633 339067 460274 77137 472737 486401 367163 479805 412486 484658 495880 470308 236998 323422 332303 18901 280062 244549 295923 431638 130045 457073 165766 158641 129170 340868 383679 504967 149927 455856 495997 110725 445682 59663 475943 275265 351077 447528 416041 398374 494700 619471 504462 501983 416167 231294 335116 299719 450295 319848 558342 526672 450219 141205 419961 252280 488347 502781 119743 488484 301088 429180 259609 500830 399754 382487 418467 215916 285071
594264 542950 633404 593108 276397 508286 791481 624531 521280 262241 325262 216916 999999999 141348 310859 533259 571171 710122 209905 216820 204903 469510 625968 572787 737225 196267 757058 481691 660100 671624 376779 381461 463274 428829 158697 642393 702037 516029 679741 490165 697407 322080 610569 26519 292923 353944 224446 102495 46945 420979 214906 154478 505849 146647 242350 278317 154715 169972 694037 364976 628834 398976 277028 527802 223314 692729 222386 530026 304158 536200 220489 399278 403004 716978 285136 273680 444781 386228 176672 633855 489674 612381 313941 638202 308275 541126 435543 698271 340107 115102 429379 474600 500017 417389 717192 183146 195987 413476 322031 71772
608731 506137 644574 695632 155839 430128 785064 576980 646396 319913 453299 234739 141348 999999999 211261 612793 701313 688291 93669 329664 65508 576119 724232 520469 707674 144388 714500 619792 520296 680801 517824 417339 358051 288390 157705 705125 675881 421067 712690 363265 707061 448553 505569 163601 425904 218153 250871 241299 111285 320101 285376 249725 625050 259477 159234 344236 285238 214012 739666 353140 544749 540256 333459 635799 203656 683580 356414 456109 441668 627734 350104 540588 461932 727022 338116 412109 421692 256544 317943 558648 411211 731768 336497 567092 254394 429414 485952 655196 470926 199691 293738 533071 370519 337151 711922 259920 167730 272352 412323 147210
810594 681793 844598 898712 284945 569838 973949 740360 831698 530881 635493 445063 310859 211261 999999999 822716 879317 868929 261530 524814 203806 776659 929303 682114 882033 126150 877521 779874 479478 879444 647755 627206 464670 221114 368429 916370 853681 537574 919540 414627 905561 528798 595395 320571 601034 270961 461675 382825 264374 440527 310085 451390 816634 453419 336846 554679 399385 243925 949195 551044 667314 673591 544561 835745 408093 872612 530692 598836 554689 834902 450734 674898 420191 925441 317920 531380 610598 322699 469594 692561 552321 923223 271780 705704 436864 512888 696937 819647 559917 402546 180961 744315 411068 484360 902696 304285 148271 252966 618595 265197
288884 460140 317045 147862 623631 587852 476489 532488 279203 294193 309386 390668 533259 612793 822716 999999999 345321 482118 595817 328155 641185 148513 147424 525824 527704 724902 589934 414255 984081 343480 514171 238622 659204 848927 461115 132436 493764 649748 258917 760821 356144 639619 743677 537408 350999 715015 372000 522769 577744 625128 706328 379095 228626 389916 543333 268695 562829 691520 224373 372135 671504 506287 281717 156254 444087 424306 383965 582798 556301 62111 583525 502900 869590 366521 779094 538087 396165 707344 468350 640438 581154 269708 828860 627391 481964 727553 164320 555607 623561 424074 879085 115116 780329 561388 423885 677235 728715 803453 211950 601805
628924 766125 660161 227423 782774 856721 821782 848559 72707 467169 248040 558359 571171 701313 879317 345321 999999999 821841 730744 377996 754308 213040 263063 828910 866716 757045 925082 138804 1180498 688274 308940 502475 891814 984718 596265 455350 831203 905722 601263 970841 701451 480682 1007998 558947 278463 877193 541895 500251 616259 850288 647608 462136 121931 443816 710216 441154 503156 670835 556006 624594 960751 285915 464636 189190 617301 766631 348999 860444 399525 284729 482231 282397 753051 711734 706308 401809 679476 889078 414428 938235 844887 112532 773814 929226 693060 970485 457768 884740 450206 509561 995034 430628 987399 802088 768252 628982 745611 955727 352570 615546
193429 187650 167497 625908 585653 336764 120934 156834 751517 485669 698495 493742 710122 688291 868929 482118 821841 999999999 611076 620885 668662 610598 612521 206537 45863 832678 114083 862167 766451 152759 905671 371645 461648 768319 556113 416176 23882 401535 270632 572379 156262 968734 440760 730734 722132 632712 488747 768458 733220 459922 925028 599373 700625 633114 535356 489641 827913 873181 339618 345387 325724 908695 474424 635857 494034 63590 709935 309971 904244 544195 879020 906132 1113068 161992 994400 875875 268182 592788 766682 279961 347600 751701 1013351 258871 435526 480077 377831 108581 967819 609139 822499 393012 591540 396657 84618 893239 854468 708286 534310 776055
550286 425553 583604 695375 66729 338023 713432 491493 670075 303685 485079 205153 209905 93669 261530 595817 730744 611076 999999999 352748 57966 582278 719714 434085 627210 229221 629433 664115 459039 618130 580798 378753 265011 259030 139794 673961 597061 327398 662546 280301 644207 529924 412894 235682 464953 149984 223830 312182 193782 226507 378377 268611 642391 289449 75884 331139 363329 307631 696693 290265 451441 601113 314961 641757 155540 611935 399437 364633 513557 619677 429169 600983 555533 664064 431755 482698 349464 176765 378267 466400 319184 747455 427999 475520 176198 338121 453153 570426 549509 221991 283520 503721 290193 245494 641681 352087 256362 225030 411656 235026
462554 493371 502903 376328 405859 529024 674931 582153 318509 140168 134518 197155 216820 329664 524814 328155 377996 620885 352748 999999999 378279 252722 409697 543637 657568 413087 695928 322766 805172 540970 295588 250194 535514 607857 219942 448839 619852 563841 517615 601818 564360 351675 667164 215164 126334 499718 185113 194893 263633 492015 378656 84141 295386 71431 336283 131352 239369 364727 516392 313709 646058 305246 148689 311264 251126 586275 89665 540931 283388 322932 272693 303524 548062 582188 451837 255491 390516 514146 153886 635482 513569 402122 500728 632575 338359 616670 271793 642250 347721 132305 621497 295383 617059 456339 603486 349212 411316 577744 119402 279738
607226 482737 640915 734022 101296 388435 771385 547055 696739 347175 506583 252375 204903 65508 203806 641185 754308 668662 57966 378279 999999999 617648 760293 489334 684227 177954 684996 678441 455411 675655 581664 430701 304499 230617 180207 724494 654417 371338 718115 300032 701764 513826 450154 228166 482036 152840 270443 306038 176792 269703 343747 295356 672371 310502 133794 373628 350742 270046 750645 347405 498266 603657 359469 677398 208048 669894 413722 415912 506875 661526 415595 603881 513749 721640 390968 477136 407428 192993 380676 516073 369829 778529 380594 526298 234114 371813 503632 626180 536406 246021 244453 553252 306400 297198 699646 320188 207355 209034 449406 211764
418657 555009 451704 124470 623993 655409 618276 636284 141309 287599 182777 387382 469510 576119 776659 148513 213040 610598 582278 252722 617648 999999999 161013 618622 655106 665763 712480 265949 1010460 481999 372712 295674 703523 841306 442503 277201 619205 709111 406199 792679 497337 511681 809455 466648 227733 719023 369008 433083 516351 664277 610855 326694 91129 323678 545833 259342 461548 609711 372543 424522 754349 362396 280785 59770 446729 556968 278168 656557 426050 101555 469538 358896 758753 509390 680659 412141 472185 722068 363433 729588 645059 174230 737790 719639 509291 779207 245286 671709 491729 376585 861968 218089 810695 609493 560736 584606 663188 803685 171715 530681
422749 606240 445038 41753 754077 735080 588339 676075 218194 416456 341025 516875 625968 724232 929303 147424 263063 612521 719714 409697 760293 161013 999999999 671976 658382 822006 723771 372618 1125159 465299 512058 381925 803635 977028 581069 207088 626595 796423 361555 902766 472780 663549 890952 624777 386139 847517 497977 593862 672485 768327 771820 477947 181273 479350 674035 388672 622364 770136 306073 516492 818519 497014 406173 112799 573735 551583 439104 730218 577276 101729 628204 493347 917152 479110 841401 566405 543514 843843 524190 786790 728123 158893 898803 773283 621066 873426 310333 693875 640774 526856 1002723 262446 921948 706162 545838 745618 821008 934815 311939 689207
279028 65737 284075 672635 397330 130244 326426 58271 756204 404340 651534 371239 572787 520469 682114 525824 828910 206537 434085 543637 489334 618622 671976 999999999 206037 662618 195793 835525 565266 297830 839224 327788 255300 564748 414173 510626 185692 195941 402298 365960 316363 867073 250434 596781 663053 432704 373692 649597 585874 256397 783102 496818 708598 532943 361483 419710 710536 722410 466456 230229 150930 848216 398238 659976 349646 239018 631676 103717 815745 582650 769412 846313 970004 331316 847318 784899 154945 389966 669169 114940 141785 783653 855565 101783 269146 276915 374888 137533 873149 490615 620379 413706 385251 198802 271517 752512 688042 504476 492022 630695
238876 201788 213351 671713 597402 334647 140985 150223 796170 520661 739100 522154 737225 707674 882033 527704 866716 45863 627210 657568 684227 655106 658382 206037 999999999 851865 70648 905054 753390 197559 944843 409833 459778 770739 581233 461624 37831 395496 314724 567373 199099 1003306 424259 758646 761546 638257 518450 799463 758193 462431 951912 632211 745344 666562 552063 526220 859419 897833 383470 372491 307200 948546 510001 681134 518020 108366 746966 306377 940594 589758 912048 946048 1140112 202802 1020261 911789 292629 595993 801235 261436 347469 797342 1036535 240189 453463 470416 420227 83058 1003451 639327 826395 437240 585903 402976 124626 920301 874826 710447 574504 801669
748705 650216 785413 789362 278798 566012 928831 719637 711923 440939 515926 368345 196267 144388 126150 724902 757045 832678 229221 413087 177954 665763 822006 662618 851865 999999999 857424 654688 569935 822164 521740 549396 480375 311768 292216 827727 820223 548676 848036 459722 848418 408049 623624 201213 479592 306521 382326 258132 149543 447138 197813 346655 699663 342692 301340 461671 273295 124958 870451 496017 676123 547504 455409 723948 345211 827433 409815 593176 429433 731099 325898 548790 343983 868365 225799 405577 565910 355356 344972 693893 547315 805653 204271 703819 398428 543281 613025 798221 437883 300865 287890 656813 461646 474155 855469 185645 32944 323889 515562 141500
301666 214128 279758 735466 592939 314196 204648 137954 853787 556711 785607 546198 757058 714500 877521 589934 925082 114083 629433 695928 684996 712480 723771 195793 70648 857424 999999999 956948 711184 266840 987448 453326 436474 750402 598897 529691 97284 367338 384628 537883 269501 1036007 380405 779786 805245 623719 544815 826034 774149 445677 970275 663233 803289 698504 556085 565303 886655 912476 453537 396840 263127 992699 547279 741478 534516 177653 785592 284780 977107 651735 941992 990359 1158144 273450 1036544 947490 315109 578344 834608 219112 329599 859546 1048067 198707 461031 435499 472683 59378 1038304 665394 807928 494476 555295 393367 195273 939112 882226 690157 620807 818485
674810 777033 710434 332123 722487 842031 880577 863872 154723 442527 191037 518648 481691 619792 779874 414255 138804 862167 664115 322766 678441 265949 372618 835525 905054 654688 956948 999999999 1122245 742903 171864 510218 857685 907932 539786 539863 867959 882487 672039 923765 759848 344826 985983 464998 199975 813851 505021 397099 523454 814385 525468 402592 194967 376002 657127 421215 388267 557272 637402 614610 954384 147742 444451 272732 573829 812769 265082 850434 266814 361702 357507 144306 618253 772884 579404 273598 681112 832996 310518 937946 827941 243209 648914 931889 659375 938601 484937 910628 313240 443914 911060 471988 938524 775559 819727 510088 639306 885843 343512 514861
821175 610362 837360 1109320 399935 441874 887338 609684 1115705 723129 939437 625142 660100 520296 479478 984081 1180498 766451 459039 805172 455411 1010460 1125159 565266 753390 569935 711184 1122245 999999999 857823 1036525 745492 333276 260101 585249 1021550 743566 371822 949397 223742 878629 963032 330781 683576 922485 309092 642851 761437 630902 361000 767183 721925 1082206 746382 470288 751249 804266 692613 1005574 613592 448225 1057952 729694 1067365 565494 804251 858171 463503 961881 1023706 867931 1058024 899227 894785 791209 932405 612863 291423 834628 493143 437982 1182969 750895 514169 504397 288553 821295 670947 988053 678456 301173 873397 203898 429465 836657 751474 602009 250633 840264 661121
78898 247463 38574 481996 608865 415954 138436 269181 620308 420020 595228 458578 671624 680801 879444 343480 688274 152759 618130 540970 675655 481999 465299 297830 197559 822164 266840 742903 857823 999999999 807454 296491 531990 815809 531466 264718 171415 486049 118409 646744 26263 892471 548166 688287 625213 674222 448183 711732 702795 518066 882797 539147 569249 568839 543758 415457 767734 840866 187547 328723 442242 806806 406381 499606 477308 89257 625941 395167 820350 405196 811112 803912 1067645 46222 955255 794491 274497 642876 693714 399077 420766 610297 984501 379662 445745 569901 273649 251935 886586 560676 864266 272250 667020 447831 80837 850816 839118 758002 437586 741953
732349 788374 771334 470305 645074 818968 945394 877182 306775 435337 212851 482732 376779 517824 647755 514171 308940 905671 580798 295588 581664 372712 512058 839224 944843 521740 987448 171864 1036525 807454 999999999 535168 809322 802718 478821 646380 907014 847175 757725 856669 828089 173137 949090 354404 183633 728876 474293 277539 410338 765321 368121 353128 331832 318459 592707 423048 248505 411333 736172 609225 938006 27246 442716 401508 527997 864826 208563 832936 100483 474224 201838 29695 446735 843827 415122 117173 685901 756962 202531 929621 802570 405311 486309 927407 620674 890536 534709 935243 141429 379552 796455 538508 868708 740159 877813 357769 501287 790160 372264 390150
217643 267257 257929 371003 395585 360878 426712 353656 429881 123656 332665 182633 381461 417339 627206 238622 502475 371645 378753 250194 430701 295674 381925 327788 409833 549396 453326 510218 745492 296491 535168 999999999 421715 621208 259762 295901 372003 417815 299574 522201 321286 600865 516028 395831 352226 483204 167307 415330 417038 386736 588687 242832 383641 272411 316600 120312 471290 551417 322336 134698 458967 539593 109892 343230 223257 336178 338632 360994 533415 281937 515992 537203 772074 340200 661783 505681 177069 471479 399921 435779 351570 466814 695365 427134 245004 492486 77449 403283 597894 267646 656790 130102 541712 324362 354276 556832 561557 572251 168360 452984
489815 286851 508554 791734 203621 125238 580721 309557 822502 424648 667117 339067 463274 358051 464670 659204 891814 461648 265011 535514 304499 703523 803635 255300 459778 480375 436474 857685 333276 531990 809322 421715 999999999 314023 330624 689067 440992 73537 617879 114779 554391 784895 148143 489793 661242 195616 353305 561236 455893 44013 643313 460678 783192 492951 221707 450879 617624 571820 672729 287209 202817 825666 427578 757196 284909 488621 607694 153478 756842 703442 683034 824801 817960 571762 694735 725090 279597 145800 611940 231465 114376 877752 684355 247137 199313 81445 494999 384018 800819 429776 372146 546083 135128 98001 521414 617071 511038 253877 540304 498766
759325 584491 786300 953702 225868 437166 884234 621071 926316 560585 737137 460274 428829 288390 221114 848927 984718 768319 259030 607857 230617 841306 977028 564748 770739 311768 750402 907932 260101 815809 802718 621208 314023 999999999 398808 916170 749098 385140 881932 226744 840461 712900 414521 449152 712468 142392 479173 525205 392399 308583 509571 524252 900356 540922 305863 588489 560871 435901 925525 508925 508100 826084 570990 900768 404895 787251 643763 466259 720493 876314 621920 826622 639565 859344 531211 692684 542692 175622 605353 542506 423389 1005878 491394 559571 383458 335059 698158 697174 740048 475602 60656 750287 216166 373044 819591 495785 343270 60335 670531 415889
456979 384928 494250 555977 186517 356008 643690 465866 533515 166991 354332 77137 158697 157705 368429 461115 596265 556113 139794 219942 180207 442503 581069 414173 581233 292216 598897 539786 585249 531466 478821 259762 330624 398808 999999999 548336 546762 372846 556533 384492 557667 464919 472664 182661 339968 281210 93249 241156 177128 286660 371491 137305 504022 165400 117429 193473 301280 317068 582091 211257 477297 495667 179475 501965 64620 543285 280462 375778 428514 481721 363900 494923 559563 577566 439044 396676 288688 294235 281997 478921 337902 608493 457991 482079 153010 411742 328514 539964 476865 99577 421694 376358 398843 268595 569598 340231 307740 362628 271929 220449
237538 446656 250662 231943 691003 598045 381964 502605 396042 387167 441526 472737 642393 705125 916370 132436 455350 416176 673961 448839 724494 277201 207088 510626 461624 827727 529691 539863 1021550 264718 646380 295901 689067 916170 548336 999999999 432724 665572 155046 798490 269001 770938 749683 649739 482587 776733 455354 643353 684634 661041 827019 488480 347838 504704 612411 366168 687114 806360 100777 413060 661437 638008 372945 270357 518470 353363 511893 586635 688146 178167 711682 634586 995352 273653 900449 669283 410723 760928 594879 624192 595450 361990 946643 607927 535380 748123 220905 506877 755527 529027 952651 172055 818755 592103 343777 797016 834938 865780 329590 712978
205013 171907 182514 638729 569709 315878 143829 134302 760391 483159 701389 486401 702037 675881 853681 493764 831203 23882 597061 619852 654417 619205 626595 185692 37831 820223 97284 867959 743566 171415 907014 372003 440992 749098 546762 432724 999999999 379794 289782 551014 177029 965947 417314 723165 723728 614456 482267 762968 723857 440533 916859 595184 709657 629399 521556 488500 822789 863670 358904 337078 302033 910747 472404 646337 483983 83503 709221 288661 902937 555708 875022 908254 1105026 183945 985623 874191 258107 573729 763860 256240 327272 763470 1003039 235123 422222 457665 383043 85168 965901 603040 803772 401172 570037 378453 107449 885174 842613 688959 536755 767083
452430 238626 466396 788261 270062 70330 522015 246048 834814 441855 691488 367163 516029 421067 537574 649748 905722 401535 327398 563841 371338 709111 796423 195941 395496 548676 367338 882487 371822 486049 847175 417815 73537 385140 372846 665572 379794 999999999 580342 171897 506820 835095 103500 542414 690163 269120 378784 610532 513315 101639 704877 494629 792730 528760 274232 466012 668726 634980 639221 284822 129764 861815 442355 759879 319215 434311 641594 92461 801338 698431 733318 860680 882786 523084 759094 769500 256365 219277 654366 158222 70122 882560 751932 174534 226750 84387 486113 317094 848866 469416 443995 534868 190464 107555 466971 677547 578655 325363 553268 557251
128223 344715 118891 383670 664486 510153 226934 381130 537405 418017 545634 479805 679741 712690 919540 258917 601263 270632 662546 517615 718115 406199 361555 402298 314724 848036 384628 672039 949397 118409 757725 299574 617879 881932 556533 155046 289782 580342 999999999 731969 116716 862211 651559 692597 581334 739572 465790 703167 716417 597880 882341 534278 487204 558875 592103 405738 754597 849368 69138 375716 551032 753374 403313 412597 511448 207051 595061 492821 784345 317019 790066 750197 1061499 119091 956002 761408 343135 714280 671105 509533 511993 513820 993073 491016 500550 664723 248190 369950 851832 564985 925903 224167 752458 526752 192523 850861 860950 826583 402857 751471
604053 401139 623272 888048 213789 236112 692356 417718 903832 507062 736082 412486 490165 363265 414627 760821 970841 572379 280301 601818 300032 792679 902766 365960 567373 459722 537883 923765 223742 646744 856669 522201 114779 226744 384492 798490 551014 171897 731969 999999999 669059 809597 187904 515983 724241 153222 429174 592279 471958 137474 642332 521267 867760 549753 267114 534716 643463 567608 785838 389878 284931 875576 512387 848534 353690 601962 664513 262411 793280 801551 709250 875153 803691 686335 683910 762190 391676 107057 654793 322732 227619 966265 661776 341374 283736 108797 597718 488796 829737 482791 287369 649739 20498 207071 634751 619851 492340 171361 624442 510413
103739 268657 64004 491445 634469 436965 120941 284281 634402 444912 615540 484658 697407 707061 905561 356144 701451 156262 644207 564360 701764 497337 472780 316363 199099 848418 269501 759848 878629 26263 828089 321286 554391 840461 557667 269001 177029 506820 116716 669059 999999999 915618 566119 713910 646390 699060 474144 736614 728796 541469 908287 564080 583439 593450 569749 439752 792331 866744 184743 354923 458240 826889 431161 512383 503571 93553 648708 415375 842793 417318 835089 823949 1092886 19960 980836 817241 299853 667145 717425 414361 442429 620612 1010424 394505 471558 590345 295548 260291 909235 586190 889281 291087 689268 471519 75820 876317 865336 782456 459417 767830
814176 825784 854494 622246 596648 820853 1026571 912883 471304 483065 331412 495880 322080 448553 528798 639619 480682 968734 529924 351675 513826 511681 663549 867073 1003306 408049 1036007 344826 963032 892471 173137 600865 784895 712900 464919 770938 965947 835095 862211 809597 915618 999999999 931609 295635 288657 666656 493866 224579 337980 742198 223462 372843 488821 337514 563348 480702 167380 284949 851885 640964 942159 198684 494487 550824 525458 936933 267689 839914 86296 610164 101890 201812 273615 933202 254097 101703 722324 703903 202092 942198 802810 572142 326462 943903 617627 863158 621281 979774 35408 377103 695200 638049 818127 733008 954891 224554 381155 712401 459763 302774
526014 307368 534016 884743 350270 155927 560901 285839 936810 545121 794987 470308 610569 505569 595395 743677 1007998 440760 412894 667164 450154 809455 890952 250434 424259 623624 380405 985983 330781 548166 949090 516028 148143 414521 472664 749683 417314 103500 651559 187904 566119 931609 999999999 637078 793496 325207 482166 707438 604009 189593 790942 597111 894089 630896 368352 569023 764549 718941 714169 385004 117570 964153 545365 859086 421192 484312 744248 163142 900892 794479 829719 963078 963864 580366 841083 869070 347570 273469 754649 162943 164517 982297 827893 184138 329498 82514 581461 341365 946676 570398 475172 628563 199081 210832 515805 764975 655001 359035 655792 646906
610464 565664 649923 590827 302288 534084 809964 647995 511466 274584 315267 236998 26519 163601 320571 537408 558947 730734 235682 215164 228166 466648 624777 596781 758646 201213 779786 464998 683576 688287 354404 395831 489793 449152 182661 649739 723165 542414 692597 515983 713910 295635 637078 999999999 280535 378461 243145 77898 58457 447490 195228 161507 498451 147748 268835 288568 128301 157488 704560 386162 654764 377201 289284 524157 247136 711837 210130 555574 279316 537293 194122 377647 382590 733359 267015 249180 466576 411670 156727 659325 515517 604499 300591 663423 333463 567614 446719 721162 313971 128190 447157 483839 525604 443433 735721 163229 196545 435920 325499 64720
549440 609595 588701 346474 522627 654541 762786 698247 233408 259361 45125 323422 292923 425904 601034 350999 278463 722132 464953 126334 482036 227733 386139 663053 761546 479592 805245 199975 922485 625213 183633 352226 661242 712468 339968 482587 723728 690163 581334 724241 646390 288657 793496 280535 999999999 614414 311401 225582 337805 617601 390858 202988 228881 176111 457371 243632 240800 401275 565884 434857 770660 187458 264816 274580 376439 681275 70563 665662 205669 323067 242111 185153 531238 662582 457872 187287 508488 633025 143990 758510 639338 330897 518909 754677 464619 742511 351851 753911 273208 244040 719306 358985 738798 582670 694612 367283 469774 687897 188743 338224
616995 446780 644282 826623 95214 309920 746629 490282 814714 433126 633186 332303 353944 218153 270961 715015 877193 632712 149984 499718 152840 719023 847517 432704 638257 306521 623719 813851 309092 674222 728876 483204 195616 142392 281210 776733 614456 269120 739572 153222 699060 666656 325207 378461 614414 999999999 351017 456223 329246 178135 490724 415781 784481 438521 173782 461451 503030 415659 783653 367271 398272 749780 442143 777704 274037 648392 549353 339408 657776 746061 568148 749756 650476 718083 530808 627548 400596 51805 526534 426454 294120 888038 509011 441197 242141 242883 560547 568221 688994 370722 190859 613026 156303 236063 680473 469317 339120 89083 547309 364494
371682 332522 410221 475830 256619 345109 567084 419086 474672 82113 314117 18901 224446 250871 461675 372000 541895 488747 223830 185113 270443 369008 497977 373692 518450 382326 544815 505021 642851 448183 474293 167307 353305 479173 93249 455354 482267 378784 465790 429174 474144 493866 482166 243145 311401 351017 999999999 281473 254707 310520 438323 123731 439509 159878 177289 110436 341919 392834 489389 148005 463713 486730 91824 427171 77731 468696 266058 358650 442721 397141 397704 485318 625645 493858 509453 411624 229752 353216 295576 456405 329180 540333 536338 455483 154390 433844 235285 487492 499457 120945 507235 283507 446104 271339 492804 406345 395428 437304 197725 293962
632942 612933 673159 557247 378495 597099 839207 698093 458961 291716 265645 280062 102495 241299 382825 522769 500251 768458 312182 194893 306038 433083 593862 649597 799463 258132 826034 397099 761437 711732 277539 415330 561236 525205 241156 643353 762968 610532 703167 592279 736614 224579 707438 77898 225582 456223 281473 999999999 132807 518248 183772 172607 452238 144418 339529 298697 60941 177441 707541 429242 718355 300971 305482 487611 303118 743926 158908 616870 201672 513790 122964 301595 358394 755508 257096 171332 510936 488671 86846 719780 578907 556022 306918 722356 394155 640215 454977 768360 239664 160648 520510 485387 602367 508606 765527 154491 245362 513468 313779 117780
626376 560718 664901 639845 260140 512002 819102 639459 567396 301052 371234 244549 46945 111285 264374 577744 616259 733220 193782 263633 176792 516351 672485 585874 758193 149543 774149 523454 630902 702795 410338 417038 455893 392399 177128 684634 723857 513315 716417 471958 728796 337980 604009 58457 337805 329246 254707 132807 999999999 415125 197392 198664 552572 193152 239747 319075 173955 140004 733339 388124 631021 433722 315811 574707 240307 719266 267260 535438 331060 582077 238902 434300 384264 748534 262463 301977 465758 365967 214821 639395 493135 659032 282166 645245 317561 531187 474687 714969 359749 155619 388976 515516 480184 419512 744860 167409 150992 381744 367182 45039
470620 278155 492238 755131 168439 131801 576768 313295 781385 383223 623980 295923 420979 320101 440527 625128 850288 459922 226507 492015 269703 664277 768327 256397 462431 447138 445677 814385 361000 518066 765321 386736 44013 308583 286660 661041 440533 101639 597880 137474 541469 742198 189593 447490 617601 178135 310520 518248 415125 999999999 604663 416782 742774 448968 178852 409835 575047 534111 650074 253287 229615 781653 386709 718691 241184 481452 563749 161286 713238 667575 640313 780790 781489 559534 657895 681468 255678 133579 568108 252094 116140 838456 650297 265293 157237 125412 461449 390598 757719 385772 364002 513188 157714 71131 514084 577820 477032 248427 499503 458486
804677 756400 844353 733829 441014 707812 1005186 836312 617962 465834 434714 431638 214906 285376 310085 706328 647608 925028 378377 378656 343747 610855 771820 783102 951912 197813 970275 525468 767183 882797 368121 588687 643313 509571 371491 827019 916859 704877 882341 642332 908287 223462 790942 195228 390858 490724 438323 183772 197392 604663 999999999 348090 619350 324824 434230 476603 150155 75390 889592 579838 825693 395329 480267 662834 435762 907013 332721 731878 268090 695500 168215 397501 188202 927628 73803 253402 659337 535484 248149 835714 688882 718562 128086 842058 514952 714460 634596 911240 256951 322124 483935 667442 646953 614899 930947 32016 166921 519275 497495 152441
460383 453220 500573 447547 322239 466188 666942 540783 402117 119176 217579 130045 154478 249725 451390 379095 462136 599373 268611 84141 295356 326694 477947 496818 632211 346655 663233 402592 721925 539147 353128 242832 460678 524252 137305 488480 595184 494629 534278 521267 564080 372843 597111 161507 202988 415781 123731 172607 198664 416782 348090 999999999 377054 36166 254544 128578 229817 318806 543673 268547 585901 367198 133131 386278 176254 572458 147255 481099 319083 384832 279842 366052 529547 583030 421724 288104 349623 431316 172517 579829 449591 483370 461048 579162 267895 542117 286841 606935 376742 50046 539311 322466 535932 387340 593436 316583 349621 493616 168913 224512
508072 645348 540124 139730 689306 741190 704194 727146 51085 360749 186665 457073 505849 625050 816634 228626 121931 700625 642391 295386 672371 91129 181273 708598 745344 699663 803289 194967 1082206 569249 331832 383641 783192 900356 504022 347838 709657 792730 487204 867760 583439 488821 894089 498451 228881 784481 439509 452238 552572 742774 619350 377054 999999999 366034 613416 333359 469497 629186 447074 509312 842588 315986 356192 78086 516714 646112 293391 743559 402735 170969 464619 312309 750390 594562 685115 395343 560657 791708 372824 818848 730122 106839 747436 809324 586211 860413 336186 762810 463972 426713 916331 308813 885134 691027 648722 596145 692994 866599 243519 560018
489953 488996 530294 446807 346517 501582 698249 576694 387082 149545 196363 165766 146647 259477 453419 389916 443816 633114 289449 71431 310502 323678 479350 532943 666562 342692 698504 376002 746382 568839 318459 272411 492951 540922 165400 504704 629399 528760 558875 549753 593450 337514 630896 147748 176111 438521 159878 144418 193152 448968 324824 36166 366034 999999999 282642 154428 198896 302127 564773 304440 621532 333301 162646 382472 209704 604809 115185 516829 282919 389983 245958 332284 502802 612161 398626 251961 385343 457067 136578 615827 484837 472858 442000 615261 302215 574380 310700 642426 340822 67929 552363 342652 563807 421700 625069 293934 342253 513473 177969 212397
477272 350297 509743 652851 80320 273798 637603 418322 645670 259381 470800 158641 242350 159234 336846 543333 710216 535356 75884 336283 133794 545833 674035 361483 552063 301340 556085 657127 470288 543758 592707 316600 221707 305863 117429 612411 521556 274232 592103 267114 569749 563348 368352 268835 457371 173782 177289 339529 239747 178852 434230 254544 613416 282642 999999999 287721 396206 367557 629144 217390 391608 610577 268377 604282 100323 536129 397489 298647 535986 572712 461464 609990 616793 589552 492949 504326 273792 178889 392675 402071 254845 715936 495462 409453 100322 301109 393010 496886 579121 215878 340254 444852 281427 180737 565976 405730 326586 260829 374187 284195
336579 366056 377001 365602 366966 421560 546928 454778 371631 28367 232958 129170 278317 344236 554679 268695 441154 489641 331139 131352 373628 259342 388672 419710 526220 461671 565303 421215 751249 415457 423048 120312 450879 588489 193473 366168 488500 466012 405738 534716 439752 480702 569023 288568 243632 461451 110436 298697 319075 409835 476603 128578 333359 154428 287721 999999999 352907 446030 416042 193739 533198 430073 23659 317043 187859 456231 220805 429250 414613 288573 395933 427989 656910 458270 550274 386315 264950 462822 279609 517854 408127 431891 588973 512890 252941 529331 158357 512349 478386 163631 614444 196469 552353 361222 474587 445143 468905 547564 89840 349806
