NAME : synthetic_000441
TYPE : CTSP-D
DIMENSION : 100
GROUPS : 8
RELAXATION_LEVEL : 1
EDGE_WEIGHT_TYPE : EXPLICIT
EDGE_WEIGHT_FORMAT : FULL_MATRIX
EDGE_WEIGHT_SECTION
999999999 318178 291154 567742 466562 196565 600711 332475 574885 211446 434528 362342 778449 408544 500282 290442 263960 58276 526445 810958 664892 263318 473607 499588 416923 142474 370992 103540 849789 449616 373676 620448 193333 245637 649598 645102 688660 413190 283831 248484 341952 730080 562932 313504 414260 106724 401232 222683 611549 387488 678150 875415 238864 545441 428548 546038 722896 485346 328705 157395 573483 170179 574904 802473 200649 531790 264113 624313 942160 455420 246142 580195 488846 473651 523369 294244 302858 228749 630275 638105 617908 505428 839681 710260 255457 192302 612419 333325 497646 487514 357926 701986 621364 148627 487827 170967 535498 51406 344231 682157
318178 999999999 590031 803515 332279 422265 702989 263485 823919 219552 714196 212283 747528 598375 656559 603853 92762 372903 401696 696450 409910 581494 715045 658808 658913 288854 595822 400449 714666 172358 431898 416889 209240 488026 540753 428781 697235 215700 467917 389431 441871 715803 644783 567765 291692 424094 495986 224166 464490 569915 914449 784962 311610 317807 369950 228083 774137 199688 195495 430736 256656 475066 571061 633365 518696 303887 349243 671449 860878 526293 175263 387826 603639 310207 584000 24644 78074 417286 421402 320050 869804 698628 782689 571870 321397 375908 442363 265093 280303 190320 249195 691426 657989 273971 521083 375048 641537 267056 288473 563653
291154 590031 999999999 321034 613022 199780 501205 489870 312911 498703 152398 553815 774774 267661 367182 73810 550972 258287 650122 876340 860711 139770 234986 363090 192770 314862 195899 276649 928342 684927 406666 782900 404192 153050 734619 813640 663740 613248 462463 292793 352435 718899 494888 392839 569892 215850 381955 413132 733538 268081 420848 912287 502447 735986 534333 815353 650792 771843 525815 161875 845733 244732 587147 914925 159718 724671 514766 575876 963870 435819 536934 740910 408682 637299 489133 565388 589079 238336 795245 905853 349926 324030 851100 809180 516693 416485 751493 489769 689791 771320 527563 692335 583902 330885 492704 240547 449536 338942 486520 769323
567742 803515 321034 999999999 686448 388944 334432 607207 46057 777430 184670 685765 652615 217467 226928 381795 794294 554425 691593 815288 949221 454557 94142 220907 151097 518287 208076 585565 875400 840977 442409 842665 594481 326921 717467 876056 539200 741512 781619 417745 399787 598351 371019 712143 662905 523003 377452 584571 756769 246246 111889 815330 801461 833850 588194 1006626 474619 1001599 669757 410419 1040341 564319 525097 901393 480621 826782 819830 447031 844606 398752 804574 805055 313488 723170 409078 780498 827883 386363 856099 1089045 80935 143141 734117 794728 817134 726708 790264 606272 796415 993834 645181 578876 465646 531864 456209 433504 323664 604252 591129 748348
466562 332279 613022 686448 999999999 414291 462556 135036 721842 508198 676937 125605 421262 471732 477593 662226 406652 520505 70189 369758 263291 677223 620899 482337 577686 335951 510237 570011 396570 225636 244335 169961 274924 463309 209721 201334 389948 122408 721811 321126 291753 396470 397715 778820 52669 555293 309785 243902 147306 444643 783434 454077 597469 149489 99018 408505 485257 486016 154615 468681 441468 631110 271612 336773 628843 144902 636216 391781 529396 302928 482411 128112 397230 41102 332631 328205 407685 375171 182499 463800 765675 549529 451025 252406 611721 620922 146480 134398 121451 463295 110253 375128 372734 324282 263995 379916 416946 435983 129460 235477
196565 422265 199780 388944 414291 999999999 411652 290138 404519 395305 295341 355791 628446 212293 304294 249093 405650 208828 454907 700801 661126 275025 296905 303388 239675 133423 182728 257785 748811 493659 229098 583905 218952 65796 550281 614339 526903 415447 464824 99042 180837 575520 381296 453899 370280 207184 230003 220519 539791 190942 500832 748640 434868 536453 340204 638489 543886 616878 329224 68959 670716 281964 428120 725297 241150 525300 460663 451287 807698 287569 417728 541857 301146 437660 352497 398296 439956 48380 596114 726342 449945 310748 698356 621934 451602 383342 554949 290021 490528 611349 328020 547549 452550 148567 333689 47465 347942 222067 286934 584908
600711 702989 501205 334432 462556 411652 999999999 446656 380364 771382 446881 518942 318184 233637 136367 574930 733240 620276 438503 488911 703460 633978 330463 141424 331709 482097 305590 669331 549963 670418 271257 584043 515577 390770 417425 616170 205289 559223 876388 357320 272613 264143 64880 857556 462738 616192 212220 488451 479946 237716 389356 481509 830288 608237 370255 854331 152042 896339 519195 473967 888663 686129 221752 591129 626085 605909 860711 115768 510603 176989 776830 554213 111917 503636 130003 685822 755606 372576 596951 920555 409679 207802 399696 489951 847291 792143 521176 445157 583964 880038 473924 245813 136947 487420 198985 429755 65754 612035 422732 443313
332475 263485 489870 607207 135036 290138 446656 999999999 637369 397510 569716 79058 496814 389982 422440 534157 315501 385747 194471 487370 371113 544965 531006 425946 481768 201133 413436 435716 521332 236196 181699 298686 143723 345536 324254 327406 436254 134742 594859 205912 209948 459673 385798 645529 84265 420282 251283 110669 279098 361020 711901 561995 481804 246593 114305 413474 510655 450623 72542 338956 447980 496109 309868 469998 495007 235865 519716 408079 633998 270176 381055 256810 356027 149854 323074 250439 327638 256758 310132 488321 682837 481070 542637 379476 497137 494227 281515 1614 201530 433565 39238 433950 394510 189259 258314 251402 388687 304509 24990 354907
574885 823919 312911 46057 721842 404519 380364 637369 999999999 785937 166261 715345 698544 250349 270179 367738 809870 557004 729723 860010 985035 440597 109060 264086 165155 536360 229233 584551 919965 869212 477509 880364 615787 340310 759773 913721 584987 772050 775374 442642 432547 644182 415989 698782 696235 522164 414485 608137 796721 278239 107956 861047 804741 868165 624232 1031403 520576 1020636 697816 418688 1064818 557643 568588 944247 472164 860646 821133 492631 890630 439024 815643 842171 356042 757767 452365 800479 844464 407099 893785 1115257 46064 185670 780060 837246 820016 725731 829290 636509 829625 1013998 675821 624531 511041 550570 497434 450523 368192 614062 622384 791020
211446 219552 498703 777430 508198 395305 771382 397510 785937 999999999 645159 383169 891567 605335 688608 486256 127575 241710 577620 877459 628376 441981 683431 688912 626344 290155 576439 241617 904129 390952 513656 623802 268518 451946 715469 639649 819616 410381 249952 415956 499407 850672 723915 361244 458462 290101 560572 302221 652611 581213 888399 957458 93153 529110 511379 413932 874784 313220 353768 367433 433014 310545 695841 833625 379276 514837 131825 771755 1030581 606961 53495 590246 661055 497646 673405 206292 157107 415666 630019 502249 829202 705459 940056 759718 105142 165256 638606 398959 487040 324341 403356 823739 763821 283983 623199 358233 705768 173766 418979 743200
434528 714196 152398 184670 676937 295341 446881 569716 166261 645159 999999999 642473 751767 237157 312521 201676 686036 407692 700494 884445 936535 274446 122275 306894 118860 427157 173873 428854 941120 787002 442721 844705 514214 230668 760214 877192 636622 701839 612546 363876 389431 695299 460427 532585 641411 367573 395802 514899 777734 253900 273373 903983 653804 813822 586408 933487 598393 904076 619020 286834 965446 395299 586858 945783 308784 804158 666947 543399 945600 438566 680267 803836 380762 707551 475122 689823 722921 315585 857769 1021650 199331 242205 832133 837713 668310 568882 803184 569225 770559 900923 608916 671385 556813 442804 499739 342593 410801 479005 560315 793974
362342 212283 553815 685765 125605 355791 518942 79058 715345 383169 642473 999999999 535245 468721 500835 592463 281732 419173 195669 495353 310402 595962 608448 504448 558259 248528 490064 465261 520972 157282 259079 258685 169998 414969 334945 282760 488209 59695 602865 279241 289005 504187 456573 668983 79807 459684 329099 146870 269692 439700 790833 579005 473234 186662 161329 336740 571470 385107 33758 397197 371232 531539 362982 454421 541806 173968 512106 470961 653867 344060 356817 219411 432439 116689 392390 205320 285091 327274 268136 409727 760939 560127 571682 376567 487179 502241 259279 80154 138860 365802 45091 480289 455356 234015 325145 313273 463111 325388 99006 361081
778449 747528 774774 652615 421262 628446 318184 496814 698544 891567 751767 535245 999999999 519039 441641 845304 810955 816585 358245 204717 562930 892214 642232 447608 633138 637432 590736 869789 262715 642491 406723 445376 625221 635934 241412 468006 115359 543668 1061300 539706 448345 56543 291516 1077610 456121 830133 400379 590620 335825 510384 701011 166375 971063 518485 382767 817984 195805 906817 554667 697398 848679 907841 203687 341922 868045 523913 1007497 209102 194074 343165 877790 437099 372491 453564 285641 739553 819038 580529 454317 856852 727248 522016 81567 274888 987174 964767 379588 495272 520018 883474 500592 82448 195003 634695 295247 624382 341342 769488 473847 242255
408544 598375 267661 217467 471732 212293 233637 389982 250349 605335 237157 468721 519039 999999999 102379 341332 600641 414291 482650 647444 735009 400941 150967 99400 119557 324047 73063 458252 704469 624569 227511 632212 389835 170499 527446 665468 404912 524116 666277 208961 182508 462514 230836 632486 446057 400051 167652 375348 553801 29181 322573 667826 647125 617818 374637 793366 383331 797958 453753 261153 827394 463689 349779 713447 397030 610351 672395 313555 711940 203240 623673 593318 146608 507431 238369 576443 631216 191013 645591 874060 294818 101648 598342 605312 663833 591524 583737 389020 579522 787988 427794 437532 324490 335318 264449 247209 183386 433365 373668 560581
500282 656559 367182 226928 477593 304294 136367 422440 270179 688608 312521 500835 441641 102379 999999999 440990 670509 511032 473446 591268 736441 502407 200680 6160 195862 400371 171341 556819 650760 657997 242518 624808 453427 270327 490737 658130 326292 550954 765082 276327 216261 385538 150804 734598 462553 499912 172352 432901 533536 114904 309638 598820 737032 627033 378676 835285 288331 855527 492215 359208 869743 565238 298409 674465 499405 621673 764232 232543 635707 177617 702041 589143 87074 516722 182223 636350 698021 274105 638213 910562 307478 84664 522762 567872 753920 687237 569085 421197 594127 842865 456847 363087 247931 409273 231522 332563 101083 520110 401991 521447
290442 603853 73810 381795 662226 249093 574930 534157 367738 486256 201676 592463 845304 341332 440990 999999999 554396 245839 703992 940795 902245 72921 301077 436888 263438 345993 269707 249804 991469 713884 468616 831186 433407 214706 795455 860960 735151 650984 414853 346975 415380 789686 567645 331099 616517 196157 449415 447515 788738 340971 475049 980020 476487 777652 589093 831620 724276 775717 562503 195573 860478 201115 654944 973182 114733 765658 483606 648159 1033190 504491 529424 789108 481357 683535 559805 579368 593300 293014 843135 923226 400397 396404 920820 868705 489311 382510 803926 534243 730535 777876 570388 762863 655612 361531 559965 282910 522750 341329 533635 830184
263960 92762 550972 794294 406652 405650 733240 315501 809870 127575 686036 281732 810955 600641 670509 554396 999999999 312600 476837 775406 502650 522996 702555 671947 645290 277505 586785 331127 797164 265067 463908 505757 218578 469599 616364 519217 750971 297654 377164 395014 463103 775093 679106 482538 360973 364556 521628 244882 545551 573556 906155 860629 218980 408188 428483 295936 818981 221484 257505 399215 319020 405302 624768 720042 459261 394088 256493 715325 935597 559685 82788 474734 627917 389802 622123 83378 39077 411428 510959 386915 855038 702263 851972 653283 228635 288091 526846 317089 368615 224001 311042 749450 704164 265424 564019 360856 669297 213409 339611 641482
58276 372903 258287 554425 520505 208828 620276 385747 557004 241710 407692 419173 816585 414291 511032 245839 312600 999999999 578640 858724 722906 210490 460747 509649 405752 189148 367818 53311 899305 507705 409925 676692 249472 244937 698553 701829 722543 470817 256123 278946 372781 766601 587450 264741 468547 51967 429536 277280 664276 396354 662695 919978 247743 603055 477305 600034 749293 532585 385652 153418 626640 112438 612970 855313 146866 589472 265583 653389 985081 485605 283607 636144 509299 529205 552882 349355 351676 249085 686725 692137 598289 506474 880522 761240 263051 177529 666772 386505 555198 536557 412886 738433 652239 198074 522989 195632 556152 106582 395944 731626
526445 401696 650122 691593 70189 454907 438503 194471 729723 577620 700494 195669 358245 482650 473446 703992 476837 578640 999999999 299917 265886 724532 633558 478713 594894 391037 529319 629359 328688 284259 258356 151427 337769 497829 139563 184798 338911 188849 787600 357709 311063 338296 374124 839781 119472 610513 315546 305133 86291 457475 782814 383963 666327 175101 115958 462117 440943 549182 223853 513990 493867 687635 230101 276939 679373 176188 704973 354508 459433 295830 552478 116682 388730 95710 311337 398162 477523 412160 164852 509150 772041 550816 383278 185462 680767 686754 102751 193507 164696 525460 176367 319200 333610 380763 246383 425174 400853 498858 182719 165615
810958 696450 876340 815288 369758 700801 488911 487370 860010 877459 884445 495353 204717 647444 591268 940795 775406 858724 299917 999999999 412378 975536 787698 597427 766819 669847 712966 911270 61245 556268 472959 313842 630440 726102 163128 325112 290222 480757 1081806 602795 525466 239424 444369 1123242 419022 883608 496218 596288 232688 631328 878245 100224 965678 408751 382504 710016 393311 821750 523726 767407 736468 962349 297697 145166 939765 418685 1004191 373156 175413 447116 852096 323957 509238 386420 412006 695173 773651 653055 317997 730059 893931 675728 157884 128390 980301 981371 262594 486156 428160 795530 474914 248305 352295 662383 386774 683135 491835 789345 470558 134305
664892 409910 860711 949221 263291 661126 703460 371113 985035 628376 936535 310402 562930 735009 736441 902245 502650 722906 265886 412378 999999999 906161 884109 741481 840197 558903 772413 765282 398694 237598 507551 122506 477547 716171 324536 95238 580264 253699 872965 575011 554720 562640 639434 959032 295139 766401 571934 457077 235037 707925 1044512 512545 721101 124758 361028 323224 689865 457517 341894 706718 342757 835062 488660 290148 851143 136603 759017 613185 586191 559298 585119 149364 653125 229334 577145 422130 482660 627266 111137 323206 1028711 811031 554579 294338 731251 776427 189863 371301 171747 429357 333147 551040 591131 544259 512097 621032 666697 622425 377128 320796
263318 581494 139770 454557 677223 275025 633978 544965 440597 441981 274446 595962 892214 400941 502407 72921 522996 210490 724532 975536 906161 999999999 372643 498702 332486 347561 331586 200499 1023836 705416 502897 843650 429938 256280 825101 872042 784618 652705 346323 373833 451964 837391 621779 258197 628898 158532 492560 449124 810416 397084 547800 1020561 421488 782592 611943 809325 781133 742294 564285 210929 836517 139641 696934 998171 63779 769914 424708 700413 1076865 549239 488674 801760 535651 694707 608271 557520 562061 322494 855033 901404 472799 463417 965653 896014 433086 322961 821836 545264 734821 746861 578938 810036 706180 361951 601645 299413 578854 314546 547763 859680
473607 715045 234986 94142 620899 296905 330463 531006 109060 683431 122275 608448 642232 150967 200680 301077 702555 460747 633558 787698 884109 372643 999999999 194669 57443 427923 120268 492972 846194 761414 377391 782836 506765 233777 675297 816044 526909 665745 691356 334010 329558 586195 351411 627825 592684 430464 318575 499143 704537 176547 205120 799129 707527 765406 524676 922486 480547 912090 590073 316302 955857 474908 491087 861140 393016 757357 726273 433138 836270 350829 711075 743668 278495 655608 375708 691675 736712 298070 796196 1006622 155103 122913 723418 753200 723258 633912 734703 530203 725656 905196 569747 563721 448554 441964 411395 342365 301581 510402 516941 707846
499588 658808 363090 220907 482337 303388 141424 425946 264086 688912 306894 504448 447608 99400 6160 436888 671947 509649 478713 597427 741481 498702 194669 999999999 190500 401084 167373 555127 656914 661657 246431 630098 455153 268251 496692 663431 332265 554864 763377 277445 219111 391530 156873 731861 466850 497933 176339 435001 539154 113311 304231 604914 736647 631745 383382 838579 293449 857900 495493 357532 873025 562778 304503 680491 496356 626300 763617 238506 641668 182893 702802 594315 92909 521364 188295 638475 699699 274011 643508 914165 301497 78534 528755 573858 753517 686065 574567 424716 598606 845405 460564 369138 253988 410187 237190 332389 107183 519987 405672 527449
416923 658913 192770 151097 577686 239675 331709 481768 165155 626344 118860 558259 633138 119557 195862 263438 645290 405752 594894 766819 840197 332486 57443 190500 999999999 371207 68360 439759 823989 709624 336760 742351 451154 176335 646189 775328 518093 616276 640732 281225 286110 576642 342010 583457 546768 377464 283496 444711 669024 139449 262475 785163 651818 719885 483357 868188 483730 855482 538585 259534 901373 425808 469122 832133 346467 711287 671323 425084 826883 322554 653684 702405 261904 611009 356564 635408 679592 242661 755615 953098 210921 134921 713382 723975 667679 580219 696999 481049 678906 848918 520801 552596 438146 385428 383803 285420 292559 453164 468997 679540
142474 288854 314862 518287 335951 133423 482097 201133 536360 290155 427157 248528 637432 324047 400371 345993 277505 189148 391037 669847 558903 347561 427923 401084 371207 999999999 310271 241436 710160 370214 235890 498363 89365 199206 509412 525789 550830 305971 423874 125807 212113 590101 437253 453399 285297 219658 273309 101980 477094 297680 629958 733043 349824 435078 288158 506462 592968 484284 217361 153432 538297 296619 434299 667976 294881 422492 382297 491842 799692 323569 301727 456825 371215 349321 391386 264936 309879 133943 509316 595255 582056 425668 697545 572488 366772 327974 482358 201675 387370 478172 232626 562117 486848 16045 349909 86224 416368 134517 208560 542485
370992 595822 195899 208076 510237 182728 305590 413436 229233 576439 173873 490064 590736 73063 171341 269707 586785 367818 529319 712966 772413 331586 120268 167373 68360 310271 999999999 407402 768871 641934 270966 675768 387095 125357 586386 708628 477080 547982 613453 213928 219174 534268 303722 570130 478643 346750 221930 378905 605001 81888 319687 737255 609130 651779 416752 802219 456017 793600 470744 215623 835600 404576 416139 771912 332750 643092 631433 386255 783072 266006 600353 635546 218859 543140 307870 572662 620016 178536 688984 886440 275296 140393 669520 663851 625449 545005 631744 412711 610627 786103 452454 508902 396648 323789 326917 225961 256449 402681 400650 620204
103540 400449 276649 585565 570011 257785 669331 435716 584551 241617 428854 465261 869789 458252 556819 249804 331127 53311 629359 911270 765282 200499 492972 555127 439759 241436 407402 999999999 951325 544719 463094 723646 296771 287807 750727 747964 775280 514992 208264 331655 425333 819670 638181 211973 517757 62564 481504 326178 714688 441916 691562 973105 227340 647140 529462 624552 800367 546344 431555 197610 649401 74672 666200 905675 138522 633350 238118 705234 1038346 537867 289352 683536 558918 577124 604925 377950 369730 299914 733349 716371 624115 547346 933832 812634 240870 141250 715940 436537 599513 552930 461466 791501 704476 249614 575992 247849 605724 143007 446849 783633
849789 714666 928342 875400 396570 748811 549963 521332 919965 904129 941120 520972 262715 704469 650760 991469 797164 899305 328688 61245 398694 1023836 846194 656914 823989 710160 768871 951325 999999999 565613 522865 313964 665052 777049 200988 319006 351396 499870 1115910 650151 576295 299963 504692 1163042 447881 926452 550263 631579 251867 687511 939257 130234 993949 413709 422027 708682 453638 827342 551117 814420 733161 1004919 355310 111863 985998 425045 1032735 434233 193537 502874 875822 331643 567953 407643 470567 715420 792542 701556 315571 721012 954278 735327 207084 144413 1008071 1015128 273079 520231 439211 800415 505042 309460 413242 701751 442020 728741 551788 825455 506478 167692
449616 172358 684927 840977 225636 493659 670418 236196 869212 390952 787002 157282 642491 624569 657997 713884 265067 507705 284259 556268 237598 705416 761414 661657 709624 370214 641934 544719 565613 999999999 415890 255670 281167 556674 413357 262420 615521 111364 636988 428497 446040 621060 606824 728864 209114 555323 486035 273252 325445 595448 947045 651033 483554 153959 302248 185006 708744 267189 171396 523638 218935 617442 495545 474963 645949 141383 521423 612202 727973 498074 347615 234020 588234 189496 541742 184939 246426 472128 257894 252695 915030 717114 663490 428174 493654 541953 294090 237343 128253 242295 201225 600389 594455 354247 473093 447812 617022 402596 256008 429599
373676 431898 406666 442409 244335 229098 271257 181699 477509 513656 442721 259079 406723 227511 242518 468616 463908 409925 258356 472959 507551 502897 377391 246431 336760 235890 270966 463094 522865 415890 999999999 405831 248901 254425 327978 438931 315244 308441 657463 134205 54780 356871 215214 671279 222027 424345 70205 219306 335239 200853 541462 519751 582543 391500 147285 595123 361129 626667 253268 297118 629633 502616 203295 509718 469959 384698 616475 258287 580167 95779 512863 366336 174618 280772 160022 414566 484912 180870 419144 668576 521390 307720 472587 403067 599313 563305 360807 180355 355148 611424 214669 328720 251669 236167 114243 218526 209843 370326 160073 362670
620448 416889 782900 842665 169961 583905 584043 298686 880364 623802 844705 258685 445376 632212 624808 831186 505757 676692 151427 313842 122506 843650 782836 630098 742351 498363 675768 723646 313964 255670 405831 999999999 427265 633233 204648 33397 457976 215597 856510 491072 456599 441945 520579 927480 214979 715227 465894 400409 112891 606364 934231 413032 716604 101723 259031 396441 567371 513585 292443 636796 422626 788771 367154 219301 793119 114524 755499 491359 489159 447205 587759 42078 539803 149090 459563 422380 494583 545131 13437 418649 922981 702175 444207 187423 728907 756691 67608 298397 137172 486537 265788 429422 469159 485369 396516 548404 550186 584053 297551 205390
193333 209240 404192 594481 274924 218952 515577 143723 615787 268518 514214 169998 625221 389835 453427 433407 218578 249472 337769 630440 477547 429938 506765 455153 451154 89365 387095 296771 665052 281167 248901 427265 999999999 284334 467446 452412 551098 223901 451395 181017 244565 582899 463133 504029 222307 289796 303534 34896 421390 361654 705270 702527 345880 355493 251082 419625 608814 408381 136774 242588 452047 361713 427589 611658 373711 342266 382624 505310 773082 344161 264069 386884 409413 280357 408756 186767 244615 208696 437254 507440 661772 490647 677461 523050 361954 350939 419907 144822 307511 399506 165239 555755 496384 73325 355497 171621 451206 161213 160062 498474
245637 488026 153050 326921 463309 65796 390770 345536 340310 451946 230668 414969 635934 170499 270327 214706 469599 244937 497829 726102 716171 256280 233777 268251 176335 199206 125357 287807 777049 556674 254425 633233 284334 999999999 582095 664544 528837 474630 495779 142217 200778 581167 370219 466845 422439 229722 236604 284239 580781 155867 438630 766328 483922 591966 381908 703957 532029 682227 389987 91559 736289 295890 441702 761905 237305 581396 506780 446434 821179 293011 477700 591419 285391 489732 352414 464024 504473 88909 645808 791499 385442 261774 709608 656317 500297 422463 599625 345238 547022 676966 384274 553773 451034 214358 346455 113209 330756 278241 339392 616819
649598 540753 734619 717467 209721 550281 417425 324254 759773 715469 760214 334945 241412 527446 490737 795455 616364 698553 139563 163128 324536 825101 675297 496692 646189 509412 586386 750727 200988 413357 327978 204648 467446 582095 999999999 229313 260205 326367 918840 451304 382447 238154 359745 962570 257194 725468 364532 433403 94576 507061 795157 244424 803090 279159 221267 581708 372213 680488 362134 614951 611291 803932 197018 186002 785885 285798 841513 310654 320125 324600 691578 196174 403979 231611 309653 537651 616914 503651 214283 616359 798174 574422 250527 77911 817848 818342 138233 323046 286494 655602 312344 227807 287606 501282 263916 528549 399766 626771 307727 34732
645102 428781 813640 876056 201334 614339 616170 327406 913721 639649 877192 282760 468006 665468 658130 860960 519217 701829 184798 325112 95238 872042 816044 663431 775328 525789 708628 747964 319006 262420 438931 33397 452412 664544 229313 999999999 485925 235719 875690 522330 489455 467442 552921 950051 244446 741398 499243 426702 141056 639548 967582 425166 732714 111043 291972 389873 596137 512902 316425 666164 414172 814123 398313 217558 820670 125136 771473 522108 500339 480537 601722 73404 573039 177576 492262 435997 505770 576222 19960 404952 956363 735568 462090 202404 744535 776415 96491 327203 153368 485381 293265 456104 499750 512445 429585 578059 583045 607360 327540 226131
688660 697235 663740 539200 389948 526903 205289 436254 584987 819616 636622 488209 115359 404912 326292 735151 750971 722543 338911 290222 580264 784618 526909 332265 518093 550830 477080 775280 351396 615521 315244 457976 551098 528837 260205 485925 999999999 508669 972491 443630 350073 59429 176237 979714 413432 731919 296914 517622 345227 397511 592458 276245 893943 512211 327520 798061 112474 871155 501741 595491 830638 808449 126399 408394 763736 514572 928986 93773 309433 239335 811532 439390 258322 427785 176423 686002 763842 479901 469132 848049 614962 406984 196553 318957 910483 878528 390432 434646 503052 849976 448261 41964 80436 550179 201009 527698 226023 684984 411711 275909
413190 215700 613248 741512 122408 415447 559223 134742 772050 410381 701839 59695 543668 524116 550954 650984 297654 470817 188849 480757 253699 652705 665745 554864 616276 305971 547982 514992 499870 111364 308441 215597 223901 474630 326367 235719 508669 999999999 640926 338301 342797 518072 495522 714734 98013 513227 378607 203991 248926 495265 845384 569988 502641 132251 191005 296187 599142 364018 88613 455998 330236 583221 386674 423562 597444 118674 541616 501603 646223 387740 377651 180096 478876 94858 430405 215551 293116 386824 223316 362236 817469 613397 572085 356488 515482 541211 229341 135566 84521 341820 96331 496058 484255 291054 361731 372706 506478 373124 150744 348210
283831 467917 462463 781619 721811 464824 876388 594859 775374 249952 612546 602865 1061300 666277 765082 414853 377164 256123 787600 1081806 872965 346323 691356 763377 640732 423874 613453 208264 1115910 636988 657463 856510 451395 495779 918840 875690 972491 640926 999999999 531100 624983 1013565 842975 138115 669443 266858 683351 485538 869110 650178 883310 1151959 165457 767091 700941 659639 1004318 544414 570156 405874 675778 217735 858036 1056919 303763 752766 137726 907051 1220775 738417 300635 819877 765403 719520 806194 452356 406685 504891 864128 745155 811666 753787 1120670 973039 163294 100890 862085 596014 722372 560706 611828 985507 904729 427213 771644 449976 812258 293983 611273 949765
248484 389431 292793 417745 321126 99042 357320 205912 442642 415956 363876 279241 539706 208961 276327 346975 395014 278946 357709 602795 575011 373833 334010 277445 281225 125807 213928 331655 650151 428497 134205 491072 181017 142217 451304 522330 443630 338301 531100 999999999 93987 488595 315386 537913 280569 290503 152770 167173 441930 180651 527274 653304 473035 451260 242300 589078 474476 588997 257794 164620 622689 368559 336919 626511 337240 441118 503968 376009 714341 207326 426331 449229 245932 347745 275110 367495 423978 54487 503618 672633 488672 309630 606682 522914 490035 440669 458745 205458 407156 579192 245076 460435 373788 133332 244825 84676 291573 254991 197887 485913
341952 441871 352435 399787 291753 180837 272613 209948 432547 499407 389431 289005 448345 182508 216261 415380 463103 372781 311063 525466 554720 451964 329558 219111 286110 212113 219174 425333 576295 446040 54780 456599 244565 200778 382447 489455 350073 342797 624983 93987 999999999 396252 225193 630179 263692 382384 61281 220105 389337 154307 502596 568806 561932 435979 197605 620276 381826 640108 277428 249703 654658 459666 247288 564489 421817 428195 594097 282368 626955 113479 504256 416401 164859 326050 181421 422467 487763 132563 469811 697631 477267 271122 517539 457766 578883 533857 413759 208857 397089 626919 246712 368148 279812 215940 153152 177628 207456 345335 192055 417108
730080 715803 718899 598351 396470 575520 264143 459673 644182 850672 695299 504187 56543 462514 385538 789686 775093 766601 338296 239424 562640 837391 586195 391530 576642 590101 534268 819670 299963 621060 356871 441945 582899 581167 238154 467442 59429 518072 1013565 488595 396252 999999999 235180 1026311 426493 778580 346464 548660 329585 454033 649834 217530 928076 506256 347031 800413 153967 882086 521112 644407 832073 855899 156195 366501 814315 510237 963962 153122 250374 288984 839317 428453 315955 431607 229882 706361 785298 527866 452075 844684 673769 466407 137225 286049 944384 918002 374639 458095 502674 859697 467014 28170 138496 588182 243780 573190 285039 723213 435908 247024
562932 644783 494888 371019 397715 381296 64880 385798 415989 723915 460427 456573 291516 230836 150804 567645 679106 587450 374124 444369 639434 621779 351411 156873 342010 437253 303722 638181 504692 606824 215214 520579 463133 370219 359745 552921 176237 495522 842975 315386 225193 235180 999999999 833511 398656 588305 163946 434377 417977 226809 437913 448101 787017 543393 305925 791082 162712 836276 458213 447049 825350 661325 162742 537750 607524 541032 818834 83129 485543 119440 726336 490107 86312 438800 65365 628416 699902 338392 533574 856396 449591 233474 372332 434185 803981 755209 458459 384269 519137 819344 411690 212310 97143 441037 134422 393202 49882 569848 361516 387360
313504 567765 392839 712143 778820 453899 857556 645529 698782 361244 532585 668983 1077610 632486 734598 331099 482538 264741 839781 1123242 959032 258197 627825 731861 583457 453399 570130 211973 1163042 728864 671279 927480 504029 466845 962570 950051 979714 714734 138115 537913 630179 1026311 833511 999999999 726270 247823 683335 535157 924594 621811 805870 1184534 290579 845533 741327 775027 996188 669313 635272 386636 794178 172207 874544 1115327 237882 831416 270124 905143 1249059 740647 414570 888366 750587 783331 806289 548844 516482 500018 936488 863460 730404 708492 1143459 1023764 292578 195989 923876 646426 798755 683213 669256 998174 906335 461308 782649 453240 796665 343852 657727 995362
414260 291692 569892 662905 52669 370280 462738 84265 696235 458462 641411 79807 456121 446057 462553 616517 360973 468547 119472 419022 295139 628898 592684 466850 546768 285297 478643 517757 447881 209114 222027 214979 222307 422439 257194 244446 413432 98013 669443 280569 263692 426493 398656 726270 999999999 504125 291015 191580 199809 417997 763378 500508 546881 173138 93168 394088 501641 457723 104946 421863 428048 579488 289943 389435 579259 164680 585510 403642 574944 293930 434673 172973 386742 67417 333380 285127 364898 333637 226707 457819 740875 529738 491881 304067 561370 568554 198239 83832 133510 436740 57659 403263 386464 273148 264479 333626 411776 383326 83373 284819
106724 424094 215850 523003 555293 207184 616192 420282 522164 290101 367573 459684 830133 400051 499912 196157 364556 51967 610513 883608 766401 158532 430464 497933 377464 219658 346750 62564 926452 555323 424345 715227 289796 229722 725468 741398 731919 513227 266858 290503 382384 778580 588305 247823 504125 999999999 435748 314830 696653 385160 629080 940666 286618 645164 505056 651529 750965 584380 426567 142226 678344 78844 627400 887428 94969 631822 299635 658240 1003636 492954 333817 674148 507028 566733 558905 400376 403630 252464 725690 743633 561972 487009 896908 790762 300854 203786 701766 420898 597193 588498 449871 750454 658906 231025 535014 205874 553607 157144 428201 759124
401232 495986 381955 377452 309785 230003 212220 251283 414485 560572 395802 329099 400379 167652 172352 449415 521628 429536 315546 496218 571934 492560 318575 176339 283496 273309 221930 481504 550263 486035 70205 465894 303534 236604 364532 499243 296914 378607 683351 152770 61281 346464 163946 683335 291015 435748 999999999 277285 386251 144135 473787 530648 623095 458401 211048 664739 321711 692635 322241 298589 699241 511746 205529 549982 467853 452215 655081 223876 584581 57628 564737 427771 107653 347625 123435 477539 545067 183320 479311 738705 457378 239825 473095 441930 640054 593438 416196 249979 423525 678232 284811 318699 223242 277218 110750 233920 147688 406186 230110 398472
222683 224166 413132 584571 243902 220519 488451 110669 608137 302221 514899 146870 590620 375348 432901 447515 244882 277280 305133 596288 457077 449124 499143 435001 444711 101980 378905 326178 631579 273252 219306 400409 34896 284239 433403 426702 517622 203991 485538 167173 220105 548660 434377 535157 191580 314830 277285 999999999 389480 346621 694399 667801 380591 333531 216308 423480 577496 423760 115384 253402 456735 388800 393622 580173 395109 320793 417437 473851 738240 315022 295475 359431 384261 252166 378451 203477 267853 202682 410868 508959 654201 474940 642581 490092 396606 385249 389774 111660 285712 412842 135613 521614 464297 87183 323375 174578 424793 193934 125735 464702
611549 464490 733538 756769 147306 539791 479946 279098 796721 652611 777734 269692 335825 553801 533536 788738 545551 664276 86291 232688 235037 810416 704537 539154 669024 477094 605001 714688 251867 325445 335239 112891 421390 580781 94576 141056 345227 248926 869110 441930 389337 329585 417977 924594 199809 696653 386251 389480 999999999 530132 842700 325660 742926 185451 199652 488880 455113 592290 300638 599717 517913 773626 259615 191037 765608 192915 781796 382259 402576 358018 623962 101658 446862 155817 360066 464227 542037 496236 123907 521847 837652 614250 342756 107732 756835 768223 45284 278230 197271 566730 257468 316582 359692 466602 302079 511007 451669 582598 268595 104486
387488 569915 268081 246246 444643 190942 237716 361020 278239 581213 253900 439700 510384 29181 114904 340971 573556 396354 457475 631328 707925 397084 176547 113311 139449 297680 81888 441916 687511 595448 200853 606364 361654 155867 507061 639548 397511 495265 650178 180651 154307 454033 226809 621811 417997 385160 144135 346621 530132 999999999 351741 655536 625425 590099 348137 764216 384140 769551 424592 244306 798255 451517 334302 692927 388600 582453 651597 308155 702104 184717 598259 567125 140659 479893 226404 548116 603710 165767 619713 844880 323029 129056 588632 584774 642221 572914 559058 360071 551390 759372 398935 428288 317218 308508 245849 223049 182019 410194 344930 540581
678150 914449 420848 111889 783434 500832 389356 711901 107956 888399 273373 790833 701011 322573 309638 475049 906155 662695 782814 878245 1044512 547800 205120 304231 262475 629958 319687 691562 939257 947045 541462 934231 705270 438630 795157 967582 592458 845384 883310 527274 502596 649834 437913 805870 763378 629080 473787 694399 842700 351741 999999999 866890 910261 932185 684502 1115255 511309 1112865 776325 521063 1149141 665577 598956 975503 580115 925877 927494 505124 887515 487077 916157 898093 395872 821401 485879 891581 939655 497621 947649 1196566 78612 233966 781243 870986 925724 832803 878688 710888 896610 1104759 749219 633858 526032 643418 540654 545336 395422 715502 694648 824188
875415 784962 912287 815330 454077 748640 481509 561995 861047 957458 903983 579005 166375 667826 598820 980020 860629 919978 383963 100224 512545 1020561 799129 604914 785163 733043 737255 973105 130234 651033 519751 413032 702527 766328 244424 425166 276245 569988 1151959 653304 568806 217530 448101 1184534 500508 940666 530648 667801 325660 655536 866890 999999999 1043570 506108 451512 808560 361455 917564 605340 816863 835490 1019460 325172 237905 989681 515469 1081634 368563 76955 476622 935178 420901 523344 475134 429568 782072 861300 700291 417629 830061 891188 681312 90719 226082 1058703 1052386 359144 560654 522793 891709 554230 236607 351201 727193 420060 736411 497738 858078 542886 222303
238864 311610 502447 801461 597469 434868 830288 481804 804741 93153 653804 473234 971063 647125 737032 476487 218980 247743 666327 965678 721101 421488 707527 736647 651818 349824 609130 227340 993949 483554 582543 716604 345880 483922 803090 732714 893943 502641 165457 473035 561932 928076 787017 290579 546881 286618 623095 380591 742926 625425 910261 1043570 999999999 622231 594448 494430 942284 380080 442860 393922 510322 282441 772232 925400 363060 607952 38988 840418 1115801 672950 138281 682667 718652 588624 740498 299211 244727 463279 722949 579698 845967 744288 1022645 849614 17003 104411 730174 483182 579980 395612 490788 900699 834181 347064 694818 404726 764562 218387 502016 831624
545441 317807 735986 833850 149489 536453 608237 246593 868165 529110 813822 186662 518485 617818 627033 777652 408188 603055 175101 408751 124758 782592 765406 631745 719885 435078 651779 647140 413709 153959 391500 101723 355493 591966 279159 111043 512211 132251 767091 451260 435979 506256 543393 845533 173138 645164 458401 333531 185451 590099 932185 506108 622231 999999999 248363 303715 615861 413929 218950 582096 332468 715466 405056 321024 728369 14332 660920 529125 582899 452263 490725 85317 546596 110803 478941 324998 394967 503095 104300 338694 912480 698220 528172 280462 633868 668441 147128 246824 47982 387294 208438 489577 508486 420661 411118 496277 565164 505019 253603 288972
428548 369950 534333 588194 99018 340204 370255 114305 624232 511379 586408 161329 382767 374637 378676 589093 428483 477305 115958 382504 361028 611943 524676 383382 483357 288158 416752 529462 422027 302248 147285 259031 251082 381908 221267 291972 327520 191005 700941 242300 197605 347031 305925 741327 93168 505056 211048 216308 199652 348137 684502 451512 594448 248363 999999999 487181 410696 546168 174554 401028 521182 583274 201803 386284 569063 243150 631998 311378 522101 205053 495316 219142 299114 138202 240580 359582 438311 296653 272272 550501 667734 450645 428698 286108 610025 601061 218268 112795 216953 526277 120788 321975 294884 280088 171569 312744 321088 407500 92498 254386
546038 228083 815353 1006626 408505 638489 854331 413474 1031403 413932 933487 336740 817984 793366 835285 831620 295936 600034 462117 710016 323224 809325 922486 838579 868188 506462 802219 624552 708682 185006 595123 396441 419625 703957 581708 389873 798061 296187 659639 589078 620276 800413 791082 775027 394088 651529 664739 423480 488880 764216 1115255 808560 494430 303715 487181 999999999 893142 144155 343086 654516 34511 699162 679671 606220 746324 296034 526444 797128 885063 680582 360915 388873 769063 370301 726163 252393 259485 625892 393477 92105 1077464 889494 831595 582479 498777 579108 450559 414796 298125 117084 381758 780960 779225 490726 657702 591073 799661 494780 435367 592681
