NAME : synthetic_000967
TYPE : CTSP-D
DIMENSION : 100
GROUPS : 8
RELAXATION_LEVEL : 1
EDGE_WEIGHT_TYPE : EXPLICIT
EDGE_WEIGHT_FORMAT : FULL_MATRIX
EDGE_WEIGHT_SECTION
999999999 122791 183017 398223 516427 361560 443807 564842 134522 351216 296836 218647 218434 401154 327011 532972 662596 342550 346440 588364 585300 491158 267200 708681 456475 267343 356159 521781 625927 212592 388338 698183 313881 149963 399190 369731 212467 571237 761873 458506 192864 434395 80393 473631 343772 569483 720386 384799 400112 456800 305343 502067 693107 242162 468565 663792 277465 553807 276840 270601 833936 577709 556260 606140 206459 501672 592891 622368 627625 269947 90982 663737 548762 480093 397549 256551 350990 322822 199081 168240 313915 147738 395302 426812 412835 630864 337916 347764 528662 371268 187885 548763 521841 637325 289362 267232 169123 590905 272822 191387
122791 999999999 304343 447983 522722 484260 360493 670272 204281 455968 299065 223915 282201 278887 348716 609808 566296 331081 441623 466601 618256 375331 387789 586120 333689 297347 340507 456705 625362 169894 267437 631343 409848 269184 278359 262952 310400 462165 709039 425187 104098 507765 64107 580363 371995 671540 713136 452245 288433 572784 313167 533041 572434 171692 364621 626014 311877 477330 333076 391744 800775 456004 461381 488065 164073 511004 634786 730798 619324 231809 45486 656563 431015 492431 479423 173354 310125 219004 162679 186341 236880 270195 429716 448246 323000 563857 223141 439844 490924 323122 227810 448728 637498 556905 371321 326356 236267 475136 393236 122955
183017 304343 999999999 424722 524629 182943 573731 401821 172203 200590 347158 339632 203803 583225 405937 423227 799925 400248 219325 770883 546139 658049 84430 890190 637098 348790 472230 625219 634912 370013 571172 795278 262187 39069 582046 549583 192343 727580 837523 527421 371498 340638 261083 310988 345348 412154 733402 382425 563661 278481 345999 544863 866345 380806 646161 723154 350680 669575 250536 124057 879294 753729 694770 775129 364700 506941 538704 453383 647759 416103 273638 679886 717759 550764 291847 403217 490336 481326 320295 293937 448178 38908 445816 491197 551867 730950 520428 227651 596852 514814 230080 693960 343364 754587 278757 239122 236872 756411 90193 338892
398223 447983 424722 999999999 909569 471300 807834 784562 518131 615599 694366 235031 591549 619618 124854 846533 1003765 740771 642724 762657 959436 782478 468093 886779 681593 154385 220029 903593 1020333 319295 592352 1078991 195127 431865 599543 502065 232383 883071 1152645 855026 401773 765176 389581 702617 731309 803546 1116254 69025 713371 634167 701798 121653 937296 617046 548977 1060160 138373 925218 649035 364318 1231588 818987 901935 877228 321294 893807 957574 818505 1024257 291787 405921 1059895 825939 156467 716553 621242 291659 659228 589839 262171 684611 399163 56548 104708 768812 1011418 519175 651923 924493 315095 579874 884522 687325 1003951 149292 637846 229141 875771 472970 565649
516427 522722 524629 909569 999999999 637130 373574 541954 391560 441860 224752 727855 324758 656979 842912 338684 526376 194414 387667 801208 148200 573177 541931 872001 668720 783636 858283 304128 111345 691375 669928 390549 780944 499633 678015 733422 692851 560348 372985 174153 623238 291125 554191 501909 180882 518427 209310 884865 505604 576167 212885 1017855 761303 382166 826752 244502 793884 366190 274099 642747 365824 700274 462716 662936 685322 18420 192043 604528 124497 753762 545387 155267 623565 995433 327656 402482 832833 453341 361777 679759 365405 532496 911177 943117 399125 353037 677228 372431 186377 845433 330022 489421 610892 422956 781384 285507 682206 628323 541765 411304
361560 484260 182943 471300 637130 999999999 748164 317696 345639 207368 499893 472089 349576 762614 499404 431937 974682 551837 257932 949365 618387 840805 110360 1070226 817901 453123 587330 788278 740867 523244 748945 951871 276515 221420 759714 717941 273007 908492 981235 677018 541132 385189 435522 245264 471996 340239 837640 410151 746208 164518 494301 590638 1049264 560621 810218 859856 448685 837166 377188 118258 1002352 936327 870743 957979 518832 618717 597332 347323 761248 558288 450011 788894 900631 621070 333903 584146 622582 663492 498210 435662 625860 214204 510331 561975 729379 890232 694134 272757 743122 649142 394346 872064 216178 921583 327582 367499 358917 938933 107342 520685
443807 360493 573731 807834 373574 748164 999999999 803427 403093 622827 278265 578011 411632 329443 702656 648274 226547 244334 580126 438077 519363 202041 637897 499204 319955 655406 672063 120415 426879 505786 351822 277939 757239 535191 356422 445191 655717 194443 372180 200213 419413 560451 421926 731683 358784 790262 479921 812205 156410 769197 292751 886363 390642 201697 517507 327453 670565 118776 413366 691803 495552 327777 123673 290688 501585 375089 558765 870648 400248 558315 404284 433055 250032 836250 566110 189500 620017 157279 254607 545668 129954 555387 786202 798883 44807 212709 389387 569219 222392 621543 356021 133549 824735 196434 726762 417449 594187 257074 641285 252681
564842 670272 401821 784562 541954 317696 803427 999999999 471817 214469 525358 741172 414465 935125 795973 215020 1014164 561892 235187 1120658 452139 954652 328974 1228666 978667 742807 871412 795411 615496 768868 930383 923882 591702 422001 941232 931559 568178 992387 914872 658742 757175 255777 644863 91481 448864 31836 697226 726006 861158 153632 510688 905298 1169081 666828 1032012 786411 741933 855627 393695 420652 885794 1071365 923416 1069259 763260 525808 412367 67224 648115 817450 652705 663276 1015573 929329 238024 695375 892151 779000 603454 695741 710955 440165 819250 869430 802273 875536 893291 241906 706824 916602 479833 936973 122422 930981 637080 392031 634969 1042026 323162 647837
134522 204281 172203 518131 391560 345639 403093 471817 999999999 260096 185357 353149 84488 463587 458395 407882 629617 237116 239190 650056 451486 505065 235794 761501 509162 398101 490604 453582 502557 341077 458592 625106 398750 134979 469431 466973 304670 565183 673021 362654 302201 306816 198281 384096 213664 470662 599189 494293 409500 391852 188763 628150 718222 217346 568776 563991 406815 497373 142397 294346 727513 611657 525240 622626 334795 375683 458376 534709 508294 400950 198999 543228 566059 611698 275613 242839 482523 325477 153357 302666 280411 160775 521859 556836 383796 560077 424399 236352 433161 501390 64560 526536 454240 582386 391853 133021 292031 600583 239566 184091
351216 455968 200590 615599 441860 207368 622827 214469 260096 999999999 349002 537528 214310 723485 606096 235364 843735 394947 54193 910151 411389 755840 149216 1020961 769122 549332 672028 636962 540682 558212 717633 786871 434970 213265 728524 717093 386094 803743 801380 510742 543050 177853 430917 124542 294780 218343 635809 565768 660855 147567 338033 737079 970498 465366 817611 675805 550917 692657 212541 261851 807327 867957 745994 872382 552439 423543 390042 275257 564076 609340 438389 589350 817093 748802 126585 493203 686311 577283 400532 489983 517080 236365 641819 688912 614723 730245 679070 69444 570755 709795 277468 754753 202212 773769 466553 206664 437382 847431 145113 440767
296836 299065 347158 694366 224752 499893 278265 525358 185357 349002 999999999 503923 150328 471428 620895 383390 495139 53101 303478 638959 325096 440117 391523 730826 497542 562350 633552 290663 331214 466896 478240 452161 584066 313920 487675 525803 488982 467724 490451 180295 401092 288282 329600 453847 92583 512951 424067 675829 352371 496504 18024 798655 651232 179537 623853 378829 573380 344222 136744 471197 542623 563841 399629 550212 460811 212233 348558 592561 330951 529328 320635 367300 499393 772660 288748 205950 608839 278665 141878 456483 196334 343227 691908 721556 278114 390415 471996 291908 249803 622182 120932 411747 549379 426555 574954 142394 465343 520806 393532 194984
218647 223915 339632 235031 727855 472089 578011 741172 353149 537528 503923 999999999 436734 392559 125132 742186 769141 543667 545540 551888 803582 548388 414700 678107 455198 80913 138593 679428 835107 87111 367171 852762 273505 324684 375494 290669 207602 648233 932775 646618 166754 646872 175685 650570 560281 751753 926728 257698 478372 609802 514983 309539 711865 395590 362212 849080 97319 696370 495353 354968 1023393 592397 668020 646234 87929 714135 811525 790642 833025 89417 187987 869893 593614 270413 606034 395593 151977 426293 380167 50703 459183 301917 208236 224352 537567 785559 295087 549859 713604 177773 404375 649867 672808 773102 213022 485582 113301 642967 420707 346412
218434 282201 203803 591549 324758 349576 411632 414465 84488 214310 150328 436734 999999999 525655 538991 327645 635574 202570 179622 708607 370633 542575 241359 814482 565913 478523 574572 439595 435975 425312 524008 602443 456216 175540 534619 542340 369129 589640 636869 328844 383150 225569 282086 332083 143902 409001 534059 562279 448082 358453 145628 704664 757329 252886 644248 520214 486354 490695 58961 326458 675557 657207 535270 658655 419022 307689 375233 479959 446185 485387 281698 479396 603773 692084 199662 281240 566977 365150 189023 386117 302774 207987 599123 636197 401155 540670 496637 172699 396696 585696 65417 542190 416227 574291 458111 48851 369615 633285 243264 234427
401154 278887 583225 619618 656979 762614 329443 935125 463587 723485 471428 392559 525655 999999999 496322 842162 434497 473647 700957 188127 786882 186888 666504 307737 62669 471143 426792 449518 734663 305498 29901 586589 650255 547752 28897 137850 560609 292450 692794 502124 239542 740807 329059 847667 563004 932667 800576 649937 173560 848414 489369 661530 319306 292315 189021 656829 487629 431711 562642 665671 824094 199929 355711 259991 305211 652077 816276 998296 714297 328757 313304 749672 213738 593096 723676 265483 357910 203709 344358 388418 291635 548864 579988 573361 286693 528943 101201 696322 543778 348355 461265 325034 912599 482568 597495 559688 468073 264348 671895 292899
327011 348716 405937 124854 842912 499404 702656 795973 458395 606096 620895 125132 538991 496322 999999999 825706 890072 663031 623371 637902 909395 663110 467830 762231 557971 60485 104939 804558 951686 201595 468656 977817 246367 401586 475595 377223 228717 765261 1057734 769409 287184 735737 297442 708408 670523 810755 1044882 171213 598221 653279 630761 184420 813150 520396 426191 972718 55299 821148 597920 382490 1146597 695200 790277 754963 204570 828427 913470 838376 951500 167690 311186 988074 704604 153308 690921 520720 170990 549845 502451 165937 584314 372687 85391 100926 661816 910648 395494 630050 837051 196261 514850 770865 712389 897302 182001 587423 172996 754745 473474 470780
532972 609808 423227 846533 338684 431937 648274 215020 407882 235364 383390 742186 327645 842162 825706 999999999 841852 405197 203991 1018013 237210 823128 384157 1113711 875274 766724 880320 617637 402649 745323 844003 728095 669775 424124 854269 869400 614756 842462 708518 477950 709916 102433 604995 209956 292883 187018 482355 799329 735646 303907 365945 967405 1032444 553163 971215 580706 770504 679991 281078 497208 671666 947231 760634 931229 739133 324301 197727 271407 436694 802721 606782 449780 881829 973293 136162 581579 883301 659876 497806 692125 579678 453599 869040 913991 656597 685718 822276 195924 515661 904153 386362 779647 312676 748643 698397 285741 653232 900466 380281 549971
662596 566296 799925 1003765 526376 974682 226547 1014164 629617 843735 495139 769141 635574 434497 890072 841852 999999999 453145 798546 448843 672982 247992 864392 449843 392772 849406 841979 224929 537255 688542 463737 212985 973096 761260 463069 571286 871963 145481 327167 364395 603123 763379 630090 947653 565300 998264 551799 1016182 292171 990973 507439 1069348 297803 423278 612467 366003 865402 162166 631875 916988 482268 312697 106376 234301 685505 534436 718241 1081180 500825 732081 611646 522656 241750 1009948 776258 406148 779967 347512 480021 744193 352894 780642 975326 980341 250348 195897 524788 786706 340910 775069 581891 119278 1044518 114367 937546 637137 802530 203880 867743 471850
342550 331081 400248 740771 194414 551837 244334 561892 237116 394947 53101 543667 202570 473647 663031 405197 453145 999999999 347171 632117 313403 421176 443928 717061 493362 605353 669933 242092 294284 500770 483647 400037 635369 366858 492423 540924 539348 437737 437429 127194 429887 316130 368127 494646 114506 547362 383310 724458 339140 542444 57965 842726 627735 189236 636128 326949 617011 298166 182764 524291 492833 547394 361814 526534 494846 185143 343156 629059 289497 562866 357433 326518 478456 813629 323888 211657 640848 273309 168694 497573 185824 395912 736133 763923 251595 339163 485370 334690 196829 652536 173080 377279 593279 378826 624504 189904 511645 495375 445815 216980
346440 441623 219325 642724 387667 257932 580126 235187 239190 54193 303478 545540 179622 700957 623371 203991 798546 347171 999999999 885845 360736 721575 185956 993483 743653 564987 682463 588533 486804 557813 697174 735522 468916 222645 707961 704493 410793 764475 748021 460024 534333 130833 423901 153179 243445 231779 582247 596649 627416 196958 291282 763474 936285 432443 805942 622129 568086 645336 166934 299786 753152 836828 702584 837127 551820 369352 341968 300360 509944 612046 429191 535412 782693 769838 78765 460847 691017 544706 368619 496424 479631 250697 665125 710389 574611 679856 663325 15285 518749 713351 244852 712941 246172 725475 494938 162758 451698 810951 183021 412660
588364 466601 770883 762657 801208 949365 438077 1120658 650056 910151 638959 551888 708607 188127 637902 1018013 448843 632117 885845 999999999 940095 239145 854376 126303 143065 624800 550775 547039 864318 467863 200549 643418 820623 735688 189885 262336 736574 309985 757916 633600 416530 918038 514355 1034017 731541 1117146 916691 802744 295858 1036421 656955 782191 208924 464888 228175 752145 640706 509833 741770 849921 904423 136162 409422 216877 469132 799281 973858 1184441 838321 474256 499389 870988 212304 705049 904421 436434 477050 360460 522817 557682 446389 736089 716132 698677 404534 598919 262534 880539 660219 458906 643510 373387 1100517 533071 763663 739792 640852 244980 859801 474232
585300 618256 546139 959436 148200 618387 519363 452139 451486 411389 325096 803582 370633 786882 909395 237210 672982 313403 360736 940095 999999999 716745 540300 1015864 804148 848966 939597 452012 170686 780538 797023 523806 808304 530372 805825 850515 731485 708018 485442 321527 722007 235078 637802 434742 246617 424163 245150 925156 644392 522140 308689 1074401 908549 500647 947646 361537 856971 513769 311895 651120 435216 844184 610913 809633 774280 144361 47997 507831 208015 842627 632539 215295 768802 1062591 284934 524507 923770 585182 466720 753440 496878 563887 969329 1006830 542192 493805 796091 346231 332089 939433 400074 637431 542741 567177 820497 322714 740146 775313 538500 520080
491158 375331 658049 782478 573177 840805 202041 954652 505065 755840 440117 548388 542575 186888 663110 823128 247992 421176 721575 239145 716745 999999999 734855 299120 146749 629241 604535 307898 628731 463192 216420 415530 781838 619391 215268 324387 684351 105971 527326 401375 382623 728149 437858 874529 530394 946000 678005 803878 95569 895290 457321 836618 214754 290570 366050 513482 645694 272565 562001 760947 669311 127485 178929 117615 461229 573292 753959 1021032 601276 498972 419404 633208 61258 772402 724080 263191 538984 179625 355620 532198 245140 630132 748311 747627 174557 365042 280869 713307 422573 531872 478414 144673 956039 306966 737132 562861 601975 99870 739409 321851
267200 387789 84430 468093 541931 110360 637897 328974 235794 149216 391523 414700 241359 666504 467830 384157 864392 443928 185956 854376 540300 734855 999999999 972971 719573 413918 542728 678695 648934 451389 654986 843678 285767 118821 665879 633882 242006 799970 876502 569999 455785 316428 345512 240585 370268 342931 746905 416816 639783 196439 386834 589733 945130 451852 730101 757064 413413 727047 274032 113893 904710 833942 760597 852327 446269 523654 525579 376023 666422 494791 357966 695979 795147 605489 264546 476015 566522 556494 388821 371489 516196 122177 496926 545440 619579 781410 604819 198449 637153 591749 284080 762328 260808 811560 318809 263663 306403 832262 6044 413516
708681 586120 890190 886779 872001 1070226 499204 1228666 761501 1020961 730826 678107 814482 307737 762231 1113711 449843 717061 993483 126303 1015864 299120 972971 999999999 253649 750576 672703 594258 923135 594164 323785 659182 946858 854152 313448 388148 862243 332761 774699 699374 541545 1015840 636606 1143825 822802 1223352 964704 928140 378723 1151252 748551 901632 157794 564531 344285 789539 766402 547014 842961 973011 927538 171745 440091 223652 595419 872361 1052875 1293494 893558 599754 621017 923619 250132 822872 1006314 535734 598909 454451 626029 683854 534671 856299 839240 819719 473673 625546 388304 987166 714913 579425 749065 405125 1214745 550914 889965 842065 766837 259350 978263 580942
456475 333689 637098 681593 668720 817901 319955 978667 509162 769122 497542 455198 565913 62669 557971 875274 392772 493362 743653 143065 804148 146749 719573 253649 999999999 533644 485894 436976 739009 368151 89322 559986 712295 600773 83020 191679 621825 247774 669943 506203 301377 775106 386979 892617 590051 974690 798732 712509 166169 897860 515564 721013 256677 322116 219753 645271 550118 410942 598706 723481 807541 137484 324377 201408 367880 665487 836261 1042811 715810 390293 370555 750040 160105 651021 761377 293792 415685 220183 379757 450837 307726 603744 641248 633262 280840 506402 162480 738090 540715 404390 500721 290988 961526 452595 659950 596740 529998 209837 724827 331486
267343 297347 348790 154385 783636 453123 655406 742807 398101 549332 562350 80913 478523 471143 60485 766724 849406 605353 564987 624800 848966 629241 413918 750576 533644 999999999 134774 754049 892751 166878 445002 928511 218458 342695 452916 362475 180129 729134 1005612 713823 247600 676015 242563 654285 610518 756567 986417 179117 559029 602806 571847 238141 790248 468340 424350 917885 16538 773328 537448 335065 1091164 671068 747777 726331 168286 768990 852988 787194 893201 151259 257461 929645 674068 213644 631623 470544 183210 505377 446879 111312 534143 314555 132785 159485 615713 861088 372263 571315 782089 210465 455021 730155 663255 851128 153639 526942 113497 723555 419685 417817
356159 340507 472230 220029 858283 587330 672063 871412 490604 672028 633552 138593 574572 426792 104939 880320 841979 669933 682463 550775 939597 604535 542728 672703 485894 134774 999999999 781800 963596 171694 397574 949959 347707 460463 402923 296871 314404 709464 1037946 764960 254573 785397 304330 781747 694862 883645 1052966 274346 550886 734540 645756 235204 736131 507387 331048 963310 141943 790581 632981 469122 1138582 620912 747113 686619 177112 845305 948780 917980 959110 113906 313012 996266 639824 168092 744208 501907 73800 515212 502661 189217 563949 435667 168089 148534 628923 884052 326182 687253 829308 95270 539613 724055 795857 861730 282572 623385 236446 690459 548625 462237
521781 456705 625219 903593 304128 788278 120415 795411 453582 636962 290663 679428 439595 449518 804558 617637 224929 242092 588533 547039 452012 307898 678695 594258 436976 754049 781800 999999999 332071 612551 472198 176517 834224 588545 476687 565055 733448 266146 256423 139713 527382 542036 514075 733454 348338 778017 371269 901764 276086 784389 299571 988964 467515 286597 637837 208322 768489 62813 424846 747927 375141 426620 161860 374205 607897 310938 496093 862033 300284 667921 497702 329428 345302 943287 558635 283842 733253 272387 323039 642936 220246 613374 886360 902867 164601 109084 508898 575649 124202 736338 396154 192709 834263 136947 810551 431789 682429 338310 681175 338283
625927 625362 634912 1020333 111345 740867 426879 615496 502557 540682 331214 835107 435975 734663 951686 402649 537255 294284 486804 864318 170686 628731 648934 923135 739009 892751 963596 332071 999999999 794986 750533 365246 892078 610580 757775 822215 804196 598133 315985 232994 723610 377378 660403 587235 292159 589021 98504 996145 573044 667908 320930 1127820 799584 475139 911740 195888 903324 388085 384472 751852 271576 752985 493473 705587 789039 128317 217785 674007 39437 857129 650659 48987 673027 1103761 420240 492267 935067 532172 462914 787656 447097 643546 1021083 1052156 460190 346325 765189 471532 208670 946407 440506 524768 696641 425319 892714 395937 792553 669847 648449 509577
212592 169894 370013 319295 691375 523244 505786 768868 341077 558212 466896 87111 425312 305498 201595 745323 688542 500770 557813 467863 780538 463192 451389 594164 368151 166878 171694 612551 794986 999999999 280352 782927 353261 346871 288849 209247 275504 564302 868153 593367 86633 646057 143810 677409 534090 776104 883030 344771 396628 647713 480104 382183 624800 335735 290407 791719 183413 624562 481711 410176 966959 505301 589276 559471 6303 679129 793455 822832 789218 62455 148017 826455 507241 330875 610096 330927 143241 350670 332560 92789 393501 331105 286945 293810 463750 716387 208721 559795 657619 160441 381911 569372 712198 698628 295858 473175 177522 556825 457417 290715
388338 267437 571172 592352 669928 748945 351822 930383 458592 717633 478240 367171 524008 29901 468656 844003 463737 483647 697174 200549 797023 216420 654986 323785 89322 445002 397574 472198 750533 280352 999999999 612800 628039 536548 10944 108056 540129 322124 717899 518780 218676 742160 313806 842084 568904 928935 818733 624023 197353 839559 496044 632485 345334 298710 165768 678636 461440 456791 563464 649577 847231 226636 383431 289046 280420 664301 825064 992822 731330 300974 298934 767078 243490 563586 723035 273097 328322 218363 346910 365367 304848 535965 551948 544480 308305 554232 73182 693164 562966 318525 460438 353328 904058 509721 574094 559922 446311 294072 660487 294055
698183 631343 795278 1078991 390549 951871 277939 923882 625106 786871 452161 852762 602443 586589 977817 728095 212985 400037 735522 643418 523806 415530 843678 659182 559986 928511 949959 176517 365246 782927 612800 999999999 1010187 759577 615211 713783 909602 334037 115605 276646 696821 668247 689755 871885 492174 902813 356299 1078120 417300 932425 457698 1162031 510046 462483 774677 172638 943193 160044 579189 918857 269417 509856 236708 437994 778564 403980 571607 988649 326006 836167 673109 338666 431114 1113693 694043 458004 897609 435122 499276 817680 394471 785719 1060406 1075174 321605 67637 660109 721544 218008 898441 565207 271890 977234 110361 987055 587578 858792 404057 845689 514354
313881 409848 262187 195127 780944 276515 757239 591702 398750 434970 584066 273505 456216 650255 246367 669775 973096 635369 468916 820623 808304 781838 285767 946858 712295 218458 347707 834224 892078 353261 628039 1010187 999999999 281838 637423 562184 101523 871850 1068019 759224 410944 596992 345859 512185 600118 611891 990254 134342 697936 440126 587204 314165 966078 555829 635472 962281 207431 867645 508583 174942 1126095 846533 867125 890215 351652 763761 799959 623838 902066 360838 364524 935575 834400 347872 546127 568714 401664 627735 511263 263143 627523 248615 237800 290283 724830 943189 559221 479979 829975 428903 463290 857027 492329 951202 65219 497068 182388 880878 289898 504559
149963 269184 39069 431865 499633 221420 535191 422001 134979 213265 313920 324684 175540 547752 401586 424124 761260 366858 222645 735688 530372 619391 118821 854152 600773 342695 460463 588545 610580 346871 536548 759577 281838 999999999 547457 519141 201328 688524 804267 493795 341460 335735 229659 330552 319095 429829 708893 394801 524875 307122 313931 550101 828175 341760 617046 691620 346403 632033 226745 159410 850193 716049 655992 736562 341280 482285 526178 476619 621644 396397 240937 654597 679222 550073 289582 364151 473047 442406 281457 276757 409293 33587 448230 491245 512966 694831 487820 228627 563686 496606 194980 654983 372191 717072 290165 215230 229253 717620 124153 299885
399190 278359 582046 599543 678015 759714 356422 941232 469431 728524 487675 375494 534619 28897 475595 854269 463069 492423 707961 189885 805825 215268 665879 313448 83020 452916 402923 476687 757775 288849 10944 615211 637423 547457 999999999 110547 549968 320572 721064 525723 228591 752479 324500 852967 578526 939728 825201 632002 201130 850503 505510 638013 337808 308141 161228 683580 469321 459946 573826 660124 851533 219637 384599 283936 289067 672579 834166 1003704 738186 307918 309705 773809 239743 568364 733571 282271 333015 225738 356994 374582 312732 546798 558560 550242 313241 557267 80662 703909 569008 322433 470961 353920 915003 511394 583123 570350 455864 290188 671384 304299
369731 262952 549583 502065 733422 717941 445191 931559 466973 717093 525803 290669 542340 137850 377223 869400 571286 540924 704493 262336 850515 324387 633882 388148 191679 362475 296871 565055 822215 209247 108056 713783 562184 519141 110547 999999999 483596 430162 815853 594967 178098 766996 289532 841003 611618 933803 896843 540500 296495 826263 542749 531903 439294 351710 101928 767902 378370 555629 589400 610085 939563 324421 488349 393036 211415 725627 873949 990806 806620 212035 279593 843243 350196 460086 741177 331090 225122 297710 385652 301436 376458 511832 457659 445230 400574 653141 57407 702795 645767 212774 483437 459400 891330 613136 503416 583918 386020 400555 639717 331483
212467 310400 192343 232383 692851 273007 655717 568178 304670 386094 488982 207602 369129 560609 228717 614756 871963 539348 410793 736574 731485 684351 242006 862243 621825 180129 314404 733448 804196 275504 540129 909602 101523 201328 549968 483596 999999999 772533 969331 661689 321471 532835 246808 481769 512239 583993 901766 193834 598829 424565 493340 352703 873084 454318 565033 865727 176276 766274 424465 154949 1031605 754029 765907 794450 272671 676174 727410 609682 811981 296836 265412 846335 738128 363556 484185 467255 353353 527270 410411 182715 526005 168040 255737 303522 623424 842478 474042 419714 732422 380416 369049 756239 483984 849744 89209 413039 98034 783800 247393 403037
571237 462165 727580 883071 560348 908492 194443 992387 565183 803743 467724 648233 589640 292450 765261 842462 145481 437737 764475 309985 708018 105971 799970 332761 247774 729134 709464 266146 598133 564302 322124 334037 871850 688524 320572 430162 772533 999999999 449135 386493 481589 753358 526020 917334 551797 980633 633518 901544 173972 947656 483317 940601 201840 348132 467269 456786 745478 214892 599379 837090 598561 175829 107483 109430 561964 563866 749214 1059489 566316 602635 507361 594613 98376 877468 756465 324431 644574 248674 411896 628849 287425 702979 850615 851529 190155 294068 386728 754590 389701 637760 528722 73568 1005841 223737 830380 602172 694690 73477 804064 388929
761873 709039 837523 1152645 372985 981235 372180 914872 673021 801380 490451 932775 636869 692794 1057734 708518 327167 437429 748021 757916 485442 527326 876502 774699 669943 1005612 1037946 256423 315985 868153 717899 115605 1068019 804267 721064 815853 969331 449135 999999999 310550 783413 663269 763692 872997 510266 890952 278891 1146120 520768 942413 491882 1242080 624840 537431 881680 128484 1019561 261125 604054 961504 155999 624951 349466 553582 863376 389504 533112 976986 277582 924111 748210 277930 545685 1198535 696356 537909 989639 527958 564058 894300 474776 832983 1138326 1156860 416963 163925 760795 733250 240672 992455 609885 385174 981225 225446 1050815 613778 927585 519558 877763 587825
458506 425187 527421 855026 174153 677018 200213 658742 362654 510742 180295 646618 328844 502124 769409 477950 364395 127194 460024 633600 321527 401375 569999 699374 506203 713823 764960 139713 232994 593367 518780 276646 759224 493795 525723 594967 661689 386493 310550 999999999 514708 404077 471967 600340 216683 640372 301877 843078 340464 656962 183218 951960 587193 259318 681483 205299 726580 202266 302626 651470 377342 527832 291161 488806 587864 177439 363126 724985 212608 653712 458662 248696 450168 916739 423656 270861 727501 300749 267005 603579 218575 522436 846145 870117 229136 219919 537605 446348 70756 735682 299341 316261 703691 272586 745134 311187 626884 454170 571684 302739
192864 104098 371498 401773 623238 541132 419413 757175 302201 543050 401092 166754 383150 239542 287184 709916 603123 429887 534333 416530 722007 382623 455785 541545 301377 247600 254573 527382 723610 86633 218676 696821 410944 341460 228591 178098 321471 481589 783413 514708 999999999 608387 112491 666135 475944 760905 808910 421300 311784 648528 415780 468725 555678 255494 275757 710112 263908 538181 435730 435930 885465 435970 503118 483968 82900 612181 738873 815177 715413 140913 105152 752726 429937 416886 577614 247897 212896 264042 261482 151225 309470 333744 372293 380433 377196 630465 154925 533996 577114 222817 331160 483865 713596 611998 359806 428559 228621 478569 461622 214455
434395 507765 340638 765176 291125 385189 560451 255777 306816 177853 288282 646872 225569 740807 735737 102433 763379 316130 130833 918038 235078 728149 316428 1015840 775106 676015 785397 542036 377378 646057 742160 668247 596992 335735 752479 766996 532835 753358 663269 404077 608387 999999999 504659 211133 201678 236316 468335 722312 638874 290964 271505 884763 939475 453238 868799 534923 680869 603146 178847 430037 648479 850855 676788 838406 639827 274016 212199 321308 405612 704332 505810 426335 787636 885543 52098 481835 785341 561445 396544 596442 483451 367122 783833 826906 565155 619866 719859 117987 451050 805574 283940 693337 320460 676648 619225 183322 562746 808641 313676 448247
80393 64107 261083 389581 554191 435522 421926 644863 198281 430917 329600 175685 282086 329059 297442 604995 630090 368127 423901 514355 637802 437858 345512 636606 386979 242563 304330 514075 660403 143810 313806 689755 345859 229659 324500 289532 246808 526020 763692 471967 112491 504659 999999999 553750 391805 648994 751345 390297 352165 536759 341493 480423 631397 227486 388173 675515 256065 537684 338029 336663 849184 513727 524948 549307 137507 541039 649880 702692 657582 205183 18666 694522 492556 446024 470878 233089 286704 282992 205030 131689 295885 224210 375312 398186 385541 622139 259551 424309 539769 304184 238369 512719 601822 618307 307456 329639 172837 537496 351254 176103
473631 580363 310988 702617 501909 245264 731683 91481 384096 124542 453847 650570 332083 847667 708408 209956 947653 494646 153179 1034017 434742 874529 240585 1143825 892617 654285 781747 733454 587235 677409 842084 871885 512185 330552 852967 841003 481769 917334 872997 600340 666135 211133 553750 999999999 385165 102347 675715 646362 780161 95246 440540 823960 1089270 584922 941224 744921 653984 791960 318481 338451 858737 988918 853476 990243 671794 484557 401555 150741 616434 726222 561857 636054 935685 844488 177915 613172 801271 697167 520678 604771 632807 349140 735014 784466 727335 819707 803494 162771 653877 825580 396896 864850 109447 870154 554018 315195 545357 964131 234936 563007
343772 371995 345348 731309 180882 471996 358784 448864 213664 294780 92583 560281 143902 563004 670523 292883 565300 114506 243445 731541 246617 530394 370268 822802 590051 610518 694862 348338 292159 534090 568904 492174 600118 319095 578526 611618 512239 551797 510266 216683 475944 201678 391805 385165 999999999 433475 390166 704725 444133 440402 74603 841805 739704 270703 711021 387862 619793 407421 96520 465616 535572 655078 475950 638505 527845 163963 263672 515899 302639 596275 386073 335539 588952 823744 211021 297758 677292 371234 226044 510735 288131 351789 735462 769710 364262 436594 559135 229678 276149 692819 156047 491784 487247 484989 600952 107404 505681 608078 370886 280322
569483 671540 412154 803546 518427 340239 790262 31836 470662 218343 512951 751753 409001 932667 810755 187018 998264 547362 231779 1117146 424163 946000 342931 1223352 974690 756567 883645 778017 589021 776104 928935 902813 611891 429829 939728 933803 583993 980633 890952 640372 760905 236316 648994 102347 433475 999999999 669309 746221 853235 177998 497708 924673 1159996 659944 1034762 762593 756323 838787 384032 439230 858622 1064229 909176 1059753 770384 502662 383493 86112 622277 826167 656004 636481 1006691 946444 224237 688634 901990 771811 597389 705422 701483 449933 836780 886444 790758 855785 894068 236610 686471 926019 474384 923766 152770 912921 655324 383267 647341 1031852 337282 643293
720386 713136 733402 1116254 209310 837640 479921 697226 599189 635809 424067 926728 534059 800576 1044882 482355 551799 383310 582247 916691 245150 678005 746905 964704 798732 986417 1052966 371269 98504 883030 818733 356299 990254 708893 825201 896843 901766 633518 278891 301877 808910 468335 751345 675715 390166 669309 999999999 1093261 632919 759272 415058 1222447 831615 556330 982538 186488 997387 418699 482936 850280 192353 797878 526258 742794 877201 226626 287470 752769 93857 944772 740732 56839 716483 1196290 513402 570802 1021418 601689 550504 880051 520437 741794 1115683 1145596 517905 355902 839476 567018 258018 1031517 536475 560215 784701 437433 990098 494394 887924 706768 746328 594476
384799 452245 382425 69025 884865 410151 812205 726006 494293 565768 675829 257698 562279 649937 171213 799329 1016182 724458 596649 802744 925156 803878 416816 928140 712509 179117 274346 901764 996145 344771 624023 1078120 134342 394801 632002 540500 193834 901544 1146120 843078 421300 722312 390297 646362 704725 746221 1093261 999999999 729242 574175 681647 181015 969168 615945 596130 1048274 162787 927776 618117 308416 1217198 849856 912424 903710 345581 868455 920289 757335 1002587 328490 407949 1037453 850642 225208 672429 623284 342198 669066 582144 272831 685692 361332 123041 173384 775245 1010501 551358 606830 913374 367376 557866 897450 625338 1008602 104674 606715 219335 899657 421297 563936
400112 288433 563661 713371 505604 746208 156410 861158 409500 660855 352371 478372 448082 173560 598221 735646 292171 339140 627416 295858 644392 95569 639783 378723 166169 559029 550886 276086 573044 396628 197353 417300 697936 524875 201130 296495 598829 173972 520768 340464 311784 638874 352165 780161 444133 853235 632919 729242 999999999 799828 370008 777185 309700 195494 362342 483812 575206 259797 469646 668596 650536 212028 196825 213138 393738 503447 678826 927307 549640 440148 333515 583915 156676 718580 632464 167817 491080 84063 260398 456414 156052 536537 683551 688192 115196 357341 243482 619483 374965 488377 383584 173390 860729 317732 656550 469980 520841 192750 644282 226472
456800 572784 278481 634167 576167 164518 769197 153632 391852 147567 496504 609802 358453 848414 653279 303907 990973 542444 196958 1036421 522140 895290 196439 1151252 897860 602806 734540 784389 667908 647713 839559 932425 440126 307122 850503 826263 424565 947656 942413 656962 648528 290964 536759 95246 440402 177998 759272 574175 799828 999999999 485599 754232 1109302 605040 923940 815499 600416 840223 360108 272516 938333 1003507 892595 1012515 642542 558227 491639 185434 694843 691026 547610 716894 956489 781586 248701 632106 761776 715815 539904 567576 660322 317231 671029 721988 759597 876754 794028 210894 715415 787308 419150 900498 65069 921239 488188 354122 499538 988831 190399 575824
305343 313167 345999 701798 212885 494301 292751 510688 188763 338033 18024 514983 145628 489369 630761 365945 507439 57965 291282 656955 308689 457321 386834 748551 515564 571847 645756 299571 320930 480104 496044 457698 587204 313931 505510 542749 493340 483317 491882 183218 415780 271505 341493 440540 74603 497708 415058 681647 370008 485599 999999999 807410 667988 197372 641070 377697 582542 354624 125517 469817 538892 581334 413263 566904 473978 199550 331330 577911 322528 542559 333190 358452 516409 782956 273479 223904 622441 296631 158032 467032 213956 344094 700646 731232 294099 397107 489175 279276 251374 636225 124291 426300 537431 436071 580043 132218 473079 537227 388587 211577
502067 533041 544863 121653 1017855 590638 886363 905298 628150 737079 798655 309539 704664 661530 184420 967405 1069348 842726 763474 782191 1074401 836618 589733 901632 721013 238141 235204 988964 1127820 382183 632485 1162031 314165 550101 638013 531903 352703 940601 1242080 951960 468725 884763 480423 823960 841805 924673 1222447 181015 777185 754232 807410 999999999 970981 704683 557430 1155915 225781 1004985 762880 485540 1329300 856097 971216 921493 385842 1002666 1074291 937949 1129586 338009 494807 1165780 873958 83516 836645 705131 307162 732527 684999 348775 768718 517904 106764 89100 845095 1094925 560594 772397 1020141 323392 687952 950461 806171 1080388 270943 751878 336125 924537 594619 654818
693107 572434 866345 937296 761303 1049264 390642 1169081 718222 970498 651232 711865 757329 319306 813150 1032444 297803 627735 936285 208924 908549 214754 945130 157794 256677 790248 736131 467515 799584 624800 345334 510046 966078 828175 337808 439294 873084 201840 624840 587193 555678 939475 631397 1089270 739704 1159996 831615 969168 309700 1109302 667988 970981 999999999 505144 430404 650934 806706 413674 775978 963627 779439 119769 306577 101218 624457 764220 948945 1235563 767225 645562 613736 794672 153592 897522 937393 477505 663858 393563 570097 706283 458529 836462 895517 884524 376175 482767 418365 927923 591366 649258 693118 274870 1170395 404644 915330 777123 783730 133568 949883 534278
242162 171692 380806 617046 382166 560621 201697 666828 217346 465366 179537 395590 252886 292315 520396 553163 423278 189236 432443 464888 500647 290570 451852 564531 322116 468340 507387 286597 475139 335735 298710 462483 555829 341760 308141 351710 454318 348132 537431 259318 255494 453238 227486 584922 270703 659944 556330 615945 195494 605040 197372 704683 505144 999999999 447226 456020 482497 312901 278457 494636 631227 404537 317044 407528 330456 373982 526962 732657 463571 395162 211283 500800 351827 663285 441796 28797 468200 112266 65136 357050 71759 358696 600976 619888 173006 394847 296173 424938 322003 476504 188136 313635 665507 395642 527183 277588 396742 384062 455933 52054
468565 364621 646161 548977 826752 810218 517507 1032012 568776 817611 623853 362212 644248 189021 426191 971215 612467 636128 805942 228175 947646 366050 730101 344285 219753 424350 331048 637837 911740 290407 165768 774677 635472 617046 161228 101928 565033 467269 881680 681483 275757 868799 388173 941224 711021 1034762 982538 596130 362342 923940 641070 557430 430404 447226 999999999 844403 438989 620656 691020 699419 1012750 328813 541511 407351 293949 819828 972389 1090654 894036 274988 379370 930157 375939 478654 843103 424731 257744 380874 485006 382738 464650 607929 498923 476432 474071 717785 151927 804423 727831 236443 585116 509228 988990 669303 573578 685652 467056 423274 736006 430710
663792 626014 723154 1060160 244502 859856 327453 786411 563991 675805 378829 849080 520214 656829 972718 580706 366003 326949 622129 752145 361537 513482 757064 789539 645271 917885 963310 208322 195888 791719 678636 172638 962281 691620 683580 767902 865727 456786 128484 205299 710112 534923 675515 744921 387862 762593 186488 1048274 483812 815499 377697 1155915 650934 456020 844403 999999999 930912 243513 483239 846539 175353 626960 349493 566091 786468 261053 409498 848650 156476 850633 661547 166141 545279 1118442 568672 462350 921378 470932 471142 807200 402592 721679 1050438 1073160 370356 170356 710988 607221 135818 927290 499725 384804 853355 251718 949892 493432 832165 530239 757982 503062
