NAME : synthetic_000644
TYPE : CTSP-D
DIMENSION : 100
GROUPS : 8
RELAXATION_LEVEL : 1
EDGE_WEIGHT_TYPE : EXPLICIT
EDGE_WEIGHT_FORMAT : FULL_MATRIX
EDGE_WEIGHT_SECTION
999999999 468484 658372 307162 512210 322462 631181 437957 209869 619527 201745 711628 830738 376122 667778 45484 780333 288591 306919 480039 148840 43802 446759 519892 646984 952723 326215 860111 226822 762638 762281 417254 69786 530180 860670 674831 700402 433620 163760 794533 677441 710032 572320 526607 884310 435945 852445 424971 850640 288149 741616 859160 204673 123885 969688 515237 315398 795457 801408 450678 348682 839379 883407 310300 87722 926105 339114 88359 898744 458303 725717 722687 677870 469714 71962 1058514 513659 309680 531959 126307 61012 76741 591351 619780 677901 237407 434110 133307 639422 757752 121595 113022 67963 305382 1080465 353199 435042 480665 1156364 359996
468484 999999999 492378 640493 776429 215909 623874 292480 264520 666673 379371 248264 827749 505142 889335 480892 329821 206143 211165 230630 519167 510075 137174 654636 342628 674211 174910 730237 277716 380246 974091 442268 453459 219889 616231 208324 303483 467710 487488 823895 682212 461202 588120 458524 667687 122968 390426 244997 390129 400575 607011 391166 265720 366152 772110 640890 295153 327112 796222 18451 235063 515590 675954 242484 398746 690142 215283 439231 606673 97087 268367 255766 236183 396429 406601 840536 215539 198456 125342 570286 507020 542159 300748 211747 882697 614472 142978 600601 864455 308552 559306 566590 526882 347895 839939 324808 602077 98430 902166 695145
658372 492378 999999999 577491 567272 389354 214210 242584 576987 288178 722351 507908 363123 351234 594770 698666 483456 591836 618410 265664 790592 696943 622344 373569 198641 310590 588606 239240 628625 324283 648315 262248 697521 275628 210120 514340 338169 259914 539890 379625 256827 113279 226831 146409 226001 378426 569385 280606 560113 377886 114666 626965 563537 644231 314854 359345 351980 597580 334864 486861 348891 266300 225240 657353 652347 269269 372158 698671 273937 396595 650450 537393 426124 189384 645562 401227 277344 604317 385631 783738 648490 725374 206938 359380 573300 614369 623929 765816 581017 698666 659659 684599 672233 353001 422181 307463 393239 394362 498558 603209
307162 640493 577491 999999999 207910 429385 453891 451133 449832 410037 502654 843148 611008 226658 366108 346294 883972 529241 557060 530089 441344 309917 676434 282021 659922 887224 560667 710701 492185 803649 459601 321974 376873 589697 785352 817645 764280 318694 168602 562080 480274 668934 398728 431797 786575 552608 969621 470805 964648 258333 617932 996928 436211 409181 847461 285349 362674 939995 587026 622455 425342 823121 779779 575409 381286 835002 435756 395265 850364 584531 907778 863062 784220 410946 363794 939390 573921 553344 646496 371757 249363 313921 613876 709578 380030 78501 666566 310888 338135 949028 202251 227938 256687 313820 974094 360473 208747 604352 1052302 57397
512210 776429 567272 207910 999999999 560911 383056 529073 629675 315035 702002 943747 475185 278064 158615 552860 965817 703545 733531 614768 649143 517494 837832 195517 704281 857022 730501 629142 677878 852317 251698 366551 581957 671255 755571 926159 830357 348948 359834 417979 383893 675671 345582 440094 739779 669860 1055152 563495 1048497 376337 567887 1093631 614521 605359 777215 208780 481519 1043191 458667 759717 543381 832414 729011 757222 580882 789494 561316 599442 835084 702890 1033944 967643 874057 452042 563724 866018 658009 727389 752342 578895 456092 521768 669977 795744 175187 285282 829751 515795 131051 1078845 410108 435399 464437 428629 908535 458728 189434 719280 984736 165957
322462 215909 389354 429385 560911 999999999 455853 146786 188488 483418 335342 418932 668642 293359 678290 351590 472642 208174 237572 160575 425915 366145 291428 449923 329544 652423 214247 621683 239273 440187 765487 245520 338107 207806 569476 390180 379346 271619 288287 653548 513547 410401 409427 299725 605050 126456 552672 114033 549111 184733 494586 572558 176018 267716 701675 437194 81971 513347 636653 198902 40905 524159 608036 275139 285199 640397 18312 332992 592892 156661 479614 436632 369663 230706 283852 783926 191385 224739 224504 444770 341128 398852 273575 303488 673616 412276 286618 452575 652667 522293 381531 396012 364459 133315 797013 122409 390419 177697 869048 482562
631181 623874 214210 453891 383056 455853 999999999 332314 620283 75771 750821 697776 213404 258976 384802 676074 686842 661225 691717 398566 777724 661211 736057 190609 400020 475882 670068 257450 676218 536162 434290 224697 686550 434121 375823 696315 540861 202638 479954 200304 58501 327063 59337 165375 356757 500970 775027 380083 766264 349499 185459 828580 604435 657924 399571 180266 386533 792790 181555 613217 417649 474577 345990 727889 653927 406459 443714 694182 460045 528238 827356 726333 617229 229759 642234 490557 428670 679560 542709 746257 602107 683290 389995 543111 361595 511818 733950 709865 373646 875832 592936 621017 622885 357571 529680 337662 245680 534075 607082 461879
437957 292480 242584 451133 529073 146786 332314 999999999 334602 374591 480602 415195 540036 252298 618364 473997 439518 351630 379472 85752 558884 479729 405045 376712 217960 516408 352038 475943 386047 354729 696928 165303 467335 142909 428409 400368 313347 187650 353705 532612 390797 273052 295761 167651 460456 169600 527928 47770 521817 197204 348686 564570 321425 406387 555605 361938 122688 514716 508173 281159 106341 403959 462699 418011 418346 497658 129767 465767 460925 198773 518489 439903 345193 103981 413724 638992 129034 365807 229325 564112 440997 510767 166266 267162 607495 459563 403773 558502 595892 565798 466881 487472 465301 148443 654130 95378 341318 208069 727546 494977
209869 264520 576987 449832 629675 188488 620283 334602 999999999 634017 147295 511996 833160 406766 770580 217057 588124 82270 107568 341046 260184 249000 239704 570579 507546 837598 118380 806282 56044 598747 863578 396879 188957 376825 757040 472807 528782 421069 281361 810426 675534 597167 567643 476213 793499 261895 654060 301805 653247 287401 679780 655269 16344 102012 890045 560822 236195 590862 801536 247632 228301 701728 796522 127548 134344 828427 206373 175340 776261 275482 516162 520285 488317 408133 143278 972395 362259 105677 347684 305770 257573 280103 452457 440792 772885 401138 227721 338774 742828 547884 316222 317063 273840 263768 984996 285757 494921 296646 1056457 507219
619527 666673 288178 410037 315035 483418 75771 374591 634017 999999999 756326 759113 211498 243771 309033 664963 753535 682782 713915 448483 768023 645640 771015 131428 468094 549170 695485 315170 689986 607456 360403 239750 679407 489648 450019 754823 608053 214288 461137 177718 71611 401388 79429 215700 427774 544053 842432 421750 833938 351296 258648 893981 617804 660308 462333 125248 407812 855638 183189 654585 447941 550146 416059 748408 652101 477255 473485 689197 535238 573281 883046 787134 679634 270731 638957 551685 482409 702676 595156 728224 584135 664861 453263 603826 286002 474744 767704 685747 298065 931308 567517 596044 603227 370836 593568 361473 203031 581425 669993 410263
201745 379371 722351 502654 702002 335342 750821 480602 147295 756326 999999999 625171 961491 517979 853234 176780 709192 173650 170841 487882 154427 219839 304419 677400 653307 984652 205242 948656 105844 737732 947782 526156 139066 521380 904316 582911 665306 548548 342412 934019 803898 744458 695537 615239 940338 402955 766468 448977 767077 405058 822912 757756 159354 98960 1036195 669697 375500 692841 930373 365361 374609 846822 943103 150818 121451 975612 353369 117607 922934 411946 598831 628493 613821 548504 138884 1119166 507361 181926 480827 232939 262738 239588 598611 574924 860088 437238 290739 291152 824894 621800 322972 310793 266860 394101 1132201 424321 596014 431621 1203750 557597
711628 248264 507908 843148 943747 418932 697776 415195 511996 759113 625171 999999999 871004 665952 1030272 727082 96488 453335 454740 329485 767338 754181 341283 787624 310090 564707 419953 715072 525444 239501 1104444 580065 700865 275812 543074 44442 180940 601145 707067 884298 751129 425711 681209 545112 605393 292598 142171 380932 142038 586701 612174 153897 512078 613911 707002 772461 480517 99521 842418 264510 417887 397721 618703 481430 645753 610161 409557 687135 497563 262696 157126 29662 81785 504400 652711 753460 287298 443248 196652 817566 745196 786715 308046 155328 1017245 831054 353273 844700 1008887 201103 793224 803687 766456 530628 737557 489581 756508 241258 784608 893430
830738 827749 363123 611008 475185 668642 213404 540036 833160 211498 961491 871004 999999999 454669 399307 876138 843498 874557 904982 598234 979056 857136 945080 329499 561571 507308 882884 224855 889153 676029 400916 436571 889830 625223 428508 876350 699693 413229 672612 60323 157767 457774 266087 372696 380049 705764 927014 587469 917309 557392 267465 987262 817228 867073 363678 328174 599927 960266 32002 818414 629942 572041 363504 941259 860767 421425 656037 899031 520619 730942 1011566 900461 789219 440139 848150 436923 622671 892734 736264 939618 795594 876253 566903 721145 368609 680169 943645 896129 403468 1059978 777803 806381 814547 569819 487702 551058 409999 734310 555130 602360
376122 505142 351234 226658 278064 293359 258976 252298 406766 243771 517979 665952 454669 999999999 384980 421492 691318 467112 498512 337646 524392 403756 581784 164036 443654 661505 486960 504682 461537 590601 472458 98408 435666 395132 560040 648104 560274 92073 221088 420246 301908 442918 199645 205211 564691 393828 780053 285441 773790 120143 400291 816515 390443 420324 632612 154064 211507 765334 425290 489311 270111 598117 559090 529145 409751 612293 290618 445734 623727 426762 757535 689646 597433 189097 396081 724446 381294 489332 474339 487951 343632 424798 402689 519460 380517 266183 575557 451037 359584 803075 334654 362512 364063 160789 755829 182123 97122 442338 834000 257649
667778 889335 594770 366108 158615 678290 384802 618364 770580 309033 853234 1030272 399307 384980 999999999 709341 1039224 840257 871051 702753 806789 674919 964944 242653 761487 852255 864248 593512 821338 906240 94643 453733 737316 754464 755632 1018296 897011 430714 511169 338997 361631 707918 369914 494224 727015 774836 1129090 659152 1121415 498955 564035 1174499 754862 755358 743140 257850 596484 1129395 392606 873825 654370 858814 713565 897564 732959 775355 675481 754149 842826 807353 1135630 1056281 955228 526059 716101 825707 743431 863599 847514 737463 612907 680021 736848 876925 31078 443808 958066 674334 28389 1182273 568354 593876 622123 545319 873281 564702 287877 821130 945489 324036
45484 480892 698666 346294 552860 351590 676074 473997 217057 664963 176780 727082 876138 421492 709341 999999999 799460 290136 304353 511192 103383 43123 446017 565150 679356 990006 327965 903302 222617 790495 803684 460889 37823 559107 899211 688824 726078 477789 208709 840017 722656 746859 617301 568942 924375 459225 868753 458012 867469 331581 783952 871994 215224 119151 1011039 560602 352132 807717 846760 463616 380702 872858 923877 301964 83258 965513 368922 59294 934844 479392 731595 736487 697818 510712 74376 1099399 542834 309209 553135 93532 96931 66297 623480 643045 720207 273643 432897 123795 681035 761356 151381 135416 93635 345903 1120414 392130 480248 501574 1195930 397435
780333 329821 483456 883972 965817 472642 686842 439518 588124 753535 709192 96488 843498 691318 1039224 799460 999999999 535850 540257 355704 846807 823634 434118 797777 287133 490924 504449 669862 606927 176436 1107809 599267 775602 296764 482783 140001 146067 617652 759220 863053 736531 387195 678412 545994 546671 347962 89891 413519 82703 625639 578174 143766 586407 689978 644392 782413 523760 128582 816665 344233 464025 328001 561333 569228 719986 545056 460539 763277 426162 322560 238061 112879 103153 516093 725445 682683 311558 527968 249648 891514 809071 856504 302653 174397 1023615 879646 445623 913601 1019679 274973 853336 866148 831316 570357 662305 524184 776552 300171 704272 931262
288591 206143 591836 529241 703545 208174 661225 351630 82270 682782 173650 453335 874557 467112 840257 290136 535850 999999999 31448 337488 314891 325504 158375 630879 494993 830792 37855 827501 72473 568134 932206 443078 258046 361375 757209 411877 494337 468509 361338 856512 718202 596388 612059 507742 799057 239231 595194 311232 595373 347055 700224 590349 93724 171062 899136 620037 275521 525467 842630 191771 248690 685195 803816 66991 207093 830230 223204 241112 766639 243124 442012 458291 440179 438703 218936 977576 349053 24116 309164 373633 338796 355268 442423 403141 840824 482716 146026 413660 812875 471222 398039 397920 354115 313628 985779 323690 559271 261438 1054441 586622
306919 211165 618410 557060 733531 237572 691717 379472 107568 713915 170841 454740 904982 498512 871051 304353 540257 31448 999999999 361132 319186 341740 141795 662303 515128 851592 36918 854944 81772 581870 963147 474182 270395 381563 780045 412229 506973 499667 388739 887393 748830 619371 642906 537297 823170 258898 595772 337960 596513 378436 727680 587242 120860 185638 923948 651477 306441 522305 873037 198726 277772 703388 828337 39095 222468 853360 252041 252062 786748 259392 432486 457669 447217 468275 235805 1001361 370014 14677 321852 383905 359621 370299 463576 415139 871829 508570 128574 428138 843611 459098 419777 418015 373629 345009 1008435 354363 590516 276249 1076272 614457
480039 230630 265664 530089 614768 160575 398566 85752 341046 448483 487882 329485 598234 337646 702753 511192 355704 337488 361132 999999999 586327 523346 357011 460523 168991 496855 328701 504892 385803 287209 779891 250693 498632 59609 419869 315543 236291 272341 418898 597165 456268 259039 369055 234183 462050 112806 443443 60697 437615 272464 379503 478938 330773 427254 563282 445570 178620 429005 566914 223111 131503 363709 467423 400184 445739 492756 142691 493513 435224 133555 436822 354383 259843 180526 444362 640270 44146 346604 147327 603958 492480 555651 113045 182223 691126 532207 358324 607377 680664 484645 525727 543661 516478 218813 648481 169631 427057 136168 717968 576077
148840 519167 790592 441344 649143 425915 777724 558884 260184 768023 154427 767338 979056 524392 806789 103383 846807 314891 319186 586327 999999999 132005 457208 668403 755301 1074843 350412 1000984 242422 856347 900712 560160 93338 629278 986941 726439 787894 578076 311781 943311 825074 831513 719184 665372 1015283 519951 909431 537452 909283 430909 879936 905093 264671 161139 1104583 663950 439784 840177 949534 503476 459533 950026 1015652 304033 141034 1054939 444028 93266 1017311 535351 750973 773076 747952 604734 145370 1191819 613702 328211 607839 91667 195086 130183 699371 700732 818892 365547 443549 161880 778612 775291 240061 217389 184709 440136 1210759 483137 583456 556702 1285337 489447
43802 510075 696943 309917 517494 366145 661211 479729 249000 645640 219839 754181 857136 403756 674919 43123 823634 325504 341740 523346 132005 999999999 482828 540743 689933 993470 363331 894585 260420 806332 768941 451472 80780 573806 900603 717000 744201 466509 184901 818877 705663 751160 602039 562887 922943 479649 895229 467869 893535 323302 777629 901066 245073 156218 1006884 537161 357050 837177 828367 492411 391908 881929 921637 341679 119297 965314 382716 102258 940177 501795 765125 764822 721273 507803 106577 1096215 557261 345634 575486 87062 63704 32978 634386 663514 686890 235258 469913 90575 646716 796187 110853 92827 53542 344404 1119122 393411 455696 524142 1195347 359353
446759 137174 622344 676434 837832 291428 736057 405045 239704 771015 304419 341283 945080 581784 964944 446017 434118 158375 141795 357011 457208 482828 999999999 740942 479687 811081 121331 861353 223548 511236 1054027 536004 412189 354604 753215 296948 434042 562109 511173 936120 794519 597362 694644 572520 804067 244291 476926 357718 479221 466055 736467 459354 249103 327070 908260 728416 372610 395053 913208 137566 323670 651287 811997 153601 363739 827156 298770 393749 743374 226776 294475 338130 353650 506301 376468 977523 348533 137218 262096 525263 497049 511825 436652 344051 962068 635575 13680 569812 938544 318310 555924 556269 512487 421141 977110 413107 678062 233272 1039112 733435
519892 654636 373569 282021 195517 449923 190609 376712 570579 131428 677400 787624 329499 164036 242653 565150 797777 630879 662303 460523 668403 540743 740942 999999999 523899 661823 649891 444446 625092 670618 320712 213616 584396 511820 560190 776000 656821 189458 356710 283127 203025 483814 150067 255766 546027 536984 887667 418806 880183 284139 373626 932133 554273 578821 589434 15381 368349 886743 305027 640017 421608 639632 535880 693166 564820 595759 444573 596848 639658 569008 894955 813686 712695 283444 549961 679858 500882 652912 606037 619380 477526 556384 496078 634342 230784 350794 735438 570998 221980 941995 452976 481533 494329 320861 719978 330788 85051 581666 797145 279063
646984 342628 198641 659922 704281 329544 400020 217960 507546 468094 653307 310090 561571 443654 761487 679356 287133 494993 515128 168991 755301 689933 479687 523899 999999999 336677 480122 411359 549411 148091 825487 345576 667503 133647 273639 319661 141070 358139 571661 577593 449412 123858 394937 268172 326763 256238 375008 222069 366261 413208 302588 429831 498106 595972 431658 508580 336835 398947 533496 343079 298686 194813 336276 553416 614727 347520 311589 662503 271684 259598 456723 339691 228435 255298 613226 497926 146333 500455 219850 771735 655677 721885 55978 167574 743832 675069 484661 772111 743797 504392 684252 704148 679897 366357 498210 313162 516298 248031 562881 698876
952723 674211 310590 887224 857022 652423 475882 516408 837598 549170 984652 564707 507308 661505 852255 990006 490924 830792 851592 496855 1074843 993470 811081 661823 336677 999999999 816750 282859 882500 325731 884205 572424 983682 470049 102485 593666 394913 570465 846410 554077 490667 243386 512224 456997 128242 592724 546603 538739 535944 682689 290600 616204 826777 919620 177558 649326 637881 618869 494200 676649 616197 167674 144118 889993 933971 87219 634112 981606 68617 595850 721411 591363 498375 493993 929934 192694 481783 836915 548993 1079026 949591 1023510 388374 473477 825828 924898 817175 1067642 844790 762898 965669 989584 973719 650518 172948 600158 696119 583064 228123 910514
326215 174910 588606 560667 730501 214247 670068 352038 118380 695485 205242 419953 882884 486960 864248 327965 504449 37855 36918 328701 350412 363331 121331 649891 480122 816750 999999999 826154 108695 545047 955406 455970 295691 346741 746485 377866 470079 481781 393626 867278 727668 586018 622876 512971 790595 224116 561400 308989 561899 367617 699006 554744 128228 208864 891963 638499 287846 489813 850893 162062 253314 667481 796122 73434 244945 819981 227262 278519 751585 223243 404450 423790 410731 444149 256757 968439 335640 23547 284994 411006 375764 393123 429169 378228 863732 516493 109394 451511 837143 433391 434602 435070 391453 329966 974664 334289 580811 239715 1041951 617959
860111 730237 239240 710701 629142 621683 257450 475943 806282 315170 948656 715072 224855 504682 593512 903302 669862 827501 854944 504892 1000984 894585 861353 444446 411359 282859 826154 999999999 859702 494507 613160 443131 907814 511438 211615 729481 535043 428867 720742 274535 245250 289868 312145 336159 156986 617625 746304 517217 736011 571964 127279 811356 791946 864389 149976 435689 573296 794452 214240 725377 580790 366970 139963 893673 867682 196604 605319 911940 301811 635160 866560 744628 635159 400580 858666 236903 514708 841069 619014 981342 839412 919758 436012 578932 564813 765905 863092 952253 590749 913607 837993 865297 861708 562094 281135 525039 503011 631894 356038 719223
226822 277716 628625 492185 677878 239273 676218 386047 56044 689986 105844 525444 889153 461537 821338 222617 606927 72473 81772 385803 242422 260420 223548 625092 549411 882500 108695 859702 999999999 631888 914786 452916 188687 416822 804456 484195 559551 477111 323865 866456 731545 643969 623677 531105 842766 297457 667407 350826 667472 342620 732915 662798 72186 104203 940486 615587 291517 597906 857514 262713 279818 742260 846333 85181 141141 876497 256618 170637 819940 306108 512638 530704 510067 462754 155133 1021711 403170 87760 375295 302865 281559 288636 495200 469364 824527 438219 210346 346388 793415 540318 342512 338953 294196 319811 1032862 341091 548426 325858 1103381 549338
762638 380246 324283 803649 852317 440187 536162 354729 598747 607456 737732 239501 676029 590601 906240 790495 176436 568134 581870 287209 856347 806332 511236 670618 148091 325731 545047 494507 631888 999999999 967170 492882 773792 232835 307214 268098 77194 506054 705004 700108 581085 218517 537424 414948 370800 336884 252594 347095 242524 551926 408778 316849 592316 695208 470012 655354 465365 303847 650630 387753 417144 158321 385208 617257 718930 371814 423785 765799 258191 325823 396577 266912 173971 402976 720172 513974 249557 567715 260110 883979 778713 839029 189774 168516 887557 814242 519652 892288 889352 439407 812935 830692 802543 501622 498679 449454 664384 306725 548542 844354
762281 974091 648315 459601 251698 765487 434290 696928 863578 360403 947782 1104444 400916 472458 94643 803684 1107809 932206 963147 779891 900712 768941 1054027 320712 825487 884205 955406 613160 914786 967170 999999999 534304 831856 829277 791819 1094794 963701 510116 605789 342901 400304 761335 430553 562013 756673 857467 1197400 739485 1189316 588771 602752 1245599 847764 849820 759959 335193 683519 1202955 401768 959047 739786 907103 741984 990284 827573 803300 761728 848750 881711 889608 1215393 1131185 1027634 600635 810729 837155 819201 955386 926149 830293 707143 773459 805283 949884 91960 536851 1047522 766253 123030 1262559 661803 686988 716006 633246 887111 649371 375969 902377 955853 415643
417254 442268 262248 321974 366551 245520 224697 165303 396879 239750 526156 580065 436571 98408 453733 460889 599267 443078 474182 250693 560160 451472 536004 213616 345576 572424 455970 443131 452916 492882 534304 999999999 467592 305499 472368 565654 465042 26114 281715 414180 278825 347228 170768 116976 483172 323512 688627 205505 681947 129352 327722 728196 380859 433898 559371 199360 168147 679568 405103 428203 212644 501187 479383 508871 431635 529120 237236 473560 531107 355425 681976 605072 508322 90692 420858 650190 292947 462929 393902 538292 397152 477008 305993 429839 443952 352740 531769 511902 430860 728788 401184 427281 419928 133259 677614 123126 177404 368106 755289 355698
69786 453459 697521 376873 581957 338107 686550 467335 188957 679407 139066 700865 889830 435666 737316 37823 775602 258046 270395 498632 93338 80780 412189 584396 667503 983682 295691 907814 188687 773792 831856 467592 999999999 544075 894850 661761 707539 485999 230614 855685 734882 740296 628321 572095 922439 439615 842866 447809 841926 338541 786609 843951 189258 87718 1011352 579014 347292 779420 859961 436583 369932 861854 922651 266053 55720 962427 355943 21483 926979 457925 700055 709216 674753 511414 54279 1098739 528114 276077 531414 116838 128880 102933 611526 622683 747136 306275 398925 158794 708950 728753 186501 172254 129223 346798 1118067 390062 499961 479861 1192875 429371
530180 219889 275628 589697 671255 207806 434121 142909 376825 489648 521380 275812 625223 395132 754464 559107 296764 361375 381563 59609 629278 573806 354604 511820 133647 470049 346741 511438 416822 232835 829277 305499 544075 999999999 402025 266184 177627 325800 476700 629251 490432 243525 410596 273966 450279 122675 385021 119720 378952 332025 390074 422698 368328 468649 554036 496667 236411 375040 594610 217062 184651 325470 457709 419946 489956 475944 191099 537382 405331 129091 393652 302013 202863 228757 490050 625713 16843 366887 111221 652426 546017 606430 83259 124490 741623 591278 358164 659468 733113 442039 581517 598561 569794 278133 629150 229239 482722 121632 695413 635560
860670 616231 210120 785352 755571 569476 375823 428409 757040 450019 904316 543074 428508 560040 755632 899211 482783 757209 780045 419869 986941 900603 753215 560190 273639 102485 746485 211615 804456 307214 791819 472368 894850 402025 999999999 565693 363811 469424 748847 470052 394330 160834 410357 356211 64246 523187 551287 455498 540717 585783 191730 618995 745281 834476 164121 547510 547672 610873 411518 616282 531536 161003 80076 818943 846664 73995 551283 893965 92222 530814 699612 571606 468829 396638 841616 224309 411516 765424 493190 986792 854713 930009 318766 429280 729960 824253 757962 972551 747058 744155 868450 892911 878697 556425 228614 507472 593635 520807 299584 808143
674831 208324 514340 817645 926159 390180 696315 400368 472807 754823 582911 44442 876350 648104 1018296 688824 140001 411877 412229 315543 726439 717000 296948 776000 319661 593666 377866 729481 484195 268098 1094794 565654 661761 266184 565693 999999999 201978 587793 677152 886667 751041 439652 676113 539469 626845 265078 183557 362775 184402 563240 621999 184961 473606 574476 729803 761003 455974 123374 847063 225259 392703 426030 639431 438168 606947 634644 382194 647531 525770 233603 137141 47886 96866 494219 614468 780149 275611 401029 174014 778577 710257 749344 309751 155207 1006471 802251 309010 807575 996143 184750 759702 769183 731068 507239 766588 468943 740561 213315 816214 869072
700402 303483 338169 764280 830357 379346 540861 313347 528782 608053 665306 180940 699693 560274 897011 726078 146067 494337 506973 236291 787894 744201 434042 656821 141070 394913 470079 535043 559551 77194 963701 465042 707539 177627 363811 201978 999999999 481426 654285 717753 590480 246945 533604 402859 425365 268146 234386 296943 225915 507989 436328 288968 523264 626961 527932 641441 414034 261477 672319 311478 360735 227704 438319 541822 652224 432725 364041 698508 326457 253817 336219 210222 105149 378397 654478 578922 194316 492963 185270 819590 720265 777093 160964 92104 880531 768485 442482 831652 878231 381620 757896 774107 743727 454999 567330 404817 640988 233693 620533 808226
433620 467710 259914 318694 348948 271619 202638 187650 421069 214288 548548 601145 413229 92073 430714 477789 617652 468509 499667 272341 578076 466509 562109 189458 358139 570465 481781 428867 477111 506054 510116 26114 485999 325800 469424 587793 481426 999999999 292509 389474 255491 351046 147143 113551 476790 348410 707252 229369 700354 147613 316952 748214 404973 455287 549433 174934 193935 700573 381943 453794 238702 506680 472114 534133 451705 523643 263339 492742 531789 380115 705536 626544 528288 103414 440394 640770 313847 488521 416865 552970 410567 491058 321274 449741 420156 354964 557884 523782 408350 752540 411051 437775 432849 157309 669890 149234 159564 392343 747846 348782
163760 487488 539890 168602 359834 288287 479954 353705 281361 461137 342412 707067 672612 221088 511169 208709 759220 361338 388739 418898 311781 184901 511173 356710 571661 846410 393626 720742 323865 705004 605789 281715 230614 476700 748847 677152 654285 292509 999999999 633977 522367 610072 420618 397869 763788 414741 840640 358356 836847 164070 608983 860490 267974 245547 841013 352626 240353 800517 644104 469102 295847 753770 760585 406827 221793 808801 298987 245428 799174 444436 755821 724088 656707 352460 204953 931903 459974 385402 512607 267290 123023 203986 519345 587149 519075 127073 500798 231523 482798 794803 119808 145567 142977 205339 958901 258603 271712 465821 1036369 225944
794533 823895 379625 562080 417979 653548 200304 532612 810426 177718 934019 884298 60323 420246 338997 840017 863053 856512 887393 597165 943311 818877 936120 283127 577593 554077 867278 274535 866456 700108 342901 414180 855685 629251 470052 886667 717753 389474 633977 999999999 141815 481845 244506 365417 425938 701065 948509 580378 939090 528968 296276 1006590 794282 838010 418193 283804 580991 976173 60295 813419 616216 606354 409984 922681 829477 469609 642179 865979 562201 727950 1020174 913463 802739 429919 816135 494256 625110 875695 739299 899787 756493 836507 577158 731828 308322 633314 933826 853547 343237 1068698 735316 763909 774531 546745 544318 533221 366273 733130 613068 550237
677441 682212 256827 480274 383893 513547 58501 390797 675534 71611 803898 751129 157767 301908 361631 722656 736531 718202 748830 456268 825074 705663 794519 203025 449412 490667 727668 245250 731545 581085 400304 278825 734882 490432 394330 751041 590480 255491 522367 141815 999999999 367068 108370 223688 366171 559339 823910 438564 814907 400345 203283 879095 659572 709853 393723 196451 443039 845129 126476 671641 475626 507663 353339 784730 704331 415039 501664 743414 482677 586436 883036 779930 670126 288232 692062 482129 485500 736818 599661 789594 645251 726337 443085 597087 335640 543316 792365 749865 354449 931547 632007 660395 665193 412081 525168 394512 272174 591999 600982 481713
710032 461202 113279 668934 675671 410401 327063 273052 597167 401388 744458 425711 457774 442918 707918 746859 387195 596388 619371 259039 831513 751160 597362 483814 123858 243386 586018 289868 643969 218517 761335 347228 740296 243525 160834 439652 246945 351046 610072 481845 367068 999999999 339185 240876 206795 363302 469366 296404 459599 446059 191126 530705 585735 676877 310928 469245 394830 508149 432132 459864 373396 157263 214756 658308 690694 233993 392127 738292 189638 372614 576704 455331 345396 261185 686557 382770 251951 604764 341244 836328 708932 781570 160739 290510 686569 697784 601373 827005 693870 623747 728200 751130 733167 409970 389443 358545 496444 364119 459444 699623
572320 588120 226831 398728 345582 409427 59337 295761 567643 79429 695537 681209 266087 199645 369914 617301 678412 612059 642906 369055 719184 602039 694644 150067 394937 512224 622876 312145 623677 537424 430553 170768 628321 410596 410357 676113 533604 147143 420618 244506 108370 339185 999999999 136667 398632 465340 767719 343123 759450 292373 226156 817839 551626 601659 450082 137156 336550 778238 234844 576319 372723 492961 389435 678317 596656 448252 398547 636326 489683 494283 803817 709025 602226 191791 584650 541758 403140 631189 515754 686984 542806 623992 376778 525881 350251 454440 691744 650581 354894 852047 533753 561796 563553 303991 578646 288724 192336 502165 656565 410061
526607 458524 146409 431797 440094 299725 165375 167651 476213 215700 615239 545112 372696 205211 494224 568942 545994 507742 537297 234183 665372 562887 572520 255766 268172 456997 512971 336159 531105 414948 562013 116976 572095 273966 356211 539469 402859 113551 397869 365417 223688 240876 136667 999999999 366265 335655 635718 215321 627810 239823 215028 683722 461159 528798 444492 240467 240323 642611 340774 448017 259776 397844 362734 574734 531526 412148 285758 575863 418580 362888 667365 572737 466723 69039 522565 534700 266799 524404 379975 649945 510885 589719 243351 389835 477762 468052 570963 626853 475909 715650 517569 543325 534109 225938 561040 191038 256495 369061 638582 459658
884310 667687 226001 786575 739779 605050 356757 460456 793499 427774 940338 605393 380049 564691 727015 924375 546671 799057 823170 462050 1015283 922943 804067 546027 326763 128242 790595 156986 842766 370800 756673 483172 922439 450279 64246 626845 425365 476790 763788 425938 366171 206795 398632 366265 999999999 569207 615533 492007 604963 603106 172566 683218 780984 866314 104940 534429 575680 674605 366165 666611 565830 224938 17342 862230 876175 49735 587127 922919 146778 579348 761537 634125 530063 415273 870015 178948 458326 808652 546444 1009736 874139 951313 367520 487198 700048 830770 808156 991204 720596 806488 883576 909016 897787 578928 196180 532578 587936 570868 272823 805045
435945 122968 378426 552608 669860 126456 500970 169600 261895 544053 402955 292598 705764 393828 774836 459225 347962 239231 258898 112806 519951 479649 244291 536984 256238 592724 224116 617625 297457 336884 857467 323512 439615 122675 523187 265078 268146 348410 414741 701065 559339 363302 465340 335655 569207 999999999 426548 122318 423205 299783 492305 446350 255534 358909 671883 522849 191980 387806 674132 112653 128521 446098 575640 297276 384190 596912 117210 430366 527892 33034 364085 310933 244809 273579 386874 746072 111727 244224 98560 552579 461578 512627 205128 183952 766636 538458 245520 568617 750761 409278 505418 518275 484137 244211 750988 211709 489619 51765 817869 604374
852445 390426 569385 969621 1055152 552672 775027 527928 654060 842432 766468 142171 927014 780053 1129090 868753 89891 595194 595772 443443 909431 895229 476926 887667 375008 546603 561400 746304 667407 252594 1197400 688627 842866 385021 551287 183557 234386 707252 840640 948509 823910 469366 767719 635718 615533 426548 999999999 500245 10672 711435 660395 69757 653929 756007 709136 872303 607994 97717 900848 406660 547049 391801 631026 621272 787671 608715 541688 829253 485708 398747 229144 139000 185409 605882 794403 739269 399373 584582 328171 959511 884453 927868 392418 261287 1113402 962674 489522 985662 1109569 252649 930974 942447 906097 655800 713931 610843 865982 376631 748565 1017779
424971 244997 280606 470805 563495 114033 380083 47770 301805 421750 448977 380932 587469 285441 659152 458012 413519 311232 337960 60697 537452 467869 357718 418806 222069 538739 308989 517217 350826 347095 739485 205505 447809 119720 455498 362775 296943 229369 358356 580378 438564 296404 343123 215321 492007 122318 500245 999999999 494821 212680 390030 532630 289807 380908 589879 404301 118280 480152 555638 233459 77934 414850 495515 376838 396420 526636 95799 444224 479977 152323 476488 404258 315390 151478 393615 670953 103474 323969 189406 549997 434542 499823 166668 239218 649389 471616 356708 550385 635996 523290 466160 484661 458671 158429 683224 110671 378035 163152 755052 517755
850640 390129 560113 964648 1048497 549111 766264 521817 653247 833938 767077 142038 917309 773790 1121415 867469 82703 595373 596513 437615 909283 893535 479221 880183 366261 535944 561899 736011 667472 242524 1189316 681947 841926 378952 540717 184402 225915 700354 836847 939090 814907 459599 759450 627810 604963 423205 10672 494821 999999999 706379 650576 80362 652850 755238 698487 864813 603391 105096 891235 406122 542755 381173 620476 622527 786637 598061 537859 828526 475037 395856 236096 141097 180721 598739 793150 728613 393500 585154 324701 958484 882020 926227 384609 255658 1105551 958482 491700 983905 1102033 260888 928079 939840 903791 650848 703336 605471 859247 373654 738143 1012509
288149 400575 377886 258333 376337 184733 349499 197204 287401 351296 405058 586701 557392 120143 498955 331581 625639 347055 378436 272464 430909 323302 466055 284139 413208 682689 367617 571964 342620 551926 588771 129352 338541 332025 585783 563240 507989 147613 164070 528968 400345 446059 292373 239823 603106 299783 711435 212680 706379 999999999 454347 740141 271058 309705 684248 273816 107843 684503 526616 383635 171269 591125 600793 409028 304431 647152 186362 345131 635104 332537 661898 607670 526073 189150 292854 774160 316033 369407 390365 410320 271337 349896 363169 451246 496894 262385 459111 388099 472489 705580 282982 307131 294799 56080 798943 103184 213296 350979 875929 306861
741616 607011 114666 617932 567887 494586 185459 348686 679780 258648 822912 612174 267465 400291 564035 783952 578174 700224 727680 379503 879936 777629 736467 373626 302588 290600 699006 127279 732915 408778 602752 327722 786609 390074 191730 621999 436328 316952 608983 296276 203283 191126 226156 215028 172566 492305 660395 390030 650576 454347 999999999 721772 665605 740137 232623 361902 448065 697791 243208 601345 453709 311012 163374 766399 744825 222256 478135 789803 279396 511087 758879 641826 530758 276291 736466 324266 392003 713819 499615 864662 724652 804054 318896 468204 538636 666005 737805 839610 555329 806743 727926 754467 747573 439891 356313 400444 416460 509026 434550 634074
859160 391166 626965 996928 1093631 572558 828580 564570 655269 893981 757756 153897 987262 816515 1174499 871994 143766 590349 587242 478938 905093 901066 459354 932133 429831 616204 554744 811356 662798 316849 1245599 728196 843951 422698 618995 184961 288968 748214 860490 1006590 879095 530705 817839 683722 683218 446350 69757 532630 80362 740141 721772 999999999 656876 756355 777798 916838 634262 64943 960417 408679 571740 460251 698501 609192 789610 677492 563399 829001 554931 416066 184848 137179 219929 648874 797741 808888 435632 577251 350479 960766 895184 933253 441063 298473 1160055 984787 472581 991627 1154036 198117 944603 954141 915917 684095 783688 642132 905386 394866 818033 1046966
204673 265720 563537 436211 614521 176018 604435 321425 16344 617804 159354 512078 817228 390443 754862 215224 586407 93724 120860 330773 264671 245073 249103 554273 498106 826777 128228 791946 72186 592316 847764 380859 189258 368328 745281 473606 523264 404973 267974 794282 659572 585735 551626 461159 780984 255534 653929 289807 652850 271058 665605 656876 999999999 104258 877020 544496 220956 592708 785627 248394 215302 692594 783782 142875 133800 816383 194094 177178 765925 270839 521161 521263 485856 393260 140892 959816 353450 117643 343722 305638 249789 276785 442761 436200 756998 389005 237505 335374 727146 553926 307429 309564 267039 247692 972991 270479 478742 292376 1044802 493608
123885 366152 644231 409181 605359 267716 657924 406387 102012 660308 98960 613911 867073 420324 755358 119151 689978 171062 185638 427254 161139 156218 327070 578821 595972 919620 208864 864389 104203 695208 849820 433898 87718 468649 834476 574476 626961 455287 245547 838010 709853 676877 601659 528798 866314 358909 756007 380908 755238 309705 740137 756355 104258 999999999 959080 571328 292690 691785 836222 349454 303489 790785 867842 186526 36957 904045 285998 73335 860575 375027 612851 621844 589830 463993 51975 1044320 453243 190103 447979 204429 181359 184756 540172 540350 761731 347900 314032 242866 727054 642246 242897 236811 191785 304125 1060496 339694 497160 396617 1133844 465158
969688 772110 314854 847461 777215 701675 399571 555605 890045 462333 1036195 707002 363678 632612 743140 1011039 644392 899136 923948 563282 1104583 1006884 908260 589434 431658 177558 891963 149976 940486 470012 759959 559371 1011352 554036 164121 729803 527932 549433 841013 418193 393723 310928 450082 444492 104940 671883 709136 589879 698487 684248 232623 777798 877020 959080 999999999 579705 666774 772854 358461 770733 661773 317597 96339 963041 966949 100582 684026 1013047 225622 682982 863659 735415 632941 500360 959841 91986 561570 909510 651255 1093935 955374 1034099 471608 591807 714233 897855 912146 1071084 740676 908034 960207 986568 978556 665247 131462 621643 642418 674995 207763 860069
515237 640890 359345 285349 208780 437194 180266 361938 560822 125248 669697 772461 328174 154064 257850 560602 782413 620037 651477 445570 663950 537161 728416 15381 508580 649326 638499 435689 615587 655354 335193 199360 579014 496667 547510 761003 641441 174934 352626 283804 196451 469245 137156 240467 534429 522849 872303 404301 864813 273816 361902 916838 544496 571328 579705 999999999 355817 871553 302735 626394 408320 625257 524553 682732 558152 584142 431512 591035 626324 554783 880290 798572 697434 268212 543533 670435 485802 641900 591254 616747 474205 553596 480697 619097 245599 352222 723067 569744 237320 927391 451517 480108 491546 308996 709944 317480 82471 567257 787303 285353
