NAME : synthetic_000960
TYPE : CTSP-D
DIMENSION : 100
GROUPS : 8
RELAXATION_LEVEL : 1
EDGE_WEIGHT_TYPE : EXPLICIT
EDGE_WEIGHT_FORMAT : FULL_MATRIX
EDGE_WEIGHT_SECTION
999999999 387014 780366 458226 918942 779507 837425 1128858 959327 591507 301103 977925 748604 338720 320261 545335 675165 376336 308614 736812 328545 161416 1011543 764949 825114 937554 828361 729446 494390 585084 524755 278487 707852 205409 245867 1031964 642887 1021539 406122 790363 799399 429752 139952 231293 660363 192845 338013 410631 798023 631004 599938 271519 639088 905714 380196 822518 854784 802674 956440 610629 755888 730922 767498 621347 798826 545885 743274 924949 456625 675593 867473 590304 129554 838237 501910 717447 844339 799244 520476 734215 357302 204111 18102 805733 393246 804633 873146 717829 755066 669037 207714 380360 155703 213771 221577 443127 808198 113333 386541 325915
387014 999999999 710785 97744 609649 446379 455412 762519 572511 345053 97532 626298 361595 52644 168057 314354 369506 494546 78570 622511 316210 271082 666513 400143 474681 622116 450866 685606 150198 247039 245297 296224 384027 209259 219201 649952 633705 648105 23860 436037 417916 308735 485957 297527 275633 406374 478625 390667 618318 432614 618898 289842 455712 523256 157539 455248 570688 415696 581140 273626 521869 456428 635488 387146 412682 352718 510769 624543 301108 344007 490180 203397 331359 507055 203791 475564 713282 513443 390420 417044 252829 183011 379377 552142 133267 549101 597724 330815 586617 627434 485164 243577 479929 317125 322679 371071 482304 350659 287841 359284
780366 710785 999999999 790838 544902 569948 790866 864422 931321 1049991 668300 707438 821444 688781 846042 1023619 1043725 429866 703951 108685 467273 645955 701080 983616 636014 569902 974702 62747 609847 576554 949550 932202 536643 794483 845214 904186 155497 834246 698063 1034718 768433 1007172 727319 560230 740274 597863 468092 375468 221266 1142051 209889 923212 1165975 994499 861222 1016626 458513 859430 806984 937945 1219614 424412 128909 378474 882557 1063501 1209669 523227 1006725 998514 1003224 763082 853815 579291 906966 358806 129695 452117 320539 1073453 483979 714492 791883 1239504 577659 383141 442278 809044 204559 113264 635809 479974 697036 906861 562354 361117 555986 667119 443894 456916
458226 97744 790838 999999999 625443 456172 416105 736574 515684 259157 191230 615630 305656 146848 175125 235359 272409 592284 163271 697524 413459 360308 659512 310634 470577 634279 370142 769839 192471 272759 158807 305813 403962 260997 249281 606425 723046 616837 98911 342858 380982 267763 568893 393829 238097 499349 576211 485465 679555 352963 711089 301865 378305 448333 131438 367300 599799 356133 549035 176015 431553 495553 706733 445726 347145 280900 420974 644158 249594 246449 409284 152150 380634 514857 116243 525576 782454 544519 472944 319300 347855 260089 448011 458391 220678 590477 629337 275047 651754 713280 576065 336190 565717 345372 418475 462344 494591 437186 381124 456873
918942 609649 544902 625443 999999999 170145 346680 319619 448239 834030 647354 167744 444985 630719 776505 831644 768070 747385 662736 447053 628896 758624 156182 630925 182514 25703 578978 579050 460172 362614 752328 905839 225623 803030 825952 382399 617734 302279 586092 680288 347398 893110 951261 708278 423983 816518 767012 597595 323659 933202 654272 899330 961873 557865 751404 636454 90178 452337 295287 678577 956119 195912 417018 314435 482977 884732 950518 30048 872871 709343 591557 500663 915532 116564 717706 238027 436902 127944 461183 767800 571413 744185 919987 950644 534611 169364 102768 453169 345780 567395 893174 544982 929168 921172 729697 542956 131123 827657 553999 660714
779507 446379 569948 456172 170145 999999999 226029 367576 361588 665600 493918 203270 294360 472307 611299 662037 604677 664891 505088 461955 518742 623034 232432 479974 69111 178137 441058 587126 299695 201436 582490 742122 72689 646372 664876 344502 599989 289999 422572 531159 211577 723586 828505 584980 257466 700854 677073 509834 365975 765095 624342 735991 793662 439162 583448 494331 169841 314670 246104 511763 793657 145851 444116 234652 343225 714952 787421 191699 702914 546849 460910 331135 762810 60787 547602 211704 490755 133912 385747 609257 450555 593547 778499 791972 387123 207433 202465 296448 367673 558109 781839 422704 809497 761685 608955 455245 39268 697656 442559 557325
837425 455412 790866 416105 346680 226029 999999999 325532 147932 546230 536390 243843 126795 499742 591083 557720 456093 817836 531415 682239 647580 699370 292436 295976 171781 338863 233654 802860 351945 286199 487799 721704 255960 663166 662332 194724 804589 202808 433961 341598 38140 656626 917927 687832 180657 808612 821107 666663 591722 638981 821544 717927 667571 215098 544902 292562 384537 110581 135678 388142 635752 367677 667274 429821 141396 611497 632189 375929 627468 396885 244901 263975 785624 242661 465306 432513 716532 358512 564832 441981 570319 634555 831588 621245 462427 432795 415750 150945 591310 767839 892218 543596 905152 760040 714332 616595 251671 780334 577116 692186
1128858 762519 864422 736574 319619 367576 325532 999999999 303807 865948 831334 168522 450556 800673 910060 880715 766990 1030752 833626 766284 885832 978363 163525 593332 308714 294521 510877 898268 634787 544943 812703 1042071 438774 971657 977422 179557 932887 123720 739474 628501 357306 982147 1189956 948168 498482 1065931 1044157 876035 643156 954727 966089 1037734 982800 445825 867115 569249 407862 419165 189855 710127 934202 483947 736636 594423 445107 934062 932688 341692 952933 709638 501094 585207 1093245 321451 790836 541298 753579 428903 747528 741869 815948 932177 1125593 909421 737319 486324 422144 476309 664911 884109 1147735 787988 1172506 1075908 972938 821109 353409 1056051 809786 924860
959327 572511 931321 515684 448239 361588 147932 303807 999999999 585383 660899 303662 211460 620894 688507 607539 477353 963451 650735 823076 790657 829662 346509 299614 297882 433848 212300 946251 488048 431155 549720 813661 400931 773844 764839 125319 951061 193660 553249 328825 181133 725649 1048886 825231 301131 945695 965420 813315 725678 666805 968979 811177 693913 142022 635811 268147 504126 159566 159185 439155 634488 506911 805691 576475 172739 658554 633826 478272 692686 423491 198020 370162 895265 363184 537276 572600 849987 488031 712762 445124 712790 755217 951888 606969 598591 562347 532896 242409 729215 913170 1029150 686631 1038048 859729 851954 763813 379976 911079 721759 835851
591507 345053 1049991 259157 834030 665600 546230 865948 585383 999999999 416963 782982 419580 380721 278747 46573 118509 822347 380371 956236 653361 553871 830887 289961 659410 837454 379284 1028341 446779 512282 100554 332480 628677 393510 345955 703172 978699 742406 353990 279734 522047 185203 725795 611815 410537 696262 800001 733660 932616 99869 963540 335899 128167 465120 227180 337089 825845 446820 678721 159088 179303 734784 964425 699521 421926 77321 167528 857161 149118 162869 407424 335438 473619 717872 143092 772861 1039174 774462 731647 174487 596308 440294 575910 219140 476714 829358 857341 398710 907099 971149 760729 588513 732249 399808 632483 716105 704799 615471 632458 692868
301103 97532 668300 191230 647354 493918 536390 831334 660899 416963 999999999 685751 451822 45021 177744 380178 457242 407436 37458 589686 236783 174051 722516 497590 532425 662850 547751 636018 197509 293425 321533 279027 425396 157070 191159 730874 574500 721633 110608 532823 498340 339505 390873 203148 360437 309065 388266 320957 605639 495235 553204 270838 515276 618671 199635 552778 596496 506615 656019 366365 596204 475437 608249 386091 505776 409791 584489 658375 342197 436760 587029 295946 269009 554336 283226 481328 687790 538895 351014 507960 187804 100955 295881 631583 116504 562472 620303 421482 569299 575538 387633 188356 383572 278253 227387 312627 526486 254396 227160 275963
977925 626298 707438 615630 167744 203270 243843 168522 303662 782982 685751 999999999 366047 659231 783507 789861 698465 863012 692386 605973 721655 823577 48607 539434 153342 146073 471386 737498 488338 393390 715339 916114 275767 832957 844964 218882 767655 135734 602600 583737 261841 874864 1031222 787978 383747 904121 877176 708549 487150 878255 799386 910889 907019 431007 746945 531481 249073 353909 144481 623897 879535 315666 578678 426064 384354 843957 875853 195121 849160 639013 474845 470480 952525 153379 687262 374157 603491 262905 579167 685822 653819 786535 975961 864719 584684 325071 268718 384447 504822 720029 985074 625958 1012539 943262 812104 653520 185546 899400 645403 759557
748604 361595 821444 305656 444985 294360 126795 450556 211460 419580 451822 366047 999999999 410782 479899 431056 332649 780543 440021 713695 601432 622848 414490 186514 262472 442124 153611 823881 292006 260468 362171 607634 293540 562505 554900 303411 810998 327009 342938 237094 104389 533178 841741 625207 99733 744474 777862 637408 641586 513049 819693 604575 541725 185743 429592 201566 463954 55116 261155 261349 516274 414931 705507 444641 64411 484774 511847 472283 503017 273134 182342 158739 684122 330998 341725 473956 764547 425785 556896 324504 523176 544540 740861 506699 399723 496108 496508 30951 632637 781233 827341 498926 832317 650814 652017 592861 329253 704226 538305 647663
338720 52644 688781 146848 630719 472307 499742 800673 620894 380721 45021 659231 410782 999999999 163868 346149 415177 448200 33158 605479 273413 218473 697643 452578 506332 644865 503364 659736 172666 270880 283241 280426 406230 174260 196258 694462 602572 688668 67887 487877 461883 319637 433999 246991 321695 354077 430486 353231 612102 462952 584260 273001 484306 575136 172567 507823 585167 465295 622350 322513 559433 466724 621490 386051 463400 379415 547944 643544 317952 392960 542667 253617 293431 533061 243571 478742 700421 527521 368820 464824 216639 134933 332106 592842 117140 556738 610531 380202 577800 600200 432578 212121 427526 290455 271658 339369 506523 298260 254271 314677
320261 168057 846042 175125 776505 611299 591083 910060 688507 278747 177744 783507 479899 163868 999999999 234592 354970 557544 142769 766549 403813 278209 825739 455480 634555 788228 527864 813219 318157 414121 204559 132648 550994 116278 80425 781476 749358 791195 191033 475417 555661 162976 449763 344704 412134 419114 531401 493040 775969 338192 725090 127790 353976 610873 60749 513233 738744 529074 723418 294847 453222 623909 783932 548985 517805 249892 440800 792030 170886 356967 565811 327120 218277 671644 183101 640280 863160 681485 528300 413960 364234 165266 306306 497511 280990 715913 765704 449525 741548 752450 482003 366081 454562 171230 362412 489218 648050 336773 404027 436987
545335 314354 1023619 235359 831644 662037 557720 880715 607539 46573 380178 789861 431056 346149 234592 999999999 156337 783162 343092 932111 616961 511319 837220 317967 660702 836482 406286 999823 426875 498880 80606 286207 620719 348440 300015 722351 947328 756995 325618 313699 531141 141386 680082 571655 411113 653221 759821 699304 914160 118446 930336 289499 142986 493136 185714 368475 818446 462995 691991 170760 219458 722603 941965 680408 440020 54096 207210 853683 104750 191521 436809 330983 427062 716281 120787 757413 1017811 765640 703937 215222 562694 397721 529645 263042 447348 817574 849426 407809 886970 941787 716454 556451 686954 353360 591655 684182 701303 571293 599738 655372
675165 369506 1043725 272409 768070 604677 456093 766990 477353 118509 457242 698465 332649 415177 354970 156337 999999999 863258 424032 944126 685693 613783 746982 177993 587840 768379 267027 1028929 434095 479443 150416 434182 578845 470836 431007 598482 989026 644508 370891 161867 437038 297077 803494 659780 347844 756570 845427 757228 904800 189452 980279 436185 216728 350956 295780 220663 771391 350110 583590 105783 189179 693299 947407 676867 322402 195809 182747 793365 260293 59535 292289 289877 565841 651650 178278 739126 1018339 724085 733352 60637 619924 502874 660929 196689 490194 785477 803729 317527 884142 974959 827479 607104 806351 498699 683000 731602 643045 683190 652229 728676
376336 494546 429866 592284 747385 664891 817836 1030752 963451 822347 407436 863012 780543 448200 557544 783162 863258 999999999 442847 417604 182928 287939 881012 879315 729529 771460 910346 371877 490310 532296 728701 595826 596918 464713 521812 992610 279193 951770 496566 921313 782579 714724 299667 212841 680915 183534 39557 155109 516780 894064 230153 586866 911177 965017 597885 929521 662954 833455 898782 767915 1001543 554600 455462 438146 843676 806285 989587 741357 727923 838133 947783 651700 478411 709633 690658 510504 521438 619835 286553 911580 259260 393971 391226 1038647 391446 591341 668557 755206 472653 316937 206356 281941 269086 550066 196746 209710 677499 270512 242621 136981
308614 78570 703951 163271 662736 505088 531415 833626 650735 380371 37458 692386 440021 33158 142769 343092 424032 442847 999999999 623781 273950 197077 730750 473032 539473 677147 527448 672479 205567 303654 285866 251897 438614 141309 166022 726130 611705 721290 97796 506129 493653 303306 408739 235816 352630 336559 422548 358412 635744 457874 590645 244150 477834 601119 162191 529096 615867 494214 654843 335977 559666 496547 641381 412503 491212 372341 547886 675173 305137 406096 566780 281956 260284 565820 248428 506371 720717 558199 385596 476028 224879 104520 301315 595808 141787 585625 640789 409280 600353 612181 412794 224363 403877 258604 259016 349522 539089 274833 264016 312536
736812 622511 108685 697524 447053 461955 682239 766284 823076 956236 589686 605973 713695 605479 766549 932111 944126 417604 623781 999999999 411488 591130 602781 878003 528526 472505 867113 132002 511885 472060 856243 861652 427973 725819 773487 798418 186143 730240 607945 929359 659753 925115 702378 508408 634040 565991 452225 326297 129522 1050252 234992 852846 1074997 885952 776517 909850 358505 751093 700780 838426 1122858 316219 40189 272561 774472 974128 1113253 427622 922012 897297 895231 660375 796749 473431 813729 250476 107698 347085 238955 971686 412727 646519 746423 1140512 490829 280929 345659 701905 101384 131255 616342 403825 673136 842560 515304 298016 449173 624088 373520 411305
328545 316210 467273 413459 628896 518742 647580 885832 790657 653361 236783 721655 601432 273413 403813 616961 685693 182928 273950 411488 999999999 179969 746204 696404 578220 650719 728183 424252 309736 361736 556616 470506 447061 332384 386393 829522 350410 796495 316101 738628 611135 566272 325426 97530 501707 187907 176448 93224 470031 731677 321986 461399 751143 784767 435058 746637 553535 655109 739165 588027 832433 433337 440357 315776 663858 645580 820824 629071 573817 657909 765872 469079 387147 570366 516903 405998 518306 502351 193505 732119 78314 253156 336731 866227 208549 493240 566775 575206 426771 362288 264923 104050 301462 440363 109327 114742 538226 218631 76287 46466
161416 271082 645955 360308 758624 623034 699370 978363 829662 553871 174051 823577 622848 218473 278209 511319 613783 287939 197077 591130 179969 999999999 855458 669907 671801 777659 721770 600484 348826 433464 468358 308561 550789 177207 234333 892199 521143 875163 284513 703149 661252 429348 219224 86451 528548 143052 257571 270488 642690 616198 485627 299532 631040 792435 326789 725690 693486 677891 811701 531152 730666 569661 619110 460019 678448 527847 718328 764069 445365 600689 761057 468962 207891 680867 435603 556293 697579 638114 365241 668366 196777 113611 165163 772954 241399 643374 711730 592934 600594 538679 215901 219115 209877 267858 92634 293327 650307 81434 228287 191733
1011543 666513 701080 659512 156182 232432 292436 163525 346509 830887 722516 48607 414490 697643 825739 837220 746982 881012 730750 602781 746204 855458 999999999 587939 191831 131304 519260 734773 525700 429183 762237 958203 304875 871767 885589 252377 770624 166813 642717 632041 310212 920351 1060087 816234 429730 930699 897038 727602 479830 926417 805031 952783 955193 476893 790595 579412 244448 402433 188160 671802 928141 327958 573159 442866 432831 891313 924459 179286 895141 687516 521905 515992 990403 176223 733555 381788 591710 268609 595243 734417 680789 822959 1010210 913205 618613 323143 258856 432544 501417 721308 1010682 653131 1040493 983636 839760 672452 208124 929950 669951 782530
764949 400143 983616 310634 630925 479974 295976 593332 299614 289961 497590 539434 186514 452578 455480 317967 177993 879315 473032 878003 696404 669907 587939 999999999 448489 627142 89429 979229 399599 407550 275108 563021 472127 561856 535905 421817 954812 472348 390706 52062 285240 448710 879385 695402 244530 806501 869047 751140 817040 367358 955922 562748 394327 175373 395631 57807 649792 185540 414603 164560 342636 593097 874053 605486 155147 365692 340257 658505 413147 127240 119071 232276 673662 517458 277354 648353 937753 609757 695552 148882 621621 570438 753427 325303 488098 678332 682399 184733 803977 931418 885026 602197 876326 620061 721240 714594 515495 747646 646066 742416
825114 474681 636014 470577 182514 69111 171781 308714 297882 659410 532425 153342 262472 506332 634555 660702 587840 729529 539473 528526 578220 671801 191831 448489 999999999 180649 399262 654866 335056 240207 583094 766864 132665 680294 693768 275393 669011 222759 450887 498086 166484 734569 881658 639497 249609 757254 740299 574435 427818 757605 693431 761334 786404 386840 601008 455645 212773 271978 176998 501859 775075 213398 509145 302996 302212 714478 769796 210065 711093 528747 414746 332331 799463 71191 551441 279093 552111 190358 453006 585708 507411 633196 822925 768443 431991 264835 243995 271387 432574 626812 839194 479444 863907 791805 664226 520272 82194 748522 502488 618280
937554 622116 569902 634279 25703 178137 338863 294521 433848 837454 662850 146073 442124 644865 788228 836482 768379 771460 677147 472505 650719 777659 131304 627142 180649 999999999 572198 604491 473378 375287 757663 918306 238701 817868 839416 363019 643436 281518 598434 675825 342337 901576 972223 728872 426925 838112 790660 621112 348637 936246 679928 911956 964987 547472 761465 630368 115874 446368 278612 680945 955724 218619 442210 337187 477204 889853 950429 49162 880499 709347 583192 505796 931488 120387 723902 262808 460806 151639 485074 766079 591988 760462 938250 948669 551160 195066 127624 452001 371276 593078 915281 565316 950459 935234 750622 566347 140291 847580 575508 683203
828361 450866 974702 370142 578978 441058 233654 510877 212300 379284 547751 471386 153611 503364 527864 406286 267027 910346 527448 867113 728183 721770 519260 89429 399262 572198 999999999 976036 421136 407746 358906 641785 446389 628806 607885 336210 960116 392221 437679 117624 232834 534315 936184 738260 240401 853545 903687 773846 794528 456104 966284 640862 482770 87213 469552 60233 608590 127353 338661 246569 423473 567515 859118 597248 97856 454734 422306 607774 499299 216447 39332 259863 744561 470193 356159 627286 917814 574392 703489 232843 651086 628868 817978 399561 520500 646221 640773 166929 786171 932123 934262 629118 930779 695961 764717 732718 473293 801515 671147 774633
729446 685606 62747 769839 579050 587126 802860 898268 946251 1028341 636018 737498 823881 659736 813219 999823 1028929 371877 672479 132002 424252 600484 734773 979229 654866 604491 976036 999999999 595285 571921 927794 893268 546965 755102 807360 927062 94131 860514 674615 1029615 778070 975516 670739 514166 738315 543928 410633 331201 259133 1118178 147980 884206 1141257 1001181 832195 1015152 490453 864730 829002 923399 1200803 441495 164667 379388 886324 1037601 1190485 559431 977100 986139 1006215 754003 808186 602515 885314 375781 186645 477295 296940 1061686 449092 675211 741631 1223407 552476 412617 477532 809340 233357 61965 578213 448273 640298 864572 514223 324293 577066 616593 409203 409469
494390 150198 609847 192471 460172 299695 351945 634787 488048 446779 197509 488338 292006 172666 318157 426875 434095 490310 205567 511885 309736 348826 525700 399599 335056 473378 421136 595285 999999999 98368 348228 445889 234753 346871 366039 543618 560396 527591 127160 446462 314004 450350 566477 337208 192422 457784 486170 353268 487314 543345 557818 439260 569424 475069 300988 445173 420774 346139 463305 328379 610976 308628 518162 253534 354133 473347 601415 474526 437274 391042 458011 167324 464707 360468 306353 333934 592415 363703 301662 466776 231655 298420 490825 629657 110726 402571 448235 265474 460480 542517 541317 208430 553242 462215 363915 315019 334318 429226 250012 356093
585084 247039 576554 272759 362614 201436 286199 544943 431155 512282 293425 393390 260468 270880 414121 498880 479443 532296 303654 472060 361736 433464 429183 407550 240207 375287 407746 571921 98368 999999999 418413 543250 136991 444945 464250 469149 552383 443409 223483 458344 250388 538517 646915 408673 167572 528846 534917 383050 425408 611428 559424 536794 638786 445404 392173 443696 328036 308908 382109 375407 664668 223876 471157 200048 324827 548645 656252 377952 522199 428871 440625 190413 561894 262181 378726 261307 539773 272083 296530 501817 285094 393776 582737 675860 192428 318927 356974 241227 405309 525520 612139 257967 631048 560577 434540 335423 235979 511700 290949 406064
524755 245297 949550 158807 752328 582490 487799 812703 549720 100554 321533 715339 362171 283241 204559 80606 150416 728701 285866 856243 556616 468358 762237 275108 583094 757663 358906 927794 348228 418413 999999999 291751 540273 320518 281024 659860 878612 689179 253565 283410 459234 176377 653509 520397 333929 611409 708036 635110 835153 195117 864169 292577 221436 445944 145717 330493 738013 398858 623105 112497 276737 642069 864983 601591 378549 132496 265526 774025 142979 159291 393135 251866 416898 637341 42584 677409 940203 685083 631093 209739 497460 355930 510571 310051 376355 737021 768930 336913 808691 870666 680082 488874 656976 353245 542289 616306 621741 535205 533074 597227
278487 296224 932202 305813 905839 742122 721704 1042071 813661 332480 279027 916114 607634 280426 132648 286207 434182 595826 251897 861652 470506 308561 958203 563021 766864 918306 641785 893268 445889 543250 291751 999999999 680227 138213 88522 910487 820785 922644 319873 574991 686783 155007 418365 391059 543751 430743 563645 563581 884346 356493 789573 9125 362303 727156 178098 619789 864532 654982 854842 398516 483707 747036 882909 664160 641529 275205 471162 920398 186458 451023 678293 457896 150203 802661 285986 758268 962709 806981 623110 494809 449559 218059 260975 536531 393368 837111 890467 577722 847357 831444 474883 458063 431815 68616 401104 571089 778386 338853 489371 494147
707852 384027 536643 403962 225623 72689 255960 438774 400931 628677 425396 275767 293540 406230 550994 620719 578845 596918 438614 427973 447061 550789 304875 472127 132665 238701 446389 546965 234753 136991 540273 680227 999999999 579547 600760 401700 550448 354976 360472 524149 231823 671494 755816 512316 233474 628411 607688 441844 348144 728545 570455 673744 756695 458470 527357 494678 197742 325313 304858 480412 767745 121471 415729 176939 350622 672423 760578 241472 653175 523161 471369 293906 694383 130404 502967 181509 471592 146019 322634 590403 378110 524181 707162 771254 316361 207810 228800 287979 341186 512295 709599 350225 736848 696548 536349 387814 101199 625087 371021 486347
205409 209259 794483 260997 803030 646372 663166 971657 773844 393510 157070 832957 562505 174260 116278 348440 470836 464713 141309 725819 332384 177207 871767 561856 680294 817868 628806 755102 346871 444945 320518 138213 579547 999999999 57133 857174 682747 857300 232182 585637 626017 253191 333501 255648 482629 311428 434778 425405 754232 445602 652223 129131 458352 708805 175188 619605 753515 614804 790238 405534 565110 632482 748270 540860 607518 357646 552573 814736 271858 470185 667569 404276 122458 707090 296532 636918 828078 695896 488068 529427 313121 79999 192469 611372 273347 718989 777370 531568 715911 693261 369012 323481 338802 121944 268170 433401 680203 224651 352624 357168
245867 219201 845214 249281 825952 664876 662332 977422 764839 345955 191159 844964 554900 196258 80425 300015 431007 521812 166022 773487 386393 234333 885589 535905 693768 839416 607885 807360 366039 464250 281024 88522 600760 57133 999999999 854517 736727 860348 243050 555478 626094 197005 380191 312241 482052 367291 491900 479016 796006 392248 707316 80008 403841 690449 140731 593658 781416 605273 792756 374974 513879 662531 794491 577003 595235 304914 501289 839386 217553 436086 645960 399331 137932 725634 262612 671701 874283 723765 534812 490730 361855 133306 230765 561834 306451 751559 806635 524229 758886 745668 422050 369760 388069 98553 325213 484249 700192 278980 401788 412827
1031964 649952 904186 606425 382399 344502 194724 179557 125319 703172 730874 218882 303411 694462 781476 722351 598482 992610 726130 798418 829522 892199 252377 421817 275393 363019 336210 927062 543618 469149 659860 910487 401700 857174 854517 999999999 944240 85671 628630 453395 232618 833954 1110078 876566 374606 997175 999443 838573 688620 787686 968731 907196 815197 266943 732622 393084 454065 261071 98506 552076 759290 487084 775717 577013 282349 774515 758402 411273 802423 543000 323335 455188 979598 325007 643150 552057 809690 452106 724226 568868 753863 829256 1026250 732276 653244 523008 478514 332866 699628 901334 1080665 726434 1096361 951609 902765 785928 350081 972818 756392 872702
642887 633705 155497 723046 617734 599989 804589 932887 951061 978699 574500 767655 810998 602572 749358 947328 989026 279193 611705 186143 350410 521143 770624 954812 669011 643436 960116 94131 560396 552383 878612 820785 550448 682747 736727 944240 999999999 883522 625359 1003789 776529 912325 578697 434772 719901 454657 318302 257792 313723 1064997 54588 811670 1086810 993075 773459 994776 527599 855712 845738 884574 1154334 458152 225609 374769 874798 981984 1143535 601595 916663 950003 992542 724816 727578 624190 836580 395000 268600 504753 259455 1025951 386885 603549 655786 1180673 502587 448390 519924 793417 278439 54988 485481 390924 548162 787905 432089 263262 596004 530873 348359 329465
1021539 648105 834246 616837 302279 289999 202808 123720 193660 742406 721633 135734 327009 688668 791195 756995 644508 951770 721290 730240 796495 875163 166813 472348 222759 281518 392221 860514 527591 443409 689179 922644 354976 857300 860348 85671 883522 999999999 625541 509567 236050 859233 1090202 851528 379063 971093 961618 796748 615963 831717 911222 918578 859886 333632 746655 451561 378822 295753 67802 586413 814370 425539 705366 524575 322215 810348 812427 330367 829710 586792 385922 464885 979458 259392 667813 488747 734937 383259 675556 621188 723309 821909 1017271 791754 633882 451247 401196 353150 630073 838424 1053968 695445 1074443 958602 877082 742790 287826 954406 721540 837866
406122 23860 698063 98911 586092 422572 433961 739474 553249 353990 110608 602600 342938 67887 191033 325618 370891 496566 97796 607945 316101 284513 642717 390706 450887 598434 437679 674615 127160 223483 253565 319873 360472 232182 243050 628630 625359 625541 999999999 428583 396307 327981 501334 304785 254850 416711 482421 386587 600105 444064 612477 313554 467931 508064 176975 444840 547899 397416 558722 271928 529004 434440 619787 367958 395622 366204 518176 601172 318624 341849 476905 185791 354000 483235 211321 455060 697077 490755 378359 416055 249066 202050 399069 557087 122830 527514 575170 312333 569254 617175 496732 237352 494165 340922 330541 363866 458567 365003 282238 360300
790363 436037 1034718 342858 680288 531159 341598 628501 328825 279734 532823 583737 237094 487877 475417 313699 161867 921313 506129 929359 738628 703149 632041 52062 498086 675825 117624 1029615 446462 458344 283410 574991 524149 585637 555478 453395 1003789 509567 428583 999999999 333499 450610 908909 733096 296324 841773 909700 796193 869073 346391 1003838 575529 371838 193710 414781 61506 700908 231138 454668 180584 305952 645149 925738 656804 200226 356982 305030 708148 414174 124958 134235 279547 693353 567548 293219 700382 989691 661399 744374 117931 664933 600309 778036 282694 531076 730211 733490 236578 855853 981241 918922 646423 907299 635037 758546 761025 566341 779404 690706 784332
799399 417916 768433 380982 347398 211577 38140 357306 181133 522047 498340 261841 104389 461883 555661 531141 437038 782579 493653 659753 611135 661252 310212 285240 166484 342337 232834 778070 314004 250388 459234 686783 231823 626017 626094 232618 776529 236050 396307 333499 999999999 625695 879847 650190 144047 770961 785177 632184 574160 616603 791857 682828 645339 228568 510605 289278 376510 105505 168289 363136 620126 347946 646570 402132 135778 585138 615898 375758 597375 377522 249895 228908 748470 237360 434880 411600 698804 345468 533353 427549 533651 596646 793633 608902 424560 418877 408483 123486 571212 741208 854565 507098 867157 724015 676726 582764 241518 742235 541285 655965
429752 308735 1007172 267763 893110 723586 656626 982147 725649 185203 339505 874864 533178 319637 162976 141386 297077 714724 303306 925115 566272 429348 920351 448710 734569 901576 534315 975516 450350 538517 176377 155007 671494 253191 197005 833954 912325 859233 327981 450610 625695 999999999 568701 502623 491252 564286 686412 655946 926927 201812 887866 160374 209478 621498 151203 502296 866459 572960 792302 288633 328706 758640 940729 695764 553865 120874 316157 911919 36785 326081 567552 404406 303892 781791 191483 782693 1019365 810576 688054 356488 526832 320894 412765 381737 435279 852880 895470 506121 894589 914948 617588 527643 579763 223613 518144 651821 762160 475666 566482 598212
139952 485957 727319 568893 951261 828505 917927 1189956 1048886 725795 390873 1031222 841741 433999 449763 680082 803494 299667 408739 702378 325426 219224 1060087 879385 881658 972223 936184 670739 566477 646915 653509 418365 755816 333501 380191 1110078 578697 1090202 501334 908909 879847 568701 999999999 244017 747767 140004 260402 384650 783332 769364 529675 411297 778169 1009126 507810 936192 878220 896729 1027801 731684 893244 756769 737322 640326 896596 683452 880633 952921 594550 798989 975515 686804 269375 884023 627107 731423 809305 825967 514502 861350 380543 308964 157710 941965 457168 818649 892096 811683 738952 614055 95474 407720 30630 353603 221602 429966 852505 137828 397985 303366
231293 297527 560230 393829 708278 584980 687832 948168 825231 611815 203148 787978 625207 246991 344704 571655 659780 212841 235816 508408 97530 86451 816234 695402 639497 728872 738260 514166 337208 408673 520397 391059 512316 255648 312241 876566 434772 851528 304785 733096 650190 502623 244017 999999999 527100 120782 188206 184968 566782 681517 399953 381955 698393 802770 386023 749034 637375 680142 790781 569413 790648 514814 537749 400115 684616 593611 778569 710918 515157 639837 777083 479408 294033 640107 483989 493877 615468 583989 289408 711065 136887 181754 239216 829436 226670 581445 652942 596717 523774 452408 204387 163779 224570 353569 26812 212272 608534 123512 158845 105314
660363 275633 740274 238097 423983 257466 180657 498482 301131 410537 360437 383747 99733 321695 412134 411113 347844 680915 352630 634040 501707 528548 429730 244530 249609 426925 240401 738315 192422 167572 333929 543751 233474 482629 482052 374606 719901 379063 254850 296324 144047 491252 747767 527100 999999999 646893 678133 538635 573548 509380 725964 539580 538100 284507 368795 276856 423568 153736 311293 254665 537012 352197 629548 361810 162919 464936 530468 447924 465453 290852 274165 87458 605077 307573 303896 404918 693500 377154 463117 356952 423445 456589 653749 538226 300936 441276 455943 75271 559553 692864 730046 399221 737181 580019 553908 495072 296254 609972 438821 547931
192845 406374 597863 499349 816518 700854 808612 1065931 945695 696262 309065 904121 744474 354077 419114 653221 756570 183534 336559 565991 187907 143052 930699 806501 757254 838112 853545 543928 457784 528846 611409 430743 628411 311428 367291 997175 454657 971093 416711 841773 770961 564286 140004 120782 646893 999999999 145205 245055 643718 755871 409466 422176 769497 920280 469418 861317 741411 799508 910869 672311 872284 621138 599996 503683 803114 667593 859883 816962 583091 742201 892607 596207 300973 754501 578485 593228 673410 690200 374669 810719 250304 256130 208001 915399 347123 680176 754291 715632 599405 485046 83606 278191 114066 377865 94411 289990 722591 92596 262608 163383
338013 478625 468092 576211 767012 677073 821107 1044157 965420 800001 388266 877176 777862 430486 531401 759821 845427 39557 422548 452225 176448 257571 897038 869047 740299 790660 903687 410633 486170 534917 708036 563645 607688 434778 491900 999443 318302 961618 482421 909700 785177 686412 260402 188206 678133 145205 999999999 169717 547460 869065 269636 554762 885377 961160 574150 920428 684179 831468 906923 752214 978853 572645 489461 454900 840300 780977 966771 762315 700973 822622 941599 644099 442680 723961 670969 531734 557059 639120 306088 895195 254689 366653 353189 1017431 383230 614401 691336 751644 503086 354968 167722 279520 229860 515940 168990 224786 691708 233975 244006 130228
410631 390667 375468 485465 597595 509834 666663 876035 813315 733660 320957 708549 637408 353231 493040 699304 757228 155109 358412 326297 93224 270488 727602 751140 574435 621112 773846 331201 353268 383050 635110 563581 441844 425405 479016 838573 257792 796748 386587 796193 632184 655946 384650 184968 538635 245055 169717 999999999 398699 815565 232391 554480 836080 823003 520581 798181 515627 688930 744219 656235 911824 402957 357986 285203 701378 730665 900511 593507 661831 724904 810129 519570 478354 555201 594185 363494 433929 469661 137722 800255 137842 345947 420604 942786 268277 447653 524073 613753 354357 269240 308027 150915 357156 533378 189378 55151 523004 297793 105896 85081
798023 618318 221266 679555 323659 365975 591722 643156 725678 932616 605639 487150 641586 612102 775969 914160 904800 516780 635744 129522 470031 642690 479830 817040 427818 348637 794528 259133 487314 425408 835153 884346 348144 754232 796006 688620 313723 615963 600105 869073 574160 926927 783332 566782 573548 643718 547460 398699 999999999 1030183 359638 875985 1056541 802721 775807 842329 238092 672423 592806 800757 1089790 227237 94606 233830 698471 960413 1081177 302109 918725 853404 818973 615233 840167 365788 793530 168697 124810 238436 277717 925091 449791 678108 805250 1101065 495016 165664 221013 634584 44547 259414 703953 433546 755625 875065 578960 356706 345881 688606 414826 481556
631004 432614 1142051 352963 933202 765095 638981 954727 666805 99869 495235 878255 513049 462952 338192 118446 189452 894064 457874 1050252 731677 616198 926417 367358 757605 936246 456104 1118178 543345 611428 195117 356493 728545 445602 392248 787686 1064997 831717 444064 346391 616603 201812 769364 681517 509380 755871 869065 815565 1030183 999999999 1047142 362116 28829 538839 297051 407162 925701 536181 769470 255864 128388 834288 1059682 796685 509621 88353 116110 956561 175019 245179 479663 435249 505702 816912 237171 871565 1135171 874319 822376 229787 679581 503456 614191 184574 565707 928950 957207 493881 1003799 1060020 814166 674074 779313 424970 700174 801759 804264 670246 717039 768846
599938 618898 209889 711089 654272 624342 821544 966089 968979 963540 553204 799386 819693 584260 725090 930336 980279 230153 590645 234992 321986 485627 805031 955922 693431 679928 966284 147980 557818 559424 864169 789573 570455 652223 707316 968731 54588 911222 612477 1003838 791857 887866 529675 399953 725964 409466 269636 232391 359638 1047142 999999999 780448 1068021 1003633 752835 998157 564157 866380 870422 876972 1140755 486095 275033 393524 883926 962704 1129667 639771 894191 943834 999891 724292 689921 652728 822641 425248 322158 537187 262920 1019741 367644 574056 613508 1169480 490631 485198 558808 800445 321842 106514 435612 375405 499063 753413 394657 248824 623440 489189 331107 295521
271519 289842 923212 301865 899330 735991 717927 1037734 811177 335899 270838 910889 604575 273001 127790 289499 436185 586866 244150 852846 461399 299532 952783 562748 761334 911956 640862 884206 439260 536794 292577 9125 673744 129131 80008 907196 811670 918578 313554 575529 682828 160374 411297 381955 539580 422176 554762 554480 875985 362116 780448 999999999 368467 725988 175373 619678 857469 652307 850783 398356 489008 739700 874203 656225 639234 280031 476444 913706 190945 451861 677568 454011 143857 796576 285482 750490 954009 799894 614353 496822 440673 209005 254114 541439 385463 829569 883274 574551 838895 822377 466917 449315 424384 64035 392060 562096 772120 330388 480464 485024
639088 455712 1165975 378305 961873 793662 667571 982800 693913 128167 515276 907019 541725 484306 353976 142986 216728 911177 477834 1074997 751143 631040 955193 394327 786404 964987 482770 1141257 569424 638786 221436 362303 756695 458352 403841 815197 1086810 859886 467931 371838 645339 209478 778169 698393 538100 769497 885377 836080 1056541 28829 1068021 368467 999999999 564849 316085 432898 953955 564459 797827 284686 131425 861885 1084951 822902 537721 105563 120139 985167 186498 273164 505546 463601 512323 845609 263071 898583 1160752 902399 845953 254520 700738 519012 621994 189912 588959 956623 985409 522666 1029736 1082766 825797 695997 789126 430287 716388 823553 832844 682665 738573 787503
905714 523256 994499 448333 557865 439162 215098 445825 142022 465120 618671 431007 185743 575136 610873 493136 350956 965017 601119 885952 784767 792435 476893 175373 386840 547472 87213 1001181 475069 445404 445944 727156 458470 708805 690449 266943 993075 333632 508064 193710 228568 621498 1009126 802770 284507 920280 961160 823003 802721 538839 1003633 725988 564849 999999999 553427 132232 599612 137378 289601 333517 496419 576288 874135 622295 121627 541052 496540 587602 586510 302586 59475 324209 826245 457545 442117 639407 927340 572637 741227 311626 706724 704131 896024 466384 580056 646570 630722 209817 799167 961173 1002156 683111 1002206 780099 829478 778601 466531 873066 723227 831151
380196 157539 861222 131438 751404 583448 544902 867115 635811 227180 199635 746945 429592 172567 60749 185714 295780 597885 162191 776517 435058 326789 790595 395631 601008 761465 469552 832195 300988 392173 145717 178098 527357 175188 140731 732622 773459 746655 176975 414781 510605 151203 507810 386023 368795 469418 574150 520581 775807 297051 752835 175373 316085 553427 999999999 453313 719962 476952 678881 234249 405034 609616 791054 544579 463977 210522 392853 768745 145607 296275 507152 281924 278658 642943 122371 631984 869364 663465 541002 354239 386592 213300 366545 446183 285763 703390 748275 399779 743756 772466 535789 384168 511360 226685 405947 510716 621274 390612 425273 471800
822518 455248 1016626 367300 636454 494331 292562 569249 268147 337089 552778 531481 201566 507823 513233 368475 220663 929521 529096 909850 746637 725690 579412 57807 455645 630368 60233 1015152 445173 443696 330493 619789 494678 619605 593658 393084 994776 451561 444840 61506 289278 502296 936192 749034 276856 861317 920428 798181 842329 407162 998157 619678 432898 132232 453313 999999999 663039 184125 398765 221322 366346 616145 903710 638211 153515 413947 365820 664983 466319 177076 72770 278766 731438 526212 334509 674177 964679 626788 736332 179395 670922 627322 811081 340327 538088 697576 695410 208395 831942 969193 940401 650542 932741 677389 775069 759769 527765 803885 693823 792863
