NAME : synthetic_000121
TYPE : CTSP-D
DIMENSION : 100
GROUPS : 8
RELAXATION_LEVEL : 1
EDGE_WEIGHT_TYPE : EXPLICIT
EDGE_WEIGHT_FORMAT : FULL_MATRIX
EDGE_WEIGHT_SECTION
999999999 428089 658354 323874 154974 335827 580804 269254 374464 403829 721796 378168 248627 556243 446862 236433 308174 345815 416723 419047 685155 305417 596162 45134 180162 713760 242217 616595 313125 682559 309290 414890 679017 439702 735151 175427 681302 594980 593018 273455 352543 433279 731350 368818 261236 293610 445744 467941 338594 361226 446007 279493 683139 158742 450384 321256 646180 671453 281468 520484 480921 407355 164653 698866 479637 340334 329266 658897 284358 607022 813751 620864 512833 306689 337036 195009 270090 232200 425522 580759 210788 483681 453895 718902 212223 97615 252188 217711 313847 421451 345820 680352 651963 471438 97993 572921 289037 323542 44687 516351
428089 999999999 885040 749401 434993 755720 282620 223642 307191 203018 993962 254396 519849 131380 377274 204631 474430 773251 698402 811272 489111 215596 307044 450400 603540 507908 622934 869092 133432 922396 733160 85521 788094 768665 504771 419832 914857 325835 184629 247392 490466 799653 972134 779076 617846 721179 160406 750746 718240 82419 179936 305434 788794 288592 102964 485095 460625 752769 585400 260571 552896 490966 541490 506609 140561 768060 694921 454764 427462 212981 564791 498682 672418 171245 751428 474573 551071 624656 359917 376340 445002 207560 510977 530014 620469 503325 415832 597686 642750 579613 770403 614357 474016 200888 344907 793369 613886 742943 468535 547719
658354 885040 999999999 588561 811652 737670 795438 867312 1003636 986972 137329 987785 416241 957846 552686 803502 415765 674391 244838 426983 692425 902167 1166075 691414 580760 713812 801178 61985 850768 42588 703748 812207 227192 273116 755092 517497 30888 764631 943570 641429 394678 350701 87970 793731 842397 658956 769960 200737 854287 871216 752568 915524 233200 661620 967371 403526 670179 275983 900034 743933 361630 401728 505276 690825 1007306 665982 871333 697034 942547 1097268 815156 583807 220745 875789 517065 845518 390251 480961 558521 685498 479382 1047991 398406 691807 736493 707160 910319 790147 903661 305805 581447 509064 661168 1036511 731423 92383 890274 735688 628370 396409
323874 749401 588561 999999999 398612 151542 861458 586471 666496 718354 587599 683379 348411 874894 668384 560069 455042 86094 373162 179871 911345 620823 907403 313291 145981 940618 270243 529316 636972 592828 121560 726512 714383 315463 970801 381573 598655 863966 905406 557319 492139 245340 630229 206524 314348 80939 743065 396745 284478 684934 738622 574285 720351 465653 773889 460784 873466 731007 390916 797542 606236 556670 236383 921310 802053 77511 310877 892631 524685 930512 1050025 822099 555307 628338 72105 401188 337648 169445 652800 827304 386139 800162 600398 936931 211167 276560 499134 273946 367182 505876 23462 838656 874780 788148 417877 534186 366284 152055 281405 656587
154974 434993 811652 398612 999999999 346883 649798 221545 269296 337255 869416 292737 403586 565795 564386 232245 457230 386493 568478 534153 788875 247753 517185 120724 280545 816137 192630 768144 302276 834597 334635 452123 832028 582177 831832 324139 833894 673879 617171 366827 500556 562845 882823 357091 182924 340017 504252 618426 284346 354698 510519 181016 835978 249073 420607 470773 750757 822373 160288 596312 626385 550949 310028 804094 438885 384331 259943 759392 136288 570594 907709 738876 666905 273689 435154 48739 424821 361928 541690 676834 361707 419351 596067 825732 209229 125965 105912 169041 211943 574032 422073 811796 758680 408162 125433 727207 182998 334132 183862 657581
335827 755720 737670 151542 346883 999999999 912948 562082 611339 683894 739076 639139 451646 886242 748987 553525 553773 73056 513856 330063 993763 591885 862763 306227 207977 1023033 167864 679188 630323 743361 36665 749888 850852 464784 1049304 452887 748802 923201 927020 603519 595450 396875 781438 56282 204344 80345 781080 542563 142098 681902 780518 527395 856571 493978 759877 562224 954949 862925 282678 851075 718646 660011 322134 1005539 781927 78901 174259 971304 449803 913545 1128851 913993 686754 610939 223494 331265 449212 284330 730535 898870 469183 766132 706251 1023291 138616 252409 430745 184214 243214 625561 164619 946234 958308 754853 410822 679157 251207 12905 304870 766077
580804 282620 795438 861458 649798 912948 999999999 477266 585646 485494 924380 534571 544596 239488 246531 429530 453867 909442 678047 865161 219344 481757 562284 618157 722687 232718 814968 799492 386735 837288 883039 215389 636739 770567 223830 480975 826286 49281 185474 309462 442863 828845 882228 949262 822458 858549 147082 721068 913330 349995 139280 566005 635241 422785 379162 457397 200354 590192 809816 64299 433815 406040 626401 236342 409693 902324 897696 186190 681544 412858 282354 266952 575784 432924 839867 696402 570216 703912 247040 129125 483974 482683 398356 258658 792837 675180 662944 789247 860867 508698 878075 390315 215184 478102 532007 712872 832159 901197 608146 402962
269254 223642 867312 586471 221545 562082 477266 999999999 143107 134764 953159 120585 456522 350783 470655 69215 459305 592271 643259 687197 654143 37005 327434 273180 447364 678059 414047 836618 92840 898447 545118 263335 827848 688424 684727 351158 894193 511381 408253 269726 492629 695385 948855 577113 402806 542114 331786 697209 505239 141228 344256 89087 830278 206042 199190 472936 619361 804653 363691 435458 596110 521346 422460 670996 219909 588613 479059 621224 206316 351463 754082 631453 680709 53500 605733 255685 486112 498317 448117 537060 388310 214615 557361 694193 423537 315704 192440 390027 422176 581599 609299 728819 630281 202426 171310 775905 393612 549185 313940 610723
374464 307191 1003636 666496 269296 611339 585646 143107 999999999 114304 1083740 54394 589158 411968 609517 212267 600089 655216 773807 789922 778340 116760 253382 363563 539424 800436 447424 970197 208171 1033337 602223 371653 970670 810493 802778 486139 1029770 625142 479377 411734 634600 807727 1083529 613514 422626 609286 447247 827316 523614 235970 462801 95136 973158 345790 233830 613854 745494 947754 361304 552845 739218 664408 537506 795573 229138 653319 491376 744585 172643 347216 867491 765064 821911 162642 697850 280316 617516 606179 587347 661553 524438 177940 700422 819025 476350 390322 182957 427803 421206 722856 689932 866812 757347 170220 281649 912973 396157 598885 417198 753413
403829 203018 986972 718354 337255 683894 485494 134764 114304 999999999 1078810 60636 582774 298731 542619 186081 573122 719347 770020 821960 687701 98432 192713 405541 581069 707927 527347 959791 140904 1019902 669879 277273 928723 819824 706715 476341 1014785 527837 367125 360886 601809 829386 1070410 693406 508978 670314 354937 824071 611861 145764 372479 160307 930519 327967 120061 586180 657110 900596 456346 459362 692769 621363 556559 705144 116075 716254 582066 653488 272719 241019 767766 685871 791053 111342 739795 361002 613153 633001 521810 572516 511658 82461 652039 728644 545647 444355 274074 505107 516661 692571 741387 794710 669831 70971 305837 894842 489794 671093 448499 699605
721796 993962 137329 587599 869416 739076 924380 953159 1083740 1078810 999999999 1073466 496692 1075227 679230 893035 519593 669916 310103 410563 828954 989212 1263523 748993 613341 850678 828847 126372 947087 95827 708401 925428 360433 291215 891899 602708 110045 895634 1065604 747154 506241 342671 77677 793345 872242 665027 888975 256428 867880 972490 872516 992139 366093 750848 1070449 508893 805953 410946 937294 870647 491638 523426 559570 827659 1109656 662334 889734 832762 1004266 1206942 952438 720039 348991 967615 516010 897775 467105 516087 683022 818097 567214 1144762 526026 828936 763258 754946 972467 821816 932160 422730 575456 646307 797261 1132928 804544 211508 922686 739490 686273 529755
378168 254396 987785 683379 292737 639139 534571 120585 54394 60636 1073466 999999999 576931 357574 570861 185792 578469 678555 763465 797002 730799 85989 224845 373708 550563 752232 478878 957187 165244 1019024 627328 321944 943381 806487 753299 471722 1014735 575060 425050 378595 610525 809706 1069436 645382 457716 630846 398504 817366 560067 186423 414791 111769 945568 326271 179523 591977 698751 918151 401430 503964 709500 635942 537243 748128 176508 676013 529195 696839 215198 298667 816780 721865 799260 123132 709703 311338 606366 610090 549168 614451 508887 132397 669764 771621 501948 407123 219575 457690 461736 700199 706667 826588 710944 122996 281415 896288 435519 626465 422282 720578
248627 519849 416241 348411 403586 451646 544596 456522 589158 582774 496692 576931 999999999 622565 326301 396748 106719 418617 187247 320573 565384 492522 769768 287224 245145 594507 441952 381046 454351 444447 415432 465815 435277 248838 626352 106529 441387 537495 632308 277485 144807 288899 494506 503179 475381 376837 453853 241298 521271 484966 443210 499699 439849 255098 583970 112579 528173 433641 516322 480714 267506 209657 132121 574584 621708 409958 525882 548680 529709 729756 704966 473808 266855 471881 308259 442534 31357 178968 313604 489312 74964 651033 255073 589475 386209 316877 497478 423602 535239 183158 359083 495063 528552 639008 315276 327666 515391 443514 227257 314433
556243 131380 957846 874894 565795 886242 239488 350783 411968 298731 1075227 357574 622565 999999999 417245 336009 561728 902001 791973 926276 458799 337424 328235 580409 728926 471051 754277 948996 263576 997313 863067 156830 834028 869944 457494 529139 988399 288696 70896 345124 569330 908640 1045781 910273 748714 849823 188428 842302 849404 211337 206904 427338 833731 410082 178737 570487 438797 792971 714261 249356 607389 556353 659685 475722 194981 896577 825727 425658 549873 173451 503578 497056 739074 297394 872964 604473 653069 742985 405564 361133 549227 267872 566490 497820 751506 633961 541035 729051 772238 653428 895365 619639 453480 266958 475616 868303 743483 873500 595433 591259
446862 377274 552686 668384 564386 748987 246531 470655 609517 542619 679230 570861 326301 417245 999999999 403568 223646 729943 435719 641251 244888 492768 683477 491109 543979 274201 688267 553790 405990 593980 715095 292924 417195 531454 302562 296112 583571 224554 393612 205817 202819 596544 640214 793881 707815 682772 231042 476442 782649 399206 211371 552891 417131 315818 476651 223559 206251 378036 718329 191483 192943 159758 434288 256579 516289 721844 775723 224319 642909 575071 381975 174922 332012 448311 633900 612994 346582 501048 23083 164047 283136 576301 154317 274836 649811 543799 615941 664251 758068 262277 681429 258302 209330 567282 439328 467890 731685 738726 458658 174261
236433 204631 803502 560069 232245 553525 429530 69215 212267 186081 893035 185792 396748 336009 403568 999999999 392724 575580 583993 645816 595191 99857 375564 251264 416482 620055 418350 774727 77483 835574 532645 222348 759152 634705 629190 290384 830861 459812 385086 201019 424892 647920 886059 575035 414429 524037 282465 638043 514031 128386 292364 149911 761519 142377 213954 406205 559432 735569 387544 382591 526985 452369 376445 611748 244148 571002 491564 562926 254098 370589 700828 567097 613493 76136 571782 274588 427078 455941 380851 478594 326165 257887 488163 634703 417009 301487 233679 393067 442851 514421 582171 661870 569753 245615 144260 711699 413842 540675 280085 541560
308174 474430 415765 455042 457230 553773 453867 459305 600089 573122 519593 578469 106719 561728 223646 392724 999999999 524006 231408 417694 459382 492483 750325 351890 345907 488416 527822 395211 435465 450936 517990 408246 378234 317967 520923 133284 444558 441693 561473 227633 44905 375635 501230 603767 557065 480840 381364 280669 613186 455652 367669 518471 381667 254334 552453 13991 422513 365340 588273 391371 174533 106880 231656 468267 592153 515439 614141 443616 570807 687408 599200 367099 221913 462516 414238 501266 123365 285627 213452 387651 97859 632345 154004 482901 477082 392304 539344 507160 614661 123081 465795 393013 422473 620927 349091 323382 592252 545013 299897 215845
345815 773251 674391 86094 386493 73056 909442 592271 655216 719347 669916 678555 418617 902001 729943 575580 524006 999999999 458306 259673 974496 624329 903335 324332 187711 1003831 225413 614906 653051 678011 57085 759389 798808 401359 1032248 436428 684082 915829 938095 601068 563412 329049 714636 123848 266203 52233 783698 482787 214511 703322 781240 567155 804714 499089 786694 531031 936092 814132 345087 846332 681900 628257 295998 985323 811574 8990 245425 953984 500673 942295 1111775 889395 638064 638388 157369 378578 411599 242448 712918 885089 446961 801802 673253 1001957 179868 276642 478734 236568 310963 584197 94525 912829 938363 790154 431321 620191 315832 78255 308436 731168
416723 698402 244838 373162 568478 513856 678047 643259 773807 770020 310103 763465 187247 791973 435719 583993 231408 458306 999999999 251472 643311 679440 956611 447882 339756 670352 559855 199879 640700 266122 478128 637089 341968 100857 707998 293716 265642 660133 792877 451551 235210 183554 314637 570016 600076 433552 612772 54051 619344 669314 598970 682663 348062 442261 768101 224441 611026 362702 655782 617423 290127 279146 260568 647984 806480 449422 633547 635640 700981 910428 781356 537604 192226 659094 307074 601205 157158 240846 431578 595498 259737 837829 305282 657217 496071 462326 668859 547535 661473 184870 372067 514213 607003 825852 495595 169101 647026 509892 384722 342242
419047 811272 426983 179871 534153 330063 865161 687197 789922 821960 410563 797002 320573 926276 641251 645816 417694 259673 251472 999999999 870665 723769 1014610 426469 253608 899023 440893 365560 717969 425131 301407 770537 584873 163987 933982 398441 432689 857401 944073 585392 442409 76912 458427 383413 485443 260034 768929 254637 464143 759710 759939 694920 591249 523867 855816 417964 835442 611030 558562 801236 530492 500874 271097 877643 889005 252318 489546 858032 668418 1010319 1010630 770278 443626 720246 111750 548196 296007 189877 630893 805295 384923 900497 536905 889617 377302 408392 639597 439891 541624 423404 165548 760874 833698 888189 516712 387973 537509 331544 374739 583192
685155 489111 692425 911345 788875 993763 219344 654143 778340 687701 828954 730799 565384 458799 244888 595191 459382 974496 643311 870665 999999999 666570 780126 728262 788834 29335 927372 712530 571222 734914 959961 410430 494753 743653 64905 540883 721866 170290 401862 422183 428963 818130 773109 1038186 943951 927586 332859 673903 1023214 544610 316025 742502 491445 541587 590123 456193 39038 442739 947179 228696 356480 370026 678600 17499 623429 966336 1014272 34351 847928 632081 140085 109541 490531 617832 873540 837500 582226 742884 263369 117139 527535 694918 338138 40952 892014 782736 824585 902760 991093 458519 923544 205965 37007 689222 663902 624614 963731 983424 700551 307864
305417 215596 902167 620823 247753 591885 481757 37005 116760 98432 989212 85989 492522 337424 492768 99857 492483 624329 679440 723769 666570 999999999 290857 307680 482779 689568 440176 872179 95828 933684 576137 266387 858350 725312 694112 386837 929252 518395 398552 295805 524720 732353 984126 604739 426142 574649 338852 733424 529071 135155 352950 90156 860628 240551 175176 505998 632794 833913 381813 443953 625231 551166 459425 683645 191137 620921 501486 633166 212679 322845 761436 649463 713350 49081 641419 277790 522282 535058 470587 549473 423631 179392 585884 707004 453278 348245 204125 416793 441292 614275 643766 750182 644249 167336 207424 810568 413195 579013 350081 637863
596162 307044 1166075 907403 517185 862763 562284 327434 253382 192713 1263523 224845 769768 328235 683477 375564 750325 903335 956611 1014610 780126 290857 999999999 595953 772303 794961 700305 1142432 316447 1200649 851809 392494 1089150 1010235 784185 663300 1194697 610446 396126 527613 774656 1021772 1251081 866615 676005 855689 464771 1010576 776783 296329 484890 336225 1090265 514888 207104 762717 755973 1056212 613358 556965 852498 785725 749067 797433 167194 900839 744180 746148 424727 172517 831806 802237 962449 299439 931308 532782 800597 825713 665315 673681 697010 118799 810761 820227 726216 631572 436330 680095 672760 865681 930613 920078 770136 130763 498195 1073693 648496 850171 640790 851597
45134 450400 691414 313291 120724 306227 618157 273180 363563 405541 748993 373708 287224 580409 491109 251264 351890 324332 447882 426469 728262 307680 595953 999999999 176868 756740 199710 647472 328744 713982 282762 444415 720255 462795 777421 219713 713397 634179 620913 313292 396451 448272 762131 334739 216712 272785 480265 497704 297134 379047 481771 268724 724508 195464 463293 364792 689338 713956 236806 558855 525196 451992 189447 742169 489830 319744 286073 701561 255438 619506 855752 665360 553158 316028 335997 155569 306537 246051 469593 622665 254181 487070 498651 762411 175861 57045 223893 174698 268754 463313 336146 725485 695381 475012 107008 607733 243906 293588 63167 561156
180162 603540 580760 145981 280545 207977 722687 447364 539424 581069 613341 550563 245145 728926 543979 416482 345907 187711 339756 253608 788834 482779 772303 176868 999999999 818159 220462 528296 492847 595309 172562 581052 661091 322260 845762 249103 597694 728275 760035 415484 387954 286965 639661 258207 261824 138896 599980 380028 283639 540031 596469 444991 666413 319970 630425 354592 750229 667742 323967 659316 512651 452343 114265 800108 659781 180178 294731 767544 415132 787038 925334 706748 493220 486633 159147 296359 245956 99814 526383 697694 262142 661944 498810 817329 156315 154867 386053 209960 322970 423495 166898 738653 752988 649778 276618 508811 310713 199107 136518 559142
713760 507908 713812 940618 816137 1023033 232718 678059 800436 707927 850678 752232 594507 471051 274201 620055 488416 1003831 670352 899023 29335 689568 794961 756740 818159 999999999 955969 735487 593981 756205 989256 430910 512144 770843 41456 570161 742978 184681 411585 449680 457622 845938 793492 1067374 972236 956915 353761 700124 1051949 565841 337647 766663 508573 569332 607996 485094 68123 459702 974729 248603 382509 398223 707932 23108 640396 995670 1042788 57213 873287 643747 111628 134091 514771 640687 902617 864714 611160 772109 292584 141482 556870 712515 365448 30772 920951 811360 850325 931302 1019040 485488 952769 219129 65955 707186 691331 647815 991592 1012678 729491 333090
242217 622934 801178 270243 192630 167864 814968 414047 447424 527347 828847 478878 441952 754277 688267 418350 527822 225413 559855 440893 927372 440176 700305 199710 220462 955969 999999999 748221 491871 815097 168387 630888 873057 539336 977054 403572 817791 832766 802164 512656 572566 492111 858722 166514 44553 192785 674057 600441 98384 544365 677152 367980 878056 393736 613190 539235 888396 875005 121142 756826 701990 633130 313931 941061 631293 226538 87651 901016 282578 762911 1055446 861477 703987 465770 329648 167666 451179 320223 667225 822364 431744 608669 680508 961022 65590 144668 265132 25819 103348 625110 291573 914429 894129 597863 285983 728742 96660 156329 232029 742987
616595 869092 61985 529316 768144 679188 799492 836618 970197 959791 126372 957187 381046 948996 553790 774727 395211 614906 199879 365560 712530 872179 1142432 647472 528296 735487 748221 999999999 826100 67182 645708 799660 271928 214476 776344 485466 69961 771812 939265 622817 380294 289561 114758 735090 790102 601028 762620 150408 798250 849776 746144 880251 278292 632353 947251 384098 687624 316657 849915 745062 368244 397266 459213 712384 986722 606588 816348 714268 900859 1082018 840022 603072 225801 848452 457542 800085 352989 428598 557101 695546 448642 1023829 401294 715291 683129 659792 868738 738202 851151 296364 521518 538736 679689 1012119 694100 88276 838771 677587 584305 408888
313125 133432 850768 636972 302276 630323 386735 92840 208171 140904 947087 165244 454351 263576 405990 77483 435465 653051 640700 717969 571222 95828 316447 328744 492847 593981 491871 826100 999999999 884770 609875 171704 787828 697940 598286 348208 879094 422714 317607 219986 462413 716430 935245 650650 485199 601520 243084 694586 586210 52511 257132 179924 789617 200967 138258 448209 537816 759819 452016 348126 551886 480526 447305 588355 171348 648484 562178 537702 299122 294463 665756 557323 651483 46770 647029 341192 485403 528274 384515 454201 380967 197742 511215 611753 493288 378607 284875 466909 509322 553394 658941 661346 549485 186023 221737 758435 480466 617454 356332 559416
682559 922396 42588 592828 834597 743361 837288 898447 1033337 1019902 95827 1019024 444447 997313 593980 835574 450936 678011 266122 425131 734914 933684 1200649 713982 595309 756205 815097 67182 884770 999999999 710307 850588 265391 279464 797504 547635 14653 806812 984082 677684 431971 350393 50509 799063 857087 665758 809711 217484 864078 906571 792526 944125 271181 693344 1003285 439093 712756 315413 917088 785351 403487 441739 526042 733231 1043059 669820 882632 739614 966904 1134941 857227 626350 261978 908594 520826 866914 417170 495657 599379 727887 510138 1082304 439804 734060 749935 726851 934746 805244 918092 344279 584116 550631 703723 1070719 758677 129256 905852 742108 650817 438836
309290 733160 703748 121560 334635 36665 883039 545118 602223 669879 708401 627328 415432 863067 715095 532645 517990 57085 478128 301407 959961 576137 851809 282762 172562 989256 168387 645708 609875 710307 999999999 724157 814513 431232 1015989 419154 715457 892200 902033 573609 559439 365768 749113 92029 209158 44866 752977 507711 163714 660936 751800 515646 820213 466272 741494 526282 921214 826355 288029 820762 682267 624066 286455 971551 764955 59059 192203 937899 445281 896227 1095561 879168 650203 592685 192418 323981 412678 247681 696922 866224 434397 752311 670196 989093 125873 231327 424134 180221 255005 588931 137590 910210 924355 740820 388883 643985 259020 31972 275908 729859
414890 85521 812207 726512 452123 749888 215389 263335 371653 277273 925428 321944 465815 156830 292924 222348 408246 759389 637089 770537 410430 266387 392494 444415 581052 430910 630888 799660 171704 850588 724157 999999999 706277 713507 431374 372731 842405 253496 179018 188335 419405 751873 899817 778804 631832 707189 77772 688097 728512 135732 96130 351496 706762 261190 187942 417749 380098 669739 609481 182323 472514 413832 505830 427871 226061 753420 708669 376229 469099 286939 496107 414250 596525 217624 720597 496151 496396 588925 276347 295499 392397 291725 430688 451372 619484 500302 452472 605137 663861 506441 746239 529062 393029 284347 345299 721333 634859 737401 450982 464760
679017 788094 227192 714383 832028 850852 636739 827848 970670 928723 360433 943381 435277 834028 417195 759152 378234 798808 341968 584873 494753 858350 1089150 720255 661091 512144 873057 271928 787828 265391 814513 706277 999999999 421160 553482 508970 250837 598003 805547 567843 338602 509945 292180 906482 908714 770660 648169 330286 944696 795012 628563 893569 6554 628024 882665 364284 479499 52945 951595 596063 236813 307628 559147 489938 923054 789863 953873 506023 948905 991412 605499 391899 169142 822301 649039 874005 422290 568793 430972 513839 470613 976057 278419 486796 813545 752154 917328 856363 969227 258038 713962 296314 468145 965794 727277 205321 950195 845766 662014 242934
439702 768665 273116 315463 582177 464784 770567 688424 810493 819824 291215 806487 248838 869944 531454 634705 317967 401359 100857 163987 743653 725312 1010235 462795 322260 770843 539336 214476 697940 279464 431232 713507 421160 999999999 808255 351312 284254 755063 876007 525459 328962 88979 320430 520757 582266 386562 696123 90917 584807 731572 683662 716629 427564 496981 830511 313357 710990 448819 646222 708768 390984 377434 275117 748543 867457 392914 604068 735370 718028 978079 881961 638309 286525 710806 244136 608310 217703 224980 525713 692948 323670 892148 405517 757967 473809 464897 686652 531336 642668 285497 308891 613835 707236 879944 528852 224744 632255 463112 401163 443067
735151 504771 755092 970801 831832 1049304 223830 684727 802778 706715 891899 753299 626352 457494 302562 629190 520923 1032248 707998 933982 64905 694112 784185 777421 845762 41456 977054 776344 598286 797504 1015989 431374 553482 808255 999999999 596962 784306 178951 394826 467094 491811 882236 834908 1092559 991771 984650 355696 738798 1073732 567064 341176 773712 549876 587239 602782 518289 98600 500991 991267 250220 421385 433799 736799 64281 633511 1024203 1063391 78270 883188 628593 79581 173951 555010 645052 934608 880179 644101 802955 319390 155319 585659 706497 402752 68371 944108 832726 861298 952118 1037082 523260 983533 259816 101022 701822 707814 688571 1009306 1038714 752854 372651
175427 419832 517497 381573 324139 452887 480975 351158 486139 476341 602708 471722 106529 529139 296112 290384 133284 436428 293716 398441 540883 386837 663300 219713 249103 570161 403572 485466 348208 547635 419154 372731 508970 351312 596962 999999999 543765 482394 545684 187043 177278 380304 597968 498095 429608 387958 372064 347763 493652 380297 364558 398898 512716 148570 479271 146698 502093 498234 456505 416811 305518 232501 145545 552684 516503 428630 490970 518813 440738 627272 676543 463602 346770 365378 359626 367982 137307 223884 277769 448665 39292 544591 279425 570639 358405 263425 408915 381432 485577 251105 397452 510860 505441 532548 220258 426995 462136 442617 171913 342037
681302 914857 30888 598655 833894 748802 826286 894193 1029770 1014785 110045 1014735 441387 988399 583571 830861 444558 684082 265642 432689 721866 929252 1194697 713397 597694 742978 817791 69961 879094 14653 715457 842405 250837 284254 784306 543765 999999999 795365 974370 670765 424403 357399 57426 804638 859518 670811 800585 218527 868211 900178 783245 941045 256608 688773 996590 432499 700020 300989 918673 774820 392486 432397 526082 720027 1036457 675819 886257 726889 965650 1127219 843646 613455 251619 903529 526766 866834 414644 497926 589368 716080 505967 1076483 429293 720657 752777 727395 933459 807515 920630 335964 590436 536756 690867 1064952 756157 121555 907975 747315 650258 426965
594980 325835 764631 863966 673879 923201 49281 511381 625142 527837 895634 575060 537495 288696 224554 459812 441693 915829 660133 857401 170290 518395 610446 634179 728275 184681 832766 771812 422714 806812 892200 253496 598003 755063 178951 482394 795365 999999999 234269 321552 426108 817255 850660 961669 842654 865660 179742 700905 930881 389187 167598 600446 596193 439054 424409 443771 151274 550251 834167 77719 403998 383684 627763 187389 456067 908426 916907 136963 713461 462098 243044 220832 546655 469337 838428 721283 561428 702791 229434 84882 481378 528561 370949 209912 807128 690943 693429 807213 883507 485541 879621 343721 166133 523562 553256 684391 855050 911749 619437 369279
593018 184629 943570 905406 617171 927020 185474 408253 479377 367125 1065604 425050 632308 70896 393612 385086 561473 938095 792877 944073 401862 398552 396126 620913 760035 411585 802164 939265 317607 984082 902033 179018 805547 876007 394826 545684 974370 234269 999999999 358681 563468 920882 1031462 954152 799511 885875 180151 841307 898676 267045 194340 488699 804734 440208 247663 568799 385522 761931 769526 210287 586446 542613 682675 418282 265711 932205 876645 369841 611127 234097 436690 450885 723109 355630 898193 658045 661836 765392 385438 313001 561326 338751 546912 439573 794817 676044 600295 776620 826426 642941 925007 574330 400391 337713 518959 856039 797494 914436 629781 564721
273455 247392 641429 557319 366827 603519 309462 269726 411734 360886 747154 378595 277485 345124 205817 201019 227633 601068 451551 585392 422183 295805 527613 313292 415484 449680 512656 622817 219986 677684 573609 188335 567843 525459 467094 187043 670765 321552 358681 999999999 247573 564026 727773 640574 525219 549815 186535 503574 610399 231303 181303 348619 569636 120169 326031 238829 383958 540313 525049 247752 332047 260671 326993 437294 366110 594157 597943 393209 437364 460200 544426 376262 434838 255936 543140 415511 308124 408623 182763 311778 204219 411357 291664 458907 485576 369795 410892 487317 570003 338382 575302 463243 391875 400519 241722 549243 542297 591810 298817 342127
352543 490466 394678 492139 500556 595450 442863 492629 634600 601809 506241 610525 144807 569330 202819 424892 44905 563412 235210 442409 428963 524720 774656 396451 387954 457622 572566 380294 462413 431971 559439 419405 338602 328962 491811 177278 424403 426108 563468 247573 999999999 394336 481668 646110 601955 521428 384576 279821 657456 478585 369186 555381 341707 289987 573516 33644 393220 323065 632968 382298 129634 64850 273763 436732 613656 554742 658769 415626 611978 702974 569047 332348 189258 492257 447774 545038 155496 322888 196846 365745 142655 657588 110858 450078 521387 437198 580747 551994 659564 91077 501739 350784 391956 646457 390225 302903 637123 586965 344793 171880
433279 799653 350701 245340 562845 396875 828845 695385 807727 829386 342671 809706 288899 908640 596544 647920 375635 329049 183554 76912 818130 732353 1021772 448272 286965 845938 492111 289561 716430 350393 365768 751873 509945 88979 882236 380304 357399 817255 920882 564026 394336 999999999 385675 451682 536292 322370 742741 179851 525588 754626 732043 712694 516366 517328 852566 373659 784145 537762 605759 765720 470486 448632 272928 824038 887666 321140 548414 807704 698917 1004406 957474 714949 373818 723679 173470 582645 260425 202275 588367 760021 359919 905384 481015 834701 426940 439493 668724 487860 594770 363542 234631 697430 781365 893073 528400 311449 587785 396960 390822 523078
731350 972134 87970 630229 882823 781438 882228 948855 1083529 1070410 77677 1069436 494506 1045781 640214 886059 501230 714636 314637 458427 773109 984126 1251081 762131 639661 793492 858722 114758 935245 50509 749113 899817 292180 320430 834908 597968 57426 850660 1031462 727773 481668 385675 999999999 836750 901130 704853 857923 264651 904940 956881 840538 994108 297434 743815 1053485 489307 752364 344127 962436 831310 448601 489697 573650 770653 1093297 706641 924498 779251 1015616 1184552 892393 665345 308470 959102 558125 914465 466976 540337 646316 770751 560550 1132759 485898 770403 793355 773723 983496 849585 961919 393377 620289 584103 742824 1121183 808376 178765 950373 780741 698970 481708
368818 779076 793731 206524 357091 56282 949262 577113 613514 693406 793345 645382 503179 910273 793881 575035 603767 123848 570016 383413 1038186 604739 866615 334739 258207 1067374 166514 735090 650650 799063 92029 778804 906482 520757 1092559 498095 804638 961669 954152 640574 646110 451682 836750 999999999 193522 136466 814222 598838 108123 702844 814809 534375 912169 527525 776170 612695 999251 917962 267504 888287 770606 710391 372349 1050390 795805 131101 144064 1014832 446374 927561 1171989 960985 741882 627748 278626 334166 502121 339022 774823 940796 516711 774942 756967 1068633 159371 278505 430798 188323 219402 679051 217960 996709 1003117 764053 435341 735437 233326 60830 342307 817344
261236 617846 842397 314348 182924 204344 822458 402806 422626 508978 872242 457716 475381 748714 707815 414429 557065 266203 600076 485443 943951 426142 676005 216712 261824 972236 44553 790102 485199 857087 209158 631832 908714 582266 991771 429608 859518 842654 799511 525219 601955 536292 901130 193522 999999999 236155 679297 641714 103045 537610 683695 348688 913583 405200 600836 568950 905115 909013 78904 765927 731588 661146 350016 958105 616401 267948 77135 916630 253353 747388 1069532 882045 739573 455634 374196 148541 486425 361607 686255 836599 459930 589099 708394 978578 109378 166366 239730 52736 61412 658268 335445 939685 911471 578718 290517 768637 52125 193722 257892 771013
293610 721179 658956 80939 340017 80345 858549 542114 609286 670314 665027 630846 376837 849823 682772 524037 480840 52233 433552 260034 927586 574649 855689 272785 138896 956915 192785 601028 601520 665758 44866 707189 770660 386562 984650 387958 670811 865660 885875 549815 521428 322370 704853 136466 236155 999999999 731938 462852 204169 651603 729686 519851 776398 446996 735653 488568 889022 783205 313927 795621 642615 586224 250420 938745 761031 46977 229963 906427 458886 891489 1064221 844398 606982 587603 149578 335722 372396 205446 665266 836445 400438 752719 631908 955786 138676 226455 435462 199520 287165 547666 100099 871893 891663 740982 379792 599177 287673 76838 256266 690898
445744 160406 769960 743065 504252 781080 147082 331786 447247 354937 888975 398504 453853 188428 231042 282465 381364 783698 612772 768929 332859 338852 464771 480265 599980 353761 674057 762620 243084 809711 752977 77772 648169 696123 355696 372064 800585 179742 180151 186535 384576 742741 857923 814222 679297 731938 999999999 661434 772390 212091 20348 420811 648157 287137 263347 388848 302326 608822 663910 105598 419290 368269 513508 350278 300107 777111 755221 298717 534951 344592 422733 338412 550784 289773 729641 550367 482917 594894 217895 217727 384411 367919 378219 373783 656036 537203 515966 648249 715854 466450 761390 455308 315271 360987 388980 680912 687028 768953 477106 405260
467941 750746 200737 396745 618426 542563 721068 697209 827316 824071 256428 817366 241298 842302 476442 638043 280669 482787 54051 254637 673903 733424 1010576 497704 380028 700124 600441 150408 694586 217484 507711 688097 330286 90917 738798 347763 218527 700905 841307 503574 279821 179851 264651 598838 641714 462852 661434 999999999 654876 722813 647070 735868 336681 496300 821523 272603 643196 358234 700165 661538 317630 317481 309003 677418 860023 474091 671119 668485 751818 963061 810194 566341 200316 713139 327248 649817 211153 280225 474038 633218 313624 891788 338218 685145 535786 509386 719782 589522 702954 217762 392651 532068 638178 879821 548498 137530 689786 539673 434570 368076
338594 718240 854287 284478 284346 142098 913330 505239 523614 611861 867880 560067 521271 849404 782649 514031 613186 214511 619344 464143 1023214 529071 776783 297134 283639 1051949 98384 798250 586210 864078 163714 728512 944696 584807 1073732 493652 868211 930881 898676 610399 657456 525588 904940 108123 103045 204169 772390 654876 999999999 638703 775535 451554 949994 491827 703609 623859 984198 950434 166332 855067 785968 719590 389840 1036647 719433 219375 36376 997348 352499 850431 1152341 954869 776590 557833 353623 251582 526674 379145 761979 919326 519184 691731 766948 1056305 136114 241092 341216 124162 113069 703429 301291 1003411 989590 681442 384037 788065 130979 136401 324251 829026
361226 82419 871216 684934 354698 681902 349995 141228 235970 145764 972490 186423 484966 211337 399206 128386 455652 703322 669314 759710 544610 135155 296329 379047 540031 565841 544365 849776 52511 906571 660936 135732 795012 731572 567064 380297 900178 389187 267045 231303 478585 754626 956881 702844 537610 651603 212091 722813 638703 999999999 228603 224173 796383 237313 99013 467703 513031 764048 503416 317544 558205 489969 488614 561973 137262 698579 614557 510581 345681 250613 631565 540118 666127 89146 692416 393163 516281 570657 379044 428566 410420 181069 516737 585476 545201 429853 333498 519383 561077 569542 706626 649361 525465 170812 272206 778865 532276 669049 403653 560807
446007 179936 752568 738622 510519 780518 139280 344256 462801 372479 872516 414791 443210 206904 211371 292364 367669 781240 598970 759939 316025 352950 484890 481771 596469 337647 677152 746144 257132 792526 751800 96130 628563 683662 341176 364558 783245 167598 194340 181303 369186 732043 840538 814809 683695 729686 20348 647070 775535 228603 999999999 433342 628495 287285 282898 374684 284662 588937 670560 91225 400490 350848 507380 333377 319949 774496 759211 282050 545869 364704 409853 318745 533002 303902 723308 557178 471816 588088 198767 200097 375044 387287 359601 356877 657224 538803 526037 651380 721626 449818 756554 435200 297356 380179 393178 663904 692902 768511 475934 385630
279493 305434 915524 574285 181016 527395 566005 89087 95136 160307 992139 111769 499699 427338 552891 149911 518471 567155 682663 694920 742502 90156 336225 268724 444991 766663 367980 880251 179924 944125 515646 351496 893569 716629 773712 398898 941045 600446 488699 348619 555381 712694 994108 534375 348688 519851 420811 735868 451554 224173 433342 999999999 896417 265545 260774 532402 707400 873691 297529 524541 666345 590372 442971 759275 270534 564751 421881 709742 122564 399990 843169 716968 740158 135429 603717 200952 527262 511064 530061 625500 437799 240798 629153 782404 390197 297726 116342 346369 357676 641548 597665 811131 718100 230184 188070 825651 330348 514712 322081 685032
683139 788794 233200 720351 835978 856571 635241 830278 973158 930519 366093 945568 439849 833731 417131 761519 381667 804714 348062 591249 491445 860628 1090265 724508 666413 508573 878056 278292 789617 271181 820213 706762 6554 427564 549876 512716 256608 596193 804734 569636 341707 516366 297434 912169 913583 776398 648157 336681 949994 796383 628495 896417 999999999 630878 883679 367735 476620 48914 956141 595087 238206 309679 564130 486439 924049 795766 959024 503090 952429 991637 601341 389099 174073 824334 655122 878105 427164 574343 431192 511909 474455 977401 279671 483036 818680 756717 920892 861264 974047 261947 720016 292243 465148 967183 730752 211875 954912 851439 666442 242904
158742 288592 661620 465653 249073 493978 422785 206042 345790 327967 750848 326271 255098 410082 315818 142377 254334 499089 442261 523867 541587 240551 514888 195464 319970 569332 393736 632353 200967 693344 466272 261190 628024 496981 587239 148570 688773 439054 440208 120169 289987 517328 743815 527525 405200 446996 287137 496300 491827 237313 287285 265545 630878 999999999 335367 268134 503131 608721 405763 363434 402423 326042 253227 556426 371193 492902 478380 513064 333775 487484 664583 489957 476221 216861 463377 297795 285773 336215 292986 431930 183803 396260 366669 577716 370187 252443 304712 368226 449916 377234 485713 567144 510554 384173 123693 570030 422309 481826 190894 424911
450384 102964 967371 773889 420607 759877 379162 199190 233830 120061 1070449 179523 583970 178737 476651 213954 552453 786694 768101 855816 590123 175176 207104 463293 630425 607996 613190 947251 138258 1003285 741494 187942 882665 830511 602782 479271 996590 424409 247663 326031 573516 852566 1053485 776170 600836 735653 263347 821523 703609 99013 282898 260774 883679 335367 999999999 564192 562537 849231 556662 362194 646239 580790 584910 607615 40466 782508 676484 555781 381332 156643 659438 601643 759555 148939 785185 452729 615288 666258 458285 478506 509390 104955 604417 630927 621606 510511 377029 589217 616317 664120 796064 717003 576101 99193 356695 875119 588308 746972 493986 644532
321256 485095 403526 460784 470773 562224 457397 472936 613854 586180 508893 591977 112579 570487 223559 406205 13991 531031 224441 417964 456193 505998 762717 364792 354592 485094 539235 384098 448209 439093 526282 417749 364284 313357 518289 146698 432499 443771 568799 238829 33644 373659 489307 612695 568950 488568 388848 272603 623859 467703 374684 532402 367735 268134 564192 999999999 419742 351679 600986 395413 162768 97788 240355 464632 603991 522403 625327 441365 584716 698066 596189 362029 208086 475698 418213 514644 126099 291362 214709 387555 110615 644869 144321 478738 487802 404552 553232 518810 626801 109174 470953 384064 419218 633497 363017 311165 604598 553654 312148 205520
