NAME : synthetic_000392
TYPE : CTSP-D
DIMENSION : 100
GROUPS : 8
RELAXATION_LEVEL : 1
EDGE_WEIGHT_TYPE : EXPLICIT
EDGE_WEIGHT_FORMAT : FULL_MATRIX
EDGE_WEIGHT_SECTION
999999999 649178 155147 617097 671867 204025 476482 424344 356038 868765 624611 482322 460730 813961 828082 334322 651657 409201 820738 421633 253161 527321 342157 454385 143901 320094 569597 612444 757547 916934 135432 47001 458978 498552 465540 173866 287319 194156 753856 55077 394453 538905 757618 862225 442908 227061 448768 455843 513080 660984 409049 304702 514970 501870 316621 785191 74198 625872 410838 80772 558852 506545 491662 538755 399462 692336 573121 652161 666204 245606 122622 417191 410095 724650 661565 294553 369125 200109 428522 789150 960338 908014 159376 25407 213385 396271 178043 45692 369972 805910 442273 395626 517250 710505 176422 625802 225593 353950 502715 855189
649178 999999999 787168 583096 478836 566169 236827 409924 645475 394214 204293 829931 595698 164916 486593 578056 467529 916866 200998 260077 800636 357113 405790 678271 792915 798666 189218 273241 189363 500796 739843 695987 563121 580662 201795 649721 605115 485484 423925 692819 654296 181445 309891 381522 292758 754119 380991 447941 250548 168697 258496 488343 535890 539090 806309 439880 585830 587532 396389 583638 722181 582736 547919 922754 617771 481773 468676 159847 132377 706225 746142 600688 704831 477081 454256 611710 792808 682568 852350 417427 475431 414836 638146 670272 483568 453850 511055 629975 279659 411271 631871 494590 631896 358477 479994 394007 766537 476226 894033 296596
155147 787168 999999999 649420 733263 261362 628422 502820 353226 965426 736623 417621 597944 951884 902092 472559 804086 442397 966377 544007 145750 682286 497201 577205 71058 388592 685838 712896 877586 1072026 192080 114204 600487 524096 594311 295448 420411 349214 832887 101086 518945 689259 911989 1016709 551236 298927 532971 607821 622189 778554 536116 373917 554407 540037 225530 863966 202865 657755 494895 235823 544847 646785 526963 450667 409023 844820 631947 770869 814663 345168 163699 552497 523850 877859 814662 426091 450149 307266 497845 944240 1053948 1005955 286454 146099 368445 548358 333019 195019 508196 961056 573155 449997 527891 865653 307231 780322 288973 419293 417100 1006584
617097 583096 649420 999999999 148492 413407 649185 243122 302240 450699 388294 383420 922530 686505 314860 826386 949727 1024489 770996 406798 552569 798351 692240 966620 704404 925249 394152 317939 510335 1074475 752424 641801 900830 125617 445739 754064 810511 621767 279803 615887 913887 655935 877984 961571 339953 837468 247347 818831 342966 439125 430867 319661 103120 115445 498301 301301 550829 8811 265166 620108 194962 943202 125561 464296 243501 979739 114614 442162 702223 835281 736751 897340 951399 991393 945507 819872 961219 790555 1025967 973011 510836 488471 736332 640993 643986 780470 638156 639869 492234 973558 932482 226008 138061 898779 496776 884293 839035 272926 452529 878940
671867 478836 733263 148492 999999999 477712 592232 250809 410006 302422 274943 523160 905826 560186 177713 825042 890763 1066749 652920 363188 657188 745426 671351 961698 779540 959230 298793 205745 376135 979128 805648 704285 880338 240734 384568 784509 819098 632495 131765 682174 914137 584502 785496 860206 297897 877982 234452 785588 270194 319234 389363 368112 192343 206426 613920 155346 599748 147205 268248 657137 341927 918462 221632 607892 352470 916477 101318 324811 606624 864399 794452 887342 956566 922826 883600 828315 986368 822389 1052191 887760 366208 340644 767117 697038 650787 756310 653094 685692 459157 884961 923014 283481 272863 819006 523382 820962 882286 319246 593390 767857
204025 566169 261362 413407 477712 999999999 464487 241471 169541 704730 483784 338354 589029 726662 642627 471097 714519 612850 759814 307999 235137 568045 398834 607904 302108 518882 437323 454216 629233 936887 339125 229340 577100 294662 364749 355182 438990 269195 572198 205216 549414 511930 754373 857519 299925 428061 271774 533940 369426 529421 307705 112684 311825 298456 245234 603379 142674 422161 233866 220842 366388 624808 287872 417064 201601 753031 377005 522887 622602 434952 323474 552571 577069 778439 718914 447910 561633 388895 624206 812832 792759 745418 337843 227637 295634 479275 273848 230758 305290 824163 584100 195572 315721 730948 142864 669611 428185 159417 381834 822378
476482 236827 628422 649185 592232 464487 999999999 417630 595904 604903 360656 785091 362424 380538 659230 342476 300976 687339 356593 242685 679473 153273 174892 442569 617216 570119 310095 406631 415202 473388 539971 522639 330578 599290 208031 434926 373334 288101 585055 527855 417472 67031 290910 395152 309236 535591 404114 217379 322044 356296 219795 431342 570033 567043 707240 609014 428676 656071 396636 399874 732819 355592 569904 872098 589744 330615 541572 344776 196740 481589 551830 364511 468018 344171 296323 379246 559285 463921 617359 351923 693351 632271 426179 492782 277577 217214 310761 446293 172587 361174 396434 481637 647442 270497 337375 235427 549505 444154 838600 378720
424344 409924 502820 243122 250809 241471 417630 999999999 245705 464998 267236 422225 680051 550481 404361 587460 714846 815940 610600 178002 455283 561974 449128 726921 541063 708802 236523 222182 416158 868379 556650 459588 657911 182909 229226 534241 575856 387237 331831 439866 675859 435424 672499 765543 120438 627177 34407 576324 164797 319322 198369 128985 153289 149472 434528 363141 351130 251152 22107 406345 321388 700097 152522 515432 209583 746943 158751 315884 507195 614503 546851 656063 715580 761791 712258 585182 737570 572016 803260 757522 551831 505956 516769 449704 407564 537350 406227 435700 252501 761534 691418 86456 232751 679365 272825 652555 631569 87800 488546 700561
356038 645475 353226 302240 410006 169541 595904 245705 999999999 685468 512519 189936 757468 793364 587182 640524 867101 761237 846130 390875 250738 716517 558267 777424 414017 676122 481356 462431 661120 1067633 484790 368043 744462 177410 449467 519664 608325 436980 528926 338787 718847 632583 877389 976962 353540 582976 279600 694454 409170 564958 401232 165641 218418 204015 204324 557859 306852 310085 253452 387544 202848 791840 189073 280154 59001 904204 313027 561589 727049 597627 464136 721707 745727 926688 869531 617196 723382 551432 784102 947802 764167 726515 502758 376132 463262 642073 442968 390585 424869 956312 753479 160549 174766 866383 306405 816373 580704 169278 249431 925940
868765 394214 965426 450699 302422 704730 604903 464998 685468 999999999 259551 820623 964700 378085 164290 919284 861736 1222085 487778 462886 917756 744560 745466 1039216 997901 1105806 318674 256368 208338 853341 991256 909557 933791 533034 442393 936297 931541 767013 170931 894085 1004486 565032 682880 726130 426965 1039704 433208 822140 359001 249226 483791 593372 480510 492820 887819 152893 794811 448858 470881 829812 644204 960492 507861 907774 632661 875412 379207 260781 519347 1008450 987338 960513 1053109 868749 848394 939771 1116558 973686 1180934 795069 93344 41182 920778 893846 776647 814100 792033 868758 548922 783768 994555 533904 571388 746455 696461 788198 1048115 552030 891228 612949
624611 204293 736623 388294 274943 483784 360656 267236 512519 259551 999999999 682145 712622 300645 299905 660908 642928 963885 382908 206939 713192 509543 488228 783840 760443 847118 59186 70856 149029 705068 740829 667917 682747 408352 182883 679049 672074 508990 228875 655944 746965 334121 513012 585332 185398 783241 233039 574436 114618 54057 225920 381149 358166 364594 699693 250174 552042 391742 262969 578338 546554 712890 376165 775060 471984 663699 276342 54455 334151 749881 739308 705378 795080 664989 632864 680345 857034 716109 921383 618130 352641 294337 663937 649051 517716 560655 534305 619611 289482 613631 739986 352096 458038 553604 448858 570288 792314 351296 750572 494106
482322 829931 417621 383420 523160 338354 785091 422225 189936 820623 682145 999999999 921405 972553 697126 799222 1050786 858354 1030927 579010 274765 901891 736978 930362 488206 791758 658024 624551 827924 1257349 591369 477607 911886 288178 637132 655822 760275 605078 653238 447167 870555 822511 1067325 1166799 537182 697925 454081 872283 586852 735882 590429 355576 341365 330209 194692 678434 454158 388329 433901 534637 197384 959942 315846 93235 212674 1088656 442336 733934 915877 726965 565784 882330 890828 1112467 1054210 768525 847105 682059 902245 1137002 889314 860469 640573 496005 631520 817495 606457 524535 614599 1145851 911793 336101 250305 1055442 481176 1002574 691760 355469 70636 1114133
460730 595698 597944 922530 905826 589029 362424 680051 757468 964700 712622 921405 999999999 720505 1003168 126453 270153 411406 664247 544363 713886 254643 234475 89962 548537 318586 656944 746952 777588 569323 422947 488020 33143 836248 537524 303665 177686 320567 926049 511827 104528 414548 488452 572589 608041 347006 682005 148293 647827 715475 518246 626066 825817 817729 774732 952900 469016 930753 658248 391719 943426 53106 814648 989505 778792 305246 832535 703921 517462 279785 448985 46445 143328 344203 288852 172623 272686 301115 308484 455360 1054432 993484 311522 458454 294430 152394 315585 415048 447326 479786 47065 709862 874303 402874 452683 294652 363625 662462 953213 627496
813961 164916 951884 686505 560186 726662 380538 550481 793364 378085 300645 972553 720505 999999999 514022 721327 542156 1067837 110025 418733 961716 468149 555106 807513 957745 950428 314753 369306 189598 477523 902319 860803 687366 707224 362289 808196 753868 647113 470680 857734 791073 315888 322990 350253 440826 911532 518510 572985 385721 247907 420224 642523 658064 663807 963486 476265 750727 689309 540259 747601 846606 698808 674701 1065786 760021 544638 576344 246195 203756 860534 909479 732655 841620 528488 524783 759722 939254 839730 996092 434015 435694 382420 797466 834895 643475 590327 672375 794102 444575 418701 760925 636870 757506 402303 644789 473219 924577 624884 1038985 235024
828082 486593 902092 314860 177713 642627 659230 404361 587182 164290 299905 697126 1003168 514022 999999999 938506 942008 1209749 620042 465409 832784 809277 772311 1068824 944306 1097798 349476 256229 326698 975875 958810 863943 974640 418149 465648 923608 941031 761638 78266 844015 1026874 633828 793265 850402 411038 1022210 379468 869832 357740 319260 490441 530444 370019 384033 791321 50377 754379 311001 417251 803467 509226 1007523 399269 779153 529979 961479 275124 329344 618701 1001025 950299 991482 1072688 960674 931349 949910 1118073 961698 1183784 903037 199797 192249 906817 853482 776281 850815 784635 836646 561388 895219 1026801 453172 447676 844775 667577 869019 1028237 483308 766788 743743
334322 578056 472559 826386 825042 471097 342476 587460 640524 919284 660908 799222 126453 721327 938506 999999999 358471 352936 683026 473161 587463 287313 175281 140581 425501 241336 602586 684837 747076 652903 303107 361856 128583 731987 478933 180570 55953 208048 860359 385407 89112 405492 539485 634547 531372 241496 594181 177619 580871 672864 448075 518925 726644 717376 648899 888952 345392 834869 566376 266637 831577 174233 712821 865280 665868 397803 744269 661520 526087 174293 327814 83542 134474 435146 373864 54410 218719 184319 274948 530430 1011452 951492 186734 332094 183687 135667 197968 288633 377356 552640 113059 606982 766933 464960 340524 360254 258167 558999 828984 669050
651657 467529 804086 949727 890763 714519 300976 714846 867101 861736 642928 1050786 270153 542156 942008 358471 999999999 681556 458712 542932 894148 153378 319083 354035 768702 585545 599690 697765 655729 299325 655327 689883 245344 894011 508281 531236 413752 466280 871695 706661 373412 309356 246631 312349 609927 599761 703625 196317 621013 625254 519158 709330 868040 864137 939935 892772 632365 956717 693306 571897 1022837 222658 865891 1131583 870744 40739 842549 614473 348813 532186 677477 308684 413159 76676 20703 412881 542687 541366 577150 187819 941813 881653 532745 657997 442532 255728 476151 609274 463244 213142 316804 772117 940477 153768 572662 73591 616477 730682 1096303 389058
409201 916866 442397 1024489 1066749 612850 687339 815940 761237 1222085 963885 858354 411406 1067837 1209749 352936 681556 999999999 1035102 759353 588072 638352 512808 331836 371339 118410 904827 971217 1071477 980686 276496 393284 437497 907511 783285 286825 314245 455077 1132549 422964 309083 752829 888235 978992 802381 188785 834697 526012 865438 986707 738361 707179 921722 909047 667894 1163281 473708 1033292 799024 409656 963478 460559 899485 892405 807670 716266 971637 976023 877001 214334 297741 374970 268941 755276 700139 308893 139415 248946 115856 865796 1315427 1258082 303216 386780 446681 488602 430102 384805 675559 889784 364934 800289 926191 808345 543960 700601 185598 755916 859280 1020870
820738 200998 966377 770996 652920 759814 356593 610600 846130 487778 382908 1030927 664247 110025 620042 683026 458712 1035102 999999999 458177 992300 409775 528672 753481 964134 919988 383359 453651 293473 367741 895220 867683 631362 778568 399224 791459 721802 640794 572510 868494 744454 289663 223964 240594 493749 891333 581101 520864 449317 334186 453458 687514 732118 736246 1002615 580362 763513 774588 597343 748575 919751 636161 745793 1123733 818751 455616 658072 329755 160054 835220 905675 682438 794221 435135 439895 726563 901540 819873 954442 331527 545340 492429 782760 839579 632739 548048 664698 795464 461060 314203 707525 695523 829639 310538 660942 394781 905538 676959 1094903 125175
421633 260077 544007 406798 363188 307999 242685 178002 390875 462886 206939 579010 544363 418733 465409 473161 542932 759353 458177 999999999 543122 391825 310369 605121 560908 643545 149385 214115 336094 691490 534378 466277 517978 360911 59006 473414 476669 304426 387222 456987 561699 257440 496366 591785 67585 577036 161638 422653 108399 239505 26202 229472 328367 326249 546279 416025 350820 413823 158401 371807 498558 555382 330298 670675 370534 573283 301333 230543 337090 546116 533711 528782 607282 586242 538918 485408 657485 510813 722682 579573 556206 499509 457956 445494 315462 393677 329252 413860 97212 583884 564364 251813 410586 501382 245214 478084 585789 223792 640301 535189
253161 800636 145750 552569 657188 235137 679473 455283 250738 917756 713192 274765 713886 961716 832784 587463 894148 588072 992300 543122 999999999 759580 576700 704157 216776 531825 669713 676588 860583 1143332 332215 230501 711803 428133 599605 420308 539600 427912 770103 203469 644602 733408 969981 1074522 532247 440218 488848 700847 600040 760900 542181 332215 467719 453175 80470 800116 262073 560256 453647 326614 420904 759513 438588 305088 309738 934443 557685 754976 850493 480293 304607 670194 655383 964550 902220 546478 591710 438828 641766 1016520 1001309 958913 408139 257177 451733 641700 418874 298838 533093 1030673 694567 384487 420613 935541 342105 860775 431549 367484 271357 1048809
527321 357113 682286 798351 745426 568045 153273 561974 716517 744560 509543 901891 254643 468149 809277 287313 153378 638352 409775 391825 759580 999999999 185226 343708 655580 528625 461442 558734 545432 390041 554375 569256 221665 740695 360993 433989 335163 334713 736189 582151 337400 179533 252748 350932 459210 519697 551606 113142 475264 499425 367484 557117 715240 711125 799890 759283 498004 805493 540343 446551 869572 230725 712702 984465 718406 188244 692664 488123 264420 455810 572830 273726 386246 210620 153374 337611 500796 452921 549277 262338 829849 768815 431184 537420 313959 154526 349290 488270 310006 280486 297791 618762 787099 186341 428176 101877 535683 577524 949579 382541
342157 405790 497201 692240 671351 398834 174892 449128 558267 745466 488228 736978 234475 555106 772311 175281 319083 512808 528672 310369 576700 185226 999999999 296741 472585 395331 430609 516667 571868 574840 378859 384515 209734 613259 308104 265485 199483 149779 694650 396943 259020 241227 422757 525943 373581 362882 449001 136224 415287 498145 284356 410302 598133 591079 620872 722263 314635 700279 427115 261399 729954 250972 589359 815156 569690 358849 599172 486752 368757 307027 394640 219175 307888 387957 325969 205936 387031 291737 447176 447054 837252 777060 258993 352781 128772 88525 164190 303722 213179 464200 254557 486852 654711 369005 256011 284852 377376 440898 779547 535291
454385 678271 577205 966620 961698 607904 442569 726921 777424 1039216 783840 930362 89962 807513 1068824 140581 354035 331836 753481 605121 704157 343708 296741 999999999 520519 251881 726771 813375 857046 651488 391037 473921 122304 872512 604782 283976 170194 348351 991025 500789 59996 498156 577966 660552 665869 299962 732544 234569 711388 790454 579434 659322 867120 857915 770926 1018850 476709 975076 705655 395768 970627 131397 853399 992201 804745 386677 882980 778941 605140 237701 418860 78736 65952 425650 373519 161841 196920 270329 223488 541083 1130066 1069396 296135 447199 324235 226198 336915 409490 508127 565916 46632 747563 907127 491511 480394 383507 315634 699578 956010 717360
143901 792915 71058 704404 779540 302108 617216 541063 414017 997901 760443 488206 548537 957745 944306 425501 768702 371339 964134 560908 216776 655580 472585 520519 999999999 320330 707044 742755 896904 1045323 129841 96958 554083 580036 607133 245131 371241 330496 872861 104507 463675 680727 893552 997589 576245 233107 569153 572836 647172 799218 549922 413865 606674 592559 296575 904148 210220 712910 530777 217348 609822 599003 580207 521545 467771 809366 678561 790814 808824 284588 101701 502400 464287 843839 780638 375926 383167 250618 428725 917804 1088069 1037887 239268 124714 345825 514139 310489 171214 513496 935959 520319 496430 587618 841147 316792 750683 221891 461463 488097 995710
320094 798666 388592 925249 959230 518882 570119 708802 676122 1105806 847118 791758 318586 950428 1097798 241336 585545 118410 919988 643545 531825 528625 395331 251881 320330 999999999 787989 856324 953267 884432 200763 314895 340364 811955 665930 174820 198186 339154 1020204 345467 214108 635975 780495 874214 688619 94117 725709 417925 750343 869053 622031 605877 822137 810035 608692 1050707 376659 934058 690986 305378 878910 370704 801420 835947 718346 622368 866128 858307 761221 97433 227518 277039 185967 661077 603046 193648 66181 136849 110517 765631 1199141 1141435 192123 300948 329450 376253 314709 288133 558255 788824 274906 699549 834549 703915 435977 597410 100433 653785 801257 910261
569597 189218 685838 394152 298793 437323 310095 236523 481356 318674 59186 658024 656944 314753 349476 602586 599690 904827 383359 149385 669713 461442 430609 726771 707044 787989 999999999 98083 192223 683484 683762 613543 627527 395563 123966 620225 613101 450031 274972 602669 689011 290491 488291 568037 137538 724571 203965 520842 72251 92731 167270 339688 348766 352975 661169 299163 497716 398771 228058 521192 536503 658936 362813 751257 445699 622722 279616 85590 310201 690775 682915 648477 736878 626667 590854 621407 797886 657202 862278 589112 411806 353503 605214 593777 458568 504687 475410 563093 230300 586834 683282 322967 446503 520382 393353 528056 733799 315124 724913 485707
612444 273241 712896 317939 205745 454216 406631 222182 462431 256368 70856 624551 746952 369306 256229 684837 697765 971217 453651 214115 676588 558734 516667 813375 742755 856324 98083 999999999 203990 773385 735258 653508 718423 344878 209428 684529 690479 517309 179642 638635 772668 388570 580020 654742 171000 786725 188075 614275 106071 121430 237806 345699 293317 300907 656384 205948 538545 321212 223058 574284 480759 751627 313374 716854 417703 720732 207065 124236 401073 758920 731025 735751 819275 724294 688924 699145 871531 722290 936776 683346 348488 295621 668528 637502 529329 594591 541620 612634 307612 679887 770978 302485 393461 616421 440311 626127 794498 309586 693920 564806
757547 189363 877586 510335 376135 629233 415202 416158 661120 208338 149029 827924 777588 189598 326698 747076 655729 1071477 293473 336094 860583 545432 571868 857046 896904 953267 192223 203990 999999999 651627 866264 802361 745583 548635 294914 792448 767184 622262 281095 792815 828125 367294 475791 525243 329313 897769 381891 631380 260543 99817 349072 529090 496662 504666 848564 287159 686898 512152 411942 704212 682968 768137 517297 920456 619314 668090 405815 106767 311174 857513 867526 778582 878088 660655 641782 774652 955258 828053 1017440 587681 286237 225924 778689 781197 626482 630913 648190 747823 400305 577190 811194 500590 596715 538118 581192 582388 908361 500259 896960 417067
916934 500796 1072026 1074475 979128 936887 473388 868379 1067633 853341 705068 1257349 569323 477523 975875 652903 299325 980686 367741 691490 1143332 390041 574840 651488 1045323 884432 683484 773385 651627 999999999 940530 959236 544568 1050524 639472 817816 706870 723457 920018 971600 672735 436403 196784 127326 749360 894101 847094 479764 731870 666900 674505 902213 1012979 1013100 1177330 932465 883896 1079783 849623 836206 1189716 520666 1018937 1345147 1057283 264818 960175 659139 373285 827186 960406 607868 711989 225839 281401 707005 841961 832209 874975 127787 913080 859782 816899 927424 703582 535161 739030 878287 642769 112880 615772 942596 1100965 207803 804280 296147 910679 909922 1311845 244781
135432 739843 192080 752424 805648 339125 539971 556650 484790 991256 740829 591369 422947 902319 958810 303107 655327 276496 895220 534378 332215 554375 378859 391037 129841 200763 683762 735258 866264 940530 999999999 117203 430976 633238 571373 124143 247563 255540 883573 147379 334798 606226 800877 903059 564335 108032 579453 462051 632753 772822 518163 439536 650385 637252 408203 914825 205901 761192 542030 162574 687196 474428 626941 635491 531381 695626 707560 763245 736231 154761 28487 376548 334449 731500 668739 251209 259496 122295 311253 814146 1083729 1029659 123632 111507 262552 405409 230849 122826 468058 833892 392522 530943 650264 740646 295009 644397 100448 488773 600660 913065
47001 695987 114204 641801 704285 229340 522639 459588 368043 909557 667917 477607 488020 860803 863943 361856 689883 393284 867683 466277 230501 569256 384515 473921 96958 314895 613543 653508 802361 959236 117203 999999999 488875 520573 511255 189951 311515 238330 790682 30573 414552 585416 802322 906779 485013 220803 485567 493617 555584 705300 454409 336174 540896 527351 300925 822035 115881 650507 447335 124180 570197 535732 516284 527022 415823 730618 604454 696650 712956 251915 96347 443256 425001 763713 700506 317891 369543 209026 425160 831468 1000640 949111 178435 31959 256046 434156 220492 81096 416641 848702 465949 424395 535292 753436 221293 666696 215907 385121 491503 901355
458978 563121 600487 900830 880338 577100 330578 657911 744462 933791 682747 911886 33143 687366 974640 128583 245344 437497 631362 517978 711803 221665 209734 122304 554083 340364 627527 718423 745583 544568 430976 488875 999999999 817338 509079 309090 183460 307905 897773 511358 128486 381859 457658 543479 582441 361431 658628 115389 620311 684581 491799 608820 805218 797524 770249 924322 462011 908963 635987 386907 927423 48219 794936 982094 763602 282033 808888 673025 484322 293635 456096 63352 171700 320713 263265 179910 298194 310559 337349 428301 1023218 962222 315222 458532 281477 124407 305484 413496 421273 452355 77398 690774 856494 373267 438450 264990 378173 643727 945841 595991
498552 580662 524096 125617 240734 294662 599290 182909 177410 533034 408352 288178 836248 707224 418149 731987 894011 907511 778568 360911 428133 740695 613259 872512 580036 811955 395563 344878 548635 1050524 633238 520573 817338 999999999 411053 643847 710646 524314 367570 493800 817377 618325 854282 945716 301202 722197 203861 745638 330117 462330 380918 213713 53367 43973 377234 394264 435458 133796 203039 508772 141561 861942 32776 377562 118434 927129 154183 462225 686152 724799 616276 807163 851718 943155 892312 719955 851467 679304 915300 940395 604483 573176 626176 521768 548300 701629 537863 524432 430807 944214 841513 126594 51267 862264 393970 833411 722717 173791 358803 875631
465540 201795 594311 445739 384568 364749 208031 229226 449467 442393 182883 637132 537524 362289 465648 478933 508281 783285 399224 59006 599605 360993 308104 604782 607133 665930 123966 209428 294914 639472 571373 511255 509079 411053 999999999 500381 489192 329773 388699 504204 565756 210517 443347 536676 109983 605363 207926 406390 114803 203976 58369 288478 374758 374111 604595 415376 397107 452174 211300 409481 550573 542939 379546 729034 427655 536162 335475 193659 279923 568988 573025 526848 613318 546151 502456 497472 674375 536818 738590 530801 535371 476571 485959 488545 336606 385168 355501 453532 107729 533636 561945 307327 461533 454416 290361 440426 615316 281681 698891 477031
173866 649721 295448 754064 784509 355182 434926 534241 519664 936297 679049 655822 303665 808196 923608 180570 531236 286825 791459 473414 420308 433989 265485 283976 245131 174820 620225 684529 792448 817816 124143 189951 309090 643847 500381 999999999 126134 170609 846191 217189 224714 501939 683327 784255 515561 105358 550892 338570 578868 704354 453147 434421 650999 639322 488535 876824 213183 762857 516262 135184 720659 353878 631413 712299 556730 571505 691913 693962 631461 81217 147567 257740 236522 607468 544784 131107 207628 38097 271929 691945 1029609 972779 17732 163908 166880 282794 144930 131570 392973 712190 277715 528057 669706 619759 261501 521710 116880 481562 676334 800449
287319 605115 420411 810511 819098 438990 373334 575856 608325 931541 672074 760275 177686 753868 941031 55953 413752 314245 721802 476669 539600 335163 199483 170194 371241 198186 613101 690479 767184 706870 247563 311515 183460 710646 489192 126134 999999999 188972 862767 336445 110747 438606 587911 684799 530701 187293 585715 228899 585066 688243 452678 496939 709188 699109 603663 892123 306515 819131 555506 225640 803455 227765 693477 823134 637528 453284 734186 677110 563120 121206 272661 132090 141145 490418 428800 9361 188287 128374 250467 583474 1024393 965178 133964 282769 168524 180850 172890 241835 383843 605243 155000 587623 742910 516148 316688 412883 203826 539633 786891 714396
194156 485484 349214 621767 632495 269195 288101 387237 436980 767013 508990 605078 320567 647113 761638 208048 466280 455077 640794 304426 427912 334713 149779 348351 330496 339154 450031 517309 622262 723457 255540 238330 307905 524314 329773 170609 188972 999999999 683632 248375 293183 353143 564004 668450 350904 275701 398331 274510 411276 533745 283297 310975 520817 511034 475471 713759 166127 630364 367145 114150 624376 355638 505899 678175 459044 506536 545800 523358 482708 241721 264886 286244 329642 536831 474357 198326 356506 207218 422292 595722 860357 803060 156440 207271 26472 216419 25971 159310 222404 612081 319365 399967 558885 516616 132863 434628 286099 351930 642106 665730
753856 423925 832887 279803 131765 572198 585055 331831 528926 170931 228875 653238 926049 470680 78266 860359 871695 1132549 572510 387222 770103 736189 694650 991025 872861 1020204 274972 179642 281095 920018 883573 790682 897773 367570 388699 846191 862767 683632 999999999 771578 948783 562609 733226 796157 332898 945302 305193 793908 279731 255228 412327 459575 316388 329569 733105 31352 679914 277929 343355 727158 473690 931250 344844 739000 473467 892547 216513 264337 556252 923325 875737 913822 994503 893364 861735 871645 1040010 884268 1105697 841342 236950 208879 829478 779263 698117 773769 706743 761133 483352 834927 949191 386936 403114 780016 591234 799141 951567 413610 723679 693877
55077 692819 101086 615887 682174 205216 527855 439866 338787 894085 655944 447167 511827 857734 844015 385407 706661 422964 868494 456987 203469 582151 396943 500789 104507 345467 602669 638635 792815 971600 147379 30573 511358 493800 504204 217189 336445 248375 771578 999999999 441170 589259 810906 915623 471764 251375 466972 510765 542677 694926 446646 314463 515641 501927 271930 802913 107287 624555 428616 135702 540593 558625 490518 497439 387486 747349 581834 686600 715470 281527 125392 467587 453158 779718 716626 343177 399943 238058 455726 843826 984568 933951 204695 53728 268193 451195 232948 98540 413172 860411 491313 400780 507229 764966 214042 680805 246426 362985 461811 906288
394453 654296 518945 913887 914137 549414 417472 675859 718847 1004486 746965 870555 104528 791073 1026874 89112 373412 309083 744454 561699 644602 337400 259020 59996 463675 214108 689011 772668 828125 672735 334798 414552 128486 817377 565756 224714 110747 293183 948783 441170 999999999 477177 582304 670700 620367 248904 683053 224422 669148 756952 536457 603819 813587 804025 711029 977211 417121 922415 654893 336045 913128 156672 799055 932205 747191 409290 832996 745526 591403 183834 362248 66046 50638 448169 391602 102177 169726 213060 212188 556738 1096228 1035966 236475 387530 270018 201183 280171 349513 465514 580701 61848 693127 850996 500151 424139 392085 265150 645092 896015 718229
538905 181445 689259 655935 584502 511930 67031 435424 632583 565032 334121 822511 414548 315888 633828 405492 309356 752829 289663 257440 733408 179533 241227 498156 680727 635975 290491 388570 367294 436403 606226 585416 381859 618325 210517 501939 438606 353143 562609 589259 477177 999999999 244924 346254 319405 602575 417155 266578 317242 320532 238815 466945 584363 583006 756650 584264 487883 662227 415751 463623 755698 401501 587538 911507 620893 332500 544578 309336 130032 548193 617561 421259 527814 338536 300381 444231 623384 530926 680355 322156 650654 589576 493103 556068 343686 275994 376357 510294 209050 327105 451612 506838 668010 244273 392157 237578 616521 473520 878933 317637
757618 309891 911989 877984 785496 754373 290910 672499 877389 682880 513012 1067325 488452 322990 793265 539485 246631 888235 223964 496366 969981 252748 422757 577966 893552 780495 488291 580020 475791 196784 800877 802322 457658 854282 443347 683327 587911 564004 733226 810906 582304 244924 999999999 104877 553081 771933 650668 362699 535220 478225 480402 711750 816306 816558 997929 747894 715991 883374 654066 678147 993885 450467 822569 1156431 864359 236395 763802 469668 178972 708482 817335 516633 628744 212397 226406 590310 749553 704253 794091 112398 751587 694693 679070 771238 547731 407199 583081 722900 453797 101959 534874 748018 904862 92873 628023 195647 787779 716808 1123833 142780
862225 381522 1016709 961571 860206 857519 395152 765543 976962 726130 585332 1166799 572589 350253 850402 634547 312349 978992 240594 591785 1074522 350932 525943 660552 997589 874214 568037 654742 525243 127326 903059 906779 543479 945716 536676 784255 684799 668450 796157 915623 670700 346254 104877 999999999 645288 870405 741881 456930 621043 544799 577485 811481 905540 906712 1101576 807682 820866 966467 747970 782600 1086353 530151 913573 1256630 961687 290206 846967 537581 260224 805881 920114 604657 715148 256564 291734 686612 839694 803847 880769 129934 785884 732461 780644 875611 651791 505076 687214 827155 555215 104523 619589 843481 996681 170648 732475 278629 886473 814242 1224449 119380
442908 292758 551236 339953 297897 299925 309236 120438 353540 426965 185398 537182 608041 440826 411038 531372 609927 802381 493749 67585 532247 459210 373581 665869 576245 688619 137538 171000 329313 749360 564335 485013 582441 301202 109983 515561 530701 350904 332898 471764 620367 319405 553081 645288 999999999 616791 97978 489242 71050 229506 93031 203510 265035 264156 525556 362885 369429 346841 104401 403294 441174 620822 269591 629998 325216 639791 233750 223020 386758 591434 560490 590541 664630 651903 605556 539679 707145 553507 772810 640559 519404 465652 499246 467776 365245 458456 374347 441794 161357 643597 626204 202453 351831 563646 269500 544385 624196 184409 601446 580665
227061 754119 298927 837468 877982 428061 535591 627177 582976 1039704 783241 697925 347006 911532 1022210 241496 599761 188785 891333 577036 440218 519697 362882 299962 233107 94117 724571 786725 897769 894101 108032 220803 361431 722197 605363 105358 187293 275701 945302 251375 248904 602575 771933 870405 616791 999999999 646195 415909 681475 809333 557342 519179 734498 722051 516147 976171 286925 846278 610356 220872 785821 400024 712900 743427 626228 638800 782907 799000 731305 67859 135732 301237 238382 676413 615342 187184 151519 71823 204390 770730 1132950 1076544 119431 207205 272102 365332 249883 197831 498102 792384 310024 612550 743261 702644 355474 600087 16762 567719 708514 894262
448768 380991 532971 247347 234452 271774 404114 34407 279600 433208 233039 454081 682005 518510 379468 594181 703625 834697 581101 161638 488848 551606 449001 732544 569153 725709 203965 188075 381891 847094 579453 485567 658628 203861 207926 550892 585715 398331 305193 466972 683053 417155 650668 741881 97978 646195 999999999 572609 132985 285364 184522 160187 167216 166186 468888 336542 374950 254805 38378 425931 344642 699576 171922 547316 241755 734571 150658 282153 482491 630398 570861 660085 724231 747872 700100 594980 751953 588878 817789 738516 520997 474032 533618 474175 417209 536493 418681 457556 244987 741560 695635 119571 254805 661427 290743 639540 651302 121533 521010 673692
455843 447941 607821 818831 785588 533940 217379 576324 694454 822140 574436 872283 148293 572985 869832 177619 196317 526012 520864 422653 700847 113142 136224 234569 572836 417925 520842 614275 631380 479764 462051 493617 115389 745638 406390 338570 228899 274510 793908 510765 224422 266578 362699 456930 489242 415909 572609 999999999 520036 573242 396586 545668 727691 721443 749977 819456 440206 826611 554217 376553 865002 138591 720611 949231 705593 237056 720740 561700 370635 350073 483171 161575 273626 271005 207806 230122 387991 352540 436156 355071 910729 849646 338674 461750 249590 59573 281981 413113 328783 376488 188034 619745 788323 287482 391109 184334 432306 574601 913437 495293
513080 250548 622189 342966 270194 369426 322044 164797 409170 359001 114618 586852 647827 385721 357740 580871 621013 865438 449317 108399 600040 475264 415287 711388 647172 750343 72251 106071 260543 731870 632753 555584 620311 330117 114803 578868 585066 411276 279731 542677 669148 317242 535220 621043 71050 681475 132985 520036 999999999 160921 132842 268810 286071 288742 589633 308084 439862 348582 155815 470950 471649 655631 297380 680081 374301 647596 229350 155499 360886 652927 629740 634384 715156 655592 614352 593798 765537 616556 830832 630430 451968 396974 562992 537819 423287 495961 435661 510575 203648 630627 669829 251237 381357 557375 338604 551903 689533 242959 653343 545953
660984 168697 778554 439125 319234 529421 356296 319322 564958 249226 54057 735882 715475 247907 319260 672864 625254 986707 334186 239505 760900 499425 498145 790454 799218 869053 92731 121430 99817 666900 772822 705300 684581 462330 203976 704354 688243 533745 255228 694926 756952 320532 478225 544799 229506 809333 285364 573242 160921 999999999 254673 429677 411964 418540 749881 271711 589577 442200 313836 610337 600243 711721 430181 828851 525337 643210 328438 11555 301038 772373 772920 711724 806033 641550 613762 696159 875142 740733 938585 586119 339623 279087 689922 684952 540120 565028 559477 653066 311504 579811 745596 404776 511913 525772 484578 551873 819219 402007 804151 448868
409049 258496 536116 430867 389363 307705 219795 198369 401232 483791 225920 590429 518246 420224 490441 448075 519158 738361 453458 26202 542181 367484 284356 579434 549922 622031 167270 237806 349072 674505 518163 454409 491799 380918 58369 453147 452678 283297 412327 446646 536457 238815 480402 577485 93031 557342 184522 396586 132842 254673 999999999 237351 350275 347526 549195 440889 339738 438019 177879 355721 517099 529184 350883 681384 384259 550079 326524 245097 325906 524661 518634 502933 582326 563871 515586 461339 634568 490275 699578 560751 577132 519773 438019 432409 293144 367488 308483 398849 71326 565889 538493 268132 429991 481785 233185 455158 566529 236763 650307 525322
304702 488343 373917 319661 368112 112684 431342 128985 165641 593372 381149 355576 626066 642523 530444 518925 709330 707179 687514 229472 332215 557117 410302 659322 413865 605877 339688 345699 529090 902213 439536 336174 608820 213713 288478 434421 496939 310975 459575 314463 603819 466945 711750 811481 203510 519179 160187 545668 268810 429677 237351 999999999 216578 205004 322052 490780 234354 328458 123024 300560 319741 654560 197748 445201 161437 745345 268573 424259 563110 515637 427010 595306 638025 766118 710489 506250 641702 470904 706342 783001 680722 634214 416690 329655 335360 497418 324153 322561 259583 791106 629273 93700 248432 701791 180286 655523 521593 49250 413461 762671
514970 535890 554407 103120 192343 311825 570033 153289 218418 480510 358166 341365 825817 658064 370019 726644 868040 921722 732118 328367 467719 715240 598133 867120 606674 822137 348766 293317 496662 1012979 650385 540896 805218 53367 374758 650999 709188 520817 316388 515641 813587 584363 816306 905540 265035 734498 167216 727691 286071 411964 350275 216578 999999999 14575 421788 343807 448015 111926 175067 516989 188546 848596 29372 430927 160320 899891 101323 412344 645410 732215 635288 799122 850239 914146 865258 718544 858225 687450 922916 905542 553307 520818 633267 539083 543571 686641 536525 536998 405750 908254 834020 122993 100145 828632 394396 805269 736207 170269 411967 831924
501870 539090 540037 115445 206426 298456 567043 149472 204015 492820 364594 330209 817729 663807 384033 717376 864137 909047 736246 326249 453175 711125 591079 857915 592559 810035 352975 300907 504666 1013100 637252 527351 797524 43973 374111 639322 699109 511034 329569 501927 804025 583006 816558 906712 264156 722051 166186 721443 288742 418540 347526 205004 14575 999999999 407556 357252 435384 124251 170840 505062 183528 841217 15303 420409 146076 896390 113721 418555 646761 720528 621926 790475 840217 911214 861690 708460 846687 675626 911250 904622 566405 533251 621592 525884 534064 679604 526320 524427 401275 907746 825264 111847 93732 827251 383701 802026 723589 159600 400732 834667
316621 806309 225530 498301 613920 245234 707240 434528 204324 887819 699693 194692 774732 963486 791321 648899 939935 667894 1002615 546279 80470 799890 620872 770926 296575 608692 661169 656384 848564 1177330 408203 300925 770249 377234 604595 488535 603663 475471 733105 271930 711029 756650 997929 1101576 525556 516147 468888 749977 589633 749881 549195 322052 421788 407556 999999999 762147 310567 505459 436779 383389 351330 818338 392426 227289 261481 979703 517350 745040 867680 552731 381175 732285 724901 1008024 946606 611051 667311 509876 718977 1051841 967852 928957 475167 324666 500664 691723 469975 361875 550524 1064450 758427 355669 362265 970187 373347 901714 508263 348479 192638 1067554
785191 439880 863966 301301 155346 603379 609014 363141 557859 152893 250174 678434 952900 476265 50377 888952 892772 1163281 580362 416025 800116 759283 722263 1018850 904148 1050707 299163 205948 287159 932465 914825 822035 924322 394264 415376 876824 892123 713759 31352 802913 977211 584264 747894 807682 362885 976171 336542 819456 308084 271711 440889 490780 343807 357252 762147 999999999 711239 298745 374708 758229 496063 957150 372553 763164 501923 912690 244946 281476 572207 953753 907051 941420 1023212 912450 882330 900963 1070020 914890 1135663 857008 210883 188282 860156 810598 727956 800536 737009 792354 511697 849786 976711 417450 428129 797479 622310 819905 982521 444673 748708 703049
