NAME : synthetic_000695
TYPE : CTSP-D
DIMENSION : 100
GROUPS : 8
RELAXATION_LEVEL : 1
EDGE_WEIGHT_TYPE : EXPLICIT
EDGE_WEIGHT_FORMAT : FULL_MATRIX
EDGE_WEIGHT_SECTION
999999999 314183 358140 158575 383396 266061 210297 348877 476654 601185 622706 793804 538823 332689 448377 706933 282180 273271 746131 273191 234567 205133 778883 349736 437374 598804 460102 92872 755594 174437 703699 142098 509950 385378 399274 215383 404731 434360 768454 690855 580814 870837 516749 80565 603546 226949 780430 505187 209475 793451 424603 460211 143990 556557 568487 373142 307450 318704 471361 403311 557569 313047 196120 538909 615835 80218 544088 106473 204338 667912 611523 336424 123648 429638 511332 588772 134153 463065 624578 89384 624263 413350 155925 602397 643354 404342 239594 725345 541819 866416 266095 812808 282356 145367 432091 169960 641257 764151 183281 377493
314183 999999999 69999 470951 628589 433038 523580 458844 776570 801821 467977 978130 550883 452766 158859 931540 552439 191967 773530 581328 543961 376644 665692 492078 748099 612006 487934 395827 867235 473657 854442 455846 749414 233674 577467 517125 424238 370181 1003523 923808 562257 1090990 446207 345829 778767 419392 744558 812350 503775 1011537 533801 386468 246732 815187 402522 338925 78362 167271 269669 643697 734554 312195 457326 585006 462101 383335 378030 310517 345738 754858 901023 49581 371582 299110 635399 459901 447750 229919 807691 278616 892132 726223 382279 773995 635727 691256 337817 922407 751462 1080710 538214 1038135 464352 172054 746274 253066 667115 775852 422522 213032
358140 69999 999999999 510092 639116 434349 568315 445477 829565 796428 403063 965861 511759 442085 93856 930467 611099 173612 731377 615676 579670 384403 603080 483705 795413 571006 454921 445133 840045 525180 836067 496889 755474 295263 572952 568273 393497 325241 1004603 925210 516828 1086891 395505 376820 767580 484285 691969 862131 556978 1007680 515774 338353 265314 825900 337494 303697 145648 234196 203601 652474 724792 288599 478781 551407 397417 420145 313605 369268 412127 724697 922186 23540 396235 245240 616432 398703 488632 271873 797820 335286 904937 771325 401260 762048 590171 747737 334296 914100 749408 1075084 596395 1036023 466702 212780 787649 318584 626990 730813 440894 274187
158575 470951 510092 999999999 283630 267476 75824 362504 354132 514939 720451 707791 572255 344355 597058 598719 230992 397338 752936 116590 77622 233908 850574 341545 295995 625004 496688 110405 715330 115708 643181 21392 401872 531847 353479 127435 455565 516937 651311 577720 624453 760172 590710 141364 534410 277408 816718 369348 142857 686318 421533 542737 261769 430965 674134 454847 465793 470832 596165 305181 491230 395715 136402 554673 713663 90697 651626 222106 298426 648005 462666 489441 147057 537052 485187 679089 26673 617079 548583 228091 489562 266486 170710 535766 675766 306849 299909 634323 453752 759445 217146 700533 265136 299547 277775 305842 656944 777884 161253 526533
383396 628589 639116 283630 999999999 212227 327115 257992 522613 231552 681040 424164 434181 246855 703641 323668 499195 474690 549044 224474 239072 254718 746021 209615 430192 465629 381419 384835 455993 396661 369362 303078 126764 762741 142539 395284 378165 481041 385990 307713 495125 487512 522858 310047 258102 559771 652934 501500 417286 410537 259713 500905 382149 186916 657446 433987 655141 690413 634230 21558 219233 396903 187688 389733 675229 307938 642102 480980 570832 416119 302266 625436 270829 546267 266016 629463 304290 826398 267959 472214 266127 390838 250342 261213 519819 525268 312714 350990 170435 483686 488014 429418 180308 472092 358103 553297 476060 582152 211253 752220
266061 433038 434349 267476 212227 999999999 341036 95031 606868 370397 492469 553683 305182 76884 493465 498536 493086 265068 490843 298928 282947 65226 594535 83752 531227 357600 231129 318028 490442 371811 446508 275293 321698 600368 147831 393417 199023 285309 571178 491568 358999 658244 344101 187360 355537 487903 549296 607627 404737 578786 161138 308445 196994 395767 459716 230740 472152 523465 423690 222211 309660 186711 135876 288352 486126 222915 441749 372175 470219 402370 511597 422951 147262 338919 245489 444335 270606 646912 381575 349127 476825 494505 113276 352421 408323 572472 101530 493005 318521 648599 478035 605098 32620 297050 482430 421587 391293 513400 106549 586393
210297 523580 568315 75824 327115 341036 999999999 435885 279592 557289 795325 747206 646201 417749 657848 627068 172213 466855 822203 115600 88765 309651 926359 412277 228212 697906 571255 132555 773095 83920 694631 77542 435043 555909 415554 68569 531122 592448 672720 603152 699133 784735 666519 212188 584085 259749 890191 298901 92641 714060 491791 618291 330736 450363 748111 530269 509161 502151 666513 348358 542869 470889 206988 626572 788521 158524 725313 243695 299623 712159 455196 546703 222292 610435 549684 754438 85440 649030 595073 260190 499031 203053 246534 586432 749203 231703 375609 672132 496638 786419 160922 724706 336285 355608 224692 329387 728219 848273 235630 553336
348877 458844 445477 362504 257992 95031 435885 999999999 699116 354345 423404 520644 210640 18150 488538 493025 587470 272103 399186 387971 375067 144453 506779 49340 620853 262599 138826 409117 422007 465996 396302 370178 341716 650675 139429 488349 120601 223966 569999 492449 265859 644398 266933 274021 322103 574557 454329 697132 499292 565797 80045 243055 251022 424343 399984 182765 510174 572603 390030 260584 279628 162305 229816 194336 417508 314634 385534 452802 550407 323011 558852 438770 237198 296885 179519 372346 365357 683673 352496 426094 506587 583358 203878 316635 313344 667134 128990 469141 313460 631336 572296 596058 104209 350174 567505 492572 297530 420153 201513 634736
476654 776570 829565 354132 522613 606868 279592 699116 999999999 722622 1074582 890276 908892 681374 922006 743030 239755 743942 1063816 314321 324097 584736 1199867 667603 96896 955527 837518 385527 975348 304511 879326 356980 587482 749478 646923 261830 803272 870608 761996 712083 964970 876059 942585 491322 769376 402463 1148722 65146 272874 820943 743350 896291 608129 560793 1027702 808707 746114 715510 943806 539743 736722 749807 471341 881118 1067793 437214 1004874 469030 474835 937655 478434 806802 501183 889938 781419 1032979 364687 855684 769997 498359 570386 134330 523288 774562 1008653 103357 653238 814694 669017 885797 249883 818935 595405 618997 180874 544003 978897 1093923 506535 753408
601185 801821 796428 514939 231552 370397 557289 354345 722622 999999999 720118 193771 427091 355218 842878 142338 728740 623004 437832 449486 468656 432051 720307 312861 626136 426503 413921 613631 270197 628202 161432 534073 135210 966453 224375 625749 445898 554821 221207 150715 482257 290534 562186 522791 70483 789978 576668 689089 648299 211568 299214 565966 566474 187685 717463 529538 842493 890749 736640 210007 84452 516623 407105 365607 715802 531023 709514 703607 796677 287795 344846 787637 480331 640929 222422 666723 534909 1017185 51666 690510 242006 588330 452653 80210 472868 741818 464332 124492 61188 278987 718119 241934 340894 665128 544809 769986 408342 476879 419019 953614
622706 467977 403063 720451 681040 492469 795325 423404 1074582 720118 999999999 827526 297097 436049 353773 860999 904693 356114 440401 784144 760968 494804 203321 471425 1010567 321325 310692 712961 627696 791040 677386 718488 750882 698289 550504 826840 302908 207858 939679 870571 252950 984682 160841 586127 662273 822788 339371 1086176 827154 913989 436155 184034 478936 836575 65570 267485 546311 635248 199592 682192 635665 324981 615649 359845 6873 640373 90034 689488 764474 511535 979778 419063 573410 194675 497718 53526 711101 661623 695235 652596 917442 976393 552858 653226 302228 1018718 423229 804667 700164 965048 888576 949726 516628 515902 970759 674318 368469 421455 575655 677189
793804 978130 965861 707791 424164 553683 747206 520644 890276 193771 827526 999999999 531986 525509 1002777 158261 917464 792710 454827 636553 658446 617486 781504 486263 793448 509162 544254 807352 234557 820175 150508 727188 313897 1153613 405882 815775 590418 693107 191718 191691 575520 168259 680585 714786 199443 983491 607859 849718 839002 125630 451744 698784 750649 330088 838118 680380 1024127 1077023 880593 402618 244442 678964 600569 470082 824416 724566 834993 896884 990326 325308 454583 959411 672012 784949 354770 776173 728218 1198903 172121 882993 342738 757555 643251 204176 542225 920157 641158 76264 254696 144296 907492 160294 526340 850653 709570 961910 471658 493366 610973 1139961
538823 550883 511759 572255 434181 305182 646201 210640 908892 427091 297097 531986 999999999 228696 516887 566230 794045 364745 223891 596175 585129 344960 312442 242545 828654 62984 78733 609956 348050 672411 382724 578878 476152 773867 292075 697030 138593 189335 644518 577775 61078 687636 150672 471727 366453 765330 245001 904647 706594 617007 174892 183966 413815 561988 306873 212293 619396 697549 369701 428987 343043 251989 440454 62770 293531 517822 305828 635963 730218 228252 715270 514818 439857 281233 206026 244800 573627 779614 399174 604532 639649 790586 408255 357199 104962 877642 299389 507582 414118 668187 778560 652894 313545 498856 771222 658852 116317 232082 411002 755021
332689 452766 442085 344355 246855 76884 417749 18150 681374 355218 436049 525509 228696 999999999 488348 492376 569462 268473 416491 370643 357292 127786 523459 43457 603517 280731 156280 391654 434091 448018 404392 352067 335635 640526 135747 470230 134114 234186 568707 490570 283612 645695 281008 257121 326341 557912 472473 679829 481248 566780 93344 254327 238956 417096 410601 189467 502008 562554 395196 250688 282869 163307 211765 212172 430047 297027 395368 437103 534867 337369 548625 434474 219772 303338 189997 385523 347272 676041 355994 410973 499374 566137 186307 321334 331490 649024 118715 472029 311914 633279 554310 596334 87033 338845 550884 478557 315326 437841 183382 624922
448377 158859 93856 597058 703641 493465 657848 488538 922006 842878 353773 1002777 516887 488348 999999999 980713 704874 228950 727274 699210 664257 450790 557089 531470 885634 571563 471446 536923 858168 617499 866289 584927 814557 358955 623182 660394 415710 327856 1056762 978188 510805 1132824 383207 460393 807524 577323 668720 953350 649743 1054324 551293 334120 343782 889017 290091 324099 225549 309524 161904 715206 766915 326332 554486 564387 349089 506510 269496 463108 504362 739826 994291 117349 475477 236112 648713 361166 576634 308762 839036 428998 969576 860522 476354 801131 582273 841149 391939 956186 800040 1119311 690126 1084482 526076 303558 874812 411243 627939 721622 514807 337982
706933 931540 930467 598719 323668 498536 627068 493025 743030 142338 860999 158261 566230 492376 980713 999999999 792482 757854 549178 512481 539627 556531 851253 449264 646768 560656 556067 704860 348570 705321 237493 619388 198049 1083343 358016 694938 587965 697054 78928 33445 619574 163925 703852 632264 200238 875930 696146 699129 719707 87604 441159 708304 690630 184345 859547 670640 967289 1009453 878158 303627 226135 655147 510916 504023 856820 631476 851794 804293 892606 402604 296426 920426 591620 782615 363529 807720 621825 1141052 168379 795861 184857 612434 567592 209795 603941 780741 596436 96601 181106 160809 784041 107140 467246 786541 562284 876880 536503 588853 530600 1071869
282180 552439 611099 230992 499195 493086 172213 587470 239755 728740 904693 917464 794045 569462 704874 792482 999999999 554417 982360 281220 260251 449334 1055508 570650 253611 849521 716553 192334 943915 121646 866787 219034 604137 509724 583792 105225 668895 712632 833097 766923 842812 946721 792850 327602 756295 163118 1039020 291891 88645 878602 650753 738678 425756 611819 850639 650521 513961 477351 750147 520368 714957 589889 366902 781433 897820 277271 826179 242103 235227 878962 590754 587721 354688 711816 716144 869735 222914 616168 767141 275934 651616 255181 385792 758609 898670 142269 504718 841972 668307 950094 16134 886762 494288 409419 303057 309014 884354 1006197 386927 513770
273271 191967 173612 397338 474690 265068 466855 272103 743942 623004 356114 792710 364745 268473 228950 757854 554417 999999999 588608 487273 455504 222509 531046 310186 693170 427107 297832 365872 675281 446763 664939 389758 586678 409124 399965 486018 233490 198024 832623 753467 383756 913518 281891 255976 594157 466829 576165 765560 482298 834375 344066 219928 136119 660217 298080 153387 255347 333043 199869 486375 551216 120234 331892 394676 349327 308483 273089 333375 410823 563107 766775 166889 260095 161533 445369 329217 381647 421560 624270 296491 740651 663631 254468 588738 456238 676888 163644 740493 576748 901545 538437 863047 297683 161032 670207 323851 480888 594248 290855 390313
746131 773530 731377 752936 549044 490843 822203 399186 1063816 437832 440401 454827 223891 416491 727274 549178 982360 588608 999999999 751020 749047 543392 336849 411717 975298 161669 296106 808114 222089 861783 315636 763401 539187 997730 416907 880339 360048 406158 618243 571975 216507 623071 344465 673022 367392 972777 153325 1048604 893730 569194 331613 394866 630833 615652 476464 435826 842992 921438 571015 536033 371820 475062 616590 207499 439939 713322 484668 847647 943940 150038 776530 735926 636261 492254 283532 400006 759460 1001261 391345 818273 679099 936000 602721 357790 145898 1048467 511062 463884 456200 598976 967643 606625 488118 719989 906644 877231 108406 39675 595834 978832
273191 581328 615676 116590 224474 298928 115600 387971 314321 449486 784144 636553 596175 370643 699210 512481 281220 487273 751020 999999999 38975 289821 893244 354028 232883 641516 526797 223188 679234 197705 593657 136513 322966 648059 334896 182602 497860 576548 557150 488028 653342 669346 641708 239037 482272 373321 834633 309187 207826 599209 429076 601246 356608 334797 744281 516921 580547 587419 681033 244675 443644 461997 168497 566884 777555 198149 723560 336902 406343 629653 348170 596096 227183 611908 470296 738564 143062 733609 490187 344568 384498 195647 236996 485613 694851 302526 362430 560903 389830 671355 271972 609308 283763 409274 187021 421544 664641 780364 208912 643003
234567 543961 579670 77622 239072 282947 88765 375067 324097 468656 760968 658446 585129 357292 664257 539627 260251 455504 749047 38975 999999999 266299 876938 344965 250254 633072 513421 185095 688744 166123 607627 97700 346532 609245 336163 157332 480451 554108 587368 516423 640901 698472 622170 203903 496728 340148 826271 326435 180876 626855 422413 579232 323002 365271 719024 493488 542002 548445 651175 260166 456243 437030 148100 559545 754305 160632 697713 298473 369900 632869 386184 559773 195984 584922 471536 716618 104131 694638 506951 305651 418670 215426 209564 499369 685743 299559 337876 583409 408104 699473 249463 638502 271592 371944 214991 382880 659193 776995 185824 604094
205133 376644 384403 233908 254718 65226 309651 144453 584736 432051 494804 617486 344960 127786 450790 556531 449334 222509 543392 289821 266299 999999999 616729 146507 516338 401801 267226 266046 554331 327790 511732 237276 372940 536147 211772 354434 221993 287816 627326 547597 393733 717797 357858 129633 419968 430152 589815 592288 362408 638429 219509 313013 134550 441512 454580 227343 411160 459587 400065 268318 373949 172428 121825 337342 488165 172905 434180 310249 408234 463168 544320 370983 94906 324085 308976 450366 231275 585533 445384 285660 520667 481698 64060 417082 449792 540494 72939 555485 378208 709067 433761 663521 91317 233360 476799 356856 440452 563390 80938 522525
778883 665692 603080 850574 746021 594535 926359 506779 1199867 720307 203321 781504 312442 523459 557089 851253 1055508 531046 336849 893244 876938 616729 999999999 546933 1125758 294964 369259 863739 555315 936602 634121 852831 785457 898061 604326 967864 396614 344681 926493 868057 251368 948140 262673 728475 653221 992923 192284 1202156 972452 886852 486308 319041 636584 870592 267619 405799 743945 832471 400989 741330 639638 466186 728920 364394 208055 780799 290148 858490 941161 457175 1026190 617648 706604 374753 509534 206421 846320 864679 683536 822570 946008 1088891 679977 643354 247609 1156649 552858 777464 717438 925348 1039448 924215 610441 691589 1074281 854860 315034 304311 693426 877060
349736 492078 483705 341545 209615 83752 412277 49340 667603 312861 471425 486263 242545 43457 531470 449264 570650 310186 411717 354028 344965 146507 546933 999999999 586213 288134 177737 400235 407850 450256 369882 351687 292971 673823 92290 468831 168570 273247 525410 447179 300926 603394 313656 271089 286823 571405 481358 662142 482016 524336 80104 292046 269996 375183 449123 231489 538699 596155 438068 211522 242486 206752 205528 214856 465620 305069 434835 455725 553779 318669 509789 475442 230602 345574 162469 419921 347768 713242 315638 432042 457446 548067 196619 282352 341055 641586 154982 430944 268624 591379 555971 553538 76439 370690 529174 503088 315950 436359 184621 658840
437374 748099 795413 295995 430192 531227 228212 620853 96896 626136 1010567 793448 828654 603517 885634 646768 253611 693170 975298 232883 250254 516338 1125758 586213 999999999 872721 759679 352336 880586 277605 783411 303872 490948 750603 558773 234585 729782 804127 667503 616050 886120 781918 872316 437250 673834 412288 1065491 76401 253654 725415 659739 829348 557301 464134 967147 743199 726915 707627 892160 446540 642045 685970 397969 797522 1003870 384994 945265 451236 477012 846182 388092 773476 439986 831387 692055 966702 312095 852179 673812 475459 476007 39384 457892 679213 926371 155254 587343 717828 573050 791025 258250 724308 516645 582658 84546 532811 893396 1006394 436059 751825
598804 612006 571006 625004 465629 357600 697906 262599 955527 426503 321325 509162 62984 280731 571563 560656 849521 427107 161669 641516 633072 401801 294964 288134 872721 999999999 139664 667683 307725 727913 358655 632750 492378 836196 323430 750936 201331 246376 637474 575587 69072 670437 193945 529952 360920 825617 193231 948214 761571 603578 213078 237462 475954 576844 342260 274176 681328 760065 419717 457888 344944 314967 491118 76118 318925 574578 345196 697121 791887 190277 734063 574928 496580 335478 215413 272414 627851 840114 392282 666124 651348 834160 464259 351180 54281 928576 359953 493434 422545 649493 834211 640362 362384 561749 811860 721387 56409 169163 464112 817237
460102 487934 454921 496688 381419 231129 571255 138826 837518 413921 310692 544254 78733 156280 471446 556067 716553 297832 296106 526797 513421 267226 369259 177737 759679 139664 999999999 531578 387124 594979 400352 502523 440868 705494 243718 620501 64725 149324 634994 563199 127928 690405 150108 393246 361643 686659 322712 835954 629422 615902 126315 154898 336432 526808 303557 151241 553119 628374 337232 379361 329968 180350 366998 97076 305745 439887 296002 557594 652226 270074 673668 455402 362021 242549 194293 257287 497050 717783 394804 526468 607203 722159 330868 353391 183538 802937 220731 509322 390094 673104 700987 650159 243034 423901 705636 582228 187792 308100 335639 687196
92872 395827 445133 110405 384835 318028 132555 409117 385527 613631 712961 807352 609956 391654 536923 704860 192334 365872 808114 223188 185095 266046 863739 400235 352336 667683 531578 999999999 795446 81765 732245 89032 507071 426758 432420 123699 480655 520407 759662 685029 656008 867304 601074 138486 626446 177692 854140 417162 116603 792416 479090 546438 234268 540348 659877 458388 377245 370342 564225 406129 581700 397786 211869 603077 706088 95178 635684 114146 188721 717362 571245 422716 171921 520882 556275 677475 84661 517277 643546 127658 599934 331795 205399 626746 714916 311472 315191 735348 552662 865661 176206 807929 326247 233549 357016 199625 706271 829112 217517 423018
755594 867235 840045 715330 455993 490442 773095 422007 975348 270197 627696 234557 348050 434091 858168 348570 943915 675281 222089 679234 688744 554331 555315 407850 880586 307725 387124 795446 999999999 830780 113450 730801 398458 1071200 363439 838692 446635 531864 409533 376208 376796 402564 497511 675611 209337 971564 375395 947871 857416 353870 342025 530407 672891 457800 649728 537497 926080 993070 716839 437209 238626 555097 585151 294365 625683 702268 651546 862023 959922 119804 612748 838750 633400 625631 245436 579898 729162 1096430 218531 839566 505296 841681 600065 202726 328309 981121 550866 255386 311722 377994 931088 390779 473539 772150 802691 910840 259524 259810 579117 1054626
174437 473657 525180 115708 396661 371811 83920 465996 304511 628202 791040 820175 672411 448018 617499 705321 121646 446763 861783 197705 166123 327790 936602 450256 277605 727913 594979 81765 830780 999999999 758729 100309 510756 481117 468340 43520 547915 595201 753435 682462 721405 864577 674153 208151 649657 175972 917394 338861 36137 792672 530302 621281 313652 531235 739157 532837 449380 432463 645575 418197 606731 472235 248388 660091 784171 156373 715204 174123 217783 761394 538976 502516 233297 600157 598704 754135 102996 578447 663159 198041 582098 261353 264167 651168 777024 230137 384520 745946 567096 865403 106311 804616 374084 314602 293557 257599 763099 885139 265978 480160
703699 854442 836067 643181 369362 446508 694631 396302 879326 161432 677386 150508 382724 404392 866289 237493 866787 664939 315636 593657 607627 511732 634121 369882 783411 358655 400352 732245 113450 758729 999999999 660421 294545 1043690 304455 762002 450921 549674 303075 263859 425115 314272 532257 623161 111441 909897 466404 848190 782597 254408 320899 553587 639813 347502 689428 542259 906288 965968 737584 348982 152041 547476 520431 321432 674368 642471 687166 809634 906273 176948 500354 831607 580051 642679 219668 626294 659840 1079973 110689 790973 392159 745055 548335 108259 392482 892356 522953 148342 210363 292128 854925 291918 423781 740538 703360 866492 322040 355139 521653 1028587
142098 455846 496889 21392 303078 275293 77542 370178 356980 534073 718488 727188 578878 352067 584927 619388 219034 389758 763401 136513 97700 237276 852831 351687 303872 632750 502523 89032 730801 100309 660421 999999999 422297 511556 368100 118206 459259 516579 672402 598610 629963 781048 591933 134661 552174 257123 823714 375803 130391 706992 431790 542512 253691 452223 670776 454251 448343 451324 589263 324602 508620 394516 148282 563427 711671 81276 647896 201130 277065 661213 483470 475868 146612 532967 498479 678182 8300 597792 566967 208132 510953 276213 173327 553311 682898 303833 300581 653989 472888 780150 204567 721453 275290 285223 290935 285220 666092 787586 168758 506526
509950 749414 755474 401872 126764 321698 435043 341716 587482 135210 750882 313897 476152 335635 814557 198049 604137 586678 539187 322966 346532 372940 785457 292971 490948 492378 440868 507071 398458 510756 294545 422297 999999999 889315 203421 503514 454353 563026 259323 180964 536223 361472 590054 436770 189201 679280 664491 554089 527405 285464 314788 579432 504296 86106 736411 524411 779305 816642 730828 107986 169092 496627 314439 421074 745679 433750 724112 606370 694604 392555 242023 743181 397223 638521 277101 697716 424455 951507 183971 598574 166653 453223 375479 196357 544160 608932 423034 238018 87165 358728 594540 302966 289131 596757 409649 679763 488125 576350 337064 878606
385378 233674 295263 531847 762741 600368 555909 650675 749478 966453 698289 1153613 773867 640526 358955 1083343 509724 409124 997730 648059 609245 536147 898061 673823 750603 836196 705494 426758 1071200 481117 1043690 511556 889315 999999999 747887 520762 640784 599855 1148636 1069899 790624 1246849 678320 452914 955903 347556 976801 799666 498535 1168188 729990 617715 404191 940837 632726 562155 157176 78131 498737 781426 909984 525292 575815 801545 692669 465483 608864 312836 275099 964591 993810 280575 492145 532608 830130 692895 505205 110887 981526 304001 1009598 740003 515904 952731 863760 650009 521937 1090583 910241 1240239 500126 1190241 627282 303521 774660 227138 889970 1002781 552829 21157
399274 577467 572952 353479 142539 147831 415554 139429 646923 224375 550504 405882 292075 135747 623182 358016 583792 399965 416907 334896 336163 211772 604326 92290 558773 323430 243718 432420 363439 468340 304455 368100 203421 747887 999999999 478901 251258 359625 433587 355096 353113 514254 390154 318723 208299 609238 512272 632693 496227 434915 118746 376351 344825 287618 533530 322031 619438 671165 529458 137050 162208 299024 221716 247410 545067 340231 520831 505328 602264 296893 430141 563628 275635 436104 135550 497797 366143 794265 233763 486576 369509 519556 243920 205739 377681 635227 239993 345706 176991 503339 570369 463105 121085 444776 492507 562671 336628 447621 217958 734101
215383 517125 568273 127435 395284 393417 68569 488349 261830 625749 826840 815775 697030 470230 660394 694938 105225 486018 880339 182602 157332 354434 967864 468831 234585 750936 620501 123699 838692 43520 762002 118206 503514 520762 478901 999999999 576120 628524 739358 670630 747776 851859 705997 241250 651726 202070 941899 295343 26633 781770 548867 654582 351631 517089 776200 566068 492656 474102 685394 416594 610084 505674 263837 681372 819982 187594 752524 216682 252870 774551 513029 545679 261606 637343 611769 788697 123451 619608 663192 241440 563069 219755 290374 653889 801098 191980 415009 740690 565037 853955 92926 791820 392396 357191 254673 299118 783887 905090 286868 520528
404731 424238 393497 455565 378165 199023 531122 120601 803272 445898 302908 590418 138593 134114 415710 587965 668895 233490 360048 497860 480451 221993 396614 168570 729782 201331 64725 480655 446635 547915 450921 459259 454353 640784 251258 576120 999999999 109800 666532 591813 176095 729774 146955 342314 400407 630056 375764 806173 583091 653352 146855 125100 275721 538876 282293 91733 488644 563649 291954 379781 364137 115635 332375 161200 297069 391656 269830 499257 592594 331494 677869 392938 314879 195924 235788 251747 453189 654155 433113 467114 620716 693332 285954 392987 240508 762354 165808 549675 414426 713936 653091 686245 218396 360499 681232 520289 251643 370474 296974 622518
434360 370181 325241 516937 481041 285309 592448 223966 870608 554821 207858 693107 189335 234186 327856 697054 712632 198024 406158 576548 554108 287816 344681 273247 804127 246376 149324 520407 531864 595201 549674 516579 563026 599855 359625 628524 109800 999999999 775742 701401 192240 836609 85040 387453 507106 649295 378768 880005 631266 760920 256330 26080 291931 646982 176456 62458 443018 526106 187910 484448 472357 122969 408065 237504 201369 440944 161606 514982 600545 412801 782641 330435 370205 93901 340570 162615 509530 595803 540069 479548 729036 769477 347450 499305 265738 819403 217421 655895 524211 820061 696522 794318 310708 353189 763011 517868 302654 406182 368437 580071
768454 1003523 1004603 651311 385990 571178 672720 569999 761996 221207 939679 191718 644518 568707 1056762 78928 833097 832623 618243 557150 587368 627326 926493 525410 667503 637474 634994 759662 409533 753435 303075 672402 259323 1148636 433587 739358 666532 775742 999999999 79729 697290 114898 782726 696037 278139 926821 767402 713252 764900 71237 519687 787147 760626 222358 938473 748607 1036775 1075832 956311 367239 305059 731819 573514 582166 935536 691225 930704 862790 948280 474297 293074 993949 656528 860893 442360 886437 675541 1209751 245746 856623 191610 635689 634274 287534 679667 808890 670311 154907 256793 124108 825828 57070 539386 854903 583266 937957 611470 657850 596209 1137873
690855 923808 925210 577720 307713 491568 603152 492449 712083 150715 870571 191691 577775 490570 978188 33445 766923 753467 571975 488028 516423 547597 868057 447179 616050 575587 563199 685029 376208 682462 263859 598610 180964 1069899 355096 670630 591813 701401 79729 999999999 632593 182459 712147 617622 214885 854373 717068 667394 695710 111894 445071 713742 680939 156045 866665 672268 957158 996794 880214 288535 235056 653837 495398 516158 866192 614274 857990 786477 873325 423928 262984 914415 577756 785137 373011 817135 601387 1130254 184840 779359 151491 582156 555052 224726 620457 751674 590918 128096 179016 183336 758871 122900 459723 775422 531515 860602 554141 611607 517219 1058939
580814 562257 516828 624453 495125 358999 699133 265859 964970 482257 252950 575520 61078 283612 510805 619574 842812 383756 216507 653342 640901 393733 251368 300926 886120 69072 127928 656008 376796 721405 425115 629963 536223 790624 353113 747776 176095 192240 697290 632593 999999999 734992 128701 517531 419339 805835 199930 962273 756137 666476 235618 178896 449542 621897 273353 231015 634257 715858 355662 490051 398885 280218 494841 117152 250347 565673 276914 674366 766532 259132 775880 522605 488134 275843 263531 203470 624359 787906 451545 641544 698969 848308 457664 409827 73498 930827 341773 556482 472297 714598 827137 702898 369809 528149 830089 691000 121591 214029 463504 771101
870837 1090990 1086891 760172 487512 658244 784735 644398 876059 290534 984682 168259 687636 645695 1132824 163925 946721 913518 623071 669346 698472 717797 948140 603394 781918 670437 690405 867304 402564 864577 314272 781048 361472 1246849 514254 851859 729774 836609 114898 182459 734992 999999999 832997 796140 329527 1036802 776045 826404 877165 79460 584923 845090 852234 335016 990561 816404 1128939 1172660 1021720 467543 366773 806493 674838 624954 981167 795179 985405 967837 1055446 491066 403477 1077868 755377 925695 496364 932399 783782 1303101 296677 959726 305916 750390 730970 337328 706448 923781 754162 181135 339789 26140 939162 60039 627606 949031 697795 1040776 636143 661624 694270 1235176
516749 446207 395505 590710 522858 344101 666519 266933 942585 562186 160841 680585 150672 281008 383207 703852 792850 281891 344465 641708 622170 357858 262673 313656 872316 193945 150108 601074 497511 674153 532257 591933 590054 678320 390154 705997 146955 85040 782726 712147 128701 832997 999999999 466003 506822 733638 298490 948582 710065 760316 275314 61997 375465 675781 157695 143733 521147 606001 226964 523062 477850 203743 474376 210827 155741 518634 155202 599440 685525 377932 819955 403550 445373 150797 340418 107720 585213 667378 539973 564194 756603 836557 420056 498097 199090 895667 291373 652061 540104 814458 776785 795379 365035 438185 826419 602850 249181 338628 436727 658167
80565 345829 376820 141364 310047 187360 212188 274021 491322 522791 586127 714786 471727 257121 460393 632264 327602 255976 673022 239037 203903 129633 728475 271089 437250 529952 393246 138486 675611 208151 623161 134661 436770 452914 318723 241250 342314 387453 696037 617622 517531 796140 466003 999999999 523442 301016 715710 510065 244084 718139 347518 413526 120582 488893 536993 325019 355662 381730 454997 329125 477399 264523 122935 466783 579282 54336 513849 186879 284455 589728 557959 357598 43165 398767 431873 547464 126766 521420 544936 168566 560263 407756 75570 522154 576684 432775 177243 647172 464019 790822 311643 738748 202126 175277 416420 247208 569793 692773 103825 442919
603546 778767 767580 534410 258102 355537 584085 322103 769376 70483 662273 199443 366453 326341 807524 200238 756295 594157 367392 482272 496728 419968 653221 286823 673834 360920 361643 626446 209337 649657 111441 552174 189201 955903 208299 651726 400407 507106 278139 214885 419339 329527 506822 523442 999999999 804084 506568 739817 672725 254262 256756 515966 552213 253668 663700 487945 824862 878957 692353 237606 46209 482081 415377 304036 658280 538729 657412 708507 804050 217355 412970 760634 480312 596321 167350 609206 551967 999597 33187 691984 312033 635243 449972 9930 405613 781003 441718 149365 102394 313572 744644 288707 329365 652547 594721 769394 339823 406408 420347 941872
226949 419392 484285 277408 559771 487903 259749 574557 402463 789978 822788 983491 765330 557912 577323 875930 163118 466829 972777 373321 340148 430152 992923 571405 412288 825617 686659 177692 971564 175972 909897 257123 679280 347556 609238 202070 630056 649295 926821 854373 805835 1036802 733638 301016 804084 999999999 1005727 454846 175730 963508 648499 674441 358968 705131 763304 590381 368989 320882 648718 581237 759386 532059 389472 765717 816025 269297 737958 134435 77257 889968 713926 460812 340814 628350 730407 795153 255508 455359 820870 170677 757820 408082 374788 804428 869615 302452 465940 910758 728869 1036566 155140 977006 499662 307298 450412 166351 868175 991087 392478 352654
780430 744558 691969 816718 652934 549296 890191 454329 1148722 576668 339371 607859 245001 472473 668720 696146 1039020 576165 153325 834633 826271 589815 192284 481358 1065491 193231 322712 854140 375395 917394 466404 823714 664491 976801 512272 941899 375764 378768 767402 717068 199930 776045 298490 715710 506568 1005727 999999999 1140805 951594 720698 405778 359336 649293 745544 389918 426397 819631 904181 506915 643358 503330 478799 683705 267969 340966 762580 404808 874276 966148 293545 905809 701200 684674 446855 391566 312453 818536 963404 533443 841336 814289 1026814 653229 496694 140988 1121233 541055 613992 586505 752088 1023514 758192 555333 725725 1003426 889418 177753 116360 655522 956658
505187 812350 862131 369348 501500 607627 298901 697132 65146 689089 1086176 849718 904647 679829 953350 699129 291891 765560 1048604 309187 326435 592288 1202156 662142 76401 948214 835954 417162 947871 338861 848190 375803 554089 799666 632693 295343 806173 880005 713252 667394 962273 826404 948582 510065 739817 454846 1140805 999999999 310801 774417 735160 905291 629477 519660 1042148 818919 786839 761681 965008 516969 709864 761398 474281 872857 1079463 457077 1020069 509543 524579 917554 425197 839825 514598 905904 765126 1042607 383917 904086 737913 536373 522107 114097 533344 745638 1001960 164245 663017 774906 638129 837345 300029 770318 592923 649823 145181 588106 968093 1080189 512168 802460
209475 503775 556978 142857 417286 404737 92641 499292 272874 648299 827154 839002 706594 481248 649743 719707 88645 482298 893730 207826 180876 362408 972452 482016 253654 761571 629422 116603 857416 36137 782597 130391 527405 498535 496227 26633 583091 631266 764900 695710 756137 877165 710065 244084 672725 175730 951594 310801 999999999 806680 562120 657346 349578 542570 775157 568889 476038 453974 680824 438699 630575 508298 278372 693083 820285 191886 751165 198806 228536 790803 539660 534117 268260 636149 627991 790269 134326 598752 684929 226056 589309 241484 298565 674646 811056 194878 420139 764144 587424 879000 74338 817129 405647 347693 278634 279186 795933 917671 298445 498929
793451 1011537 1007680 686318 410537 578786 714060 565797 820943 211568 913989 125630 617007 566780 1054324 87604 878602 834375 569194 599209 626855 638429 886852 524336 725415 603578 615902 792416 353870 792672 254408 706992 285464 1168188 434915 781770 653352 760920 71237 111894 666476 79460 760316 718139 254262 963508 720698 774417 806680 999999999 507777 770176 772894 267906 917542 739120 1049585 1093783 945142 390234 289460 728012 597342 554238 910252 718467 911590 891421 980068 430434 359278 998543 677105 849169 421609 861300 709425 1223805 221117 882518 252906 692215 652285 262580 642289 862864 674775 110144 260351 73263 870417 37511 548172 869873 640889 963410 572653 608464 615887 1156359
424603 533801 515774 421533 259713 161138 491791 80045 743350 299214 436155 451744 174892 93344 551293 441159 650753 344066 331613 429076 422413 219509 486308 80104 659739 213078 126315 479090 342025 530302 320899 431790 314788 729990 118746 548867 146855 256330 519687 445071 235618 584923 275314 347518 256756 648499 405778 735160 562120 507777 999999999 269270 331065 400629 424417 231486 587790 651878 437610 255635 218319 227606 285352 137846 431011 383931 414114 529655 627561 244119 547734 510819 308287 341784 101618 382940 427865 760468 288856 504065 481294 621122 274337 250041 266986 720307 208848 405990 268347 569953 636063 540137 156519 430125 599058 571884 236921 356525 264509 713817
460211 386468 338353 542737 500905 308445 618291 243055 896291 565966 184034 698784 183966 254327 334120 708304 738678 219928 394866 601246 579232 313013 319041 292046 829348 237462 154898 546438 530407 621281 553587 542512 579432 617715 376351 654582 125100 26080 787147 713742 178896 845090 61997 413526 515966 674441 359336 905291 657346 770176 269270 999999999 317554 663969 157302 88516 460606 544845 186453 503562 482753 149048 432825 236714 177681 466997 145015 540070 624934 410788 801834 345050 396085 98017 348750 137401 535485 609906 549072 504481 745816 794536 373053 507877 251989 845420 243054 664066 537617 827947 722566 804088 332974 376891 787509 541473 293856 392617 393467 597702
143990 246732 265314 261769 382149 196994 330736 251022 608129 566474 478936 750649 413815 238956 343782 690630 425756 136119 630833 356608 323002 134550 636584 269996 557301 475954 336432 234268 672891 313652 639813 253691 504296 404191 344825 351631 275721 291931 760626 680939 449542 852234 375465 120582 552213 358968 649293 629477 349578 772894 331065 317554 999999999 568546 425673 231820 276718 326868 335878 397735 506477 173091 213549 424368 472064 172418 401598 225630 317067 572628 657435 248478 131749 286660 428849 444819 245561 450987 578554 192055 645423 528247 136536 548815 516156 543264 123186 689664 512734 843611 409639 797696 225583 100739 536654 246470 523233 644493 176602 389740
556557 815187 825900 430965 186916 395767 450363 424343 560793 187685 836575 330088 561988 417096 889017 184345 611819 660217 615652 334797 365271 441512 870592 375183 464134 576844 526808 540348 457800 531235 347502 452223 86106 940837 287618 517089 538876 646982 222358 156045 621897 335016 675781 488893 253668 705131 745544 519660 542570 267906 400629 663969 568546 999999999 821137 606495 839666 870604 811640 173850 243936 575815 366297 506341 831323 477480 808361 646371 729041 466875 160908 812340 452428 720435 361435 783478 455809 1009318 239323 642989 82280 429034 434986 262318 628074 596399 497187 255351 159649 338492 604155 275007 363232 656391 379933 724313 570348 653641 395127 931531
568487 402522 337494 674134 657446 459716 748111 399984 1027702 717463 65570 838118 306873 410601 290091 859547 850639 298080 476464 744281 719024 454580 267619 449123 967147 342260 303557 659877 649728 739157 689428 670776 736411 632726 533530 776200 282293 176456 938473 866665 273353 990561 157695 536993 663700 763304 389918 1042148 775157 917542 424417 157302 425673 821137 999999999 229433 480836 569789 134069 660568 633414 282290 576355 368103 60008 591321 25515 630792 703320 531087 958832 353545 527674 139016 496746 78050 663158 597081 696881 593768 902900 934017 509614 655105 332889 968160 381852 809557 692256 972121 834568 952391 486283 456016 931300 612343 394024 461775 535397 611629
373142 338925 303697 454847 433987 230740 530269 182765 808707 529538 267485 680380 212293 189467 324099 670640 650521 153387 435826 516921 493488 227343 405799 231489 743199 274176 151241 458388 537497 532837 542259 454251 524411 562155 322031 566068 91733 62458 748607 672268 231015 816404 143733 325019 487945 590381 426397 818919 568889 739120 231486 88516 231820 606495 229433 999999999 407175 486378 208015 439333 449722 60643 348488 247790 260833 378487 211013 456389 544060 421206 736251 304620 307984 114122 325652 224273 447168 568245 520244 421519 688775 708915 285846 480941 303055 756963 155914 637288 493477 801365 634421 771124 258403 299663 703735 463964 328609 440872 308235 543104
