NAME : synthetic_000781
TYPE : CTSP-D
DIMENSION : 100
GROUPS : 8
RELAXATION_LEVEL : 1
EDGE_WEIGHT_TYPE : EXPLICIT
EDGE_WEIGHT_FORMAT : FULL_MATRIX
EDGE_WEIGHT_SECTION
999999999 480379 281524 588340 361245 452257 438691 638404 252913 177548 436788 75819 494009 416275 616577 409146 484158 500343 676927 511638 487994 109097 224609 161796 493353 417776 340734 474096 397055 550106 197200 532420 615943 122923 593841 190458 193299 454034 169373 348281 244353 559466 251192 324568 270454 494435 108266 257521 200937 540100 570043 311952 151040 130165 444059 439456 116991 434003 129009 434238 330038 402773 433737 531115 312788 489743 349996 470893 587566 540939 68117 435059 458078 407150 268935 106685 166931 529084 510852 328723 350885 252185 580676 335153 490931 555840 227765 429684 182250 582492 451499 96450 100533 302243 400532 343606 297960 213098 444942 314963
480379 999999999 739362 722646 600532 534711 689870 229390 419023 340138 85658 405960 52724 560433 635346 159099 211696 971682 797492 112450 69271 548551 272963 355612 479434 270907 819991 872719 197106 507788 377819 1012620 136524 586208 696552 620775 666698 28285 419580 802890 570647 248469 558617 792110 262198 727024 555812 579937 602292 476718 556681 484356 526574 380916 157762 189041 597347 93949 385766 111449 799151 323511 911036 1011281 256166 466288 142721 945349 107704 523535 430399 850202 88081 399245 740577 391076 507152 1008670 383946 688863 496722 495297 436156 518733 158687 393809 672706 811557 484289 824609 127466 468223 580255 766281 690963 488953 183606 308879 839640 308503
281524 739362 999999999 783025 334008 494543 354950 915859 514217 401476 708186 354126 742465 639747 638891 687870 687501 235681 865243 746232 732444 293311 503266 443075 576734 698594 195689 492760 610564 806944 378523 308494 875735 251087 801117 123468 206685 711531 436310 310869 234628 840781 448700 258442 491530 656016 184918 236883 347692 802155 625563 379040 361318 411217 723046 651332 189812 675936 353735 671050 70006 680125 275629 325398 594311 749326 599129 215299 843024 608482 348633 441658 698871 527552 52855 388205 249665 332893 784884 445733 589949 485124 852432 564338 711465 831009 69842 483580 280312 719685 681970 271314 208973 32300 549465 584778 564857 494604 477683 494627
588340 722646 783025 999999999 948495 1015065 1026929 679962 371271 683098 636996 572528 771142 183679 1173975 563552 879510 899267 89114 825125 781250 508643 544568 503855 1027485 454110 677166 442740 805325 257537 735854 844805 796245 540441 45318 752720 577456 715773 441158 551511 832446 558663 343581 591993 725364 146727 680659 845512 436159 287519 1112900 882894 444128 513599 570178 834142 608385 759256 665334 773791 786978 399493 706980 814298 485321 269332 697907 861571 798844 1079400 541849 469111 775716 928999 739089 534246 754543 798117 374103 350217 258718 338666 371595 260177 848050 397409 765686 391141 765685 171940 800077 680473 594000 783227 244200 267726 617926 502953 423306 806365
361245 600532 334008 948495 999999999 167333 92507 821089 594603 310210 609391 381808 580207 772468 305079 625317 463204 533304 1037354 558178 563915 456083 476730 469078 260991 688707 522599 780593 415725 878581 251840 632580 722707 442224 951656 248932 460294 573433 513953 611806 125313 788481 612035 565561 346713 854401 286574 114750 546610 861813 295097 116390 510883 448398 657497 445151 382356 512268 300867 499256 400431 697435 608675 655011 580813 817463 465659 526768 683042 282577 408264 732708 529037 249007 377177 423935 194322 664394 808718 673197 702736 610293 880865 691655 506764 847067 280872 752521 184051 939462 497595 268090 387099 364748 757007 694654 480363 497943 757736 292965
452257 534711 494543 1015065 167333 999999999 210611 763862 645876 333913 566373 445414 501984 832596 164356 601103 356088 700474 1103932 465680 483387 558868 492817 513004 98814 686427 675760 909164 337670 903714 279245 797754 638754 556654 1011066 394602 591980 510906 574245 751063 265371 756163 697332 708864 322262 939986 408668 259987 651762 882024 131339 140878 601323 501465 628405 353758 506737 440901 350515 424235 562837 708241 765533 818647 588068 844425 421077 693177 597650 115363 479689 864035 451540 136089 533568 481325 300265 827110 814416 780154 758653 679725 884556 754957 408486 846469 435286 873374 275004 1031761 414309 356750 506332 526174 851132 749884 463399 525752 883365 242849
438691 689870 354950 1026929 92507 210611 999999999 912067 679629 402099 701102 466891 667459 853866 305754 717800 542585 522473 1115363 642312 650641 525984 568027 556847 309393 780635 550263 829379 501641 967044 344045 632515 809515 506383 1032246 297901 512261 663090 597714 653811 194511 880904 686666 604383 438529 926557 352237 181529 613454 951066 319443 205990 585038 534680 749914 528552 442204 600277 390248 586548 414091 788317 628845 659780 672374 905842 556723 522517 769408 316791 490819 779880 616102 321609 404213 509664 274175 671587 899802 737155 785755 690383 971993 772766 589060 938610 316170 807168 269516 1008154 583300 349746 450102 382228 826329 777909 572851 587873 808981 381448
638404 229390 915859 679962 821089 763862 912067 999999999 486594 536152 214766 563253 268559 559411 862334 229506 432538 1138624 736756 319883 288030 677491 413813 484580 707929 268034 960773 942192 426435 427297 583865 1160746 171322 721527 643298 805641 803597 253084 524671 914375 776831 122526 631510 915831 475263 730404 731555 787434 705098 395315 783342 706106 635590 515832 195116 416704 750251 323338 573339 340689 968281 319471 1044257 1152557 338064 411872 355432 1108472 202390 750809 576160 931363 315443 628585 907310 534621 704899 1146580 305918 758509 518268 561528 321601 549852 376399 286783 854078 877082 686661 818456 354532 652720 731091 939190 727652 513336 356906 430865 909626 533018
252913 419023 514217 371271 594603 645876 679629 486594 999999999 312517 341936 212899 457043 187661 803278 279251 530327 702189 459443 500700 461307 225647 180597 133006 656253 221927 498189 461506 448835 297495 366935 698746 531582 271871 365204 441397 346628 402413 83708 431606 489139 378676 146074 439880 356532 324978 359946 502495 223655 289223 741630 517501 164945 147024 304848 482819 324849 424852 299370 435590 546411 182572 571766 684140 164862 237640 349728 667515 518299 708143 190704 446321 445632 557908 486610 170746 406263 675438 274878 276052 112961 77648 339482 115727 509219 321933 472213 397913 410826 424092 460865 330635 305370 527402 273084 104100 267805 136394 428450 436056
177548 340138 401476 683098 310210 333913 402099 536152 312517 999999999 321666 130057 340990 499882 490895 322532 307852 636046 771637 347490 331182 279990 167422 179511 347214 378541 507513 645960 221992 576075 59292 688265 475765 300346 677635 281070 368651 311982 245208 525776 241937 486179 381942 500418 95323 618175 221863 253255 364848 556881 431161 212906 298198 171422 356535 264499 285254 274803 51527 270993 464142 388516 602594 692466 270769 515661 198271 611929 442010 398463 167854 609453 298045 251353 408020 155279 169194 692834 499231 486399 425462 352684 571254 423758 319391 536959 333612 597033 150882 713751 284307 130935 272684 429719 538719 416616 180265 194122 615546 141672
436788 85658 708186 636996 609391 566373 701102 214766 341936 321666 999999999 360981 135733 475895 682565 73444 277471 935704 711955 193385 148668 492182 216054 295856 523625 185769 770697 800666 238729 424638 369191 967381 191671 532889 610967 594655 614763 83272 352467 742271 562065 190991 484870 735776 262683 643623 523270 572680 537208 394065 605406 495731 462584 324357 76356 244518 552233 147489 360419 166115 763827 237880 859014 963006 177159 381499 146444 907244 176404 571137 379833 780885 154174 434875 703657 338735 490680 958960 302832 615657 413650 419226 359273 437003 230486 317005 644404 738271 471971 740725 189421 441092 533970 733028 611469 406109 143998 244817 767527 327286
75819 405960 354126 572528 381808 445414 466891 563253 212899 130057 360981 999999999 421695 392741 607541 334311 424700 575863 661637 442620 416680 155828 149539 96484 471651 349934 414082 518382 336638 503034 169768 607599 541056 184962 572314 253533 262487 380002 132669 409879 278136 487092 254945 391501 213124 495386 173244 291444 235892 489643 553245 310544 168146 69032 369367 378379 191902 363894 95692 365573 405037 340611 505823 605365 242261 441878 278998 546641 513420 521805 37798 483817 387995 378555 344157 43239 194529 602737 451130 356345 321487 234827 522357 312864 426123 494639 296392 467885 197931 588984 384416 119661 174379 376263 411303 313247 222891 142850 487437 271597
494009 52724 742465 771142 580207 501984 667459 268559 457043 340990 135733 421695 999999999 605937 593839 208513 164760 976794 847151 59798 19474 569974 299567 381894 440417 321486 834743 904489 166672 559719 371532 1023835 142649 605192 746039 621568 684126 55909 449926 825836 561068 299311 592946 811965 254579 770545 561361 569448 629576 528814 514814 463875 553599 404622 209794 149490 610677 69229 389599 80963 804597 372949 927332 1024608 297546 517230 144836 951969 104100 482426 449328 879745 51406 365895 747412 411839 503222 1023012 436366 722164 540273 531940 488878 560650 109591 446533 674441 844544 478136 868722 87773 471535 594523 770563 730027 532247 205381 338961 871543 287430
416275 560433 639747 183679 772468 832596 853866 559411 187661 499882 475895 392741 605937 999999999 990763 403587 702803 789215 271806 656817 614092 350655 362099 320456 843813 304221 568825 415840 625903 203422 553370 756754 650021 389244 179574 592011 442584 550037 260261 463144 660177 437619 191670 491450 542138 172019 515298 673432 296717 217086 929272 702007 282557 331461 416931 656525 454739 586867 483874 600243 655534 247775 619629 732832 311553 170044 520562 752080 646499 895738 364220 422253 604954 745322 601506 353065 579900 719693 267987 258856 75080 164260 300295 81144 674800 307361 612152 351693 588641 265869 626381 504742 437996 645307 184034 84108 439359 319843 386860 622818
616577 635346 638891 1173975 305079 164356 305754 862334 803278 490895 682565 607541 593839 990763 999999999 727892 431634 826611 1262532 546272 574386 723193 642108 670324 159558 822820 827130 1071434 444065 1049448 439216 932744 717669 720309 1168105 549317 752806 615549 734443 910005 420209 873309 860691 866056 463474 1102792 570524 412778 816092 1025874 79136 305137 765353 661049 751324 446330 668800 543058 512070 524651 704460 850429 913754 957304 731278 991553 544126 824354 677102 111864 642512 1025613 547624 255698 682145 642017 463206 967534 952397 944494 916238 840854 1020487 914366 488041 980728 585242 1036868 438887 1195249 508264 521101 669236 669320 1015013 907359 599618 678212 1046162 379992
409146 159099 687870 563552 625317 601103 717800 229506 279251 322532 73444 334311 208513 403587 727892 999999999 340513 909202 638711 264965 220331 450384 184776 255684 568337 113628 732888 740587 289573 354621 376453 932215 253344 493577 537663 580446 575791 154345 301687 693722 564034 163793 424588 691448 283519 572377 504369 575605 485746 324802 652522 515767 413209 286642 35266 302933 520770 210576 353070 228216 739156 164534 818066 925046 116417 309385 183781 878968 244334 617771 346667 723582 221440 474888 678080 305120 487213 919685 236333 555124 343120 356890 297796 367968 297582 256295 627482 677160 472644 668930 253346 429220 501650 710549 544359 335871 144958 202100 707494 358357
484158 211696 687501 879510 463204 356088 542585 432538 530327 307852 277471 424700 164760 702803 431634 340513 999999999 922393 961304 114682 145407 580488 351195 422145 282845 451718 813607 939970 88129 693335 311449 987484 287464 605934 860313 564105 676401 197987 497427 832022 475368 459372 646475 808137 213708 855080 521639 480674 656935 664385 352501 351700 583606 434450 353326 48026 592884 130386 358940 112333 754987 495385 909067 994940 394320 644059 182257 902626 246490 321201 459895 907649 125125 223468 703752 431658 437909 996621 576818 767558 630776 596437 636207 643875 56437 594070 617659 885734 407821 954271 88051 431010 580537 718342 797013 621993 263929 395802 908176 193339
500343 971682 235681 899267 533304 700474 522473 1138624 702189 636046 935704 575863 976794 789215 826611 909202 922393 999999999 971087 981749 967227 477681 724922 656553 790742 906094 222566 512158 846176 977509 614180 124747 1108205 431150 926662 358984 356428 944118 633864 351441 458106 1055216 602065 307387 726996 757162 415960 457137 496302 978558 827691 601511 537966 624681 943947 886816 389841 910812 587282 906316 172533 879787 212346 163573 807898 924728 832801 37696 1076436 815816 563085 465170 933913 753024 232048 604436 484556 182043 977027 549534 755216 655358 1039860 724262 947104 1024113 305281 533109 514618 795488 917552 505272 409505 206364 655067 752056 793923 709930 512216 729201
676927 797492 865243 89114 1037354 1103932 1115363 736756 459443 771637 711955 661637 847151 271806 1262532 638711 961304 971087 999999999 902453 858180 595339 630796 592254 1115366 526931 750346 494395 888956 309469 824697 909663 863133 625714 101302 839124 658864 792337 530186 620534 920855 617935 430621 663966 812158 214179 768105 933885 520067 341593 1200960 971980 531693 602485 642440 916577 693793 838953 754354 854055 865985 474205 773142 877161 567110 334658 780505 933467 868552 1167340 630932 526880 854502 1016707 820036 623273 843311 860086 434085 425851 346600 427731 418812 349180 927929 450244 850482 449803 854682 198680 880340 769385 679945 864033 319137 355557 701457 589816 479331 893631
511638 112450 746232 825125 558178 465680 642312 319883 500700 347490 193385 442620 59798 656817 546272 264965 114682 981749 902453 999999999 44723 595263 334050 414448 396796 378496 851085 939487 143943 618009 369128 1035519 173686 627553 801207 623603 704230 110628 485768 851318 551818 358372 631901 834081 254762 818891 569314 559059 660765 587338 467146 442948 585029 434183 268549 113914 626797 79796 398214 77426 810657 428640 945035 1038665 345998 574323 164862 958715 132544 435872 473237 912343 56387 330464 755347 438230 501160 1038213 495386 759425 589247 573683 548564 607815 58485 506210 677118 881055 473875 917575 64596 478105 611812 775494 773552 580980 238714 376026 906780 269825
487994 69271 732444 781250 563915 483387 650641 288030 461307 331182 148668 416680 19474 614092 574386 220331 145407 967227 858180 44723 999999999 566714 299431 381156 421117 333819 828597 905165 149222 573300 359364 1016291 158886 600921 756964 610969 679140 65992 450655 822823 547506 317319 595150 807751 242659 777336 552395 555626 628591 542659 495354 447685 552645 402740 223972 130403 604302 56592 380547 65222 795270 384205 921675 1017807 304111 529653 137999 942912 119208 462993 445415 879446 35285 347305 738601 408767 491387 1016575 450850 723710 547327 535359 504637 566746 90557 462270 664065 845825 465698 875806 69087 462039 588516 760891 734387 539165 204358 340032 872306 271535
109097 548551 293311 508643 456083 558868 525984 677491 225647 279990 492182 155828 569974 350655 723193 450384 580488 477681 595339 595263 566714 999999999 277010 196452 602348 430937 283508 366540 492449 513935 305561 484261 680157 46531 520409 244131 126576 524308 157262 256163 333167 583803 165122 243897 368229 400637 174215 345531 92903 510183 678440 418067 68498 168213 483270 534206 104601 515819 234884 518848 321027 402221 367792 475066 339801 456964 430550 443721 656105 649677 122210 329486 539807 516081 261828 158143 265009 469337 500281 221333 296971 192058 565003 272758 581310 547220 261498 320709 285348 483443 538691 202195 87343 303631 301053 291599 365753 248948 336773 420449
224609 272963 503266 544568 476730 492817 568027 413813 180597 167422 216054 149539 299567 362099 642108 184776 351195 724922 630796 334050 299431 277010 999999999 82724 488846 214537 554693 605823 268421 411220 226694 751961 403180 316937 532577 398069 398727 250132 151724 530072 396327 340043 298965 520902 181971 505390 320428 408833 330212 390690 575342 379650 254273 108798 219863 303379 337834 255004 181721 262940 554489 221100 643065 747034 104770 351637 173867 695151 380013 540969 164254 580217 277701 389597 493497 122882 314977 742908 332030 425435 287507 245401 404148 295890 334393 370670 443774 547015 306030 604395 286906 250090 319134 525775 446253 278482 95374 44633 573014 264816
161796 355612 443075 503855 469078 513004 556847 484580 133006 179511 295856 96484 381894 320456 670324 255684 422145 656553 592254 414448 381156 196452 82724 999999999 524272 256047 477453 525111 336097 410285 234394 676531 484887 238327 498168 348505 320542 332849 75545 447734 371913 399204 224422 439920 230373 446445 267085 385109 247686 395353 609278 386254 171712 32011 289506 374134 266799 334876 169406 341409 488846 244217 563951 669750 151798 349062 251501 625292 462490 576015 94562 498313 358072 426445 427430 55666 288095 664823 354648 346986 245953 180208 425929 245387 410737 398216 389017 467452 287517 544151 364320 214755 247303 462791 377271 237105 176810 53723 492479 306505
493353 479434 576734 1027485 260991 98814 309393 707929 656253 347214 523625 471651 440417 843813 159558 568337 282845 790742 1115366 396796 421117 602348 488846 524272 999999999 663988 749881 962834 285653 892801 302158 883445 570215 607096 1019153 468467 652180 458511 592374 813927 342695 714534 726577 775126 307879 965153 468885 339851 694132 868569 86637 201538 636202 518594 591862 291273 564573 386223 376488 368127 646181 692919 842125 902117 574474 835621 384568 781337 529165 52132 508407 920077 392488 99250 611833 501982 359674 909409 793679 821141 768832 699896 861383 769643 338346 821455 513638 922136 330334 1060098 353450 402749 561152 608857 882908 759850 441306 526986 935258 224298
417776 270907 698594 454110 688707 686427 780635 268034 221927 378541 185769 349934 321486 304221 822820 113628 451718 906094 526931 378496 333819 430937 214537 256047 663988 999999999 712588 674159 394320 241742 436988 913808 346320 477027 426257 603460 557014 267870 273700 653319 610777 156760 364733 659553 364165 475938 522665 623331 444632 212711 749695 586417 379979 287623 116069 412028 517520 322755 396247 339867 741717 56512 790532 901677 110130 195837 284349 873244 345484 714762 350067 663826 334703 567369 680381 311575 528967 893962 129769 490640 253546 294668 198238 283525 410583 160351 645012 609069 520565 569676 365464 461534 497626 717288 462147 247815 223714 207219 641596 445245
340734 819991 195689 677166 522599 675760 550263 960773 498189 507513 770697 414082 834743 568825 827130 732888 813607 222566 750346 851085 828597 283508 554693 477453 749881 712588 999999999 315636 729232 761033 505038 201220 954655 239328 704136 281788 157178 794080 439450 137285 410417 866728 385083 87245 602835 536180 294909 416038 281232 764177 806966 548394 333826 447263 766204 771666 224372 774227 455987 773678 148692 679927 95669 192378 623292 710445 690620 184927 927498 786638 391103 264875 798251 687385 146456 431980 396257 188692 770486 327135 539244 443240 829970 507034 826741 817629 241888 322669 427841 580213 789709 383249 240228 171464 433043 536830 636629 530837 307763 628684
474096 872719 492760 442740 780593 909164 829379 942192 461506 645960 800666 518382 904489 415840 1071434 740587 939970 512158 494395 939487 905165 366540 605823 525111 962834 674159 315636 999999999 851991 616858 671295 428139 991778 355830 481479 533454 320352 852754 454593 182601 656344 826835 316111 235834 731204 298139 500910 666021 283178 632767 1034615 769539 356693 507465 766215 892607 402636 859979 601414 866323 461146 624187 300628 391628 625090 585403 776374 476575 975973 1007966 481619 51286 883101 880442 439924 508351 608922 373041 677118 185469 430531 384037 715830 396423 934275 719786 514547 65559 635338 300216 888739 560246 403067 476409 232193 433690 701143 565530 33139 786897
397055 197106 610564 805325 415725 337670 501641 426435 448835 221992 238729 336638 166672 625903 444065 289573 88129 846176 888956 143943 149222 492449 268421 336097 285653 394320 729232 851991 999999999 633110 232095 906589 307960 518397 788597 487192 589791 174078 411592 744503 408883 429262 560503 721424 126921 773769 439561 415761 568904 605792 366690 299889 495777 347181 309569 42515 507218 103233 273431 86861 676780 432320 824454 912599 323160 580496 110911 824858 267767 332486 371767 819528 115344 202151 623719 343765 362446 913628 523045 680346 552620 512468 587042 563587 100998 545780 540896 798053 333840 872806 81870 348276 494316 640729 712391 543708 187505 312979 820256 125895
550106 507788 806944 257537 878581 903714 967044 427297 297495 576075 424638 503034 559719 203422 1049448 354621 693335 977509 309469 618009 573300 513935 411220 410285 892801 241742 761033 616858 633110 999999999 634994 953990 558294 557986 217731 738871 623207 507741 380745 663244 781119 308915 376042 687906 585986 342996 657429 794406 481280 32521 979321 788922 446853 434099 350029 652968 617230 564490 577759 581596 832648 201248 818228 931978 318333 61229 522282 941094 567320 944477 486039 625375 576061 794246 774955 459795 697389 919605 127407 461531 222295 324141 114386 254007 652137 141160 768568 553621 697801 413886 607205 622669 598407 817365 384765 225626 453152 382331 588831 669474
197200 377819 378523 735854 251840 279245 344045 583865 366935 59292 369191 169768 371532 553370 439216 376453 311449 614180 824697 369128 359364 305561 226694 234394 302158 436988 505038 671295 232095 634994 999999999 676043 510869 317923 732009 255247 377474 349554 295352 538639 193685 540226 424665 508167 116968 664756 210912 203802 395286 616037 383493 153948 334450 222277 409723 273203 290219 302947 74333 295793 444745 447774 600707 683778 329762 574462 235324 592787 474886 352072 206271 631864 324714 211251 392427 202801 132202 685882 558386 520758 479556 401652 630366 475803 332947 595823 308933 626155 106746 758730 304579 122227 281135 408635 580810 470825 232120 252769 642075 123862
532420 1012620 308494 844805 632580 797754 632515 1160746 698746 688265 967381 607599 1023835 756754 932744 932215 987484 124747 909663 1035519 1016291 484261 751961 676531 883445 913808 201220 428139 906589 953990 676043 999999999 1148354 439398 876579 427627 357693 986016 640602 295841 542709 1067839 580066 266085 782592 698993 467185 544165 479038 959151 927485 687326 534802 645791 965875 948443 415697 960805 637316 958568 238488 880806 138364 41921 823799 905709 879020 111350 1119524 912761 587727 386546 984567 835993 284009 629096 553369 62193 969745 503132 733909 641326 1027692 700613 1006364 1016814 376061 461135 584879 723848 972571 558637 433536 276205 603367 732190 830351 730142 434865 796705
615943 136524 875735 796245 722707 638754 809515 171322 531582 475765 191671 541056 142649 650021 717669 253344 287464 1108205 863133 173686 158886 680157 403180 484887 570215 346320 954655 991778 307960 558294 510869 1148354 999999999 719216 764680 756719 800349 164206 543928 932452 702144 256013 675745 924053 394144 821113 692322 710849 728497 525819 638690 606418 653548 511955 233809 285253 732802 211482 522045 223497 935674 402799 1044887 1146343 366932 528804 277570 1081839 41156 608170 564036 972508 193672 503072 877077 523943 641507 1143335 430977 806543 594140 609173 465657 620425 231959 425758 808861 929002 617609 915783 226732 604505 715433 902762 797531 587305 318169 435265 958642 430048
122923 586208 251087 540441 442224 556654 506383 721527 271871 300346 532889 184962 605192 389244 720309 493577 605934 431150 625714 627553 600921 46531 316937 238327 607096 477027 239328 355830 518397 557986 317923 439398 719216 999999999 554875 215307 82230 561264 203486 226106 317316 629348 199522 206831 392346 424875 155712 328909 108099 555061 679990 416056 111134 208630 526882 560627 68104 548679 251836 550534 275464 448736 326133 431490 384416 501656 463616 397215 693908 652682 156018 314454 572767 525140 216990 195299 257488 426516 546634 231266 339182 234595 611039 313254 610332 593604 225382 316752 281673 502346 569241 204420 56384 259485 321609 334261 402709 291572 328229 437551
593841 696552 801117 45318 951656 1011066 1032246 643298 365204 677635 610967 572314 746039 179574 1168105 537663 860313 926662 101302 801207 756964 520409 532577 498168 1019153 426257 704136 481479 788597 217731 732009 876579 764680 554875 999999999 764249 597217 691148 439810 581782 838149 522913 355767 620145 714378 183462 689904 851345 453426 248720 1105100 881379 454059 510587 541999 815765 622285 737684 663158 752832 808644 373130 738369 847174 466280 235924 679792 888988 769027 1071222 543531 505465 753200 920208 758814 532514 758619 831471 338257 377248 252456 341864 330869 260018 826665 358639 780148 427620 767973 217087 779114 683717 606955 802996 273395 261190 601161 492479 460610 796455
190458 620775 123468 752720 248932 394602 297901 805641 441397 281070 594655 253533 621568 592011 549317 580446 564105 358984 839124 623603 610969 244131 398069 348505 468467 603460 281788 533454 487192 738871 255247 427627 756719 215307 764249 999999999 214542 592722 358611 362874 129491 738096 409253 317113 369164 640175 82205 136568 323347 729883 525578 267269 310334 318031 615702 527883 147985 554389 235535 548912 191287 592008 373687 440443 495494 678953 479328 338534 723060 504862 257849 484831 577062 410799 145623 292904 126506 445515 700926 442479 532478 429189 771016 512202 588128 745575 53704 509335 157596 716481 559216 153657 159620 154299 536666 525963 450669 396357 511940 371398
193299 666698 206685 577456 460294 591980 512261 803597 346628 368651 614763 262487 684126 442584 752806 575791 676401 356428 658864 704230 679140 126576 398727 320542 652180 557014 157178 320352 589791 623207 377474 357693 800349 82230 597217 214542 999999999 641380 283373 162449 336018 710326 251321 131770 462934 449358 183823 345677 145952 622944 719698 454213 181839 290690 609043 632263 88319 626000 318048 626919 213036 526515 244547 349263 466206 569161 541344 321185 774388 694800 236370 273125 650104 577047 161693 276526 293259 344363 621124 240004 401397 299630 683449 372089 684224 668266 204245 294931 321866 515226 644619 256934 96577 205867 342843 397623 483092 373802 297715 500358
454034 28285 711531 715773 573433 510906 663090 253084 402413 311982 83272 380002 55909 550037 615549 154345 197987 944118 792337 110628 65992 524308 250132 332849 458511 267870 794080 852754 174078 507741 349554 986016 164206 561264 691148 592722 641380 999999999 398665 779285 542447 261955 539858 767524 234048 714732 528189 551778 580201 477275 537232 457383 504321 357239 159318 170394 571024 72504 357859 91072 771595 318273 885522 985105 241901 463694 114437 917977 133537 503687 405295 829188 72937 375977 713188 366452 478877 982716 386065 669613 484433 477855 441553 505045 148318 399210 644738 792187 456009 812859 110830 440320 554124 738580 675185 476432 158631 287657 819731 281976
169373 419580 436310 441158 513953 574245 597714 524671 83708 245208 352467 132669 449926 260261 734443 301687 497427 633864 530186 485768 450655 157262 151724 75545 592374 273700 439450 454593 411592 380745 295352 640602 543928 203486 439810 358611 283373 398665 999999999 392040 406231 427289 149050 391168 304627 374012 276849 419587 184861 371281 676300 441950 111540 73787 332716 449404 248862 406692 224177 414245 472901 246317 520048 629728 187004 320487 324657 600408 524708 643671 107410 430640 429425 495771 412151 93088 323803 622886 348632 273738 188879 107645 416309 181010 484696 394943 391179 395331 329905 470871 437757 248115 229004 451484 301925 180719 247064 111041 421686 378488
348281 802890 310869 551511 611806 751063 653811 914375 431606 525776 742271 409879 825836 463144 910005 693722 832022 351441 620534 851318 822823 256163 530072 447734 813927 653319 137285 182601 744503 663244 538639 295841 932452 226106 581782 362874 162449 779285 392040 999999999 490290 810053 296976 53291 618389 407278 345053 498686 209308 670819 879927 614867 280562 422061 724426 786721 250762 771944 476310 774732 279109 612776 157558 269830 578509 618148 686679 314045 910085 855799 378084 131319 795946 739496 258022 414087 454419 256575 690996 207343 447083 364007 743953 412649 835942 737387 337646 185415 483641 444801 794156 419020 257679 293831 308391 446536 621068 497476 171373 660685
244353 570647 234628 832446 125313 265371 194511 776831 489139 241937 562065 278136 561068 660177 420209 564034 475368 458106 920855 551818 547506 333167 396327 371913 342695 610777 410417 656344 408883 781119 193685 542709 702144 317316 838149 129491 336018 542447 406231 490290 999999999 727361 492390 445849 308520 733149 161607 13357 422569 767159 396549 144676 390789 347019 598279 445925 257053 491889 214677 482657 304464 611312 500824 559903 500723 719936 428590 444343 665066 376793 298848 608953 512332 295108 269470 321364 83824 566832 723062 548499 593081 496360 795086 579036 508372 764388 171104 627342 91427 816458 487645 158706 261930 266888 634172 585422 422134 408943 633008 284240
559466 248469 840781 558663 788481 756163 880904 122526 378676 486179 190991 487092 299311 437619 873309 163793 459372 1055216 617935 358372 317319 583803 340043 399204 714534 156760 866728 826835 429262 308915 540226 1067839 256013 629348 522913 738096 710326 261955 427289 810053 727361 999999999 520660 815667 444406 608213 659818 739049 601246 276536 795874 677813 535533 431205 130992 431681 665416 333369 515154 352197 888046 202710 946217 1056773 247454 289896 335096 1023306 273020 761743 493551 818565 334359 625634 826632 452992 649633 1049473 184707 644856 399370 450673 210031 431905 407149 171263 783193 761432 635936 695934 372775 589132 645715 861570 608472 394962 308428 346527 794602 515128
251192 558617 448700 343581 612035 697332 686666 631510 146074 381942 484870 254945 592946 191670 860691 424588 646475 602065 430621 631901 595150 165122 298965 224422 726577 364733 385083 316111 560503 376042 424665 580066 675745 199522 355767 409253 251321 539858 149050 296976 492390 520660 999999999 314606 450713 243593 337536 505214 106109 379379 808035 559084 101629 216356 450840 598452 266582 553512 350419 561888 464058 319557 446597 560492 308980 325780 472730 565415 660619 776733 218627 300333 575765 632793 409846 227319 417901 549582 394039 130806 154204 70067 448431 122229 633108 440513 424490 253411 432980 334580 585829 346845 251217 453681 156778 152147 393602 255957 282990 520663
324568 792110 258442 591993 565561 708864 604383 915831 439880 500418 735776 391501 811965 491450 866056 691448 808137 307387 663966 834081 807751 243897 520902 439920 775126 659553 87245 235834 721424 687906 508167 266085 924053 206831 620145 317113 131770 767524 391168 53291 445849 815667 314606 999999999 594610 449903 307261 453593 216671 693237 838678 574695 280536 412108 723370 763876 217951 755380 449801 756933 225894 622405 132439 246066 578048 639887 670382 269708 899745 815593 362656 184548 779476 704102 205668 401089 415634 236023 706672 242956 468069 377794 762909 434604 815364 753549 288463 236789 445794 492995 775174 386721 228132 240715 347812 466555 608893 491631 224354 631465
270454 262198 491530 725364 346713 322262 438529 475263 356532 95323 262683 213124 254579 542138 463474 283519 213708 726996 812158 254762 242659 368229 181971 230373 307879 364165 602835 731204 126921 585986 116968 782592 394144 392346 714378 369164 462934 234048 304627 618389 308520 444406 450713 594610 999999999 676630 315523 317739 448214 562701 394511 233743 377254 234361 313768 169430 380370 186144 146848 179786 555953 387641 697908 787420 267981 528170 121050 704048 357938 359906 249585 696930 208254 208773 501099 226193 248753 787982 492378 564488 467135 410580 562313 472030 224209 524250 422562 679402 223658 774506 190736 224074 367396 520732 606072 458091 141638 222414 700002 83654
494435 727024 656016 146727 854401 939986 926557 730404 324978 618175 643623 495386 770545 172019 1102792 572377 855080 757162 214179 818891 777336 400637 505390 446445 965153 475938 536180 298139 773769 342996 664756 698993 821113 424875 183462 640175 449358 714732 374012 407278 733149 608213 243593 449903 676630 999999999 574772 745714 316956 365830 1048029 802385 343685 447384 587545 807689 492583 745816 591040 757787 653409 419584 561527 667971 473235 328560 673792 719516 816319 1016014 460340 322581 765340 869377 609307 463171 660697 651629 433017 212543 230353 266568 453194 211742 832025 467957 646350 244624 676473 99210 783503 590359 480737 653036 106616 238300 591736 460932 277252 752357
108266 555812 184918 680659 286574 408668 352237 731555 359946 221863 523270 173244 561361 515298 570524 504369 521639 415960 768105 569314 552395 174215 320428 267085 468885 522665 294909 500910 439561 657429 210912 467185 692322 155712 689904 82205 183823 528189 276849 345053 161607 659818 337536 307261 315523 574772 999999999 173287 261486 648020 535903 270394 236533 236289 539615 481572 98285 496246 171851 492842 243477 510108 390511 473333 415494 597321 417022 390608 660502 511025 175703 455380 519676 397095 186234 211421 109467 475071 618798 386905 453535 351459 688824 434794 539181 663546 123387 468162 138724 656010 505893 91466 100670 210598 474093 446739 379979 315949 475914 334097
257521 579937 236883 845512 114750 259987 181529 787434 502495 253255 572680 291444 569448 673432 412778 575605 480674 457137 933885 559059 555626 345531 408833 385109 339851 623331 416038 666021 415761 794406 203802 544165 710849 328909 851345 136568 345677 551778 419587 498686 13357 739049 505214 453593 317739 745714 173287 999999999 434561 780386 391318 144425 403596 360309 609751 452226 267875 500231 227125 490648 306395 624231 505568 562269 513313 733219 438165 444419 673509 372508 312202 618347 520403 295959 273714 334669 97055 569641 735997 560160 606406 509579 808043 592290 514779 777215 175350 637817 103331 828678 495059 172046 273292 269015 646458 598754 433299 421871 643014 290592
200937 602292 347692 436159 546610 651762 613454 705098 223655 364848 537208 235892 629576 296717 816092 485746 656935 496302 520067 660765 628591 92903 330212 247686 694132 444632 281232 283178 568904 481280 395286 479038 728497 108099 453426 323347 145952 580201 184861 209308 422569 601246 106109 216671 448214 316956 261486 434561 999999999 483284 770917 510969 75978 226642 515836 609686 175628 580983 322873 586191 358986 405972 348969 462094 369958 429491 496424 459816 708357 741873 198738 251904 604521 606433 306282 225564 357172 452636 490834 128439 259002 162319 548975 228061 652613 537856 330617 232186 378134 394738 607842 295056 164316 350378 213549 256117 424370 293734 251792 506429
540100 476718 802155 287519 861813 882024 951066 395315 289223 556881 394065 489643 528814 217086 1025874 324802 664385 978558 341593 587338 542659 510183 390690 395353 868569 212711 764177 632767 605792 32521 616037 959151 525819 555061 248720 729883 622944 477275 371281 670819 767159 276536 379379 693237 562701 365830 648020 780386 483284 999999999 954959 769760 444194 420616 319027 624638 612361 535106 561020 552406 830412 175694 824443 938359 294722 53833 495156 942493 535059 920066 474761 638943 546164 770356 771914 446491 683337 926549 95043 472106 225266 323333 87510 258715 622377 109980 761434 568769 682413 440379 577862 609240 593217 813785 400665 227354 427878 364163 603943 645940
570043 556681 625563 1112900 295097 131339 319443 783342 741630 431161 605406 553245 514814 929272 79136 652522 352501 827691 1200960 467146 495354 678440 575342 609278 86637 749695 806966 1034615 366690 979321 383493 927485 638690 679990 1105100 525578 719698 537232 676300 879927 396549 795874 808035 838678 394511 1048029 535903 391318 770917 954959 999999999 265545 715680 602533 675089 367640 633332 464729 457632 446236 693559 779283 896872 949117 661009 922224 468817 821839 598076 34938 589444 990477 468851 185812 664903 585105 426607 957866 879442 898719 854365 783601 946746 854499 408906 906576 566625 996410 399313 1142222 429464 476873 631619 657076 963840 845403 527454 613193 1007964 310914
311952 484356 379040 882894 116390 140878 205990 706106 517501 212906 495731 310544 463875 702007 305137 515767 351700 601511 971980 442948 447685 418067 379650 386254 201538 586417 548394 769539 299889 788922 153948 687326 606418 416056 881379 267269 454213 457383 441950 614867 144676 677813 559084 574695 233743 802385 270394 144425 510969 769760 265545 999999999 461800 370920 546944 330626 367813 395880 218272 382937 448972 600317 640935 703988 481266 728409 350843 588718 566855 240990 343116 725050 412749 152021 411552 348962 161062 710451 710175 639385 629241 545320 781868 622901 392759 746284 313855 732809 134423 892994 381730 216071 366476 411332 711755 620682 371389 406716 743316 176576
151040 526574 361318 444128 510883 601323 585038 635590 164945 298198 462584 168146 553599 282557 765353 413209 583606 537966 531693 585029 552645 68498 254273 171712 636202 379979 333826 356693 495777 446853 334450 534802 653548 111134 454059 310334 181839 504321 111540 280562 390789 535533 101629 280536 377254 343685 236533 403596 75978 444194 715680 461800 999999999 151165 444212 536101 173094 505268 260424 510727 386225 346106 410688 521734 298401 390695 420875 502968 632857 685337 130348 327351 528748 545219 328108 152044 317017 514020 439286 188257 228665 123806 502035 204285 577778 486427 329767 302459 333288 431568 532636 247374 155693 370582 249957 223468 348400 218384 324661 439646
130165 380916 411217 513599 448398 501465 534680 515832 147024 171422 324357 69032 404622 331461 661049 286642 434450 624681 602485 434183 402740 168213 108798 32011 518594 287623 447263 507465 347181 434099 222277 645791 511955 208630 510587 318031 290690 357239 73787 422061 347019 431205 216356 412108 234361 447384 236289 360309 226642 420616 602533 370920 151165 999999999 320716 386655 235011 354390 152649 359590 456841 274024 534696 639632 183808 372922 269785 593540 488294 569884 62610 478445 377992 422112 395427 25937 263311 635049 383648 333168 258325 181341 454485 253527 426810 427790 357707 451644 265230 543767 381486 188678 215587 430804 372093 249763 199330 85296 475190 305799
444059 157762 723046 570178 657497 628405 749914 195116 304848 356535 76356 369367 209794 416931 751324 35266 353326 943947 642440 268549 223972 483270 219863 289506 591862 116069 766204 766215 309569 350029 409723 965875 233809 526882 541999 615702 609043 159318 332716 724426 598279 130992 450840 723370 313768 587545 539615 609751 515836 319027 675089 546944 444212 320716 999999999 318856 555215 223029 387929 241443 774093 171490 850684 958215 145922 309441 208207 913554 230031 640519 381163 750737 230512 500122 712974 339660 521920 952596 226890 580824 360393 382182 283022 387208 306841 240803 662741 702261 506940 682800 265319 464386 536014 745627 565064 353647 177669 235807 733198 386241
439456 189041 651332 834142 445151 353758 528552 416704 482819 264499 244518 378379 149490 656525 446330 302933 48026 886816 916577 113914 130403 534206 303379 374134 291273 412028 771666 892607 42515 652968 273203 948443 285253 560627 815765 527883 632263 170394 449404 786721 445925 431681 598452 763876 169430 807689 481572 452226 609686 624638 367640 330626 536101 386655 318856 999999999 549731 98317 315924 79503 717928 453613 866915 954744 349488 602331 136238 865926 244253 334551 413167 860686 101364 217875 665321 384256 402562 955885 538908 719702 584112 548531 600366 596672 62656 558528 581577 838083 373418 906858 62179 390384 536824 681701 749050 575290 217231 348002 860734 161688
