NAME : synthetic_000863
TYPE : CTSP-D
DIMENSION : 100
GROUPS : 8
RELAXATION_LEVEL : 1
EDGE_WEIGHT_TYPE : EXPLICIT
EDGE_WEIGHT_FORMAT : FULL_MATRIX
EDGE_WEIGHT_SECTION
999999999 763784 374968 164050 135357 406260 596869 507261 539164 808570 135559 896272 291645 698989 483620 271081 331947 213419 681607 501140 642795 688223 480898 329830 477163 1033826 861978 37848 722127 628840 744303 541649 682832 953527 714676 458966 1006724 553638 457437 147556 591070 518084 814301 632523 1061226 689482 874464 591711 770363 241905 621303 486658 551076 805528 756371 321238 652877 727905 430268 953008 581632 314956 163458 310728 419600 579509 542503 166517 338573 1070009 467749 561762 270557 783209 317346 498287 805565 375118 878681 419711 205331 632613 900868 885799 206207 120236 348562 768448 687195 774801 591419 246450 694905 781305 888599 282265 241669 402243 28990 541340
763784 999999999 772975 774138 674163 594211 288627 512310 562003 513573 671887 153608 472754 380219 286280 617812 446313 769237 788272 276837 474886 488115 489096 444740 490908 388429 619713 800670 919588 141232 283118 430853 283603 390834 68289 308762 487984 612919 777900 648154 351215 257030 368780 829632 347064 220439 369846 271211 345466 539167 258956 396696 851128 635491 340359 658700 241072 939228 411820 458884 246807 763011 769049 557357 602720 391060 240380 662447 565165 506414 452778 225018 534527 428460 716842 698609 648125 459706 345542 659131 572270 453776 229506 341956 560433 686253 415761 286271 895678 525115 198557 605787 72131 236968 226874 690166 524578 364458 792604 815308
374968 772975 999999999 215516 460974 183675 504094 297050 284297 569923 272918 857100 408085 524657 573582 576567 378386 164426 322744 507814 872538 457972 726736 386300 298322 901117 584040 393045 347242 635966 616163 375817 563189 794347 706898 550798 813586 264345 84928 451605 458932 527689 975549 261079 970111 603107 1021595 728568 930932 325569 536586 380019 176575 513816 917274 646392 566243 353005 362164 760796 700751 60165 533405 583025 717627 425587 635421 245030 618798 886335 326781 652842 293677 582701 74309 162576 508785 321319 1014515 130066 444141 426396 975691 1018064 413206 278776 463548 905011 312412 528158 574654 222009 702520 674499 967176 118063 372036 510323 379313 167171
164050 774138 215516 999999999 273875 292551 554902 409989 427093 713008 115369 888711 320776 627063 518853 405226 328990 51099 532611 497736 750532 592745 592238 331924 389563 988138 750801 178103 562018 633192 693662 464940 633490 894931 715804 493427 934372 429544 299921 273061 531776 517287 894324 476233 1034114 654839 949233 654734 849233 239689 584207 430440 389660 687563 835103 466895 616508 566740 385100 880153 635896 155559 326931 428929 554408 510305 582555 113389 462156 1002712 394821 601895 239736 703038 169174 355281 685447 328490 948490 285356 295369 544691 943904 954142 275853 108064 384813 836417 527420 675098 583025 174248 702224 741088 933066 146389 269291 440322 164685 382672
135357 674163 460974 273875 999999999 439359 552732 516616 560329 802457 188314 815876 223784 675112 388011 136300 283171 315419 739802 432774 508490 686117 346632 277214 480232 979138 870006 158753 800338 547704 700719 530224 640545 910836 632742 365491 974704 586117 536375 27026 561589 446548 686697 704046 991929 635116 748398 474662 643516 216439 571947 461984 635837 822153 629695 193086 601433 808943 401991 922504 469695 404251 108152 176548 285820 559152 440669 218202 203311 1032490 458923 459092 259700 763612 392492 554796 824525 355226 754545 471433 103518 625952 789162 762212 126250 182484 264545 646107 765105 773688 521339 275340 609293 728109 776284 350447 189470 310686 159127 619804
406260 594211 183675 292551 439359 999999999 320589 122213 135294 421033 272202 673658 300035 349889 423193 521710 247931 255335 309287 339288 752510 301475 623363 257780 115474 724039 460087 437019 398829 460350 435060 194241 380556 621295 527189 403515 650254 148422 186462 420595 275846 358290 825651 296464 788307 419433 866166 581335 782232 239644 353116 198196 273813 400207 769153 595907 382598 413091 190349 596367 549548 193153 536228 508682 643026 243918 480608 240145 543946 720965 143618 496253 194396 417477 148237 135754 399680 164739 856075 66911 382501 257942 803894 858575 346786 286466 339458 749825 365718 382645 397273 165552 525003 492007 796260 148663 285274 374524 422851 242094
596869 288627 504094 554902 552732 320589 999999999 225297 273389 302634 475487 353071 329628 148923 263915 557521 270800 536274 502862 148931 605560 228065 536417 275877 208930 437821 401057 634466 632262 180145 148471 142534 87813 358855 220463 264063 423351 324319 497249 526082 64754 150206 595608 541120 479740 101189 618935 387231 558689 355201 32557 127590 564738 391106 548288 622001 63010 651640 170775 372414 349166 505480 660382 511676 613823 103612 284891 455333 536268 479757 177418 289757 329112 235155 458507 412423 401228 228015 601306 381484 453770 178188 513925 600848 426536 491884 305197 510858 607586 294018 120969 381072 228079 186802 509086 441128 365943 286903 622968 528600
507261 512310 297050 409989 516616 122213 225297 999999999 60185 304200 371785 572963 334383 228744 397983 575544 269480 375809 300929 291745 746455 183396 636641 279463 40688 604508 355951 540831 419848 389908 319982 83979 269783 499901 444032 383975 528187 110138 275736 494261 169215 307295 786063 323028 674020 316655 818976 551686 744961 301585 257033 129759 339449 305551 732860 649054 282666 437911 161008 474244 516154 314215 620385 550194 678106 131956 445645 341941 583192 598760 81778 457944 257032 295464 270156 187150 308230 175542 805094 167459 441580 135936 733383 806138 406308 387525 353277 705104 391905 268291 325198 260865 447847 380026 727393 269480 338798 371732 527078 303356
539164 562003 284297 427093 560329 135294 273389 60185 999999999 290053 404019 612499 388683 246789 458122 627019 325270 387742 241256 350977 806573 174169 695473 335378 99382 621981 324817 570910 362815 444308 348881 131511 305167 512160 493797 444157 529396 51851 246691 539213 212404 366052 844645 268384 700204 357831 876463 611471 803858 348590 303792 188934 296434 266394 791874 700957 326518 381390 220794 476508 575757 312485 661614 604455 734001 172745 505284 372648 638035 602042 141885 517297 302945 298526 272720 148531 266863 230901 861972 156515 490923 145161 785866 862750 455254 418953 411081 763160 336106 250067 379864 294258 499741 411771 780377 281625 388720 431262 556837 259917
808570 513573 569923 713008 802457 421033 302634 304200 290053 999999999 673751 485960 593985 154268 566381 836282 527264 676196 378846 449737 905491 120861 838199 535490 331462 388237 106280 843095 510180 460036 230471 272241 245344 269891 458198 565206 253613 306176 517638 777859 259065 452679 869311 456139 495376 303529 880311 684036 837526 586843 308651 343910 532489 136371 828898 905707 302463 531103 403496 206344 646143 602171 909509 797873 909781 247922 585349 644851 825948 327895 344510 588204 546536 85306 562756 415690 150564 447230 857694 445664 714845 177054 737079 854755 682145 689815 587926 783636 500786 42856 414527 563263 480747 282773 736851 569572 614788 581323 829560 499295
135559 671887 272918 115369 188314 272202 475487 371785 404019 673751 999999999 793970 208172 568228 407749 306903 226059 139978 558621 398367 637535 553210 480891 227160 342298 913202 726437 169344 612829 532200 620555 408885 559200 827784 616625 382256 876865 420330 348274 178953 463267 417124 778992 517804 949070 572039 834128 540093 733912 132721 502223 358786 447526 670412 719780 374661 534383 621028 305444 822884 522178 217257 270349 322120 452676 448749 470931 32616 356721 941752 335164 490375 146728 650838 204316 373477 670687 248603 833724 291878 184594 498354 833105 839507 161828 16584 272025 721673 577591 639558 486707 110925 600637 661968 821942 162939 155677 327889 155859 431934
896272 153608 857100 888711 815876 673658 353071 572963 612499 485960 793970 999999999 605024 387507 431305 767725 568783 877346 815430 396415 618593 497782 642346 569058 561225 253391 586620 933777 950727 268636 275880 489049 307908 290334 183149 451778 387418 659644 848165 789352 403751 378605 480409 870193 194120 256333 463584 423604 467102 662478 320542 478218 908862 619822 465134 810942 291590 971300 508851 372525 400321 856396 914142 708014 756328 441701 391181 780496 717246 387843 530325 376921 650505 403662 809425 758533 633653 562857 434690 734050 712770 481463 283111 427910 697479 809261 552874 406918 931318 509194 307266 715693 207716 211916 288394 788698 654700 505306 924677 872358
291645 472754 408085 320776 223784 300035 329628 334383 388683 593985 208172 605024 999999999 457898 199842 244224 67265 331825 607001 212328 464831 483342 325258 58537 294100 756169 671401 328949 697694 337217 477210 325603 417374 687164 423074 174365 752569 427069 457912 196919 343463 228019 579316 595521 773957 411596 631519 335674 534153 86090 348196 250123 557332 632683 520126 316381 377665 711042 191104 700919 315287 369866 330937 215880 346227 346457 262784 208437 249374 809222 261680 282241 115239 547438 334672 434826 637359 158897 629270 355634 124379 421328 625041 634554 97705 220317 64039 517272 663937 569502 302395 187471 403378 504601 613811 293174 53061 119748 320292 530842
698989 380219 524657 627063 675112 349889 148923 228744 246789 154268 568228 387507 457898 999999999 412830 695499 393259 598053 428129 297227 751452 111027 685279 400389 239011 376568 255803 735366 563651 309326 111734 162133 97932 271409 318734 412652 308839 286056 493445 649356 114467 299128 723366 486574 454241 160687 738881 530533 689694 464555 154698 214220 537003 257498 680442 762719 151648 584326 273612 254742 492558 542749 783211 653367 760466 119539 431141 542680 679793 375732 234009 434274 429262 89813 498117 394579 269478 325128 718002 394595 581543 102253 609015 715978 550960 584770 443975 637649 545321 151139 260866 462028 337550 176345 606990 493524 485643 432188 722634 500793
483620 286280 573582 518853 388011 423193 263915 397983 458122 566381 407749 431305 199842 412830 999999999 339130 198575 525200 698432 118405 352015 481589 273028 192554 360734 621737 662832 519589 810973 169031 383709 345803 336089 577676 249679 25493 659694 507405 605150 362166 312530 113720 403503 710145 614997 301513 448013 158150 359559 279510 263177 271308 696897 645307 346294 389972 280685 827483 241169 614124 127409 546483 483326 281873 359756 337563 64033 405609 297230 703398 316818 83154 290770 497725 505100 554286 653876 259082 441518 488903 286766 423239 425379 445538 277787 420139 136992 331448 780283 555433 168875 368214 223591 386593 414327 468718 252841 81605 512607 665197
271081 617812 576567 405226 136300 521710 557521 575544 627019 836282 306903 767725 244224 695499 339130 999999999 311465 442907 830293 417776 378908 727288 218910 302458 535913 958225 915522 290983 904550 508037 699365 569683 642989 904580 588131 322370 978559 660920 645799 132211 581467 426302 570979 804974 953885 624265 634924 383352 529730 282271 569857 493230 746915 876541 516416 74273 595472 915050 434957 928994 387768 523267 172523 62046 149915 588360 377431 332007 73303 1029484 505482 393273 328047 785303 504421 648758 880936 401398 644415 565288 139391 665163 698570 652951 174949 305355 252437 540559 869575 813052 497529 369392 560728 715067 684972 460661 238717 278123 293256 727070
331947 446313 378386 328990 283171 247931 270800 269480 325270 527264 226059 568783 67265 393259 198575 311465 999999999 329633 549707 172531 505443 416110 376567 10190 228921 703904 604137 369794 646642 306209 419247 258349 358471 629639 390580 174431 691603 365916 418212 256918 279125 191095 597467 544278 729435 358786 645067 350528 552728 93739 292278 183364 514871 565750 539016 383407 323077 661021 123989 639335 324151 348357 391261 281275 408807 280136 262217 216401 313821 750153 194974 280792 92812 482462 308029 383678 570591 94370 639642 308495 188473 354132 618360 643883 157864 240921 91530 528869 613644 502372 261739 169890 374809 451327 608149 270491 95146 132149 359455 486045
213419 769237 164426 51099 315419 255335 536274 375809 387742 676196 139978 877346 331825 598053 525200 442907 329633 999999999 482569 492495 776490 556809 620676 334033 359120 964601 709378 229032 510987 628010 670592 436594 611458 868009 708610 500084 903207 386370 248909 311696 507963 512449 910406 425234 1015947 637164 963313 667493 865230 246888 566681 409654 338772 644541 851151 507408 598765 515845 369357 849089 646182 104531 375224 461646 590646 483637 589230 125814 495912 972735 369300 608294 237241 670857 121769 307148 641854 314493 960983 240701 324571 511573 947932 966134 300911 138184 395152 849035 476359 637303 574593 163450 697108 720806 937611 106672 283154 449422 215494 331575
681607 788272 322744 532611 739802 309287 502862 300929 241256 378846 558621 815430 607001 428129 698432 830293 549707 482569 999999999 592214 1044423 319438 925864 559864 337744 765215 338203 705260 135754 680036 539861 367343 512456 647138 721087 683494 628445 191045 239373 723527 438475 607098 1085344 88210 865409 572668 1115752 852612 1044849 548729 530262 430189 190868 264335 1032951 904348 547447 156606 458613 584326 816996 379526 828968 817866 951843 399259 746509 526281 853024 701906 381619 758544 503667 435443 365450 185287 253010 457804 1100328 268369 690914 336817 1016096 1100668 655379 569689 639797 1003302 122034 338904 616470 465366 730848 604440 1011663 399501 594561 666335 691051 171717
501140 276837 507814 497736 432774 339288 148931 291745 350977 449737 398367 396415 212328 297227 118405 417776 172531 492495 592214 999999999 468795 363195 388466 172645 257853 547169 544898 538846 710631 135627 282279 231278 228374 486989 218489 115493 561584 401858 525638 405753 194215 20177 494773 611830 561648 206802 530250 261633 453310 266270 154287 162066 610518 526970 441139 478691 177960 728160 148940 513073 225195 491510 537396 368012 465313 219544 155037 386848 390478 611725 213832 166337 258001 384085 446397 461919 535638 187380 518425 406191 329785 305125 467882 520429 308653 413387 170544 415039 681546 437507 90324 329060 204746 298666 459402 416602 259597 141093 529264 576793
642795 474886 872538 750532 508490 752510 605560 746455 806573 905491 637535 618593 464831 751452 352015 378908 505443 776490 1044423 468795 999999999 830304 161907 495943 707707 863263 1006332 667004 1149830 452823 697528 697792 663230 857162 490404 363019 950844 854269 921583 495582 660458 460162 224358 1047689 810058 613482 289679 223468 196892 547304 596845 622408 1019708 994368 188511 360818 605267 1164954 586200 913919 260533 831412 545735 332108 254695 688197 320688 651619 306606 977696 664692 317330 579985 829805 798713 887888 1003532 590213 309425 813938 455465 773578 423758 320029 475755 642649 414405 239950 1117516 899526 491127 650822 459497 678108 409743 756309 502023 379156 667573 991416
688223 488115 457972 592745 686117 301475 228065 183396 174169 120861 553210 497782 483342 111027 481589 727288 416110 556809 319438 363195 830304 999999999 747814 424905 211082 460362 188579 722544 455190 404442 221966 157825 204562 345948 424574 476332 355719 199522 413351 662062 169847 370287 821148 382868 550979 267677 840629 614551 785387 469825 245271 234710 443138 164064 775331 798305 251575 476016 292334 303339 576545 486269 792476 692550 810253 145638 510628 524128 722335 428846 227195 516807 428357 128194 445376 311324 173505 331592 821028 330668 601596 62266 717503 819583 568018 569217 483886 735813 438523 87616 348671 442594 440804 286005 714950 450139 500181 484305 708959 407831
480898 489096 726736 592238 346632 623363 536417 636641 695473 838199 480891 642346 325258 685279 273028 218910 376567 620676 925864 388466 161907 747814 999999999 366481 596313 866864 932465 505230 1022042 420006 653921 601548 608639 838651 481818 273045 925511 739581 781996 333764 581448 386354 356793 919720 836152 570209 422055 219790 317981 401978 536122 522441 882054 909791 305470 212588 552450 1035791 476448 882272 242571 681999 389007 170201 121350 602226 272073 497284 145823 963606 555987 278923 439289 770720 652445 758905 917298 468209 434666 680733 296943 687369 511920 443983 320156 484895 286074 338550 988569 825212 438167 505035 450634 649502 497751 609077 354851 266676 505686 856032
329830 444740 386300 331924 277214 257780 275877 279463 335378 535490 227160 569058 58537 400389 192554 302458 10190 334033 559864 172645 495943 424905 366481 999999999 238880 707543 613066 367654 656543 305176 424203 267230 363653 634559 389982 168072 697512 376099 427177 250776 286091 190736 589989 554177 731401 362358 638119 343153 545178 94444 296564 191602 524127 575161 531424 374149 327053 670864 132605 645425 317386 355287 385178 271543 398747 288076 256414 218918 303943 755520 204568 275165 98217 489751 315494 393534 580091 104484 633056 318026 181154 362852 613937 637421 151403 241688 81762 522066 623497 510984 262428 175673 373492 455092 603579 277398 90733 124023 357591 495482
477163 490908 298322 389563 480232 115474 208930 40688 99382 331462 342298 561225 294100 239011 360734 535913 228921 359120 337744 257853 707707 211082 596313 238880 999999999 610063 390165 511640 452857 363528 319759 79248 265126 509721 422912 345861 544876 146817 288550 457341 160614 274408 752614 354075 672835 305693 787285 515788 710961 264295 241420 98073 361043 342893 698642 609256 269637 470310 121578 490672 480804 307656 585004 509820 637462 128646 410287 313660 542699 613773 44210 423295 220599 313614 261755 208967 346229 135204 774310 172829 402846 156789 708222 775727 367797 358394 312637 672625 423709 297986 298917 231982 424269 376563 701666 254599 300030 331881 498128 325716
1033826 388429 901117 988138 979138 724039 437821 604508 621981 388237 913202 253391 756169 376568 621737 958225 703904 964601 765215 547169 863263 460362 866864 707543 610063 999999999 461512 1071545 898001 454071 294476 530863 354976 118349 385047 636291 177272 656993 868371 952123 456751 535152 733784 838246 125045 345185 715156 655242 720001 791921 412523 557995 903497 519210 717577 1011704 381060 918964 607922 195453 626132 917172 1084482 903022 973007 482141 598960 892335 918848 145845 595324 589226 766931 333540 871688 767910 533223 665049 685697 771080 876654 476868 529799 678342 853753 929631 717569 659729 887214 426537 461615 816038 416267 252634 536853 863122 798249 681239 1060294 868163
861978 619713 584040 750801 870006 460087 401057 355951 324817 106280 726437 586620 671401 255803 662832 915522 604137 709378 338203 544898 1006332 188579 932465 613066 390165 461512 999999999 894620 458219 564358 336668 345840 350087 345975 564450 659721 302231 323965 519833 846636 351045 549650 975216 423658 577207 409306 986581 786160 943049 653647 410278 423287 514092 74862 934253 986766 406484 478429 480621 267302 748147 624692 975158 881128 998144 332490 685676 695758 910833 372606 412577 689546 610639 191257 590300 422379 85221 517640 963970 470125 788360 250845 842434 961013 754291 741827 672328 889508 455655 107401 516530 615681 586796 387548 842442 604585 686293 671137 880655 484743
37848 800670 393045 178103 158753 437019 634466 540831 570910 843095 169344 933777 328949 735366 519589 290983 369794 229032 705260 538846 667004 722544 505230 367654 511640 1071545 894620 999999999 739993 666165 781771 577340 720292 990840 752023 495095 1043382 583422 476840 175119 628000 555713 843627 652850 1099055 727275 904510 624392 800017 279635 659026 523511 567759 837022 786092 334710 690631 744840 467469 989598 615418 332896 161925 335269 436894 615841 577855 198988 360996 1106988 503471 597037 307562 819116 339868 523466 836691 412049 909495 446711 238447 667579 935033 916817 241835 153358 385148 799820 705316 808809 629140 280059 732023 819049 922634 307456 279308 438391 14331 560160
722127 919588 347242 562018 800338 398829 632262 419848 362815 510180 612829 950727 697694 563651 810973 904550 646642 510987 135754 710631 1149830 455190 1022042 656543 452857 898001 458219 739993 999999999 806745 675358 493198 646597 779706 851937 793971 755769 310975 265430 787670 568573 726794 1205395 102368 1000091 706028 1238810 967684 1163818 629527 660790 549293 173165 387475 1151484 977298 679513 21005 569843 713821 933253 407375 879129 900029 1035658 528883 862806 582176 935850 828329 497010 876103 587047 570175 408939 263148 374748 559633 1224678 342870 766327 470856 1146187 1225531 732003 621044 738130 1124880 35238 471526 742477 535229 860217 739992 1141258 449990 677057 770767 726365 181295
628840 141232 635966 633192 547704 460350 180145 389908 444308 460036 532200 268636 337217 309326 169031 508037 306209 628010 680036 135627 452823 404442 420006 305176 363528 454071 564358 666165 806745 999999999 244711 313576 214716 418645 85880 186465 506597 496118 645984 521069 244597 115913 416720 712337 446988 160908 438791 229385 381283 399567 159175 266233 724291 564349 371605 558385 157888 825572 273816 465467 192985 623586 647421 450854 520443 282118 147986 521861 465159 543675 322579 142313 393494 380378 577755 572483 575421 319530 421413 526401 444414 357981 344833 421208 428864 546856 284247 331497 780412 460448 64736 464560 69121 230357 338139 549941 387833 237747 657428 689174
744303 283118 616163 693662 700719 435060 148471 319982 348881 230471 620555 275880 477210 111734 383709 699365 419247 670592 539861 282279 697528 221966 653921 424203 319759 294476 336668 781771 675358 244711 999999999 240841 61484 210392 228985 390408 279326 392164 593267 673982 162668 276518 641770 597246 354067 84535 650450 474072 611869 503051 129942 263657 643529 354912 604027 760969 104475 696016 315195 231210 437408 627297 808143 650290 742814 191147 385500 598761 672257 332174 301646 383817 475115 145497 581117 497370 368040 371965 627457 487266 600956 209342 508069 624392 574472 637067 448609 556403 656769 243603 215793 521767 253476 64761 507300 570183 514393 423340 770040 607100
541649 430853 375817 464940 530224 194241 142534 83979 131511 272241 408885 489049 325603 162133 345803 569683 258349 436594 367343 231278 697792 157825 601548 267230 79248 530863 345840 577340 493198 313576 240841 999999999 187618 431459 362592 335949 470300 183030 359311 505706 85316 243763 719199 399865 594419 232721 748451 492626 679525 314715 173739 79645 422709 311094 668008 641037 198748 512118 134829 416090 455737 386853 637294 536172 656700 49787 386055 382227 566703 537847 73901 396155 275275 241963 341003 270756 317405 175002 733022 248013 443982 96190 654365 733454 410669 425326 329023 636465 467258 244615 249486 301013 368231 298739 648927 333039 343010 335173 564265 386455
682832 283603 563189 633490 640545 380556 87813 269783 305167 245344 559200 307908 417374 97932 336089 642989 358471 611458 512456 228374 663230 204562 608639 363653 265126 354976 350087 720292 646597 214716 61484 187618 999999999 271415 221024 340225 336212 351760 545264 613890 105057 225086 626206 563130 408055 63215 640997 440509 593209 441651 74107 203100 601581 355400 584257 706097 57964 666881 253789 286015 402897 571471 748179 595495 692642 138108 345446 537628 618746 391945 243596 346311 413654 166611 524952 452404 367410 310644 620071 435617 541434 175748 512945 618063 514345 575701 391198 540461 625605 247896 173105 461067 239649 111460 510470 512246 453594 369109 708556 565060
953527 390834 794347 894931 910836 621295 358855 499901 512160 269891 827784 290334 687164 271409 577676 904580 629639 868009 647138 486989 857162 345948 838651 634559 509721 118349 345975 990840 779706 418645 210392 431459 271415 999999999 366819 588241 98255 544433 757300 884045 364892 478464 756044 720958 231565 280315 747495 638882 735629 712838 339040 469080 788448 401497 730991 963461 310588 800664 523440 87611 605745 814070 1018066 853088 936542 384726 566600 804655 872728 125722 500110 560377 683522 217995 769525 655974 415571 579509 719810 664411 810554 368023 572720 713885 784589 844353 656099 675871 769161 308324 409842 725894 397936 191099 577166 764291 724785 626734 978883 753452
714676 68289 706898 715804 632742 527189 220463 444032 493797 458198 616625 183149 423074 318734 249679 588131 390580 708610 721087 218489 490404 424574 481818 389982 422912 385047 564450 752023 851937 85880 228985 362592 221024 366819 999999999 269251 460697 544782 710286 606205 283394 199503 413043 761556 365844 158051 422172 273175 384431 484198 191149 329304 782926 575718 377323 635046 174861 871501 346972 425750 241958 698545 731453 529539 589211 323179 216144 605308 541336 488491 385203 204902 476147 373974 652124 630403 587984 396632 400106 591763 529621 387749 295280 397679 514604 631478 369860 327934 827781 466544 134427 545362 31525 192919 291567 626693 473539 322242 743243 747078
458966 308762 550798 493427 365491 403515 264063 383975 444157 565206 382256 451778 174365 412652 25493 322370 174431 500084 683494 115493 363019 476332 273045 168072 345861 636291 659721 495095 793971 186465 390408 335949 340225 588241 269251 999999999 668143 492675 584126 339405 308691 115218 425201 692731 633415 309817 471053 178674 380918 254169 266455 259512 676865 639407 367473 376230 286377 810174 225040 621493 150036 522694 462364 266818 352625 331243 89236 380210 284592 713893 302353 108491 266222 499059 481738 535779 647535 238893 465229 468732 263553 416868 450868 469454 253418 394653 111681 354660 762875 552390 178401 343722 244336 397265 439802 444861 227377 56723 487946 645607
1006724 487984 813586 934372 974704 650254 423351 528187 529396 253613 876865 387418 752569 308839 659694 978559 691603 903207 628445 561584 950844 355719 925511 697512 544876 177272 302231 1043382 755769 506597 279326 470300 336212 98255 460697 668143 999999999 553775 767358 948284 416225 555321 854063 708423 302102 358391 845742 730786 833177 769450 408730 520211 786058 368700 828325 1040252 383660 776398 577937 54229 696685 839830 1082687 929578 1019449 428148 653772 851512 951193 74295 542809 648905 736336 232787 797348 665083 381899 631788 818022 685514 876883 392313 670277 812053 848832 893424 727263 773547 749518 296206 490823 770838 491387 276261 674954 797367 786189 702609 1030816 752678
553638 612919 264345 429544 586117 148422 324319 110138 51851 306176 420330 659644 427069 286056 507405 660920 365916 386370 191045 401858 854269 199522 739581 376099 146817 656993 323965 583422 310975 496118 392164 183030 351760 544433 544782 492675 553775 999999999 213889 566402 262434 417248 895971 216904 740238 406364 928159 661711 855004 379588 354304 239820 251402 258201 842941 735141 376101 329541 268089 502150 626266 301149 684330 641828 773277 222573 555750 388092 676072 627422 190586 568080 333589 327470 266443 111803 255907 272088 913766 146224 523050 183949 837352 914570 487194 434313 453984 814698 284321 264080 431698 313805 551195 455976 831956 283255 422241 477259 569165 215026
457437 777900 84928 299921 536375 186462 497249 275736 246691 517638 348274 848165 457912 493445 605150 645799 418212 248909 239373 525638 921583 413351 781996 427177 288550 868371 519833 476840 265430 645984 593267 359311 545264 757300 710286 584126 767358 213889 999999999 524929 444605 544718 1008604 176326 946163 591869 1050826 762767 964703 380784 529638 381276 101345 447268 951394 717313 556957 272846 376726 715965 732328 144378 613700 646933 782539 407683 664354 318298 682891 841139 325123 680584 342927 541084 143968 102276 440822 346380 1041443 119739 509821 391793 990058 1044160 476941 355946 507787 934278 230289 474989 582387 280071 709674 654753 982550 186236 428503 549600 462979 84143
147556 648154 451605 273061 27026 420595 526082 494261 539213 777859 178953 789352 196919 649356 362166 132211 256918 311696 723527 405753 495582 662062 333764 250776 457341 952123 846636 175119 787670 521069 673982 505706 613890 884045 606205 339405 948284 566402 524929 999999999 535652 419561 668514 690325 965038 608147 729539 452548 624952 193082 545112 436602 625129 799782 611044 196178 574531 796847 376555 896178 446386 396183 134403 163890 281815 533835 415634 206954 193622 1005830 434908 434203 237249 738033 381526 538982 802419 330739 734912 455349 76699 601607 766148 742380 99546 175381 237672 625764 752472 749573 494357 258209 582951 701136 753385 338693 163840 284318 173585 607815
591070 351215 458932 531776 561589 275846 64754 169215 212404 259065 463267 403751 343463 114467 312530 581467 279125 507963 438475 194215 660458 169847 581448 286091 160614 456751 351045 628000 568573 244597 162668 85316 105057 364892 283394 308691 416225 262434 444605 535652 999999999 200518 659062 478681 513105 147441 683337 445454 621543 353307 92264 104571 506896 333911 610881 649272 114276 588109 161744 362937 407543 466417 669737 540402 650716 39903 340961 439774 567644 478995 139028 347644 320514 204173 419897 355441 343194 215959 665923 332382 467230 115468 577819 665529 436950 479849 330586 574601 544464 243764 183946 361191 292382 216436 573221 407690 372186 322275 615684 470520
518084 257030 527689 517287 446548 358290 150206 307295 366052 452679 417124 378605 228019 299128 113720 426302 191095 512449 607098 20177 460162 370287 386354 190736 274408 535152 549650 555713 726794 115913 276518 243763 225086 478464 199503 115218 555321 417248 544718 419561 200518 999999999 478768 628479 546283 198261 512979 249089 437806 284765 151242 177568 628871 534328 425854 485406 172099 744510 168012 507718 212004 511651 550271 374848 467571 228483 142737 406117 395873 603661 230627 152403 277581 384473 466498 479723 543385 207467 500608 425164 343231 313548 448009 502413 323402 432013 182789 398230 698047 442286 74814 349032 184993 288808 439625 436778 276415 148277 546348 594950
814301 368780 975549 894324 686697 825651 595608 786063 844645 869311 778992 480409 579316 723366 403503 570979 597467 910406 1085344 494773 224358 821148 356793 589989 752614 733784 975216 843627 1205395 416720 641770 719199 626206 756044 413043 425201 854063 895971 1008604 668514 659062 478768 999999999 1106458 656324 565916 66020 246985 45177 665282 575893 656330 1099447 980129 59264 568948 572088 1222923 638972 827249 276292 944880 743259 514690 469070 694666 345152 785354 498107 865268 708542 330275 686276 786024 905459 954280 991499 662327 85758 891819 612066 773789 226584 96655 622379 787771 517449 85746 1176258 874083 475116 763205 388707 603400 214394 867048 627304 466474 841523 1067097
632523 829632 261079 476233 704046 296464 541120 323028 268384 456139 517804 870193 595521 486574 710145 804974 544278 425234 88210 611830 1047689 382868 919720 554177 354075 838246 423658 652850 102368 712337 597246 399865 563130 720958 761556 692731 708423 216904 176326 690325 478681 628479 1106458 999999999 933596 620351 1141256 867297 1064494 528292 570806 451452 106400 349134 1052010 878107 591604 117477 469246 662474 833255 320703 786406 798992 934489 438779 762922 486465 834746 782363 398000 776618 485392 505438 315920 160816 338506 457563 1127872 241320 666285 388812 1054228 1129041 631664 526995 635771 1026700 70147 414722 647743 435638 768081 661963 1048761 355031 575677 668709 638919 96046
1061226 347064 970111 1034114 991929 788307 479740 674020 700204 495376 949070 194120 773957 454241 614997 953885 729435 1015947 865409 561648 810058 550979 836152 731401 672835 125045 577207 1099055 1000091 446988 354067 594419 408055 231565 365844 633415 302102 740238 946163 965038 513105 546283 656324 933596 999999999 379285 629118 617686 648953 821476 449923 606467 990731 630006 648666 1000386 417644 1021094 649042 315788 593825 979521 1093573 895376 949246 544633 580439 931617 906619 266890 651082 567374 802618 429979 932964 848510 644193 705894 598718 841333 888414 556482 439235 590278 869669 965077 727385 589754 986704 530448 471621 859946 394138 296725 448391 919148 820574 684094 1088876 954669
689482 220439 603107 654839 635116 419433 101189 316655 357831 303529 572039 256333 411596 160687 301513 624265 358786 637164 572668 206802 613482 267677 570209 362358 305693 345185 409306 727275 706028 160908 84535 232721 63215 280315 158051 309817 358391 406364 591869 608147 147441 198261 565916 620351 379285 999999999 579020 390020 534040 447738 70638 228762 653621 417788 525543 683593 38403 726129 269818 312713 353162 606175 741337 573083 661215 185793 301059 553308 593524 405403 277322 299285 425311 221355 559236 502631 429981 326797 557672 478429 533373 236025 449851 555487 509291 588266 376627 480203 684079 309204 132730 480706 177884 93006 447289 542307 453065 346481 716302 617172
874464 369846 1021595 949233 748398 866166 618935 818976 876463 880311 834128 463584 631519 738881 448013 634924 645067 963313 1115752 530250 289679 840629 422055 638119 787285 715156 986581 904510 1238810 438791 650450 748451 640997 747495 422172 471053 845742 928159 1050826 729539 683337 512979 66020 1141256 629118 579020 999999999 296069 105256 717022 596628 689834 1139401 996379 118833 634429 589371 1256854 677318 822707 321024 993383 807372 577851 535010 720397 386792 839004 562305 851323 743599 370249 735494 795834 952783 992031 1008275 704672 30769 932806 671005 796541 190425 40670 679641 843521 568625 116664 1210635 888211 500417 812850 401352 606814 180733 915498 680834 515918 901984 1106276
591711 271211 728568 654734 474662 581335 387231 551686 611471 684036 540093 423604 335674 530533 158150 383352 350528 667493 852612 261633 223468 614551 219790 343153 515788 655242 786160 624392 967684 229385 474072 492626 440509 638882 273175 178674 730786 661711 762767 452548 445454 249089 246985 867297 617686 390020 296069 999999999 202420 420999 375892 422777 855004 778176 188873 408294 382593 984482 398055 692253 38073 698295 551071 321466 337580 476395 106605 543645 318803 761493 471610 97811 439916 607113 658551 712206 788031 417083 293797 646960 386382 560403 316173 299423 390073 550230 272577 181725 937393 680020 269667 517117 241692 456247 302870 620423 385653 220089 620134 823347
770363 345466 930932 849233 643516 782232 558689 744961 803858 837526 733912 467102 534153 689694 359559 529730 552728 865230 1044849 453310 196892 785387 317981 545178 710961 720001 943049 800017 1163818 381283 611869 679525 593209 735629 384431 380918 833177 855004 964703 624952 621543 437806 45177 1064494 648953 534040 105256 202420 999999999 620128 540224 615205 1056045 945594 14139 530560 538083 1181175 596311 804153 232684 899940 702206 472600 432999 656447 302159 740189 457199 847904 666817 287887 641303 755044 860669 911524 956703 618574 116986 848249 567658 736671 232728 126734 577565 742754 472344 60306 1134391 840736 437810 718177 358413 576577 219306 822125 582131 421552 797716 1023903
241905 539167 325569 239689 216439 239644 355201 301585 348590 586843 132721 662478 86090 464555 279510 282271 93739 246888 548729 266270 547304 469825 401978 94444 264295 791921 653647 279635 629527 399567 503051 314715 441651 712838 484198 254169 769450 379588 380784 193082 353307 284765 665282 528292 821476 447738 717022 420999 620128 999999999 379398 250342 481514 606944 606115 356529 411000 641582 191567 716243 399296 284837 322741 270759 406198 346440 343400 126303 306466 830882 242693 362648 45999 551600 251519 369393 609814 140306 714226 287003 143545 410013 704254 719299 107684 147300 148434 602348 595064 557427 355340 103585 467933 539414 693481 209023 47832 202558 268564 457244
621303 258956 536586 584207 571947 353116 32557 257033 303792 308651 502223 320542 348196 154698 263177 569857 292278 566681 530262 154287 596845 245271 536122 296564 241420 412523 410278 659026 660790 159175 129942 173739 74107 339040 191149 266455 408730 354304 529638 545112 92264 151242 575893 570806 449923 70638 596628 375892 540224 379398 999999999 159215 596357 405931 530310 632360 32331 680355 199225 359342 337895 537521 679047 521717 618683 132107 276845 483039 544717 461940 209857 279597 355536 235369 490534 444179 416740 256267 578033 414024 471526 200322 485840 577152 445732 518516 318710 490620 636722 304449 106257 410090 201110 160101 481458 472528 387203 295134 647818 560149
486658 396696 380019 430440 461984 198196 127590 129759 188934 343910 358786 478218 250123 214220 271308 493230 183364 409654 430189 162066 622408 234710 522441 191602 98073 557995 423287 523511 549293 266233 263657 79645 203100 469080 329304 259512 520211 239820 381276 436602 104571 177568 656330 451452 606467 228762 689834 422777 615205 250342 159215 999999999 458088 390630 603123 563774 190583 567122 60075 466665 386877 378499 569907 457862 577240 97265 316444 335718 487897 583529 56408 328366 216149 301804 331505 306553 397039 111581 676509 262466 371325 172444 611066 677827 339298 375364 249780 575596 520808 319844 201891 258112 328527 311235 604270 313545 272784 255864 511151 423089
551076 851128 176575 389660 635837 273813 564738 339449 296434 532489 447526 908862 557332 537003 696897 746915 514871 338772 190868 610518 1019708 443138 882054 524127 361043 903497 514092 567759 173165 724291 643529 422709 601581 788448 782926 676865 786058 251402 101345 625129 506896 628871 1099447 106400 990731 653621 1139401 855004 1056045 481514 596357 458088 999999999 439280 1042957 818199 621107 177081 462230 737397 823361 236212 709980 748253 883875 467881 754360 418220 784213 860351 401840 769842 442766 570496 243604 152524 430111 437991 1128672 208144 611151 435168 1069107 1130872 578281 454361 605372 1023230 139465 489852 659807 381323 785233 707190 1062357 286700 529298 645148 554265 36521
805528 635491 513816 687563 822153 400207 391106 305551 266394 136371 670412 619822 632683 257498 645307 876541 565750 644541 264335 526970 994368 164064 909791 575161 342893 519210 74862 837022 387475 564349 354912 311094 355400 401497 575718 639407 368700 258201 447268 799782 333911 534328 980129 349134 630006 417788 996379 778176 945594 606944 405931 390630 439280 999999999 935945 949064 408071 407981 444546 328962 740135 556648 925491 846059 967791 308164 674593 639014 877212 440904 371070 680513 562577 216166 524167 351459 14224 475434 975410 404061 745429 222586 862610 973275 710561 685332 640049 894490 383113 111513 510936 560474 595043 412534 861410 541188 642674 644719 822900 410146
756371 340359 917274 835103 629695 769153 548288 732860 791874 828898 719780 465134 520126 680442 346294 516416 539016 851151 1032951 441139 188511 775331 305470 531424 698642 717577 934253 786092 1151484 371605 604027 668008 584257 730991 377323 367473 828325 842941 951394 611044 610881 425854 59264 1052010 648666 525543 118833 188873 14139 606115 530310 603123 1042957 935945 999999999 518053 528796 1168771 583586 798566 219655 886097 688918 459070 421231 645504 289384 726090 443995 844220 654475 275408 627443 746736 846917 898723 946956 605357 129197 835096 553582 726122 237710 138624 563434 728616 458386 58945 1121942 831546 427341 704276 350735 569857 224030 808294 568043 407735 783750 1010907
321238 658700 646392 466895 193086 595907 622001 649054 700957 905707 374661 810942 316381 762719 389972 74273 383407 507408 904348 478691 360818 798305 212588 374149 609256 1011704 986766 334710 977298 558385 760969 641037 706097 963461 635046 376230 1040252 735141 717313 196178 649272 485406 568948 878107 1000386 683593 634429 408294 530560 356529 632360 563774 818199 949064 518053 999999999 656593 987495 506208 991638 419128 591861 189999 110680 108587 657946 420087 401368 93771 1088884 578037 434031 402318 852396 575059 722464 953687 474440 647246 638902 213459 736083 717392 656529 249122 371555 318757 549446 942258 883532 554133 442478 606257 772881 703427 531564 312908 337645 339594 799132
