NAME : synthetic_000205
TYPE : CTSP-D
DIMENSION : 100
GROUPS : 8
RELAXATION_LEVEL : 1
EDGE_WEIGHT_TYPE : EXPLICIT
EDGE_WEIGHT_FORMAT : FULL_MATRIX
EDGE_WEIGHT_SECTION
999999999 303033 327293 537907 1246441 884563 394581 967183 511115 903383 904200 338173 369482 924758 469205 957397 234316 1020609 794232 802027 1055883 307660 1028904 608623 976244 882596 352684 779479 913524 602236 972436 872898 538492 847026 1044234 626835 625456 348638 734922 1089239 229443 388584 955602 848535 797376 180451 703392 993124 703671 743998 52957 452824 391846 1118641 970905 268399 700157 584309 717519 546923 678429 354541 969684 608471 704046 755234 679495 704024 770001 782817 1072988 299783 525146 467453 218097 628693 590854 775575 405879 826962 833675 95635 700566 614788 973500 788341 1057129 487204 878549 800930 629414 393657 786524 1152997 973129 556133 849387 409889 907684 498923
303033 999999999 40784 358160 1060100 614953 130157 1021721 230673 946813 848704 537658 340863 780968 370789 764285 320705 904987 868252 617409 968162 69781 881842 346562 951837 622995 395333 476876 894940 718146 989882 769973 285362 635763 931532 551336 419938 408777 432191 976780 126136 234003 770696 596610 733422 477812 424532 893630 401346 533223 306490 313566 585768 935669 1035953 324325 788589 350964 464171 257989 377118 128154 806048 312722 792152 528266 435892 799012 857858 689049 877500 283838 241994 418926 210327 383844 409724 511774 140733 552305 901764 318943 655770 406874 908129 522549 908744 297051 953613 606772 326384 318597 491250 947354 824536 253667 724180 470717 773499 641665
327293 40784 999999999 318911 1019335 577782 89457 997321 193707 921647 814743 538025 318425 741562 338551 723531 315789 866690 847076 576897 931377 44061 842109 307460 920001 584561 379599 458133 863917 703680 961783 732881 245161 594996 893332 518007 379296 394725 409066 938492 125346 200443 730035 557392 699439 497471 388455 856313 383715 492439 324921 278584 584267 894960 1012638 314784 769860 310243 424729 223895 361604 91072 765847 282144 773347 487655 395718 780978 838408 653010 836717 267214 205858 390908 205346 343582 369987 473540 100171 515814 879642 332513 624112 366210 873126 484601 868921 257851 931931 566089 306026 291146 460772 906623 784838 230404 685893 454386 734568 631893
537907 358160 318911 999999999 715958 401329 237695 768987 224960 690267 519966 554853 233043 422818 133023 422294 364048 548904 651980 268369 618920 294277 524098 185033 637881 381349 318396 518672 589131 577284 706143 420102 150806 309458 575762 242990 93103 340915 446538 620658 324951 150280 423653 339149 407455 653292 283215 541848 471892 207681 505218 93595 578832 588964 792203 332613 600965 110322 229703 255867 470908 230963 450746 305988 603508 227206 183680 616923 658127 347458 537956 266222 233124 207548 321108 153441 54210 296275 230862 363516 674837 484356 355223 86129 570685 310912 551230 61110 727922 264107 402036 179617 408958 615918 466736 345417 368428 360152 415754 553851
1246441 1060100 1019335 715958 999999999 567908 930456 890535 855522 841754 551204 1160043 891591 345266 781103 295896 1040219 342566 918702 447591 419987 1003377 257263 736332 633298 525136 947290 937613 653821 1009768 768513 453071 781502 427024 341792 662553 641012 964541 885437 329223 1040883 865283 292315 520357 572888 1334111 714740 400042 951088 527271 1207880 794391 1157961 127805 927003 1003798 948699 710918 626365 853637 973028 939657 282985 847532 948146 539197 638094 966216 954913 527990 183787 952455 851634 804893 1028572 686078 661750 612089 920497 623026 906769 1180026 657412 653836 506239 610247 234353 773843 936457 454341 932760 856094 766932 138343 297999 930049 432347 939508 373107 1062848
884563 614953 577782 401329 567908 999999999 495106 1055770 384312 980819 721249 955691 633707 481360 531830 339182 754591 620782 982971 318001 726302 582909 530109 275971 850931 50301 719708 369832 825578 955220 961064 574862 346189 238344 644799 563382 314242 742237 321254 676045 655120 518272 365984 87748 643475 1028583 192267 651096 389177 248763 864798 491488 980113 476902 1086343 726733 955453 311504 174472 360455 414255 530266 442809 324241 957190 202047 219327 973173 1000245 561458 402689 657382 373153 600902 686643 262917 371019 110176 483520 66054 995197 854112 650184 317186 736166 96607 544240 424404 1044456 289403 386715 579307 200681 430469 492049 408210 502252 758659 501858 947603
394581 130157 89457 237695 930456 495106 999999999 953796 116722 876582 747171 556236 290652 658071 281501 634773 329960 786522 812319 489482 855548 88022 757412 221279 857788 499067 366063 421273 804083 686298 909124 656632 156485 505657 813417 454186 291432 384654 362838 858248 169205 147071 641832 470284 632331 554025 309484 779088 351744 403336 382811 214585 597694 806466 971717 318869 741654 220806 337345 154985 335593 52685 679558 220804 744926 398218 306894 754346 807907 580198 747632 257830 131142 344800 228286 254638 286333 388753 11586 434942 842355 381800 564016 278232 802467 400437 783899 177804 895410 477824 270850 250819 395135 817198 700315 193296 606121 436940 652641 626299
967183 1021721 997321 768987 890535 1055770 953796 999999999 987852 78729 359454 666529 681005 626610 674574 792325 750616 553360 175889 740016 472019 954873 658128 947167 257240 1011259 640830 1283961 246758 380267 122492 502768 919480 826776 549735 527948 802242 635162 1211283 562620 911403 806991 764286 968271 412845 921839 1027587 496443 1240720 812306 914296 744339 624197 814442 36475 727165 272425 871311 938007 1023041 1239724 915369 697587 1074892 268624 861160 901573 273720 209348 494883 840385 743589 998249 609308 836023 900642 755108 990348 953251 1054670 135201 871560 419469 809159 386633 1002293 671100 806312 103288 767855 1170535 706982 1151839 914572 649571 1109428 568879 569053 595518 490081
511115 230673 193707 224960 855522 384312 116722 987852 999999999 909352 743211 656954 364144 613620 318520 563530 432820 751000 860072 430887 831038 203699 706827 121252 862614 393148 448264 326358 814077 756028 929830 634348 82333 428767 778286 466455 239630 469007 260952 821588 285566 212555 575005 369037 631789 670093 194925 752000 265206 333128 499323 248839 694821 735686 1009251 416240 798541 154920 238689 43479 257111 162976 623135 111425 801507 316339 217972 812870 861040 568426 671744 349429 15405 392604 338542 169644 257806 281755 105675 322107 886390 497070 578965 226761 790953 292155 731675 181547 939771 413743 187386 314471 279512 734656 651225 121634 575100 512723 613770 708269
903383 946813 921647 690267 841754 980819 876582 78729 909352 999999999 298124 613966 606580 561854 596763 725643 682433 500530 131158 666373 429029 879491 601363 868525 215157 936910 570277 1205332 188515 331907 99817 435994 840779 753918 500000 449276 723926 565932 1132660 517962 838306 729970 698220 893512 339630 868051 949437 442952 1161992 736161 850426 666386 575044 758549 105656 657487 222820 792641 860516 944410 1161025 838844 634364 996165 219345 784961 823680 228698 172301 421309 779822 670659 919683 532514 764383 822199 676513 913544 875848 978313 94246 807809 341208 730732 335557 925643 616478 727828 98369 693899 1091856 630842 1073931 856751 588115 1030949 499504 500144 530111 439775
904200 848704 814743 519966 551204 721249 747171 359454 743211 298124 999999999 701662 543887 267749 478782 434584 670114 209040 367856 403999 171607 779054 304073 670590 130110 673728 552858 997115 112815 485382 247546 148378 663953 484573 214742 297658 518672 560441 925523 244344 767740 614768 406026 633812 115307 928240 730108 152381 967372 492773 854284 536281 682382 461324 394638 635854 407019 600532 630682 769344 973217 724048 338135 807364 405852 540487 602597 423416 405146 177084 481945 616930 749715 446614 714305 616377 486546 672555 742699 730995 355845 815590 203996 529039 71884 682555 320804 573469 388347 432847 907991 541262 846338 558717 290493 860882 219725 508704 237352 562515
338173 537658 538025 554853 1160043 955691 556236 666529 656954 613966 701662 999999999 321991 815273 429065 904712 226320 868493 490731 759744 870844 497859 911642 706057 736946 935882 237447 977263 674619 286658 698098 724124 640022 832339 886674 497836 645412 215345 916403 927447 413444 453384 892524 892883 618193 255385 813021 826302 907845 745062 291085 464383 53749 1037238 663529 240908 394235 648934 782256 700253 890448 503561 878497 768347 398002 775927 736663 393249 459057 638185 1011849 309549 672282 373398 333520 697776 591824 848619 563760 913676 531509 253015 519247 640390 773419 863175 938707 535053 569336 770843 827014 376500 926485 1099087 863545 749280 728888 221627 789258 176790
369482 340863 318425 233043 891591 633707 290652 681005 364144 606580 543887 321991 999999999 559736 114668 613450 148628 651149 528656 460420 688703 275103 663302 390557 630713 614353 88197 690371 570394 396055 654209 503440 329190 523265 674758 257722 324495 110595 623437 719792 233924 151881 606705 571823 432910 443338 497126 624150 628327 429518 324088 142733 348354 764388 695109 112303 453010 328702 460471 406990 617169 243991 610183 472934 456401 456769 414776 464982 520735 413459 726678 73051 378516 98686 170742 377164 272736 526933 293646 592580 561360 291477 340564 318882 610837 541519 691531 215921 613542 466347 548670 55187 615947 811099 608630 474816 481555 148745 540743 344379
924758 780968 741562 422818 345266 481360 658071 626610 613620 561854 267749 815273 559736 999999999 455664 167512 707290 144965 610100 190990 245834 716590 104238 511440 388748 431464 607740 802733 380466 673030 514891 127352 531672 245615 171476 318856 374548 623817 735553 211151 736644 561596 138503 397799 243209 997658 538460 169754 788830 295720 882311 483625 812695 226917 661361 670544 623307 458708 434725 626739 801662 653636 74800 645560 623341 334351 421826 641491 641213 185010 224467 625644 615009 467698 710222 454202 371872 458191 650096 505146 606936 851118 316085 387698 262444 464799 132417 483927 646188 216078 744463 531131 637611 308954 49118 715828 87248 595427 32564 719566
469205 370789 338551 133023 781103 531830 281501 674574 318520 596763 478782 429065 114668 455664 999999999 499736 261232 558391 541639 346078 607802 301010 559868 311420 581461 508595 191720 635079 525560 448432 627673 414186 262107 408903 583374 181131 218110 213720 564500 628902 293009 138414 493930 464834 363742 556554 413869 537733 580988 316848 427862 70182 449408 653513 694081 225732 481364 240461 362105 357454 575208 249495 501518 417192 484210 346900 316099 496267 542764 327337 613583 171461 330585 77020 255235 285862 163057 428540 279887 496204 568601 398944 285580 214651 540304 443166 588074 141153 621975 351680 505374 75590 538188 697401 503942 438691 382384 227419 439487 420909
957397 764285 723531 422294 295896 339182 634773 792325 563530 725643 434584 904712 613450 167512 499736 999999999 760968 289553 764464 155424 397748 707562 191571 446690 556193 289172 678515 690005 547005 803300 682033 289784 487429 136483 311282 414494 345161 697813 628810 338835 747010 572387 29779 265565 395292 1056290 441435 329143 689356 232122 921224 504628 910807 172360 826658 725346 767073 415945 344070 565215 707268 643887 108242 566972 767587 249286 348546 785499 792560 322432 115721 668991 560750 535394 739339 393964 368249 345392 624912 376638 764911 895874 448333 357954 428701 347759 205091 479051 806726 158847 658908 572790 518790 197671 160664 646422 229030 683559 197234 834319
234316 320705 315789 364048 1040219 754591 329960 750616 432820 682433 670114 226320 148628 707290 261232 760968 999999999 793536 583033 607077 823742 274045 810478 492154 742845 740955 118680 751120 680360 409396 745275 645038 423381 666088 816276 398637 457138 117390 690965 860803 194569 238164 754863 700704 564381 295322 598177 763157 681526 568784 184241 270530 269516 913003 758298 36760 493920 443208 580183 475838 664248 277300 758712 543927 497725 591252 536167 501185 564729 554586 874683 98033 448211 240764 110755 492068 410369 645080 337620 706842 620602 146998 466753 449438 739712 659307 838674 330439 668990 611505 600700 189708 706568 958632 756291 522961 627685 182384 687414 323468
1020609 904987 866690 548904 342566 620782 786522 553360 751000 500530 209040 868493 651149 144965 558391 289553 793536 999999999 576892 335412 108446 838339 110453 653047 298068 570543 684364 947673 312092 682325 433067 148637 668690 388497 27298 394908 511409 697147 880503 71802 848794 677864 260148 539322 252067 1073883 683301 57623 933464 439908 974778 597698 857236 262101 589648 757096 612199 596657 579534 766640 945884 776849 181335 788371 611328 479267 565466 629188 613920 239067 298168 721516 753395 553755 812525 595719 501303 602747 779361 648060 564230 940205 349312 524239 166734 609040 118384 609460 594286 360957 887839 631655 782116 364145 129527 856694 180810 657459 137613 748084
794232 868252 847076 651980 918702 982971 812319 175889 860072 131158 367856 490731 528656 610100 541639 764464 583033 576892 999999999 680212 522793 803652 667462 836009 321325 942812 478284 1170511 276171 204916 228433 483186 798778 769676 581653 424930 701011 470114 1098497 606877 752795 665610 739416 897744 369354 745992 926098 520098 1120680 734302 741488 611641 449068 823422 176675 562158 96540 759954 845860 898281 1116278 769903 684798 955364 92747 781903 805178 99064 42718 444032 834089 585751 871867 469666 674242 795413 648412 904264 813160 971660 40790 698744 333543 705647 421730 917414 686497 680271 86125 705594 1046467 561722 1052608 916177 644112 980277 535654 404167 577537 314492
802027 617409 576897 268369 447591 318001 489482 740016 430887 666373 403999 759744 460420 190990 346078 155424 607077 335412 680212 999999999 431118 557954 276703 322983 533997 271795 529045 614034 507582 686311 643182 259665 350540 89497 362221 285621 198151 549139 545832 402043 593306 417931 155299 230298 327173 902307 348160 351763 598055 104766 765826 349227 769707 320739 771465 571791 666089 277159 244374 440116 610675 494089 192348 455353 667232 144911 231142 684408 702256 245177 270961 514181 430696 387120 583952 266234 214161 273720 480288 328102 688115 740731 348018 211427 424237 282172 300968 326588 735270 28868 553757 418210 452192 352306 222476 527613 187078 540530 200748 704010
1055883 968162 931377 618920 419987 726302 855548 472019 831038 429029 171607 870844 688703 245834 607802 397748 823742 108446 522793 431118 999999999 899804 216396 740154 215492 676196 709147 1045147 247048 655816 349588 198919 748935 491449 90585 431950 593349 718986 976651 90840 900811 736212 368235 643489 260071 1091824 778692 80040 1027080 533914 1007598 655671 853080 359131 508472 788253 572936 678843 675059 850227 1037817 840480 289509 877068 571433 576024 657170 588484 562849 280640 402668 761157 834814 590017 856105 683099 575560 702773 849351 750946 503742 970545 359943 605609 103499 709879 218618 677795 526378 458152 977487 677223 882102 462584 237277 941395 256720 671552 230487 734110
307660 69781 44061 294277 1003377 582909 88022 954873 203699 879491 779054 497859 275103 716590 301010 707562 274045 838339 803652 557954 899804 999999999 818321 308279 882088 585913 335541 489912 825291 659632 921099 701951 241338 582236 864730 481618 362408 350741 437103 910089 89314 164535 712408 555975 663788 471305 397414 825777 416780 478577 298980 244505 543213 877849 969816 271606 726005 300175 423031 239426 396368 63867 744413 302424 729502 478075 390349 737048 794661 620248 821876 223154 217548 350024 164379 338035 347063 476051 99569 522952 836453 302012 586024 349692 838764 487942 845499 233433 888637 549087 337468 249839 479500 894278 760949 260229 657623 410328 708037 588356
1028904 881842 842109 524098 257263 530109 757412 658128 706827 601363 304073 911642 663302 104238 559868 191571 810478 110453 667462 276703 216396 818321 999999999 599474 405489 479915 709192 872693 413334 752513 539436 195886 625697 309075 126054 418545 469981 724656 808435 147814 840276 664872 164124 453327 315632 1099696 614647 163358 865503 379530 986256 587355 906402 157266 694147 773719 692738 552290 512317 716818 880701 755056 89829 730098 692311 411916 505756 710435 702139 274300 187730 729660 707101 570346 814459 542892 472135 525869 749062 564090 658658 954764 401612 483286 273255 530274 28242 585113 692411 297294 826938 635308 703384 256500 57379 803993 184406 693490 123757 807263
608623 346562 307460 185033 736332 275971 221279 947167 121252 868525 670590 706057 390557 511440 311420 446690 492154 653047 836009 322983 740154 308279 599474 999999999 795675 277790 478732 336820 752699 759676 876679 548546 70956 310743 680278 419281 151927 501029 264174 722053 379192 254307 460058 250051 564986 755629 106987 660218 297744 220516 589785 251771 737321 618153 971877 468274 785986 76210 118044 118687 302634 254307 513221 137561 788536 197701 98362 801900 842953 493507 552709 398252 115607 388250 414562 57328 192257 167848 209746 219521 857799 580921 528763 141992 710989 180062 623120 175530 910646 302697 238476 335700 227190 613944 545425 204648 483709 531917 515539 728689
976244 951837 920001 637881 633298 850931 857788 257240 862614 215157 130110 736946 630713 388748 581461 556193 742845 298068 321325 533997 215492 882088 405489 795675 999999999 803156 624176 1124853 63220 484996 135447 276585 784981 613737 292904 403613 643896 627677 1052968 305713 861691 719666 526941 763599 231357 978469 858487 242258 1093174 622578 924578 643935 709045 560109 293711 711063 387818 724068 759834 890797 1097955 830457 454594 931613 385525 670430 730728 400742 363420 303800 591134 702687 869984 537897 800848 742429 608427 802508 854239 861105 296436 883896 296067 653721 132254 812586 416393 688285 313347 562855 1031817 636810 975728 661612 403866 981872 348840 568742 360388 578956
882596 622995 584561 381349 525136 50301 499067 1011259 393148 936910 673728 935882 614353 431464 508595 289172 740955 570543 942812 271795 676196 585913 479915 277790 803156 999999999 698794 413219 779050 922428 914865 526777 345426 189650 594517 526644 290687 721181 360568 625759 653614 507702 315797 45863 598522 1020699 209781 601218 427094 211082 860040 473681 957990 430147 1042276 711582 918449 301237 165154 374198 450519 530222 392518 346027 920058 167483 205874 936343 961327 516450 356092 643101 383447 574752 679184 254542 345872 111406 487529 98160 953848 846960 609409 295515 687235 101943 494261 410892 1002506 243559 417320 560844 241871 388840 441761 430945 454323 733696 452378 919503
352684 395333 379599 318396 947290 719708 366063 640830 448264 570277 552858 237447 88197 607740 191720 678515 118680 684364 478284 529045 709147 335541 709192 478732 624176 698794 999999999 774555 561728 324135 629254 535782 416852 597810 706146 291610 408170 22579 708660 750063 275453 235914 669044 655582 449164 390840 585322 651127 710739 508255 301853 230200 260830 821473 650937 88236 394501 416553 547189 491481 698106 316090 664339 558193 398147 538501 501330 404212 464527 445548 789235 112393 462958 143338 195983 464840 354378 613747 370543 679866 514098 262734 350345 403457 622978 628361 737169 304077 564353 537971 630454 143284 703879 875267 656841 555188 524936 75461 585453 260959
779479 476876 458133 518672 937613 369832 421273 1283961 326358 1205332 997115 977263 690371 802733 635079 690005 751120 947673 1170511 614034 1045147 489912 872693 336820 1124853 413219 774555 999999999 1085123 1079880 1211619 865017 373189 563675 973939 756100 484232 795161 72700 1011185 579222 538911 712812 425933 896319 954390 267929 965674 76166 512038 782328 568013 1017614 842310 1308674 738285 1115977 412840 370604 283381 104715 473865 782871 218613 1118730 469149 394606 1131165 1175470 821061 768588 673575 311860 711504 648400 384909 528893 346833 413512 316717 1193451 790486 865254 476094 1030542 342768 891282 493930 1246477 587282 152453 639859 172075 800300 825941 229925 795191 838777 814756 1034608
913524 894940 863917 589131 653821 825578 804083 246758 814077 188515 112815 674619 570394 380466 525560 547005 680360 312092 276171 507582 247048 825291 413334 752699 63220 779050 561728 1085123 999999999 427203 136443 258811 737970 591113 312384 350556 601714 564903 1012816 333189 802342 663971 518601 737856 188995 915383 820612 254488 1050427 590159 861765 589641 647565 570374 282143 648860 333899 679613 724272 843836 1053861 775013 450900 887287 331907 638693 692716 347984 316878 267730 593898 641977 822096 478911 740082 700894 562949 770413 800984 831323 256879 820983 240220 610840 148467 781200 428019 637335 282744 536192 986820 578454 940425 669275 402847 934306 327958 505660 349814 518541
602236 718146 703680 577284 1009768 955220 686298 380267 756028 331907 485382 286658 396055 673030 448432 803300 409396 682325 204916 686311 655816 659632 752513 759676 484996 922428 324135 1079880 427203 999999999 422329 556734 709032 772887 694223 401533 647751 309414 1010583 728344 595275 546487 783247 876598 436972 542034 860492 630729 1021230 712250 550326 512574 244154 899081 376928 396288 109221 687239 797406 797788 1011672 638073 745730 861268 112812 755079 752671 106638 172445 488810 893086 436518 769688 371468 512081 730228 590702 861660 689617 930540 245672 507972 357848 648572 552636 875916 776247 588211 282763 706576 942573 441950 985884 979970 715863 870028 587868 250105 641949 109911
972436 989882 961783 706143 768513 961064 909124 122492 929830 99817 247546 698098 654209 514891 627673 682033 745275 433067 228433 643182 349588 921099 539436 876679 135447 914865 629254 1211619 136443 422329 999999999 394965 856624 727310 428348 463418 727388 627886 1139040 440254 888091 764815 653337 873318 320141 949667 949447 376710 1173667 723337 919641 695238 662282 694876 158910 717456 314839 802173 855160 962007 1175387 875531 583774 1009037 311654 772075 821855 322987 270543 401049 723699 722317 938894 571076 818755 826713 685016 903317 907170 965253 193564 877451 350962 735695 266542 914452 551238 749917 193904 671679 1107318 671317 1070992 795876 534336 1051119 464400 563687 484832 527352
872898 769973 732881 420102 453071 574862 656632 502768 634348 435994 148378 724124 503440 127352 414186 289784 645038 148637 483186 259665 198919 701951 195886 548546 276585 526777 535782 865017 258811 556734 394965 999999999 552606 337233 171386 246500 398930 548757 794609 216354 706503 539030 262226 487815 120307 925573 597088 124035 840930 354463 826655 458443 715561 344911 536933 608648 500119 483930 495111 655362 849497 642098 201760 686081 499931 400613 471560 518099 515014 90462 350904 574382 638770 405641 666660 492226 377631 531975 650438 587766 479588 791792 207603 410711 165794 541127 220398 478877 519040 288474 786954 486107 708629 433684 162251 746936 72735 510424 94941 612517
538492 285362 245161 150806 781502 346189 156485 919480 82333 840779 663953 640022 329190 531672 262107 487429 423381 668690 798778 350540 748935 241338 625697 70956 784981 345426 416852 373189 737970 709032 856624 552606 999999999 354647 695973 393741 157382 438818 302394 739324 309072 186755 497361 314640 553725 684678 174897 669807 322269 255557 518979 196543 673040 659788 942290 400760 742790 73438 181718 105881 320247 184857 542884 156603 745550 244337 150558 757986 802650 488304 597867 330977 86253 338827 343736 98497 177474 237119 145283 290463 823051 509970 505829 144459 710248 249856 650832 121050 876302 334670 251241 275332 287356 664314 569814 196996 492852 474160 531502 671359
847026 635763 594996 309458 427024 238344 505657 826776 428767 753918 484573 832339 523265 245615 408903 136483 666088 388497 769676 89497 491449 582236 309075 310743 613737 189650 597810 563675 591113 772887 727310 337233 354647 999999999 413807 371401 222880 618824 499515 448883 628918 458529 153235 152720 414314 959508 307701 414656 557663 104136 814633 399082 845573 307410 858701 632117 755079 285029 208224 429072 574174 519264 219247 430801 756271 113062 212431 773368 791729 332680 243282 570172 425386 459074 630566 259171 257898 216846 495354 259657 777311 792933 437476 234604 497822 221741 328422 360990 824170 66321 523810 476482 395134 312048 263098 509947 264931 616137 264169 786298
1044234 931532 893332 575762 341792 644799 813417 549735 778286 500000 214742 886674 674758 171476 583374 311282 816276 27298 581653 362221 90585 864730 126054 680278 292904 594517 706146 973939 312384 694223 428348 171386 695973 413807 999999999 417856 538700 718482 906983 45580 874321 703903 282194 564034 268791 1094966 709933 63535 960232 466802 998040 623637 874160 270528 586157 779935 620902 623953 606191 793931 972804 803383 203466 815521 619872 505820 592488 637579 619599 261739 312114 745488 780692 577026 837077 622950 528366 628653 806308 673175 567176 963092 367534 551525 164453 634756 128451 636245 595128 387553 914925 656276 807953 373661 152780 883966 207461 677434 164896 762854
626835 551336 518007 242990 662553 563382 454186 527948 466455 449276 297658 497836 257722 318856 181131 414494 398637 394908 424930 285621 431950 481618 418545 419281 403613 526644 291610 756100 350556 401533 463418 246500 393741 371401 417856 999999999 277295 306320 683445 462626 471805 317653 398991 480871 182636 682440 503253 366431 713357 315606 580226 240509 498922 539410 552680 362189 392090 343365 420931 498791 713498 427754 380660 547790 393809 361337 380521 409866 438529 156133 516560 329600 475483 159382 424159 374070 227529 479913 450751 547798 442575 545312 112514 282983 359770 493288 446344 287408 494584 305113 644878 246138 629203 604292 367680 587701 234151 276955 294855 420663
625456 419938 379296 93103 641012 314242 291432 802242 239630 723926 518672 645412 324495 374548 218110 345161 457138 511409 701011 198151 593349 362408 469981 151927 643896 290687 408170 484232 601714 647751 727388 398930 157382 222880 538700 277295 999999999 430528 411671 581959 406041 237030 350765 247481 413510 745587 226021 513841 449288 118930 594902 186692 667383 515886 828363 425669 659845 85549 149668 256887 454545 298778 389299 288907 662034 134145 105570 676741 711933 341593 459590 359272 242126 286839 410568 99340 57355 214349 282154 283117 719762 575572 382773 13337 559942 228777 495662 138411 771871 186927 389735 271980 351936 533692 413612 348214 336734 444450 374140 634082
348638 408777 394725 340915 964541 742237 384654 635162 469007 565932 560441 215345 110595 623817 213720 697813 117390 697147 470114 549139 718986 350741 724656 501029 627677 721181 22579 795161 564903 309414 627886 548757 438818 618824 718482 306320 430528 999999999 729630 762068 286888 256963 687843 677899 458927 376845 607675 662593 730809 529962 296912 252761 238251 839101 644080 92147 384130 439089 569760 512304 717739 334084 681557 579226 387841 560596 523896 393040 454580 458823 807966 128439 483786 162436 205302 487398 376550 636320 389487 702444 506736 256562 359315 425900 631084 650934 752540 326514 556238 558557 650376 165740 725957 894250 672871 574758 540268 66160 600903 241666
734922 432191 409066 446538 885437 321254 362838 1211283 260952 1132660 925523 916403 623437 735553 564500 628810 690965 880503 1098497 545832 976651 437103 808435 264174 1052968 360568 708660 72700 1012816 1010583 1139040 794609 302394 499515 906983 683445 411671 729630 999999999 945013 526062 472746 650483 367898 824090 906477 198053 896966 69199 442857 733866 498159 955302 785529 1236049 676249 1044871 340244 301593 217502 98122 414830 718647 150516 1047585 401277 323420 1060206 1103878 749224 712449 610171 245971 641164 591110 312334 456202 283582 354178 262472 1121175 739093 792554 403448 959920 281222 827879 423397 1174159 519603 108552 572011 121022 749407 760386 178846 725292 771350 746534 967809
1089239 976780 938492 620658 329223 676045 858248 562620 821588 517962 244344 927447 719792 211151 628902 338835 860803 71802 606877 402043 90840 910089 147814 722053 305713 625759 750063 1011185 333189 728344 440254 216354 739324 448883 45580 462626 581959 762068 945013 999999999 919901 749414 310680 597177 309277 1138259 748648 101147 999370 506805 1042853 669173 913686 274637 599086 824530 651235 667013 645083 836461 1012611 848640 233249 856632 650005 544441 632977 667469 645954 306502 325058 790682 823715 621908 882484 664750 572861 664996 851046 707198 589912 1007689 408946 594872 185274 670522 141470 681243 614697 426527 955614 701713 843914 378003 185808 926133 252609 719954 207821 800177
229443 126136 125346 324951 1040883 655120 169205 911403 285566 838306 767740 413444 233924 736644 293009 747010 194569 848794 752795 593306 900811 89314 840276 379192 861691 653614 275453 579222 802342 595275 888091 706503 309072 628918 874321 471805 406041 286888 526062 919901 999999999 176314 748568 620366 653747 384845 475147 830323 505974 524877 213779 253047 460609 913767 923563 199565 669950 357273 488701 324083 485184 125411 772315 388984 673599 531560 451713 679492 739952 620312 862562 167819 300221 323832 84411 400370 379149 546179 179961 597774 787713 213521 567705 394416 831502 558908 868098 268495 838691 588416 426775 226488 564329 939110 783145 349530 670033 350769 724352 516176
388584 234003 200443 150280 865283 518272 147071 806991 212555 729970 614768 453384 151881 561596 138414 572387 238164 677864 665610 417931 736212 164535 664872 254307 719666 507702 235914 538911 663971 546487 764815 539030 186755 458529 703903 317653 237030 256963 472746 749414 176314 999999999 573018 469564 499471 513465 360809 663032 476446 355419 358221 80590 487433 737965 824689 214121 596593 207030 344462 255645 465530 111113 596036 322291 599788 368440 301841 609787 662043 456169 688087 144238 227126 197788 174099 255357 204148 408302 147550 468974 695365 340850 423935 226694 674229 422350 692576 99458 748460 414377 396858 105457 473232 766175 607629 323548 497779 300623 550509 495724
955602 770696 730035 423653 292315 365984 641832 764286 575005 698220 406026 892524 606705 138503 493930 29779 754863 260148 739416 155299 368235 712408 164124 460058 526941 315797 669044 712812 518601 783247 653337 262226 497361 153235 282194 398991 350765 687843 650483 310680 748568 573018 999999999 290175 370062 1050015 460679 299368 709949 241989 918223 502946 897029 165549 798775 718911 744287 424971 361365 578745 727043 648579 78828 583549 744703 264068 362556 762686 768203 299183 120228 664361 572957 525711 737535 406014 369443 366913 632259 401215 739026 891764 426872 363825 399120 370091 179402 481778 780225 164009 677039 567941 542206 206643 131036 661697 203794 671001 168816 817285
848535 596610 557392 339149 520357 87748 470284 968271 369037 893512 633812 892883 571823 397799 464834 265565 700704 539322 897744 230298 643489 555975 453327 250051 763599 45863 655582 425933 737856 876598 873318 487815 314640 152720 564034 480871 247481 677899 367898 597177 620366 469564 290175 999999999 555835 983021 197725 567188 431798 165276 824324 432091 914205 417632 998987 670676 872746 264726 132977 354420 452879 498437 364447 334024 874371 121790 169150 890621 915945 473799 344657 602710 360640 530058 642256 219996 301853 93910 458857 111095 909180 809891 564481 253051 649944 90139 469576 371625 958086 201668 413371 518764 254033 387171 411831 418689 415129 689200 416890 874230
797376 733422 699439 407455 572888 643475 632331 412845 631789 339630 115307 618193 432910 243209 363742 395292 564381 252067 369354 327173 260071 663788 315632 564986 231357 598522 449164 896319 188995 436972 320141 120307 553725 414314 268791 182636 413510 458927 824090 309277 653747 499471 370062 555835 999999999 832579 631619 208148 862686 403264 748491 421004 605440 464994 444423 529216 380495 492861 535654 659504 866940 608764 317922 700497 380425 452046 503728 398590 398800 82072 467608 505888 638911 334728 602534 512481 377070 583177 628035 645402 370046 710966 100451 422997 178198 594352 339298 459589 413580 355037 800571 427445 751741 551943 281892 750670 166328 412645 210835 496722
180451 477812 497471 653292 1334111 1028583 554025 921839 670093 868051 928240 255385 443338 997658 556554 1056290 295322 1073883 745992 902307 1091824 471305 1099696 755629 978469 1020699 390840 954390 915383 542034 949667 925573 684678 959508 1094966 682440 745587 376845 906477 1138259 384845 513465 1050015 983021 832579 999999999 856337 1038290 879076 860352 172636 561046 301014 1207232 918851 331105 649463 719479 856432 708927 854863 507929 1051830 773455 653246 879329 814885 648634 714402 835667 1169920 389393 684887 530190 341954 766821 702246 918441 564680 975055 786754 174708 732199 736700 999890 932023 1127735 612022 824650 906232 802986 484349 949159 1253954 1046775 727874 915602 420289 976020 432143
703392 424532 388455 283215 714740 192267 309484 1027587 194925 949437 730108 813021 497126 538460 413869 441435 598177 683301 926098 348160 778692 397414 614647 106987 858487 209781 585322 267929 820612 860492 949447 597088 174897 307701 709933 503253 226021 607675 198053 748648 475147 360809 460679 197725 631619 856337 999999999 698962 250990 244824 688121 357164 844241 605736 1054103 574909 881303 173479 103790 168318 266489 349850 525213 136758 883677 204213 127913 897724 935676 554814 534989 504938 182660 490013 517121 131401 277764 103844 298013 128011 945536 681839 608236 220539 762625 109099 635303 281502 997765 322383 218560 442137 126727 583742 564981 221696 527401 637101 548729 833377
993124 893630 856313 541848 400042 651096 779088 496443 752000 442952 152381 826302 624150 169754 537733 329143 763157 57623 520098 351763 80040 825777 163358 660218 242258 601218 651127 965674 254488 630729 376710 124035 669807 414656 63535 366431 513841 662593 896966 101147 830323 663032 299368 567188 208148 1038290 698962 999999999 947120 454146 945996 582450 812687 318188 532666 727106 557651 599372 595396 770666 957785 765653 222042 797072 556660 496660 577165 574411 557527 211260 350107 695807 755551 525746 789144 603133 497381 624176 772614 673618 506886 910150 307971 526189 110180 631586 174666 601290 536672 379072 897466 608988 803355 419361 169387 861732 177107 619404 151639 700117
703671 401346 383715 471892 951088 389177 351744 1240720 265206 1161992 967372 907845 628327 788830 580988 689356 681526 933464 1120680 598055 1027080 416780 865503 297744 1093174 427094 710739 76166 1050427 1021230 1173667 840930 322269 557663 960232 713357 449288 730809 69199 999370 505974 476446 709949 431798 862686 879076 250990 947120 999999999 493770 707238 512301 949375 848936 1264094 670289 1062233 371499 354299 223980 31718 404422 775960 165917 1065119 455001 370129 1076890 1123538 790364 776354 607103 251728 656367 577096 350995 488653 344281 344730 328953 1145290 716227 824358 439702 1005232 343406 885858 440666 1198556 572878 80927 579535 189766 815719 815961 158570 773185 777068 797985 971543
743998 533223 492439 207681 527271 248763 403336 812306 333128 736161 492773 745062 429518 295720 316848 232122 568784 439908 734302 104766 533914 478577 379530 220516 622578 211082 508255 512038 590159 712250 723337 354463 255557 104136 466802 315606 118930 529962 442857 506805 524877 355419 241989 165276 403264 860352 244824 454146 493770 999999999 712580 299324 762162 404410 841817 535782 707558 183827 141438 338757 506005 415424 292733 350972 709209 48877 126560 725405 751524 322529 344297 471783 331486 374818 528294 164895 158426 180278 393281 242461 747092 692030 401960 130492 520253 191124 402779 257274 796822 82287 449051 380178 354327 415837 326436 424650 283572 534123 304253 713900
52957 306490 324921 505218 1207880 864798 382811 914296 499323 850426 854284 291085 324088 882311 427862 921224 184241 974778 741488 765826 1007598 298980 986256 589785 924578 860040 301853 782328 861765 550326 919641 826655 518979 814633 998040 580226 594902 296912 733866 1042853 213779 358221 918223 824324 748491 172636 688121 945996 707238 712580 999999999 417132 344825 1080109 918163 219347 647583 559604 694963 537397 683530 338404 929340 601350 651471 726620 655236 651638 717536 736356 1036515 256748 513924 421038 184338 605502 557136 755040 393677 809188 780872 42750 650994 584837 923951 768234 1014497 457646 825919 766177 630664 352358 777732 1117764 930946 555318 805431 357468 864286 447933
452824 313566 278584 93595 794391 491488 214585 744339 248839 666386 536281 464383 142733 483625 70182 504628 270530 597698 611641 349227 655671 244505 587355 251771 643935 473681 230200 568013 589641 512574 695238 458443 196543 399082 623637 240509 186692 252761 498159 669173 253047 80590 502946 432091 421004 561046 357164 582450 512301 299324 417132 999999999 490924 666676 764109 239044 550013 186485 317875 288427 505808 187770 521118 349577 552933 320749 272305 564591 612202 375784 620178 172849 261214 144067 234732 234643 141295 384275 212058 449856 638770 393979 349491 179449 594676 398849 615234 76524 692141 349050 435997 87884 478799 700725 530300 368637 417929 280152 471471 476968
391846 585768 584267 578832 1157961 980113 597694 624197 694821 575044 682382 53749 348354 812695 449408 910807 269516 857236 449068 769707 853080 543213 906402 737321 709045 957990 260830 1017614 647565 244154 662282 715561 673040 845573 874160 498922 667383 238251 955302 913686 460609 487433 897029 914205 605440 301014 844241 812687 949375 762162 344825 490924 999999999 1037037 619397 279329 353136 677052 807963 738271 932956 545059 878330 806201 356797 795448 762068 350492 415410 632111 1015336 345497 710039 387557 379000 725501 612356 874536 604681 940689 489816 306580 508545 663297 753675 889154 932954 563945 525265 782600 868453 403520 960303 1102979 860286 790991 725667 229477 785426 135286
1118641 935669 894960 588964 127805 476902 806466 814442 735686 758549 461324 1037238 764388 226917 653513 172360 913003 262101 823422 320739 359131 877849 157266 618153 560109 430147 821473 842310 570374 899081 694876 344911 659788 307410 270528 539410 515886 839101 785529 274637 913767 737965 165549 417632 464994 1207232 605736 318188 848936 404410 1080109 666676 1037037 999999999 850581 876650 844981 588198 512281 736416 868900 814037 158788 735117 844751 420460 519829 862916 857331 411902 74235 824807 732662 678692 900787 566059 534760 505525 796730 525593 815484 1052393 542863 528863 428335 505574 143724 647299 849645 328960 824260 728419 670275 103523 183365 815980 313828 816069 257260 946331
970905 1035953 1012638 792203 927003 1086343 971717 36475 1009251 105656 394638 663529 695109 661361 694081 826658 758298 589648 176675 771465 508472 969816 694147 971877 293711 1042276 650937 1308674 282143 376928 158910 536933 942290 858701 586157 552680 828363 644080 1236049 599086 923563 824689 798775 998987 444423 918851 1054103 532666 1264094 841817 918163 764109 619397 850581 999999999 736226 271741 895839 965831 1045161 1262381 932085 732695 1098183 267863 890616 928685 270567 204485 526303 875994 755839 1019976 626916 846744 926315 780181 1019125 971552 1083958 137782 875418 445960 834920 422938 1031254 707306 827757 94202 799112 1192987 723356 1178884 950545 684978 1130675 602269 577933 630100 486739
268399 324325 314784 332613 1003798 726733 318869 727165 416240 657487 635854 240908 112303 670544 225732 725346 36760 757096 562158 571791 788253 271606 773719 468274 711063 711582 88236 738285 648860 396288 717456 608648 400760 632117 779935 362189 425669 92147 676249 824530 199565 214121 718911 670676 529216 331105 574909 727106 670289 535782 219347 239044 279329 876650 736226 999999999 475386 416017 552271 459607 654439 266386 722149 527663 479130 559582 507712 483749 546001 518212 838824 70061 431539 204066 115818 465024 377527 617720 325563 680597 598874 183161 432167 418460 705103 632070 801915 302377 648276 576756 589364 155743 686223 923016 719551 512077 590939 158296 650656 317542
