NAME : synthetic_000820
TYPE : CTSP-D
DIMENSION : 100
GROUPS : 8
RELAXATION_LEVEL : 1
EDGE_WEIGHT_TYPE : EXPLICIT
EDGE_WEIGHT_FORMAT : FULL_MATRIX
EDGE_WEIGHT_SECTION
999999999 63720 171220 812057 717749 46966 152569 382317 851768 647917 572935 772522 654323 413546 497439 104144 423174 157777 500873 72205 547732 624209 548298 48583 752200 537229 291451 300837 550509 947288 771943 149886 302978 600717 279617 915151 596787 251201 284906 459488 359191 795471 575393 706115 865410 278562 823897 657664 117957 656742 483366 270931 856565 420871 1013996 868108 721294 645750 385828 948432 657284 839474 167727 673555 630485 735919 428920 468853 712694 714045 520854 415129 473692 88732 355968 975927 503506 693949 911108 769544 941557 764873 342446 585566 395293 406494 202115 360479 754201 917168 858627 592774 531637 623113 360754 295803 375083 517381 825319 453591
63720 999999999 227503 868072 775956 25719 121689 429158 887905 710532 636021 824454 693679 474948 558809 54563 431824 221384 564571 71423 606078 687849 564060 104942 773573 574485 286126 336661 604433 1002291 835596 168439 364166 631304 341663 973888 660504 296124 348619 520486 338723 858340 631948 755603 917237 227875 867708 714571 176760 716235 515173 210566 894399 419224 1072020 908013 766109 666790 446804 1008171 719352 902712 206811 712769 668331 782612 467832 532525 768942 769194 567054 466601 536486 145429 410445 1030008 533487 757209 965584 800989 1003039 827624 397110 648886 447144 390866 180181 417901 812015 976833 912389 612287 595352 685322 387132 239494 437740 562950 888744 468514
171220 227503 999999999 747501 642568 202895 320131 386315 868238 537582 422437 729990 666534 253348 336231 274934 528000 104223 371902 179161 478394 495196 631454 123567 814252 562538 428010 354566 379353 885387 629292 274107 234530 643164 128273 832098 463079 285529 165717 374720 510477 678810 516018 676935 820943 449778 814136 487205 54464 574672 529082 437951 867277 544093 933928 871419 710887 712157 307708 858042 498414 716636 81296 685451 648883 717529 456999 332288 649591 657041 514818 394896 321733 82709 184821 918263 553101 572995 852638 803027 837571 650264 171273 466023 375419 550496 361929 313541 680496 827783 804913 665102 399865 518308 431953 466034 224307 514111 699112 543712
812057 868072 747501 999999999 111736 858479 853402 457882 399819 283351 504873 107513 347185 604369 588699 875236 680816 673057 437789 873169 269499 376538 616522 798091 577908 416506 771109 576023 750140 137891 441597 736237 519041 464256 641463 136518 409132 583641 584558 373573 853539 276546 236796 181023 118847 972062 265055 719566 755341 182747 490283 1019339 374340 749577 213507 344052 250618 565722 440307 188480 559848 319197 828797 344226 373173 215951 466942 482500 99453 100879 345085 407513 542112 778623 725737 172074 497749 313724 107319 450402 246666 265888 724507 354086 425372 836402 834678 451870 76453 163056 75365 580250 430392 277243 586864 1013248 582547 352957 337907 632265
717749 775956 642568 111736 999999999 764580 771679 385100 453581 178369 397451 161806 348927 492643 478063 787432 635402 573223 326160 775913 170017 272014 592962 700312 594608 386150 706587 504728 640715 246565 361092 654375 418899 452932 532973 198468 302351 501702 478112 267888 794736 215407 148712 193857 218830 896538 326073 615883 653668 71192 451577 938237 432070 702590 296252 408265 275290 562168 337782 237775 459307 268180 723759 352147 368173 247067 411541 370773 52431 78702 296320 329123 430696 678372 614365 282625 464238 219979 218735 479968 260426 194268 613341 244593 344649 784284 758681 358121 38010 206493 183284 565852 319546 167862 528636 936069 471411 304887 279599 591938
46966 25719 202895 858479 764580 999999999 143812 425257 889890 694301 614407 817725 693983 451854 535641 79521 444419 203246 545502 49173 594567 669145 574345 81617 781913 575713 302744 338106 579068 993470 815298 175680 349897 635661 319178 962054 641130 292967 329061 506408 359738 841651 621902 750394 910597 253579 865790 689678 153138 703694 518844 235086 895565 435183 1060817 908153 763601 675170 432758 995396 696613 885258 181201 713157 669360 779060 468118 512435 759157 760234 563658 460005 514535 121428 385230 1021854 537990 739725 957141 805099 988365 811147 371932 631277 440291 410781 200749 407112 800977 964131 904443 621206 576047 669713 392866 264954 415705 559901 870804 478944
152569 121689 320131 853402 771679 143812 999999999 397294 820039 733953 694810 796174 635187 547578 630532 71173 330074 276628 607764 192534 605699 726499 468145 200815 682338 514282 174564 285576 698458 982369 882814 117393 387517 556860 413635 969703 703822 270321 401921 536088 217264 882494 623414 721044 887458 139578 816679 801232 265701 719061 446007 166559 829861 307105 1063688 847666 718945 576407 464863 1008715 785601 931011 318966 653622 607131 739963 414956 582887 756567 752650 527818 445971 599368 239515 504349 1006548 460378 787359 944117 725381 1014122 850873 490744 681490 428607 270420 60292 420345 805470 977266 889003 520602 639393 705592 313780 170235 503468 522216 920170 373700
382317 429158 386315 457882 385100 425257 397294 999999999 482871 397879 468090 399556 281228 413553 466225 426438 282233 284790 350281 451796 233920 430844 308875 383665 445863 178003 322607 119654 611798 585159 592771 281242 182881 265469 344606 579699 425506 133152 279445 216387 414001 536083 237561 327189 491534 514365 442166 662042 367415 343882 164972 562283 483515 341217 670075 490884 339170 354032 183461 622425 568551 590453 458267 300346 262593 353803 83594 356481 363216 357014 138537 59780 411412 379087 473221 609333 190344 461762 546833 417850 640165 504562 463912 376086 53719 411316 376828 118347 415887 591328 491728 319494 376509 365401 157474 555369 362396 135257 587080 257133
851768 887905 868238 399819 453581 889890 820039 482871 999999999 615267 807753 298549 201745 836922 857925 870272 525020 767614 703229 923628 485683 701948 397741 860972 237417 314555 672732 551786 1023147 414010 813879 721798 646835 264797 809133 514683 722695 603277 741883 575098 718439 664807 440293 266579 304577 894664 135038 1031248 850105 492982 374633 964053 29108 585262 538211 67299 190098 293183 602974 566456 889338 713283 941137 182787 221945 209475 423160 735458 401730 375445 355992 476903 801551 860386 928935 403328 359728 668731 384811 110961 640388 646828 922220 658093 495257 677292 776596 566062 443770 549569 349975 340357 712463 592587 506508 939450 795197 355529 728704 469810
647917 710532 537582 283351 178369 694301 733953 397879 615267 999999999 221767 336884 475391 341990 311233 733581 677715 491763 175347 694857 174763 93715 671292 620123 721180 471670 709876 506941 468469 405290 211629 621535 348703 556282 414355 314565 125937 479202 374188 198984 805587 148676 200984 348693 396568 869268 495392 437627 561512 122653 518145 896878 596685 738818 415611 576897 427476 667908 269101 329116 281418 197975 615712 484098 485975 405850 455047 221471 222313 246640 368945 338676 271100 590495 469478 444099 537375 65665 385011 623007 300067 117357 471135 78530 345554 807999 735016 319525 207662 301152 358145 658003 157951 32719 555250 903956 333981 376926 190680 645171
572935 636021 422437 504873 397451 614407 694810 468090 807753 221767 999999999 549734 640844 173641 106329 673000 741220 420341 118728 599699 324149 130801 774897 533146 873013 600953 724725 544365 247890 625893 210067 599706 330013 694115 296343 526669 95831 491496 292960 260677 822369 308976 368015 545743 616264 834309 698860 223885 463418 333246 623625 842138 792816 790514 624038 777981 617743 800546 286752 531324 100866 327967 487412 653699 642969 602597 546071 117978 436216 458139 502226 420895 100712 495423 293536 664963 647289 210695 606657 795817 480762 290280 299986 154548 416726 840143 714022 354141 428812 507080 579334 777130 98322 229953 613748 860818 199152 508235 304586 723669
772522 824454 729990 107513 161806 817725 796174 399556 298549 336884 549734 999999999 243911 621973 620643 825406 594085 645434 463818 837876 261294 429407 518749 764641 470472 325998 697549 512241 786385 192936 521723 680727 495819 363407 636436 240069 456813 531298 574116 368821 774409 366910 217479 83180 92889 906865 166496 771606 730104 216936 402714 959846 274863 663070 300657 248324 143711 461394 424900 293062 618187 414752 810520 239220 271661 108697 392168 504737 114612 91596 271171 357874 568869 750125 735230 211637 406856 381763 153355 343149 354175 350480 732027 395187 377464 752511 771302 420202 146106 269436 97184 479166 463661 321061 511036 949461 591943 277927 430545 543012
654323 693679 666534 347185 348927 693983 635187 281228 201745 475391 640844 243911 999999999 648014 677639 680156 373929 565903 528602 725724 318293 551034 278846 661286 247576 120909 503234 357219 839792 426796 685623 530555 447226 121026 610542 482893 564864 404065 543295 391687 565107 561737 278688 166545 308871 723809 185479 860560 648596 362019 193562 787712 202905 441285 542529 214340 106769 218637 409379 535459 730674 616027 739456 19271 31526 140709 225914 555345 299184 275590 157042 276895 620439 659436 732953 434965 187092 536921 388304 155628 589498 537040 725580 500964 294676 533920 597232 367243 356049 510115 335287 235788 542856 447222 323420 768282 603420 155495 625127 319120
413546 474948 253348 604369 492643 451854 547578 413553 836922 341990 173641 621973 648014 999999999 83895 516582 655280 271713 168522 432362 364007 272928 717846 370279 854031 577898 606694 454843 198251 737111 383642 466201 237019 671287 134489 656120 236017 390047 159229 263002 701466 463040 410522 594967 702458 685232 748064 264906 298817 421695 578506 684475 827509 693668 757525 820387 653560 766865 240757 670482 245212 491141 314412 664201 641651 647463 497129 122506 518010 534218 493550 384424 77021 330768 128218 774388 603838 357196 711266 801878 632319 438902 131583 263473 372458 728178 575476 296823 529102 643011 673761 732866 184508 334528 532982 707571 53003 497091 469983 649892
497439 558809 336231 588699 478063 535641 630532 466225 857925 311233 106329 620643 677639 83895 999999999 600418 722063 354140 157478 515388 373878 228080 774522 454092 896280 619868 683312 521389 166550 715783 312487 546278 300773 714008 218207 623619 190418 460037 235931 285954 779154 413295 420427 604665 694593 768560 759073 196384 382550 409403 629512 768369 845891 764256 722870 835092 670188 814673 284558 631863 162403 434152 393805 692488 674950 659764 548779 122647 510691 530004 528310 429063 57294 414456 189568 754252 654409 311694 693526 833114 584961 392834 197222 235319 420103 803489 656976 347884 512276 606384 661340 784690 158559 311739 597131 791296 128555 532975 410904 712360
104144 54563 274934 875236 787432 79521 71173 426438 870272 733581 673000 825406 680156 516582 600418 999999999 395298 253354 595140 125721 618585 717059 531176 151419 743661 559675 243297 324017 653817 1007399 868590 149674 384945 609777 382255 985884 691498 294114 381798 539368 287871 882100 641023 753494 917727 175699 858210 761756 222066 730590 495745 169149 878424 376502 1082379 894114 758184 637144 466183 1022278 759359 928270 260432 698992 653421 776846 455829 565815 776848 775254 562016 469275 574687 192229 459363 1033576 512229 783176 969931 779309 1021633 850938 445895 675504 450575 341523 131367 430274 822607 990834 915764 581816 626394 706970 364747 191690 476565 557200 915548 435906
423174 431824 528000 680816 635402 444419 330074 282233 525020 677715 741220 594085 373929 655280 722063 395298 999999999 431667 626152 490272 507467 712927 140361 455056 355788 268414 159186 200768 847177 786475 875004 273429 421292 265040 550027 814577 706321 266296 499232 497899 194017 810602 499179 510978 673777 374559 557380 917423 484099 609126 191418 448941 540890 68992 891784 566367 476911 252457 454938 863066 842065 865983 570948 388664 342439 507097 226303 625160 600576 586071 339825 339822 671840 476021 676490 800508 189059 742399 746935 419753 895828 779732 664317 658269 335912 160171 274881 387684 659139 833586 691099 196526 654228 645032 127619 418984 602309 331395 864728 55756
157777 221384 104223 673057 573223 203246 276628 284790 767614 491763 420341 645434 565903 271713 354140 253354 431667 999999999 343308 204559 404357 466466 529415 128981 710077 459589 347992 251363 437023 810234 615546 198701 154372 539168 139505 768263 439401 181679 128452 308643 438066 638667 437230 587041 737655 415375 719047 530497 85228 508938 424869 422395 767685 454048 868658 773359 615464 608228 236017 798861 509275 682013 173612 584964 547189 624410 353310 312565 573824 578349 416831 298986 323313 105581 250833 841198 448879 536481 775698 699973 787701 608321 237802 428031 279031 471559 304216 225233 610550 767863 725551 561678 374231 467977 329842 440571 226844 415484 667625 443547
500873 564571 371902 437789 326160 545502 607764 350281 703229 175347 118728 463818 528602 168522 157478 595140 626152 343308 999999999 539121 217751 124138 656333 466959 756637 483223 619660 431952 323985 569174 275070 504692 226402 576734 244978 488181 96389 383870 216599 142470 717594 307999 263916 447505 539854 746907 601908 332008 402553 255881 504900 763188 690280 677652 589902 678496 514466 682402 171394 504448 218433 344757 447121 542404 528799 502946 427518 46339 355316 373683 385739 302219 105317 433304 294785 606745 528568 201533 544191 684153 472043 280668 296008 97803 298428 731629 620181 238478 361951 476285 508669 658453 31664 166032 498533 776967 159144 391433 327752 606665
72205 71423 179161 873169 775913 49173 192534 451796 923628 694857 599699 837876 725724 432362 515388 125721 490272 204559 539121 999999999 606241 663255 618073 75759 823475 609073 351147 372993 546489 1009402 804284 218699 357528 672914 303421 971979 633421 321984 323180 512998 408855 840628 636423 773366 930717 295174 893872 660368 137161 712755 555570 267264 928159 483156 1071896 939262 790966 716901 439985 1003243 677519 882161 141499 744972 702182 804722 500613 503195 773719 776395 590234 481811 499088 105852 354680 1039006 575670 736921 973855 841746 991941 810736 341766 628528 461790 459945 249890 421521 812907 972190 922188 663561 568820 671886 432506 301910 400620 587041 866445 522969
547732 606078 478394 269499 170017 594567 605699 233920 485683 174763 324149 261294 318293 364007 373878 618585 507467 404357 217751 606241 999999999 235705 496545 530740 557584 298546 555063 350400 540164 407267 383938 488894 250035 386053 376974 367846 246816 337553 317025 107856 647729 303484 46799 231787 347684 733977 385898 546455 486013 113573 343424 772072 472529 570678 466268 461221 296715 496980 170859 403824 412386 358613 559668 330282 323403 286058 282448 252551 171197 180008 195468 174339 318578 509800 474157 439870 362636 240422 374248 472349 410582 272378 470779 183547 185920 644634 596551 188505 206693 372363 327398 484364 227319 142503 388652 772236 331231 203190 357476 472367
624209 687849 495196 376538 272014 669145 726499 430844 701948 93715 130801 429407 551034 272928 228080 717059 712927 466466 124138 663255 235705 999999999 723213 590948 793006 532116 724944 528370 378686 495299 163328 619857 340171 621316 367533 396644 37813 489120 340547 215419 822459 190143 272353 435903 490275 864896 585453 343914 526675 213148 569089 884345 684569 769709 495076 666376 512593 731739 271327 403788 189107 221980 569113 561491 558248 493271 498641 163516 314818 338486 429334 375027 197067 557441 400848 534443 590476 84621 476794 702492 359866 166459 404495 55180 377124 831337 735243 333146 301180 378414 451536 716228 95356 109797 586665 896395 276927 436610 203925 686325
548298 564060 631454 616522 592962 574345 468145 308875 397741 671292 774897 518749 278846 717846 774522 531176 140361 529415 656333 618073 496545 723213 999999999 574835 215446 206972 299412 278850 915225 705362 879213 399386 481370 158128 630322 752998 723955 349656 571433 516922 325550 789155 475743 437078 587714 513569 450367 970631 593429 582139 154139 588883 416728 190445 819241 445967 385602 113032 492284 804307 874650 845162 684136 289111 248660 419363 228826 665102 550315 531174 304736 354254 720140 590371 760235 713723 133923 736935 666626 288664 849021 760192 749172 668152 358423 280579 414394 426892 609886 776901 612795 58413 680729 639028 199594 557697 665486 296337 848316 95552
48583 104942 123567 798091 700312 81617 200815 383665 860972 620123 533146 764641 661286 370279 454092 151419 455056 128981 466959 75759 530740 590948 574835 999999999 773833 546982 331631 315179 502471 934573 735045 183043 281792 615937 237607 896248 562050 257714 250401 437257 403980 766425 561443 701656 857390 326636 825560 610673 71819 637009 498472 315400 864162 458103 996229 873658 722252 668098 364226 927497 614996 808723 122524 680557 639044 734696 438150 432612 698657 701745 521434 410141 433116 40877 307975 964514 519955 663305 899258 783199 916631 736329 294493 554824 390026 449499 248558 346818 737366 896438 847944 616497 497132 596755 381769 342503 334274 518713 793529 481416
752200 773573 814252 577908 594608 781913 682338 445863 237417 721180 873013 470472 247576 854031 896280 743661 355788 710077 756637 823475 557584 793006 215446 773833 999999999 276634 514850 462187 1051350 627708 932183 606246 628700 182776 789800 708464 803683 529060 725235 614838 535455 808671 521783 404731 509870 727536 341952 1086688 782720 609504 286407 803710 264316 400967 750991 301401 327762 106785 614328 761639 967004 862536 875250 242533 235297 361996 364346 776983 543686 518966 370924 469683 839260 784293 918958 624333 261683 783601 593375 136372 824398 784407 909440 741077 481834 485630 629508 558045 598397 739476 548079 161869 774777 692094 392157 771303 804716 365234 872285 308655
537229 574485 562538 416506 386150 575713 514282 178003 314555 471670 600953 325998 120909 577898 619868 559675 268414 459589 483223 609073 298546 532116 206972 546982 276634 999999999 385808 237845 774876 518109 682288 410199 357560 94150 521050 552120 538018 289340 454892 340785 453560 583539 272373 242823 405699 604911 304221 811302 539795 376411 77996 667548 319939 337335 625077 334439 212857 200324 337779 602310 697350 639482 631915 139473 93890 240601 108831 501326 344542 326575 103087 193520 562953 548073 648298 532289 81300 536890 478588 240490 643378 555118 639555 478057 206840 427741 476853 283236 404133 573985 422853 186444 503320 440132 203221 649195 529201 95549 643617 217049
291451 286126 428010 771109 706587 302744 174564 322607 672732 709876 724725 697549 503234 606694 683312 243297 159186 347992 619660 351147 555063 724944 299412 331631 514850 385808 999999999 204715 784145 889704 887802 153918 395002 408204 483407 898349 710259 236248 447944 513968 97934 853516 559988 616788 784250 222116 688637 871152 377119 666307 309765 292462 685989 133337 984615 708142 598381 410724 453788 942867 823082 906511 453592 520206 472834 624473 305637 606929 680890 671413 427668 381198 640670 361008 598408 908782 317783 770629 850311 571482 962766 821679 585199 673447 369274 123588 116755 392954 735911 912037 794073 354631 650487 678405 186654 266894 555859 420368 900555 208367
300837 336661 354566 576023 504728 338106 285576 119654 551786 506941 544365 512241 357219 454843 521389 324017 200768 251363 431952 372993 350400 528370 278850 315179 462187 237845 204715 999999999 648135 700899 691693 174481 220635 300861 354752 699180 517332 70863 300245 314068 298854 649320 356926 435825 602785 396224 534213 716655 320627 462047 183348 447693 557783 246149 788791 571544 434676 358413 261050 742077 644930 702700 413075 376249 331672 454676 131881 427194 482383 475296 242450 176946 471687 322546 483705 723456 204872 568835 662124 468950 758974 617533 472209 475273 164560 303061 259436 195660 535492 710981 606455 310542 461347 475109 80657 437993 401844 236697 697499 198123
550509 604433 379353 750140 640715 579068 698458 611798 1023147 468469 247890 786385 839792 198251 166550 653817 847177 437023 323985 546489 540164 378686 915225 502471 1051350 774876 784145 648135 999999999 873462 414597 635569 433865 868575 301267 773960 343057 580882 348025 448979 875088 549766 586793 771182 858552 829054 925584 124068 433346 573372 776756 812956 1011646 881169 870210 1001364 836089 965038 437108 776338 236714 559175 407198 855217 835382 826163 695378 287947 675461 695417 687654 581695 221783 461813 194542 912426 802089 457163 853359 994769 719994 534473 208081 396212 570300 907437 736107 494942 673738 753199 823783 931055 322909 473078 727494 843913 249887 691712 533323 844976
947288 1002291 885387 137891 246565 993470 982369 585159 414010 405290 625893 192936 426796 737111 715783 1007399 786475 810234 569174 1009402 407267 495299 705362 934573 627708 518109 889704 700899 873462 999999999 530013 865799 656452 547822 778836 129276 530411 714159 722373 511393 967317 358160 373204 275659 119411 1096778 287041 832270 892854 317566 595254 1147375 385244 855427 124366 348414 320440 637476 578115 169552 669635 385703 966683 418331 456702 286092 584085 614696 236479 233244 462323 538205 672002 915815 860271 39471 598511 422659 39588 492280 255595 358291 859541 480552 556827 945244 960335 587881 208979 165944 95802 661878 558957 404825 703410 1138868 717694 469433 409795 734819
771943 835596 629292 441597 361092 815298 882814 592771 813879 211629 210067 521723 685623 383642 312487 868590 875004 615546 275070 804284 383938 163328 879213 735045 932183 682288 887802 691693 414597 530013 999999999 779093 499659 767806 501577 408339 179482 651738 487259 378397 985431 171854 412594 549592 560396 1021977 687104 331581 667202 325495 725291 1037192 792967 932557 490077 769288 630452 879367 434015 393858 177949 156246 696648 693500 697174 605408 657841 303111 412327 438531 579287 535919 309059 698906 501952 568898 745569 148712 523224 830509 321809 175937 509105 217014 539105 994665 894621 496445 377206 378371 514772 868295 243427 242342 749241 1051858 404991 587090 129117 846823
149886 168439 274107 736237 654375 175680 117393 281242 721798 621535 599706 680727 530555 466201 546278 149674 273429 198701 504692 218699 488894 619857 399386 183043 606246 410199 153918 174481 635569 865799 779093 999999999 279741 463316 337352 852339 599611 152930 311067 422791 239718 769649 506048 606887 772467 247790 708684 728125 223379 602374 347844 283906 729376 275517 946319 744613 609020 499495 353215 891540 694554 819254 302789 549424 504015 628357 306201 484283 639236 635544 414333 328737 508814 208770 446896 890503 365499 676866 827717 633047 898094 737883 433534 572670 311251 276598 115528 304972 688090 860099 772826 445561 536314 592406 218755 283943 417724 409177 809499 304282
302978 364166 234530 519041 418899 349897 387517 182881 646835 348703 330013 495819 447226 237019 300773 384945 421292 154372 226402 357528 250035 340171 481370 281792 628700 357560 395002 220635 433865 656452 499659 279741 999999999 447680 164007 614456 320241 162002 97354 156511 492812 497312 284027 442777 587216 525133 582867 496331 236449 355236 346434 548633 643041 464724 714543 643967 480399 536162 82882 646152 429218 544372 314733 465394 434104 484868 265588 212071 419974 425375 290889 170334 251519 259765 290856 687933 371903 400066 622348 593567 638873 466056 281996 294004 153106 510310 395206 81360 456187 614999 573016 498942 257805 322102 296902 557735 184321 291789 532855 413218
600717 631304 643164 464256 452932 635661 556860 265469 264797 556282 694115 363407 121026 671287 714008 609777 265040 539168 576734 672914 386053 621316 158128 615937 182776 94150 408204 300861 868575 547822 767806 463316 447680 999999999 610074 600630 628970 361814 544696 434405 458953 659256 355347 283378 429797 630278 295274 905363 616153 453519 117521 699257 277904 329565 663076 301677 227647 111757 431580 652713 789815 714744 708879 131030 91767 261731 186802 595410 406432 385008 192871 286910 657101 621345 738456 555643 97825 620717 509298 169731 702576 632266 729299 567922 299273 422691 512099 375592 465267 626381 456036 116006 596229 525557 245069 675065 622129 186286 721040 209284
279617 341663 128273 641463 532973 319178 413635 344606 809133 414355 296343 636436 610542 134489 218207 382255 550027 139505 244978 303421 376974 367533 630322 237607 789800 521050 483407 354752 301267 778836 501577 337352 164007 610074 999999999 716376 334965 285017 67272 269400 575694 552790 419037 592898 724507 550881 738817 391040 167161 463026 504912 550480 804267 580826 818649 803365 637906 694408 213597 739196 377725 589305 202197 628507 598004 639151 425487 204268 546213 556880 453740 333899 195868 199206 130180 813465 530253 446488 748210 757573 714228 524879 119855 340645 317056 606469 443614 243328 570945 709538 703661 653869 272182 397390 435334 573102 97207 455051 571349 552865
915151 973888 832098 136518 198468 962054 969703 579699 514683 314565 526669 240069 482893 656120 623619 985884 814577 768263 488181 971979 367846 396644 752998 896248 708464 552120 898349 699180 773960 129276 408339 852339 614456 600630 716376 999999999 433731 699503 666450 460129 983435 237719 346291 317269 210740 1093181 380767 721945 846931 259326 624904 1136244 487177 883092 102319 452941 383600 701107 532246 53180 558615 259155 912723 479096 509378 348348 596957 534520 217463 228850 476326 525490 585615 872747 782965 165300 633227 316926 138616 577558 129618 243630 783964 392991 541772 968630 955336 556291 164342 37349 164781 716635 472502 322789 716357 1133218 644337 484483 284245 766993
596787 660504 463079 409132 302351 641130 703822 425506 722695 125937 95831 456813 564864 236017 190418 691498 706321 439401 96389 633421 246816 37813 723955 562050 803683 538018 710259 517332 343057 530411 179482 599611 320241 628970 334965 433731 999999999 474011 312069 209214 808085 227147 287094 457986 521160 842820 609512 314793 496447 239879 570225 859577 706370 761063 532534 689682 532722 738284 257106 441507 166930 256535 535707 576306 570120 515251 497063 130820 342646 365354 436158 371946 159750 527577 363686 569406 592466 122306 510855 718070 397412 204098 367592 64690 372021 819431 715139 321713 333172 415975 483713 720015 65171 135816 579199 873191 242476 443013 237040 682390
251201 296124 285529 583641 501702 292967 270321 133152 603277 479202 491496 531298 404065 390047 460037 294114 266296 181679 383870 321984 337553 489120 349656 257714 529060 289340 236248 70863 580882 714159 651738 152930 162002 361814 285017 699503 474011 999999999 232988 280872 334097 625628 353232 460200 623677 396438 572909 653736 254630 451123 245512 436792 606799 304265 793405 617308 470635 426629 217799 739102 591077 677041 347398 423331 381372 486519 180530 373530 486378 483077 270970 176197 412791 259809 413409 739728 268778 537920 676387 526909 747833 593724 401777 438291 158387 348671 259213 159703 535220 707685 621928 380110 414501 448707 151281 434857 337242 267017 669324 268208
284906 348619 165717 584558 478112 329061 401921 279445 741883 374188 292960 574116 543295 159229 235931 381798 499232 128452 216599 323180 317025 340547 571433 250401 725235 454892 447944 300245 348025 722373 487259 311067 97354 544696 67272 666450 312069 232988 999999999 210985 543359 518187 357351 527983 663328 541375 672660 424135 187745 409544 441540 550795 737127 535263 768351 736519 571365 631318 149400 692412 384601 559004 246310 561243 530938 573303 361331 184180 487730 496904 386471 266741 198311 217644 193782 756078 466972 413866 690565 690676 673581 488746 184691 305603 250099 569057 423431 176065 516105 662103 644423 592338 246994 353565 380001 568087 107920 387810 543330 497672
459488 520486 374720 373573 267888 506408 536088 216387 575098 198984 260677 368821 391687 263002 285954 539368 497899 308643 142470 512998 107856 215419 516922 437257 614838 340785 513968 314068 448979 511393 378397 422791 156511 434405 269400 460129 209214 280872 210985 999999999 610716 346858 151805 333481 455523 670578 485571 472117 386860 201025 364203 700157 564903 554290 561141 557385 390583 539966 73689 490249 358788 396943 455950 406633 389483 384870 288796 163844 277092 287513 244298 163220 228758 412680 367743 545160 387400 257105 479691 547171 482722 315098 363863 161468 162826 617089 536042 121327 305789 459224 434327 516804 164245 169637 371326 705782 226004 249659 388531 473176
359191 338723 510477 853539 794736 359738 217264 414001 718439 805587 822369 774409 565107 701466 779154 287871 194017 438066 717594 408855 647729 822459 325550 403980 535455 453560 97934 298854 875088 967317 985431 239718 492812 458953 575694 983435 808085 334097 543359 610716 999999999 948096 649918 692199 858149 198141 749757 965260 457585 757652 375611 278031 734756 135195 1066730 760382 665622 438174 551452 1029328 920477 1001553 526284 580623 533810 694157 386718 704643 766272 755125 508470 473398 737470 437666 686481 984098 378210 866932 927751 611930 1052823 916334 673080 770692 462714 57975 159016 490000 822615 998828 871518 383876 748415 773871 267079 239544 651229 500674 996220 249738
795471 858340 678810 276546 215407 841651 882494 536083 664807 148676 308976 366910 561737 463040 413295 882100 810602 638667 307999 840628 303484 190143 789155 766425 808671 583539 853516 649320 549766 358160 171854 769649 497312 659256 552790 237719 227147 625628 518187 346858 948096 999999999 314488 409195 394201 1017435 533324 487331 705932 207133 639794 1045553 641703 874154 325061 614809 490530 770277 417703 229172 324578 56015 754987 566181 578736 461431 584804 351169 267630 293618 484672 476307 386893 735595 590831 397056 656322 106760 352120 695370 171793 31910 594618 212899 485599 947388 882667 466334 221053 209934 347241 768477 282862 177287 691969 1052420 465459 493166 64258 773798
575393 631948 516018 236796 148712 621902 623414 237561 440293 200984 368015 217479 278688 410522 420427 641023 499179 437230 263916 636423 46799 272353 475743 561443 521783 272373 559988 356926 586793 373204 412594 506048 284027 355347 419037 346291 287094 353232 357351 151805 649918 314488 999999999 184991 305981 747828 339114 591100 520407 109948 325341 789953 426566 564543 441390 414689 250807 467025 208804 386468 453721 370452 597081 289452 286557 239372 272906 299298 137355 141355 171054 180624 365288 542791 519352 404006 342329 265425 338476 431018 402974 284850 515636 222750 195937 642642 609974 215078 182097 355150 289113 458762 272172 170729 385919 787384 376882 179413 372648 460156
706115 755603 676935 181023 193857 750394 721044 327189 266579 348693 545743 83180 166545 594967 604665 753494 510978 587041 447505 773366 231787 435903 437078 701656 404731 242823 616788 435825 771182 275659 549592 606887 442777 283378 592898 317269 457986 460200 527983 333481 692199 409195 184991 999999999 167775 828335 154412 769624 672245 226539 319652 883318 248673 579957 383257 232242 81517 385177 379302 369496 624037 461297 756216 165104 192153 57369 312276 484122 141567 115737 193392 291603 549990 690129 700439 292180 323687 403054 236080 286244 423280 387811 695865 393707 311679 669587 693767 363592 193831 343710 180129 399384 453014 326299 430135 871346 559475 199442 473421 459833
865410 917237 820943 118847 218830 910597 887458 491534 304577 396568 616264 92889 308871 702458 694593 917727 673777 737655 539854 930717 347684 490275 587714 857390 509870 405699 784250 602785 858552 119411 560396 772467 587216 429797 724507 210740 521160 623677 663328 455523 858149 394201 305981 167775 999999999 996063 172318 834152 822158 285266 483532 1050464 276744 742518 241206 242205 202151 518101 514618 261994 675975 434369 901702 299643 339267 168597 480047 582733 184666 168916 360663 450698 645137 842527 819130 126858 484925 431299 83512 375272 338492 384595 816599 462966 470321 833413 861253 512451 189781 246490 48561 543191 536169 386486 597614 1039005 675438 366962 454396 621064
278562 227875 449778 972062 896538 253579 139578 514365 894664 869268 834309 906865 723809 685232 768560 175699 374559 415375 746907 295174 733977 864896 513569 326636 727536 604911 222116 396224 829054 1096778 1021977 247790 525133 630278 550881 1093181 842820 396438 541375 670578 198141 1017435 747828 828335 996063 999999999 908853 935432 396190 847537 530294 80372 908099 327601 1184439 930148 816228 626463 600658 1134291 924631 1066896 434547 741133 693782 840678 516366 722438 877446 871247 635750 567721 738522 367240 634519 1118457 539485 924078 1057840 792445 1144226 985672 621004 819036 551893 255048 137866 552383 928926 1102953 1001970 570803 778555 840196 402296 44789 642121 629206 1056817 427451
823897 867708 814136 265055 326073 865790 816679 442166 135038 495392 698860 166496 185479 748064 759073 858210 557380 719047 601908 893872 385898 585453 450367 825560 341952 304221 688637 534213 925584 287041 687104 708684 582867 295274 738817 380767 609512 572909 672660 485571 749757 533324 339114 154412 172318 908853 999999999 922612 803909 372893 378883 971694 109330 623673 411164 82192 103613 364867 526141 432990 774413 580496 891398 169196 216318 100723 402576 638391 275667 249966 304145 420119 704318 818711 850602 282387 372332 544767 254729 205816 505617 516891 845414 545755 440023 716704 780904 501822 312599 415188 216018 399125 607049 475697 507435 953236 711100 306926 596823 502001
657664 714571 487205 719566 615883 689678 801232 662042 1031248 437627 223885 771606 860560 264906 196384 761756 917423 530497 332008 660368 546455 343914 970631 610673 1086688 811302 871152 716655 124068 832270 331581 728125 496331 905363 391040 721945 314793 653736 424135 472117 965260 487331 591100 769624 834152 935432 922612 999999999 539708 554672 824553 924681 1016592 957862 812389 1001858 841347 1008138 479439 716442 163332 485582 523772 874181 860665 826479 744181 309995 657393 680130 716415 622880 250699 569798 305714 871728 849264 409676 817115 1016058 650828 478316 318609 377258 614925 992962 834243 543787 644795 696729 794805 979687 319136 450582 793094 953170 316987 721709 458613 908629
117957 176760 54464 755341 653668 153138 265701 367415 850105 561512 463418 730104 648596 298817 382550 222066 484099 85228 402553 137161 486013 526675 593429 71819 782720 539795 377119 320627 433346 892854 667202 223379 236449 616153 167161 846931 496447 254630 187745 386860 457585 705932 520407 672245 822158 396190 803909 539708 999999999 587876 500140 387194 850894 496336 947993 857337 700305 678962 315911 875654 543783 746373 92769 667740 628943 709557 432146 366089 656379 661720 501150 383986 363023 32062 238910 924368 523330 601444 858791 779539 860232 676457 225327 493292 363980 498849 307758 309982 691274 844928 809224 630069 431990 539895 395026 413631 264275 499557 730178 503357
656742 716235 574672 182747 71192 703694 719061 343882 492982 122653 333246 216936 362019 421695 409403 730590 609126 508938 255881 712755 113573 213148 582139 637009 609504 376411 666307 462047 573372 317566 325495 602374 355236 453519 463026 259326 239879 451123 409544 201025 757652 207133 109948 226539 285266 847537 372893 554672 587876 999999999 433700 885343 474113 674402 360118 454287 306202 564988 272923 291978 402245 263100 655684 368857 376093 283508 382848 300074 102970 125555 277970 285151 360819 613469 543173 353803 449606 177413 289888 505016 297354 178994 542163 178839 298194 751818 710074 300385 108599 260610 252789 561586 250918 104145 495070 885798 400243 286512 267725 569815
483366 515173 529082 490283 451577 518844 446007 164972 374633 518145 623625 402714 193562 578506 629512 495745 191418 424869 504900 555570 343424 569089 154139 498472 286407 77996 309765 183348 776756 595254 725291 347844 346434 117521 504912 624904 570225 245512 441540 364203 375611 639794 325341 319652 483532 530294 378883 824553 500140 433700 999999999 595042 383856 260410 700555 402358 290325 189801 345142 674200 722747 695776 592909 210859 163539 318553 81380 516365 413356 397287 156243 202967 573926 504453 634685 610019 25469 583809 555692 286306 711158 610165 624752 514043 209633 350102 405156 282465 472607 645228 499780 155180 528376 485735 132234 574807 527349 147633 697687 142090
270931 210566 437951 1019339 938237 235086 166559 562283 964053 896878 842138 959846 787712 684475 768369 169149 448941 422395 763188 267264 772072 884345 588883 315400 803710 667548 292462 447693 812956 1147375 1037192 283906 548633 699257 550480 1136244 859577 436792 550795 700157 278031 1045553 789953 883318 1050464 80372 971694 924681 387194 885343 595042 999999999 976328 405399 1230024 996922 876536 701388 628016 1175243 928004 1093003 408606 805536 758376 899323 573623 734667 922826 918517 689942 612131 743688 355990 619793 1170818 606140 948475 1108903 863841 1179862 1014104 606591 841466 594966 335221 190905 586025 971993 1143791 1053521 645462 794569 869214 464365 48726 645405 683926 1081161 500389
856565 894399 867277 374340 432070 895565 829861 483515 29108 596685 792816 274863 202905 827509 845891 878424 540890 767685 690280 928159 472529 684569 416728 864162 264316 319939 685989 557783 1011646 385244 792967 729376 643041 277904 804267 487177 706370 606799 737127 564903 734756 641703 426566 248673 276744 908099 109330 1016592 850894 474113 383856 976328 999999999 602509 509381 38278 175814 314887 595992 538730 872641 689449 941296 183642 226205 191305 427665 723718 380649 354496 353043 473950 789878 862201 922321 374267 370507 648800 356427 134053 613441 624474 915974 641928 492768 694997 787855 561894 420699 522311 322633 360068 698395 574924 516082 952880 786925 353284 705403 485368
420871 419224 544093 749577 702590 435183 307105 341217 585262 738818 790514 663070 441285 693668 764256 376502 68992 454048 677652 483156 570678 769709 190445 458103 400967 337335 133337 246149 881169 855427 932557 275517 464724 329565 580826 883092 761063 304265 535263 554290 135195 874154 564543 579957 742518 327601 623673 957862 496336 674402 260410 405399 602509 999999999 960714 629399 545027 302980 506371 931354 891056 929244 578279 455528 409760 575552 291899 673265 668592 654453 407717 400144 716235 483983 703558 869287 257629 802941 815892 477764 962970 843034 690873 715544 394362 93129 247906 439913 726943 901748 760074 248823 706660 706240 183765 370859 641066 399349 927129 122194
1013996 1072020 933928 213507 296252 1060817 1063688 670075 538211 415611 624038 300657 542529 757525 722870 1082379 891784 868658 589902 1071896 466268 495076 819241 996229 750991 625077 984615 788791 870210 124366 490077 946319 714543 663076 818649 102319 532534 793405 768351 561141 1066730 325061 441390 383257 241206 1184439 411164 812389 947993 360118 700555 1230024 509381 960714 999999999 472337 437691 756774 632722 96319 649511 334992 1014655 535670 571359 402561 680297 636235 307267 313644 558284 617966 686303 973448 884659 139869 706293 413400 157717 615982 175921 336252 885828 494135 635082 1048550 1046827 654119 260027 117019 207412 778317 573517 424845 800246 1225234 746474 566056 361742 841963
868108 908013 871419 344052 408265 908153 847666 490884 67299 576897 777981 248324 214340 820387 835092 894114 566367 773359 678496 939262 461221 666376 445967 873658 301401 334439 708142 571544 1001364 348414 769288 744613 643967 301677 803365 452941 689682 617308 736519 557385 760382 614809 414689 232242 242205 930148 82192 1001858 857337 454287 402358 996922 38278 629399 472337 999999999 167018 347247 592789 504025 855139 661319 946782 195299 240784 175704 440209 713565 357785 332006 356714 476699 779681 869945 918866 336548 390906 626846 320528 168897 580128 598803 913025 625621 496024 722256 807460 562611 394388 488508 288988 390261 684992 556579 534332 974880 781449 357875 678110 510649
