NAME : synthetic_000482
TYPE : CTSP-D
DIMENSION : 100
GROUPS : 8
RELAXATION_LEVEL : 1
EDGE_WEIGHT_TYPE : EXPLICIT
EDGE_WEIGHT_FORMAT : FULL_MATRIX
EDGE_WEIGHT_SECTION
999999999 755669 407537 568408 667210 833054 509280 403204 918807 52193 254794 808961 315078 321528 829269 172991 29858 504583 607020 68700 80051 845394 551503 47995 171503 221373 301178 768577 748419 167994 618651 503530 780100 413206 895450 866823 933766 474914 891762 299762 732570 203077 779326 772866 757663 283399 650671 936666 307051 880618 303090 801890 515398 772899 433568 753209 237564 383317 651352 179067 711656 784425 605756 553624 788345 806743 248765 440940 622939 1086928 676019 397724 218173 820119 705810 807149 809554 46442 598102 820767 628952 969201 628829 847868 342551 683154 103194 455614 233494 186393 199513 555861 587715 230720 627523 735438 718140 882680 1099245 723826
755669 999999999 794677 213378 621358 241133 247954 352612 456232 703518 549665 138752 507659 457968 241485 615485 785239 259610 449620 743702 742656 282283 225985 715423 628638 968855 567975 266207 755413 751222 489396 584598 181367 373760 143536 111266 180322 413936 140775 816140 55273 945922 212089 638392 388642 648103 206213 185095 449707 131493 514393 305719 550643 155031 347528 697437 524791 629432 346047 593672 245391 360739 191756 234441 91379 751490 579978 597215 222501 359483 752416 612077 965569 797673 525211 575030 257956 799131 393198 349132 182323 216609 226601 135745 451902 121816 856723 303944 565905 894911 941482 455832 322368 536195 191426 763548 493517 684002 353100 64176
407537 794677 999999999 694063 985531 969024 579674 527520 730717 403912 313283 902797 317627 549564 966534 498723 409534 627537 869712 471747 327580 738336 678456 427936 304013 436297 253234 666252 390362 569821 896294 829165 902342 439374 933477 889959 939347 721872 897449 125419 748944 411944 705961 471322 588395 182981 608484 973284 483260 884961 584232 678425 284282 730172 611471 421080 390582 734314 519899 478739 626827 984783 731653 561369 779862 458778 278843 207561 774026 1031175 310120 183285 434403 456553 984763 541204 712239 400969 451968 675092 755615 1001593 783042 923020 579710 782786 456826 529168 313603 333009 407811 381054 791845 486034 759962 372335 983325 576186 1068923 738498
568408 213378 694063 999999999 455979 279914 123123 177874 592224 516611 403029 240611 378972 254083 276891 414512 598263 69078 282488 546908 569279 437060 17239 524584 467449 787903 444220 387231 762710 543991 323240 386045 218027 256655 337440 319404 390591 206894 353250 685437 218419 766989 354665 677375 474407 523183 260919 376924 264124 344580 304175 433009 508700 312376 139523 717788 355202 417782 386596 396188 338457 300978 39277 190575 283008 778368 437812 524752 82811 572654 737251 524038 784639 819063 385108 639769 402775 613864 400263 473485 63904 409574 92407 280324 243361 115414 665549 165613 414086 725652 762866 437663 150888 339866 66401 765106 363738 750830 565066 214763
667210 621358 985531 455979 999999999 475464 551427 513666 1047171 634269 676925 544479 693317 440662 471387 507437 689280 474699 174778 606249 720240 886118 456783 622120 685882 860406 747015 842072 1171871 529876 133810 163836 481800 630889 681118 692340 756045 287688 733663 922043 651030 851458 805020 1110710 928759 803957 716623 705251 513029 730296 401646 887739 898740 756741 422744 1138446 596570 287209 834594 518263 794418 326503 451434 635150 709913 1200581 709049 881384 404841 951283 1129387 861568 857836 1235909 118640 1085491 853854 707781 835135 928884 449161 730858 398629 593964 411102 500770 718786 559737 673222 853013 849361 854733 308093 500254 438820 1169661 156853 1194667 918046 651161
833054 241133 969024 279914 475464 999999999 389395 457370 691490 782591 682943 105188 657197 511543 4412 667733 862602 348957 334454 801830 842686 516383 296796 786899 745777 1054389 722239 507175 985037 778670 363953 502586 68669 529667 223545 252063 300553 384868 291418 965181 294576 1035093 451924 875004 629345 801905 434729 237716 538007 292912 542125 545673 757705 394488 401130 930270 632837 591269 578202 655075 484880 155190 240781 423479 324668 986355 717680 788466 211069 489196 974183 793648 1051176 1031528 360364 815073 495954 879348 616574 588823 216165 259379 204536 138716 492056 188894 924659 440720 693858 999345 1031221 671416 260925 602446 213901 991422 322602 924631 447571 301715
509280 247954 579674 123123 551427 389395 999999999 109877 519752 457289 306162 328201 271431 232773 386958 379336 538648 76982 384565 501883 494735 386429 111501 470551 381840 720985 335510 321821 642220 521220 423592 453435 322744 140488 390359 358464 424557 273135 382482 582269 223719 697980 306518 563639 383395 416002 185494 431967 206829 371356 299833 366047 385610 281411 148731 599646 276840 451885 283826 354619 265282 424058 156268 86180 282160 660875 338549 403321 205824 583348 614701 405170 717700 700300 494901 534092 349394 552085 285976 401438 178798 463994 215454 356370 237220 204009 611198 56670 320916 647547 693535 317075 261850 297653 184721 643910 477523 643619 590907 215345
403204 352612 527520 177874 513666 457370 109877 999999999 607914 351023 226471 414178 209934 129066 454232 269514 432850 108948 363762 392692 395375 487858 160778 362884 289891 618521 274470 418615 658276 411939 397911 390846 395848 117232 492412 463847 531522 226058 489983 509558 332657 596403 410390 602263 460330 350752 283828 533732 97535 479162 199322 460777 386252 389545 92773 625511 178550 364840 352370 244778 360224 457308 217150 178185 391942 687696 261774 379584 250988 693186 618147 369272 615237 722337 480100 588594 450562 447078 334490 492359 241762 566198 259392 448970 140792 286702 504118 67973 236548 550806 592098 343334 266442 187776 243474 656419 470908 693422 699729 324596
918807 456232 730717 592224 1047171 691490 519752 607914 999999999 874904 664018 586303 603737 736130 692593 849832 942592 588474 872605 941209 867296 175108 593538 896999 749358 1081053 627679 205115 470521 993313 913601 970047 636795 528133 499034 453985 443700 787899 425214 816864 410423 1054469 247047 323546 161157 680714 336303 515833 683474 417879 806895 159436 452602 302040 668436 401970 697287 969838 269452 820171 256041 816563 596235 435010 367482 428016 673610 538730 645696 397886 515025 579556 1078091 474813 965631 229812 198980 948797 321258 119159 601181 523636 653123 561147 748341 560461 1017858 540672 685324 981324 1049593 373955 739267 771921 611603 488340 937800 298978 463123 407040
52193 703518 403912 516611 634269 782591 457289 351023 874904 999999999 212410 757204 272321 271390 778844 130191 81951 452524 564666 74889 87524 797061 499667 26069 135625 272020 266154 720564 725809 166921 578396 470499 728975 363804 843256 814685 881718 429153 839758 306842 680694 252552 729868 741558 713927 260843 600883 884474 254879 828644 257862 754749 482763 722318 382438 726326 187218 355188 606432 131212 663252 737366 554107 502854 736773 781635 211565 412730 572145 1035751 655961 371126 268785 797680 666504 771289 760982 97283 555219 774791 577412 917008 578191 795879 293529 631229 154252 403854 191431 226880 248746 516389 539532 180198 576131 713937 677071 850666 1047500 671998
254794 549665 313283 403029 676925 682943 306162 226471 664018 212410 999999999 632712 60285 237416 679915 230409 278920 334016 556430 282922 209506 596819 386199 236022 87935 435794 73950 519323 544135 353839 583339 525549 619971 178335 693185 657283 718748 408601 675766 283114 515891 410566 535838 539343 502870 130514 410562 734760 170009 663812 279979 550294 281469 537044 302139 533701 81322 445830 397022 202165 464035 679708 442184 324404 564065 592500 35772 226713 477431 854082 483461 194629 432586 615130 671597 561991 561971 286220 343402 567238 466818 766139 485764 662497 267500 506177 354593 249734 21316 350041 405814 304506 482849 186862 469194 535614 670104 646509 874450 506114
808961 138752 902797 240611 544479 105188 328201 414178 586303 757204 632712 999999999 599578 492111 106345 652401 838812 306559 385630 785803 808779 411196 257624 764877 703356 1028488 663330 403429 891239 775752 421075 543316 63042 467180 136644 153671 212114 397484 194742 910468 193557 1007466 347471 776625 527233 743940 340026 163845 504333 194199 534850 441144 675174 290028 377326 834462 592728 614232 482319 635542 384096 245120 203406 344866 219618 889247 665963 713511 198343 406911 884810 723161 1025223 935118 435915 713762 390995 854466 525449 484158 180991 192976 196237 50824 477870 127481 905553 383620 646082 964742 1003319 584378 280972 579798 183987 898659 400159 822568 375604 201605
315078 507659 317627 378972 693317 657197 271431 209934 603737 272321 60285 599578 999999999 253715 654441 278658 339081 311268 561249 341905 267810 538938 362859 295568 146915 492094 65266 461316 502381 408939 591244 548490 592132 134107 650959 612943 672141 415115 629111 310970 470444 466467 480062 487069 442587 144850 356882 692321 180351 616965 307154 491310 232441 484200 295928 486632 117740 479834 336976 249056 406841 667156 417358 276981 515343 546727 76910 190937 457497 801088 446870 168281 488923 572301 677695 505279 504535 346076 283153 507476 441717 723108 466358 626056 282611 475024 414660 217057 81587 402729 461664 245994 475233 222872 445301 495542 672784 592754 823983 460401
321528 457968 549564 254083 440662 511543 232773 129066 736130 271390 237416 492111 253715 999999999 507749 160506 351058 198359 322341 293712 337574 616328 238108 275448 262633 542890 306404 547636 746814 293414 346984 295398 459631 223128 590193 568107 638224 175090 598443 501730 447082 523922 538011 708137 586281 366668 412533 630271 74141 588516 70892 589838 471813 514097 114913 722213 159163 243777 476872 144078 489283 471103 289106 307017 509339 784009 270873 443827 301838 809784 697043 421551 539684 814457 435887 703973 579056 367858 451888 621151 311124 662971 307485 533955 30146 369353 414494 197036 236015 492739 520135 448949 271163 91292 308651 742111 437002 805018 810509 440133
829269 241485 966534 276891 471387 4412 386958 454232 692593 778844 679915 106345 654441 507749 999999999 663803 858805 345907 330080 797886 839134 517485 293733 783078 742483 1050613 719509 507623 984171 774513 359642 498182 67204 527163 226394 254297 303461 380606 293829 962240 294687 1031359 452568 874598 629465 799117 434096 241089 534543 295165 538085 546327 756083 395147 397506 929594 629512 586885 577606 651232 484846 151632 237803 421802 325587 985800 714692 786421 207496 492512 972968 791386 1047402 1030899 356415 815045 496792 875573 615568 589520 213207 263012 200876 141119 488162 187014 920757 438072 690746 995785 1027494 670102 256652 598686 210790 990469 318694 924707 451224 301712
172991 615485 498723 414512 507437 667733 379336 269514 849832 130191 230409 652401 278658 160506 663803 999999999 200691 356685 434837 134183 213452 748970 398406 124997 196269 391439 302189 675743 774363 144898 448206 344302 618350 321831 749837 726274 795760 302164 755252 418905 600618 374964 674910 765677 692279 329798 545855 790157 174642 744940 130403 714639 510217 658024 275408 763609 162431 236882 581558 30298 616989 612217 449578 441500 661032 822756 249059 456481 460140 962328 712109 421589 388338 845474 536374 780010 711841 218810 541674 740844 471422 822865 465183 694461 175961 529835 257168 333006 215465 356577 371631 518632 417101 82080 468676 765466 546941 870765 966604 592973
29858 785239 409534 598263 689280 862602 538648 432850 942592 81951 278920 838812 339081 351058 858805 200691 999999999 534424 633449 84046 87479 872010 581360 76261 193519 192000 321200 795011 759907 178563 644151 525934 809835 440744 925157 896365 963180 502853 921123 296672 761802 174389 806712 789317 781441 297052 678320 966391 336829 909945 331057 827752 533125 801073 463322 767139 265906 403859 675932 208161 738367 812734 635597 581988 817290 819567 270340 456474 652595 1115521 686199 412593 188821 831388 730805 826206 836339 18639 621523 845886 658777 998916 658442 877722 371746 713012 75970 484769 257613 163913 170981 577367 616512 260387 657321 746316 743920 899409 1128329 753010
504583 259610 627537 69078 474699 348957 76982 108948 588474 452524 334016 306559 311268 198359 345907 356685 534424 999999999 307650 486886 502226 445680 52186 461878 398766 722791 376528 386637 715953 491653 346612 381686 286917 193455 393470 369870 439871 199822 400144 616588 251381 701387 363721 640273 457368 455001 252175 434103 198221 390320 256731 431887 454422 329996 90950 674961 286902 391891 360041 336131 332494 361002 108331 160918 315067 736425 368877 463807 146491 613439 685463 460384 719517 775205 418625 610949 409471 549549 362764 469447 132971 466793 155556 343479 193494 179406 603294 103104 345009 658290 697190 391370 187079 278943 135192 716919 402277 720580 612314 245287
607020 449620 869712 282488 174778 334454 384565 363762 872605 564666 556430 385630 561249 322341 330080 434837 633449 307650 999999999 556895 643925 711417 284501 559187 583962 819731 620743 667544 1017985 503936 41002 170730 325116 479319 521154 527188 593676 147892 568024 823530 477119 805883 630250 947737 756583 686832 543407 549255 386507 563656 308301 713169 748983 582229 271034 980256 480896 278221 665229 435817 620540 211046 276669 465950 536930 1042072 591068 741967 230551 788986 981235 727816 816801 1079521 116681 917571 679079 651939 670394 754486 274674 577245 224718 436306 292579 328168 679240 400207 557190 791390 802936 695886 133364 401318 264378 1017407 114824 1027714 761181 476954
68700 743702 471747 546908 606249 801830 501883 392692 941209 74889 282922 785803 341905 293712 797886 134183 84046 486886 556895 999999999 145253 856096 530523 48903 210004 262868 340048 780504 800557 99685 565459 443275 752466 422164 880315 854881 923503 431951 882316 367248 725316 249422 786133 815828 780689 335299 656588 920988 295194 871641 261929 816369 556889 774706 408496 801185 245798 320197 671957 150854 722476 742506 582647 555414 783822 856522 284996 487573 594279 1084577 730347 446015 259922 872423 651060 844008 819532 102135 623286 838379 604826 953679 599359 827190 310141 662322 124122 451362 262452 247716 246693 587419 549698 207953 602330 788559 665645 924720 1092420 717149
80051 742656 327580 569279 720240 842686 494735 395375 867296 87524 209506 808779 267810 337574 839134 213452 87479 502226 643925 145253 999999999 806285 552065 106276 121604 228224 240850 728752 672431 244663 659825 556655 785693 382534 884939 852781 917292 504226 874637 222502 714340 204060 744911 703392 706467 210178 618579 926507 305449 863036 335631 759116 448564 744029 441891 679986 218111 442594 603526 208198 673535 808383 607932 527635 766436 732163 194038 370275 631640 1060607 598859 326074 224964 743924 748575 742662 771477 86119 546154 774619 632009 958647 638447 844345 362956 681487 154894 438800 188918 156676 199481 498001 608701 247708 631899 658880 757443 813623 1077897 705029
845394 282283 738336 437060 886118 516383 386429 487858 175108 797061 596819 411196 538938 616328 517485 748970 872010 445680 711417 856096 806285 999999999 441167 816235 684753 1030779 578902 77671 565732 893819 752327 821958 462104 434036 329137 282255 282217 640440 257344 801698 239278 1004954 82522 425729 170546 646220 204140 350388 575388 248624 685204 62352 455358 130606 532438 498903 611011 836502 219472 720937 133812 643018 435278 309791 192607 540623 614868 532021 481607 297936 589351 564951 1027629 588951 799013 342018 37302 881212 287302 88919 437114 362765 488330 386852 623267 391185 947936 420251 617610 938293 1000126 357350 578442 667607 447500 579638 769659 438800 347656 237181
551503 225985 678456 17239 456783 296796 111501 160778 593538 499667 386199 257624 362859 238108 293733 398406 581360 52186 284501 530523 552065 441167 999999999 507814 450261 770865 428122 388928 753068 528877 324932 380854 235202 241954 352602 333307 404325 200074 366390 668754 227726 749898 358652 670273 472206 506874 260018 392365 246956 357438 289648 434697 496819 318327 123984 709189 337977 407770 381787 379740 338649 313852 56413 183881 292412 770041 421060 510950 96527 584642 726202 509392 767600 810238 389819 634795 406323 596905 392698 474536 80992 425046 105940 296884 228258 131926 648863 150845 397103 708425 745767 427873 155096 323265 83007 755072 369853 745576 578499 223427
47995 715423 427936 524584 622120 786899 470551 362884 896999 26069 236022 764877 295568 275448 783078 124997 76261 461878 559187 48903 106276 816235 507814 999999999 161214 268151 291490 740065 751878 142051 571185 458301 734762 382359 854106 826681 894347 426974 852652 328162 694250 250594 747929 767129 736176 286872 618645 895149 265763 841696 255146 774930 508248 738871 388478 752283 205303 340129 628137 132036 682442 736624 561499 519286 751294 807663 236636 438670 577226 1051089 681987 397153 264987 823749 658588 796101 779951 94021 577966 795765 584430 927760 582932 804578 295630 639678 141499 418141 215261 233225 247126 540409 540251 185347 582701 739999 670530 876124 1061376 685748
171503 628638 304013 467449 685882 745777 381840 289891 749358 135625 87935 703356 146915 262633 742483 196269 193519 398766 583962 210004 121604 684753 450261 161214 999999999 348640 130740 607253 593841 293616 606124 526970 685461 262606 771776 737714 800788 437532 757934 239630 597651 323724 623419 605942 588246 134896 497481 813405 211274 746150 284685 638022 347144 623409 351070 591810 113203 430434 483683 174844 551937 727678 506670 408466 647952 647928 77269 278264 536338 940274 526404 237913 345413 665666 695566 636606 649889 199504 428167 654366 531201 845201 543976 736091 291794 575947 268505 325246 67341 266562 319017 384381 527748 186152 532329 582875 698782 715049 959061 588105
221373 968855 436297 787903 860406 1054389 720985 618521 1081053 272020 435794 1028488 492094 542890 1050613 391439 192000 722791 819731 262868 228224 1030779 770865 268151 348640 999999999 455213 953114 823264 330810 827591 699856 1000986 610667 1110365 1079428 1144640 693164 1102101 311368 941907 26709 971573 882851 921751 402067 846109 1151828 524571 1090588 521732 981557 642478 971973 654456 845497 444275 573364 823011 400149 898935 1003547 825698 755858 994549 889630 415911 557205 844118 1288703 743960 512604 3286 891369 912258 935406 996594 175041 762258 994397 849159 1184156 850093 1066232 563742 902013 142025 665563 415811 105674 31556 707485 808184 451966 848029 806298 927915 992429 1306045 932694
301178 567975 253234 444220 747015 722239 335510 274470 627679 266154 73950 663330 65266 306404 719509 302189 321200 376528 620743 340048 240850 578902 428122 291490 130740 455213 999999999 501389 472464 418820 649401 597693 656960 196410 710799 671500 728817 473587 685853 248364 528661 428884 525649 475917 467409 80670 407158 751955 235533 673578 352754 527515 216897 534759 358619 465154 154524 519752 367896 274709 449707 731775 482563 334991 570596 522868 55629 154391 522721 850301 410231 120710 452161 543807 736773 506074 546008 324852 307390 539230 506897 782318 531563 688712 336167 539400 394364 281783 86724 359670 424014 257154 538721 260723 510536 463299 733278 584673 876492 518463
768577 266207 666252 387231 842072 507175 321821 418615 205115 720564 519323 403429 461316 547636 507623 675743 795011 386637 667544 780504 728752 77671 388928 740065 607253 953114 501389 999999999 521687 820637 708535 767207 446913 358357 345890 296561 314381 584987 281416 726110 214823 927284 59152 389400 129079 569318 136361 374284 503177 270554 617399 45783 385313 114622 470013 457435 535030 773698 146409 647311 58809 620706 391346 240802 187468 504983 537203 459095 441414 365364 536730 490519 949964 552850 761735 315440 46090 804029 214285 87445 397018 392364 449061 388222 556463 359717 870963 350656 540159 860690 922455 285548 534229 594874 407420 533666 734718 421259 408280 209550
748419 755413 390362 762710 1171871 985037 642220 658276 470521 725809 544135 891239 502381 746814 984171 774363 759907 715953 1017985 800557 672431 565732 753068 751878 593841 823264 472464 521687 999999999 887440 1054206 1040542 917423 541049 862811 813388 836068 884334 802310 512673 700285 797996 579288 147011 396661 465638 551301 894143 673079 791054 806933 506097 275088 627937 750022 68722 619034 981605 409365 746298 516607 1058406 789559 575457 698060 70397 526934 318090 843075 853117 80458 356017 821142 71873 1132407 240713 557878 756644 369403 478661 807715 913668 852675 889897 773022 803442 821255 618086 559081 718193 793619 325200 903025 725178 816061 21168 1117986 213250 910359 691254
167994 751222 569821 543991 529876 778670 521220 411939 993313 166921 353839 775752 408939 293414 774513 144898 178563 491653 503936 99685 244663 893819 528877 142051 293616 330810 418820 820637 887440 999999999 506212 370774 735774 465899 881411 861002 931374 396267 891796 466894 739964 323298 819432 892995 834889 425253 690546 920855 318924 881916 241012 859427 634451 801369 404979 883795 298994 243386 724426 173643 761886 701920 576296 585915 801537 940802 363219 570997 578759 1102525 819615 531452 328311 959252 587462 914168 856673 194887 681933 885244 596356 953472 582401 820468 300646 657831 190054 476796 335221 337162 321586 653905 519392 226364 592223 876460 606370 1000347 1103913 732751
618651 489396 896294 323240 133810 363953 423592 397911 913601 578396 583339 421075 591244 346984 359642 448206 644151 346612 41002 565459 659825 752327 324932 571185 606124 827591 649401 708535 1054206 506212 999999999 153459 359644 514321 557225 564873 630569 176131 605896 845672 517683 814881 671210 986140 797116 713317 584146 584167 414115 601836 325526 754165 783962 623044 305203 1017510 506143 271870 705086 451799 661423 230316 317664 505679 577163 1079430 617454 774297 271236 826004 1016023 758670 824737 1116381 89492 957148 720046 662750 709108 795462 315461 611494 265226 471503 316886 368196 686184 437217 582924 804264 812130 733126 174366 421387 305142 1053228 100410 1067086 796606 517635
503530 584598 829165 386045 163836 502586 453435 390846 970047 470499 525549 543316 548490 295398 498182 344302 525934 381686 170730 443275 556655 821958 380854 458301 526970 699856 597693 767207 1040542 370774 153459 999999999 485964 505123 675316 674728 744055 182229 714136 760867 601387 689934 739436 992830 836726 649408 633767 706746 369518 708163 245952 812738 765500 698421 308650 1012859 444302 127744 734452 356485 714009 380830 395579 539614 664946 1074958 555961 739063 363212 937383 992291 715412 697202 1107192 221453 978083 786867 544479 724114 850948 402314 736292 360554 594051 267904 464247 557896 447527 519747 689512 687683 733372 265755 343252 393187 1036496 246621 1083982 915828 598932
780100 181367 902342 218027 481800 68669 322744 395848 636795 728975 619971 63042 592132 459631 67204 618350 809835 286917 325116 752466 785693 462104 235202 734762 685461 1000986 656960 446913 917423 735774 359644 485964 999999999 463216 199420 215719 275150 348914 257033 901298 232427 980932 393451 809118 566516 736971 368019 224534 480266 255852 496199 487036 689039 336369 346551 863271 573059 562848 511574 603708 421218 184859 178791 354837 269514 919812 654335 720296 158236 469817 905799 726085 997747 964691 372873 751193 439115 826136 548613 530476 154282 252130 153673 112230 442469 120586 874094 375180 631664 942307 976940 602901 228116 549507 153806 923570 337152 861348 437143 238713
413206 373760 439374 256655 630889 529667 140488 117232 528133 363804 178335 467180 134107 223128 527163 321831 440744 193455 479319 422164 382534 434036 241954 382359 262606 610667 196410 358357 541049 465899 514321 505123 463216 999999999 517177 479916 540568 343289 497565 444479 337950 586075 366140 488154 371784 277079 237591 558611 158945 485572 292361 394965 269694 361668 209279 508808 177058 466878 260949 292369 300335 554444 293222 146133 385819 570994 206726 270639 338456 678074 501916 267441 607418 605211 595141 480852 397631 451320 229325 419428 316837 589591 347808 492368 243839 344327 516291 91110 196502 528037 581403 228428 374032 244063 321699 539304 584090 582631 696575 328078
895450 143536 933477 337440 681118 223545 390359 492412 499034 843256 693185 136644 650959 590193 226394 749837 925157 393470 521154 880315 884939 329137 352602 854106 771776 1110365 710799 345890 862811 881411 557225 675316 199420 517177 999999999 49496 77179 520100 74707 958707 184542 1087746 286766 734818 474968 790693 331255 41629 588548 81157 641451 373770 680065 234993 476584 800669 666867 738324 458853 729599 346694 375818 306808 376250 165482 850202 723499 732769 318564 270435 868752 750319 1107079 897810 571949 660617 319634 939489 514631 413301 289482 73799 318859 87931 580766 225350 995598 446708 709342 1037840 1083351 581832 410262 672362 295737 873150 535779 763730 240638 194986
866823 111266 889959 319404 692340 252063 358464 463847 453985 814685 657283 153671 612943 568107 254297 726274 896365 369870 527188 854881 852781 282255 333307 826681 737714 1079428 671500 296561 813388 861002 564873 674728 215719 479916 49496 999999999 71353 512085 41471 918687 142869 1056320 237418 685360 425637 750873 284826 84212 560972 40880 622872 325166 633305 185517 456405 751181 635195 729807 410049 704734 297451 398687 292773 336521 116648 800727 686637 687867 312730 262790 819809 706681 1076143 848322 586995 611509 271192 910163 466678 365202 278548 111683 314521 113582 560940 213870 967965 414004 674120 1004223 1051852 534503 409035 647273 286115 823797 552028 715092 246205 153133
933766 180322 939347 390591 756045 300553 424557 531522 443700 881718 718748 212114 672141 638224 303461 795760 963180 439871 593676 923503 917292 282217 404325 894347 800788 1144640 728817 314381 836068 931374 630569 744055 275150 540568 77179 71353 999999999 583051 43031 974356 203138 1121182 257342 702021 441283 807212 330870 74544 628931 55239 693749 334445 674654 215122 527112 771585 700453 800915 442947 773737 327950 452974 364116 395212 159717 817645 746977 734593 383075 195452 848892 756333 1141357 865775 648016 622413 280530 976631 504172 370181 349674 80624 384511 164756 631621 284936 1035394 479219 736232 1067309 1116662 574259 478311 716248 357091 847938 612120 721009 174861 212725
474914 413936 721872 206894 287688 384868 273135 226058 787899 429153 408601 397484 415115 175090 380606 302164 502853 199822 147892 431951 504226 640440 200074 426974 437532 693164 473587 584987 884334 396267 176131 182229 348914 343289 520100 512085 583051 999999999 549449 676803 424862 677104 557941 824563 656380 538965 451667 555521 238777 542175 171828 630510 611813 518394 135314 850868 333122 218236 556204 298143 531859 310568 222194 359159 489226 913022 443185 598840 201619 772135 843174 582595 690098 948222 263240 803523 605097 520927 550894 668779 233680 586931 202052 446323 145743 298225 556041 273825 409316 655599 673791 567462 123993 257871 225975 882378 262165 911302 757489 421541
891762 140775 897449 353250 733663 291418 382482 489983 425214 839758 675766 194742 629111 598443 293829 755252 921123 400144 568024 882316 874637 257344 366390 852652 757934 1102101 685853 281416 802310 891796 605896 714136 257033 497565 74707 41471 43031 549449 999999999 931544 160334 1078572 223092 670618 409801 764324 289138 93616 587473 12488 655157 305354 634484 176964 488301 738688 657996 766635 404943 732852 290338 439515 328683 352181 117588 786253 703952 693164 351430 223343 812719 714331 1098820 834195 628466 593453 251039 934454 464882 343326 315782 111546 353629 152713 592672 251488 993565 436847 693293 1024434 1074042 534425 448646 675367 323761 813615 593485 694541 212325 169831
299762 816140 125419 685437 922043 965181 582269 509558 816864 306842 283114 910468 310970 501730 962240 418905 296672 616588 823530 367248 222502 801698 668754 328162 239630 311368 248364 726110 512673 466894 845672 760867 901298 444479 958707 918687 974356 676803 931544 999999999 775832 286739 758460 582305 665555 168039 647783 999737 445179 919176 522756 744918 364385 774273 582756 538509 346359 655238 582757 404399 680005 961010 724444 582527 815202 579915 247824 278181 760537 1085613 432987 239010 309396 580202 935134 644418 772029 285702 515747 747971 749033 1029834 768878 936835 531150 785410 336388 527276 274898 207616 282555 449490 762428 424845 751753 495339 938340 690001 1116637 765554
732570 55273 748944 218419 651030 294576 223719 332657 410423 680694 515891 193557 470444 447082 294687 600618 761802 251381 477119 725316 714340 239278 227726 694250 597651 941907 528661 214823 700285 739964 517683 601387 232427 337950 184542 142869 203138 424862 160334 775832 999999999 918306 163708 583222 334779 608005 152317 224706 430122 148697 508008 256193 499199 108834 342084 642174 497959 635496 290936 577024 190642 406915 206080 193726 64686 696233 544614 548883 246636 362703 698069 565813 938627 742400 560446 520665 211456 774871 339242 299727 203032 254127 252458 190087 444629 152198 834749 277094 533203 864179 913768 403103 345889 519691 213136 708547 530570 630057 367201 10448
203077 945922 411944 766989 851458 1035093 697980 596403 1054469 252552 410566 1007466 466467 523922 1031359 374964 174389 701387 805883 249422 204060 1004954 749898 250594 323724 26709 428884 927284 797996 323298 814881 689934 980932 586075 1087746 1056320 1121182 677104 1078572 286739 918306 999999999 946189 856525 895239 375364 821050 1129253 503217 1067003 505365 955489 615789 947133 634573 819623 421146 564249 796737 382134 873285 987110 805001 731513 970471 864127 390121 530558 824503 1263980 718854 485939 23956 866342 900312 908787 970874 156664 735816 968104 828611 1161517 830642 1044676 545528 880736 133246 642336 390750 79860 4877 680856 790777 432750 827693 781170 915056 966168 1281907 909028
779326 212089 705961 354665 805020 451924 306518 410390 247047 729868 535838 347471 480062 538011 452568 674910 806712 363721 630250 786133 744911 82522 358652 747929 623419 971573 525649 59152 579288 819432 671210 739436 393451 366140 286766 237418 257342 557941 223092 758460 163708 946189 999999999 448297 188219 597470 129583 315576 500511 212007 606146 93761 429330 57448 451187 515622 542803 755048 190942 647528 79170 570541 353750 233547 129418 563822 556864 498422 401110 327210 591835 526751 968374 611608 719890 374486 48918 816878 256642 137067 356539 334381 408121 330231 543728 313508 882366 343454 556083 882430 941411 328389 497070 593084 366957 590812 691376 479732 363228 160016
772866 638392 471322 677375 1110710 875004 563639 602263 323546 741558 539343 776625 487069 708137 874598 765677 789317 640273 947737 815828 703392 425729 670273 767129 605942 882851 475917 389400 147011 892995 986140 992830 809118 488154 734818 685360 702021 824563 670618 582305 583222 856525 448297 999999999 260878 493755 441557 763668 637555 659897 774227 368319 259033 500524 689416 78430 603803 950653 298510 735935 393792 962726 699266 486803 572603 115653 531321 333154 753649 708215 198467 377653 880361 163761 1058469 93794 421657 789503 277799 337329 714667 781074 762993 769877 731030 701071 857628 551048 557781 777379 851856 259758 824579 704555 723852 164910 1040030 110362 766966 575019
757663 388642 588395 474407 928759 629345 383395 460330 161157 713927 502870 527233 442587 586281 629465 692279 781441 457368 756583 780689 706467 170546 472206 736176 588246 921751 467409 129079 396661 834889 797116 836726 566516 371784 474968 425637 441283 656380 409801 665555 334779 895239 188219 260878 999999999 523091 214554 502984 529393 399171 657148 109597 304752 242420 529505 330892 537596 825027 110850 662373 145830 733491 486623 297251 315255 376531 512642 388240 539756 465880 418869 426664 918755 424574 858247 187219 161430 787710 160313 89429 496775 520201 548287 515238 601024 469336 856735 395044 524174 823076 890362 217175 625177 615777 506870 409908 834255 295361 518012 327920
283399 648103 182981 523183 803957 801905 416002 350752 680714 260843 130514 743940 144850 366668 799117 329798 297052 455001 686832 335299 210178 646220 506874 286872 134896 402067 80670 569318 465638 425253 713317 649408 736971 277079 790693 750873 807212 538965 764324 168039 608005 375364 597470 493755 523091 999999999 482663 831752 300510 751992 403632 592197 242384 609882 431125 470161 207893 560469 430361 306303 520096 807247 561777 414565 648417 523344 95863 160712 600690 923751 395118 116110 399219 537459 801790 537097 614694 296128 365988 600106 586210 861922 609381 769359 396814 619782 363903 361901 130921 300710 370511 306777 611898 306407 589572 453320 800597 604085 952205 597751
650671 206213 608484 260919 716623 434729 185494 283828 336303 600883 410562 340026 356882 412533 434096 545855 678320 252175 543407 656588 618579 204140 260018 618645 497481 846109 407158 136361 551301 690546 584146 633767 368019 237591 331255 284826 330870 451667 289138 647783 152317 821050 129583 441557 214554 482663 999999999 369018 371749 276654 481846 180645 348819 127637 333886 495562 413701 637379 143555 518251 80357 524170 272072 105671 171609 551795 433741 404106 325329 444213 546236 425549 842885 596805 643782 389349 166840 688878 187012 217284 282682 395507 333949 341930 420491 260487 753805 216128 430312 759461 816312 251280 411269 464191 292681 558639 619716 500811 469576 142501
936666 185095 973284 376924 705251 237716 431967 533732 515833 884474 734760 163845 692321 630271 241089 790157 966391 434103 549255 920988 926507 350388 392365 895149 813405 1151828 751955 374284 894143 920855 584167 706746 224534 558611 41629 84212 74544 555521 93616 999737 224706 1129253 315576 763668 502984 831752 369018 999999999 629696 103826 680530 398964 717513 266672 516317 831066 708424 773535 493123 770210 379645 392586 345270 417215 200215 879266 765003 771766 353957 251544 902443 790048 1148542 927125 593707 687026 344647 980791 550571 436839 327030 32708 353607 113035 620268 263593 1036648 488330 750950 1079461 1124864 618633 442953 713045 332777 905043 556796 788090 212824 235119
307051 449707 483260 264124 513029 538007 206829 97535 683474 254879 170009 504333 180351 74141 534543 174642 336829 198221 386507 295194 305449 575388 246956 265763 211274 524571 235533 503177 673079 318924 414115 369518 480266 158945 588548 560972 628931 238777 587473 445179 430122 503217 500511 637555 529393 300510 371749 629696 999999999 576680 136674 543232 398212 483545 139854 649506 99091 313111 418796 148396 444368 516854 302583 266994 488962 711152 204976 369898 327287 790045 622907 348548 521297 741009 501961 637245 538170 351614 387824 571465 326587 662263 334501 541672 102341 377522 407176 158464 172251 462042 499040 379434 317446 92624 326463 668181 500095 736228 797241 421981
880618 131493 884961 344580 730296 292912 371356 479162 417879 828644 663812 194199 616965 588516 295165 744940 909945 390320 563656 871641 863036 248624 357438 841696 746150 1090588 673578 270554 791054 881916 601836 708163 255852 485572 81157 40880 55239 542175 12488 919176 148697 1067003 212007 659897 399171 751992 276654 103826 576680 999999999 645767 295418 622117 165048 478868 727624 646561 759004 392927 722351 278437 439306 320877 340075 105100 775509 691888 680687 345125 230014 800981 701845 1087307 823402 626100 583321 241103 923198 452644 333905 308641 123220 347615 154342 583137 244683 982523 425499 681405 1012620 1062466 522104 442957 664876 316835 802240 591445 684969 221999 158071
303090 514393 584232 304175 401646 542125 299833 199322 806895 257862 279979 534850 307154 70892 538085 130403 331057 256731 308301 261929 335631 685204 289648 255146 284685 521732 352754 617399 806933 241012 325526 245952 496199 292361 641451 622872 693749 171828 655157 522756 508008 505365 606146 774227 657148 403632 481846 680530 136674 645767 999999999 659934 532817 580128 166907 785293 198658 176467 547647 127660 559220 481838 335531 376608 571336 846744 310017 497978 338479 870151 753861 471741 518644 875608 414832 772778 647985 349105 521582 691667 355365 713086 342542 579460 63512 417165 385954 267168 273796 484666 502021 515959 287778 98652 351218 801212 422070 872641 867473 501667
801890 305719 678425 433009 887739 545673 366047 460777 159436 754749 550294 441144 491310 589838 546327 714639 827752 431887 713169 816369 759116 62352 434697 774930 638022 981557 527515 45783 506097 859427 754165 812738 487036 394965 373770 325166 334445 630510 305354 744918 256193 955489 93761 368319 109597 592197 180645 398964 543232 295418 659934 999999999 394773 151186 514530 439934 570579 817869 162324 685850 100974 662997 436846 283755 222374 483770 566165 472919 486608 360225 527745 507093 978444 532014 806801 288227 54320 836117 229254 43535 442150 414235 494158 422678 599500 403452 903713 392823 571368 887165 950638 297985 579834 634332 452563 519487 779472 389963 409676 251667
515398 550643 284282 508700 898740 757705 385610 386252 452602 482763 281469 675174 232441 471813 756083 510217 533125 454422 748983 556889 448564 455358 496819 508248 347144 642478 216897 385313 275088 634451 783962 765500 689039 269694 680065 633305 674654 611813 634484 364385 499199 615789 429330 259033 304752 242384 348819 717513 398212 622117 532817 394773 999999999 460465 478798 254278 350180 708293 239348 480972 351214 809426 540106 334340 518289 314806 272291 86896 591243 750619 232304 130265 639734 342859 864646 294796 430907 534515 172694 390854 560943 743198 600893 685357 497934 569455 603438 352752 299323 538986 610976 101046 640198 454436 568052 271297 852718 367906 792049 488973
772899 155031 730172 312376 756741 394488 281411 389545 302040 722318 537044 290028 484200 514097 395147 658024 801073 329996 582229 774706 744029 130606 318327 738871 623409 971973 534759 114622 627937 801369 623044 698421 336369 361668 234993 185517 215122 518394 176964 774273 108834 947133 57448 500524 242420 609882 127637 266672 483545 165048 580128 151186 460465 999999999 419845 565687 535338 721596 228051 631832 113389 514579 307167 219585 72915 615677 560983 523651 351927 317060 636067 548350 968735 663127 668483 429489 103174 812318 289215 194400 307586 288237 358405 273601 516901 260580 876082 325081 556475 886513 942422 359725 449706 575948 317921 638534 639053 535863 342418 106588
433568 347528 611471 139523 422744 401130 148731 92773 668436 382438 302139 377326 295928 114913 397506 275408 463322 90950 271034 408496 441891 532438 123984 388478 351070 654456 358619 470013 750022 404979 305203 308650 346551 209279 476584 456405 527112 135314 488301 582756 342084 634573 451187 689416 529505 431125 333886 516317 139854 478868 166907 514530 478798 419845 999999999 715702 238361 304119 425931 258281 413905 378254 174198 233866 405943 777838 337896 471531 190125 703600 710821 459434 651220 813364 387462 670225 495758 479585 416788 550169 196390 548989 196656 419058 104537 254568 528551 139458 308020 598460 630624 432155 180792 203132 194281 748537 379061 777209 700625 336147
753209 697437 421080 717788 1138446 930270 599646 625511 401970 726326 533701 834462 486632 722213 929594 763609 767139 674961 980256 801185 679986 498903 709189 752283 591810 845497 465154 457435 68722 883795 1017510 1012859 863271 508808 800669 751181 771585 850868 738688 538509 642174 819623 515622 78430 330892 470161 495562 831066 649506 727624 785293 439934 254278 565687 715702 999999999 604361 961349 352285 734632 455757 1009767 742630 528305 636681 62188 520661 313628 796662 784826 126568 355673 843186 101831 1093277 172219 492321 765531 319091 411321 759680 849791 806178 830937 747052 751513 832100 580294 550420 739852 815087 284393 861462 708671 768401 86554 1077077 158813 842550 633448
