NAME : synthetic_000511
TYPE : CTSP-D
DIMENSION : 100
GROUPS : 8
RELAXATION_LEVEL : 1
EDGE_WEIGHT_TYPE : EXPLICIT
EDGE_WEIGHT_FORMAT : FULL_MATRIX
EDGE_WEIGHT_SECTION
999999999 141640 613183 212407 905604 690712 645246 503366 569748 612620 534376 780798 602603 759884 685861 584670 396881 412014 225767 61209 560651 676461 271981 144225 858319 213282 948348 841409 650936 635397 464658 338340 865624 170309 766640 516605 287182 600454 498180 180875 170153 466032 415698 850891 639918 684118 730505 392776 504334 923718 554607 370761 376052 671165 508167 596148 803427 765074 326097 318720 553678 456877 583813 487526 567672 854588 926670 585127 706378 488056 24302 98567 567103 887723 625070 943159 753094 538690 448655 910823 63644 177560 335650 516387 568595 495352 472645 769282 198703 1026271 389517 366965 439681 496261 694387 749248 175743 1049944 560869 719258
141640 999999999 752289 101052 1009099 832343 786679 584050 710933 671835 576398 872216 740860 848264 700341 724630 454155 509039 254100 149205 604656 804053 140692 50345 879951 334345 1062292 893318 752498 733491 590390 469958 941286 302563 887803 652949 349095 735658 527886 305418 308996 548574 385057 903507 746292 803186 766269 476148 638047 995371 687389 511460 507315 812689 642511 735358 921408 900745 315016 430740 662607 593721 701787 526214 709182 843996 1035475 658657 841758 492933 144617 179700 704343 990761 642599 1032635 745502 632089 553691 905703 82898 180999 457902 657931 708970 595699 612550 876074 256747 1132273 453270 502517 377145 540101 832532 843710 50864 1155863 700883 832585
613183 752289 999999999 822154 524730 163775 99731 479087 83411 604908 643687 519519 22742 525856 819113 36592 560299 409313 629998 608847 646192 192108 884817 756206 905265 510718 487803 762852 395862 412959 231583 295588 660810 452215 301288 111545 552517 327485 673058 457043 468815 468118 799522 765837 360103 276799 763911 468891 143978 721721 123916 292670 263657 172931 333033 250504 350989 168564 719475 386604 328340 163137 263050 639597 158430 1025472 505484 530128 120662 744866 617807 632587 289291 514905 773123 637670 941152 420018 362402 1048086 676609 667183 335294 171173 57179 380956 250941 413608 581375 602256 538796 358324 882175 624508 84183 483760 775218 622271 57433 339289
212407 101052 822154 999999999 1105378 888139 847397 683938 773791 772876 676788 971078 812587 947589 796280 792328 555192 605890 355028 239334 705131 888429 69401 69134 976626 360860 1154898 993961 848946 830772 675916 550686 1042021 382450 976602 728107 449756 769054 627239 390466 360419 648146 472557 1004186 841313 893050 865553 575355 716626 1096318 766979 562572 588390 866381 675560 778366 1011976 976615 410001 522632 756579 668231 792052 626481 763364 932283 1130081 759310 918089 588397 204620 203256 742487 1087151 739458 1131976 835415 730148 648595 995424 149438 281608 545222 712950 775400 692071 659175 971178 357001 1227909 554136 540610 450935 640704 904311 941966 130245 1251544 768499 925196
905604 1009099 524730 1105378 999999999 663021 613427 442180 603971 437000 549345 167640 508581 199498 629593 554367 591668 500086 779094 866749 528464 333462 1148232 1037380 602484 916163 122784 411003 256602 276922 471683 599813 243035 745190 225079 513080 673153 852010 611884 727072 837745 471657 830272 406470 265840 261669 515214 538653 491713 275683 452534 748976 567771 682982 846774 775226 177219 424944 800463 586971 352646 551973 340418 585976 681747 786867 59746 396484 427085 702708 922607 972954 812338 18674 621665 135089 745529 380125 457417 774862 961751 848873 578097 682588 571020 413433 753700 138336 757591 124941 582097 826346 926692 563444 486076 178942 1005614 148026 562245 204087
690712 832343 163775 888139 663021 999999999 66083 638621 136709 767454 801012 676871 186369 685355 979208 157646 707909 560734 750547 699560 805196 341637 954914 827011 1068885 542986 605850 925837 558293 576228 384677 416013 818683 548001 438507 258536 685518 226465 826277 560485 527931 624915 934753 928608 522451 431360 927101 617817 295855 878288 286210 325989 391970 29536 276296 156299 485822 249358 849162 520442 491790 291277 426702 793336 125066 1186172 634844 692903 235937 893226 689923 687679 207482 655622 931488 784300 1099973 582372 518034 1210336 751592 776636 466687 175209 158534 541085 237868 564677 699121 724092 686155 364410 1011590 779590 176945 642168 862831 741750 172089 492343
645246 786679 99731 847397 613427 66083 999999999 572538 77620 701628 735052 617674 121899 624829 913125 91620 643303 495359 692382 649937 739132 285456 912979 784404 1003626 512025 564963 862567 495568 512641 318879 356264 759247 495942 388369 192842 624013 248813 760809 506292 487331 558961 873087 865566 459794 373314 861499 552888 229968 819670 220598 290589 330254 73384 277112 171716 437032 216325 788782 458268 426472 228431 362559 727781 101285 1120095 589183 627160 189705 828615 646232 649765 218481 604881 865465 730949 1033931 516535 452135 1144405 707268 721660 404807 141490 93924 475012 216872 508731 641570 682071 621574 340404 951494 713857 132625 582310 814815 700822 107156 435228
503366 584050 479087 683938 442180 638621 572538 999999999 511581 142867 167026 290898 456586 265129 340595 481058 149890 111692 340912 453551 167148 377745 719037 618936 449342 585271 521838 361351 198288 171173 257089 303288 362259 373071 398237 381839 236758 720061 209149 345847 494024 37581 400605 369060 211166 318227 302931 110607 343898 420819 355461 509619 296496 640293 667083 661947 409938 529273 359655 218281 167940 366681 242777 175822 573381 547744 480321 86013 481525 295828 524447 588080 673014 423511 294277 449132 462070 76546 126427 575011 550458 413234 248077 540821 482715 98250 573506 324867 327362 567070 140046 577343 496879 155979 514684 266405 573453 589928 468936 311771
569748 710933 83411 773791 603971 136709 77620 511581 999999999 645363 670782 587471 95765 590954 851526 49745 572823 427711 615308 573012 676660 270514 838710 709971 950702 445927 570788 818685 456148 469795 254771 279744 727316 418580 382267 130311 548831 248906 693137 428685 414751 495032 798061 822477 421108 350232 806668 483443 168262 789452 173157 224168 255265 130964 249630 173791 432128 246131 712766 383759 376051 155083 319634 660567 78094 1058964 586980 571973 202931 758024 571514 578147 208370 593385 801871 713048 970483 461053 388023 1086117 632164 644050 329984 88821 34118 415733 169304 487808 564308 684648 551050 283076 875322 647693 158013 550705 738239 704896 46146 412929
612620 671835 604908 772876 437000 767454 701628 142867 645363 999999999 116845 269474 582170 237729 224270 611146 218528 252737 418110 557230 92520 475636 798265 712401 307788 717974 540479 229837 252515 223877 393628 445889 280726 501378 465019 515056 327552 860996 181057 472247 626012 173766 405185 238907 281158 399017 161910 233675 477144 327677 481340 652406 439243 771600 809671 801011 461798 629907 397621 355755 277906 505614 349921 162260 710544 424243 487385 75072 589030 268867 635367 703813 813981 419498 195346 400362 350003 185093 267683 443232 651924 492101 389780 680302 614929 230584 715646 354216 420637 555732 223285 719549 499373 141787 629659 262934 652136 576363 601248 371041
534376 576398 643687 676788 549345 801012 735052 167026 670782 116845 999999999 382779 621385 351432 185358 643436 142489 246074 323271 475592 28704 542726 696628 619943 331581 666954 647723 317607 340685 311219 416591 433712 395491 448809 551843 542715 248430 864792 64213 418154 575589 176098 288387 328000 362740 477076 196331 201257 505179 438692 520698 637734 437076 800935 803039 812269 555891 695340 286356 328384 333702 520520 408800 50622 727896 391382 597374 158089 648371 153456 558144 629989 817985 531440 131331 517207 299801 238547 283074 427288 566244 395406 373829 691226 643537 264543 714047 455674 336305 669938 157097 697307 382573 38194 681587 372150 551917 690996 629781 460319
780798 872216 519519 971078 167640 676871 617674 290898 587471 269474 382779 999999999 499073 31880 466075 541069 436737 368785 631810 736036 361235 336595 1008759 904689 460594 822696 277296 277878 145551 150162 393720 507180 141843 631132 266811 472659 527314 833492 445890 608857 737401 324486 666439 276594 174211 245800 356530 396117 442069 202256 417086 685732 481460 690898 809961 760755 240259 471655 642368 468248 251653 495360 275426 421179 664386 634493 220207 233533 452214 536235 799956 857109 789538 150437 455026 162483 585207 242180 337450 629925 832722 703952 472175 652573 553366 287620 712922 125463 616404 287229 429848 762477 762454 398775 507213 37919 863705 308565 541840 187130
602603 740860 22742 812587 508581 186369 121899 456586 95765 582170 621385 499073 999999999 504840 796516 46024 539299 387945 612873 596295 623712 175188 874513 746119 882588 507490 475856 740727 374019 390768 210378 280143 640133 439658 286502 93567 533684 343547 651234 443223 461899 445943 780024 743787 338311 257632 741179 447810 123754 701324 101271 292263 247074 194839 344051 267223 336363 169990 700850 368138 305622 148572 240671 617722 173185 1002820 491228 507387 117168 723629 608020 625261 303948 498271 750688 619544 918656 397290 340470 1025352 666164 651630 317520 180222 64543 358422 258456 394896 564796 589135 517855 360643 863410 602474 91786 463072 762625 609531 59739 320293
759884 848264 525856 947589 199498 685355 624829 265129 590954 237729 351432 31880 504840 999999999 435013 545626 409034 348354 605722 713833 329626 347666 984019 881673 434895 808776 308503 256191 139289 137634 386654 495232 136844 613286 286376 472635 501886 835010 414722 590121 722266 299757 635847 255879 171681 256605 326858 372235 440547 200217 418944 678978 471247 698200 807982 763416 263685 487691 613394 450263 242228 491631 274410 390435 667086 605838 251923 203879 464899 504872 779498 838077 790431 182316 423279 184390 554794 221645 320616 602982 810696 678325 457365 652870 556952 269982 710659 147339 591928 318509 402961 755176 731712 368095 518496 45574 838564 339621 545010 201390
685861 700341 819113 796280 629593 979208 913125 340595 851526 224270 185358 466075 796516 435013 999999999 821652 318611 430570 461817 624919 175131 699345 802594 748148 181120 839173 743371 273952 476011 447746 596755 619033 418625 623402 687423 722188 412581 1049980 192577 592575 749280 357224 339819 284393 505359 623233 123194 386428 684307 437424 695253 822534 622180 980732 988294 996620 680794 853639 386287 512904 497343 703479 571154 214003 910964 207490 685361 297315 811455 207920 710145 784076 1003132 613934 61308 558681 125734 401654 463786 242347 707105 525437 559108 875436 823124 438300 899388 568858 488952 737407 336585 880731 410720 217071 849897 469972 666375 755233 809341 593212
584670 724630 36592 792328 554367 157646 91620 481058 49745 611146 643436 541069 46024 545626 821652 999999999 553178 404314 611730 582828 647558 220909 855743 726985 914388 476156 521498 777435 412525 427641 227404 275384 681557 426549 332523 101662 538454 298043 669588 433223 436874 467348 786851 780872 377111 301773 771535 462392 138429 743265 131799 257039 245995 160550 298496 222170 382387 204802 704535 372225 337614 143548 277048 636475 127410 1028708 537251 536934 157140 738392 588404 600789 258026 543899 773850 664302 942327 426107 360552 1053559 647865 645783 319568 135424 20594 383697 214745 439285 562083 635059 531497 321888 867393 622383 118998 504637 749046 655387 23832 364496
396881 454155 560299 555192 591668 707909 643303 149890 572823 218528 142489 436737 539299 409034 318611 553178 999999999 152618 201789 339964 166206 498870 583414 494009 473967 524718 671023 445130 346712 320463 328951 312180 488939 306889 537296 451741 109868 745125 130156 276139 433574 125972 258682 454812 355729 453406 337560 91577 416577 541559 443557 508964 323530 703677 677068 698909 553967 642412 209904 201476 295639 418032 364585 104609 621120 517003 630198 208718 589135 185323 420186 490688 699028 573012 258800 590580 418867 220441 205983 559985 433794 275920 252694 579768 549536 214432 592575 474148 202281 716460 21773 563695 353123 105012 611924 414699 436963 739190 536161 455787
412014 509039 409313 605890 500086 560734 495359 111692 427711 252737 246074 368785 387945 348354 430570 404314 152618 999999999 288044 368443 256291 351562 648213 538398 555480 475832 559556 472809 243488 224944 177768 194049 461235 268051 403586 302660 184067 619829 265582 243022 385301 79223 405588 480363 239505 317362 409401 61588 266398 522352 291140 400863 192197 558549 561754 566221 427883 491256 341121 108029 161708 275275 221034 232861 482256 637357 528204 196689 437165 335746 431271 490117 572894 481729 377260 531174 545284 126777 56209 670881 464680 353038 137048 445152 402265 86986 470337 368398 259477 623562 131827 466886 496654 220388 459319 337542 506457 647106 388655 332657
225767 254100 629998 355028 779094 750547 692382 340912 615308 418110 323271 631810 612873 605722 461817 611730 201789 288044 999999999 164564 351267 626141 381641 296700 637133 406923 846420 639453 525192 502496 420592 336626 690679 224825 689943 519306 106051 725481 278659 201115 328237 308283 209188 649589 525821 603480 515911 240870 492670 743198 534259 477190 366411 738563 641981 698466 715810 749942 113668 248373 449685 468307 504172 273588 641330 629311 812055 409427 691866 262308 250025 324329 683845 760462 401569 789075 527678 399128 341281 685080 246184 74161 295746 592281 601588 373185 577324 652672 52854 903863 203679 507226 265899 286469 698939 606474 235192 927100 590118 620642
61209 149205 608847 239334 866749 699560 649937 453551 573012 557230 475592 736036 596295 713833 624919 582828 339964 368443 164564 999999999 502247 654860 289355 170764 797967 260303 915715 785074 610614 593296 441185 321904 815297 156661 739180 506780 230113 628186 437896 156573 200017 416667 357662 794711 602197 654927 671398 343199 490324 872284 539197 389011 359005 682037 537791 616764 773513 753628 266525 283432 517266 448191 553666 428131 579222 793533 890803 533370 694541 426863 85488 159776 591906 848604 564210 897886 691999 494073 409557 849633 96968 120302 308761 527868 568210 453893 492394 732045 139294 988903 333973 396670 387711 437588 687614 705739 166373 1012552 559293 685979
560651 604656 646192 705131 528464 805196 739132 167148 676660 92520 28704 361235 623712 329626 175131 647558 166206 256291 351267 502247 999999999 537413 725273 647967 310150 689052 629402 289057 328267 298808 421915 447233 368470 470645 540747 547611 273990 876118 90491 440153 597399 182093 314401 299419 352410 468386 171357 216490 509812 410713 522607 652617 448391 806160 816561 821808 542436 690915 314862 344414 330092 528361 405042 79298 735841 382594 577745 143470 645515 176404 584308 655756 829185 510769 127254 492085 294973 234008 288746 414598 593517 423658 387766 700579 648563 265388 726285 439403 363041 647949 178982 713917 407697 64967 680803 352607 580480 668704 634782 448171
676461 804053 192108 888429 333462 341637 285456 377745 270514 475636 542726 336595 175188 347666 699345 220909 498870 351562 626141 654860 537413 999999999 943670 819538 756775 629590 310111 596989 233598 257812 213789 338752 478355 506152 114439 193060 529363 518727 586544 498991 565674 381552 756234 598461 199280 91084 623789 411962 184315 537077 135038 434989 301155 357688 515271 442229 163948 154296 691964 382394 209836 244637 135671 552919 348304 898891 318585 402051 118495 670596 687479 720797 478883 323093 662784 445959 824874 304187 295461 911982 738992 680442 346835 350619 237695 287081 424558 223378 586455 418758 479883 510231 848145 533640 170858 303222 815646 440092 229349 150752
271981 140692 884817 69401 1148232 954914 912979 719037 838710 798265 696628 1008759 874513 984019 802594 855743 583414 648213 381641 289355 725273 943670 999999999 128807 983695 430166 1202815 1014114 891675 872049 730219 607912 1072319 439682 1028389 788453 482484 838366 643192 444686 426986 684378 469273 1024569 886230 943852 879996 612839 775264 1124545 825119 629845 645478 933559 744855 847027 1062100 1036841 418784 571429 802939 728792 842465 646009 830351 925548 1175464 790731 978052 595363 267425 272146 811543 1129828 748058 1168167 831440 770007 693803 990385 208365 307588 598076 779711 839224 735071 727296 1015914 392386 1271750 584762 609507 433763 661960 966299 981137 146451 1295307 831915 973143
144225 50345 756206 69134 1037380 827011 784404 618936 709971 712401 619943 904689 746119 881673 748148 726985 494009 538398 296700 170764 647967 819538 128807 999999999 927243 311034 1085978 935931 781101 763342 606880 482100 978567 313765 907468 660719 386789 717614 573204 321361 299362 582751 435240 946001 772958 823934 811430 509633 648520 1033779 698721 502662 519786 806049 624075 722423 942883 909217 363762 453774 687982 600935 722960 570097 702693 893909 1061541 695788 850559 541164 138621 152029 688710 1019202 689934 1066002 795187 663262 580299 955375 80764 225364 476091 651869 710426 624280 601395 902807 293417 1159651 491669 486270 426862 583155 837896 875098 98281 1183297 703155 856307
858319 879951 905265 976626 602484 1068885 1003626 449342 950702 307788 331581 460594 882588 434895 181120 914388 473967 555480 637133 797967 310150 756775 983695 927243 999999999 998529 724423 192238 523185 499700 700923 749500 362461 780313 717444 820628 577161 1168763 360141 749695 907103 476569 519892 198144 557721 670547 146424 524192 782924 354004 783130 956276 745493 1074870 1116175 1108565 698384 907681 566819 651767 577154 813280 643943 373315 1017465 196622 662001 379125 874538 388682 882477 955722 1121741 590468 237353 499917 205581 489798 575203 172613 883275 703251 691499 987995 919476 537946 1022848 581900 659836 689713 488470 1020599 585842 369009 920930 478499 846925 703285 905918 626375
213282 334345 510718 360860 916163 542986 512025 585271 445927 717974 666954 822696 507490 808776 839173 476156 524718 475832 406923 260303 689052 629590 430166 311034 998529 999999999 931419 945341 679482 672643 444685 317577 932440 218449 736591 441489 426948 408200 646598 248902 92044 548981 612642 953496 658173 665318 859364 484306 445281 995022 495104 221987 348401 518526 314701 420568 781150 677474 518378 367805 573157 385427 575986 627430 418559 1025379 923761 671264 623131 659157 197762 159221 382412 900042 778035 981929 923798 593922 489871 1075824 253562 379374 351588 371277 456616 540964 306596 778311 363094 1026797 510170 182476 647987 629727 594806 786704 378895 1049958 453443 714532
948348 1062292 487803 1154898 122784 605850 564963 521838 570788 540479 647723 277296 475856 308503 743371 521498 671023 559556 846420 915715 629402 310111 1202815 1085978 724423 931419 999999999 533365 324456 350685 491865 623667 365817 781579 196782 502654 740799 811868 708078 767517 860324 546276 919872 529022 320600 267652 632291 606544 489593 396653 443223 744546 588266 629209 819907 734212 150304 357473 880859 632290 400312 551009 365156 679727 645855 906900 63118 490575 375433 799541 963079 1006444 776229 133963 730887 249764 861916 451581 510023 896580 1007677 912594 613382 655802 540373 473359 732321 196972 818799 118614 658601 820199 1016544 657217 432641 277592 1064179 135989 534085 229753
841409 893318 762852 993961 411003 925837 862567 361351 818685 229837 317607 277878 740727 256191 273952 777435 445130 472809 639453 785074 289057 596989 1014114 935931 192238 945341 533365 999999999 367789 350000 583350 659840 170237 730057 542567 691922 554961 1052077 372523 701304 853623 396725 582811 10921 403634 507092 153552 461994 655852 168864 646098 862849 647018 935540 1011206 985633 518132 742045 600263 579530 444272 696339 500499 368187 890913 383442 470662 276297 715406 438767 864388 933387 1005746 399575 299125 308859 362944 373732 474531 364843 878658 712373 607663 868408 785663 428111 914636 402681 647107 498047 451944 933900 666949 353258 766321 301581 869524 512199 772692 455998
650936 752498 395862 848946 256602 558293 495568 198288 456148 252515 340685 145551 374019 139289 476011 412525 346712 243488 525192 610614 328267 233598 891675 781101 523185 679482 324456 367789 999999999 29486 248385 362794 275553 494443 213014 334750 419157 697676 395699 474324 595720 221842 598517 370352 35853 149070 391920 284337 301827 339299 283111 540636 336181 568780 668856 627213 215483 385278 556457 333329 106618 352341 136902 364735 531127 669940 286879 185021 351597 486279 668687 722008 652671 238273 446706 302449 601585 127283 202333 679893 706054 593696 331077 514858 422430 156883 571494 128057 501600 380249 334154 617198 694950 342781 399917 108206 749401 403747 410015 119904
635397 733491 412959 830772 276922 576228 512641 171173 469795 223877 311219 150162 390768 137634 447746 427641 320463 224944 502496 593296 298808 257812 872049 763342 499700 672643 350685 350000 29486 999999999 250454 357886 270457 482189 242273 345472 396475 708221 366466 460805 587248 196688 570633 353258 58715 175975 366147 261811 311042 334563 296739 542366 333616 585555 675780 639150 244838 410732 530362 319778 105200 358348 150595 335671 543510 643012 310678 155631 374979 457170 653778 709014 662696 258358 417638 311315 573407 103372 188456 654328 689306 571964 322023 524746 436439 140059 578343 153727 480795 401471 308686 618208 667162 313646 421574 115231 728896 424792 423679 149370
464658 590390 231583 675916 471683 384677 318879 257089 254771 393628 416591 393720 210378 386654 596755 227404 328951 177768 420592 441185 421915 213789 730219 606880 700923 444685 491865 583350 248385 250454 999999999 131815 520905 294691 303228 126174 331433 470239 442371 285722 369131 240563 573286 588566 220829 224235 555518 237437 89002 585008 116802 292347 96895 384413 428630 407725 343099 329540 498438 172609 145380 113395 131317 409157 317006 804200 479854 322079 271944 513296 476920 515579 423514 455812 547433 545858 716039 212712 133522 832038 526591 470117 133135 287639 226948 163050 331608 334279 377445 582679 307551 368813 659643 394985 285791 356039 602003 605978 213190 270021
338340 469958 295588 550686 599813 416013 356264 303288 279744 445889 433712 507180 280143 495232 619033 275384 312180 194049 336626 321904 447233 338752 607912 482100 749500 317577 623667 659840 362794 357886 131815 999999999 623652 168370 434273 187638 270812 433274 440648 165762 238251 273165 519726 666617 340637 356048 603451 232733 168473 687281 217431 206817 37714 406302 369411 387477 474850 432029 433154 111280 256206 132568 261180 411076 314843 823728 610606 384690 372903 492876 348771 384241 386984 583369 562828 665021 728193 290035 185882 860922 401360 371620 60082 270136 264963 234991 281180 461617 286700 713147 291032 274415 595605 403298 369655 470604 486965 736554 253537 400404
865624 941286 660810 1042021 243035 818683 759247 362259 727316 280726 395491 141843 640133 136844 418625 681557 488939 461235 690679 815297 368470 478355 1072319 978567 362461 932440 365817 170237 275553 270457 520905 623652 999999999 729279 403169 609473 592267 971821 458955 703964 843850 399622 682570 164644 308490 387631 296425 472860 577233 64110 555642 812717 602081 832522 944397 900042 370501 610659 678235 567635 375626 627594 411241 442787 803686 552330 302758 282789 593434 541535 886631 949314 927273 233179 426559 141479 523041 338619 442684 535045 912047 764751 581390 789709 693268 391638 847018 262057 685286 328501 488132 888302 774520 422513 648837 177063 925871 343519 681453 328400
170309 302563 452215 382450 745190 548001 495942 373071 418580 501378 448809 631132 439658 613286 623402 426549 306889 268051 224825 156661 470645 506152 439682 313765 780313 218449 781579 730057 494443 482189 294691 168370 729279 999999999 597349 350591 214386 501513 431186 30831 126789 335918 432308 738534 479697 515783 640925 268064 335696 790325 385437 253752 206034 532182 417177 478672 635213 598183 337294 163027 392674 291701 416434 410402 430806 814438 762738 458817 539196 452812 182320 227843 460816 727737 562574 793267 713542 392574 293803 862289 233054 232109 168404 379985 412327 343597 355616 607506 172787 863646 291853 283241 489239 411811 531041 597366 323029 887282 403109 553659
766640 887803 301288 976602 225079 438507 388369 398237 382267 465019 551843 266811 286502 286376 687423 332523 537296 403586 689943 739180 540747 114439 1028389 907468 717444 736591 196782 542567 213014 242273 303228 434273 403169 597349 999999999 306005 587488 628731 604093 586323 668147 412412 795360 542121 189234 86465 596200 458980 293119 456343 246443 547811 397730 458011 628953 551555 49887 208953 741704 458047 243377 354457 187180 571920 459349 876713 204844 397866 202821 693186 779668 818507 590256 217123 659651 347186 812602 321769 348876 881360 827764 750567 431405 464283 350233 324295 538879 141681 655754 304356 520966 623628 890393 550657 261675 241070 894661 325654 342620 94221
516605 652949 111545 728107 513080 258536 192842 381839 130311 515056 542715 472659 93567 472635 722188 101662 451741 302660 519306 506780 547611 193060 788453 660719 820628 441489 502654 691922 334750 345472 126174 187638 609473 350591 306005 999999999 440980 362994 568002 352193 385531 366642 688216 696132 301008 251505 676410 360816 37998 672688 60645 241968 153729 258558 338565 293927 354270 248515 607935 275070 247851 59963 198240 534944 199036 929514 506515 441752 190061 636878 523640 546562 317933 500076 673448 609681 842029 330872 259646 955986 580244 558609 224033 180236 100952 285531 242680 385467 471307 608470 430091 317634 770630 521059 182017 435048 672798 630433 87171 311685
287182 349095 552517 449756 673153 685518 624013 236758 548831 327552 248430 527314 533684 501886 412581 538454 109868 184067 106051 230113 273990 529363 482484 386789 577161 426948 740799 554961 419157 396475 331433 270812 592267 214386 587488 440980 999999999 689996 220125 184031 338063 203038 249238 564609 420238 501151 444740 134824 410602 647004 447728 444691 293773 676836 613850 652957 611763 659997 167371 166240 345647 395828 403295 203857 585221 600225 706029 309570 603071 239600 310623 381766 645629 654530 351337 685822 499199 293114 238757 649122 324373 176671 219234 539125 530850 267924 537785 546705 93486 797883 104989 489310 329726 210239 615674 501212 336712 821142 518423 515894
600454 735658 327485 769054 852010 226465 248813 720061 248906 860996 864792 833492 343547 835010 1049980 298043 745125 619829 725481 628186 876118 518727 838366 717614 1168763 408200 811868 1052077 697676 708221 470239 433274 971821 501513 628731 362994 689996 999999999 873921 524423 430830 696037 929609 1056790 663641 599022 1022570 665109 397313 1034684 416435 248340 427818 197436 93571 77657 678361 464789 836069 543663 608277 356862 560935 844221 170813 1255912 832552 791364 436704 923007 592008 566858 47049 841817 995028 961909 1161225 682892 593752 1290711 652859 729808 493240 183757 282661 631800 152825 736587 672817 927965 724146 233535 990700 835781 381090 796252 775568 947341 293002 661680
498180 527886 673058 627239 611884 826277 760809 209149 693137 181057 64213 445890 651234 414722 192577 669588 130156 265582 278659 437896 90491 586544 643192 573204 360141 646598 708078 372523 395699 366466 442371 440648 458955 431186 604093 568002 220125 873921 999999999 400379 556810 207867 224238 383187 415023 526356 238385 211028 531338 500742 552066 639068 449381 824040 806984 825826 611137 737013 227774 330782 376742 539770 451149 33884 745457 387023 658927 217506 687576 91467 522336 595640 827603 593847 131477 581419 288727 284800 310830 431571 524604 347846 380738 705806 667837 301698 721641 514364 299736 733119 150271 693589 318387 53503 716968 433960 500157 754342 654215 514303
180875 305418 457043 390466 727072 560485 506292 345847 428685 472247 418154 608857 443223 590121 592575 433223 276139 243022 201115 156573 440153 498991 444686 321361 749695 248902 767517 701304 474324 460805 285722 165762 703964 30831 586323 352193 184031 524423 400379 999999999 157451 308490 406567 709887 461242 503377 610609 239443 334220 764541 382755 276100 202586 545959 441850 498303 622629 597788 312122 141091 374495 294654 402948 379582 445914 783872 746572 431298 538663 422921 196017 248280 482748 709402 531756 771243 683056 368754 272456 831538 241442 216261 154968 395699 420092 321311 376429 589995 148396 846737 261275 310195 466783 381089 533880 575733 321203 870402 410154 538587
170153 308996 468815 360419 837745 527931 487331 494024 414751 626012 575589 737401 461899 722266 749280 436874 433574 385301 328237 200017 597399 565674 426986 299362 907103 92044 860324 853623 595720 587248 369131 238251 843850 126789 668147 385531 338063 430830 556810 157451 999999999 457531 536867 861843 576302 592799 767514 392336 382839 906042 433858 203394 272298 506707 339159 426467 710679 630379 441543 277355 490164 326478 499386 536792 403404 937937 848747 580037 573547 573364 164443 163921 396962 821129 688284 897855 836618 505252 402093 987144 226456 311747 265226 352726 418888 453125 303582 699449 280930 951365 418641 197742 580794 538538 552516 702001 345858 974753 413215 638599
466032 548574 468118 648146 471657 624915 558961 37581 495032 173766 176098 324486 445943 299757 357224 467348 125972 79223 308283 416667 182093 381552 684378 582751 476569 548981 546276 396725 221842 196688 240563 273165 399622 335918 412412 366642 203038 696037 207867 308490 457531 999999999 382974 404680 229762 329589 330362 73474 329081 458363 345728 479975 269568 624968 639983 640241 428063 530118 334931 183031 173476 346298 245912 173988 553762 564677 507351 122899 479907 289147 487019 550505 649017 452991 306884 484087 475498 94804 107052 595472 513615 379700 216196 518976 467502 94629 547694 349775 292174 596580 112331 546066 478302 157083 509295 298228 539219 619661 453738 329848
415698 385057 799522 472557 830272 934753 873087 400605 798061 405185 288387 666439 780024 635847 339819 786851 258682 405588 209188 357662 314401 756234 469273 435240 519892 612642 919872 582811 598517 570633 573286 519726 682570 432308 795360 688216 249238 929609 224238 406567 536867 382974 999999999 593716 611231 711945 434681 344475 656349 722115 690044 681536 542927 925959 848382 897713 810093 896455 95520 414886 554312 644751 622794 245509 833360 459813 874343 433827 841463 144154 438603 510736 886725 811929 291521 805484 363122 475495 461202 522947 414751 238142 468290 786379 779746 473112 779257 723407 259734 953124 276631 715471 96686 267765 859075 651368 343255 974842 767189 711808
850891 903507 765837 1004186 406470 928608 865566 369060 822477 238907 328000 276594 743787 255879 284393 780872 454812 480363 649589 794711 299419 598461 1024569 946001 198144 953496 529022 10921 370352 353258 588566 666617 164644 738534 542121 696132 564609 1056790 383187 709887 861843 404680 593716 999999999 406204 508293 164314 470499 660243 160136 649709 869157 653324 938625 1016707 989958 516797 742640 610943 587320 448703 701398 503843 378598 895053 390702 466187 283717 716791 449665 873819 942645 1010540 395413 309985 302035 372092 379710 481106 370585 888446 722587 614837 873073 789348 434278 920014 401749 656882 491617 461385 940507 677867 363506 768135 301395 879899 505437 776439 456389
639918 746292 360103 841313 265840 522451 459794 211166 421108 281158 362740 174211 338311 171681 505359 377111 355729 239505 525821 602197 352410 199280 886230 772958 557721 658173 320600 403634 35853 58715 220829 340637 308490 479697 189234 301008 420238 663641 415023 461242 576302 229762 611231 406204 999999999 117876 424850 286252 268950 371862 248272 512017 311949 533030 636635 592659 198874 352019 564186 321213 87051 321213 102769 383076 496461 701574 289236 210671 316819 504527 656784 707535 618886 248172 473569 325503 631082 135773 192734 713021 696589 592360 313563 481240 387304 152879 539407 129866 498983 386753 341435 588995 707175 361643 364463 136297 745606 410413 375003 100625
684118 803186 276799 893050 261669 431360 373314 318227 350232 399017 477076 245800 257632 256605 623233 301773 453406 317362 603480 654927 468386 91084 943852 823934 670547 665318 267652 507092 149070 175975 224235 356048 387631 515783 86465 251505 501151 599022 526356 503377 592799 329589 711945 508293 117876 999999999 540948 373395 230581 446930 191073 488241 320637 446218 587210 523848 119432 237141 656320 372796 158150 291420 101479 493536 428266 818859 259584 327947 208664 614049 697894 739327 557232 248583 590850 362923 748957 241816 262469 828809 744626 664235 348469 424076 316367 239428 492997 137576 569428 362673 436505 565411 806458 472865 261942 212147 809136 385504 306230 62724
730505 766269 763911 865553 515214 927101 861499 302931 806668 161910 196331 356530 741179 326858 123194 771535 337560 409401 515911 671398 171357 623789 879996 811430 146424 859364 632291 153552 391920 366147 555518 603451 296425 640925 596200 676410 444740 1022570 238385 610609 767514 330362 434681 164314 424850 540948 999999999 380268 638566 314344 640918 810264 599087 932082 969770 962913 583467 776855 461811 507198 435647 667497 504916 243376 872381 280882 572512 234739 740119 291929 754335 826310 975537 500458 146308 437217 230388 345690 428894 288196 760862 586074 545761 842166 775899 392468 876434 468318 532129 618784 349945 875262 515718 234524 783987 365990 738032 635866 762264 502735
392776 476148 468891 575355 538653 617817 552888 110607 483443 233675 201257 396117 447810 372235 386428 462392 91577 61588 240870 343199 216490 411962 612839 509633 524192 484306 606544 461994 284337 261811 237437 232733 472860 268064 458980 360816 134824 665109 211028 239443 392336 73474 344475 470499 286252 373395 380268 999999999 325317 531151 352025 436576 238704 614404 601868 615220 480296 552760 282966 127958 215618 329289 279752 179804 534455 591069 571214 193551 498752 276117 413946 478267 618499 520055 330142 556624 496222 158530 116729 628535 440152 310275 172724 494931 459307 135413 513634 411964 220473 663280 70430 497471 436289 170697 520528 368383 468369 686585 445835 383368
504334 638047 143978 716626 491713 295855 229968 343898 168262 477144 505179 442069 123754 440547 684307 138429 416577 266398 492670 490324 509812 184315 775264 648520 782924 445281 489593 655852 301827 311042 89002 168473 577233 335696 293119 37998 410602 397313 531338 334220 382839 329081 656349 660243 268950 230581 638566 325317 999999999 640763 51153 257687 131947 296426 367894 329798 339707 263651 577922 245848 211579 61462 166656 498150 235723 891603 489036 403956 204519 601422 512989 540792 351661 477893 635789 583103 804343 293129 222181 917989 567783 535335 197024 213715 138824 247534 270906 360690 446025 591759 395019 334831 740270 483958 206288 404260 655409 614183 125043 288336
923718 995371 721721 1096318 275683 878288 819670 420819 789452 327677 438692 202256 701324 200217 437424 743265 541559 522352 743198 872284 410713 537077 1124545 1033779 354004 995022 396653 168864 339299 334563 585008 687281 64110 790325 456343 672688 647004 1034684 500742 764541 906042 458363 722115 160136 371862 446930 314344 531151 640763 999999999 618317 876823 666013 892815 1008141 962497 420326 665017 724268 629325 439736 691502 474528 487631 866120 549236 333974 338915 650644 579116 945077 1008797 990326 269397 453648 151727 531720 401109 505566 524297 968765 817359 644351 852903 755366 454601 910789 317139 740372 340935 542255 952383 811792 468444 706872 238748 978160 352319 743708 386449
554607 687389 123916 766979 452534 286210 220598 355461 173157 481340 520698 417086 101271 418944 695253 131799 443557 291140 534259 539197 522607 135038 825119 698721 783130 495104 443223 646098 283111 296739 116802 217431 555642 385437 246443 60645 447728 416435 552066 382755 433858 345728 690044 649709 248272 191073 640918 352025 51153 618317 999999999 301457 180193 291866 397312 344502 294254 216938 614929 285986 206045 109748 146479 518400 248227 901558 446007 406711 158142 626584 563618 591936 372519 439652 649661 550694 817510 296319 241370 924408 617961 579978 240344 236204 139700 257248 302239 325902 489148 548104 422429 377647 776363 502615 169102 379818 703661 570160 127012 251736
370761 511460 292670 562572 748976 325989 290589 509619 224168 652406 637734 685732 292263 678978 822534 257039 508964 400863 477190 389011 652617 434989 629845 502662 956276 221987 744546 862849 540636 542366 292347 206817 812717 253752 547811 241968 444691 248340 639068 276100 203394 479975 681536 869157 512017 488241 810264 436576 257687 876823 301457 999999999 215835 303810 169310 227827 595690 461034 587785 309670 437169 197004 415204 611420 200976 1025205 746504 589560 409371 681096 367345 361691 207064 734797 764986 834904 927790 489739 388683 1064841 429376 484070 265136 151327 236948 434927 103461 616044 424495 849031 488911 77528 742605 605674 376026 647941 545857 871280 235289 545107
376052 507315 263657 588390 567771 391970 330254 296496 255265 439243 437076 481460 247074 471247 622180 245995 323530 192197 366411 359005 448391 301155 645478 519786 745493 348401 588266 647018 336181 333616 96895 37714 602081 206034 397730 153729 293773 427818 449381 202586 272298 269568 542927 653324 311949 320637 599087 238704 131947 666013 180193 215835 999999999 384371 370683 376523 438995 395580 458883 128562 229810 102522 227826 418501 297796 828372 576736 374395 336452 507169 386439 421045 380952 551647 567637 637319 734635 274048 173195 862983 439052 404972 74720 256489 237336 219139 278221 429930 317787 679531 301921 288280 621714 408839 335323 444369 523645 702846 225176 366813
671165 812689 172931 866381 682982 29536 73384 640293 130964 771600 800935 690898 194839 698200 980732 160550 703677 558549 738563 682037 806160 357688 933559 806049 1074870 518526 629209 935540 568780 585555 384413 406302 832522 532182 458011 258558 676836 197436 824040 545959 506707 624968 925959 938625 533030 446218 932082 614404 296426 892815 291866 303810 384371 999999999 247106 126763 506008 274164 839072 512889 497902 285708 435259 791410 103513 1188022 656494 697461 256531 888817 669598 665134 177958 675023 931845 802364 1100452 586604 517917 1213743 731446 762214 458957 154789 157610 543471 212356 581067 686716 747153 681904 338713 1001072 778346 197751 655622 844259 765192 171392 507905
508167 642511 333033 675560 846774 276296 277112 667083 249630 809671 803039 809961 344051 807982 988294 298496 677068 561754 641981 537791 816561 515271 744855 624075 1116175 314701 819907 1011206 668856 675780 428630 369411 944397 417177 628953 338565 613850 93571 806984 441850 339159 639983 848382 1016707 636635 587210 969770 601868 367894 1008141 397312 169310 370683 247106 999999999 123509 678797 489223 753929 476515 572299 317493 534548 778685 179232 1192250 833708 743156 451397 850376 499160 473290 74474 834915 931570 947978 1095568 638046 542415 1230302 559778 642226 429210 164678 279550 584724 97439 723157 589718 932736 656714 141417 905892 772027 401453 772154 682904 953366 286393 648750
596148 735358 250504 778366 775226 156299 171716 661947 173791 801011 812269 760755 267223 763416 996620 222170 698909 566221 698466 616764 821808 442229 847027 722423 1108565 420568 734212 985633 627213 639150 407725 387477 900042 478672 551555 293927 652957 77657 825826 498303 426467 640241 897713 989958 592659 523848 962913 615220 329798 962497 344502 227827 376523 126763 123509 999999999 601113 387990 806079 498751 541369 295468 490314 795022 96378 1203574 755142 729802 359066 880337 590741 575130 51334 765274 943320 886472 1110845 620026 535619 1235696 652626 710422 446306 121266 207856 570620 124379 661402 645624 850350 677500 238285 964331 785078 303663 723792 771816 869696 218970 586567
