NAME : synthetic_000849
TYPE : CTSP-D
DIMENSION : 100
GROUPS : 8
RELAXATION_LEVEL : 1
EDGE_WEIGHT_TYPE : EXPLICIT
EDGE_WEIGHT_FORMAT : FULL_MATRIX
EDGE_WEIGHT_SECTION
999999999 779030 507159 757570 477804 443417 562347 264388 462960 106928 364611 368626 622780 278829 460925 60732 528052 762188 391529 522119 333493 513809 293872 382967 470528 415206 377987 55658 125469 501017 245973 355033 237720 719166 437314 573220 553496 625030 728794 732975 197566 465299 850131 646010 777229 463755 688968 311271 448187 122583 238377 527362 779106 639080 361400 604987 528916 740622 543717 568759 913721 559489 466161 229114 148830 313336 585344 426940 280371 542304 123773 579440 467664 304523 136026 379045 638907 451182 535429 612127 621235 641263 387398 16774 277280 404245 556620 432818 304651 682829 237620 738748 650952 373725 312905 546883 625606 509411 397443 159780
779030 999999999 803408 178547 1178612 438637 256625 648044 582590 866764 632248 508943 324579 795157 552588 819421 269608 705497 1009079 299140 449967 392559 980991 759985 1186224 718603 705307 831406 879398 588813 793270 511058 643582 63312 841461 814148 226298 800445 400724 78035 726960 437064 265745 591876 925127 691302 339352 861502 387060 740575 982900 760428 345315 667777 499582 899469 1239173 901674 242532 659006 883716 266037 393482 558875 709406 984869 363719 420540 923989 648632 818438 730618 726153 485140 909181 676047 140339 674328 747362 187667 795888 145385 791599 795348 507920 540573 926779 1029710 704160 503338 600576 893815 404686 616617 936304 910013 828541 288071 1034794 746378
507159 803408 999999999 674487 523594 377021 552972 281717 848871 596149 210288 706857 492085 236064 251611 475967 557496 330503 333446 515870 561819 411183 400362 853732 549025 867201 829185 542127 471391 216983 268853 692090 312110 743878 98548 67995 626915 129389 500754 805591 673120 371509 704043 292297 270288 898777 515241 242012 697088 607698 483309 56584 582073 228128 352273 113976 579715 233815 594212 178799 429191 542193 728222 547277 615285 382835 446508 408145 337535 172891 405222 125533 79351 452868 519934 817687 702128 131866 74760 622454 127141 727940 867471 508179 550577 279265 123627 323765 212448 389347 626538 232417 442068 783608 317276 106963 121157 674757 365338 347465
757570 178547 674487 999999999 1102592 346778 195806 573522 672177 856490 532463 566480 182836 711322 433656 786815 234697 535001 921022 235528 459706 282792 912374 825273 1114880 793223 772378 812818 839383 457774 716482 563729 577467 154937 727576 674446 242602 651809 225902 234783 751790 335892 114830 432112 764086 777766 172257 774215 451818 747459 932146 625921 166795 511189 424303 760223 1163912 743460 232174 513970 708694 198091 469520 562627 721402 911835 229683 344476 849672 508399 769852 585896 601744 453187 876387 744288 205798 552827 610899 162630 647580 236761 855553 772583 513861 439773 797604 935418 614997 336227 625629 735331 244474 683879 856052 781149 681421 346788 949465 689382
477804 1178612 523594 1102592 999999999 756151 928222 532393 939400 469237 574455 843692 929022 391443 685427 417756 909165 853332 193208 884275 775306 820578 200142 829993 34401 873424 839264 454676 352479 686216 387221 829459 535035 1115365 428850 576904 958159 640734 984243 1150612 661451 766900 1164885 804264 721159 927758 975986 331002 908463 590837 242394 577986 1058253 749578 682945 537340 61333 693939 936844 690879 920918 920918 930913 688070 622634 193785 882048 763882 254819 675811 381192 648702 557447 702002 357354 846116 1046554 588027 595676 993195 640306 1058961 824222 463117 727639 664745 458188 200738 488369 889296 714322 697625 912095 848889 246641 463928 619325 947379 161333 437020
443417 438637 377021 346778 756151 999999999 182151 227383 557583 549224 193695 413704 183523 365377 130870 460133 180756 416545 577131 141271 255428 71299 565779 637229 768116 627370 594771 498668 505157 183375 369709 402297 234334 376427 403973 402653 249969 408715 286714 431449 502060 24797 419760 275967 560829 638093 246307 429519 358260 470604 590276 343376 336444 318574 83369 483400 817444 529316 217237 274557 603328 172607 389571 310793 455154 565059 142512 40015 502900 253653 431632 335886 297720 172117 546593 573216 326468 245155 334337 251880 403725 351157 661477 456148 280251 102288 497594 594473 270153 264754 396629 522935 210067 521551 509832 480855 431073 309064 604710 348167
562347 256625 552972 195806 928222 182151 999999999 395865 519939 660717 375646 395769 134413 540999 301438 593392 45334 515391 754554 43967 269866 144269 733077 650880 937743 625390 600232 617445 647960 343821 541244 390092 394808 194276 585774 570454 100568 565447 266144 252766 561028 182306 297277 382227 704870 618923 196633 606752 295477 552875 744622 513819 268065 447975 245600 654274 989213 677185 67732 424065 704507 11566 320665 368910 527829 735084 145926 165173 673467 409205 580799 493136 474460 257824 683324 573613 151810 422047 502348 69946 560627 181932 679821 577539 321398 284312 675414 774003 448480 319928 436735 669919 221822 514460 683731 658623 591329 203550 781016 503157
264388 648044 281717 573522 532393 227383 395865 999999999 569846 368924 100694 430790 408192 148775 201276 259322 378530 498370 362118 351937 298360 296038 338975 574991 542591 586100 548263 313420 290682 237095 145439 415662 31231 584734 250752 339300 432876 380302 490793 625771 399477 241928 645772 382437 540045 617062 464864 215953 440040 340828 365354 284334 553235 375626 150634 393615 593442 503561 408343 305908 656026 388528 469443 266748 342240 339589 363577 231618 277748 279127 213811 324903 221571 196037 336638 536143 519997 193165 288050 461488 375922 536263 590577 271915 275845 152820 371336 386155 76394 427513 344822 500167 412932 502148 288305 356878 387634 444344 386966 128571
462960 582590 848871 672177 939400 557583 519939 569846 999999999 483888 643056 145830 648636 679725 666765 523663 475543 974039 845297 509082 304180 592850 755875 197454 929767 144760 147332 486086 587336 723420 654491 159275 541395 548233 817629 900461 435086 929561 782980 507707 284438 580181 786969 833549 1090631 108718 715585 735039 224860 349610 697541 841307 786675 870636 524949 962202 988090 1055604 456983 815871 1159563 526754 203117 303449 316855 773967 641565 518180 733499 790721 575505 862429 780156 407510 584926 121852 471758 738132 840191 515443 924707 448088 228090 476867 299778 607714 940168 883929 644828 809359 237388 1050753 725828 91722 763044 926163 943604 326371 855480 561154
106928 866764 596149 856490 469237 549224 660717 368924 483888 999999999 468256 417976 727188 361361 567159 120186 624301 864805 426821 621796 416935 619222 314571 360860 454565 404650 371396 55898 144789 606004 328101 406534 343372 808628 518075 663490 643614 718418 835129 815771 199498 571427 951896 751275 866122 460045 794116 379605 514809 141162 230151 621440 884163 741476 467693 687141 511970 829819 637023 670814 1011433 658620 527966 308262 176778 338394 690697 531303 323961 644694 192329 677156 563738 403880 115749 380628 726474 551463 630875 706812 714887 725558 356435 97143 359045 511009 631789 469963 402529 789666 288818 828564 757413 392175 358118 623874 716484 588399 424743 254636
364611 632248 210288 532463 574455 193695 375646 100694 643056 468256 999999999 499352 355172 185304 115533 355708 369801 397742 388996 333838 351721 249906 394742 666366 589804 673256 636098 412512 379784 139850 199505 484868 130010 569857 213891 257472 434296 289703 416602 622078 495718 198372 590430 284897 451108 699865 402060 243615 487003 439862 440048 198338 486353 274933 146523 324102 635674 415217 404401 205298 556722 366266 518056 345760 439183 389370 307925 214959 327969 178464 302574 228859 137270 242695 427644 621687 516098 97611 198328 445122 285041 537973 683699 371553 343410 93156 319640 403147 89062 339538 429580 411036 341187 582791 328589 303492 301230 469784 418081 220021
368626 508943 706857 566480 843692 413704 395769 430790 145830 417976 499352 999999999 517916 550244 520983 426982 350452 829636 730085 378328 158903 452930 651143 258813 838292 229637 206076 404519 493409 577618 527702 15383 403697 463192 680810 756801 323892 784510 651822 441933 235651 436795 679573 689444 945383 227505 587025 609426 121889 276882 606821 697263 663664 725081 379119 820589 896565 910511 338734 670042 1014419 400959 120452 169511 241278 666514 506036 374738 619985 644900 466750 716946 636616 261828 501555 178491 380227 593573 695648 404451 779635 364726 289290 384516 156281 461899 802122 766368 506745 669608 131664 905562 590286 118753 647043 787640 799107 225090 743714 438078
622780 324579 492085 182836 929022 183523 134413 408192 648636 727188 355172 517916 999999999 537946 251731 642646 175163 392693 744016 139859 376467 112610 743630 766692 943186 746026 718297 678363 688647 275174 546387 510446 417349 272872 545177 494791 234003 476885 134363 348724 657097 166356 237700 269098 601394 744253 70959 598630 425914 636714 772863 444466 158282 343453 266655 580598 990319 577283 202130 336346 579198 125193 452542 461290 616530 740988 47567 195907 678896 328378 615100 408346 418919 330332 729749 693006 264941 370073 429939 176916 472421 299200 794235 636241 419657 264367 615420 756371 440766 191484 539168 569476 90083 635422 682549 598896 505550 337697 773248 531356
278829 795157 236064 711322 391443 365377 540999 148775 679725 361361 185304 550244 537946 999999999 299698 241496 526080 534343 213948 497323 435306 429136 209976 647608 405296 669941 631516 308408 236117 311611 33321 534861 161703 731893 158539 303945 581589 362035 601158 774406 461312 375507 774548 447623 505133 709740 587113 67200 577376 390184 266436 267933 671650 413966 295705 326909 452776 468998 556636 344867 660373 533019 605262 380768 404583 204078 491202 375839 142745 322673 169479 331456 217673 340115 285107 625174 668514 224803 280216 607945 358955 685034 656964 277402 402789 273580 278609 237467 97251 517406 443750 468040 526326 602020 144803 268299 357133 590523 240027 125379
460925 552588 251611 433656 685427 130870 301438 201276 666765 567159 115533 520983 251731 299698 999999999 460417 308147 319068 496604 265215 363043 160029 509595 721243 702188 719564 684381 512326 490476 56756 315021 508025 224076 492540 294062 272305 379060 278550 301471 554158 565087 121154 481637 188356 433318 737820 291205 354730 481026 518864 555166 213751 372981 205474 142497 354265 746387 400788 345327 149816 496439 290608 512638 390571 511700 503344 204285 167429 442415 126147 413188 206075 173609 261050 537278 666027 451310 121808 203882 370847 273549 478129 742204 470073 373150 63095 374484 506371 204472 226630 478393 394724 227046 619690 441158 357697 300315 439151 526784 328684
60732 819421 475967 786815 417756 460133 593392 259322 523663 120186 355708 426982 642646 241496 460417 999999999 561949 749366 333243 551668 380252 531376 233331 439552 411344 473865 437009 67229 66642 495112 208190 413082 237368 758434 398924 543308 593147 598472 741189 776978 256112 480362 874637 640464 745980 523387 706360 264192 501519 181443 180209 501687 796418 626031 376821 567903 469657 709657 580580 555185 892445 589525 520952 280318 209222 253194 602611 448511 223153 529507 73933 558482 444614 337440 90157 438942 680050 434635 511446 647142 594984 684707 442127 48276 326023 408175 514556 375090 284853 685995 296744 708383 662932 434448 256416 505996 596313 556850 337894 137241
528052 269608 557496 234697 909165 180756 45334 378530 475543 624301 369801 350452 175163 526080 308147 561949 999999999 545185 740022 46133 226524 160347 712046 605634 917216 580067 554916 582672 618558 355262 523679 344761 374153 206303 582804 580125 72365 580042 308665 252285 518388 186996 339893 408875 724510 573915 240177 592695 251536 512789 718214 521897 313298 470209 231204 662394 969818 695455 37414 440259 735001 51211 277543 327948 486777 715476 179012 154892 654463 423196 553782 507155 478277 224578 652091 528280 146366 425676 511693 85716 575134 170453 634642 543606 279461 281891 678348 761646 436596 354395 393314 688463 259393 469134 666731 661607 604596 163715 765421 478834
762188 705497 330503 535001 853332 416545 515391 498370 974039 864805 397742 829636 392693 534343 319068 749366 545185 999999999 663947 499874 670829 391850 724792 1039957 879331 1036582 1002031 808921 763692 267537 562254 817774 526862 660867 428024 278082 614608 217369 310168 739515 883030 394488 510049 140825 247583 1051807 366175 560997 770722 833405 798726 278766 384469 123364 458628 338642 908388 239515 579711 194182 189966 504216 801331 709017 828662 709370 369573 456196 658954 220112 688870 208167 317360 576003 812931 982733 657224 315401 262330 568678 216661 691062 1061208 768631 688435 382159 410981 652816 465327 202935 796928 231187 304301 934181 642881 400178 244362 704601 695821 612130
391529 1009079 333446 921022 193208 577131 754554 362118 845297 426821 388996 730085 744016 213948 496604 333243 740022 663947 999999999 710983 635080 638230 117222 772669 216217 806702 769514 391049 283364 494307 219631 714973 371487 945824 236896 390550 794866 455175 793142 987838 588961 585486 977885 611089 552854 854908 787801 147826 774981 514031 218221 386640 868388 557469 509549 362507 252502 522278 770402 497852 744600 746386 800809 563611 539355 91680 696640 589392 112000 482605 270900 457605 364251 547871 314189 769905 882114 395443 404078 821788 454260 897974 774257 381302 594978 481270 285203 43238 306981 696451 609270 524827 722193 759586 83057 287250 436342 798354 32093 294597
522119 299140 515870 235528 884275 141271 43967 351937 509082 621796 333838 378328 139859 497323 265215 551668 46133 499874 710983 999999999 241785 114370 689124 629193 893776 606954 579948 577438 605425 310782 497333 371192 350880 236325 545208 536448 118284 534938 274169 290420 529797 144382 331804 363033 678583 604416 208746 563212 287483 517692 701261 478754 288548 424080 201777 619332 945257 649697 83013 394737 689779 38002 315139 335551 494000 691119 136413 121639 629511 378124 537640 462144 436903 217995 641438 554226 186259 384325 468078 111515 530048 213116 657323 537077 289909 243515 637558 730798 405224 311255 407637 642664 219007 496181 639880 620783 559834 206352 737315 459533
333493 449967 561819 459706 775306 255428 269866 298360 304180 416935 351721 158903 376467 435306 363043 380252 226524 670829 635080 241785 999999999 299227 575721 391178 776062 375130 344691 383709 444476 419780 419123 146983 276281 392702 547591 607359 229468 630976 507575 399977 292117 278924 566416 530787 790931 382853 447236 499951 142230 292793 554874 547050 529998 566467 222244 675745 832742 756616 229044 512570 855543 271887 171114 108934 263909 586160 357838 217021 531593 487846 395778 561949 488165 109055 467671 321155 309802 442350 543983 300212 626044 308933 418101 350166 57955 305259 664966 666561 374246 514793 166876 751350 441020 267137 553379 649638 647231 176598 653895 342448
513809 392559 411183 282792 820578 71299 144269 296038 592850 619222 249906 452930 112610 429136 160029 531376 160347 391850 638230 114370 299227 999999999 632825 688623 833722 674357 643565 569192 576346 199644 435879 443053 304741 332694 451312 426362 232640 421666 219502 396389 563245 54197 349790 252539 564213 680080 175285 491503 380847 536120 660342 370243 265458 310249 154666 510497 881911 535409 197383 280817 581620 132972 410874 368939 518738 631007 71540 91312 568831 265137 502557 349142 333609 231996 617890 620367 295981 281793 358390 212344 416815 325175 714288 526775 333033 157011 534360 653046 332450 216730 452059 528346 145544 565921 573939 517582 447224 313505 666714 418747
293872 980991 400362 912374 200142 565779 733077 338975 755875 314571 394742 651143 743630 209976 509595 233331 712046 724792 117222 689124 575721 632825 999999999 667869 205236 705297 669017 284067 175188 520252 197298 636520 338364 917861 302398 464558 759199 528762 811065 951290 488132 578670 981117 651855 644849 756062 795406 164871 710285 414103 101621 447028 880865 609677 489243 453198 259260 611936 738734 543803 826377 726282 733557 491241 442553 25575 697574 570138 68032 524171 184625 516801 410252 502146 199862 671950 847699 428652 462756 796726 526947 859438 667237 281325 529109 480230 380658 159950 305843 726231 524406 613383 735929 667373 83216 379118 514787 747278 110347 237015
382967 759985 853732 825273 829993 637229 650880 574991 197454 360860 666366 258813 766692 647608 721243 439552 605634 1039957 772669 629193 391178 688623 667869 999999999 814434 57383 54725 383805 492687 775035 617064 261981 543835 718306 801308 913901 582673 954575 898637 688650 187122 661827 938180 904141 1114937 115721 837097 690083 377159 261202 590446 859276 917289 925333 581861 961741 871263 1078504 596529 862058 1215754 655112 366749 330996 243045 689835 748981 601884 662592 835270 506624 895119 796490 466972 474969 84038 636706 763844 862352 663112 950080 618480 31780 391790 357037 658310 924433 814639 641307 901432 243082 1075001 831889 143596 695552 912705 962625 482435 775805 522231
470528 1186224 549025 1114880 34401 768116 937743 542591 929767 454565 589804 838292 943186 405296 702188 411344 917216 879331 216217 893776 776062 833722 205236 814434 999999999 859215 825730 443823 345135 705371 398414 824309 543313 1123086 453067 603960 964265 668126 1002240 1156130 649539 779789 1179822 826439 752148 914356 991840 347533 907058 580346 232560 602717 1075162 773686 693191 567004 58413 724407 943966 713655 950818 930762 928659 685849 612973 203109 896495 774171 265225 697751 380444 673630 579622 706582 345363 833663 1052790 608180 620224 1001786 667539 1064136 807508 455297 726935 678842 487913 228401 502541 909549 707974 727920 929187 838767 261238 493057 647435 949587 184130 441486
415206 718603 867201 793223 873424 627370 625390 586100 144760 404650 673256 229637 746026 669941 719564 473865 580067 1036582 806702 606954 375130 674357 705297 57383 859215 999999999 38438 422297 530484 774586 640587 235797 555312 679720 820384 925257 551300 962824 879351 645627 217777 651600 907117 898803 1123995 59346 815674 716268 341803 292671 632245 869066 893206 924822 578105 977222 916551 1087842 567874 863726 1215824 630475 327780 330146 269137 726396 731552 590453 695533 837265 537621 900879 806374 460694 516610 54156 599715 770830 870963 632235 958206 579418 85086 425625 348506 657225 943982 848007 655595 889555 243862 1083942 815342 110944 727809 931574 972619 447413 811669 545121
377987 705307 829185 772378 839264 594771 600232 548263 147332 371396 636098 206076 718297 631516 684381 437009 554916 1002031 769514 579948 344691 643565 669017 54725 825730 38438 999999999 386750 494501 739103 602199 210290 517414 663906 781982 887499 529854 925536 850999 633925 180964 619161 885627 864811 1086608 88649 788378 678016 323125 255612 597580 831512 867390 889422 543407 939037 883297 1050404 544620 827749 1180354 604825 312167 294218 231238 689858 702223 558419 658179 801200 500024 864024 768789 426632 482056 29315 582540 733700 833592 610502 920938 563993 86464 388738 314960 621837 905573 810667 617451 857909 207226 1046567 785655 89237 690311 893186 935060 428577 774900 506725
55658 831406 542127 812818 454676 498668 617445 313420 486086 55898 412512 404519 678363 308408 512326 67229 582672 808921 391049 577438 383709 569192 284067 383805 443823 422297 386750 999999999 108904 550513 275087 391809 288325 772040 466083 609231 606440 663528 783644 783681 207095 520368 905744 695847 812317 474694 744401 330888 492109 136530 212283 566369 834554 685587 416397 635020 502089 775920 597587 614919 955878 614727 508108 277009 169718 306240 640732 482549 283738 588809 141048 621540 508304 359658 98957 391952 691128 495594 575572 666409 659944 692398 383648 42787 326588 456894 581719 433691 346784 735636 272942 774514 705698 394958 317636 573214 662124 558443 392454 198984
125469 879398 471391 839383 352479 505157 647960 290682 587336 144789 379784 493409 688647 236117 490476 66642 618558 763692 283364 605425 444476 576346 175188 492687 345135 530484 494501 108904 999999999 519347 204599 479581 274023 817835 385865 539384 653172 598137 780366 839083 313919 523831 923348 663368 738352 581986 749988 241395 567722 240780 113573 503737 839554 641149 422024 553966 403504 702667 638980 570531 896289 643418 587435 346274 271097 197396 646773 497380 179182 546039 77324 565411 450886 395074 49346 498428 740720 448647 515419 704143 595071 746647 492399 110643 391146 443236 493946 326304 299828 717101 362847 702182 702217 497321 213338 487290 592543 620954 283706 162135
501017 588813 216983 457774 686216 183375 343821 237095 723420 606004 139850 577618 275174 311611 56756 495112 355262 267537 494307 310782 419780 199644 520252 775035 705371 774586 739103 550513 519347 999999999 331848 564598 263427 530548 275798 226737 427142 225816 299346 595979 615531 169934 493411 145419 377942 793726 302577 359315 537119 566386 574786 171615 376806 150357 198802 311209 746447 346031 392668 93153 441259 332583 568705 444969 561140 511325 229546 221526 452279 70407 442238 152827 144847 317254 567387 721213 495305 100337 158958 411885 220849 523675 795392 508951 429077 117405 340478 499247 222772 205981 532585 339741 231868 675559 446734 323889 249439 492435 525512 359853
245973 793270 268853 716482 387221 369709 541244 145439 654491 328101 199505 527702 546387 33321 315021 208190 523679 562254 219631 497333 419123 435879 197298 617064 398414 640587 602199 275087 204599 331848 999999999 512337 151988 729958 191646 336632 576302 394061 615946 769354 430397 381794 783828 470938 538241 681463 598348 81900 560552 358625 243037 299162 684323 440915 295780 360180 448375 502055 552851 371100 691716 533798 587673 358294 374043 195354 500279 376683 133192 348001 136410 361284 246948 328496 253809 596630 664002 249814 310861 606899 390884 678992 625818 244259 383388 282983 310886 248016 110629 536636 417676 501021 540005 575212 143085 300925 389802 579162 242742 95502
355033 511058 692090 563729 829459 402297 390092 415662 159275 406534 484868 15383 510446 534861 508025 413082 344761 817774 714973 371192 146983 443053 636520 261981 824309 235797 210290 391809 479581 564598 512337 999999999 388474 463951 665589 742337 321200 770489 644060 445353 227420 425606 676303 677771 931465 237034 579932 594070 124585 265645 593060 682889 657616 712437 365937 805778 882551 896514 334567 656862 1002087 394907 126909 154131 230113 651749 497382 363591 604972 631601 452055 703173 622113 248257 488462 183534 380472 579346 681423 401339 765624 366280 291918 371026 141578 448584 786981 751173 491569 659580 118891 891613 581519 124995 631926 772530 784873 225272 728729 422804
237720 643582 312110 577467 535035 234334 394808 31231 541395 343372 130010 403697 417349 161703 224076 237368 374153 526862 371487 350880 276281 304741 338364 543835 543313 555312 517414 288325 274023 263427 151988 388474 999999999 580330 277115 370298 424705 411531 506469 617725 368326 251295 654093 408293 571251 586839 476742 228354 418469 310249 355994 315536 565977 404506 153281 423467 595666 534757 402093 335231 686337 388206 447248 237978 311152 341323 374115 233229 280459 308325 198555 355823 252783 178417 318284 505582 512667 223973 319276 458487 407148 527119 559353 246231 249962 170888 398904 398230 103435 448750 314597 531382 428271 472382 294471 384781 418801 428871 394647 114053
719166 63312 743878 154937 1115365 376427 194276 584734 548233 808628 569857 463192 272872 731893 492540 758434 206303 660867 945824 236325 392702 332694 917861 718306 1123086 679720 663906 772040 817835 530548 729958 463951 580330 999999999 779844 756690 165671 745346 362846 81670 674597 375688 260113 541893 874162 656444 296978 798277 341853 684774 920642 702046 317365 615979 436365 841672 1175951 849559 179780 603517 842750 204026 352103 501566 654393 921634 308868 357529 860717 591979 756126 674698 666139 423112 848351 634850 84409 614069 689425 124816 740709 100383 749654 735373 450579 478555 867006 966606 641090 457942 547528 841834 357235 574727 872992 850223 772910 238765 971498 683503
437314 841461 98548 727576 428850 403973 585774 250752 817629 518075 213891 680810 545177 158539 294062 398924 582804 428024 236896 545208 547591 451312 302398 801308 453067 820384 781982 466083 385865 275798 191646 665589 277115 779844 999999999 162354 648111 226369 572964 834847 616347 404415 769107 377570 353240 856929 578088 148237 688091 546733 387956 149827 651977 320755 359512 169067 486319 318101 617871 263315 524832 575828 718149 514313 558978 284434 497958 428309 240884 250751 325757 220837 133816 441662 433191 773491 729168 176175 167186 655667 224557 751656 812146 435902 526507 301696 123655 231374 174380 468354 586423 318241 507631 745366 219203 111397 213574 680803 268958 281347
573220 814148 67995 674446 576904 402653 570454 339300 900461 663490 257472 756801 494791 303945 272305 543308 580125 278082 390550 536448 607359 426362 464558 913901 603960 925257 887499 609231 539384 226737 336632 742337 370298 756690 162354 999999999 651315 64771 485021 822717 735257 393237 692916 265870 204182 954767 508685 308780 738649 671296 549742 60712 567524 191682 390711 85826 631002 167504 617406 161649 362611 559255 770110 601436 677481 446009 451646 437258 403130 166413 472929 92179 120315 498454 587926 874876 721732 165541 68441 638621 63711 749562 928620 574707 600878 311929 138215 376166 274311 368201 682985 165534 434389 838513 381342 125024 53189 708084 421930 413441
553496 226298 626915 242602 958159 249969 100568 432876 435086 643614 434296 323892 234003 581589 379060 593147 72365 614608 794866 118284 229468 232640 759199 582673 964265 551300 529854 606440 653172 427142 576302 321200 424705 165671 648111 651315 999999999 652204 362883 193052 517396 258108 355890 479627 796842 538378 292041 648694 211321 522260 757363 592693 354093 542192 291193 733029 1018213 767821 35369 512595 804093 111153 232257 337731 493047 764478 245855 220317 704528 495366 593085 579278 547580 259618 682958 501872 88556 495060 582875 80992 647287 104110 612961 569704 286903 349267 746817 818660 495750 420419 390074 760826 322273 441533 719135 730130 676560 109726 819012 523078
625030 800445 129389 651809 640734 408715 565447 380302 929561 718418 289703 784510 476885 362035 278550 598472 580042 217369 455175 534938 630976 421666 528762 954575 668126 962824 925536 663528 598137 225816 394061 770489 411531 745346 226369 64771 652204 999999999 450593 815077 779471 395728 660312 227501 161505 989397 482062 371399 756808 718124 612693 97761 533085 147953 409886 124676 694253 126052 617446 141943 299902 553991 788436 635266 721985 510482 436828 445966 466686 156846 529608 73011 159372 523302 647031 911378 717235 192412 92271 631540 5005 746837 970763 627577 630036 327757 193709 440055 321780 331221 719252 121455 408057 872072 445556 182839 30999 717602 486478 465742
728794 400724 500754 225902 984243 286714 266144 490793 782980 835129 416602 651822 134363 601158 301471 741189 308665 310168 793142 274169 507575 219502 811065 898637 1002240 879351 850999 783644 780366 299346 615946 644060 506469 362846 572964 485021 362883 450593 999999999 444088 781705 263835 209877 223213 545931 878441 71340 654814 559968 755610 853695 446439 82618 303510 367440 568545 1044802 528461 333141 324847 483222 257899 586200 586501 738073 804612 151371 310757 743850 327868 704165 392964 439448 451008 824624 826097 378131 399448 429278 295668 446951 413213 925666 740929 547674 338128 618412 798579 505664 119890 667379 520131 78271 768954 741781 602945 481393 469494 824106 618896
732975 78035 805591 234783 1150612 431449 252766 625771 507707 815771 622078 441933 348724 774406 554158 776978 252285 739515 987838 290420 399977 396389 951290 688650 1156130 645627 633925 783681 839083 595979 769354 445353 617725 81670 834847 822717 193052 815077 444088 999999999 666232 434310 334342 617507 948213 616388 377409 841453 320769 685261 945777 766479 398770 689804 482093 906851 1210471 922552 218650 673163 922695 263749 323821 507743 652841 957049 381271 407173 897338 659947 782227 743475 726892 449845 865816 604612 106300 674383 754779 184106 810343 92509 720374 749558 457365 533427 927741 1011251 687400 536656 541506 914973 435291 545863 912174 910956 841827 228562 1012061 714660
197566 726960 673120 751790 661451 502060 561028 399477 284438 199498 495718 235651 657097 461312 565087 256112 518388 883030 588961 529797 292117 563245 488132 187122 649539 217777 180964 207095 313919 615531 430397 227420 368326 674597 616347 735257 517396 779471 781705 666232 999999999 526739 858144 752603 938164 268071 727833 502962 348418 74985 419130 682752 814316 764100 433957 778966 707567 901524 520505 697602 1051462 562230 354238 195807 57835 508895 630464 472223 477937 670537 320574 723819 620256 331342 304310 184858 590206 591869 687312 591512 775159 581721 195813 207858 239955 502302 738996 630371 461092 764800 127378 898508 708742 192757 510413 727661 785326 439163 593974 335997
465299 437064 371509 335892 766900 24797 182306 241928 580181 571427 198372 436795 166356 375507 121154 480362 186996 394488 585486 144382 278924 54197 578670 661827 779789 651600 619161 520368 523831 169934 381794 425606 251295 375688 404415 393237 258108 395728 263835 434310 526739 999999999 403845 253708 545366 661745 226282 438401 378057 494723 606528 334903 316165 299483 104009 475416 828231 514564 224204 258962 582066 171943 409166 335589 479607 576990 122962 62061 514807 239449 449509 322722 292623 196913 566043 597443 330637 240084 324796 252204 390766 357036 686160 477743 304810 105239 493431 601229 279112 239995 421383 507976 186641 545446 520288 476646 419169 324141 613686 365348
850131 265745 704043 114830 1164885 419760 297277 645772 786969 951896 590430 679573 237700 774548 481637 874637 339893 510049 977885 331804 566416 349790 981117 938180 1179822 907117 885627 905744 923348 493411 783828 676303 654093 260113 769107 692916 355890 660312 209877 334342 858144 403845 999999999 433060 752263 892393 191164 833979 566103 849311 1009983 651300 128040 513386 501931 777188 1226099 736504 342536 531657 666782 296887 584224 666038 824901 978070 283569 426312 916059 531924 850932 601225 637654 548374 963005 857735 319646 593052 634701 275126 656614 349403 968218 864458 618665 501206 824127 987897 677297 329727 733180 728122 262269 797418 918806 808296 691051 461340 1007708 767888
646010 591876 292297 432112 804264 275967 382227 382437 833549 751275 284897 689444 269098 447623 188356 640464 408875 140825 611089 363033 530787 252539 651855 904141 826439 898803 864811 695847 663368 145419 470938 677771 408293 541893 377570 265870 479627 227501 223213 617507 752603 253708 433060 999999999 333384 912546 260034 487605 630088 707220 713585 235834 305621 80464 322362 347282 862834 311435 444396 114446 329583 370803 660786 573285 699740 640310 238468 315501 583993 128761 586508 174054 246863 438196 711734 844803 528811 223441 217754 440161 223953 561638 926312 654182 550311 250483 402581 608870 364587 103732 661127 303354 188358 795227 574150 388003 258379 565991 643071 504857
777229 925127 270288 764086 721159 560829 704870 540045 1090631 866122 451108 945383 601394 505133 433318 745980 724510 247583 552854 678583 790931 564213 644849 1114937 752148 1123995 1086608 812317 738352 377942 538241 931465 571251 874162 353240 204182 796842 161505 545931 948213 938164 545366 752263 333384 999999999 1150887 591865 501078 914121 875087 737345 255716 624810 258410 569081 191732 767582 36710 761595 286441 207097 693304 945752 796753 880482 623398 566988 599409 589411 307548 674610 229049 318476 683839 786124 1072702 855300 353912 253032 767521 166256 886683 1130561 778442 791283 486333 267651 527478 477900 428626 880557 40072 521549 1033577 563132 266564 152873 869424 581409 617458
463755 691302 898777 777766 927758 638093 618923 617062 108718 460045 699865 227505 744253 709740 737820 523387 573915 1051807 854908 604416 382853 680080 756062 115721 914356 59346 88649 474694 581986 793726 681463 237034 586839 656444 856929 954767 538378 989397 878441 616388 268071 661745 892393 912546 1150887 999999999 812667 758897 327059 342027 685928 897359 886813 943242 595406 1010225 971940 1115074 558142 884488 1233989 624966 308324 354134 315574 776533 733463 599874 743237 858453 584563 925360 835000 476905 570475 85299 579110 796988 898180 619215 984681 556180 140318 475133 364676 676470 980555 895653 688832 896609 272252 1110820 817742 118181 774932 967606 1000757 431064 861153 586047
688968 339352 515241 172257 975986 246307 196633 464864 715585 794116 402060 587025 70959 587113 291205 706360 240177 366175 787801 208746 447236 175285 795406 837097 991840 815674 788378 744401 749988 302577 598348 579932 476742 296978 578088 508685 292041 482062 71340 377409 727833 226282 191164 260034 591865 812667 999999999 644997 491699 706461 830199 463782 90174 339515 329545 594017 1037077 571259 262973 347111 545853 189039 517270 532030 686790 791134 103802 263369 729419 344601 675262 418358 447149 400109 792322 762854 307531 401971 447753 224375 477981 342597 864799 702024 490607 315564 636667 797061 490048 164796 610127 563115 74341 704924 730605 620569 512119 399349 817901 590656
311271 861502 242012 774215 331002 429519 606752 215953 735039 379605 243615 609426 598630 67200 354730 264192 592695 560997 147826 563212 499951 491503 164871 690083 347533 716268 678016 330888 241395 359315 81900 594070 228354 798277 148237 308780 648694 371399 654814 841453 502962 438401 833979 487605 501078 758897 644997 999999999 641692 429491 241345 284772 727707 444935 361921 313613 392151 466181 623535 378949 671144 598563 669077 440086 447899 152807 551479 441601 97999 359561 190447 353510 245454 406610 287266 673775 735502 264976 299779 674111 369086 752191 697018 306485 465153 334829 252748 170274 159421 564802 497855 466435 581677 654545 87422 245897 360963 657208 175295 174056
448187 387060 697088 451818 908463 358260 295477 440040 224860 514809 487003 121889 425914 577376 481026 501519 251536 770722 774981 287483 142230 380847 710285 377159 907058 341803 323125 492109 567722 537119 560552 124585 418469 341853 688091 738649 211321 756808 559968 320769 348418 378057 566103 630088 914121 327059 491699 641692 999999999 376955 680569 677962 561817 676834 348105 810546 964513 881022 232132 630067 959482 302664 31636 221647 342478 722279 422545 318339 669621 607151 527287 685681 621308 246602 584187 294380 259595 573127 673214 292195 751817 242943 408290 464871 181272 429150 803842 807388 515563 594516 228418 875214 506166 233926 692736 788231 775406 105649 792749 480935
122583 740575 607698 747459 590837 470604 552875 340828 349610 141162 439862 276882 636714 390184 518864 181443 512789 833405 514031 517692 292793 536120 414103 261202 580346 292671 255612 136530 240780 566386 358625 265645 310249 684774 546733 671296 522260 718124 755610 685261 74985 494723 849311 707220 875087 342027 706461 429491 376955 999999999 348533 620716 794977 712486 396146 711299 638619 838382 520273 644315 996530 552532 388425 185388 35619 434513 605800 444971 402955 617274 245708 665543 558786 306396 235316 257879 601156 533974 626422 591294 713966 596970 267607 133167 235631 457234 668611 555396 397194 728118 149001 835738 680275 258427 435436 657755 722273 456736 519330 265444
238377 982900 483309 932146 242394 590276 744622 365354 697541 230151 440048 606821 772863 266436 555166 180209 718214 798726 218221 701261 554874 660342 101621 590446 232560 632245 597580 212283 113573 574786 243037 593060 355994 920642 387956 549742 757363 612693 853695 945777 419130 606528 1009983 713585 737345 685928 830199 241345 680569 348533 999999999 525281 918322 679676 508966 546558 290970 703458 740991 611092 912303 739170 700695 458947 380686 127081 728775 587759 147947 589106 164544 592799 481384 497823 115651 603883 845549 491208 539654 803911 610415 853270 586586 222910 502765 516223 476763 260332 352506 778995 475995 704335 776513 606775 175662 473856 601494 730838 207145 242826
527362 760428 56584 625921 577986 343376 513819 284334 841307 621440 198338 697263 444466 267933 213751 501687 521897 278766 386640 478754 547050 370243 447028 859276 602717 869066 831512 566369 503737 171615 299162 682889 315536 702046 149827 60712 592693 97761 446439 766479 682752 334903 651300 235834 255716 897359 463782 284772 677962 620716 525281 999999999 528187 172172 330001 140580 634708 219231 559068 122840 392555 502749 709432 543527 625151 430937 399963 377369 382197 119395 433720 71015 62790 438237 552882 818192 664568 104909 18182 582549 93881 691795 874851 530072 541573 251389 172935 378880 224063 333688 626093 215879 390037 780665 364614 156999 103553 647791 418673 368228
779106 345315 582073 166795 1058253 336444 268065 553235 786675 884163 486353 663664 158282 671650 372981 796418 313298 384469 868388 288548 529998 265458 880865 917289 1075162 893206 867390 834554 839554 376806 684323 657616 565977 317365 651977 567524 354093 533085 82618 398770 814316 316165 128040 305621 624810 886813 90174 727707 561817 794977 918322 528187 999999999 385781 419631 651150 1119112 608606 329743 407051 548506 262732 585234 618604 774551 875688 193961 353142 814312 409238 764532 475508 518971 488607 882167 841122 349644 477141 511176 277651 529473 384011 945671 792189 575754 402510 700476 875478 575044 202030 694755 600233 146210 782262 814069 684911 563913 463743 898983 679727
639080 667777 228128 511189 749578 318574 447975 375626 870636 741476 274933 725081 343453 413966 205474 626031 470209 123364 557469 424080 566467 310249 609677 925333 773686 924822 889422 685587 641149 150357 440915 712437 404506 615979 320755 191682 542192 147953 303510 689804 764100 299483 513386 80464 258410 943242 339515 444935 676834 712486 679676 172172 385781 999999999 347838 269921 806675 233899 506827 70868 291016 436420 708132 595318 708995 595725 308605 358514 542824 96807 565973 103329 199497 466372 690317 871375 597555 192523 154199 509488 144664 629381 945510 645377 578593 267605 329820 550962 342227 183751 682941 226045 266799 825132 529073 316135 178942 621420 589558 488802
361400 499582 352273 424303 682945 83369 245600 150634 524949 467693 146523 379119 266655 295705 142497 376821 231204 458628 509549 201777 222244 154666 489243 581861 693191 578105 543407 416397 422024 198802 295780 365937 153281 436365 359512 390711 291193 409886 367440 482093 433957 104009 501931 322362 569081 595406 329545 361921 348105 396146 508966 330001 419631 347838 999999999 464543 744033 535085 263445 290933 638638 238023 379637 250931 383810 490219 225792 80985 428374 265832 349005 340032 274709 118556 463240 524371 375798 225330 325121 312246 404921 395296 603961 373752 230791 83015 465643 530485 205455 332116 338801 529648 289770 477312 438133 449345 427553 323569 535617 266290
604987 899469 113976 760223 537340 483400 654274 393615 962202 687141 324102 820589 580598 326909 354265 567903 662394 338642 362507 619332 675745 510497 453198 961741 567004 977222 939037 635020 553966 311209 360180 805778 423467 841672 169067 85826 733029 124676 568545 906851 778966 475416 777188 347282 191732 1010225 594017 313613 810546 711299 546558 140580 651150 269921 464543 999999999 587272 159880 699526 246916 383850 643168 841753 660010 721223 431666 537319 516568 398787 252226 494820 176036 189843 566763 600656 928428 805131 240546 152259 722841 126919 832360 974273 604192 664323 388973 79153 339674 321679 450579 738027 162322 519686 895748 371771 75277 94998 785610 391837 447112
