NAME : synthetic_000832
TYPE : CTSP-D
DIMENSION : 100
GROUPS : 8
RELAXATION_LEVEL : 1
EDGE_WEIGHT_TYPE : EXPLICIT
EDGE_WEIGHT_FORMAT : FULL_MATRIX
EDGE_WEIGHT_SECTION
999999999 715972 212790 46818 175062 311832 693486 651766 547080 99852 459373 376211 529335 694790 95093 797414 421006 232550 368981 604813 971066 879604 544689 644874 453106 510676 852267 819347 568376 165738 660198 293304 245506 716577 427263 496995 405148 339724 466457 829658 250930 764549 926682 392616 805838 230237 971133 299354 381915 607441 906256 461158 952980 569656 153345 450940 836744 834071 669312 811174 745873 887233 862183 617742 552720 703802 226186 315426 345196 788748 848536 632580 116062 642224 541717 530901 759523 627745 777607 140798 824607 248473 958779 703245 276377 328517 733703 795178 558578 149366 761110 253915 491784 407850 622430 521197 620733 672279 732103 769503
715972 999999999 548925 757548 844109 420624 524127 64723 188089 753431 258702 621489 742385 167030 638756 750076 386355 642736 827769 131780 674594 389622 299277 189473 357425 246304 800330 719020 153067 614013 961519 430500 640169 889958 337178 641074 954222 605421 708921 808134 465765 634110 449766 437046 639147 520739 604015 1001470 334758 616339 761780 801695 714605 377994 846584 360964 816963 744864 117887 666156 734944 412280 828365 437359 244211 152208 770215 674207 425634 897787 788093 677678 668101 583106 782411 763865 351352 408708 910749 772842 289492 959565 675262 671877 904523 444252 250723 534709 444110 651184 721107 681371 262167 431934 272657 243946 110869 742052 60486 494990
212790 548925 999999999 239108 297728 129010 675380 484498 408428 297124 313053 441240 616572 498688 117713 831652 360570 329072 524447 458805 944809 789154 337140 447015 382234 392317 890154 839305 395938 65541 791611 199579 338627 812612 227617 551806 594179 401260 553680 874924 148363 769068 843851 179841 803858 219929 923919 459097 225307 634512 920511 585075 942698 514490 366079 381640 883162 858882 482059 816470 786147 801781 906434 580558 444083 573145 394358 416176 290242 870838 883495 676488 124179 651965 640792 625634 678591 579768 866231 225229 716142 454673 935476 731691 480353 119835 627349 763169 528971 262980 793831 370036 375771 372478 529015 405100 470180 730052 577293 729891
46818 757548 239108 999999999 131790 347843 738726 693121 591124 117308 502216 416670 564381 730405 124353 837928 467800 272501 390561 648443 1016202 926380 575373 679827 499836 555972 892143 861276 608640 183644 684585 338142 285466 748366 460832 537092 411443 381254 502301 868727 294111 808040 973500 417719 849708 277042 1017257 253001 422887 649658 948461 489770 997117 616395 138440 497686 875638 875459 707175 854453 785926 934044 901248 664005 598652 748928 248251 351927 391916 822598 888766 672849 125488 685779 574496 564613 806336 674290 810376 111252 870982 215596 1003762 744804 274498 357974 780054 840895 604724 191171 801947 289573 537130 454549 669001 566662 663979 710545 775229 815582
175062 844109 297728 131790 999999999 423837 868223 779423 690501 240103 597406 548366 693047 794505 211954 969539 587593 404193 505812 745234 1145844 1044186 626059 742415 618065 662267 1023540 993064 691711 232247 800571 445383 417149 873475 524292 668661 501957 513044 631717 999777 395959 939408 1093442 457504 980836 398764 1144284 163239 512476 781418 1080233 612463 1128033 739602 216527 616221 1006597 1007229 779722 985930 917409 1053161 1032285 790664 708623 852755 367584 482180 510730 949698 1020288 804425 176009 817102 701128 692142 925808 799344 936398 73037 983314 223248 1133660 876590 356921 413978 892466 969316 731925 322877 933639 419625 643900 578723 784161 673850 758817 841247 868529 942879
311832 420624 129010 347843 423837 999999999 589650 356046 282224 375119 187011 418917 593297 382999 224257 768269 273247 343475 552258 330693 848945 670980 240717 333085 286497 272940 827238 768033 267929 193536 789795 129198 349093 786402 118133 513019 645547 382071 534483 816485 105359 691723 727505 136158 722250 204258 819551 582947 99735 574575 844383 587294 854123 417445 458618 286835 825158 789678 359880 738199 727485 685049 846642 489162 326448 446729 441857 418745 218601 834144 819141 624108 247972 581643 623633 606544 565211 483169 833721 352257 593553 560284 841065 668337 552091 67465 506363 668222 444104 303695 730733 388501 258089 298580 414462 286075 341512 683445 448285 632324
693486 524127 675380 738726 868223 589650 999999999 508783 408249 657127 454181 349700 334031 663656 678530 225950 317532 479445 538863 425261 277628 305876 688342 655077 303792 364283 277352 198950 518694 713639 518105 476755 467690 403314 618809 262439 673910 372645 345346 284023 527017 113464 316965 708294 134065 477894 287816 976334 508721 152648 260461 444826 267377 180195 739967 303169 292840 224386 604146 154371 215333 296083 304737 104053 321743 377714 580680 432516 385178 387912 265559 197749 732080 94962 369463 356059 215842 122583 406168 820844 334891 855151 265733 156947 708773 655315 296366 107124 146622 550694 198084 485087 367289 303578 255254 354077 441310 248694 477380 98444
651766 64723 484498 693121 779423 356046 508783 999999999 135549 690851 196100 572331 702018 156128 574086 733515 335964 585058 774502 88508 683784 414437 251134 160025 309569 196448 786128 706778 89113 549502 921488 367991 583116 857958 275652 601001 898623 553761 664843 791143 401926 621178 475627 377659 630733 459773 619922 936754 270251 587212 756058 754613 718045 349325 783609 313045 800104 732483 97015 656536 714062 435747 813283 415204 205793 161426 711535 620875 368779 871475 774328 648589 603415 558949 741572 722882 357442 388797 882715 708216 316091 895960 682827 650091 844566 381161 260008 532281 413668 590056 702569 624770 210234 382566 253530 196654 69112 713746 102634 491788
547080 188089 408428 591124 690501 282224 408249 135549 999999999 574214 95417 436786 569202 269566 479398 626556 200441 455247 640223 59463 622150 398142 284863 250932 174378 61226 681995 606724 111153 469722 788482 254452 452379 731256 246193 468681 766136 418664 530226 682899 297323 521610 457436 351149 538359 338117 573727 841293 183229 465409 665773 619154 644652 234045 668567 177821 691954 631822 212822 561596 601262 414884 707554 307126 86628 164727 583300 486586 238039 750647 670992 526182 516803 443914 608391 589656 306728 285700 759925 622485 313854 784364 618063 536864 718828 327741 230681 453426 293378 468161 593166 493415 74809 247019 165749 63504 78621 591678 187906 413209
99852 753431 297124 117308 240103 375119 657127 690851 574214 999999999 494844 318471 453547 752300 184218 736123 419127 178035 273407 633492 932264 872432 614878 704556 453367 529576 788587 763457 612842 259673 567277 322943 190244 633653 493224 436105 305881 287378 392998 763457 292909 716317 914887 474005 759474 237273 941745 319557 427606 554049 851219 373568 907513 555262 94925 450637 769987 775923 720657 761585 683174 877453 795877 592797 564701 721288 130943 245693 349356 709599 786069 571216 215049 595177 461025 452146 750460 607404 696370 228496 827620 213854 918869 646383 183235 404588 737880 762312 532820 113792 701149 183455 510649 395466 623918 538425 651313 604230 762050 740731
459373 258702 313053 502216 597406 187011 454181 196100 95417 494844 999999999 404660 556749 287401 387335 659952 179364 394776 592544 147828 691065 487724 240302 252698 168442 96166 717564 647768 125296 374676 772497 171919 394178 733346 167669 460290 710895 379258 509591 713874 208447 564982 545719 267306 587865 264500 650856 750278 87812 482154 714641 588799 706248 273987 587882 170911 722899 671803 241029 608349 628069 503101 741007 350136 149524 260139 518824 440470 184567 763422 707579 540197 422838 471806 593824 575196 388213 335423 769244 528593 407211 701190 685292 564517 649861 235461 321385 515345 320772 394428 624360 436469 87912 224508 239148 108958 162040 604851 273060 476534
376211 621489 441240 416670 548366 418917 349700 572331 436786 318471 404660 999999999 176269 690848 393791 421322 236389 144174 216590 489827 618742 607756 622219 657307 264066 376206 476078 445591 525279 452765 374575 292478 131217 372041 508801 120840 353152 40174 115615 454030 317440 398553 639220 554907 442277 223607 637513 636600 393611 235584 533193 184258 590219 298986 394054 260526 461318 459029 640510 443361 369665 607134 486527 307672 381781 530948 230981 82980 224324 430311 472341 256377 447938 278662 204754 187906 488068 330832 425015 515102 588794 506734 604612 328693 361538 482224 508796 456782 251852 226920 385278 137680 362150 189848 400259 377606 510836 298524 604987 441387
529335 742385 616572 564381 693047 593297 334031 702018 569202 453547 556749 176269 999999999 835171 561253 301947 378197 301707 235737 614688 557352 634888 786015 807155 396837 508313 346676 343394 669343 624539 219474 465302 289465 196047 677497 101311 356908 215684 63930 317326 493177 328888 650731 729453 373560 399854 601510 755611 559563 181691 428421 119570 511204 375426 508652 393612 322779 348268 780845 363276 248230 627617 348939 346148 498449 627150 335083 214303 388275 260098 346870 154895 614048 239881 40413 22999 528436 376759 251545 670132 643647 605555 541038 235137 429536 657521 579112 431591 310896 384975 273051 275440 498117 332264 487664 506129 635418 159839 714666 432105
694790 167030 498688 730405 794505 382999 663656 156128 269566 752300 287401 690848 835171 999999999 606262 887482 458541 677327 878972 238891 836774 556524 179475 52385 438359 328592 940825 862096 166182 563281 1053533 442305 677959 1000750 271121 735659 993822 666523 792258 944836 460696 776447 616774 346594 786725 539862 769200 957085 328408 734248 912175 875102 873070 499076 839600 441566 953835 887742 59522 812376 866103 579052 967659 567960 351700 311882 796685 727585 471884 1019451 929172 795256 622863 709737 873638 854890 510995 542667 1029227 721478 456432 943260 836485 801851 921090 380548 411711 688219 561270 664689 855787 720410 337298 505500 408615 332870 222349 860722 227512 647773
95093 638756 117713 124353 211954 224257 678530 574086 479398 184218 387335 393791 561253 606262 999999999 807259 381947 260216 433347 534974 954855 834870 451616 555560 410667 450319 864218 822832 488131 76291 715113 233906 272072 754761 336480 512628 487797 354228 497324 844844 184008 760532 885503 297552 799267 200646 945678 363233 304425 611874 907795 510379 943774 536585 248424 409097 852515 839889 584077 807932 758048 844682 877135 593304 496996 641001 295067 349340 305149 820839 859114 645205 54837 639177 579614 566517 717901 598737 812712 148624 771889 339296 943804 709524 366653 234574 681143 775117 536470 180113 769939 293760 431974 379179 574006 461932 549281 691880 659814 745851
797414 750076 831652 837928 969539 768269 225950 733515 626556 736123 659952 421322 301947 887482 807259 999999999 499112 565442 537535 648613 289738 488088 899205 876310 496199 577090 58972 57567 737703 857312 393173 643720 552472 246035 817325 300892 652704 457935 350804 58133 687666 120841 475826 896945 138549 615510 362122 1048813 700798 197204 128709 418363 227889 392726 801957 494544 66895 49155 828072 111215 53984 471137 81202 320067 540160 603084 628902 490574 550718 192799 51970 165150 862079 188951 317026 314575 427869 344854 218575 935546 542288 904404 272560 100230 731270 835689 517861 250575 339219 648052 37828 552669 576783 469689 480240 568379 665434 142908 702912 279006
421006 386355 360570 467800 587593 273247 317532 335964 200441 419127 179364 236389 378197 458541 381947 499112 999999999 271005 442066 254590 584238 458631 415504 429023 34675 140203 557888 495662 292360 404481 595408 160992 265475 554340 320485 280969 571376 219124 333721 549853 213038 418502 506129 398116 449293 190786 566288 719565 202187 311049 571157 419357 583858 155645 513282 31680 558726 517848 406119 464954 461771 466336 578889 220105 154793 312376 399990 288954 76969 587210 549129 366323 432006 310714 415911 397203 338684 219905 591779 530044 408534 632860 574976 400251 538970 339860 318794 402599 171221 305757 462077 303762 125761 47124 204809 142744 275490 429817 374553 369701
232550 642736 329072 272501 404193 343475 479445 585058 455247 178035 394776 144174 301707 677327 260216 565442 271005 999999999 209231 513889 754233 707214 574072 635954 305424 401209 619892 589335 519959 326821 462591 238087 12975 494549 452058 264677 316585 109998 237883 597107 238719 539186 746168 472531 581990 142276 764993 497591 352996 378326 676769 256049 729985 388794 261990 302192 604201 603115 635060 584878 513574 710325 629633 419079 425193 583240 129218 89318 217210 561740 616355 400402 312461 417619 319424 306341 585020 436030 552847 372337 671520 379886 740838 472613 267965 397265 584353 585066 359334 84080 529452 45148 383440 236961 470203 407203 533785 439944 639695 564620
368981 827769 524447 390561 505812 552258 538863 774502 640223 273407 592544 216590 235737 878972 433347 537535 442066 209231 999999999 696223 786256 817855 782898 839890 473107 581544 580474 578721 717395 507998 294916 445534 205171 379883 661201 276706 137839 223503 197404 549526 447844 557232 844796 679126 602478 351260 821354 538321 559520 397060 664131 122090 744250 514919 298345 469574 554215 584005 833425 595118 483921 815331 580222 516391 593590 745906 142936 153649 408486 463046 581454 386382 476889 452332 224371 223614 700347 542092 445003 501812 804227 379249 770458 467659 196210 603938 725253 643986 464091 261470 508699 164084 565678 398153 616747 584777 716981 394934 816025 636000
604813 131780 458805 648443 745234 330693 425261 88508 59463 633492 147828 489827 614688 238891 534974 648613 254590 513889 696223 999999999 617148 370181 292022 231291 225806 114682 702176 624024 106668 521491 834143 312941 510742 769450 277946 513520 823475 473684 578993 705946 354345 538372 430968 384133 550513 397559 560774 897645 234101 498938 676998 670580 646021 261504 727760 229338 714945 649577 179565 575452 627549 389070 728869 329116 117350 120935 642210 542737 296775 783461 690614 560285 570560 471714 654415 635764 293268 303851 794448 676316 278773 843271 614679 563393 778056 370071 204644 457001 325386 527624 616922 551505 131120 300182 171191 112222 21038 625507 128557 416351
971066 674594 944809 1016202 1145844 848945 277628 683784 622150 932264 691065 618742 557352 836774 954855 289738 584238 754233 786256 617148 999999999 306913 905734 843031 564291 595129 288989 232937 722552 986765 682126 745230 742129 535749 858646 515136 913861 645616 589017 322086 797023 229136 263698 956548 184018 754289 95821 1251810 759547 391247 183715 676724 72513 431956 1012434 564480 325640 243520 779631 195591 330469 283389 314113 364429 543418 524923 847980 700000 656511 475956 277940 402478 1007960 340840 582884 575333 326349 366169 503594 1098128 398071 1125295 17188 322801 969060 911831 425084 181645 418824 827526 300482 756160 603903 577051 456636 582707 626728 415146 616253 216653
879604 389622 789154 926380 1044186 670980 305876 414437 398142 872432 487724 607756 634888 556524 834870 488088 458631 707214 817855 370181 306913 999999999 659028 572840 426702 398138 519850 438045 474908 844234 823847 602115 698085 703582 643683 551196 955615 617126 635836 541503 654272 371093 61282 749159 350575 649413 222295 1178128 571827 456407 444173 738493 363504 318466 964555 428764 548684 461260 503800 379308 499666 23909 549605 301474 345271 254940 827849 687717 534596 674863 506650 503545 881342 400127 672141 657523 122236 276924 697034 983442 100149 1084181 312592 452913 965138 723174 167533 237874 355934 758754 474373 727239 413785 477050 261403 385070 372331 551181 329173 216031
544689 299277 337140 575373 626059 240717 688342 251134 284863 614878 240302 622219 786015 179475 451616 899205 415504 574072 782898 292022 905734 659028 999999999 128682 408294 324121 956404 884734 185385 398908 996377 338278 577733 968869 123502 693402 883514 590570 733859 953636 338105 800770 720238 170386 820544 431797 852511 789290 228728 722313 947963 802151 929511 509279 695407 410605 962675 909215 190418 842625 868221 678993 980362 585000 368786 404307 680497 640048 398833 1002396 946134 779945 459824 711624 821092 802824 584670 566794 1007282 553236 563289 790831 902179 804526 792799 217485 496021 738275 560080 542924 863972 619095 322656 457625 450362 334308 287098 844295 351881 698072
644874 189473 447015 679827 742415 333085 655077 160025 250932 704556 252698 657307 807155 52385 555560 876310 429023 635954 839890 231291 843031 572840 128682 999999999 411815 306404 930988 854026 140825 511423 1024223 399100 637227 977848 219660 708913 951898 631120 761730 933041 414318 768465 633815 294383 781663 496736 779947 905095 284225 715587 908267 841362 875437 484583 790840 414844 942085 879434 71699 806358 852073 594590 957078 556276 336487 321364 753078 689860 435453 1000622 919697 776007 571190 694804 844920 826219 516747 532836 1009091 669381 473548 893272 841678 787675 875353 328530 419987 687639 544232 619561 843453 679635 312560 475418 402361 312499 218136 841478 248149 646996
453106 357425 382234 499836 618065 286497 303792 309569 174378 453367 168442 264066 396837 438359 410667 496199 34675 305424 473107 225806 564291 426702 408294 411815 999999999 113188 554535 488775 272754 429231 615531 183822 299692 566882 321186 297456 603665 249659 356003 548707 236732 409055 475407 405404 437202 223207 541922 752075 206340 314077 561254 445163 567639 132533 547644 3548 557678 511807 384205 454604 461772 435128 576787 202667 121393 278285 434293 320623 107927 595049 545175 371778 459590 307261 435489 416736 307753 198196 601216 559153 374505 667161 555768 398917 573379 351640 284520 382888 160335 340138 459818 337562 101416 75015 170818 113625 246829 436412 342919 348306
510676 246304 392317 555972 662267 272940 364283 196448 61226 529576 96166 376206 508313 328592 450319 577090 140203 401209 581544 114682 595129 398138 324121 306404 113188 999999999 633610 560794 165600 449881 727498 218129 397516 672453 263528 407992 709060 359141 469002 632537 266312 476661 454603 363282 496937 292303 554932 808246 174339 409440 624237 558169 611605 185334 624428 116645 641597 585418 272873 518621 549074 412122 658283 260888 54135 193247 530075 428057 185140 694288 623050 469668 492029 391585 547396 528654 293907 243266 702706 596777 324308 741891 589556 484809 667099 327552 235041 420356 239796 420523 542685 437832 18998 186357 143737 13211 135456 535119 238486 381190
852267 800330 890154 892143 1023540 827238 277352 786128 681995 788587 717564 476078 346676 940825 864218 58972 557888 619892 580474 702176 288989 519850 956404 930988 554535 633610 999999999 83702 793061 915161 409645 702651 606918 258423 875714 355272 690025 513397 399520 35932 746449 166357 501428 955805 171064 673539 371483 1099006 759440 255645 108470 459503 220104 448694 851860 552930 37167 58876 881335 141948 106483 501277 29821 374934 595435 651673 678306 542903 609676 188737 13210 219860 919005 247441 356992 356895 470127 398417 217086 991000 581288 951878 272317 159131 775744 894656 563442 286123 396807 702998 96657 605308 633804 528658 532597 624616 718521 187209 751591 318833
819347 719020 839305 861276 993064 768033 198950 706778 606724 763457 647768 445591 343394 862096 822832 57567 495662 589335 578721 624024 232937 438045 884734 854026 488775 560794 83702 999999999 717410 868937 449259 646705 576452 303224 809158 327727 698326 480023 386798 103785 693035 85659 422491 893312 87845 627034 304634 1079332 695007 212028 87862 461999 173590 375482 833478 487494 110689 25848 802574 58822 99935 420101 113345 300138 520115 569548 661799 519414 553221 249556 70682 195494 877624 187520 362635 358198 386474 321376 275762 955547 497716 939137 215748 117092 770073 835100 480275 202807 328774 670306 71354 580504 562338 470820 453482 551157 639776 189020 669420 235132
568376 153067 395938 608640 691711 267929 518694 89113 111153 612842 125296 525279 669343 166182 488131 737703 292360 519959 717395 106668 722552 474908 185385 140825 272754 165600 793061 717410 999999999 461115 887471 292226 519462 837548 187964 570210 836176 501984 626076 794048 320920 632138 535974 291843 647740 387631 667388 849970 186748 574792 774984 709474 749311 345181 704221 275901 803104 742594 116074 671497 712213 494412 818687 418142 197626 221354 643286 564868 308973 859800 782009 635183 515753 554784 707654 688911 399730 396115 868306 620176 380888 814450 719633 647822 772828 292143 310782 559029 403779 516467 704306 561762 172374 339322 270639 171757 102633 700653 188243 518487
165738 614013 65541 183644 232247 193536 713639 549502 469722 259673 374676 452765 624539 563281 76291 857312 404481 326821 507998 521491 986765 844234 398908 511423 429231 449881 915161 868937 461115 999999999 786425 245569 337910 819599 292460 568650 564002 412648 560764 897746 192570 802313 897685 235718 839034 242035 970617 393973 287417 660416 952145 580682 980755 559981 317361 428245 905705 887321 547480 849846 809785 855956 929732 622556 500354 634181 370892 416046 330343 882631 909282 698114 61098 682783 645293 631348 731242 624339 875938 159689 774190 397446 976684 758195 441100 183104 684604 805509 568442 250802 819648 363494 432661 410255 583090 462382 533503 748171 641421 773801
660198 961519 791611 684585 800571 789795 518105 921488 788482 567277 772497 374575 219474 1053533 715113 393173 595408 462591 294916 834143 682126 823847 996377 1024223 615531 727498 409645 449259 887471 786425 999999999 665918 453030 151498 883296 320644 340627 408696 263194 373719 685708 473755 829818 924673 511878 587621 747318 821691 767994 371682 515455 206543 620880 591069 590278 612252 373904 441272 999729 491625 352758 813050 395346 553219 717774 843069 436334 376127 597660 232913 416823 320356 762816 424967 180103 198848 727741 584596 205602 795724 845960 656393 664942 378588 469227 850462 788619 599271 525239 535712 382852 423180 716928 548819 703305 725505 854856 277453 932560 610403
293304 430500 199579 338142 445383 129198 476755 367991 254452 322943 171919 292478 465302 442305 233906 643720 160992 238087 445534 312941 745230 602115 338278 399100 183822 218129 702651 646705 292226 245569 665918 999999999 240607 657597 219111 383828 552968 257226 407602 690484 53003 573406 654048 264916 606659 97654 725658 590139 115119 448365 725690 466608 743832 315415 416227 182962 699053 667458 404016 620534 601361 612735 721089 381008 263242 410816 354382 301986 93485 704973 695045 496268 279229 459324 496637 479240 486917 380438 704541 381951 538011 530574 735920 543521 480949 195711 447241 563591 330152 224328 605997 282595 199421 176093 340809 229196 329847 554848 441144 530477
245506 640169 338627 285466 417149 349093 467690 583116 452379 190244 394178 131217 289465 677959 272072 552472 265475 12975 205171 510742 742129 698085 577733 637227 299692 397516 606918 576452 519462 337910 453030 240607 999999999 482741 456217 251702 316717 97372 225590 584153 243966 526596 736451 479317 569487 146289 753575 509775 355100 365527 663909 246540 717500 379811 273051 296406 591254 590184 634872 572217 500599 700889 616678 408593 420048 577852 134675 78214 214564 549424 603380 387428 324591 405129 307778 294458 575949 426042 540749 385231 663736 390445 728667 459705 274029 404102 577022 573499 348967 96887 516492 42451 379971 229987 463049 403144 530798 427050 635940 553439
716577 889958 812612 748366 873475 786402 403314 857958 731256 633653 733346 372041 196047 1000750 754761 246035 554340 494549 379883 769450 535749 703582 968869 977848 566882 672453 258423 303224 837548 819599 151498 657597 482741 999999999 865263 276253 462171 411660 259188 222493 687864 339238 702548 922448 373102 595622 605913 918115 746086 274831 365026 262419 472286 512010 675631 564027 222467 292885 943890 350212 211726 690313 243884 459714 652281 758475 507013 405605 575996 87227 265990 214517 806751 317738 175421 188329 618820 490810 65353 856818 738007 758414 518576 250674 572513 851467 691550 470475 445865 576414 241123 464092 665307 511249 620781 667882 789250 154945 853638 487574
427263 337178 227617 460832 524292 118133 618809 275652 246193 493224 167669 508801 677497 271121 336480 817325 320485 452058 661201 277946 858646 643683 123502 219660 321186 263528 875714 809158 187964 292460 883296 219111 456217 865263 999999999 589029 760149 475164 622550 869357 214904 727906 703375 106191 752837 309960 816692 686430 119598 631534 878914 685549 873626 439075 575908 322789 878290 832543 256639 772300 781775 660879 897778 514904 315961 398868 557026 520811 289564 904858 866354 686295 351771 628374 710929 693027 551579 501914 907524 451362 555888 675155 852950 719546 669918 111058 476170 682908 480413 419421 780798 497174 255367 357642 404899 276048 282117 749023 376201 644186
496995 641074 551806 537092 668661 513019 262439 601001 468681 436105 460290 120840 101311 735659 512628 300892 280969 264677 276706 513520 515136 551196 693402 708913 297456 407992 355272 327727 570210 568650 320644 383828 251702 276253 589029 999999999 411505 158919 84675 333323 417987 288632 572966 648567 333583 331880 545198 751674 469836 124054 415582 187392 479968 276145 506279 294323 340700 339821 680787 330976 248905 546231 365799 254192 397163 527114 336144 191723 299954 321633 351684 135764 567104 176437 141433 123031 439337 283573 320733 635928 551557 614337 500015 210673 453940 579096 482930 367283 213139 347746 265284 252870 398369 236332 388013 405445 534218 179571 613674 360140
405148 954222 594179 411443 501957 645547 673910 898623 766136 305881 710895 353152 356908 993822 487797 652704 571376 316585 137839 823475 913861 955615 883514 951898 603665 709060 690025 698326 836176 564002 340627 552968 316717 462171 760149 411505 999999999 356006 329267 656858 545447 684914 982009 762832 729876 455523 953598 491152 668073 528728 781119 237340 867907 652041 285972 600171 660380 700769 951515 720181 600390 952915 685716 654171 724907 879274 203826 283442 529933 549194 692708 511501 520880 585273 335911 340385 838183 679931 526666 517736 941633 323796 897670 592042 145506 689180 861878 777976 601891 342081 627186 274475 692372 529262 752358 713298 843946 510268 945890 771612
339724 605421 401260 381254 513044 382071 372645 553761 418664 287378 379258 40174 215684 666523 354228 457935 219124 109998 223503 473684 645616 617126 590570 631120 249659 359141 513397 480023 501984 412648 408696 257226 97372 411660 475164 158919 356006 999999999 153894 492166 279486 429224 651762 517754 472154 184356 659704 606748 361885 268579 567269 211845 620180 302475 367416 246122 499592 494384 617831 474881 406915 618022 524615 320744 370113 523337 212206 73159 195819 470483 509268 293538 408525 307818 242685 226343 495970 341227 465075 477658 591716 482720 631967 363618 348061 444529 508762 479139 262476 190425 421456 113192 343877 174671 397441 361840 494553 337707 592555 460983
466457 708921 553680 502301 631717 534483 345346 664843 530226 392998 509591 115615 63930 792258 497324 350804 333721 237883 197404 578993 589017 635836 733859 761730 356003 469002 399520 386798 626076 560764 263194 407602 225590 259188 622550 84675 329267 153894 999999999 372292 432970 360153 657454 670504 405425 338214 624694 699580 505951 199915 473786 103070 548545 354446 452398 352612 378391 394766 739522 399071 296863 630901 404464 337959 464954 602572 278789 151066 335030 323857 398403 191777 550152 256027 89152 72450 523403 366798 315459 607233 634575 553626 573311 272739 383690 597822 563740 448748 293963 321324 318809 212832 457209 286779 464894 468189 599957 212823 685488 443500
829658 808134 874924 868727 999777 816485 284023 791143 682899 763457 713874 454030 317326 944836 844844 58133 549853 597107 549526 705946 322086 541503 953636 933041 548707 632537 35932 103785 794048 897746 373719 690484 584153 222493 869357 333323 656858 492166 372292 999999999 732840 178120 526174 946703 190935 656901 402160 1071735 751977 242121 143687 428045 254327 448880 824548 546902 9062 82968 885467 162248 89132 523776 32528 377057 596672 661216 650837 518061 598146 154149 44562 199765 899518 242068 325421 326315 485028 402371 182219 969070 598589 922877 305233 149820 745262 883950 575737 305124 393636 680685 89853 580620 631653 518301 538013 624110 722934 159513 761045 335244
250930 465765 148363 294111 395959 105359 527017 401926 297323 292909 208447 317440 493177 460696 184008 687666 213038 238719 447844 354345 797023 654272 338105 414318 236732 266312 746449 693035 320920 192570 685708 53003 243966 687864 214904 417987 545447 279486 432970 732840 999999999 621476 706606 238966 655768 98949 778444 544075 134776 491133 773305 482399 794336 368018 383368 235813 741268 713177 427755 668795 643758 665181 763894 432624 313514 457404 342809 313485 141915 739556 739292 536348 227311 505520 522012 505337 539626 432833 737497 331005 588531 494110 787493 587463 461086 165093 497983 615435 380619 206317 649854 283839 247994 224344 392876 277962 369925 592873 481245 582735
764549 634110 769068 808040 939408 691723 113464 621178 521610 716317 564982 398553 328888 776447 760532 120841 418502 539186 557232 538372 229136 371093 800770 768465 409055 476661 166357 85659 632138 802313 473755 573406 526596 339238 727906 288632 684914 429224 360153 178120 621476 999999999 364379 814424 45275 561762 276668 1035092 615328 164797 152661 447980 191852 291618 792080 408012 186437 111308 716926 47533 129491 355513 194904 215773 435052 485326 624142 477468 480178 303832 153999 174097 815023 122330 356181 347542 307044 236024 326543 897675 421690 902294 213231 97376 741670 758335 397965 133550 248759 617070 103284 536052 478848 397437 367836 466756 554122 196994 585245 158723
926682 449766 843851 973500 1093442 727505 316965 475627 457436 914887 545719 639220 650731 616774 885503 475826 506129 746168 844796 430968 263698 61282 720238 633815 475407 454603 501428 422491 535974 897685 829818 654048 736451 702548 703375 572966 982009 651762 657454 526174 706606 364379 999999999 808585 337320 696551 172723 1224134 628799 469608 416902 758999 326345 359672 1005812 477223 532703 443980 564537 364870 493834 42625 530780 331639 401118 316214 863705 720678 582801 666621 488379 511486 933053 411821 686427 672904 167664 310813 690336 1034118 160475 1125065 271815 453174 999432 780973 227394 232089 389290 801634 466689 763490 469613 520874 314860 441445 433440 553630 389280 220240
392616 437046 179841 417719 457504 136158 708294 377659 351149 474005 267306 554907 729453 346594 297552 896945 398116 472531 679126 384133 956548 749159 170386 294383 405404 363282 955805 893312 291843 235718 924673 264916 479317 922448 106191 648567 762832 517754 670504 946703 238966 814424 808585 999999999 842154 337404 918156 620667 199582 705629 966653 721059 968019 530686 545858 406413 955485 915795 345190 859989 858031 766032 976274 605353 416829 505050 559658 551552 351524 969251 947181 756934 296672 708814 759655 742627 654764 595181 969298 385077 661990 632740 950104 797603 656618 75274 581629 778598 565666 422421 859719 516968 352992 428669 506419 376199 388039 817291 479447 740742
805838 639147 803858 849708 980836 722250 134065 630733 538359 759474 587865 442277 373560 786725 799267 138549 449293 581990 602478 550513 184018 350575 820544 781663 437202 496937 171064 87845 647740 839034 511878 606659 569487 373102 752837 333583 729876 472154 405425 190935 655768 45275 337320 842154 999999999 599643 235761 1078547 642611 209604 127463 492815 148042 313975 836120 436446 198203 112217 727300 29117 161377 333046 200852 237956 452426 488252 668755 521762 513968 329862 157899 218669 853554 164375 400090 391902 300617 253766 354387 937864 410302 946832 168014 140134 786850 788306 396385 115062 278156 659003 132253 579905 500665 431427 379330 486330 565108 237149 587785 148831
230237 520739 219929 277042 398764 204258 477894 459773 338117 237273 264500 223607 399854 539862 200646 615510 190786 142276 351260 397559 754289 649413 431797 496736 223207 292303 673539 627034 387631 242035 587621 97654 146289 595622 309960 331880 455523 184356 338214 656901 98949 561762 696551 337404 599643 999999999 747034 528896 212619 418478 710677 383666 743451 340852 332138 220940 664994 645295 500699 609268 568545 657007 688700 393773 328576 484283 256861 214538 115594 651487 667475 457711 254307 441366 426780 410649 529306 400945 647640 345063 596494 449996 743174 516222 385412 262884 505862 574889 336255 130455 577800 187311 273378 180300 393374 301220 415958 510269 525994 546384
971133 604015 923919 1017257 1144284 819551 287816 619922 573727 941745 650856 637513 601510 769200 945678 362122 566288 764993 821354 560774 95821 222295 852511 779947 541922 554932 371483 304634 667388 970617 747318 725658 753575 605913 816692 545198 953598 659704 624694 402160 778444 276668 172723 918156 235761 747034 999999999 1259821 725670 424889 271738 718877 165995 410667 1026476 542703 406866 320163 713762 256036 395190 198387 398580 353626 501343 458731 868492 720326 641777 553627 359454 448445 997197 369028 631211 621361 267940 347065 580247 1092019 318967 1142423 107926 374044 995942 879531 360125 180752 412555 832811 365286 772510 566143 566869 411895 541970 567859 472771 544318 201715
299354 1001470 459097 253001 163239 582947 976334 936754 841293 319557 750278 636600 755611 957085 363233 1048813 719565 497591 538321 897645 1251810 1178128 789290 905095 752075 808246 1099006 1079332 849970 393973 821691 590139 509775 918115 686430 751674 491152 606748 699580 1071735 544075 1035092 1224134 620667 1078547 528896 1259821 999999999 667590 871899 1167193 657146 1226578 865484 247191 749833 1077646 1090480 940968 1079930 995197 1185187 1103773 908681 851552 1000829 420900 559951 644257 1000336 1097523 885137 335547 914383 755242 749924 1057478 921206 983113 236103 1123946 167372 1238426 962332 352622 576565 1033029 1081042 848830 427109 1014987 499508 789480 703592 921731 819136 912305 912370 1022998 1058357
381915 334758 225307 422887 512476 99735 508721 270251 183229 427606 87812 393611 559563 328408 304425 700798 202187 352996 559520 234101 759547 571827 228728 284225 206340 174339 759440 695007 186748 287417 767994 115119 355100 746086 119598 469836 668073 361885 505951 751977 134776 615328 628799 199582 642611 212619 725670 667590 999999999 512960 767357 573571 769034 331383 518045 207530 760863 717864 293228 660664 663959 586271 780848 405805 228275 347950 468869 413191 171303 785266 750415 567111 337072 512017 593762 575667 467866 396232 787958 442750 493818 627706 752542 602293 592875 153970 406761 580384 366666 336316 663945 397281 160547 238133 317210 187540 246631 629598 356068 543140
607441 616339 634512 649658 781418 574575 152648 587212 465409 554049 482154 235584 181691 734248 611874 197204 311049 378326 397060 498938 391247 456407 722313 715587 314077 409440 255645 212028 574792 660416 371682 448365 365527 274831 631534 124054 528728 268579 199915 242121 491133 164797 469608 705629 209604 418478 424889 871899 512960 999999999 298836 295262 356485 238602 627917 311857 250709 228064 676187 208223 153008 447860 272839 185567 382872 483694 459370 313058 356104 285251 249123 61424 666708 58197 216824 203513 356141 216919 295511 743537 474286 737549 376031 97817 577839 642031 419856 250834 173554 458558 159418 372420 405220 276961 346046 403101 518155 126592 578910 250459
906256 761780 920511 948461 1080233 844383 260461 756058 665773 851219 714641 533193 428421 912175 907795 128709 571157 676769 664131 676998 183715 444173 947963 908267 561254 624237 108470 87862 774984 952145 515455 725690 663909 365026 878914 415582 781119 567269 473786 143687 773305 152661 416902 966653 127463 710677 271738 1167193 767357 298836 999999999 546024 112765 440655 921304 560292 145634 80381 852865 106705 180836 423403 131196 364507 579885 609974 749493 607274 632346 297197 99317 283007 962512 269365 445263 442111 416211 381170 325554 1041876 517546 1026646 167684 204923 856529 910975 515125 228035 401117 757387 155500 668331 627679 549622 505937 613709 691162 270897 708713 266971
461158 801695 585075 489770 612463 587294 444826 754613 619154 373568 588799 184258 119570 875102 510379 418363 419357 256049 122090 670580 676724 738493 802151 841362 445163 558169 459503 461999 709474 580682 206543 466608 246540 262419 685549 187392 237340 211845 103070 428045 482399 447980 758999 721059 492815 383666 718877 657146 573571 295262 546024 999999999 630691 455607 413380 441665 432555 465669 824556 482842 365241 733183 458500 441029 559090 701306 245109 170182 407055 343215 460941 274261 559378 352960 102625 103919 626466 469806 326759 599757 737479 500417 660468 354703 318298 646378 665741 546042 396358 330407 391174 217188 544882 372370 564917 558662 691617 275456 781401 543256
952980 714605 942698 997117 1128033 854123 267377 718045 644652 907513 706248 590219 511204 873070 943774 227889 583858 729985 744250 646021 72513 363504 929511 875437 567639 611605 220104 173590 749311 980755 620880 743832 717500 472286 873626 479968 867907 620180 548545 254327 794336 191852 326345 968019 148042 743451 165995 1226578 769034 356485 112765 630691 999999999 437765 983909 567373 257150 179634 814822 149541 273430 340800 243912 364976 562224 562925 815839 669318 652537 408462 209801 357881 997740 312371 533482 527632 363262 372850 436525 1083923 448515 1094031 58164 276636 931660 918797 463897 191470 413750 806634 244240 727801 618357 570912 479351 599800 657492 361534 657938 231452
569656 377994 514490 616395 739602 417445 180195 349325 234045 555262 273987 298986 375426 499076 536585 392726 155645 388794 514919 261504 431956 318466 509279 484583 132533 185334 448694 375482 345181 559981 591069 315415 379811 512010 439075 276145 652041 302475 354446 448880 368018 291618 359672 530686 313975 340852 410667 865484 331383 238602 440655 455607 437765 999999999 646613 132926 457937 400084 440276 334420 367584 322350 473825 76157 148130 252042 510761 374814 231640 522166 437970 300018 587286 210696 415824 397997 196243 65796 533803 684097 289913 766097 423717 303206 649066 481350 211131 250823 66522 441962 359125 410117 187281 161968 112322 175973 280214 364837 343024 215783
153345 846584 366079 138440 216527 458618 739967 783609 668567 94925 587882 394054 508652 839600 248424 801957 513282 261990 298345 727760 1012434 964555 695407 790840 547644 624428 851860 833478 704221 317361 590278 416227 273051 675631 575908 506279 285972 367416 452398 824548 383368 792080 1005812 545858 836120 332138 1026476 247191 518045 627917 921304 413380 983909 646613 999999999 544863 830475 844070 810212 836138 748261 968962 856598 680801 659582 816213 173727 314918 444163 756212 850464 638747 262294 672716 509505 503515 842409 696849 740136 234908 921576 119774 998487 716670 142186 480635 832074 846189 620940 207526 768423 256393 605490 488170 717960 633326 745383 665180 856302 826490
450940 360964 381640 497686 616221 286835 303169 313045 177821 450637 170911 260526 393612 441566 409097 494544 31680 302192 469574 229338 564480 428764 410605 414844 3548 116645 552930 487494 275901 428245 612252 182962 296406 564027 322789 294323 600171 246122 352612 546902 235813 408012 477223 406413 436446 220940 542703 749833 207530 311857 560292 441665 567373 132926 544863 999999999 555865 510449 387498 453667 459851 437037 575072 202402 124850 281629 431023 317111 105834 592522 543624 369389 458203 305594 432223 413470 309590 198483 598575 557538 377133 664408 555862 397096 570138 352168 287245 383010 159255 337345 458095 334201 104732 71473 173417 117151 250360 433954 346451 348637
