NAME : synthetic_000609
TYPE : CTSP-D
DIMENSION : 100
GROUPS : 8
RELAXATION_LEVEL : 1
EDGE_WEIGHT_TYPE : EXPLICIT
EDGE_WEIGHT_FORMAT : FULL_MATRIX
EDGE_WEIGHT_SECTION
999999999 227112 410719 59997 575694 264356 510219 693921 666659 173140 392507 353399 288081 516849 560468 315332 350653 505810 313079 293105 222806 445678 613298 525303 339814 464939 245328 430808 494656 515799 293032 515127 483425 400489 475790 384223 558331 530319 397955 641525 659380 492847 250473 612496 258694 719442 215435 363960 296412 634464 624565 591977 674110 649900 371942 236372 372103 634573 119129 476477 516055 425531 646128 501361 415478 328073 388497 263646 214610 641443 618898 515230 408637 456394 487066 298780 303929 403321 348779 695828 317293 248638 269614 484923 205239 431744 338435 412724 107207 630026 558911 201740 607312 242102 456776 291653 650837 564756 540590 635690
227112 999999999 527308 286501 424476 95249 411014 562835 471401 116080 283306 188778 164212 491667 334185 503186 204711 507795 520879 373619 309414 477781 417249 602350 408780 268366 442874 569129 622106 400493 289726 623515 399950 316225 459488 506843 509427 701817 212078 438546 466897 429211 416286 558250 145311 593919 439742 305696 265359 410809 513351 470325 446999 427119 230646 443059 510457 506671 109519 521146 547434 469710 429396 358152 599015 430066 530203 256073 71551 423758 433185 576845 380027 670454 447276 453957 95291 199559 486965 534351 488656 229543 463895 621138 333747 575275 555505 355678 120930 504969 456694 335015 459248 327265 390244 276523 438716 364198 327275 461195
410719 527308 999999999 405820 947380 611726 442111 614166 994438 551810 418367 489914 663312 312369 772174 195709 462918 257957 570072 694495 628626 851851 699081 911389 741315 794273 237586 63882 846152 906352 273797 881315 403163 381157 886509 27893 375074 224531 739263 739565 724668 371935 176352 415658 420837 621706 352241 767911 702841 894608 528101 527434 890691 913376 744489 266739 59403 566665 472575 878410 208228 829589 931840 877011 196165 717139 62644 672125 565132 789326 677595 909321 290877 356017 896718 129556 622304 724831 72643 678979 150715 317436 575773 828616 598580 774561 550202 339111 445980 558132 472130 210774 588455 200044 861673 290727 775846 886536 840114 663820
59997 286501 405820 999999999 617227 317828 555779 742425 716932 222880 442377 410442 333943 547855 620225 283922 406029 530863 258415 288716 224538 446626 671364 510294 335502 517178 211771 417088 464717 550763 329474 490760 526853 446351 488620 378311 593419 500773 449311 700221 716917 532405 234631 647634 314148 766779 161425 392264 323409 692004 670398 639977 733423 707135 416435 197073 360742 683111 177660 472601 533387 423899 701655 542552 382993 313588 375077 288304 269244 701292 675793 505107 443942 407390 505418 284375 360425 457599 338649 749108 294212 291999 221639 452357 193019 398106 280271 453453 167136 678143 604119 207026 659258 260092 482630 330642 710320 616886 595668 691113
575694 424476 947380 617227 999999999 335718 776193 868569 174901 405659 664659 550146 289351 895578 415872 890138 578546 921274 742357 456598 456727 406135 627142 547011 447255 189405 820951 983970 652443 102157 712098 617847 779241 707843 312384 925201 899610 1102359 217319 618585 671798 818085 815952 941036 558632 902889 774826 254004 314044 329367 851197 802987 430158 326011 205347 811433 924283 825546 479874 445609 967387 424503 273910 74690 990118 504813 943227 349304 382686 541647 666154 504160 790496 1023017 264418 859854 333903 248052 900362 795333 886921 652875 672037 668311 511732 651399 796040 756541 505469 827754 812089 744615 758605 748221 210610 697852 580990 170515 231939 712308
264356 95249 611726 317828 335718 999999999 499175 640045 403760 97757 373203 269998 71644 586537 337825 567247 290648 603029 519981 321777 268598 402690 465753 536284 349524 200779 501815 649497 573781 305714 383918 567682 490844 408686 373153 589784 602778 773967 135073 480072 516493 522003 486558 650714 240093 672304 478720 216764 187559 380828 596958 552155 437058 394470 136394 497246 590014 585954 151744 447927 641959 398514 384672 266599 665855 381346 609251 188237 50616 447348 488751 506740 475195 720486 356909 528186 56965 139881 566174 600463 558620 323389 456099 576525 306219 535549 562120 449879 174928 585115 543346 411059 532913 412516 297209 371134 470009 300542 278346 522664
510219 411014 442111 555779 776193 499175 999999999 191611 744315 515313 128485 232025 570815 169205 439004 569130 208648 225416 810592 764536 693571 885652 284943 1001215 805466 587757 555640 505941 997098 784578 237801 1009439 39132 109734 870328 443464 138106 666428 566296 326108 296738 77051 482472 167711 275718 212262 632662 715356 675952 581880 114620 90989 537636 600694 620202 576854 474283 134543 458911 927413 296984 875111 639861 726613 621014 814344 490764 663706 482135 399709 252255 980007 153907 763771 856071 479137 466753 529432 462855 237295 526442 263864 777228 990262 699138 938548 821226 114476 442728 127670 48801 412975 146607 346833 795411 230897 373128 647533 583053 227718
693921 562835 614166 742425 868569 640045 191611 999999999 799541 675438 301665 374059 710163 307221 475063 756432 361085 367282 999101 931484 862690 1039892 264057 1164430 969590 680812 746240 677639 1171868 896571 429375 1179987 227477 297527 1012170 619742 247778 834880 676863 293492 240932 245498 672115 229076 445105 34332 824230 855170 825547 612511 86113 102663 540549 629169 744113 767964 653103 59354 629516 1083761 436271 1032508 678679 831460 801573 984540 667981 818791 633891 385766 219649 1139658 338968 949397 991452 665667 597107 634756 644245 109122 712414 452121 962909 1166879 874149 1116507 1011503 305259 616877 64541 148079 604424 110623 537941 926067 422060 346625 717594 649996 171607
666659 471401 994438 716932 174901 403760 744315 799541 999999999 494321 651659 540486 385321 886207 324641 970011 570929 921965 879370 607458 593976 576637 540327 719848 605389 204145 905442 1039314 819914 274557 735601 788180 756051 698144 485534 975546 877965 1172901 268907 521649 577647 799373 886394 911991 579074 833419 878304 403802 451831 197758 799117 751354 295179 186593 308966 900944 981160 765501 555310 617745 977470 593041 129911 221332 1067795 660570 1001045 483271 454352 433658 583431 677349 792464 1122966 438172 925230 376706 271895 957844 711756 958794 681566 809685 834202 647088 813044 929886 750918 577479 769476 772088 806375 694447 795410 380041 719560 475549 107902 162953 631858
173140 116080 551810 222880 405659 97757 515313 675438 494321 999999999 386861 302185 116356 575276 427615 484924 314732 581994 424575 257830 193487 370587 531705 489049 294248 294457 416684 582883 506084 354929 356427 507707 499776 413737 365816 527759 601255 696735 226438 551230 581710 523886 410809 652556 240246 705806 384297 223345 167841 478355 621894 580544 531608 492157 200532 409255 523066 618370 79918 412105 611107 359861 482025 332118 584736 313990 541364 149521 57072 529214 548880 465512 461479 628799 362354 455753 148650 236968 499119 650149 481396 296768 362455 505421 221004 460257 465301 446013 106608 616151 562507 343476 573607 358467 315865 346931 547715 394076 375601 577275
392507 283306 418367 442377 664659 373203 128485 301665 651659 386861 999999999 114634 444696 234800 372602 504344 86381 272060 700265 637250 566748 757167 283457 873417 677676 479367 476814 479108 872693 665148 158598 883366 117912 47002 742794 411597 235224 638661 450231 322948 315097 153530 411023 279501 147761 328288 538080 588497 547781 509178 237390 200517 485194 528411 498167 493823 435328 242384 332069 798966 333321 746691 559659 610467 572526 687989 454319 535232 354126 371748 268194 851773 147842 699947 729670 419980 344538 416611 418651 311244 467218 158383 661864 866802 574580 815851 716035 100802 317256 238243 175817 330343 218548 271762 670255 144830 357514 549387 488707 266790
353399 188778 489914 410442 550146 269998 232025 374059 540486 302185 114634 999999999 341431 348326 282301 537474 30498 381515 666324 559524 492444 666216 262170 790716 596391 364790 495890 545816 804329 553151 216126 809068 229932 159270 643037 477782 349489 699682 336466 293951 306604 267940 442152 392168 98819 405205 534030 486756 452586 409794 326989 282628 400917 428925 388177 507004 494915 318049 264856 709831 438003 658476 454979 496892 618492 614220 514939 444792 259947 314712 265502 765604 252186 727690 626315 462976 234801 302098 474915 351119 507581 180890 618847 801372 509413 753084 690683 210898 258038 316567 274278 355040 271494 311776 564351 199188 313010 436748 377796 284247
288081 164212 663312 333943 289351 71644 570815 710163 385321 116356 444696 341431 999999999 655673 379808 601209 362291 670112 504870 273885 232323 336882 527030 474802 295143 194303 532657 696894 523437 244268 448341 512400 562237 479646 302195 640055 673398 813007 126301 538245 577767 592876 526751 721740 309493 742656 494649 145426 124170 398512 668299 623274 467513 409560 84186 524448 637086 656588 191716 382852 706387 335089 389903 216085 701065 333974 655701 134189 101880 497400 552582 443063 543555 741311 285265 571135 115836 152603 613128 667473 597587 387580 437398 528685 278381 491657 551776 519882 217906 655917 614966 457227 602346 466604 226184 436423 523558 290721 284943 588415
516849 491667 312369 547855 895578 586537 169205 307221 886207 575276 234800 348326 655673 999999999 596354 476470 318620 60603 783631 800504 727972 939181 454145 1037670 845274 712577 483501 374595 1010661 888414 225951 1031913 140235 189059 941013 321985 62722 529058 679154 495308 464518 94289 405844 108860 346449 311196 581120 793286 742978 737108 222713 234029 701043 756230 718902 509621 357751 266736 504087 976722 132009 924111 790948 838040 505811 842341 370197 723426 556935 567614 420903 1022903 113827 660953 934787 386278 567625 648137 353282 386618 429633 280911 764229 999576 720582 945591 782385 139065 481603 257711 178738 361167 306277 295140 881019 231423 542098 784186 723273 393125
560468 334185 772174 620225 415872 337825 439004 475063 324641 427615 372602 282301 379808 596354 999999999 805513 310071 641425 850779 653344 605554 701051 216790 845799 674403 247433 755137 827506 903166 470364 498413 890273 458156 418895 639820 759607 576742 979469 279782 203286 257756 503824 711525 603890 361308 508861 769318 495977 500816 143298 479225 432386 120154 161872 363227 760908 775415 442968 443700 747701 705402 704951 205431 398921 892593 713459 795562 513991 370616 128899 259190 810088 520444 987804 604779 738010 281377 237477 754695 388243 780469 459304 789975 908434 643957 870354 888185 472512 453341 447482 459578 624034 371331 589278 534609 481468 165913 250793 184666 307459
315332 503186 195709 283922 890138 567247 569130 756432 970011 484924 504344 537474 601209 476470 805513 999999999 517647 431394 385279 559270 502824 718048 783996 754989 604184 765925 72272 168675 673951 830794 346009 714351 530878 480882 769395 172235 537443 216851 702208 821319 818940 511842 95357 584929 445924 770193 173473 675414 606742 907644 671666 659794 925429 925080 685391 93022 136347 702548 415613 737481 395483 692907 931838 816076 100146 569539 137064 571990 516731 852107 772288 759293 417490 195972 788515 91119 595031 699553 129373 802246 47550 358795 402343 654097 461625 601471 359222 455278 392621 694933 608610 182618 707931 232717 766415 359546 847883 864530 830461 769698
350653 204711 462918 406029 578546 290648 208648 361085 570929 314732 86381 30498 362291 318620 310071 517647 999999999 351120 663576 570414 501935 682225 272939 803757 608644 394062 478944 519715 812426 579086 189324 819171 203443 129706 662659 451587 321595 674840 363854 307193 314680 239882 422312 365520 91983 391120 522785 507115 469998 439371 308643 266058 427864 458533 412745 491459 469871 303674 270446 725184 407521 673415 485213 524089 596307 623834 489778 460221 276259 335198 271411 779894 221691 709547 647552 440849 259057 330546 450380 346922 486161 159092 618616 808499 515816 759273 685587 180748 260715 301424 252838 335939 262707 289175 586784 172501 330400 467032 408270 285138
505810 507795 257957 530863 921274 603029 225416 367282 921965 581994 272060 381515 670112 60603 641425 431394 351120 999999999 756485 795145 722920 938925 509401 1030500 840837 741919 445270 318819 995551 907781 225752 1019795 192899 225068 947132 270152 120396 470862 704004 550755 522015 148569 367889 157701 364671 370134 548204 803434 749618 780291 283151 294269 749338 799499 737776 472573 306849 327338 507199 974636 72044 922314 831693 860841 453338 833692 317744 727621 569411 620114 477663 1018159 130976 610830 944000 342994 589468 675665 304878 447088 383995 285298 742044 983060 710997 928671 751275 171483 483119 318314 238695 334120 365700 271880 893291 235233 596280 818071 759172 451613
313079 520879 570072 258415 742357 519981 810592 999101 879370 424575 700265 666324 504870 783631 850779 385279 663576 756485 999999999 294201 286520 423161 924960 405077 321564 698990 332486 553466 298499 652508 577838 346227 779820 701945 506686 543145 834969 565094 631161 951729 971720 780956 400653 888551 571593 1022508 217901 488672 430016 899194 925026 896475 956168 911714 571778 303357 512604 939902 413982 423231 743243 394673 894721 671794 453976 265784 518488 396723 480984 944435 931762 422482 688320 377194 543609 441774 573172 653111 497593 1007511 422797 547137 70321 275731 232435 227255 57410 704255 412515 934649 858405 422997 917587 488509 554705 581562 957497 793236 789302 948691
293105 373619 694495 288716 456598 321777 764536 931484 607458 257830 637250 559524 273885 800504 653344 559270 570414 795145 294201 999999999 72539 159046 784810 237958 46964 451355 488172 704340 252019 361978 574574 249900 744874 658471 220084 667018 835674 772380 390251 801123 835314 763193 522485 888962 489553 961174 398246 204396 161267 665056 874377 834775 739961 673983 314597 466640 648955 873767 305697 184254 808801 135263 645843 390223 653044 60115 662656 140093 306962 768175 804532 223021 688464 631208 251885 572209 378177 424081 627149 907933 577537 521397 225586 255328 97773 218164 350759 682957 323593 871108 812722 491540 831014 535197 260959 569642 791733 534638 546544 834421
222806 309414 628626 224538 456727 268598 693571 862690 593976 193487 566748 492444 232323 727972 605554 502824 501935 722920 286520 72539 999999999 223529 724699 310320 117967 421558 430840 641626 312737 370383 502048 317298 673283 586959 266711 601407 763236 718335 356176 743087 774865 691037 459151 816576 419281 891949 350070 204520 143502 630527 804078 765131 698944 641085 288955 411442 585081 804633 234721 253770 737506 202740 618133 385458 599156 121902 599599 110706 246371 715566 742362 295299 615933 591665 289203 508883 325557 384917 562753 842413 517514 448914 216347 312017 55149 268019 339395 610729 251712 801751 741905 423099 763630 464515 281015 497108 736822 511773 515102 770478
445678 477781 851851 446626 406135 402690 885652 1039892 576637 370587 757167 666216 336882 939181 701051 718048 682225 938925 423161 159046 223529 999999999 863520 147395 114020 467398 647118 863055 248264 303985 714755 211763 870308 784152 99282 824530 969381 930366 421645 873193 914199 893398 680956 1021486 610830 1071373 554962 205096 215181 679660 990740 948091 767736 684370 338075 625283 807299 984265 435518 46678 957585 28499 645277 357488 811108 159366 821269 222115 406336 825394 889461 109134 825713 781432 147149 730708 452614 463607 785275 1003134 736575 658271 361406 266609 256808 260644 480424 814549 457579 982694 932531 646563 934351 686316 196600 707906 854870 528904 559605 924871
613298 417249 699081 671364 627142 465753 284943 264057 540327 531705 283457 262170 527030 454145 216790 783996 272939 509401 924960 784810 724699 863520 999999999 1001249 814963 446891 749950 760917 1036127 670573 440798 1032896 316698 317924 817205 693944 417344 921209 459854 41451 50771 360987 689331 430549 360799 296810 795368 663596 650724 349445 285678 244350 277375 365678 537787 763613 718597 242190 514609 909711 580173 862065 416469 601096 855541 843230 737435 653989 478586 124165 44419 970092 413205 978300 788389 702005 412109 415409 702105 171527 748855 426975 874082 1036653 750993 991961 951546 362793 512877 248550 286712 604963 171522 551673 719292 425915 90066 466340 399216 92714
525303 602350 911389 510294 547011 536284 1001215 1164430 719848 489049 873417 790716 474802 1037670 845799 754989 803757 1030500 405077 237958 310320 147395 1001249 999999999 195752 614546 688312 912752 139259 445509 811732 85590 982339 895883 234627 883526 1073551 956548 567233 1013042 1052019 1001122 735561 1126891 725672 1194854 582872 350834 350703 827055 1109979 1069354 914808 831730 483789 662791 861181 1107415 542960 102736 1040707 140883 792226 502817 839675 197506 872571 348891 532368 968788 1025035 43482 926038 781625 282807 784301 589140 608408 841024 1134652 781443 759199 360359 164884 320366 188506 457859 920910 561447 1105149 1049161 717216 1061596 766205 340867 807199 997035 675812 706980 1058318
339814 408780 741315 335502 447255 349524 805466 969590 605389 294248 677676 596391 295143 845274 674403 604184 608644 840837 321564 46964 117967 114020 814963 195752 999999999 461589 533421 750659 229296 348872 619451 218194 786778 700306 185385 713812 879475 816349 404189 829526 865645 806185 568993 932556 529926 999753 441093 202670 174366 676679 914330 873944 755756 684434 324633 511362 695504 912307 347431 137295 855255 88957 652935 385078 697088 58979 709056 162001 340040 792393 836399 177632 732867 670075 222556 618692 404764 440916 673787 942692 623343 565519 255689 237144 143649 208488 378873 726161 366497 909909 853411 538498 867708 581862 242989 614125 817665 539360 556887 867810
464939 268366 794273 517178 189405 200779 587757 680812 204145 294457 479367 364790 194303 712577 247433 765925 394062 741919 698990 451355 421558 467398 446891 614546 461589 999999999 701713 837368 689214 224401 542417 668294 592217 523768 397167 774516 713347 969067 68760 443407 493963 632189 682352 753454 385831 715087 678501 265382 290160 215237 661834 613643 300360 222940 137115 697824 778801 636717 351727 513400 792214 475509 196616 154220 863649 509707 798564 314273 251157 376317 483608 576119 610984 921224 359440 721591 173194 69497 755327 611581 754739 485815 631116 698619 470609 667972 746069 574057 373503 638759 622950 602902 570509 594500 289476 527059 412153 99820 95350 528382
245328 442874 237586 211771 820951 501815 555640 746240 905442 416684 476814 495890 532657 483501 755137 72272 478944 445270 332486 488172 430840 647118 749950 688312 533421 701713 999999999 225981 612931 759865 322204 651095 518794 459338 697311 210728 541786 289054 636880 785697 787799 505747 77679 592228 400453 762911 114705 603597 534855 851198 663442 646580 874362 868201 616749 29269 180494 690166 350138 667528 420102 622275 872268 746670 171400 500334 187995 499975 451199 809886 741919 691064 409557 232991 716248 110131 532592 636426 165146 782794 93601 323205 341174 594234 390428 540748 314565 441242 328402 683103 598328 146471 688275 209188 694365 333444 808682 800896 769478 743598
430808 569129 63882 417088 983970 649497 505941 677639 1039314 582883 479108 545816 696894 374595 827506 168675 519715 318819 553466 704340 641626 863055 760917 912752 750659 837368 225981 999999999 838738 937648 330477 877044 466970 443114 904228 68154 437193 161066 779935 801196 787339 435782 182522 476252 471800 684721 338571 793330 726671 946857 591612 591301 946666 965443 779513 253523 59824 630448 505182 886760 264276 839530 981711 912293 141906 721917 42323 694412 601378 848985 740212 913728 354365 303379 917628 132893 664420 768221 83781 742852 132442 369498 566864 819722 607034 766461 527772 402197 479054 621896 535964 239668 652232 244728 886728 347233 836557 931545 887624 727139
494656 622106 846152 464717 652443 573781 997098 1171868 819914 506084 872693 804329 523437 1010661 903166 673951 812426 995551 298499 252019 312737 248264 1036127 139259 229296 689214 612931 838738 999999999 550440 787687 56202 973597 888388 346919 818385 1052982 862940 633221 1053005 1086509 986289 670361 1107136 726834 1200214 500759 425822 403662 904450 1109683 1072719 984874 911550 552780 585226 791925 1113267 542424 216547 996316 227979 877745 598806 749940 192923 800783 389378 557626 1019691 1054780 176310 903290 673079 395251 716724 630091 670213 773912 1154862 706311 741389 271902 26710 298123 72516 344725 905809 555483 1109915 1045835 667850 1074888 724595 441849 786024 1043676 762663 784259 1083216
515799 400493 906352 550763 102157 305714 784578 896571 274557 354929 665148 553151 244268 888414 470364 830794 579086 907781 652508 361978 370383 303985 670573 445509 348872 224401 759865 937648 550440 999999999 689611 515713 782514 705096 211014 882568 899542 1046103 220387 667806 718107 817883 763207 944590 543361 930587 703320 166127 232529 407242 869700 822186 505018 407246 170007 747549 877850 849138 433782 343766 947673 322466 359842 71816 930883 407172 895989 268859 345526 599101 706242 402868 778798 950998 163684 809391 321331 261815 853917 833028 832265 629028 582411 566567 425456 550817 707464 750109 460375 850284 824380 698389 785954 710656 108810 676832 635886 246562 295909 749970
293032 289726 273797 329474 712098 383918 237801 429375 735601 356427 158598 216126 448341 225951 498413 346009 189324 225752 577838 574574 502048 714755 440798 811732 619451 542417 322204 330477 787687 689611 999999999 807194 203832 137139 721380 262330 265319 486757 495942 479445 473663 203485 253485 319510 156842 449389 394862 578546 523922 622881 350297 327716 616917 641821 520135 341487 281855 371639 281529 751540 258157 699008 663319 647505 414795 616650 301523 501937 346725 520268 426790 797081 115609 541822 718666 261476 378269 473546 263444 460592 308643 60762 550127 777699 495277 724215 585253 126784 257767 365188 283680 176797 366083 114066 669230 16960 510559 628359 576604 423848
515127 623515 881315 490760 617847 567682 1009439 1179987 788180 507707 883366 809068 512400 1031913 890273 714351 819171 1019795 346227 249900 317298 211763 1032896 85590 218194 668294 651095 877044 56202 515713 807194 999999999 987696 901772 307600 853448 1071849 908069 615720 1047715 1083539 1002792 705008 1125791 736224 1209206 540884 402994 389549 882995 1120755 1082272 966760 889053 533549 624075 828416 1121912 551395 174162 1024115 195919 852671 568268 793565 195504 838208 380097 556372 1009782 1053689 125842 922650 722772 356293 752397 622944 654647 809579 1157832 744692 758302 312481 82858 312381 119511 395015 922215 566712 1118985 1057972 696575 1080490 750606 408246 804414 1035596 736717 762546 1084155
483425 399950 403163 526853 779241 490844 39132 227477 756051 499776 117912 229932 562237 140235 458156 530878 203443 192899 779820 744874 673283 870308 316698 982339 786778 592217 518794 466970 973597 782514 203832 987696 999999999 86479 859141 404350 122037 627550 566393 358104 331725 46061 445008 162240 259597 245807 598129 705559 663143 599978 146501 128925 561103 618992 615965 540512 435156 171838 439380 911205 263478 858690 655794 726824 581959 793194 451633 649025 470149 427797 286330 962485 114863 725237 846948 440676 462294 531400 423802 276422 487896 235193 748493 965950 676233 913700 788823 77930 421632 164485 80061 377253 185335 310520 787996 198430 403389 656839 593725 264510
400489 316225 381157 446351 707843 408686 109734 297527 698144 413737 47002 159270 479646 189059 418895 480882 129706 225068 701945 658471 586959 784152 317924 895883 700306 523768 459338 443114 888388 705096 137139 901772 86479 999999999 774505 376451 194630 603670 492317 358460 345074 113361 389788 242100 173866 320620 529095 621855 577912 556025 224215 194886 530485 575255 536891 478472 402412 238636 352923 824880 286635 772341 606660 652100 543431 707073 420801 563123 385622 412929 297865 876021 102060 676846 763493 393786 383807 459983 387228 323455 441377 154812 667674 881182 590691 829260 714017 53853 335392 232990 158436 313780 228944 250761 705788 126954 396179 595425 535203 289757
475790 459488 886509 488620 312384 373153 870328 1012170 485534 365816 742794 643037 302195 941013 639820 769395 662659 947132 506686 220084 266711 99282 817205 234627 185385 397167 697311 904228 346919 211014 721380 307600 859141 774505 999999999 859958 965335 985046 361491 822692 867313 886569 721906 1015676 601004 1044773 614934 157007 198036 603185 970025 925306 695663 606069 280048 678152 846486 958780 440194 133800 972873 123795 563280 271058 865857 241374 861968 220279 388999 767113 846748 191860 827248 851105 48694 771363 415561 405524 823545 965991 782767 662266 441055 365771 312406 359132 564056 810189 465021 958103 915457 676892 903897 708512 109910 712450 799444 447193 484961 885360
384223 506843 27893 378311 925201 589784 443464 619742 975546 527759 411597 477782 640055 321985 759607 172235 451587 270152 543145 667018 601407 824530 693944 883526 713812 774516 210728 68154 818385 882568 262330 853448 404350 376451 859958 999999999 384622 227269 718479 734058 721214 375622 148467 427438 404994 628739 325252 742665 677242 879793 533638 530461 878670 898443 721720 239949 37392 570641 448858 850863 225785 802154 915545 854383 183827 689365 48382 646222 542632 781007 674036 881555 290469 340816 870669 101985 602038 705172 45597 680749 126058 302223 548146 800923 570973 746836 524124 337133 422361 562273 475760 185380 589111 180143 836391 279096 768907 867676 822483 662205
558331 509427 375074 593419 899610 602778 138106 247778 877965 601255 235224 349489 673398 62722 576742 537443 321595 120396 834969 835674 763236 969381 417344 1073551 879475 713347 541786 437193 1052982 899542 265319 1071849 122037 194630 965335 384622 999999999 590967 685449 457715 422160 81745 464311 54238 364944 249742 636446 814387 767747 719365 165308 183920 675560 738253 731516 567276 420262 211756 534117 1008418 188496 955730 776420 845639 568445 880057 432864 750595 577566 535549 380845 1056769 149783 723163 956150 446865 578339 651575 415362 333220 490868 314418 812359 1042993 759579 989441 836150 155258 513312 202655 132104 414612 259278 347373 899574 267435 506870 778869 715725 348492
530319 701817 224531 500773 1102359 773967 666428 834880 1172901 696735 638661 699682 813007 529058 979469 216851 674840 470862 565094 772380 718335 930366 921209 956548 816349 969067 289054 161066 862940 1046103 486757 908069 627550 603670 985046 227269 590967 999999999 907845 961289 948225 595244 287411 625995 619700 840245 376488 892013 823422 1093625 749141 750848 1099295 1111850 897074 306895 205000 789258 623850 947218 408991 904502 1124379 1028813 119354 778176 185235 788779 724032 1006873 901074 964631 515366 222532 1005043 247987 796198 901048 224851 902976 215597 520201 597104 840724 675252 790901 525469 563258 599321 780591 695215 367037 812878 390516 983218 503181 995691 1065977 1026701 888201
397955 212078 739263 449311 217319 135073 566296 676863 268907 226438 450231 336466 126301 679154 279782 702208 363854 704004 631161 390251 356176 421645 459854 567233 404189 68760 636880 779935 633221 220387 495942 615720 566393 492317 361491 718479 685449 907845 999999999 462487 509135 603728 620566 728617 341531 710775 610716 216592 230331 275183 649401 601829 351666 285067 83572 632058 720849 628862 286812 468240 750293 426663 263607 160459 800623 449494 740376 251197 185685 405935 492591 530764 573286 854346 329422 661200 118142 44502 697165 616993 692797 437387 563659 641150 403998 608074 677775 540094 309663 629938 605010 543172 566307 539230 259802 481378 437958 167749 159062 534441
641525 438546 739565 700221 618585 480072 326108 293492 521649 551230 322948 293951 538245 495308 203286 821319 307193 550755 951729 801123 743087 873193 41451 1013042 829526 443407 785697 801196 1053005 667806 479445 1047715 358104 358460 822692 734058 457715 961289 462487 999999999 56173 402297 726403 469516 392750 325036 827981 671115 662390 327068 322119 282472 247744 342191 542647 798633 758274 277053 539289 919640 621582 873055 395108 597290 894227 860135 777226 667815 496749 92749 78844 980689 454372 1015050 791905 740239 424951 418026 741487 193632 786891 463347 899163 1054492 771720 1010969 979955 403900 539214 283936 326577 641386 208006 589425 722242 464295 53323 453987 387922 122952
659380 466897 724668 716917 671798 516493 296738 240932 577647 581710 315097 306604 577767 464518 257756 818940 314680 522015 971720 835314 774865 914199 50771 1052019 865645 493963 787799 787339 1086509 718107 473663 1083539 331725 345074 867313 721214 422160 948225 509135 56173 999999999 373784 724941 428997 404474 271519 837340 714013 701486 383241 277213 241455 302771 398330 587678 802558 747476 230191 562860 960410 593706 912815 451272 648147 887197 893637 765865 704729 528903 148159 47209 1020831 435366 1014121 838055 735076 462879 464646 732002 138235 782305 464661 921827 1086862 800559 1041920 997187 385867 560286 237752 290058 641960 165142 586224 768793 459528 107127 508525 442032 75451
492847 429211 371935 532405 818085 522003 77051 245498 799373 523886 153530 267940 592876 94289 503824 511842 239882 148569 780956 763193 691037 893398 360987 1001122 806185 632189 505747 435782 986289 817883 203485 1002792 46061 113361 886569 375622 81745 595244 603728 402297 373784 999999999 430029 129144 285581 258392 591566 734645 689424 645377 159995 155606 607159 664424 650033 529050 408219 195022 459294 933253 219971 880599 700627 763900 556419 809477 423623 673403 498067 473410 329160 982926 96282 704051 876357 420855 496745 570034 398839 308176 467316 244901 753463 977484 690499 924539 786614 80580 439724 186660 100224 368804 221094 301001 819045 201867 448367 699202 636760 304452
250473 416286 176352 234631 815952 486558 482472 672115 886394 410809 411023 442152 526751 405844 711525 95357 422312 367889 400653 522485 459151 680956 689331 735561 568993 682352 77679 182522 670361 763207 253485 705008 445008 389788 721906 148467 464311 287411 620566 726403 724941 430029 999999999 514594 351179 687870 184375 614342 546881 816337 588580 573453 831569 834025 610606 104717 126551 616772 336652 705538 345051 657742 842774 742811 183463 542288 140448 513865 436634 756760 678462 734463 334110 289183 736095 49757 509901 614780 105511 712650 72413 263540 401016 653275 425527 599037 387665 368019 311943 609493 524044 87631 618132 139451 707249 266265 752591 779884 742889 677225
612496 558250 415658 647634 941036 650714 167711 229076 911991 652556 279501 392168 721740 108860 603890 584929 365520 157701 888551 888962 816576 1021486 430549 1126891 932556 753454 592228 476252 1107136 944590 319510 1125791 162240 242100 1015676 427438 54238 625995 728617 469516 428997 129144 514594 999999999 414712 223898 688680 863759 818434 747140 156147 187644 697226 765761 777582 618184 463847 205144 586590 1060882 217604 1008200 806370 889056 610907 933751 475245 802033 627210 552178 391055 1109711 204008 767698 1005455 494959 624006 693373 460619 325701 537937 367992 866436 1097202 813475 1043665 889053 206946 566184 196360 145769 467463 263856 400519 947865 321407 520614 815102 750753 353777
258694 145311 420837 314148 558632 240093 275718 445105 579074 240246 147761 98819 309493 346449 361308 445924 91983 364671 571593 489553 419281 610830 360799 725672 529926 385831 400453 471800 726834 543361 156842 736224 259597 173866 601004 404994 364944 619700 341531 392750 404474 285581 351179 414712 999999999 473436 435248 449446 404103 475123 384852 346145 481461 493664 373424 410189 417207 386434 184859 652074 408772 599666 511012 496511 531346 540750 437448 389427 212631 409661 362236 704302 235493 633132 591211 376719 225268 317223 395610 437959 419317 103596 527012 721800 429045 671671 593938 210559 171917 383137 323497 263548 351555 229249 535361 141255 410511 471674 421088 377112
719442 593919 621706 766779 902889 672304 212262 34332 833419 705806 328288 405205 742656 311196 508861 770193 391120 370134 1022508 961174 891949 1071373 296810 1194854 999753 715087 762911 684721 1200214 930587 449389 1209206 245807 320620 1044773 628739 249742 840245 710775 325036 271519 258392 687870 223898 473436 999999999 843933 887800 857319 645766 99565 127773 572549 662290 777576 785381 662926 87447 658185 1115033 437098 1063621 712144 865616 811629 1013708 677106 849981 665153 417597 252475 1170558 353787 961754 1024491 679163 630009 668776 655193 136069 725448 475417 987808 1194789 902254 1144054 1033486 323658 644835 90301 165768 622816 144737 555725 959342 443055 377938 751837 684233 204135
215435 439742 352241 161425 774826 478720 632662 824230 878304 384297 538080 534030 494649 581120 769318 173473 522785 548204 217901 398246 350070 554962 795368 582872 441093 678501 114705 338571 500759 703320 394862 540884 598129 529095 614934 325252 636446 376488 610716 827981 837340 591566 184375 688680 435248 843933 999999999 540333 471802 849316 744572 722382 885316 864969 576372 85769 295133 766324 334064 570776 529169 528682 861531 700179 257935 401691 301948 435598 429560 840035 793298 588941 495859 248233 639273 223928 519358 618244 279714 849126 206516 379708 228964 481305 302635 428336 203635 520351 318847 759988 678167 222936 755579 290828 626431 402609 844422 778243 755878 801314
363960 305696 767911 392264 254004 216764 715356 855170 403802 223345 588497 486756 145426 793286 495977 675414 507115 803434 488672 204396 204520 205096 663596 350834 202670 265382 603597 793330 425822 166127 578546 402994 705559 621855 157007 742665 814387 892013 216592 671115 714013 734645 614342 863759 449446 887800 540333 999999999 68922 480019 813685 768700 564795 486340 133042 589209 734006 801888 302297 251729 834300 210672 451981 185894 774991 256814 751143 104799 236874 620737 691835 314190 680028 787131 141766 662233 258660 258577 710323 809766 680906 518293 418381 436956 259659 411139 542877 659796 328601 801281 759931 557297 746912 579413 93779 568230 650924 337377 359576 729582
296412 265359 702841 323409 314044 187559 675952 825547 451831 167841 547781 452586 124170 742978 500816 606742 469998 749618 430016 161267 143502 215181 650724 350703 174366 290160 534855 726671 403662 232529 523922 389549 663143 577912 198036 677242 767747 823422 230331 662390 701486 689424 546881 818434 404103 857319 471802 68922 999999999 504323 778568 735073 581594 512934 153330 520312 667555 770432 243603 260385 777086 211464 484669 242098 706233 219642 684415 36343 193914 620614 675380 319650 629216 718953 196518 595090 238705 266550 643978 788020 612849 464513 359810 410935 198110 378107 482717 612525 269120 769121 721964 492067 719452 517285 160397 514691 647452 374264 385418 710061
634464 410809 894608 692004 329367 380828 581880 612511 197758 478355 509178 409794 398512 737108 143298 907644 439371 780291 899194 665056 630527 679660 349445 827055 676679 215237 851198 946857 904450 407242 622881 882995 599978 556025 603185 879793 719365 1093625 275183 327068 383241 645377 816337 747140 475123 645766 849316 480019 504323 999999999 621345 574905 101298 19236 352049 853068 892220 583702 515398 725065 842448 689231 68447 337181 999589 723943 912463 526368 425077 237061 393507 787593 656401 1080787 561378 847767 332164 246684 870382 519540 887454 577584 833507 913773 676649 882429 942674 609874 530971 588611 602870 730316 511775 703932 493405 605986 279095 161152 120450 442052
624565 513351 528101 670398 851197 596958 114620 86113 799117 621894 237390 326989 668299 222713 479225 671666 308643 283151 925026 874377 804078 990740 285678 1109979 914330 661834 663442 591612 1109683 869700 350297 1120755 146501 224215 970025 533638 165308 749141 649401 322119 277213 159995 588580 156147 384852 99565 744572 813685 778568 621345 999999999 48297 560505 639160 710455 685833 567070 49020 569440 1033428 353224 981468 684623 807822 715590 925375 581887 768658 584900 409670 243370 1087399 254635 864039 952781 580745 559116 609471 558407 170037 627290 378475 891834 1103343 811571 1051943 934998 224227 554463 40370 66725 523277 114233 456160 889719 344431 374758 709720 642910 201827
591977 470325 527434 639977 802987 552155 90989 102663 751354 580544 200517 282628 623274 234029 432386 659794 266058 294269 896475 834775 765131 948091 244350 1069354 873944 613643 646580 591301 1072719 822186 327716 1082272 128925 194886 925306 530461 183920 750848 601829 282472 241455 155606 573453 187644 346145 127773 722382 768700 735073 574905 48297 999999999 516459 592878 663781 667646 562294 43943 530993 991207 366027 939471 637661 759971 709814 886772 578218 726191 541830 367489 203758 1045904 243279 854120 907232 569591 513075 561657 551752 153378 616783 349461 860679 1067134 774689 1016320 908894 205466 517263 38178 56091 503557 76442 437675 843655 319900 334230 661529 594778 166451
674110 446999 890691 733423 430158 437058 537636 540549 295179 531608 485194 400917 467513 701043 120154 925429 427864 749338 956168 739961 698944 767736 277375 914808 755756 300360 874362 946666 984874 505018 616917 966760 561103 530485 695663 878670 675560 1099295 351666 247744 302771 607159 831569 697226 481461 572549 885316 564795 581594 101298 560505 516459 999999999 108868 433211 879533 895040 518862 555914 813760 815466 775375 165664 434054 1012743 799714 915158 599939 475496 155011 321623 876478 632532 1106784 655507 858157 382998 315882 874473 440997 900609 579094 893086 992524 741421 958125 996119 583421 567518 524804 551462 744113 447339 709267 586511 600009 195678 260725 211062 369025
649900 427119 913376 707135 326011 394470 600694 629169 186593 492157 528411 428925 409560 756230 161872 925080 458533 799499 911714 673983 641085 684370 365678 831730 684434 222940 868201 965443 911550 407246 641821 889053 618992 575255 606069 898443 738253 1111850 285067 342191 398330 664424 834025 765761 493664 662290 864969 486340 512934 19236 639160 592878 108868 999999999 360054 869756 910671 601124 530932 729472 861683 694662 56817 338097 1017343 732555 930913 535909 439486 251297 409875 791856 675636 1097396 563468 865781 346896 258649 888771 535173 905257 596260 845611 921359 687921 890887 955770 629103 546953 606137 621339 748165 529163 722333 496169 624934 293322 160706 127590 458369
371942 230646 744489 416435 205347 136394 620202 744113 308966 200532 498167 388177 84186 718902 363227 685391 412745 737776 571778 314597 288955 338075 537787 483789 324633 137115 616749 779513 552780 170007 520135 533549 615965 536891 280048 721720 731516 897074 83572 542647 587678 650033 610606 777582 373424 777576 576372 133042 153330 352049 710455 663781 433211 360054 999999999 608241 719751 693635 274743 384669 778039 343348 331474 132780 785252 372677 738541 179420 179546 488815 568556 447196 608901 823737 250960 654639 153691 126275 695806 690388 681600 459689 502614 561746 340360 530872 621406 580921 300558 693980 661747 539934 634159 546452 182943 507136 520044 222839 232465 608671
236372 443059 266739 197073 811433 497246 576854 767964 900944 409255 493823 507004 524448 509621 760908 93022 491459 472573 303357 466640 411442 625283 763613 662791 511362 697824 29269 253523 585226 747549 341487 624075 540512 478472 678152 239949 567276 306895 632058 798633 802558 529050 104717 618184 410189 785381 85769 589209 520312 853068 685833 667646 879533 869756 608241 999999999 209384 711379 346249 644466 448687 600021 871916 736921 187803 476542 216305 484969 446718 819807 757064 666513 432769 227821 698541 139372 530679 633639 194359 801713 121147 338140 313342 566240 369114 512938 285387 462713 325931 704485 620313 164700 707305 230041 678979 351858 820010 797370 768202 760330
