NAME : synthetic_000049
TYPE : CTSP-D
DIMENSION : 100
GROUPS : 8
RELAXATION_LEVEL : 1
EDGE_WEIGHT_TYPE : EXPLICIT
EDGE_WEIGHT_FORMAT : FULL_MATRIX
EDGE_WEIGHT_SECTION
999999999 264217 542252 773851 133286 732823 377656 383692 282977 694720 235415 769209 783141 550164 650705 513624 457563 203780 513092 876018 169488 937760 230794 599520 341061 103062 526128 85308 534866 599281 802855 602088 665802 370313 787130 908173 543268 364154 259163 421849 854518 735226 567845 298145 114661 854986 615693 583518 385139 363606 611088 393981 362844 227482 647004 413696 663045 851995 769075 894776 328510 835943 329163 211315 561850 623084 464418 477354 657712 77549 244348 384884 618658 571619 686840 443098 297188 391422 590002 476613 169952 444894 249627 264461 600976 287617 312412 29116 54229 726000 280654 273847 566382 384044 192047 421184 514400 589576 609183 91599
264217 999999999 804568 845883 393444 729440 125898 163576 161412 796618 76104 715385 845308 622264 821240 764452 660902 462993 671748 818369 421149 1107320 493895 777080 111942 338585 771403 347462 791456 527128 832061 675143 738132 138808 972678 1012390 452598 615921 517487 198268 799507 681740 553504 537770 374011 796566 686348 786302 591415 627587 606908 627685 105749 489591 651270 671828 662661 852264 952025 979914 476185 945466 579416 104631 813221 665550 713439 338957 798344 190167 375794 542580 573315 823391 792638 681595 453145 462649 842409 711952 361460 705970 115154 358133 805694 544868 155045 259132 220713 731315 115409 80014 446022 645280 403413 269958 763002 675224 762424 350219
542252 804568 999999999 958804 411126 1047169 919828 898120 806612 846728 776126 1141399 983376 808530 661055 282443 488112 342065 624819 1237198 387282 856793 311485 614841 881661 497883 322137 464849 235373 1021381 1053660 838925 881904 891982 700229 996187 992754 300048 328214 958579 1215317 1112658 936440 379991 430572 1219996 851593 529540 470710 199808 955797 377646 897207 315075 971411 236141 989526 1137484 696392 1025313 593513 930165 323300 749266 287257 900741 293718 972136 740582 619406 607009 585970 1009353 286814 833781 353128 575613 726165 287601 369681 532118 193073 784095 654971 530402 312925 840970 553617 591989 1029769 815861 814052 1035744 159775 492378 931017 298465 809911 683245 454357
773851 845883 958804 999999999 809448 235461 841100 1006838 690363 113403 770159 375849 31628 227573 333430 690189 470975 834839 335310 408457 851358 435509 811902 361323 795335 688973 655103 747407 745514 446001 134544 174020 109473 979904 424311 189848 504389 672294 710065 785464 394101 374480 337029 622164 808245 404224 161397 455130 501364 797262 288942 586024 928966 821917 248986 725714 251759 231744 405933 136543 453632 152020 663272 745926 708808 187494 666765 618283 232908 766921 529607 415877 377986 715384 126698 605721 485311 392203 727369 592107 610577 766144 731179 517115 464029 703339 711643 746515 751305 212666 738933 772864 561363 891116 608902 657390 674466 184377 282761 805016
133286 393444 411126 809448 999999999 804980 510110 496034 412409 717436 368684 859316 823448 597554 630819 420086 422902 70506 510756 964771 46227 908670 101874 576986 474301 135267 440169 75700 431205 701102 858341 645547 706067 486737 750339 921586 652583 276713 167474 554957 942820 826227 651807 238990 19491 944497 659568 540743 355093 243338 688873 331590 487325 96382 719638 310720 736835 918708 734887 919263 356584 848535 247677 344330 466009 680279 375636 599840 658477 210777 301984 396823 711115 474918 707688 370514 325432 454322 491896 405976 209517 333908 381994 337942 555557 195329 443528 150191 186085 794808 413293 407131 682232 251941 200992 547654 424174 627188 604067 43235
732823 729440 1047169 235461 804980 999999999 693441 879197 568058 299884 658661 141905 210243 239645 512046 807788 576020 847931 446621 200814 850683 668146 836399 520176 654699 671297 779255 732764 863148 240548 129573 220538 209151 851169 635158 417938 312993 747345 750968 623233 181179 139173 176217 674948 798203 189130 211267 607717 577422 861935 124617 672066 794339 844076 85893 811965 69989 123214 614361 349852 466909 387480 727481 642104 837578 148608 772347 440394 412617 702670 503050 461727 173480 846017 309981 708037 492967 350814 861435 705555 595500 857110 616467 470946 622067 753366 578905 703727 696162 24163 614681 650307 360017 947777 611301 494498 793691 252789 441503 788259
377656 125898 919828 841100 510110 693441 999999999 197951 166468 807992 145991 656111 835824 628137 865586 856707 727168 580449 715681 753640 541116 1144904 608344 826340 50973 437009 859368 456693 888490 469601 807367 678314 737796 170749 1021317 1018444 392019 711154 619678 87369 736579 624108 522839 627310 490949 732171 687774 848462 661873 736426 577293 711188 110312 605126 622961 771616 631465 813244 999670 977447 527799 955805 674301 176691 905343 654712 805009 265214 828482 300428 432615 593296 525827 915739 806045 766641 510435 482002 935104 794396 442543 808769 153292 402616 868419 645657 134948 367210 328451 699370 126394 111114 370089 761653 487439 201261 853543 684361 800038 467245
383692 163576 898120 1006838 496034 879197 197951 999999999 317158 959850 239419 851147 1005170 784616 981930 897142 814473 559847 833035 950196 511904 1268932 597471 936601 226386 475099 908410 468655 918174 663389 987056 837215 899747 28110 1131736 1175302 586271 747600 642643 284113 932720 818573 704877 676929 477007 928624 848157 940924 743508 739070 759048 770531 87925 590617 804181 796787 814380 1000885 1111445 1141536 636780 1108728 712220 267975 945464 824559 847549 461734 961457 323044 536085 702913 716202 955269 956008 822391 612386 625991 973688 854552 511626 826018 276124 520933 959934 671213 300823 388331 353879 882973 268656 234105 567569 739097 550388 395548 897534 838097 924638 454510
282977 161412 806612 690363 412409 568058 166468 317158 999999999 648666 93168 558659 688133 470638 699119 709898 564938 481444 549223 663211 451930 978981 500360 660059 115580 309185 708739 345370 746257 371654 671363 522435 584084 289872 854904 862077 300264 569389 488810 160402 643692 524643 392092 481360 395183 641396 532878 684355 501960 613215 445527 558676 239003 499936 489986 634184 501268 690939 833229 825618 362626 797306 532857 88199 757939 507411 658126 203626 663380 211478 270119 427627 413916 768452 645871 614630 346910 318222 787977 640193 294818 674730 51245 237085 704407 512113 37166 262332 228760 569929 48585 83334 304743 654048 340410 140664 705182 525578 633848 373353
694720 796618 846728 113403 717436 299884 807992 959850 648666 999999999 720550 440434 141369 180490 224796 576876 359682 737453 225837 492606 757580 382096 711862 248800 759621 603762 541705 659768 632156 466303 233315 134898 96433 933925 335359 217024 511199 563280 607432 762124 475519 431017 344705 518186 717958 484707 129721 342547 394626 688931 308496 476135 886953 722339 280202 614704 289849 330658 314783 201909 367352 148890 556285 693460 595458 191966 554108 610382 122578 696821 453784 320622 403632 602087 13329 493614 399174 334012 614216 479171 526907 654407 684324 449906 352170 598745 674430 668699 678039 275735 696492 728528 571929 783516 519357 638759 561128 123660 169562 716910
235415 76104 776126 770159 368684 658661 145991 239419 93168 720550 999999999 651827 769940 546220 749029 712655 594925 439187 599147 756328 402707 1034096 464920 705950 105696 291113 716706 311797 743304 464729 758663 599150 662242 214039 901703 936287 392723 566168 473705 188080 736844 617807 482453 483683 349907 734510 610416 719096 526955 590835 535272 569973 173704 462346 579130 625907 591083 781767 880776 903994 404706 869408 529339 32983 761383 590595 661092 289160 723643 157914 305127 471165 506781 771723 716620 624923 383158 386612 791008 653810 301219 662817 42435 284308 738730 499772 99912 222562 184151 659608 57666 38574 393674 618892 345213 221841 710005 599121 688792 326511
769209 715385 1141399 375849 859316 141905 656111 851147 558659 440434 651827 999999999 349042 352535 646879 918335 688320 910214 566724 106963 905543 809838 904907 650303 625138 724075 892814 784342 972686 188467 256640 347272 347301 823143 775077 553295 264925 842194 830324 576476 85969 34379 209391 762609 849727 85777 340585 734161 678994 949073 186051 773844 763623 911161 180254 909821 163938 197942 753961 481793 549035 527568 818269 641868 951792 271113 879013 391201 549634 726125 562048 558279 150755 960783 450011 815069 570290 419477 977229 816831 653967 955926 609685 521856 749772 836907 560376 740420 725686 165879 600640 635510 291147 1029192 678001 455670 905133 379218 573782 836413
783141 845308 983376 31628 823448 210243 835824 1005170 688133 141369 769940 349042 999999999 233570 363677 716787 495269 851028 358834 378123 865991 464641 829314 390118 790953 700703 682176 759861 772271 428840 103352 181058 117793 977993 455923 209090 490137 694646 728875 777654 364192 349386 324593 641817 821566 374427 167535 483891 522741 819031 274324 609086 926006 839102 232250 749441 233064 200213 437562 147409 466930 178844 684421 746661 736430 181257 692168 607084 262547 773158 538832 432689 360219 743178 154687 630551 498333 397254 755471 617959 622053 790476 730288 523651 493270 723136 708020 755429 758650 188291 736709 771066 545758 912343 622527 648847 701161 196285 310872 817501
550164 622264 808530 227573 597554 239645 628137 784616 470638 180490 546220 352535 233570 999999999 315075 569305 337816 631270 214499 436231 641488 546187 614208 306566 580186 470709 542004 530916 624410 314593 261736 53622 118104 758187 463251 391440 345198 509243 521322 581686 415148 330933 190475 440718 594119 421443 66323 384457 338135 626482 175461 432571 709533 623016 172463 572885 189519 332854 440584 358396 243144 327668 491112 520736 600743 92232 532912 433950 234477 539844 306170 225422 263258 609503 179906 468600 273028 164631 625566 467190 391991 617796 508499 290164 401153 520807 495172 522251 525081 221350 518853 551700 406981 714891 397137 459031 555513 57400 237789 588404
650705 821240 661055 333430 630819 512046 865586 981930 699119 224796 749029 646879 363677 315075 999999999 380038 210814 629931 150169 710590 662434 288585 595063 54239 814681 548583 341440 591961 432391 629374 458085 302193 303518 959227 157532 335136 653911 409952 485778 840594 692200 631676 505533 397714 637271 700702 307099 132272 275727 533211 486423 323649 922707 606888 471800 444134 485676 555187 135145 368588 345192 270173 415997 717477 388885 377893 369949 724337 102365 677733 445856 279029 577630 393944 212024 319443 370096 394666 403381 294676 484928 476197 721299 465572 135698 468204 731976 630448 651843 488507 741895 767835 715413 628447 458782 733112 363868 271918 77418 643591
513624 764452 282443 690189 420086 807788 856707 897142 709898 576876 712655 918335 716787 569305 380038 999999999 231769 378946 365159 1005525 427285 583238 334947 336176 809889 425999 39907 429307 55829 829042 795554 590032 624102 882741 422969 714827 818099 149552 256673 870300 984376 893294 725737 229498 436057 990482 601358 247922 245531 208617 733590 158439 868771 346245 740347 113671 757928 885110 417151 746926 399785 650023 185380 680619 48784 659181 51810 831073 464544 577397 454815 366704 802489 59069 563643 106356 394898 528636 78398 102238 415780 116780 705029 500803 248020 227798 747025 509724 546185 787902 735028 745616 870558 288130 370274 807094 16170 558838 409071 454541
457563 660902 488112 470975 422902 576020 727168 814473 564938 359682 594925 688320 495269 337816 210814 231769 999999999 419206 136944 774021 452694 486269 384316 156587 676815 354564 204500 390568 287213 611195 567841 358692 395814 794442 330666 529572 610173 207093 275010 720359 752964 664263 501196 187106 430694 759218 370298 126916 72479 333155 504817 118740 766027 396112 509449 255025 526884 655248 313729 546784 207954 458723 207551 562036 263478 427415 199041 644425 262644 496597 294932 153910 578446 272540 346957 135832 218382 318325 289321 129535 303231 295230 575101 330710 145537 258170 601111 441021 467921 556165 600780 620557 666809 428745 268083 633912 217749 327834 203857 439009
203780 462993 342065 834839 70506 847931 580449 559847 481444 737453 439187 910214 851028 631270 629931 378946 419206 999999999 521876 1014578 50440 899320 44045 575692 544807 190832 403759 138329 382602 758027 893006 676685 734870 552001 738318 934758 712939 246062 145799 625321 992507 877697 701337 232240 89505 994739 690707 528821 357161 185926 735333 315235 555247 33414 763494 265972 781071 958345 724516 938119 388127 861934 223928 414683 422261 717429 339175 665793 668135 281283 348500 418984 763906 430412 726896 345459 358642 497729 446134 380831 256247 281907 452090 388844 541764 168566 513116 219830 256330 836276 483476 477627 745203 182418 236718 615312 385247 655808 611604 113212
513092 671748 624819 335310 510756 446621 715681 833035 549223 225837 599147 566724 358834 214499 150169 365159 136944 521876 999999999 646655 547336 435934 492805 113524 664750 413358 334184 462456 420974 513650 431284 226543 259372 809999 305869 412882 526719 337500 385848 692532 626156 545425 394837 295662 514293 633079 237149 172727 169971 463094 388697 250746 772778 503816 386474 390620 403096 519956 284048 420142 196549 340082 330870 567752 391829 298992 335576 584812 147762 533688 297177 131483 471211 399982 213613 272749 223256 250798 415021 263631 344103 431802 571143 315439 190873 375043 582378 490815 509195 425646 591769 617677 586938 557744 323791 588530 350304 194716 96091 517215
876018 818369 1237198 408457 964771 200814 753640 950196 663211 492606 756328 106963 378123 436231 710590 1005525 774021 1014578 646655 999999999 1010992 841960 1008096 720598 725132 829505 978012 890018 1060564 291644 275610 421163 407093 922332 826666 566530 366000 937267 930720 671685 22143 141234 313282 860223 955501 21821 412075 808517 770624 1047275 283006 865631 862372 1014648 266433 1003728 248476 187411 806714 490795 647616 554269 914893 747295 1036601 347716 968443 488559 609849 833049 666105 651691 257715 1045212 503817 904184 670376 520701 1060931 903421 758427 1049473 714372 626954 822778 936071 663357 847197 832640 223269 704201 738741 384386 1129351 781045 554972 991740 453457 641475 942513
169488 421149 387282 851358 46227 850683 541116 511904 451930 757580 402707 905543 865991 641488 662434 427285 452694 50440 547336 1010992 999999999 936419 93660 608319 507748 181490 450854 121664 432461 746935 902645 688902 748863 504920 776538 959453 697725 290632 185399 590278 989039 872450 698008 266119 58432 990722 702934 566678 387306 236365 734909 354393 510525 83732 765427 314890 782672 963967 761943 959170 399593 886436 265612 380232 471276 725004 386121 642438 694724 245505 347820 437138 757310 479596 747550 388437 368783 499928 495580 423975 255191 332093 419008 384139 580514 210807 481868 190043 223582 840311 449868 441281 726446 227647 244384 588795 433019 669865 639364 78652
937760 1107320 856793 435509 908670 668146 1144904 1268932 978981 382096 1034096 809838 464641 546187 288585 583238 486269 899320 435934 841960 936419 999999999 860883 338311 1094335 835127 544147 875709 622734 847993 566363 511317 477971 1245754 162874 293708 889266 662114 753524 1112823 828658 805367 725273 670537 916894 838971 509046 370567 556578 774380 690590 584338 1207435 873013 661191 677118 669536 658477 174858 368251 632413 287991 677011 1003065 569815 574030 594473 978879 318791 966297 733090 566734 785726 569979 376630 562382 658212 664996 570215 529665 773218 697059 1004555 749808 358601 731955 1010201 918212 940264 644461 1023438 1050964 950686 864799 745721 997671 568688 490590 345591 925196
230794 493895 311485 811902 101874 836399 608344 597471 500360 711862 464920 904907 829314 614208 595063 334947 384316 44045 492805 1008096 93660 860883 999999999 540868 570558 198109 360087 155213 338824 758826 875569 657757 714267 588515 699287 905196 717590 203924 109311 648786 985968 872978 695540 198876 121261 988671 671717 490347 325365 143756 726887 276590 588953 12175 752921 221928 770723 944117 686025 911372 371858 832636 184030 438673 378220 702231 295594 678039 637645 307928 343393 396649 760718 386387 700915 304011 343928 488343 402165 339195 253630 238497 474526 386631 502653 128928 533449 242709 280789 823686 506205 503004 752937 154309 227051 630702 341368 635437 580373 144680
599520 777080 614841 361323 576986 520176 826340 936601 660059 248800 705950 650303 390118 306566 54239 336176 156587 575692 113524 720598 608319 338311 540868 999999999 775368 497023 298738 539203 389999 616923 479014 303031 315647 914437 195759 383079 635342 357112 431575 805325 701329 632547 494934 343479 583662 709276 310184 93807 221935 481149 481493 270243 879605 552683 471868 393762 486977 574319 174947 410911 301245 315503 362238 673990 349565 379224 321975 697694 129779 628902 401295 234789 569442 355538 235511 268792 324237 364184 366687 246075 435245 427486 679779 424321 104030 414173 693818 579913 602402 497348 701560 726286 696208 576611 407474 702054 320064 271166 80633 590328
341061 111942 881661 795335 474301 654699 50973 226386 115580 759621 105696 625138 790953 580186 814681 809889 676815 544807 664750 725132 507748 1094335 570558 775368 999999999 393422 811641 417070 842819 437135 765859 630883 691057 198298 970361 971081 360214 665359 576272 87729 707288 592394 481941 580392 455464 703473 640639 797776 611956 695249 536365 662900 139862 568036 581867 726971 591171 775705 948725 931455 476912 907752 628515 133206 858424 609699 758122 237974 778228 263527 382085 542357 490037 868856 757411 718518 459783 432099 888275 745794 394763 765025 104912 351675 817753 601685 85286 328044 289769 659498 76269 67626 345082 724574 439951 170224 806350 636081 749336 432004
103062 338585 497883 688973 135267 671297 437009 475099 309185 603762 291113 724075 700703 470709 548583 425999 354564 190832 413358 829505 181490 835127 198109 497023 393422 999999999 434379 61475 453392 567714 729388 520643 582911 458863 684080 814419 522170 277344 182856 464410 807555 691029 516572 201857 126965 809234 534548 480689 282118 304288 554131 295847 442781 200412 585712 334965 602741 786440 666073 805197 236610 741722 240837 260629 474744 550199 375207 480113 559400 152391 168612 287789 576085 484878 595107 347293 204730 321419 503855 379617 78746 371796 291024 202739 498293 208659 344250 88218 121310 661810 322589 326641 555514 348264 89961 434431 424952 504923 509318 118049
526128 771403 322137 655103 440169 779255 859368 908410 708739 541705 716706 892814 682176 542004 341440 39907 204500 403759 334184 978012 450854 544147 360087 298738 811641 434379 999999999 443101 91266 809948 762849 560268 591974 892986 383476 675883 802401 164197 273823 868960 957066 868607 703636 233653 455204 963443 571206 209181 228427 241077 709051 150530 876432 371738 713887 143241 731271 853514 377403 709020 385548 611581 197313 684275 59098 630789 64756 821305 427752 586669 448051 347065 780711 68579 528426 94652 383730 511162 86610 77836 416903 153794 706753 492652 208584 245268 745903 520108 555497 758897 736126 748528 856254 324422 371939 800454 24566 528709 373085 472468
85308 347462 464849 747407 75700 732764 456693 468655 345370 659768 311797 784342 759861 530916 591961 429307 390568 138329 462456 890018 121664 875709 155213 539203 417070 61475 443101 999999999 449643 625403 790241 580327 642113 455581 721205 868307 577225 280107 173996 493967 868108 751140 577337 219631 65643 869643 594278 514151 319234 280460 615396 315986 447570 154576 647163 328414 664172 847862 704222 861560 293945 795394 245795 284432 477334 611247 380660 527464 609732 157653 230052 340989 635813 487016 650703 362679 262159 382858 505267 396948 139223 359766 319559 263711 530651 202567 378251 89500 128334 723278 351286 349445 607768 309392 140701 477464 430578 563766 557739 57641
534866 791456 235373 745514 431205 863148 888490 918174 746257 632156 743304 972686 772271 624410 432391 55829 287213 382602 420974 1060564 432461 622734 338824 389999 842819 453392 91266 449643 999999999 880140 851365 645683 679930 905174 465038 766380 866956 177468 275714 906406 1039355 947308 778624 265235 448453 1045371 657064 300126 297181 200849 787615 206358 894561 349236 795110 121501 812752 940928 461019 800227 448682 702564 214305 711847 53759 714541 96275 875269 518921 602401 497659 418959 855149 56593 618903 158252 441655 579175 66574 157787 451447 102169 738328 544581 298618 247434 783226 533797 571349 843375 768905 777446 918335 266377 405873 848557 71133 614547 463948 468601
599281 527128 1021381 446001 701102 240548 469601 663389 371654 466303 464729 188467 428840 314593 629374 829042 611195 758027 513650 291644 746935 847993 758826 616923 437135 567714 809948 625403 880140 999999999 367815 338509 371886 635339 777261 635836 77646 729677 697909 392523 272442 155313 124590 642859 689382 269824 339387 686191 583513 823213 159287 674317 576101 763536 197037 799767 196105 351054 754682 575813 433761 590876 700794 456402 868556 274593 783968 206615 547095 549252 418548 462928 68975 878409 471364 722769 447187 301188 896505 732115 505273 846144 422853 372844 704521 709378 372085 571250 552238 253744 412656 447344 119582 894736 536683 268463 817869 363515 551974 673657
802855 832061 1053660 134544 858341 129573 807367 987056 671363 233315 758663 256640 103352 261736 458085 795554 567841 893006 431284 275610 902645 566363 875569 479014 765859 729388 762849 790241 851365 367815 999999999 219008 172037 959282 558215 297327 437409 758686 780664 741560 262567 262834 284591 697286 854217 273028 205355 571917 585388 880187 230200 676285 904280 884519 184489 817824 177508 98048 539424 225154 504880 278857 744470 738785 818893 179825 766792 562184 355775 782963 562071 482568 299426 826262 246071 703597 534646 411462 839686 694658 651018 860745 717307 538575 583019 778286 686414 774217 772253 114071 719293 754618 487360 971091 658476 612001 780362 245168 398473 847419
602088 675143 838925 174020 645547 220538 678314 837215 522435 134898 599150 347272 181058 53622 302193 590032 358692 676685 226543 421163 688902 511317 657757 303031 630883 520643 560268 580327 645683 338509 219008 999999999 64555 810658 441748 340199 378249 541700 561751 629324 401074 330135 214541 478357 642832 408451 14037 388115 368697 661961 186307 461360 761432 666962 169745 602784 184204 298560 419498 305044 289366 278531 526212 573953 618217 76254 556970 475485 211000 593097 357799 263572 280245 626462 136878 492905 320162 218223 641564 487898 441907 646702 561101 343324 403122 559299 546117 574374 577962 199175 570790 603942 439490 752320 444633 504773 575561 32322 227262 637928
665802 738132 881904 109473 706067 209151 737796 899747 584084 96433 662242 347301 117793 118104 303518 624102 395814 734870 259372 407093 748863 477971 714267 315647 691057 582911 591974 642113 679930 371886 172037 64555 999999999 873020 427997 281638 420482 588087 615645 685861 388702 336097 252411 530073 703972 397276 52066 406407 414910 710721 213164 504801 823031 723819 183770 646252 193602 261805 406735 241808 349484 224802 575251 637483 648583 97490 594791 525774 203475 657603 421454 317893 308052 656206 104116 531560 380773 282735 670148 522916 504261 688918 623754 407811 419165 611391 606697 638234 642294 185349 632568 666089 480356 802718 505089 559517 609030 79083 235505 699752
370313 138808 891982 979904 486737 851169 170749 28110 289872 933925 214039 823143 977993 758187 959227 882741 794442 552001 809999 922332 504920 1245754 588515 914437 198298 458863 892986 455581 905174 635339 959282 810658 873020 999999999 1109811 1149105 558251 733213 629462 257368 904805 790540 676939 660658 467506 900747 821504 920615 723884 729005 731134 753488 60451 582123 776300 783995 786436 972819 1089358 1114773 614040 1082814 697509 243439 931223 797269 832751 433939 937150 306476 513431 680319 688092 941125 930232 805932 590221 600248 959704 837667 492227 814345 249754 496898 939762 657851 272950 373107 337573 855016 241316 207041 539939 732527 531916 367588 882697 811922 901061 444602
787130 972678 700229 424311 750339 635158 1021317 1131736 854904 335359 901703 775077 455923 463251 157532 422969 330666 738318 305869 826666 776538 162874 699287 195759 970361 684080 383476 721205 465038 777261 558215 441748 427997 1109811 999999999 349383 806565 499539 592635 997834 810167 763884 652702 511472 759401 819545 443856 209867 402540 611586 628048 423084 1075348 711441 607651 514514 619619 655941 22802 408593 497000 308352 515271 869717 413090 514370 432092 880938 230799 821183 596945 430547 721715 414252 325215 399612 519622 552190 416525 366794 626869 535498 875419 619820 196636 570407 888227 769259 793814 611026 896912 921939 868298 702363 595896 890600 408041 414341 231365 768851
908173 1012390 996187 189848 921586 417938 1018444 1175302 862077 217024 936287 553295 209090 391440 335136 714827 529572 934758 412882 566530 959453 293708 905196 383079 971081 814419 675883 868307 766380 635836 297327 340199 281638 1149105 349383 999999999 693629 736189 797345 967499 556111 556503 525656 706980 923810 566896 330722 466919 580297 861743 478585 647969 1100946 916346 438806 776621 441123 379273 339118 76862 579696 73052 736406 909697 720867 372891 704614 805128 268073 913075 669462 527331 567722 725056 222938 651657 611187 550257 732627 628933 739044 810474 899352 666870 467819 784444 886274 882807 893615 396755 910270 942955 751042 957431 727648 840949 698668 337205 326374 924683
543268 452598 992754 504389 652583 312993 392019 586271 300264 511199 392723 264925 490137 345198 653911 818099 610173 712939 526719 366000 697725 889266 717590 635342 360214 522170 802401 577225 866956 77646 437409 378249 420482 558251 806565 693629 999999999 708202 665695 315043 347569 232339 168524 618877 639516 344229 381674 696825 574016 793181 215837 660679 498839 721289 258732 778615 261379 426955 783788 637534 418401 643949 677066 386810 860058 323608 770785 129299 579530 487929 385753 457467 139616 870204 514614 711938 426577 292195 888876 724886 466294 824566 351463 337937 715967 679843 297741 516137 493852 323903 339098 373221 61806 859145 501903 190995 808073 399081 576886 622252
364154 615921 300048 672294 276713 747345 711154 747600 569389 563280 566168 842194 694646 509243 409952 149552 207093 246062 337500 937267 290632 662114 203924 357112 665359 277344 164197 280107 177468 729677 758686 541700 588087 733213 499539 736189 708202 999999999 109702 729347 915415 813960 638858 91086 291298 920196 554720 293609 173298 126152 656341 88355 719850 216027 671375 70414 689486 839873 487719 753612 296950 665679 36855 534566 198022 601470 100665 705647 469727 428132 328350 285928 713020 207981 550927 100671 282762 430396 226748 135463 274809 116555 560862 376368 303769 81392 606270 360259 396935 730225 591464 600080 756141 221661 229399 675251 150496 513713 410936 308289
259163 517487 328214 710065 167474 750968 619678 642643 488810 607432 473705 830324 728875 521322 485778 256673 275010 145799 385848 930720 185399 753524 109311 431575 576272 182856 273823 173996 275714 697909 780664 561751 615645 629462 592635 797345 665695 109702 999999999 646148 908598 799743 621801 90366 181654 912163 575536 383047 217058 128571 647766 169630 619637 121110 669723 154758 687787 853768 578728 805551 284282 724996 80614 443457 304164 611609 209809 644853 529471 327637 280322 298278 691472 313665 596128 203733 260345 410861 331672 239283 204315 189161 473544 327788 396165 28875 524731 258752 296814 736549 504979 509474 707678 198882 164243 606411 259191 537533 471869 198662
421849 198268 958579 785464 554957 623233 87369 284113 160402 762124 188080 576476 777654 581686 840594 870300 720359 625321 692532 671685 590278 1112823 648786 805325 87729 464410 868960 493967 906406 392523 741560 629324 685861 257368 997834 967499 315043 729347 646148 999999999 655265 545307 457728 641668 536502 650406 637595 836753 659545 768479 511718 718761 197120 647033 557353 793503 564285 740709 975660 921970 514644 907848 692725 210638 918337 597991 818526 185953 794256 344851 427075 577587 452344 928851 761442 774739 502024 448176 948377 799857 455055 833375 174484 389806 856907 670281 123282 406314 369030 631027 142718 149682 287304 803094 500661 129611 865562 638878 771206 513373
854518 799507 1215317 394101 942820 181179 736579 932720 643692 475519 736844 85969 364192 415148 692200 984376 752964 992507 626156 22143 989039 828658 985968 701329 707288 807555 957066 868108 1039355 272442 262567 401074 388702 904805 810167 556111 347569 915415 908598 655265 999999999 120344 291242 838208 933606 10982 392241 788784 749012 1025240 260905 844025 844970 992530 244842 981968 226942 178395 790018 480924 625540 541413 892938 727380 1015710 327164 947067 471374 591831 812018 644026 629912 236530 1024365 486520 882825 648254 498558 1040168 882311 736372 1027746 694801 604972 803226 913989 644463 825672 811361 204074 685095 719770 368151 1107240 758917 537265 970649 433391 622475 920694
735226 681740 1112658 374480 826227 139173 624108 818573 524643 431017 617807 34379 349386 330933 631676 893294 664263 877697 545425 141234 872450 805367 872978 632547 592394 691029 868607 751140 947308 155313 262834 330135 336097 790540 763884 556503 232339 813960 799743 545307 120344 999999999 178014 733338 816457 119896 324582 714550 652453 919405 159706 747087 731177 879084 160679 882023 146026 215584 742420 487011 519587 526485 789384 607643 927664 253977 853106 359632 536264 691816 529833 531205 116607 936796 439874 789374 540086 388957 953509 792169 621482 928240 575627 489078 730645 806882 526781 706469 691506 161861 566871 601820 261586 998622 646241 423306 880342 361557 557379 802946
567845 553504 936440 337029 651807 176217 522839 704877 392092 344705 482453 209391 324593 190475 505533 725737 501196 701337 394837 313282 698008 725273 695540 494934 481941 516572 703636 577337 778624 124590 284591 214541 252411 676939 652702 525656 168524 638858 621801 457728 291242 178014 999999999 556626 642919 293412 216228 567511 481781 742099 54464 575423 620970 701854 100125 707664 109509 299382 630138 471556 342929 475436 613188 466036 762673 155214 683288 282660 422507 531816 352927 359867 77275 772195 348985 620378 362460 211198 789664 626200 445153 754040 440281 313871 585316 629281 404117 538785 527706 178153 439026 474622 227949 820671 468611 328126 713563 238967 428205 630580
298145 537770 379991 622164 238990 674948 627310 676929 481360 518186 483683 762609 641817 440718 397714 229498 187106 232240 295662 860223 266119 670537 198876 343479 580392 201857 233653 219631 265235 642859 697286 478357 530073 660658 511472 706980 618877 91086 90366 641668 838208 733338 556626 999999999 248900 842443 491938 301773 126706 187214 577688 96358 642886 210378 596036 160803 614183 773526 496322 715594 213774 634632 58198 451463 278058 532227 177737 614561 439130 354194 237388 215434 629364 288476 506712 145514 195925 346174 307884 178502 186650 206099 475533 285499 316615 81355 518407 289043 323160 659246 505582 516251 665937 274236 141051 584581 226334 452791 381616 260471
114661 374011 430572 808245 19491 798203 490949 477007 395183 717958 349907 849727 821566 594119 637271 436057 430694 89505 514293 955501 58432 916894 121261 583662 455464 126965 455204 65643 448453 689382 854217 642832 703972 467506 759401 923810 639516 291298 181654 536502 933606 816457 642919 248900 999999999 935084 656826 550165 361774 262149 681028 342868 467848 115873 712652 327612 729699 912925 743563 919865 354722 850774 261157 325931 482365 675585 390859 584274 662049 192001 295282 397649 700963 491396 708462 383478 323234 448028 508572 418818 203652 351849 363903 329349 565392 209972 425874 132860 167950 788539 395097 388394 668016 271318 199373 531211 439728 625292 608335 23798
854986 796566 1219996 404224 944497 189130 732171 928624 641396 484707 734510 85777 374427 421443 700702 990482 759218 994739 633079 21821 990722 838971 988671 709276 703473 809234 963443 869643 1045371 269824 273028 408451 397276 900747 819545 566896 344229 920196 912163 650406 10982 119896 293412 842443 935084 999999999 399839 796374 754372 1029374 264818 849385 840816 995122 250426 986983 232659 189342 799319 491767 629491 551841 897399 725513 1022151 334134 952831 467042 600551 811634 646337 634918 236480 1030858 495612 888624 651840 501770 1046758 888480 738529 1032835 692559 606798 810953 917874 641551 826194 811400 212301 682384 716930 363139 1110895 761639 533335 976835 440774 630616 921938
615693 686348 851593 161397 659568 211267 687774 848157 532878 129721 610416 340585 167535 66323 307099 601358 370298 690707 237149 412075 702934 509046 671717 310184 640639 534548 571206 594278 657064 339387 205355 14037 52066 821504 443856 330722 381674 554720 575536 637595 392241 324582 216228 491938 656826 399839 999999999 396549 381609 675281 184795 473970 771875 680938 164978 615458 178577 285994 421778 293580 303402 270508 539531 585514 628975 71005 568844 481504 213563 606152 371448 277310 279501 637124 133000 504864 334190 230866 652045 499306 455808 659226 572096 356438 411165 572933 556043 587926 591241 189364 581306 614657 442604 765821 458660 512338 586787 42523 233209 651873
583518 786302 529540 455130 540743 607717 848462 940924 684355 342547 719096 734161 483891 384457 132272 247922 126916 528821 172727 808517 566678 370567 490347 93807 797776 480689 209181 514151 300126 686191 571917 388115 406407 920615 209867 466919 696825 293609 383047 836753 788784 714550 567511 301773 550165 796374 396549 999999999 199148 411768 559740 213774 891083 502470 554338 318524 570243 666583 195719 500415 322263 402440 306604 686335 257348 463557 240795 746437 223187 623513 416040 259701 643733 262858 329246 196415 338036 412463 273376 167475 430024 347383 697556 447714 20175 361426 719858 567575 594808 585405 722177 743451 756266 505621 394892 742922 231758 355827 173612 560273
385139 591415 470710 501364 355093 577422 661873 743508 501960 394626 526955 678994 522741 338135 275727 245531 72479 357161 169971 770624 387306 556578 325365 221935 611956 282118 228427 319234 297181 583513 585388 368697 414910 723884 402540 580297 574016 173298 217058 659545 749012 652453 481781 126706 361774 754372 381609 199148 999999999 296342 493114 95015 696847 336732 504192 234795 522160 667120 385146 590083 157780 508009 161927 493987 286114 430256 201525 596036 312424 424585 232471 121916 558103 296217 382760 139286 160086 283316 314860 151208 231900 279695 509030 272513 217392 205122 538617 368556 395712 559484 535711 553909 627892 389759 195747 579868 234592 340455 255008 368932
363606 627587 199808 797262 243338 861935 736426 739070 613215 688931 590835 949073 819031 626482 533211 208617 333155 185926 463094 1047275 236365 774380 143756 481149 695249 304288 241077 280460 200849 823213 880187 661961 710721 729005 611586 861743 793181 126152 128571 768479 1025240 919405 742099 187214 262149 1029374 675281 411768 296342 999999999 764565 214433 726034 152722 783249 98607 801397 958859 601817 879763 400057 791507 135751 562051 245915 718362 181795 773273 595725 438100 407440 401129 813645 252779 676668 215414 379762 531006 266549 245592 332819 98681 594539 455299 419507 113836 648505 369776 408639 845955 626242 627807 835936 95691 292597 733873 218740 635032 536935 284577
611088 606908 955797 288942 688873 124617 577293 759048 445527 308496 535272 186051 274324 175461 486423 733590 504817 735333 388697 283006 734909 690590 726887 481493 536365 554131 709051 615396 787615 159287 230200 186307 213164 731134 628048 478585 215837 656341 647766 511718 260905 159706 54464 577688 681028 264818 184795 559740 493114 764565 999999999 587894 675318 733833 45712 723809 55811 247627 605805 421707 364686 431806 632884 518016 768126 116607 693513 334883 397306 578763 387452 372238 95192 777306 314327 629722 387437 238586 794126 632510 480247 769892 493241 351946 576574 653107 458240 581973 573039 124410 492729 528288 272457 846353 500047 382110 720657 214837 410001 669897
393981 627685 377646 586024 331590 672066 711188 770531 558676 476135 569973 773844 609086 432571 323649 158439 118740 315235 250746 865631 354393 584338 276590 270243 662900 295847 150530 315986 206358 674317 676285 461360 504801 753488 423084 647969 660679 88355 169630 718761 844025 747087 575423 96358 342868 849385 473970 213774 95015 214433 587894 999999999 733271 288706 599201 141571 617163 759911 409483 665375 242336 577354 93292 537269 203502 524543 110117 672922 381372 447487 297872 215965 651341 213994 463649 55991 236467 373168 233398 84299 268899 185457 558154 343104 226547 147696 595829 383749 416720 653877 587083 600725 712506 310006 224871 650400 150265 432266 322581 355680
362844 105749 897207 928966 487325 794339 110312 87925 239003 886953 173704 763623 926006 709533 922707 868771 766027 555247 772778 862372 510525 1207435 588953 879605 139862 442781 876432 447570 894561 576101 904280 761432 823031 60451 1075348 1100946 498839 719850 619637 197120 844970 731177 620970 642886 467848 840816 771875 891083 696847 726034 675318 733271 999999999 583663 720689 774318 730357 915515 1054456 1064455 578370 1035741 683510 205679 917504 744902 817961 373861 895691 292163 478573 644833 629834 927615 883805 787027 556429 554557 946536 817554 467194 807228 204050 457666 910564 647410 218366 360904 323223 798804 190681 158639 479645 737441 509131 307955 867644 764176 861974 444290
227482 489591 315075 821917 96382 844076 605126 590617 499936 722339 462346 911161 839102 623016 606888 346245 396112 33414 503816 1014648 83732 873013 12175 552683 568036 200412 371738 154576 349236 763536 884519 666962 723819 582123 711441 916346 721289 216027 121110 647033 992530 879084 701854 210378 115873 995122 680938 502470 336732 152722 733833 288706 583663 999999999 760362 233034 778118 952404 698156 922074 380356 843740 196191 436638 389210 710674 307309 679652 648905 304895 349285 406414 766423 397284 711458 316158 352056 495398 412898 351328 258723 248492 473007 391868 514806 141064 532617 240722 278404 831594 504616 500569 755825 156588 233791 631394 352851 644923 591731 139566
647004 651270 971411 248986 719638 85893 622961 804181 489986 280202 579130 180254 232250 172463 471800 740347 509449 763494 386474 266433 765427 661191 752921 471868 581867 585712 713887 647163 795110 197037 184489 169745 183770 776300 607651 438806 258732 671375 669723 557353 244842 160679 100125 596036 712652 250426 164978 554338 504192 783249 45712 599201 720689 760362 999999999 737457 18149 206581 585798 379559 385457 395340 649833 561161 772747 93985 702409 379793 378158 617713 417655 385546 129132 781607 287456 638212 410401 265873 797824 638474 510245 783127 537248 385083 570227 673314 503359 617914 610709 81075 537416 572927 313527 867443 527088 427751 726838 200942 396979 702523
413696 671828 236141 725714 310720 811965 771616 796787 634184 614704 625907 909821 749441 572885 444134 113671 255025 265972 390620 1003728 314890 677118 221928 393762 726971 334965 143241 328414 121501 799767 817824 602784 646252 783995 514514 776621 778615 70414 154758 793503 981968 882023 707664 160803 327612 986983 615458 318524 234795 98607 723809 141571 774318 233034 737457 999999999 755518 901343 505460 799429 366591 707842 103589 594968 156386 665038 83274 774950 513996 482224 398173 352068 782238 164799 601979 124979 353052 500027 181292 151059 340861 46445 623102 446302 324727 126965 670821 413414 451302 794222 654119 660853 826451 188073 295966 743244 121897 573814 455577 347409
