NAME : synthetic_000074
TYPE : CTSP-D
DIMENSION : 100
GROUPS : 8
RELAXATION_LEVEL : 1
EDGE_WEIGHT_TYPE : EXPLICIT
EDGE_WEIGHT_FORMAT : FULL_MATRIX
EDGE_WEIGHT_SECTION
999999999 667266 860903 590266 328984 178554 930223 485153 364853 237803 213398 768259 443727 797605 635995 876551 654362 329200 377157 215926 297836 524444 600805 739610 631168 714606 361064 785680 905603 607022 586154 561721 361367 588717 680867 276800 325082 740888 490778 679766 344055 564125 418812 539848 540353 446140 252943 225825 662784 760836 331548 320082 833519 773708 409926 466404 431674 947516 870161 709063 826368 793815 512801 268312 491406 304818 653950 676324 450575 136157 630512 938445 950868 659196 673261 391202 564622 293577 353595 267756 350410 131369 701348 980069 537846 402198 530280 325735 478739 507206 267272 801956 668434 812321 871881 346469 832456 376254 569994 1006717
667266 999999999 315509 135810 444084 509991 818049 637517 931067 628649 590668 284535 495670 721025 365423 600375 214580 387886 851521 813607 491794 307573 171449 249459 702139 102300 319075 673653 270848 138147 598558 752237 959767 112446 422393 695069 787440 704459 185956 433849 367570 596444 368339 698538 276923 476150 576687 572905 379061 642422 905845 354139 207459 152257 477416 629787 267682 307392 641175 559887 187839 128933 735573 418093 359110 379944 557408 264175 582274 536270 206847 826010 286709 194897 224319 298048 143336 391190 540369 637069 665332 553390 70693 313034 206545 483331 139406 877556 193625 547329 550222 171647 591707 326253 212070 557469 165412 788452 180465 345528
860903 315509 999999999 291394 722412 683372 615714 941914 1030710 736596 846633 99180 519797 560120 284617 365336 525680 533339 921319 947670 600507 619452 486891 539737 625499 387515 574389 508330 151774 271838 912365 718347 1073501 422887 295280 785385 867223 570158 463492 306992 636796 545007 456543 667985 589872 779787 684987 831700 272236 484484 1013361 595926 417380 169614 525781 631274 548402 177033 420749 419332 389993 306739 722872 592810 396996 557474 451043 572293 592504 750475 520928 622018 355981 505109 532117 565797 451337 638724 828220 731584 722836 775202 244852 337145 515698 780035 382852 978329 414842 528331 657345 395991 479743 75695 347172 623775 270128 846010 493616 275241
590266 135810 291394 999999999 432200 419412 698898 661219 819209 514995 556064 221148 362067 594741 240587 498355 316530 279999 731029 711741 374839 357805 253597 371093 566806 235906 282997 549267 315475 19652 647882 616907 852496 180246 302074 577588 668591 574213 180572 312448 345907 460759 240807 563141 332870 500600 461983 540772 258581 517402 796094 305546 342317 184336 346403 495866 261879 357547 532191 434203 321187 249986 601369 325364 223965 287209 426391 367969 448603 469614 300793 707139 399926 300424 331415 275447 197957 348040 539488 519678 539728 492059 124651 416551 255752 495655 96415 765478 123626 411675 434491 306748 460602 269538 334229 431579 268938 664562 245842 423485
328984 444084 722412 432200 999999999 285698 1011539 254774 685413 456358 160795 651475 522739 883340 597844 875133 353437 324966 667104 538446 397178 206360 318115 433502 766160 452365 154175 853211 713368 451849 302288 744544 688453 337760 659790 524593 604130 839094 262945 664804 87449 667602 411896 703546 229316 133889 429435 141136 624783 822230 652947 152287 557648 586046 483712 617580 177566 751126 890902 747929 557908 551756 703944 270883 475335 270138 709432 363617 579766 208527 332521 1020274 697201 363825 369828 156762 307087 117353 110098 483053 557378 200174 501582 734803 256212 97512 339752 640383 311383 600829 419891 531960 736464 700049 616164 487516 600385 638802 290567 785062
178554 509991 683372 419412 285698 999999999 789600 514992 438172 171559 264788 590017 289067 656739 459894 709847 537838 150702 392662 307027 140073 434823 474818 623493 510098 570894 237609 637579 734476 435072 585376 468986 457653 446854 507679 241821 327263 604223 348347 507553 253050 425246 241648 433598 441395 419562 145023 263749 487055 610074 409120 196272 692570 603743 251210 349849 310992 776692 708741 549958 681729 638704 425210 94083 315148 132483 498774 569845 320262 111269 513082 798133 796611 538029 557825 270846 427775 192507 362195 197448 272669 140834 535942 822086 416709 381090 370627 387048 316741 361738 140171 658847 518009 633844 720147 217370 672835 355822 444479 840985
930223 818049 615714 698898 1011539 789600 999999999 1266215 859113 698781 1050422 566850 501626 133075 458616 252766 1015384 689176 727161 869940 649527 1031538 950691 1066327 311449 918813 871275 158645 767443 688109 1295509 420068 918039 877980 397107 689594 713845 189754 846669 386473 933767 366717 599835 412973 1013352 1127031 677290 1045909 440718 190358 862432 860498 995074 736621 540676 468570 900029 790504 195199 270498 968353 880786 464524 752164 541640 743564 302157 1066783 479651 899971 998980 8736 967895 999267 1030260 887481 891480 894520 1115711 672027 600054 930001 764730 952470 940433 1103802 774980 824977 759113 427985 664833 964938 275774 550010 943991 584195 861961 658846 938654 887709
485153 637517 941914 661219 254774 514992 1266215 999999999 845971 675268 273104 882168 774548 1137647 848134 1126137 474153 578431 859582 698268 641636 333449 475775 527548 1015005 610417 402599 1107945 905408 680369 127339 983697 833076 525115 911072 736225 802767 1092531 481169 916679 336416 919190 666666 946348 365256 162171 659105 264287 874543 1076996 812528 406701 686203 788966 735195 861138 400116 938397 1143982 1002561 695921 718228 940199 520443 729586 523637 964149 455248 826350 412813 463484 1274949 839753 492371 481958 395468 494586 371709 153962 704671 785045 390081 704276 883400 430976 167928 564919 810099 548890 852526 654919 670966 990965 930335 763070 728906 771183 847113 458926 951875
364853 931067 1030710 819209 685413 438172 859113 845971 999999999 304215 577398 931531 514508 743608 754355 908496 975918 543353 132425 148930 444669 865460 912819 1061636 554765 1002573 675003 756057 1118769 830479 950711 439295 59549 881192 771553 245934 166597 683454 783945 764596 680421 552010 585905 455337 875525 808941 357271 590551 774337 743668 33452 633043 1124515 996866 504965 434808 748693 1160714 878834 729584 1111421 1059305 397420 519579 635134 555619 670010 1006767 457362 477809 951176 865529 1215473 976187 995868 708150 864135 621798 718447 302016 313199 485813 943260 1235300 854834 765306 793626 53732 739408 530444 384918 1089829 665900 964779 1143114 406938 1086464 206802 882574 1238549
237803 628649 736596 514995 456358 171559 698781 675268 304215 999999999 409866 637866 241515 567419 471612 673875 692431 240972 229668 213198 140724 601641 625448 776661 394798 704265 399551 560714 816737 526346 753537 325218 339812 586218 501264 72218 163516 509037 491831 496900 423074 336954 283969 302066 605456 589977 53174 414025 494915 538626 281779 360639 825778 693274 219357 230977 470461 858880 658568 497716 811346 756314 277024 228951 339824 260950 439127 728710 222353 262491 667738 706788 911875 689991 712585 432326 572223 362665 525544 30687 114463 285979 639095 931170 571982 550496 492738 250483 439045 288102 81067 790596 447921 674759 840438 128628 782477 184777 596329 935003
213398 590668 846633 556064 160795 264788 1050422 273104 577398 409866 999999999 766452 548846 918136 679852 948612 514232 371581 586482 428677 403051 365946 477141 593891 774861 609012 275842 895856 854981 575380 373385 728509 569644 489956 736616 466742 530087 867169 404992 739179 223384 688688 469790 696296 389929 245681 401410 19730 707647 867043 543986 250709 717184 724416 509748 613743 324193 894366 955141 801154 716419 704990 682557 303292 542017 322456 754122 523255 585049 153915 493248 1059037 853920 524496 530552 292850 460350 208026 143362 440120 522754 125925 642160 890102 414221 202207 471811 539132 432504 624022 402520 690571 776185 814380 772816 481729 751700 575808 448678 935364
768259 284535 99180 221148 651475 590017 566850 882168 931531 637866 766452 999999999 421045 494380 188645 328172 498945 439409 822471 849348 502530 571332 449431 528473 539316 374171 499587 442937 221028 201847 864177 626562 974404 379356 209065 686225 768110 496388 401075 221486 564446 453217 359179 575201 543856 721154 586466 752512 179716 415939 914222 516806 432069 170922 426606 534771 483020 256047 376786 343190 404828 317152 628567 501169 298102 467080 367012 548709 495006 662237 489761 573966 405290 479411 508806 495119 404380 559895 759706 632533 623916 688035 217677 396409 467150 716802 317265 879156 340181 432406 558911 404440 397890 48576 377145 524596 295144 747394 450249 351659
443727 495670 519797 362067 522739 289067 501626 774548 514508 241515 548846 421045 999999999 369309 239882 435966 628256 198874 401546 452039 149669 590170 556872 702242 246679 590234 399556 348520 622778 365789 819389 260932 561186 496289 261355 273492 348985 319654 425168 256211 453829 144863 138363 208801 581129 647827 200341 544676 260097 321139 500084 378338 703129 513854 39534 134159 448174 663272 426553 265337 682881 611077 240071 254426 140265 253209 210999 674773 86609 398649 605886 510227 754985 618765 647258 423656 495127 405922 621520 226645 203286 428773 481640 764735 522071 618775 384884 463494 343347 78091 179171 667298 228951 451463 694554 113754 623704 326400 534158 749596
797605 721025 560120 594741 883340 656739 133075 1137647 743608 567419 918136 494380 369309 999999999 355703 231957 908987 559515 611185 744212 516673 913858 841975 965599 189031 823134 746204 51813 708648 586203 1171084 306182 801674 770464 300519 561534 592065 60662 730873 288447 807344 233746 472892 290105 897443 1001435 544667 913932 342905 79483 744271 733279 909114 657833 408543 338400 779081 737109 176930 161139 883265 796956 346198 621248 419137 614174 177399 959984 347156 767261 891102 141515 899618 894050 924943 764079 781298 766062 986264 541243 471618 797250 674017 889833 826581 976735 663552 706234 642715 295032 531870 877049 147376 487869 866517 451363 784651 539497 827582 835319
635995 365423 284617 240587 597844 459894 458616 848134 754355 471612 679852 188645 239882 355703 999999999 278059 556863 315162 640132 684791 346983 580275 492183 610388 359367 467629 445697 309099 404900 230887 857802 439345 800394 419374 64598 511911 588826 340651 394448 73150 512422 266642 218487 387363 559632 696251 423397 669563 27817 277485 739443 447473 557966 320017 252965 346672 458005 442384 300878 194595 533011 448850 439999 384107 144760 358500 196382 608228 308284 551386 540368 466920 568996 540990 571977 454034 433496 488131 707553 461664 442743 580279 321537 568476 484840 680550 318317 703134 309679 243912 397347 524759 230263 213164 524216 349844 444405 563807 480974 535464
876551 600375 365336 498355 875133 709847 252766 1126137 908496 673875 948612 328172 435966 231957 278059 999999999 809259 577561 779273 876845 578730 851953 750698 849372 377434 696811 723607 187455 516997 483706 1134202 496542 962916 677414 215344 691136 745201 269233 667222 210783 790196 356565 478965 462364 829166 974055 636040 939802 252086 181296 902397 723932 760217 498886 467116 474539 734831 538534 59366 179619 732942 645306 524143 646682 406755 626358 239660 860480 460008 811160 796137 258451 720215 791220 821801 732017 696311 763716 984527 654498 605070 841030 539548 702464 752695 958601 586980 863944 585233 388246 615063 732475 243126 303937 702219 545526 620948 702200 744196 635363
654362 214580 525680 316530 353437 537838 1015384 474153 975918 692431 514232 498945 628256 908987 556863 809259 999999999 465535 922036 840126 574510 153312 71399 85964 860828 145609 301358 864684 450888 328232 408492 888636 992584 138671 618592 764227 855834 884556 206613 628968 310940 752396 490033 837029 125249 325766 646728 494563 575070 832619 946440 343645 214142 356911 599980 758241 227569 478232 846592 749384 221937 251643 862565 463509 509530 432657 736796 51481 711101 518737 24778 1023641 365938 20866 20155 268489 133330 361853 418473 709370 758822 524714 283807 409260 121169 349379 249248 924868 284970 694025 624798 196828 770534 540779 288957 657904 305005 871354 97026 479988
329200 387886 533339 279999 324966 150702 689176 578431 543353 240972 371581 439409 198874 559515 315162 577561 465535 999999999 466914 431747 109526 402019 395686 546923 444834 464211 203523 531714 591390 293621 620519 440188 573857 349170 367855 308932 401744 514218 259590 369431 255091 343443 98725 393267 397507 448953 189704 363788 342815 501526 518699 179605 585358 462937 160714 308407 260310 633757 583685 431571 570512 515956 406914 69382 172386 54841 388132 506844 265147 236311 441412 697894 672275 460303 485519 230495 338458 207717 426756 251397 293410 265452 402059 693280 349113 420315 251891 489775 198543 276750 164329 550023 413433 483143 599851 193688 543983 409298 368523 703395
377157 851521 921319 731029 667104 392662 727161 859582 132425 229668 586482 822471 401546 611185 640132 779273 922036 466914 999999999 190058 359892 827336 855107 1006328 422369 931098 627303 624049 1018902 740192 952594 307148 190913 814835 651786 158489 66211 551050 721239 644017 645370 423553 491459 323258 832820 797847 277727 596013 658234 612250 136659 587321 1052039 902092 398392 308200 699108 1060238 748072 601165 1036551 977505 265005 458527 531394 490478 542070 957839 335643 460599 897329 733664 1130774 919659 942189 660333 801550 584903 719359 215526 198649 476304 855653 1146931 801461 755873 718308 101534 665395 407498 302598 1016569 536234 852715 1062039 302880 999967 78010 825994 1142462
215926 813607 947670 711741 538446 307027 869940 698268 148930 213198 428677 849348 452039 744212 684791 876845 840126 431747 190058 999999999 347427 723255 779638 926085 558491 877790 538887 746449 1020953 725081 801894 458590 152703 753878 713115 186232 164990 683743 655302 708236 538448 526713 492023 457109 735080 660518 263078 441663 707944 728374 115666 496536 999542 894123 432251 409899 612616 1063293 856122 698017 988380 942538 410081 395833 551853 433728 638195 868316 417127 332288 815535 877273 1100148 841838 859842 571642 734445 481261 569520 225432 275092 338365 833333 1123407 719704 616787 674410 113221 620042 488644 290465 965697 641758 887172 1025010 338296 973885 225145 748997 1135041
297836 491794 600507 374839 397178 140073 649527 641636 444669 140724 403051 502530 149669 516673 346983 578730 574510 109526 359892 347427 999999999 503446 504957 656302 374470 571915 300351 497888 676377 385824 699116 348106 480266 458456 386119 203492 295654 464450 368958 384057 341249 285690 144666 306388 501602 528450 87550 400409 372428 470778 422499 268572 692448 552550 113133 220479 363852 718577 573623 413323 676695 618416 309764 129201 206929 146904 360391 614996 184883 250782 550263 658059 772981 569625 594543 330424 447980 285504 487674 145438 184368 280660 499219 791310 457058 494685 358730 390956 306400 221701 59753 656890 378491 541597 702827 91691 642999 300110 477486 794280
524444 307573 619452 357805 206360 434823 1031538 333449 865460 601641 365946 571332 590170 913858 580275 851953 153312 402019 827336 723255 503446 999999999 142331 228412 834743 278194 203989 874813 572566 375030 293402 841758 875684 196720 644804 673663 761669 880326 185849 653176 185054 727795 455563 793632 31845 176667 562321 346218 603306 842509 834341 241072 366164 459828 555943 709745 142313 605043 880653 761051 371415 385503 808884 378535 496083 356612 736733 157348 665148 392608 136490 1040127 514987 167696 167242 173030 168296 244112 265187 623138 684407 393078 376560 556617 104337 196582 265152 816794 272497 663884 544680 345641 768518 617857 435808 593472 438172 785819 127147 620229
600805 171449 486891 253597 318115 474818 950691 475775 912819 625448 477141 449431 556872 841975 492183 750698 71399 395686 855107 779638 504957 142331 999999999 151535 790101 137864 241777 798502 430924 267135 428161 817237 931591 73394 554887 696927 788963 816104 136163 564857 262210 681645 418637 765639 110521 317970 578777 457823 511600 766316 883939 284058 240124 322463 528608 686874 169259 462854 785723 683177 239825 243902 791269 396956 439085 364812 668610 119457 639715 464650 49757 959032 380439 64736 90725 210105 62291 307269 397822 641477 689095 473482 242043 419892 63903 333191 179625 861202 213629 622903 556253 213860 702154 493649 299804 587420 296202 802889 30867 479213
739610 249459 539737 371093 433502 623493 1066327 527548 1061636 776661 593891 528473 702242 965599 610388 849372 85964 546923 1006328 926085 656302 228412 151535 999999999 929247 154477 387284 919486 442942 379513 445531 963161 1078531 206045 669617 848260 940156 944997 287346 680703 395770 821182 564840 910866 204293 390395 730257 574165 626051 887830 1032250 429587 166224 370859 675816 833937 313503 463826 890633 804766 183313 240926 939022 547925 577929 516234 797056 73950 786461 604199 110573 1074377 320648 86803 66456 354444 209437 447561 489849 792951 840303 609568 311128 366681 206806 419136 318165 1010466 359843 765079 707788 163033 831173 566056 252339 737929 290765 954423 180341 448234
631168 702139 625499 566806 766160 510098 311449 1015005 554765 394798 774861 539316 246679 189031 359367 377434 860828 444834 422369 558491 374470 834743 790101 929247 999999999 802662 646232 204304 760066 564380 1064953 120848 612699 724384 330925 379191 403636 128695 663544 318862 699908 108463 379308 101734 824074 893320 381321 773556 361047 198275 555245 624433 905456 678932 284123 164904 693357 795219 336178 218070 882165 801583 157392 495502 351553 498530 174831 909391 190005 621067 839776 318802 928031 849240 878960 670040 727811 650307 861165 366378 290395 649974 671148 927760 761322 862980 612162 517231 577838 170895 374313 870690 149649 549820 880177 293601 801862 350495 769986 890852
714606 102300 387515 235906 452365 570894 918813 610417 1002573 704265 609012 374171 590234 823134 467629 696811 145609 464211 931098 877790 571915 278194 137864 154477 802662 999999999 354513 775548 305280 239932 552686 849022 1027193 125904 524037 773114 865941 806747 224487 535614 388504 696291 458427 795561 246453 454757 653799 590048 480839 744421 975724 394638 121970 217959 569261 724287 288977 333103 739574 662006 111788 107997 830245 483503 456471 446972 659629 187073 676576 579568 149110 926698 244974 124887 147652 326800 151333 425259 535498 715600 750716 592334 157395 282790 196370 471030 213397 949601 265705 645332 628502 88005 693927 411607 163876 643940 161306 871507 162349 342036
361064 319075 574389 282997 154175 237609 871275 402599 675003 399551 275842 499587 399556 746204 445697 723607 301358 203523 627303 538887 300351 203989 241777 387284 646232 354513 999999999 712640 579559 302575 424899 643025 691262 229039 508479 471755 561260 706043 134078 514106 67083 542209 274031 596705 205916 255799 358724 259469 472296 681002 645263 42381 472542 448641 362783 511573 73793 619322 741766 603866 466056 440040 608079 174548 330224 154253 569767 332235 468668 225352 276711 880000 594709 303062 321176 33238 203756 72234 264198 420008 480439 238021 366922 627015 180841 235543 195998 624389 159902 476238 340708 441352 598841 548094 514525 391162 483270 582931 210941 664556
785680 673653 508330 549267 853211 637579 158645 1107945 756057 560714 895856 442937 348520 51813 309099 187455 864684 531714 624049 746449 497888 874813 798502 919486 204304 775548 712640 999999999 656848 539983 1136959 324994 813145 726451 251797 561460 599694 83051 690629 240007 775149 223762 441379 300791 857379 968388 533615 890667 294739 32343 754463 701988 859657 607149 386839 336846 742110 685310 136849 115332 833647 747070 360250 595703 383164 585874 143818 915868 338409 746962 847341 167374 848219 849314 880267 729016 738376 736312 957842 536146 471667 777132 625162 838161 785396 945230 621048 716099 602726 278712 518523 827894 119734 436063 815876 439624 733931 549957 785090 783519
905603 270848 151774 315475 713368 734476 767443 905408 1118769 816737 854981 221028 622778 708648 404900 516997 450888 591390 1018902 1020953 676377 572566 430924 442942 760066 305280 579559 656848 999999999 299405 856486 844210 1156541 382389 430092 873290 960450 715064 451484 442502 633885 671478 533048 791987 540991 745129 763695 837979 399422 631731 1098193 609683 296278 132417 620799 745270 535965 42372 572519 562444 270646 202604 843079 640545 487608 602547 588036 490429 702685 782776 452951 773774 207414 430147 452040 562806 413615 650007 811150 816754 821118 803739 212848 185517 475455 753902 384751 1065340 430740 645176 735722 283814 618767 220811 214352 716275 152455 946673 446493 130824
607022 138147 271838 19652 451849 435072 688109 680369 830479 526346 575380 201847 365789 586203 230887 483706 328232 293621 740192 725081 385824 375030 267135 379513 564380 239932 302575 539983 299405 999999999 665845 618109 864684 193775 291003 587838 678312 567464 199458 301754 365557 459284 248944 564253 349548 519572 473227 560164 247394 508318 807841 324783 342007 169390 352089 499002 281267 341627 518853 425277 319870 245305 604091 341150 226341 303223 419998 379713 452057 487479 313452 696280 392036 311470 342438 295094 213204 367356 559091 530077 547464 510244 116594 406742 272331 514998 115452 776758 143062 412292 445566 306813 454282 250169 328851 439466 260593 672719 260953 409999
586154 598558 912365 647882 302288 585376 1295509 127339 950711 753537 373385 864177 819389 1171084 857802 1134202 408492 620519 952594 801894 699116 293402 428161 445531 1064953 552686 424899 1136959 856486 665845 999999999 1046779 942347 489499 922175 819078 892633 1130601 469384 929289 365800 963757 698756 1005310 322500 171633 730141 360342 882649 1105153 917316 441191 610473 750408 781074 919287 399817 885737 1158224 1026834 624147 659897 1006199 571630 753887 566458 994470 378435 880518 494329 403801 1304221 765424 428630 411581 408187 461649 415136 233577 781439 857999 476432 668479 810870 397713 204980 552715 911567 548972 897168 721728 600716 1023730 910987 693085 789730 713321 932398 418807 887129
561721 752237 718347 616907 744544 468986 420068 983697 439295 325218 728509 626562 260932 306182 439345 496542 888636 440188 307148 458590 348106 841758 817237 963161 120848 849022 643025 324994 844210 618109 1046779 999999999 498058 757221 424132 291637 296985 247160 684259 413116 688602 173434 398674 53885 835525 876450 327147 730151 447049 318794 442445 614715 959224 750957 289114 132053 699582 881640 456774 329831 937805 862048 49697 476963 393128 489243 278429 934541 177939 575842 866001 426648 998403 879489 907774 670676 755707 633585 830323 294685 211344 602658 731149 1002820 780208 842014 645735 405168 603969 206110 328850 923627 260281 643413 943805 257054 868896 239892 793865 974653
361367 959767 1073501 852496 688453 457653 918039 833076 59549 339812 569644 974404 561186 801674 800394 962916 992584 573857 190913 152703 480266 875684 931591 1078531 612699 1027193 691262 813145 1156541 864684 942347 498058 999999999 904093 820419 288709 218049 741387 805864 813917 690999 606377 623722 512707 887742 807464 392852 584226 821268 800067 61302 648944 1149112 1032497 548885 488490 765029 1198691 934527 783614 1137188 1088524 455515 543880 676734 581088 723813 1021010 508489 483981 967964 924511 1245586 994060 1012337 724098 885427 633956 712458 342002 362875 488353 975678 1267136 872015 763486 821174 99243 766766 581797 420821 1114921 720892 1009104 1171705 450994 1117822 263208 901020 1274165
588717 112446 422887 180246 337760 446854 877980 525115 881192 586218 489956 379356 496289 770464 419374 677414 138671 349170 814835 753878 458456 196720 73394 206045 724384 125904 229039 726451 382389 193775 489499 757221 904093 999999999 481813 656376 749114 745915 98935 491892 267149 616104 359216 704848 166999 363705 537125 471471 438459 694330 853665 268817 246255 264068 470450 628361 166349 417751 712334 611123 237689 215034 733696 361627 372832 326261 598133 189520 580797 453798 121007 886293 366541 125157 155501 202372 31321 300320 430171 599559 640781 467044 180042 400737 94217 371538 112344 828592 155176 559241 512919 213563 631890 424589 285930 536244 262666 758461 71191 447302
680867 422393 295280 302074 659790 507679 397107 911072 771553 501264 736616 209065 261355 300519 64598 215344 618592 367855 651786 713115 386119 644804 554887 669617 330925 524037 508479 251797 430092 291003 922175 424132 820419 481813 999999999 534274 604992 292614 458996 12657 574959 251501 269370 374979 623991 760078 456149 727058 43614 221199 759142 508656 608708 360998 282589 348281 522359 464494 236301 140726 582993 497085 432038 437231 195478 414238 157950 670040 316154 603776 602682 405279 607477 602266 633255 517691 496825 548653 769202 487876 458360 633175 373524 602701 548972 743706 382359 721880 374257 245399 431637 576533 189228 219827 568761 374915 487485 574191 544448 560670
276800 695069 785385 577588 524593 241821 689594 736225 245934 72218 466742 686225 273492 561534 511911 691136 764227 308932 158489 186232 203492 673663 696927 848260 379191 773114 471755 561460 873290 587838 819078 291637 288709 656376 534274 999999999 92838 501468 562812 528456 494355 340636 341038 279814 677653 657707 119365 472776 533216 542651 228109 432727 894282 752650 260202 224616 542659 915147 669891 512042 879201 821898 241951 300891 389280 332163 452144 800801 231158 325281 739558 697200 976369 761536 784383 504542 643093 433857 588863 58053 89977 346220 702162 994130 643925 617415 560685 193050 507475 303266 144932 858913 455561 720451 906289 162287 846170 114260 667966 994099
325082 787440 867223 668591 604130 327263 713845 802767 166597 163516 530087 768110 348985 592065 588826 745201 855834 401744 66211 164990 295654 761669 788963 940156 403636 865941 561260 599694 960450 678312 892633 296985 218049 749114 604992 92838 999999999 531417 655232 598001 580210 388830 430246 302038 766870 735706 212201 538563 608332 584925 157226 521416 987074 841738 341882 270663 632962 1002054 718005 565766 971892 913948 249889 392326 473890 424410 505897 891650 290982 399064 831124 720845 1067923 853499 875986 594263 735579 519694 660005 150501 146696 416290 793238 1084953 735250 694175 653434 118848 600287 364187 237604 951682 503756 800151 998408 244580 937427 60182 759818 1082737
740888 704459 570158 574213 839094 604223 189754 1092531 683454 509037 867169 496388 319654 60662 340651 269233 884556 514218 551050 683743 464450 880326 816104 944997 128695 806747 706043 83051 715064 567464 1130601 247160 741387 745915 292614 501468 531417 999999999 699800 280017 765445 179100 432018 229493 865505 960006 488047 863693 332299 91113 683815 690654 898480 653605 359174 279087 743045 746025 219893 153291 873322 788373 286051 573623 384265 569056 147971 935037 290402 715213 865637 197811 899363 870560 901239 725643 754605 721756 940178 482395 411627 745017 662130 892703 796673 933690 636632 645738 611676 243188 476394 865398 114029 495810 861253 395408 780083 479010 799933 843895
490778 185956 463492 180572 262945 348347 846669 481169 783945 491831 404992 401075 425168 730873 394448 667222 206613 259590 721239 655302 368958 185849 136163 287346 663544 224487 134078 690629 451484 199458 469384 684259 805864 98935 458996 562812 655232 699800 999999999 467329 182526 555306 286921 633370 166752 320123 444094 387447 417663 658291 756027 171790 345190 323156 395159 553151 85701 490108 694966 576326 336214 306036 656837 264917 316525 230908 554414 250508 506375 356578 182962 855223 461334 200718 226426 112170 80474 206294 365564 506774 552992 371234 238994 493039 97823 316917 84197 731618 88208 494175 420988 312354 586889 449178 381586 451346 349341 667524 110099 531378
679766 433849 306992 312448 664804 507553 386473 916679 764596 496900 739179 221486 256211 288447 73150 210783 628968 369431 644017 708236 384057 653176 564857 680703 318862 535614 514106 240007 442502 301754 929289 413116 813917 491892 12657 528456 598001 280017 467329 999999999 580384 240861 270750 364338 632717 766488 452508 729914 54788 209216 752622 513324 620931 373609 278891 339488 529509 476749 228936 128340 595268 509456 421817 438801 197321 416724 145542 680391 308407 604905 612830 394698 620134 612794 643786 524006 506461 552954 774001 482856 451486 634442 385572 615330 557988 749517 391465 715221 382041 237013 428377 588665 176652 231439 581312 369940 500069 566301 553997 573036
344055 367570 636796 345907 87449 253050 933767 336416 680421 423074 223384 564446 453829 807344 512422 790196 310940 255091 645370 538448 341249 185054 262210 395770 699908 388504 67083 775149 633885 365557 365800 688602 690999 267149 574959 494355 580210 765445 182526 580384 999999999 598011 334454 644476 197272 194613 388097 205381 539125 743751 649288 75495 501100 504705 415802 558609 100925 672631 807572 667690 497965 482055 651012 212054 394125 201676 631761 332547 517789 209527 287490 942501 632712 317038 329549 71617 238168 60545 197263 446671 514075 213813 421177 667819 198310 170420 255048 631916 224266 531478 373791 472434 660020 613010 551723 432937 528361 607850 232127 711989
564125 596444 545007 460759 667602 425246 366717 919190 552010 336954 688688 453217 144863 233746 266642 356565 752396 343443 423553 526713 285690 727795 681645 821182 108463 696291 542209 223762 671478 459284 963757 173434 606377 616104 251501 340636 388830 179100 555306 240861 598011 999999999 272264 123485 716508 792283 311289 685645 273633 202574 545950 522572 801128 581931 184032 118425 586909 708560 330248 177666 778386 699374 181750 398815 243299 397954 118613 800928 114705 536334 731316 375069 830550 740890 770562 564889 619355 550751 765963 312566 251874 566070 568471 832953 653110 763583 503837 507474 469418 66773 298126 766066 115448 470214 779393 217706 702497 346065 661547 802096
418812 368339 456543 240807 411896 241648 599835 666666 585905 283969 469790 359179 138363 472892 218487 478965 490033 98725 491459 492023 144666 455563 418637 564840 379308 458427 274031 441379 533048 248944 698756 398674 623722 359216 269370 341038 430246 432018 286921 270750 334454 272264 999999999 347021 444869 528626 231147 461466 245860 410334 565157 260685 574704 411673 111461 269147 314733 575110 486263 337010 556120 490035 374554 168065 74177 148433 297679 536413 221622 334417 467569 608572 640576 480833 509118 294255 357033 295275 517477 283969 298923 363809 365001 655572 384071 504090 248912 532394 205304 208628 203176 538771 325567 399744 574535 190773 509320 423869 395795 653061
539848 698538 667985 563141 703546 433598 412973 946348 455337 302066 696296 575201 208801 290105 387363 462364 837029 393267 323258 457109 306388 793632 765639 910866 101734 795561 596705 300791 791987 564253 1005310 53885 512707 704848 374979 279814 302038 229493 633370 364338 644476 123485 347021 999999999 786507 834327 296082 696756 396077 289852 454604 569924 905455 697510 238761 86036 651328 829743 426918 289750 883979 808163 61848 433950 339452 443768 234978 883352 128485 542654 814586 420229 944748 827557 856054 623550 703926 590788 792534 272444 192692 570439 677268 949464 729783 801045 593130 416424 552146 152231 293954 869878 221045 593406 889943 217443 815134 249785 742691 922269
540353 276923 589872 332870 229316 441395 1013352 365256 875525 605456 389929 543856 581129 897443 559632 829166 125249 397507 832820 735080 501602 31845 110521 204293 824074 246453 205916 857379 540991 349548 322500 835525 887742 166999 623991 677653 766870 865505 166752 632717 197272 716508 444869 786507 999999999 208318 564247 370218 582001 825041 844857 245529 336329 429152 548020 703489 137751 573307 859248 743056 340814 353684 804095 379430 481443 354843 720751 136369 658161 406690 106668 1021897 484132 138166 140723 173362 139660 253953 294583 625794 684210 409273 346325 525458 77232 226931 242348 826073 254759 653497 545389 314961 752994 589985 404682 590462 406331 788756 96528 588485
446140 476150 779787 500600 133889 419562 1127031 162171 808941 589977 245681 721154 647827 1001435 696251 974055 325766 448953 797847 660518 528450 176667 317970 390395 893320 454757 255799 968388 745129 519572 171633 876450 807464 363705 760078 657707 735706 960006 320123 766488 194613 792283 528626 834327 208318 999999999 563273 228055 721969 936785 775981 269814 539908 627212 609461 748291 241380 778962 995101 859553 546765 561772 836610 400425 585973 394834 825355 316446 709118 337336 311696 1135758 690672 342160 336652 242505 332954 243710 109304 616858 691202 324255 542383 732833 269825 44070 404187 766003 391558 725656 553337 521184 854065 769166 612019 619448 614171 771807 298993 796774
252943 576687 684987 461983 429435 145023 677290 659105 357271 53174 401410 586466 200341 544667 423397 636040 646728 189704 277727 263078 87550 562321 578777 730257 381321 653799 358724 533615 763695 473227 730141 327147 392852 537125 456149 119365 212201 488047 444094 452508 388097 311289 231147 296082 564247 563273 999999999 403063 447438 509614 334950 321638 775047 640100 173621 216711 427779 805859 624213 462725 760168 704050 281821 185018 288780 214085 405563 684483 197664 248811 622142 685522 859301 643469 666874 390908 524235 328480 506861 62703 127952 275524 586179 878275 527010 525563 441570 303544 388212 256157 27983 739726 417607 624096 788283 94008 729700 225068 550139 881830
225825 572905 831700 540772 141136 263749 1045909 264287 590551 414025 19730 752512 544676 913932 669563 939802 494563 363788 596013 441663 400409 346218 457823 574165 773556 590048 259469 890667 837979 560164 360342 730151 584226 471471 727058 472776 538563 863693 387447 729914 205381 685645 461466 696756 370218 228055 403063 999999999 697323 861543 557193 235981 697818 707716 505390 613509 305996 877184 947445 794521 697215 686494 684743 296278 533049 313458 748406 503530 583575 154323 473628 1054549 834992 504895 510852 275415 441721 193024 128251 444016 526027 128215 625132 871377 395015 184326 455448 551287 417149 620512 402803 671348 771116 800574 753886 481113 733461 582986 429474 917309
662784 379061 272236 258581 624783 487055 440718 874543 774337 494915 707647 179716 260097 342905 27817 252086 575070 342815 658234 707944 372428 603306 511600 626051 361047 480839 472296 294739 399422 247394 882649 447049 821268 438459 43614 533216 608332 332299 417663 54788 539125 273633 245860 396077 582001 721969 447438 697323 999999999 263811 760180 474708 567025 322641 275706 360646 483003 435553 277351 182246 541542 456162 450638 411816 171931 386315 192325 626525 324339 579075 559274 448885 570593 558692 589680 480002 453824 515519 734580 484007 461841 608006 331282 567785 506635 706847 339995 723554 333939 257250 421733 534515 225221 198616 529278 371624 448501 581392 501520 530246
760836 642422 484484 517402 822230 610074 190358 1076996 743668 538626 867043 415939 321139 79483 277485 181296 832619 501526 612250 728374 470778 842509 766316 887830 198275 744421 681002 32343 631731 508318 1105153 318794 800067 694330 221199 542651 584925 91113 658291 209216 743751 202574 410334 289852 825041 936785 509614 861543 263811 999999999 740755 670805 829677 578518 358952 318530 709977 661178 137984 83243 803803 717473 350655 566103 351283 555494 113410 883775 316411 718924 815194 199069 820973 817324 848268 697129 706128 705466 927235 514903 453282 749131 594723 811920 753058 913926 588760 702287 570396 253687 493565 797677 92526 411249 787166 415639 705342 536999 752810 759316
331548 905845 1013361 796094 652947 409120 862432 812528 33452 281779 543986 914222 500084 744271 739443 902397 946440 518699 136659 115666 422499 834341 883939 1032250 555245 975724 645263 754463 1098193 807841 917316 442445 61302 853665 759142 228109 157226 683815 756027 752622 649288 545950 565157 454604 844857 775981 334950 557193 760180 740755 999999999 603173 1097693 975047 488295 427870 719021 1140267 874663 722987 1085046 1034352 398571 492299 616845 528828 663123 976644 447284 445675 921724 869072 1190958 947059 966341 678347 836044 590977 685130 282303 301593 453159 919759 1211593 825456 732302 767852 38512 713525 520603 362831 1063186 660703 948546 1117909 390311 1062494 204830 853582 1216775
320082 354139 595926 305546 152287 196272 860498 406701 633043 360639 250709 516806 378338 733279 447473 723932 343645 179605 587321 496536 268572 241072 284058 429587 624433 394638 42381 701988 609683 324783 441191 614715 648944 268817 508656 432727 521416 690654 171790 513324 75495 522572 260685 569924 245529 269814 321638 235981 474708 670805 603173 999999999 513498 477837 340319 484196 116086 650103 738791 595865 506358 477407 578035 140078 323054 126455 558349 373854 442844 185004 319020 869234 633116 345443 363428 75200 244593 43093 260716 382124 445370 199658 398030 664385 223217 243462 224943 582620 182205 456012 305067 481882 586073 564995 553342 360142 519202 544749 253240 698884
833519 207459 417380 342317 557648 692570 995074 686203 1124515 825778 717184 432069 703129 909114 557966 760217 214142 585358 1052039 999542 692448 366164 240124 166224 905456 121970 472542 859657 296278 342007 610473 959224 1149112 246255 608708 894282 987074 898480 345190 620931 501100 801128 574704 905455 336329 539908 775047 697818 567025 829677 1097693 513498 999999999 261430 684482 837244 404079 309805 808197 749173 27517 114917 943017 605469 566207 568930 753742 232690 789732 697886 229752 1002547 154956 198472 204392 443381 268907 542006 630911 836636 869727 709264 236462 200594 303591 562739 333746 1071515 386838 753865 749511 35933 787871 460168 88434 762383 148150 991465 269303 283281
773708 152257 169614 184336 586046 603743 736621 788966 996866 693274 724416 170922 513854 657833 320017 498886 356911 462937 902092 894123 552550 459828 322463 370859 678932 217959 448641 607149 132417 169390 750408 750957 1032497 264068 360998 752650 841738 653605 323156 373609 504705 581931 411673 697510 429152 627212 640100 707716 322641 578518 975047 477837 261430 999999999 506893 642285 408527 173921 547631 501101 234092 146614 744147 509686 374655 471483 514732 402896 597386 650371 353388 743883 249101 336220 362767 433260 294385 518529 686625 695341 706254 671340 85211 252136 358279 632408 253091 943219 298345 546587 612248 234984 547846 199812 208732 599429 126824 832095 332719 241730
409926 477416 525781 346403 483712 251210 540676 735195 504965 219357 509748 426606 39534 408543 252965 467116 599980 160714 398392 432251 113133 555943 528608 675816 284123 569261 362783 386839 620799 352089 781074 289114 548885 470450 282589 260202 341882 359174 395159 278891 415802 184032 111461 238761 548020 609461 173621 505390 275706 358952 488295 340319 684482 506893 999999999 158274 413683 661984 460629 300191 665216 596378 263251 214956 133214 214644 247656 645517 111221 360124 577150 549294 743672 591355 619263 387771 467404 367083 582086 208734 200320 390300 468653 755729 491174 579952 360373 452777 315997 117331 149814 648558 267127 460252 680502 98060 612150 325981 504857 745549
466404 629787 631274 495866 617580 349849 468570 861138 434808 230977 613743 534771 134159 338400 346672 474539 758241 308407 308200 409899 220479 709745 686874 833937 164904 724287 511573 336846 745270 499002 919287 132053 488490 628361 348281 224616 270663 279087 553151 339488 558609 118425 269147 86036 703489 748291 216711 613509 360646 318530 427870 484196 837244 642285 158274 999999999 567546 784640 448543 295130 816872 744267 105958 347920 272710 358215 235338 803609 47745 459853 735363 476463 886178 749611 777535 538890 625670 504760 707243 203549 134869 488170 614281 894154 648682 715070 517676 389435 474189 103459 211408 801425 233790 558963 827384 132647 755272 230238 662982 874039
