NAME : synthetic_000389
TYPE : CTSP-D
DIMENSION : 100
GROUPS : 8
RELAXATION_LEVEL : 1
EDGE_WEIGHT_TYPE : EXPLICIT
EDGE_WEIGHT_FORMAT : FULL_MATRIX
EDGE_WEIGHT_SECTION
999999999 494332 570070 693822 653581 745572 698487 683939 321544 309766 569714 679584 680704 1155590 610441 509864 394554 871178 745071 949851 798571 351748 956028 230792 761003 836903 916610 98559 92037 789703 444464 1064633 913677 465747 343861 220674 311830 208089 41854 1032547 1016551 480708 611534 265959 905514 429252 582256 454870 796048 564894 606430 885695 995784 904378 453283 806842 461278 596713 222020 553600 644616 112013 277263 76538 588068 307979 331220 933029 917783 561028 744872 686452 917345 100291 660033 60584 696906 96016 462888 525452 861777 862236 267111 817849 793376 1067307 578611 444817 38177 841724 1118079 660386 573592 643459 424252 585493 699817 1124701 728573 493202
494332 999999999 579777 218513 562546 385262 623514 859215 519241 537895 94897 870804 294027 845001 121098 184465 126136 582231 844754 881478 555591 488992 748387 541977 648961 715033 851259 550529 516508 843357 800353 722436 698281 248004 193408 348581 490441 552293 534632 755646 726005 97177 181953 242909 1029525 122200 657936 39698 370757 201901 135653 652510 634237 862689 44889 756773 478791 422151 587152 428344 695806 467738 613786 457928 794998 497321 632821 959278 655219 232565 791509 912300 1044824 438775 727583 505315 281728 532974 638113 178448 753603 671338 247752 601699 774767 796294 174141 422928 477290 961397 789680 505474 136043 247334 105844 98204 282230 820707 582094 647849
570070 579777 999999999 611156 126207 456571 141443 309579 259947 282076 564124 329265 469330 681600 608725 412365 607162 437504 266547 380129 345398 219318 430417 369959 211329 280405 346789 519281 495684 266128 453668 637828 401006 333554 428957 387692 261171 401681 598229 547214 546415 657043 760979 579758 450508 460906 94060 559468 570693 433777 567297 393853 607469 337347 578633 236872 119552 216797 417769 173804 116213 458449 382760 615299 286276 266868 341315 394954 443834 397447 214046 387284 465944 473476 148862 519350 512117 504338 193089 427441 298106 342297 591284 331295 228263 571518 478026 165578 593853 382987 666912 194765 715671 473260 619528 592434 516491 648937 214253 169968
693822 218513 611156 999999999 548567 244263 604242 917282 640865 665025 127117 934216 166545 675946 101804 224164 344438 449355 872624 828814 456056 597801 639903 693283 605705 655918 803154 735620 700032 851226 933275 544897 591645 308243 356889 513196 613473 710699 735332 609642 575313 293062 275376 457772 1050939 267518 702292 252126 175825 182861 87784 542170 452574 824631 263196 727540 542058 404866 745699 437921 722887 647209 760294 666818 872740 622019 765753 943237 527698 215983 802540 985926 1066609 623754 756812 694644 126925 716751 726215 205033 696101 581930 463744 509442 758087 650056 142889 488719 681851 986414 615036 471512 256124 142143 321938 120976 124030 656213 533611 726320
653581 562546 126207 548567 999999999 359514 61035 409298 365231 390509 526735 432320 391617 556819 566095 380813 615440 312907 334277 327468 220846 316913 313330 474962 108133 184689 295205 615992 588593 303359 579713 511883 279431 318182 446845 449811 359500 506591 686006 422698 420670 650233 737332 614584 504983 454177 207525 550300 478134 386305 520952 268608 484386 301511 571207 194616 194965 146055 527033 136253 195730 545123 497821 688604 403493 366867 460971 400292 317787 348787 256358 494628 520624 553795 228045 608668 435642 599349 318956 391645 214267 221710 626321 205156 214030 448609 430117 211279 672438 442922 540836 83653 694569 406487 622048 554078 439838 524139 88816 296130
745572 385262 456571 244263 359514 999999999 404627 763277 581394 609215 301070 784483 91829 459973 313966 246606 497054 206708 693680 597630 215889 529268 395703 665786 388115 426330 574713 756060 720844 657090 861573 341068 347709 280515 413043 529944 559629 691342 786624 374300 342687 480833 506217 571890 859910 348874 550303 400175 119464 198283 270221 298129 258409 600886 419766 512580 431843 242147 723157 294368 552772 666587 719512 743436 740993 568968 706503 729181 284519 188523 613319 843730 875408 654847 586038 726240 118950 736495 617461 236747 465964 341687 581464 270115 550212 415119 212289 392993 746100 800309 406205 275881 476814 138030 485618 317459 121131 435445 317955 607026
698487 623514 141443 604242 61035 404627 999999999 381773 398280 421703 586556 406467 444378 548606 625215 441484 675887 328579 292999 268543 239440 353664 290552 508679 70145 140412 235853 654825 629231 252559 587008 518472 264794 379151 506058 500783 396312 540463 729237 414325 417750 711257 797906 672109 455361 515107 200073 611326 524051 445551 579726 265036 501676 240657 632219 133607 237214 205282 558034 197068 170203 588372 524117 737290 390213 402882 482527 341050 318616 408118 209261 470740 470890 599573 198398 651012 488343 638999 329500 452015 163363 205927 683845 210240 154724 435587 489070 262542 719261 395980 539804 133185 755313 462130 682811 613728 492443 516136 97543 302512
683939 859215 309579 917282 409298 763277 381773 999999999 386418 385947 858954 26936 778870 904827 905742 708531 858977 710157 126619 442940 621118 389732 634085 453686 435243 465812 421118 598687 592606 205776 335874 894396 624809 624628 682918 582479 409559 476164 695313 774928 785712 923476 1040628 796637 224209 737041 216006 832489 879116 736793 867112 637714 883160 383860 849079 356945 382882 526072 468187 482647 213915 581905 412977 751096 98181 407671 356140 319579 693193 701731 205178 91918 234801 611594 183463 623588 821530 592512 236843 725305 455263 569861 806851 590095 309005 787366 780280 439069 718363 167215 907283 491247 994156 781507 877440 887207 825910 873709 479134 216981
321544 519241 259947 640865 365231 581394 398280 386418 999999999 28166 547646 388855 551623 911208 596575 416841 490362 640689 428382 634192 554284 53556 678491 110402 466192 538633 601362 260454 239577 468738 292524 844811 642796 335150 327338 199175 28800 142186 344698 779485 771615 564639 692467 413248 598491 402247 260806 485602 671381 463572 568860 625391 794685 586136 498090 492771 175117 363537 162036 308731 323381 210443 141010 378235 300462 22788 127001 611798 668024 439074 423367 414414 611567 233908 338563 265982 584934 246575 150716 436035 557969 586166 422968 557795 474964 808911 498702 192564 350541 531917 885996 398792 646160 532698 512790 573662 589027 878789 450660 177022
309766 537895 282076 665025 390509 609215 421703 385947 28166 999999999 569529 386428 578477 938281 618394 441295 503494 668486 435977 652831 581809 81688 703837 88584 490177 561842 620232 242365 224323 480246 268405 872671 668754 360535 345013 208489 51804 120010 330194 806305 798807 579739 708998 420495 601908 422550 275600 503401 698446 488865 591784 652070 822811 603599 515096 512364 202178 391639 136653 336762 338573 200701 112919 370232 296364 43023 101020 623740 695152 465086 436383 407739 614571 227363 351522 252299 611330 229792 154512 460507 580119 611841 429769 584627 492572 835411 523258 220729 340627 536264 913526 425986 662903 558821 526842 595179 615396 905827 476585 183752
569714 94897 564124 127117 526735 301070 586556 858954 547646 569529 999999999 873135 209298 758229 48948 151779 220552 503874 830574 833938 487348 510059 679454 587251 602718 663495 805265 616363 581190 820374 837091 633120 629510 234326 240519 399844 519239 601782 610966 674907 643731 182836 216865 330693 1013697 151773 649388 125522 276550 142235 40978 582024 543642 820760 138314 717435 476306 381315 636958 399312 679833 529562 656865 540363 803639 527127 668513 927008 579277 179017 769443 919746 1029241 504016 712932 573748 190929 597891 650429 137153 703092 608196 336785 536650 740759 715716 102012 420335 556360 946765 701299 460260 180327 164251 200666 28348 190926 735065 532756 655488
679584 870804 329265 934216 432320 784483 406467 26936 388855 386428 873135 999999999 798009 931499 920276 723359 866902 735011 152903 469251 645605 395803 660800 450354 460942 492433 447716 592357 587856 232066 317777 920226 651182 638907 692035 586577 413093 471502 689401 801426 811962 933026 1051797 800999 235019 748610 235254 843244 899699 753036 882331 663606 908076 410218 859421 383824 396845 546053 461616 501377 237627 579606 406031 748065 91585 410613 349706 342476 719017 718383 232109 65365 244325 610183 208077 619067 840400 587012 241477 740414 482132 596030 811016 615331 335933 814069 796243 452818 714613 182903 933617 513701 1005244 799489 886041 901318 844785 900338 503649 224739
680704 294027 469330 166545 391617 91829 444378 778870 551623 578477 209298 798009 999999999 550980 224296 171545 408256 296016 722510 662391 291318 502157 479020 625223 440994 489508 636992 700556 664797 694869 840203 429503 429855 226108 340214 471828 527193 648236 722319 465731 434435 389198 416838 490013 896553 267604 562956 310553 120938 117789 179456 380942 343454 659246 329643 563918 421087 254130 681606 296761 575487 610238 684595 671960 745238 536405 678553 780440 372732 121268 647818 853826 912202 594748 609431 666969 44030 680976 609511 157893 529681 416652 499038 344065 596582 506549 122763 374159 677842 833818 495992 311221 386034 46838 395557 226330 48223 526907 368921 603882
1155590 845001 681600 675946 556819 459973 548606 904827 911208 938281 758229 931499 550980 999999999 763826 696775 956137 285192 788907 515784 359861 859065 270880 1016732 481668 439123 518999 1141678 1109683 717377 1134425 134765 284492 703991 852293 935191 899610 1047251 1193821 134473 140180 939893 950934 1021491 884266 801504 748482 859917 500951 654622 723977 288285 226763 561426 879676 549538 736130 561262 1072165 610102 710721 1059144 1049319 1169164 933126 908103 1016259 696859 243226 636930 701599 996745 896478 1057184 731892 1123084 568143 1123145 874560 690528 451756 342951 1031831 354189 599061 117667 672223 727657 1164270 851218 65658 512462 927455 597679 945481 771536 568688 32679 468004 849577
610441 121098 608725 101804 566095 313966 625215 905742 596575 618394 48948 920276 224296 763826 999999999 197363 245232 520065 874854 867547 511581 558965 701943 635197 637775 695918 839625 660483 625577 862537 885846 635510 652372 281402 287099 446638 568155 649224 651334 687731 655139 191329 192544 363809 1057344 199306 695140 158106 270170 179796 47012 603973 544296 856730 165890 754710 523454 420106 684395 441585 724028 574588 705095 577488 851585 576025 717262 966196 597017 217335 811959 967482 1072927 548107 757337 617026 197165 642239 698824 181375 735819 634780 368821 562546 779826 728513 136192 467653 595361 990772 704844 496668 163862 183518 221429 25147 196069 742202 566900 703474
509864 184465 412365 224164 380813 246606 441484 708531 416841 441295 151779 723359 171545 696775 197363 999999999 266834 419673 678851 697164 380019 373732 571472 474115 464643 530634 667118 534381 498467 669931 709336 585099 521598 85746 168747 305833 389631 493827 551583 594329 568234 277973 356560 326185 862165 104780 497870 180580 286559 55209 159398 477912 504872 679402 202194 574136 326773 238252 528361 249609 528152 444088 539053 500548 656319 398271 542186 780005 487340 59853 618727 771547 877690 426261 561193 498592 188077 514911 505869 19214 569145 490708 336103 422844 594354 634161 81993 271372 506355 795106 647519 321113 313861 133929 263154 180110 191287 669613 397643 508532
394554 126136 607162 344438 615440 497054 675887 858977 490362 503494 220552 866902 408256 956137 245232 266834 999999999 684577 863099 941993 646618 472117 837317 487418 711967 783118 910233 464331 433125 873137 750874 837569 787629 300203 179123 297087 462533 491019 432465 859276 831803 86721 220409 129771 1047161 167143 673494 98497 494244 302115 261490 744549 751496 916354 82340 808964 494172 486960 524194 479353 719845 390760 559874 347566 784181 467583 588964 999230 753798 324575 821108 900835 1061945 357550 749089 416349 401778 448706 626644 268777 819746 754273 131323 688121 819909 899441 285504 442123 371971 978394 903260 571515 179728 361596 29704 223640 402767 930398 650503 642366
871178 582231 437504 449355 312907 206708 328579 710157 640689 668486 503874 735011 296016 285192 520065 419673 684577 999999999 613774 436418 92133 587456 197313 742311 279397 282114 420755 860699 827960 558212 887059 204441 154638 419723 569204 650589 626187 771953 909789 174737 149592 679198 712542 740585 754161 524101 519761 591604 295363 383298 475468 107388 173106 455216 612368 391243 467824 280952 798899 333148 498450 776558 781122 883972 714971 635050 753731 594528 78458 360508 525378 799314 768788 773295 526934 840162 325558 841877 627073 415914 316014 172611 751227 122549 438156 214882 408361 451420 879273 704069 248271 247860 681988 339675 677151 522191 327574 255300 231958 606864
745071 844754 266547 872624 334277 693680 292999 126619 428382 435977 830574 152903 722510 788907 874854 678851 863099 613774 999999999 316358 528814 415619 518260 515939 334439 352644 295064 668863 656847 79171 448159 788075 513875 599800 684012 609839 445657 542783 762397 661726 675437 918725 1026411 818610 184900 724535 189608 822723 812411 698520 832846 532161 785088 257315 841212 239491 369502 469264 542070 435544 150831 636660 489807 805934 200584 446410 433284 204215 587931 661670 89249 214611 200108 662085 117686 686362 766309 659641 282194 693732 337199 461812 829589 491494 189846 671242 742942 423661 776576 116657 795644 417829 980790 732239 877986 858867 770598 758472 389047 252249
949851 881478 380129 828814 327468 597630 268543 442940 634192 652831 833938 469251 662391 515784 867547 697164 941993 436418 316358 999999999 384238 598271 266856 741311 232523 172897 33440 894546 873154 237187 746740 553385 289486 642818 774264 763600 639172 772358 976995 407507 432993 972522 1049671 940545 370775 778710 382024 872824 710943 691807 820729 330359 581731 59164 894100 143389 494853 459540 782979 462830 320529 838016 739507 995145 505306 644053 688764 181095 377646 655694 248759 529839 382206 853604 320001 897998 703955 880726 523753 705110 132714 264936 952277 330573 161986 403056 732799 528009 973980 346386 539592 376054 1009215 691038 947433 859606 707478 489476 301193 491100
798571 555591 345398 456056 220846 215889 239440 621118 554284 581809 487348 645605 291318 359861 511581 380019 646618 92133 528814 384238 999999999 501474 192837 658077 196953 216530 363399 781916 750129 477579 795654 294357 142727 363129 514166 579184 541235 688287 836040 233989 219708 652476 702609 688627 677020 481112 427939 558987 326749 353733 465000 97936 263988 393066 580412 316264 380055 202133 714063 250269 408370 700046 693970 816697 623419 549904 664733 527765 119233 324427 441505 709530 692005 699380 437664 764161 329150 763450 535390 380297 254752 126059 699733 54281 360361 269579 386565 368076 809238 623777 331718 157498 667675 328184 642924 509245 332169 328075 141983 514862
351748 488992 219318 597801 316913 529268 353664 389732 53556 81688 510059 395803 502157 859065 558965 373732 472117 587456 415619 598271 501474 999999999 629507 158761 420181 493974 565092 301192 276511 447845 338657 791484 592705 290093 301094 195135 42720 190120 378993 727793 719300 541768 666015 407775 592398 369107 236346 457435 621277 418217 528823 574005 741131 552706 471564 455507 123791 309984 213156 255232 296754 239801 194565 401397 312070 49993 177385 589111 615840 391970 399890 428894 606185 257416 316305 300068 536597 285623 154653 392801 515353 536652 418258 506170 441806 757764 455044 139102 377289 524491 833132 346619 619432 485120 492454 536810 540752 826707 400841 173131
956028 748387 430417 639903 313330 395703 290552 634085 678491 703837 679454 660800 479020 270880 701943 571472 837317 197313 518260 266856 192837 629507 999999999 787975 220682 168882 261440 926059 897162 447842 876273 287076 50110 547193 696966 742203 671877 819520 990833 145650 166969 845214 893793 872073 623027 670872 486671 751179 492287 546556 655750 98077 317829 302309 772665 278787 506299 369169 840355 404097 444035 850991 810474 982813 665413 679499 771448 442910 123020 516837 430735 725998 636141 855744 463242 915202 513666 908797 620018 572537 181504 93852 883434 149549 328465 153298 579117 511990 971108 585023 280496 296226 859722 518487 834621 700731 516218 240216 229284 592579
230792 541977 369959 693283 474962 665786 508679 453686 110402 88584 587251 450354 625223 1016732 635197 474115 487418 742311 515939 741311 658077 158761 787975 999999999 576548 649021 708755 155090 140968 564452 263485 945465 751457 400427 350222 194099 117204 31784 246486 886016 876759 569396 702459 387035 674744 435924 362925 504656 746152 525726 614281 732490 890943 691767 513022 600948 282539 462201 57555 409167 425946 130284 72591 297711 358778 108965 109632 708061 773557 506886 522055 461867 686637 163314 437401 171004 654199 144082 234187 493070 668063 695292 394689 664526 580830 916337 555314 290897 264692 610979 989254 504592 657668 600210 513568 610849 658032 984471 559535 265649
761003 648961 211329 605705 108133 388115 70145 435243 466192 490177 602718 460942 440994 481668 637775 464643 711967 279397 334439 232523 196953 420181 220682 576548 999999999 76582 202771 720846 694338 280638 655998 459350 197194 411951 548392 557897 462901 608317 792895 347903 353843 740276 817804 718751 480510 547402 267303 640697 506649 460482 591232 203015 450801 219432 662042 124466 300705 227187 626720 235350 230384 651942 593701 796714 452805 469793 552573 341248 258173 423991 245993 526049 495602 661409 254595 715177 484098 704617 399367 472729 108587 138878 730472 157056 164541 367394 502220 319411 780318 426840 476087 143544 776981 465224 716341 628809 487931 449384 72108 371946
836903 715033 280405 655918 184689 426330 140412 465812 538633 561842 663495 492433 489508 439123 695918 530634 783118 282114 352644 172897 216530 493974 168882 649021 76582 999999999 148402 795067 769142 286449 713398 437281 161443 482945 622325 634477 536647 680804 868410 309529 322911 807935 879891 793710 474857 617403 323551 708890 541438 521754 649000 185486 444317 176541 730382 114880 376032 296311 697979 309781 276872 727460 662870 873197 497095 543269 619520 313063 240237 486280 264014 557721 489099 737468 294701 790462 531179 779112 461832 537300 40187 113401 805415 165160 164676 321862 561904 395962 856569 429211 443049 211680 840322 518360 786323 688707 534731 407905 133201 432573
916610 851259 346789 803154 295205 574713 235853 421118 601362 620232 805265 447716 636992 518999 839625 667118 910233 420755 295064 33440 363399 565092 261440 708755 202771 148402 999999999 861769 840176 216316 719024 548428 278628 611450 741818 730177 606086 739871 943896 405199 428409 941780 1020558 907633 365274 747439 350458 841992 689414 663047 792913 316396 571621 42535 863209 109984 461413 429125 750872 430916 289485 804803 707879 961738 479554 611030 657572 181471 366130 626682 222631 509528 377607 820264 290535 864904 679011 847848 492653 675446 108872 248203 919363 310514 131017 404110 704456 494721 940641 335116 538891 346197 979738 664451 916018 831180 682617 491467 272741 460124
98559 550529 519281 735620 615992 756060 654825 598687 260454 242365 616363 592357 700556 1141678 660483 534381 464331 860699 668863 894546 781916 301192 926059 155090 720846 795067 861769 999999999 35925 719202 346116 1059904 886673 476804 378791 228873 258637 126280 97393 1014269 1001594 551004 684493 341177 822090 468117 517758 510885 819615 589349 650093 863262 997323 845867 512877 753218 421031 580610 130751 532072 580771 90370 186448 175066 501406 252490 242705 862781 900093 579292 677123 594991 833285 112382 592488 49056 722205 19599 388292 551727 816431 832432 344697 794926 734778 1046892 609697 416278 136725 760100 1108967 634835 643848 667735 493560 635338 725528 1109986 696792 420189
92037 516508 495684 700032 588593 720844 629231 592606 239577 224323 581190 587856 664797 1109683 625577 498467 433125 827960 656847 873154 750129 276511 897162 140968 694338 769142 840176 35925 999999999 704167 358100 1026459 857062 441315 343158 193037 234533 116448 105955 982980 969697 519637 653510 312223 814764 432564 499559 476922 783771 553445 614667 832659 963071 825649 479455 731059 393793 548431 130498 500778 562411 54559 185397 165054 496395 229203 239192 847747 868608 543540 660697 594434 826418 77742 575843 31542 686310 16722 374884 515803 791586 803403 316477 764350 714470 1016034 573793 386068 128626 751509 1076178 604576 612258 631848 462132 600438 689627 1078113 668055 405977
789703 843357 266128 851226 303359 657090 252559 205776 468738 480246 820374 232066 694869 717377 862537 669931 873137 558212 79171 237187 477579 447845 447842 564452 280638 286449 216316 719202 704167 999999999 521037 723730 447603 595610 694608 637463 482327 593029 810123 592688 608612 922684 1023474 839971 202821 725969 211716 824558 776541 683566 818764 470171 726885 178161 844027 171572 380936 446606 596005 421107 155199 679142 546069 846465 274485 484467 490820 143611 525638 646127 52095 293239 218335 701864 131563 732535 738899 708469 331261 683314 266392 398565 851282 435772 121905 599888 727951 431093 819277 146202 727298 384371 978760 709347 885655 848380 743076 687533 342926 299048
444464 800353 453668 933275 579713 861573 587008 335874 292524 268405 837091 317777 840203 1134425 885846 709336 750874 887059 448159 746740 795654 338657 876273 263485 655998 713398 719024 346116 358100 521037 999999999 1089745 851655 627470 607035 455931 319813 263412 438717 999952 1000043 832411 964964 648228 548920 688491 390040 764169 958480 755887 860063 847311 1052642 688858 773838 628179 431456 628319 234240 572670 439561 377108 191246 520701 247577 311343 168584 651222 897478 730507 498442 291791 556212 413090 430359 388033 875190 349682 260811 728536 718080 792736 655207 784868 590426 1022519 791221 469036 482626 500650 1120544 639435 919793 823766 776863 862321 879358 1101811 667907 284860
1064633 722436 637828 544897 511883 341068 518472 894396 844811 872671 633120 920226 429503 134765 635510 585099 837569 204441 788075 553385 294357 791484 287076 945465 459350 437281 548428 1059904 1026459 723730 1089745 999999999 276572 603176 746957 844237 829803 974769 1104223 149476 120401 815750 820262 911284 907449 688861 715802 740050 369203 539053 597353 256730 92797 588938 759091 552160 672253 483308 1002299 536634 687944 974102 985390 1071653 908624 838736 958143 729883 201209 525595 698859 985380 920970 968503 713705 1037010 442203 1040836 829203 576784 460705 326264 921150 308923 601913 170122 552126 654670 1070012 865633 70590 451642 798466 476308 824999 644685 442334 123871 426234 807763
913677 698281 401006 591645 279431 347709 264794 624809 642796 668754 629510 651182 429855 284492 652372 521598 787629 154638 513875 289486 142727 592705 50110 751457 197194 161443 278628 886673 857062 447603 851655 276572 999999999 498663 648836 698262 634723 782803 949134 151149 161564 795118 844070 823922 631629 621341 464257 701184 447281 496446 606087 49683 293000 317013 722660 276104 468992 322912 804831 360410 426521 809918 777101 938549 649046 642612 740183 458494 88196 466791 424993 716547 645370 813475 448603 874232 465131 869102 592973 522523 184415 58922 835234 100764 326023 170874 529073 471098 927784 589061 282505 253324 809801 468870 784730 650921 467774 252269 192169 566917
465747 248004 333554 308243 318182 280515 379151 624628 335150 360535 234326 638907 226108 703991 281402 85746 300203 419723 599800 642818 363129 290093 547193 400427 411951 482945 611450 476804 441315 595610 627470 603176 498663 999999999 151054 249539 308732 422591 506546 590886 569061 332347 427964 325650 784052 136068 416005 232510 346842 128427 244954 459624 530794 619668 253205 512755 242066 187030 456290 182242 449765 386867 462263 468515 570835 317634 461544 711798 478647 106462 543862 686325 799473 374341 482191 445842 253778 457208 420128 104154 519565 459924 336847 397919 528125 629081 165355 186270 468130 716388 660576 271434 383151 199938 304616 262583 257627 674779 350526 422939
343861 193408 428957 356889 446845 413043 506058 682918 327338 345013 240519 692035 340214 852293 287099 168747 179123 569204 684012 774264 514166 301094 696966 350222 548392 622325 741818 378791 343158 694608 607035 746957 648836 151054 999999999 159545 298609 362665 385713 741366 718764 241193 365497 175107 868180 89617 494416 158400 452924 222831 272062 610480 670008 745032 170933 637661 315076 331381 397795 313055 540933 290398 421434 331802 611810 305100 439413 822434 629542 224591 642641 729074 883006 267216 570006 338702 353570 359874 453945 182864 656970 608329 186480 548080 645447 779800 234791 263529 338283 799422 806731 413605 319049 300748 194929 262293 356360 823625 492445 467326
220674 348581 387692 513196 449811 529944 500783 582479 199175 208489 399844 586577 471828 935191 446638 305833 297087 650589 609839 763600 579184 195135 742203 194099 557897 634477 730177 228873 193037 637463 455931 844237 698262 249539 159545 999999999 173575 203848 259987 813128 796408 376760 509033 214438 787528 248249 426197 310840 590742 360656 430154 668104 776675 724214 318925 620667 269312 378044 238844 338114 483302 138503 266484 240739 499268 176723 292034 776026 698405 350598 587761 613589 801319 125156 506312 196307 493433 209330 345669 323456 663063 648875 224454 600775 615931 848469 382546 238702 230169 719571 897405 446016 463938 438928 321908 421837 496791 904432 517963 367337
311830 490441 261171 613473 359500 559629 396312 409559 28800 51804 519239 413093 527193 899610 568155 389631 462533 626187 445657 639172 541235 42720 671877 117204 462901 536647 606086 258637 234533 482327 319813 829803 634723 308732 298609 173575 999999999 148196 337824 768812 759682 536264 663822 388005 618682 373519 272041 456841 647350 437063 540816 615315 777405 592756 469405 496733 165748 347042 172847 293172 333686 199844 160032 364417 325768 9340 152820 624634 656413 413362 435571 440639 632036 219848 351206 258826 559736 243275 172808 408840 557808 578892 397948 547329 481673 799186 471574 175342 338726 551526 872646 387395 617491 507121 484686 545163 563788 867327 443031 196681
208089 552293 401681 710699 506591 691342 540463 476164 142186 120010 601782 471502 648236 1047251 649224 493827 491019 771953 542783 772358 688287 190120 819520 31784 608317 680804 739871 126280 116448 593029 263412 974769 782803 422591 362665 203848 148196 999999999 220259 916814 907213 574535 708339 384895 698503 450043 393206 514260 769153 546324 630196 763460 919167 722485 521427 632263 313821 491467 35176 438912 456204 116585 74874 278215 380004 140191 124058 736584 804136 528955 551356 479526 710077 151881 466879 147566 676047 117167 262018 512599 699787 726756 391800 695426 611647 947354 574383 320609 243537 635582 1019202 535354 664187 621802 518002 624616 679804 1015037 590959 293985
41854 534632 598229 735332 686006 786624 729237 695313 344698 330194 610966 689401 722319 1193821 651334 551583 432465 909789 762397 976995 836040 378993 990833 246486 792895 868410 943896 97393 105955 810123 438717 1104223 949134 506546 385713 259987 337824 220259 999999999 1069919 1054519 518152 647823 303116 918337 471038 605153 495277 837828 606637 647873 922119 1036114 930245 493152 834448 492379 633972 227963 589678 667925 140956 283720 96871 598296 333120 339696 953702 955177 602490 766575 692368 929710 136679 681708 79001 738710 103106 480630 567231 892244 896986 303443 854096 819084 1104288 620464 478943 62330 855769 1157066 695828 610791 685224 462163 626432 741629 1162778 762660 511854
1032547 755646 547214 609642 422698 374300 414325 774928 779485 806305 674907 801426 465731 134473 687731 594329 859276 174737 661726 407507 233989 727793 145650 886016 347903 309529 405199 1014269 982980 592688 999952 149476 151149 590886 741366 813128 768812 916814 1069919 999999999 37586 852362 879312 913916 768364 698643 614306 765966 442428 557763 644490 154592 205567 446714 786618 422451 604389 435946 940938 482236 577634 933429 916767 1050100 800172 777155 882773 586312 114764 535236 573434 866775 781348 933281 599689 997637 490877 996011 740129 590646 326364 209030 924684 221690 472382 40820 581529 598647 1043123 730643 134866 381461 851006 510836 851588 691760 492315 101880 333894 715104
1016551 726005 546415 575313 420670 342687 417750 785712 771615 798807 643731 811962 434435 140180 655139 568234 831803 149592 675437 432993 219708 719300 166969 876759 353843 322911 428409 1001594 969697 608612 1000043 120401 161564 569061 718764 796408 759682 907213 1054519 37586 999999999 822405 846203 890114 788951 672877 617631 737545 406696 529788 612462 153067 168700 469194 757982 437322 596630 421350 932329 469926 584221 919339 910177 1031685 806546 768215 878113 609879 103816 508748 586550 877312 802275 917847 607842 983352 458028 983095 739478 563689 343499 216079 900726 216142 487296 75439 551897 587491 1025920 748826 122250 372830 818713 480061 823261 659878 459306 108417 332165 715593
480708 97177 657043 293062 650233 480833 711257 923476 564639 579739 182836 933026 389198 939893 191329 277973 86721 679198 918725 972522 652476 541768 845214 569396 740276 807935 941780 551004 519637 922684 832411 815750 795118 332347 241193 376760 536264 574535 518152 852362 822405 999999999 134317 215036 1103555 197412 729878 99936 457695 298927 220605 749531 726469 951499 79194 844848 549549 513090 608162 514560 772038 476577 641983 431384 852967 542000 668534 1043171 752370 328777 870615 970194 1118628 443749 802726 503064 373670 535286 695092 273824 846055 767350 215276 698129 860299 893050 270885 495077 457191 1034980 883655 597206 93042 342812 57511 175265 373740 916096 674763 708385
611534 181953 760979 275376 737332 506217 797906 1040628 692467 708998 216865 1051797 416838 950934 192544 356560 220409 712542 1026411 1049671 702609 666015 893793 702459 817804 879891 1020558 684493 653510 1023474 964964 820262 844070 427964 365497 509033 663822 708339 647823 879312 846203 134317 999999999 345723 1211096 303758 839862 208959 451179 358139 238117 795942 727946 1034711 194576 930173 660724 593668 742130 605461 877124 610864 775041 558082 974692 670051 799955 1136428 789560 393978 971788 1092073 1226429 577904 909105 636288 388453 669041 817250 346086 919347 824545 344507 752715 950904 920038 318874 604880 586136 1143067 890353 674663 46638 375406 191705 193437 387002 930579 748538 828192
265959 242909 579758 457772 614584 571890 672109 796637 413248 420495 330693 800999 490013 1021491 363809 326185 129771 740585 818610 940545 688627 407775 872073 387035 718751 793710 907633 341177 312223 839971 648228 911284 823922 325650 175107 214438 388005 384895 303116 913916 890114 215036 345723 999999999 998806 223094 631414 206158 590634 374087 370897 785274 830273 907713 198613 801042 460747 505796 415745 483956 684774 275654 457647 218084 713604 390967 494269 974305 803060 385790 788932 827453 1012884 240434 710573 292382 493062 326944 559934 335145 827217 783263 11738 723161 804075 952794 370975 416615 242290 930447 973429 587057 307740 445604 159381 340156 494908 993599 665455 580788
905514 1029525 450508 1050939 504983 859910 455361 224209 598491 601908 1013697 235019 896553 884266 1057344 862165 1047161 754161 184900 370775 677020 592398 623027 674744 480510 474857 365274 822090 814764 202821 548920 907449 631629 784052 868180 787528 618682 698503 918337 768364 788951 1103555 1211096 998806 999999999 909423 373942 1007623 979362 879800 1014647 660294 919168 322902 1026102 362924 554160 646122 691860 616384 334315 801067 636869 970828 322369 618248 579903 192587 714617 842642 248779 259950 15671 829197 301996 845455 940567 815334 448083 876634 447252 588227 1009581 632627 316756 769169 924271 608523 939151 68772 902842 586774 1165548 909507 1062452 1041931 944776 856666 545020 422024
429252 122200 460906 267518 454177 348874 515107 737041 402247 422550 151773 748610 267604 801504 199306 104780 167143 524101 724535 778710 481112 369107 670872 435924 547402 617403 747439 468117 432564 725969 688491 688861 621341 136068 89617 248249 373519 450043 471038 698643 672877 197412 303758 223094 909423 999999999 536875 98596 373457 151016 182450 579009 607215 755685 118308 648693 357205 321102 485219 318077 576490 379978 506061 410114 673160 380906 520029 845762 590734 164587 673946 790405 924640 356249 607774 427313 274343 449285 516604 112160 654558 587207 232591 521492 663125 738328 152411 301601 420583 841092 751867 405734 257458 224301 168977 174933 276661 774390 484450 525813
582256 657936 94060 702292 207525 550303 200073 216006 260806 275600 649388 235254 562956 748482 695140 497870 673494 519761 189608 382024 427939 236346 486671 362925 267303 323551 350458 517758 499559 211716 390040 715802 464257 416005 494416 426197 272041 393206 605153 614306 617631 729878 839862 631414 373942 536875 999999999 634650 664732 523002 655032 464702 691778 330049 652784 247498 180330 310848 401683 266645 63021 470767 357484 636438 196087 274854 307371 352850 517524 487340 163643 293426 388897 491888 80205 526645 605543 505389 143018 513879 330556 405566 642558 406916 220122 634692 566900 235306 610441 305247 739541 284160 793918 565686 688523 677734 609923 716063 289660 111348
454870 39698 559468 252126 550300 400175 611326 832489 485602 503401 125522 843244 310553 859917 158106 180580 98497 591604 822723 872824 558987 457435 751179 504656 640697 708890 841992 510885 476922 824558 764169 740050 701184 232510 158400 310840 456841 514260 495277 765966 737545 99936 208959 206158 1007623 98596 634650 999999999 396130 208335 166322 656619 653446 851566 21622 744914 454611 413544 549016 414678 674971 428362 576707 419540 765740 463438 597144 943791 662654 234607 772539 883122 1022805 399199 706132 465621 303281 493371 608296 178692 746800 671255 211737 603029 760583 806381 188009 399361 438252 939219 806213 497825 162321 263775 85731 134098 304274 834685 575689 619373
796048 370757 570693 175825 478134 119464 524051 879116 671381 698446 276550 899699 120938 500951 270170 286559 494244 295363 812411 710943 326749 621277 492287 746152 506649 541438 689414 819615 783771 776541 958480 369203 447281 346842 452924 590742 647350 769153 837828 442428 406696 457695 451179 590634 979362 373457 664732 396130 999999999 231365 237238 397923 276773 717146 412226 631046 534663 354152 802544 402991 670138 729245 805221 782921 852591 656595 798158 847270 372877 241183 732601 957839 994864 712560 703628 784884 99424 800067 722640 270597 580549 450001 598651 380709 669349 482080 221128 490462 791152 919608 439467 394624 430935 152660 476500 282745 96860 482191 437024 714788
564894 201901 433777 182861 386305 198283 445551 736793 463572 488865 142235 753036 117789 654622 179796 55209 302115 383298 698520 691807 353733 418217 546556 525726 460482 521754 663047 589349 553445 683566 755887 539053 496446 128427 222831 360656 437063 546324 606637 557763 529788 298927 358139 374087 879800 151016 523002 208335 231365 999999999 135206 450616 456391 678629 229223 575674 359378 240350 580622 263417 547828 499022 589314 554384 690130 445923 589884 786462 454560 37554 633320 803785 895425 481441 581468 553774 132924 569858 543445 40114 561220 470823 383479 400456 600096 598121 44470 305859 560930 813822 603145 318138 319077 78721 293855 168608 136190 628495 390614 543499
606430 135653 567297 87784 520952 270221 579726 867112 568860 591784 40978 882331 179456 723977 47012 159398 261490 475468 832846 820729 465000 528823 655750 614281 591232 649000 792913 650093 614667 818764 860063 597353 606087 244954 272062 430154 540816 630196 647873 644490 612462 220605 238117 370897 1014647 182450 655032 166322 237238 135206 999999999 557856 507092 810320 179282 708674 486031 374897 665331 398344 682044 562340 682797 579049 815711 549013 691717 920773 551986 172700 768466 930915 1030259 537953 715540 608404 155847 631388 664744 141931 688923 587939 377197 515762 734417 685305 90928 430752 594131 948435 666075 450522 206638 137294 241245 47592 155318 701553 520221 667882
885695 652510 393853 542170 268608 298129 265036 637714 625391 652070 582024 663606 380942 288285 603973 477912 744549 107388 532161 330359 97936 574005 98077 732490 203015 185486 316396 863262 832659 470171 847311 256730 49683 459624 610480 668104 615315 763460 922119 154592 153067 749531 795942 785274 660294 579009 464702 656619 397923 450616 557856 999999999 259017 352620 678005 299329 450393 290295 787061 332515 432791 784144 762282 907374 654647 623547 728209 493365 55775 422014 442913 728810 674475 785817 457607 848477 415765 845275 586939 477960 215191 72085 796458 68337 348362 183959 482126 447009 898203 614205 274840 228648 762202 420569 740726 603012 418366 255610 179825 562705
995784 634237 607469 452574 484386 258409 501676 883160 794685 822811 543642 908076 343454 226763 544296 504872 751496 173106 785088 581731 263988 741131 317829 890943 450801 444317 571621 997323 963071 726885 1052642 92797 293000 530794 670008 776675 777405 919167 1036114 205567 168700 726469 727946 830273 919168 607215 691778 653446 276773 456391 507092 259017 999999999 609628 671991 557278 626394 431228 948319 486525 671546 909774 935688 998391 887392 786556 912753 750966 205940 446216 696267 972414 933412 901700 700005 971611 352874 977995 794283 495130 473860 331000 839799 293885 605615 237554 466158 602370 998922 871923 163371 414377 706798 389944 737801 554210 352731 212235 405003 775666
904378 862689 337347 824631 301511 600886 240657 383860 586136 603599 820760 410218 659246 561426 856730 679402 916354 455216 257315 59164 393066 552706 302309 691767 219432 176541 42535 845867 825649 178161 688858 588938 317013 619668 745032 724214 592756 722485 930245 446714 469194 951499 1034711 907713 322902 755685 330049 851566 717146 678629 810320 352620 609628 999999999 872557 107443 454913 441248 731728 437712 267606 792374 686940 952184 446554 597160 635235 141498 403752 641761 190469 471087 335353 809464 264366 851279 701913 832605 470266 688751 139512 282794 919411 341414 111179 446321 720894 492115 929700 292797 580696 360501 993022 684546 923468 847194 705643 533769 291279 437424
453283 44889 578633 263196 571207 419766 632219 849079 498090 515096 138314 859421 329643 879676 165890 202194 82340 612368 841212 894100 580412 471564 772665 513022 662042 730382 863209 512877 479455 844027 773838 759091 722660 253205 170933 318925 469405 521427 493152 786618 757982 79194 194576 198613 1026102 118308 652784 21622 412226 229223 179282 678005 671991 872557 999999999 765821 472564 434918 555951 435439 693910 432122 585348 414661 781038 475746 607523 964020 683702 255998 791979 898411 1041240 401910 724862 466823 320804 495755 623372 200140 768245 692856 203155 624578 781106 827078 207478 417620 435026 957620 825562 519249 148118 282811 65914 143087 321621 854651 597181 635201
806842 756773 236872 727540 194616 512580 133607 356945 492771 512364 717435 383824 563918 549538 754710 574136 808964 391243 239491 143389 316264 455507 278787 600948 124466 114880 109984 753218 731059 171572 628179 552160 276104 512755 637661 620667 496733 632263 834448 422451 437322 844848 930173 801042 362924 648693 247498 744914 631046 575674 708674 299329 557278 107443 765821 999999999 351655 336559 644483 330625 189913 695102 603155 851757 398523 501857 554478 216950 354552 538496 152284 448659 377551 710325 198569 755479 607315 739010 390516 584090 98346 227438 812753 270010 49992 431875 618568 386341 830701 314882 556688 258199 887980 586204 816250 744244 611215 519003 195596 358667
