NAME : synthetic_000487
TYPE : CTSP-D
DIMENSION : 100
GROUPS : 8
RELAXATION_LEVEL : 1
EDGE_WEIGHT_TYPE : EXPLICIT
EDGE_WEIGHT_FORMAT : FULL_MATRIX
EDGE_WEIGHT_SECTION
999999999 454236 686360 314821 310257 241985 757035 1065470 461211 910809 153579 964115 806554 840054 365935 596647 812456 304101 691438 619682 810583 949437 913843 129589 870571 283234 394200 509680 682200 881956 142125 787510 991655 611044 474268 803916 254334 900891 458642 566788 486068 174940 625595 933252 319193 516103 923535 709484 853538 531065 232910 276742 614331 228215 409194 343267 471909 630881 659216 954474 566379 508597 762595 444586 710898 367091 473490 553607 711660 946429 724582 939458 527482 564179 677507 553941 899115 960342 54983 434082 536525 869780 791830 244269 927397 997547 617178 328376 252110 574117 476502 489789 440420 418590 247506 535588 237331 678946 846334 338716
454236 999999999 505752 258581 409744 463668 438722 631013 253007 478351 356736 607451 358569 385963 286638 381252 566596 255242 242215 290431 360124 625549 658004 331544 440463 171338 172062 452142 364528 450267 522422 621023 740478 349561 146606 583911 368029 500686 259927 532885 553665 408654 216322 483457 552596 435024 502963 257335 399594 108633 238533 371133 310828 522927 331773 329750 606313 184087 317162 518817 141139 424453 309245 474692 354537 101177 143686 373712 335057 504776 298198 651101 357488 519125 229474 504794 524242 579635 433207 273008 413913 496773 338956 418159 473400 543922 223186 158627 343484 144760 513081 282780 658912 391682 208864 102029 235718 394916 403387 331370
686360 505752 999999999 388390 392559 490232 213213 940032 270840 824081 533481 382079 683517 641616 758014 886893 142480 699222 498703 782838 555227 325331 236139 638910 801249 545048 371498 195595 212324 804703 636050 116525 308037 164412 359322 120180 434712 426166 760198 196060 317318 767532 674585 620872 497264 179096 491805 598596 654796 591541 617285 413335 218084 555293 278236 343230 398389 473880 256986 561137 420973 918537 613176 943104 824560 560751 362233 878451 794087 814885 706734 280495 860777 183999 488584 182255 371893 421469 708552 767159 914082 352210 636044 814168 669936 708732 693399 604984 434310 427260 284951 235550 505824 867122 530378 576333 618550 160059 529638 347710
314821 258581 388390 999999999 151188 216758 442562 878499 146684 729249 165019 650784 599487 607156 404862 588567 503774 335919 440953 533775 554859 634626 605434 250628 693091 183233 106236 248168 368706 702019 316351 499037 685462 296327 190368 500379 117904 598531 441080 325763 310068 379253 474729 670721 297511 242572 630225 494618 621887 366564 239820 115357 301287 284343 118079 78805 352313 382281 350092 671475 305864 576334 539412 576141 607823 242081 190924 564577 591544 748957 554591 626694 541636 316212 425976 302524 589476 650972 326799 436319 582992 560299 569791 428281 681725 746589 480000 261040 96582 315290 275053 175139 400343 508654 152512 360590 242156 364151 575567 78638
310257 409744 392559 151188 999999999 100361 512554 1026436 244099 878545 172178 722188 746599 748807 521207 723833 529084 448223 580647 680569 689907 689685 627599 309027 842927 311670 250731 203529 449514 851605 243534 484208 700508 362862 327937 512684 66590 697488 573677 256540 189894 435501 625786 800528 152442 214507 739435 641763 763655 517549 344115 48001 388883 170838 142879 92134 210572 524234 446624 788857 446669 692986 684373 673004 757115 384913 329180 695164 741885 896230 705469 663922 670813 254100 565726 244272 674936 735558 345256 564134 705559 646983 714553 497567 818335 880313 630583 392620 85971 456293 170153 254949 249169 616080 269148 511764 347825 428208 702990 88260
241985 463668 490232 216758 100361 999999999 612142 1091852 336004 940843 143898 822062 814142 823865 519596 737433 628224 446379 657642 713736 770816 790045 725987 280060 903615 334162 322932 297485 547669 913096 147822 577128 797596 462060 406020 610397 98874 793458 587101 339101 245785 393379 675113 885094 98263 311240 832816 709490 838582 567434 343388 105327 485527 71934 241177 182635 231721 599034 542002 879498 522559 686683 755436 650035 796185 418382 406789 703465 785276 963202 761809 763650 677965 339665 642662 331827 773284 834153 286885 572424 704856 745083 785853 460628 898132 962370 676314 412105 121723 532008 241904 350811 223114 603356 287022 564347 347804 527952 788770 177926
757035 438722 213213 442562 512554 612142 999999999 744802 295903 642780 607124 210459 507674 452542 722460 798019 159589 679163 336836 672142 363027 195719 228384 675988 625706 542376 373816 358993 78186 627061 744735 277148 307699 150509 315490 197351 531450 214335 696003 392193 500954 792585 549735 412734 647353 334497 278631 439840 464288 492563 622441 514688 145083 683349 371316 434358 583014 334055 121583 348094 311812 861756 440380 911747 693358 523126 317713 801073 658348 625161 555889 212474 788522 377340 331116 370614 168917 226477 764437 711310 847877 144621 458085 823941 467082 500006 573077 578049 521255 313779 460884 269387 684801 829518 546323 475325 622074 84550 326747 439329
1065470 631013 940032 878499 1026436 1091852 744802 999999999 808179 154699 986788 730678 280195 299415 754386 596758 899827 784940 460030 482598 384870 806853 935908 936083 194925 789583 775706 998700 727710 183538 1150984 1021531 992231 792329 702367 941005 994103 585186 654236 1066668 1131850 964886 440259 349849 1175952 974546 516517 384776 285704 536938 832911 993840 736258 1153378 915113 937540 1200144 508160 685759 449299 584816 742748 346088 856876 397963 701162 700669 641538 378227 131127 340929 882360 655629 1050571 473736 1038374 658675 661036 1032009 686097 702301 655903 317333 938234 282843 279835 451217 737240 970321 575255 1087373 818847 1271211 793181 833642 535329 828620 779979 419364 940484
461211 253007 270840 146684 244099 336004 295903 808179 999999999 668042 311501 504267 529255 518607 487421 629848 367988 428535 350479 542648 452240 488649 468811 386712 636253 275322 100674 203429 222308 643190 455917 387023 550593 151500 115340 371194 244697 458912 495309 282434 324668 510001 453242 558628 394710 183925 496816 427184 533453 353964 350194 231779 155413 407726 109544 153706 392168 300100 207710 544824 224556 649990 462097 672298 600240 292260 117900 616421 575890 677059 512256 484470 597084 267984 336060 253820 444932 506418 470472 499735 647832 415954 491155 550516 581024 640308 466290 334369 230557 233907 280648 35428 469952 596414 265569 341912 351024 218546 460481 158273
910809 478351 824081 729249 878545 940843 642780 154699 668042 999999999 833160 668105 141745 192631 605055 465782 801783 632373 328769 338921 282060 736271 851072 781456 40697 635118 628198 863970 613554 28856 996885 914696 915514 668675 558521 839965 843696 516271 506530 935366 992709 812592 285890 297139 1026677 840644 456247 240862 183262 382489 678323 844372 612115 1001242 772728 791045 1058174 369302 567106 401732 443486 608539 212250 719500 262337 546562 556615 507124 235886 59447 186239 805046 518273 919451 340963 906659 586377 602344 877662 538479 569687 577329 188040 788378 225655 262436 297866 582639 819638 434161 948607 681791 1125177 651233 679427 381331 674049 665545 333856 793754
153579 356736 533481 165019 172178 143898 607124 986788 311501 833160 999999999 815743 715117 736509 375868 595942 658879 302800 577439 581574 695465 798007 760265 140075 794362 203926 256291 361658 533693 804715 166546 636452 838184 459523 340720 650580 108190 760981 446278 424689 360295 263572 556679 815613 241592 365948 789173 612682 750753 451979 200725 130606 466305 179060 255794 190259 365861 516721 514387 826042 445380 542863 662746 509649 667338 292628 340489 560759 659920 861424 649347 786284 535094 420273 562795 409000 754121 815589 177534 430176 561015 724893 692960 326971 818320 886265 554434 276526 100538 454058 342305 338394 367007 460127 156722 451912 205260 527607 723879 185826
964115 607451 382079 650784 722188 822062 210459 730678 504267 668105 815743 999999999 556148 480220 893722 930495 257079 859619 434130 791413 398072 83832 233863 876983 663582 734623 574759 557922 282096 660858 955178 390680 268724 360955 506380 300888 741887 152230 851073 576930 694365 988187 663611 381677 853662 534913 214819 524577 486856 634888 814893 725137 349811 893024 581567 644816 776512 458943 308420 282043 467912 1015850 502881 1080118 790120 701727 508130 942535 752079 633125 638660 166494 934265 563759 435592 559799 89969 70459 968704 871144 995921 112882 508697 1013564 452025 454089 689655 759065 731439 466268 657421 479239 881802 996395 744391 617576 813956 294151 336933 649787
806554 358569 683517 599487 746599 814142 507674 280195 529255 141745 715117 556148 999999999 83598 536699 450560 667236 549407 187028 305533 158242 617508 722541 679134 118412 524726 495924 723245 474054 121194 880986 776355 790859 527115 422233 703968 715882 404575 447575 793989 853650 727899 205806 222113 896661 699700 354681 104896 85179 277152 578028 714829 470559 877230 635411 657413 920703 229326 426589 315949 305127 579185 70595 679817 262054 439547 420513 482293 224449 149631 117181 681166 486464 778042 199266 765332 469760 495112 778777 478397 545227 456657 49823 714028 167001 232776 227478 483601 692432 295628 809353 541635 991017 603086 566054 271139 574150 525748 220441 660392
840054 385963 641616 607156 748807 823865 452542 299415 518607 192631 736509 480220 83598 999999999 596451 528871 610772 601200 168640 382445 89826 545464 658445 715638 183540 556855 501200 702635 429410 181593 903046 727014 723236 492977 420871 649887 724992 328004 513112 768655 838857 776182 271955 139686 900820 678049 273974 134265 14878 322694 617656 721336 437012 890016 627550 657504 910087 225002 386462 232464 302257 652799 79550 749354 344790 476807 419651 558126 306810 173534 195580 612852 560444 752516 183412 740585 396082 416970 816818 542868 620468 385619 55432 768391 94304 165455 296279 526109 702695 292666 794197 525671 987370 670401 594513 312929 614150 481719 143398 660963
365935 286638 758014 404862 521207 519596 722460 754386 487421 605055 375868 893722 536699 596451 999999999 230770 839918 73508 498529 275945 603438 911683 935571 251970 564696 222211 386814 651167 646369 577199 494279 874372 1018533 617093 412539 851378 456969 781248 102128 730181 705988 219779 331377 721449 617460 642391 774869 464750 606609 282321 177946 473218 587357 548090 519125 481159 730522 450882 601453 778455 426009 172324 518215 189440 367346 201183 409923 189172 378389 652263 429271 933964 162974 719986 489463 706031 809502 863488 317048 72066 185524 782470 541395 183928 690740 761758 312327 153053 435325 428251 675795 522546 742637 109319 255407 296730 173932 671004 659134 479728
596647 381252 886893 588567 723833 737433 798019 596758 629848 465782 595942 930495 450560 528871 230770 999999999 939356 297760 497870 146992 569764 967770 1024838 480901 429955 412167 536871 819731 730672 442373 724010 1001815 1105535 728647 527853 960547 663863 794632 150689 901000 898529 442891 271071 667801 835670 805853 767447 421910 534115 305558 395374 676867 685414 772534 690568 667368 934198 473388 679271 749150 486814 146701 463642 262903 203511 348252 524934 49264 233784 522305 333812 1007796 72355 888571 495192 874195 840936 885072 547114 166415 105630 818149 475923 392115 617549 682038 244393 331219 640242 484329 863253 661710 958523 212955 455731 322723 390779 767965 634659 667111
812456 566596 142480 503774 529084 628224 159589 899827 367988 801783 658879 257079 667236 610772 839918 939356 999999999 788286 494975 820241 521010 189232 101673 752481 785205 640040 463775 337113 210533 786439 772259 136184 182613 223405 427759 45446 565778 338119 826511 335639 458526 877641 701215 560079 639327 318929 409555 598131 622126 634763 717097 545367 255780 694864 404019 470595 538762 487230 263153 482640 454035 990328 599934 1028680 847426 638808 430453 937970 813334 782571 713455 138017 923239 324733 488441 324053 271271 308880 829866 838253 980463 259965 617618 918229 619215 645399 723419 689305 562405 457726 427268 333772 646790 948930 633481 618027 717645 171888 480477 475360
304101 255242 699222 335919 448223 446379 679163 784940 428535 632373 302800 859619 549407 601200 73508 297760 788286 999999999 485652 319104 597177 871659 885888 183372 591680 155959 328129 583553 601773 603845 426598 815052 968838 564883 364622 796991 383706 755915 154637 661681 633847 180292 349310 718447 544353 575980 756141 467151 612601 278930 104499 400223 539773 476378 451882 410936 657235 432751 559802 766555 396254 244777 521752 244105 411188 157897 362219 259277 416360 675421 449971 888609 233297 651990 474923 638194 778157 834366 259131 131819 259021 750252 547423 168127 694688 766293 334651 101192 362282 399998 604467 463938 669348 172756 184523 290373 100557 622189 648338 409278
691438 242215 498703 440953 580647 657642 336836 460030 350479 328769 577439 434130 187028 168640 498529 497870 494975 485652 999999999 357297 119153 478765 561593 572296 303223 411492 334725 538745 292670 307460 743375 595673 636158 340405 252865 528363 558841 297241 435083 607927 672427 649328 229481 242038 732849 514732 278415 103161 183518 217899 480734 554276 283895 724889 459133 489134 742435 60868 242863 281023 135089 594333 116582 673073 361892 341650 251772 513412 325247 329425 219178 530223 507828 591912 14981 579402 344212 387225 673952 459948 570034 323007 143212 653045 241516 308827 255573 396901 537113 125680 627852 359136 818760 589784 443932 202334 477872 343194 162792 492656
619682 290431 782838 533775 680569 713736 672142 482598 542648 338921 581574 791413 305533 382445 275945 146992 820241 319104 357297 999999999 423275 833183 900453 492607 300096 379829 460749 742554 609758 312782 730173 894784 979422 620014 431430 845333 627978 652094 173980 823314 839460 493464 127853 521046 809818 725385 622163 275986 388151 191626 392718 636662 571862 760391 620334 610359 886088 340131 557282 602331 367012 275399 316683 382060 92177 296701 428573 176870 104376 391593 188360 878165 182915 809515 356224 795194 701508 743266 577519 205296 240006 679946 329118 459255 472201 538026 101793 305333 603169 362728 800317 570894 926243 312316 427296 206509 387973 651368 488489 611158
810583 360124 555227 554859 689907 770816 363027 384870 452240 282060 695465 398072 158242 89826 603438 569764 521010 597177 119153 423275 999999999 459631 569211 691023 270186 530248 448859 627050 342936 269446 860995 638212 635101 411018 364802 560329 672380 246944 530514 689801 766295 764932 300484 123334 842339 601970 202441 148411 101262 321368 598267 666439 356013 839202 561780 597825 840059 179876 302488 180300 250653 681831 109671 769697 402522 458230 364078 592983 363886 262232 248606 524938 591497 673629 133274 662216 311530 338170 792710 557953 653209 298957 110783 765242 128798 191775 326911 512214 651398 241693 721643 455116 922110 687867 563078 307932 595265 395168 66166 601647
949437 625549 325331 634626 689685 790045 195719 806853 488649 736271 798007 83832 617508 545464 911683 967770 189232 871659 478765 833183 459631 999999999 150938 871384 728824 737605 569466 512152 273762 727036 928407 316904 186928 338506 509863 229866 716227 222225 877693 521300 642301 988288 706332 457011 812947 490909 290575 575174 553404 666039 817785 697903 340723 859627 553253 618722 723658 494522 311913 360731 490733 1043545 559610 1100229 839843 714521 511973 975969 802508 704623 691464 82684 965714 509311 477873 507046 150024 152466 958736 895410 1026511 160913 568747 1018994 525754 532841 731636 770473 708346 490703 608130 459738 830779 1017189 742041 648589 817332 270501 402541 623685
913843 658004 236139 605434 627599 725987 228384 935908 468811 851072 760265 233863 722541 658445 935571 1024838 101673 885888 561593 900453 569211 150938 999999999 853950 838567 739332 563414 431521 294810 838444 871091 184531 82990 321856 523057 116895 666193 354227 917581 419842 543863 978733 778038 588091 732065 415144 426099 663689 668334 719298 816999 645520 348490 791423 505077 571564 621715 562272 345602 498835 538025 1082455 658497 1124775 920842 734419 525658 1026107 885374 825737 780574 70325 1012501 410845 557074 412227 280936 299419 931527 930788 1070828 280204 672753 1018486 653065 668919 801455 786182 663382 540650 516230 434885 730313 1044202 734044 702203 817427 264582 520151 576294
129589 331544 638910 250628 309027 280060 675988 936083 386712 781456 140075 876983 679134 715638 251970 480901 752481 183372 572296 492607 691023 871384 853950 999999999 741165 160804 302612 484469 598630 752600 243227 748450 934763 537858 373826 750694 242788 800152 336982 553851 498643 130507 496078 814252 374981 484416 816523 583722 728821 402741 103323 263883 530949 298664 363898 305275 505849 512500 568663 842174 453022 410884 637407 370221 583222 239806 372520 441015 582883 817701 595262 871129 414846 547654 558870 535350 805813 866130 101698 315191 432986 776564 666223 188701 804568 875323 487598 198868 228273 460003 477870 419532 501283 324952 134822 407997 107744 603747 730615 301825
870571 440463 801249 693091 842927 903615 625706 194925 636253 40697 794362 663582 118412 183540 564696 429955 785205 591680 303223 300096 270186 728824 838567 741165 999999999 595588 593060 834006 592322 12688 957675 894747 905275 643585 525335 822227 806842 511352 466495 906606 960787 771904 245385 302329 990296 811053 454917 209937 176887 343076 637985 808004 587101 963362 739744 756173 1025026 339551 544480 405303 411982 571439 188155 681472 226554 506845 523335 470220 198064 92391 146178 795123 480582 890789 314512 877793 579593 599576 837169 498438 533078 568638 167661 747909 233151 279041 257170 542317 782650 402825 916891 651289 1090243 612257 640169 342452 633695 643915 326923 758769
283234 171338 545048 183233 311670 334162 542376 789583 275322 635118 203926 734623 524726 556855 222211 412167 640040 155959 411492 379829 530248 737605 739332 160804 595588 999999999 176389 428974 464196 606410 362740 660404 821962 417494 228559 645996 252774 647252 262194 508019 489401 254125 354447 653458 430961 420568 659500 426432 570310 252646 80347 264852 398866 381481 296965 260739 522058 351743 427606 682614 294117 393176 479383 399730 464010 89395 226680 384517 456001 667204 449631 747202 360750 497775 398079 483824 658724 717819 262470 254518 400064 629814 508691 281632 644737 715231 350994 80950 228679 300666 456783 310717 550201 328005 47575 255053 79730 478450 570153 259713
394200 172062 371498 106236 250731 322932 373816 775706 100674 628198 256291 574759 495924 501200 386814 536871 463775 328129 334725 460749 448859 569466 563414 302612 593060 176389 999999999 283823 296169 601486 416912 487695 645899 241849 85476 469782 224116 506963 398243 365115 381812 419573 385653 565536 401059 269041 532980 391063 515959 279811 253623 220233 228747 390450 159816 163235 436946 276231 266927 570331 199637 550384 434448 571717 526557 193587 85678 520599 506248 645551 458218 573677 500354 352194 319747 337801 505939 566903 394426 401015 549495 476597 464753 455405 575524 640626 394531 233779 202602 209077 341023 135963 497186 495757 172982 270891 254013 304705 471231 165728
509680 452142 195595 248168 203529 297485 358993 998700 203429 863970 361658 557922 723245 702635 651167 819731 337113 583553 538745 742554 627050 512152 431521 484469 834006 428974 283823 999999999 316309 840213 444805 280708 500817 228059 318754 314929 255524 566686 677699 81320 144499 614931 656590 719101 302372 25736 621779 624080 717192 556090 487781 233006 275939 360521 132086 179655 225297 494738 335563 682741 422792 821339 654102 824296 803023 472779 321326 801114 779192 868167 714337 474808 779701 69198 525273 54997 527906 584745 539166 676901 825179 502944 681838 670035 753434 805312 669213 502835 261407 431686 102299 183083 325830 756288 400679 544627 490221 277834 621074 182831
682200 364528 212324 368706 449514 547669 78186 727710 222308 613554 533693 282096 474054 429410 646369 730672 210533 601773 292670 609758 342936 273762 294810 598630 592322 464196 296169 316309 999999999 595136 675851 303074 376644 89982 237616 238510 462853 252504 623390 363258 460771 714540 490959 414433 590265 290729 305471 395056 442515 425378 544255 447344 68014 619430 306746 366919 541378 278222 52709 367650 244173 788705 404285 835783 637951 446342 239889 731310 604481 602797 507965 287598 717733 347443 284249 338316 225622 286635 688105 637529 776267 197479 425772 745772 459486 502262 512958 500756 451018 247490 418271 198897 638580 753964 468402 408453 543890 52310 320133 371841
881956 450267 804703 702019 851605 913096 627061 183538 643190 28856 804715 660858 121194 181593 577199 442373 786439 603845 307460 312782 269446 727036 838444 752600 12688 606410 601486 840213 595136 999999999 968289 897179 904426 647844 532856 823870 816126 508673 479097 912337 967820 784092 257063 296437 999352 817105 451103 216260 174030 353805 649467 817044 591313 973193 747212 764493 1032591 345518 547783 400009 418732 584020 191596 694132 238923 517800 530897 482776 210683 79932 157392 794145 493213 896479 319117 883563 577536 596288 848825 511038 545604 567180 169593 760353 226463 270134 269258 553783 792002 409499 923833 657688 1098613 624945 650808 352828 645194 646891 324685 767142
142125 522422 636050 316351 243534 147822 744735 1150984 455917 996885 166546 955178 880986 903046 494279 724010 772259 426598 743375 730173 860995 928407 871091 243227 957675 362740 416912 444805 675851 968289 999999999 724846 943913 594318 502312 756198 213295 913716 579836 486187 386124 316761 717140 980391 194261 457574 946576 778943 917297 614629 337763 230593 610601 101057 375204 310506 354841 682764 663387 986894 610503 645850 829227 586269 818977 452090 502362 683442 814927 1026602 812004 906272 657238 487220 728663 479582 900420 961826 196976 558418 671549 871589 859416 386255 984510 1052133 712879 426763 225362 619343 387495 476961 306516 556689 317510 615657 342530 661769 887524 305529
787510 621023 116525 499037 484208 577128 277148 1021531 387023 914696 636452 390680 776355 727014 874372 1001815 136184 815052 595673 894784 638212 316904 184531 748450 894747 660404 487695 280708 303074 897179 724846 999999999 233527 274806 474910 90826 533431 472371 876422 248489 370760 878030 783426 688381 568393 271569 543050 697732 739309 704136 731511 511265 324446 637155 384874 447196 444859 577173 353300 615659 529955 1035046 706971 1059056 932846 677276 477812 994217 901187 900346 809244 248713 976796 242746 586922 247655 407028 444823 813309 883617 1030401 394382 727596 926691 744168 774922 803245 721325 536096 535570 349206 351830 553119 983425 644151 688533 732931 252774 603894 451345
991655 740478 308037 685462 700508 797596 307699 992231 550593 915514 838184 268724 790859 723236 1018533 1105535 182613 968838 636158 979422 635101 186928 82990 934763 905275 821962 645899 500817 376644 904426 943913 233527 999999999 404576 606031 188287 741967 407056 999871 480149 603456 1060219 855924 642515 797689 486429 476809 737227 732259 799994 899402 720866 431365 861301 582466 648620 678357 640148 426777 547539 618893 1164920 728813 1207752 997030 817389 608629 1107613 961038 886875 854332 110552 1094320 472913 632498 476034 333584 338744 1010782 1013364 1152905 338718 741293 1100712 710167 719549 879760 869166 740307 621206 579455 516372 786645 1127132 816051 782813 899884 347531 582174 653265
611044 349561 164412 296327 362862 462060 150509 792329 151500 668675 459523 360955 527115 492977 617093 728647 223405 564883 340405 620014 411018 338506 321856 537858 643585 417494 241849 228059 89982 647844 594318 274806 404576 999999999 206293 235271 381068 342484 608214 280950 372495 659672 510271 494272 501188 202347 394452 437735 506914 429357 495456 364183 56561 533477 220991 283877 452481 310997 110062 454682 256600 770329 456521 805558 660195 416223 209085 723216 629681 664261 543580 333348 706963 264850 329191 254508 312791 372977 621801 618152 762537 285427 481232 697238 533600 581414 529345 466012 371388 262848 329468 121260 548784 726259 413673 413727 495787 68127 397373 288850
474268 146606 359322 190368 327937 406020 315490 702367 115340 558521 340720 506380 422233 420871 412539 527853 427759 364622 252865 431430 364802 509863 523057 373826 525335 228559 85476 318754 237616 532856 502312 474910 606031 206293 999999999 441563 307607 427479 402486 397361 436511 481807 338126 480424 480017 298861 449829 318298 435719 240855 308906 301868 175321 474577 214414 236831 499735 196493 199066 485355 118847 564046 357729 601722 485797 211367 2920 519311 460820 571455 397915 523991 502126 382676 237915 368617 432394 492432 470041 411877 556787 403235 387654 509297 492254 556425 351784 263940 286943 128489 393194 140004 569109 521332 239491 227942 308177 258539 385798 240190
803916 583911 120180 500379 512684 610397 197351 941005 371194 839965 650580 300888 703968 649887 851378 960547 45446 796991 528363 845333 560329 229866 116895 750694 822227 645996 469782 314929 238510 823870 756198 90826 188287 235271 441563 999999999 553699 383122 843193 304267 428154 877726 728686 603256 615170 299202 454348 631418 661579 657577 721373 532579 275154 675181 394786 460705 506945 516733 291023 527309 478325 1005595 635830 1039176 876291 650945 444355 957048 842976 822375 745654 169452 941376 294693 521012 295632 316675 354031 824162 853416 997479 304987 654571 921123 661312 689016 750118 699448 552285 482731 399607 336081 615433 960660 636118 641176 722218 193969 521914 465312
254334 368029 434712 117904 66590 98874 531450 994103 244697 843696 108190 741887 715882 724992 456969 663863 565778 383706 558841 627978 672380 716227 666193 242788 806842 252774 224116 255524 462853 816126 213295 533431 741967 381068 307607 553699 999999999 703602 513281 316576 256473 370162 581719 787372 184830 261893 739935 611135 739709 473553 279300 22613 398190 167194 163376 97526 273554 500165 452353 784441 423753 628273 656731 606536 707545 331277 308302 633611 694582 865110 666122 697306 608906 312433 543863 301417 687840 749160 284581 502255 641898 659147 687139 431449 799489 864031 584379 333347 24936 433188 235302 263988 298365 550364 208132 469492 283155 448632 691515 92556
900891 500686 426166 598531 697488 793458 214335 585186 458912 516271 760981 152230 404575 328004 781248 794632 338119 755915 297241 652094 246944 222225 354227 800152 511352 647252 506963 566686 252504 508673 913716 472371 407056 342484 427479 383122 703602 999999999 727913 605582 710555 900392 524524 235482 841427 541400 72305 379745 334653 509417 725762 690333 308661 865386 554856 610928 791956 332769 251517 145650 359960 889854 353671 962898 644079 600123 428515 810613 605695 482780 491180 297425 804598 590458 301530 583046 73714 92062 897426 750693 866753 78154 357726 917334 303557 314702 551027 658173 688758 355926 668974 442813 890676 879037 665339 492651 724090 289341 184794 615703
458642 259927 760198 441080 573677 587101 696003 654236 495309 506530 446278 851073 447575 513112 102128 150689 826511 154637 435083 173980 530514 877693 917581 336982 466495 262194 398243 677699 623390 479097 579836 876422 999871 608214 402486 843193 513281 727913 999999999 758623 750360 321148 242205 643822 685295 665394 713465 385827 522084 218521 246352 526535 570753 623795 546904 519802 784176 395326 574607 709304 387014 165955 437117 239224 265223 205209 399629 123694 277054 555543 335809 908401 102162 746851 428238 732548 763860 814234 412589 31949 154328 738371 457681 285311 607110 677074 220230 181396 489755 387044 716133 528806 807893 157754 305169 235277 241677 654840 590192 519293
566788 532885 196060 325763 256540 339101 392193 1066668 282434 935366 424689 576930 793989 768655 730181 901000 335639 661681 607927 823314 689801 521300 419842 553851 906606 508019 365115 81320 363258 912337 486187 248489 480149 280950 397361 304267 316576 605582 758623 999999999 124023 683703 735488 775071 320456 98520 665647 696818 782986 636099 564154 294088 334141 393568 212075 253054 203139 567086 390998 730373 497379 900939 724153 900910 882661 553847 400010 882114 858179 936841 790431 472384 860557 16172 594983 28958 558992 612207 600778 757388 905490 536439 751091 741305 814008 862329 748722 582932 326651 505988 101416 259152 311368 834413 477866 624296 566806 318066 678323 255552
486068 553665 317318 310068 189894 245785 500954 1131850 324668 992709 360295 694365 853650 838857 705988 898529 458526 633847 672427 839460 766295 642301 543863 498643 960787 489401 381812 144499 460771 967820 386124 370760 603456 372495 436511 428154 256473 710555 750360 124023 999999999 623775 766944 861709 204977 170168 766240 751852 853577 661622 530769 236697 419253 287741 223652 231362 82284 624338 479294 827159 549223 878286 785886 862428 908180 551901 438710 873498 888005 1000819 834018 595797 850039 133816 658403 135259 669681 725289 527204 743919 888487 645432 814531 686921 893734 947361 776335 569333 274303 558559 44682 313333 188513 803740 450966 652435 534218 421306 763369 231451
174940 408654 767532 379253 435501 393379 792585 964886 510001 812592 263572 988187 727899 776182 219779 442891 877641 180292 649328 493464 764932 988288 978733 130507 771904 254125 419573 614931 714540 784092 316761 878030 1060219 659672 481807 877726 370162 900392 321148 683703 623775 999999999 529435 887698 481959 614894 909467 641933 788147 453716 174665 391883 647806 395913 493933 435781 624204 592536 680394 927471 543498 339389 696645 269647 585479 307894 480068 396521 593685 855647 630169 992727 371128 677787 637256 665597 912843 971916 119959 291832 370760 883917 723361 69653 868720 940334 514935 252719 357348 549096 605381 543882 606785 248875 246591 463328 176308 724018 811557 432329
625595 216322 674585 474729 625786 675113 549735 440259 453242 285890 556679 663611 205806 271955 331377 271071 701215 349310 229481 127853 300484 706332 778038 496078 245385 354447 385653 656590 490959 257063 717140 783426 855924 510271 338126 728686 581719 524524 242205 735488 766944 529435 999999999 406151 766546 636983 496439 152073 280330 108317 392810 586191 458982 730425 543564 545825 822008 215816 438250 480692 253708 382929 198610 477400 150116 265061 335481 292499 122705 326296 100833 753185 291596 720778 228743 706738 573690 615545 591786 272751 352992 552290 216632 510760 365494 435039 26681 297220 556909 247861 725279 477316 874924 398804 400484 114873 388480 535210 364494 547546
933252 483457 620872 670721 800528 885094 412734 349849 558628 297139 815613 381677 222113 139686 721449 667801 560079 718447 242038 521046 123334 457011 588091 814252 302329 653458 565536 719101 414433 296437 980391 688381 642515 494272 480424 603256 787372 235482 643822 775071 861709 887698 406151 999999999 952501 693496 166953 258047 137062 440805 721566 780049 443246 954554 667350 708485 938446 302383 384458 104886 370255 788878 207589 882075 484104 581402 479990 695798 446296 254720 335124 532870 697006 759014 255774 748780 309108 312787 915928 672468 757670 307986 191935 886572 72126 87934 431508 635034 767245 361686 817436 556849 1025671 801576 685768 428278 718546 464295 98658 712559
319193 552596 497264 297511 152442 98263 647353 1175952 394710 1026677 241592 853662 896661 900820 617460 835670 639327 544353 732849 809818 842339 812947 732065 374981 990296 430961 401059 302372 590265 999352 194261 568393 797689 501188 480017 615170 184830 841427 685295 320456 204977 481959 766546 952501 999999999 322257 886662 791765 915654 658383 441591 182309 533406 93658 288767 244521 161305 676032 592623 938304 598577 783721 835461 743529 891042 513608 481187 801702 878909 1046223 850474 777139 776179 325675 717911 321711 813656 873198 369291 670684 802552 786569 865732 550539 970777 1032642 769014 509617 209643 608182 219229 402119 126303 699506 384154 654218 446021 562978 854738 240699
516103 435024 179096 242572 214507 311240 334497 974546 183925 840644 365948 534913 699700 678049 642391 805853 318929 575980 514732 725385 601970 490909 415144 484416 811053 420568 269041 25736 290729 817105 457574 271569 486429 202347 298861 299202 261893 541400 665394 98520 170168 614894 636983 693496 322257 999999999 596189 601119 692572 537705 482275 239698 250293 376330 124606 179301 250720 471589 309855 657028 400457 811573 630351 818017 784163 460203 301503 788496 759670 844142 692825 456048 767526 84176 501381 69929 503358 560548 543338 665686 814211 478173 657899 668246 728154 779774 650215 492601 265411 409233 127628 161228 350380 748496 394622 525815 484500 252814 595518 182989
923535 502963 491805 630225 739435 832816 278631 516517 496816 456247 789173 214819 354681 273974 774869 767447 409555 756141 278415 622163 202441 290575 426099 816523 454917 659500 532980 621779 305471 451103 946576 543050 476809 394452 449829 454348 739935 72305 713465 665647 766240 909467 496439 166953 886662 596189 999999999 346279 278491 496102 735827 728302 354106 904491 598154 650416 846773 324333 294193 73379 366071 871570 312092 951425 604956 603991 450426 787363 566321 418954 451041 367946 783573 650185 286021 641961 145171 146661 915901 738308 845745 149923 310925 921026 237278 243202 523118 661588 723381 360374 723682 484880 942796 868037 682174 480205 733724 347615 136376 655036
709484 257335 598596 494618 641763 709490 439840 384776 427184 240862 612682 524577 104896 134265 464750 421910 598131 467151 103161 275986 148411 575174 663689 583722 209937 426432 391063 624080 395056 216260 778943 697732 737227 437735 318298 631418 611135 379745 385827 696818 751852 641933 152073 258047 791765 601119 346279 999999999 146338 188455 484616 609952 381701 772985 532155 552777 817603 129752 344470 328642 202631 533989 54716 624381 265583 344164 316490 444572 227723 254497 117114 630205 443281 681039 110824 667979 434906 471679 684490 414429 504894 416365 82513 634596 227554 299144 178517 392295 587769 193330 707771 441445 886574 543577 466031 178773 481007 444993 212763 555709
853538 399594 654796 621887 763655 838582 464288 285704 533453 183262 750753 486856 85179 14878 606609 534115 622126 612601 183518 388151 101262 553404 668334 728821 176887 570310 515959 717192 442515 174030 917297 739309 732259 506914 435719 661579 739709 334653 522084 782986 853577 788147 280330 137062 915654 692572 278491 146338 999999999 334476 630492 736114 451041 904652 642413 672366 924891 239787 400056 233567 317083 659811 91767 757549 347230 489747 434493 564357 309607 161039 200329 621785 567294 766842 198289 754953 403701 422702 829903 552089 626935 394112 65329 779524 85189 155237 304157 538575 717377 307488 808913 540421 1002245 679094 608266 325108 626947 494822 150865 675821
531065 108633 591541 366564 517549 567434 492563 536938 353964 382489 451979 634888 277152 322694 282321 305558 634763 278930 217899 191626 321368 666039 719298 402741 343076 252646 279811 556090 425378 353805 614629 704136 799994 429357 240855 657577 473553 509417 218521 636099 661622 453716 108317 440805 658383 537705 496102 188455 334476 999999999 301017 477880 382793 623833 438972 438374 714938 177071 373776 496366 181305 381376 243152 455355 247345 164528 238041 310036 226548 415492 197454 702973 299908 621853 210215 607634 546831 596149 501805 242283 361217 522012 269648 446729 415863 487492 114735 206461 448775 178799 620609 380792 766662 371938 297120 17451 297086 464054 376977 439969
232910 238533 617285 239820 344115 343388 622441 832911 350194 678323 200725 814893 578028 617656 177946 395374 717097 104499 480734 392718 598267 817785 816999 103323 637985 80347 253623 487781 544255 649467 337763 731511 899402 495456 308906 721373 279300 725762 246352 564154 530769 174665 392810 721566 441591 482275 735827 484616 630492 301017 999999999 296126 478599 377461 357673 311563 552787 422365 507951 756082 369765 348986 538791 336757 482363 141008 307022 360151 480658 715164 492182 826394 334589 555306 467989 541817 738594 797456 200789 229452 363351 709748 567083 202048 708019 779226 384308 95690 258145 375698 502615 385309 565961 273130 87944 307235 4772 557445 641671 309494
276742 371133 413335 115357 48001 105327 514688 993840 231779 844372 130606 725137 714829 721336 473218 676867 545367 400223 554276 636662 666439 697903 645520 263883 808004 264852 220233 233006 447344 817044 230593 511265 720866 364183 301868 532579 22613 690333 526535 294088 236697 391883 586191 780049 182309 239698 728302 609952 736114 477880 296126 999999999 383576 176366 144651 80467 258131 496335 438839 774322 419343 644985 654441 625754 714721 340275 302765 647700 700646 864311 668566 677580 623250 289853 539297 278810 672737 733926 307184 516560 657637 644208 684791 452582 794114 857813 589850 345759 37993 428869 213988 248889 290115 568225 221648 473025 299828 431381 683556 75524
614331 310828 218084 301287 388883 485527 145083 736258 155413 612115 466305 349811 470559 437012 587357 685414 255780 539773 283895 571862 356013 340723 348490 530949 587101 398866 228747 275939 68014 591313 610601 324446 431365 56561 175321 275154 398190 308661 570753 334141 419253 647806 458982 443246 533406 250293 354106 381701 451041 382793 478599 383576 999999999 557448 246196 303488 497535 255849 60556 410185 205666 734829 399965 776704 608453 386353 177819 682627 577120 607940 488682 349124 667584 317976 272791 306947 289824 351254 620104 582874 724682 261007 424692 680469 479911 529745 478968 439238 385360 211133 375342 134795 590081 695808 401391 366594 478402 84189 345457 308344
228215 522927 555293 284343 170838 71934 683349 1153378 407726 1001242 179060 893024 877230 890016 548090 772534 694864 476378 724889 760391 839202 859627 791423 298664 963362 381481 390450 360521 619430 973193 101057 637155 861301 533477 474577 675181 167194 865386 623795 393568 287741 395913 730425 954554 93658 376330 904491 772985 904652 623833 377461 176366 557448 999999999 312787 254520 253788 665673 613920 950639 589869 709530 820158 661636 845483 468925 475203 735616 836923 1025680 820018 831155 709671 396145 709929 389808 845025 905833 280077 606223 731219 816874 850590 465250 965951 1030925 729839 455547 187848 599220 293045 422743 212239 622952 333925 622022 382124 599036 858687 249790
409194 331773 278236 118079 142879 241177 371316 915113 109544 772728 255794 581567 635411 627550 519125 690568 404019 451882 459133 620334 561780 553253 505077 363898 739744 296965 159816 132086 306746 747212 375204 384874 582466 220991 214414 394786 163376 554856 546904 212075 223652 493933 543564 667350 288767 124606 598154 532155 642413 438972 357673 144651 246196 312787 999999999 66642 285455 407113 304502 649641 330326 689269 569309 693495 686083 342609 216446 670506 665000 784012 610790 534220 648716 201111 444575 187035 532282 593048 430322 545320 693424 504224 598714 545288 690559 749556 553540 370915 158399 339868 181737 113362 360429 624548 270022 429288 359894 287464 568979 71471
343267 329750 343230 78805 92134 182635 434358 937540 153706 791045 190259 644816 657413 657504 481159 667368 470595 410936 489134 610359 597825 618722 571564 305275 756173 260739 163235 179655 366919 764493 310506 447196 648620 283877 236831 460705 97526 610928 519802 253054 231362 435781 545825 708485 244521 179301 650416 552777 672366 438374 311563 80467 303488 254520 66642 999999999 276830 433321 359429 698282 355678 653135 594173 648188 682356 320566 238206 643241 664570 806978 621203 600786 620182 245046 474244 232033 592374 653527 366225 514629 660802 563897 624230 490382 726304 788179 552728 339444 91820 365318 196397 168704 334134 583262 226427 431025 314368 351264 611058 4977
