NAME : synthetic_000048
TYPE : CTSP-D
DIMENSION : 100
GROUPS : 8
RELAXATION_LEVEL : 1
EDGE_WEIGHT_TYPE : EXPLICIT
EDGE_WEIGHT_FORMAT : FULL_MATRIX
EDGE_WEIGHT_SECTION
999999999 676864 894054 299807 166619 329495 665076 570702 444802 373155 710046 411687 727710 434954 236494 650081 798652 869890 225877 241065 481456 159223 647319 455327 754962 325503 437309 131167 225709 330445 781721 288666 805474 397919 748143 710287 313025 106145 880118 478268 759326 380029 437167 239375 483356 811195 172816 837716 479610 595405 752709 348435 371851 147344 512985 174118 520386 607344 613491 589078 671999 431483 403978 607887 324253 620319 741401 509167 179817 920737 481814 295278 634617 909117 569391 190882 333383 254353 646406 554133 563712 505943 714348 157682 218911 732804 210195 109823 315427 511584 155197 654077 225039 575895 669993 664285 594314 665582 272248 165171
676864 999999999 265069 501970 708844 578365 12552 615041 713488 487406 579178 717666 53006 605613 633514 107720 250647 195258 902722 438117 727347 719901 264017 267926 190329 952831 279986 587104 451225 359293 512656 610782 288183 493790 531219 199079 366587 583465 219572 751476 97202 357701 560106 717920 283352 640921 569083 215465 352935 100852 267493 436241 564676 595528 620701 669955 272047 763874 724293 88708 173306 527613 385740 384041 978651 649377 688648 414458 759121 250224 717159 757013 689950 256623 594841 837538 363844 486310 204291 124472 216818 199312 568449 754271 458172 210927 562324 575841 926241 499130 827739 715961 691440 583055 544302 432730 162925 455429 421578 536613
894054 265069 999999999 659044 952000 839541 276819 876581 810473 617512 823646 826309 241211 870589 886644 362268 424645 207315 1116976 654156 812690 902830 291080 441441 144519 1192269 458929 785093 672953 603102 735882 757561 466677 612333 764590 196784 601210 812248 79248 1016389 257721 616260 825149 969430 425293 871496 757433 336997 617955 365305 195989 696285 685670 835879 884959 847732 393600 806874 985902 342714 227183 628059 648802 637570 1210380 908218 935913 678076 940383 116150 801375 1012349 949027 53018 635453 1069385 611090 736291 451742 376207 338625 388349 811456 940926 678782 421162 810946 803491 1168696 762607 1048959 974451 855788 620187 793117 420569 425620 442546 663277 737443
299807 501970 659044 999999999 437206 488684 493022 695537 251671 73813 782485 240043 554610 587590 447409 522949 700302 692875 490950 179472 279885 249032 380616 234873 514532 624842 221990 168650 200592 290957 805005 109359 722128 99839 789179 463179 253153 280476 665561 686870 597942 375632 565936 495331 235344 880339 127313 704982 485245 456023 489228 407729 106025 343783 654672 192356 265446 377023 774318 429153 432464 141022 428721 616422 617100 747442 851299 548138 284455 713549 273648 553942 775234 686170 285507 489973 306810 346410 564089 403003 322021 302898 780957 288625 197017 636875 373019 271007 615125 594485 442747 800201 196921 288578 737960 367010 493125 366796 282758 146919
166619 708844 952000 437206 999999999 216860 696371 446496 609609 510439 603625 577305 754955 308104 110298 657413 778505 891426 268647 317250 646160 323588 738206 535260 822264 244613 517386 277211 292841 350503 696557 447997 776523 536959 655656 784274 351071 160655 924771 320339 777662 363354 324438 74224 574120 701375 318612 834796 434559 615023 836654 301325 523591 116679 384433 340350 611633 770595 469651 620664 743053 576471 363207 543935 280194 491759 615131 439852 338339 958999 645968 128662 498890 958234 719029 149842 345009 225132 629155 584920 643555 570324 610652 314714 289331 715785 149885 170678 217492 416268 186601 514994 391622 723782 568398 785304 593023 790219 289089 290446
329495 578365 839541 488684 216860 999999999 565978 241216 715462 551349 388604 690205 616280 107203 106707 503547 593457 740471 485003 315570 749730 480773 681512 484080 727700 432528 469116 377672 291010 263476 480088 543852 584830 578046 438797 700815 287314 246624 797625 205141 628229 224071 109697 176560 532943 487894 407568 662442 248595 477877 763749 143534 592492 184423 184317 474782 566779 861462 293516 496827 658435 625485 193914 336466 483375 290994 411955 233430 507272 823400 746431 192474 307474 834985 768426 364809 248957 145664 453014 463765 579238 493277 394938 486230 293215 535573 126980 251316 397469 199664 401815 328734 526692 768679 352123 773035 435075 784049 225832 359718
665076 12552 276819 493022 696371 565978 999999999 604463 706751 479853 570925 710377 63487 593777 620963 100338 251013 206250 890915 426628 721117 709349 264793 259546 198133 940390 271139 576116 439489 346911 506686 601996 287601 486790 524219 203983 354486 571368 232067 739603 105073 345185 548335 705368 276771 633991 558526 220599 341373 88702 273182 423783 557254 583127 609484 659682 266925 759533 713666 76485 176119 521357 373466 374971 966356 639240 679964 403497 748591 262735 711009 744478 679758 269009 591215 825267 351379 473776 196962 112187 212902 190841 560373 743534 446470 208462 549796 563783 913756 488171 815752 705847 681704 579654 535593 432806 152614 455329 409213 525586
570702 615041 876581 695537 446496 241216 604463 999999999 936787 748407 171704 914906 635800 138585 341610 514368 526922 727427 713352 516065 969290 720483 794752 623859 795864 621303 613492 609394 495887 420174 296811 766508 502185 773454 245499 784220 455460 484175 817244 209964 628929 342919 135865 387862 675126 259887 634449 616750 273783 520474 853753 289192 801554 424927 63197 710792 702008 1072537 109335 555209 744455 822568 286701 248533 683575 52185 170776 202958 747989 828602 964713 372827 83060 857511 959182 585327 402853 355561 429828 531686 694957 607418 183044 727201 500371 488364 364748 487682 583308 120533 632886 109950 761750 956651 151884 919672 452168 935012 413102 583817
444802 713488 810473 251671 609609 715462 706751 936787 999999999 231187 1032410 37901 763463 819726 653192 754339 934360 891433 548378 425228 36679 305302 520036 452038 672156 731155 444883 342747 442534 542156 1056563 171612 959913 220334 1040770 618590 504445 478327 837208 901219 810564 626634 803635 679452 430139 1130984 308490 926301 736822 686832 618068 653163 154876 546295 891301 271544 445281 164963 1007750 653667 600574 187644 678748 868036 699244 988964 1097132 798765 314262 888771 39019 737301 1014081 848553 212193 605082 557689 581804 806367 633156 504745 519143 1031340 334606 437414 873532 591062 471104 734141 841312 537736 1038008 224529 227139 987983 418334 733529 403976 528461 355846
373155 487406 617512 73813 510439 551349 479853 748407 231187 999999999 824132 230911 538677 646961 516572 523386 703295 671813 558608 236541 251936 309737 330834 222017 473701 697750 213960 242105 260411 333238 835943 141399 728735 27138 824260 420759 295896 352659 631778 752349 584578 417247 622270 567377 206492 919741 200376 697789 522167 455851 438320 459218 77634 414572 711050 253172 229035 329589 831895 423553 394597 74541 472637 648758 688324 799815 899057 589240 342227 681590 243447 625796 829487 648865 217394 562877 350117 406801 575908 402154 288725 290063 821470 349626 258166 642345 440024 343032 688568 642385 513885 855047 246079 218798 779572 297311 502773 295547 336288 219993
710046 579178 823646 782485 603625 388604 570925 171704 1032410 824132 999999999 1015228 585843 299559 494652 471615 426461 648010 872257 607685 1062141 849980 800941 661172 769045 791278 655032 726362 592516 492147 136460 867578 392776 846690 83905 769062 529959 613861 755123 379077 566286 407465 279381 551130 710389 101618 744501 522730 303793 499698 839713 383945 886856 562797 232676 831959 730235 1153663 236161 541219 733627 895565 353799 200036 852096 151896 113089 234937 881108 756067 1056117 541493 181128 795424 1022121 747679 475878 469993 375818 527370 709172 627555 14981 862091 598466 406658 499853 615346 753441 199706 789806 195120 880249 1017064 44578 945981 423837 964257 505649 692644
411687 717666 826309 240043 577305 690205 710377 914906 37901 230911 1015228 999999999 768474 795341 624545 753325 932810 899174 510599 407579 72718 269060 535257 452903 686187 694170 444365 314661 423298 527507 1043877 148558 956997 224349 1026379 632529 490096 450148 849868 872904 814868 611423 780873 647930 435043 1114534 282647 928689 722675 685794 635889 633849 153287 517984 867967 237748 453048 201607 983238 654316 612320 198752 662265 855188 661653 967085 1077019 782681 276874 901013 76700 705422 991195 862824 243675 568829 542516 559383 801340 632112 512953 520956 1014654 297502 417757 870938 564812 443323 697650 822164 500927 1014736 189234 258026 970950 442916 729211 429829 509910 331704
727710 53006 241211 554610 754955 616280 63487 635800 763463 538677 585843 768474 999999999 636633 676345 121563 222655 142824 953476 489810 776460 772760 297443 320237 197547 999362 332628 639596 502286 406985 508069 663287 263060 544303 531564 219359 416269 633039 184047 782561 49053 399095 590618 761177 333559 640370 621937 171870 382604 140614 282604 475886 615733 642756 646208 722925 319906 809137 745075 138634 202239 576920 422511 396675 1026788 667010 697281 438950 811991 207280 766137 798383 707823 223459 638643 885905 410477 531120 211255 173760 262740 251771 574206 807006 509328 195510 607250 625618 972039 523114 877789 733242 744420 626333 553687 466845 187447 489979 469351 589059
434954 605613 870589 587590 308104 107203 593777 138585 819726 646961 299559 795341 636633 999999999 203246 517399 575079 748377 575604 410499 853543 587674 743841 555313 771103 494653 542120 484060 387445 336919 407695 648199 559116 673181 361096 750519 367092 353803 820627 145970 640445 275925 46329 251792 605929 394654 512794 654666 254051 505344 816958 202223 692623 291265 78132 581930 637212 962887 188026 531952 708755 721472 228421 297931 553478 185969 308585 208367 613587 840351 849870 244091 200376 859654 862646 448891 320390 241181 449859 502330 641406 553352 308197 592243 390632 524362 234048 358379 457289 140662 494626 221554 633769 861874 268788 850065 449495 862900 312850 463956
236494 633514 886644 447409 110298 106707 620963 341610 653192 516572 494652 624545 676345 203246 999999999 571380 680068 808141 378309 293283 688818 393855 697807 494384 764468 337701 477526 310450 267073 286132 586272 483580 675365 543709 545443 731422 297577 174972 852449 248428 694442 277567 215277 85179 538966 593259 346564 741903 333482 535765 789324 205729 545330 107042 281073 396681 575329 807243 377095 547341 689248 588187 266404 436236 382937 389022 511829 332139 416311 882964 686884 126997 400180 887883 732760 259213 276282 151198 533631 512293 598246 517710 501298 394035 266427 619089 82621 182643 305110 305971 295266 418636 449345 735160 458700 767558 504651 775627 231321 305308
650081 107720 362268 522949 657413 503547 100338 514368 754339 523386 471615 753325 121563 517399 571380 999999999 180189 237332 873482 422565 772586 716217 356341 302908 298015 901749 309466 577912 429792 320299 406902 631890 209081 534828 423882 303573 338143 549536 304794 663106 124716 294848 471197 656559 333588 533654 567331 189229 263592 67544 373235 366977 600703 549702 524876 671068 333531 823868 623673 104520 273231 574655 310021 277828 934306 546280 581489 317613 755393 323034 763163 689963 587044 344599 660935 794966 319825 432310 96660 121245 288089 238507 460791 747257 437335 123177 507770 543222 872476 401635 794340 612664 699840 650730 437230 520623 68666 542363 381142 527607
798652 250647 424645 700302 778505 593457 251013 526922 934360 703295 426461 932810 222655 575079 680068 180189 999999999 228095 1015907 585579 952773 881104 514549 483097 418373 1017653 489487 741300 588647 470859 318487 808615 42258 714995 355064 441881 495951 694018 348326 712599 180932 422021 530233 763185 512785 455984 735231 96850 346874 247578 504882 477221 780480 681472 557525 839204 510267 1002570 630006 283323 422006 754765 415361 281790 1058698 543245 538846 368045 919838 338310 943352 785925 582774 386629 837625 923980 465867 559639 152342 301217 460731 418281 412478 909679 596356 66231 630352 689149 985083 438400 933710 604617 871345 826818 406151 683375 211134 706051 526507 692045
869890 195258 207315 692875 891426 740471 206250 727427 891433 671813 648010 899174 142824 748377 808141 237332 228095 999999999 1095516 632551 901662 914980 394392 458013 254962 1136037 471558 782333 644707 546507 546253 800707 268530 675016 580814 298540 557715 774089 128077 892869 113853 530875 702055 893302 465325 683637 764185 133815 497035 277358 341987 604237 747819 781011 747239 864637 446330 922803 834922 281113 299976 703824 547245 479468 1165741 751473 761075 542674 954170 110232 890968 927286 792052 162552 749791 1025284 548806 666519 300266 315773 386694 390508 634649 949496 651805 242641 742470 766883 1107643 623584 1019171 815761 884799 736236 623037 557195 305470 580640 608736 731820
225877 902722 1116976 490950 268647 485003 890915 713352 548378 558608 872257 510599 953476 575604 378309 873482 1015907 1095516 999999999 466393 582721 256517 860882 676196 976292 202302 658438 335267 451584 553184 963264 438463 1019628 579297 923498 929956 538081 324065 1105214 563429 984555 594013 593077 326751 699870 969724 369412 1059855 683776 820324 968183 548654 532858 337278 650662 309323 735943 710588 726001 814856 892891 601254 608741 803286 153635 756879 880131 700211 236286 1146324 587298 356410 760567 1133586 722016 132943 554439 458625 863686 779822 783008 729799 879292 219453 444760 950716 395303 330262 221020 683634 84459 774299 336706 732022 836940 855910 815626 853392 492902 380395
241065 438117 654156 179472 317250 315570 426628 516065 425228 236541 607685 407579 489810 410499 293283 422565 585579 632551 466393 999999999 455996 295531 421725 220770 516964 544673 202638 155909 26210 125491 641040 260495 599473 262947 620509 474607 91971 161981 639055 518467 524144 205950 387019 358107 257075 706987 152551 611793 318477 362738 522539 228708 285492 204113 475830 255340 294661 556484 596091 351528 434919 311010 254883 453045 557226 567977 672768 375416 334339 679940 450651 413424 595880 668178 453058 417025 138205 170405 437202 317536 330066 265817 607081 325027 28016 519492 212012 152456 525280 416352 395192 620965 293052 453120 563380 474939 374919 482484 103618 106511
481456 727347 812690 279885 646160 749730 721117 969290 36679 251936 1062141 72718 776460 853543 688818 772586 952773 901662 582721 455996 999999999 341511 523798 469692 676609 766887 463714 378391 474131 570841 1083328 206146 979417 237877 1068700 623306 533031 513880 842694 936666 824107 655515 836665 715860 444443 1160203 343430 941365 764864 705240 618613 684460 178509 581852 924576 308221 456881 128899 1041559 670748 607590 199760 708344 895065 734114 1021442 1128587 827979 349535 894593 11427 773770 1047080 852357 197794 641312 586670 614833 827757 651704 515604 535680 1060762 370219 469249 892883 625824 506527 770247 872345 573618 1071196 261027 213471 1017647 411747 754485 395809 559505 390013
159223 719901 902830 249032 323588 480773 709349 720483 305302 309737 849980 269060 772760 587674 393855 716217 881104 914980 256517 295531 341511 999999999 629263 465527 758792 426910 449408 139997 294004 414724 908910 182226 894450 327913 880101 708752 385878 237098 902869 637444 811137 483595 585124 397345 477619 951596 150824 905129 592948 654073 737871 472626 276877 296412 665088 56828 510650 470262 769648 637457 675654 346005 519983 726783 400280 771218 890291 634888 39304 948555 344042 451735 788038 926512 465907 299802 423474 381189 732227 605604 564206 528360 852838 39896 286314 815001 355757 234841 428873 650274 233185 808533 82428 475660 808132 605121 670407 600991 369177 189146
647319 264017 291080 380616 738206 681512 264793 794752 520036 330834 800941 535257 297443 743841 697807 356341 514549 394392 860882 421725 523798 629263 999999999 203932 152952 964542 221393 525750 445474 418742 757671 472147 552138 323186 767505 100196 400827 583231 319697 881097 345679 467920 703966 772455 165135 876429 492239 468404 521662 307210 108619 544423 395821 622970 782209 572796 127561 530601 899199 263486 96408 336998 517754 601032 971244 838152 902395 594930 665067 371908 512589 823897 876348 328662 357156 833844 432637 549938 447014 273595 102587 190498 792621 668579 449353 472857 615759 573501 946534 674274 801343 903393 574459 343060 760791 169444 382657 192537 467027 483030
455327 267926 441441 234873 535260 484080 259546 623859 452038 222017 661172 452903 320237 555313 494384 302908 483097 458013 676196 220770 469692 465527 203932 999999999 300113 765432 18160 343685 243330 220893 647980 343132 510443 232047 645218 255047 198758 382725 437355 686970 364613 283091 518865 568525 51296 748709 317294 475940 361224 235645 301916 353163 299650 419526 602242 412232 82700 525695 722689 201667 216824 272098 337852 468972 776453 671265 751702 435027 504012 483257 460255 620176 706862 461778 371456 637035 236321 347972 363885 182282 109328 68709 655593 502499 247775 423855 412130 373226 745852 505901 610518 733807 428072 363769 617883 296381 289952 311177 264464 296116
754962 190329 144519 514532 822264 727700 198133 795864 672156 473701 769045 686187 197547 771103 764468 298015 418373 254962 976292 516964 676609 758792 152952 300113 999999999 1059325 317946 642971 537166 478403 701649 613345 459566 469409 721413 53658 471688 677229 166993 915083 237705 503961 727257 845185 281175 831050 614270 352356 525861 275787 88880 584493 543040 705612 795447 703515 249095 681276 904422 241334 83575 487466 543716 572454 1074189 833089 877808 593131 796195 219313 665424 891276 873254 176641 508007 933799 488430 613271 394620 268871 194848 252537 758503 797063 542567 392529 685956 668153 1037366 677249 910136 899692 711269 493456 733445 304497 348166 327790 536061 596063
325503 952831 1192269 624842 244613 432528 940390 621303 731155 697750 791278 694170 999362 494653 337701 901749 1017653 1136037 202302 544673 766887 426910 964542 765432 1059325 999999999 747292 456454 522867 593796 901928 598786 1012965 721886 855748 1018735 591423 382832 1167696 435049 1022267 607237 525659 256491 799418 880616 497543 1077427 671183 859573 1067011 541537 688980 357671 558900 470140 836981 895774 605659 864443 978420 752585 603030 768993 71903 655954 774671 665748 417885 1202821 770099 250563 649645 1200467 885252 134878 589066 469637 870262 828652 874738 806797 801065 396687 517948 956226 393978 392239 38198 625688 193726 657523 509202 893268 763088 989749 836871 991057 531800 488748
437309 279986 458929 221990 517386 469116 271139 613492 444883 213960 655032 444365 332628 542120 477526 309466 489487 471558 658438 202638 463714 449408 221393 18160 317946 747292 999999999 326364 225290 206488 645517 330858 515707 225845 641293 273138 182867 364603 453709 672537 376150 271591 506374 551174 63991 743816 300629 485584 353595 241949 319988 339898 291402 401767 590475 396524 98251 523840 711279 210153 234747 267798 326988 464666 758314 661397 743916 427000 488029 499154 454524 603102 696543 478645 372990 618877 222298 331841 366419 188274 127483 81070 649819 486118 229686 429169 395165 355094 727765 496252 592505 723428 413584 366001 611473 308321 292568 322277 248191 278521
131167 587104 785093 168650 277211 377672 576116 609394 342747 242105 726362 314661 639596 484060 310450 577912 741300 782333 335267 155909 378391 139997 525750 343685 642971 456454 326364 999999999 154177 275095 776674 173911 754454 267138 750575 595601 245882 135613 778525 558533 676209 346407 473754 342086 364806 827705 42301 767071 457338 516893 632920 343609 246560 203563 558740 106684 400709 498297 671187 502635 559409 302421 386189 592048 451508 661256 776107 503907 178544 822238 376617 400844 682536 804667 442979 321649 284413 257221 592235 469783 448767 401661 728006 169346 146514 675162 251180 128662 446492 527690 278152 705081 153939 448509 683367 533737 530793 534635 232333 50643
225709 451225 672953 200592 292841 291010 439489 495887 442534 260411 592516 423298 502286 387445 267073 429792 588647 644707 451584 26210 474131 294004 445474 243330 537166 522867 225290 154177 999999999 120995 630746 275180 600773 287048 608384 495873 92754 140147 655563 493235 534980 196171 365388 332321 281294 692482 157949 618826 308642 372053 545239 210694 306308 178802 454096 257821 318793 577308 573789 363670 455705 334695 241808 443681 537503 547942 654606 362153 332159 695410 469200 387419 574979 685523 477417 396749 131135 146548 438689 328984 352372 285078 592451 321128 7716 522428 185850 130991 502610 398973 378224 599790 298816 477799 548425 501052 379088 508673 86883 108057
330445 359293 603102 290957 350503 263476 346911 420174 542156 333238 492147 527507 406985 336919 286132 320299 470859 546507 553184 125491 570841 414724 418742 220893 478403 593796 206488 275095 120995 999999999 517209 382739 481212 356896 498911 445655 37841 229285 574271 466113 433797 84747 303485 367090 270477 589458 277243 507306 195199 269267 505119 135466 394746 236267 390048 378559 303561 662170 511772 270738 403383 406094 139403 328720 619804 470531 566082 257395 452613 609062 564497 413052 502668 607853 539600 478985 17321 134969 319642 234931 316947 233065 490248 440771 128617 404675 208059 222927 567971 309906 474348 529001 418120 536680 447576 513422 264018 526001 62367 228679
781721 512656 735882 805005 696557 480088 506686 296811 1056563 835943 136460 1043877 508069 407695 586272 406902 318487 546253 963264 641040 1083328 908910 757671 647980 701649 901928 645517 776674 630746 517209 999999999 899944 279879 855773 52869 710449 554155 679320 662531 506772 479780 435148 377266 652700 693334 137516 788122 414922 322562 450492 779864 436679 905065 637564 352162 883346 706774 1163153 372134 494338 679534 903145 390569 188690 958861 286145 235463 274158 943019 656308 1076129 651515 317364 701924 1018487 844882 503119 529876 311774 489218 675504 602436 121788 926120 637601 315343 574896 678939 864770 280425 879237 331489 928105 1011441 144932 914454 375719 934625 545803 736892
288666 610782 757561 109359 447997 543852 601996 766508 171612 141399 867578 148558 663287 648199 483580 631890 808615 800707 438463 260495 206146 182226 472147 343132 613345 598786 330858 173911 275180 382739 899944 999999999 829597 153241 880739 560803 345906 308645 768725 730956 706988 465731 632749 515099 339039 967259 137387 814335 577753 565117 579719 485505 94730 376538 720134 130172 365920 324392 836214 538511 532953 164440 515366 711394 578850 818692 928473 635907 209194 817648 203543 573649 843155 787441 286712 466231 397108 411076 670423 512219 424480 411519 867284 220875 269479 744769 419680 300994 595688 673801 407011 866888 108114 295406 823403 427080 600361 421372 361969 184260
805474 288183 466677 722128 776523 584830 287601 502185 959913 728735 392776 956997 263060 559116 675365 209081 42258 268530 1019628 599473 979417 894450 552138 510443 459566 1012965 515707 754454 600773 481212 279879 829597 999999999 741552 318724 481819 508572 700007 390078 693404 222538 426174 515226 757253 542617 417329 750626 135509 342226 275175 545615 475620 805465 683411 536417 854355 542158 1032925 602929 313528 460673 782539 413881 262117 1056375 515339 504317 354938 932851 378730 970222 777030 554211 428130 869696 923607 474799 561479 162272 328183 494487 447323 378483 921752 608487 86588 630010 695674 979585 420255 936669 575175 888351 859275 375210 720406 229264 742899 534363 705926
397919 493790 612333 99839 536959 578046 486790 773454 220334 27138 846690 224349 544303 673181 543709 534828 714995 675016 579297 262947 237877 327913 323186 232047 469409 721886 225845 267138 287048 356896 855773 153241 741552 999999999 845191 416036 319831 379521 629953 779294 590965 440455 648021 594294 210765 941678 225132 706036 544031 467430 429347 484287 73881 441639 736759 271858 229418 307915 857760 433512 392144 49225 496190 669222 711085 824737 922964 611949 358967 680389 228697 652752 854757 645474 190483 587059 373909 433308 590766 413859 289418 298826 843759 367689 284934 655011 467114 369925 713323 666517 536711 880417 260448 191696 802163 277287 517241 274095 361942 246549
748143 531219 764590 789179 655656 438797 524219 245499 1040770 824260 83905 1026379 531564 361096 545443 423882 355064 580814 923498 620509 1068700 880101 767505 645218 721413 855748 641293 750575 608384 498911 52869 880739 318724 845191 999999999 726511 536465 647546 693217 455375 507059 415071 333326 608951 692321 109811 764469 451911 303947 461131 796662 407706 891160 602454 302342 857168 708374 1153099 319275 504350 693583 893273 366615 176853 913955 233343 187682 246866 913228 690225 1061929 605185 264551 733109 1013215 802903 483897 499247 327299 495530 681091 604188 69098 895547 614947 343689 539409 647809 818343 240022 839868 279023 903307 1006927 94175 919963 385095 939421 522222 712831
710287 199079 196784 463179 784274 700815 203983 784220 618590 420759 769062 632529 219359 750519 731422 303573 441881 298540 929956 474607 623306 708752 100196 255047 53658 1018735 273138 595601 495873 445655 710449 560803 481819 416036 726511 999999999 435621 635979 219608 892821 264502 478741 707780 810587 231705 836313 565688 384451 511425 269839 70684 558698 489597 667647 779650 653141 198169 630222 891761 230460 42415 433808 522134 570125 1031323 823744 875570 581353 745839 271761 612144 858419 863367 230299 456798 891557 456939 580503 399531 252626 146949 214449 759293 747305 500901 408921 651529 626691 997874 664374 865453 890106 659628 442488 731636 258729 345268 282188 501084 549571
313025 366587 601210 253153 351071 287314 354486 455460 504445 295896 529959 490096 416269 367092 297577 338143 495951 557715 538081 91971 533031 385878 400827 198758 471688 591423 182867 245882 92754 37841 554155 345906 508572 319831 536465 435621 999999999 216882 577181 491837 446475 122588 335766 375096 246247 627296 244519 526859 232603 282385 491975 168087 356916 234705 423256 347151 281077 624567 545035 278034 393814 369052 176930 365532 613215 506187 603192 295233 424320 614381 526665 424274 537632 609251 503753 471895 54285 149285 346362 242554 300697 221204 528087 413740 100449 429742 216387 209354 567486 346693 461544 563783 384873 501218 485390 485963 286365 497528 66289 197715
106145 583465 812248 280476 160655 246624 571368 484175 478327 352659 613861 450148 633039 353803 174972 549536 694018 774089 324065 161981 513880 237098 583231 382725 677229 382832 364603 135613 140147 229285 679320 308645 700007 379521 647546 635979 216882 999999999 792455 422920 662137 274152 348502 214856 418236 715426 171891 735827 373736 497596 684520 243859 373494 67973 430247 228183 455864 632564 539216 494911 595852 421191 298196 503023 398279 535306 653509 405711 267251 830737 511912 273490 553842 823413 565191 257146 230418 149792 541683 459392 491986 424943 617204 248457 135117 628376 119885 10038 363381 414260 245264 575354 280247 568869 572570 624699 491694 629569 168885 134167
880118 219572 79248 665561 924771 797625 232067 817244 837208 631778 755123 849868 184047 820627 852449 304794 348326 128077 1105214 639055 842694 902869 319697 437355 166993 1167696 453709 778525 655563 574271 662531 768725 390078 629953 693217 219608 577181 792455 999999999 966571 189890 577237 774641 936558 430339 798958 754300 258723 566625 319748 242142 655776 703834 810037 829625 849256 403085 847907 926283 305238 237863 651220 604467 574059 1190214 846367 867912 622381 941280 52357 831565 976407 887216 40484 674773 1048873 580295 704168 388419 340619 344255 376895 742510 939806 661937 349643 779910 784211 1142242 706232 1033744 912112 862098 660111 726370 467440 371474 490350 635975 729349
478268 751476 1016389 686870 320339 205141 739603 209964 901219 752349 379077 872904 782561 145970 248428 663106 712599 892869 563429 518467 936666 637444 881097 686970 915083 435049 672537 558533 493235 466113 506772 730956 693404 779294 455375 892821 491837 422920 966571 999999999 785781 414897 191960 247342 736503 456870 593617 795560 399958 651095 958223 336727 788296 354982 159336 644209 769587 1053591 170689 676960 850786 825856 371383 431482 502869 230853 342654 350690 656192 985933 934470 207184 217253 1005620 969743 430503 450718 350094 593370 646695 778517 691192 391440 632969 494720 665054 314252 430141 397010 274258 492050 222848 696854 970692 361840 977790 595344 989043 430972 549972
759326 97202 257721 597942 777662 628229 105073 628929 810564 584578 566286 814868 49053 640445 694442 124716 180932 113853 984555 524144 824107 811137 345679 364613 237705 1022267 376150 676209 534980 433797 479780 706988 222538 590965 507059 264502 446475 662137 189890 785781 999999999 417081 594147 779589 380434 614478 660437 122976 387326 164581 324969 490920 661871 667607 644071 762403 368000 858003 737675 173710 249970 624435 434592 384375 1052433 656931 678818 437512 850431 200699 813856 814069 697767 230373 687649 912168 435599 552705 199216 206662 311329 295912 553943 844572 542225 164437 628636 655143 993801 520283 907381 722505 785660 675367 536742 514946 193340 538150 495874 625571
380029 357701 616260 375632 363354 224071 345185 342919 626634 417247 407465 611423 399095 275925 277567 294848 422021 530875 594013 205950 655515 483595 467920 283091 503961 607237 271591 346407 196171 84747 435148 465731 426174 440455 415071 478741 122588 274152 577237 414897 417081 999999999 236908 362632 334317 504728 354076 472091 112633 258700 543431 80583 479483 260082 319159 452276 363583 746514 439706 273804 436518 489568 56726 247560 642013 391975 483275 172654 520138 606079 649215 399487 425935 613696 620863 504463 68960 139183 270045 240096 365484 277442 405502 506084 203253 357207 213473 270259 577659 228618 511689 452672 494799 617258 362889 579453 229685 593839 114420 303544
437167 560106 825149 565936 324438 109697 548335 135865 803635 622270 279381 780873 590618 46329 215277 471197 530233 702055 593077 387019 836665 585124 703966 518865 727257 525659 506374 473754 365388 303485 377266 632749 515226 648021 333326 707780 335766 348502 774641 191960 594147 236908 999999999 275681 569842 378256 499547 608922 208016 460039 774786 168058 671692 290460 88822 574927 600104 942658 209922 487437 666219 696777 186599 255220 581616 187526 305185 162732 613239 794109 832443 276240 210446 813745 836226 470049 286513 221846 403665 458387 601794 513543 286215 592790 369316 478729 229412 351879 488937 101006 510443 234646 625913 834741 244162 814693 403384 828230 286090 449312
239375 717920 969430 495331 74224 176560 705368 387862 679452 567377 551130 647930 761177 251792 85179 656559 763185 893302 326751 358107 715860 397345 772455 568525 845185 256491 551174 342086 332321 367090 652700 515099 757253 594294 608951 810587 375096 214856 936558 247342 779589 362632 275681 999999999 610956 646274 382240 826449 416313 620569 866735 290644 586582 155216 324832 412054 647949 838974 401456 631336 768637 635980 350900 512830 307191 430316 553468 409361 412556 967609 715229 58881 434041 971679 779793 197466 358366 233145 617824 596111 674491 596259 559335 388937 330256 702863 159235 224380 222361 373305 249290 448512 463822 783657 518689 832305 589791 838813 309523 348805
483356 283352 425293 235344 574120 532943 276771 675126 430139 206492 710389 435043 333559 605929 538966 333588 512785 465325 699870 257075 444443 477619 165135 51296 281175 799418 63991 364806 281294 270477 693334 339039 542617 210765 692321 231705 246247 418236 430339 736503 380434 334317 569842 610956 999999999 796753 334045 496924 411643 267895 269357 403714 282746 459623 653446 422440 37628 490317 773955 229491 198123 244720 389146 516676 806820 722449 802037 485600 515091 478760 434419 663835 758120 450944 330198 668943 286274 394763 402314 216399 86888 95758 704506 515918 284866 456347 456411 408475 781459 557052 637944 785072 432156 321334 667334 245136 328789 259893 311024 320117
811195 640921 871496 880339 701375 487894 633991 259887 1130984 919741 101618 1114534 640370 394654 593259 533654 455984 683637 969724 706987 1160203 951596 876429 748709 831050 880616 743816 827705 692482 589458 137516 967259 417329 941678 109811 836313 627296 715426 798958 456870 614478 504728 378256 646274 796753 999999999 845357 552437 397649 570518 906472 484855 984051 663883 322955 933418 814223 1249292 296830 613568 803270 990281 452341 280168 943408 226489 127075 332243 982677 793623 1153943 632703 242942 838547 1113932 843532 573534 571534 437094 603820 788774 710370 100052 963598 698566 450355 601034 716949 842535 301322 887890 246942 981548 1108248 144436 1027321 494383 1046456 605604 793491
172816 569083 757433 127313 318612 407568 558526 634449 308490 200376 744501 282647 621937 512794 346564 567331 735231 764185 369412 152551 343430 150824 492239 317294 614270 497543 300629 42301 157949 277243 788122 137387 750626 225132 764469 565688 244519 171891 754300 593617 660437 354076 499547 382240 334045 845357 999999999 755809 466426 504307 600121 360558 204986 239566 585980 104000 368963 460710 700628 486799 530749 260124 398096 601493 490611 686544 799115 517674 190071 799254 340929 441093 709492 779062 400935 362669 288640 279372 588467 455234 419470 378523 745366 185942 150824 669418 282591 163926 488243 547409 316553 732698 140969 406326 700935 493630 524107 493955 242448 51866
837716 215465 336997 704982 834796 662442 220599 616750 926301 697789 522730 928689 171870 654666 741903 189229 96850 133815 1059855 611793 941365 905129 468404 475940 352356 1077427 485584 767071 618826 507306 414922 814335 135509 706036 451911 384451 526859 735827 258723 795560 122976 472091 608922 826449 496924 552437 755809 999999999 413872 251796 441063 536350 775403 731377 643451 859324 487382 979242 721664 275911 372413 741639 475557 368897 1114055 635818 635325 446299 944343 243709 931334 853891 675776 295377 809641 976374 505419 611264 209449 302999 432148 407734 508867 936415 626394 130506 685049 729916 1046406 521823 979633 698250 886678 797566 501168 637496 244399 660756 566956 716714
479610 352935 617955 485245 434559 248595 341373 273783 736822 522167 303793 722675 382604 254051 333482 263592 346874 497035 683776 318477 764864 592948 521662 361224 525861 671183 353595 457338 308642 195199 322562 577753 342226 544031 303947 511425 232603 373736 566625 399958 387326 112633 208016 416313 411643 397649 466426 413872 999999999 253775 580537 135260 587618 346563 269654 563654 435027 851673 380439 284539 471198 592669 75714 135069 714199 316509 390480 74234 628697 586626 758194 440460 354773 605755 718352 582461 180674 226554 204496 258851 422985 336498 300074 613573 315638 287350 289854 371374 638308 153345 599819 381796 606961 713412 259562 652990 195474 669747 225079 415614
595405 100852 365305 456023 615023 477877 88702 520474 686832 455851 499698 685794 140614 505344 535765 67544 247578 277358 820324 362738 705240 654073 307210 235645 275787 859573 241949 516893 372053 269267 450492 565117 275175 467430 461131 269839 282385 497596 319748 651095 164581 258700 460039 620569 267895 570518 504307 251796 253775 999999999 340517 336288 533159 503774 522830 607658 270323 758118 629318 43977 233951 507603 284949 300353 888414 557303 605731 318187 693341 347380 695865 658155 597478 357291 596787 747927 271482 390753 141350 53701 229130 172309 490276 686075 379428 188680 466877 490661 831868 402684 742854 623905 634989 587021 461848 466116 76229 487098 331423 466343
752709 267493 195989 489228 836654 763749 273182 853753 618068 438320 839713 635889 282604 816958 789324 373235 504882 341987 968183 522539 618613 737871 108619 301916 88880 1067011 319988 632920 545239 505119 779864 579719 545615 429347 796662 70684 491975 684520 242142 958223 324969 543431 774786 866735 269357 906472 600121 441063 580537 340517 999999999 622741 501015 720477 847995 681413 232535 611065 960975 300904 109339 439421 588578 640810 1075988 893733 946248 651022 773681 293695 607245 916177 933237 240989 439464 937597 517391 639203 469489 322084 193100 272064 829907 777167 549674 475500 708353 674961 1047751 733700 907272 960023 682732 424208 802320 226175 415940 248771 558089 589237
348435 436241 696285 407729 301325 143534 423783 289192 653163 459218 383945 633849 475886 202223 205729 366977 477221 604237 548654 228708 684460 472626 544423 353163 584493 541537 339898 343609 210694 135466 436679 485505 475620 484287 407706 558698 168087 243859 655776 336727 490920 80583 168058 290644 403714 484855 360558 536350 135260 336288 622741 999999999 513685 211623 255176 449945 435234 784318 376958 353615 516400 533384 61883 259454 581500 340645 444133 162527 506378 683159 679270 323167 370592 692693 670720 448015 118594 94143 328731 320312 441837 354474 384918 489472 216095 414906 154739 242808 510095 188316 464618 396459 497125 668651 340420 647918 299563 660966 125093 308699
371851 564676 685670 106025 523591 592492 557254 801554 154876 77634 886856 153287 615733 692623 545330 600703 780480 747819 532858 285492 178509 276877 395821 299650 543040 688980 291402 246560 306308 394746 905065 94730 805465 73881 891160 489597 356916 373494 703834 788296 661871 479483 671692 586582 282746 984051 204986 775403 587618 533159 501015 513685 999999999 439571 760375 223823 302929 271048 879717 501155 466019 70311 533375 716968 671674 853466 957034 652137 303621 754259 171069 645463 881166 719225 197556 555279 410987 451523 651498 479458 362915 367670 884979 315604 302470 719180 474050 364667 684006 700149 498771 906070 201757 204549 842293 334916 578714 328056 388760 240143
147344 595528 835879 343783 116679 184423 583127 424927 546295 414572 562797 517984 642756 291265 107042 549702 681472 781011 337278 204113 581852 296412 622970 419526 705612 357671 401767 203563 178802 236267 637564 376538 683411 441639 602454 667647 234705 67973 810037 354982 667607 260082 290460 155216 459623 663883 239566 731377 346563 503774 720477 211623 439571 999999999 368731 293238 496983 700272 474514 507004 626389 484805 271465 468835 384869 475230 595335 367470 323064 845319 579864 212401 491634 842982 629237 245316 232355 121962 529910 471198 527416 453647 567255 302368 176114 617073 63142 75647 332851 364730 253574 512304 345717 632297 522992 677292 487520 683631 174147 199455
512985 620701 884959 654672 384433 184317 609484 63197 891301 711050 232676 867967 646208 78132 281073 524876 557525 747239 650662 475830 924576 665088 782209 602242 795447 558900 590475 558740 454096 390048 352162 720134 536417 736759 302342 779650 423256 430247 829625 159336 644071 319159 88822 324832 653446 322955 585980 643451 269654 522830 847995 255176 760375 368731 999999999 658065 682542 1031292 121782 554162 738801 785547 265488 275741 620694 107950 230961 207267 691405 844739 920502 309894 123817 869475 924749 522282 372899 309852 447083 527659 680773 592530 243108 670169 457938 513339 310363 434431 520981 123823 570576 146770 709622 923118 208184 898575 459458 912733 374817 536263
174118 669955 847732 192356 340350 474782 659682 710792 271544 253172 831959 237748 722925 581930 396681 671068 839204 864637 309323 255340 308221 56828 572796 412232 703515 470140 396524 106684 257821 378559 883346 130172 854355 271858 857168 653141 347151 228183 849256 644209 762403 452276 574927 412054 422440 933418 104000 859324 563654 607658 681413 449945 223823 293238 658065 999999999 454975 435338 767251 589015 620562 291930 492834 698488 448706 762306 878909 610557 92699 895488 309174 468855 781783 872233 416559 339055 388910 362108 692139 558037 509197 476258 833873 96669 250334 773364 347895 223640 468805 632845 277452 803483 52667 425509 789194 549145 628089 545455 338575 149879
