NAME : synthetic_000756
TYPE : CTSP-D
DIMENSION : 100
GROUPS : 8
RELAXATION_LEVEL : 1
EDGE_WEIGHT_TYPE : EXPLICIT
EDGE_WEIGHT_FORMAT : FULL_MATRIX
EDGE_WEIGHT_SECTION
999999999 575557 505701 477375 597475 632249 584444 726631 457824 719227 493933 498739 417570 354644 289548 331216 651271 230983 279544 575793 252770 668232 345333 773568 666960 345106 683805 241257 336162 253595 259721 312637 661315 156656 577399 407896 637084 629091 300432 182146 225364 304220 252404 146340 269121 488823 524269 334529 251123 367441 490648 382885 604980 517104 533640 314005 354521 317342 634237 377954 566077 642357 381092 300046 564868 319403 271455 246603 388526 345406 195045 625255 358554 466018 744199 379542 647392 402219 354827 507919 325978 692857 359283 576655 461720 215974 256818 664283 143161 393683 468623 289994 799670 493213 644377 475741 454096 388293 674866 99921
575557 999999999 875401 302388 930626 261353 166796 682965 119846 455938 436555 891352 631413 837162 863622 692760 634195 641367 831846 59581 476832 224233 858208 536442 1084458 919025 705765 815837 554020 450211 682230 314458 260673 675962 270639 200776 581938 687841 874816 522668 455595 794611 794698 721878 793822 862012 534239 573219 369536 209179 864535 782538 289431 959507 238581 446760 904160 440205 460605 934407 107003 833299 889222 778806 941699 553720 727714 776988 621611 894565 452385 77199 564977 750757 451108 539419 777508 255664 230033 878834 258809 311540 753184 80934 575041 790118 686795 976076 611976 460939 911273 346590 557311 367974 639061 912853 338046 895862 334638 502516
505701 875401 999999999 922681 96061 763786 782351 522280 767218 712814 503807 35714 259473 204473 464285 194582 471958 284116 621373 841694 407843 830890 726882 715543 210981 555816 443489 462985 321724 434853 740766 750071 1063724 357906 1001367 676024 504830 391556 533277 686588 439640 237374 629605 478556 666004 16884 435970 302251 528402 699228 15111 122824 715771 132263 692224 428682 666043 807726 609841 659971 922355 255061 245017 227927 67051 824958 731588 317994 259724 349573 682591 948535 313043 143399 748523 344360 321637 825550 665023 3513 642527 1107135 830557 918648 346457 455951 735308 164472 365565 427747 118450 538075 733239 563058 458900 109168 912663 243623 756290 592381
477375 302388 922681 999999999 999830 539239 444249 894475 275347 721943 618555 927315 728550 817518 750450 728160 831020 644430 662167 351926 526144 519221 654858 801154 1113730 777203 894355 702823 633604 501426 464280 173755 202516 623555 108229 343092 787714 860047 737875 338306 488957 767970 620616 607889 606753 906644 706342 647273 407354 270285 908957 807576 551605 969828 478249 534071 724486 199642 696133 759538 208794 962694 853358 758688 988741 300333 514572 721438 708095 822461 288506 287007 652779 830214 725589 643629 928556 102586 306309 925681 313560 221814 508450 236512 708531 680398 471009 1058260 579230 588915 919624 413988 825011 563767 831798 924587 41836 860562 612077 378638
597475 930626 96061 999830 999999999 795549 824585 499889 827546 721373 533211 118889 300199 298264 557377 275497 461334 371319 716719 892614 476997 865031 822390 713295 193126 647471 419340 557912 379556 503324 835922 828862 1131737 452384 1073896 734483 502443 375236 626647 777137 511950 333159 725487 574573 761969 112055 453065 361919 598358 765486 110796 215845 746446 189523 732589 487843 759985 894060 621830 752765 985263 207518 333023 323985 72054 916031 827387 413849 309156 438927 769591 1005559 366280 179869 757218 391541 287055 900779 729957 94901 709485 1176686 926274 979380 373607 551492 830563 68449 455735 472569 197269 603406 728231 597680 448199 186608 992189 330661 779378 681301
632249 261353 763786 539239 795549 999999999 96482 446644 268813 195130 262348 788177 504314 787838 892000 613332 412694 599755 911279 201862 433424 71675 964590 275383 973160 967135 485995 848903 459457 414268 816248 482016 520958 676479 528486 245723 357027 483299 922467 653719 434540 756218 881289 766969 891444 753940 348804 479673 381520 321443 756410 700203 49481 872855 98610 376157 986343 622862 220062 1010172 367110 654092 848685 736675 824794 729231 853342 765721 506438 884802 585143 326185 459818 623395 190161 423716 584042 462890 307858 767289 329391 571393 903991 342190 422055 823237 818590 826920 607354 341890 830342 343198 295962 200882 420701 828845 567419 854207 73861 595154
584444 166796 782351 444249 824585 96482 999999999 523470 178751 289467 300369 803409 525907 781158 857614 616232 480639 587035 859793 107303 416546 87911 904957 370052 993308 926599 553567 812418 465267 393527 747052 399088 427403 649209 432110 178938 426409 542611 881693 583421 408763 744874 827211 725318 833955 770889 395807 485615 340476 244218 773408 705686 123259 882028 92656 368218 934586 538808 297920 960694 271372 702204 839273 726516 846200 647976 786943 744196 522657 864118 513189 235860 470362 647144 286471 437999 638576 371703 238876 785860 264599 478180 830702 247133 454095 786438 750061 862444 580620 354676 836777 305418 391427 231225 486940 836523 473619 845285 170336 535069
726631 682965 522280 894475 499889 446644 523470 999999999 632295 284513 277864 557098 341501 658295 872891 487906 75369 549854 972258 626338 476912 514537 1060446 240679 692470 967087 80553 846629 395402 483444 979710 767929 938963 667882 921304 551985 106804 131553 929520 847031 511232 655191 959150 803664 985038 522088 207104 402733 540742 625219 523787 535276 403664 654438 444619 423700 1039478 892286 226916 1049155 777077 298248 719952 634776 558696 969337 997475 709516 367721 802303 799084 757081 375055 395604 315131 348215 214638 796170 590882 525017 590439 989995 1079711 757967 268442 826829 978253 497800 616489 343724 631759 513233 247027 331337 82944 624818 908441 722217 392750 752961
457824 119846 767218 275347 827546 268813 178751 632295 999999999 446714 365183 781231 531706 719553 744878 580597 574550 524421 719470 121910 363186 263279 752145 525810 974436 802307 642605 697284 448235 336189 583260 223547 316972 556164 289023 94092 526721 616483 757868 420485 339213 676264 683495 603953 685078 753211 460272 466566 251549 90387 755716 669717 276817 845875 203029 339909 792749 361434 424026 821921 159514 746511 770659 660851 834004 472157 626312 657290 518890 774741 349419 183872 461454 648260 451403 439784 698167 194077 110563 770597 139081 366549 661465 151845 485809 671480 587082 876512 492458 366715 797087 231669 549728 302337 577264 799129 300248 777357 339832 389380
719227 455938 712814 721943 721373 195130 289467 284513 446714 999999999 240611 742946 466184 787182 942495 603711 276588 622184 995257 396359 480395 250180 1063779 80607 911145 1027748 343965 904974 459517 470799 938040 639695 716002 722105 720307 396552 224834 361596 984762 782062 497398 766394 971218 836160 987934 706795 278194 476872 477007 477897 709042 679523 170902 836545 244991 415567 1069079 779019 104289 1087773 560782 545997 850934 745472 765252 877492 968649 795620 479398 908267 718967 521192 450260 569865 35868 411790 465760 637083 453947 716137 467339 766495 1032467 536540 372303 880828 938984 737989 656204 348855 801289 438850 103160 226014 288137 797323 746392 855254 124634 706684
493933 436555 503807 618555 533211 262348 300369 277864 365183 240611 999999999 529811 245116 551682 702676 369584 212477 381652 763853 386602 245388 332036 838900 282249 711930 789186 277912 666108 220474 240455 730983 490514 680160 482552 652443 278607 171505 252421 746722 586055 268575 528021 742715 601038 762541 494830 97698 238766 273302 348469 497258 451003 213358 617993 208181 181105 836537 617592 143329 853278 518892 401992 614958 507268 563499 700409 755713 555057 251414 668350 531862 513623 213660 362054 272259 175118 341385 519167 313488 507290 312589 730481 829231 503684 159733 642369 730729 565871 417763 108531 578195 241257 307804 69651 213673 575618 631172 619650 253687 498695
498739 891352 35714 927315 118889 788177 803409 557098 781231 742946 529811 999999999 284717 179974 438559 202446 505712 284266 599304 859451 419389 854420 705204 747604 193228 528621 478562 440066 339743 446523 727214 754015 1073384 347176 1008662 691167 537394 426130 507870 680583 449133 217697 609452 461714 646340 36274 465322 319775 538613 710620 34161 120142 740602 97402 714169 444915 641357 805716 639538 633888 934798 290498 214922 210918 66374 818048 715827 298277 282105 320504 680277 963576 333067 173170 778556 366198 357318 831594 677200 33677 653774 1115920 815059 932109 374191 434611 721486 185370 361497 449566 83759 550645 765702 587294 492699 74069 915737 212952 783052 588458
417570 631413 259473 728550 300199 504314 525907 341501 531706 466184 245116 284717 999999999 328462 531420 148622 271618 211939 637989 592476 207440 571638 731484 482310 469280 625808 280874 506081 96503 229251 677291 565835 842094 331087 791722 437837 283651 222352 588833 571253 247392 317710 628941 469909 657925 249912 189353 87981 321372 476939 252360 214011 456336 373667 434656 196784 702467 657663 361898 710140 690754 239079 392170 296828 321216 707157 686187 368134 29243 465036 542023 706937 75871 121279 501123 92141 230263 626546 440134 262975 423045 888888 776720 683075 94112 487090 674315 345096 288248 172419 335816 317199 503500 303637 260814 332444 727513 395649 498562 470953
354644 837162 204473 817518 298264 787838 781158 658295 719553 787182 551682 179974 328462 999999999 259829 183571 594215 196331 419569 816118 365956 846501 525579 809551 315507 352028 586964 260153 332441 390860 559203 644835 983889 198268 909227 638660 611571 528943 328811 534627 381960 50456 431031 289318 468334 190954 515741 313300 468009 637726 191381 124268 744758 165083 700393 414017 461793 671573 683593 455535 861216 438163 63918 59683 241824 667077 543347 123310 309969 151235 547578 902924 338087 268954 820949 376694 487218 729788 609574 204818 582367 1021785 642615 863789 420872 255573 552920 365326 239225 450593 120408 491447 831330 593939 582330 129595 799589 68078 799513 452306
289548 863622 464285 750450 557377 892000 857614 872891 744878 942495 702676 438559 531420 259829 999999999 387917 801959 327676 174693 860356 465497 937015 278414 981963 536846 95749 810101 48497 492819 480409 368967 596073 943123 220458 855191 686949 806413 751069 69452 417528 458013 234933 199882 144860 237441 450721 697825 479644 517140 654653 451187 370346 857658 399144 794909 529186 203561 566302 845302 195715 855246 689366 230532 251467 497145 520183 336398 164987 505388 129607 462150 914738 508365 509930 972426 543368 728188 685686 638678 464579 609421 970851 429441 866177 611096 73617 361160 623602 287767 594147 367646 552826 1006432 723807 791656 378241 721394 234942 923109 377722
331216 692760 194582 728160 275497 613332 616232 487906 580597 603711 369584 202446 148622 183571 387917 999999999 419613 100233 509296 663912 217664 675281 608437 626534 394804 483296 422560 366963 153891 244786 583154 555770 870983 206946 807150 492027 431942 363524 448651 506269 246687 169116 506027 345653 538357 178739 332807 133768 336193 508395 181100 90140 568437 267539 530753 249689 568879 618838 500042 573048 732894 320771 247437 148209 261028 645568 583186 223098 127312 316415 494775 763726 156186 137899 637605 194530 345018 630998 475342 197628 451533 913723 679122 730834 238528 350466 578843 339073 188220 272137 220843 349252 648642 415650 408473 221262 718629 251603 620005 408416
651271 634195 471958 831020 461334 412694 480639 75369 574550 276588 212477 505712 271618 594215 801959 419613 999999999 477205 898119 579524 401662 483220 985619 253699 654312 895637 73348 774532 320724 408580 904461 699224 886011 594626 863118 490485 55834 87525 857459 772712 436252 588122 884498 729606 910108 469888 133368 328692 468202 560868 471783 472805 366295 602938 396120 349154 965843 821160 195862 976130 723993 272086 656793 567445 514530 896177 922107 639505 296658 735526 725779 709858 300740 337982 310921 273101 189993 731401 525613 474926 523279 936803 1004488 706487 194153 754291 902971 468806 542103 269718 576475 442003 267186 272254 13173 570271 843192 659465 368244 678150
230983 641367 284116 644430 371319 599755 587035 549854 524421 622184 381652 284266 211939 196331 327676 100233 477205 999999999 426119 619788 170585 655362 520872 656685 469447 419569 492574 297572 165676 194827 484232 470775 798625 119149 729186 442407 479050 434236 380475 406922 185825 157849 418169 258375 448382 267422 370171 151969 273091 444612 269536 164128 559041 328419 509017 223599 490731 523695 522094 499355 669328 416403 252345 139683 347902 546168 486241 173453 183689 288074 398728 708140 180689 236230 653825 216069 431918 550644 415037 286771 388516 838998 581071 670480 284376 277088 480144 436614 88091 274219 278331 295229 680668 413084 467545 282185 631777 258473 618296 310069
279544 831846 621373 662167 716719 911279 859793 972258 719470 995257 763853 599304 637989 419569 174693 509296 898119 426119 999999999 840692 518500 944991 106125 1045821 710431 133260 918179 159680 577751 525014 222300 532331 863207 307019 770240 681383 892774 860113 114221 326149 497959 384325 41940 168632 69731 606483 780121 569531 530609 630760 607318 514711 884520 569708 812710 582838 75064 464832 906382 102562 802179 826642 400635 396125 661170 392395 179141 304415 609498 303811 388506 870691 597379 643004 1021404 626795 853997 617336 624516 622158 596813 883370 262250 818146 703982 165662 214132 784395 356184 658651 534557 569524 1071563 769620 889377 544845 627317 405723 954371 330090
575793 59581 841694 351926 892614 201862 107303 626338 121910 396359 386602 859451 592476 816118 860356 663912 579524 619788 840692 999999999 451543 168292 874029 476868 1051941 920857 651651 813279 520079 425746 703927 340008 320101 664273 328338 178465 526534 636026 876222 541686 434572 775558 805039 721271 806947 828922 484159 539820 352954 210037 831452 754038 230224 931433 183445 414966 914199 473148 402695 943053 165577 786523 870506 758784 907342 585828 747565 763789 584787 882735 470661 130748 529191 713013 391772 501198 727974 293414 221700 845164 250939 370886 779961 140328 530742 787338 707936 935556 598162 420418 884084 325192 497795 317236 584873 885032 385183 876952 275286 510687
252770 476832 407843 526144 476997 433424 416546 476912 363186 480395 245388 419389 207440 365956 465497 217664 401662 170585 518500 451543 999999999 486365 595515 527540 612275 548044 440817 425866 110971 27139 502800 359780 656184 245907 596935 276215 384652 389892 504690 376414 40163 328366 498029 356189 519150 393046 272219 121958 121378 291461 395512 306531 395328 482915 340265 64873 591165 451274 388252 608293 515415 446395 422928 310230 474894 507613 521492 332298 183947 451502 339117 546665 132706 304168 508839 138342 428784 425439 257816 411119 234704 700271 602830 513173 219875 401248 501355 533070 177732 141323 434469 131623 553175 258499 395735 436204 522500 429034 458603 278689
668232 224233 830890 519221 865031 71675 87911 514537 263279 250180 332036 854420 571638 846501 937015 675281 483220 655362 944991 168292 486365 999999999 991938 327686 1040893 1008443 556422 892601 521855 465213 834944 485590 476142 725132 494836 265752 427445 554783 963575 671321 483052 812835 913026 807310 920510 820603 420082 542212 420967 332077 823090 763267 120873 937414 146351 432697 1019910 624589 289118 1045427 331045 725693 906305 793769 892683 734566 874701 817562 572327 937263 601099 278679 523800 691533 237173 488684 655694 453381 326373 834399 351566 525417 918520 304006 491428 866708 837932 897483 656107 405858 893957 384314 345295 268166 491501 892866 551105 912045 126098 621840
345333 858208 726882 654858 822390 964590 904957 1060446 752145 1063779 838900 705204 731484 525579 278414 608437 985619 520872 106125 874029 595515 991938 999999999 1118901 815189 218680 1009851 265804 665056 598446 190962 547533 857334 402946 762594 726203 976575 952483 213160 336400 570406 489611 102719 263122 76384 711851 863476 658659 590008 666884 712730 618627 942026 675484 866837 658301 98177 455378 979564 132622 815844 927731 506367 500791 767247 363490 140495 409328 702577 408013 405920 888757 685729 743855 1087918 712704 951776 625897 666327 727724 640411 871641 188930 834713 792149 270931 183970 890180 444907 736827 640659 629059 1145002 837877 977521 650957 616672 511344 1013117 370190
773568 536442 715543 801154 713295 275383 370052 240679 525810 80607 282249 747604 482310 809551 981963 626534 253699 656685 1045821 476868 527540 327686 1118901 999999999 905689 1070025 311459 946809 491282 521277 1000987 713991 796341 762780 800837 471839 211463 341215 1027999 847942 548924 793328 1023935 883272 1042667 711344 293812 506785 538383 553181 713446 695948 251079 843455 323225 463003 1118699 852252 139496 1135516 641384 525190 873455 772249 763116 948268 1029446 829475 499588 938198 786831 601120 478803 575154 92044 441451 442086 714870 527506 718716 539030 846761 1096929 617091 388831 923459 1001505 722505 699220 389540 811847 501343 26438 284590 266568 806903 824865 877240 203678 768510
666960 1084458 210981 1113730 193126 973160 993308 692470 974436 911145 711930 193228 469280 315507 536846 394804 654312 469447 710431 1051941 612275 1040893 815189 905689 999999999 611746 611927 554035 531880 639414 871942 939999 1264729 510533 1198022 884366 694479 568357 603965 848425 641146 364828 729778 601303 767885 223077 638452 512129 730820 903189 220547 308344 924781 150496 903033 637848 736170 981471 810122 719984 1127657 396959 312391 367004 148431 982210 852491 436755 470655 407259 856302 1156797 523887 349894 947012 555309 478671 1019918 870072 207476 846325 1306553 951074 1125225 552945 556645 865348 205582 538655 638668 198344 743683 921005 772794 641165 191563 1100000 306558 962680 762089
345106 919025 555816 777203 647471 967135 926599 967087 802307 1027748 789186 528621 625808 352028 95749 483296 895637 419569 133260 920857 548044 1008443 218680 1070025 611746 999999999 905128 123233 583509 560654 354085 634604 975413 307361 884341 751967 898591 846116 44908 438942 536529 330004 172053 201281 202951 542816 788968 571217 587529 712014 543149 465395 935119 481439 869094 612578 127064 584065 932340 108336 900891 784565 316082 346951 584898 520636 312277 260613 599383 210409 493834 964901 599946 605592 1056770 634063 823933 722706 699896 555914 670980 999012 393838 914262 703813 146920 345917 712679 371592 680893 454267 624785 1094837 806336 885525 465010 744658 319515 1002205 420103
683805 705765 443489 894355 419340 485995 553567 80553 642605 343965 277912 478562 280874 586964 810101 422560 73348 492574 918179 651651 440817 556422 1009851 311459 611927 905128 999999999 786450 347926 451409 940904 756835 955852 611637 930337 556425 128987 59041 869025 816453 477913 587132 907679 749746 935364 443932 188612 351911 519614 624126 445555 463056 439642 575747 468208 394664 983272 874217 268428 990953 793976 218452 647584 567145 478511 943962 955229 645565 308886 733382 773609 781742 325992 320816 377184 305070 134587 793700 588122 446149 583689 1006493 1041084 777105 222426 767828 938862 418026 564990 319072 554579 496616 321005 341172 66781 547327 904741 649495 440484 719484
241257 815837 462985 702823 557912 848903 812418 846629 697284 904974 666108 440066 506081 260153 48497 366963 774532 297572 159680 813279 425866 892601 265804 946809 554035 123233 786450 999999999 460669 439401 333060 547685 894931 184134 807267 640636 776233 727564 82927 371329 416055 227126 175743 96383 213854 448432 666175 448754 472047 606994 449163 360446 815540 411031 751387 490177 205425 520198 809210 206265 806796 677022 242378 240730 501559 478020 304653 149431 479054 152604 414388 866505 477458 494961 934250 511191 710863 637326 591579 463644 562355 922960 400806 817818 581941 26021 325516 625334 248787 557759 374981 508288 971607 684346 764664 385230 674199 247820 881804 329320
336162 554020 321724 633604 379556 459457 465267 395402 448235 459517 220474 339743 96503 332441 492819 153891 320724 165676 577751 520079 110971 521855 665056 491282 531880 583509 347926 460669 999999999 132997 594494 469639 753412 277446 699589 355695 316404 292936 543198 479939 151001 307547 563785 409476 589746 308843 205510 20398 226270 387116 311373 241454 414601 416863 378096 108339 646380 561757 357943 658230 605707 335429 395243 286803 387750 614196 607449 338202 74531 448839 447507 627803 22999 201310 492134 50570 320676 531960 351047 325182 331897 799234 694555 600075 127163 438816 592129 431096 221571 118543 372341 225477 515111 262175 312469 371636 631684 400147 467283 380216
253595 450211 434853 501426 503324 414268 393527 483444 336189 470799 240455 446523 229251 390860 480409 244786 408580 194827 525014 425746 27139 465213 598446 521277 639414 560654 451409 439401 132997 999999999 497565 336646 629362 262509 570815 249748 388029 402316 516814 365168 28486 352172 502669 365724 522090 420103 276995 145853 95181 264397 422572 333556 377777 509784 319628 61046 598486 432743 381783 616995 488278 467469 446972 334459 501903 493557 518697 352375 207102 472051 323875 519750 153614 329496 498082 153933 446395 400293 230679 438137 207673 673630 597206 486061 233083 414349 496551 558814 193523 141980 461221 104559 547199 246393 403429 463057 498777 453185 442703 269572
259721 682230 740766 464280 835922 816248 747052 979710 583260 938040 730983 727214 677291 559203 368967 583154 904461 484232 222300 703927 502800 834944 190962 1000987 871942 354085 940904 333060 594494 497565 999999999 367982 666654 384045 571823 571546 885587 887183 326419 163672 469315 512989 182058 270645 155220 724252 774261 593815 462626 503525 725724 620592 800119 722941 721417 558387 269718 265179 864303 306322 631731 899769 561867 516772 793193 174370 50475 436091 648240 484553 234390 706673 617143 720393 958220 635849 907040 440779 509652 742457 486881 680688 100184 652117 718478 322364 8173 904138 396803 639420 679595 499806 1027420 716402 898407 688588 425807 568308 871895 232763
312637 314458 750071 173755 828862 482016 399088 767929 223547 639695 490514 754015 565835 644835 596073 555770 699224 470775 532331 340008 359780 485590 547533 713991 939999 634604 756835 547685 469639 336646 367982 999999999 348696 452725 266170 243397 661975 716704 592589 211233 321102 595589 492795 451374 487124 733915 568650 481728 246289 162516 736203 634143 478878 796151 398679 376644 601448 140934 592240 633950 270108 803282 682456 585764 815868 248977 414182 552199 543537 657429 143975 341299 490057 662164 651293 485394 776039 89771 186657 753027 179345 380978 440119 287516 556460 523777 372728 888550 406047 440918 745937 261573 739614 447247 698064 750855 163459 689638 547956 218369
661315 260673 1063724 202516 1131737 520958 427403 938963 316972 716002 680160 1073384 842094 983889 943123 870983 886011 798625 863207 320101 656184 476142 857334 796341 1264729 975413 955852 894931 753412 629362 666654 348696 999999999 797428 95030 409684 835682 932338 935018 537774 624371 936013 821860 798898 808884 1048638 776330 770203 535322 366358 1051077 956416 550076 1127013 495092 646204 926526 402153 719598 961370 162050 1062564 1025859 924243 1130744 500332 716994 898305 826565 1005711 482371 197529 769091 954712 709558 751252 1015137 259133 402434 1066959 422267 51107 707133 181712 801899 871479 673439 1184486 745130 681917 1076955 528386 816626 614717 889726 1080648 241167 1032970 593459 566222
156656 675962 357906 623555 452384 676479 649209 667882 556164 722105 482552 347176 331087 198268 220458 206946 594626 119149 307019 664273 245907 725132 402946 762780 510533 307361 611637 184134 277446 262509 384045 452725 797428 999999999 718713 486575 593711 553361 266099 337918 242276 147813 300259 139873 331727 341217 482842 266625 312189 468696 342805 236694 640242 360511 580785 309024 371855 473305 625455 381549 685568 527686 229842 143529 413550 472947 379194 102066 302766 218698 349445 735361 295153 344309 751968 327815 548838 539970 446077 359779 417163 832814 476802 691626 400864 161517 378954 520421 69141 374073 312268 344369 787522 503705 585298 319619 603722 237040 704412 254091
577399 270639 1001367 108229 1073896 528486 432110 921304 289023 720307 652443 1008662 791722 909227 855191 807150 863118 729186 770240 328338 596935 494836 762594 800837 1198022 884341 930337 807267 699589 570815 571823 266170 95030 718713 999999999 374450 815719 901655 844572 445739 562411 860442 728734 711719 714978 985789 745655 715059 475653 316393 988174 890057 550106 1057074 485324 594968 832714 307702 710084 867760 163843 1019596 948288 849841 1068098 405357 622197 818369 773823 922752 393161 229267 716984 899786 718580 703009 978196 179448 353782 1004499 368736 115741 612400 191432 760600 784339 578655 1129475 670012 639766 1006848 474615 822968 591115 865487 1011160 146165 955456 602327 480274
407896 200776 676024 343092 734483 245723 178938 551985 94092 396552 278607 691167 437837 638660 686949 492027 490485 442407 681383 178465 276215 265752 726203 471839 884366 751967 556425 640636 355695 249748 571546 243397 409684 486575 374450 999999999 445386 527276 707093 408485 256729 597459 648430 550970 655025 662339 371213 374402 174665 81381 664856 581768 236644 758739 156097 247602 756063 383563 355971 782618 253588 653003 692370 580938 742600 486163 609984 585587 425525 704759 339503 272526 368217 554955 407950 345838 606224 247804 62149 679433 85817 458638 658336 245264 392291 614618 574159 782785 419980 272786 710564 147222 497188 220814 492192 712092 360148 698862 307039 356181
637084 581938 504830 787714 502443 357027 426409 106804 526721 224834 171505 537394 283651 611571 806413 431942 55834 479050 892774 526534 384652 427445 976575 211463 694479 898591 128987 776233 316404 388029 885587 661975 835682 593711 815719 445386 999999999 136859 858988 748045 416332 601011 876704 725097 900521 501199 113112 327481 438554 518417 503244 493313 310906 633823 343431 327230 962315 787831 140169 974616 673643 321201 675017 580040 551659 867428 905974 646667 305386 748095 697650 657116 298791 365944 259901 266426 241190 689370 484135 507959 484041 886611 985148 655384 195742 754853 884572 514766 537021 246223 604083 409439 228414 224982 65214 598625 801654 678210 312617 656130
629091 687841 391556 860047 375236 483299 542611 131553 616483 361596 252421 426130 222352 528943 751069 363524 87525 434236 860113 636026 389892 554783 952483 341215 568357 846116 59041 727564 292936 402316 887183 716704 932338 553361 901655 527276 136859 999999999 810101 766282 427985 528361 850166 691809 878265 390904 156230 295683 475516 590780 392644 405292 435115 523525 453686 347726 924817 829872 273983 932227 771261 184952 589961 508309 430608 895847 900290 586524 250625 674794 725906 764644 270583 264306 396480 252394 104391 758415 554058 394365 547229 982518 987306 756062 170044 709065 884931 381295 507836 275986 500234 455245 354351 319937 74787 493349 868247 592020 445554 668326
300432 874816 533277 737875 626647 922467 881693 929520 757868 984762 746722 507870 588833 328811 69452 448651 857459 380475 114221 876222 504690 963575 213160 1027999 603965 44908 869025 82927 543198 516814 326419 592589 935018 266099 844572 707093 858988 810101 999999999 400092 492429 301837 147093 156375 182142 519537 748702 531510 542682 667543 520051 436920 890677 467977 824375 569352 134178 546658 889979 127373 857931 755284 299709 317357 566597 488275 288127 228036 561901 197147 452850 921323 560198 574447 1013523 593679 791552 681093 655162 533626 626219 959574 375729 870946 664830 104646 318326 692984 328959 638603 437045 579996 1052946 762761 847582 447653 706139 303969 957951 376998
182146 522668 686588 338306 777137 653719 583421 847031 420485 782062 586055 680583 571253 534627 417528 506269 772712 406922 326149 541686 376414 671321 336400 847942 848425 438942 816453 371329 479939 365168 163672 211233 537774 337918 445739 408485 748045 766282 400092 999999999 338566 484436 285331 280464 276712 669705 639934 483785 313063 339866 671594 563819 639190 698261 559841 423603 392509 148869 713605 426112 480532 805720 555796 481433 746595 139299 205878 420768 543506 504549 71068 552531 502919 636572 800609 514484 800265 292425 346451 688902 324428 560119 251323 498672 596287 351049 166962 843210 321419 503330 650185 347838 874357 564344 768075 657494 306052 562901 710899 100427
225364 455595 439640 488957 511950 434540 408763 511232 339213 497398 268575 449133 247392 381960 458013 246687 436252 185825 497959 434572 40163 483052 570406 548924 641146 536529 477913 416055 151001 28486 469315 321102 624371 242276 562411 256729 416332 427985 492429 338566 999999999 341016 475052 340117 494072 424384 305048 161229 89755 262510 426810 333462 399664 507863 338513 89520 571681 411113 409454 590741 487557 486420 435978 324251 506590 468460 490230 335440 223443 455359 299488 523077 172852 341455 524168 177539 468761 389004 230888 442837 205720 667498 569031 487007 258220 390747 468244 569378 173159 170394 458629 109508 574909 272261 430894 461116 484190 442397 465806 242102
304220 794611 237374 767970 333159 756218 744874 655191 676264 766394 528021 217697 317710 50456 234933 169116 588122 157849 384325 775558 328366 812835 489611 793328 364828 330004 587132 227126 307547 352172 512989 595589 936013 147813 860442 597459 601011 528361 301837 484436 341016 999999999 392345 244738 428956 222241 500277 289602 425075 593048 223134 135423 714491 214343 666489 380392 432012 621117 663785 429197 815582 454562 94965 21085 282305 617405 499173 80729 295911 147420 497150 859099 316214 276944 799406 354612 496263 681056 565920 238314 538267 973377 598493 818909 406914 218725 506911 401278 190885 423791 167857 450377 815952 565869 576766 176274 749641 101403 771694 401861
252404 794698 629605 620616 725487 881289 827211 959150 683495 971218 742715 609452 628941 431031 199882 506027 884498 418169 41940 805039 498029 913026 102719 1023935 729778 172053 907679 175743 563785 502669 182058 492795 821860 300259 728734 648430 876704 850166 147093 285331 475052 392345 999999999 160492 38131 614218 763698 556895 502116 595419 615211 518786 855961 586163 782878 561660 109464 423030 884445 141168 762842 825732 417939 402248 672726 350836 141231 311638 600077 326089 348834 832095 584187 641849 996511 611905 849096 577102 590610 630613 563331 841698 229993 779258 690733 175629 173887 793621 342974 639057 548593 541189 1049868 745241 876206 558617 585584 423478 926336 294517
146340 721878 478556 607889 574573 766969 725318 803664 603953 836160 601038 461714 469909 289318 144860 345653 729606 258375 168632 721271 356189 807310 263122 883272 601303 201281 749746 96383 409476 365724 270645 451374 798898 139873 711719 550970 725097 691809 156375 280464 340117 244738 160492 999999999 192983 462559 612743 400958 386531 513568 463778 363174 736113 452389 668697 421038 237318 428889 744220 252246 710759 665756 292164 251020 526876 396514 254442 166008 441270 225739 319401 771211 428886 481934 863793 458816 688662 541050 499817 479894 470748 827450 353766 722120 535454 72626 264111 643014 188085 494312 409681 424087 908713 612089 720799 418905 580182 298782 804125 233007
269121 793822 666004 606753 761969 891444 833955 985038 685078 987934 762541 646340 657925 468334 237441 538357 910108 448382 69731 806947 519150 920510 76384 1042667 767885 202951 935364 213854 589746 522090 155220 487124 808884 331727 714978 655025 900521 878265 182142 276712 494072 428956 38131 192983 999999999 650494 787412 583783 515112 598367 651530 554047 867912 624095 793402 581918 117809 407655 903302 153472 757011 858697 455984 438340 709885 328054 109964 348229 628898 364127 343585 828014 610626 674901 1012328 637079 880098 569038 595931 667070 569403 826678 193624 774555 716895 213232 147130 830188 370431 660466 586244 554204 1068751 761973 902142 596225 570428 461548 938798 298975
488823 862012 16884 906644 112055 753940 770889 522088 753211 706795 494830 36274 249912 190954 450721 178739 469888 267422 606483 828922 393046 820603 711851 711344 223077 542816 443932 448432 308843 420103 724252 733915 1048638 341217 985789 662339 501199 390904 519537 669705 424384 222241 614218 462559 650494 999999999 429288 289168 513344 684499 2530 105942 706159 133051 681145 415255 651970 790978 603456 646436 907934 261136 234065 212223 82310 808075 715351 302715 248630 337740 665817 934866 300946 136958 742422 333094 324734 809728 650486 19352 627749 1091863 814269 904505 338549 440946 718824 180502 348696 416525 112863 523604 729482 553091 456902 104472 896407 233059 747824 575533
524269 534239 435970 706342 453065 348804 395807 207104 460272 278194 97698 465322 189353 515741 697825 332807 133368 370171 780121 484159 272219 420082 863476 293812 638452 788968 188612 666175 205510 276995 774261 568650 776330 482842 745655 371213 113112 156230 748702 639934 305048 500277 763698 612743 787412 429288 999999999 218223 334950 436340 431576 403364 299339 558408 304406 216809 850045 688455 174312 862949 615505 306990 579646 479193 490936 762813 793711 540494 205776 646069 592428 611318 189541 292621 313584 155034 243847 605365 400033 439345 395097 826425 874058 600839 95325 644285 773056 479519 424767 136620 523254 309571 315852 166939 130316 519176 716208 583455 326500 546231
334529 573219 302251 647273 361919 479673 485615 402733 466566 476872 238766 319775 87981 313300 479644 133768 328692 151969 569531 539820 121958 542212 658659 506785 512129 571217 351911 448754 20398 145853 593815 481728 770203 266625 715059 374402 327481 295683 531510 483785 161229 289602 556895 400958 583783 289168 218223 999999999 240398 403846 291696 221075 434669 396483 398494 126802 637204 570175 374697 648083 623563 326478 376336 268744 368483 619308 605109 323029 62305 432071 454057 646721 28735 184834 509804 65446 316665 546015 368097 305697 348214 815679 693669 618363 134557 427451 591182 414715 213945 138410 351946 241863 530304 282003 319846 351239 644335 381137 486834 383616
251123 369536 528402 407354 598358 381520 340476 540742 251549 477007 273302 538613 321372 468009 517140 336193 468202 273091 530609 352954 121378 420967 590008 538383 730820 587529 519614 472047 226270 95181 462626 246289 535322 312189 475653 174665 438554 475516 542682 313063 89755 425075 502116 386531 515112 513344 334950 240398 999999999 172799 515788 423217 353974 597392 282948 130589 605620 354663 401936 628808 397896 557442 519711 409391 595424 428895 491751 410922 300785 530139 259196 435102 245530 424573 499234 239114 530206 305725 141965 531638 116079 579043 559145 397802 311424 446091 463125 653985 245318 200543 548025 39106 564813 253793 465159 550660 406448 526336 424220 230171
367441 209179 699228 270285 765486 321443 244218 625219 90387 477897 348469 710620 476939 637726 654653 508395 560868 444612 630760 210037 291461 332077 666884 553181 903189 712014 624126 606994 387116 264397 503525 162516 366358 468696 316393 81381 518417 590780 667543 339866 262510 593048 595419 513568 598367 684499 436340 403846 172799 999999999 686967 595918 316430 770142 236168 280381 704434 303171 435697 733071 225120 703204 686793 578495 766275 407842 544565 570317 460528 686868 269278 266918 403169 588388 488866 387195 663129 170966 37421 702518 56865 412223 586495 226078 444562 581214 506777 818212 406506 323784 720701 162081 578558 296152 561533 723420 283371 693608 385875 300919
490648 864535 15111 908957 110796 756410 773408 523787 755716 709042 497258 34161 252360 191381 451187 181100 471783 269536 607318 831452 395512 823090 712730 713446 220547 543149 445555 449163 311373 422572 725724 736203 1051077 342805 988174 664856 503244 392644 520051 671594 426810 223134 615211 463778 651530 2530 431576 291696 515788 686967 999999999 107792 708619 131162 683656 417778 652574 793053 605728 646901 910420 261993 233926 213315 79932 809926 716678 303663 251136 337799 667874 937381 303472 139188 744676 335606 326019 812080 652967 17324 630214 1094284 815620 907005 340913 441812 720278 179242 350642 419037 111736 526089 731545 555565 458788 103207 898671 232842 750230 577513
382885 782538 122824 807576 215845 700203 705686 535276 669717 679523 451003 120142 214011 124268 370346 90140 472805 164128 514711 754038 306531 763267 618627 695948 308344 465395 463056 360446 241454 333556 620592 634143 956416 236694 890057 581768 493313 405292 436920 563819 333462 135423 518786 363174 554047 105942 403364 221075 423217 595918 107792 999999999 654508 177400 619437 339769 565852 686381 575266 564202 820833 319202 184704 119789 184258 702137 613616 211179 200636 273915 561039 853110 240589 144861 714185 277748 363807 712436 563547 125089 539082 998231 712089 819442 308087 349513 615371 283746 243059 358324 131093 438114 716713 501023 460654 131161 795670 186961 703641 470070
604980 289431 715771 551605 746446 49481 123259 403664 276817 170902 213358 740602 456336 744758 857658 568437 366295 559041 884520 230224 395328 120873 942026 251079 924781 935119 439642 815540 414601 377777 800119 478878 550076 640242 550106 236644 310906 435115 890677 639190 399664 714491 855961 736113 867912 706159 299339 434669 353974 316430 708619 654508 999999999 826162 80563 335844 959498 619599 176848 982135 392208 604834 806186 694673 776373 722770 835230 727105 459281 845560 572271 359050 413924 574919 174839 377271 535303 469012 297544 719270 315780 600970 890406 369045 373089 790091 802005 777492 571299 296386 784212 315002 274040 153759 373853 782483 577012 811564 71776 574656
517104 959507 132263 969828 189523 872855 882028 654438 845875 836545 617993 97402 373667 165083 399144 267539 602938 328419 569708 931433 482915 937414 675484 843455 150496 481439 575747 411031 416863 509784 722941 796151 1127013 360511 1057074 758739 633823 523525 467977 698261 507863 214343 586163 452389 624095 133051 558408 396483 597392 770142 131162 177400 826162 999999999 794764 517083 601911 832554 732701 589396 995262 382867 169122 217069 117701 831743 705020 287046 367167 271580 707671 1029530 413621 268305 871989 449144 452960 878097 738682 129653 713471 1167362 803989 994805 465597 411303 716482 244036 391791 531570 50242 614218 861938 672410 589948 46759 954526 164302 871680 613034
533640 238581 692224 478249 732589 98610 92656 444619 203029 244991 208181 714169 434656 700393 794909 530753 396120 509017 812710 183445 340265 146351 866837 323225 903033 869094 468208 751387 378096 319628 721417 398679 495092 580785 485324 156097 343431 453686 824375 559841 338513 666489 782878 668697 793402 681145 304406 398494 282948 236168 683656 619437 80563 794764 999999999 286449 887772 539280 225358 911562 333788 610171 760016 647448 755510 642207 757405 671962 432558 791518 492416 313767 381634 555747 253224 348061 547864 392093 217033 695736 235817 546192 810875 313632 361505 725648 723487 769893 511657 264637 750417 244730 347550 138776 401429 749713 501658 765780 151518 497981
314005 446760 428682 534071 487843 376157 368218 423700 339909 415567 181105 444915 196784 414017 529186 249689 349154 223599 582838 414966 64873 432697 658301 463003 637848 612578 394664 490177 108339 61046 558387 376644 646204 309024 594968 247602 327230 347726 569352 423603 89520 380392 561660 421038 581918 415255 216809 126802 130589 280381 417778 339769 335844 517083 286449 999999999 655733 482689 323619 673099 497450 428677 473615 361143 495116 549306 579743 391673 180388 509760 378947 519972 122887 309122 444196 109584 399617 431648 243820 432107 226264 692555 657918 491744 181253 465713 557446 538506 241589 81034 470482 120713 488725 194682 344489 470927 535484 479348 397019 329431
