NAME : synthetic_000467
TYPE : CTSP-D
DIMENSION : 100
GROUPS : 8
RELAXATION_LEVEL : 1
EDGE_WEIGHT_TYPE : EXPLICIT
EDGE_WEIGHT_FORMAT : FULL_MATRIX
EDGE_WEIGHT_SECTION
999999999 689278 374382 496416 91504 746604 129149 291377 739755 68666 422799 904534 568314 310542 104511 338436 92052 675922 282621 299816 322196 338297 391341 172196 739362 135676 319998 466685 335073 824658 341895 125640 309996 612239 556116 400398 420338 560872 116586 687212 423392 587490 639330 408449 401694 230067 380776 367528 606469 712741 389762 419880 554438 654400 215529 514348 392258 746329 474815 352595 251983 713613 702191 253903 854073 116753 515171 771917 525968 284455 136705 502411 579509 144805 783695 203996 503650 431513 644125 803827 496977 370655 228879 409483 551522 216911 416726 361766 244850 214267 582709 455014 343468 646105 895098 341398 429432 405066 295404 520929
689278 999999999 314927 904768 627588 297743 792159 460159 249197 621785 266632 315350 902062 640916 663452 1000771 721439 58575 925299 879427 440098 356708 961995 517958 421692 824548 401198 412510 943448 277157 429485 799476 411055 667191 294261 334000 406856 150698 575861 445987 265931 898101 856980 324820 298657 531330 311778 797118 151386 497996 300687 827395 526007 872676 475957 256855 454085 247089 220240 698755 788179 409074 329802 933850 330617 604659 732266 215628 270236 766569 622489 574424 151714 823507 140154 527279 188979 636458 138752 685121 954761 478797 461640 464163 321310 552773 749873 577368 497043 903536 744083 990760 728681 43513 971858 605500 1103803 1004093 504927 474722
374382 314927 999999999 660373 316682 427765 479598 192002 405253 306883 48522 555176 684038 388803 354300 690923 411404 305093 618427 584416 183554 56759 672739 203655 475114 509624 130439 275368 644354 482522 191920 486729 130794 540018 268238 129535 226378 196569 261918 450721 49010 688502 680892 128285 68449 242239 30596 535284 251754 495787 27571 575963 412446 697969 162933 194335 250603 410050 105792 449285 496921 450620 405396 620244 522199 293988 539789 422175 222226 486196 316822 417081 220630 509550 415529 226775 132683 429706 285134 654216 697803 266465 148078 278379 280739 261902 513970 347823 211014 588624 578226 712199 471353 271850 869196 369407 791948 708995 248452 355174
496416 904768 660373 999999999 572058 779542 408784 713864 804338 498864 691198 964310 96898 801342 405790 403336 581112 923913 345468 246108 481635 603625 219603 561264 686913 484284 703505 885998 281144 883199 757460 557571 529831 366928 923776 764349 498100 842110 548009 617340 693921 125182 226288 768167 723856 426033 641826 134808 902368 603941 687568 85802 443848 232391 590039 649719 450696 812562 705445 211579 246868 669685 713933 446073 883018 445797 218618 861246 879928 213221 406246 367613 869944 436435 928227 454338 775012 275822 791352 565956 68438 814800 591670 848947 931498 410649 155018 327779 679188 509819 266513 173039 190001 871803 483971 825019 484292 272082 745321 467725
91504 627588 316682 572058 999999999 717721 220494 204278 705081 76453 364811 864644 637193 229296 166530 426883 94772 608612 373823 388928 310664 291465 481265 117416 727216 214086 240665 376604 426373 787636 254382 172561 282884 643609 471342 321000 410668 491401 63039 681406 364814 654133 695831 329581 331997 238467 329186 439442 532550 712715 327285 491726 567108 711677 153983 479644 392263 711035 421524 407952 333445 701261 679722 338249 821522 141700 563968 731102 444041 358872 177698 525631 507516 232717 732031 203396 439065 469653 597838 822658 578571 279355 169122 318257 465070 232937 476388 390585 157216 287111 627928 543276 405395 584083 943043 255113 513550 496397 204183 526084
746604 297743 427765 779542 717721 999999999 811888 618735 50047 680002 391243 184972 746732 815799 681026 993213 809310 354310 910902 836752 427874 431438 900720 600937 137533 868403 555679 646488 905370 104191 609712 871293 437747 458567 557413 521983 339065 390410 655489 188059 393231 734329 665258 515096 460081 528824 403827 706387 425604 231588 433788 719084 338943 678251 570998 239287 381716 54757 332306 605754 746498 135747 66345 951288 110922 635589 571063 106415 519663 707752 635061 412280 409347 850841 208551 545625 375064 507176 179510 411107 841577 678294 555984 678171 583372 547973 632376 486948 638213 946233 556402 907672 641065 305417 718128 793081 1101194 952388 674293 312623
129149 792159 479598 408784 220494 811888 999999999 419042 812064 180835 526783 980684 492395 429172 132635 214039 186022 784615 153506 183091 385629 435573 269782 287444 783958 80927 442932 595498 208345 898407 469568 148791 390812 599618 681265 522411 473930 672819 238398 724869 527890 515354 584338 529990 516201 283543 480382 294615 722074 742049 498575 343760 571715 597618 330981 592157 435956 819253 572997 315449 165715 759069 760591 142801 922052 187960 478321 850868 649003 213744 177999 507069 693582 41451 874778 272693 611884 417601 731343 804535 395941 499786 342386 538629 677944 263956 365823 368595 372981 141477 548995 337803 294287 749825 849216 464215 312383 277901 424546 550066
291377 460159 192002 713864 204278 618735 419042 999999999 593746 242781 228318 735780 760663 197074 328308 629729 285169 430194 572035 571275 306748 206954 664689 153347 665311 418261 63568 179195 617751 667503 50539 369016 252941 683652 267459 128803 386984 312661 183733 636539 226651 771759 788568 138108 166953 300020 219017 579493 343248 678829 185357 628559 572377 805508 125706 386175 393490 598017 288852 517837 499751 640416 597356 542460 709891 274304 647072 604907 243005 509641 312104 557740 322745 435705 582272 265241 275252 538776 466167 825162 734859 103130 128095 135139 260808 309828 588649 451467 47082 489621 699160 719579 528194 417601 1007396 178629 717825 687392 56873 519000
739755 249197 405253 804338 705081 50047 812064 593746 999999999 672150 365431 169881 776497 790312 680045 999422 798045 306382 917706 847786 426443 415116 915421 587715 185759 865026 530263 610170 916155 86512 581247 863257 429759 495345 515858 490913 344437 349458 643725 230770 367109 765468 700770 483560 431396 528569 383591 724520 381219 277076 408423 740428 369328 714312 555239 225988 389902 8224 305046 623072 756507 181165 104097 953001 117171 631652 600324 61598 479773 720310 634246 439257 366749 850093 159988 542128 340013 529622 138972 459134 864741 647660 540027 645259 542178 548547 654438 501693 616245 943658 590332 926134 657893 259311 763964 765353 1107182 965806 648349 336789
68666 621785 306883 498864 76453 680002 180835 242781 672150 999999999 355165 836377 561770 303798 93598 394765 137559 609806 331404 329892 258629 269713 423285 107391 677228 202800 262271 421627 374973 756793 292843 191320 242580 571793 501067 341582 358071 495751 59096 627253 355860 578286 619413 349158 337441 173352 312431 365310 543075 655176 323225 417376 502515 635240 151143 446472 333527 678641 406460 331500 265402 651365 636971 316056 786894 66815 488089 703613 468217 286221 101323 456353 515325 205230 715074 142572 437179 395519 575476 755848 508742 332258 163500 370001 498639 164102 400004 318709 198704 282031 552659 481171 329270 578733 867565 326183 490451 444623 257832 465147
422799 266632 48522 691198 364811 391243 526783 228318 365431 355165 999999999 510926 709415 425062 400190 737337 459468 258740 663943 626729 209838 95056 713821 252175 449381 557947 164873 282515 687825 440179 219408 535166 163334 545630 251668 139910 232329 154770 310424 431288 3298 712176 697796 135484 73104 280933 50822 569295 212918 478756 43030 607835 412361 714758 211271 166920 264319 369745 60935 479619 538015 425780 374389 667854 481702 340312 558453 378605 204357 524442 361459 426048 180860 557283 367908 269166 88294 449770 240476 644898 731561 290818 196495 296889 268129 301412 541806 371666 252758 637013 591967 750860 503802 223685 874208 401937 838999 751565 283248 354178
904534 315350 555176 964310 864644 184972 980684 735780 169881 836377 510926 999999999 929518 928962 848373 1169277 958655 371357 1087586 1017182 595162 573181 1083562 747383 296579 1031869 672508 722023 1085628 83777 716068 1026731 595166 635463 609163 621451 514311 454125 804553 360579 511994 916150 842651 613107 569200 697428 537337 890619 466418 394423 553458 903994 522448 854818 712267 390538 559574 162259 450216 789644 926091 305462 250390 1122043 88583 798651 754445 133565 582016 889219 802715 596837 462667 1018299 175838 709619 465730 692128 270451 552982 1026528 775961 696963 767277 636241 717625 817327 669551 763535 1110851 736177 1092075 824787 345476 867284 899241 1277013 1134504 787660 497594
568314 902062 684038 96898 637193 746732 492395 760663 776497 561770 709415 929518 999999999 865525 471241 500122 656457 926957 440658 339428 500871 628056 316353 611238 642172 570347 742935 926570 377708 850917 801093 640408 553818 306546 951573 797030 497856 854911 605965 573407 712364 28642 134778 799830 750356 463305 662219 201248 915812 552853 711598 149555 407861 138321 635090 645215 453735 784663 715497 243029 327081 627651 680407 540231 845135 503174 176198 835714 906134 284907 463829 338263 883472 522991 910800 495932 788952 266174 780238 491056 155285 863285 634565 895397 961802 451274 172884 337775 729917 601192 201390 265984 234577 872389 387182 885427 580718 368118 797162 442262
310542 640916 388803 801342 229296 815799 429172 197074 790312 303798 425062 928962 865525 999999999 395766 610046 245875 603096 574859 608788 476853 397846 698477 278248 859624 391120 260225 263043 636877 862757 213343 316115 429822 843817 393763 309055 567847 490279 263155 827388 423283 881700 917924 317869 360418 437635 415002 668638 507354 867345 382216 720864 746672 934182 279746 582544 565289 794427 485267 632087 561067 834422 793803 512653 906086 364035 781847 799467 389520 588138 402639 720001 493835 427049 770103 399691 464129 680776 660804 1003228 806470 166927 290552 194425 375456 439231 701866 596287 184818 440042 842053 764383 632378 600140 1156618 48142 675971 705653 142008 697108
104511 663452 354300 405790 166530 681026 132635 328308 680045 93598 400190 848373 471241 395766 999999999 337410 196542 658909 264218 244060 253696 306981 337186 179280 659317 189877 337778 507343 296068 766292 377065 216174 258576 509678 576329 413464 344730 550051 147724 602978 401563 488889 536287 420079 397519 152221 352200 272912 602159 624288 375352 325208 459946 551599 219552 459536 309716 687166 443474 248728 172939 634012 631257 275174 790822 60922 410728 718307 539886 192824 45967 403278 572442 170061 742730 140159 486966 328015 598988 704837 415232 422361 228025 459338 576610 133742 314287 261944 286839 265770 478201 391394 241713 621637 790745 419559 440725 364102 348912 431412
338436 1000771 690923 403336 426883 993213 214039 629729 999422 394765 737337 1169277 500122 610046 337410 999999999 367445 995920 82835 178286 578236 644391 187183 501477 946170 220262 656500 803375 123032 1085839 680212 294436 593057 702903 894150 736235 655235 885528 451736 881659 738631 528089 622710 743888 729811 477228 689603 349282 935630 889303 710914 378419 713495 631505 544983 787480 611497 1007019 780661 421827 253799 922812 936709 98277 1104135 397037 558260 1043127 862681 302690 378712 639150 906830 194192 1075810 474696 823561 536674 931005 914661 357168 704261 556232 743310 889939 456006 441264 517006 583032 178008 626131 254301 388828 959037 886289 651117 108002 148365 629801 705591
92052 721439 411404 581112 94772 809310 186022 285169 798045 137559 459468 958655 656457 245875 196542 367445 999999999 701042 328985 368617 394326 385629 455646 211326 812976 147187 329377 445697 391886 881136 333073 84040 372335 702610 551596 408553 494278 583374 154336 764204 459431 676476 730757 417449 424594 310755 423868 455226 622318 792668 421561 507271 639323 745693 248755 572229 470995 804134 516296 444496 334474 787058 769312 272028 914141 200329 607222 825160 528085 371624 226216 590589 598366 181174 826797 279922 532650 522709 692397 891306 576393 342865 263886 381594 542631 300461 507997 450882 238989 208130 674710 523745 434551 677926 987128 284511 442871 460189 271195 602672
675922 58575 305093 923913 608612 354310 784615 430194 306382 609806 258740 371357 926957 603096 658909 995920 701042 999999999 922664 882965 449818 352946 968135 503727 474995 811597 374612 364894 945262 335613 395137 781166 414391 704818 241391 301714 429169 118107 560517 495259 257347 924638 889210 292393 276620 534880 307687 811181 100145 547629 286643 844334 562931 905261 460590 284968 474552 304618 223222 715051 792925 461080 382884 924776 389124 598893 760474 274194 222228 775030 620018 605989 109307 813926 195526 526692 172814 660785 187391 734425 971037 438274 447043 420431 268216 556004 769767 596258 470079 889757 776898 1000832 743362 58079 1015449 565409 1096991 1007901 471023 509372
282621 925299 618427 345468 373823 910902 153506 572035 917706 331404 663943 1087586 440658 574859 264218 82835 328985 922664 999999999 104283 498290 570005 147370 435748 863365 187343 593366 748938 73829 1004060 622517 268221 515689 624827 832413 671918 573345 814266 390005 798958 665402 467699 556848 679160 660829 398173 615313 274498 866036 807050 639554 308806 631335 566872 478551 707427 529214 925346 705063 341128 171541 839986 854107 102506 1021817 324920 482837 962086 798753 221616 302961 557501 836524 147811 996800 398094 751051 455711 851781 836405 309134 653175 488770 692053 829956 376781 365006 434229 526214 177031 551875 220544 308943 884046 822885 612588 190659 134092 577968 622826
299816 879427 584416 246108 388928 836752 183091 571275 847786 329892 626729 1017182 339428 608788 244060 178286 368617 882965 104283 999999999 441744 531677 93438 423310 779072 247966 581548 750469 68665 933405 620562 326775 469029 524704 819433 656062 504810 780673 388211 712842 628617 365861 452919 662314 634847 348408 576390 171334 835939 717091 608122 204556 541284 463215 462909 647393 458077 855663 660929 246677 92327 756625 777242 200904 947224 302630 380264 895719 781800 130583 270993 465256 805034 200484 938941 357772 715002 361428 793978 736465 219108 662022 470436 699882 820375 327114 263014 351697 528326 264265 448673 155613 212503 839883 719320 641142 279971 124937 587281 538460
322196 440098 183554 481635 310664 427874 385629 306748 426443 258629 209838 595162 500871 476853 253696 578236 394326 449818 498290 441744 999999999 128660 522184 205949 418737 440564 266701 443784 507571 512778 332521 447813 57031 377114 451744 303653 100137 360866 248261 370811 212642 504974 499868 304944 250939 102290 161485 362447 420863 402610 211117 398875 269848 516984 197124 209244 88483 433623 227116 270117 349710 392843 380540 526915 537299 208340 357947 466221 405767 326489 207834 251178 388463 423753 499003 118561 293614 247428 353849 526471 523852 405535 187057 429023 463528 122804 332075 164292 296580 518392 400973 551372 295611 402321 702821 474671 685098 565668 358590 221225
338297 356708 56759 603625 291465 431438 435573 206954 415116 269713 95056 573181 628056 397846 306981 644391 385629 352946 570005 531677 128660 999999999 618959 174304 462164 471706 153490 319574 592851 496600 219871 456235 74312 494485 323605 176386 184932 249371 231966 430180 96952 632974 628013 177024 122469 186750 45309 478662 306311 471908 84004 519205 372490 645119 140127 192221 202106 420770 137668 392592 443120 436813 400777 577604 532088 247951 486347 439636 278099 430699 267146 369888 274673 467680 445423 174142 183326 375927 307342 620947 641177 295281 124935 313089 334915 206889 457571 292771 213632 551231 527218 656958 414601 314687 823089 384973 747098 656509 263411 316812
391341 961995 672739 219603 481265 900720 269782 664689 915421 423285 713821 1083562 316353 698477 337186 187183 455646 968135 147370 93438 522184 618959 999999999 516315 832427 325238 674270 843883 73630 999955 713925 406174 553764 551053 911655 748133 576691 868324 481646 764393 715842 344759 443902 754222 725070 433487 663181 201391 924493 762977 697071 212711 589265 451192 555491 723604 528662 923449 745242 296684 175854 811332 838994 248624 1010144 395179 400181 965932 873465 197405 362415 511046 893261 280006 1014838 446047 802086 406329 870592 760616 169998 755336 562655 793251 913022 412616 291090 414015 621760 324324 462966 73218 260991 923361 703531 732082 265038 56800 680523 594440
172196 517958 203655 561264 117416 600937 287444 153347 587715 107391 252175 747383 611238 278248 179280 501477 211326 503727 435748 423310 205949 174304 516315 999999999 615427 307871 158802 330414 474208 670224 199888 283521 169692 565602 397913 236227 303643 388870 58393 572989 252544 623749 648195 243412 230150 160639 213352 426667 435694 607398 217769 476251 472940 664864 43755 362454 292675 593644 306721 369639 347953 589512 564416 423383 704238 122079 508971 613867 363067 356315 158999 442157 408066 312604 617208 122910 331551 404724 481294 730148 581512 253549 56685 287979 397485 165216 440667 319046 118693 386182 566413 568543 377371 474646 879891 284929 597835 542872 185963 426746
739362 421692 475114 686913 727216 137533 783958 665311 185759 677228 449381 296579 642172 859624 659317 946170 812976 474995 863365 779072 418737 462164 832427 615427 999999999 849166 605354 725089 847311 229064 666330 864856 445748 341344 653590 588460 319223 488796 664224 69583 452052 626583 547942 583097 522308 510622 446636 632269 533170 98161 488370 636274 245270 559559 593533 282572 349631 191609 398157 536313 693252 25954 92114 916886 208477 623365 470642 243927 611495 648499 614276 323818 511898 824711 345650 535572 458124 427063 289027 273594 752280 739550 579633 746084 677977 526627 549481 429207 675791 923579 444353 829552 571962 421212 581648 843785 1053557 886796 722170 240816
135676 824548 509624 484284 214086 868403 80927 418261 865026 202800 557947 1031869 570347 391120 189877 220262 147187 811597 187343 247966 440564 471706 325238 307871 849166 999999999 452681 587338 255943 950780 468156 81244 437032 678470 685428 533260 534062 696450 251743 792343 558617 593940 664841 541568 537131 340878 514963 374330 741453 812246 525381 422597 644584 677966 351156 641416 499587 871905 608927 395810 245124 823881 820140 125860 977484 233375 559075 900227 657580 294317 235281 582552 714821 47977 916435 323056 639293 495921 775367 881755 466134 486395 364555 525388 678944 323282 446743 442502 371179 79595 629692 396918 375168 781453 930009 431243 299933 321152 412805 619487
319998 401198 130439 703505 240665 555679 442932 63568 530263 262271 164873 672508 742935 260225 337778 656500 329377 374612 593366 581548 266701 153490 674270 158802 605354 452681 999999999 183635 633010 603953 66715 411704 210307 642635 239256 80579 337777 256509 204777 579072 163154 751879 760522 88973 104548 279752 158818 570853 292946 622733 121991 617711 525017 777597 118896 324705 349947 534498 225311 500313 503671 580728 535559 573878 646345 279107 618227 541436 206206 506863 313486 516934 269567 464428 520474 249205 214172 508265 402714 774435 730120 141872 113431 162392 238844 293275 570057 421415 95881 527513 666074 724537 514676 358194 969434 239015 749430 701641 118654 469946
466685 412510 275368 885998 376604 646488 595498 179195 610170 421627 282515 722023 926570 263043 507343 803375 445697 364894 748938 750469 443784 319574 843883 330414 725089 587338 183635 999999999 796434 668352 130550 528978 386755 813785 133649 145916 501366 267964 362698 712413 279418 935430 941888 148225 211471 463349 305521 752641 264828 760729 252318 800266 687814 958994 296713 446126 521679 612198 327329 683903 678169 702751 643361 712975 717812 452336 799541 603050 142730 685833 489310 689453 260966 609281 550890 432185 271515 689151 471532 926831 910425 104701 294339 69349 112937 476507 753692 602921 223230 653787 844757 898394 697760 377370 1142606 217738 886973 866194 174723 630483
335073 943448 644354 281144 426373 905370 208345 617751 916155 374973 687825 1085628 377708 636877 296068 123032 391886 945262 73829 68665 507571 592851 73630 474208 847311 255943 633010 796434 999999999 1001852 667783 337183 532465 586631 872029 709459 572841 840915 434047 780851 689581 405509 499692 716132 692114 412137 637889 231328 895093 784270 667254 256549 608624 508481 515418 714312 526339 924015 724168 313476 159870 824980 845907 175119 1015865 356464 439330 963751 835948 199001 328159 532073 864615 212592 1005709 418730 775920 427766 860631 798148 239057 704161 524093 742644 871530 390678 323946 420315 573247 250858 505981 146739 278697 903402 763402 672526 216669 70044 628920 606814
824658 277157 482522 883199 787636 104191 898407 667503 86512 756793 440179 83777 850917 862757 766292 1085839 881136 335613 1004060 933405 512778 496600 999955 670224 229064 950780 603953 668352 1001852 999999999 651263 947642 514786 561218 563682 558333 430729 401646 726824 287967 441538 838422 768237 550419 502371 614956 462783 807506 423170 326896 483129 821650 443134 780969 636441 310327 475837 79163 379251 706382 842327 233544 170512 1039450 53742 717424 675251 65304 532063 805473 720532 516208 414358 936316 151067 628065 403753 610014 202173 496977 944815 714522 621163 708869 590606 634990 735165 585965 692713 1029548 660025 1009041 741449 299143 809016 835358 1193623 1050793 720850 415772
341895 429485 191920 757460 254382 609712 469568 50539 581247 292843 219408 716068 801093 213343 377065 680212 333073 395137 622517 620562 332521 219871 713925 199888 666330 468156 66715 130550 667783 651263 999999999 417092 276472 708976 218543 95922 404417 279515 233751 642537 217152 811139 823389 104909 149886 338228 221621 623595 303927 687062 178363 671870 591713 840423 167423 384205 416459 584921 277407 558068 547627 642078 593609 592630 695883 321786 681287 587434 197162 555657 358837 583190 286214 486150 556912 305256 250819 571811 449091 840677 780508 75492 166591 96878 210795 349877 628478 484658 97260 538765 730616 767919 570253 387991 1035337 184222 767888 737337 75886 536542
125640 799476 486729 557571 172561 871293 148791 369016 863257 191320 535166 1026731 640408 316115 216174 294436 84040 781166 268221 326775 447813 456235 406174 283521 864856 81244 411704 528978 337183 947642 417092 999999999 433874 723574 635624 491394 545929 663944 225133 812128 535370 662835 727789 500197 504555 354895 496705 441136 704400 836608 498843 491272 675352 741675 323966 637415 517094 869684 590236 449483 313327 839131 827606 196639 978181 241651 614121 893655 611803 358595 256362 619409 679806 126675 900656 329628 611280 540878 763510 920903 543351 425598 338671 464108 626641 340670 506401 478062 322636 126110 683838 477512 433206 756000 990317 358483 362472 402198 354763 644220
309996 411055 130794 529831 282884 437747 390812 252941 429759 242580 163334 595166 553818 429822 258576 593057 372335 414391 515689 469029 57031 74312 553764 169692 445748 437032 210307 386755 532465 514786 276472 433874 999999999 432532 397766 247122 138097 317610 219913 404113 165792 558978 556460 248698 196552 120629 112842 406183 376247 440329 158220 445717 319907 573578 151715 204642 140659 436349 191900 318569 378576 419829 397118 533583 544314 204605 414370 463210 352390 361970 214827 306719 344139 426289 484164 118674 250441 303793 340538 574614 568582 350122 139576 372698 408585 141934 383265 219395 246722 516294 458003 588373 341293 370974 759154 424477 698157 593909 306263 267986
612239 667191 540018 366928 643609 458567 599618 683652 495345 571793 545630 635463 306546 843817 509678 702903 702610 704818 624827 524704 377114 494485 551053 565602 341344 678470 642635 813785 586631 561218 708976 723574 432532 999999999 796454 668962 314214 662553 589932 274932 548925 288131 207206 668241 607411 408407 510986 355321 721407 248083 565303 338926 141951 219753 568399 424287 292951 503167 527126 288089 458867 330052 393161 704087 548570 505194 151907 556709 749110 405682 476396 125938 691252 640015 644179 445952 604796 182916 532143 211762 435191 782535 560555 804947 813736 411016 262703 253158 670295 737641 105232 529028 317017 646924 329192 847170 803205 607845 734372 197702
556116 294261 268238 923776 471342 557413 681265 267459 515858 501067 251668 609163 951573 393763 576329 894150 551596 241391 832413 819433 451744 323605 911655 397913 653590 685428 239256 133649 872029 563682 218543 635624 397766 796454 999999999 163632 483936 167055 442877 652676 248405 956552 947916 158038 201218 498762 292739 794964 142876 703788 240716 838479 660840 964947 356781 391170 515110 516528 273916 714203 739048 633775 565786 808976 615485 516841 807435 499000 47362 737572 549452 677693 149687 700920 434414 474643 200105 697652 377993 881017 956775 228644 349021 199678 27079 515902 780535 616033 314477 757052 843234 959376 733827 265030 1124274 349904 984546 940419 285525 602567
400398 334000 129535 764349 321000 521983 522411 128803 490913 341582 139910 621451 797030 309055 413464 736235 408553 301714 671918 656062 303653 176386 748133 236227 588460 533260 80579 145916 709459 558333 95922 491394 247122 668962 163632 999999999 355802 184763 284756 571156 137032 803813 803508 9323 66994 338339 159609 633955 214950 618341 106605 678718 541949 820626 194091 306481 377885 494146 191741 556727 575422 565163 510987 654300 604156 353610 661483 494005 126841 574618 385848 545287 193945 544653 461062 312324 155730 550909 356365 781706 795141 156750 185656 157806 167686 354517 624696 466165 171101 607984 703564 795812 574414 292242 998040 277791 829804 777520 170948 484572
420338 406856 226378 498100 410668 339065 473930 386984 344437 358071 232329 514311 497856 567847 344730 655235 494278 429169 573345 504810 100137 184932 576691 303643 319223 534062 337777 501366 572841 430729 404417 545929 138097 314214 483936 355802 999999999 362276 348100 270739 235606 496238 469961 354648 293304 193286 196948 396013 423039 303756 251219 422247 187575 486694 289575 152100 48731 352135 222390 295249 412981 293401 286717 612407 449821 304838 334578 390918 436592 379650 298933 193774 391235 513520 439448 216406 299212 231740 297115 438205 549782 479628 277663 498011 500296 210988 343117 171863 384239 610488 361514 595114 327394 375176 643345 561412 763100 624979 441834 132253
560872 150698 196569 842110 491401 390410 672819 312661 349458 495751 154770 454125 854911 490279 550051 885528 583374 118107 814266 780673 360866 249371 868324 388870 488796 696450 256509 267964 840915 401646 279515 663944 317610 662553 167055 184763 362276 999999999 444834 492486 152609 855640 831979 175478 159668 435694 205587 722594 60955 544421 174740 759732 522237 848624 345354 241133 402403 350443 140073 630809 692478 469913 399831 811599 452215 489396 696531 336419 130779 679172 513320 551841 28987 700679 284659 422901 67341 590992 211103 725869 884495 328340 332330 315165 192974 456113 690627 518096 352035 774092 722310 905601 656342 111237 985092 454877 984988 905368 355235 465005
116586 575861 261918 548009 63039 655489 238398 183733 643725 59096 310424 804553 605965 263155 147724 451736 154336 560517 390005 388211 248261 231966 481646 58393 664224 251743 204777 362698 434047 726824 233751 225133 219913 589932 442877 284756 348100 444834 999999999 618798 310742 620856 654768 292608 285404 181878 271652 413461 489904 650696 275347 464822 507824 671031 100066 417964 331113 649801 365104 369425 320661 638270 616879 370053 759897 102861 519198 671115 410979 337227 142401 469667 463087 259982 675561 145154 388834 420302 539233 764229 561664 274821 114222 312128 439954 179488 439646 338151 140117 329306 580680 538388 371616 532492 895813 279554 545325 503661 201188 465295
687212 445987 450721 617340 681406 188059 724869 636539 230770 627253 431288 360579 573407 827388 602978 881659 764204 495259 798958 712842 370811 430180 764393 572989 69583 792343 579072 712413 780851 287967 642537 812128 404113 274932 652676 571156 270739 492486 618798 999999999 434221 558304 482087 566720 504204 457250 420926 563835 542083 52528 467220 567002 176099 494255 554862 266441 295035 237869 386126 468830 628185 55123 126916 855458 273701 570571 401269 291963 608449 582388 558664 254736 517781 765937 388687 484745 453349 358482 308124 239241 682703 717171 541690 727167 675700 471908 480306 364900 642611 865386 376678 760465 504397 438848 534502 814991 988702 819057 693268 176492
423392 265931 49010 693921 364814 393231 527890 226651 367109 355860 3298 511994 712364 423283 401563 738631 459431 257347 665402 628617 212642 96952 715842 252544 452052 558617 163154 279418 689581 441538 217152 535370 165792 548925 248405 137032 235606 152609 310742 434221 999999999 715182 700972 132515 70321 283091 53101 571837 210511 481760 41595 610498 415653 717937 211424 169653 267507 371369 62315 482344 540020 428498 376788 668843 483279 341595 561584 379804 201099 526693 363025 429319 178514 558228 368220 270981 86390 452857 241548 648076 734131 288335 196714 294142 264838 303512 544649 374629 251588 637632 595191 753098 506423 222895 877506 399884 840150 753432 281415 357469
587490 898101 688502 125182 654133 734329 515354 771759 765468 578286 712176 916150 28642 881700 488889 528089 676476 924638 467699 365861 504974 632974 344759 623749 626583 593940 751879 935430 405509 838422 811139 662835 558978 288131 956552 803813 496238 855640 620856 558304 715182 999999999 107332 806302 755435 472919 665802 222131 916592 535708 716071 171615 396176 110008 646057 641510 453444 773596 715822 254195 349702 612906 667990 566761 831032 518327 167211 825215 910728 305646 479258 329435 884348 546825 902504 506567 790194 264867 774108 467157 183776 874658 644897 906092 967512 461942 183201 340904 742273 626588 183051 294594 249392 869465 358790 900402 609250 396703 809689 433505
639330 856980 680892 226288 695831 665258 584338 788568 700770 619413 697796 842651 134778 917924 536287 622710 730757 889210 556848 452919 499868 628013 443902 648195 547942 664841 760522 941888 499692 768237 823389 727789 556460 207206 947916 803508 469961 831979 654768 482087 700972 107332 999999999 804779 749211 489621 655227 291925 892564 452979 708085 249037 335871 17119 664091 604305 433511 708699 692306 288164 420489 537210 599530 652348 755628 555205 142353 761827 901020 370594 518137 283222 860962 619330 846094 526212 769130 252805 726399 364998 289294 891508 660480 919986 961570 482990 222827 339131 764403 705846 113078 398818 296422 832319 267115 931535 708908 497752 831746 382727
408449 324820 128285 768167 329581 515096 529990 138108 483560 349158 135484 613107 799830 317869 420079 743888 417449 292393 679160 662314 304944 177024 754222 243412 583097 541568 88973 148225 716132 550419 104909 500197 248698 668241 158038 9323 354648 175478 292608 566720 132515 806302 804779 999999999 63320 342290 157935 638195 205780 614223 104226 682606 540269 821893 200961 301502 377827 486705 185725 560026 581160 559955 504957 662346 596490 360038 662887 485989 119841 579650 391841 544948 184637 552568 452235 316981 147388 552345 348568 778710 799610 164278 192100 163784 163381 358803 627682 467996 180240 616484 704191 801377 578183 283135 997396 286168 837803 784044 180108 482718
401694 298657 68449 723856 331997 460081 516201 166953 431396 337441 73104 569200 750356 360418 397519 729811 424594 276620 660829 634847 250939 122469 725070 230150 522308 537131 104548 211471 692114 502371 149886 504555 196552 607411 201218 66994 293304 159668 285404 504204 70321 755435 749211 63320 999999999 301012 96435 596642 205874 551348 42112 638891 477929 766295 186439 239971 318945 435132 127911 513572 549965 498805 446203 653496 546303 336602 607961 439078 156204 543373 364239 485040 177919 542660 415930 280584 110219 497749 300389 715400 758981 218971 174043 223827 212651 319381 579445 415177 199434 614542 646672 768055 534161 255330 936593 333963 827658 758459 218643 420189
230067 531330 242239 426033 238467 528824 283543 300020 528569 173352 280933 697428 463305 437635 152221 477228 310755 534880 398173 348408 102290 186750 433487 160639 510622 340878 279752 463349 412137 614956 338228 354895 120629 408407 498762 338339 193286 435694 181878 457250 283091 472919 489621 342290 301012 999999999 230141 296208 493055 482961 268100 340380 329551 506451 174725 310802 162227 535794 312526 220561 258050 485032 479320 424629 638718 113341 349231 568436 455952 243997 106255 287844 461354 322062 598708 37944 369022 244090 453800 584286 458229 403150 172293 433517 505670 21520 290482 158672 274869 417798 405786 470208 236185 491517 719386 445560 583658 473280 342140 291999
380776 311778 30596 641826 329186 403827 480382 219017 383591 312431 50822 537337 662219 415002 352200 689603 423868 307687 615313 576390 161485 45309 663181 213352 446636 514963 158818 305521 637889 462783 221621 496705 112842 510986 292739 159609 196948 205587 271652 420926 53101 665802 655227 157935 96435 230141 999999999 519009 263596 465630 54322 558108 382384 672269 175521 167582 223236 388748 94039 430302 487411 421940 378823 622190 500751 292975 514725 403878 246027 473623 312452 388708 231614 512044 403959 219164 138925 405122 268839 623623 681375 296468 160253 308904 306666 250677 493452 324905 234531 594375 551385 700039 453866 269579 840173 397224 792121 701273 275783 324963
367528 797118 535284 134808 439442 706387 294615 579493 724520 365310 569295 890619 201248 668638 272912 349282 455226 811181 274498 171334 362447 478662 201391 426667 632269 374330 570853 752641 231328 807506 623595 441136 406183 355321 794964 633955 396013 722594 413461 563835 571837 222131 291925 638195 596642 296208 519009 999999999 781980 561599 562018 52435 388266 304343 456211 547475 347297 732663 589343 101761 129217 611703 643204 363998 814542 311079 208985 777713 752053 83672 271503 309866 749715 328099 834722 322243 655253 205380 693125 566825 162519 680154 458372 714505 801539 279439 92621 225374 544441 414088 277433 201614 68685 761595 558705 691182 447961 257244 610518 396398
606469 151386 251754 902368 532550 425604 722074 343248 381219 543075 212918 466418 915812 507354 602159 935630 622318 100145 866036 835939 420863 306311 924493 435694 533170 741453 292946 264828 895093 423170 303927 704400 376247 721407 142876 214950 423039 60955 489904 542083 210511 916592 892564 205780 205874 493055 263596 781980 999999999 594419 227891 819706 580558 909177 391940 298255 463354 381026 200985 690947 748674 515805 442384 859054 475667 541274 757397 359152 122299 736940 566983 611951 32439 748298 291539 478493 127389 651947 247272 777961 944088 341267 379850 321568 169929 513152 751221 578869 386016 818011 782636 963257 716066 124123 1042431 468213 1033444 960345 379396 523719
712741 497996 495787 603941 712715 231588 742049 678829 277076 655176 478756 394423 552853 867345 624288 889303 792668 547629 807050 717091 402610 471908 762977 607398 98161 812246 622733 760729 784270 326896 687062 836608 440329 248083 703788 618341 303756 544421 650696 52528 481760 535708 452979 614223 551348 482961 465630 561599 594419 999999999 513453 559894 175902 463993 591944 315649 321675 283734 435554 470809 635549 96011 174812 868726 306076 596034 385593 337376 659239 587533 581105 252465 569905 783397 436436 512772 504115 357266 360398 187132 670705 762085 579308 773398 726546 496023 474457 376091 682583 883314 352691 754025 505836 491314 486905 856780 995384 818545 735313 192882
389762 300687 27571 687568 327285 433788 498575 185357 408423 323225 43030 553458 711598 382216 375352 710914 421561 286643 639554 608122 211117 84004 697071 217769 488370 525381 121991 252318 667254 483129 178363 498843 158220 565303 240716 106605 251219 174740 275347 467220 41595 716071 708085 104226 42112 268100 54322 562018 227891 513453 999999999 603042 436159 725154 175335 205956 277086 412762 103888 476593 521371 464348 415380 638213 524730 314663 567111 421370 194657 511842 339223 442967 197419 527332 407962 251061 113957 457103 283036 675165 724528 251199 161204 260001 253485 287418 541455 375375 210079 603916 605014 737566 498387 257250 894487 359773 810911 732466 240520 378531
419880 827395 575963 85802 491726 719084 343760 628559 740428 417376 607835 903994 149555 720864 325208 378419 507271 844334 308806 204556 398875 519205 212711 476251 636274 422597 617711 800266 256549 821650 671870 491272 445717 338926 838479 678718 422247 759732 464822 567002 610498 171615 249037 682606 638891 340380 558108 52435 819706 559894 603042 999999999 391006 260139 504467 574347 374016 748631 624243 129348 178088 617103 654562 403315 825354 362196 187565 795538 794847 135664 322584 312552 787320 375712 857591 368537 692489 212034 718182 547923 127537 729792 505956 763681 845965 324862 87081 250449 594442 458232 250870 194132 104730 793260 516034 743030 471640 269473 660851 406644
554438 526007 412446 443848 567108 338943 571715 572377 369328 502515 412361 522448 407861 746672 459946 713495 639323 562931 631335 541284 269848 372490 589265 472940 245270 644584 525017 687814 608624 443134 591713 675352 319907 141951 660840 541949 187575 522237 507824 176099 415653 396176 335871 540269 477929 329551 382384 388266 580558 175902 436159 391006 999999999 350596 466968 282784 181385 377445 388850 295295 459801 226461 272659 694938 439611 439294 232134 429344 613658 411633 419122 78650 550777 613165 510485 363711 466152 182944 392239 257208 508158 666764 456757 685578 679334 338868 304230 203281 565855 713189 223349 584368 330534 505076 463979 743930 819489 644354 626161 58288
654400 872676 697969 232391 711677 678251 597618 805508 714312 635240 714758 854818 138321 934182 551599 631505 745693 905261 566872 463215 516984 645119 451192 664864 559559 677966 777597 958994 508481 780969 840423 741675 573578 219753 964947 820626 486694 848624 671031 494255 717937 110008 17119 821893 766295 506451 672269 304343 909177 463993 725154 260139 350596 999999999 680968 620411 450458 722208 709006 303831 433261 549361 612689 663180 767554 571231 159455 775478 918038 383925 534006 299313 877609 632201 860476 542977 785888 269921 741672 370023 293586 908465 677416 937004 978638 499677 237701 356218 781194 717818 128593 403969 311182 848290 256118 948039 716211 504415 848557 398202
215529 475957 162933 590039 153983 570998 330981 125706 555239 151143 211271 712267 635090 279746 219552 544983 248755 460590 478551 462909 197124 140127 555491 43755 593533 351156 118896 296713 515418 636441 167423 323966 151715 568399 356781 194091 289575 345354 100066 554862 211424 646057 664091 200961 186439 174725 175521 456211 391940 591944 175335 504467 466968 680968 999999999 331728 285587 560870 267541 392188 384859 567764 537791 467131 672212 160318 523119 578712 320786 389460 194703 443250 364358 356359 578067 139542 288770 415950 444356 723492 613749 228721 15304 260327 357531 184122 462964 328895 102253 429168 577189 605732 403179 432553 888098 278940 641579 583652 168414 417555
514348 256855 194335 649719 479644 239287 592157 386175 225988 446472 166920 390538 645215 582544 459536 787480 572229 284968 707427 647393 209244 192221 723604 362454 282572 641416 324705 446126 714312 310327 384205 637415 204642 424287 391170 306481 152100 241133 417964 266441 169653 641510 604305 301502 239971 310802 167582 547475 298255 315649 205956 574347 282784 620411 331728 999999999 200512 232299 119910 447129 555066 258863 211259 734379 341935 408368 476238 259011 345500 526218 414315 321100 269199 628953 291590 319888 191220 379659 146989 489864 701880 457040 316701 463795 412797 331748 494702 323950 401604 720512 492176 745401 478794 228533 744238 563715 894284 769881 442750 226835
