NAME : synthetic_000222
TYPE : CTSP-D
DIMENSION : 100
GROUPS : 8
RELAXATION_LEVEL : 1
EDGE_WEIGHT_TYPE : EXPLICIT
EDGE_WEIGHT_FORMAT : FULL_MATRIX
EDGE_WEIGHT_SECTION
999999999 393992 300115 228131 734770 758951 182550 485311 383626 538465 246984 600207 501100 47934 802916 144916 500204 147495 371755 431058 331510 706347 423122 534551 259423 687765 566376 786024 524573 859439 536802 487111 177486 624846 762997 345809 413983 170436 291631 746785 606179 682089 419064 150119 824764 287181 572129 600133 251402 536301 492187 596943 996159 724967 517239 484368 747261 619915 359471 483186 545281 459303 835073 396296 782219 740652 218576 633815 243796 406016 732412 566072 320398 573370 255545 717214 124940 431897 578143 618048 692077 516301 576267 186286 612546 477002 739028 792002 165064 783899 620990 609394 233132 367526 685277 333569 786656 118781 392277 68527
393992 999999999 654976 621955 670469 726100 571162 91321 111253 751953 208225 394301 676340 397367 631938 264201 525179 366162 82077 664916 327643 313698 261216 405250 330763 744720 580922 412062 228154 509325 159139 362156 451773 245926 488512 269327 153279 491962 158013 450962 544704 409081 185764 536836 635106 668079 603958 425174 318965 143322 571794 328915 679520 355359 471490 317706 363987 622418 329969 518712 191583 107193 636046 435148 536431 789440 283471 350876 187448 239408 752308 287873 93825 285705 300547 412137 439141 105671 694891 229782 645319 494101 313388 580165 266606 709649 673672 585195 503155 564081 743180 481180 606199 297824 796364 93609 423026 480137 491714 331167
300115 654976 999999999 178078 723697 719100 248867 742720 606584 337130 458773 718459 350858 272079 858376 392668 488263 292228 653270 245990 439828 965658 574536 622276 377655 590838 537868 998766 713620 1044260 810235 589174 421743 898769 897927 491679 706142 163650 583988 898916 623982 827500 609204 260021 890561 301910 527579 698509 546913 787439 437147 895073 1142368 936966 553152 784395 973051 584540 465334 470026 762634 690204 906258 426782 894239 639543 390392 793593 537149 705657 656238 862739 565977 747193 553264 879537 372415 658374 457933 857073 676783 534956 874459 187128 816082 274515 727904 874875 357584 877230 483981 673994 309898 666461 543256 615292 988838 184378 372910 366029
228131 621955 178078 999999999 848126 854598 83128 713252 603792 510949 458834 782260 512493 230370 956399 365296 605653 309189 598111 412723 497371 934474 615888 699267 424280 743408 664152 1007402 735792 1072846 764058 657738 278167 851717 955658 532460 634115 210490 513674 946682 733782 878226 628470 109079 984189 127694 659808 772266 432676 763850 569587 805258 1195972 945778 652383 678758 971544 715087 525921 587031 766072 682739 997517 521698 964526 794395 409115 835322 466069 611523 803385 778178 545530 779588 443781 920928 240016 653853 614318 844266 801866 641198 784668 41863 829933 446927 852441 959920 203610 957034 646048 763850 133033 556350 707919 560192 1005090 169657 486247 293864
734770 670469 723697 848126 999999999 71344 867483 687078 560055 487608 559608 311990 412510 691876 201505 637810 242719 587606 743563 507925 416376 806746 411157 265373 479734 218793 185967 665970 484383 613697 778521 309290 905260 829500 400614 437157 821641 640188 768277 444295 133683 398133 484796 849352 241792 967177 197741 266468 883819 683396 286820 992848 587201 628485 222538 983460 691673 141040 393469 261279 570722 590545 262470 338955 343727 220220 535185 424913 756818 897290 159987 952143 613106 450846 872704 461842 857301 573108 315602 673668 46914 218636 979548 824693 549038 511780 4326 267712 898579 292127 329239 194995 936863 930919 324150 731024 628493 694831 361943 733618
758951 726100 719100 854598 71344 999999999 880508 747892 614999 456264 601275 379833 389503 714254 265822 672405 258872 611539 796698 490962 453031 874702 465073 323869 510546 168525 193750 737096 548741 684709 840264 364016 932848 894078 471666 481721 875499 650729 815469 515624 181527 469115 541357 864813 305398 976883 194802 333463 923252 746855 285203 1051368 652847 699024 263110 1035569 762094 140699 432840 276305 635888 650836 325964 363975 413784 157937 569408 494572 800792 947989 99411 1010474 663587 517886 913176 533078 883084 631658 284747 740736 80823 251189 1037435 834172 617258 488335 70947 335808 920547 361302 288706 259750 950860 977276 272259 781867 699760 708578 373313 763841
182550 571162 248867 83128 867483 880508 999999999 662193 566172 569723 427774 770977 560662 201317 959891 327228 625296 297678 539057 466758 491068 880107 597759 696014 416719 781732 687396 968257 706142 1041688 705848 651343 196184 792246 939013 516842 568272 230320 450630 925472 746659 859259 599928 34587 985072 107289 686536 765992 356058 714362 598384 732157 1175185 907324 661370 602127 928529 739873 519855 606948 727723 641277 997028 532387 953829 833814 389521 812809 403969 538688 837335 706797 501964 753724 368427 897093 162142 614258 657019 798039 822195 654082 711702 61848 795073 505040 871808 956638 120672 951136 692506 765769 71045 479459 755831 501954 969198 172652 507520 240109
485311 91321 742720 713252 687078 747892 662193 999999999 159119 820342 288869 389672 740918 488083 621311 354072 570507 451946 143803 738462 388263 223475 294200 424122 403996 785486 620472 331732 210700 438500 93952 387859 537254 168685 450346 325058 183647 579238 235559 406320 569172 377044 214221 627816 618657 758368 645811 427767 394008 54149 624736 308818 618453 278985 505545 338625 279173 657046 384880 566621 142981 97274 616643 490618 506303 826996 363366 320102 271903 277487 785011 269185 176929 261424 375088 365926 527631 121287 748946 144016 667436 531674 297815 671470 211356 781886 689869 565737 591624 541444 796553 492793 696075 350139 846056 171476 347909 570000 553171 422318
383626 111253 606584 603792 560055 614999 566172 159119 999999999 661607 148761 294766 581806 373423 532142 239549 417222 314928 184571 581683 229146 367870 149993 295279 249073 635579 471206 403628 152282 477576 249938 251215 482702 327680 413792 166304 261711 443700 230509 384742 433547 331275 77127 533394 538930 669780 494940 320910 381205 189703 467771 439450 627677 342101 360547 424716 369651 511756 226583 411854 162300 83796 541893 332506 452602 679512 217176 275083 240143 341573 641491 398382 76303 208852 364718 349627 457914 51804 591748 250665 534248 383759 424317 563180 229271 624384 563322 491775 520030 473403 639666 372650 612213 388588 690844 178421 403032 446088 394098 332181
538465 751953 337130 510949 487608 456264 569723 820342 661607 999999999 548401 622601 89900 492539 669256 545828 320151 432152 786154 107643 433698 1021874 555526 516429 421789 296272 329170 978540 702493 981787 907988 509916 704700 989024 790734 498580 858342 371088 750770 811932 439754 742872 624013 570341 708037 637565 304229 584601 779847 848911 244282 1058134 1023451 922182 412337 981512 974247 353229 442534 309855 778914 737559 727444 344056 761324 334852 476177 731727 713114 892074 369868 1019591 659593 710765 779107 807517 650231 706149 172415 890911 444937 381625 1039017 509609 805521 64710 491075 712495 657957 725884 173121 528262 637333 880686 219763 754096 954957 433042 272950 583096
246984 208225 458773 458834 559608 601275 427774 288869 148761 548401 999999999 363959 477302 229415 584477 104031 363106 166615 238501 457949 151972 509190 184469 318133 127601 581731 427175 550009 278506 614940 367303 267964 377005 453214 518430 124006 313548 295452 222000 500201 425966 436689 172204 396533 600704 533746 444337 372312 324531 330095 392636 512243 749330 488135 338718 454490 518165 476370 168678 351813 309272 231807 608359 258735 542567 631075 75253 387172 200392 363445 604357 472843 114419 326391 313103 470243 341314 200460 510301 398474 524163 351075 493787 419024 371152 503325 563505 561970 398808 550179 558702 398720 479906 379055 616729 208827 546358 297978 300870 208334
600207 394301 718459 782260 311990 379833 770977 389672 294766 622601 363959 999999999 532710 570669 237886 465776 303959 474901 474795 585560 285481 494923 179534 106548 357981 466270 318171 374032 179512 359402 476706 129348 740941 520458 179887 254731 547035 580058 524377 190433 223370 120288 219752 743461 244565 878205 347922 47433 668051 377775 379377 698475 424324 327401 211486 711526 388672 330959 257426 312851 261869 298017 248842 301900 182870 494259 382536 120177 528254 633030 440935 658810 365172 139228 652938 185518 704401 289139 486616 361767 304521 243323 687319 747584 237435 613407 313973 200062 759825 186307 525214 123170 830938 683339 554341 472880 342957 612652 371479 571129
501100 676340 350858 512493 412510 389503 560662 740918 581806 89900 477302 532710 999999999 453546 586580 487264 230658 379077 715791 106330 352717 938125 469528 426529 349701 243113 244227 889532 615318 891887 830235 420558 674357 909453 701384 416795 790204 343113 687660 722121 353598 652985 540140 555827 624699 640139 221383 494892 731711 767146 154902 989433 935278 833578 322629 920774 886319 273893 359008 220018 693240 655517 643730 257598 673186 289728 408125 642022 652928 830295 312794 950140 585472 622007 729081 717620 619765 624629 109347 805894 367920 292122 970802 503817 717659 99376 416241 626651 635929 639020 133758 439596 630771 825571 195599 685459 865521 407206 188659 537573
47934 397367 272079 230370 691876 714254 201317 488083 373423 492539 229415 570669 453546 999999999 766729 135616 455383 104707 384919 385404 295056 711064 396483 499744 221405 640380 521184 777037 507620 844323 546618 453531 225080 635225 737711 316089 434409 128552 312051 724424 564647 657968 400680 172800 789934 308518 526147 567633 291746 537142 445236 623344 974166 715432 476343 517302 741525 574720 323552 438105 535706 452692 800969 352949 753392 693281 188441 611915 265081 435509 685820 590697 316603 553653 294015 696558 171917 423558 530224 615429 648617 473869 602767 189917 600029 431722 696155 759115 206740 752369 573060 572646 260540 403620 637344 346630 775073 87846 345771 97250
802916 631938 858376 956399 201505 265822 959891 621311 532142 669256 584477 237886 586580 766729 999999999 680495 374782 663838 712646 670336 471793 689063 404269 269146 545371 419175 342745 512644 411214 437146 703581 318284 957858 735754 231774 463964 784312 746298 760667 283939 238187 263268 456204 936260 40406 1065173 365463 214442 899911 602294 440827 928561 387031 488128 306229 948675 551068 316945 443540 391918 484735 533377 61040 436226 163799 421249 586052 310391 761794 870874 361094 889801 600786 360695 885604 313067 916541 526513 501833 567811 232342 323537 918694 926717 439816 683134 199873 78091 967137 108095 522876 194241 1025113 920653 524096 710481 471228 791209 485580 784663
144916 264201 392668 365296 637810 672405 327228 354072 239549 545828 104031 465776 487264 135616 680495 999999999 420890 116819 262564 445232 221490 577484 286433 411756 163777 630239 487580 642902 379847 714539 417645 362230 277408 506243 622441 216571 323331 231694 207233 603964 504863 540718 274967 295035 698852 432063 499940 471069 256008 402199 433857 520875 852834 581535 415343 435687 606249 539692 245767 406537 401703 317450 707470 312479 645670 681826 103012 490933 167354 346560 662761 484728 181036 429447 249291 573494 238634 288848 540612 479819 598890 421751 500902 324271 467958 492454 641896 662135 295016 651550 587660 490623 376824 338644 649493 225371 642415 215976 334042 105370
500204 525179 488263 605653 242719 258872 625296 570507 417222 320151 363106 303959 230658 455383 374782 420890 999999999 352903 583803 299022 211218 744153 277843 199191 257157 220747 66977 669267 409662 663298 664096 203265 674790 733865 470730 257732 663005 397476 584506 492182 136955 423901 356946 608023 409879 724484 81269 264601 675735 585452 75882 853354 705950 616187 92562 814394 672505 120149 199024 18639 494292 476237 427387 108416 444236 268489 319049 417294 562723 724004 242501 812445 446595 405654 667318 489453 624543 449265 188532 608032 196968 61476 836956 581976 505911 318525 247043 403925 661717 413292 232570 210116 695020 741876 276387 561885 642332 452710 119431 507549
147495 366162 292228 309189 587606 611539 297678 451946 314928 432152 166615 474901 379077 104707 663838 116819 352903 999999999 375844 329719 193426 674172 306748 398461 119088 545707 419270 712311 432113 768307 523959 353704 322393 611791 646665 223291 439528 128842 324015 637661 459962 569038 325150 272595 688024 404424 425918 468411 352878 495543 348673 637588 886817 650333 371646 550646 683255 472786 222200 336055 473293 398317 699645 248883 657690 598397 102512 526717 283133 462371 587231 601199 275033 472645 350004 612593 271646 366724 443408 565072 544682 369367 617658 273071 530960 377043 591875 658966 311057 653603 488641 469605 361379 448663 552099 339629 705677 140289 247731 162414
371755 82077 653270 598111 743563 796698 539057 143803 184571 786154 238501 474795 715791 384919 712646 262564 583803 375844 999999999 692949 377804 343502 332429 479487 366094 804515 642841 475535 310228 580379 166798 434281 398566 253676 569951 326141 79443 494035 94135 531386 615228 490926 261519 504476 716562 629563 664129 504084 250255 197153 623866 274149 755778 422247 537936 240207 422276 686992 385173 575521 269163 188558 717772 487189 618465 851087 310072 432705 136400 158236 817126 234431 137212 367719 231315 492148 394386 187346 744720 287377 716204 558228 256152 556364 343404 739109 746914 666972 457791 646056 793217 557219 565837 216383 849151 38325 491003 471743 536992 304406
431058 664916 245990 412723 507925 490962 466758 738462 581683 107643 457949 585560 106330 385404 670336 445232 299022 329719 692949 999999999 360022 947423 491450 479553 334805 349261 329488 923835 640534 939999 823003 463188 597168 906502 761352 424898 762759 263458 651800 775850 432756 704734 552919 465503 706873 540297 311372 553060 673954 771091 229510 962391 1001279 865186 384632 880341 913427 367113 374178 284039 711082 661127 724992 288166 740934 396036 383682 685805 612461 791739 418097 924611 571406 656417 673757 766348 542668 628954 215435 820380 461993 357669 942910 407778 745508 47340 511859 702919 551440 712070 238190 507460 535565 776972 297364 659447 903989 325609 215627 476973
331510 327643 439828 497371 416376 453031 491068 388263 229146 433698 151972 285481 352717 295056 471793 221490 211218 193426 377804 360022 999999999 588978 137680 205069 74349 430625 275272 571877 284885 606023 478305 160750 493241 556742 462000 65155 456157 294932 373337 459613 283382 388611 192897 465827 494973 597645 292480 275533 470262 415222 246088 650756 705422 511481 193865 604106 556200 324960 28801 200437 351296 303882 506325 109428 467234 479466 119389 353857 352058 513426 452460 610291 241512 310401 460476 439721 448377 272469 367862 460443 378041 201845 633415 463651 390230 400210 420448 465580 496273 460718 416292 277947 554489 530978 471384 353237 556743 328043 165087 319849
706347 313698 965658 934474 806746 874702 880107 223475 367870 1021874 509190 494923 938125 711064 689063 577484 744153 674172 343502 947423 588978 999999999 470683 566172 616842 944992 783261 225122 336478 353789 179927 544110 740167 112177 470487 523835 340332 802055 436622 416495 709442 426036 398026 845553 673404 972741 811332 541303 580919 179217 807767 330664 548823 213010 665261 437954 162394 810332 579446 744206 249967 286411 664642 681326 539358 979892 582288 385245 479848 418840 930508 308873 399704 357314 562157 380377 737884 318779 930711 136806 798331 695354 333803 892621 257752 988854 808616 618119 801222 588769 976348 615979 909217 502622 1019055 379136 263720 793443 749667 641651
423122 261216 574536 615888 411157 465073 597759 294200 149993 555526 184469 179534 469528 396483 404269 286433 277843 306748 332429 491450 137680 470683 999999999 148552 197919 491289 326276 434846 149123 469766 388132 101869 561474 456046 341283 84207 410759 423167 362733 330978 283583 262435 80012 568899 418022 704997 351729 190107 495856 307665 337578 588512 580084 374946 212281 572321 421978 363970 117939 275663 223727 198682 424828 211930 359594 533246 208401 220968 359017 486704 493064 547468 203889 173103 481877 307181 524994 173142 461230 336756 384361 237551 573795 579125 254335 528869 414531 377816 580975 365711 507731 228712 655336 525306 554203 320696 419078 446908 282699 391734
534551 405250 622276 699267 265373 323869 696014 424122 295279 516429 318133 106548 426529 499744 269146 411756 199191 398461 479487 479553 205069 566172 148552 999999999 279376 379398 221581 471475 231052 465358 516821 50192 688963 573942 282681 195622 556988 492191 510889 296907 146042 226739 219501 670891 290297 802401 250941 76407 639267 425346 273949 727994 525509 420257 107775 719677 478651 244231 176358 207025 319107 326994 301285 199004 271996 413828 317030 218316 505052 634863 366057 687192 352433 213591 626175 291108 647395 308126 384953 429570 243321 139974 714430 666957 316067 506908 268507 260976 698340 258090 425706 81193 759528 673617 459853 469072 443469 531000 266526 515608
259423 330763 377655 424280 479734 510546 416719 403996 249073 421789 127601 357981 349701 221405 545371 163777 257157 119088 366094 334805 74349 616842 197919 279376 999999999 467998 323927 623181 336624 666973 488304 234890 425721 571759 532537 114212 440852 225594 343423 527154 348737 457061 234587 391577 569080 523322 336228 349670 419257 438704 273301 639803 774797 561729 259169 577434 601607 376279 103138 242775 392207 330987 580586 148742 540360 519126 63778 418619 314350 486317 499008 600443 237887 369767 411585 504849 378888 298431 386420 495196 438994 261546 621276 389920 440289 379035 483917 539925 424480 534882 434526 351247 480291 492887 494180 336075 611677 254685 176617 254007
687765 744720 590838 743408 218793 168525 781732 785486 635579 296272 581731 466270 243113 640380 419175 630239 220747 545707 804515 349261 430625 944992 491289 379398 467998 999999999 165013 839684 608730 807174 879421 402656 865241 945156 596848 478392 883742 553237 803673 633084 243070 575216 571289 771424 459580 869814 140765 419406 886226 795877 197445 1073365 801419 793521 281566 1034629 854141 135784 419723 230196 696269 689495 480205 323196 548664 52910 531580 586447 779816 944034 74036 1032393 667316 592365 879257 642272 812285 664384 133826 808215 188811 253924 1057189 729229 694965 337167 221061 480163 840154 501444 123823 345247 852765 959082 105406 782540 806654 615759 298635 707081
566376 580922 537868 664152 185967 193750 687396 620472 471206 329170 427175 318171 244227 521184 342745 487580 66977 419270 642841 329488 275272 783261 326276 221581 323927 165013 999999999 691123 446808 672775 714408 239340 741397 780537 470723 317175 722249 458158 647684 498862 111051 434533 406278 671229 380561 784943 29751 273841 742068 631330 102032 909801 696604 641353 118012 875959 700181 53543 260576 83216 533709 524530 399517 175220 435000 208565 385467 436795 627321 785996 177189 868777 505927 434899 733408 501567 690899 499380 172074 646486 139087 89047 893932 642220 537117 340403 190207 383329 727166 397230 207438 206814 757561 806226 238274 622519 661063 515185 179886 574499
786024 412062 998766 1007402 665970 737096 968257 331732 403628 978540 550009 374032 889532 777037 512644 642902 669267 712311 475535 923835 571877 225122 434846 471475 623181 839684 691123 999999999 287354 128737 350347 469261 863603 321512 281241 511702 504684 839220 566395 228795 596626 268199 389576 934942 488880 1070197 720816 420410 725700 278889 742061 547446 323925 61979 579172 635451 64197 704786 552653 674874 241332 327167 476203 637392 350895 865190 610433 254375 599435 595479 809586 520142 466752 268059 706797 204537 848279 354187 856362 189265 669080 611352 547396 966805 182897 958804 666862 435894 912025 405468 897003 494589 1010664 674636 928221 501599 43310 847843 710299 730622
524573 228154 713620 735792 484383 548741 706142 210700 152282 702493 278506 179512 615318 507620 411214 379847 409662 432113 310228 640534 284885 336478 149123 231052 336624 608730 446808 287354 999999999 337060 297285 207883 634236 345350 263617 224385 376561 556406 375358 232499 376277 182230 107370 674559 410505 811728 474988 219926 531040 199376 476425 519280 476406 226628 328830 539855 272937 474535 266915 411135 88069 123645 410006 358462 308389 644669 329611 124557 390492 466550 596991 479850 228429 58172 513972 197540 607501 124475 597600 199684 469756 359142 508514 696622 105392 677593 486836 358994 668667 336716 642232 289511 756505 525394 683148 316240 275218 570863 430396 478772
859439 509325 1044260 1072846 613697 684709 1041688 438500 477576 981787 614940 359402 891887 844323 437146 714539 663298 768307 580379 939999 606023 353789 469766 465358 666973 807174 672775 128737 337060 999999999 470717 476811 954727 448884 213090 552768 618503 890614 667045 174490 568525 239459 444414 1009553 406772 1146444 702310 400045 827946 388971 738779 674691 195218 162061 570760 757054 192513 676693 582647 672199 321971 412115 390791 652279 274403 825551 665967 254947 695233 711163 767117 646231 548475 297220 809348 174329 934037 433498 843718 303881 625410 602419 673902 1033593 249065 970351 613799 359173 996815 329838 880036 466891 1089632 787609 903031 602124 94687 907615 724404 809757
536802 159139 810235 764058 778521 840264 705848 93952 249938 907988 367303 476706 830235 546618 703581 417645 664096 523959 166798 823003 478305 179927 388132 516821 488304 879421 714408 350347 297285 470717 999999999 481470 560590 88674 518027 416208 162352 648165 258094 469832 662265 450757 308138 671265 698008 795854 739682 516757 401268 101712 717311 226093 660443 309007 599466 286353 289253 750928 476512 659924 218902 190808 694384 582425 578729 920930 442556 396232 302754 247616 878731 189252 252885 343121 382449 429306 559905 215106 841425 168093 759998 625623 218462 722244 274836 867315 781212 643941 622853 618098 889205 583764 731884 329586 939338 204111 376299 631947 643390 470195
487111 362156 589174 657738 309290 364016 651343 387859 251215 509916 267964 129348 420558 453531 318284 362230 203265 353704 434281 463188 160750 544110 101869 50192 234890 402656 239340 469261 207883 476811 481470 999999999 639575 543294 309149 145797 512497 452933 462379 315429 182889 243586 177499 625439 337932 758121 267226 114789 589235 393993 273550 687838 553636 414434 121373 674187 469668 270547 132005 206736 294394 290675 347961 175830 307825 441147 268910 223033 455512 588385 397316 646872 304845 203038 576247 303357 598583 268980 391792 407408 283207 151272 673625 624355 302658 494226 312662 305604 650303 299994 435423 131198 713840 625216 475276 422244 445045 488641 247605 466431
177486 451773 421743 278167 905260 932848 196184 537254 482702 704700 377005 740941 674357 225080 957858 277408 674790 322393 398566 597168 493241 740167 561474 688963 425721 865241 741397 863603 634236 954727 560590 639575 999999999 641569 889744 493978 407372 333942 304461 865600 774404 807033 537419 170008 976167 251240 748292 748163 172268 591384 669451 549781 1110355 805888 684745 413265 815355 794857 519521 658204 632778 542648 984550 568984 918364 918124 374418 753719 265368 359812 909253 528614 408061 688934 188222 831749 54651 522155 754807 680472 863795 686734 529828 246524 706155 641377 909463 938722 77390 927183 796966 767276 187214 291412 861346 366237 872444 271744 569211 173717
624846 245926 898769 851717 829500 894078 792246 168685 327680 989024 453214 520458 909453 635225 735754 506243 733865 611791 253676 906502 556742 112177 456046 573942 571759 945156 780537 321512 345350 448884 88674 543294 641569 999999999 532727 493146 235710 736521 342513 480899 719955 474944 377187 757690 725558 880500 806943 563800 477545 149320 790833 225938 643485 294038 663696 325901 257356 813827 552526 731108 258932 257872 719533 657931 598171 984440 528373 425390 388387 308810 939416 199872 339047 381935 459113 441628 643836 286574 915061 170127 814902 691492 226353 809943 296253 950210 831875 670432 706169 642700 962309 634792 816207 392824 1010162 291527 355056 720620 721485 557905
762997 488512 897927 955658 400614 471666 939013 450346 413792 790734 518430 179887 701384 737711 231774 622441 470730 646665 569951 761352 462000 470487 341283 282681 532537 596848 470723 281241 263617 213090 518027 309149 889744 532727 999999999 423486 630055 756874 638883 54304 362608 82841 352357 909926 207951 1046227 499647 208305 794368 417659 546514 743051 244503 261645 379322 788915 323115 469126 434679 482225 307476 381430 196389 480929 70144 613326 549669 139096 653550 722685 554545 707222 490000 205613 777441 91218 858429 387583 642793 362781 413034 409287 736419 919653 243205 786716 400740 154659 917086 124233 676138 264225 995849 786259 694931 578940 239513 786121 549204 726288
345809 269327 491679 532460 437157 481721 516842 325058 166304 498580 124006 254731 416795 316089 463964 216571 257732 223291 326141 424898 65155 523835 84207 195622 114212 478392 317175 511702 224385 552768 416208 145797 493978 493146 423486 999999999 405430 339042 334037 414942 303834 345837 128218 488885 482489 624128 338000 255360 448220 350508 302648 596149 663709 450712 218656 559148 493531 363006 60723 250061 287064 239012 491521 166496 437327 525078 127807 305172 319779 469652 492804 555343 188979 255576 436337 391377 453833 207859 426190 395483 403278 234850 579500 496175 329165 465331 440978 447086 507047 438177 474322 275503 576220 495556 527037 305394 498660 363195 228420 321179
413983 153279 706142 634115 821641 875499 568272 183647 261711 858342 313548 547035 790204 434409 784312 323331 663005 439528 79443 762759 456157 340332 410759 556988 440852 883742 722249 504684 376561 618503 162352 512497 407372 235710 630055 405430 999999999 551269 122580 588106 693983 553591 338002 534103 786282 650776 743430 578446 241842 229681 702042 199808 801500 456999 617252 164522 446329 766427 464222 654528 323514 252928 786417 565584 682437 930449 382577 495589 170251 93840 896563 161968 216452 432554 223409 547993 413779 257899 822235 316097 794917 637663 180735 593031 394515 809386 824940 735433 474603 713230 870726 633861 586033 169953 927245 104778 525867 522244 613741 345457
170436 491962 163650 210490 640188 650729 230320 579238 443700 371088 295452 580058 343113 128552 746298 231694 397476 128842 494035 263458 294932 802055 423167 492191 225594 553237 458158 839220 556406 890614 648165 452933 333942 736521 756874 339042 551269 999999999 430712 752703 523624 682412 450425 218189 774641 327030 456438 566519 420093 623788 368064 744927 999906 777280 441901 644058 811485 510241 322662 378948 601267 527146 788356 311209 760748 605681 228936 644076 385462 560408 607343 710704 402414 593612 422566 730307 279361 495503 431997 693914 594353 430952 724522 184517 657137 308379 644513 751885 292894 750278 470625 554375 301163 531811 534835 456514 831158 64144 278619 225406
291631 158013 583988 513674 768277 815469 450630 235559 230509 750770 222000 524377 687660 312051 760667 207233 584506 324015 94135 651800 373337 436622 362733 510889 343423 803673 647684 566395 375358 667045 258094 462379 304461 342513 638883 334037 122580 430712 999999999 604560 636113 557508 304692 416171 768886 538084 665776 547345 160969 289540 614034 314714 836979 511426 552593 234049 514729 695647 387309 573630 349189 261974 772240 480734 681706 852795 281149 499901 47871 143007 824632 279993 160069 433503 142538 566661 301822 251410 729762 379575 736432 568402 294495 472302 424286 698896 771931 722229 364796 703868 777928 591425 473937 162860 837145 65020 579680 399897 519883 223118
746785 450962 898916 946682 444295 515624 925472 406320 384742 811932 500201 190433 722121 724424 283939 603964 492182 637661 531386 775850 459613 416495 330978 296907 527154 633084 498862 228795 232499 174490 469832 315429 865600 480899 54304 414942 588106 752703 604560 999999999 394043 71918 329848 895363 261679 1032319 528307 227680 762322 370615 567986 693792 249745 207354 399703 744711 268991 502213 433596 502104 264597 343902 250560 490737 124283 652670 538069 113033 622324 681406 594804 658658 460928 176668 744930 40608 836894 353579 670244 311417 453017 430894 687809 909513 196099 803814 444748 207735 896922 177376 705922 292572 979903 747653 728549 542999 187937 777872 561285 706140
606179 544704 623982 733782 133683 181527 746659 569172 433547 439754 425966 223370 353598 564647 238187 504863 136955 459962 615228 432756 283382 709442 283583 146042 348737 243070 111051 596626 376277 568525 662265 182889 774404 719955 362608 303834 693983 523624 636113 394043 999999999 333253 360388 726535 274140 848881 138494 176361 750136 571385 203531 870706 585649 550763 89744 854316 611797 108699 259953 154561 464311 471909 292266 214287 324296 271759 402551 343515 623607 767100 221092 829749 482634 353206 739048 400493 727428 451478 281862 573356 100997 92744 856513 707455 455438 447779 137628 273054 770809 286250 313570 102576 814865 798496 334723 600868 563898 574546 251785 601954
682089 409081 827500 878226 398133 469115 859259 377044 331275 742872 436689 120288 652985 657968 263268 540718 423901 569038 490926 704734 388611 426036 262435 226739 457061 575216 434533 268199 182230 239459 450757 243586 807033 474944 82841 345837 553591 682412 557508 71918 333253 999999999 269616 829723 250649 966350 464198 160920 712163 349184 499473 676830 317912 231665 331346 714432 295203 441951 362289 433081 234491 302512 244873 419054 129278 598344 470557 58226 571234 645383 542012 639671 407408 124059 695362 67267 776091 306648 604761 305664 401081 362965 668857 841560 178939 733327 399148 195487 835057 168093 641970 230708 915136 706855 667702 498366 232346 709031 489865 644196
419064 185764 609204 628470 484796 541357 599928 214221 77127 624013 172204 219752 540140 400680 456204 274967 356946 325150 261519 552919 192897 398026 80012 219501 234587 571289 406278 389576 107370 444414 308138 177499 537419 377187 352357 128218 338002 450425 304692 329848 360388 269616 999999999 568733 464314 705947 431612 244054 450064 229779 414209 510357 578038 327834 292010 501512 367154 443698 181483 353922 159014 119346 468132 283928 384837 613189 222651 217067 309474 418700 572477 469380 145522 154487 434423 298569 507210 93135 538320 267663 460534 317560 496138 589399 206916 592842 487971 418540 567074 401629 585325 295891 651723 464569 633074 255110 380792 463568 351642 376317
150119 536836 260021 109079 849352 864813 34587 627816 533394 570341 396533 743461 555827 172800 936260 295035 608023 272595 504476 465503 465827 845553 568899 670891 391577 771424 671229 934942 674559 1009553 671265 625439 170008 757690 909926 488885 534103 218189 416171 895363 726535 829723 568733 999999999 960615 137214 671723 739840 324620 680075 584779 699504 1144976 874130 640196 570823 894762 724119 494538 589859 694657 607855 972149 512370 926192 823846 361185 782541 369445 505880 824993 673658 468419 722826 336406 866453 131188 581119 649121 763993 804525 634263 679002 76947 762486 505671 853672 931008 98610 924781 686231 742022 88869 448241 750041 467367 936341 156697 491504 205932
824764 635106 890561 984189 241792 305398 985072 618657 538930 708037 600704 244565 624699 789934 40406 698852 409879 688024 716562 706873 494973 673404 418022 290297 569080 459580 380561 488880 410505 406772 698008 337932 976167 725558 207951 482489 786282 774641 768886 261679 274140 250649 464314 960615 999999999 1090937 403950 228401 911773 596341 477493 923824 347773 468381 337457 950126 530561 356342 466395 426620 479341 533859 20679 466193 137997 461325 606819 302063 772466 874505 401211 885703 609726 357239 896940 294003 936226 529435 541321 556275 272640 356719 914758 953602 429385 720720 240096 55368 988226 84809 562933 220339 1049365 927255 564498 716549 446703 817785 518345 803666
287181 668079 301910 127694 967177 976883 107289 758368 669780 637565 533746 878205 640139 308518 1065173 432063 724484 404424 629563 540297 597645 972741 704997 802401 523322 869814 784943 1070197 811728 1146444 795854 758121 251240 880500 1046227 624128 650776 327030 538084 1032319 848881 966350 705947 137214 1090937 999999999 782195 872835 422960 811354 692671 800984 1281985 1009675 764796 663933 1028676 836691 626445 705968 830527 743037 1103160 634964 1061066 921081 496799 919561 493202 610217 928654 779224 603445 860020 438068 1003600 237070 716924 741466 896753 921382 756149 780986 142737 899009 573837 971502 1063201 177171 1058022 773641 871249 64865 542518 835598 593611 1072467 274695 605622 339649
572129 603958 527579 659808 197741 194802 686536 645811 494940 304229 444337 347922 221383 526147 365463 499940 81269 425918 664129 311372 292480 811332 351729 250941 336228 140765 29751 720816 474988 702310 739682 267226 748292 806943 499647 338000 743430 456438 665776 528307 138494 464198 431612 671723 403950 782195 999999999 303553 755410 657872 90881 932606 724018 670902 146253 895507 729589 57046 279934 93570 561588 550320 423260 188068 462790 187355 398845 466504 643804 805182 162886 891631 526979 464051 747356 531256 696991 524576 143453 674608 151195 116092 916460 639515 566151 319110 201817 409059 731053 423896 177787 236035 757101 823004 209066 642741 690810 515156 181099 583655
600133 425174 698509 772266 266468 333463 765992 427767 320910 584601 372312 47433 494892 567633 214442 471069 264601 468411 504084 553060 275533 541303 190107 76407 349670 419406 273841 420410 219926 400045 516757 114789 748163 563800 208305 255360 578446 566519 547345 227680 176361 160920 244054 739840 228401 872835 303553 999999999 685486 419259 340456 736304 449784 374596 172267 742862 436029 284378 246773 275016 304868 333727 236406 275217 195738 446901 381564 167240 547436 662007 393503 696233 387285 184498 671163 227777 709064 321573 443846 407383 257441 203244 724446 739089 284179 578664 268630 191884 762307 185214 481250 75745 828103 708322 508661 499161 388419 603318 341699 576156
251402 318965 546913 432676 883819 923252 356058 394008 381205 779847 324531 668051 731711 291746 899911 256008 675735 352878 250255 673954 470262 580919 495856 639267 419257 886226 742068 725700 531040 827946 401268 589235 172268 477545 794368 448220 241842 420093 160969 762322 750136 712163 450064 324620 911773 422960 755410 685486 999999999 447382 689628 378372 997323 671657 662096 246203 672359 793518 490965 661878 509857 421831 916872 567509 833489 937833 356690 655315 141086 187545 918057 356385 305756 588807 19013 725128 193917 408821 793630 537599 847424 672093 358233 395262 584950 720885 887752 867904 246418 851656 839870 720420 358453 123676 902617 225822 740127 369907 589352 197034
536301 143322 787439 763850 683396 746855 714362 54149 189703 848911 330095 377775 767146 537142 602294 402199 585452 495543 197153 771091 415222 179217 307665 425346 438704 795877 631330 278889 199376 388971 101712 393993 591384 149320 417659 350508 229681 623788 289540 370615 571385 349184 229779 680075 596341 811354 657872 419259 447382 999999999 643985 327774 572561 227987 514389 376573 225240 664535 408436 583218 117600 111665 592672 512832 477430 835140 403072 294520 326024 322854 790381 290510 222218 242300 428424 330008 581373 142767 768074 90224 667224 542295 319707 722152 174672 813386 685919 542235 645384 516401 814980 488407 749320 398659 861836 225604 296995 617574 578549 474290
492187 571794 437147 569587 286820 285203 598384 624736 467771 244282 392636 379377 154902 445236 440827 433857 75882 348673 623866 229510 246088 807767 337578 273949 273301 197445 102032 742061 476425 738779 717311 273550 669451 790833 546514 302648 702042 368064 614034 567986 203531 499473 414209 584779 477493 692671 90881 340456 689628 643985 999999999 896748 780834 687922 168287 847120 743053 147543 241926 67246 558874 533141 495772 136913 518861 249904 337077 491395 587269 756050 241231 856211 487531 476583 683127 564768 617037 504410 124243 672658 239938 137348 879483 550130 575379 245000 290992 475318 647822 486200 171904 284956 669185 766105 225296 598609 716099 428087 101203 509702
596943 328915 895073 805258 992848 1051368 732157 308818 439450 1058134 512243 698475 989433 623344 928561 520875 853354 637588 274149 962391 650756 330664 588512 727994 639803 1073365 909801 547446 519280 674691 226093 687838 549781 225938 743051 596149 199808 744927 314714 693792 870706 676830 510357 699504 923824 800984 932606 736304 378372 327774 896748 999999999 869007 518056 799981 145591 483280 951178 656255 846202 444490 403124 920411 759858 804600 1118339 582230 622251 359485 193740 1080940 41068 409244 567868 364360 653469 570752 419868 1018334 384799 970574 822982 20690 765792 500186 1009087 995806 869905 624777 844175 1066817 799735 736666 259689 1121994 304182 580621 710741 811081 529475
996159 679520 1142368 1195972 587201 652847 1175185 618453 627677 1023451 749330 424324 935278 974166 387031 852834 705950 886817 755778 1001279 705422 548823 580084 525509 774797 801419 696604 323925 476406 195218 660443 553636 1110355 643485 244503 663709 801500 999906 836979 249745 585649 317912 578038 1144976 347773 1281985 724018 449784 997323 572561 780834 869007 999999999 352297 616893 946321 387714 685304 678461 718982 487939 575542 327416 724399 262129 807421 787681 362435 859812 895112 747188 839672 702897 423654 979257 279579 1083781 590922 867013 492378 612610 645194 867641 1159040 412940 1024225 585923 321266 1144563 301536 895307 495911 1229215 968389 904735 773114 288433 1026891 791464 954105
724967 355359 936966 945778 628485 699024 907324 278985 342101 922182 488135 327401 833578 715432 488128 581535 616187 650333 422247 865186 511481 213010 374946 420257 561729 793521 641353 61979 226628 162061 309007 414434 805888 294038 261645 450712 456999 777280 511426 207354 550763 231665 327834 874130 468381 1009675 670902 374596 671657 227987 687922 518056 352297 999999999 527409 595345 63558 657975 492876 620926 179834 266793 457832 579780 331590 821373 548471 207377 542748 549353 767116 487722 406341 211654 652862 175063 789251 293074 804135 141820 628121 559464 515909 905257 121562 900883 629697 413766 852852 383667 845806 449917 950509 626478 879317 446429 69014 785921 652546 670258
517239 471490 553152 652383 222538 263110 661370 505545 360547 412337 338718 211486 322629 476343 306229 415343 92562 371646 537936 384632 193865 665261 212281 107775 259169 281566 118012 579172 328830 570760 599466 121373 684745 663696 379322 218656 617252 441901 552593 399703 89744 331346 292010 640196 337457 764796 146253 172267 662096 514389 168287 799981 616893 527409 999999999 775048 585056 151697 171200 102915 415702 408926 353141 130718 356324 321485 312887 326046 537774 686549 280988 758914 402799 318697 651419 397003 637997 385035 277200 528496 185459 32199 784825 624371 420410 407757 226598 323761 682075 329662 318417 123842 728810 714201 355031 520913 551205 490104 181938 512216
484368 317706 784395 678758 983460 1035569 602127 338625 424716 981512 454490 711526 920774 517302 948675 435687 814394 550646 240207 880341 604106 437954 572321 719677 577434 1034629 875959 635451 539855 757054 286353 674187 413265 325901 788915 559148 164522 644058 234049 744711 854316 714432 501512 570823 950126 663933 895507 742862 246203 376573 847120 145591 946321 595345 775048 999999999 573068 922103 615655 804451 481444 416300 949857 712665 843640 1082855 515170 656808 268434 91149 1051952 140409 372279 595027 235259 704223 440008 422387 963676 454066 955308 793655 128636 640921 549009 927648 986848 898843 489822 876098 1011887 797347 600388 122674 1070831 254158 662577 602133 753797 420323
