NAME : synthetic_000666
TYPE : CTSP-D
DIMENSION : 100
GROUPS : 8
RELAXATION_LEVEL : 1
EDGE_WEIGHT_TYPE : EXPLICIT
EDGE_WEIGHT_FORMAT : FULL_MATRIX
EDGE_WEIGHT_SECTION
999999999 520015 636470 341107 669871 564894 426905 455139 379107 760077 580662 653748 368367 15776 216778 368407 375604 652360 425630 201899 523192 485186 566228 433243 425833 460416 411580 266398 459583 344802 576615 79195 303116 521856 532765 106162 238349 507513 450338 236782 238849 313624 287074 432290 298183 635609 622797 423368 565622 290420 548154 582135 540021 86919 436512 270603 341720 375670 305167 443295 358744 249397 202843 269825 519319 693992 437182 684647 123678 548014 329990 216379 164702 714470 778772 186616 309592 307119 162192 442940 441174 616108 171910 483243 273967 700741 663291 555305 550197 450257 522678 551359 510955 194559 383042 175292 198792 677575 152587 370661
520015 999999999 210555 620834 210526 267747 618700 668609 141756 363407 168114 173319 208015 535715 338258 795545 560157 311257 616286 346485 336984 682824 112365 372891 270254 809386 666757 638883 170784 829911 520675 460385 541857 433043 908990 619507 573586 221245 870020 756274 660512 526469 593007 94428 762367 121494 383232 756003 356760 796518 865765 416738 931023 555320 698955 447743 722704 151280 458156 240305 544897 760750 697764 656864 457932 394749 834400 224216 643466 580493 197742 719683 398825 284874 528819 349710 574454 554938 419494 602886 201101 487410 387954 80646 625084 427095 176510 666387 427580 605381 899532 566614 598958 375771 760880 647477 321230 157617 428428 154166
636470 210555 999999999 806684 360752 471403 586580 866514 289619 520229 57090 77216 403355 651918 423086 958836 756064 118455 584283 436724 231522 883097 99338 321059 478686 991647 649742 808198 380910 972741 731167 563059 728214 643598 1088315 721127 610367 430532 1037524 868853 819450 715549 772180 237658 820385 152946 222497 939488 564284 879643 1055345 283722 1107427 645554 891606 632934 747200 279098 649118 449920 739507 851086 833139 694722 362766 202156 1006848 58513 752978 790142 365554 805364 483136 81917 718570 500322 583622 741002 497029 561536 410275 695862 473317 177800 797953 619344 88781 873720 312994 807172 1078492 776624 806183 538594 935369 790482 450329 199891 584780 286228
341107 620834 806684 999999999 670691 502141 765532 116519 517803 687491 750979 791231 412901 339965 476656 223707 95379 865634 764111 462264 779260 147251 712831 715515 382286 189221 752682 105391 474748 326439 346903 394807 79013 344441 290200 394260 579456 476813 274618 400120 164896 95613 54033 569073 589863 739539 873900 135483 444026 525552 249298 854377 315085 424057 98602 174041 670134 531736 164108 415338 97061 482545 284532 603420 815776 929165 229367 837600 371002 274095 441297 480033 457464 888327 602084 328956 649596 65983 468645 778975 442583 416236 458150 629072 83627 561850 796088 236644 832219 140452 281188 286862 217611 280905 157111 237196 395365 759613 253824 524203
669871 210526 360752 670691 999999999 181248 827153 683036 324321 160460 343012 289645 303831 684709 523310 876636 588878 478248 824744 528068 540106 688247 288218 583250 289838 856274 872413 718982 214585 937059 455261 624929 596984 382677 957810 775146 766239 193936 941391 897088 755014 576673 658850 294529 940138 208339 570740 802854 273315 958418 893745 615372 984667 722138 727043 515495 916153 343084 511109 258194 578801 918825 819175 846724 665551 562743 898879 340000 791787 539383 344452 882366 579091 407645 367181 484285 775735 609555 601737 812397 240584 395831 568515 290789 700128 274894 282515 639679 631205 610226 949413 521422 577369 491499 825092 763099 480359 173712 545889 343029
564894 267747 471403 502141 181248 999999999 812057 504619 304293 198426 434860 415692 210447 578058 471257 716561 415389 578309 809746 470629 592678 508421 377748 603788 141474 683581 844207 562181 134298 789601 278519 538080 432832 201890 784656 670596 710501 65398 776107 774654 604776 411244 497189 306048 855357 336981 649049 630824 97456 854262 716133 675746 812688 632028 550940 361832 856689 329567 350179 121775 407213 811766 684030 783006 701197 662276 731507 469790 679500 358995 281164 781232 515145 536574 270212 381455 737833 444716 538740 804319 134024 228397 505868 336418 541428 169243 413067 458603 680314 430977 776638 341399 396126 372045 658750 625798 401765 325687 422260 325563
426905 618700 586580 765532 827153 812057 999999999 876594 513729 968990 553443 647765 608904 431190 351392 773084 785704 521790 2416 357514 361435 905746 581741 266065 707672 882396 72450 692704 678177 706950 936407 372650 717420 861028 944768 415502 195764 746741 850779 534796 659088 722889 711729 533243 352376 682772 426382 848680 858183 458537 971960 352101 946418 353151 862397 658342 223567 490669 693309 705778 767238 458136 584104 224697 250737 506997 848186 644925 455094 934763 532778 415312 331279 632126 1074758 495970 118456 723922 312184 33546 680440 951904 336068 541586 700872 978394 660802 963592 308701 860735 935036 933040 910182 539512 803121 583814 440318 739087 532841 492789
455139 668609 866514 116519 683036 504619 876594 999999999 583640 672282 812764 841803 463633 454864 573042 293116 111216 936498 875090 559536 864378 30755 769265 809151 408124 196978 866411 216875 508184 413059 290849 504233 162552 317841 291064 510772 693231 494053 316997 509763 274407 164061 169487 630587 705572 781955 955684 154012 429025 637891 211799 942698 322389 539238 58851 246307 786547 601045 221451 441607 129099 595595 394589 719450 911794 1005200 267178 891271 487082 200663 507288 595145 560822 946853 549626 418376 761834 154047 574042 888634 475334 367617 560330 689410 197627 528182 845057 131890 923751 74881 284689 218037 139782 368592 212248 351038 486073 794268 352752 593420
379107 141756 289619 517803 324321 304293 513729 583640 999999999 456324 233387 285188 134839 394851 200812 672685 472458 353129 511363 207418 308669 602561 200265 301442 234449 702060 552905 519793 170864 696993 497151 318647 439747 409480 798756 477823 442183 240635 750139 615739 534533 428130 482565 55461 623525 256930 385848 650015 368085 654935 766892 393097 818158 413847 604877 344668 592099 25745 363277 217965 455058 619004 561766 523503 402276 424988 718145 325534 502298 535664 76775 578090 259597 371510 573552 216574 452787 452396 281176 503350 182788 485055 248769 114001 508825 473417 292821 606805 389141 529462 788952 525545 540104 250510 646206 513822 180476 298800 299427 21314
760077 363407 520229 687491 160460 198426 968990 672282 456324 999999999 503448 447465 396058 773677 645521 906879 596011 638144 966604 647512 698095 670258 448368 734823 339797 861297 1009176 755396 307343 985351 401978 727885 623015 354467 960626 866137 889025 252578 961990 972926 800354 600795 688270 437542 1046210 367338 731147 810156 244743 1050233 882908 774702 990328 823558 724014 557997 1037746 478547 543571 317694 590692 1008203 882226 965563 821278 722378 915659 495902 876523 496665 456256 976370 695644 562642 233849 574621 907552 634220 719088 956742 320150 328013 685667 443927 733832 167560 439397 599991 789149 597410 953314 477220 546728 568934 844548 823885 586857 326989 620021 476859
580662 168114 57090 750979 343012 434860 553443 812764 233387 503448 999999999 94373 350687 596170 368491 901766 702032 143449 551093 381810 211550 829956 57598 287681 430402 935411 613739 751316 335125 915990 686860 507977 672683 598670 1031798 666751 563657 389240 980510 813874 762363 660399 715878 182528 771635 144957 227754 883402 524868 827726 999872 277176 1050723 591990 836754 577450 703568 222199 594396 402955 685240 798248 776602 648458 343805 227731 949995 105750 698003 742303 309685 752918 429144 138737 690234 443250 541550 685414 443834 530375 363059 655452 419143 123368 741228 589502 107378 823616 299734 754614 1021955 729383 756103 481737 878640 733612 393409 199658 527724 229381
653748 173319 77216 791231 289645 415692 647765 841803 285188 447465 94373 999999999 379719 669461 447806 957169 733021 194645 645417 459985 301234 856142 87519 381893 442112 978930 708066 802777 341188 981170 684412 584535 712230 598530 1077642 744834 654008 382028 1033771 889493 819532 697657 760927 229824 859635 82108 299569 925876 511299 911077 1037578 359026 1098610 672564 871333 617401 795733 281389 629716 411046 717508 879834 844252 738994 433608 276765 1000217 54121 774011 749729 356272 835424 509580 121334 652622 501668 634621 725249 526053 624488 372705 643268 499180 172460 790504 555167 13092 838052 386220 778672 1068037 735050 770784 534774 927380 797986 459667 123455 584557 287526
368367 208015 403355 412901 303831 210447 608904 463633 134839 396058 350687 379719 999999999 382788 262320 594405 353856 481390 606655 260779 442937 479755 305653 426237 103657 601659 636873 436268 91218 640795 363305 331840 333965 276414 701611 474363 500061 146572 666413 593264 463647 318457 386566 171139 650176 326970 520424 548178 249921 658491 657974 527183 724232 427795 491633 240366 646419 158632 250200 96875 337986 617762 517469 572956 529972 556617 629060 428059 488936 401235 77861 583362 304698 483299 465930 181787 529113 347059 328293 603974 76965 356478 295444 227625 420890 370985 383923 475378 521253 403965 692235 390823 408177 188431 555150 462667 191935 350967 243112 151853
15776 535715 651918 339965 684709 578058 431190 454864 394851 773677 596170 669461 382788 999999999 231656 358048 378337 666983 429989 216895 536636 485114 581943 445576 438548 453513 413269 261517 473984 330914 584164 92887 305411 531104 523855 92539 240316 521164 439735 221009 230957 316911 286002 448061 288298 651376 636208 417776 577117 276574 541940 594597 530332 84509 434276 277611 337537 391446 311734 456588 361872 235083 189073 266818 530284 707881 427926 700235 108152 553227 345364 203263 178492 729789 789379 201003 313295 308770 174799 448228 455168 625151 186035 499004 270359 712345 679022 557664 562145 452580 513807 557087 514807 206886 375487 164297 214506 693286 162828 386436
216778 338258 423086 476656 523310 471257 351392 573042 200812 645521 368491 447806 262320 231656 999999999 569079 469048 435820 349252 15652 314262 599001 361167 239211 357543 636252 374870 437957 341082 560414 587848 140463 410982 510334 721453 298266 243930 406170 651064 445832 430572 409585 427933 244076 424119 442275 413292 590537 508854 464348 716052 382227 733881 224763 574535 332323 393505 187069 364466 358419 449918 432114 418600 323414 339364 480672 629960 473808 329982 594870 190790 388176 62081 499469 727019 157836 266816 420741 81310 350757 337348 600618 51469 284243 435969 633229 458407 637710 356801 540747 711266 590944 578272 207007 566110 383715 93009 490617 222842 184824
368407 795545 958836 223707 876636 716561 773084 293116 672685 906879 901766 957169 594405 358048 569079 999999999 319032 997161 772285 553427 883159 316925 872948 799305 587127 142289 739976 158534 669817 128024 567490 445218 284070 568023 172755 358026 577364 683784 82238 278595 140089 306132 219373 727667 505316 916973 982353 149119 665293 409806 228308 947291 173669 423253 236482 361394 619327 680170 366972 618444 319922 376126 190662 568907 887659 1048634 77858 998087 319614 487037 601190 395620 527719 1040370 824739 458516 655349 272673 529077 794707 639595 638895 532893 786635 176508 785374 964021 424088 917085 350403 163419 502171 426886 422404 81948 193962 512593 945064 374094 673257
375604 560157 756064 95379 588878 415389 785704 111216 472458 596011 702032 733021 353856 378337 469048 319032 999999999 825283 784058 456206 754762 132411 659222 702585 305639 268205 781453 189920 403473 419635 253507 413847 73348 249515 369426 447419 609559 396345 366791 477191 248233 62935 120349 519711 649309 675239 845296 215516 351599 596422 308592 833840 397305 462235 140373 137802 715641 489835 110583 339254 19131 552256 363092 645076 806143 894128 319785 781886 430828 188797 396076 543451 462268 836657 507010 312284 673880 72963 477434 795375 370662 321252 460702 578723 166071 466915 736660 179877 816031 75253 361302 198863 139622 262501 249903 309847 379811 690196 254097 482210
652360 311257 118455 865634 478248 578309 521790 936498 353129 638144 143449 194645 481390 666983 435820 997161 825283 999999999 519663 451014 162614 955682 200762 269262 567956 1044907 590104 853723 475698 996164 827423 574589 788998 738927 1137960 724712 581724 531968 1077996 874737 857111 778957 826122 310263 795425 271169 113517 994459 667942 867515 1114768 185292 1154366 645518 955757 694885 706031 335602 715559 542119 807671 843937 854409 662794 278746 85015 1051647 158510 760225 879199 429218 796746 489833 116967 832203 543971 541182 801288 498768 493123 502221 798132 481445 256517 846402 731938 205196 956751 222609 882392 1127919 867057 889485 587859 982786 817856 484990 317989 627777 343225
425630 616286 584283 764111 824744 809746 2416 875090 511363 966604 551093 645417 606655 429989 349252 772285 784058 519663 999999999 355423 359242 904221 579351 263735 705469 881350 74057 691495 675856 706497 934390 371093 715839 858944 943918 414778 194933 744433 850056 534527 658035 721253 710322 530840 352875 680376 424423 847530 855957 458799 970873 350207 945647 352129 861020 656571 224435 488292 691524 703530 765581 458163 583392 224775 248854 505085 847329 642633 454422 932894 530505 415223 329365 629927 1072500 494024 117447 722370 310335 32352 678154 949786 334112 539170 699596 976110 658454 961893 306788 859076 934178 931139 908408 537636 802105 582873 438261 736688 531129 490419
201899 346485 436724 462264 528068 470629 357514 559536 207418 647512 381810 459985 260779 216895 15652 553427 456206 451014 355423 999999999 329898 585723 373068 254064 353810 620961 378174 422575 341842 545160 579928 126372 397293 503532 705938 285236 241543 405812 635414 432141 414937 396342 413241 252707 416229 452474 428942 575422 505353 453437 701016 397604 718292 213018 560282 319929 390421 195228 352493 356133 437083 420453 403400 319253 353542 496265 614365 486917 316262 584853 191575 377023 52344 513558 723983 146149 268981 406891 73879 358214 336605 594518 41475 294881 420771 631133 470417 625959 371838 528317 695750 581326 567097 194765 550635 368177 83580 500035 208543 192471
523192 336984 231522 779260 540106 592678 361435 864378 308669 698095 211550 301234 442937 536636 314262 883159 754762 162614 359242 329898 999999999 887172 256464 108133 542944 947599 428504 750517 468501 867406 805816 444001 707239 718103 1034927 583474 423641 535028 965219 733043 744833 701232 734075 288546 637189 355108 99619 900155 669444 714552 1024434 84535 1047945 503120 874630 618076 543940 284317 644494 524545 736065 693928 725697 502923 132466 174469 944064 288422 621193 841242 373610 646326 358588 270703 860953 450304 379343 718468 362554 334111 487106 791588 352038 258969 746904 758935 314203 905708 91104 819772 1024752 832136 840483 498799 879319 695638 384389 410752 528766 291103
485186 682824 883097 147251 688247 508421 905746 30755 602561 670258 829956 856142 479755 485114 599001 316925 132411 955682 904221 585723 887172 999999999 785256 834082 418880 211201 896260 247288 519806 438960 280998 533209 189932 316319 300226 541510 723129 501754 335179 539535 304473 189416 200057 648286 736265 794427 977539 173231 428943 668061 213045 966178 332449 569533 80447 269780 817201 620706 242838 452080 151179 625896 424534 749966 937195 1025567 285429 906267 517822 187409 526631 625764 588369 962948 537884 443346 791320 182217 602030 917425 487063 358719 587614 706607 228272 521959 858988 107410 948040 78806 294676 205850 128043 393501 235281 381545 511024 804746 379953 613091
566228 112365 99338 712831 288218 377748 581741 769265 200265 448368 57598 87519 305653 581943 361167 872948 659222 200762 579351 373068 256464 785256 999999999 319348 379349 899269 638370 719742 281883 894497 632821 497229 634026 544985 997061 657635 573241 333496 950312 802020 734661 620530 680341 145569 776199 101674 283208 846628 468549 825066 960692 327989 1017203 585896 795846 538798 717377 194691 553404 350693 642987 793280 757142 658252 386687 285257 917828 125501 686582 690860 273714 749174 423097 177694 632688 415991 558763 646934 440096 560930 310999 599544 412611 86364 708260 531912 97403 774481 346830 708922 987348 677424 706947 450728 845496 711371 372463 158304 499473 201062
433243 372891 321059 715515 583250 603788 266065 809151 301442 734823 287681 381893 426237 445576 239211 799305 702585 269262 263735 254064 108133 834082 319348 999999999 529794 874245 328790 675464 471829 774156 786326 354715 648117 701332 957074 484238 315807 541339 881537 632596 663560 645117 667127 300953 529197 421007 200065 829308 669227 608233 955015 149116 967804 403876 813074 564802 436818 275719 594612 517479 683518 589028 633486 394791 105465 279776 863930 379531 523087 809875 349986 541346 271695 371821 873881 390802 271923 658356 271067 242749 483866 782594 267123 292461 674499 772958 394952 864273 118282 771844 946884 803023 801562 440627 802515 608113 323101 477626 461744 280714
425833 270254 478686 382286 289838 141474 707672 408124 234449 339797 430402 442112 103657 438548 357543 587127 305639 567956 705469 353810 542944 418880 379349 529794 999999999 569777 731968 430016 101501 652799 263441 404844 307400 175251 671345 530981 587048 96765 651612 633182 468799 287479 369017 261339 719443 376381 616312 516037 151590 714105 614063 627435 697197 496311 445880 226807 729569 259381 221302 33625 293472 671290 543528 655004 633287 646661 609476 494143 538675 311901 181110 641801 392803 554964 370591 246044 622587 320079 416048 704214 69410 252835 384560 311456 410671 281109 443717 396161 623210 340289 662648 299203 328778 231805 535542 485572 276942 386166 281044 253058
460416 809386 991647 189221 856274 683581 882396 196978 702060 861297 935411 978930 601659 453513 636252 142289 268205 1044907 881350 620961 947599 211201 899269 874245 569777 999999999 856345 198930 663665 268917 487751 530077 267803 508808 101598 474709 687697 662940 128255 416393 223327 284746 219580 754577 639504 928508 1044710 53841 616592 548819 91295 1018424 129255 529269 139683 361715 746363 714307 353316 603100 277475 513005 316606 690354 969542 1104506 81073 1024446 439819 397111 626236 527974 605466 1073500 746602 501701 763945 254694 611653 901042 631361 564195 608517 814634 200695 722828 984097 315586 992416 268767 93160 414825 336478 457065 80090 300499 564553 948822 419640 706893
411580 666757 649742 752682 872413 844207 72450 866411 552905 1009176 613739 708066 636873 413269 374870 739976 781453 590104 74057 378174 428504 896260 638370 328790 731968 856345 999999999 672745 711711 664683 948764 368690 710904 877278 912630 382772 173235 778842 815254 488780 634212 718554 698650 577931 291349 738361 497178 826092 883473 401267 946975 423490 911979 330623 847545 660033 157575 531323 695464 733235 763534 405779 549430 174930 322259 578195 816503 708242 420380 939766 563092 365928 343436 698646 1101867 507078 111163 716229 321779 105675 710902 969907 350153 592019 683154 1007852 721010 960945 379965 856700 903135 939547 910891 546875 776406 555892 457804 794185 532977 532567
266398 638883 808198 105391 718982 562181 692704 216875 519793 755396 751316 802777 436268 261517 437957 158534 189920 853723 691495 422575 750517 247288 719742 675464 430016 198930 672745 999999999 511327 234056 442790 332497 135494 427960 284975 300868 500801 526778 231210 294821 59610 158107 71300 574176 490106 760130 848307 157462 517401 421284 283221 820176 300674 342187 181131 203488 578346 529119 212111 460857 184066 378768 179222 515090 770641 910205 198730 845196 273343 376453 446531 378951 406599 890042 692250 310097 574769 126591 413218 709311 481234 507619 409588 633725 23904 643031 809180 341685 793680 245297 274847 387933 321741 269613 129287 134368 369782 787142 225949 521970
459583 170784 380910 474748 214585 134298 678177 508184 170864 307343 335125 341188 91218 473984 341082 669817 403473 475698 675856 341842 468501 519806 281883 471829 101501 663665 711711 511327 999999999 724167 351850 421713 397464 263552 764915 565579 583210 69810 738385 683396 543764 379147 455622 180033 739919 274931 533358 609824 200946 749694 711985 552661 789562 518137 543815 309253 731215 196412 310950 69863 390106 708976 604649 658594 571149 556721 698378 393647 579954 409729 150351 674498 388861 455549 402708 272991 606525 410470 412387 670102 32865 325650 379057 221426 493954 302890 342489 496875 553725 441374 755935 395845 429653 277086 624172 548783 279613 286723 331364 192010
344802 829911 972741 326439 937059 789601 706950 413059 696993 985351 915990 981170 640795 330914 560414 128024 419635 996164 706497 545160 867406 438960 894497 774156 652799 268917 664683 234056 724167 999999999 672938 423769 369533 661969 275710 298255 514923 748887 169283 178467 184998 392129 305006 752397 404963 950687 966922 276206 750237 299977 350628 923230 263944 375048 358955 427774 529876 699852 442455 681510 416252 273257 141972 489910 852870 1038764 194958 1017241 257454 599172 632179 302835 509382 1052621 925463 481000 592900 360528 504997 732107 696553 740228 516711 808714 257414 876977 989403 544940 889024 462962 268351 612782 540622 455625 207891 183203 522883 984884 401846 693646
576615 520675 731167 346903 455261 278519 936407 290849 497151 401978 686860 684412 363305 584164 587848 567490 253507 827423 934390 579928 805816 280998 632821 786326 263441 487751 948764 442790 351850 672938 999999999 588289 313107 88669 580792 667240 786986 302389 604268 721761 500026 292389 372031 524282 870429 609498 879630 442368 182258 832925 492457 890210 612645 661307 348414 306717 914204 521627 273564 285908 258922 788215 610571 839932 891132 907789 554868 738247 659172 96254 436910 772301 606448 802898 259298 441822 837615 318811 627307 938141 325593 78033 600813 571954 418886 243965 683491 198676 884451 220489 574868 76762 152963 402982 492162 554401 496494 603246 427399 515011
79195 460385 563059 394807 624929 538080 372650 504233 318647 727885 507977 584535 331840 92887 140463 445218 413847 574589 371093 126372 444001 533209 497229 354715 404844 530077 368690 332497 421713 423769 588289 999999999 344823 524147 606733 160642 199881 476840 527376 305898 312046 350923 341552 369273 318337 572074 543604 489840 552212 336676 615717 503408 615464 97212 492734 291854 329032 311636 327356 416908 395634 300370 281870 254077 442927 615003 512017 612858 190037 572329 280543 259866 85613 639876 769928 159073 260099 351278 83868 384505 407994 618607 93252 416531 336507 685330 594620 592787 472089 489055 596585 573049 542213 186760 454576 253401 144596 616899 164709 307472
303116 541857 728214 79013 596984 432832 717420 162552 439747 623015 672683 712230 333965 305411 410982 284070 73348 788998 715839 397293 707239 189932 634026 648117 307400 267803 710904 135494 397464 369533 313107 344823 999999999 292663 368294 374196 538457 403133 344549 409764 188964 22636 65507 490561 576396 660721 800583 214229 382886 525957 327192 783985 392207 389520 167725 95290 642507 454300 86611 339954 58804 481560 297543 572224 750116 853938 302097 758700 358325 258447 363096 471265 398467 809778 557925 258065 604261 13111 412143 728283 365603 374310 397834 550510 112450 507560 717075 252272 763596 147189 359103 266546 212411 208727 228146 242043 325525 681429 190212 446732
521856 433043 643598 344441 382677 201890 861028 317841 409480 354467 598670 598530 276414 531104 510334 568023 249515 738927 858944 503532 718103 316319 544985 701332 175251 508808 877278 427960 263552 661969 88669 524147 292663 999999999 607093 618506 719994 217010 615414 688964 481057 270186 356993 435704 819373 525049 791133 458908 113325 791781 528568 802566 637326 603700 370362 260159 852795 434186 232019 197242 248277 747191 582745 777961 805724 819156 567554 652155 615214 157209 351372 726777 533857 716203 267283 371243 766233 301444 555613 861072 236951 94598 527418 483318 404560 217420 598077 257110 797613 242987 600041 140019 196582 337394 499116 524625 420905 521924 369579 427694
532765 908990 1088315 290200 957810 784656 944768 291064 798756 960626 1031798 1077642 701611 523855 721453 172755 369426 1137960 943918 705938 1034927 300226 997061 957074 671345 101598 912630 284975 764915 275710 580792 606733 368294 607093 999999999 530344 749006 764526 106436 445929 294687 385813 316780 851927 674205 1028577 1133014 155313 716127 573866 106000 1103225 33215 593366 236736 461304 791238 810013 454260 704648 379014 543420 363415 741640 1049317 1195167 96616 1122435 492251 487609 723514 566178 686006 1170228 838092 593988 826736 355192 689936 965739 732682 658143 690032 911927 291616 819208 1083083 398349 1075338 365003 10192 506067 428056 551195 155735 362215 654701 1049685 510440 802686
106162 619507 721127 394260 775146 670596 415502 510772 477823 866137 666751 744834 474363 92539 298266 358026 447419 724712 414778 285236 583474 541510 657635 484238 530981 474709 382772 300868 565579 298255 667240 160642 374196 618506 530344 999999999 220194 613594 435278 150085 255201 388907 342200 529359 203620 732438 681773 447633 668438 184259 565754 632237 531048 80435 481472 361042 277479 471876 393676 549123 432599 143679 168629 216142 556905 757526 433996 772054 40814 629372 433480 110862 238133 796499 879215 292694 298506 375146 226319 438238 547336 711917 247822 577172 315662 803748 755037 623459 595953 519198 520754 634877 586518 299222 394626 174634 299512 776547 253425 467502
238349 573586 610367 579456 766239 710501 195764 693231 442183 889025 563657 654008 500061 240316 243930 577364 609559 581724 194933 241543 423641 723129 573241 315807 587048 687697 173235 500801 583210 514923 786986 199881 538457 719994 749006 220194 999999999 646175 655351 348000 464601 546768 525423 479562 213746 665789 513987 655423 737932 296578 777709 452116 750772 158894 674506 491489 149923 425315 527002 593324 591871 284054 388799 85029 362987 594929 652429 667262 260230 772104 433069 237322 195400 674509 957083 349206 78342 543495 171828 218085 576661 813953 204648 508989 510547 867517 666115 789317 411118 684750 739279 772929 740804 384107 608155 388346 310391 718286 364441 424375
507513 221245 430532 476813 193936 65398 746741 494053 240635 252578 389240 382028 146572 521164 406170 683784 396345 531968 744433 405812 535028 501754 333496 541339 96765 662940 778842 526778 69810 748887 302389 476840 403133 217010 764526 613594 646175 999999999 747627 723173 565224 382744 465387 246725 794860 308060 596119 609397 136585 797736 703147 618801 791071 571794 535563 323550 792927 266139 317486 67748 385595 755855 637107 719524 640086 614673 704953 435861 624568 371220 215856 723793 450952 500741 332917 322166 672618 415666 474552 739198 69625 266216 441534 282685 507366 233148 381251 465247 621343 423032 756027 355428 399602 317267 631199 579623 338467 307521 369418 261805
450338 870020 1037524 274618 941391 776107 850779 316997 750139 961990 980510 1033771 666413 439735 651064 82238 366791 1077996 850056 635414 965219 335179 950312 881537 651612 128255 815254 231210 738385 169283 604268 527376 344549 615414 106436 435278 655351 747627 999999999 341346 221136 365397 283032 804804 569751 991194 1064356 162989 718100 467996 191106 1029525 97415 503054 258151 429163 689344 758526 430311 683804 371299 438502 266693 642547 969650 1130264 49834 1075671 395901 517286 677500 463103 609956 1119217 863504 537531 733570 332160 611242 873194 707368 678863 615120 864138 245525 832269 1040281 441437 999299 383804 99307 534092 456312 499633 117513 275462 593109 1017367 452935 751504
236782 756274 868853 400120 897088 774654 534796 509763 615739 972926 813874 889493 593264 221009 445832 278595 477191 874737 534527 432141 733043 539535 802020 632596 633182 416393 488780 294821 683396 178467 721761 305898 409764 688964 445929 150085 348000 723173 341346 999999999 235773 429644 357948 669069 228410 872371 830994 405667 756931 132761 505685 779737 438372 230044 466450 430629 351416 612415 456949 656163 466980 97653 115599 313887 700923 907261 355648 918717 115879 665987 563669 124490 386936 945112 955872 414201 424303 405837 376123 561637 661122 777803 396271 719707 316749 890948 899275 636477 742417 539064 437544 675506 614188 406921 340707 167736 435285 913889 353805 607440
238849 660512 819450 164896 755014 604776 659088 274407 534533 800354 762363 819532 463647 230957 430572 140089 248233 857111 658035 414937 744833 304473 734661 663560 468799 223327 634212 59610 543764 184998 500026 312046 188964 481057 294687 255201 464601 565224 221136 235773 999999999 211140 128134 589752 436789 781993 843768 192520 565988 363617 313113 810669 304244 305999 234387 242968 531379 541182 257713 498165 241131 321751 120289 471266 754740 909174 200402 859523 223823 435626 464454 324826 392004 900861 746865 319248 540643 181685 395330 677775 515087 563147 396469 648298 82735 694161 826719 400784 781710 304907 284541 446782 381280 285264 144584 81651 372508 812407 235205 534368
313624 526469 715549 95613 576673 411244 722889 164061 428130 600795 660399 697657 318457 316911 409585 306132 62935 778957 721253 396342 701232 189416 620530 645117 287479 284746 718554 158107 379147 392129 292389 350923 22636 270186 385813 388907 546768 382744 365397 429644 211140 999999999 88064 477973 591835 644597 793530 230945 360351 544148 340186 778993 410530 400427 176856 84177 654437 443616 68639 320309 45184 499625 318239 583359 747930 845262 322209 744784 374703 241254 351358 487944 400487 796902 535736 254325 610946 33506 415206 732781 347021 352472 399242 537750 135086 484933 702205 242553 759722 138180 376797 248351 198203 204532 248537 262087 322025 664087 191985 436014
287074 593007 772180 54033 658850 497189 711729 169487 482565 688270 715878 760927 386566 286002 427933 219373 120349 826122 710322 413241 734075 200057 680341 667127 369017 219580 698650 71300 455622 305006 372031 341552 65507 356993 316780 342200 525423 465387 283032 357948 128134 88064 999999999 535349 539829 713240 829827 168344 448392 479922 290525 807751 338026 370172 151183 146860 617204 494739 147962 400951 113114 436265 243219 549970 766325 887310 243022 805681 320564 308655 406944 431105 406075 854057 620959 284711 595651 55578 416513 725424 424423 436338 407197 595385 47619 572619 766478 283643 784401 182195 307130 319181 256287 238493 168872 191614 349691 736725 205884 487319
432290 94428 237658 569073 294529 306048 533243 630587 55461 437542 182528 229824 171139 448061 244076 727667 519711 310263 530840 252707 288546 648286 145569 300953 261339 754577 577931 574176 180033 752397 524282 369273 490561 435704 851927 529359 479562 246725 804804 669069 589752 477973 535349 999999999 668181 203369 355554 702189 380939 704347 817688 372636 871807 463065 654239 395278 628916 57795 411868 239091 502808 669413 616887 562613 395582 386398 772275 271051 555013 570282 128415 627582 304994 319254 575942 272030 482771 503357 325368 519686 200341 504542 294127 60059 562741 474296 237369 646488 374684 573671 842178 558858 579233 305310 700019 569213 234315 247919 354734 61860
298183 762367 820385 589863 940138 855357 352376 705572 623525 1046210 771635 859635 650176 288298 424119 505316 649309 795425 352875 416229 637189 736265 776199 529197 719443 639504 291349 490106 739919 404963 870429 318337 576396 819373 674205 203620 213746 794860 569751 228410 436789 591835 539829 668181 999999999 863895 726195 622621 862646 113240 730053 661864 666710 223355 670583 563865 136256 611125 596933 733755 635054 131711 324264 137088 568319 807565 582908 876409 219301 832693 596233 112326 363950 886715 1076845 474086 267329 576589 342879 384125 726227 913326 374796 705517 508041 997394 871315 823123 619769 719773 665725 838415 788788 490959 561334 356149 461158 913842 450724 608623
635609 121494 152946 739539 208339 336981 682772 781955 256930 367338 144957 82108 326970 651376 442275 916973 675239 271169 680376 452474 355108 794427 101674 421007 376381 928508 738361 760130 274931 950687 609498 572074 660721 525049 1028577 732438 665789 308060 991194 872371 781993 644597 713240 203369 863895 999999999 369459 874944 433539 905764 982551 422056 1051111 664740 814980 567326 812063 260581 576026 343968 660726 871720 817497 750515 486559 355094 955152 134863 758380 678606 318645 829177 504190 202807 570518 469934 655888 673828 523134 662356 307499 565252 493413 158413 746064 473228 76988 769863 444300 716151 1019204 663213 703078 497147 881476 767979 437303 56630 549557 265163
622797 383232 222497 873900 570740 649049 426382 955684 385848 731147 227754 299569 520424 636208 413292 982353 845296 113517 424423 428942 99619 977539 283208 200065 616312 1044710 497178 848307 533358 966922 879630 543604 800583 791133 1133014 681773 513987 596119 1064356 830994 843768 793530 829827 355554 726195 369459 999999999 996665 732502 808003 1120350 76156 1146479 601350 968268 709788 625161 363455 734733 594633 826836 789091 825256 590212 176390 82014 1042662 269775 719843 921509 456397 741410 458206 229945 911958 545291 462917 812108 461985 395681 555687 858994 451642 313463 844088 810312 311278 990762 118188 908221 1122849 911244 924637 593005 977319 795205 480443 420635 625272 370767
423368 756003 939488 135483 802854 630824 848680 154012 650015 810156 883402 925876 548178 417776 590537 149119 215516 994459 847530 575422 900155 173231 846628 829308 516037 53841 826092 157462 609824 276206 442368 489840 214229 458908 155313 447633 655423 609397 162989 405667 192520 230945 168344 702189 622621 874944 996665 999999999 565417 538317 126141 972231 181957 496529 95163 308501 722998 662745 299538 549334 224147 500004 298450 663748 926095 1055217 113183 971689 415190 354372 573955 510346 562541 1021291 701658 452313 730450 201127 570010 865984 577520 517812 565014 762247 154971 674208 930932 280360 947250 222009 146651 371331 293401 406729 68552 273297 516223 895032 371443 655293
565622 356760 564284 444026 273315 97456 858183 429025 368085 244743 524868 511299 249921 577117 508854 665293 351599 667942 855957 505353 669444 428943 468549 669227 151590 616592 883473 517401 200946 750237 182258 552212 382886 113325 716127 668438 737932 136585 718100 756931 565988 360351 448392 380939 862646 433539 732502 565417 999999999 848676 640472 753574 745673 640802 479692 328684 879143 393825 308562 153578 346998 804841 657618 804359 770283 750971 671378 565416 671500 267208 327406 779020 544168 631685 219189 393236 774174 393417 567333 853813 185368 131985 536035 419155 494996 135331 509165 369076 754428 354203 708731 248816 309807 371691 600818 598819 428255 423136 415047 388575
290420 796518 879643 525552 958418 854262 458537 637891 654935 1050233 827726 911077 658491 276574 464348 409806 596422 867515 458799 453437 714552 668061 825066 608233 714105 548819 401267 421284 749694 299977 832925 336676 525957 791781 573866 184259 296578 797736 467996 132761 363617 544148 479922 704347 113240 905764 808003 538317 848676 999999999 637651 748217 563785 241287 596817 531701 248839 646553 561686 732979 584438 44722 244081 235228 659390 887975 486047 933454 177335 784330 615393 76846 402270 950752 1055968 476913 362591 523755 385034 489070 731594 883538 412910 748312 441957 983949 922012 762109 707569 662115 565902 792371 735346 482357 473461 288616 480074 952266 434374 642855
548154 865765 1055345 249298 893745 716133 971960 211799 766892 882908 999872 1037578 657974 541940 716052 228308 308592 1114768 970873 701016 1024434 213045 960692 955015 614063 91295 946975 283221 711985 350628 492457 615717 327192 528568 106000 565754 777709 703147 191106 505685 313113 340186 290525 817688 730053 982551 1120350 126141 640472 637651 999999999 1097334 138502 619029 168223 422432 837650 781028 407863 647688 322077 602741 407724 781526 1052141 1177397 155705 1084955 531069 397091 690276 618766 688672 1136841 746069 575196 853557 314498 696116 990035 679199 570456 691101 877593 281032 734712 1041896 301935 1072844 286366 105528 416201 339932 528426 171284 391347 640109 998693 495764 773491
582135 416738 283722 854377 615372 675746 352101 942698 393097 774702 277176 359026 527183 594597 382227 947291 833840 185292 350207 397604 84535 966178 327989 149116 627435 1018424 423490 820176 552661 923230 890210 503408 783985 802566 1103225 632237 452116 618801 1029525 779737 810669 778993 807751 372636 661864 422056 76156 972231 753574 748217 1097334 999999999 1114784 552040 950752 696534 555816 368617 723992 609068 815001 731913 782602 525044 101380 154964 1010840 335679 671434 924675 457061 684281 419622 302205 943195 526061 395967 794879 419945 320863 571567 876075 414444 340488 817982 841167 371442 987597 43617 900103 1093033 915821 922775 575259 948125 756773 459068 475909 601880 375330
540021 931023 1107427 315085 984667 812688 946418 322389 818158 990328 1050723 1098610 724232 530332 733881 173669 397305 1154366 945647 718292 1047945 332449 1017203 967804 697197 129255 911979 300674 789562 263944 612645 615464 392207 637326 33215 531048 750772 791071 97415 438372 304244 410530 338026 871807 666710 1051111 1146479 181957 745673 563785 138502 1114784 999999999 596907 267116 483913 786758 828633 478619 730345 406085 535277 362791 739638 1058391 1209985 103953 1142678 492084 519857 743491 560465 696226 1189337 870319 610738 828843 379158 699084 968283 757530 689830 700706 931701 309500 850255 1104329 431299 1085949 395881 37787 538210 460080 569240 172114 366946 670007 1073406 526613 821382
86919 555320 645554 424057 722138 632028 353151 539238 413847 823558 591990 672564 427795 84509 224763 423253 462235 645518 352129 213018 503120 569533 585896 403876 496311 529269 330623 342187 518137 375048 661307 97212 389520 603700 593366 80435 158894 571794 503054 230044 305999 400427 370172 463065 223355 664740 601350 496529 640802 241287 619029 552040 596907 999999999 517566 356329 254929 405271 391197 510404 445512 207438 239402 182941 478094 677253 496776 697620 119470 634695 377752 164525 163090 719727 856585 250738 234695 393123 148693 372664 503424 698230 173398 507692 352631 775120 683165 641788 516093 536708 583504 637786 597868 269763 449977 231313 241806 710983 234550 401574
436512 698955 891606 98602 727043 550940 862397 58851 604877 724014 836754 871333 491633 434276 574535 236482 140373 955757 861020 560282 874630 80447 795846 813074 445880 139683 847545 181131 543815 358955 348414 492734 167725 370362 236736 481472 674506 535563 258151 466450 234387 176856 151183 654239 670583 814980 968268 95163 479692 596817 168223 950752 267116 517566 999999999 260872 758844 620471 242511 479504 154255 555670 352742 694296 913822 1021478 208337 919439 454471 259329 528104 558932 556064 972736 607535 424724 745859 156193 567187 876460 511015 424594 556715 713844 166089 583364 875330 187681 929391 129103 229714 276478 198381 375845 154908 314435 491752 830535 351740 612869
270603 447743 632934 174041 515495 361832 658342 246307 344668 557997 577450 617401 240366 277611 332323 361394 137802 694885 656571 319929 618076 269780 538798 564802 226807 361715 660033 203488 309253 427774 306717 291854 95290 260159 461304 361042 491489 323550 429163 430629 242968 84177 146860 395278 563865 567326 709788 308501 328684 531701 422432 696534 483913 356329 260872 999999999 610764 359692 35513 257380 118772 487082 328949 537344 668484 761100 389878 663568 355488 280685 267955 467734 329945 714489 525840 174885 550281 108145 346902 665782 278489 352044 327375 455221 185015 461211 622432 307123 678300 208426 451896 282287 251843 125326 315731 270155 242209 589949 127154 352101
