NAME : synthetic_000546
TYPE : CTSP-D
DIMENSION : 100
GROUPS : 8
RELAXATION_LEVEL : 1
EDGE_WEIGHT_TYPE : EXPLICIT
EDGE_WEIGHT_FORMAT : FULL_MATRIX
EDGE_WEIGHT_SECTION
999999999 136710 445384 617063 515878 290991 993006 561975 216815 914012 702725 872069 425176 207500 470869 381382 504404 986760 629459 981198 745162 512163 439912 639102 268122 260704 705013 962736 779162 301382 294905 839087 560040 410444 303774 585364 133126 271096 559822 727908 973668 464448 533530 422732 329847 193449 55356 767193 722739 319262 181558 646461 113140 264298 819085 535041 978187 839041 970251 564123 412514 444400 1025833 794530 191023 477794 947648 482725 372000 991634 138309 907049 335767 784003 269070 631107 768932 428039 366894 296632 480707 672444 533748 67039 315249 49261 330318 518936 347330 932463 986784 425554 979012 738537 294112 335462 343863 532662 711043 630142
136710 999999999 331752 601965 383602 370914 871008 425775 82492 837163 654941 833744 293226 278781 485658 375703 502834 883784 593111 862487 757538 375472 308176 618801 381975 378989 688026 866171 735175 166130 395348 759234 435199 499795 345652 449267 266255 157770 425459 686989 873975 552931 586690 409400 279202 323686 188986 640315 715593 389491 53628 574209 106270 130538 757934 401617 944960 796412 858845 490004 452214 311947 909845 793729 319016 367131 925290 563910 358779 965006 239284 899866 207096 652571 135900 633054 684724 528940 458250 275605 515932 597125 403887 126102 425309 185810 431865 461198 384853 808124 890946 348358 860923 664395 234938 201275 302313 400366 583162 647205
445384 331752 999999999 853810 343783 701938 811420 240066 295519 949809 849786 1032155 122739 609782 779251 660484 779087 910024 814221 821617 1034561 251041 313218 862094 709540 704316 930975 916923 930038 261815 726571 870911 433944 831258 665976 324169 577002 357202 202557 891493 913115 884138 904341 682309 531615 638224 500488 577244 970507 718449 278131 727540 435666 217412 915726 174527 1146528 989244 853106 652869 766203 307854 878573 1053100 636351 457850 1146710 893686 638398 1177377 568857 1145905 308888 550223 211104 904131 792588 860465 789939 561412 824197 739830 139840 394777 754571 491070 763080 662772 700892 740437 942076 537264 823402 801276 489632 173573 560548 353189 522935 933979
617063 601965 853810 999999999 612439 427904 785878 771601 582672 441497 172730 274508 748318 447173 177300 235681 120010 637282 96616 747559 197027 703710 582750 30775 543848 562733 87951 580247 208883 592540 491632 401932 557414 448767 343057 711853 617532 500618 807854 160457 607030 452384 298919 195346 329481 612528 609878 677913 116810 392900 637136 269705 519952 652484 302608 803759 368165 254753 681920 272451 273158 591106 759287 199310 599632 450570 330765 420708 246788 376042 525692 298320 546618 743392 658012 80732 381718 506514 455219 328265 232232 292278 837137 672385 531590 625233 495917 213962 306192 763376 594514 324941 740650 313493 374586 680470 302708 619201 655492 149683
515878 383602 343783 612439 999999999 646378 501606 164658 301113 612310 556835 730573 222848 568592 604504 493319 577788 569007 546193 501553 808516 105241 76018 610599 708714 713273 672838 573349 631430 218926 698620 534925 90663 767344 567338 102195 633451 257401 208177 602511 570384 811330 765669 493357 361365 682452 561974 263781 721955 644625 356403 418021 430461 285010 596008 214388 842518 686020 519104 359368 634151 71660 554945 803864 674410 161977 856835 805925 468891 879633 574634 877599 181218 269008 284160 680839 457920 815095 735907 423454 671233 423094 257460 507564 740527 562939 731495 399212 584334 434386 598560 296241 501705 477395 341700 236042 386117 16788 205489 730169
290991 370914 701938 427904 646378 999999999 1037100 750277 415417 825250 567887 702375 646363 92172 251588 236029 309033 964060 480611 1012560 498493 686477 577800 456874 116179 134834 509019 922562 628247 483094 68664 763600 650838 129884 101958 740150 220058 400033 763970 575852 941891 182215 250638 275721 306564 194219 252449 846620 507833 37408 424276 574358 266334 489980 701279 745309 792633 680274 975674 510675 160857 585292 1044555 564375 182106 535750 744321 194158 247577 793625 153876 680961 481476 886495 496168 409502 711022 169486 91421 237781 223895 603944 757813 357996 114624 269059 90351 437891 124733 989877 943065 415203 1008085 658962 309673 553458 294156 661336 799567 384537
993006 871008 811420 785878 501606 1037100 999999999 573182 790285 454710 631552 713074 705041 983485 884920 817360 829734 232038 689488 48027 956859 565949 570303 764613 1128989 1139175 791992 292584 657708 714303 1101777 429660 436032 1131916 938531 487766 1093160 721912 616729 669366 263576 1161480 1053594 791207 733140 1131476 1031073 238855 847295 1020962 852170 518000 891064 785661 556410 641250 786528 677103 139202 546306 957325 568927 92164 906741 1121103 519956 844018 1142478 798796 836824 1016677 919551 664394 263673 785178 866258 412480 1189068 1113546 800922 961820 493759 684007 997108 1147998 1035798 1127430 625063 935090 71224 302921 622150 56584 481216 741719 736893 743041 486302 296827 935430
561975 425775 240066 771601 164658 750277 573182 999999999 351437 764169 721486 894790 153703 664201 747429 631228 727517 689305 709028 585929 966247 69239 192524 771490 793313 794081 835063 704731 795959 271280 793567 688972 246008 877389 684459 93594 691720 350823 48439 767121 696733 925404 900678 637908 494820 747733 614749 343217 883062 755222 382085 582301 503055 298900 757719 68358 1006324 850177 624462 523700 764588 183929 643732 965445 742010 323874 1021472 925087 606760 1043942 651646 1041496 270401 310683 294791 837049 613874 919357 841651 548688 808991 586431 112854 534102 831213 611228 828716 560067 708285 502008 729162 449396 588277 638598 465656 228737 522301 163660 292546 882516
216815 82492 295519 582672 301113 415417 790285 351437 999999999 777932 614670 796637 231419 324602 488111 371227 494747 810786 561028 782870 751805 297222 225706 595941 444242 443829 665766 796357 695939 84583 449885 698941 354255 545247 371105 368720 341968 94064 356149 650313 802586 596715 608825 398181 253192 396663 266480 558443 698782 427940 69227 520582 154083 78109 708317 334561 909745 757197 782116 436967 470720 229457 831168 779511 390677 293945 896645 603142 350747 933480 301472 880499 125898 570078 84415 623383 622666 580590 505911 270173 529455 541286 343201 207551 484422 265202 485982 419405 405403 726769 821393 298254 781532 608322 208149 138129 280352 317879 501109 646348
914012 837163 949809 441497 612310 825250 454710 764169 777932 999999999 270065 270029 827086 810234 599204 591171 535098 238379 356752 407171 560692 716176 637410 412047 938166 954361 407079 171688 248699 737114 893685 79809 522422 876930 725443 673822 965878 684731 812008 284885 203256 888138 740337 549757 585762 981264 929981 488394 454651 796268 846814 267679 801040 816911 140828 823661 332050 242904 318492 350138 692708 642277 390755 492431 968657 500246 393357 858763 584564 382557 873467 478903 675995 561402 819925 509865 158283 936240 874893 633286 667201 241714 868172 948094 938437 941344 907087 401140 701938 469196 174602 490967 398665 175571 619924 804782 576685 606989 507220 579246
702725 654941 849786 172730 556835 567887 631552 721486 614670 270065 999999999 183298 733239 566220 331416 342186 267401 467616 88396 590310 325314 658583 548491 144602 683202 700643 160442 408851 81441 600257 635272 229919 483410 609370 471905 646923 731189 522504 763818 46672 436411 618629 470785 298348 378209 737610 707847 557939 215911 536360 678556 145531 594150 672500 134891 765967 297616 142557 518578 199623 426537 555883 596424 281419 724718 401876 300620 588831 341603 327799 637386 327455 544337 628961 677061 246311 219576 668375 610002 407060 397490 154613 805096 748263 678550 721357 645370 195276 443185 617475 422354 318998 582900 150438 420733 682920 359904 559111 547459 316997
872069 833744 1032155 274508 730573 702375 713074 894790 796637 270029 183298 999999999 914666 717295 451614 497091 393725 507555 242873 666951 315200 834160 727955 245655 818353 837209 199324 441134 102195 783554 766032 284026 651775 716948 615402 815642 886647 705066 938656 146786 472570 713780 548742 453392 554992 885216 871826 692618 225465 667397 859555 312553 766818 855575 160585 942590 114433 44750 582115 379811 546871 735071 657127 235769 872282 580474 135942 679166 502029 149280 793544 209053 727505 766399 860184 311143 322551 772862 727040 575615 500064 309819 982914 921430 805494 886295 769386 377570 580030 715962 444543 502156 658669 269547 598818 866049 534156 731260 693202 369125
425176 293226 122739 748318 222848 646363 705041 153703 231419 827086 733239 914666 999999999 555930 689575 570142 682423 791278 702404 711638 934470 139108 191039 754337 673116 671285 822265 796116 812783 169999 681049 748230 312299 776044 595506 219400 557716 266356 137504 775927 793189 827005 827027 586864 435936 616375 479760 467514 864334 657355 243778 607593 384796 162748 794840 110723 1028845 871319 737760 534865 688327 185400 767477 947318 612080 337063 1031952 831890 546804 1061033 529910 1036019 202685 449179 157327 803565 669945 812008 737120 475543 741407 618928 111841 389629 714626 474096 717236 550154 626007 634822 821352 426313 712830 679625 397480 93547 465041 233397 411239 838760
207500 278781 609782 447173 568592 92172 983485 664201 324602 810234 566220 717295 555930 999999999 281649 224049 327816 928837 482766 962161 549207 601874 497527 473491 145783 155857 533211 892372 634259 394879 130384 743162 581192 221674 106626 659203 170461 316284 675917 581455 909255 274357 326030 268017 251513 171729 177884 782352 541380 113582 332112 549195 174246 398376 695255 656447 815298 690300 932212 477278 209426 504643 997908 606474 158931 470965 774637 285526 226476 821863 81459 721862 397855 817336 404533 445069 683818 256424 181405 186695 277841 578235 667598 274156 172139 194695 164689 411530 149071 932416 914208 363998 958272 638247 243289 462731 246902 584120 732636 433495
470869 485658 779251 177300 604504 251588 884920 747429 488111 599204 331416 451614 689575 281649 999999999 119451 64129 769617 243181 852334 275068 678260 555404 207085 367111 386225 257494 719255 382728 521487 314419 547491 573516 278000 175033 706631 451090 424312 775552 331569 742812 290620 171196 111267 255100 440106 454271 735420 260173 215980 529626 376916 389112 564708 466257 765213 541203 431611 799117 338952 96432 563980 873806 325514 427344 453857 495196 264428 142909 543640 362701 440368 490067 791189 570829 163421 509238 337143 279904 218178 76923 405365 791179 532192 354353 470542 318939 260528 133921 850413 736786 312152 846441 447451 292124 608227 226476 615379 700571 161900
381382 375703 660484 235681 493319 236029 817360 631228 371227 591171 342186 497091 570142 224049 119451 999999999 127316 729882 259174 789224 382445 562259 440152 258252 347115 363190 323631 686987 410958 402090 304678 527915 470879 314757 134702 594909 390694 304929 657963 358245 706877 345184 272367 44121 136787 395461 375766 647035 343629 211044 416554 338474 286482 446991 472054 646904 599423 468017 746161 278250 145928 448674 817318 419317 382582 350169 566325 329644 24533 610794 297101 528579 371088 697215 453044 257501 475203 372593 299555 101491 178281 368079 672168 437310 350512 390737 322360 202937 119115 775899 707257 210815 784147 423126 172675 489004 108929 505199 607036 275126
504404 502834 779087 120010 577788 309033 829734 727517 494747 535098 267401 393725 682423 327816 64129 127316 999999999 708039 179105 795848 257058 658337 535048 148069 425183 443809 205404 656704 320645 518015 373980 483986 538604 342108 223133 679832 498274 421886 758766 268934 680709 354107 223979 96929 247611 492518 493691 689751 218335 274804 542770 317183 413228 568934 402275 750689 487958 371344 740081 286281 159444 543637 815438 292245 479622 421435 447436 326875 144718 494155 407075 402860 480193 748480 574839 130226 447593 401271 343138 227630 135970 345060 779611 562458 415285 509406 380654 209678 186353 797831 673881 281639 789730 384749 289732 606047 218585 587369 658107 156528
986760 883784 910024 637282 569007 964060 232038 689305 810786 238379 467616 507555 791278 928837 769617 729882 708039 999999999 542679 184504 783642 659815 619537 611111 1068875 1082374 622385 66726 471688 749307 1032161 239943 482496 1038464 862138 595943 1064891 726147 737233 496184 35141 1058848 927843 694861 681356 1092320 1014623 356410 674559 940896 878813 394456 875879 828425 362881 756115 567476 477371 94222 453595 854984 621434 155280 722032 1080576 517093 631472 1034021 716545 618280 978333 716608 690653 417000 829723 713642 260451 1097743 1028294 742396 844009 365237 801537 1006237 1078563 1022856 1051990 526947 848310 267439 71319 570695 176118 325185 703491 796444 682175 557884 398560 784378
629459 593111 814221 96616 546193 480611 689488 709028 561028 356752 88396 242873 702404 482766 243181 259174 179105 542679 999999999 650981 280385 642946 525941 76479 596254 613951 127347 487093 151856 557284 547670 310259 482897 521180 385958 642406 649777 472151 748271 99323 513108 531387 387352 215053 313908 653466 630736 588357 179828 448604 621544 174966 523967 624606 223277 747070 352064 210088 585524 191394 338146 533932 662812 259209 640538 385155 335941 502280 261367 372706 556083 334451 505453 655748 629637 176770 285587 580269 521610 332874 310549 196248 783377 678577 590646 644872 557222 152342 355883 668023 502410 276962 644056 217898 358456 643183 291927 551075 569459 246289
981198 862487 821617 747559 501553 1012560 48027 585929 782870 407171 590310 666951 711638 962161 852334 789224 795848 184504 650981 999999999 915378 573094 567050 725473 1107172 1118016 750621 244569 613727 709407 1078093 384147 429896 1103976 912982 497498 1077356 710580 630973 627068 215674 1131985 1019825 761378 710906 1113677 1017374 244496 805636 995078 846455 481522 876951 782994 511194 654278 739120 631555 91229 514992 927241 566395 58821 863539 1103003 504790 797284 1111909 771474 789487 998611 873989 657161 281537 782897 827619 370771 1161665 1087030 777915 929104 456260 698012 988466 1124493 1022822 1102751 593713 907657 95720 255168 598951 8562 439880 722114 737595 719201 486992 300462 897238
745162 757538 1034561 197027 808516 498493 956859 966247 751805 560692 325314 315200 934470 549207 275068 382445 257058 783642 280385 915378 999999999 897882 775887 205304 604255 624420 164873 720864 313195 772900 548041 543874 754433 465135 444101 908422 713790 677623 1001229 289208 750516 445525 276984 353784 503140 692680 725610 868702 109855 461148 798993 453421 663550 825818 422872 995819 354043 324308 841633 467766 341515 784344 919462 86009 680598 646889 282799 407835 401438 334417 630581 192863 731791 936049 831690 130910 544631 512307 488791 483783 274931 471430 1027545 807112 577133 742169 538916 410881 400638 941644 730305 517399 907889 475668 546196 861133 474397 815650 849322 115715
512163 375472 251041 703710 105241 686477 565949 69239 297222 716176 658583 834160 139108 601874 678260 562259 658337 659815 642946 573094 897882 999999999 123304 704226 734058 735791 768446 669352 734367 213974 731833 639292 193775 812638 618045 82247 639188 286444 105486 703792 664078 859962 832132 568677 425996 693462 563346 328732 815815 690118 336240 521733 445179 254725 701104 109191 946570 789721 602110 459734 696429 114711 629319 898384 687060 258280 959075 858742 537774 983000 593714 976263 205105 311069 251632 768445 562651 855859 777692 480782 740148 527714 152378 490345 770584 561158 766562 493042 640883 495715 694288 380718 574464 582589 397642 189147 453334 109188 273021 813444
439912 308176 313218 582750 76018 577800 570303 192524 225706 637410 548491 727955 191039 497527 555404 440152 535048 619537 525941 567050 775887 123304 999999999 584553 635888 639840 650003 617195 626660 144938 627861 558210 139129 701075 503065 162384 557676 183325 225343 592517 617466 746605 711088 445540 304575 607174 485978 334802 696030 578183 283073 418288 355144 215944 604323 221466 841673 684111 577272 348923 576566 8597 618533 778875 599310 147645 848794 743214 415628 875575 500294 860270 105397 344493 215924 646058 479747 747099 668161 362190 618324 428510 257652 432749 668942 486924 661375 374461 523182 504658 642596 258490 566574 488653 279150 176912 331345 92784 276871 690273
639102 618801 862094 30775 610599 456874 764613 771490 595941 412047 144602 245655 754337 473491 207085 258252 148069 611111 76479 725473 205304 704226 584553 999999999 572946 591699 69827 553196 178109 601743 521109 374444 551871 479486 370307 708803 643596 511616 808967 129907 580405 483112 328796 216384 343204 640065 633721 664147 111590 422188 652244 251428 539798 664098 272660 805977 342178 224563 658019 262866 303219 592791 735600 194322 627147 448662 308936 451323 267417 352593 551245 285053 553790 730957 669490 102885 357566 537274 485634 347296 263006 272211 840487 693114 561434 648851 525948 211506 334394 744170 566939 328695 718420 288779 388505 689229 317494 616585 644033 173510
268122 381975 709540 543848 708714 116179 1128989 793313 444242 938166 683202 818353 673116 145783 367111 347115 425183 1068875 596254 1107172 604255 734058 635888 572946 999999999 20179 624211 1029907 744338 522033 56247 874726 725545 166799 212751 795959 153523 452752 800356 691893 1048052 216407 340393 388547 396266 103015 216261 927733 620956 151150 434647 683270 290574 510920 816091 778664 907552 796451 1075442 615571 274183 642584 1142102 674061 95110 616530 857552 244830 355729 907316 143206 790562 533341 961484 516657 522637 819407 165612 126871 329797 332970 712717 784641 329859 48448 229864 76111 545755 240520 1078186 1051055 508410 1103169 769793 389028 579786 389474 724605 877530 492651
260704 378989 704316 562733 713273 134834 1139175 794081 443829 954361 700643 837209 671285 155857 386225 363190 443809 1082374 613951 1118016 624420 735791 639840 591699 20179 999999999 643486 1044160 762483 522943 76426 890266 732492 185057 229348 799088 140591 456522 799909 709964 1061947 233570 360364 405081 407317 86368 207490 935695 640683 170408 431104 698201 291037 508725 833200 777723 926933 814943 1087582 629439 293759 646366 1153646 694107 79932 624955 877286 262994 370986 926978 142461 810622 536525 968129 514354 542346 834080 179915 146031 341719 352969 727581 782535 320682 62947 220229 94566 560527 258567 1087583 1065497 519738 1114129 785281 398120 578208 401702 729306 884892 512745
705013 688026 930975 87951 672838 509019 791992 835063 665766 407079 160442 199324 822265 533211 257494 323631 205404 622385 127347 750621 164873 768446 650003 69827 624211 643486 999999999 560970 159241 671018 570716 382501 610240 517717 428132 769572 703671 581304 873555 126205 589921 514794 351384 283087 412981 696636 697513 709446 55976 473091 721905 292581 607516 733838 266565 871447 283741 189326 677687 318602 350675 658138 755551 131892 683794 511359 242920 480572 334472 288828 612373 215413 622394 778419 739212 112548 379851 573538 528702 415441 301092 308574 906748 760207 608812 712941 572178 275614 389752 777195 571975 396072 743165 310825 458276 758334 387124 678027 693526 176008
962736 866171 916923 580247 573349 922562 292584 704731 796357 171688 408851 441134 796116 892372 719255 686987 656704 66726 487093 244569 720864 669352 617195 553196 1029907 1044160 560970 999999999 408088 740026 991035 179132 484100 991442 820657 611179 1034243 708528 753096 434977 31586 1009551 873955 650104 648848 1058600 987561 384736 612277 897805 865177 348744 850588 820081 298722 769985 501073 411590 153425 415099 807054 619983 220867 657608 1046580 502949 564749 983501 675204 551855 945720 650173 680015 450958 821871 655149 212106 1050909 983316 707051 792453 319141 815516 986272 1037183 996674 1009280 484724 804310 319914 25407 540699 236024 271965 674352 793425 647145 563778 419968 725803
779162 735175 930038 208883 631430 628247 657708 795959 695939 248699 81441 102195 812783 634259 382728 410958 320645 471688 151856 613727 313195 734367 626660 178109 744338 762483 159241 408088 999999999 681532 694210 233212 554701 657428 535995 718675 801613 603900 839218 52821 438096 660976 503625 366839 457439 804541 781982 610775 206028 594938 759553 214187 671885 753936 109677 842436 216628 61321 534812 278050 479157 633874 612136 251127 791601 479388 226290 628717 413077 248981 707933 270073 625338 683573 758489 266752 249723 715350 662461 482661 441115 215267 882307 826329 735911 795925 701241 276544 503916 651965 417121 400427 605820 186961 500556 763869 437989 632758 606203 334054
301382 166130 261815 592540 218926 483094 714303 271280 84583 737114 600257 783554 169999 394879 521487 402090 518015 749307 557284 709407 772900 213974 144938 601743 522033 522943 671018 740026 681532 999999999 523301 657369 279521 611887 426705 284180 425844 97181 281058 639598 743746 661706 657031 421499 270407 479544 350860 479674 709324 491386 138166 490879 231920 80426 680933 262334 897825 742057 714314 410215 518338 147670 759522 791734 473087 239368 892264 664784 379232 925576 380573 886331 61186 487762 82948 642376 579425 651080 574440 305964 571693 508122 278097 288742 560201 349777 558803 408038 456291 649272 765330 282070 708551 573716 229697 88258 299467 235582 421798 673567
294905 395348 726571 491632 698620 68664 1101777 793567 449885 893685 635272 766032 681049 130384 314419 304678 373980 1032161 547670 1078093 548041 731833 627861 521109 56247 76426 570716 991035 694210 523301 999999999 832250 708561 119421 170384 789585 195956 446600 803967 642035 1010208 172274 284936 344311 369276 153835 247604 907249 566067 99274 448888 642943 296310 520825 769010 783718 853634 745236 1042660 578638 220097 635003 1110966 618193 143924 595736 802595 196465 315897 852563 159096 734647 528136 944694 526812 467838 779580 134264 76471 300966 277312 672523 792890 359953 46561 262870 36518 506323 192285 1053308 1011609 479636 1073761 727624 368068 587522 358928 714043 858883 436653
839087 759234 870911 401932 534925 763600 429660 688972 698941 79809 229919 284026 748230 743162 547491 527915 483986 239943 310259 384147 543874 639292 558210 374444 874726 890266 382501 179132 233212 657369 832250 999999999 445567 823134 662617 599717 895331 605979 736514 256326 207490 838051 697608 488081 512523 913214 856828 428135 434652 736247 767920 195117 725972 737216 127219 747316 367472 247455 302331 275109 638283 563199 379279 484319 900751 420454 417200 810540 519319 415933 803701 489909 596238 502144 740201 476133 78596 882654 818141 562983 618810 167363 791538 871537 877672 867749 847663 331830 641924 432493 192582 414531 375994 105016 545071 725029 505171 530183 441101 546749
560040 435199 433944 557414 90663 650838 436032 246008 354255 522422 483410 651775 312299 581192 573516 470879 538604 482496 482897 429896 754433 193775 139129 551871 725545 732492 610240 484100 554701 279521 708561 445567 999999999 764733 563068 163982 667889 290080 292432 529811 482251 804822 740792 462976 349686 711812 601256 207567 661798 643876 416705 340541 463445 354191 511891 301869 762145 607041 438156 291906 616020 139933 480276 742103 702575 120709 780954 795239 447301 801053 599530 808599 228372 236179 354492 630430 369217 816241 737178 416961 644883 342195 345971 561258 752659 604552 739186 344005 573517 373064 509394 261774 429037 392688 341192 315030 369975 84618 153225 685175
410444 499795 831258 448767 767344 129884 1131916 877389 545247 876930 609370 716948 776044 221674 278000 314757 342108 1038464 521180 1103976 465135 812638 701075 479486 166799 185057 517717 991442 657428 611887 119421 823134 764733 999999999 201674 863347 315196 526590 892387 607495 1013467 54036 189203 344785 415372 269622 365475 953932 502414 122892 553307 644063 395906 619845 744156 874218 793748 702334 1059546 591484 184852 708819 1131505 542517 260913 646559 735138 78034 333212 786418 272420 656913 607562 998424 626028 407445 779688 59532 43672 347789 217218 673416 887388 476513 124681 381130 90688 514117 197046 1089184 1010095 516624 1098878 721135 426437 683245 397641 781755 909820 362235
303774 345652 665976 343057 567338 101958 938531 684459 371105 725443 471905 615402 595506 106626 175033 134702 223133 862138 385958 912982 444101 618045 503065 370307 212751 229348 428132 820657 535995 426705 170384 662617 563068 201674 999999999 664765 276355 335235 703184 483238 839934 243992 241041 175805 213931 269819 281509 753741 434917 82666 395894 472602 240590 448923 603968 687214 711090 590319 874554 408845 109506 511035 943993 499955 256889 445153 668768 240698 145622 716392 187841 615251 414163 797028 455244 338449 609211 254282 176233 146115 177144 502172 704797 368254 216567 298078 190597 335958 43676 892926 841231 318202 908344 557819 225696 505426 197668 581422 708725 328458
585364 449267 324169 711853 102195 740150 487766 93594 368720 673822 646923 815642 219400 659203 706631 594909 679832 595943 642406 497498 908422 82247 162384 708803 795959 799088 769572 611179 718675 284180 789585 599717 163982 863347 664765 999999999 709480 343481 141918 693199 603152 908548 867166 595514 461888 761810 634993 253307 819774 740458 413222 504502 510837 333330 673899 160306 925644 770900 532446 452928 734794 154864 554653 901108 754701 261654 944914 904435 570438 964910 658189 971070 262627 229781 330693 781500 525861 909476 830546 522412 772987 505924 205631 567486 830137 633912 823356 498038 683534 417023 635585 398214 499387 554610 439851 270046 487228 92935 200485 831781
133126 266255 577002 617532 633451 220058 1093160 691720 341968 965878 731189 886647 557716 170461 451090 390694 498274 1064891 649777 1077356 713790 639188 557676 643596 153523 140591 703671 1034243 801613 425844 195956 895331 667889 315196 276355 709480 999999999 378930 691490 748928 1048385 367221 470091 434797 385611 61561 78003 875227 711195 255975 313939 700215 204553 395977 857249 667177 985585 858606 1057930 622736 372300 563031 1118388 774539 62203 573247 944993 392415 389586 992314 93805 890459 452285 898333 400979 614314 830960 319135 272422 332610 439279 728294 666734 184887 201849 85933 226413 564737 317412 1036009 1057228 494315 1074435 791393 361507 467084 390260 650097 820853 598482
271096 157770 357202 500618 257401 400033 721912 350823 94064 684731 522504 705066 266356 316284 424312 304929 421886 726147 472151 710580 677623 286444 183325 511616 452752 456522 581304 708528 603900 97181 446600 605979 290080 526590 335235 343481 378930 999999999 367958 559212 716205 574677 561480 325132 174495 425765 311178 497638 617371 404416 162226 426526 174499 152727 614331 352269 818613 665055 703008 342909 423005 189870 756185 699253 417409 210132 808090 575264 282157 843654 317240 796668 81616 519489 157980 547468 530221 569425 491268 209189 475066 447371 372147 280830 486699 314650 480852 327498 362372 661609 733350 204754 708568 514466 132725 184418 203364 273709 442447 576990
559822 425459 202557 807854 208177 763970 616729 48439 356149 812008 763818 938656 137504 675917 775552 657963 758766 737233 748271 630973 1001229 105486 225343 808967 800356 799909 873555 753096 839218 281058 803967 736514 292432 892387 703184 141918 691490 367958 999999999 809126 744942 941591 924889 667285 521177 749095 613793 389417 920539 771154 378350 626112 509903 295589 803429 29234 1050694 894134 671449 565143 787614 216899 689053 1003219 744137 363761 1064214 943118 633658 1087647 657611 1081720 290292 353318 290752 871339 661077 932136 855360 571534 834687 631188 67288 526674 839958 608980 839631 598025 729252 545504 777499 483834 633557 684478 489196 224430 549324 208928 339843 914588
727908 686989 891493 160457 602511 575852 669366 767121 650313 284885 46672 146786 775927 581455 331569 358245 268934 496184 99323 627068 289208 703792 592517 129907 691893 709964 126205 434977 52821 639598 642035 256326 529811 607495 483238 693199 748928 559212 809126 999999999 463784 612685 458270 314133 408383 751721 729930 603134 179397 542763 712888 192163 621382 710369 144266 810830 259453 111134 552429 244204 427920 600023 630254 239004 738781 446485 256325 581164 360686 286165 655276 280826 584743 674525 715098 225001 256976 665765 611467 431286 392031 200290 849563 775946 684003 743988 649579 232035 451413 658039 446447 357583 619461 189027 452079 723341 388009 605043 593591 294446
973668 873975 913115 607030 570384 941891 263576 696733 802586 203256 436411 472570 793189 909255 742812 706877 680709 35141 513108 215674 750516 664078 617466 580405 1048052 1061947 589921 31586 438096 743746 1010208 207490 482251 1013467 839934 603152 1048385 716205 744942 463784 999999999 1032682 899284 670879 663650 1074228 999961 370153 641669 917896 871079 369630 862063 823426 328982 762781 532490 442703 124481 432515 829460 619834 189732 688065 1062337 508661 596333 1007219 694328 583284 960770 681619 684319 433988 824984 682678 233907 1072858 1004349 723281 816621 340152 808300 995271 1056494 1008657 1029224 504097 824803 294392 40432 554152 207173 296513 687546 794216 663171 560064 408674 753390
464448 552931 884138 452384 811330 182215 1161480 925404 596715 888138 618629 713780 827005 274357 290620 345184 354107 1058848 531387 1131985 445525 859962 746605 483112 216407 233570 514794 1009551 660976 661706 172274 838051 804822 54036 243992 908548 367221 574677 941591 612685 1032682 999999999 169651 370607 455200 319380 419173 990102 493880 170437 606370 664767 448548 671881 752580 923974 784328 702429 1084162 617438 205125 754492 1157337 526370 311362 685547 721960 37982 365574 773626 326454 638372 655139 1036892 678092 402638 798838 68991 97569 389042 221201 693744 938099 530455 171236 434724 141013 539093 231961 1121030 1027308 552186 1126606 737934 469666 734506 435500 825387 947607 350248
533530 586690 904341 298919 765669 250638 1053594 900678 608825 740337 470785 548742 827027 326030 171196 272367 223979 927843 387352 1019825 276984 832132 711088 328796 340393 360364 351384 873955 503625 657031 284936 697608 740792 189203 241041 867166 470091 561480 924889 458270 899284 169651 999999999 278417 406513 437278 500560 906482 326098 216807 636787 540377 481403 686929 601441 911810 615438 540561 963214 508825 138748 719542 1038936 356827 426358 620355 552334 132728 296778 604018 401257 469563 635036 961564 693239 238928 668006 235431 217338 353580 96097 567715 933579 600107 306984 517370 269190 430887 203543 1020654 889686 479060 1013695 602833 435706 739727 380154 777557 870951 181552
422732 409400 682309 195346 493357 275721 791207 637908 398181 549757 298348 453392 586864 268017 111267 44121 96929 694861 215053 761378 353784 568677 445540 216384 388547 405081 283087 650104 366839 421499 344311 488081 462976 344785 175805 595514 434797 325132 667285 314133 670879 370607 278417 999999999 151189 439267 418843 630101 306489 248368 447617 301402 324657 472064 428870 658015 556512 423988 714861 247090 166132 454131 787267 384395 426372 342967 525149 351462 51467 568906 341177 491216 385215 683590 477955 225374 438012 403647 333493 133972 182323 330984 685638 477129 389597 433618 359909 169340 154330 752486 669824 201285 756003 383683 192826 509417 122074 504142 593020 252129
329847 279202 531615 329481 361365 306564 733140 494820 253192 585762 378209 554992 435936 251513 255100 136787 247611 681356 313908 710906 503140 425996 304575 343204 396266 407317 412981 648848 457439 270407 369276 512523 349686 415372 213931 461888 385611 174495 521177 408383 663650 455200 406513 151189 999999999 410980 344356 540530 445684 295728 309390 318165 218153 324028 489715 510245 665808 518470 681165 237993 272908 313032 746407 526753 399299 231226 647015 446688 112533 686017 297125 627395 235114 583107 329726 373114 445891 468031 389452 68813 314172 345179 536168 370889 415231 355581 396646 189312 224549 684032 671696 112552 706923 410217 45309 358449 29128 374243 494847 403318
193449 323686 638224 612528 682452 194219 1131476 747733 396663 981264 737610 885216 616375 171729 440106 395461 492518 1092320 653466 1113677 692680 693462 607174 640065 103015 86368 696636 1058600 804541 479544 153835 913214 711812 269622 269819 761810 61561 425765 749095 751721 1074228 319380 437278 439267 410980 999999999 138094 918292 699334 231608 372827 718609 252031 454051 866978 725275 980153 859703 1090070 644285 353945 612935 1152763 758094 12946 612077 935187 347644 398167 983743 115135 874620 501961 944655 459230 601301 852005 266102 228756 351818 418095 747359 726039 246427 149312 147274 179001 581388 306886 1076238 1080972 522449 1110392 808486 392524 524951 411491 698949 865037 578717
55356 188986 500488 609878 561974 252449 1031073 614749 266480 929981 707847 871826 479760 177884 454271 375766 493691 1014623 630736 1017374 725610 563346 485978 633721 216261 207490 697513 987561 781982 350860 247604 856828 601256 365475 281509 634993 78003 311178 613793 729930 999961 419173 500560 418843 344356 138094 999999999 808815 711107 283951 235985 662487 140518 318216 828813 589330 975187 840819 1002471 581971 387202 490935 1060373 779728 135871 512632 940390 439869 369818 985860 99305 893964 380894 828745 323156 616897 789083 378861 321808 301321 455656 689512 588735 113616 264112 16859 281985 530728 325018 972086 1011166 447233 1014842 754492 313676 389363 354195 578710 753472 609958
767193 640315 577244 677913 263781 846620 238855 343217 558443 488394 557939 692618 467514 782352 735420 647035 689751 356410 588357 244496 868702 328732 334802 664147 927733 935695 709446 384736 610775 479674 907249 428135 207567 953932 753741 253307 875227 497638 389417 603134 370153 990102 906482 630101 540530 918292 808815 999999999 764918 836025 617839 416910 670887 548672 534227 411509 790072 649701 283161 408369 792579 332700 301360 837731 908806 311582 828452 976550 625283 836043 805239 880278 433303 74202 547915 757278 371244 1008006 929781 609285 810864 403402 455908 765990 952296 812010 936259 480747 758400 170642 406957 437918 246160 424808 539501 498271 556383 248114 58296 820604
722739 715593 970507 116810 721955 507833 847295 883062 698782 454651 215911 225465 864334 541380 260173 343629 218335 674559 179828 805636 109855 815815 696030 111590 620956 640683 55976 612277 206028 709324 566067 434652 661798 502414 434917 819774 711195 617371 920539 179397 641669 493880 326098 306489 445684 699334 711107 764918 999999999 470952 752166 348185 630050 769096 315350 917416 291341 225333 731799 371004 347133 704286 809635 83051 686668 560071 236604 458104 357681 286545 622019 184956 663000 833586 774653 98359 434938 555897 517784 440450 290158 364507 951664 780494 601454 727007 563956 323027 394072 833037 622368 439546 798124 366080 490633 797218 418505 727740 748259 144805
319262 389491 718449 392900 644625 37408 1020962 755222 427940 796268 536360 667397 657355 113582 215980 211044 274804 940896 448604 995078 461148 690118 578183 422188 151150 170408 473091 897805 594938 491386 99274 736247 643876 122892 82666 740458 255975 404416 771154 542763 917896 170437 216807 248368 295728 231608 283951 836025 470952 999999999 442251 549110 283535 504061 670348 753600 756529 646125 955474 488530 123830 585931 1025477 527013 219459 526744 707506 175378 225225 756957 184674 643605 485122 878495 510324 372597 685854 172421 93757 227302 186492 578724 768187 386247 142364 300727 111558 413969 94390 975578 917846 400866 990365 632011 304233 565258 280252 659123 790536 347131
181558 53628 278131 637136 356403 424276 852170 382085 69227 846814 678556 859555 243778 332112 529626 416554 542770 878813 621544 846455 798993 336240 283073 652244 434647 431104 721905 865177 759553 138166 448888 767920 416705 553307 395894 413222 313939 162226 378350 712888 871079 606370 636787 447617 309390 372827 235985 617839 752166 442251 999999999 588335 158717 83240 775268 353484 972016 820871 848364 504466 501105 285576 895776 831611 368886 362445 956106 616965 398067 994240 292340 935456 190140 624601 87701 672665 691781 582544 511838 315259 563601 609519 353256 154285 478415 230653 485406 483428 434051 787389 890249 364584 845399 676651 264138 154195 334784 372932 559943 690368
646461 574209 727540 269705 418021 574358 518000 582301 520582 267679 145531 312553 607593 549195 376916 338474 317183 394456 174966 481522 453421 521733 418288 251428 683270 698201 292581 348744 214187 490879 642943 195117 340541 644063 472602 504502 700215 426526 626112 192163 369630 664767 540377 301402 318165 718609 662487 416910 348185 549110 588335 999999999 533584 568075 190107 630356 424903 268026 422926 84206 460569 425029 498580 421202 706211 270780 440414 640789 327634 461645 608651 472983 431369 486431 571865 350437 136749 703390 634780 367913 452556 29615 671156 681861 688928 673725 660618 137790 455567 493682 368790 225926 475020 92112 352474 567597 310086 418868 403147 418444
113140 106270 435666 519952 430461 266334 891064 503055 154083 801040 594150 766818 384796 174246 389112 286482 413228 875879 523967 876951 663550 445179 355144 539798 290574 291037 607516 850588 671885 231920 296310 725972 463445 395906 240590 510837 204553 174499 509903 621382 862063 448548 481403 324657 218153 252031 140518 670887 630050 283535 158717 533584 999999999 224896 707868 488621 874963 732339 862200 451059 348423 360938 919856 705471 244272 372172 848639 458356 273191 890966 148656 815006 249975 693988 230970 542806 655830 428166 355197 192713 413526 559415 496632 154612 330339 147234 332579 407463 280908 832728 874504 312475 874379 625624 181122 291253 234253 446987 616332 550973
264298 130538 217412 652484 285010 489980 785661 298900 78109 816911 672500 855575 162748 398376 564708 446991 568934 828425 624606 782994 825818 254725 215944 664098 510920 508725 733838 820081 753936 80426 520825 737216 354191 619845 448923 333330 395977 152727 295589 710369 823426 671881 686929 472064 324028 454051 318216 548672 769096 504061 83240 568075 224896 999999999 757827 271261 969496 814853 791296 486303 548823 216814 834309 850588 449528 319788 960498 679424 425849 995509 367758 949139 141481 550129 6321 696559 659418 653059 579723 346536 607321 586239 273815 236028 553099 313505 557204 478340 483492 719163 845405 353517 782506 652272 279910 71170 352150 301020 490410 721869
819085 757934 915726 302608 596008 701279 556410 757719 708317 140828 134891 160585 794840 695255 466257 472054 402275 362881 223277 511194 422872 701104 604323 272660 816091 833200 266565 298722 109677 680933 769010 127219 511891 744156 603968 673899 857249 614331 803429 144266 328982 752580 601441 428870 489715 866978 828813 534227 315350 670348 775268 190107 707868 757827 999999999 810292 257010 121180 429397 271810 561423 610621 506081 359151 854157 457914 296148 722149 469006 301905 763670 363312 621476 608275 761700 369250 163054 803091 744850 527747 531382 175922 852583 859892 812661 841493 779817 300415 576746 556320 307448 410775 503078 119295 528891 757490 475571 594508 538059 438461
535041 401617 174527 803759 214388 745309 641250 68358 334561 823661 765967 942590 110723 656447 765213 646904 750689 756115 747070 654278 995819 109191 221466 805977 778664 777723 871447 769985 842436 262334 783718 747316 301869 874218 687214 160306 667177 352269 29234 810830 762781 923974 911810 658015 510245 725275 589330 411509 917416 753600 353484 630356 488621 271261 810292 999999999 1055257 898233 692382 566626 773980 213308 712090 1000297 720597 364410 1066582 926463 622762 1091253 635660 1081183 276835 378357 266199 865489 671079 912852 836597 558230 822651 636759 45535 500352 818943 584096 819574 595867 714497 570050 794593 478954 656635 691772 476590 200346 538739 217365 360367 906926
