NAME : synthetic_000974
TYPE : CTSP-D
DIMENSION : 100
GROUPS : 8
RELAXATION_LEVEL : 1
EDGE_WEIGHT_TYPE : EXPLICIT
EDGE_WEIGHT_FORMAT : FULL_MATRIX
EDGE_WEIGHT_SECTION
999999999 91023 398047 320665 262489 309627 151008 395225 346468 257641 557828 272871 615557 536841 508306 217426 469882 285705 354741 249610 201647 509568 444679 682679 293616 401491 267808 432936 512231 522873 518217 528311 384016 630216 179492 199857 757338 361145 223906 455539 519343 595744 619595 314186 423993 375747 602812 570135 386335 299350 310587 601908 653211 626896 232514 611938 411435 272809 637156 738329 606405 273496 480609 350926 209724 482791 236609 345903 452231 519633 551104 249481 399539 336615 686080 581392 649128 151047 530415 368972 610739 352700 320892 46995 123324 164590 208994 392538 155940 673316 618596 674638 373682 281739 233852 327250 381289 355531 838728 220604
91023 999999999 417766 407484 283976 300686 240173 486245 417797 306661 610090 195369 702718 553118 592862 247427 560831 290016 431139 173804 265301 496651 533603 768458 364209 338653 236069 506419 577096 502043 509048 613308 428622 712715 216577 278607 834380 287365 234461 542543 523820 685902 660972 376211 506686 376349 683455 657860 340671 390331 390113 666921 741780 717841 157500 688765 502367 210213 727852 825414 649676 357160 518065 417028 253502 565044 263536 410106 542327 605375 641596 264311 375554 402460 682128 672413 712243 241219 607311 459982 701339 423507 251506 64766 52442 112485 269031 344374 70491 741757 709528 759145 282753 304384 322378 286756 406882 414172 921853 130838
398047 417766 999999999 566814 657967 706006 372107 532271 665776 173198 259842 590940 798217 930099 733241 180925 596163 134491 654099 386242 243833 905908 486647 872636 624053 367618 652230 731855 832355 916002 915527 484396 119082 855199 219855 527031 1006510 681255 183356 666754 916843 729657 985661 662652 390763 773789 491340 554438 757724 480284 605246 914504 811120 689747 381018 463024 525761 338701 745384 907240 969865 339147 856977 684863 595283 421810 161485 220464 616791 487844 603747 646862 790297 673152 1084126 670481 394880 384582 402919 518160 655365 263006 654796 372084 469837 530232 576274 760720 409271 968765 715236 877965 584572 676313 378591 256777 771715 706270 1039419 451235
320665 407484 566814 999999999 321643 423184 213919 140786 135879 394822 585280 546734 295240 493684 189519 421937 189252 515079 105135 569069 328543 570447 249409 362107 133907 709458 452362 170379 275316 605503 565338 363183 483706 314257 389887 140592 453324 615251 461305 135066 521446 288215 463780 180827 311333 434709 462997 365608 567364 98094 73171 350736 335486 351993 551952 498987 168857 585079 336669 417964 445249 238430 372722 168149 252666 355207 438865 383089 149866 348389 300193 336364 520561 165308 686250 298628 610746 203704 432956 121719 350552 353618 570300 364441 420200 426567 201388 578542 475922 401953 325836 355065 681627 323756 188654 615481 356764 208894 520451 538183
262489 283976 657967 321643 999999999 102010 325842 456520 236401 504072 786539 299327 571258 274506 450802 477145 510882 548088 269904 446714 436804 270750 551963 619582 198691 616968 155189 314989 344816 297165 273173 660372 628348 544505 438112 202587 630120 335542 486386 428438 260079 596170 381595 171104 579379 127561 753757 677296 251910 376406 258808 428743 622477 672810 432472 778731 482913 491449 648548 684430 372115 445844 237720 214353 78296 634651 496782 565183 468566 647351 620796 25793 199357 203005 430575 618793 854580 315741 701846 432865 672177 557112 293479 298453 252470 211078 126399 263949 343050 509952 642339 601082 463702 20415 385306 570334 122912 185954 745664 374961
309627 300686 706006 423184 102010 999999999 404582 556600 335700 565001 858517 247045 670353 266479 550088 526378 612427 585831 370406 439792 502608 200027 649095 716102 300362 609259 89328 409875 425791 215114 209857 755540 691304 638795 488982 299086 714232 258508 526434 529919 225644 697821 418561 269841 669943 79883 846803 775550 152838 473679 360803 503705 722305 774669 428138 869072 582563 491694 750363 781457 413322 530442 280753 311176 173847 726505 545177 639258 570528 742989 721602 87993 101207 301001 381660 720720 935693 395950 790640 532453 773576 635947 221815 334592 256026 199201 224853 165292 344557 585759 744336 696394 412681 104786 472068 582042 159687 278028 835888 358309
151008 240173 372107 213919 325842 404582 999999999 252548 294395 200359 461371 421913 495066 580241 400710 211040 328670 303376 286015 375728 128616 595436 293717 566471 251998 501624 388904 365843 462805 617862 598904 379355 313818 526402 176878 156766 667234 507637 247813 339726 581379 460734 615187 291951 278484 452879 458536 419250 512339 160632 236754 547598 526084 480304 359036 472848 265452 381951 497769 616467 598941 129694 491632 312756 250520 337298 229151 239810 319666 370020 402108 324324 503939 301105 753411 437306 531174 12499 392211 227360 462057 231882 465617 180804 273700 307514 217261 520454 297894 607952 476650 563116 522171 340022 82934 402875 421698 335273 729432 365034
395225 486245 532271 140786 456520 556600 252548 999999999 272035 374111 491316 650711 266418 632381 212059 424596 76254 514641 236577 628159 323784 710690 113445 340879 274655 746338 576056 279511 381194 745031 705937 226457 429562 326317 402183 260313 480182 727420 471953 147367 662023 211683 585114 321481 197572 573579 327253 224827 695391 96315 213559 439839 285269 233140 611522 367428 28292 631655 245435 380222 566008 196659 507770 305331 383181 229103 437260 320607 84699 211151 166375 468754 655846 304234 825818 186169 493579 248153 309212 26575 222358 281950 682947 431237 511054 530340 331828 705953 548391 471194 224233 345719 768691 460564 182961 639510 497550 347448 507848 614816
346468 417797 665776 135879 236401 335700 294395 272035 999999999 492911 713251 511941 334910 360530 214499 502951 304361 593041 38393 590726 421964 453076 383675 384372 53589 747902 387319 89268 170033 491816 445015 497508 596158 312740 466223 149855 418486 564303 533817 198898 393961 366419 333275 65901 446591 327288 597821 494630 487819 229747 67029 257954 386606 456141 573995 634696 300303 618954 420214 448676 315387 358733 236943 33497 191584 491086 521815 502771 253889 482465 419485 257969 423838 36590 554514 401298 745312 282057 568723 255976 462829 477896 520311 393462 413388 399934 153718 500009 488148 326930 418248 367351 665123 230914 300915 669171 234898 76518 519112 541375
257641 306661 173198 394822 504072 565001 200359 374111 492911 999999999 303630 499477 639961 770877 566463 77810 443815 146841 480902 349577 71836 763979 351124 714299 452185 408617 524852 558779 659163 779484 771029 382336 126455 690292 92275 356677 839518 592177 125904 500572 764099 580599 815444 492165 273904 626006 422547 445541 640733 311775 432056 741433 658491 559473 337554 412819 372358 324109 603564 754000 799270 177462 689912 512688 435624 321674 77973 118889 457014 380759 472754 496443 657004 501282 934400 531380 409046 212856 335744 356744 529618 150148 557942 247045 357740 412778 411028 645945 325962 796616 575668 717120 540745 521060 207907 290929 611668 535574 881181 385270
557828 610090 259842 585280 786539 858517 461371 491316 713251 303630 999999999 801468 728926 1038575 702239 367805 528845 374982 688855 626849 357125 1054232 399018 798892 686991 627307 825579 753799 859048 1073591 1058927 337149 184643 807362 393968 608126 961297 894170 399491 638623 1042654 639038 1046454 733950 296319 912764 295100 404898 943346 487188 646310 927054 723838 560981 618355 249419 472158 586581 635833 815859 1028392 356655 938877 740915 711884 288358 355997 221561 569177 347950 486371 783160 954092 733010 1214732 561929 137287 472170 226092 490071 521573 236824 860989 550561 661350 716156 676747 948891 624032 962455 603279 812629 825368 801237 417888 514375 881377 773875 957375 678122
272871 195369 590940 546734 299327 247045 421913 650711 511941 499477 801468 999999999 833378 509303 715603 434505 721201 457016 537039 236007 460670 396735 713421 891473 462349 390200 157896 599033 642582 385293 415662 800840 618001 824134 407795 406327 923950 92726 411168 676831 457655 834715 664512 453598 696840 323516 875356 840447 192289 555030 507766 727795 878944 883656 231093 882754 670720 294515 881644 953376 658305 546361 524038 498740 320544 755611 448288 605360 693365 791834 813425 273534 269011 485182 586572 834441 906946 420006 801209 624157 871851 618671 65218 259581 150016 120756 361346 189868 181779 808660 867510 877046 166438 315770 504668 397336 401659 479155 1031037 150816
615557 702718 798217 295240 571258 670353 495066 266418 334910 639961 728926 833378 999999999 635401 120470 686533 204929 778138 302214 862801 586245 766492 331125 74465 376423 996683 720283 266375 309249 809095 753945 405166 692726 96209 660792 430215 237443 893998 731977 160175 689327 101703 509487 400600 436085 654982 490883 355048 822694 337852 325718 309659 55658 221089 845715 543699 273048 875473 140699 122772 491273 462732 500738 359714 519857 442153 700418 583433 182980 391064 256489 592353 755470 369374 824156 185879 697305 487149 515430 283371 253470 542946 849361 658561 713941 715215 473700 834905 771081 293235 163141 83704 974851 565606 440764 895742 552648 396763 241430 833380
536841 553118 930099 493684 274506 266479 580241 632381 360530 770877 1038575 509303 635401 999999999 530185 749802 661855 822525 397192 704165 701106 173152 743058 655047 364528 874417 354387 382315 328753 217966 151327 856863 892091 569561 710532 430699 586789 499731 760735 542968 73421 698556 196657 315544 797245 186962 956580 855013 357403 579283 420706 367238 691042 803645 691709 991045 660670 754069 752794 719488 201806 684807 135089 327117 335506 845998 769571 818008 609101 842027 776879 290243 257715 328460 194840 749580 1090056 568655 921187 615262 815733 802981 472366 572700 514629 462170 362986 368395 605353 439972 758313 628363 671501 255102 622668 839514 159227 285013 728078 624209
508306 592862 733241 189519 450802 550088 400710 212059 214499 566463 702239 715603 120470 530185 999999999 603400 182416 696460 181890 757561 505760 652297 308936 176686 256391 898896 600022 150972 216251 693980 640911 407275 636932 125776 573864 316226 273309 774445 645595 66677 579450 168751 427019 280264 406463 536665 504022 375149 702316 254843 208188 246750 172556 281126 740440 552318 230107 774562 222719 237793 407922 394233 395181 239976 400089 428358 619077 529179 134054 391753 279344 471893 636204 249226 722589 230427 693623 391288 507486 218837 301423 492165 729916 552945 600511 598495 354828 714507 662316 263159 230642 166370 860238 445313 359629 803508 436227 278198 331008 722751
217426 247427 180925 421937 477145 526378 211040 424596 502951 77810 367805 434505 686533 749802 603400 999999999 497791 93220 496741 272252 100813 726404 416382 760183 457114 335910 476699 576788 672473 738001 735486 456563 183612 728864 39390 357582 874004 527064 50655 539268 735920 635108 812853 491908 346824 593115 500008 517746 587341 350390 447509 758171 709701 623985 260649 490607 426916 246475 662241 804019 797770 232339 680707 518379 415754 396914 19875 196693 504312 454063 537924 465943 613084 505727 903413 592218 481145 222788 413487 404324 596136 226913 495331 194803 299781 358192 399851 591475 256243 818967 635802 760431 465257 495608 245970 220604 591836 535608 926137 312169
469882 560831 596163 189252 510882 612427 328670 76254 304361 443815 528845 721201 204929 661855 182416 497791 999999999 586623 266310 704348 397092 754739 130114 278497 318915 821946 638811 288996 381697 791454 748013 225049 488517 278519 476746 322885 432552 795550 545855 130919 698294 137332 592080 361937 233267 621997 322947 199460 755672 170567 256110 426637 215310 164196 687691 370227 71457 707826 169185 311321 572777 267033 531776 337626 441197 247784 509698 379318 54662 209471 115204 525466 709660 339627 856633 113247 511920 324029 325978 101455 161473 338404 750819 506757 583971 600509 389705 766663 623780 445066 148727 287676 842839 512649 258663 714226 537849 380809 444269 689961
285705 290016 134491 515079 548088 585831 303376 514641 593041 146841 374982 457016 778138 822525 696460 93220 586623 999999999 588285 254564 191959 784518 497887 852010 545867 269729 526044 668569 762935 791706 795621 525570 197568 821843 127045 445809 967220 546954 62180 632129 802974 723886 896776 578488 418989 657291 556328 590562 627300 442994 539138 849351 799905 706237 248099 539101 515343 211617 748837 894708 882279 319708 761684 607034 492821 463751 77755 253628 595512 525037 619555 534122 665331 594017 966837 677355 502296 314882 467348 495235 676450 291281 521185 252135 341106 402097 482288 629727 275655 911220 721451 852789 453661 567430 338258 150690 666697 622015 1018255 316827
354741 431139 654099 105135 269904 370406 286015 236577 38393 480902 688855 537039 302214 397192 181890 496741 266310 588285 999999999 602362 411106 491429 349107 355242 75000 755599 418133 80584 178398 530034 483408 462765 579076 287653 461250 154911 403375 593125 530488 161374 431996 329294 358784 102024 416228 364811 563362 457847 521798 202283 49261 261595 352684 417788 585437 601434 264739 627415 382853 418512 340340 337462 271202 71336 218796 458781 515089 482337 215552 447576 381487 290352 460285 74742 591546 362943 715814 274049 537188 221953 424473 455228 548754 401520 431074 422340 175840 533852 501621 324115 380292 340025 686691 265798 282302 672201 273283 114529 496080 557536
249610 173804 386242 569069 446714 439792 375728 628159 590726 349577 626849 236007 862801 704165 757561 272252 704348 254564 602362 999999999 343142 619371 654264 931111 537182 170723 357796 678906 750900 614176 635778 714919 444255 879816 264273 448154 1005674 314593 230157 703338 664830 835910 827857 550009 604272 519463 768240 769622 426461 535756 559519 840720 898137 852522 17122 761893 639727 58649 873485 985444 817580 466229 684102 590738 425551 658846 277769 468154 693636 710026 770839 424288 491343 576174 809771 811850 748913 381017 683531 603086 830902 494995 300254 204656 194307 242027 442834 425107 105370 915446 851981 923786 199126 466925 449662 162403 568013 587720 1088221 86385
201647 265301 243833 328543 436804 502608 128616 323784 421964 71836 357125 460670 586245 701106 505760 100813 397092 191959 411106 343142 999999999 700162 320208 660066 380569 431002 468852 489717 589066 717681 706224 371897 191651 630776 83502 284841 777700 552505 149051 440867 696384 534385 743614 420335 261195 560519 427980 428478 587979 251457 362047 672266 608916 526361 328835 427394 326358 329470 562168 703330 727461 132970 618336 441204 366483 315884 114207 145430 403773 367414 440997 430615 597164 429675 867373 492909 448748 141116 346704 303651 499962 159321 515370 201516 313287 363692 340097 594100 298392 729262 536177 660899 522548 453192 146521 318784 541890 463758 826300 362847
509568 496651 905908 570447 270750 200027 595436 710690 453076 763979 1054232 396735 766492 173152 652297 726404 754739 784518 491429 619371 700162 999999999 813407 796662 436908 783608 264247 501461 473763 45884 23587 924500 890038 712547 688982 469600 748564 362606 725723 650534 99741 815578 369709 392816 848302 143229 1020168 935120 214871 639423 499417 527205 821669 909216 609954 1047356 738352 674846 869981 862434 374044 716593 280161 421153 348635 902520 745184 833589 706205 910829 868870 271291 128439 416741 190585 854371 1125245 585731 971442 689294 914986 827195 345790 534156 448821 388767 393212 223071 532835 604177 870307 772066 545349 259415 655940 770648 218348 378775 886084 533902
444679 533603 486647 249409 551963 649095 293717 113445 383675 351124 399018 713421 331125 743058 308936 416382 130114 497887 349107 654264 320208 813407 999999999 402809 381432 750967 658082 392454 492977 845709 810081 113855 373089 408503 403659 350080 562290 796171 466746 250025 769768 247829 698293 429518 105157 673610 214257 128426 780329 175584 322518 547416 332116 208351 638583 254081 86369 647554 258819 427324 679153 188980 620198 416681 475558 119645 424572 266222 175029 98980 121731 561265 749820 414609 935574 183854 385440 294083 199459 127822 179857 223751 752825 472498 566823 595877 425589 790116 588122 572028 228616 414717 814439 558332 211229 636978 603968 458127 565600 655562
682679 768458 872636 362107 619582 716102 566471 340879 384372 714299 798892 891473 74465 655047 176686 760183 278497 852010 355242 931111 660066 796662 402809 999999999 430242 1067798 771685 306450 326481 840550 782401 470602 766777 85548 733920 492769 181198 948153 805258 228043 713930 161946 510802 448621 507957 693773 551639 415867 868939 410740 384710 305711 81841 270295 913998 605358 347275 945519 184672 66035 493737 537132 522758 405407 573996 511058 774267 657502 257285 457109 319521 641959 796412 416594 838095 245222 761635 558161 582252 357617 306781 616834 903891 726522 777090 774916 530229 881365 837520 269954 213603 29808 1036923 612054 514267 968150 588296 438696 166973 898691
293616 364209 624053 133907 198691 300362 251998 274655 53589 452185 686991 462349 376423 364528 256391 457114 318915 545867 75000 537182 380569 436908 381432 430242 999999999 694872 343967 142580 219939 472735 431483 494678 560399 361877 419612 100170 471668 518218 485838 229777 388343 397492 365002 49009 432960 303164 593462 499480 450190 214774 62805 309035 425991 477636 520466 626709 302647 565816 450020 493427 348167 330380 252488 61265 143839 481528 476306 471783 272953 480217 432267 217690 393735 49107 554955 423107 728070 239508 556760 254653 480101 450274 473804 340589 360255 348556 101742 462051 434560 379741 444644 414869 613441 196923 269900 617623 222986 86930 569626 488008
401491 338653 367618 709458 616968 609259 501624 746338 747902 408617 627307 390200 996683 874417 898896 335910 821946 269729 755599 170723 431002 783608 750967 1067798 694872 999999999 525405 834318 912238 775014 801056 790950 462708 1023594 347926 600772 1156601 453782 285257 840283 833512 957870 997600 712180 682067 689088 825888 853395 582287 660645 710165 1002107 1026819 957305 184500 808593 753035 129365 989827 1117999 986968 563703 854000 751065 592156 730135 330898 522107 819796 789166 871985 594808 655170 736603 974172 922582 761079 509655 737020 723274 930812 557886 450132 354507 364516 412507 605062 579128 274143 1074605 965166 1063420 289604 637240 563382 119065 738586 751514 1229451 251405
267808 236069 652230 452362 155189 89328 388904 576056 387319 524852 825579 157896 720283 354387 600022 476699 638811 526044 418133 357796 468852 264247 658082 771685 343967 525405 999999999 469056 498626 266277 279114 758564 650874 698289 441672 316264 785027 180483 469502 571391 308372 736865 506836 323586 664834 167485 844469 786341 123654 486081 398989 580537 769880 802916 347373 861430 600029 411934 787517 835913 500973 518436 367241 367915 201983 723031 494369 611472 602205 747221 742427 130839 139753 355789 453446 750392 913314 382504 781046 550464 797505 614003 139355 281907 186092 125244 251777 132513 268591 662287 778098 754165 323942 167818 464819 506502 245014 341113 900606 274017
432936 506419 731855 170379 314989 409875 365843 279511 89268 558779 753799 599033 266375 382315 150972 576788 288996 668569 80584 678906 489717 501461 392454 306450 142580 834318 469056 999999999 105283 543424 489942 503524 653135 229528 541563 233760 329218 647987 610981 162554 429033 317255 305962 146177 471423 389077 604231 487938 562697 267656 129467 182654 320946 421710 662097 646470 306086 705740 371719 372085 286777 408660 248232 101261 278561 508224 594994 553435 234457 487915 401547 338353 490654 114126 576266 368025 770846 354003 588092 271179 435672 523791 604537 479873 502654 488489 242847 575167 576848 243542 376075 286570 753747 306298 356653 752371 286319 132256 432638 630575
512231 577096 832355 275316 344816 425791 462805 381194 170033 659163 859048 642582 309249 328753 216251 672473 381697 762935 178398 750900 589066 473763 492977 326481 219939 912238 498626 105283 999999999 518584 458196 602037 756715 241136 636030 319349 288599 678910 703840 250977 387935 382871 211676 200919 575346 385728 702179 580946 574639 372866 227109 89894 364572 497378 734542 746213 406846 782903 435496 391342 192436 513179 196504 161321 331042 610295 691183 658086 327293 586347 489709 370351 490352 175703 515079 446302 874168 450618 690399 374702 516797 628902 637788 559032 565471 541570 308073 587355 646465 166955 446190 300291 804173 330824 459893 837450 277383 165794 416377 694546
522873 502043 916002 605503 297165 215114 617862 745031 491816 779484 1073591 385293 809095 217966 693980 738001 791454 791706 530034 614176 717681 45884 845709 840550 472735 775014 266277 543424 518584 999999999 66644 955791 905891 756707 701413 498858 794318 341447 734220 690111 144626 856040 414623 430105 876537 172112 1050298 968815 196035 670841 535494 572950 864105 947587 605851 1075877 772425 670860 910339 906406 419353 741541 325694 460474 375452 931638 756357 854037 743854 942405 904991 294184 126534 455300 204729 892760 1148884 608700 998953 722977 952254 849679 329820 544006 452367 391444 422278 202158 532717 650040 909840 816228 526171 288158 681727 769041 258298 418625 931563 527980
518217 509048 915527 565338 273173 209857 598904 705937 445015 771029 1058927 415662 753945 151327 640911 735486 748013 795621 483408 635778 706224 23587 810081 782401 431483 801056 279114 489942 458196 66644 999999999 921807 896768 697923 697704 469036 730420 384179 736290 641336 78036 805357 347981 386273 847773 146166 1018222 930656 236401 636959 493615 509179 809290 900924 625972 1046480 733775 690734 859830 848022 352822 718327 263203 412616 350221 901352 754449 837855 698724 907943 862540 275914 146669 408951 174333 846100 1127411 588896 971285 685076 907661 830286 366141 544427 462147 402665 393063 244983 547449 585369 860965 757408 566208 260381 657241 785515 210250 369841 868838 550704
528311 613308 484396 363183 660372 755540 379355 226457 497508 382336 337149 800840 405166 856863 407275 456563 225049 525570 462765 714919 371897 924500 113855 470602 494678 790950 758564 503524 602037 955791 921807 999999999 365393 492454 453179 457797 642293 886979 506825 354084 882884 308698 809453 542971 110724 783726 100872 71194 881800 285093 436242 651376 392176 223948 700368 145215 198628 699815 299714 481364 790241 256220 733927 530533 583028 62844 460112 273615 277061 15703 151784 668196 856648 528432 1049197 227535 292239 382438 112780 241671 184804 234320 844771 549645 651634 686719 534097 891060 660978 669061 267148 487762 888147 667789 297418 673081 716783 571963 623667 727786
384016 428622 119082 483706 628348 691304 313818 429562 596158 126455 184643 618001 692726 892091 636932 183612 488517 197568 579076 444255 191651 890038 373089 766777 560399 462708 650874 653135 756715 905891 896768 365393 999999999 755578 212092 469804 908805 710612 215344 570291 888026 619053 925401 603482 274066 751415 374655 435594 765723 390543 531825 834440 701888 573148 435064 349828 419777 407048 631694 797889 908499 246361 805189 619221 558001 302890 171359 109297 514149 369075 487764 621633 783448 608987 1058921 556309 305520 325967 285612 418565 538049 150381 678363 371378 480503 537052 529944 770599 439633 882625 600952 774107 642002 644832 296844 345106 732953 646080 932783 493522
630216 712715 855199 314257 544505 638795 526402 326317 312740 690292 807362 824134 96209 569561 125776 728864 278519 821843 287653 879816 630776 712547 408503 85548 361877 1023594 698289 229528 241136 756707 697923 492454 755578 999999999 699584 434288 154451 876586 771315 189955 628862 196906 427226 374785 511532 612781 581848 446693 791482 379421 323279 222972 141137 317207 862713 633779 339365 898536 236509 150265 409829 516142 437554 330401 504228 524303 744356 646833 242350 477769 347492 567731 716161 342570 752691 279950 784402 516877 600272 337507 348887 608218 832804 675536 716942 709992 463388 804014 782722 197860 259306 59522 974159 535686 484386 929114 506324 360768 209275 841523
179492 216577 219855 389887 438112 488982 176878 402183 466223 92275 393968 407795 660792 710532 573864 39390 476746 127045 461250 264273 83502 688982 403659 733920 419612 347926 441672 541563 636030 701413 697704 453179 212092 699584 999999999 319786 842941 500521 71732 510678 697150 613690 774013 453593 342520 554825 503973 511223 554369 323201 412118 722316 686204 609404 250955 498796 406744 246801 643289 779659 759036 215786 641474 480853 376372 395615 59259 206573 479698 449349 524276 427235 576998 468033 865029 575010 501311 188160 419694 380613 583357 230912 467028 160204 268412 325355 360681 558960 233752 784353 617925 733017 450887 456482 220480 237487 552490 497260 899124 293903
199857 278607 527031 140592 202587 299086 156766 260313 149855 356677 608126 406327 430215 430699 316226 357582 322885 445809 154911 448154 284841 469600 350080 492769 100170 600772 316264 233760 319349 498858 469036 457797 469804 434288 319786 999999999 557671 475027 385676 271504 440254 428805 458853 135637 378787 327250 551454 476524 435082 174595 111571 407775 473645 487080 431162 577756 285136 472505 476896 552005 442875 254551 335429 161235 125495 433011 376915 388390 289141 444837 426610 211195 399740 148256 611801 435138 662468 144364 502257 235175 481262 372282 430099 246609 284322 286473 76583 445647 348845 475966 464864 481899 544699 210761 192387 519508 275224 179239 643525 407296
757338 834380 1006510 453324 630120 714232 667234 480182 418486 839518 961297 923950 237443 586789 273309 874004 432552 967220 403375 1005674 777700 748564 562290 181198 471668 1156601 785027 329218 288599 794318 730420 642293 908805 154451 842941 557671 999999999 965510 914489 339759 655003 337504 409375 471178 665749 672976 728089 592157 863166 527747 446832 221370 262645 450946 988724 781077 493767 1029331 365605 209704 396272 667425 469100 426343 605210 676954 890263 800349 396593 628007 493877 655201 777464 440401 749426 422041 934521 656882 751765 490272 486583 762126 923581 803834 831865 816486 571943 875883 904870 147801 393675 157515 1081579 617429 632174 1067478 564806 445336 145585 959626
361145 287365 681255 615251 335542 258508 507637 727420 564303 592177 894170 92726 893998 499731 774445 527064 795550 546954 593125 314593 552505 362606 796171 948153 518218 453782 180483 647987 678910 341447 384179 886979 710612 876586 500521 475027 965510 999999999 502770 741024 439032 903136 672184 501952 784610 323595 963846 923988 147783 632931 569244 759966 941917 959216 312576 972712 748837 372978 951867 1011634 668564 634125 538180 546726 374392 843484 540641 697466 764146 877443 892072 310816 243736 534144 546176 908615 999408 504760 891155 701026 949601 709939 44957 351076 240059 200497 420641 139811 273064 841876 939680 931654 185121 348219 589788 476944 418106 521302 1080226 233944
223906 234461 183356 461305 486386 526434 247813 471953 533817 125904 399491 411168 731977 760735 645595 50655 545855 62180 530488 230157 149051 725723 466746 805258 485838 285257 469502 610981 703840 734220 736290 506825 215344 771315 71732 385676 914489 502770 999999999 582373 742068 683062 834963 517476 397282 596865 548289 568327 574425 394632 481534 790874 756594 674126 220142 537050 475306 199276 711217 850412 820573 281682 699572 546877 430645 446859 48846 243853 550459 504502 588201 472805 608140 533688 906797 641729 518933 258787 461046 450958 646551 275994 474048 191943 286483 346944 420420 577538 229708 854175 685129 804592 426840 505635 291313 170298 604656 560908 970643 279230
455539 542543 666754 135066 428438 529919 339726 147367 198898 500572 638623 676831 160175 542968 66677 539268 130919 632129 161374 703338 440867 650534 250025 228043 229777 840283 571391 162554 250977 690111 641336 354084 570291 189955 510678 271504 339759 741024 582373 999999999 585473 168116 461900 263353 343891 526116 453158 329972 679924 189468 172442 297792 202202 261086 686234 499175 167618 717527 221485 282902 442598 327673 409966 229639 369436 369604 554566 462650 77101 338396 239968 447268 621372 235473 737524 206715 635439 330955 449479 152495 273267 425899 696147 498872 554333 557657 320790 691740 610952 324137 219781 223393 815532 425844 294439 742411 432227 271759 389706 673216
519343 523820 916843 521446 260079 225644 581379 662023 393961 764099 1042654 457655 689327 73421 579450 735920 698294 802974 431996 664830 696384 99741 769768 713930 388343 833512 308372 429033 387935 144626 78036 882884 888026 628862 697150 440254 655003 439032 742068 585473 999999999 746196 270047 340620 815686 147519 981178 886558 293457 600306 448467 434186 744923 846428 653505 1012565 690208 717262 800689 779126 274789 694109 191467 360669 331150 867071 755401 821119 647172 868504 813442 269995 195299 359212 172128 791824 1102701 570485 939817 642848 855707 809738 415215 550961 481090 424845 367148 303700 570156 509167 803861 688158 615847 243194 632122 807343 166695 317485 794682 582129
595744 685902 729657 288215 596170 697821 460734 211683 366419 580599 639038 834715 101703 698556 168751 635108 137332 723886 329294 835910 534385 815578 247829 161946 397492 957870 736865 317255 382871 856040 805357 308698 619053 196906 613690 428805 337504 903136 683062 168116 746196 999999999 591153 431318 352326 693677 390825 254865 847273 300217 338503 398756 84919 121474 819069 444171 208549 841998 54512 179495 572334 404216 563670 396243 535028 350717 647019 510628 143579 295323 157635 614505 789468 402893 891289 84554 599757 454930 420574 234702 151988 468749 858180 635205 704353 714306 485223 858984 751258 391325 64951 180599 965397 593898 394579 851106 597759 437480 318881 816315
619595 660972 985661 463780 381595 418561 615187 585114 333275 815444 1046454 664512 509487 196657 427019 812853 592080 896776 358784 827857 743614 369709 698293 510802 365002 997600 506836 305962 211676 414623 347981 809453 925401 427226 774013 458853 409375 672184 834963 461900 270047 591153 999999999 323279 773694 348605 910109 791535 538625 560990 400151 205279 563013 707793 813284 952359 611943 870716 642436 570660 19304 691774 143875 306999 411094 813121 832553 835224 537468 793832 701234 405122 440034 316558 340110 657423 1073592 602707 892632 575260 728188 811131 638978 662782 633566 591792 414554 550539 723461 262196 655324 481757 830768 361658 633020 943278 264232 279930 554438 756308
314186 376211 662652 180827 171104 269841 291951 321481 65901 492165 733950 453598 400600 315544 280264 491908 361937 578488 102024 550009 420335 392816 429518 448621 49009 712180 323586 146177 200919 430105 386273 542971 603482 374785 453593 135637 471178 501952 517476 263353 340620 431318 323279 999999999 481960 263163 642017 546185 422098 263780 107963 290712 452481 517696 533685 675604 349631 582816 484838 513355 307239 377323 204934 45160 134048 530473 511418 517399 313749 528409 476283 193375 358326 32215 506343 462912 776776 279481 605769 302291 522281 497129 458400 360526 365422 345575 107266 434327 445551 366500 481773 430618 610461 165058 316236 641164 176517 43722 578799 494450
423993 506686 390763 311333 579379 669943 278484 197572 446591 273904 296319 696840 436085 797245 406463 346824 233267 418989 416228 604272 261195 848302 105157 507957 432960 682067 664834 471423 575346 876537 847773 110724 274066 511532 342520 378787 665749 784610 397282 343891 815686 352326 773694 481960 999999999 705621 180083 171673 788487 218412 380841 637142 436892 299143 589789 199377 176478 589230 359542 531737 754904 150521 682265 477829 501110 58893 351220 172128 272985 107246 213768 584233 771033 473003 985490 283851 299903 283289 124163 200698 264664 130275 743285 442465 547000 585287 455090 797109 552078 668015 328174 519593 778987 589077 200031 564799 649071 516308 670582 618580
375747 376349 773789 434709 127561 79883 452879 573579 327288 626006 912764 323516 654982 186962 536665 593115 621997 657291 364811 519463 560519 143229 673610 693773 303164 689088 167485 389077 385728 172112 146166 783726 751415 612781 554825 327250 672976 323595 596865 526116 147519 693677 348605 263163 705621 999999999 878513 796979 194751 498740 365934 455982 708871 780275 507628 904826 600818 570924 747501 759757 345363 573381 218161 297885 205418 760248 612353 691697 575788 770310 734743 129928 104625 290785 310344 725583 982135 442982 828539 551228 783259 684438 291445 405164 333734 278278 250699 207265 423208 537489 744928 671729 487563 116552 512715 660004 108345 258472 801561 438191
602812 683455 491340 462997 753757 846803 458536 327253 597821 422547 295100 875356 490883 956580 504022 500008 322947 556328 563362 768240 427980 1020168 214257 551639 593462 825888 844469 604231 702179 1050298 1018222 100872 374655 581848 503973 551454 728089 963846 548289 453158 981178 390825 910109 642017 180083 878513 999999999 135963 968095 381459 535876 749525 470819 288349 754834 54561 299483 746474 371827 554058 890882 329943 834444 630728 675834 121477 499753 304801 376060 116378 234556 760190 948008 628304 1148359 306566 215353 463356 89416 341847 248825 273536 922852 618830 725354 764976 628025 976846 724993 763927 340236 571423 950419 762152 379729 706836 814751 671889 696241 790413
570135 657860 554438 365608 677296 775550 419250 224827 494630 445541 404898 840447 355048 855013 375149 517746 199460 590562 457847 769622 428478 935120 128426 415867 499480 853395 786341 487938 580946 968815 930656 71194 435594 446693 511223 476524 592157 923988 568327 329972 886558 254865 791535 546185 171673 796979 135963 999999999 908387 302062 438223 621859 335340 157399 754536 189493 196885 757890 237918 420546 772232 304610 727546 528113 601746 132755 522693 340951 254098 66690 99245 687589 875924 527967 1049142 170681 347340 420500 178843 245876 117540 300380 880812 595546 692933 723567 551212 918260 709604 631645 205803 435464 936707 682712 336322 736379 722366 570773 563023 776902
386335 340671 757724 567364 251910 152838 512339 695391 487819 640733 943346 192289 822694 357403 702316 587341 755672 627300 521798 426461 587979 214871 780329 868939 450190 582287 123654 562697 574639 196035 236401 881800 765723 791482 554369 435082 863166 147783 574425 679924 293457 847273 538625 422098 788487 194751 968095 908387 999999999 607203 508955 648833 874264 919254 419937 985005 720060 484442 899156 934276 537088 641945 412756 463904 314698 846667 603964 731880 716512 870311 861638 232770 99773 453511 400227 865985 1034568 506082 904539 670197 915657 735950 133969 394380 288276 229166 366059 12717 355917 730679 891656 849186 330976 257218 588468 585678 300007 430754 987353 340208
299350 390331 480284 98094 376406 473679 160632 96315 229747 311775 487188 555030 337852 579283 254843 350390 170567 442994 202283 535756 251457 639423 175584 410740 214774 660645 486081 267656 372866 670841 636959 285093 390543 379421 323201 174595 527747 632931 394632 189468 600306 300217 560990 263780 218412 498740 381459 302062 607203 999999999 163180 445828 366184 329340 518948 412478 115918 542438 338677 457868 542601 144189 464129 260131 300023 267068 365332 287254 159280 271572 259146 385785 574298 254782 768816 282293 515773 154739 342017 69823 316940 256233 588669 336432 414746 434904 250018 617334 453320 492091 319294 410113 672575 383063 104976 557973 433678 297973 576037 519407
310587 390113 605246 73171 258808 360803 236754 213559 67029 432056 646310 507766 325718 420706 208188 447509 256110 539138 49261 559519 362047 499417 322518 384710 62805 710165 398989 129467 227109 535494 493615 436242 531825 323279 412118 111571 446832 569244 481534 172442 448467 338503 400151 107963 380841 365934 535876 438223 508955 163180 999999999 310854 372686 415286 542499 571109 241743 582553 390204 445755 382159 292357 301494 97015 197013 426715 465836 436786 210596 421496 369557 276220 455577 92700 613090 360881 678946 224794 503604 194886 417326 411212 524448 357008 393851 390310 148629 520591 460396 372747 383533 372286 652483 258432 235525 624789 284334 136308 532551 518331
601908 666921 914504 350736 428743 503705 547598 439839 257954 741433 927054 727795 309659 367238 246750 758171 426637 849351 261595 840720 672266 527205 547416 305711 309035 1002107 580537 182654 89894 572950 509179 651376 834440 222972 722316 407775 221370 759966 790874 297792 434186 398756 205279 290712 637142 455982 749525 621859 648833 445828 310854 999999999 361373 518996 824384 796581 463197 872779 447153 365437 188672 588881 247863 251098 419768 666729 776613 733006 374464 635723 525881 454488 559843 265523 538776 472313 932443 535598 746802 437609 543937 701566 719887 648751 654691 629369 397918 661521 736203 82056 463700 276547 890679 413477 538613 926650 348857 254526 360860 783733
653211 741780 811120 335486 622477 722305 526084 285269 386606 658491 723838 878944 55658 691042 172556 709701 215310 799905 352684 898137 608916 821669 332116 81841 425991 1026819 769880 320946 364572 864105 809290 392176 701888 141137 686204 473645 262645 941917 756594 202202 744923 84919 563013 452481 436892 708871 470819 335340 874264 366184 372686 361373 999999999 188473 881126 524762 286527 907941 102962 96123 544988 481198 556395 412531 568597 435487 722524 593074 207086 379164 240468 643009 808737 421669 879590 165182 681993 519076 504490 305643 225022 551507 897133 694926 755678 759859 521277 886384 809133 338381 131836 106100 1017078 617520 465797 922863 607256 450439 233975 872618
626896 717841 689747 351993 672810 774669 480304 233140 456141 559473 560981 883656 221089 803645 281126 623985 164196 706237 417788 852522 526361 909216 208351 270295 477636 957305 802916 421710 497378 947587 900924 223948 573148 317207 609404 487080 450946 959216 674126 261086 846428 121474 707793 517696 299143 780275 288349 157399 919254 329340 415286 518996 188473 999999999 836298 342888 215476 850229 85794 266057 688770 393619 669937 488312 604588 278672 632665 469998 204700 214167 86860 688253 870739 492499 997917 54844 502958 477495 335452 259714 39909 427524 914557 660893 744015 763147 553195 930347 778115 512708 58010 293699 1000576 673535 402918 844423 691000 531130 407977 845085
232514 157500 381018 551952 432472 428138 359036 611522 573995 337554 618355 231093 845715 691709 740440 260649 687691 248099 585437 17122 328835 609954 638583 913998 520466 184500 347373 662097 734542 605851 625972 700368 435064 862713 250955 431162 988724 312576 220142 686234 653505 819069 813284 533685 589789 507628 754834 754536 419937 518948 542499 824384 881126 836298 999999999 749282 623271 65013 856806 968365 802830 450811 669610 574243 409867 644691 267080 455817 676722 695288 754829 410341 482241 559684 800146 795399 739058 364217 670570 586393 814912 481855 295915 187535 180016 229608 426469 419060 90008 898921 835419 906664 207019 452740 433393 166267 554138 571610 1071105 80284
611938 688765 463024 498987 778731 869072 472848 367428 634696 412819 249419 882754 543699 991045 552318 490607 370227 539101 601434 761893 427394 1047356 254081 605358 626709 808593 861430 646470 746213 1075877 1046480 145215 349828 633779 498796 577756 781077 972712 537050 499175 1012565 444171 952359 675604 199377 904826 54561 189493 985005 412478 571109 796581 524762 342888 749282 999999999 340416 736285 426189 608514 933210 343155 871639 667136 700472 145495 488206 293940 422207 160858 287211 783564 970090 663807 1181283 360154 161019 478928 81559 379539 303326 268687 932830 624008 732955 775810 654189 993255 725785 813578 394493 624737 948830 788274 397790 689700 845875 707417 750739 789854
