NAME : synthetic_000708
TYPE : CTSP-D
DIMENSION : 100
GROUPS : 8
RELAXATION_LEVEL : 1
EDGE_WEIGHT_TYPE : EXPLICIT
EDGE_WEIGHT_FORMAT : FULL_MATRIX
EDGE_WEIGHT_SECTION
999999999 300020 641249 762136 815510 640171 286371 519856 636396 766866 718063 952381 267887 721115 379782 733672 863076 421547 195122 631372 613104 527555 344020 693284 301368 242139 756396 383627 902315 407114 794779 42997 1140745 237495 640402 541148 191320 507910 545418 711193 293214 389303 454879 892623 795571 553751 410595 425327 1030127 421482 234794 910636 203615 633991 577294 545828 545062 249241 705294 402109 359356 739601 867890 438081 128743 986716 1019978 714455 382023 192620 435828 375096 295870 881994 491654 516566 322539 787710 350565 345479 917027 393458 936163 227230 663553 354697 532496 381095 569462 808190 262716 655425 335373 896289 406497 843629 950947 529851 533762 189153
300020 999999999 424034 795542 558912 374435 299867 717316 579833 511406 526340 818368 87457 722021 210159 440397 635833 524696 134587 613335 685040 227565 138443 843129 211328 57889 767161 462751 612577 422112 622071 337698 1056704 222261 447671 481946 174813 471545 328056 809507 393053 126835 499475 633592 723239 275192 558593 557528 932042 385193 284521 734028 117442 708272 751985 590751 247162 329258 681911 367197 571041 640123 591317 138198 371266 861664 981907 700595 82853 122190 137248 75382 523557 802969 195672 341496 395435 503827 484296 422210 670437 413943 657644 90814 644970 213844 402502 575522 314164 657000 219673 704397 466846 654479 136998 834339 744732 521997 534590 194589
641249 424034 999999999 623488 202178 142600 411403 798956 352997 160816 112564 428258 511297 524587 261470 299420 221885 552600 453566 428885 600705 347796 307817 825806 345094 459409 570661 498098 381003 407740 214744 684204 696685 414413 60275 311695 449930 344386 98319 725715 503595 481576 466427 274356 421761 209039 626547 605956 567453 337391 452064 316749 530246 619338 791953 507407 309136 476660 462607 340876 715013 323339 296799 358678 632896 476401 680182 488800 396925 529804 389605 380527 704329 476232 405784 137782 474240 270378 571715 483929 281978 413753 359473 437639 446352 288112 188892 695634 134606 267332 388143 581089 561702 258510 473751 593830 321167 401493 418925 453503
762136 795542 623488 999999999 790345 757028 513229 444222 270590 765622 567115 482664 857698 100156 605616 919636 711791 346570 702859 199826 161831 886024 671029 315580 584587 781139 60818 378623 995353 379248 530988 787873 486879 593751 564768 337123 661848 330759 624369 171581 469291 916167 311951 837730 272333 775763 389687 363395 436579 410839 552225 580527 825011 148717 380131 217556 862027 521239 164126 428389 508472 339042 899793 840282 652055 477013 308261 137809 835912 815286 867177 813984 558232 311239 915134 548795 443136 892368 422640 418093 803632 390095 950086 730031 177596 589002 462174 470007 712030 476949 585299 108002 434350 775926 920575 130382 686824 274643 261131 645285
815510 558912 202178 790345 999999999 184875 608547 1000332 526592 48657 223232 473927 640847 690207 443031 228274 133441 754039 621423 606710 789391 402021 471736 1018249 532167 605825 733093 700194 211251 609696 283153 858319 751454 601653 244145 504368 626607 540812 278967 909768 704208 576929 666293 77172 551684 287749 828517 807563 628315 539506 645815 323178 674677 806435 991027 700375 360873 673797 626226 543007 916667 460097 110495 453342 822588 522297 783832 652591 506892 677131 479059 497130 904147 581682 469382 338058 675693 146166 773818 685946 116108 615882 162222 596648 618432 473731 388624 897719 248109 348824 575990 763100 763637 109321 563899 737324 258635 594908 611936 633632
640171 374435 142600 757028 184875 999999999 463284 885998 487017 138453 245030 558331 455972 659599 282989 163059 280637 642738 445060 559040 718761 231536 297171 936426 373354 422613 706466 582429 283992 496894 343697 682537 832034 440622 202189 431437 455407 456755 144930 847119 567379 395859 566038 259175 564285 103906 710492 693880 703171 426566 492629 430054 490740 738902 888999 621367 189908 526649 599078 423988 782426 465845 229172 270842 660192 607377 822468 624909 322680 493626 298121 312372 760625 618143 296775 223358 544288 163158 647338 559784 298654 499622 297861 416915 579448 316094 302005 768872 73682 402470 416472 705872 634611 285698 383981 734412 403819 517232 534800 464904
286371 299867 411403 513229 608547 463284 999999999 441917 351270 562316 462683 668559 348933 454362 184808 601661 623937 226211 190362 354967 388559 462091 211766 546065 104690 273540 495014 163159 746997 134682 525536 324073 855759 81492 392163 254854 148630 223292 331066 510491 108432 426516 204696 683737 510177 412419 270723 264110 743865 135132 51986 639448 312001 411692 463973 299154 456655 65311 428861 115766 320798 453594 686231 387730 231511 701483 743407 441520 360821 302107 406064 340983 297767 596459 464050 273960 98390 626091 198301 123782 692815 123192 754007 221712 387777 151580 261340 311412 390561 530543 80398 414397 182462 668361 435315 574834 693423 253769 261370 132316
519856 717316 798956 444222 1000332 885998 441917 999999999 536994 959651 804836 867372 736774 478007 622961 1035675 975175 246356 584858 469519 298758 903032 652996 202262 546435 673941 480637 303725 1167728 391961 822916 522436 928860 502592 758334 508821 542677 466616 743038 297783 334173 840814 336222 1068567 649317 849851 175645 193208 863431 462908 437628 913756 679727 301954 77259 334413 898571 393010 512405 462827 160501 661800 1093820 825057 391982 877512 752341 500501 790309 667365 839978 772625 225126 718845 899526 669331 347399 1048076 243928 328041 1059536 387475 1158148 627481 483912 590908 611968 143732 817165 794182 515073 358729 259455 1032073 853309 571750 1001834 424106 410194 522778
636396 579833 352997 270590 526592 487017 351270 536994 999999999 498512 305169 345895 654866 172595 372925 649323 463768 318865 518223 80922 272448 631253 444056 503789 382327 580076 219676 300037 727687 235509 293432 672189 504532 417685 294663 100254 485382 128506 358252 384843 367638 689492 227041 580220 159191 512287 395930 367235 395466 217320 401965 376927 637196 286152 504367 203101 603449 390714 113837 237480 516984 127319 634446 597071 559340 368510 403073 138744 603581 629912 626300 581742 538826 245644 668121 286508 331056 622440 378617 318667 554365 249362 688213 533433 93419 366035 200050 484270 445220 257750 399930 237929 379555 526211 690571 261788 468905 125616 133605 474095
766866 511406 160816 765622 48657 138453 562316 959651 498512 999999999 201799 478590 593948 665542 394955 208248 155418 713305 572767 577613 756511 361657 423079 983801 484361 557762 709618 658198 229752 568141 276353 809670 756943 553760 208662 469143 578061 503824 231835 879014 659316 533084 627152 125769 536445 242145 786845 766577 631350 497543 598748 333286 626830 774268 952572 665393 320092 627478 601901 500127 872550 441921 137435 408670 774763 527673 777294 628344 461122 629127 435180 450723 858651 573157 428646 293860 631505 139611 730637 642574 160208 573798 198661 548104 591344 425904 349417 854414 199671 341792 528192 732918 720035 148401 520579 719611 282944 559548 576800 585212
718063 526340 112564 567115 223232 245030 462683 804836 305169 201799 999999999 316227 613771 466980 343948 387229 170705 561927 539220 385883 572850 460065 401016 803649 416751 556660 509952 515898 430503 425622 102181 760493 587306 483052 79829 297043 528738 338253 199058 689785 540388 591694 468827 275335 335546 321218 639829 615753 458296 360958 509339 207965 627003 588648 787045 488880 420988 525850 402994 370401 741668 240183 332961 470019 692721 364685 583684 429360 505777 625304 501131 488404 740789 378525 518345 201844 506946 337349 595043 510783 255593 434707 383665 529241 395979 364566 205723 717439 247134 157487 456954 542849 587952 227775 584557 517824 233108 385861 401984 528956
952381 818368 428258 482664 473927 558331 668559 867372 345895 478590 316227 999999999 904064 404649 615284 684662 346985 663808 800378 399767 576033 776054 683045 789601 663819 838377 424203 645235 677221 573561 214903 991716 278355 717929 382687 421308 778074 462667 504204 649155 706779 898583 572930 481572 220224 637272 739542 710353 154819 536194 720494 154909 905542 580537 822755 536603 737189 719375 357368 554036 862193 221247 575129 780714 892522 49335 335344 373787 810738 901403 812101 791681 884578 174616 833159 476884 669771 616392 724433 660693 423524 586878 598659 801705 383460 625054 427620 828669 562742 163450 694834 522002 724926 402243 893182 372157 256032 471501 478958 772132
267887 87457 511297 857698 640847 455972 348933 736774 654866 593948 613771 904064 999999999 789430 291774 506347 721748 565745 160848 682519 737438 282505 221511 878491 275984 76609 833322 507222 680006 479394 709226 298763 1138792 267531 535021 555539 205105 540905 415504 857691 428495 121654 553354 714452 802179 354231 589127 592246 1015127 451470 322078 821411 64377 760543 779012 647140 310414 364299 753046 432338 583034 721696 666716 199463 364700 946849 1057896 770346 139786 75954 185790 144768 528908 883335 233583 427304 437801 576368 515976 465243 753684 469633 731653 127826 714760 290490 484667 593121 398822 743264 272726 762122 498341 738576 139250 904756 831766 587392 598627 224636
721115 722021 524587 100156 690207 659599 454362 478007 172595 665542 466980 404649 789430 999999999 524277 821797 613150 326592 639820 110243 179288 797193 592370 385179 513637 712949 47746 342075 895286 320295 433122 750859 459383 532017 465520 248740 601152 250719 529618 246985 429639 839080 266855 738060 186015 682603 386157 357185 385457 338009 498467 489040 762075 179100 424576 183630 771397 473420 64057 357107 511223 241451 799637 756283 621114 406493 304594 37993 756251 753164 784224 734254 551955 242982 829762 455740 398608 792858 401659 376668 704981 332849 850072 662993 82159 510929 368794 473561 616974 381283 520185 120391 409983 677167 842188 122548 593369 202524 193122 586190
379782 210159 261470 605616 443031 282989 184808 622961 372925 394955 343948 615284 291774 524277 999999999 416863 483301 391680 195290 414141 516550 293767 71909 706715 90531 223224 570902 327337 564969 257536 430463 422734 847188 159113 264528 277861 188466 275095 166601 646360 292545 316758 336696 519980 513252 227820 448661 437357 723359 200543 209806 545820 290480 539324 638038 417093 280847 245615 479084 187445 505512 430259 510264 235664 380102 656840 773170 499542 232132 286889 261690 210145 479275 592824 311932 143733 275563 444312 379307 296035 539258 254564 578785 187949 444428 33516 192916 495867 209371 457131 134079 524374 364599 517610 318593 631473 574756 331797 346740 192514
733672 440397 299420 919636 228274 163059 601661 1035675 649323 208248 387229 684662 506347 821797 416863 999999999 359822 795898 543139 721996 880671 227429 408937 1095897 503088 496566 868437 733825 173747 651509 476345 773881 962695 564782 359661 594197 563962 618382 304722 1009487 709042 412512 723531 271505 718385 190512 860137 845553 835847 582391 623312 541438 555804 901067 1043381 782635 195934 661714 760731 577760 922355 620432 185516 307084 775934 733931 970902 786721 367011 561967 322397 366394 894071 765744 290012 383917 689707 91457 793672 707698 333684 652941 238495 506768 742041 450204 464658 912301 221096 539989 543413 868777 779757 334575 395969 893166 486518 679205 696739 577315
863076 635833 221885 711791 133441 280637 623937 975175 463768 155418 170705 346985 721748 613150 483301 359822 999999999 732624 675062 544428 735529 511262 527965 966991 565552 675894 652130 686259 330236 595748 181849 906015 622294 634373 231917 466713 671766 508570 319091 847189 707397 674264 639360 136762 454936 382461 810525 786442 501791 529945 667888 193194 746564 749877 955807 655735 469502 688395 549617 538249 911389 373025 228264 548646 850492 394261 668113 575176 596364 747056 577176 583142 908489 471319 577198 352270 674875 279604 764975 679949 91844 604500 255259 657545 549782 509319 373838 887723 323957 242847 608039 700795 757447 64263 663277 642556 127564 554429 570100 675029
421547 524696 552600 346570 754039 642738 226211 246356 318865 713305 561927 663808 565745 326592 391680 795898 732624 999999999 404949 270173 191850 682120 433678 319964 327360 493160 352073 64648 922925 146265 588557 443988 781067 302651 512563 269929 360644 225848 498732 295819 139063 651532 95512 822684 458496 613958 79097 53895 691824 217212 243725 687169 519864 212457 247711 143390 672224 202000 333717 218779 198396 446040 847679 611933 306170 682857 630735 332727 586991 508522 631499 567014 227904 539510 688773 423785 129282 803864 76328 102595 815355 143185 911829 441985 295277 361962 365904 165505 575629 567506 306393 238570 87958 788138 660930 445610 767970 194786 185260 341162
195122 134587 453566 702859 621423 445060 190362 584858 518223 572767 539220 800378 160848 639820 195290 543139 675062 404949 999999999 535967 577862 349820 149739 718994 138401 89823 682118 346479 709457 323615 624069 237511 1015699 109157 459812 417996 44356 396648 355986 697063 268221 255955 394981 698431 672425 359797 430834 432555 896645 305089 161243 739851 122382 600883 622663 489516 360814 203875 608521 285061 436744 600981 672852 261615 240771 839335 919468 623740 214148 113369 267782 200733 389034 756675 327581 338301 276986 593622 357051 304439 724874 312928 741185 43848 568695 177273 372759 442282 374615 646522 119963 604755 339425 705014 268678 758142 769813 437378 447069 64201
631372 613335 428885 199826 606710 559040 354967 469519 80922 577613 385883 399767 682519 110243 414141 721996 544428 270173 535967 999999999 193312 688014 482568 424033 406546 606271 157404 266726 806232 224529 372214 663943 518085 429721 371817 138855 498890 141869 424690 303964 346787 729376 189079 661050 188460 575976 342450 312920 422455 231537 402034 449520 657714 205906 431251 136835 663026 382135 74108 251229 467224 194040 714034 646085 541072 414792 389180 87917 646188 649260 673984 624192 497103 269778 719722 348982 312477 699142 338474 294422 635170 238033 768540 557002 32845 401369 262355 432121 512394 332171 416005 157030 342867 607021 732261 222451 545349 101793 98257 485028
613104 685040 600705 161831 789391 718761 388559 298758 272448 756511 572850 576033 737438 179288 516550 880671 735529 191850 577862 193312 999999999 808829 573651 231472 475535 662068 185013 235529 981679 264092 565390 635816 633385 469907 547919 289289 534633 262333 576159 130613 324717 810190 185582 847862 355946 715954 228058 202373 564674 316340 419462 640980 697628 23232 247067 100171 791048 382857 218675 329283 347001 385008 893912 750770 497516 582329 464460 203686 736547 686972 774611 715205 396482 421163 827713 496983 304493 869347 266119 277524 825514 271288 951602 610241 197442 493429 417259 308551 662152 524845 466693 60742 279424 797362 817104 279144 738417 201530 183967 516392
527555 227565 347796 886024 402021 231536 462091 903032 631253 361657 460065 776054 282505 797193 293767 227429 511262 682120 349820 688014 808829 999999999 250330 999589 357460 285453 844863 617473 400728 551286 562114 565132 1042358 403049 396924 549312 380797 557593 284521 939096 568925 185434 630442 466940 743516 138855 732778 724809 913198 492566 467500 657458 336729 831364 925485 708875 41761 511127 744254 480734 769717 647742 401220 89551 590509 824137 1008409 767671 146874 344397 96724 152538 730230 809993 67455 345814 559499 306399 660209 582811 518057 548011 461626 308115 715150 320909 431298 767440 213449 614583 388260 812641 643998 509571 169421 892389 635322 617562 633671 397911
344020 138443 307817 671029 471736 297171 211766 652996 444056 423079 401016 683045 221511 592370 71909 408937 527965 433678 149739 482568 573651 250330 999999999 752811 107199 156622 638534 369136 568869 310368 492403 386720 918384 157867 321230 347850 158655 341975 209518 702044 318823 246843 390029 548781 585157 219608 482475 474978 794040 261453 220232 606534 226275 596714 675426 475603 246671 262543 548920 245780 523450 501694 526021 178910 367924 725481 844909 568780 164942 224293 201110 143077 488922 664563 256103 207098 309394 450546 409905 333193 575428 305030 594614 129822 513405 82036 264103 518906 225584 523136 139688 585894 393766 555939 249921 701446 627510 396411 410485 169727
693284 843129 825806 315580 1018249 936426 546065 202262 503789 983801 803649 789601 878491 385179 706715 1095897 966991 319964 718994 424033 231472 999589 752811 999999999 647046 808449 368453 384024 1206325 450392 796212 702773 794912 620896 775249 514670 674750 482051 791852 144055 451059 969851 373823 1078246 571046 921900 290463 286444 752114 515776 559388 867750 827781 218342 126352 318472 987353 515425 438313 523565 345152 612670 1121195 931449 564958 788832 607453 418097 906886 815858 951392 886968 410929 623182 1008425 713069 448350 1091567 362595 422293 1056880 452269 1180285 758165 424550 678681 638768 315547 875089 753599 626045 272705 380215 1028733 979825 444441 967561 424395 407055 654797
301368 211328 345094 584587 532167 373354 104690 546435 382327 484361 416751 663819 275984 513637 90531 503088 565552 327360 138401 406546 475535 357460 107199 647046 999999999 199755 557920 263033 654579 211630 494762 343743 877478 69648 339535 282173 114962 265042 253926 601937 212426 334905 290162 608893 534831 312727 375318 367864 758247 175633 120448 610796 254907 498749 568235 379942 352217 159201 477384 156834 420830 462590 600792 284589 290421 701966 784945 494394 262242 247885 304504 241451 391075 618678 361421 215619 202212 534126 302974 226250 625697 204365 669305 151358 438831 58459 236831 414101 299690 512554 43832 493175 287021 603183 341569 628845 649741 312072 324017 112500
242139 57889 459409 781139 605825 422613 273540 673941 580076 557762 556660 838377 76609 712949 223224 496566 675894 493160 89823 606271 662068 285453 156622 808449 199755 999999999 756755 433450 668026 403048 648976 279895 1067749 192469 477035 480407 133777 464791 361574 783383 357453 167417 477538 681443 729064 326373 520622 522014 945220 375052 249650 762875 70843 685215 712459 571035 304439 293066 677083 355842 524050 650651 643423 196057 317233 880063 983142 694136 140208 71493 194401 133152 473858 811079 251857 363545 364440 557605 446772 391774 715388 393453 710379 51829 638583 218041 414908 530980 358599 679315 196414 685909 429155 698192 181207 828598 780478 510835 522023 153816
756396 767161 570661 60818 733093 706466 495014 480637 219676 709618 509952 424203 833322 47746 570902 868437 652130 352073 682118 157404 185013 844863 638534 368453 557920 756755 999999999 374293 939347 360401 470995 784756 448759 573747 511310 296162 642700 296585 577185 225792 463574 885068 301597 779046 211773 730298 405257 377182 387323 382380 537602 519748 804486 178750 421599 212431 819137 510466 108175 401123 528379 279143 842895 803448 652484 420727 281369 81870 802706 795332 831245 780711 573180 254889 877121 503463 434164 838181 428185 410965 743948 372462 892133 706440 129904 556897 416517 490170 664477 416359 562883 124431 437925 716325 888437 95046 626008 245937 235130 627225
383627 462751 498098 378623 700194 582429 163159 303725 300037 658198 515898 645235 507222 342075 327337 733825 686259 64648 346479 266726 235529 617473 369136 384024 263033 433450 374293 999999999 864021 90986 551190 410640 784642 241564 461488 233947 302482 189206 439316 350653 90719 589510 77745 770471 450530 550619 128868 111738 687527 160708 185806 654800 464067 257921 311093 162433 607720 147432 336964 159203 227544 424418 791189 547531 279041 668473 645651 341032 523433 453095 567387 503269 239858 534784 624443 366156 69733 744360 81441 42322 766520 84403 856224 381897 295997 297404 314648 201563 514220 536322 243553 272563 79725 739740 598460 464226 729723 175079 171128 283519
902315 612577 381003 995353 211251 283992 746997 1167728 727687 229752 430503 677221 680006 895286 564969 173747 330236 922925 709457 806232 981679 400728 568869 1206325 654579 668026 939347 864021 999999999 776664 494189 943214 951689 720059 434994 692682 726755 724350 424725 1106051 851371 585184 842037 198575 762504 350138 992601 974921 832025 705767 774697 523117 728681 1000166 1167205 888133 369626 809921 831653 704914 1066418 669789 102606 480634 936586 724367 993886 858096 540525 734524 496101 539251 1043903 792574 461729 499373 827999 120910 930722 842908 263430 780385 98599 675092 820732 598381 567756 1052662 356452 559742 696909 960621 918257 278775 568305 947434 439340 782285 799762 738590
407114 422112 407740 379248 609696 496894 134682 391961 235509 568141 425622 573561 479394 320295 257536 651509 595748 146265 323615 224529 264092 551286 310368 450392 211630 403048 360401 90986 776664 999999999 464840 440576 736176 214540 370505 153385 282951 110896 352615 391711 133284 546512 79708 679632 393360 472541 218822 198756 630670 70985 178432 571322 445824 287278 392245 168676 537366 158098 298602 73903 316281 352625 701878 488552 323854 600789 613646 309307 472520 436219 511477 451244 321246 479605 565729 277556 96313 657685 169503 89305 675593 13917 766441 351570 256974 231616 223666 292012 430696 454385 206669 282999 163426 648860 553134 441504 642351 122806 128092 266988
794779 622071 214744 530988 283153 343697 525536 822916 293432 276353 102181 214903 709226 433122 430463 476345 181849 588557 624069 372214 565390 562114 492403 796212 494762 648976 470995 551190 494189 464840 999999999 836438 489064 557427 175348 318878 609141 363464 297789 671328 590060 692228 493110 314008 273758 423259 667647 641206 360796 408315 575154 116045 718556 577944 795797 493494 522838 585340 370160 421602 778662 191948 392265 571432 756996 263773 501484 395263 605636 716012 602636 587712 785891 298548 620519 286804 554474 415951 632427 553575 273384 475918 431210 618111 373798 447025 264656 750803 349310 65769 532063 526221 627916 246095 685545 461345 179452 398926 412760 607076
42997 337698 684204 787873 858319 682537 324073 522436 672189 809670 760493 991716 298763 750859 422734 773881 906015 443988 237511 663943 635816 565132 386720 702773 343743 279895 784756 410640 943214 440576 836438 999999999 1175963 279011 683004 578190 234284 543717 588413 728870 321334 420376 484034 935417 831351 595257 425984 443044 1066800 458823 272152 952204 235374 656080 583714 573048 583967 282537 737586 439765 362655 777666 909972 475889 140518 1025397 1051573 745750 418841 225248 472140 413041 297318 917817 526787 559129 352731 829171 370672 374222 960004 426773 978167 268295 695815 397467 573581 387882 612051 848887 304511 680484 356522 939284 438006 873392 993451 562880 565909 231764
1140745 1056704 696685 486879 751454 832034 855759 928860 504532 756943 587306 278355 1138792 459383 847188 962695 622294 781067 1015699 518085 633385 1042358 918384 794912 877478 1067749 448759 784642 951689 736176 489064 1175963 999999999 919859 645438 602061 986100 632900 762189 652832 863904 1149515 706904 754061 345651 904645 844864 815625 129243 721305 906485 429139 1130310 627373 866888 638167 1005008 893654 448413 741297 970315 417153 850375 1037645 1058074 229388 191495 448443 1060939 1124314 1068987 1040581 1008633 259721 1095866 720731 828687 894617 853527 812041 692691 750075 868922 1025263 488783 849730 654319 932816 829385 429903 900383 572644 859416 673859 1146206 357373 517810 615689 615509 976199
237495 222261 414413 593751 601653 440622 81492 502592 417685 553760 483052 717929 267531 532017 159113 564782 634373 302651 109157 429721 469907 403049 157867 620896 69648 192469 573747 241564 720059 214540 557427 279011 919859 999999999 406892 318256 69209 292698 323566 590962 171879 349056 286171 678436 574680 374392 338124 335652 804082 201146 64973 673214 231284 493014 532123 380502 403323 109703 502954 180880 366881 509820 668852 322650 221036 754010 815870 517166 289023 221755 337552 270549 331056 660153 396960 283216 173378 600077 263887 200392 695276 203771 737458 140694 462548 127952 295137 364712 366969 571135 26337 495714 246719 672659 358951 651263 716155 329949 338971 56423
640402 447671 60275 564768 244145 202189 392163 758334 294663 208662 79829 382687 535021 465520 264528 359661 231917 512563 459812 371817 547919 396924 321230 775249 339535 477035 511310 461488 434994 370505 175348 683004 645438 406892 999999999 260696 450353 296673 122597 671173 476486 517504 423054 310239 362196 259685 588535 566359 516299 302107 436861 286422 547298 565852 747121 456936 359950 456502 403172 308637 683499 263753 346097 398143 619959 429657 622011 429442 430528 545522 429503 412429 677797 418873 451453 123918 444791 327777 538077 451554 305957 378006 405463 449423 388080 286095 146935 661731 184399 219479 380639 525630 529438 279877 511325 533557 310763 351202 368369 451259
541148 481946 311695 337123 504368 431437 254854 508821 100254 469143 297043 421308 555539 248740 277861 594197 466713 269929 417996 138855 289289 549312 347850 514670 282173 480407 296162 233947 692682 153385 318878 578190 602061 318256 260696 999999999 385532 44808 291764 416064 285980 594420 174732 567144 256547 439821 348962 322986 489012 119743 306372 420855 536993 308492 490194 196257 524905 299731 201224 139468 460662 201525 606525 507752 471869 450511 502872 222013 509867 529669 535982 487903 472312 342383 581024 213865 248996 580084 315382 242188 552575 166280 666077 433385 167448 268217 129569 432064 379256 302538 299953 274726 312432 524810 596451 353663 498182 90543 107675 374675
191320 174813 449930 661848 626607 455407 148630 542677 485382 578061 528738 778074 205105 601152 188466 563962 671766 360644 44356 498890 534633 380797 158655 674750 114962 133777 642700 302482 726755 282951 609141 234284 986100 69209 450353 385532 999999999 361355 354274 653126 223892 298605 352611 703778 641483 376747 386922 388306 868935 269676 116988 725184 163536 557597 579173 447420 388108 159533 572049 249442 396753 573791 684461 294498 212562 815569 884629 586366 251212 153491 303690 235892 351624 726540 363793 326899 232894 608973 313009 260363 726370 271767 753096 84912 531710 164260 351646 400710 383086 627507 85729 562667 295397 705312 310689 720472 761114 399149 408070 20094
507910 471545 344386 330759 540812 456755 223292 466616 128506 503824 338253 462667 540905 250719 275095 618382 508570 225848 396648 141869 262333 557593 341975 482051 265042 464791 296585 189206 724350 110896 363464 543717 632900 292698 296673 44808 361355 999999999 313826 391797 244152 588493 131126 605522 287697 455900 304766 279181 523453 91707 273622 465622 517664 283043 450872 164741 535999 262655 212443 111916 415856 241765 640823 509529 432887 490181 523280 229507 506362 509591 536472 484379 427919 374148 584556 234656 207157 609677 270628 198747 593316 124284 701787 415947 173883 260316 156727 387370 399996 347155 276942 256307 267891 565720 591894 363853 542671 61419 78699 348845
545418 328056 98319 624369 278967 144930 331066 743038 358252 231835 199058 504204 415504 529618 166601 304722 319091 498732 355986 424690 576159 284521 209518 791852 253926 361574 577185 439316 424725 352615 297789 588413 762189 323566 122597 291764 354274 313826 999999999 705377 430679 394987 421111 355318 459528 155118 567878 550375 633565 282016 366930 407020 432374 596762 744424 477920 251277 396050 472030 280295 645309 363280 356223 276778 544121 550536 724124 496939 307932 431723 308196 289929 628291 525589 334047 79207 405036 305163 506793 418737 372660 355861 423461 339338 447934 195716 162776 629557 87736 340756 297649 566311 494889 351110 389074 615217 418942 374855 392342 359074
711193 809507 725715 171581 909768 847119 510491 297783 384843 879014 689785 649155 857691 246985 646360 1009487 847189 295819 697063 303964 130613 939096 702044 144055 601937 783383 225792 350653 1106051 391711 671328 728870 652832 590962 671173 416064 653126 391797 705377 999999999 434715 935493 312176 965007 432630 846386 303592 286023 608064 446531 536421 734974 814403 108873 225002 230776 921606 496636 304612 458928 400090 482852 1016069 879852 588396 646512 467388 282171 863860 803277 903150 842726 460135 480649 956927 626310 420326 995475 361097 392855 938357 397770 1071840 731649 297703 622513 545154 363470 791789 624136 590045 146941 377077 910241 943100 300497 837684 330557 313124 634161
293214 393053 503595 469291 704208 567379 108432 334173 367638 659316 540388 706779 428495 429639 292545 709042 707397 139063 268221 346787 324717 568925 318823 451059 212426 357453 463574 90719 851371 133284 590060 321334 863904 171879 476486 285980 223892 244152 430679 434715 999999999 519438 162788 777863 523960 520357 166277 164733 761647 181831 108570 699557 381111 346686 360325 252618 564642 64387 419341 170170 215074 485905 786902 492136 194302 734005 731529 425816 460797 369673 508571 442033 201335 609723 567527 366254 37010 730519 92166 53027 781676 119901 853980 307119 377729 259583 334666 203327 495509 584342 181591 363259 75321 756101 530031 552139 764856 248381 248672 204051
389303 126835 481576 916167 576929 395859 426516 840814 689492 533084 591694 898583 121654 839080 316758 412512 674264 651532 255955 729376 810190 185434 246843 969851 334905 167417 885068 589510 585184 546512 692228 420376 1149515 349056 517504 594420 298605 588493 394987 935493 519438 999999999 624639 645936 825312 292294 684551 684055 1022417 505382 410867 798277 185701 833417 877514 714812 221725 455421 795602 488303 691464 736994 585545 125631 480862 944226 1087854 815610 88576 196769 97911 109304 640743 901477 124290 428852 522270 491345 610324 549039 692663 538902 646850 213707 760248 328177 501319 698126 353499 735214 346205 827597 592810 681239 18461 948083 792752 641662 655080 318657
454879 499475 466427 311951 666293 566038 204696 336222 227041 627152 468827 572930 553354 266855 336696 723531 639360 95512 394981 189079 185582 630442 390029 373823 290162 477538 301597 77745 842037 79708 493110 484034 706904 286171 423054 174732 352611 131126 421111 312176 162788 624639 999999999 733172 374019 548087 174601 148257 610515 141961 240565 591874 516141 208814 325659 95062 615712 209692 259287 150436 290988 353392 762977 568259 355312 594321 569211 263937 551756 505936 591129 530576 312205 457723 645434 343498 132589 724550 152009 109817 723318 85798 825784 425765 218258 311258 277826 259911 502447 472310 281561 210162 154566 695876 631689 389368 672542 101508 94938 335199
892623 633592 274356 837730 77172 259175 683737 1068567 580220 125769 275335 481572 714452 738060 519980 271505 136762 822684 698431 661050 847862 466940 548781 1078246 608893 681443 779046 770471 198575 679632 314008 935417 754061 678436 310239 567144 703778 605522 355318 965007 777863 645936 733172 999999999 587669 360352 898203 876430 636063 610094 721833 326767 749870 863901 1056393 761901 426704 749038 674054 614630 989251 501429 101731 523934 899284 527886 804870 700121 578937 752609 548422 570152 978359 607616 534349 411684 748577 180741 845409 757875 66772 686426 118512 673256 670033 550488 456800 969334 324631 377363 652698 818066 835739 80308 632165 775133 240919 657350 674018 710770
795571 723239 421761 272333 551684 564285 510177 649317 159191 536445 335546 220224 802179 186015 513252 718385 454936 458496 672425 188460 355946 743516 585157 571046 534831 729064 211773 450530 762504 393360 273758 831351 345651 574680 362196 256547 641483 287697 459528 432630 523960 825312 374019 587669 999999999 613119 530718 501143 237705 375655 561058 308761 789205 360337 602859 323280 710782 549638 137444 395660 655668 98445 662055 722734 716994 228449 265152 153722 737444 782595 753317 716134 684781 86466 788615 401732 487848 672890 525340 473499 545713 407271 704374 684502 166947 511692 324012 620415 539828 212751 555768 301877 528585 518954 824318 187634 416269 276488 279429 631078
553751 275192 209039 775763 287749 103906 412419 849851 512287 242145 321218 637272 354231 682603 227820 190512 382461 613958 359797 575976 715954 138855 219608 921900 312727 326373 730298 550619 350138 472541 423259 595257 904645 374392 259685 439821 376747 455900 155118 846386 520357 292294 548087 360352 613119 999999999 674856 661924 775420 406170 432846 519669 392468 737538 861581 616103 100362 471605 626123 398781 732703 515936 317099 167021 587482 685438 876889 650712 219149 396306 194812 209801 703602 676161 199390 227028 502703 233961 606649 522027 402327 472394 384374 327077 600592 260849 313890 723670 75304 476120 352901 711827 592201 389602 280872 770260 503162 517273 534337 389034
410595 558593 626547 389687 828517 710492 270723 175645 395930 786845 639829 739542 589127 386157 448661 860137 810525 79097 430834 342450 228058 732778 482475 290463 375318 520622 405257 128868 992601 218822 667647 425984 844864 338124 588535 348962 386922 304766 567878 303592 166277 684551 174601 898203 530718 674856 999999999 29626 760955 289309 274250 766027 537454 244097 194061 208855 726334 229368 401439 288014 125835 523247 920043 657699 285489 756959 686546 397327 627074 525489 674668 608271 168634 609605 733437 495023 173734 872751 74320 152834 892471 213188 984989 471307 365081 417089 441613 89699 641522 646298 347335 283958 91752 865408 695582 500223 847053 273023 262589 366845
425327 557528 605956 363395 807563 693880 264110 193208 367235 766577 615753 710353 592246 357185 437357 845553 786442 53895 432555 312920 202373 724809 474978 286444 367864 522014 377182 111738 974921 198756 641206 443044 815625 335652 566359 322986 388306 279181 550375 286023 164733 684055 148257 876430 501143 661924 29626 999999999 731349 269714 273240 738503 542636 219553 200892 179249 716760 229043 371845 270083 155393 494546 900614 651831 302699 727510 658306 367893 623592 530872 669945 604266 196033 579979 728136 476198 165777 855526 77619 142050 869250 194537 965016 471835 335457 406576 419632 119298 625924 618693 342703 256865 94912 842029 694440 472042 820657 245087 234152 368356
1030127 932042 567453 436579 628315 703171 743865 863431 395466 631350 458296 154819 1015127 385457 723359 835847 501791 691824 896645 422455 564674 913198 794040 752114 758247 945220 387323 687527 832025 630670 360796 1066800 129243 804082 516299 489012 868935 523453 633565 608064 761647 1022417 610515 636063 237705 775420 760955 731349 999999999 608743 795333 309301 1009107 562917 808014 552101 875782 786059 359544 628335 886708 295686 729948 909456 954471 108549 204459 365867 933871 1003580 940831 913723 919364 152797 967003 594035 725479 769884 760911 711176 577103 644564 752748 904072 396603 727586 530545 850363 700168 300830 783476 505009 764934 556467 1018733 308551 406025 514083 516441 860108
421482 385193 337391 410839 539506 426566 135132 462908 217320 497543 360958 536194 451470 338009 200543 582391 529945 217212 305089 231537 316340 492566 261453 515776 175633 375052 382380 160708 705767 70985 408315 458823 721305 201146 302107 119743 269676 91707 282016 446531 181831 505382 141961 610094 375655 406170 289309 269714 608743 999999999 186775 518621 426408 338992 462444 216622 475798 183379 303518 20268 381699 319175 630982 435782 356951 567710 614979 319453 426283 418170 460790 404484 380289 461770 512357 206578 146816 586939 235971 150004 607909 76384 695704 325502 264084 179657 156197 359676 361334 404985 185282 324643 227631 581502 510103 453987 583170 136807 149712 257405
234794 284521 452064 552225 645815 492629 51986 437628 401965 598748 509339 720494 322078 498467 209806 623312 667888 243725 161243 402034 419462 467500 220232 559388 120448 249650 537602 185806 774697 178432 575154 272152 906485 64973 436861 306372 116988 273622 366930 536421 108570 410867 240565 721833 561058 432846 274250 273240 795333 186775 999999999 689570 278412 442260 468027 335590 466685 44993 476123 167615 303236 505524 718818 387603 183383 753468 791120 487607 353510 267592 402438 335298 270760 647428 461905 316010 116097 654099 199931 143566 734037 165635 787107 198872 434707 176546 310542 299984 419095 581648 80723 450407 182584 710229 421513 619913 741145 300316 306500 97761
910636 734028 316749 580527 323178 430054 639448 913756 376927 333286 207965 154909 821411 489040 545820 541438 193194 687169 739851 449520 640980 657458 606534 867750 610796 762875 519748 654800 523117 571322 116045 952204 429139 673214 286422 420855 725184 465622 407020 734974 699557 798277 591874 326767 308761 519669 766027 738503 309301 518621 689570 999999999 832810 650533 880302 580008 616820 698138 430548 532996 881187 255987 421410 675290 870617 201281 484862 452903 713082 830572 706089 696036 892367 300140 718946 402087 663403 467948 736237 660582 268841 583089 443752 733155 443910 562924 379529 851571 448548 119883 647934 595049 733004 247335 790485 489126 109527 493552 505581 723085
203615 117442 530246 825011 674677 490740 312001 679727 637196 626830 627003 905542 64377 762075 290480 555804 746564 519864 122382 657714 697628 336729 226275 827781 254907 70843 804486 464067 728681 445824 718556 235374 1130310 231284 547298 536993 163536 517664 432374 814403 381111 185701 516141 749870 789205 392468 537454 542636 1009107 426408 278412 832810 999999999 720508 724788 610952 360838 317958 729915 406537 524086 713768 708759 249758 302247 946517 1039535 745567 190230 12423 241039 189447 468297 872385 292960 432439 394338 621037 465486 421757 785037 434949 775051 105067 690377 281826 480014 536009 428187 747530 241935 726201 447940 768202 203007 880043 851297 559584 569414 181269
633991 708272 619338 148717 806435 738902 411692 301954 286152 774268 588648 580537 760543 179100 539324 901067 749877 212457 600883 205906 23232 831364 596714 218342 498749 685215 178750 257921 1000166 287278 577944 656080 627373 493014 565852 308492 557597 283043 596762 108873 346686 833417 208814 863901 360337 737538 244097 219553 562917 338992 442260 650533 720508 999999999 245554 122497 813295 405328 224068 352150 360250 394905 911590 773708 517297 584895 454922 206834 759701 709814 797639 738345 411793 422068 850620 517645 327085 888499 285773 300024 840261 294516 968655 633387 206694 516394 437098 321802 683033 535535 489897 58859 299558 812103 840318 271123 749429 221910 204424 539298
577294 751985 791953 380131 991027 888999 463973 77259 504367 952572 787045 822755 779012 424576 638038 1043381 955807 247711 622663 431251 247067 925485 675426 126352 568235 712459 421599 311093 1167205 392245 795797 583714 866888 532123 747121 490194 579173 450872 744424 225002 360325 877514 325659 1056393 602859 861581 194061 200892 808014 462444 468027 880302 724788 245554 999999999 302304 917650 423065 465452 465731 222269 625283 1088604 851467 448555 829357 686614 450694 821113 712588 868690 802333 288343 667439 927370 667987 366033 1049058 268237 342909 1042638 390440 1151127 663918 441245 607430 603155 196256 822821 761866 541295 304188 285464 1014796 888898 509653 973019 401394 385766 559081
545828 590751 507407 217556 700375 621367 299154 334413 203101 665393 488880 536603 647140 183630 417093 782635 655735 143390 489516 136835 100171 708875 475603 318472 379942 571035 212431 162433 888133 168676 493494 573048 638167 380502 456936 196257 447420 164741 477920 230776 252618 714812 95062 761901 323280 616103 208855 179249 552101 216622 335590 580008 610952 122497 302304 999999999 690889 303705 192608 230269 334623 327409 802761 651880 440056 550953 488171 189730 639354 600827 676213 617837 370472 400880 728668 398718 225595 774170 218038 200813 743951 177609 862228 519374 156686 394768 321191 298338 563318 460819 374671 115254 226516 715925 721060 304123 670920 105929 88595 430157
