NAME : synthetic_000005
TYPE : CTSP-D
DIMENSION : 100
GROUPS : 8
RELAXATION_LEVEL : 1
EDGE_WEIGHT_TYPE : EXPLICIT
EDGE_WEIGHT_FORMAT : FULL_MATRIX
EDGE_WEIGHT_SECTION
999999999 225629 648210 192668 293590 536089 314458 115253 448419 219291 389211 554229 619531 683626 297202 101778 724593 265445 174016 375252 419437 428874 525992 537050 423359 612804 376148 511831 281879 371990 307497 183599 324552 174106 831910 355662 66352 765521 527091 459770 438902 786780 729392 278257 325362 613868 367843 394354 737929 320861 780408 439994 471370 678620 472872 371416 656932 695131 372820 829335 318510 212783 352109 313099 856101 331006 609662 477478 146830 665243 190776 448278 289897 580682 179070 419614 449946 599166 156080 299184 753976 728397 597841 408294 748511 365085 585608 397158 512557 361030 808210 578196 218856 491166 581897 490995 865010 268122 492563 594812
225629 999999999 790327 130128 504109 758937 270155 317581 594941 333985 404620 776194 842136 908892 521892 124660 861620 491014 325039 592362 335025 525044 751104 662623 648570 837348 586528 737117 213415 536404 380319 323822 531168 263095 1056627 580012 251246 939637 704730 596697 278318 1002312 903288 413374 439381 723367 433899 555901 951545 493674 973008 664800 641258 777210 692947 484344 870603 914511 360918 1049657 408051 301016 445852 524591 997086 528855 716835 698007 197260 890623 66357 672081 514915 804493 353507 474976 594534 771303 123936 154212 874995 952838 636383 545193 931008 570545 811232 587260 737208 586289 985723 706296 16823 709134 753108 714905 1090092 490645 558760 753711
648210 790327 999999999 664927 421929 488895 585754 536631 200225 830285 459387 478513 721229 687502 517831 714129 77427 548561 772040 679917 632873 1002569 541455 134498 589350 551376 382659 609938 629068 861739 420303 476342 720176 527939 675399 600154 695326 205380 181240 193900 774196 494814 179884 849908 351319 130868 382769 255780 447050 815646 311431 514889 196250 165110 441021 939931 410567 492094 514221 581867 921984 841585 352133 694918 208611 755016 139976 446607 795012 671332 798963 492874 525871 520692 469145 367846 199266 134312 790847 720625 130057 603588 350665 934409 234638 365117 608211 810714 522688 525762 252654 93776 774540 419054 134345 500328 712038 498130 304967 82724
192668 130128 664927 999999999 417733 684356 154032 240578 472750 377117 278194 699178 799205 854007 458752 132886 734879 435128 348078 563455 242875 585275 685240 535375 597032 767404 496963 683764 103723 557734 250801 213254 516861 144532 985550 534190 247358 822009 591092 472229 246471 911939 785860 449800 313677 594010 303778 439107 859264 508547 863697 598632 525585 647190 613483 535030 779243 830692 239059 966353 467708 354429 317139 504464 870435 523606 587336 619290 251654 834871 164433 601796 453612 732146 254118 345202 471862 654512 194555 108477 746130 881299 509523 584029 816906 476944 752088 589254 669070 524477 869085 579084 113405 625876 636192 644208 1020832 421990 428864 632711
293590 504109 421929 417733 999999999 270053 447850 186641 251903 423959 421448 282976 432439 460478 107836 389522 498231 129460 365903 281640 549484 581899 281501 353898 235061 355899 82872 304329 453109 440875 311519 218235 304105 287988 570820 207913 315040 491464 261272 277350 635522 498270 456710 432199 252113 441158 343353 187311 447496 393876 490844 200359 225738 512056 196757 519569 366514 413260 444716 548938 508565 443121 294762 278935 616163 337111 441214 202923 425646 440676 481697 195692 113050 318981 166975 385161 256561 335081 449450 517962 546988 466989 531866 512587 466891 73478 355995 397990 262663 150113 529808 382909 493110 208147 320391 235276 607090 77771 414994 349724
536089 758937 488895 684356 270053 999999999 716098 445829 416076 591277 673332 23238 232419 212242 240344 637491 547145 276950 541833 286702 814979 678009 57339 495254 168156 87242 202922 134653 723128 506068 567872 488163 363222 558011 301327 228758 535108 438045 314194 445029 905538 269601 415478 563708 495590 571155 586929 372919 233406 480431 369470 104058 340002 634487 75690 624434 165590 167091 704291 295755 647368 622966 534886 344593 621197 398086 575532 68739 642307 193444 726348 89136 248682 49287 436907 618814 421899 356784 684098 786834 615312 197193 730250 584571 391536 230887 120024 422636 46035 182119 454309 502523 749840 79545 354580 49145 337188 268354 623224 406942
314458 270155 585754 154032 447850 716098 999999999 310809 414799 521026 142907 726774 867221 906689 518332 282446 647813 505235 484833 653829 108766 731649 729064 451341 662335 802830 515094 743390 57171 686193 173815 231767 621999 170740 1013989 608990 378224 765668 553132 405088 199443 911910 730921 588938 255729 493008 203057 401758 857168 634564 827514 645783 485476 535930 641047 678448 780985 843557 92392 976845 615323 502284 238338 605376 781515 635488 485040 647709 402593 886966 316138 643229 515854 765349 285873 228085 412127 605288 348498 143967 646266 911350 371016 721363 770197 489450 802305 704171 710464 581260 814519 493638 253855 646950 587293 683120 1051157 477562 309909 571274
115253 317581 536631 240578 186641 445829 310809 999999999 338119 303994 341514 461741 563497 614067 218636 204117 613530 198163 248573 343092 419411 501044 444749 431014 359340 527645 269305 444748 298232 406774 240552 102943 316841 140678 746389 300684 159196 650275 411839 351937 476063 684735 614140 343784 233533 511391 296182 281382 634135 353566 667085 358089 356554 578542 377111 439521 553144 597671 341712 733113 401812 308697 267866 298032 743675 335440 508021 382508 260045 594816 296550 361779 213996 492962 72224 348226 340132 483973 269509 346649 646382 642135 523616 459898 633650 254958 511702 405150 428810 284262 693071 470729 306893 392104 466756 404383 781238 181413 411017 480728
448419 594941 200225 472750 251903 416076 414799 338119 999999999 636478 311762 415145 633502 628304 358161 514392 276194 381043 578759 530747 482876 817847 455935 102254 462851 497118 244391 508431 450278 688677 241363 276768 555689 331850 673723 453586 497269 352707 146803 29200 612211 530632 317286 662349 162409 189432 222271 65134 475796 639494 414809 401482 85137 260333 347895 755007 410828 487194 360214 607851 730682 645364 177399 530605 408752 588004 189313 354919 595248 609501 600288 384631 364313 460128 269400 231286 5824 190581 590774 539147 309420 581903 314250 757147 355407 217915 532054 649842 435105 385079 401064 135639 579572 336618 172714 407671 712195 329336 211587 160239
219291 333985 830285 377117 423959 591277 521026 303994 636478 999999999 607871 613453 588908 676793 368269 244838 907711 327740 58460 337008 619167 211213 560445 732909 435857 648300 494427 516637 478940 207971 525847 395922 256447 393364 854847 366032 153826 915214 683836 652960 604334 860266 880624 79866 535380 814757 585797 575440 819561 174666 904877 487257 639698 882382 548832 157962 742470 758333 588296 882399 99506 40484 566184 263473 1033176 237064 811629 550868 136762 661770 268929 504699 358397 625307 376213 637871 639140 757879 210069 466394 945895 758652 816076 211654 888670 495564 596973 277065 554390 412155 952511 771248 338708 574129 742435 542136 881923 362631 708470 766205
389211 404620 459387 278194 421448 673332 142907 341514 311762 607871 999999999 679817 853843 877327 512969 389480 515918 510986 562688 670820 174366 818076 696944 325791 653676 760314 471341 725762 198032 745683 110659 240208 656168 215846 959946 612412 455513 650262 457845 295041 315377 835661 617123 666228 178161 356470 91028 318305 780460 692543 724971 620526 392343 395022 597873 760347 709533 779794 55880 908019 706387 596608 142203 635760 647362 676585 348025 604980 506391 857552 442096 612738 513223 722056 288677 91792 307782 498974 464118 286847 508507 860949 231769 792474 661281 442705 773584 746271 676831 568804 699458 365725 387877 597598 481885 648364 998101 471903 168867 457155
554229 776194 478513 699178 282976 23238 726774 461741 415145 613453 679817 999999999 244752 214754 259774 655384 534700 297130 563605 309920 824384 701247 77108 490921 191389 82262 211942 154663 735382 529289 575615 500390 386427 570792 287993 251686 554878 419824 306749 443851 917710 247020 398300 586588 501736 564912 592451 374936 210217 503635 348145 126242 336858 627018 86267 647639 142717 145321 712244 275909 670258 644838 540257 367713 605108 421317 569618 80070 662623 196782 744757 109808 268366 45044 449927 622753 420951 345360 703312 800749 603689 184631 729330 607779 372496 238890 130106 445677 68541 203197 434652 496218 766807 82290 344226 71682 324648 286140 624045 397188
619531 842136 721229 799205 432439 232419 867221 563497 633502 588908 853843 244752 999999999 104013 348890 717775 779214 365380 556049 255699 973311 599066 181017 720242 204962 188032 395539 128678 861061 431054 743680 636333 332706 697884 298275 265138 593349 658350 544984 662693 1039478 403087 639640 533723 682768 799363 774784 581976 395299 430414 571390 236672 564088 864363 287695 560603 360512 310243 875073 374554 610264 627739 724870 329218 847883 353580 803165 281054 682637 99017 794709 250030 351590 207235 582019 813953 639273 589160 741843 907337 847688 233568 943998 499104 608615 424693 115309 336895 201013 287009 667303 731083 837183 304862 586951 226861 314622 389763 831714 639110
683626 908892 687502 854007 460478 212242 906689 614067 628304 676793 877327 214754 104013 999999999 395433 784285 738176 420207 639447 339822 1009740 700255 180383 705675 260322 136321 406874 171795 906650 530237 769328 675103 420975 741166 194364 329813 665130 598081 520467 657234 1087881 312910 583894 626694 701199 779038 793303 584343 314265 525494 499762 260917 551371 840036 283626 659615 296162 231270 904335 274601 705466 714483 741756 413636 792740 445705 783930 276411 760946 19814 865899 265252 400395 169970 621390 827713 634126 553243 815780 960711 809059 136428 942492 600337 546426 436031 104498 436043 200596 329839 600649 710366 902480 291764 554188 229147 212337 433621 835070 607782
297202 521892 517831 458752 107836 240344 518332 218636 358161 368269 512969 259774 348890 395433 999999999 398951 592416 40532 313842 173804 624609 498963 229338 459571 144065 315613 139375 226686 513433 345846 402350 287731 202350 349266 534797 101851 295149 560471 346126 384309 693517 500866 527909 359053 352298 546723 441083 294205 456276 303069 538374 142908 322790 617508 184313 438327 377172 403730 529423 535671 440487 395149 395070 177087 703302 237335 547185 187530 403550 376203 486637 151614 9917 283728 233463 485896 363017 417210 443753 565277 645553 431197 638123 421128 528451 152823 293393 294033 215385 65735 593532 486513 513776 207636 404816 194091 568222 41363 520849 441174
101778 124660 714129 132886 389522 637491 282446 204117 514392 244838 389480 655384 717775 784285 398951 999999999 788674 367080 220183 469278 375726 452389 627762 594040 523967 714562 472394 612526 236044 432686 332254 237791 411194 196350 933685 455356 130584 846805 608847 521202 364626 885827 810442 319238 372172 664115 391898 466992 836208 385849 869950 541766 548994 724419 573349 402555 755152 795510 359441 930076 334863 221566 389476 403013 922713 411911 658763 578119 120164 766055 92435 549893 391674 682323 253365 440220 514991 678789 79075 224392 810838 830149 614526 453673 833502 459004 686937 473675 614321 462791 891158 636870 119570 590877 660985 592642 966777 369260 520292 668212
724593 861620 77427 734879 498231 547145 647813 613530 276194 907711 515918 534700 779214 738176 592416 788674 999999999 624015 849467 751920 686941 1079419 601586 199673 657736 603267 455766 672702 693626 937187 487209 550976 794610 600285 708191 672178 772374 196221 250383 267484 831202 519111 183129 927080 422276 164188 445181 333025 476037 891596 316710 581623 272528 165224 505100 1016830 451183 530928 571564 606992 999363 918911 419209 769401 135557 829749 173550 510240 871422 723004 872420 558939 600663 575028 545541 424226 274849 191208 865855 785667 72579 644586 377136 1010375 238924 439597 664793 884290 583679 597397 236058 156038 845628 481479 196767 562934 743484 573947 353368 151896
265445 491014 548561 435128 129460 276950 505235 198163 381043 327740 510986 297130 365380 420207 40532 367080 624015 999999999 273372 161988 612848 461908 261205 483175 161913 348984 175634 248998 496142 313198 401077 278213 174683 334700 567420 103842 258344 598570 380302 405936 674099 539952 565604 319718 358338 570426 444112 316172 495987 268222 578547 176356 352531 641333 223919 400729 417190 441811 523246 572693 400684 354722 400689 149564 737603 207758 570325 226841 365493 401421 452984 187818 30687 318636 224948 491099 385589 452382 408208 542786 675028 464497 649501 386867 567477 185587 320542 268885 248886 96454 632399 512335 483693 247773 439349 229523 599986 51729 531918 473604
174016 325039 772040 348078 365903 541833 484833 248573 578759 58460 562688 563605 556049 639447 313842 220183 849467 273372 999999999 300842 586635 256441 513982 675735 391413 602516 437346 475059 446750 212982 476158 343520 224788 346961 812699 320325 107813 857299 625488 595646 584719 809760 822612 104434 481342 758112 535481 517405 767783 168635 848644 437835 581249 826121 496179 197667 689864 708857 546713 835084 153317 81517 513465 226942 974744 212724 755154 498553 134278 623573 263781 454168 304050 577804 320712 587758 581501 699533 204677 444571 888134 714600 765637 236828 831250 437801 555117 264467 506643 360980 894913 713740 326896 520842 684045 492806 841071 306021 656303 707754
375252 592362 679917 563455 281640 286702 653829 343092 530747 337008 670820 309920 255699 339822 173804 469278 751920 161988 300842 999999999 762486 391851 241923 631410 118618 323821 297637 183922 637704 219370 561609 434135 82843 483693 520189 79772 341463 692779 501759 557398 808905 551213 663707 291003 520283 718265 605904 467391 519405 197126 646136 193761 488781 788803 274262 340231 451514 446394 679949 559040 372779 374700 562670 74000 853681 113729 719131 272709 427088 324789 541879 217290 169149 308407 382644 653084 535744 567905 487659 671755 809357 427704 810280 297895 653324 318155 263482 139590 242581 154589 718649 656341 588740 302746 558061 240951 545914 208993 692768 600076
419437 335025 632873 242875 549484 814979 108766 419411 482876 619167 174366 824384 973311 1009740 624609 375726 686941 612848 586635 762486 999999999 828075 830946 499813 768671 902101 612500 848472 140254 791372 253497 336979 730528 279022 1110014 716677 481549 824598 627282 467962 148282 998194 791354 689947 334869 524929 260715 481453 943081 740265 897431 748967 560550 555730 739458 777120 869210 935378 122669 1066814 710578 597290 307226 714066 816203 743518 516066 746291 494216 989960 391616 745168 622509 864258 391294 265138 479268 671871 433192 183209 674133 1008412 361197 823454 834966 585665 905245 811964 811891 686694 873793 539105 320653 743399 654521 784141 1147609 583575 334485 631273
428874 525044 1002569 585275 581899 678009 731649 501044 817847 211213 818076 701247 599066 700255 498963 452389 1079419 461908 256441 391851 828075 999999999 633548 918011 509940 712841 637499 570153 688134 173795 732551 598995 315825 602763 892656 454067 362626 1059221 841092 837627 802284 942775 1026858 157467 734559 1002790 791713 753960 911125 199743 1028435 580542 807038 1072217 656363 62842 841709 837912 799457 945912 118121 230954 768243 336896 1197718 280140 1000626 656226 335851 689866 458741 602629 489486 699861 572218 844023 821248 913841 404360 668243 1124533 809419 1021715 99966 1025660 646423 645672 265830 634359 520783 1091049 953449 532962 684383 900312 631139 912588 508675 911362 931621
525992 751104 541455 685240 281501 57339 729064 444749 455935 560445 696944 77108 181017 180383 229338 627762 601586 261205 513982 241923 830946 633548 999999999 540104 126349 88913 226873 77606 731668 460354 589046 498193 321826 565893 306217 194414 518037 495384 364124 485114 913713 309295 472702 526791 520960 618504 613128 407888 279276 438448 425184 86777 383988 683347 108091 582022 217908 204471 724290 322061 610081 594108 561712 305428 678019 355233 622413 101151 622065 160612 714188 85842 236190 66577 445137 648280 461746 410657 668740 790178 668932 203663 768763 538216 448788 256151 77446 373907 20903 164997 511375 550154 743104 123845 407458 49270 339023 263497 658878 459043
537050 662623 134498 535375 353898 495254 451341 431014 102254 732909 325791 490921 720242 705675 459571 594040 199673 483175 675735 631410 499813 918011 540104 999999999 558800 571092 340361 598174 495305 790773 287698 357799 657846 402564 729535 553559 589809 327629 190553 80408 640051 567995 296450 761878 223862 87260 248312 167374 515221 741389 416144 493384 156160 158162 432566 855201 461069 541547 380240 650917 828429 739667 219612 632737 335186 690246 87722 439270 683221 687599 675560 474792 465952 535769 359982 234721 98013 196105 672168 587104 217302 644720 252808 858819 345394 315589 614154 751888 519626 483531 376631 43710 646524 417319 183122 493383 767640 431452 179616 142098
423359 648570 589350 597032 235061 168156 662335 359340 462851 435857 653676 191389 204962 260322 144065 523967 657736 161913 391413 118618 768671 509940 126349 558800 999999999 212704 218682 88575 656338 337941 543075 431761 196052 492925 421771 71689 406118 582481 408291 491293 835379 434475 555096 400458 487140 643502 578064 404133 401204 313087 529663 79531 407271 712536 161534 456984 332921 329946 672346 447811 483732 470525 529816 179097 751225 230280 645644 158827 505472 242139 606182 103634 146631 192736 377472 620203 468335 468996 557181 704687 719395 323234 762243 416511 540809 245075 165664 256166 124642 85129 605718 578031 642212 189563 461259 122534 451313 185159 646674 507403
612804 837348 551376 767404 355899 87242 802830 527645 497118 648300 760314 82262 188032 136321 315613 714562 603267 348984 602516 323821 902101 712841 88913 571092 212704 999999999 290164 142993 808917 539060 655084 574133 405531 643486 219314 282450 606499 471604 384594 525736 991316 233783 454474 612306 582437 643244 673553 457149 214128 520926 383641 172884 418035 703815 162931 663513 172483 131085 791525 235548 695194 682396 621432 390688 663377 437534 648282 155975 710913 119994 801761 165942 322982 38268 522321 704582 502916 417186 757002 870972 673727 115606 811198 615699 421282 318069 78467 449358 100261 252537 479359 574615 828931 163881 417906 123263 253604 347578 706282 471478
376148 586528 382659 496963 82872 202922 515094 269305 244391 494427 471341 211942 395539 406874 139375 472394 455766 175634 437346 297637 612500 637499 226873 340361 218682 290164 999999999 267828 525549 484947 365056 291268 339748 362602 498924 218011 394865 423584 207385 273038 707507 416317 390236 494072 294423 425672 386446 187720 365038 442416 412637 159496 191733 495295 127234 576360 284164 334165 501392 469682 573645 516634 334892 314708 564167 375472 427507 134204 505803 387188 564563 145955 148484 252093 243468 421552 249933 277874 531807 594750 511821 396336 549264 560494 394509 29384 304196 428530 206361 144768 458822 361313 575303 132035 265729 177778 536066 132282 436208 303955
511831 737117 609938 683764 304329 134653 743390 444748 508431 516637 725762 154663 128678 171795 226686 612526 672702 248998 475059 183922 848472 570153 77606 598174 88575 142993 267828 999999999 740032 396359 615810 511786 266647 575424 338214 158993 494315 572392 430158 537546 920183 375766 549076 474722 554135 679450 646192 455065 350887 380119 502529 108414 442536 746113 169182 521723 293989 271549 748058 376276 556699 552693 596204 254364 753255 296954 682703 163384 592371 153566 694640 123817 230778 136165 457554 685283 514153 481497 645270 791013 738650 243818 816980 472755 526173 296793 80337 306367 91071 162240 588924 611837 730686 191267 476958 109791 366012 266415 703958 527227
281879 213415 629068 103723 453109 723128 57171 298232 450278 478940 198032 735382 861061 906650 513433 236044 693626 496142 446750 637704 140254 688134 731668 495305 656338 808917 525549 740032 999999999 653014 210096 235012 599445 165775 1023366 598916 342458 802863 583363 443422 182413 931135 767555 549828 288254 542008 248884 430201 876921 602465 858567 646649 515837 587694 649153 636885 799096 858007 149354 992582 570838 457530 277655 584558 828210 610015 534348 655547 355320 887087 261538 646225 509909 772090 286753 279451 448155 639525 297304 92193 695507 919830 427712 683506 804405 501642 802828 677566 713882 577998 851329 538295 197259 657455 621316 687309 1059937 473735 362537 609159
371990 536404 861739 557734 440875 506068 686193 406774 688677 207971 745683 529289 431054 530237 345846 432686 937187 313198 212982 219370 791372 173795 460354 790773 337941 539060 484947 396359 653014 999999999 647319 509703 148513 532899 721169 286411 310846 900248 691971 711537 797301 769397 869218 130027 631774 877549 702389 623582 738660 53223 861992 410925 665626 948229 489020 129553 670678 664536 738317 772215 187457 247051 670095 172173 1049094 111787 876597 488299 340713 518923 473211 433705 337148 526510 471206 754086 692768 762770 413770 656856 987787 636206 926961 78832 863938 498083 472159 94241 461852 357072 929465 822474 539136 517366 750616 459985 742368 363777 811604 786522
307497 380319 420303 250801 311519 567872 173815 240552 241363 525847 110659 575615 743680 769328 402350 332254 487209 401077 476158 561609 253497 732551 589046 287698 543075 655084 365056 615810 210096 647319 999999999 137616 550348 137678 858985 502024 372037 593316 379663 233365 372552 744877 558237 577344 82596 343208 60658 229659 689807 594106 653746 511239 312077 397533 492198 672771 615713 682395 136680 813388 625335 520022 68184 529182 622550 572476 336559 499217 440119 749526 402388 504255 402697 616921 181306 112118 238906 431655 410980 300772 495518 758454 290357 698811 596618 337033 665252 641944 569175 458256 641963 331202 363781 493790 413609 540845 896854 361328 188355 399291
183599 323822 476342 213254 218235 488163 231767 102943 276768 395922 240208 500390 636333 675103 287731 237791 550976 278213 343520 434135 336979 598995 498193 357799 431761 574133 291268 511786 235012 509703 137616 999999999 416000 71708 788382 381816 243649 615993 381078 283574 417397 701939 579622 442600 141765 431715 194016 232585 648570 456490 651509 414265 317477 495480 414150 538329 569292 624911 245833 760073 495181 394627 170263 395828 684922 436558 427155 420536 327139 655404 323886 412461 285910 537175 54315 246276 277258 447595 314965 304564 575072 684818 423002 561859 607391 268492 570796 506207 479964 349803 661920 400125 309512 422877 429438 453029 824925 246622 312804 432416
324552 531168 720176 516861 304105 363222 621999 316841 555689 256447 656168 386427 332706 420975 202350 411194 794610 174683 224788 82843 730528 315825 321826 657846 196052 405531 339748 266647 599445 148513 550348 416000 999999999 455580 602931 138561 280770 751961 547130 580370 763305 630523 721168 208161 520467 745092 600076 490756 596625 117209 714103 264717 525013 815999 341281 261212 526059 525943 658553 641004 290116 295048 561443 25297 903477 36727 744938 340850 355522 406484 476630 286880 194480 388393 369073 649831 560200 616844 420183 623730 847812 510463 815558 226872 715430 355104 346319 95039 320621 208582 780957 686842 529229 369513 605288 315740 628347 226412 698303 643153
174106 263095 527939 144532 287988 558011 170740 140678 331850 393364 215846 570792 697884 741166 349266 196350 600285 334700 346961 483693 279022 602763 565893 402564 492925 643486 362602 575424 165775 532899 137678 71708 455580 999999999 858743 438373 240164 678511 446611 334078 347967 773601 642272 450385 178771 469164 198215 295031 720168 480042 719242 480944 381338 528360 484525 544626 640970 696460 205701 831688 492447 384750 193181 437712 735474 471764 463504 490803 302464 721567 273198 480467 346294 606842 121166 248656 331448 510642 275416 232859 617863 754972 426166 577157 672549 340136 637217 541215 548132 413208 725282 445993 247751 493948 492346 521635 895076 309019 325931 490882
831910 1056627 675399 985550 570820 301327 1013989 746389 673723 854847 959946 287993 298275 194364 534797 933685 708191 567420 812699 520189 1110014 892656 306217 729535 421771 219314 498924 338214 1023366 721169 858985 788382 602931 858743 999999999 493390 823773 534111 539550 700361 1205675 197928 531624 810886 782138 788352 870584 645732 232686 712603 415724 391923 589300 839000 374249 849972 268830 188017 995559 119159 891628 890827 818405 592158 729676 630819 795092 367940 926306 202960 1020403 385081 542015 253457 737795 895856 679253 546704 974685 1088143 780719 104266 980340 792917 482045 524751 257887 627340 319425 471135 520973 722431 1048244 367058 553936 342281 38481 566813 885151 605914
355662 580012 600154 534190 207913 228758 608990 300684 453586 366032 612412 251686 265138 329813 101851 455356 672178 103842 320325 79772 716677 454067 194414 553559 71689 282450 218011 158993 598916 286411 502024 381816 138561 438373 493390 999999999 335425 616655 422075 480713 775627 498162 586827 334962 454021 640161 542330 391015 461465 254605 575648 127182 409405 710521 202742 398144 388930 394605 626340 516425 418614 399954 496769 117384 774742 174992 641260 202295 433858 312122 536088 148650 99818 259602 328262 587583 458702 488648 486304 642428 729627 394346 739498 365092 578661 239150 237242 215764 189125 75039 644148 577587 574215 231018 478571 180114 523000 141384 622360 520322
66352 251246 695326 247358 315040 535108 378224 159196 497269 153826 455513 554878 593349 665130 295149 130584 772374 258344 107813 341463 481549 362626 518037 589809 406118 606499 394865 494315 342458 310846 372037 243649 280770 240164 823773 335425 999999999 800251 563177 511019 490322 794587 764545 212195 384534 669121 432057 439682 748119 261203 805883 434459 511779 735312 477897 305070 667763 698767 438900 830723 253299 151308 413696 273388 901751 281550 665408 481690 110984 647541 201420 446033 286520 576889 229881 484085 499319 636539 151153 349523 805527 721699 662310 343261 779579 388434 571356 344418 506758 354476 841095 629817 248602 498988 619892 487867 855245 273707 555395 637280
765521 939637 205380 822009 491464 438045 765668 650275 352707 915214 650262 419824 658350 598081 560471 846805 196221 598570 857299 692779 824598 1059221 495384 327629 582481 471604 423584 572392 802863 900248 593316 615993 751961 678511 534111 616655 800251 999999999 238494 360585 960658 338019 36398 917653 515093 335686 566564 383796 303162 861598 123831 502964 298628 357023 420948 998795 301971 372680 703120 424812 996999 934404 527336 728079 197082 788638 344952 423816 908156 585925 937016 478855 570070 451833 593447 560705 354713 168430 918337 891830 263459 485989 555795 977831 52643 419740 543761 831885 481625 543582 49197 293786 925017 393012 186555 468294 566928 555517 505859 194451
527091 704730 181240 591092 261272 314194 553132 411839 146803 683836 457845 306749 544984 520467 346126 608847 250383 380302 625488 501759 627282 841092 364124 190553 408291 384594 207385 430158 583363 691971 379663 381078 547130 446611 539550 422075 563177 238494 999999999 168418 752204 385864 202308 693229 297404 258653 367588 153487 331517 648427 275212 333674 67676 320380 260976 779202 271843 351542 504866 465517 769807 700644 320138 522092 357331 582836 263794 266843 670264 503072 699530 311789 354889 350814 355540 378000 151335 74046 679899 668721 311195 454232 440909 766901 226313 194818 434217 635281 344664 347179 282316 190053 690568 240514 59248 321056 577772 332418 350936 99130
459770 596697 193900 472229 277350 445029 405088 351937 29200 652960 295041 443851 662693 657234 384309 521202 267484 405936 595646 557398 467962 837627 485114 80408 491293 525736 273038 537546 443422 711537 233365 283574 580370 334078 700361 480713 511019 360585 168418 999999999 600659 553988 325978 681469 158805 166110 207570 90109 499399 661816 429931 430492 111061 236693 377064 774821 436164 513372 345447 632383 748210 660342 166775 555388 401968 612195 165083 384081 606384 638468 605238 413757 390180 488859 281582 211027 23420 203981 598527 533569 294562 609397 285480 778985 367297 246239 561189 674818 464287 412920 409478 118798 581007 365610 186846 436867 738814 354334 184868 166196
438902 278318 774196 246471 635522 905538 199443 476063 612211 604334 315377 917710 1039478 1087881 693517 364626 831202 674099 584719 808905 148282 802284 913713 640051 835379 991316 707507 920183 182413 797301 372552 417397 763305 347967 1205675 775627 490322 960658 752204 600659 999999999 1109987 926474 681660 454872 670598 394188 601180 1055424 749988 1026110 828402 684593 703489 831501 758991 978521 1039107 260045 1173241 684652 574811 434870 750882 961914 769439 661903 837915 469049 1068387 344100 828390 689524 954503 469075 407164 609241 802766 398148 140814 821009 1102199 508635 815664 967374 683167 984327 834268 896068 758560 1009728 680727 269396 839497 784925 869602 1242300 654409 480627 766302
786780 1002312 494814 911939 498270 269601 911910 684735 530632 860266 835661 247020 403087 312910 500866 885827 519111 539952 809760 551213 998194 942775 309295 567995 434475 233783 416317 375766 931135 769397 744877 701939 630523 773601 197928 498162 794587 338019 385864 553988 1109987 999999999 338554 833093 663390 615915 744638 517784 55205 747459 217980 373238 446086 659917 316811 891201 132718 104865 878099 87881 916715 891149 694048 613029 532397 664382 623524 313344 904078 308586 977210 355676 510078 242915 657820 761152 535607 374809 939897 1006404 591102 178085 820715 846930 286666 435009 309529 681481 310064 448783 323099 553658 991379 296017 385567 318643 229210 521330 736570 433604
729392 903288 179884 785860 456710 415478 730921 614140 317286 880624 617123 398300 639640 583894 527909 810442 183129 565604 822612 663707 791354 1026858 472702 296450 555096 454474 390236 549076 767555 869218 558237 579622 721168 642272 531624 586827 764545 36398 202308 325978 926474 338554 999999999 884205 479586 310742 532596 347481 299055 829800 134487 475593 262237 337820 393735 966161 288299 362919 669568 426269 963149 899395 492596 697072 209005 757784 319806 396993 872245 570866 900625 451520 537431 432472 557088 528134 319433 132041 882063 856275 253801 477064 530232 946501 56332 385430 524531 802416 458040 513183 83779 264589 888687 366199 150187 443251 565699 521817 475568 160256
278257 413374 849908 449800 432199 563708 588938 343784 662349 79866 666228 586588 533723 626694 359053 319238 927080 319718 104434 291003 689947 157467 526791 761878 400458 612306 494072 474722 549828 130027 577344 442600 208161 450385 810886 334962 212195 917653 693229 681469 681660 833093 884205 999999999 577235 846202 635976 598981 795970 105336 896527 461168 655448 915387 530226 95785 721759 729296 651055 847832 83679 117506 611303 221624 1048050 180990 843879 531249 216137 612999 348608 481000 349216 593029 414792 688319 665592 766757 289565 542739 970189 718532 865587 134436 887192 499905 554479 207648 523487 392018 952074 797984 417645 557114 752435 514944 835749 362494 754473 781073
325362 439381 351319 313677 252113 495590 255729 233533 162409 535380 178161 501736 682768 701199 352298 372172 422276 358338 481342 520283 334869 734559 520960 223862 487140 582437 294423 554135 288254 631774 82596 141765 520467 178771 782138 454021 384534 515093 297404 158805 454872 663390 479586 577235 999999999 292103 92285 147122 608254 579168 571947 447205 229754 354290 420300 672919 535012 603267 215177 733115 634133 535785 42805 497507 557710 546525 287010 427441 468198 681480 451924 437800 354376 544170 162770 133617 160650 351302 450911 376741 439275 682837 295857 690183 516233 265469 598027 614625 500609 402093 563361 267379 423454 419490 333117 472052 820231 312973 179830 322272
613868 723367 130868 594010 441158 571155 493008 511391 189432 814757 356470 564912 799363 779038 546723 664115 164188 570426 758112 718265 524929 1002790 618504 87260 643502 643244 425672 679450 542008 877549 343208 431715 745092 469164 788352 640161 669121 335686 258653 166110 670598 615915 310742 846202 292103 999999999 293825 254496 565634 827918 441462 576208 237311 70907 512018 940040 519910 601575 412350 701608 911202 819845 277900 719990 291350 777428 9507 518498 758801 761517 741810 556804 553159 609241 439536 265781 185047 242314 742952 634132 153503 709077 220129 945076 365230 401630 690924 839148 598353 569537 382152 68694 706888 494843 234426 572934 825878 518706 190478 182983
367843 433899 382769 303778 343353 586929 203057 296182 222271 585797 91028 592451 774784 793303 441083 391898 445181 444112 535481 605904 260715 791713 613128 248312 578064 673553 386446 646192 248884 702389 60658 194016 600076 198215 870584 542330 432057 566564 367588 207570 394188 744638 532596 635976 92285 293825 999999999 227442 689438 649259 636717 539428 301661 343709 511855 731570 618717 689509 138057 817220 685303 580485 52263 578085 579447 623843 286466 519020 500679 773600 459581 530081 442512 635289 232343 52344 218583 411272 470372 341071 447250 772335 230291 755822 574858 357382 690244 692920 592733 492940 615674 290602 417183 510160 393852 564165 908827 400947 128409 372345
394354 555901 255780 439107 187311 372919 401758 281382 65134 575440 318305 374936 581976 584343 294205 466992 333025 316172 517405 467391 481453 753960 407888 167374 404133 457149 187720 455065 430201 623582 229659 232585 490756 295031 645732 391015 439682 383796 153487 90109 601180 517784 347481 598981 147122 254496 227442 999999999 462584 574507 428594 346984 86656 325380 301008 691120 391276 462774 360505 589780 668552 585917 176331 465708 462294 522939 254185 308195 540811 565099 555517 331965 300079 419296 216042 250169 69464 215657 541419 515234 371385 549657 362028 692283 377997 159610 485019 585038 386990 324250 430294 199772 541228 293712 197387 358841 684129 264501 251019 201385
737929 951545 447050 859264 447496 233406 857168 634135 475796 819561 780460 210217 395299 314265 456276 836208 476037 495987 767783 519405 943081 911125 279276 515221 401204 214128 365038 350887 876921 738660 689807 648570 596625 720168 232686 461465 748119 303162 331517 499399 1055424 55205 299055 795970 608254 565634 689438 462584 999999999 713833 190421 334803 391130 611869 272068 857835 81056 85056 822919 136091 879645 849293 638844 577874 499911 631393 573021 269333 858202 306586 927934 315495 465715 214911 605213 706138 480810 323646 891930 952859 548477 187744 768029 816891 250676 382631 292440 653165 276825 407411 295140 502303 940334 249272 333562 281416 267471 474426 682409 382800
320861 493674 815646 508547 393876 480431 634564 353566 639494 174666 692543 503635 430414 525494 303069 385849 891596 268222 168635 197126 740265 199743 438448 741389 313087 520926 442416 380119 602465 53223 594106 456490 117209 480042 712603 254605 261203 861598 648427 661816 749988 747459 829800 105336 579168 827918 649259 574507 713833 999999999 828725 381457 619396 898460 456653 144004 643046 642784 685567 756000 180046 215069 617264 137267 1005756 83397 826756 456580 300690 512590 431998 403251 293946 505020 418265 700995 643458 720117 372672 609274 940725 623212 874144 118780 826976 453802 458565 102976 437714 321195 892443 773879 495402 484647 707386 432891 736070 317657 758988 741663
780408 973008 311431 863697 490844 369470 827514 667085 414809 904877 724971 348145 571390 499762 538374 869950 316710 578547 848644 646136 897431 1028435 425184 416144 529663 383641 412637 502529 858567 861992 653746 651509 714103 719242 415724 575648 805883 123831 275212 429931 1026110 217980 134487 896527 571947 441462 636717 428594 190421 828725 999999999 452375 342747 471991 372974 970478 211721 268828 774772 303255 978636 928668 591952 691903 314648 750627 450247 373847 916403 489942 962050 428953 548286 371417 619872 639484 418243 226151 936209 943726 385975 377878 659081 940726 78156 417477 460388 785356 415348 507763 105419 389643 959545 344635 243086 408451 447072 542653 595354 274182
439994 664800 514889 598632 200359 104058 645783 358089 401482 487257 620526 126242 236672 260917 142908 541766 581623 176356 437835 193761 748967 580542 86777 493384 79531 172884 159496 108414 646649 410925 511239 414265 264717 480944 391923 127182 434459 502964 333674 430492 828402 373238 475593 461168 447205 576208 539428 346984 334803 381457 452375 999999999 338905 644055 82019 525197 261755 271149 645047 398391 544842 518926 488993 244427 672520 300614 578996 79547 540289 241184 628894 24110 150116 142482 360701 577608 407157 391788 584561 703847 644723 288488 708746 489756 461541 188392 156534 333088 72634 79986 526563 509413 656629 110163 384865 54972 425338 176758 595552 432453
471370 641258 196250 525585 225738 340002 485476 356554 85137 639698 392343 336858 564088 551371 322790 548994 272528 352531 581249 488781 560550 807038 383988 156160 407271 418035 191733 442536 515837 665626 312077 317477 525013 381338 589300 409405 511779 298628 67676 111061 684593 446086 262237 655448 229754 237311 301661 86656 391130 619396 342747 338905 999999999 305461 276406 744514 325702 402386 438343 522772 729179 653706 253326 499722 393596 559493 240256 283112 616475 533003 638686 319568 330534 381878 295975 315110 90437 130201 621819 601572 322801 498751 394368 738159 291379 171009 458366 616568 363483 336496 344469 170831 626790 261526 112161 337234 627753 301921 295893 126510
678620 777210 165110 647190 512056 634487 535930 578542 260333 882382 395022 627018 864363 840036 617508 724419 165224 641333 826121 788803 555730 1072217 683347 158162 712536 703815 495295 746113 587694 948229 397533 495480 815999 528360 839000 710521 735312 357023 320380 236693 703489 659917 337820 915387 354290 70907 343709 325380 611869 898460 471991 644055 305461 999999999 577834 1009522 572331 654123 450325 746907 979362 886386 335315 790896 270459 848318 71753 584152 822434 822946 799300 624153 623991 670827 506429 308270 255922 293186 803465 679130 123550 764010 218233 1015444 394012 471719 754493 910045 663461 639503 399707 134664 760552 559503 288415 638647 875948 589612 226242 234878
472872 692947 441021 613483 196757 75690 641047 377111 347895 548832 597873 86267 287695 283626 184313 573349 505100 223919 496179 274262 739458 656363 108091 432566 161534 162931 127234 169182 649153 489020 492198 414150 341281 484525 374249 202742 477897 420948 260976 377064 831501 316811 393735 530226 420300 512018 511855 301008 272068 456653 372974 82019 276406 577834 999999999 599432 193707 222259 628602 356808 613538 577691 459913 319482 592024 377731 515653 7218 587266 264252 663648 57910 193688 124875 363681 544644 353708 314188 624244 714639 570091 270721 661045 567766 379698 155266 184376 413845 87338 138227 444824 443965 683146 28489 308677 60921 410806 205367 551977 358297
371416 484344 939931 535030 519569 624434 678448 439521 755007 157962 760347 647639 560603 659615 438327 402555 1016830 400729 197667 340231 777120 62842 582022 855201 456984 663513 576360 521723 636885 129553 672771 538329 261212 544626 849972 398144 305070 998795 779202 774821 758991 891201 966161 95785 672919 940040 731570 691120 857835 144004 970478 525197 744514 1009522 599432 999999999 786889 786457 743548 897996 80790 184180 707086 280780 1135575 226818 937912 599605 290002 648065 418113 546752 428753 648564 510382 783910 758412 852130 361341 622516 1061733 763478 961289 75890 965980 584680 598985 223770 581626 462763 1031277 890607 490847 627216 838441 576865 871627 446852 850258 869280
