NAME : synthetic_000670
TYPE : CTSP-D
DIMENSION : 100
GROUPS : 8
RELAXATION_LEVEL : 1
EDGE_WEIGHT_TYPE : EXPLICIT
EDGE_WEIGHT_FORMAT : FULL_MATRIX
EDGE_WEIGHT_SECTION
999999999 553038 215115 833266 645078 849254 896228 375896 309863 1023628 202574 1009029 111764 588383 192042 202594 721722 714840 581118 370495 580377 1001890 211476 699612 963436 338597 709038 1049500 461235 635600 412995 629344 395824 757783 537853 549911 844308 361649 428955 846406 834738 634484 961836 356834 595002 729977 556090 353413 443499 858602 567145 551752 846124 754236 560315 511882 989445 401397 261264 62396 794235 874259 628793 575358 703738 953202 979266 1014273 412323 564449 595508 476728 824267 250194 854820 680264 412155 801735 603404 951924 533930 377177 583210 811661 943728 979636 656999 538053 242146 530158 495937 562827 845917 266018 318758 904943 837733 901507 429385 220962
553038 999999999 564076 607814 109205 589835 364541 412596 404965 750492 355920 602075 526469 220961 516681 375415 170632 536071 542432 589841 256130 562324 358108 146794 432018 292462 411262 509172 325752 607411 756330 471484 223592 448023 37007 102308 394132 401719 504341 319926 564484 717743 416934 253086 478519 400689 796456 258935 400966 405788 156885 318107 624307 668719 278637 362956 578315 385413 415355 562214 454256 411727 117246 242289 327975 473629 426482 639641 544196 399691 705227 397268 560009 396816 436328 315557 739918 565207 184540 401981 103206 459757 271415 418837 578279 598864 352017 637331 438446 501766 62486 175601 435862 316244 429709 656456 337099 380726 463326 426498
215115 564076 999999999 668493 670817 692817 853783 540005 473376 859151 243229 890446 318365 673075 394141 204694 731712 549381 396062 157503 677746 897708 225122 699246 995936 279007 582000 1072453 593046 441175 224000 470645 351590 627547 562829 598949 757746 223718 242148 802927 682897 422356 931011 315170 429977 610584 346259 309579 297533 771843 517448 672328 679261 561809 463194 650454 873858 555728 427854 155119 669768 790641 602487 669023 605784 872040 967880 882915 606371 422581 382318 628743 671618 407560 753418 582546 216352 643080 673136 930778 506858 554661 489971 704652 813916 852847 542195 328697 417504 351417 501591 636075 741965 251135 490626 740911 890074 942259 257744 137701
833266 607814 668493 999999999 674790 48519 549138 943827 903409 191174 680327 313833 890181 828771 933320 652696 654564 119425 281214 543639 863145 366450 655713 612338 870652 528735 197231 894833 900872 267106 687578 203974 514359 169540 641706 709727 354800 471625 427793 520747 67200 395531 631078 536237 239913 215715 589937 535557 389905 359428 451590 918458 16507 188042 345527 950407 311780 931128 884415 793260 188971 378508 514988 849287 293588 428940 716120 268645 1067486 275177 423871 970328 62348 857966 298508 298315 666040 42608 790823 661851 510393 984820 342597 263132 222325 259698 256028 410948 894801 318103 588332 783038 284887 608005 930796 72453 861317 860031 411834 612452
645078 109205 670817 674790 999999999 650670 325548 447700 455786 799599 454195 618985 606186 184695 585066 477722 86173 616308 640467 698980 225522 568379 459457 92547 325610 401443 478175 406516 340082 703491 865385 559725 332789 507985 109365 108425 409402 510558 611548 290962 624531 819572 357529 361933 571841 460461 904538 367789 506398 418448 240463 301718 691047 755542 367647 361251 595083 414914 476074 659740 505149 418734 159850 213396 383213 465767 347184 665819 574002 493062 809041 406564 621748 461830 461481 376501 849058 632625 137321 333548 200525 494175 355023 455920 611190 625363 424469 742118 501301 602761 170689 154319 464501 421086 477260 715792 228583 272044 570076 533117
849254 589835 692817 48519 650670 999999999 507620 940248 902713 177473 688384 265851 900921 810414 940473 663281 625279 146389 314185 574428 845933 317940 664833 583928 833421 535041 179800 854539 891330 307391 723957 222697 514143 142845 624727 692126 312851 488369 454781 481470 26347 439928 588191 538984 262942 190516 632203 538830 406403 316517 435485 904124 56692 235539 338685 939148 263367 925741 886174 811949 152434 334900 491586 832083 267465 382341 674392 223063 1066001 285630 466652 961627 30071 859961 254851 275554 702284 50142 770906 620086 495584 982367 331971 223204 174110 212003 242037 449581 897876 346030 575029 765436 241752 615191 930223 66897 829927 825427 435095 628371
896228 364541 853783 549138 325548 507620 999999999 768134 767586 600945 693669 356686 884797 505586 880409 700502 245733 551123 656791 822317 546238 288494 687497 234646 339420 579742 396874 347837 665086 699922 1000236 540071 510129 393603 394103 428141 194775 642591 703784 50903 483369 840952 87510 549634 573921 361007 984832 554369 596081 192065 337494 624574 562123 698486 409059 686299 335510 737150 779832 893232 361856 176115 267988 535270 303446 172100 166989 419923 896992 512552 847130 732107 486822 761313 254270 318209 980157 515546 457889 112762 362394 815180 382273 286222 390137 385340 382015 794856 802984 643280 409049 479637 266409 635838 791381 558147 383365 350551 662434 726361
375896 412596 540005 943827 447700 940248 768134 999999999 67308 1114578 321911 1005724 275778 300967 208008 365880 533511 842804 770985 661474 272646 971767 349596 534367 704191 435014 764694 797457 122888 838269 762639 758965 430760 810482 378331 340806 802363 542799 653852 727614 918079 893547 805225 415164 743279 767673 878034 417353 601400 814795 527154 211264 959720 937989 601699 151130 982431 37539 115427 427673 830084 822412 528028 275300 708358 886196 788050 1035662 132056 678911 863494 104309 910620 132640 838341 689743 756241 903377 338780 780093 468328 47223 610931 812260 969578 995528 701842 794513 134062 717360 390760 303673 835485 371089 59205 1005927 561153 635694 630118 446708
309863 404965 473376 903409 455786 902713 767586 67308 999999999 1078634 260982 984300 213255 330321 152921 304274 541875 798738 717997 597527 308261 954762 289128 537231 733339 384677 730232 825672 165096 784510 695661 713498 389115 777232 373583 347361 785318 486663 595474 724457 881464 834007 811301 369001 695080 736151 812850 370500 549317 798288 503122 258303 919018 887466 565907 206901 961416 92258 48620 360687 799861 807522 516243 308164 681272 875053 801632 1010283 164508 634108 802884 167139 873459 65835 817210 661429 689483 863834 362050 789194 446894 87491 577619 787728 942778 970686 667920 734554 70268 663967 373669 323618 813239 315728 27556 967541 593223 665792 573820 383902
1023628 750492 859151 191174 799599 177473 600945 1114578 1078634 999999999 865717 269385 1077762 968620 1117925 840074 762288 310588 468093 730653 1005769 342291 841984 724008 939440 712492 350101 945223 1060853 443300 866018 394415 690751 306008 786516 852405 416324 662033 617802 587473 197264 553713 669872 716250 431087 351696 753143 716169 580131 414205 600636 1067904 179891 338978 513132 1106669 282186 1098848 1062999 984291 296497 426470 644503 992013 422550 443750 760725 200930 1241402 461973 588179 1131806 205754 1036866 355121 435671 844872 222367 926723 707786 661541 1157323 503999 346025 210943 223189 413076 587466 1075017 508081 742004 925165 346931 792599 1106173 118870 957688 942214 602912 802688
202574 355920 243229 680327 454195 688384 693669 321911 260982 865717 999999999 821408 215848 431970 253106 44323 526289 567189 465278 342150 434911 808688 28358 501268 778109 154168 531845 860709 354393 529824 464550 479917 198207 580945 345050 368560 647308 230434 335261 643832 670550 573056 759950 161343 454195 547838 561797 159107 301478 661513 365965 430076 694801 638388 373501 412888 800745 329322 225234 206308 613116 676257 426390 426518 512552 754114 780183 832905 417979 405149 542005 397815 661027 199484 662268 489549 454187 644240 435805 751111 331357 348300 393710 621909 762565 796325 474826 473572 227014 410978 296568 397291 654422 73752 284460 749252 661417 719599 316297 126370
1009029 602075 890446 313833 618985 265851 356686 1005724 984300 269385 821408 999999999 1036289 801523 1058183 808493 561596 391031 554013 797819 841647 74211 803783 531140 694054 671639 308457 688617 927712 562777 961873 439268 624950 264116 638909 696386 210151 668869 671130 357116 255506 701383 413545 660174 483780 281271 887760 662301 592991 200547 481247 913316 318138 501361 449167 963890 23942 982523 980479 984040 220715 201742 485196 828661 309626 186604 504802 69132 1137531 469112 724683 999315 265887 956553 167391 332174 940078 305033 755298 454223 538003 1051910 427758 200000 92051 54788 353047 698269 998008 571530 615033 764003 171156 749127 1011266 279527 735072 707067 641123 797029
111764 526469 318365 890181 606186 900921 884797 275778 213255 1077762 215848 1036289 999999999 521095 80363 237689 688111 774431 655356 468296 506860 1021264 236847 672140 912589 369476 747465 1001964 374511 714628 524031 687324 411506 796581 504777 503247 857359 424334 509048 836725 883976 728429 942980 376296 657498 763680 663454 374445 503222 871411 571479 467465 904103 830115 589206 419956 1015343 305326 166516 172936 828963 885025 617779 503931 726912 960975 950103 1048704 300887 615843 691189 379367 874171 163598 875575 704148 522473 855571 543291 928281 528608 270855 608945 836482 978389 1011992 690674 629907 143006 602238 476057 502610 868256 289404 216871 960303 779552 847731 502022 287445
588383 220961 673075 828771 184695 810414 505586 300967 330321 968620 431970 801523 521095 999999999 478661 468389 259895 754670 744890 740763 40899 752597 447979 276787 403944 444306 632172 496910 179723 812111 888489 686101 393188 668210 187757 119397 591428 566948 680026 474212 784920 909706 525832 406572 688422 620695 959113 411868 588527 601113 377510 119193 845265 882892 495365 184301 777585 264129 364668 619500 672139 602409 325025 29916 546483 650422 495888 845882 414263 610753 891495 235519 780663 359483 641007 535415 875550 786164 47805 495303 320719 343275 490693 630532 788494 805188 572917 821259 391244 699209 249908 47295 642795 429238 344928 876906 262903 335893 642878 541906
192042 516681 394141 933320 585066 940473 880409 208008 152921 1117925 253106 1058183 80363 478661 999999999 284698 669644 820233 711577 540052 459368 1037742 278635 658585 878467 405434 779550 969738 318014 773369 603486 732941 435909 828380 490591 478334 870785 477209 570378 834110 922021 796473 932622 404734 706331 792395 740228 403982 552622 884525 583158 411180 947856 886106 617313 357432 1036429 241227 114018 252692 857679 896565 617447 458304 748912 969716 932059 1075501 220572 658160 760475 312255 912740 123493 894215 726949 601402 896911 506417 914519 534494 195911 634560 858328 1005811 1037590 720298 697137 87434 657670 472848 466553 888068 325462 149150 1001943 740892 811880 559112 346957
202594 375415 204694 652696 477722 663281 700502 365880 304274 840074 44323 808493 237689 468389 284698 999999999 545948 537601 428081 297872 473456 799668 20455 518204 803059 136870 512782 883598 397785 491440 423478 450349 194065 561859 368403 397972 641740 193036 293783 650095 646547 530253 770068 154675 422129 531348 517718 151029 268093 656038 367005 471848 666745 602140 359327 456431 788497 373635 267043 192752 596231 671804 435616 464525 501769 750986 795146 816499 459395 378162 498639 442053 636659 241762 652664 478383 412431 617890 469350 763615 338979 391379 381478 610205 745962 780894 458152 430598 266990 373923 314143 431798 644003 64791 327214 722653 690640 746338 277142 82137
721722 170632 731712 654564 86173 625279 245733 533511 541875 762288 526289 561596 688111 259895 669644 545948 999999999 610462 657075 745101 300510 505355 528732 44051 270016 455692 462526 340935 424073 716257 916433 564221 383964 485125 184342 194545 356188 555123 647836 216865 598932 840996 271855 417509 582637 439018 942270 423255 539090 363178 256143 378975 670340 755194 379254 441633 537995 500363 561503 732593 474704 359867 159430 289632 361360 397072 262554 613654 659015 505657 834676 488996 597698 546680 413077 359931 899014 613556 212262 247381 234830 579839 361326 416306 564523 574041 416097 770516 586533 624893 231997 236100 418438 486107 563428 688040 209795 229428 605389 594643
714840 536071 549381 119425 616308 146389 551123 842804 798738 310588 567189 391031 774431 754670 820233 537601 610462 999999999 168481 428058 786281 428371 541765 566664 849061 418217 156144 885232 809258 172320 579250 87309 412134 161070 567143 635432 367200 353423 309462 514046 142844 314079 637566 429765 120539 190328 496730 428441 272142 375936 380050 835374 131419 148756 259693 861444 382689 832758 776867 674096 202424 397296 458568 772534 258218 463467 715390 360511 963238 164706 334393 876915 131248 750247 323028 253286 557507 96369 720583 662287 434109 882100 264672 275483 300698 341269 194371 308374 785757 200138 507140 707813 308173 496021 825861 191854 820225 829249 292445 494301
581118 542432 396062 281214 640467 314185 656791 770985 717997 468093 465278 554013 655356 744890 711577 428081 657075 168481 999999999 262726 770064 583986 437440 613576 916956 336615 273464 966993 761377 68495 410936 122003 359829 301615 566006 630703 493503 235138 154636 612714 311234 186611 744204 361938 83005 311116 340094 358526 169804 504830 402745 805152 289626 174794 277866 817993 543447 768030 688089 533474 347566 526524 497656 757023 353790 601110 811859 527857 880230 152225 190474 823019 299616 661636 461656 338702 389169 264524 719330 761787 441140 804839 297482 410325 465689 506417 274816 146509 692005 54308 497323 697813 447188 402516 743696 352218 862439 885624 153345 367949
370495 589841 157503 543639 698980 574428 822317 661474 597527 730653 342150 797819 468296 740763 540052 297872 745101 428058 262726 999999999 753326 816372 316276 706952 1015029 301052 494597 1082577 693849 295917 177921 360505 366342 534688 598426 647924 695561 189987 127403 772788 568771 264869 905580 340746 316384 528267 221163 334983 226879 708884 502158 762732 552333 415714 413759 752767 784073 671133 555935 312037 579891 729427 597558 742675 542483 809755 955797 780250 743256 334471 225135 739915 557166 532644 679284 521114 157996 524335 731065 912629 510415 683019 440911 628017 714280 754602 468737 172202 550209 229426 529745 698446 666209 315617 618256 614912 926621 968885 163397 215790
580377 256130 677746 863145 225522 845933 546238 272646 308261 1005769 434911 841647 506860 40899 459368 473456 300510 786281 770064 753326 999999999 793178 453006 317675 432116 460949 667093 525590 149817 837763 896066 715767 414386 704135 221460 153821 631510 584255 698572 515091 820610 931230 565257 424440 716244 656757 973051 429495 610615 641328 411555 79285 879650 911948 526610 146463 817706 235239 346036 615062 709288 642859 363332 13859 583311 691277 533034 885425 380308 639285 911536 199473 816081 343623 680550 571559 883935 820549 88676 534047 353442 312827 523297 669151 827482 844697 607120 840983 372418 723120 279484 80638 682095 439047 320382 912578 288542 363413 662615 549656
1001890 562324 897708 366450 568379 317940 288494 971767 954762 342291 808688 74211 1021264 752597 1037742 799668 505355 428371 583986 816372 793178 999999999 793152 478122 623241 663299 321775 615365 887497 600478 985421 464683 610570 283946 598587 652312 169542 674196 688973 294368 303131 742222 340938 647670 508614 289008 922369 650393 602447 156975 455188 866955 373084 550678 442958 920506 60721 946641 954393 981226 237895 151139 445177 780560 298329 116473 431999 143194 1103823 482695 762353 958591 312238 931390 147103 321903 963737 350855 705600 382174 508299 1018498 418972 193249 147917 120871 355513 730140 973303 595214 581889 717335 156789 738105 981272 341679 670224 638866 655834 795770
211476 358108 225122 655713 459457 664833 687497 349596 289128 841984 28358 803783 236847 447979 278635 20455 528732 541765 437440 316276 453006 793152 999999999 501754 784563 133120 510976 865626 378427 501757 443815 454457 184496 560098 350094 378408 633628 202438 306914 637273 647473 544879 755932 145904 427825 528243 536579 142860 274564 647894 355888 451776 670020 610812 354888 437170 783465 356175 253592 206772 593366 663231 421573 444071 495890 741891 779424 813488 446332 380642 514043 423779 637785 227834 646348 472660 432653 620142 449192 748674 325352 376497 376139 604834 743025 777389 455078 445457 255178 383155 297282 411528 638055 55067 312744 725084 671204 727422 288068 101053
699612 146794 699246 612338 92547 583928 234646 534367 537231 724008 501268 531140 672140 276787 658585 518204 44051 566664 613576 706952 317675 478122 501754 999999999 309775 421498 419419 376191 430524 672454 879587 520183 349158 443085 168140 193747 323105 517026 607326 198516 557586 797830 274629 384164 538794 396649 901665 389815 498080 331149 213689 394242 628207 711208 335712 453541 507342 502837 553266 707281 434159 329790 116181 305742 318843 373763 279715 580691 662568 461987 792023 498051 556056 536750 378041 316715 861822 571108 229146 256374 196801 581273 317465 378086 529156 540636 372293 728327 577545 581997 204748 246613 382482 456833 560083 647250 253720 272284 564759 562947
963436 432018 995936 870652 325610 833421 339420 704191 733339 939440 778109 694054 912589 403944 878467 803059 270016 849061 916956 1015029 432116 623241 784563 309775 999999999 723199 693993 93608 581708 972458 1185647 815359 652319 704704 434723 413525 526191 825074 917100 353869 807885 1102821 285426 684314 839012 663610 1211437 690131 807801 526426 522597 502979 885037 997371 640392 572405 673687 666980 764776 982344 681971 513048 424448 428891 590985 507543 199571 758720 809982 764733 1099164 627745 809482 756377 587605 596485 1168473 833109 372108 242657 504846 744942 619520 610614 729023 724691 658851 1036712 791279 888661 494483 411944 598083 746669 748778 889066 145163 68931 874534 858271
338597 292462 279007 528735 401443 535041 579742 435014 384677 712492 154168 671639 369476 444306 405434 136870 455692 418217 336615 301052 460949 663299 133120 421498 723199 999999999 378006 796541 428635 404470 463953 331555 72632 427127 298103 347071 507201 123392 238544 528871 516775 476066 654370 39819 310642 395174 515826 33998 166812 521523 242289 482148 543572 503223 222472 486529 651628 431416 359466 321238 460263 537952 323647 449316 365160 617942 688960 680422 548664 254184 452981 487684 507390 332788 516224 341712 447807 491699 431317 652557 227856 470470 244714 473383 609941 644470 321993 382160 367589 283589 230863 400336 507366 80461 411183 596716 627365 673183 205428 146716
709038 411262 582000 197231 478175 179800 396874 764694 730232 350101 531845 308457 747465 632172 779550 512782 462526 156144 273464 494597 667093 321775 510976 419419 693993 378006 999999999 729092 712126 306589 664607 151524 345460 49123 445679 513411 221012 361030 367198 358399 155498 450009 483899 374817 192591 37826 613006 375631 284537 231815 255956 724426 213646 304882 164527 759484 292320 748748 716898 679886 87776 253544 318329 653235 103281 327716 559955 305564 892191 161512 461685 782694 149742 691154 189166 102767 643008 154769 593744 507180 315839 807771 153899 137454 235171 272481 62986 419123 730436 276209 395235 586756 175046 458132 757788 246697 671383 676373 334564 492586
1049500 509172 1072453 894833 406516 854539 347837 797457 825672 945223 860709 688617 1001964 496910 969738 883598 340935 885232 966993 1082577 525590 615365 865626 376191 93608 796541 729092 999999999 675087 1018983 1255755 859673 724606 733841 515769 500386 542128 892825 979363 374445 829866 1153588 275772 758443 886830 696126 1272586 764186 869214 539888 583322 596575 908321 1033973 694397 665986 670165 760300 856280 1066087 706204 523706 485912 522186 627956 503511 184566 755896 903582 815470 1152876 721343 832728 847218 602085 636595 1237911 859592 463877 237594 572956 838410 671591 631826 734466 724978 700620 1092886 882726 942678 571459 503281 614055 825381 841517 905969 238662 162534 936643 935177
461235 325752 593046 900872 340082 891330 665086 122888 165096 1060853 354393 927712 374511 179723 318014 397785 424073 809258 761377 693849 149817 887497 378427 430524 581708 428635 712126 675087 999999999 829830 816704 730065 403972 754854 289110 238606 719806 548053 663396 627838 867565 903380 695424 399665 721349 709483 914702 403359 593022 731311 461424 93324 917194 919183 555394 59001 903986 85430 208436 504613 768580 736543 442935 152999 643261 794660 672399 963669 236325 650088 877816 71803 861291 212556 761505 627165 807429 859048 220401 667853 400491 163634 559479 741192 900518 922995 649408 807229 233592 709907 319813 188792 760432 382388 173202 958054 438359 513101 633364 479475
635600 607411 441175 267106 703491 307391 699922 838269 784510 443300 529824 562777 714628 812111 773369 491440 716257 172320 68495 295917 837763 600478 501757 672454 972458 404470 306589 1018983 829830 999999999 422919 160271 428257 325881 631950 697233 527178 299412 206759 658012 310238 144003 787401 430322 133750 344228 325605 426859 237737 537410 464185 873497 271889 120667 337657 886480 554914 835838 753669 585096 370214 559108 557197 824661 396878 629821 858868 528794 946129 211060 162083 891296 299050 727323 489034 384512 401674 260794 785768 807585 505352 871549 355020 439160 471792 512111 319912 144598 756820 120957 563824 764961 474243 468798 809984 333332 923247 943681 214450 427527
412995 756330 224000 687578 865385 723957 1000236 762639 695661 866018 464550 961873 524031 888489 603486 423478 916433 579250 410936 177921 896066 985421 443815 879587 1185647 463953 664607 1255755 816704 422919 999999999 522699 533544 701797 761271 805244 870888 363924 301006 950682 722087 332707 1083407 503559 478229 699619 166920 497702 404622 883994 678166 894616 693727 532128 591622 874300 949676 779346 649253 351117 747667 904794 772376 886645 718434 984576 1132682 938578 821432 507297 291023 852628 710481 630005 851780 697492 21807 674804 884343 1090045 682799 775033 618738 800161 875294 915974 643279 278553 637095 390704 694809 849076 838312 459688 711710 755734 1090857 1136966 339911 346653
629344 471484 470645 203974 559725 222697 540071 758965 713498 394415 479917 439268 687324 686101 732941 450349 564221 87309 122003 360505 715767 464683 454457 520183 815359 331555 151524 859673 730065 160271 522699 999999999 329201 180995 500139 567785 372021 267696 236067 497788 212309 301156 627578 344596 44517 189245 461927 342998 185931 383143 319496 760858 217210 197251 193122 783509 427021 750119 690674 590135 227119 404857 406957 702176 236762 479111 698598 419764 877993 80307 310610 796591 200989 664025 339728 224283 500916 173589 654775 647350 368312 797510 204958 288340 354021 394491 159699 268112 699140 132313 436474 638888 325304 408925 740496 275633 773153 789277 212979 408489
395824 223592 351590 514359 332789 514143 510129 430760 389115 690751 198207 624950 411506 393188 435909 194065 383964 412134 359829 366342 414386 610570 184496 349158 652319 72632 345460 724606 403972 428257 533544 329201 999999999 393814 233113 287829 449400 179625 288344 459371 493495 516924 583310 39735 317618 356602 575805 44251 196312 463640 173786 445465 530034 515289 181740 459454 603877 420949 372299 385194 421832 478785 251381 401883 315435 557407 616531 639775 553128 248908 498334 468634 485144 346271 464353 292779 516760 474725 374835 580622 155278 470758 198763 425041 569955 602185 284962 428213 385097 310470 163570 347350 456808 129823 416545 578587 560290 603643 250007 218062
757783 448023 627547 169540 507985 142845 393603 810482 777232 306008 580945 264116 796581 668210 828380 561859 485125 161070 301615 534688 704135 283946 560098 443085 704704 427127 49123 733841 754854 325881 701797 180995 393814 999999999 483327 550323 206302 407910 407609 359791 116935 469827 479049 423654 224713 47681 641468 424539 330081 214868 295350 763780 185223 305586 212365 801011 249471 793721 764701 728022 46128 236231 348761 690301 124963 304075 559539 257426 938638 205274 485333 825800 113766 739067 163247 132885 680079 129377 628297 505809 356059 853962 199765 114497 187308 225466 109392 448123 778561 311325 436303 623550 148424 507238 804782 208826 691811 691687 377015 540786
537853 37007 562829 641706 109365 624727 394103 378331 373583 786516 345050 638909 504777 187757 490591 368403 184342 567143 566006 598426 221460 598587 350094 168140 434723 298103 445679 515769 289110 631950 761271 500139 233113 483327 999999999 68363 430696 412724 519109 351023 599528 738130 442091 258290 504945 436149 808820 264126 418802 442229 190127 281619 658210 697312 308268 325950 615132 350292 386537 550878 490472 447809 153844 207600 364134 508507 445396 676647 509550 426487 723842 360529 594827 369206 473286 351191 745579 599107 154735 424457 133045 425547 302956 455782 615239 635869 385694 655066 410345 523425 70723 141422 472861 312393 397720 691452 329594 379450 479011 425204
549911 102308 598949 709727 108425 692126 428141 340806 347361 852405 368560 696386 503247 119397 478334 397972 194545 635432 630703 647924 153821 652312 378408 193747 413525 347071 513411 500386 238606 697233 805244 567785 287829 550323 68363 999999999 486706 466343 576096 389554 666790 799976 465135 307654 571541 502967 862161 313325 479273 497469 258255 218030 726228 764839 376359 268195 672489 309093 368300 570183 556012 501180 212739 139981 429859 556695 455034 736995 468867 493376 784070 308075 662287 354878 532565 417798 790599 667121 88674 441918 201374 387619 371316 518159 677220 696192 453769 714589 393766 586758 133411 73345 533123 348241 368924 758760 292932 352314 537128 462729
844308 394132 757746 354800 409402 312851 194775 802363 785318 416324 647308 210151 857359 591428 870785 641740 356188 367200 493503 695561 631510 169542 633628 323105 526191 507201 221012 542128 719806 527178 870888 372021 449400 206302 430696 486706 999999999 535013 569907 172376 288713 670862 276486 487739 411386 183200 831576 490972 471590 14325 287627 703276 367535 511303 294735 754586 186210 777545 785540 828074 169628 33907 276892 618513 153566 114738 361574 257668 934417 364625 682553 791178 292452 762805 61536 176013 849724 322428 545330 307271 339199 849046 268372 93405 210318 217867 227839 637977 804811 490796 412347 553893 72147 578652 811784 364238 542738 526006 532174 645936
361649 401719 223718 471625 510558 488369 642591 542799 486663 662033 230434 668869 424334 566948 477209 193036 555123 353423 235138 189987 584255 674196 202438 517026 825074 123392 361030 892825 548053 299412 363924 267696 179625 407910 412724 466343 535013 999999999 115711 592235 474898 355363 723579 160382 234288 388043 396222 155088 81988 549022 314510 604831 484572 409114 241475 606512 651650 543520 454505 323926 448667 568169 408501 572542 382444 649573 769512 664991 647158 206043 330481 604088 464161 428265 529701 359346 345463 440380 552181 728015 320431 574030 268650 481048 595160 633264 318729 259687 457411 180920 342903 522430 518283 171712 511646 543309 738818 779448 87321 140882
428955 504341 242148 427793 611548 454781 703784 653852 595474 617802 335261 671130 509048 680026 570378 293783 647836 309462 154636 127403 698572 688973 306914 607326 917100 238544 367198 979363 663396 206759 301006 236067 288344 407609 519109 576096 569907 115711 999999999 655121 447078 240610 788524 274133 192854 400924 294436 269112 110338 583053 396058 720460 438003 325455 295062 721958 657068 656397 560419 379555 452658 603809 493816 686647 417471 683728 843478 655353 753039 207276 214772 718467 435571 534746 552198 396699 279933 404692 663148 798219 414477 682956 321572 500833 588577 628708 342436 143990 560735 109737 448478 634857 539028 284132 619533 500036 840016 875710 42723 223421
846406 319926 802927 520747 290962 481470 50903 727614 724457 587473 643832 357116 836725 474212 834110 650095 216865 514046 612714 772788 515091 294368 637273 198516 353869 528871 358399 374445 627838 658012 950682 497788 459371 359791 351023 389554 172376 592235 655121 999999999 456391 797851 133506 498909 530127 323832 938002 503617 546906 173306 286608 592376 534491 662349 360116 652050 334529 697567 735089 842791 331905 161968 219098 503509 261218 181776 201629 416133 857496 466540 802689 696108 458820 715970 233865 274190 930709 485159 426416 149580 312476 774786 333567 258276 378568 379089 338599 749030 757823 597233 361732 445128 244214 585391 748739 535576 378131 355187 613544 675476
834738 564484 682897 67200 624531 26347 483369 918079 881464 197264 670550 255506 883976 784920 922021 646547 598932 142844 311234 568771 820610 303131 647473 557586 807885 516775 155498 829866 867565 310238 722087 212309 493495 116935 599528 666790 288713 474898 447078 456391 999999999 446394 564629 519342 254307 164614 635825 519384 393141 292885 410605 879302 78876 247638 316385 914962 250852 903055 865762 798809 126407 311701 465555 806766 241320 361887 650268 218670 1044416 270312 471188 938042 11635 839651 231642 249783 700340 49752 745197 595970 470898 960519 308602 198151 163505 203022 218169 450223 877920 339500 550587 740074 218200 597118 908997 91987 803647 799438 425285 614139
634484 717743 422356 395531 819572 439928 840952 893547 834007 553713 573056 701383 728429 909706 796473 530253 840996 314079 186611 264869 931230 742222 544879 797830 1102821 476066 450009 1153588 903380 144003 332707 301156 516924 469827 738130 799976 670862 355363 240610 797851 446394 999999999 928459 509099 268005 487748 199618 504538 321212 681233 585324 957781 396924 215135 462690 961760 694855 896830 797178 576776 513959 702944 681671 918792 537506 773813 997729 662987 988987 338397 42787 959050 435696 772015 633015 523670 313994 396659 888420 947216 619092 921356 483367 583158 609647 649408 459279 99868 795601 216911 667913 863398 618217 524690 857405 454537 1044287 1070108 270649 454046
961836 416934 931011 631078 357529 588191 87510 805225 811301 669872 759950 413545 942980 525832 932622 770068 271855 637566 744204 905580 565257 340938 755932 274629 285426 654370 483899 275772 695424 787401 1083407 627578 583310 479049 442091 465135 276486 723579 788524 133506 564629 928459 999999999 622305 661363 447745 1071291 627309 680075 271748 413572 644538 643505 784429 493474 709841 394644 772215 827891 962583 445567 253462 334453 555729 390953 227809 91341 480363 930785 599390 934499 759005 568746 811201 333386 405552 1063556 598846 479403 43080 431219 851644 467012 369436 459414 449208 469466 881817 852116 730128 467989 506828 346480 705893 833667 635743 359756 311861 746860 801018
356834 253086 315170 536237 361933 538984 549634 415164 369001 716250 161343 660174 376296 406572 404734 154675 417509 429765 361938 340746 424440 647670 145904 384164 684314 39819 374817 758443 399665 430322 503559 344596 39735 423654 258290 307654 487739 160382 274133 498909 519342 509099 622305 999999999 328204 388431 554769 5858 193416 502010 213515 448802 551558 524012 213398 456760 639434 408607 348182 345474 453785 517460 289508 412546 351210 596403 654104 672891 533509 265109 487606 461223 510516 321730 501075 328219 487522 497701 392418 618972 192815 452983 232649 460585 602750 635858 315887 416897 358977 310243 191276 362105 493115 90917 396098 602314 587597 633796 238893 180035
595002 478519 429977 239913 571841 262942 573921 743279 695080 431087 454195 483780 657498 688422 706331 422129 582637 120539 83005 316384 716244 508614 427825 538794 839012 310642 192591 886830 721349 133750 478229 44517 317618 224713 504945 571541 411386 234288 192854 530127 254307 268005 661363 328204 999999999 229884 420580 325926 154302 422956 331751 757318 251882 197950 204704 776156 471458 736499 669817 553624 270828 444604 423732 702849 270805 520150 729735 463892 859248 78941 273476 786215 242834 643136 381635 255980 456450 213113 659548 679360 375633 780302 221331 330003 398433 438935 191908 226749 676836 87804 438654 641129 367372 385182 721724 312286 790019 809932 172415 374932
729977 400689 610584 215715 460461 190516 361007 767673 736151 351696 547838 281271 763680 620695 792395 531348 439018 190328 311116 528267 656757 289008 528243 396649 663610 395174 37826 696126 709483 344228 699619 189245 356602 47681 436149 502967 183200 388043 400924 323832 164614 487748 447745 388431 229884 999999999 650435 389775 313982 193997 248958 716923 231666 338521 175129 754973 263623 750054 725222 703249 65354 215725 301132 642931 77885 290267 525074 285248 896602 193946 499504 780631 161329 699878 152625 85288 678088 174542 580657 471966 309845 811626 159088 100834 214789 249702 73199 456566 739898 312547 390325 576151 138828 474458 763668 256476 646520 648388 366951 516061
556090 796456 346259 589937 904538 632203 984832 878034 812850 753143 561797 887760 663454 959113 740228 517718 942270 496730 340094 221163 973051 922369 536579 901665 1211437 515826 613006 1272586 914702 325605 166920 461927 575805 641468 808820 862161 831576 396222 294436 938002 635825 199618 1071291 554769 420580 650435 999999999 549187 403765 843359 689705 983838 592752 414252 581806 973568 879088 889560 769370 493823 687269 864962 787713 962130 686383 940693 1131586 854291 951929 472692 166248 959467 624653 747293 801653 668607 156188 586312 947124 1084387 708722 896765 606859 750211 797151 837566 607361 193883 761194 342425 738735 915868 787227 536550 832149 651875 1133121 1170034 336918 435626
353413 258935 309579 535557 367789 538830 554369 417353 370500 716169 159107 662301 374445 411868 403982 151029 423255 428441 358526 334983 429495 650393 142860 389815 690131 33998 375631 764186 403359 426859 497702 342998 44251 424539 264126 313325 490972 155088 269112 503617 519384 504538 627309 5858 325926 389775 549187 999999999 189664 505254 217948 453274 550811 521344 214889 460607 641663 411274 348982 341275 455125 520849 294740 417650 353583 599957 659469 674452 534999 263740 482783 464511 510472 322473 503693 330509 481667 497228 397964 624174 198137 454811 234621 462848 604246 637568 317081 412046 359375 306603 197133 367502 495601 87795 397521 601935 593447 639647 234185 174682
443499 400966 297533 389905 506398 406403 596081 601400 549317 580131 301478 592991 503222 588527 552622 268093 539090 272142 169804 226879 610615 602447 274564 498080 807801 166812 284537 869214 593022 237737 404622 185931 196312 330081 418802 479273 471590 81988 110338 546906 393141 321212 680075 193416 154302 313982 403765 189664 999999999 485223 286013 640541 403028 338517 187097 650174 576654 598228 520986 405700 372283 505292 383957 598031 318030 586247 733571 586162 712335 125740 305067 653720 382345 494390 460404 295960 384284 358397 567535 688786 307290 635842 214139 410336 516788 555483 248069 236438 526373 117044 348191 542186 448190 234952 575324 461454 734236 767650 67686 222583
858602 405788 771843 359428 418448 316517 192065 814795 798288 414205 661513 200547 871411 601113 884525 656038 363178 375936 504830 708884 641328 156975 647894 331149 526426 521523 231815 539888 731311 537410 883994 383143 463640 214868 442229 497469 14325 549022 583053 173306 292885 681233 271748 502010 422956 193997 843359 505254 485223 999999999 301393 713596 371760 518998 308900 765517 176637 789719 798858 842398 176501 21731 288554 628411 167267 101026 358207 250551 946851 377412 693500 802589 297132 776216 62207 189876 862794 328166 554787 303928 352484 861537 282588 100776 206275 211293 240774 649654 818246 503010 425089 564098 74765 592924 824694 366084 546781 528109 545518 660231
567145 156885 517448 451590 240463 435485 337494 527154 503122 600636 365965 481247 571479 377510 583158 367005 256143 380050 402745 502158 411555 455188 355888 213689 522597 242289 255956 583322 461424 464185 678166 319496 173786 295350 190127 258255 287627 314510 396058 286608 410605 585324 413572 213515 331751 248958 689705 217948 286013 301393 999999999 468698 468095 515938 127226 506070 458482 506541 499885 558861 307156 313962 98164 397697 182296 389554 455129 508547 658251 253232 578532 532886 405491 476485 314429 165751 659320 408994 341229 414806 60991 572634 115736 285243 442574 468514 195569 514640 518289 368883 141668 331510 310135 302284 530165 502335 459696 485566 353342 388868
551752 318107 672328 918458 301718 904124 624574 211264 258303 1067904 430076 913316 467465 119193 411180 471848 378975 835374 805152 762732 79285 866955 451776 394242 502979 482148 724426 596575 93324 873497 894616 760858 445465 763780 281619 218030 703276 604831 720460 592376 879302 957781 644538 448802 757318 716923 983838 453274 640541 713596 468698 999999999 934944 954789 576507 69570 889387 174118 301658 592799 772053 716132 430757 89356 645704 767018 611605 954910 307011 682408 935093 124769 874103 304812 750328 632307 884146 876018 166713 613271 408600 246313 576191 736088 895228 914112 663056 864267 326906 755852 330173 149624 751079 447420 265080 970996 358018 434048 687242 551878
846124 624307 679261 16507 691047 56692 562123 959720 919018 179891 694801 318138 904103 845265 947856 666745 670340 131419 289626 552333 879650 373084 670020 628207 885037 543572 213646 908321 917194 271889 693727 217210 530034 185223 658210 726228 367535 484572 438003 534491 78876 396924 643505 551558 251882 231666 592752 550811 403028 371760 468095 934944 999999999 186373 361822 966803 317280 947176 899738 805496 203094 390523 531265 865792 309551 439018 729056 270107 1083156 289716 426521 986600 75681 873265 310453 314551 672271 59107 807284 674763 526897 1000600 359047 276495 227385 263618 272534 416266 909951 328267 604812 799540 297066 622657 946386 62605 876843 875004 423214 625448
754236 668719 561809 188042 755542 235539 698486 937989 887466 338978 638388 501361 830115 882892 886106 602140 755194 148756 174794 415714 911948 550678 610812 711208 997371 503223 304882 1033973 919183 120667 532128 197251 515289 305586 697312 764839 511303 409114 325455 662349 247638 215135 784429 524012 197950 338521 414252 521344 338517 518998 515938 954789 186373 999999999 390220 974099 498133 932604 859481 704780 342736 539901 600422 898430 406825 600988 863448 456269 1050786 272789 249282 983668 238459 832896 462788 401034 511546 200168 851984 810126 565558 973630 400580 418258 409489 447518 340146 255647 864464 228444 633057 835636 448112 573434 913644 240804 964912 976338 328094 542682
560315 278637 463194 345527 367647 338685 409059 601699 565907 513132 373501 449167 589206 495365 617313 359327 379254 259693 277866 413759 526610 442958 354888 335712 640392 222472 164527 694397 555394 337657 591622 193122 181740 212365 308268 376359 294735 241475 295062 360116 316385 462690 493474 213398 204704 175129 581806 214889 187097 308900 127226 576507 361822 390220 999999999 605497 429240 587111 552418 538268 240465 327473 219878 512874 145046 408858 549953 459564 728299 126626 459086 624813 308967 526730 296026 121417 571359 303891 462521 503648 175646 644204 27366 251419 389367 422825 103243 398538 566202 248573 247482 448379 286315 300526 593462 404729 585593 607791 253434 353266
511882 362956 650454 950407 361251 939148 686299 151130 206901 1106669 412888 963890 419956 184301 357432 456431 441633 861444 817993 752767 146463 920506 437170 453541 572405 486529 759484 665986 59001 886480 874300 783509 459454 801011 325950 268195 754586 606512 721958 652050 914962 961760 709841 456760 776156 754973 973568 460607 650174 765517 506070 69570 966803 974099 605497 999999999 940033 116215 253668 557672 812584 769374 478901 154572 686571 823704 679465 1002592 237715 703831 936474 55651 909078 261725 798988 671544 865311 908319 230462 679601 445133 180971 608073 781451 940952 961810 697132 865846 277121 766897 364711 206945 798776 441339 208563 1006003 427369 503477 691546 538224
