NAME : synthetic_000433
TYPE : CTSP-D
DIMENSION : 100
GROUPS : 8
RELAXATION_LEVEL : 1
EDGE_WEIGHT_TYPE : EXPLICIT
EDGE_WEIGHT_FORMAT : FULL_MATRIX
EDGE_WEIGHT_SECTION
999999999 362362 342953 538913 149202 168371 669489 686897 172999 518394 353560 497558 476611 431075 312861 769324 493443 372420 572360 456808 709675 109887 783096 452691 166623 732612 444860 532267 379949 449048 363756 119006 167053 643090 425001 636417 432901 397819 308886 186553 376213 530881 278066 566291 633027 801825 375795 530978 305128 331290 410349 266366 184041 462242 598353 227250 450926 469800 318938 475161 186393 625755 132434 376559 164485 126783 255487 208733 218625 393246 715372 414390 161071 110328 244824 739900 222417 237028 218808 305844 315562 661125 83891 209214 465187 158185 274543 347836 691806 147136 108872 770526 521239 481813 298534 438638 383041 783624 136031 82997
362362 999999999 554234 721503 411163 369880 342169 479164 203427 156468 369767 204946 752707 742452 265817 519800 734970 586853 812800 677853 484296 255187 518135 680264 434409 480003 89300 183593 395047 739821 123675 424730 429892 484293 644016 289481 683462 246456 468803 484401 309597 446137 88928 238287 319432 562261 241320 798105 584007 370473 601353 101022 478736 228260 418234 318844 673292 741596 658457 115542 465217 404186 494517 564117 522553 434935 169345 540666 439061 704090 478379 555117 306787 254573 590564 445260 376797 496118 547862 617125 452625 300035 445704 246537 292633 510998 439007 667994 503537 391612 463751 499012 786009 142910 403280 700812 28026 534187 430677 364810
342953 554234 999999999 196135 484670 201860 730281 987456 456064 692072 246256 747168 743145 664720 318612 714744 784948 691752 258826 764096 642705 365359 743118 756958 496497 689056 601280 735838 718826 704968 472871 443381 175990 959139 736592 839659 725548 698573 648409 494411 328017 390930 505954 651286 872276 1091381 389518 248714 598071 670511 68141 461738 494927 738840 520202 564869 758139 741149 529724 662377 506463 918298 327465 42074 298929 221655 540322 217737 130940 634981 1004054 751314 497900 400479 466635 743408 178172 556188 210532 177975 117966 828049 344046 308343 443870 276801 615387 586331 999875 487120 378690 740452 792183 604810 641396 722157 582064 726163 208923 265510
538913 721503 196135 999999999 678849 393585 837502 1173159 646852 845609 366572 921875 914290 828132 463390 764875 963262 880013 143580 947809 693038 557444 798967 939823 689539 747849 754824 897063 914694 873884 623610 636323 372082 1149386 922009 996995 905364 887217 842844 683460 447405 439200 684935 775024 1040711 1272862 520054 194123 780977 866453 130374 636836 684524 921041 580590 760757 941910 913908 694301 821851 697531 1102285 511354 167306 477079 415975 728830 390656 325513 802282 1186035 944593 693833 593937 639202 822340 359713 746224 381122 314161 269968 972834 534656 483597 548009 457296 810325 755103 1187677 682164 567411 801979 963514 746828 837427 899238 749506 773596 404070 461525
149202 411163 484670 678849 999999999 317495 746717 618078 210380 555895 496654 487106 353276 331632 442212 879377 356072 225488 696890 313169 825262 212036 888519 310449 23950 841013 500282 550648 269453 333898 453082 47213 311254 558955 280195 646263 297109 350064 164020 74368 508674 668571 322643 641357 619008 739258 494586 646986 178692 223416 552744 335403 68361 432351 721477 142579 307437 344111 255574 509755 54378 567789 192667 520648 236182 263092 256183 312664 365482 293131 656804 267048 109164 182351 199081 833693 371179 95863 323707 413243 464720 690328 150340 336706 583556 245051 132580 257256 614942 20818 128985 873514 393268 548847 172716 307688 423780 893961 275887 232108
168371 369880 201860 393585 317495 999999999 607715 786054 254265 518682 198785 552561 632013 573553 196087 657593 656462 540311 456141 623166 591456 163973 677621 618422 334845 624323 431031 553465 524894 600330 314131 285557 66870 757384 591980 659311 595672 496746 474640 349722 244597 381645 310499 513963 681663 891412 272417 432252 466203 477374 263363 271442 348135 539233 471925 371884 617239 626675 447187 483428 353104 717509 225592 226327 224863 103478 338589 196508 72705 537852 803981 581007 305969 200495 373179 652198 55076 404138 199875 252165 148184 660417 210119 129242 353768 203141 439433 489615 798074 314171 247554 668867 678641 448175 455640 598880 396717 671114 89486 86242
669489 342169 730281 837502 746717 607715 999999999 668033 536351 247540 485729 417738 1093607 1077938 419879 246288 1077137 928967 963540 1019783 257453 560567 224446 1022347 770474 214970 255174 307941 721554 1079016 306216 753641 674558 713955 986026 325878 1025433 549177 810254 817843 402640 417483 426766 105362 425645 695975 343659 974197 922920 704427 750351 412382 812547 486921 292573 660912 1015278 1082770 983533 283391 801094 601065 793859 720406 811848 701514 511339 803296 657135 1039300 636316 892671 646443 574318 911700 128263 584707 835431 807330 853470 612323 240883 752170 484781 290766 794841 781022 1000372 704625 728148 777722 201147 1127794 199543 743063 1042374 338544 256936 691483 642338
686897 479164 987456 1173159 618078 786054 668033 999999999 534004 440110 843032 281155 805939 855226 739829 909244 743810 625489 1241183 680894 900239 625346 891627 690957 628544 873384 497171 370158 367794 819515 601501 660950 827293 90929 659467 348563 723855 291269 526301 676816 788346 921784 491057 607458 246046 123108 720319 1210088 703888 403295 1045362 542287 670908 255203 869976 477876 680025 791814 845437 427396 648976 75163 796621 1007503 838278 806150 447744 895500 858410 826539 60989 524004 533796 595146 808390 796289 813727 639614 905675 992253 905047 441183 744975 691277 762369 839142 527872 816591 40293 600362 738414 868532 812219 545752 466358 750843 454475 921346 810082 739289
172999 203427 456064 646852 210380 254265 536351 534004 999999999 354747 363480 325151 559843 541850 279605 678688 551777 407695 707384 499872 629342 91393 684973 500178 234123 639578 291663 361746 291450 543230 247618 221312 293428 503120 465608 464688 496311 243259 301352 282269 346056 508774 114571 430989 460430 643177 311299 676647 387224 248924 517055 126358 276791 295197 535086 156199 494725 549687 455042 309712 264757 467634 303584 479625 337463 276663 87379 374780 325711 503272 555829 402374 115321 64765 387701 625656 289166 300411 383906 465545 386624 494882 251813 188411 395531 330593 266679 465669 544484 191879 264662 668820 596748 338627 251902 510755 219421 693343 278556 207088
518394 156468 692072 845609 555895 518682 247540 440110 354747 999999999 481097 172030 884802 883953 382295 474687 858208 709804 948049 797756 460652 411651 461561 801834 578253 437263 91118 70471 482176 876088 222103 574287 581205 474451 764997 152208 811003 304954 587876 630124 406382 506654 241490 168813 219937 492721 331623 939510 722097 470840 732731 256490 624208 239386 434315 445656 793763 872841 807967 46301 608844 368139 650702 696728 679021 589677 301473 695650 584946 846147 419661 660469 447895 409694 742154 371752 518403 634477 702535 769043 582975 143770 601430 391009 344266 667386 562589 812920 473423 535586 618195 439283 914141 113295 516888 830759 135770 487615 584629 520216
353560 369767 246256 366572 496654 198785 485729 843032 363480 481097 999999999 574611 827540 771977 103979 479665 847001 722123 481357 809021 409584 297860 504849 805454 516993 450573 391103 536117 654929 797216 260552 472356 249908 835055 776528 633148 786456 574816 640575 539983 83538 183015 355568 412619 684056 931590 153629 488508 658285 611805 265691 302742 537587 587923 286616 513064 803201 821526 645932 460625 539301 769033 424081 234723 419850 299154 425648 373866 206909 735958 846874 747112 454895 337165 571961 498256 147643 589254 373481 392044 129109 606272 407620 175376 197631 397020 604399 687958 863522 488727 444557 500002 873300 380292 606404 791730 397039 492155 283627 279014
497558 204946 747168 921875 487106 552561 417738 281155 325151 172030 574611 999999999 778864 795206 470634 646222 740198 595486 1005723 676982 629050 408009 633585 683023 505975 608428 216419 111474 342067 777354 323543 517593 605198 304509 646430 168654 699962 162439 473785 559638 513470 641358 242099 339830 135556 357401 442982 984811 631100 343673 798670 285875 553378 76721 590392 353233 673789 765832 741772 149150 534354 206315 625642 760973 661555 597767 243368 698920 624675 759496 274333 527995 380039 389645 685247 543361 569120 547618 707700 786347 651971 240391 572876 439911 481324 655577 455871 733765 310311 466369 579434 611311 801625 267696 400530 722752 178186 659295 597365 526552
476611 752707 743145 914290 353276 632013 1093607 805939 559843 884802 827540 778864 999999999 101500 787934 1232569 82065 185854 880550 130481 1177693 562784 1241758 118578 329460 1194267 841668 865084 453792 43430 805699 361745 599169 722227 146669 947219 82373 618570 305256 292076 852447 1007092 666840 988517 894837 926152 845365 812701 174950 438069 807350 686145 295744 708645 1071376 439148 129629 14136 222048 838765 300669 783212 420114 784690 444300 544078 586127 527023 655614 114260 860144 282118 447276 535421 276669 1185430 686741 259561 535546 601984 765425 1007457 422274 682707 934807 466848 324393 159362 786069 369522 384618 1226615 49237 894231 378428 56628 760777 1247142 560245 548645
431075 742452 664720 828132 331632 573553 1077938 855226 541850 883953 771977 795206 101500 999999999 743456 1198983 179190 232005 786826 211564 1140476 528469 1211122 198791 308140 1161675 831678 872186 491351 59035 780524 326700 533040 775960 214654 961274 152275 640240 333414 260246 805304 954116 654158 972610 918627 977477 806525 717610 164167 466450 726729 665853 265437 729695 1029266 443957 208579 108894 135044 837655 277353 824690 351828 706694 369064 478655 582484 447002 588033 38692 906212 341219 436694 506828 202525 1161514 626999 250081 454572 514149 698272 1013940 364736 640286 896052 392503 342472 84079 839204 350877 328621 1197443 145757 880439 402775 126909 754049 1213388 494903 494450
312861 265817 318612 463390 442212 196087 419879 739829 279605 382295 103979 470634 787934 743456 999999999 464363 798077 664559 568801 754503 400689 231546 482735 752356 464541 429936 291438 434565 568457 761629 160227 426387 261143 733997 720972 533617 738579 475680 572031 495979 67483 230534 255197 334213 581166 827630 77384 567106 614303 527831 352288 202101 492571 484918 285937 434592 748874 780441 625788 359132 490311 665632 410734 317459 417298 297774 331631 391781 237682 705861 743002 676795 382524 267173 550743 456449 165391 537710 394326 434042 203723 512703 382207 105628 158639 396817 536051 659816 760962 430810 416165 473299 831298 287509 529920 747103 293155 478205 284937 254345
769324 519800 714744 764875 879377 657593 246288 909244 678688 474687 479665 646222 1232569 1198983 464363 999999999 1230082 1086292 904867 1178489 72606 671338 38901 1178864 903136 39817 449138 541797 914842 1210936 431636 874002 719330 948983 1144220 571532 1173630 756655 975842 942940 413984 329686 587540 306438 669975 941917 394196 933881 1057696 889123 712052 554413 938610 708292 194638 824982 1173376 1223485 1087088 500439 932012 839944 874909 691612 881232 760735 681278 848516 683988 1160666 880393 1069636 794008 697149 1012218 125984 617040 974196 849396 871524 604408 487081 844073 561389 306100 860279 942790 1116562 944647 863829 876327 55635 1272287 389266 916176 1186405 527082 14658 747079 718156
493443 734970 784948 963262 356072 656462 1077137 743810 551777 858208 847001 740198 82065 179190 798077 1230082 999999999 148614 938949 64345 1178571 568021 1236744 57175 333537 1191131 822681 832553 404619 120427 799394 374757 630985 657775 93876 908791 60794 578014 270410 307278 864226 1022795 652323 972957 849658 862110 850059 873236 190544 396525 850913 677467 309459 667263 1077077 416396 66745 71216 283090 812818 308502 726438 457752 825723 487343 576231 565918 572896 687937 181964 799792 222341 436626 536615 325004 1175127 711537 260376 582213 654905 796101 974285 450820 692478 938608 508573 296670 218829 721591 368968 413324 1220450 68758 877763 342463 64693 740132 1244727 592020 570923
372420 586853 691752 880013 225488 540311 928967 625489 407695 709804 722123 595486 185854 232005 664559 1086292 148614 999999999 875907 92199 1036664 433020 1091788 93465 205944 1047093 674308 685372 268150 194213 654813 255064 525601 544651 57931 764110 104780 434172 122561 197352 731618 892746 505103 825009 709386 747104 711814 816440 114706 252932 759540 532299 197052 524076 938528 268063 87158 172199 264680 664331 187991 599172 369204 730486 406612 473050 417638 493146 581867 208178 678059 110941 292440 398800 270806 1028307 594746 136941 503588 586185 685651 827414 347903 559707 799284 424223 148114 213610 608122 234274 313192 1075039 206275 729725 195478 129232 591636 1100950 487742 454139
572360 812800 258826 143580 696890 456141 963540 1241183 707384 948049 481357 1005723 880550 786826 568801 904867 938949 875907 999999999 933039 832657 615991 938193 923630 702957 886329 856981 993771 951918 838131 727023 650970 415366 1208081 911009 1096936 884576 950631 858570 685996 564685 576823 764137 893976 1131089 1347543 633611 74544 768346 903262 216719 720509 688325 995343 717626 799605 927355 882367 658706 919830 704714 1173395 511445 251541 470884 445681 793458 386465 383451 766351 1260106 953830 733178 648012 615816 956907 436977 749375 375549 289789 365488 1081409 546755 567160 672775 456019 829226 722431 1251675 704344 573621 940215 929040 856254 865370 874259 840680 914017 438014 505662
456808 677853 764096 947809 313169 623166 1019783 680894 499872 797756 809021 676982 130481 211564 754503 1178489 64345 92199 933039 999999999 1128725 523157 1183953 12775 292106 1139292 764851 770528 340403 157836 747010 337984 603363 595538 34268 845488 59835 514656 210223 274367 821324 981708 596836 916119 785527 799829 803129 869991 166837 333391 831164 624480 275404 603670 1029989 359046 5977 116748 289845 752638 270440 662462 437280 803960 470851 549485 508519 557576 660171 202659 736461 158251 384595 489746 317689 1120094 678034 219887 567487 645250 766296 911974 423328 649294 890874 490579 238868 228173 659400 323693 386803 1167158 131539 820763 281040 84830 681902 1193146 564793 536978
709675 484296 642705 693038 825262 591456 257453 900239 629342 460652 409584 629050 1177693 1140476 400689 72606 1178571 1036664 832657 1128725 999999999 615036 106165 1128518 848816 59773 421957 530140 877788 1154605 385444 817304 652010 933521 1094497 572928 1121199 727046 929247 886672 346972 257099 544985 292842 667337 942122 333952 861301 1002757 849251 639468 507709 882577 686060 123245 779363 1123475 1169048 1025866 480468 877073 828770 811265 619197 815886 694868 639418 780432 615020 1102387 875838 1025804 744323 642979 950855 160937 549218 920707 780977 800919 533164 494526 782368 500680 244491 794535 895381 1057487 934035 810541 815508 112652 1218525 364062 872309 1132908 494947 83458 680854 655034
109887 255187 365359 557444 212036 163973 560567 625346 91393 411651 297860 408009 562784 528469 231546 671338 568021 433020 615991 523157 615036 999999999 682712 521251 235039 633642 335716 430451 367037 539771 255777 202665 202401 593867 489533 535953 509140 334647 343479 271742 298703 460608 174895 456917 541880 733862 282842 585755 387928 321007 427305 157151 267565 384180 509547 218023 517562 554372 424277 369571 262425 558593 240261 390141 267375 189759 178028 292047 234701 489966 646448 449643 157216 40058 351483 634800 202975 307893 300410 378503 301905 555084 193695 127245 372114 256352 307300 447098 635825 199576 217210 668985 604339 371926 309320 519176 277428 685826 189870 118646
783096 518135 743118 798967 888519 677621 224446 891627 684973 461561 504849 633585 1241758 1211122 482735 38901 1236744 1091788 938193 1183953 106165 682712 999999999 1184744 912384 54283 443312 526936 912435 1221292 437356 885147 740504 934482 1149701 550207 1181037 750324 979426 953614 435825 361791 589760 295487 650058 919940 410185 965638 1067152 888522 742790 559514 949107 698058 223526 828259 1178944 1232346 1101689 490200 941675 823560 892028 721270 900022 780261 682602 870378 707199 1172656 860726 1071208 800147 706821 1027036 98027 639004 982685 871667 896853 631168 463545 859460 576721 324129 879512 946995 1129270 927735 872387 890875 23382 1280581 383064 918069 1194592 523387 39968 767006 735095
452691 680264 756958 939823 310449 618422 1022347 690957 500178 801834 805454 683023 118578 198791 752356 1178864 57175 93465 923630 12775 1128518 521251 1184744 999999999 288933 1139746 767598 775596 347894 145157 747583 333721 597409 605979 36880 851615 47198 520841 213965 269040 819017 978967 598537 918447 792766 810213 801956 860210 159041 339350 823860 625232 270341 610115 1028915 361437 11097 104728 278480 756559 266328 671622 429820 797003 462758 543315 511008 549378 654283 190151 746238 167536 384857 488404 307980 1121709 673368 216224 559202 636250 760879 917255 417168 646994 889966 482757 241354 216429 669849 321675 380393 1168126 122330 823148 285620 72064 684820 1193519 558732 532316
166623 434409 496497 689539 23950 334845 770474 628544 234123 578253 516993 505975 329460 308140 464541 903136 333537 205944 702957 292106 848816 235039 912384 288933 999999999 864808 523591 571765 273982 309950 477026 53216 324850 566885 259544 666438 274232 365611 155627 53672 530777 690114 346023 665112 636971 750346 517780 651161 154787 229632 564637 359298 47423 449437 744581 157268 286314 320389 235827 532057 30807 580249 194274 533329 237368 274949 277842 317140 379974 269706 668800 255057 130635 206028 183088 857642 389039 73175 328162 416998 481207 711903 156712 358949 606859 248358 127434 234668 623997 42832 130464 897415 369726 572469 174564 284276 446649 917716 288459 248885
732612 480003 689056 747849 841013 624323 214970 873384 639578 437263 450573 608428 1194267 1161675 429936 39817 1191131 1047093 886329 1139292 59773 633642 54283 1139746 864808 999999999 409774 504978 875049 1172995 392326 836279 686886 911710 1105023 538209 1134846 717248 936331 905068 381952 309537 547837 268627 635595 908612 358354 912717 1019453 849309 689438 515052 900678 669720 170033 785417 1134198 1185087 1050812 462018 893813 803529 839888 667529 847200 727153 641524 816608 653139 1123297 845668 1029924 754894 658899 976033 104719 585171 935665 817805 842586 576917 455585 808133 525329 271313 826525 903362 1079468 908423 825298 839991 54289 1233738 350019 876480 1147819 487413 54331 713762 682997
444860 89300 601280 754824 500282 431031 255174 497171 291663 91118 391103 216419 841668 831678 291438 449138 822681 674308 856981 764851 421957 335716 443312 767598 523591 409774 999999999 147094 471021 829067 131214 512856 494728 517859 731180 242258 771822 307528 555147 573330 318241 429483 177692 153632 298918 563753 243806 849003 673288 450868 641613 178581 567706 265156 374356 406287 760399 830467 746275 73384 554396 422590 575971 605628 601554 506502 256797 612512 495918 793291 485327 638164 396073 339607 677532 364331 428450 585389 618903 682505 491860 229468 528689 302418 267545 588429 526246 756913 526719 480812 548727 422921 874532 60261 487957 789510 83464 463127 500440 438498
532267 183593 735838 897063 550648 553465 307941 370158 361746 70471 536117 111474 865084 872186 434565 541797 832553 685372 993771 770528 530140 430451 526936 775596 571765 504978 147094 999999999 443466 859721 275605 574318 613011 407559 738741 106225 788585 262657 562812 624891 465001 573355 255594 237524 152495 422925 390757 981003 708551 438497 780377 283241 618776 185631 504537 428749 766919 852574 805756 75496 601707 298852 664338 743625 695888 615608 294864 720651 622532 835170 349211 626757 441485 421970 743495 434763 559272 622177 728303 799772 630753 142386 613214 429422 410818 686373 540750 805118 404021 529918 626038 504298 891352 181784 490150 809867 156954 554419 612265 544690
379949 395047 718826 914694 269453 524894 721554 367794 291450 482176 654929 342067 453792 491351 568457 914842 404619 268150 951918 340403 877788 367037 912435 347894 273982 875049 471021 443466 999999999 460872 497141 316154 543767 296954 312420 509026 371886 180992 159027 316718 633373 794100 336599 624132 445199 490890 588839 907687 336406 48666 784645 382472 311239 266536 800779 153957 337900 439992 478395 440430 289261 333339 460823 748936 504300 506708 243819 575734 589465 460839 415927 186603 220950 327432 446002 835327 569141 273427 586660 676512 668343 581436 414231 479761 664604 510901 161018 448946 357166 255901 397851 892771 469485 530963 101241 397242 389237 929218 515667 453351
449048 739821 704968 873884 333898 600330 1079016 819515 543230 876088 797216 777354 43430 59035 761629 1210936 120427 194213 838131 157836 1154605 539771 1221292 145157 309950 1172995 829067 859721 460872 999999999 786882 337301 564784 737806 166243 944987 100918 619020 306776 268033 825244 977905 652742 973710 896820 940845 821287 769966 156098 440793 768543 669015 272328 709062 1046317 431396 155599 49859 180261 829863 280006 793076 384498 746683 406611 509801 575511 488091 620847 71958 872271 298696 433108 514510 238443 1167591 654716 243757 496348 560934 730958 1002032 390211 656968 910885 429496 321497 118998 801457 351491 352863 1206716 90917 880155 378896 73653 749369 1225455 526036 518247
363756 123675 472871 623610 453082 314131 306216 601501 247618 222103 260552 323543 805699 780524 160227 431636 799394 654813 727023 747010 385444 255777 437356 747583 477026 392326 131214 275605 497141 786882 999999999 453959 380206 607941 712744 373437 743771 365094 544570 520765 191337 322469 160905 204964 424644 680098 119452 721333 631688 465676 511140 122817 515893 351912 303985 394153 741938 795959 679999 200133 506883 526378 487753 475499 506850 400420 255188 504795 373974 741848 597864 640361 362832 273701 607228 381056 303946 546222 509940 565964 361580 355179 446072 185581 171588 490680 511247 700679 626718 436210 472347 421349 843705 134535 486868 757690 147052 446293 391903 337909
119006 424730 443381 636323 47213 285557 753641 660950 221312 574287 472356 517593 361745 326700 426387 874002 374757 255064 650970 337984 817304 202665 885147 333721 53216 836279 512856 574318 316154 337301 453959 999999999 272393 603810 306479 672764 314366 387543 208106 69672 491442 648431 335833 648562 651191 781441 484104 600301 187987 269654 511522 341349 66201 466847 709706 183317 332086 354067 233877 528604 67586 608718 145456 480393 188975 221925 279873 265975 327935 288062 698130 308272 137909 180300 169203 834861 340253 118582 277018 366388 430616 711872 104236 321015 573672 198012 178305 246974 658976 61138 81843 871124 404940 558147 219920 321175 439914 888489 235627 199317
167053 429892 175990 372082 311254 66870 674558 827293 293428 581205 249908 605198 599169 533040 261143 719330 630985 525601 415366 603363 652010 202401 740504 597409 324850 686886 494728 613011 543767 564784 380206 272393 999999999 792714 573878 719164 570434 536186 474145 329456 305357 431936 364533 580739 736612 936257 338049 383358 440782 495304 243298 329812 329038 586003 531045 389887 597388 595106 402336 544555 337958 760968 181219 209836 170747 55099 380412 130645 56960 499018 848836 578296 322871 232773 330589 717592 103256 388748 133395 187861 166261 723730 180386 194744 417477 147538 440537 450080 836748 312352 217688 732424 647050 513878 465411 570749 456066 732630 39025 91037
643090 484293 959139 1149386 558955 757384 713955 90929 503120 474451 835055 304509 722227 775960 733997 948983 657775 544651 1208081 595538 933521 593867 934482 605979 566885 911710 517859 407559 296954 737806 607941 603810 792714 999999999 575558 407208 640590 263045 452229 612411 787753 930406 479487 643209 307257 204335 723954 1172366 629109 337630 1019937 532373 606745 256521 891896 423668 594965 708091 774645 453497 584706 119499 744196 982372 786860 766401 420808 849802 828569 748808 151678 440180 484662 560229 742645 841643 790151 570318 860321 948654 885012 499595 694021 673933 775293 789923 457875 741922 63870 542681 683652 911803 726409 571644 397907 667845 462612 961760 771954 702690
425001 644016 736592 922009 280195 591980 986026 659467 465608 764997 776528 646430 146669 214654 720972 1144220 93876 57931 911009 34268 1094497 489533 1149701 36880 259544 1105023 731180 738741 312420 166243 712744 306479 573878 575558 999999999 815047 65772 484331 177149 244435 787879 948529 562739 882253 756900 779506 769143 849184 142685 302780 803954 590221 245080 573726 995959 325175 29321 132533 277045 719748 238898 638231 410775 776090 445718 520392 474708 532564 630545 199661 714045 135498 350336 455859 297668 1085986 646728 187991 542674 622236 735929 880429 394374 615869 856799 464779 205012 218215 639401 290218 358348 1132925 157068 786920 248742 93363 648321 1158878 535511 505743
636417 289481 839659 996995 646263 659311 325878 348563 464688 152208 633148 168654 947219 961274 533617 571532 908791 764110 1096936 845488 572928 535953 550207 851615 666438 538209 242258 106225 509026 944987 373437 672764 719164 407208 815047 999999999 868539 330833 642292 719984 558531 653000 361070 286765 102524 370438 483760 1085702 797115 512272 882527 389438 713783 242534 567991 517670 842339 934250 901835 177303 695731 288571 768080 846124 800469 721722 393042 826640 727980 925051 311752 695468 537455 526104 841837 453057 663877 712368 834359 905992 732725 92832 716499 534466 491732 791456 623695 897505 387119 625447 727848 526862 970271 261190 569033 891196 263103 582596 718465 650732
432901 683462 725548 905364 297109 595672 1025433 723855 496311 811003 786456 699962 82373 152275 738579 1173630 60794 104780 884576 59835 1121199 509140 1181037 47198 274232 1134846 771822 788585 371886 100918 743771 314366 570434 640590 65772 868539 999999999 538866 226340 246596 804521 962651 599373 920806 814124 844326 791608 820030 129805 357707 791797 622447 248870 628810 1018554 366364 56420 68357 234128 765234 248499 700845 398139 766150 428730 515744 515179 514741 627392 143017 777866 200427 381679 478538 269018 1121128 650748 201247 524248 598769 735415 930809 390190 632953 880413 449601 248506 171099 704396 310787 352748 1165092 103140 825896 299565 27594 689906 1188262 531491 510158
397819 246456 698573 887217 350064 496746 549177 291269 243259 304954 574816 162439 618570 640240 475680 756655 578014 434172 950631 514656 727046 334647 750324 520841 365611 717248 307528 262657 180992 619020 365094 387543 536186 263045 484331 330833 538866 999999999 313353 418267 532996 683395 220652 456585 278395 404036 474356 918826 477018 181588 758202 273694 412015 90108 664663 208356 511521 605343 598294 265822 391396 227937 513854 720504 554022 515167 158446 606498 568675 605705 317587 365934 252228 303878 548558 667828 527644 397127 616457 702062 622024 400603 461193 411067 536602 552848 298196 583654 301347 330222 459428 729527 640003 367562 240376 562208 232373 770655 518870 448022
308886 468803 648409 842844 164020 474640 810254 526301 301352 587876 640575 473785 305256 333414 572031 975842 270410 122561 858570 210223 929247 343479 979426 213965 155627 936331 555147 562812 159027 306776 544570 208106 474145 452229 177149 642292 226340 313353 999999999 180914 639509 802463 390026 707046 590346 649309 611701 806239 177587 134036 716421 421808 176846 403449 836408 151217 206049 292110 323268 542600 157145 491887 348822 683897 391355 426978 299574 472568 527315 302073 574954 106897 189814 305503 299894 912666 526454 124809 483574 572046 622808 704870 312212 470154 696833 403503 36188 290338 513906 161921 285462 961931 328682 611638 73259 249001 472015 990487 439502 391444
186553 484401 494411 683460 74368 349722 817843 676816 282269 630124 539983 559638 292076 260246 495979 942940 307278 197352 685996 274367 886672 271742 953614 269040 53672 905068 573330 624891 316718 268033 520765 69672 329456 612411 244435 719984 246596 418267 180914 999999999 560861 717197 395643 712548 690486 799132 553660 630313 118714 274905 562232 405634 6279 502722 779368 209987 268404 284465 182155 584014 27841 630492 174909 533162 215245 276196 330539 300056 386111 221565 718538 268194 183436 247317 131881 901820 404755 63465 310821 396876 491937 764687 150602 390658 643202 230453 160430 183594 670736 94998 116080 939314 335465 620833 215601 252172 497617 957450 291173 263857
376213 309597 328017 447405 508674 244597 402640 788346 346056 406382 83538 513470 852447 805304 67483 413984 864226 731618 564685 821324 346972 298703 435825 819017 530777 381952 318241 465001 633373 825244 191337 491442 305357 787753 787879 558531 804521 532996 639509 560861 999999999 163161 312677 329377 615433 870676 74775 571838 679427 593546 349220 260058 557638 535029 227615 501509 815671 845240 684971 389930 556072 713524 466723 318108 469315 348066 394069 434696 271821 768055 787626 744210 449970 334617 610024 420919 203226 603948 435856 464606 210108 526826 441934 172033 117573 447736 603532 721402 811471 497664 476974 428777 896325 301569 596960 812520 335460 427274 333919 312492
530881 446137 390930 439200 668571 381645 417483 921784 508774 506654 183015 641358 1007092 954116 230534 329686 1022795 892746 576823 981708 257099 460608 361791 978967 690114 309537 429483 573355 794100 977905 322469 648431 431936 930406 948529 653000 962651 683395 802463 717197 163161 999999999 466241 381627 725717 993224 209161 604202 835894 755301 382952 415260 714374 674312 141417 664499 975993 1000567 828831 502638 714295 846636 607077 364421 602399 482047 552477 552353 385528 917780 914010 907329 613047 497249 754718 384461 330499 763129 550935 557568 289188 601490 589424 333390 162542 579395 766441 870047 948264 658492 625980 363392 1052092 393526 760018 969368 468697 339820 466422 460005
278066 88928 505954 684935 322643 310499 426766 491057 114571 241490 355568 242099 666840 654158 255197 587540 652323 505103 764137 596836 544985 174895 589760 598537 346023 547837 177692 255594 336599 652742 160905 335833 364533 479487 562739 361070 599373 220652 390026 395643 312677 466241 999999999 321728 372093 587927 257397 742748 496723 304830 559412 53096 390014 236678 464184 238821 592060 656030 569608 197375 376820 418571 410492 521554 440754 361845 94470 466022 382577 615724 501155 482098 219761 168483 502064 523260 328386 409000 473994 548511 415402 383318 360452 201366 328516 430833 358403 579231 509337 303289 376710 572004 701384 227484 328645 615797 105724 602139 359690 290525
566291 238287 651286 775024 641357 513963 105362 607458 430989 168813 412619 339830 988517 972610 334213 306438 972957 825009 893976 916119 292842 456917 295487 918447 665112 268627 153632 237524 624132 973710 204964 648562 580739 643209 882253 286765 920806 456585 707046 712548 329377 381627 321728 999999999 376405 651800 261919 898560 817612 604500 678038 307226 707237 402643 282363 557082 911538 977751 878990 194725 695734 536360 692230 645757 711813 604295 407631 707693 567939 933978 583466 791598 541281 469556 807517 211530 495834 730168 712331 763315 534219 221900 649406 387913 230958 695573 677258 895190 641545 622789 674118 273935 1023016 95410 640834 937496 236889 319627 595108 542805
633027 319432 872276 1040711 619008 681663 425645 246046 460430 219937 684056 135556 894837 918627 581166 669975 849658 709386 1131089 785527 667337 541880 650058 792766 636971 635595 298918 152495 445199 896820 424644 651191 736612 307257 756900 102524 814124 278395 590346 690486 615433 725717 372093 376405 999999999 275409 541691 1113396 755267 456796 920680 411226 684208 189240 652543 481705 782914 881387 872239 225920 664547 187889 761177 883351 797091 731473 378876 833459 753017 883970 210671 630855 513324 524769 817832 553508 694218 674241 842087 919554 772057 195177 708387 563933 563177 790973 576524 860897 284716 598412 714514 626782 913735 333103 517925 838273 291407 681458 730481 660110
801825 562261 1091381 1272862 739258 891412 695975 123108 643177 492721 931590 357401 926152 977477 827630 941917 862110 747104 1347543 799829 942122 733862 919940 810213 750346 908612 563753 422925 490890 940845 680098 781441 936257 204335 779506 370438 844326 404036 649309 799132 870676 993224 587927 651800 275409 999999999 799485 1319615 826893 526167 1146886 636750 793183 352558 926871 598132 799211 912017 968489 490751 771298 176144 915044 1108991 956168 918313 555922 1010527 964093 949160 87462 644034 651969 705985 930837 822350 915266 762616 1020493 1105875 1003223 456929 862941 789277 831208 956052 650952 939626 140543 721182 857894 896565 930743 604622 589388 871482 535584 952867 921290 849998
375795 241320 389518 520054 494586 272417 343659 720319 311299 331623 153629 442982 845365 806525 77384 394196 850059 711814 633611 803129 333952 282842 410185 801956 517780 358354 243806 390757 588839 821287 119452 484104 338049 723954 769143 483760 791608 474356 611701 553660 74775 209161 257397 261919 541691 799485 999999999 636655 670637 552114 417106 207268 549746 469039 227027 467129 797673 837117 692928 315911 545247 645259 481869 384157 491013 372854 345606 468615 314870 768451 717310 713662 422485 313594 618032 379789 242682 590423 471366 511148 272300 453036 449892 167213 89618 471165 576406 723560 744823 481092 482224 399540 887176 227327 562697 802000 265953 408364 360571 324934
530978 798105 248714 194123 646986 432252 974197 1210088 676647 939510 488508 984811 812701 717610 567106 933881 873236 816440 74544 869991 861301 585755 965638 860210 651161 912717 849003 981003 907687 769966 721333 600301 383358 1172366 849184 1085702 820030 918826 806239 630313 571838 604202 742748 898560 1113396 1319615 636655 999999999 706845 859206 225345 702298 633076 969024 742812 757364 864394 815037 591479 908463 650533 1144269 457463 253793 415416 406019 763746 334335 360407 698444 1232193 898488 691901 614950 552302 977225 421826 693292 323291 234196 364411 1076458 496775 551636 684660 402812 778350 655551 1218439 656027 520825 965952 860861 853520 817843 808625 825619 943855 400601 470877
305128 584007 598071 780977 178692 466203 922920 703888 387224 722097 658285 631100 174950 164167 614303 1057696 190544 114706 768346 166837 1002757 387928 1067152 159041 154787 1019453 673288 708551 336406 156098 631688 187987 440782 629109 142685 797115 129805 477018 177587 118714 679427 835894 496723 817612 755267 826893 670637 706845 999999999 306759 664870 513160 121789 566151 896901 279984 160947 166486 153366 675810 125722 668298 270802 638270 304025 386202 420863 390780 497741 128703 752211 218498 277223 360559 157013 1012061 521273 87945 400737 479574 605620 850510 260458 508836 760017 323782 180813 112842 691162 195685 223110 1052201 217000 724096 242390 133511 594051 1072262 401878 380964
331290 370473 670511 866453 223416 477374 704427 403295 248924 470840 611805 343673 438069 466450 527831 889123 396525 252932 903262 333391 849251 321007 888522 339350 229632 849309 450868 438497 48666 440793 465676 269654 495304 337630 302780 512272 357707 181588 134036 274905 593546 755301 304830 604500 456796 526167 552114 859206 306759 999999999 736483 347684 269187 271254 767913 105751 330137 424667 442710 427247 247150 362389 413665 700902 457069 458044 210502 527587 541372 433943 448042 189631 172621 281159 405757 814546 522360 236672 538491 628306 621575 579204 366438 436433 630388 463169 126453 417875 395909 208942 351073 869485 458474 510009 64445 381536 367785 903615 467036 405006
410349 601353 68141 130374 552744 263363 750351 1045362 517055 732731 265691 798670 807350 726729 352288 712052 850913 759540 216719 831164 639468 427305 742790 823860 564637 689438 641613 780377 784645 768543 511140 511522 243298 1019937 803954 882527 791797 758202 716421 562232 349220 382952 559412 678038 920680 1146886 417106 225345 664870 736483 999999999 512837 562822 794517 519407 630751 825214 805757 591709 705850 574519 975150 394078 37901 363913 289776 599756 280452 195250 697999 1059796 819438 563889 463610 530682 752014 231777 624156 272343 225233 149810 864988 411992 358837 460102 342346 683290 649645 1059080 555018 446384 742265 856494 639635 708566 787787 629362 722550 276919 331810
266366 101022 461738 636836 335403 271442 412382 542287 126358 256490 302742 285875 686145 665853 202101 554413 677467 532299 720509 624480 507709 157151 559514 625232 359298 515052 178581 283241 382472 669015 122817 341349 329812 532373 590221 389438 622447 273694 421808 405634 260058 415260 53096 307226 411226 636750 207268 702298 513160 347684 512837 999999999 400417 287282 420521 271656 619449 676033 572603 216554 389685 469213 397412 475116 423643 333916 138705 439680 342065 627184 550426 518408 240885 163255 502153 499308 283570 426645 446845 516590 366892 400259 350236 154036 282710 411279 388431 587990 561396 317528 371220 542996 723078 217674 365117 637094 126369 569069 329710 263907
184041 478736 494927 684524 68361 348135 812547 670908 276791 624208 537587 553378 295744 265437 492571 938610 309459 197052 688325 275404 882577 267565 949107 270341 47423 900678 567706 618776 311239 272328 515893 66201 329038 606745 245080 713783 248870 412015 176846 6279 557638 714374 390014 707237 684208 793183 549746 633076 121789 269187 562822 400417 999999999 496445 775632 203725 269452 287922 188408 578084 22039 624415 176988 533475 217796 276083 324486 302158 385580 226774 712505 265598 177349 242598 137944 896939 403126 61770 312968 399440 490952 758633 150915 387161 639255 232525 155588 189279 664964 88927 117150 934722 338741 615394 210190 255061 491822 953129 290916 262126
462242 228260 738840 921041 432351 539233 486921 255203 295197 239386 587923 76721 708645 729695 484918 708292 667263 524076 995343 603670 686060 384180 698058 610115 449437 669720 265156 185631 266536 709062 351912 466847 586003 256521 573726 242534 628810 90108 403449 502722 535029 674312 236678 402643 189240 352558 469039 969024 566151 271254 794517 287282 496445 999999999 637184 293176 600660 695397 683998 207961 476415 181964 585184 756616 623494 571859 208221 668775 611938 694851 265315 452934 329239 359524 631431 610457 562811 485038 678196 760721 651877 317076 532156 437803 518784 619958 388027 671696 276475 411985 534412 676277 729719 321998 330483 652258 206097 721772 573472 501972
598353 418234 520202 580590 721477 471925 292573 869976 535086 434315 286616 590392 1071376 1029266 285937 194638 1077077 938528 717626 1029989 123245 509547 223526 1028915 744581 170033 374356 504537 800779 1046317 303985 709706 531045 891896 995959 567991 1018554 664663 836408 779368 227615 141417 464184 282363 652543 926871 227027 742812 896901 767913 519407 420521 775632 637184 999999999 689373 1024556 1063373 911346 442583 771764 795950 694170 497769 696769 575390 557711 658617 492627 991568 853482 936676 648109 540607 836315 243964 427930 817334 658889 677690 409965 503088 667856 389433 139586 675010 801503 945702 900583 708112 702074 223157 1113674 324428 784255 1028683 434562 206435 561002 539113
227250 318844 564869 760757 142579 371884 660912 477876 156199 445656 513064 353233 439148 443957 434592 824982 416396 268063 799605 359046 779363 218023 828259 361437 157268 785417 406287 428749 153957 431396 394153 183317 389887 423668 325175 517670 366364 208356 151217 209987 501509 664499 238821 557082 481705 598132 467129 757364 279984 105751 630751 271656 203725 293176 689373 999999999 354457 427238 390828 399623 183347 425627 320581 595151 363193 353954 149576 428449 435623 407448 514906 247330 67017 177966 340294 761699 417654 194714 439189 528540 516813 570899 270452 338192 550085 366687 120178 380537 477048 123520 260838 810720 469410 461745 95703 385334 323824 839619 362375 299397
