NAME : synthetic_000542
TYPE : CTSP-D
DIMENSION : 100
GROUPS : 8
RELAXATION_LEVEL : 1
EDGE_WEIGHT_TYPE : EXPLICIT
EDGE_WEIGHT_FORMAT : FULL_MATRIX
EDGE_WEIGHT_SECTION
999999999 411591 511458 278495 390011 878084 302995 746194 375857 764913 723696 516539 721031 949772 863148 316724 340270 681324 618403 695116 797207 589189 59692 494869 413335 612421 481763 739268 462464 361099 844378 252599 614403 648409 640967 784037 720562 833099 649143 579395 278527 603126 1032923 123323 189077 207879 485058 887926 762139 810634 569073 77957 613721 652103 967333 777614 271368 742633 675986 668556 476917 44745 154139 76303 492876 813072 595561 458495 729997 700952 475520 307977 608905 152908 895769 736957 505213 825222 345736 544183 696065 132684 206166 714155 747537 903819 623885 987963 911233 749956 189023 714903 956330 281552 730342 538203 526225 332416 612853 864270
411591 999999999 385719 178392 532602 666278 124136 488111 152084 517809 630818 177987 506045 720552 454954 366716 195273 272084 516327 283897 389232 200124 423745 83347 90569 822108 229535 350536 196415 50492 499217 297376 228624 560101 573872 378065 428925 435804 238614 169938 508028 211142 754509 323014 542098 282355 661500 479426 432624 414579 747838 475402 289258 442588 678097 700103 140750 514895 810527 787782 407574 380668 329713 478347 94699 452547 196273 532443 667519 627236 254097 356201 706704 346579 729714 761725 366877 427473 331601 372020 594878 515486 415215 527787 344000 638334 241113 770421 565423 356673 483299 341344 746213 343055 366286 322849 648957 92155 496891 527715
511458 385719 999999999 294832 296956 366938 433218 260576 518329 269809 249548 558738 215619 439684 596998 209064 541564 474184 132717 503989 639296 543355 475120 412291 295612 545237 614108 663310 198355 379749 427468 259174 360202 175514 188190 640422 270201 524973 465687 420050 748062 370212 535419 516944 503293 307730 396637 710053 343976 504195 461253 522745 255747 152626 479174 317388 395962 240352 481324 452328 62851 466827 357323 530876 456979 427032 523567 234899 282190 242328 138881 662187 371131 564987 389804 385428 19901 520549 167300 55131 214562 643882 344945 202919 622842 406561 583157 476573 483313 453220 424196 676692 444873 235452 375975 105185 344614 337503 116488 432080
278495 178392 294832 999999999 362111 640735 152232 487155 250864 510246 541210 343653 477010 706824 598264 199757 259441 421433 424640 440346 558862 378510 271895 253970 142146 649850 363674 528579 186518 138410 566976 120627 341026 464651 469673 549855 451084 560144 393092 323626 464448 332359 773103 237309 373836 105789 490639 647351 486008 537378 578732 326299 336203 406942 703200 606517 106531 494397 651221 631342 290276 238234 159873 331286 273070 534599 373775 376082 566092 528812 211359 367387 552900 280739 680138 631107 281010 552562 178120 307317 507407 403539 237494 482218 517926 646261 419381 750708 634116 476361 309187 519434 721632 170199 451956 282676 487258 87052 410782 588081
390011 532602 296956 362111 999999999 611045 506238 550754 607227 553694 394930 704942 491753 686838 869437 166046 603725 719895 325451 746175 878435 728785 332549 595283 464753 289608 723036 872238 418848 499113 724231 243520 612391 334483 313317 874355 567120 805895 701416 640266 668143 615064 805214 465639 278266 281136 128936 959672 640125 783877 216637 355807 534404 441191 759459 430403 456581 518994 299447 285852 234326 356482 278081 364806 625376 720885 718422 90317 380892 363886 380229 657347 219628 513885 590065 351197 307405 800424 208400 351776 379160 499758 186800 461214 848448 681528 770546 710259 780147 727777 216954 870838 676474 191921 662063 390527 138901 446684 333802 728937
878084 666278 366938 640735 611045 999999999 753819 185196 817312 152847 244726 805007 164360 75857 613906 572331 854047 597185 285889 626025 736822 748415 841875 650917 583234 764221 885719 812453 478800 682293 333960 625514 509926 280364 307459 748543 259654 527202 611592 606802 1104513 531099 207188 874609 859362 672572 661473 770995 312737 518048 687429 888706 393082 233963 194376 264829 728111 151546 641381 609055 409744 833388 724023 896981 700432 383068 720343 523933 292118 278943 433676 997455 554550 920468 106924 449826 372998 528626 534040 336597 242910 1010637 706923 164020 750399 122224 777994 110382 337684 504070 781829 846321 81166 601580 410504 359724 583587 655598 280632 307780
302995 124136 433218 152232 506238 753819 999999999 584131 100989 611551 682646 220852 589987 813837 576059 349068 108934 393398 565652 402443 495698 286285 325933 201970 176153 789295 217424 437068 275295 81074 617455 263096 351621 607430 615294 481819 532772 559771 358877 292035 385794 334845 860618 202517 455950 228192 632975 586421 546532 538644 722129 373469 398029 522148 785901 749768 49760 602932 800224 781396 437644 278886 257143 374964 191414 573277 292887 527137 711563 673113 322378 245715 703859 222774 805890 782875 416953 551417 330352 434545 647780 396306 355337 603917 444890 739701 321798 861437 684345 480803 408997 415620 834851 316115 486874 396454 635982 98737 549518 644475
746194 488111 260576 487155 550754 185196 584131 999999999 640095 32612 292532 620641 77427 232553 458472 465713 679790 416533 253230 446204 563880 563288 718497 467312 409478 764946 703073 632067 310342 508810 205215 497741 325117 276686 308473 573747 77266 372425 428645 421638 950033 346108 287078 724448 761244 538434 633451 607527 148544 358810 681920 769463 208315 109636 222312 347569 563826 57117 667817 635489 319655 701763 595530 776994 516651 234670 535323 476099 348814 316313 275869 829721 564591 767267 272665 507377 257131 371925 418210 211674 267681 878156 600550 126390 572248 159127 593270 283249 243255 333379 681937 663893 261409 486698 237323 208104 566796 487929 234296 195301
375857 152084 518329 250864 607227 817312 100989 640095 999999999 669618 767394 143571 655947 872455 555129 449384 53713 378549 650961 379799 449243 231351 408459 198547 235239 889894 117150 372110 342151 139478 643083 364025 366820 693786 704005 432421 580757 554268 342658 285722 388683 346557 905443 259615 543525 328688 733900 538269 580933 535139 823088 451178 440579 590954 828605 835681 150694 665791 900825 881667 529116 359726 353939 451237 164722 592831 247153 626847 799651 760337 396191 218406 803658 261400 877757 878455 500818 545744 428365 512758 731914 447383 453741 675303 393534 790250 258704 922107 707936 482289 502698 342128 897529 416921 507804 468200 736610 182099 633299 673108
764913 517809 269809 510246 553694 152847 611551 32612 669618 999999999 272613 652483 64967 202940 486387 477680 708518 448800 245762 478369 595064 595791 735283 498816 437770 757837 734273 664357 336800 537170 225135 514690 357712 264587 296490 605230 109391 399919 461180 454119 974120 378671 268555 747263 772817 557040 630807 637166 176384 387137 675507 785489 240313 117267 209369 324107 589810 38245 655878 623366 326227 720318 613064 793197 548235 259794 567871 475961 328917 298576 299013 856866 554730 790857 240521 489397 268679 399799 431883 224546 250470 897254 613251 110128 604228 139098 625865 252703 256145 363867 693608 696404 229883 500651 268023 228637 561656 514664 228881 210948
723696 630818 249548 541210 394930 244726 682646 292532 767394 272613 999999999 798782 215687 315325 742588 407176 791091 665339 117012 696286 826098 770607 677255 646800 540252 519585 860272 872907 436466 628363 497064 483173 555927 77251 84182 832023 356627 658644 666687 635975 980173 571929 451871 750932 664432 535274 424199 882114 437590 642676 443631 716523 432045 229566 429794 69689 644433 236492 398491 365944 255063 680867 573838 725399 694226 526029 747347 304622 56343 34686 377181 907908 309891 800473 197233 217684 266602 657068 386494 259754 36060 851803 528914 166597 822346 349844 807883 326606 527372 607382 592127 894506 293349 443697 513416 314776 343908 587008 134214 483462
516539 177987 558738 343653 704942 805007 220852 620641 143571 652483 798782 999999999 652884 850497 438965 540184 191312 278359 686748 270269 314220 100310 545035 155411 264366 993410 97478 229099 362717 205829 578469 464150 307434 730816 746623 295785 551328 454484 244464 209838 518792 285113 860856 402685 676692 439333 833765 400829 531269 438457 921257 590344 412359 595670 782518 868441 266019 656927 987437 965152 584395 497051 475742 591000 105994 522181 124978 709445 838553 797875 422553 339537 884315 404605 879515 938502 539376 446112 508100 539085 762723 590878 570906 681464 256461 757134 118154 902629 638376 394366 628987 198872 882016 513398 443501 485107 825107 258268 666166 611483
721031 506045 215619 477010 491753 164360 589987 77427 655947 64967 215687 652884 999999999 230441 530310 424680 691252 472614 180796 503101 626471 605048 688160 497573 421020 692902 729336 686706 315484 519598 282642 468878 372213 200649 232545 634799 143429 445181 480462 463992 941225 391571 320154 711943 718275 513890 566302 675371 222471 430303 610541 737007 248173 70171 268047 272969 563770 27507 592117 559678 268240 676291 567682 744973 547173 310431 578466 412470 271855 238911 269318 833210 490214 757246 226667 429960 217623 444112 381561 176848 190262 853705 560560 49133 630070 192124 637976 273799 318834 399891 639366 714952 245523 450230 304123 195386 496744 491589 164146 271945
949772 720552 439684 706824 686838 75857 813837 232553 872455 202940 315325 850497 230441 999999999 621285 646418 911435 626442 361743 653841 755919 787548 914788 698522 640615 834469 934755 839536 538657 740013 338484 697207 548540 355407 381811 769366 299245 536111 644426 647061 1171240 570413 142994 942293 934632 743355 735527 781725 336481 530036 758949 962221 438823 300570 154654 326900 790641 212604 708074 676052 484366 905035 795922 970420 747579 393809 758689 599546 359251 349922 497297 1058777 624845 987349 145090 512360 444645 538705 606982 406341 316512 1082432 781401 237280 774948 109282 814540 53348 326935 524657 856907 876588 48755 674922 435626 424307 656969 716439 356339 307648
863148 454954 596998 598264 869437 613906 576059 458472 555129 486387 742588 438965 530310 621285 999999999 720750 608840 182891 670549 175631 167265 338921 867669 374098 456141 1139963 534403 282605 455680 504695 282871 690955 262942 706973 735813 187865 386967 86906 217204 285033 943642 267226 562408 777645 970086 699803 985585 161956 310114 100025 1056528 921345 341329 517259 492265 803078 595088 515141 1075868 1045698 654781 828675 757609 925389 392735 230875 314648 826645 797444 760572 489210 771092 966068 797942 717360 946807 580096 86591 669094 546257 712636 970440 820272 578070 215337 512008 334137 672431 306075 143783 900169 333618 666996 716585 230279 491978 940762 531052 647154 314044
316724 366716 209064 199757 166046 572331 349068 465713 449384 477680 407176 540184 424680 646418 720750 999999999 452010 562406 302471 587336 717550 562818 272896 429667 299621 455653 563303 707038 265133 334561 609831 90220 459270 331686 325017 712424 461535 663781 541586 478203 577051 459383 744374 352647 295531 139852 294836 800838 523844 641158 381304 317059 398117 360500 686692 462850 300334 449295 451604 432334 163400 273694 167521 325527 459331 596072 552843 179013 416282 385397 238359 529629 355173 402867 581155 448455 209042 657584 53172 254050 379351 446267 135882 409173 685256 615328 604563 680521 671538 582553 216225 704891 647926 38855 527570 271688 287534 282084 298587 620793
340270 195273 541564 259441 603725 854047 108934 679790 53713 708518 791091 191312 691252 911435 608840 452010 999999999 432046 674140 433507 501239 283256 378313 249907 270971 881052 141509 420344 375828 171754 691933 363535 416790 716106 724201 484003 623254 607439 396159 338280 335038 397022 949582 219656 515792 322623 728056 589741 627531 588131 817573 417271 484308 624692 873317 858428 153209 702585 900826 883296 546544 329282 338890 416468 218075 642804 300134 630937 820446 781915 426607 165700 807126 214798 910237 890539 525001 598918 437042 540905 756088 401608 440198 707817 444934 832283 308567 960249 757333 534704 481503 387483 934736 417157 557286 500041 736749 204778 657686 721345
681324 272084 474184 421433 719895 597185 393398 416533 378549 448800 665339 278359 472614 626442 182891 562406 432046 999999999 573166 30948 165161 185606 687909 191455 279930 1001001 375815 215564 301258 321932 315403 521775 114033 614536 639435 167788 339410 177380 35892 102228 765285 105772 608807 594773 795116 525268 842282 240067 290187 160291 919433 741154 233421 436788 531141 732090 412377 466369 953797 925628 524547 647752 581306 744898 214031 255741 156390 689173 715905 676036 346995 596589 843786 615646 689192 850182 455160 168895 513284 431174 631465 787561 650425 514014 157722 522487 199111 679790 368910 118928 727906 250150 665553 553002 191523 371808 807044 350080 549619 350017
618403 516327 132717 424640 325451 285889 565652 253230 650961 245762 117012 686748 180796 361743 670549 302471 674140 573166 999999999 603932 737044 664060 575270 536813 425827 512259 745433 774287 324077 512184 453307 372300 460596 44102 66371 740945 298110 590614 570480 533463 868530 474458 481256 638262 577673 423792 387535 799801 380749 572316 429755 617894 341343 157296 440819 184721 527496 207915 416760 384823 142650 574700 466088 626561 583227 470120 642188 239819 151824 111138 264196 791694 311739 687403 279247 278167 150260 587785 275506 149400 82777 748683 431589 140833 727828 360965 702529 387951 496322 529774 501718 792402 354384 336860 440696 207915 316196 470213 23671 447537
695116 283897 503989 440346 746175 626025 402443 446204 379799 478369 696286 270269 503101 653841 175631 587336 433507 30948 603932 999999999 135420 173301 704018 201274 300085 1028473 367492 186434 328203 334281 337768 543808 144191 645376 670179 137127 368993 185038 47268 117062 768125 134376 632300 604746 814151 545067 869342 213607 317363 170802 947212 756798 264362 467706 555045 763021 424646 496516 983013 955017 553653 662779 600020 760245 217122 277599 145641 717206 746839 706956 375478 596556 873079 623373 718855 880804 484865 176815 538901 461517 662409 798217 671882 544736 127012 549049 180915 707170 388509 138411 748277 223283 693552 576670 218268 402043 835328 365896 580399 372566
797207 389232 639296 558862 878435 736822 495698 563880 449243 595064 826098 314220 626471 755919 167265 717550 501239 165161 737044 135420 999999999 217992 812722 307009 423391 1162339 401453 117838 462064 438956 422672 668433 279194 777879 803393 21771 487054 231674 177406 239714 832824 269755 714317 696285 930187 664621 1002700 90743 424086 230629 1081487 863788 395988 596632 640385 891722 526483 617112 1118407 1090436 689033 768768 716482 866354 304486 363850 204101 851831 877757 838301 510617 653715 1008490 707383 834584 1014577 620220 226373 670410 596197 792888 889615 794580 670315 58927 647820 197248 808667 459261 232756 868028 169916 798743 704530 327324 536920 970164 478338 713431 456716
589189 200124 543355 378510 728785 748415 286285 563288 231351 595791 770607 100310 605048 787548 338921 562818 283256 185606 664060 173301 217992 999999999 610716 135385 266124 1018296 195705 152227 345501 244010 496189 497169 239115 707939 727328 201099 489748 358338 154692 141719 615799 217505 785305 482559 736070 481907 857273 306966 458167 343630 942143 659423 357541 554534 706996 840025 323506 605296 997722 973123 578686 564539 526693 661118 105443 437844 29906 720834 814884 773977 404481 438072 891055 490801 830531 928577 523479 350105 523483 514669 734850 674712 614936 638895 162362 689038 41807 840506 552796 304195 680964 142089 822459 541511 364584 456714 839105 291935 641988 530191
59692 423745 475120 271895 332549 841875 325933 718497 408459 735283 677255 545035 688160 914788 867669 272896 378313 687909 575270 704018 812722 610716 999999999 506773 412549 553280 519192 762385 448239 373777 829239 220761 612784 603092 593780 800833 698418 831966 657261 587159 337398 603450 1003836 171066 138594 184033 425458 903089 745395 809224 509382 54509 599965 620410 940639 728916 287602 710902 616501 609389 435720 49033 123917 60281 510506 801663 614338 403975 680710 653150 453960 362915 550747 207673 854048 681288 470754 824344 307856 511938 650960 174699 152038 677920 765512 874373 647359 951064 895345 748221 129436 741469 918886 240631 721090 511860 467777 338140 571363 847144
494869 83347 412291 253970 595283 650917 201970 467312 198547 498816 646800 155411 497573 698522 374098 429667 249907 191455 536813 201274 307009 135385 506773 999999999 131092 884481 236460 277783 213979 133814 446312 368746 169243 580902 598523 296727 400223 360995 156956 90900 577728 148395 717334 403768 623262 359580 723396 396838 388876 340719 807635 558634 259705 440379 639491 716482 223753 502056 862338 837789 444726 463967 409835 561640 49627 394773 123176 585507 688490 647636 273823 415525 755757 424241 724168 796413 392542 352532 388882 387888 610786 597041 491308 526135 264026 608330 177024 750167 510356 285500 562313 276407 728655 410359 310439 332146 703867 171426 515503 477241
413335 90569 295612 142146 464753 583234 176153 409478 235239 437770 540252 264366 421020 640615 456141 299621 270971 279930 425827 300085 423391 266124 412549 131092 999999999 753672 320057 407507 107197 99401 447721 245062 201128 469644 483801 416308 356623 420149 252863 184610 556322 190913 684465 347846 515280 245342 592589 510106 373127 397562 676574 466655 223019 355715 609841 609535 165798 431718 732138 708066 320247 375859 301802 471173 167440 408228 253893 454833 577133 536789 163727 421608 626264 381482 642584 674214 276613 412382 257838 281617 504316 531213 372105 440192 387170 563940 307882 689282 515123 336747 448248 407491 663829 282562 322778 233711 572994 87865 406326 472879
612421 822108 545237 649850 289608 764221 789295 764946 889894 757837 519585 993410 692902 834469 1139963 455653 881052 1001001 512259 1028473 1162339 1018296 553280 884481 753672 999999999 1006716 1160874 700359 787689 960019 529730 890364 496393 465241 1159413 801364 1070003 984933 926170 881648 895330 971206 714608 438969 561206 161087 1241006 881425 1048987 84172 552000 799158 662352 943878 515503 739569 719795 148335 172737 485512 592108 543638 559489 914983 968200 1007532 313469 476473 485277 655187 910641 209695 757799 705061 344938 560929 1065407 496117 598722 524103 686231 442482 650247 1134927 863091 1060071 840906 1007186 996414 424269 1160315 808793 480072 921201 649041 201299 735394 530654 957504
481763 229535 614108 363674 723036 885719 217424 703073 117150 734273 860272 97478 729336 934755 534403 563303 141509 375815 745433 367492 401453 195705 519192 236460 320057 1006716 999999999 303394 425527 237843 672988 479546 398918 789069 801932 381674 636681 551913 341773 303489 439972 376772 951797 360627 656048 445561 850206 484238 622320 535935 939242 558769 496040 668528 873643 929483 267167 735679 1014873 994931 631567 470171 470787 557974 188178 617544 221924 739325 896251 856150 483617 258559 916042 351321 954990 984235 595570 543551 539068 601539 824356 537187 570825 754244 342639 844625 204802 986198 733891 491425 618304 262572 964143 531966 537363 551523 850835 287329 726254 705547
739268 350536 663310 528579 872238 812453 437068 632067 372110 664357 872907 229099 686706 839536 282605 707038 420344 215564 774287 186434 117838 152227 762385 277783 407507 1160874 303394 999999999 471302 395841 516469 645776 317403 817087 839722 96154 554970 337089 206932 243317 742487 300992 811333 629428 888294 632883 999837 185116 503167 331398 1082926 810535 442501 646947 735269 940899 475535 681413 1131742 1105699 705717 715848 678671 811995 256516 456224 155097 857613 921370 880875 526813 561314 1023336 633480 904710 1047171 643527 330594 664761 627140 838151 819389 765739 726701 69373 733862 115383 892819 560391 317597 832860 52170 879731 688133 403991 567402 976509 442682 751187 551234
462464 196415 198355 186518 418848 478800 275295 310342 342151 336800 436466 362717 315484 538657 455680 265133 375828 301258 324077 328203 462064 345501 448239 213979 107197 700359 425527 471302 999999999 204351 382001 243324 194435 368163 384817 459764 266490 401416 284680 229282 641844 196216 592203 420764 528099 265463 541153 541272 299872 378576 619438 502475 151782 249084 520184 506049 253530 327692 661046 634580 234734 420373 326419 508513 259358 353638 326762 390175 475899 435183 60001 520164 552216 460795 535621 583136 178578 394816 213982 176756 400418 589636 370772 333153 437344 467928 385747 586147 448773 318918 453413 480984 559739 262096 275087 126577 508865 177873 303466 402014
361099 50492 379749 138410 499113 682293 81074 508810 139478 537170 628363 205829 519598 740013 504695 334561 171754 321932 512184 334281 438956 244010 373777 133814 99401 787689 237843 395841 204351 999999999 536390 259027 271797 555261 566422 427338 454635 483180 288790 219705 466739 255839 782178 274239 493863 238647 627939 529316 465909 461626 715464 425173 318221 453415 706896 696878 90478 530836 783501 762074 393991 330349 282848 428030 139502 492348 243135 506032 661629 622025 256969 323786 682007 300126 739613 746395 361936 474925 304592 373288 592787 465938 371675 537101 392664 662721 283875 788609 603270 402869 437022 383121 762992 307626 405954 329540 620464 52481 494191 563510
844378 499217 427468 566976 724231 333960 617455 205215 643083 225135 497064 578469 282642 338484 282871 609831 691933 315403 453307 337768 422672 496189 829239 446312 447721 960019 672988 516469 382001 536390 999999999 616357 277100 480390 511916 437946 159045 197747 342104 369503 1002566 298394 295059 794202 897923 645440 820317 443337 86000 193102 876154 883163 230783 298097 218855 549056 613452 260573 869961 837885 490298 802371 706228 889495 488971 60354 466286 659272 553406 521494 379069 855241 764700 829178 439470 712575 417041 200666 557446 372487 472886 970446 736174 331534 448766 229204 514110 389949 67472 199909 819985 558919 384150 620986 136100 339115 759491 535533 432453 34847
252599 297376 259174 120627 243520 625514 263096 497741 364025 514690 483173 464150 468878 697207 690955 90220 363535 521775 372300 543808 668433 497169 220761 368746 245062 529730 479546 645776 243324 259027 616357 999999999 428298 406239 403686 661041 479646 642799 496819 429487 497002 424191 783214 268485 284833 52379 371283 755027 531210 619874 459958 272108 391426 400430 719916 542622 213632 491003 537663 519765 229655 207883 98807 279450 391943 594001 490681 268647 497658 464388 237541 440242 443952 318444 646221 538127 252614 635871 96864 292139 452845 385231 129317 461632 630943 653788 538398 735463 681262 559413 210479 638704 703959 53644 517919 291518 373451 207341 364318 631984
614403 228624 360202 341026 612391 509926 351621 325117 366820 357712 555927 307434 372213 548540 262942 459270 416790 114033 460596 144191 279194 239115 612784 169243 201128 890364 398918 317403 194435 271797 277100 428298 999999999 502503 526711 281230 250750 219207 110762 98939 736633 22331 553480 543012 709162 439441 732684 351575 223854 196527 808223 667082 125308 329595 475177 623638 357444 369697 840248 811902 411264 576919 498452 671815 212520 226058 210586 577643 605263 565043 235223 581518 730168 571662 595008 736907 341241 211560 408409 317336 521449 730478 557585 410283 267328 451376 268153 601439 341222 135632 638032 342931 583395 453834 141203 257855 694934 284449 437154 308324
648409 560101 175514 464651 334483 280364 607430 276686 693786 264587 77251 730816 200649 355407 706973 331686 716106 614536 44102 645376 777879 707939 603092 580902 469644 496393 789069 817087 368163 555261 480390 406239 502503 999999999 31908 782233 328807 625743 612699 576782 903223 516826 482554 673790 596714 458260 382146 839090 411614 608068 415719 643694 381897 190258 448655 142340 568427 226355 391469 359033 177815 605269 497693 652496 627329 501193 685914 245463 107738 67152 308265 831014 290636 723289 257630 239864 193578 623267 309475 193351 47913 777352 456315 154980 769829 367942 746293 376030 519418 567442 522590 835768 342233 367663 476724 251522 306290 512637 66103 471984
640967 573872 188190 469673 313317 307459 615294 308473 704005 296490 84182 746623 232545 381811 735813 325017 724201 639435 66371 670179 803393 727328 593780 598523 483801 465241 801932 839722 384817 566422 511916 403686 526711 31908 999999999 807221 359570 655188 636415 598288 900205 540326 511305 672103 580595 456017 354032 866067 442397 637224 385005 632556 407713 220136 479135 138990 574719 258259 359574 327150 179681 598474 492268 641448 644137 531967 706034 223322 96435 60704 324829 834174 258923 721938 276748 211915 207312 652552 307710 213255 66411 768421 444948 186818 793854 398361 766227 399853 551289 595545 507998 857050 366112 362173 505707 272585 276924 522150 90027 503774
784037 378065 640422 549855 874355 748543 481819 573747 432421 605230 832023 295785 634799 769366 187865 712424 484003 167788 740945 137127 21771 201099 800833 296727 416308 1159413 381674 96154 459764 427338 437946 661041 281230 782233 807221 999999999 496670 249385 175659 234256 814574 270222 730686 681538 919865 655640 999375 105869 435969 247052 1079028 851472 400703 602859 656213 898196 513927 626268 1118189 1090556 688874 756390 706563 853856 291189 378638 189181 849915 883113 843403 509847 635031 1008455 691540 845253 1017927 621162 243729 666062 598557 798461 874541 786340 677933 39333 661682 178169 822274 476352 245018 858792 148188 811665 698323 338257 539010 968501 468128 717391 472227
720562 428925 270201 451084 567120 259654 532772 77266 580757 109391 356627 551328 143429 299245 386967 461535 623254 339410 298110 368993 487054 489748 698418 400223 356623 801364 636681 554970 266490 454635 159045 479646 250750 328807 359570 496670 999999999 302206 352234 348549 907760 272245 327868 687038 754606 515075 661341 532693 82828 286945 717415 751088 141091 141045 254103 416121 517532 130492 714523 682754 332811 676908 574505 758088 448952 172402 461336 500459 412143 376739 245111 778125 607999 727260 349864 566194 261215 300912 410583 215734 328204 850717 592468 191160 494983 209548 518537 351666 213168 257623 675689 587317 332726 476935 161520 190524 600635 439800 276321 161919
833099 435804 524973 560144 805895 527202 559771 372425 554268 399919 658644 454484 445181 536111 86906 663781 607439 177380 590614 185038 231674 358338 831966 360995 420149 1070003 551913 337089 401416 483180 197747 642799 219207 625743 655188 249385 302206 999999999 212884 270307 938592 230100 483805 757198 925981 657277 918222 245617 223898 22934 986128 886281 271983 435530 411354 718140 571853 429278 1000080 969420 584646 796008 716832 891022 389575 144136 330448 757719 713883 677632 427342 772643 890794 782383 630478 865240 509078 8525 611139 472521 629407 947092 771456 493326 267716 426860 363557 587694 227875 83882 853256 384748 581353 663390 150620 421032 869588 501736 567456 230053
649143 238614 465687 393092 701416 611592 358877 428645 342658 461180 666687 244464 480462 644426 217204 541586 396159 35892 570480 47268 177406 154692 657261 156956 252863 984933 341773 206932 284680 288790 342104 496819 110762 612699 636415 175659 352234 212884 999999999 70102 729505 96171 633319 560685 766906 497801 825347 259359 309856 195255 904117 710180 235597 440067 555249 734377 379261 476199 942565 915019 513301 616342 552789 713719 178164 283348 124935 674611 715893 675605 334191 560707 832878 580787 700665 845835 446276 204380 493687 425512 632181 753799 624754 519881 157634 542379 172886 697729 398106 150269 701025 235298 682092 530229 213096 365712 793075 319124 547136 376352
579395 169938 420050 323626 640266 606802 292035 421638 285722 454119 635975 209838 463992 647061 285033 478203 338280 102228 533463 117062 239714 141719 587159 90900 184610 926170 303489 243317 229282 219705 369503 429487 98939 576782 598288 234256 348549 270307 70102 999999999 668285 76773 651343 492827 697314 428693 765786 325543 321993 250316 846432 640099 216066 415511 572968 704907 310150 463720 890320 863731 462877 546326 483139 643665 122667 314552 114483 618519 682438 641672 283652 503922 781377 514671 689044 804402 400248 261825 431906 385145 600601 685419 556689 499005 208843 550315 174192 699847 430929 196580 632115 258997 681250 464823 233954 325713 737409 249024 510693 402112
278527 508028 748062 464448 668143 1104513 385794 950033 388683 974120 980173 518792 941225 1171240 943642 577051 335038 765285 868530 768125 832824 615799 337398 577728 556322 881648 439972 742487 641844 466739 1002566 497002 736633 903223 900205 814574 907760 938592 729505 668285 999999999 719003 1234006 231121 443689 444987 762069 919501 929447 918445 844233 329761 779078 871085 1161805 1038912 391200 958846 953457 946773 726139 312632 410012 322166 551534 959066 634447 733239 993040 960888 675150 181417 887329 184050 1137836 1012519 737413 930108 593755 768947 949669 203520 482635 944133 775253 1108782 636722 1214692 1069661 862624 464515 702522 1185169 538868 872664 747114 804743 469584 859090 1028790
603126 211142 370212 332359 615064 531099 334845 346108 346557 378671 571929 285113 391571 570413 267226 459383 397022 105772 474458 134376 269755 217505 603450 148395 190913 895330 376772 300992 196216 255839 298394 424191 22331 516826 540326 270222 272245 230100 96171 76773 719003 999999999 575780 528563 702960 432749 736817 345676 246163 207824 813684 657568 143690 347027 497469 640042 342928 389806 848653 820719 419283 566470 491002 662064 190757 246388 189244 583402 620509 580098 241271 562107 738743 555965 615211 749665 350941 222149 409388 329372 537162 717346 553473 428701 253796 473587 247392 623256 362007 147775 632998 324523 604962 452072 162324 269592 701293 271671 451159 329928
1032923 754509 535419 773103 805214 207188 860618 287078 905443 268555 451871 860856 320154 142994 562408 744374 949582 608807 481256 632300 714317 785305 1003836 717334 684465 971206 951797 811333 592203 782178 295059 783214 553480 482554 511305 730686 327868 483805 633319 651343 1234006 575780 999999999 1010343 1038419 825065 864690 724080 329636 483735 893862 1053992 465280 384491 78394 468801 844823 295083 848196 815950 588048 988406 881503 1061724 764019 355410 755494 721039 498852 485987 562290 1105851 761586 1052226 287670 654380 536002 488413 699802 492697 448380 1165053 880224 344278 743298 129499 806173 163701 256490 494898 959470 853966 183719 768604 420777 495128 788218 767391 471425 260224
123323 323014 516944 237309 465639 874609 202517 724448 259615 747263 750932 402685 711943 942293 777645 352647 219656 594773 638262 604746 696285 482559 171066 403768 347846 714608 360627 629428 420764 274239 794202 268485 543012 673790 672103 681538 687038 757198 560685 492827 231121 528563 1010343 999999999 308922 216115 575557 786828 716506 735480 663137 201279 565361 641774 940000 811068 185645 730366 762440 751071 496226 124993 190588 199342 393126 756062 492402 519218 766110 732795 448605 196037 684065 50220 906715 797217 506347 748981 364579 538476 719830 193846 280397 713520 643811 883563 514531 984914 861673 676206 292803 601531 955045 313863 670576 519085 604540 260358 628341 817812
189077 542098 503293 373836 278266 859362 455950 761244 543525 772817 664432 676692 718275 934632 970086 295531 515792 795116 577673 814151 930187 736070 138594 623262 515280 438969 656048 888294 528099 493863 897923 284833 709162 596714 580595 919865 754606 925981 766906 697314 443689 702960 1038419 308922 999999999 270314 334987 1019584 812175 903048 408967 116892 675757 655555 982020 705858 413417 743521 524381 523340 451360 187177 214195 123178 633078 878044 736944 365203 656341 635658 519260 496987 478135 341982 854193 624516 504416 918854 344416 549577 643862 247642 162173 698868 886097 909809 774262 964817 961601 842275 79309 870605 931475 277758 802725 564083 394999 451857 579452 911489
207879 282355 307730 105789 281136 672572 228192 538434 328688 557040 535274 439333 513890 743355 699803 139852 322623 525268 423792 545067 664621 481907 184033 359580 245342 561206 445561 632883 265463 238647 645440 52379 439441 458260 456017 655640 515075 657277 497801 428693 444987 432749 825065 216115 270314 999999999 405936 752979 561412 634372 495366 237736 416821 444635 759863 594968 178552 535084 579124 562794 281243 163345 60962 244189 376603 619083 478479 315592 550037 516715 270207 389838 488921 266065 696323 588264 299758 649983 148786 337140 504694 340274 133066 509094 623593 695940 522259 782780 711409 573423 203531 621747 751653 101339 539879 330589 415521 190202 415187 663120
485058 661500 396637 490639 128936 661473 632975 633451 733900 630807 424199 833765 566302 735527 985585 294836 728056 842282 387535 869342 1002700 857273 425458 723396 592589 161087 850206 999837 541153 627939 820317 371283 732684 382146 354032 999375 661341 918222 825347 765786 762069 736817 864690 575557 334987 405936 999999999 1082347 738855 896739 89533 435869 646356 526462 828100 440152 583225 593767 191575 188373 334792 458052 394997 444314 754120 823405 846446 161768 393667 389853 498036 770533 152477 621631 620307 309633 410648 913245 335111 451401 419027 578082 296264 528368 974428 747897 899056 750595 871709 842589 297621 999273 717157 320479 771138 497819 82059 575535 402235 821059
887926 479426 710053 647351 959672 770995 586421 607527 538269 637166 882114 400829 675371 781725 161956 800838 589741 240067 799801 213607 90743 306966 903089 396838 510106 1241006 484238 185116 541272 529316 443337 755027 351575 839090 866067 105869 532693 245617 259359 325543 919501 345676 724080 786828 1019584 752979 1082347 999999999 461525 252982 1159290 954311 459370 653080 654222 945609 617117 662981 1191116 1162366 762655 859321 805643 956932 395229 388832 294468 928876 935414 896929 586460 739465 1080946 797333 872718 1077964 691528 243173 752508 664040 850211 980035 882050 721429 144808 672477 282781 833281 467921 275540 956501 234893 826843 789485 371293 605870 1046437 567892 776133 475259
762139 432624 343976 486008 640125 312737 546532 148544 580933 176384 437590 531269 222471 336481 310114 523844 627531 290187 380749 317363 424086 458167 745395 388876 373127 881425 622320 503167 299872 465909 86000 531210 223854 411614 442397 435969 82828 223898 309856 321993 929447 246163 329636 716506 812175 561412 738855 461525 999999999 210754 797342 799121 151169 223511 251370 495205 538633 205487 796877 765196 406809 719672 622044 805595 434835 89580 428600 577339 493442 458712 293717 788260 689943 753240 411807 648626 332720 223528 471446 288853 410066 889441 650340 271218 439251 232594 481922 389807 150117 191335 734134 540250 376770 535084 99178 253371 680333 460268 358774 102146
810634 414579 504195 537378 783877 518048 538644 358810 535139 387137 642676 438457 430303 530036 100025 641158 588131 160291 572316 170802 230629 343630 809224 340719 397562 1048987 535935 331398 378576 461626 193102 619874 196527 608068 637224 247052 286945 22934 195255 250316 918445 207824 483735 735480 903048 634372 896739 252982 210754 999999999 965181 863555 250385 418053 409841 703054 550029 415345 980411 949891 563521 773410 693954 868324 370596 136281 315220 736447 697631 660950 404985 753544 870957 761120 620250 847785 488079 16548 588564 452104 612911 925048 748547 478046 262248 421024 351000 582119 229580 61034 830328 377658 574522 640583 131641 399946 848768 479494 549046 226618
569073 747838 461253 578732 216637 687429 722129 681920 823088 675507 443631 921257 610541 758949 1056528 381304 817573 919433 429755 947212 1081487 942143 509382 807635 676574 84172 939242 1082926 619438 715464 876154 459958 808223 415719 385005 1079028 717415 986128 904117 846432 844233 813684 893862 663137 408967 495366 89533 1159290 797342 965181 999999999 515670 715530 578677 864138 445606 672395 637579 119580 129183 401843 544052 484188 523805 839750 884045 930390 230653 403789 409030 573004 858556 136784 708563 633404 286902 477102 981584 418754 514620 445657 655562 384866 568642 1055275 783359 983949 768003 923796 912900 380305 1083929 735378 408554 837180 565260 117128 662999 447661 873971
77957 475402 522745 326299 355807 888706 373469 769463 451178 785489 716523 590344 737007 962221 921345 317059 417271 741154 617894 756798 863788 659423 54509 558634 466655 552000 558769 810535 502475 425173 883163 272108 667082 643694 632556 851472 751088 886281 710180 640099 329761 657568 1053992 201279 116892 237736 435869 954311 799121 863555 515670 999999999 654149 669932 991745 765574 337575 760244 627364 623013 480459 95099 177119 9060 560586 855985 664130 433596 716801 691053 507088 382486 569715 228685 897123 706943 519386 878638 355609 561478 691604 144179 187611 725018 815719 924493 695260 997343 949138 802563 140358 787967 964867 287320 775549 563623 486047 391132 615293 900758
613721 289258 255747 336203 534404 393082 398029 208315 440579 240313 432045 412359 248173 438823 341329 398117 484308 233421 341343 264362 395988 357541 599965 259705 223019 799158 496040 442501 151782 318221 230783 391426 125308 381897 407713 400703 141091 271983 235597 216066 779078 143690 465280 565361 675757 416821 646356 459370 151169 250385 715530 654149 999999999 204476 389159 499193 387973 247773 735924 706253 313687 571945 477774 660244 308782 202664 330532 486241 482499 442707 159799 641886 625865 602160 473003 619324 238774 266898 344960 206138 398054 739709 515840 285095 390317 350419 389848 490577 297926 197552 599416 468017 469659 402861 129472 150655 599524 309564 317691 252600
652103 442588 152626 406942 441191 233963 522148 109636 590954 117267 229566 595670 70171 300570 517259 360500 624692 436788 157296 467706 596632 554534 620410 440379 355715 662352 668528 646947 249084 453415 298097 400430 329595 190258 220136 602859 141045 435530 440067 415511 871085 347027 384491 641774 655555 444635 526462 653080 223511 418053 578677 669932 204476 999999999 326587 295372 494746 90575 573480 541730 210315 607385 499160 677770 489677 312829 529248 367701 282334 244108 200351 764461 467087 687094 287130 429754 151625 433143 315311 108484 197133 784728 496169 85859 594259 255123 589495 343772 345648 379220 576354 671454 315033 384113 287004 126136 462435 423525 135289 295434
967333 678097 479174 703200 759459 194376 785901 222312 828605 209369 429794 782518 268047 154654 492265 686692 873317 531141 440819 555045 640385 706996 940639 639491 609841 943878 873643 735269 520184 706896 218855 719916 475177 448655 479135 656213 254103 411354 555249 572968 1161805 497469 78394 940000 982020 759863 828100 654222 251370 409841 864138 991745 389159 326587 999999999 457904 771613 241185 828206 795616 535131 923059 817465 999250 685973 279045 677198 678470 481209 462426 493644 1030682 735545 980923 293159 641624 477656 415484 640069 432916 420282 1098873 822029 300263 667619 80793 728129 195248 187007 418169 902773 777228 203032 708693 342531 429286 754495 693788 427966 184206
777614 700103 317388 606517 430403 264829 749768 347569 835681 324107 69689 868441 272969 326900 803078 462850 858428 732090 184721 763021 891722 840025 728916 716482 609535 515503 929483 940899 506049 696878 549056 542622 623638 142340 138990 898196 416121 718140 734377 704907 1038912 640042 468801 811068 705858 594968 440152 945609 495205 703054 445606 765574 499193 295372 457904 999999999 710644 290508 382730 351221 317717 735637 630336 774551 763913 582240 816601 341093 49549 78378 446672 972207 308859 860920 190093 185579 334943 717004 446698 329380 105735 903587 578454 225032 889426 380759 877139 326807 573696 670269 636568 963196 295732 500427 575367 384432 358137 654805 203228 532527
