NAME : synthetic_000059
TYPE : CTSP-D
DIMENSION : 100
GROUPS : 8
RELAXATION_LEVEL : 1
EDGE_WEIGHT_TYPE : EXPLICIT
EDGE_WEIGHT_FORMAT : FULL_MATRIX
EDGE_WEIGHT_SECTION
999999999 834306 355121 442408 798712 872143 907599 556027 932967 426961 633978 728881 376605 888625 747685 409535 300384 568444 790289 628873 423978 300820 984295 723521 959555 488550 757202 227910 552745 482862 325410 632549 549472 468379 722079 924119 557744 526928 448454 715441 334958 918439 937615 381869 725331 773458 749478 270165 307368 810942 892868 875404 561279 252319 816863 499879 334456 707204 643488 561529 355247 568357 200344 51231 445726 863409 488776 949598 325185 792868 545859 785362 1034223 155445 458711 176590 599370 422678 578113 407891 115843 124442 615837 778081 219295 221158 484458 250544 458866 814890 942725 343779 993805 208320 20350 49539 520834 68456 247421 784902
834306 999999999 483364 562490 201865 412276 942900 323058 969057 1127691 348396 835569 568485 621578 977818 426920 982880 1051486 53365 831263 1135165 616819 880646 125083 233566 625485 522187 618533 365977 1082356 1024604 312127 350877 1182125 172813 989705 302432 956870 450882 579017 540907 700575 544445 698318 945317 972544 856717 1026127 540086 129735 682311 941159 803287 597177 612989 673346 557773 429038 734698 626804 586239 496503 821186 810523 404111 73044 355847 877161 1009591 918828 1008920 237378 994441 687657 598715 924364 313826 575811 943842 813266 720839 786737 845656 356999 699076 618094 610236 728884 583046 482157 762657 621883 974957 689954 850924 882959 518317 793060 942855 61775
355121 483364 999999999 318558 482969 613537 866814 255763 895451 709999 367827 698493 261128 707295 786589 56873 561695 729757 442710 632676 713317 174115 887314 380917 635420 323934 562609 135474 283403 706920 600588 347699 211166 761387 394340 899908 241479 650102 218510 556215 98114 762616 713618 309760 755642 799100 722915 580045 124867 478467 736374 845649 573737 159287 649910 448429 201308 477914 586605 463465 180736 386986 395428 327711 94289 519657 133836 862853 590258 782729 692283 479718 971412 222634 362357 473528 257756 229922 669803 489581 247083 334144 633044 512481 230728 135208 392037 331724 267591 592502 806687 287224 936723 263384 373054 404527 357205 323786 512225 431401
442408 562490 318558 999999999 438373 445757 548987 242549 577529 585884 242772 380136 71108 447727 478349 313623 452575 490709 509259 321650 596010 465165 581621 437783 595211 641554 314917 362778 196779 523212 493530 263903 476607 640262 398422 581389 270352 397387 130317 276188 407898 484319 496867 609162 446181 486957 404595 519343 210807 480906 458087 527159 270465 228944 377796 135674 133393 275644 268060 146944 490204 129299 318059 453737 369929 556631 369503 553505 475614 465077 448435 411765 657548 302860 46099 437250 506148 547111 393980 250995 344443 333463 326195 362961 474622 341767 73867 218951 585754 375885 517031 100759 621478 234313 448294 475791 80754 375794 425899 539420
798712 201865 482969 438373 999999999 214472 746510 242691 771993 1023832 196416 651419 467147 419734 799425 429069 887097 907129 164271 661052 1033569 647628 679125 148892 162123 715707 325201 612181 255124 958346 928623 176872 436536 1078314 95251 794083 244766 811593 360081 388196 566511 498710 347326 759728 767729 790595 671105 945332 491367 72416 480558 747121 643206 546830 412897 523981 479034 239796 558347 464642 632802 340653 737989 786792 433934 151432 388568 676539 911438 731528 864580 37261 793427 643633 464397 851946 419096 645033 788569 683488 683079 724167 678226 156502 713669 604263 467675 638901 664198 280531 560815 520106 774894 619810 812039 843817 374975 745233 854982 229111
872143 412276 613537 445757 214472 999999999 573629 358863 596172 1008168 247699 517747 500677 219747 672203 568186 887994 838090 378506 558817 1020465 787304 482892 356834 257259 890864 183186 725420 333846 917868 927200 266325 622779 1060689 291705 622684 379676 745760 428492 260971 708127 298526 132867 915244 643620 655723 532594 961772 579529 283569 284988 581929 562609 626402 237385 475967 537734 170296 450888 400729 784391 317794 763657 872412 590812 350933 552567 486946 908085 585881 797531 185266 599821 719762 451208 882945 614518 810518 707004 650894 762153 774451 580529 101077 836990 711820 440219 664693 835973 106722 361224 544888 586769 670672 881410 911165 365699 809672 867467 443558
907599 942900 866814 548987 746510 573629 999999999 710830 28772 772496 617320 179498 613047 362270 222220 855631 729842 501835 895985 280195 788845 1010953 155010 844141 830587 1190401 421395 902358 653289 637717 751080 658600 1000265 808093 778480 49162 745298 455395 658343 366804 956797 294850 481685 1154506 221220 187307 158135 824018 757872 817717 297563 38547 346907 764592 338298 429775 677558 515025 282270 403395 1038752 502748 714797 938737 907906 897839 896440 119481 732357 124806 481681 709348 131683 811567 507330 806027 1018496 1096011 388265 505895 845773 783234 296610 590751 1007573 879907 476801 660728 1134365 474779 244148 608236 90325 723519 903922 920377 516998 841446 746751 952042
556027 323058 255763 242549 242691 358863 710830 999999999 739245 807033 119620 568733 245871 478342 694019 209353 664184 733254 270491 539305 815141 428832 694545 198026 403811 541272 337272 376059 57998 759352 706003 92550 297764 861609 172202 752070 34484 639819 128860 355618 349306 543963 465947 556937 661053 695580 592370 714170 248677 261402 519031 698883 500042 304313 433146 364708 242920 240068 457328 334746 425927 211135 506862 544673 236641 327324 205569 677893 690212 656057 690981 231378 794035 401025 282448 616680 309246 456119 633245 491730 440391 484877 549487 257856 483438 365865 298931 410825 484861 349846 596329 299559 765038 382029 569455 601286 214302 503214 627083 296935
932967 969057 895451 577529 771993 596172 28772 739245 999999999 788713 645071 206152 641360 382519 234766 884387 750224 515585 922463 304612 805120 1039151 159176 871225 853362 1218993 447134 930287 681752 652963 770455 686355 1028952 823038 805333 34409 773707 473320 687113 394070 985290 312547 500750 1182642 237357 199635 184062 844377 786226 843409 317139 58139 371817 792511 362177 457618 705843 541740 310532 432064 1067179 531382 739237 964668 936677 923212 925177 128347 751942 144934 497319 734887 113437 838593 535722 828809 1047053 1124591 406122 529840 872485 808686 320028 615959 1035141 907794 505224 686827 1162987 498653 258855 636006 73668 750331 928989 945008 545769 867086 768475 978906
426961 1127691 709999 585884 1023832 1008168 772496 807033 788713 999999999 828655 629132 561900 926282 555847 750929 148647 279219 1076227 526401 16492 716528 901797 1003715 1181023 913119 840211 618395 774270 138274 109626 847910 921101 54628 975960 765652 825303 319410 678176 770139 729493 919426 1018874 808828 551536 590545 638323 160171 605704 1062225 899797 734085 482508 554988 853072 533019 571010 842324 607739 609947 770033 699225 315802 478064 803196 1133604 834166 861240 120332 648622 291541 997648 902126 492995 565282 253239 967508 840464 385514 357793 483651 380315 502658 939616 643701 601860 570384 399653 879013 916912 915115 508001 861642 450942 408006 393705 656072 411541 198361 1092527
633978 348396 367827 242772 196416 247699 617320 119620 645071 828655 999999999 492103 278186 360234 630464 325788 693987 714023 296186 482867 838727 541940 586176 233469 352573 660877 221999 477772 86151 761989 735258 41285 412558 883032 175593 661285 148551 618540 185613 252355 464014 428210 347450 673738 597794 626732 514320 756172 334149 246145 403924 609752 456655 383820 319414 331181 301693 121824 387559 278925 542706 149474 550206 630123 356144 326623 324679 572760 717666 577510 671370 169006 690342 479345 268028 666874 418261 575265 599631 487203 521128 546055 497430 147780 589346 464465 272398 450152 604417 230235 482761 329394 663965 440784 644916 675719 179197 574713 664272 343080
728881 835569 698493 380136 651419 517747 179498 568733 206152 629132 492103 999999999 440317 346946 154525 692279 567258 379788 785107 107559 644961 836348 275529 725400 763132 1020431 339096 726041 510823 502057 592745 532212 846397 670744 664350 203772 602889 311000 498273 265760 785492 311704 463998 979320 127291 139827 24498 660832 585162 718404 298956 150741 170487 588334 290132 253811 504301 411623 113793 240505 866413 357747 538026 759412 746942 800902 740393 235865 573259 87471 349411 614585 305688 632470 336234 633818 869353 925933 248283 331265 666366 604450 128749 504360 829668 703378 306466 481330 965118 411110 292532 431381 265008 544184 725672 742933 361119 662407 578579 835007
376605 568485 261128 71108 467147 500677 613047 245871 641360 561900 278186 440317 999999999 517066 525994 265534 421148 502312 516210 371565 570461 398215 651371 443662 627817 580419 381563 293136 213435 515344 462883 290312 437381 616521 414119 643360 266994 413296 117679 346533 345219 555180 561013 542062 494794 537995 464552 478644 144960 500971 528908 589434 313606 158081 447979 187841 64594 332621 330835 214957 426201 191785 272077 385148 323978 571719 331556 622503 446373 523094 461354 444610 724706 233083 106083 388867 471885 485962 421089 255916 275089 273775 372421 411845 404124 271733 136792 172192 525547 438399 588129 53900 687922 170590 383824 412458 144685 311390 387835 538244
888625 621578 707295 447727 419734 219747 362270 478342 382519 926282 360234 346946 517066 999999999 496874 674462 829114 711287 581855 419069 940603 877680 263231 545865 475478 1016548 144693 792640 431777 815427 863703 396349 772477 974640 477422 411346 508689 627990 492538 173619 805401 79389 121279 1016998 473032 473863 355066 914623 636429 491907 65990 376050 446756 669439 74812 411649 572268 238493 321123 336893 887632 330860 739012 901462 712063 565460 683877 267992 843695 397317 675067 384969 380074 750134 430568 855172 775456 927859 575792 576649 791998 774068 443418 267855 907343 774385 406969 649667 959540 141959 142082 544856 367753 680389 893146 919077 373867 821062 821711 644543
747685 977818 786589 478349 799425 672203 222220 694019 234766 555847 630464 154525 525994 496874 999999999 789858 529886 280872 926263 156932 572312 904991 368121 863429 916075 1099825 492714 790006 637234 419096 545723 669085 954830 588750 805315 209955 727165 246747 606133 417981 864879 452872 615860 1043841 32974 35133 142174 623138 665373 864553 443919 183944 213013 656062 443668 342716 585678 560288 243120 359362 941678 487437 547768 785874 847274 947207 847732 328108 528156 109522 264425 763012 347925 679831 432252 621512 982872 1006216 181142 341293 707237 626838 153579 655752 883298 766868 406491 517499 1046845 565530 422015 502619 308386 590366 740372 751643 480175 686300 555059 972800
409535 426920 56873 313623 429069 568186 855631 209353 884387 750929 325788 692279 265534 674462 789858 999999999 602286 753041 385891 633980 755103 220939 866450 324135 579864 344247 530086 192316 244361 739641 642101 301901 177467 803205 339145 890974 191032 669640 197974 530666 140437 733436 673183 348002 758158 799988 716777 626303 149189 422367 707479 836630 578457 195961 620677 447923 213279 440621 578994 453338 216947 363697 435165 383705 58959 462788 83677 844042 630691 778076 714190 427484 955192 271273 359211 520303 219308 253603 684060 508939 299136 380192 636550 467205 285212 191194 387361 362871 287000 554080 780292 300573 921868 300494 427025 458747 339853 374753 554485 375688
300384 982880 561695 452575 887097 887994 729842 664184 750224 148647 693987 567258 421148 829114 529886 602286 999999999 291100 931921 459849 153585 576469 842520 859568 1046352 776719 728923 474075 634557 183969 41820 710347 772850 201500 834661 732411 680920 283780 535527 664064 584342 832843 911883 678089 516977 561972 581310 94176 457251 922026 810945 692788 403412 406341 754506 421274 425210 719128 521735 498855 629108 572855 167160 351166 654705 991444 685521 803098 28596 605494 281235 862666 861525 346560 437973 125143 819053 700161 348780 253030 340593 234966 438795 812976 509274 456556 447854 254011 739603 802816 837412 367518 820153 302356 283602 277184 527265 272642 54196 946257
568444 1051486 729757 490709 907129 838090 501835 733254 515585 279219 714023 379788 502312 711287 280872 753041 291100 999999999 998126 292240 295677 799382 640563 927452 1050216 1003888 656916 684982 685773 140949 292982 744080 930299 308460 883368 490457 760407 95543 614206 580035 783316 688180 818572 922123 281563 315981 383222 375352 606415 960072 672531 463305 275502 573920 643658 383218 541618 688796 394168 446417 846373 566510 379740 615597 811569 1039550 828108 599856 279413 381092 42674 874886 628797 556502 452782 407523 969156 916927 135495 246563 569016 467182 267870 790767 751560 663226 442589 402592 958242 735965 672320 456444 589147 478539 555337 556490 535811 521536 332691 1030115
790289 53365 442710 509259 164271 378506 895985 270491 922463 1076227 296186 785107 516210 581855 926263 385891 931921 998126 999999999 778943 1083893 583976 838416 72570 232699 608385 476534 578184 312675 1029564 973685 259322 328612 1130714 120973 942374 251022 903506 398734 530750 506162 660297 511364 673570 893684 921529 806518 976699 492580 96754 641074 893220 750307 549878 569153 620085 507140 381149 683172 574144 556809 443752 771089 768305 368246 80861 319542 833436 958465 868919 955559 197120 951138 641738 545360 875666 297197 552170 890610 760097 675993 738817 793093 314865 663371 576424 556896 677920 562868 440974 721858 569740 930511 640793 806468 838577 465052 747090 892559 65565
628873 831263 632676 321650 661052 558817 280195 539305 304612 526401 482867 107559 371565 419069 156932 633980 459849 292240 778943 999999999 541958 758075 382692 713966 788949 949247 375635 644702 483154 403720 485906 520025 797974 570006 658457 295403 572046 212586 449202 297847 713771 398428 527917 899100 124553 166430 123775 553331 513250 722940 381477 246754 67836 508445 352279 186191 432769 426272 107969 206117 792243 336197 434673 661867 691079 805330 690887 343269 466317 164601 256844 625678 409865 542311 275578 527340 825960 855155 156752 225816 573632 504817 24601 526212 743373 621675 249563 385292 895387 453567 389125 352407 368678 452856 624535 640399 325026 563576 471153 822753
423978 1135165 713317 596010 1033569 1020465 788845 815141 805120 16492 838727 644961 570461 940603 572312 755103 153585 295677 1083893 541958 999999999 715837 917842 1011429 1191221 911234 853347 619280 783232 154729 113012 857404 924271 48106 984579 782104 832890 335505 686292 783683 730626 934390 1032490 805735 567919 607000 654305 155070 610717 1071163 914624 750443 497435 559290 867253 545771 577937 854165 622493 622881 769552 710537 320392 474918 806797 1142006 838495 877301 125914 664922 307986 1007732 918528 495029 576311 252054 970996 839727 401718 370647 484293 382092 518282 951050 641654 603187 582044 406532 877978 929822 930513 516574 878026 455700 404750 389303 666995 411186 201098 1099326
300820 616819 174115 465165 647628 787304 1010953 428832 1039151 716528 541940 836348 398215 877680 904991 220939 576469 799382 583976 758075 715837 999999999 1045236 530943 793616 204612 733241 116292 457395 746439 609155 521157 281214 762136 555461 1040027 411953 732884 385435 721407 81135 929999 887476 143997 876140 922191 860275 566133 254358 634433 903603 986431 693921 249631 817782 582537 333621 651127 728688 612005 54434 552014 426859 255208 217350 664153 265751 1018251 604175 916632 767064 647782 1122543 242981 504271 463799 330061 123939 765715 579678 237053 344028 754081 686228 92426 139225 534966 401502 163170 765914 971280 406234 1086043 324207 321170 346406 517188 305054 522540 558750
984295 880646 887314 581621 679125 482892 155010 694545 159176 901797 586176 275529 651371 263231 368121 866450 842520 640563 838416 382692 917842 1045236 999999999 796093 737397 1209505 367841 944331 640167 771114 868274 626373 991905 941229 727963 193573 728003 582413 669938 339443 982532 184489 370145 1188980 360147 334563 263782 935870 791491 751541 199162 188858 441636 808992 270963 486208 714961 469687 340945 436961 1065920 502766 802255 1009348 913177 827093 893780 40738 848786 260636 615612 643268 117371 870384 546958 904244 1002748 1116560 516956 601532 908325 860713 404278 523845 1055267 923093 516771 733753 1152417 398596 122148 659202 113336 786766 983486 1003600 530214 916264 852112 899222
723521 125083 380917 437783 148892 356834 844141 198026 871225 1003715 233469 725400 443662 545865 863429 324135 859568 927452 72570 713966 1011429 530943 796093 999999999 265497 575753 429615 515974 241679 957276 901345 194348 294258 1058213 68474 889540 178656 833095 326166 477390 451314 622612 488212 630293 830668 860162 747427 905144 422896 106986 601710 839182 682864 480282 525213 551185 435011 330211 620797 508267 508388 377841 699175 703449 313604 139926 265255 788251 886050 810418 884944 171902 906386 573305 474722 804642 272266 511426 821754 688390 608567 668470 727263 278742 606328 512693 487277 605591 526624 403908 682796 497175 883597 569544 739239 771382 396306 678465 820512 109620
959555 233566 635420 595211 162123 257259 830587 403811 853362 1181023 352573 763132 627817 475478 916075 579864 1046352 1050216 232699 788949 1191221 793616 737397 265497 999999999 838164 424246 767545 416894 1110061 1087703 337750 556741 1235329 241280 879574 402935 955095 522130 498112 713112 553053 371212 895789 885866 902743 780131 1106393 652229 159440 541258 837831 779801 708120 493082 669578 641130 363662 682369 603906 773279 488105 899288 946211 576664 160876 528985 743403 1070194 836503 1008060 183687 854710 804777 617722 1013768 528723 776642 926316 835305 843781 886287 808328 262745 864961 761040 617740 799881 790606 357738 615263 680321 843203 781920 973209 1005073 527040 906902 1015477 289352
488550 625485 323934 641554 715707 890864 1190401 541272 1218993 913119 660877 1020431 580419 1016548 1099825 344247 776719 1003888 608385 949247 911234 204612 1209505 575753 838164 999999999 872786 319376 584786 949626 807581 630740 281661 956420 620586 1222759 514625 936233 539577 874847 235536 1077230 1005947 122669 1069996 1114994 1044749 758510 436337 682434 1051376 1168596 887220 444958 964560 768141 517224 780035 909455 787209 159335 707195 630909 438693 304915 687769 338647 1185956 803921 1103500 971261 726171 1295214 447585 684356 659944 311980 94500 966972 781250 440187 546926 947277 792246 269622 341697 714484 604699 57247 891112 1124533 597395 1260646 527457 508435 528949 680247 504084 722552 563710
757202 522187 562609 314917 325201 183186 421395 337272 447134 840211 221999 339096 381563 144693 492714 530086 728923 656916 476534 375635 853347 733241 367841 429615 424246 872786 999999999 649912 288434 742557 766324 260767 633920 891446 362054 468882 368876 565756 348451 77800 660718 206716 184855 872326 463184 478551 355886 808877 494182 396327 182040 422259 381577 529751 97830 308439 433266 102138 267720 230822 742943 190951 621266 766615 568767 476605 542178 358642 746680 412898 616920 288001 476790 613910 305563 739842 640211 783604 524745 482826 656231 647211 397430 170321 764639 632175 286786 526873 815695 79076 260857 414878 454404 549227 763206 790531 236885 690711 714580 534938
227910 618533 135474 362778 612181 725420 902358 376059 930287 618395 477772 726041 293136 792640 790006 192316 474075 684982 578184 644702 619280 116292 944331 515974 767545 319376 649912 999999999 391631 637820 509348 464446 321667 666611 526285 929799 367749 617006 303482 629559 111687 839458 814598 254402 761518 807899 749701 475327 156473 611949 812997 876598 579791 137779 728717 472698 229389 576448 620573 508075 161439 462359 317319 194854 220057 654994 265445 915638 502365 804796 651954 605852 1016964 130688 398650 369620 371500 232368 649423 463387 135123 239123 639877 625383 114732 23140 429282 285491 273507 690984 876925 294680 979610 208196 247177 277301 422968 210947 421097 565729
552745 365977 283403 196779 255124 333846 653289 57998 681752 774270 86151 510823 213435 431777 637234 244361 634557 685773 312675 483154 783232 457395 640167 241679 416894 584786 288434 391631 999999999 719042 676272 80412 351859 828891 202669 694293 92394 591466 105966 300755 380463 494283 430256 591248 604261 638252 534426 690480 249646 287956 468875 641033 445911 301084 382357 311723 225000 196276 399646 277875 460467 153157 483006 546715 280373 361034 254916 622469 659626 598120 643268 235741 738081 397477 233070 596881 365822 496728 581689 447771 438716 470681 494014 233805 503264 378466 246728 384276 527817 309908 544780 267062 708531 365764 564526 595757 158769 495478 600752 345922
482862 1082356 706920 523212 958346 917868 637717 759352 652963 138274 761989 502057 515344 815427 419096 739641 183969 140949 1029564 403720 154729 746439 771114 957276 1110061 949626 742557 637820 719042 999999999 171019 786561 915817 170484 921430 629051 782173 191487 632771 668753 744359 801507 915035 856142 416499 453997 509129 251885 590496 1003945 783487 599200 368740 547642 744140 444066 539592 757984 494319 517310 797307 622127 320503 533125 795929 1079744 820101 730406 163267 514792 156141 929087 766389 507236 493962 309021 958946 868715 254499 274955 509551 402702 379308 858432 685797 618126 492322 376771 909145 821002 792244 463273 726220 444087 466737 461147 583722 448672 235536 1053581
325410 1024604 600588 493530 928623 927200 751080 706003 770455 109626 735258 592745 462883 863703 545723 642101 41820 292982 973685 485906 113012 609155 868274 901345 1087703 807581 766324 509348 676272 171019 999999999 751914 811636 161107 876464 751215 722693 299059 577345 700298 620242 865081 948621 706108 535026 578726 605625 82536 497833 963793 843662 713540 432279 446277 789285 458107 466890 758734 553006 535791 662325 612860 207448 376612 693940 1033263 725484 828476 20057 626338 289178 904017 882623 383419 477957 148968 858194 733061 365632 287063 374909 270861 463996 853203 538872 492532 486983 295766 772027 840846 867603 409217 841369 342761 307449 297236 567620 304196 88743 987785
632549 312127 347699 263903 176872 266325 658600 92550 686355 847910 41285 532212 290312 396349 669085 301901 710347 744080 259322 520025 857404 521157 626373 194348 337750 630740 260767 464446 80412 786561 751914 999999999 376331 902459 140195 702522 116116 648819 186360 293533 441810 466078 375238 649354 636320 666084 554611 768707 327860 217526 442195 650923 491225 380511 358502 362735 305314 159246 426551 314849 518380 184430 561539 625369 327228 295550 292691 613479 734839 617919 701407 155569 731173 477163 293852 676305 379832 547173 632657 512667 518112 551001 533847 165307 573742 452787 301492 462212 574777 262416 521599 343237 705033 446001 644573 675889 208338 575765 678142 303759
549472 350877 211166 476607 436536 622779 1000265 297764 1028952 921101 412558 846397 437381 772477 954830 177467 772850 930299 328612 797974 924271 281214 991905 294258 556741 281661 633920 321667 351859 915817 811636 376331 999999999 972317 342094 1039037 265165 846105 349509 652574 218121 840535 744980 347527 922521 962286 870734 788862 326144 400805 815947 985034 746263 369039 730503 612274 389416 534348 732658 605980 241761 497786 606554 513434 119917 408917 107106 974255 801416 933527 891224 449878 1089489 431289 522696 682206 50135 224934 858229 685610 450714 543902 802762 527954 371293 331049 548520 539233 234328 637972 893839 476227 1059175 473762 568834 598743 485730 528185 723177 289772
468379 1182125 761387 640262 1078314 1060689 808093 861609 823038 54628 883032 670744 616521 974640 588750 803205 201500 308460 1130714 570006 48106 762136 941229 1058213 1235329 956420 891446 666611 828891 170484 161107 902459 972317 999999999 1030586 798627 879763 359773 732749 820580 778053 965496 1069056 849656 586893 623761 678667 198303 658719 1116846 946427 769564 529200 607382 901879 585063 625219 895431 654893 661647 815991 752870 368438 519060 854890 1188219 886591 900546 173607 685275 326622 1052010 936426 542853 619178 298434 1019078 885950 424307 409867 531546 429869 545910 993113 686800 650728 623754 453820 923948 968523 959130 562621 896398 503736 448881 432064 710020 457896 249162 1146702
722079 172813 394340 398422 95251 291705 778480 172202 805333 975960 175593 664350 414119 477422 805315 339145 834661 883368 120973 658457 984579 555461 727963 68474 241280 620586 362054 526285 202669 921430 876464 140195 342094 1030586 999999999 824322 164460 788273 299449 412143 474496 554140 421926 665099 772753 800580 685892 886244 415837 89526 533279 774515 631242 472691 457183 502798 415111 263669 562213 454223 538877 324109 678821 706614 340258 158377 294189 720578 860273 748456 840712 109315 838669 568463 431610 788849 326946 549889 772845 649098 606260 656318 672953 210551 624357 520040 440919 582093 568956 335470 614366 468011 816345 554036 736518 768566 348096 672201 798640 173574
924119 989705 899908 581389 794083 622684 49162 752070 34409 765652 661285 203772 643360 411346 209955 890974 732411 490457 942374 295403 782104 1040027 193573 889540 879574 1222759 468882 929799 694293 629051 751215 702522 1039037 798627 824322 999999999 786553 452810 694597 412224 988254 343241 530558 1183074 216273 175115 180159 826421 788309 865071 346503 54346 363194 792103 387043 457512 707566 561238 313339 437671 1069561 542591 728504 957224 944232 945477 934429 162125 733009 131402 474124 756882 139639 834549 538470 814739 1058593 1128271 385782 518510 867383 800174 308684 638609 1032956 907118 508275 680164 1167115 523467 291102 635127 102853 745689 919429 934454 554138 858976 752688 997806
557744 302432 241479 270352 244766 379676 745298 34484 773707 825303 148551 602889 266994 508689 727165 191032 680920 760407 251022 572046 832890 411953 728003 178656 402935 514625 368876 367749 92394 782173 722693 116116 265165 879763 164460 786553 999999999 667609 149405 389391 331408 575567 491336 535881 694212 729155 626574 727296 251401 253727 550862 733359 531503 308354 465338 395687 256494 270198 491249 368098 405296 245432 520849 543284 211533 313544 176750 711747 707442 690248 718322 238624 828062 404004 311768 627834 275208 431520 662986 517245 441907 493413 581767 279373 471639 359502 329661 426936 458703 377693 628681 319961 799249 392573 572080 604120 247074 507859 642008 271597
526928 956870 650102 397387 811593 745760 455395 639819 473320 319410 618540 311000 413296 627990 246747 669640 283780 95543 903506 212586 335505 732884 582413 833095 955095 936233 565756 617006 591466 191487 299059 648819 846105 359773 788273 452810 667609 999999999 522743 489600 710038 610901 731678 861666 236559 279676 319145 376572 525570 864620 593480 417299 184636 497919 558267 287675 456695 594293 307601 351561 777357 470968 328899 570567 728501 944223 742375 541839 281409 330781 53023 779399 586260 492246 358397 382945 883392 846847 67200 160797 510232 414907 188075 696215 692955 594546 347377 331539 888279 644819 600761 370073 545295 408814 516474 522876 440501 472610 312704 936439
448454 450882 218510 130317 360081 428492 658343 128860 687113 678176 185613 498273 117679 492538 606133 197974 535527 614206 398734 449202 686292 385435 669938 326166 522130 539577 348451 303482 105966 632771 577345 186360 349509 732749 299449 694597 149405 522743 999999999 337764 315668 545012 511350 526256 573641 612871 522716 587477 151562 387668 518678 640298 400398 198506 432552 264641 119119 273286 384507 257914 398929 168481 379881 444905 249660 455926 242738 646649 561438 585008 572508 341664 757280 293733 175649 492149 376846 446726 523214 369374 335569 364753 455171 331368 417847 287326 199689 282645 482520 387576 588237 171015 723896 259945 459667 490676 141891 390038 499231 420888
715441 579017 556215 276188 388196 260971 366804 355618 394070 770139 252355 265760 346533 173619 417981 530666 664064 580035 530750 297847 783683 721407 339443 477390 498112 874847 77800 629559 300755 668753 700298 293533 652574 820580 412143 412224 389391 489600 337764 999999999 653392 209940 248870 863451 387799 405587 284095 746914 473195 457156 183491 362495 305077 501732 101677 243067 404391 150033 189922 166162 736689 169540 566550 729360 575225 539024 554506 322378 680456 343532 540369 351049 439106 579046 257032 683552 664555 783124 447345 414383 620541 600451 319641 238648 743724 610184 233430 476198 817609 156296 250475 371810 411768 507359 719710 745502 206685 647725 653193 585589
334958 540907 98114 407898 566511 708127 956797 349306 985290 729493 464014 785492 345219 805401 864879 140437 584342 783316 506162 713771 730626 81135 982532 451314 713112 235536 660718 111687 380463 744359 620242 441810 218121 778053 474496 988254 331408 710038 315668 653392 999999999 860370 810669 211651 834835 879633 809753 586994 200824 554094 834093 934198 652076 212954 747722 532769 281749 575631 675164 554416 83448 483942 424600 296326 138065 585881 186774 957185 612752 868165 748319 566713 1064269 238361 449825 481300 268223 141407 736575 552066 246748 349511 712064 607076 158423 127788 480167 380749 181990 690055 903844 362266 1028857 305168 354818 383629 452411 322547 531768 484087
918439 700575 762616 484319 498710 298526 294850 543963 312547 919426 428210 311704 555180 79389 452872 733436 832843 688180 660297 398428 934390 929999 184489 622612 553053 1077230 206716 839458 494283 801507 865081 466078 840535 965496 554140 343241 575567 610901 545012 209940 860370 999999999 189110 1071266 432577 426367 314804 921575 683053 570967 26463 313370 436956 711324 112805 426639 614049 306856 312579 357685 943351 378201 757211 935193 774165 644824 748639 192337 845030 347532 654710 463671 301693 786574 460627 870171 845910 986963 553650 580099 827557 800047 423010 345712 953661 820124 434021 673325 1020031 219467 62755 576745 291439 711638 921327 945634 416625 850185 830595 722575
937615 544445 713618 496867 347326 132867 481685 465947 500750 1018874 347450 463998 561013 121279 615860 673183 911883 818572 511364 527917 1032490 887476 370145 488212 371212 1005947 184855 814598 430256 915035 948621 375238 744980 1069056 421926 530558 491336 731678 511350 248870 810669 189110 999999999 1021019 590954 593870 473717 993045 661992 416213 184171 496822 547628 702735 175996 490630 608300 238151 424578 413029 890033 369274 806057 944300 702265 481424 667602 381278 928841 517989 780703 317440 487299 790910 490070 924691 740213 922027 683541 663185 833482 830189 551719 217245 928546 798672 471640 711191 950014 124098 248732 597464 479852 730548 944491 972470 417089 871969 898867 576422
381869 698318 309760 609162 759728 915244 1154506 556937 1182642 808828 673738 979320 542062 1016998 1043841 348002 678089 922123 673570 899100 805735 143997 1188980 630293 895789 122669 872326 254402 591248 856142 706108 649354 347527 849656 665099 1183074 535881 861666 526256 863451 211651 1071266 1021019 999999999 1015628 1062154 1003143 651369 398355 736819 1044934 1129616 834134 391326 958751 725582 477473 786921 872281 755998 131059 693916 543332 330824 327267 754369 371205 1162177 704301 1058857 892343 764507 1266519 369779 648139 557222 388402 122897 898725 713043 353124 456571 894190 814486 170981 277455 678843 533023 127621 901113 1113679 548396 1229958 456589 400985 418338 660257 407473 624033 637298
725331 945317 755642 446181 767729 643620 221220 661053 237357 551536 597794 127291 494794 473032 32974 758158 516977 281563 893684 124553 567919 876140 360147 830668 885866 1069996 463184 761518 604261 416499 535026 636320 922521 586893 772753 216273 694212 236559 573641 387799 834835 432577 590954 1015628 999999999 48140 118332 610800 634953 832524 422194 182712 182777 626877 417420 310638 554985 528878 210665 326389 912144 454514 526077 762429 815424 915176 815436 319596 516923 99700 260472 731414 350682 653138 400099 604079 950306 976223 169510 317731 681491 603511 122801 624991 856230 738393 374065 491661 1016739 536899 405262 472612 310108 563531 718658 730957 447237 662960 539446 940008
773458 972544 799100 486957 790595 655723 187307 695580 199635 590545 626732 139827 537995 473863 35133 799988 561972 315981 921529 166430 607000 922191 334563 860162 902743 1114994 478551 807899 638252 453997 578726 666084 962286 623761 800580 175115 729155 279676 612871 405587 879633 426367 593870 1062154 48140 999999999 123134 655509 679339 856975 418790 149151 228281 672717 423947 352071 599018 550864 239792 361207 957519 486743 574142 810557 856807 939566 855316 294822 560947 79335 299033 753871 312820 700585 441024 651156 988837 1021039 213338 365869 729261 651646 168112 644178 903467 784790 413998 539447 1061398 549354 392795 517686 273253 610944 766739 778905 482978 711093 585785 969736
749478 856717 722915 404595 671105 532594 158135 592370 184062 638323 514320 24498 464552 355066 142174 716777 581310 383222 806518 123775 654305 860275 263782 747427 780131 1044749 355886 749701 534426 509129 605625 554611 870734 678667 685892 180159 626574 319145 522716 284095 809753 314804 473717 1003143 118332 123134 999999999 675178 609351 738639 303918 127727 189262 612043 301770 277782 528464 431396 138213 264905 890584 381292 557310 780697 771427 821032 764779 223468 586319 63711 354880 634152 286379 655092 360623 651114 893514 950253 254641 349325 688599 625104 142796 522680 852881 726997 330902 502784 989477 426224 290858 455021 245338 566563 745900 762641 385344 683317 594397 857001
270165 1026127 580045 519343 945332 961772 824018 714170 844377 160171 756172 660832 478644 914623 623138 626303 94176 375352 976699 553331 155070 566133 935870 905144 1106393 758510 808877 475327 690480 251885 82536 768707 788862 198303 886244 826421 727296 376572 587477 746914 586994 921575 993045 651369 610800 655509 675178 999999999 489101 974975 899138 786960 495732 433928 839837 503964 471395 791770 611993 580844 620292 644365 207609 320766 674323 1040551 709925 896593 96638 699664 370191 923252 955701 357716 510630 106657 836997 689620 442190 341749 340623 246182 532545 882250 488953 461197 523940 306512 727066 880824 928163 426778 914327 336236 250595 234259 597261 264524 94474 985365
307368 540086 124867 210807 491367 579529 757872 248677 786226 605704 334149 585162 144960 636429 665373 149189 457251 606415 492580 513250 610717 254358 791491 422896 652229 436337 494182 156473 249646 590496 497833 327860 326144 658719 415837 788309 251401 525570 151562 473195 200824 683053 661992 398355 634953 679339 609351 489101 999999999 505121 656591 734393 452370 57393 572244 332040 80960 424276 475732 357672 281266 305931 290400 297532 206353 561768 230210 764055 485388 667429 568400 478717 868258 152718 250575 385347 368463 342048 545012 364917 191722 246728 512156 481407 271016 138008 281186 213753 382145 537984 721145 163509 831935 155141 321063 353012 266742 256568 411578 496855
810942 129735 478467 480906 72416 283569 817717 261402 843409 1062225 246145 718404 500971 491907 864553 422367 922026 960072 96754 722940 1071163 634433 751541 106986 159440 682434 396327 611949 287956 1003945 963793 217526 400805 1116846 89526 865071 253727 864620 387668 457156 554094 570967 416213 736819 832524 856975 738639 974975 505121 999999999 552942 817592 701236 562066 485060 577326 504159 307571 622265 522667 613858 395038 767443 794595 417332 82654 369564 748855 947343 799722 917409 108828 865810 657662 511313 878064 376558 618322 845238 730193 695173 745821 739122 228645 706965 606669 517914 670180 633573 352945 633137 554768 847105 643395 825566 857642 424554 761577 886836 162300
892868 682311 736374 458087 480558 284988 297563 519031 317139 899797 403924 298956 528908 65990 443919 707479 810945 672531 641074 381477 914624 903603 199162 601710 541258 1051376 182040 812997 468875 783487 843662 442195 815947 946427 533279 346503 550862 593480 518678 183491 834093 26463 184171 1044934 422194 418790 303918 899138 656591 552942 999999999 313082 417351 684945 86816 402392 587657 282965 292194 332564 917106 351765 732901 909296 748547 627994 723429 202146 823605 340724 638238 445035 315297 760459 434794 846383 821953 960965 537522 558001 801507 774815 406076 326212 927207 793672 408411 648280 994165 200223 81088 550860 301953 685870 895912 920394 390176 824657 807765 702793
875404 941159 845649 527159 747121 581929 38547 698883 58139 734085 609752 150741 589434 376050 183944 836630 692788 463305 893220 246754 750443 986431 188858 839182 837831 1168596 422259 876598 641033 599200 713540 650923 985034 769564 774515 54346 733359 417299 640298 362495 934198 313370 496822 1129616 182712 149151 127727 786960 734393 817592 313082 999999999 314140 738852 344800 404048 653713 512193 259142 383325 1015617 488997 681275 907515 889922 898546 880296 150977 694907 87298 443183 709868 169121 782817 484380 770691 1004920 1074115 350132 471776 816219 751192 261916 592506 980404 853977 454130 629888 1112905 480435 267302 581993 128010 694247 871259 887094 499948 809714 710549 947812
561279 803287 573737 270465 643206 562609 346907 500042 371817 482508 456655 170487 313606 446756 213013 578457 403412 275502 750307 67836 497435 693921 441636 682864 779801 887220 381577 579791 445911 368740 432279 491225 746263 529200 631242 363194 531503 184636 400398 305077 652076 436956 547628 834134 182777 228281 189262 495732 452370 701236 417351 314140 999999999 444438 375479 136375 372701 416481 125846 178693 729432 307269 368051 594045 636360 782765 639256 403208 412376 232431 235352 609231 475575 475251 224759 463723 776594 793456 146532 160879 506105 437134 60173 518295 676943 556702 202477 317519 833999 460651 435613 289837 434591 385685 557172 573481 287433 495819 410531 790227
252319 597177 159287 228944 546830 626402 764592 304313 792511 554988 383820 588334 158081 669439 656062 195961 406341 573920 549878 508445 559290 249631 808992 480282 708120 444958 529751 137779 301084 547642 446277 380511 369039 607382 472691 792103 308354 497919 198506 501732 212954 711324 702735 391326 626877 672717 612043 433928 57393 562066 684945 738852 444438 999999999 602475 334920 97364 466665 482900 372102 286018 339089 239206 246400 249601 619151 279214 779517 434734 667535 537664 533047 879698 96908 262220 329370 413823 352567 523640 339230 137637 190046 504610 529850 246275 115363 292685 173019 393787 578685 745770 157089 842142 104834 265218 296991 295826 199512 358980 553290
816863 612989 649910 377796 412897 237385 338298 433146 362177 853072 319414 290132 447979 74812 443668 620677 754506 643658 569153 352279 867253 817782 270963 525213 493082 964560 97830 728717 382357 744140 789285 358502 730503 901879 457183 387043 465338 558267 432552 101677 747722 112805 175996 958751 417420 423947 301770 839837 572244 485060 86816 344800 375479 602475 999999999 336869 505113 199938 250670 262413 830645 266583 664701 831034 661815 563219 637087 264301 769291 351064 606420 376243 382022 680653 358231 780591 737670 874181 508367 502224 722193 701173 376246 256421 843172 709761 333766 576148 907349 136504 163420 473361 362058 608887 820911 846428 306784 749043 746900 629053
499879 673346 448429 135674 523981 475967 429775 364708 457618 533019 331181 253811 187841 411649 342716 447923 421274 383218 620085 186191 545771 582537 486208 551185 669578 768141 308439 472698 311723 444066 458107 362735 612274 585063 502798 457512 395687 287675 264641 243067 532769 426639 490630 725582 310638 352071 277782 503964 332040 577326 402392 404048 136375 334920 336869 999999999 251080 313918 149251 77689 613079 183328 330573 523265 504900 657467 505169 453214 438392 335398 340631 492096 547296 385730 89579 444463 641350 673717 270586 175241 422632 377803 190639 414571 578163 450179 66154 250124 713379 384134 444746 178504 508840 300683 500484 522763 155033 431515 410477 657318
