NAME : synthetic_000770
TYPE : CTSP-D
DIMENSION : 100
GROUPS : 8
RELAXATION_LEVEL : 1
EDGE_WEIGHT_TYPE : EXPLICIT
EDGE_WEIGHT_FORMAT : FULL_MATRIX
EDGE_WEIGHT_SECTION
999999999 897994 676370 589325 204345 290874 102449 340980 739185 427964 242421 744990 650650 583170 489569 377782 855407 787608 778014 675042 628282 251502 1069099 503611 645147 910751 461900 878880 478651 419896 171457 256289 515958 759789 955507 665762 884457 161436 96482 738903 321962 70132 677668 873396 1040140 460490 463282 315792 136969 654254 553349 444810 825693 881579 469082 921036 579959 650336 447823 914074 550271 787955 675785 721030 149594 785275 415285 555982 824724 635673 559423 230891 129242 610777 965734 635522 904317 136777 642344 141266 369727 895780 909124 458773 424834 700934 450404 414852 727484 676854 72453 798937 818933 689052 367792 291428 606084 901697 915804 907179
897994 999999999 237665 918308 711287 607343 855942 876012 503332 547202 913884 853178 982674 518426 887491 532734 970911 678510 566959 255393 966636 1126280 261402 942042 419346 928832 766709 220668 467790 623702 730894 693805 921760 192146 456636 461021 466697 1023150 832246 708919 706116 967749 259178 878876 232901 576730 825714 616749 834658 501005 346396 512380 114691 32835 854828 488732 501515 259223 621487 818557 400010 877569 461035 185116 1036959 932051 836710 373366 388086 594234 361779 667160 1018637 464694 234423 586731 370326 798421 832678 768583 622715 1027739 99605 442176 773753 686006 460132 490129 882138 375500 870744 960383 668534 586215 759821 648206 412803 773763 704818 214403
676370 237665 999999999 698990 504000 390626 646875 639095 345195 309769 676628 663792 767352 433373 658842 301827 791281 518463 417363 182132 749471 895417 400414 712998 362222 767307 537427 228686 312134 388342 515995 458808 694459 211514 414706 416659 383414 792377 620286 531825 535500 744997 192558 715457 370056 440883 596009 425721 630406 450064 128529 353040 149408 232679 625143 418316 413859 141709 485505 675154 163977 694682 421959 53683 809661 742784 603275 230820 290734 531179 124604 446932 792109 256483 308206 389161 328516 567969 625705 555719 385084 849164 232755 241834 541244 500985 228205 291898 686660 189885 657678 770733 519617 545255 523790 413286 329633 634222 582209 251525
589325 918308 698990 999999999 637473 584782 666493 249034 463948 430486 357471 202412 74979 936491 99757 527694 275450 365413 440956 833034 52971 595249 941543 103238 934753 351551 182084 762922 766574 342930 598072 430252 79315 896262 677456 981992 601850 540512 639891 300363 791632 606488 842003 330198 923842 846962 141293 692337 687707 994762 657042 767192 805675 922850 124444 621640 922155 787333 865619 407030 542897 235257 991546 750796 591687 208854 179094 774980 607467 1029252 597565 562017 591338 453781 833953 343572 684925 480021 120137 617192 385612 308860 865672 663900 202358 289812 558408 663572 166909 545881 645525 215827 401283 1071662 258375 445569 886792 418442 475580 790340
204345 711287 504000 637473 999999999 119118 144670 416861 644997 326020 360371 747810 708967 385518 543765 232905 873809 736169 698253 477056 685578 455050 904024 575972 441609 908658 470831 722057 274788 360990 45239 211038 578438 561424 837285 464776 774018 359659 122165 700854 157203 272691 478801 864043 873875 265119 496850 111511 126523 456363 375977 240487 650482 692087 513706 812370 380372 456608 261825 883072 407147 791336 474936 542834 353872 804605 460359 355600 700734 449382 399702 87984 333567 503448 806943 568326 773106 183536 653634 63103 300911 922566 733867 269380 440301 659978 294120 221243 741507 547392 160975 824057 761658 501211 380801 213190 401865 861142 856495 748535
290874 607343 390626 584782 119118 999999999 257141 395963 531807 218784 371753 668444 659033 366848 499383 115428 798952 634708 588268 388325 635941 528396 789061 540019 395924 823898 406839 604735 215684 271219 125376 162288 536671 472849 718990 431144 656834 426744 229785 605056 225441 360845 391960 776891 759232 264205 444229 109119 244088 433088 264504 198091 538927 590704 465982 695312 356097 360676 280840 786949 288063 711198 441417 432571 433483 731659 417171 274803 582183 450842 281826 61436 414352 388835 690188 464623 654050 210300 581159 165222 212884 850820 622528 168786 382450 563952 175162 129034 667598 428767 267052 753480 657809 497444 328133 139214 350313 761782 750878 631635
102449 855942 646875 666493 144670 257141 999999999 422770 758236 438085 334292 807429 731777 496759 567373 363262 924526 827714 804665 619712 708872 340714 1046078 587498 567131 972508 522608 861571 411966 450506 133524 283636 596895 703652 962858 582409 895846 259914 31676 784511 226835 152740 620973 932058 1016159 373954 533350 247339 35615 567403 519430 373507 794191 836585 543227 933592 495592 600723 356005 964077 540021 850974 592159 686839 237883 854239 488424 497267 828102 541597 538579 207240 217707 621605 947230 666745 903793 188370 706962 92748 393839 968141 877686 414031 487157 744882 430596 365848 794012 676024 30334 870088 856627 595302 427336 306485 531605 947493 953224 888646
340980 876012 639095 249034 416861 395963 422770 999999999 532459 329677 112291 421203 309957 762736 149576 382159 520077 513941 543694 726463 287418 374240 967797 164802 783706 584681 166999 773966 604437 254215 373474 234432 175067 802888 764795 823559 686872 302105 398163 453924 574062 358144 733514 553252 944037 657315 138477 493485 446884 828160 555789 593054 774463 871599 134470 716997 751558 685749 667030 610134 476020 462083 833715 692584 350905 450801 88274 639308 657930 845406 517639 356039 347942 451615 856955 404594 742299 242226 317916 384824 256471 557239 849075 521259 134567 423515 438951 504169 397243 543832 399936 461956 549678 893031 118671 268533 736257 607670 641787 803605
739185 503332 345195 463948 644997 531807 758236 532459 999999999 320885 619946 354716 514321 742832 471336 417324 467769 177119 72495 524770 503438 885297 478848 522252 691552 428698 372220 311291 585328 321625 631588 483178 495628 554071 232342 746458 154580 792805 726695 206881 746331 793997 535262 377702 462854 710039 423381 621193 757848 775064 391557 612800 389869 517806 448217 186749 723822 480643 748190 330107 274137 375568 753237 381043 829173 432259 457875 535901 143949 844877 320105 559845 817584 143860 373565 129966 221677 603362 356197 670163 369538 524439 429080 476603 398994 189784 378392 511421 387854 156443 754947 460460 174556 868758 423192 452733 651557 289068 242887 335887
427964 547202 309769 430486 326020 218784 438085 329677 320885 999999999 371426 468839 504625 517275 368657 115137 602435 416211 372235 408986 483425 610410 663613 420284 505669 615911 251162 468518 345142 88607 310734 174908 406495 479867 528107 554511 458740 509893 406688 389397 442717 488687 417223 567027 637000 445776 305313 320241 436968 570368 233083 354809 449035 542029 333374 496125 501262 365145 474786 570265 148474 509762 563785 363108 537212 538985 301951 344599 396799 615261 188082 239578 522544 184099 555074 245898 477071 297165 394157 349313 76405 657344 526981 236439 244348 348448 127958 245807 475299 251272 436378 563492 439026 652886 216597 136549 457976 543722 532355 498022
242421 913884 676628 357471 360371 371753 334292 112291 619946 371426 999999999 533486 413077 732428 259425 391500 630881 618812 639091 737752 391493 268967 1031024 264702 767677 696892 270819 835685 587353 314343 315143 227277 280363 818664 851188 801873 774224 190374 314073 560751 514003 249733 743543 665496 1005468 618506 249953 453895 362813 801081 577332 568115 819684 905627 246686 806468 723704 701126 620908 721048 519423 574354 812175 728768 238650 562014 199340 637511 736094 806191 552155 319759 235765 522194 921063 496313 820381 176879 430154 315717 295114 666331 898337 521154 234798 528310 458678 494162 509311 609109 308181 572221 653864 856553 197172 271198 721907 717115 747653 865395
744990 853178 663792 202412 747810 668444 807429 421203 354716 468839 533486 999999999 206895 983840 281158 582353 134031 202270 305678 825753 209259 787418 823151 303405 960786 165762 284881 665719 812081 397903 715129 537969 276401 874021 529059 1012792 460861 722936 777893 149560 891034 774093 835771 132318 810620 914013 284978 776982 822544 1032810 659926 823629 738589 864621 287135 471306 967080 779018 941015 204886 532784 43685 1021384 709611 772103 79263 335345 796559 492952 1083148 590066 663098 768897 407956 723149 274661 558078 619804 103587 742394 455566 190495 783271 700496 320968 167178 588034 714504 42371 482351 791177 107511 232171 1118845 380194 536936 914731 220029 286656 689547
650650 982674 767352 74979 708967 659033 731777 309957 514321 504625 413077 206895 999999999 1011468 165901 602637 240790 395386 482984 905272 23388 634262 993155 148475 1009364 329879 257040 819540 841531 417414 668783 503289 134973 967076 717341 1056783 643984 588840 706116 332792 863939 662729 914363 319405 976916 921585 214895 766257 754399 1069698 729663 842134 869200 988487 195373 660359 997132 859344 939821 407302 613562 228024 1066315 818529 640842 184135 248764 849216 658234 1104141 668880 634974 642347 518186 887328 400828 732573 547191 158291 686374 460588 262381 926302 738595 276835 330724 632583 738542 165119 608196 709634 181233 429353 1146628 331758 519837 961432 426472 492821 846197
583170 518426 433373 936491 385518 366848 496759 762736 742832 517275 732428 983840 1011468 999999999 858441 409753 1117847 894732 813469 275504 989021 833982 771935 902442 102894 1122305 754558 645857 172136 598386 428148 528547 896474 326414 848045 89709 812814 742960 489075 885865 275426 646495 268192 1071474 741375 122955 799577 279825 463234 71095 351362 170691 522858 487964 823850 849093 19531 298583 146957 1056180 473120 1023446 98326 433352 731082 1055743 778439 208351 721015 102185 422937 412989 710598 612031 709398 732197 761591 559347 911324 445507 550978 1173535 588742 283497 736254 847086 396024 273530 992297 592653 523650 1080585 906713 135718 687253 499380 108649 1021338 985445 661352
489569 887491 658842 99757 543765 499383 567373 149576 471336 368657 259425 281158 165901 858441 999999999 454341 371478 408487 463533 777389 142605 506338 938327 54618 864322 440591 121425 751626 691226 280255 503160 340517 38333 845987 697512 909307 619751 445388 541140 344004 699372 507548 785757 413191 917988 763338 63566 605003 589199 919376 601064 687978 778010 888620 35422 644495 845075 733005 779292 479609 496951 319594 919115 712037 495865 302864 83530 708556 610285 948272 548132 471634 494534 430219 828395 342587 691991 381702 181441 520475 312526 407684 844424 593841 125159 322354 494239 588062 252628 525273 546065 312835 445204 992558 171607 361003 816228 483758 529853 780293
377782 532734 301827 527694 232905 115428 363262 382159 417324 115137 391500 582353 602637 409753 454341 999999999 715488 528349 475543 347325 580456 594151 691323 501871 410035 730949 345611 501947 238925 189050 229873 164752 492668 427290 604389 455250 541522 491026 333658 503996 331931 445172 353658 682152 662369 331662 393331 207667 354659 467072 188154 243090 450976 520830 419127 579970 394862 309673 359764 684200 176762 623753 464982 349873 507908 650901 378267 257955 467962 505313 181816 156034 490512 273909 588555 357759 541453 266349 503715 270623 142439 769736 533830 140613 329933 463148 73634 136234 586910 314749 368391 674713 549351 545368 286740 120314 361948 656457 640721 529925
855407 970911 791281 275450 873809 798952 924526 520077 467769 602435 630881 134031 240790 1117847 371478 715488 999999999 296946 408737 956718 255352 869532 917539 376807 1094411 99928 404565 773863 946050 529633 839288 662929 354697 1002392 610184 1146573 550607 815794 895941 262498 1019920 878055 966829 117813 908165 1047105 392368 907838 941932 1166784 792721 957239 857003 984413 387130 553330 1101105 910066 1073427 215924 665131 96981 1155120 835380 866772 70301 440213 930194 597457 1217067 722274 790586 865903 537203 823546 403739 653442 736156 220210 864455 586254 57894 895650 834523 438268 290349 722065 848201 132302 606195 906321 60249 316532 1252874 498647 665229 1048489 252805 335296 795584
787608 678510 518463 365413 736169 634708 827714 513941 177119 416211 618812 202270 395386 894732 408487 528349 296946 999999999 112259 694786 391130 887011 624055 449296 852973 251585 348200 477156 729399 378246 713351 544101 420540 729005 326844 907374 259226 806108 796258 65337 858883 831626 705228 200741 613135 847046 380885 735741 834534 933285 548074 750884 565888 694060 397385 269110 876344 649457 881234 161537 422034 211403 914814 556866 849691 272413 427386 692372 300527 996773 475112 648197 841897 283209 527384 170604 358883 651964 245402 747895 437148 351990 599991 616921 384046 90538 508630 643741 242246 328605 818255 299425 36717 1025062 429402 526257 810485 128480 129402 498646
778014 566959 417363 440956 698253 588268 804665 543694 72495 372235 639091 305678 482984 813469 463533 475543 408737 112259 999999999 597230 474962 907369 517587 511021 763627 361968 378000 365128 654054 358176 681574 524407 483114 625523 236583 818499 161220 818847 772995 156434 806834 829179 607723 311933 504984 777299 422981 681850 806764 846773 462532 680115 454952 583202 444936 181579 794557 553138 814509 258602 342500 320589 825354 452139 858155 380112 463077 607132 189032 915599 390532 611607 847935 207050 417902 144447 252845 641293 325707 718990 411479 464135 487734 544069 409172 152372 442430 576850 342579 228932 799196 407788 103488 940234 442389 498202 723290 216895 172107 387085
675042 255393 182132 833034 477056 388325 619712 726463 524770 408986 737752 825753 905272 275504 777389 347325 956718 694786 597230 999999999 885389 916703 498928 829267 188506 940330 658355 372923 215768 497148 503800 510481 815024 84754 587382 240727 562892 815008 599197 702295 453093 745087 10494 888365 468068 321509 713907 373829 594923 277171 176480 259873 247394 228966 742197 596524 256944 46768 366456 853577 295105 859739 244743 165049 820856 903574 710073 123277 470243 364876 238066 449736 801381 420215 433950 553195 498234 595115 775449 538052 473208 1014489 314939 220874 653333 668564 287937 260525 844329 368362 638000 930892 698392 371327 621800 467224 166854 813618 763796 386839
628282 966636 749471 52971 685578 635941 708872 287418 503438 483425 391493 209259 23388 989021 142605 580456 255352 391130 474962 885389 999999999 616318 982175 127406 987711 341186 234865 806594 819296 395901 645407 479974 112352 947997 710377 1034895 636169 568817 683095 327473 840563 641219 894408 327448 965383 898649 191737 743066 731332 1047527 709536 819542 853494 971894 171994 653735 974774 839592 916700 412405 594511 234273 1044458 800953 620689 195180 225388 827939 647374 1081441 649496 611644 621821 501950 875646 387241 722900 524045 149255 663076 438273 280359 911810 716842 253901 322612 611356 716248 168685 592883 686878 195234 425827 1124103 308510 496763 939744 429267 492933 833555
251502 1126280 895417 595249 455050 528396 340714 374240 885297 610410 268967 787418 634262 833982 506338 594151 869532 887011 907369 916703 616318 999999999 1273100 492803 896462 945759 538817 1078497 727746 570328 418824 439978 516125 1001244 1114873 917168 1038779 103142 345011 827902 567514 188207 920196 919527 1245818 711105 511774 566537 375986 905011 780055 695376 1043878 1112858 502724 1072045 831191 888234 696084 982465 751412 825775 927168 944023 103069 804080 462308 800896 994858 882303 772663 466971 123495 778244 1165267 763935 1078406 327906 686204 392234 537990 896511 1125907 696748 503388 796473 667519 656612 758310 859208 311954 809369 922319 935994 464980 484502 856862 981579 1015462 1107860
1069099 261402 400414 941543 904024 789061 1046078 967797 478848 663613 1031024 823151 993155 771935 938327 691323 917539 624055 517587 498928 982175 1273100 999999999 991569 676030 852265 826668 195387 695483 718155 914049 833562 966573 449456 315267 720272 366960 1171510 1018766 674016 929411 1136094 505071 808506 31137 815809 883434 824829 1030520 760030 528928 739349 260424 294168 910861 368237 754092 488265 861266 727246 522458 835456 720843 367528 1194712 896262 908310 603247 334921 852755 509958 843110 1178432 516714 110898 599310 265257 951298 834967 954242 738249 969515 184092 641190 844856 665502 619146 691379 860075 424058 1055569 923451 601152 846915 849517 789890 664047 682025 600863 165724
503611 942042 712998 103238 575972 540019 587498 164802 522252 420284 264702 303405 148475 902442 54618 501871 376807 449296 511021 829267 127406 492803 991569 999999999 911777 454780 175640 805571 736960 332291 533854 378866 28787 898777 746301 955772 668888 441771 562955 384113 732750 514282 837497 432836 971516 804199 117035 643600 611647 964608 653165 731761 832626 943041 87968 692483 889607 785205 818126 506747 550764 337940 965672 766259 493519 311508 124158 757728 662343 990445 601433 508157 494451 484668 881835 394393 743472 406161 211290 547860 361209 406355 898969 642062 175939 366025 544700 634050 269603 579669 564329 316717 485913 1035755 215833 403294 863715 515099 566732 834148
645147 419346 362222 934753 441609 395924 567131 783706 691552 505669 767677 960786 1009364 102894 864322 410035 1094411 852973 763627 188506 987711 896462 676030 911777 999999999 1089922 753278 561192 180515 591977 480320 550701 902654 227358 774129 54985 745627 800968 555040 851250 357309 711745 179613 1038324 645832 201886 802947 330415 535682 88743 305411 203121 433380 388216 829061 780441 89742 221094 237371 1014162 433291 998333 61850 352783 794669 1035655 787940 164228 652956 177781 378241 450406 774247 570479 619394 697889 685602 601656 896662 504243 551946 1151280 494334 270997 739663 814282 378297 279668 973471 536766 591799 1061683 861212 183508 696239 515336 48095 976764 934000 574263
910751 928832 767307 351551 908658 823898 972508 584681 428698 615911 696892 165762 329879 1122305 440591 730949 99928 251585 361968 940330 341186 945759 852265 454780 1089922 999999999 450281 722472 952355 552785 877438 700263 430022 978569 539334 1143427 487162 885342 942765 238909 1048336 939315 950677 51965 845513 1061059 449931 931302 986969 1166552 784874 967976 816882 945123 450217 484303 1104728 894292 1090692 128810 656707 123054 1151442 807399 935161 146032 499996 926692 545441 1223247 712535 822782 932621 521514 764161 392052 592184 785188 268810 905836 612015 128761 847544 839469 486601 275818 727420 858734 188001 578077 956625 151381 260811 1255701 545558 696276 1045533 171834 255403 741784
461900 766709 537427 182084 470831 406839 522608 166999 372220 251162 270819 284881 257040 754558 121425 345611 404565 348200 378000 658355 234865 538817 826668 175640 753278 450281 999999999 637022 584492 162672 435094 259885 157682 725603 603630 800125 525430 459455 493227 290052 620683 495840 666933 411603 805106 666871 59035 515480 538348 812682 481876 585570 657928 767438 88121 553943 740127 613509 687238 455608 375623 328381 809718 590646 504802 334729 85755 594550 504819 847880 427261 390083 498574 313203 716082 242514 588300 334936 184949 459908 203592 451948 725806 482300 37571 257663 378478 481511 272697 408378 506349 353363 383546 889838 95312 268327 705260 448249 476862 666094
878880 220668 228686 762922 722057 604735 861571 773966 311291 468518 835685 665719 819540 645857 751626 501947 773863 477156 365128 372923 806594 1078497 195387 805571 561192 722472 637022 999999999 539656 523178 728459 639488 781630 353278 237523 612168 247456 977227 833243 516908 763785 944935 381594 674218 170189 666997 694718 651532 848345 649613 353722 581292 134117 245723 722727 268116 626735 347680 712052 606557 329465 684565 615234 213358 1001503 742629 717042 453922 177163 737747 322992 656118 985576 324557 87061 419516 149766 758303 662968 769051 542930 829144 127339 468383 653268 500949 431430 517917 699132 230373 869186 770688 462024 742878 655453 596297 537886 561165 488525 29730
478651 467790 312134 766574 274788 215684 411966 604437 585328 345142 587353 812081 841531 172136 691226 238925 946050 729399 654054 215768 819296 727746 695483 736960 180515 952355 584492 539656 999999999 426820 308926 370733 729457 296385 715869 219427 671393 629455 394709 717220 238326 547440 214872 901847 664354 130191 631199 164928 384561 228345 202073 44616 435263 443320 656278 709104 156335 210045 173850 890335 311559 851947 229502 330597 627769 883684 612813 94457 582447 271249 267366 271640 607612 448925 614844 564091 634503 423314 739223 337773 381050 1001593 513326 113037 567756 677895 225006 103218 820195 442224 433066 908471 743546 307761 521141 336743 134642 857047 826017 560525
419896 623702 388342 342930 360990 271219 450506 254215 321625 88607 314343 397903 417414 598386 280255 189050 529633 378246 358176 497148 395901 570328 718155 332291 591977 552785 162672 523178 426820 999999999 335601 167354 317995 566743 546350 639809 471759 474352 418913 339969 495629 472678 505502 506206 693328 518805 216824 379269 456343 654028 320903 432069 520529 620911 245049 506748 583115 452923 543911 522112 224371 440357 649253 442025 508559 463682 216087 432182 424571 694362 271103 273354 496416 208540 607759 216874 508316 283259 315165 369661 60123 582825 594872 321407 156548 299201 215857 324961 399542 295004 442824 486827 406293 734082 136388 148582 544078 501120 502764 552905
171457 730894 515995 598072 45239 125376 133524 373474 631588 310734 315143 715129 668783 428148 503160 229873 839288 713351 681574 503800 645407 418824 914049 533854 480320 877438 435094 728459 308926 335601 999999999 177220 537227 588523 831418 505716 765686 321057 104820 675118 201107 241361 506302 833873 884321 308824 458152 150345 126638 498739 389706 277684 664268 713236 473890 803706 422252 480116 306830 856871 406594 758773 515936 557720 319365 769690 420019 384535 696007 494038 405532 74053 299392 492445 814327 547743 770915 138335 619131 40781 276220 887005 747866 289407 403276 634548 297224 244074 707086 543451 141689 788399 740217 545632 343211 187130 439127 836707 835935 755706
256289 693805 458808 430252 211038 162288 283636 234432 483178 174908 227277 537969 503289 528547 340517 164752 662929 544101 524407 510481 479974 439978 833562 378866 550701 700263 259885 639488 370733 167354 177220 999999999 377062 591493 699912 589463 628303 337978 252157 501997 361892 314478 516321 656971 806041 425821 288969 264849 291485 593729 352161 358643 605818 683465 308321 664779 517174 474042 439355 682746 311461 581598 599650 509296 362852 593618 257359 412411 570697 613030 334689 131766 347827 355245 726454 384178 651677 122536 442723 206759 113664 711528 687068 295049 230257 461985 234378 272190 530640 426147 275474 613025 573050 659717 171926 45600 503638 664653 669716 668682
515958 921760 694459 79315 578438 536671 596895 175067 495628 406495 280363 276401 134973 896474 38333 492668 354697 420540 483114 815024 112352 516125 966573 28787 902654 430022 157682 781630 729457 317995 537227 377062 999999999 883112 718687 947605 641415 461571 571433 355345 734554 529990 823448 406632 946881 800757 101182 641801 619831 957571 638630 725959 811585 923490 73689 664643 883182 770495 816207 479089 533197 311883 957417 747494 512919 288105 119716 746828 636363 985997 584924 507742 512969 462198 857104 368434 717073 412985 182874 553219 350854 386797 876781 632170 163412 337511 532352 626308 243684 556931 574662 294945 457149 1030475 209373 398596 854560 486832 538005 810040
759789 192146 211514 896262 561424 472849 703652 802888 554071 479867 818664 874021 967076 326414 845987 427290 1002392 729005 625523 84754 947997 1001244 449456 898777 227358 978569 725603 353278 296385 566743 588523 591493 883112 999999999 582692 270911 569377 899423 683516 743334 531021 829826 82682 926763 419571 391969 782426 457154 678341 310592 247564 339595 219581 161573 811114 599891 309741 117693 435669 884056 353517 905662 271818 173735 905575 952779 781816 206439 478586 403335 298915 534278 886115 466072 400232 599434 492271 678911 831206 622618 547612 1060285 269932 304906 723280 712224 364135 345259 895574 400590 722307 980573 728574 398864 695273 547578 221943 842209 785850 361064
955507 456636 414706 677456 837285 718990 962858 764795 232342 528107 851188 529059 717341 848045 697512 604389 610184 326844 236583 587382 710377 1114873 315267 746301 774129 539334 603630 237523 715869 546350 831418 699912 718687 582692 999999999 827613 78214 1020488 931966 385458 914439 1014096 597111 497617 312458 846030 653064 792183 957713 862687 514378 752150 368380 482918 676745 57765 828525 553356 888901 412893 433268 534665 832005 422402 1054703 596666 689382 643330 137411 945659 457309 757574 1042084 344747 242097 361172 90427 822150 561264 871591 588019 659848 359120 622133 631182 388102 548164 666450 569009 290531 963346 622602 298216 957637 654938 664475 743917 368037 285975 242702
665762 461021 416659 981992 464776 431144 582409 823559 746458 554511 801873 1012792 1056783 89709 909307 455250 1146573 907374 818499 240727 1034895 917168 720272 955772 54985 1143427 800125 612168 219427 639809 505716 589463 947605 270911 827613 999999999 800063 824127 573061 904906 363872 730535 231389 1091903 690467 209113 848574 355506 549516 40080 359494 233764 482715 429112 874191 834698 86994 275227 236478 1068643 487058 1050717 10308 405645 814591 1087177 831685 216843 707362 133531 432415 482552 794103 624659 667871 751378 738772 632299 946971 526276 597648 1203268 540371 318430 785162 867680 427965 321782 1024704 591742 608558 1112997 915891 130749 739955 556157 98113 1031417 988948 624250
884457 466697 383414 601850 774018 656834 895846 686872 154580 458740 774224 460861 643984 812814 619751 541522 550607 259226 161220 562892 636169 1038779 366960 668888 745627 487162 525430 247456 671393 471759 765686 628303 641415 569377 78214 800063 999999999 945206 864676 314222 859277 941745 573044 442146 358615 800847 574902 735516 892288 833303 469438 705213 366197 489404 598689 38653 793309 524931 842458 365181 375923 470033 805275 400592 980312 531462 611184 605326 92729 912534 406785 692271 968092 274641 277461 282999 105381 750064 486915 805446 515546 602645 374683 571989 553122 313560 489835 613857 499681 233364 895052 558189 234430 928493 577658 594383 711931 319546 242818 261382
161436 1023150 792377 540512 359659 426744 259914 302105 792805 509893 190374 722936 588840 742960 445388 491026 815794 806108 818847 815008 568817 103142 1171510 441771 800968 885342 459455 977227 629455 474352 321057 337978 461571 899423 1020488 824127 945206 999999999 257864 749420 483310 112673 818704 855135 1144018 620661 440255 470555 295453 814046 676953 598687 940937 1009812 435803 979305 739008 785888 609115 911396 649398 763274 834241 840898 52352 747957 389676 700286 897993 797090 669793 365414 59333 680967 1064114 674595 981054 224764 619874 297866 438759 847972 1023077 594672 422658 715853 564420 555387 697404 759842 229729 756335 840580 850439 378250 382138 760173 906989 935346 1006498
96482 832246 620286 639891 122165 229785 31676 398163 726695 406688 314073 777893 706116 489075 541140 333658 895941 796258 772995 599197 683095 345011 1018766 562955 555040 942765 493227 833243 394709 418913 104820 252157 571433 683516 931966 573061 864676 257864 999999999 753348 225480 157504 600871 901956 988987 366152 505489 229832 48969 560065 493424 357940 768182 813575 516186 902370 486700 578554 351857 933138 510385 821482 582971 661219 242031 825683 461326 477516 797443 539394 510342 177705 221555 590334 919144 635095 873512 160287 677846 64573 362172 940131 851750 390070 458098 713641 401924 342752 765100 645610 38810 841921 825081 592843 398060 274823 517836 916279 921653 860520
738903 708919 531825 300363 700854 605056 784511 453924 206881 389397 560751 149560 332792 885865 344004 503996 262498 65337 156434 702295 327473 827902 674016 384113 851250 238909 290052 516908 717220 339969 675118 501997 355345 743334 385458 904906 314222 749420 753348 999999999 830426 779949 712596 187140 661161 829918 318906 709328 793473 928582 546058 735221 594783 722005 334134 328114 868011 656070 861814 182296 417964 168794 912839 574330 794181 225723 366525 688312 343434 987292 473646 613056 787207 282743 573592 153827 409217 604661 180540 707972 399968 319896 635953 604183 326775 41105 493089 626536 186202 344627 773334 253818 101822 1018468 375570 488449 807122 163140 188132 540354
321962 706116 535500 791632 157203 225441 226835 574062 746331 442717 514003 891034 863939 275426 699372 331931 1019920 858883 806834 453093 840563 567514 929411 732750 357309 1048336 620683 763785 238326 495629 201107 361892 734554 531021 914439 363872 859277 483310 225480 830426 999999999 379390 451337 1001790 898374 155911 650495 125140 191818 344692 411060 193741 669103 681446 668570 897908 277186 447964 130399 1012197 483359 934139 373110 562085 464589 951624 615851 332769 777266 314800 458017 230621 444323 602491 843320 688405 840597 338295 800538 199513 436350 1070392 749069 296818 592102 789325 370304 249227 887892 626165 255707 972297 880895 368480 533650 354704 329671 986420 972646 787018
70132 967749 744997 606488 272691 360845 152740 358144 793997 488687 249733 774093 662729 646495 507548 445172 878055 831626 829179 745087 641219 188207 1136094 514282 711745 939315 495840 944935 547440 472678 241361 314478 529990 829826 1014096 730535 941745 112673 157504 779949 379390 999999999 747655 904577 1107354 523548 489395 383733 188197 717445 622714 512696 894387 951524 491214 977740 644203 720466 507891 951211 615715 816266 740457 790182 85200 808534 439563 625773 885126 694190 626985 300591 64967 669608 1031909 685424 965757 191998 670607 209666 426236 915182 977723 528880 458287 743288 518239 484961 753334 739181 123750 820095 864140 747857 404786 352870 673576 941633 960671 973453
677668 259178 192558 842003 478801 391960 620973 733514 535262 417223 743543 835771 914363 268192 785757 353658 966829 705228 607723 10494 894408 920196 505071 837497 179613 950677 666933 381594 214872 505502 506302 516321 823448 82682 597111 231389 573044 818704 600871 712596 451337 747655 999999999 898713 474287 317579 722305 374566 595748 268160 185150 258637 255091 231979 750532 606584 249817 56766 362311 864051 304794 869852 235220 174715 823921 913535 718007 123805 480416 356449 247669 453315 804368 430441 441612 563357 507852 599477 785052 540113 480796 1024589 321254 225296 661558 678791 295366 263669 854194 378852 639657 940826 708873 362075 629476 473324 159621 824105 774276 395085
873396 878876 715457 330198 864043 776891 932058 553252 377702 567027 665496 132318 319405 1071474 413191 682152 117813 200741 311933 888365 327448 919527 808506 432836 1038324 51965 411603 674218 901847 506206 833873 656971 406632 926763 497617 1091903 442146 855135 901956 187140 1001790 904577 898713 999999999 800757 1011566 416347 883773 945428 1115245 733187 918063 766540 894743 419367 441604 1053815 842331 1041742 98741 605061 94942 1099880 755768 904144 138349 466888 875221 497059 1172566 660784 777614 900691 469626 718204 340547 546608 745652 235342 863233 565817 162496 798670 788891 448563 224544 677026 808904 163298 526333 917093 153023 212204 1204644 506444 651155 994054 135218 218301 694163
1040140 232901 370056 923842 873875 759232 1016159 944037 462854 637000 1005468 810620 976916 741375 917988 662369 908165 613135 504984 468068 965383 1245818 31137 971516 645832 845513 805106 170189 664354 693328 884321 806041 946881 419571 312458 690467 358615 1144018 988987 661161 898374 1107354 474287 800757 999999999 784703 862286 794091 1000346 730160 498525 708230 229338 265731 889960 363109 723471 457151 830163 721796 494683 824384 691172 336578 1166654 884720 886042 572112 319436 822753 480791 813623 1150233 493803 89924 580774 254723 923219 818966 924443 712006 960924 153152 610529 822409 650959 589949 660718 846817 400255 1025901 912150 591648 817509 825572 762140 633386 676349 596277 140485
460490 576730 440883 846962 265119 264205 373954 657315 710039 445776 618506 914013 921585 122955 763338 331662 1047105 847046 777299 321509 898649 711105 815809 804199 201886 1061059 666871 666997 130191 518805 308824 425821 800757 391969 846030 209113 800847 620661 366152 829918 155911 523548 317579 1011566 784703 999999999 707224 165029 340665 193914 331959 97240 557193 549350 729672 838700 122121 327574 45478 1006708 435993 955335 218655 455586 608174 982159 681339 213941 712344 188406 395284 302189 587693 570659 739908 678776 764628 443184 833925 323805 465770 1101140 632123 233437 644756 789695 338416 203535 918081 570462 400714 1005594 863433 238047 591857 402436 178182 975372 948631 686823
463282 825714 596009 141293 496850 444229 533350 138477 423381 305313 249953 284978 214895 799577 63566 393331 392368 380885 422981 713907 191737 511774 883434 117035 802947 449931 59035 694718 631199 216824 458152 288969 101182 782426 653064 848574 574902 440255 505489 318906 650495 489395 722305 416347 862286 707224 999999999 551366 552431 859522 537551 629500 716955 826316 29151 601818 785810 669469 724966 471663 433741 326894 858313 649307 488391 322137 50647 646206 558991 890797 484653 420734 484455 371487 773036 293465 641856 345226 181394 478893 251031 434797 784626 532150 63446 291374 431322 527981 264479 466688 514323 336887 417210 934216 117083 305084 754856 469812 507020 723668
315792 616749 425721 692337 111511 109119 247339 493485 621193 320241 453895 776982 766257 279825 605003 207667 907838 735741 681850 373829 743066 566537 824829 643600 330415 931302 515480 651532 164928 379269 150345 264849 641801 457154 792183 355506 735516 470555 229832 709328 125140 383733 374566 883773 794091 165029 551366 999999999 221187 349792 298021 129026 566451 595286 572221 774167 272823 358342 174527 890493 359742 819587 365747 458219 465355 840691 522085 250767 654816 353369 337938 137565 445031 477351 733571 565141 720364 279619 690255 174529 321602 959867 648638 183897 490227 668290 245860 133848 776609 502830 268141 862582 757016 402907 434644 247264 290354 863652 848195 676158
136969 834658 630406 687707 126523 244088 35615 446884 757848 436968 362813 822544 754399 463234 589199 354659 941932 834534 806764 594923 731332 375986 1030520 611647 535682 986969 538348 848345 384561 456343 126638 291485 619831 678341 957713 549516 892288 295453 48969 793473 191818 188197 595748 945428 1000346 340665 552431 221187 999999999 533677 502238 344853 776480 814416 563773 930328 462584 577842 321444 974134 530780 866191 559183 668631 273269 871735 508907 471944 822000 506437 525707 200160 253152 619065 933375 671078 896110 207705 723222 87796 398203 986749 859758 394053 503735 753394 419129 344931 810720 669135 65731 888403 862484 560171 443470 309515 501249 956038 958707 874935
654254 501005 450064 994762 456363 433088 567403 828160 775064 570368 801081 1032810 1069698 71095 919376 467072 1166784 933285 846773 277171 1047527 905011 760030 964608 88743 1166552 812682 649613 228345 654028 498739 593729 957571 310592 862687 40080 833303 814046 560065 928582 344692 717445 268160 1115245 730160 193914 859522 349792 533677 999999999 385391 235164 521009 469136 884493 868380 77377 309427 214855 1094763 511666 1071433 42196 441521 802088 1106251 840456 240920 740708 93452 458293 481346 781607 650126 706565 774797 774273 628944 964161 516543 609343 1223112 579757 334044 796083 890747 445557 331551 1043327 621415 594475 1131686 942959 95194 748904 562651 123510 1058299 1017874 662268
553349 346396 128529 657042 375977 264504 519430 555789 391557 233083 577332 659926 729663 351362 601064 188154 792721 548074 462532 176480 709536 780055 528928 653165 305411 784874 481876 353722 202073 320903 389706 352161 638630 247564 514378 359494 469438 676953 493424 546058 411060 622714 185150 733187 498525 331959 537551 298021 502238 385391 999999999 237856 274788 333103 565922 507069 332295 132067 374533 709481 128252 696087 367153 168074 690683 736392 534846 144763 380402 453342 72963 322639 672483 265170 435602 393047 434659 452337 603389 428940 300091 850069 358333 114693 477290 509528 118748 164248 675592 242366 531183 763146 557635 478041 447759 306958 262413 672920 634322 378139
444810 512380 353040 767192 240487 198091 373507 593054 612800 354809 568115 823629 842134 170691 687978 243090 957239 750884 680115 259873 819542 695376 739349 731761 203121 967976 585570 581292 44616 432069 277684 358643 725959 339595 752150 233764 705213 598687 357940 735221 193741 512696 258637 918063 708230 97240 629500 129026 344853 235164 237856 999999999 479005 487793 653488 743239 158562 254612 137248 910962 338772 864359 244068 373665 594358 893413 607779 139071 617510 262548 298890 248887 574045 473574 657525 583314 672255 399310 746770 303544 382298 1012006 557512 136198 566280 695269 242525 109320 829537 474005 395848 917506 766761 304717 516669 328704 161536 879090 851531 602720
825693 114691 149408 805675 650482 538927 794191 774463 389869 449035 819684 738589 869200 522858 778010 450976 857003 565888 454952 247394 853494 1043878 260424 832626 433380 816882 657928 134117 435263 520529 664268 605818 811585 219581 368380 482715 366197 940937 768182 594783 669103 894387 255091 766540 229338 557193 716955 566451 776480 521009 274788 479005 999999999 128250 745970 392398 504196 230103 602666 709101 300567 763313 485163 108268 958882 817512 730475 343724 281752 610988 271319 595941 941410 351912 186557 472254 278471 716816 718424 703672 525378 913989 83603 383766 666982 571431 377345 433827 767447 261324 805853 845844 557353 613031 656899 560494 414215 664770 598702 141985
881579 32835 232679 922850 692087 590704 836585 871599 517806 542029 905627 864621 988487 487964 888620 520830 984413 694060 583202 228966 971894 1112858 294168 943041 388216 945123 767438 245723 443320 620911 713236 683465 923490 161573 482918 429112 489404 1009812 813575 722005 681446 951524 231979 894743 265731 549350 826316 595286 814416 469136 333103 487793 128250 999999999 855465 512906 471307 236947 593838 837009 396557 890267 428955 179061 1022151 943717 835350 349170 408114 562453 354800 651094 1003573 470398 265309 595508 395408 785341 840374 750321 616776 1041544 129590 423886 772902 697638 449144 470881 892466 383993 852211 972039 685571 553806 756468 637933 383137 792533 725304 241950
469082 854828 625143 124444 513706 465982 543227 134470 448217 333374 246686 287135 195373 823850 35422 419127 387130 397385 444936 742197 171994 502724 910861 87968 829061 450217 88121 722727 656278 245049 473890 308321 73689 811114 676745 874191 598689 435803 516186 334134 668570 491214 750532 419367 889960 729672 29151 572221 563773 884493 565922 653488 745970 855465 999999999 624789 810359 697900 746299 479815 462801 327691 883982 678450 485132 317387 54867 673147 585137 914148 513537 439852 482405 399933 800592 318561 667628 356075 184291 492749 277198 426731 813399 558511 89740 309028 458831 553087 262820 495123 522990 329967 433962 958146 137854 327235 780966 480610 521740 751599
921036 488732 418316 621640 812370 695312 933592 716997 186749 496125 806468 471306 660359 849093 644495 579970 553330 269110 181579 596524 653735 1072045 368237 692483 780441 484303 553943 268116 709104 506748 803706 664779 664643 599891 57765 834698 38653 979305 902370 328114 897908 977740 606584 441604 363109 838700 601818 774167 930328 868380 507069 743239 392398 512906 624789 999999999 829574 559471 880471 359048 414559 477028 839721 433140 1015100 538998 639635 641975 128080 948449 445019 730381 1003156 312094 287134 312409 119397 786261 504777 843383 551728 603554 394082 610285 582773 331932 528488 652350 511308 271926 932501 565009 240519 963571 609512 631441 747488 313789 233168 278580
