NAME : synthetic_000064
TYPE : CTSP-D
DIMENSION : 100
GROUPS : 8
RELAXATION_LEVEL : 1
EDGE_WEIGHT_TYPE : EXPLICIT
EDGE_WEIGHT_FORMAT : FULL_MATRIX
EDGE_WEIGHT_SECTION
999999999 979683 331919 430643 976494 907981 250365 497800 578739 548492 462555 98728 883075 497565 405798 778714 489383 604487 724776 381520 495922 650619 897314 706160 897505 261339 228448 331911 550864 530673 278168 656689 777026 606128 854011 480251 888422 924265 371162 618896 118422 700494 188725 664769 466010 425320 273250 345045 464223 474704 321327 985655 1080893 479339 69460 330468 660779 236915 173344 407408 828987 650651 811678 716679 537411 707992 562589 669231 388312 509300 494573 866091 269377 716818 834364 244874 431240 938542 940727 557242 667351 366907 655236 870667 653623 338716 406975 630107 627457 395671 966153 821866 801802 930821 403164 27141 961323 841646 859612 247248
979683 999999999 800990 815771 18100 112553 1125392 743225 687970 607107 529700 904496 344676 771915 670623 648260 524327 594223 328892 664663 850695 481142 333169 277602 438275 912310 893032 812470 905752 873303 862517 346814 716930 636026 175185 774666 774284 392953 611018 590151 861396 344726 912987 325191 825930 956027 1162415 673033 527893 544978 718984 243275 101694 595803 910639 650155 572372 777157 862756 617199 472388 455228 719884 270886 787609 553015 562169 612382 597448 543078 763032 158991 750343 740521 298137 796772 956536 215732 402725 478755 546569 802902 955524 198795 717417 698232 803157 733291 373712 1089007 314851 283940 828507 856590 1008865 990139 24665 771190 637149 733174
331919 800990 999999999 604578 792418 705401 579479 166034 250026 603936 405023 341789 826256 644083 481155 847145 279975 656619 645606 442046 680896 644885 835624 566273 874604 118997 463312 507543 752146 721285 70642 454247 872283 679925 725401 149230 988011 882514 321348 669434 274066 467898 157833 544257 145906 667019 604615 393365 294221 258607 108074 885900 900613 513344 297407 254993 349300 359061 159996 191664 823959 629807 903413 582293 688619 741228 591933 730489 257129 509154 162896 657419 373575 828795 758538 396569 672196 832805 900851 323247 697339 38090 858611 644779 762736 415763 79652 298203 428058 692167 892879 738755 934837 1051241 670072 357651 778387 947704 914246 267740
430643 815771 604578 999999999 820663 791354 394017 728548 773168 215910 347187 337376 584104 75014 171411 375716 534913 251429 490856 201715 76345 351035 601350 557101 560026 613125 204863 102936 149294 116818 596392 610037 357902 227691 647876 730441 463416 602379 343776 262730 371201 680864 548496 506164 745962 140385 428022 235876 481891 537360 515290 719421 903946 225505 388927 384073 786888 247478 488907 518767 483904 369893 392484 556682 108054 346789 257336 288113 430943 278875 737032 767143 231081 293142 567029 213619 140766 686990 614603 595606 319825 640685 254263 796645 235776 203693 679113 843691 588539 283185 672378 566150 371309 500741 196807 416311 806513 415742 459218 337750
976494 18100 792418 820663 999999999 97578 1125683 731620 675041 613411 529332 902540 359310 778133 673381 660464 516926 602058 336083 666377 856978 489005 348206 277455 453315 904517 893943 815131 912981 880236 854610 338705 728948 644223 184848 763272 787999 408667 608924 598364 858339 333339 906546 326063 814666 960773 1162636 673437 522227 537385 711954 260690 108248 599516 907606 646492 558355 776550 857139 609943 485772 462556 732534 271849 794720 563457 568251 622076 592777 546524 751411 145217 750177 751321 310588 796947 961390 231878 418772 469633 555820 793580 964398 182946 726951 699229 793038 719379 366101 1092465 331657 295509 840530 870495 1012987 987403 15219 784154 650956 730443
907981 112553 705401 791354 97578 999999999 1071718 637198 578545 594187 476665 839459 400017 756518 634222 677532 434891 591893 329537 622022 835078 481158 392395 234406 494943 819609 843892 774185 896110 861877 769459 256348 743974 635617 205412 669229 814944 456901 547262 590515 790829 240520 826051 285419 720837 929738 1108238 622621 446568 454533 630089 329523 200078 566281 839983 577756 460917 720147 779702 527791 513968 452216 752013 235027 778067 570055 548480 622987 520382 512737 656940 49070 696002 757865 337702 744024 930930 289674 469766 382250 555025 704427 957042 86838 725574 651011 701814 621976 285103 1054029 391875 317667 854641 898339 978366 920703 88086 805465 679883 664998
250365 1125392 579479 394017 1125683 1071718 999999999 744289 821803 586572 596722 254932 956189 468690 468914 769050 690090 633770 828242 465069 427629 714970 972591 848228 945520 510651 234601 336173 451912 447815 528386 836816 745246 617737 976461 728579 841630 983506 527049 646793 322297 892407 438844 800237 716156 307605 37243 452361 652772 679852 552109 1080308 1223003 550496 285540 512709 892853 351771 419496 622107 870427 725498 779003 854532 494000 735215 617470 680209 576602 596782 742353 1035530 376009 678149 924559 328748 312726 1040266 997351 760591 703001 615481 536864 1049722 626847 428231 656115 876723 808691 198030 1044187 917989 734265 862695 254811 223514 1110562 793716 852424 422011
497800 743225 166034 728548 731620 637198 744289 999999999 90054 685399 463496 501186 838082 756610 583537 917745 275341 732199 658754 544468 804231 695595 844333 551942 901178 266796 612110 638864 877841 844657 228388 411427 953136 762724 703511 33527 1066188 899105 404222 743332 431991 398506 320981 544601 85013 808197 770106 499471 315678 256890 216144 871117 837233 595712 460256 348504 211129 493840 325130 226868 862116 674659 981454 569609 800153 802400 663556 804610 319354 577383 19818 588142 501066 918461 764476 533122 812992 817451 917482 281297 760153 133435 981547 563822 854535 527970 99458 132454 392066 847795 892321 742089 1028745 1136250 818170 523344 719086 1030058 975640 395135
578739 687970 250026 773168 675041 578545 821803 90054 999999999 705800 478928 573520 817224 793768 618226 928031 273935 748300 642329 580295 847473 698669 821713 524016 887284 356042 674807 689471 921824 887469 315803 374354 968888 782342 667331 120565 1079202 879871 435742 758264 503983 346953 407298 524920 166863 863381 849083 538794 323151 260191 277308 835766 778039 618896 536370 389103 128917 549495 405396 255440 855103 675035 995253 541951 836091 809101 678964 818563 347330 593368 103603 529965 552279 939780 741779 588950 867860 782599 898016 256834 768546 220665 1022803 500268 877928 569749 189200 72485 360170 914187 864091 718450 1051420 1152673 878432 603543 663443 1045862 979987 449899
548492 607107 603936 215910 613411 594187 586572 685399 705800 999999999 227354 450151 371948 164815 143600 245275 436341 56795 278836 174790 243597 135153 388856 364614 360433 652613 361515 250776 301926 267922 620815 452355 269267 77348 435806 697112 384413 396946 285143 71142 451559 525864 604202 315746 726422 354967 622848 221865 384022 446930 498148 504252 691844 90885 488153 349466 684794 314203 538614 458644 286918 154794 299636 360474 183968 159529 45709 128462 366157 115016 698780 576166 282676 234020 351182 304131 354636 471092 410970 479876 120193 633702 369661 611927 172957 214701 664822 778246 437514 498653 460387 350339 345647 451210 412715 543512 599805 345669 319234 356711
462555 529700 405023 347187 529332 476665 596722 463496 478928 227354 999999999 378948 437125 340780 175970 454309 209283 269836 265947 152212 409842 240008 449169 252101 473787 478643 367234 304873 482125 445895 437875 264815 490874 303482 392149 478204 602973 487758 97090 280388 345390 334228 448243 205913 512276 474434 633566 145973 156672 219588 297045 525709 628706 144462 393268 160130 460287 247508 385492 237483 419533 225138 518394 259722 377753 340778 200674 341411 149917 114619 478156 443434 220878 461050 378995 268078 476842 477156 505672 257762 297736 429275 571126 464357 400158 175331 455096 551299 241927 583949 514009 363873 572900 674530 514876 469020 514171 567899 514615 218146
98728 904496 341789 337376 902540 839459 254932 501186 573520 450151 378948 999999999 789769 401822 307920 680124 438546 505998 636111 285260 405890 554908 804398 628095 801177 303776 142748 236463 465329 442389 304650 594493 679379 507405 770905 489679 791442 829246 293624 520399 69540 645180 231194 584159 485815 349952 286926 251794 405125 427046 299291 896574 1004863 382966 54740 265464 638671 141283 187494 367407 731868 556283 713971 637283 442720 609679 465359 570507 328099 415487 501867 799882 173624 619934 743698 146231 355712 850749 845452 508705 569319 379563 571618 809077 556195 242387 421198 632543 565639 351233 873955 732289 707334 835707 339021 94637 887322 744933 760917 175275
883075 344676 826256 584104 359310 400017 956189 838082 817224 371948 437125 789769 999999999 521049 491998 317451 565050 333062 181232 506438 593751 241351 17578 295340 95087 912204 725920 620172 631488 604959 868665 449260 386516 363626 196357 862115 431309 63919 533973 322779 771263 501051 885260 293668 906282 718527 992853 538289 535312 585201 721691 144729 391861 411074 815992 596552 737942 648543 822593 638362 134798 234298 383710 277571 521082 251658 338720 317468 572086 374283 856453 414799 616369 423091 76466 651466 717255 135843 81369 561332 266630 843597 656477 466120 417897 548828 860637 881313 458493 866902 88451 100635 496392 512852 779140 884173 351930 432240 294191 650082
497565 771915 644083 75014 778133 756518 468690 756610 793768 164815 340780 401822 521049 999999999 175815 300720 541721 188801 443571 213489 78877 296216 538497 524397 491015 663826 275735 165661 143521 107580 642862 594897 284142 158907 600395 761592 391918 535227 358244 198324 428539 667522 602613 474273 781453 197596 502402 257139 487847 547081 548450 659615 856266 202647 451226 408193 795461 296354 540617 538390 414756 318612 318842 521761 44583 277528 209899 216378 446829 252350 766715 736171 274056 220628 510170 267598 196215 630265 546647 597142 254582 678797 231553 769384 161268 229801 715507 865489 576032 347674 608744 511555 306237 433939 259032 484892 764464 344658 384216 376720
405798 670623 481155 171411 673381 634222 468914 583537 618226 143600 175970 307920 491998 175815 999999999 384073 367611 200265 360313 39414 237248 251748 507748 400635 494985 517540 235327 141865 311063 275209 489556 439908 397285 209490 512111 590260 513268 526084 182523 214665 308130 510068 465037 349885 613265 300252 506051 87820 313948 372023 380313 611727 764294 81746 344645 235425 621090 170621 399842 363012 424409 258400 430219 402978 217877 302601 158206 269216 271081 129341 594472 606201 139106 348882 456006 163001 302315 571365 541561 425853 261564 513920 406666 632320 282483 72196 548585 690096 417732 420101 578912 449077 453696 571895 344802 401968 658667 470523 461098 220929
778714 648260 847145 375716 660464 677532 769050 917745 928031 245275 454309 680124 317451 300720 384073 999999999 654132 190694 356792 418524 348982 235106 333528 488906 245653 897855 569528 454859 359029 343230 865935 620518 69241 174765 478301 932315 153007 299247 526255 177712 690356 690392 848458 453926 964846 480731 802268 466529 605783 668261 740325 459767 706936 334440 723115 592155 887953 551636 782998 691688 182739 263237 75553 476684 276896 122261 256058 116988 601814 341386 932462 676897 521585 115412 350137 535020 477503 452083 303171 684158 159754 875709 354655 723210 144110 456267 905157 999623 614754 631885 389636 365245 180440 232815 543708 770129 650398 130165 83513 601650
489383 524327 279975 534913 516926 434891 690090 275341 273935 436341 209283 438546 565050 541721 367611 654132 999999999 476112 384603 333534 604470 425311 572212 288847 625954 388163 490510 468379 678563 642795 338592 178840 695956 511786 447006 297545 805520 625173 193264 485572 378518 211596 391164 273351 341264 646341 723902 301879 53908 21464 195337 610332 625085 352997 425505 179464 253742 354520 346632 93086 587278 402511 721780 305575 581392 535242 406820 545391 116120 322193 292930 388865 343704 669436 492873 390084 649847 556806 643592 70547 494613 288170 773273 385674 609273 335715 298773 345527 150850 729475 623890 471294 781466 879687 675070 506309 502482 772828 706627 268631
604487 594223 656619 251429 602058 591893 633770 732199 748300 56795 269836 505998 333062 188801 200265 190694 476112 999999999 266269 231472 264234 113084 350411 369771 311811 708067 412901 300039 312426 281434 675463 473642 221093 44206 419958 745269 334295 351761 336146 14423 508314 546775 660502 323967 776227 385760 669570 278193 425222 488268 550057 470816 673858 143774 544641 401672 719979 370795 594882 505395 236710 140198 249426 362975 195382 104445 69345 73871 414031 155228 746215 578382 339369 195415 322161 359820 384664 442067 364673 514475 69323 685548 365153 617538 142606 271494 715651 820537 461769 533872 421167 324905 307292 404695 446094 599006 589141 298106 262837 412730
724776 328892 645606 490856 336083 329537 828242 658754 642329 278836 265947 636111 181232 443571 360313 356792 384603 266269 999999999 364075 522210 153495 190024 137172 245070 734062 593728 500056 576946 544411 689593 285670 420136 308987 157161 682051 503309 240570 362705 263278 609239 347869 710650 118129 725608 631178 865462 386170 354083 404505 541821 260880 413340 280037 656084 422045 572350 497189 649435 457174 222829 126474 432328 122519 458744 242591 234514 293469 392999 231497 676865 322601 466355 429089 114278 507252 631304 214836 258990 385501 225488 662470 630271 367243 396261 403619 679429 708560 289255 769396 249930 97928 529042 586226 686364 728937 322986 486846 376088 483580
381520 664663 442046 201715 666377 622022 465069 544468 580295 174790 152212 285260 506438 213489 39414 418524 333534 231472 364075 999999999 271222 269672 521580 390591 516063 480661 230547 153282 345550 310086 451626 416831 434427 244752 511518 550955 550499 544194 145105 245700 278550 485342 429942 340649 573851 322923 502311 49129 280298 336820 340916 620369 760362 97822 317843 196175 586312 144606 364475 324901 447662 272207 466991 394637 256218 331273 181784 302550 233638 134042 555268 591619 112149 387361 465272 145246 325545 577789 560282 393941 288920 474643 443278 615056 321062 42877 509199 652001 393280 433249 592029 456408 492803 610277 362702 379885 651461 508286 493954 183829
495922 850695 680896 76345 856978 835078 427629 804231 847473 243597 409842 405890 593751 78877 237248 348982 604470 264234 522210 271222 999999999 373812 611289 602544 557685 687781 267554 176773 74500 40516 672026 668473 318424 230138 678894 806490 414750 604069 415483 272517 444062 740531 622131 552230 822284 132053 458729 308960 550966 608042 591417 734075 934608 277084 458770 458612 857521 323367 563482 592531 481714 396903 351780 600207 74633 345729 288765 281596 503439 328382 812927 814204 307424 250959 586384 288686 129194 706295 614470 663045 327346 717027 177946 846735 204879 277753 755450 918316 648559 283898 680718 588592 312773 442868 195150 479562 843325 366744 430933 414081
650619 481142 644885 351035 489005 481158 714970 695595 698669 135153 240008 554908 241351 296216 251748 235106 425311 113084 153495 269672 373812 999999999 257634 266062 247357 713397 484685 379167 425096 393443 675012 386959 288560 155493 307012 713118 388086 274739 328132 109809 543424 458079 675670 224753 749820 489673 751701 306702 380147 441085 536837 369589 561540 172283 585533 395114 653359 413944 610693 473543 183513 30354 308085 257064 307418 112934 97691 146555 389577 145028 711535 470159 381476 284730 216031 413234 489171 335956 290649 450517 80010 669229 476864 511482 245184 312532 694311 769463 380017 633780 329217 215644 391159 467274 547825 649541 476141 362085 281342 430390
897314 333169 835624 601350 348206 392395 972591 844333 821713 388856 449169 804398 17578 538497 507748 333528 572212 350411 190024 521580 611289 257634 999999999 298503 105117 922919 741970 636666 649055 622537 878993 451947 402480 381159 190659 868809 444849 65603 546163 340205 785012 501783 897006 299745 913463 735949 1009296 552758 543764 592560 731595 127577 377401 426635 830016 608169 740197 663239 834642 646989 150790 249673 398964 280618 538648 269206 355153 335019 582330 388984 862844 409047 631135 439913 80020 666712 734695 121597 81112 566447 284127 852354 673718 460592 435304 563855 868707 885110 462226 884212 71636 103318 512002 525940 796503 898718 341358 446923 307946 663148
706160 277602 566273 557101 277455 234406 848228 551942 524016 364614 252101 628095 295340 524397 400635 488906 288847 369771 137172 390591 602544 266062 298503 999999999 373856 667468 616749 541438 665582 630755 619595 154053 549395 413976 159340 578440 637971 358934 335464 370806 587749 211477 656858 51015 625527 695334 885185 396012 274264 310215 470952 321655 377012 331893 636791 380019 442900 499559 601412 374748 359345 235730 564323 17938 548312 370196 319228 412576 333786 278360 571007 211832 472825 550689 219057 519495 696537 268048 376683 271090 345245 576771 732404 248009 509534 422209 587163 586675 163939 820727 340897 195247 655572 720371 744199 715307 262339 618988 512779 458931
897505 438275 874604 560026 453315 494943 945520 901178 887284 360433 473787 801177 95087 491015 494985 245653 625954 311811 245070 516063 557685 247357 105117 373856 999999999 952399 721874 610806 585733 562959 911403 527245 312435 332596 290621 923220 342867 54007 567924 299045 790768 583921 919016 363036 965049 687272 981373 554052 590631 645061 767771 220332 479415 418258 832794 633499 815671 660631 854673 691817 76259 252046 304067 356728 483218 213529 336801 276127 617637 391641 918884 508639 628156 358442 163340 657847 685270 225274 58316 630454 242528 895058 597138 559704 366017 558924 915439 953624 533217 838470 146002 186971 418402 422789 749579 895731 446362 348796 207315 676200
261339 912310 118997 613125 904517 819609 510651 266796 356042 652613 478643 303776 912204 663826 517540 897855 388163 708067 734062 480661 687781 713397 922919 667468 952399 999999999 442108 511010 754462 727053 50228 565818 914813 725203 826686 241052 1030808 965375 385467 721754 247468 584138 73856 640526 214107 650959 530722 431909 393229 367358 196524 982749 1012756 564928 250714 319056 464552 367646 124304 295866 896089 702223 947594 682584 708045 800656 648309 781060 341238 571125 257521 772128 390538 865004 848212 399523 656572 930421 983460 437655 756702 137132 861960 761454 798553 446655 167465 392549 538599 649829 983699 829893 965562 1087795 642795 288479 890218 987817 970317 296834
228448 893032 463312 204863 893943 843892 234601 612110 674807 361515 367234 142748 725920 275735 235327 569528 490510 412901 593728 230547 267554 484685 741970 616749 721874 442108 999999999 114950 323567 302315 436855 618708 559427 404279 742050 605693 667457 756766 308924 426725 195422 679826 371180 567942 609217 208856 271841 221338 445923 484630 398195 847033 989816 317072 197371 311974 720394 135991 320709 440146 648339 493311 594180 622226 312808 516893 388093 468273 374413 362344 615909 809913 151300 496351 691325 102552 214485 806217 771441 560118 480932 501353 429293 827849 435926 194805 542613 739449 591804 241829 813367 684115 575764 705439 206857 212242 878897 619992 652464 229547
331911 812470 507543 102936 815131 774185 336173 638864 689471 250776 304873 236463 620172 165661 141865 454859 468379 300039 500056 153282 176773 379167 636666 541438 610806 511010 114950 999999999 245234 216249 495777 568533 446910 289583 653310 638385 556925 647646 275356 313597 268267 635622 445742 490916 650815 178078 372717 168349 417733 467525 423373 746463 906075 220044 286913 303059 714713 148496 386714 438928 536442 391023 481664 544338 206281 403413 281527 353522 357160 270615 646038 744590 137852 385338 590946 112231 181774 708374 661746 533808 368754 544330 352436 768337 323244 134550 583670 758496 544114 280123 708291 585871 470880 599313 210764 319632 800385 509934 537665 244093
550864 905752 752146 149294 912981 896110 451912 877841 921824 301926 482125 465329 631488 143521 311063 359029 678563 312426 576946 345550 74500 425096 649055 665582 585733 754462 323567 245234 999999999 36252 740792 738316 315507 273011 732086 879585 396542 634986 489955 318209 508601 810830 687182 615916 894416 144341 479435 383430 624976 682351 664370 774505 986280 346076 519321 532865 931774 393463 630263 666968 511247 450528 345853 662109 118359 379956 347635 314155 577937 395792 886278 877394 379362 248953 631847 357387 139187 750618 643664 736544 369063 788611 107503 911669 220478 352075 827435 992577 719183 283069 716431 636343 283835 411057 200929 532422 899723 349604 436488 486286
530673 873303 721285 116818 880236 861877 447815 844657 887469 267922 445895 442389 604959 107580 275209 343230 642795 281434 544411 310086 40516 393443 622537 630755 562959 727053 302315 216249 36252 999999999 711887 702185 305453 243568 700155 846992 394533 611131 454753 288063 482530 774655 660862 580912 862779 142710 477208 348774 589157 646789 631929 747102 954969 309975 495767 498753 896130 363466 602751 632387 487723 418185 337445 627569 86072 354196 313599 288711 542903 359930 853402 842587 347870 237873 602469 328389 138478 721758 620516 700492 340495 757464 137445 876446 201010 317859 795931 958414 682977 290256 690781 606166 286958 416340 203922 513403 866851 346831 423071 454568
278168 862517 70642 596392 854610 769459 528386 228388 315803 620815 437875 304650 868665 642862 489556 865935 338592 675463 689593 451626 672026 675012 878993 619595 911403 50228 436855 495777 740792 711887 999999999 515907 885886 694846 778910 206045 1001967 922816 347020 688881 241821 533918 93240 593822 187850 644660 551127 402520 345374 317675 149052 936184 962856 531764 254878 279909 419345 348998 117244 246688 856844 662554 918118 634938 687364 765501 613810 748953 296665 534464 221632 721940 368843 838322 803527 383549 650107 883625 940995 387451 721474 95187 848152 711247 771866 420198 131481 358040 488815 655265 938797 784776 941143 1061355 641375 304885 840347 959905 936614 269107
656689 346814 454247 610037 338705 256348 836816 411427 374354 452355 264815 594493 449260 594897 439908 620518 178840 473642 285670 416831 668473 386959 451947 154053 527245 565818 618708 568533 738316 702185 515907 999999999 675473 516272 293510 440436 772714 512933 310773 478444 541207 73510 569847 170304 490006 739228 872366 403586 192570 198927 374177 461883 446949 392254 589899 329283 288853 487020 523527 271906 508066 357737 694589 171719 626949 498569 411130 529669 268561 344076 431036 211233 467462 666155 372875 516283 741595 408523 530625 133936 466369 457287 819069 214660 616170 435867 460327 434542 29255 845650 490476 348914 775804 853314 779096 671055 324458 748835 654208 419274
777026 716930 872283 357902 728948 743974 745246 953136 968888 269267 490874 679379 386516 284142 397285 69241 695956 221093 420136 434427 318424 288560 402480 549395 312435 914813 559427 446910 315507 305453 885886 675473 999999999 192460 546193 965751 116083 366326 554410 210648 696482 746601 861347 511843 995649 447175 776938 483453 645737 708718 767110 528354 776172 360130 725499 618423 935865 558312 796530 726282 251736 318129 34762 538041 252097 179207 290211 150680 634502 376299 966981 741834 530072 67691 418897 537302 443324 521295 369217 730809 209229 902617 296219 787326 123666 468634 934057 1041008 667793 595608 457404 433521 111584 183785 509204 766173 718704 77026 124685 618073
606128 636026 679925 227691 644223 635617 617737 762724 782342 77348 303482 507405 363626 158907 209490 174765 511786 44206 308987 244752 230138 155493 381159 413976 332596 725203 404279 289583 273011 243568 694846 516272 192460 999999999 461317 774446 308089 376322 362175 45875 515709 589548 674342 368072 803549 356266 652809 293302 459962 522978 574651 504283 714047 167904 549158 425965 758260 377038 609008 535942 256383 183528 223607 407153 158225 119142 107112 64032 443502 189593 776127 622480 346843 157656 358997 361604 354658 478189 387846 552879 97315 710159 321577 661739 100255 281674 741686 854745 503700 506563 450777 363365 269690 373892 417934 598711 631479 268550 253707 428466
854011 175185 725401 647876 184848 205412 976461 703511 667331 435806 392149 770905 196357 600395 512111 478301 447006 419958 157161 511518 678894 307012 190659 159340 290621 826686 742050 653310 732086 700155 778910 293510 546193 461317 999999999 731446 611350 256185 483428 415457 736130 328841 814682 190867 779800 788233 1013695 527255 433549 468450 630196 168440 256179 433671 784580 533658 572160 636186 757984 533986 309336 282130 551560 144171 614231 378681 391660 437328 491080 382814 722935 218512 606952 566709 132514 650781 788402 115396 270713 422580 371385 735174 780367 269970 542299 548629 744199 725196 311445 925426 206526 113714 657659 694569 843035 861106 173427 604171 475477 607536
480251 774666 149230 730441 763272 669229 728579 33527 120565 697112 478204 489679 862115 761592 590260 932315 297545 745269 682051 550955 806490 713118 868809 578440 923220 241052 605693 638385 879585 846992 206045 440436 965751 774446 731446 999999999 1079553 922604 413602 756772 421122 429977 299266 569150 51856 804963 753325 504807 334633 278162 215268 898609 869190 606812 446457 354860 244206 491714 309176 240725 882262 693096 994695 595983 805502 818434 677122 818203 331270 591151 17061 620161 501057 929154 789126 530657 809899 844905 941013 308867 775753 113348 984242 596515 864617 532057 74599 152097 420167 838668 918121 767025 1038722 1148317 812376 506278 750608 1042511 992057 394310
888422 774284 988011 463416 787999 814944 841630 1066188 1079202 384413 602973 791442 431309 391918 513268 153007 805520 334295 503309 550499 414750 388086 444849 637971 342867 1030808 667457 556925 396542 394533 1001967 772714 116083 308089 611350 1079553 999999999 395137 669399 322873 810822 841995 976932 605048 1110287 536969 871621 599533 756362 819115 882542 562744 821872 475283 838628 733849 1040892 673055 912238 839506 302549 416005 84907 624915 355554 275180 402635 261591 748325 488805 1080386 818446 645254 171613 479365 650908 532479 566439 392548 836890 312248 1018087 348682 866327 235765 584471 1049144 1151027 767473 679504 486826 497784 120124 83467 596690 876544 779329 48018 137208 734108
924265 392953 882514 602379 408667 456901 983506 899105 879871 396946 487758 829246 63919 535227 526084 299247 625173 351761 240570 544194 604069 274739 65603 358934 54007 965375 756766 647646 634986 611131 922816 512933 366326 376322 256185 922604 395137 999999999 583778 339813 814836 564963 935670 355468 966117 732391 1019724 579378 593598 645041 776962 167621 428824 447012 858289 647850 801689 688074 872180 696199 123794 273865 358039 341215 529948 258391 369014 322818 626872 415322 917308 474458 655654 411324 140339 687965 730624 177662 18436 623606 282711 900994 649475 526050 416260 587002 919187 944397 521739 882880 92226 164539 472392 474101 794243 923877 402717 402374 260519 696609
371162 611018 321348 343776 608924 547262 527049 404222 435742 285143 97090 293624 533973 358244 182523 526255 193264 336146 362705 145105 415483 328132 546163 335464 567924 385467 308924 275356 489955 454753 347020 310773 554410 362175 483428 413602 669399 583778 999999999 348652 252929 370913 351893 293642 441395 453174 563016 108825 142467 193929 214092 621736 711623 194295 301710 67230 443242 176260 288659 180783 510622 316893 584537 345594 400356 420228 270642 409953 88588 188226 416369 509312 157791 515687 476010 206383 456634 572520 601567 258643 376261 349462 588383 522711 451015 142528 379746 507699 283338 542069 611091 460617 625128 735842 483487 379844 593705 630722 592949 124139
618896 590151 669434 262730 598364 590515 646793 743332 758264 71142 280388 520399 322779 198324 214665 177712 485572 14423 263278 245700 272517 109809 340205 370806 299045 721754 426725 313597 318209 288063 688881 478444 210648 45875 415457 756772 322873 339813 348652 999999999 522692 551353 674516 325970 788183 395748 682493 292256 435114 498114 562677 461691 668402 157117 559062 414446 728033 385209 608885 516632 223645 138299 238126 363364 202232 90322 79784 61491 425642 165980 757517 578169 353767 188534 314520 374213 394495 434118 352428 522569 57114 698111 367062 618132 139202 285837 727914 830415 467341 544570 410640 318204 299880 394423 456513 613374 585640 287657 248872 426651
118422 861396 274066 371201 858339 790829 322297 431991 503983 451559 345390 69540 771263 428539 308130 690356 378518 508314 609239 278550 444062 543424 785012 587749 790768 247468 195422 268267 508601 482530 241821 541207 696482 515709 736130 421122 810822 814836 252929 522692 999999999 587971 178590 546571 419036 403993 352997 236896 349403 365534 230271 870002 962553 375074 49272 213082 570561 138748 125291 302680 724621 541026 730588 598333 471590 609609 460050 576910 272710 399709 433028 749543 169136 640631 720024 161118 409545 822223 831709 447887 567456 312037 615970 755692 575185 237056 353680 563154 512058 418101 852970 706743 734416 860600 399638 129969 843157 765506 768771 128881
700494 344726 467898 680864 333339 240520 892407 398506 346953 525864 334228 645180 501051 667522 510068 690392 211596 546775 347869 485342 740531 458079 501783 211477 583921 584138 679826 635622 810830 774655 533918 73510 746601 589548 328841 429977 841995 564963 370913 551353 587971 999999999 597022 237134 481330 808238 927294 468896 240172 228165 401036 495629 439794 464902 635700 380360 243504 546007 556583 300383 570582 428500 764903 227841 700033 568858 484587 601825 317107 417263 418315 191621 528681 738725 424793 577294 810780 443705 582079 148295 537810 464929 892355 177462 689350 501866 461339 399349 92340 910652 533080 400535 847959 923172 846386 716764 320632 819317 721001 471284
188725 912987 157833 548496 906546 826051 438844 320981 407298 604202 448243 231194 885260 602613 465037 848458 391164 660502 710650 429942 622131 675670 897006 656858 919016 73856 371180 445742 687182 660862 93240 569847 861347 674342 814682 299266 976932 935670 351893 674516 178590 597022 999999999 625228 279544 579915 460167 382342 386016 371773 196349 965108 1014356 519264 177527 288875 505534 306722 65656 298431 859168 667173 894731 670833 646388 756634 604085 732389 323642 531277 314766 779909 332316 808986 824823 335775 585588 913849 953458 448741 713017 187547 794560 774080 742765 393058 224719 451206 541445 576003 960425 807920 906803 1030965 570059 215807 891867 932909 923338 248190
664769 325191 544257 506164 326063 285419 800237 544601 524920 315746 205913 584159 293668 474273 349885 453926 273351 323967 118129 340649 552230 224753 299745 51015 363036 640526 567942 490916 615916 580912 593822 170304 511843 368072 190867 569150 605048 355468 293642 325970 546571 237134 625228 999999999 614253 644323 837282 347884 250037 294085 444777 342365 423194 280898 595310 342794 454685 453170 567647 352993 338556 194531 528814 54305 499016 333090 270672 370923 301723 227374 563099 261979 425650 509042 219978 471716 645535 289895 373738 268280 304712 557763 684562 296186 465137 373185 571491 590654 171554 769984 350689 198022 615878 686533 693232 672831 311061 583377 484296 417745
466010 825930 145906 745962 814666 720837 716156 85013 166863 726422 512276 485815 906282 781453 613265 964846 341264 776227 725608 573851 822284 749820 913463 625527 965049 214107 609217 650815 894416 862779 187850 490006 995649 803549 779800 51856 1110287 966117 441395 788183 419036 481330 279544 614253 999999999 812546 738946 526413 374652 321114 233221 946436 920747 635646 439138 379337 293557 502658 300164 276337 921880 730962 1025382 642925 825748 853051 708920 849672 363156 623510 66198 671768 515066 956530 834044 540778 817680 892721 984548 357493 809903 107897 1000224 648354 891294 551729 67215 183752 468990 836868 964181 812275 1064929 1177223 815965 492690 801926 1072075 1026890 408219
425320 956027 667019 140385 960773 929738 307605 808197 863381 354967 474434 349952 718527 197596 300252 480731 646341 385760 631178 322923 132053 489673 735949 695334 687272 650959 208856 178078 144341 142710 644660 739228 447175 356266 788233 804963 536969 732391 453174 395748 403993 808238 579915 644323 812546 999999999 335627 345300 595367 645602 592079 856259 1044322 363489 404653 479990 892512 314608 529168 615534 611080 509537 479652 695563 206127 474202 397314 411343 535147 417044 813883 904173 311696 379485 705263 275193 5941 825380 743456 711279 452166 704777 236425 931944 336711 311329 745460 931194 716105 151981 806310 705221 427123 555148 63099 404190 946565 489375 562245 414035
273250 1162415 604615 428022 1162636 1108238 37243 770106 849083 622848 633566 286926 992853 502402 506051 802268 723902 669570 865462 502311 458729 751701 1009296 885185 981373 530722 271841 372717 479435 477208 551127 872366 776938 652809 1013695 753325 871621 1019724 563016 682493 352997 927294 460167 837282 738946 335627 999999999 489398 687419 713235 581798 1117346 1260111 587602 314002 547232 923026 388139 444977 654315 906136 762439 810474 891571 526438 770615 654148 714997 611011 633995 767462 1071808 412769 709623 961601 365691 340503 1077414 1033462 794334 738846 640014 560764 1085564 659537 465422 680211 902545 844137 214735 1080905 955115 762749 890491 279974 247047 1147509 823806 885525 456382
345045 673033 393365 235876 673437 622621 452361 499471 538794 221865 145973 251794 538289 257139 87820 466529 301879 278193 386170 49129 308960 306702 552758 396012 554052 431909 221338 168349 383430 348774 402520 403586 483453 293302 527255 504807 599533 579378 108825 292256 236896 468896 382342 347884 526413 345300 489398 999999999 250221 302716 293238 645760 770831 139054 279003 151132 551845 111234 316749 283613 487779 305635 515918 402174 300791 375986 224453 350148 195087 164256 509665 589199 80217 436434 492184 123981 348592 600997 595976 365995 332953 426308 484107 608803 370103 33973 461352 609971 378151 442113 622174 481366 541510 659377 378461 345972 658339 557404 541013 135194
464223 527893 294221 481891 522227 446568 652772 315678 323151 384022 156672 405125 535312 487847 313948 605783 53908 425222 354083 280298 550966 380147 543764 274264 590631 393229 445923 417733 624976 589157 345374 192570 645737 459962 433549 334633 756362 593598 142467 435114 349403 240172 386016 250037 374652 595367 687419 250221 999999999 63060 196705 591938 629497 299673 397814 140238 307631 310297 334920 103364 547707 358986 672245 289572 527484 488274 355878 495457 77056 270546 332045 403031 296820 617594 465672 344277 598739 539019 612027 116191 446811 308751 719400 406507 556817 284171 325591 395324 163317 682744 599257 445310 729509 829522 625831 479009 507361 722715 660828 231167
474704 544978 258607 537360 537385 454533 679852 256890 260191 446930 219588 427046 585201 547081 372023 668261 21464 488268 404505 336820 608042 441085 592560 310215 645061 367358 484630 467525 682351 646789 317675 198927 708718 522978 468450 278162 819115 645041 193929 498114 365534 228165 371773 294085 321114 645602 713235 302716 63060 999999999 175580 631638 645587 361940 411845 172664 249562 348839 328671 73342 605239 418972 735089 326894 587471 550163 418924 558372 111330 333599 274112 408152 339890 680595 513355 385311 649266 578132 663469 82570 509043 266724 778490 403574 619642 336269 277672 332301 171305 724745 644725 491917 792481 892503 672494 492311 523002 785683 722206 259798
321327 718984 108074 515290 711954 630089 552109 216144 277308 498148 297045 299291 721691 548450 380313 740325 195337 550057 541821 340916 591417 536837 731595 470952 767771 196524 398195 423373 664370 631929 149052 374177 767110 574651 630196 215268 882542 776962 214092 562677 230271 401036 196349 444777 233221 592079 581798 293238 196705 175580 999999999 787141 820018 407326 268171 148696 341387 277704 158581 102304 716234 521977 797784 486127 592673 633424 484703 623907 150224 401409 222673 583712 285854 725495 655469 316978 596860 734574 795239 252759 589580 135558 769263 577867 659823 318657 168315 341285 346079 636901 790503 636387 832940 947245 603216 343060 697419 842969 806624 179312
985655 243275 885900 719421 260690 329523 1080308 871117 835766 504252 525709 896574 144729 659615 611727 459767 610332 470816 260880 620369 734075 369589 127577 321655 220332 982749 847033 746463 774505 747102 936184 461883 528354 504283 168440 898609 562744 167621 621736 461691 870002 495629 965108 342365 946436 856259 1117346 645760 591938 631638 787141 999999999 263406 529997 916951 678406 739130 756978 905621 694285 277391 355450 522924 304760 662419 395406 466640 461077 642769 486346 890451 359442 725730 567348 155751 765058 855314 53714 171876 589888 406974 897821 801203 410247 562405 661250 908812 893279 479200 1002581 77255 164396 636775 641587 915782 989662 258444 568921 427647 743795
1080893 101694 900613 903946 108248 200078 1223003 837233 778039 691844 628706 1004863 391861 856266 764294 706936 625085 673858 413340 760362 934608 561540 377401 377012 479415 1012756 989816 906075 986280 954969 962856 446949 776172 714047 256179 869190 821872 428824 711623 668402 962553 439794 1014356 423194 920747 1044322 1260111 770831 629497 645587 820018 263406 999999999 687588 1011774 751625 658456 876193 964388 718072 525710 537707 775215 369069 868921 622037 647826 684358 699134 635650 856983 249105 848844 806322 361490 894767 1044530 256021 434744 577713 620997 901511 1029439 279322 789430 795096 900431 819454 474288 1180452 340600 352397 887019 902204 1098747 1091078 122607 824101 685236 834170
479339 595803 513344 225505 599516 566281 550496 595712 618896 90885 144462 382966 411074 202647 81746 334440 352997 143774 280037 97822 277084 172283 426635 331893 418258 564928 317072 220044 346076 309975 531764 392254 360130 167904 433671 606812 475283 447012 194295 157117 375074 464902 519264 280898 635646 363489 587602 139054 299673 361940 407326 529997 687588 999999999 415365 258672 604741 242426 453617 369279 350018 177025 390480 332153 236168 237486 85414 217495 276362 53555 608780 541639 209963 322760 374268 241031 364649 489914 462913 401859 194136 542884 429554 571648 259400 140669 573940 691380 373562 493243 497631 367537 433455 541717 413686 477561 585044 436435 405390 271074
69460 910639 297407 388927 907606 839983 285540 460256 536370 488153 393268 54740 815992 451226 344645 723115 425505 544641 656084 317843 458770 585533 830016 636791 832794 250714 197371 286913 519321 495767 254878 589899 725499 549158 784580 446457 838628 858289 301710 559062 49272 635700 177527 595310 439138 404653 314002 279003 397814 411845 268171 916951 1011774 415365 999999999 262229 609557 174097 138996 347042 765383 584451 759921 647249 492973 647215 499582 611430 321338 442984 459472 798557 206138 667472 766171 188439 410420 869582 874949 494368 605776 334557 625843 804265 602939 275413 375958 592465 560718 400644 898480 753353 757345 885049 392612 81196 892424 792561 802833 177860
330468 650155 254993 384073 646492 577756 512709 348504 389103 349466 160130 265464 596552 408193 235425 592155 179464 401672 422045 196175 458612 395114 608169 380019 633499 319056 311974 303059 532865 498753 279909 329283 618423 425965 533658 354860 733849 647850 67230 414446 213082 380360 288875 342794 379337 479990 547232 151132 140238 172664 148696 678406 751625 258672 262229 999999999 413350 176286 227480 135913 577258 383209 649101 392070 451655 487264 337081 475543 64002 255369 359100 536565 169580 577414 536110 213344 484053 627999 665786 249789 443272 284239 634778 543941 512010 180897 316119 459713 300322 552438 671656 519569 685594 798790 502770 343007 631352 694334 659734 90931
