NAME : synthetic_000460
TYPE : CTSP-D
DIMENSION : 100
GROUPS : 8
RELAXATION_LEVEL : 1
EDGE_WEIGHT_TYPE : EXPLICIT
EDGE_WEIGHT_FORMAT : FULL_MATRIX
EDGE_WEIGHT_SECTION
999999999 227872 174297 245622 151067 533927 377005 752352 550746 546932 385710 449579 505009 330250 396635 395256 741847 547850 152291 471625 286237 436659 512186 475354 590853 232926 287967 191107 283888 658764 659009 140515 256452 721777 513864 544854 548881 559855 634792 583079 359123 456270 572145 429726 217361 370846 579152 142367 197736 447603 362138 648339 562950 576320 638974 666354 708779 124421 632483 462433 543441 507303 271458 618811 313388 397199 250100 509269 431417 166850 472038 546325 801793 715323 392185 426878 294480 294425 64071 417354 445034 406842 590133 432668 377962 693552 658702 367882 264617 314060 37735 181733 252583 664376 372525 803999 596916 473613 706900 406173
227872 999999999 219018 265104 360339 683710 402054 829593 351446 427468 610762 320390 279679 155916 583703 184777 744068 435365 198510 260083 383000 580222 322168 603696 622279 276828 514600 194276 244123 611945 762359 362344 187150 550499 288193 665748 515534 389286 522083 727168 369891 280609 384207 657411 126652 598605 708691 253341 425300 657489 242216 473217 699657 703155 760903 467672 529532 326748 457766 246906 335155 359133 424660 628885 241906 272283 422184 284523 564521 143758 510854 681464 839583 682347 174670 285224 75383 314871 183442 612522 434826 383274 724667 428676 381767 619252 588433 273389 42713 537116 261338 248038 385997 518295 332646 629661 490473 268639 785901 196189
174297 219018 999999999 72492 316057 707296 527425 922563 568859 632974 460666 295330 438411 371107 562796 311366 891858 638372 26758 379259 453975 610828 541070 649568 748606 67375 410937 314612 114664 787275 832225 293182 354684 769340 447955 718937 681472 607576 726632 756782 189890 498752 603065 522429 295462 468060 753448 59907 322378 597017 213504 692136 737125 750605 813221 684284 748539 295006 676640 377131 549662 572660 445748 770006 150755 475476 423292 440284 605676 267736 629859 720567 963605 850948 388032 281114 292782 124738 200053 579081 584579 233034 764341 574292 520497 808748 775531 206843 260873 385040 175728 332344 425660 733126 495940 848673 692106 485515 877158 412800
245622 265104 72492 999999999 382979 776782 598304 995044 605273 689292 494074 251604 444343 420859 628299 315729 961945 695829 98083 374636 526467 681366 581782 720918 820109 27561 462635 383561 68243 853137 904279 357107 418619 812534 453829 790473 748642 653041 783618 826581 118246 544835 643150 560560 357502 509276 824398 114115 377644 655224 181150 735046 807623 821733 884483 718448 789378 364017 719885 376472 582298 624034 516729 840475 109667 532156 493010 444977 676924 334807 701503 791242 1035510 918197 422541 245897 333974 53982 272270 642506 653514 161231 834908 643634 590227 871338 838687 161209 304099 420147 243513 404063 497687 783399 562457 890098 750288 521950 949636 450005
151067 360339 316057 382979 999999999 396273 339225 646658 640896 581535 306511 600122 639800 423497 247131 538407 682608 577788 297688 615089 215265 306390 597232 352011 521870 365079 171862 241025 429635 636458 541720 40542 315601 782406 648162 422249 526595 627976 658189 446813 487681 535529 652302 328058 304558 270996 450353 270066 107318 299200 512913 715030 430936 449077 512254 751437 776158 34551 699616 604219 641569 564187 152878 561798 461731 452563 118258 644783 308020 250983 409396 415714 717726 680376 505550 577912 415727 425943 177042 266374 419863 542156 458376 405169 355035 687327 651994 516977 390290 251931 140339 191570 158623 709043 380193 864189 618810 572224 601795 512676
533927 683710 707296 776782 396273 999999999 366313 314727 829906 657309 534748 974909 936944 664222 178492 867187 484491 643800 686180 940040 306793 103542 782384 97466 345855 760339 410644 495205 817714 554610 191064 428606 539700 879150 943287 95290 482275 769245 687580 51058 883841 721042 816519 493443 574625 473110 78496 665404 444647 263647 887138 837068 50819 84666 135172 912241 890379 412769 825307 924391 848760 694756 265647 406316 845631 613048 284010 943581 123395 540843 317123 50284 439072 552192 767641 947327 709036 821586 529339 195805 420709 937215 72863 409265 403637 634807 607106 898668 696321 534827 533427 436360 298524 779286 477777 948620 654439 791600 279592 759321
377005 402054 527425 598304 339225 366313 999999999 429909 465230 300073 633266 722022 605965 325805 372693 565442 365633 289121 500873 629086 130943 277888 418044 269150 223600 593991 485745 218570 611234 297268 378321 377512 218775 522703 610715 308756 187924 403280 351042 393377 716549 358396 450245 635467 275505 585955 356831 514308 445094 492713 640837 474159 358963 348518 394303 546108 529884 321827 461632 610581 486538 328760 229400 242998 624315 250333 266608 613256 249138 271630 108810 341370 441224 343598 428927 687260 397128 651821 329818 413400 82785 751155 377413 67556 37324 352121 317218 666558 396617 588144 402539 196915 193040 428535 112541 597392 313126 434153 387434 413825
752352 829593 922563 995044 646658 314727 429909 999999999 845273 620468 842771 1147491 1028689 750948 483188 995241 260879 603006 897613 1057670 468793 355437 802831 302746 235440 984769 708531 638763 1020455 417691 123706 685506 648645 813398 1032573 238435 411154 757778 605350 278087 1110941 753805 814460 806309 703867 781754 236246 894311 722585 578369 1063880 798109 263908 230823 186333 892778 836836 650361 791240 1038777 875711 691165 494104 270445 1039378 654074 529274 1036180 343676 692262 323103 268424 147192 373194 851161 1113909 826892 1045879 724342 507537 424402 1154732 245195 423208 456557 498146 485220 1085894 826318 833580 764738 598494 501199 709628 524531 863420 586088 837344 45452 832018
550746 351446 568859 605273 640896 829906 465230 845273 999999999 236909 932111 543898 267621 221079 799231 338402 659131 254545 549629 345246 541600 735540 47697 733493 609833 621555 811963 401173 566075 479353 827609 659094 328481 217866 264940 773061 438029 101771 301445 858591 693047 111118 51008 966215 339177 907716 821253 604568 732487 903467 507542 144384 824178 812634 854218 116684 188424 607219 132698 326061 40144 154776 629345 582319 546666 217260 648395 274398 709120 393514 544095 806599 793426 554584 182753 506384 276419 648871 489970 836921 431060 686046 842167 437305 428271 438386 423054 550458 308836 863267 588214 458580 582253 234236 352764 288580 294199 83472 810855 156095
546932 427468 632974 689292 581535 657309 300073 620468 236909 999999999 888041 707281 478047 274042 670759 505724 422366 17866 608104 539234 414805 576043 204019 560227 387073 697126 748591 357931 671350 242904 618864 611680 290953 222929 478179 585253 209324 139801 94618 676574 797296 182443 197791 904570 340982 849913 632577 648376 686813 788302 648561 183098 640998 623087 655165 272696 233257 553307 173666 518640 273581 89760 514887 352034 665428 157506 545707 485586 546381 382725 345823 624934 558372 318689 326373 668476 371536 740856 483491 711215 236655 808604 654487 248160 264961 211819 190577 687102 394381 830061 582958 391867 470939 130591 207674 297646 66699 261113 589609 295925
385710 610762 460666 494074 306511 534748 633266 842771 932111 888041 999999999 745672 880265 711118 359674 760396 944198 884245 459734 833400 502748 491848 891102 545345 781393 466919 148775 541367 560972 927748 721527 278176 615878 1086426 889514 604668 820588 929251 963985 581111 546125 831791 948948 74683 593257 61724 610626 401047 202637 287118 670920 1017184 583969 614307 669902 1046058 1078338 335518 1001568 828179 927428 868128 410737 830813 602025 756000 370213 883618 510838 539125 682737 576181 947019 962767 777895 737796 679868 508067 443032 339161 715885 611643 607609 700738 654317 985293 950259 655232 649380 75876 350075 497195 440634 1015277 685834 1168526 924577 857435 802641 791381
449579 320390 295330 251604 600122 974909 722022 1147491 543898 707281 745672 999999999 299682 442388 846183 206776 1061298 719240 306816 211894 689447 873529 540217 904590 942662 278852 706246 508788 185289 918847 1074079 582968 507156 761447 307100 970542 829170 623642 798695 1021975 239366 530211 592336 811703 446985 759510 1010413 353715 617534 890202 87903 687961 997971 1005982 1066308 637792 729978 573799 675356 226545 509146 623709 709286 948112 145302 567243 695143 296094 862659 455430 830821 980329 1159874 992095 383859 38820 345342 246538 445571 866415 754034 191954 1024280 748468 702147 914050 886503 90490 333510 671586 462636 553714 678910 765355 650568 827393 773812 471623 1103291 415459
505009 279679 438411 444343 639800 936944 605965 1028689 267621 478047 880265 299682 999999999 280212 855782 128691 883397 493689 430072 87811 630152 834220 280319 848762 799842 468173 792901 444137 385720 715558 984095 641746 398746 477319 9553 903468 649061 362895 558182 975898 498234 297844 318613 931720 363871 873420 949657 491784 702660 935646 292502 409517 945158 942733 995067 344756 442917 605988 399283 74697 228417 388302 690277 787285 352927 379052 693698 7675 814111 405524 707255 926779 1004892 791927 177628 266751 231030 472560 463087 886880 605326 472318 967975 605594 574818 689346 668406 334708 251197 805043 535999 505919 647424 501346 504230 536234 542787 217100 988697 197885
330250 155916 371107 420859 423497 664222 325805 750948 221079 274042 711118 442388 280212 999999999 603423 254041 626399 283348 348383 308512 359316 563126 182043 573097 526134 431630 593258 189425 398165 476675 703883 439431 126078 400907 285144 625179 391220 237921 368467 700683 525047 129705 242679 746410 119202 687716 671944 397315 512107 698651 377225 324668 668894 664694 715755 336148 383459 389325 308892 288995 218204 203222 432947 520319 391386 124993 445202 287474 540832 173457 428345 650573 737275 550524 104234 404061 98582 470776 268950 638560 331002 534593 690842 329480 295265 473663 444959 414410 120444 642207 367862 251096 387011 362737 227231 481820 338676 148728 710138 96357
396635 583703 562796 628299 247131 178492 372693 483188 799231 670759 359674 846183 855782 603423 999999999 767766 607865 660874 544810 843677 260609 139313 751982 190913 450137 608921 232188 416445 676683 631881 361928 271422 478572 891692 863286 245526 537821 758354 722990 227869 728278 688166 796829 325771 495417 298567 251801 514443 272879 123112 758626 837103 225793 254992 312438 896775 895437 272416 823339 830543 810149 685585 170831 506403 708806 585964 162118 861636 164726 450338 375625 216880 592473 649334 700591 822699 624944 668715 409082 40771 448725 785490 250743 434175 406170 703429 671080 763928 605507 356380 387272 353695 217597 800423 467501 968365 685529 745611 443568 699423
395256 184777 311366 315729 538407 867187 565442 995241 338402 505724 760396 206776 128691 254041 767766 999999999 880420 518703 304781 76683 563808 763645 333441 785044 776411 339482 681985 373563 258270 727006 936716 535121 347176 556261 138208 845170 645081 416934 595353 909775 375040 325783 386123 814997 297224 757421 889233 366325 590734 837401 174033 481950 881412 883275 939549 437401 525810 505926 469078 67922 305113 419968 609398 773596 227567 375058 606621 129707 746915 326347 672495 863122 989869 801949 179567 168589 168350 345350 362277 795722 582228 355866 905908 579257 539422 715336 689544 217449 172528 684717 422947 430840 570257 558712 477518 624493 572422 264852 952866 210695
741847 744068 891858 961945 682608 484491 365633 260879 659131 422366 944198 1061298 883397 626399 607865 880420 999999999 404641 865183 930453 469087 469097 623613 420734 163067 958770 797046 578769 970100 184308 333386 722986 557872 582120 885220 389263 235767 561360 379809 469650 1080036 588133 619374 926425 620561 888091 417134 879936 780619 725153 986234 581866 440845 407766 396997 682055 610524 672854 578266 910168 694984 506980 540539 123071 979102 508052 581691 891072 443286 629561 273955 434793 145398 120163 713112 1024198 718344 1015734 695369 643213 310812 1111419 435695 319213 371811 253168 250193 1016575 727800 914707 765608 562548 524099 482340 411433 621507 371440 672699 255048 687602
547850 435365 638372 695829 577788 643800 289121 603006 254545 17866 884245 719240 493689 283348 660874 518703 404641 999999999 613240 553693 406470 563857 221028 546907 369901 703026 743722 357862 679460 225657 602520 608719 292819 235495 493987 570637 191921 157667 88388 662259 804868 197093 215655 899363 344911 845153 617800 652213 683604 779157 659207 199053 626653 608256 639527 289937 247635 550191 190140 533084 291002 105806 506909 334351 674496 163717 538557 501252 534017 384916 331019 610745 540509 301607 339688 680462 381416 747748 484758 701430 223132 817443 639754 235132 254714 197306 174720 697307 403328 827280 583504 389244 463544 139551 200959 308334 55328 277010 572387 309587
152291 198510 26758 98083 297688 686180 500873 897613 549629 608104 459734 306816 430072 348383 544810 304781 865183 613240 999999999 375213 428871 588819 520579 626680 722263 94115 401588 287854 132154 760665 808347 277186 328449 747778 439576 695801 654761 585565 701558 735370 216052 476757 582639 519118 269674 463594 730954 61712 311656 583465 222270 670742 715086 727924 790375 665524 727678 274955 655169 371655 531675 549071 423419 743383 164653 450663 402257 432377 582926 241102 603576 698365 937476 824227 370065 289594 273212 151041 174212 562440 557824 257275 742225 547549 493775 782567 749267 220474 240894 383870 157746 306083 401974 709669 469298 827542 666789 466508 852234 393823
471625 260083 379259 374636 615089 940040 629086 1057670 345246 539234 833400 211894 87811 308512 843677 76683 930453 553693 375213 999999999 635241 836535 350846 856345 834620 400056 757890 445186 311863 769899 1003675 611642 412927 559454 95255 915155 694710 435007 624420 981848 417457 356791 395666 889296 367099 832024 959856 436156 666542 914066 210818 489167 952871 953634 1008915 430042 526080 582583 477929 20617 307619 450529 684083 827892 275925 422405 682263 84282 818999 399719 734573 934533 1045265 845792 217841 179491 234183 397264 438892 871975 639512 387655 976979 637786 601114 750932 727512 251599 243744 757587 498783 503862 644167 575933 535529 621121 605391 283615 1016055 245503
286237 383000 453975 526467 215265 306793 130943 468793 541600 414805 502748 689447 630152 359316 260609 563808 469087 406470 428871 635241 999999999 204349 494043 221239 310773 517001 354925 190255 552384 425645 385122 255140 233742 633299 636507 282928 317843 497749 476053 346801 642946 430551 536928 504697 268524 455015 325750 428574 318335 374292 603344 576898 317674 320155 378379 636601 635663 203768 562986 619038 555204 425042 100802 347328 573084 326307 136024 636792 184209 239287 195156 299358 516673 465904 461870 658459 402829 577761 255649 300038 213728 685940 342115 198491 156302 482976 448131 621726 391713 459673 303543 136197 62160 545327 208423 711346 437227 493501 423447 455266
436659 580222 610828 681366 306390 103542 277888 355437 735540 576043 491848 873529 834220 563126 139313 763645 469097 563857 588819 836535 204349 999999999 687863 53545 313291 666232 353623 391833 719572 504748 240396 341980 437943 798964 840670 119118 418727 680194 615982 148472 791034 625583 725070 463447 471418 432036 144043 571774 369840 256792 785902 752034 126297 142729 205881 822478 807412 318702 739514 820940 752555 605761 165619 371028 746249 518281 189542 840800 30699 437302 251846 109969 455591 515834 666074 845366 605810 727786 428222 174193 342341 842406 153543 329280 314786 580296 549666 798633 592831 478454 439222 332819 195555 702024 386153 871639 580588 693576 313207 658717
512186 322168 541070 581782 597232 782384 418044 802831 47697 204019 891102 540217 280319 182043 751982 333441 623613 221028 520579 350846 494043 687863 999999999 686058 567500 596508 768696 356736 546834 446653 782387 616599 283288 231434 279207 726173 398252 84300 278313 811341 674684 63876 62069 923558 297887 865261 774353 573544 690546 856877 496785 154130 777007 765793 807983 154960 207754 563824 139589 330794 72957 116634 582293 542254 530449 169591 601889 287597 661487 351980 498547 759381 755385 522632 163587 501951 248705 627454 450391 789807 385870 671985 795192 391620 381181 411953 393729 538939 280225 823201 549835 413106 535195 225996 305524 308354 265698 68646 767652 133297
475354 603696 649568 720918 352011 97466 269150 302746 733493 560227 545345 904590 848762 573097 190913 785044 420734 546907 626680 856345 221239 53545 686058 999999999 268907 706980 406989 411494 756113 468697 190330 388999 450156 782357 854770 70313 389746 671852 592732 127607 832519 625143 719394 516135 489363 485438 105831 613216 420741 304589 817436 739670 96585 101655 163696 814877 793180 361352 727869 839975 753080 597376 204598 328125 781065 517002 233868 855571 44248 459953 222971 78216 402373 474103 677060 875117 623390 768629 461361 223564 323775 882149 120972 312089 306457 546777 517604 832330 612924 531709 480819 355814 226479 683023 380980 852529 558894 697049 260085 667294
590853 622279 748606 820109 521870 345855 223600 235440 609833 387073 781393 942662 799842 526134 450137 776411 163067 369901 722263 834620 310773 313291 567500 268907 999999999 814531 634049 442170 834718 215283 241245 562371 435824 589108 803198 252628 178438 523075 382315 342705 938287 519413 579429 765004 495782 725657 290632 731465 618347 570013 862887 567301 309483 280570 290945 659770 609600 513919 559505 815127 640412 455793 377822 60485 847860 422122 418906 807420 285652 495161 119008 299214 217819 206485 623170 907116 609022 873295 549246 487023 195195 974308 311867 197170 240515 298418 276027 889578 612778 751696 611995 416304 363266 484843 299233 646193 358318 603475 202572 602153
232926 276828 67375 27561 365079 760339 593991 984769 621555 697126 466919 278852 468173 431630 608921 339482 958770 703026 94115 400056 517001 666232 596508 706980 814531 999999999 438273 381937 95785 854538 891799 337500 421447 826528 477688 776828 748839 665993 791126 810434 126226 557405 658181 533773 361581 482901 809726 95024 354493 632474 208618 749095 792328 807342 870276 735601 804259 347865 733790 401292 599786 634347 502441 836754 137219 539670 477182 469035 662850 335049 695652 776196 1028893 918321 439115 273457 347934 61651 265342 621961 651857 177077 819684 641492 587604 875318 842249 188545 317160 393201 227118 398257 485501 794347 563249 904821 757089 538100 939324 465747
287967 514600 410937 462635 171862 410644 485745 708531 811963 748591 148775 706246 792901 593258 232188 681985 797046 743722 401588 757890 354925 353623 768696 406989 634049 438273 999999999 412853 523036 779299 590140 154747 487461 953148 801714 470359 672595 799663 821305 459974 542925 707240 824097 156657 474057 101508 482462 352905 91485 202788 623553 886503 457168 484827 543912 923091 947593 204877 871144 749540 811453 735168 261964 682642 561299 623885 221510 797212 369598 419890 534070 447006 805561 814003 670684 691043 576912 491480 334274 223122 568493 605707 482625 553292 508044 837862 802950 617195 548993 125161 259109 362358 292765 877392 543642 1034690 781916 741785 666770 680070
191107 194276 314612 383561 241025 495205 218570 638763 401173 357931 541367 508788 444137 189425 416445 373563 578769 357862 287854 445186 190255 391833 356736 411494 442170 381937 412853 999999999 392919 475385 568238 263517 74766 545395 451024 472113 367820 388110 444183 536663 501450 294609 411282 568674 80276 510988 515757 311099 338830 509249 425306 475856 507910 509923 566996 510554 537020 208287 460272 429257 404565 327358 247525 458050 405849 215168 256478 450476 373814 53650 325920 489603 659735 536973 284149 475667 214201 437479 130042 450482 270039 533406 532346 260081 206974 504627 470143 449084 201517 478082 225926 62768 203516 479393 184720 627635 406065 336514 594505 284150
283888 244123 114664 68243 429635 817714 611234 1020455 566075 671350 560972 185289 385720 398165 676683 258270 970100 679460 132154 311863 552384 719572 546834 756113 834718 95785 523036 392919 999999999 850425 935301 407740 416335 778254 395079 824684 749447 622224 765960 866649 128088 515847 606995 626485 353420 574235 860944 170222 435727 711399 113008 700950 845716 857617 919727 676399 752911 407084 686232 315404 540063 600226 553975 850450 41448 516370 533986 385717 712649 340845 717406 828795 1051881 918378 384240 177768 304507 87110 297126 693559 659520 141839 872741 650905 599121 862128 830663 94926 277960 486568 289416 422988 530243 757018 563237 853687 734590 483717 975270 413611
658764 611945 787275 853137 636458 554610 297268 417691 479353 242904 927748 918847 715558 476675 631881 727006 184308 225657 760665 769899 425645 504748 446653 468697 215283 854538 779299 475385 850425 999999999 453068 674498 435033 400503 716488 464360 110765 379821 195761 556170 968910 417748 437585 924599 497399 877963 504740 786440 742309 754900 850180 397567 522087 494646 505853 497788 427508 618137 394003 749335 516450 330734 518179 158123 853239 352474 557949 723193 474578 519569 256297 510412 327274 76394 552404 880645 573636 906967 603089 671533 217573 992025 526271 231783 284491 83486 68021 884450 588586 884982 688665 478125 487473 299093 291446 446046 187890 500548 397483 524464
659009 762359 832225 904279 541720 191064 378321 123706 827609 618864 721527 1074079 984095 703883 361928 936716 333386 602520 808347 1003675 385122 240396 782387 190330 241245 891799 590140 568238 935301 453068 999999999 579133 590748 828175 988952 121278 415298 749195 622649 155483 1017851 727506 803195 683417 640120 660243 112629 799087 610216 454709 988317 801529 140254 107639 66849 889808 846925 549348 792526 985795 853985 677852 391817 295010 957548 621984 423463 991346 233854 620399 284060 145605 256437 427281 807233 1042422 769770 953379 638284 384748 396570 1065259 121905 391004 411030 536536 516328 1006749 764757 715295 667365 520376 406593 724103 485278 887086 596811 807633 92140 791858
140515 362344 293182 357107 40542 428606 377512 685506 659094 611680 278176 582968 641746 439431 271422 535121 722986 608719 277186 611642 255140 341980 616599 388999 562371 337500 154747 263517 407740 674498 579133 999999999 338203 808265 650381 459040 564325 651621 690527 479471 457698 556024 673173 307125 320303 248672 485514 243109 75568 308465 496704 739345 465214 484663 547739 771391 800512 58681 723777 601960 657495 589958 192483 602018 441828 477847 156290 646352 345279 265980 449623 450507 758038 719540 515965 562843 422721 397428 180216 285938 457420 514153 492613 442881 391910 723807 688439 497646 395382 218608 120417 219878 199108 737880 413260 890352 651236 587696 640779 525401
256452 187150 354684 418619 315601 539700 218775 648645 328481 290953 615878 507156 398746 126078 478572 347176 557872 292819 328449 412927 233742 437943 283288 450156 435824 421447 487461 74766 416335 435033 590748 338203 999999999 471449 404647 505068 333149 313431 380653 577483 533900 220581 336886 643394 63085 585747 551002 361775 413431 577130 429152 401311 546466 544187 597543 436454 462461 283024 385690 395120 334211 253897 307805 441812 422156 142070 322354 405629 416435 92170 326843 528092 652751 502071 228139 471344 179249 472297 192708 514425 247850 558163 569233 241526 195502 454127 420848 458714 177956 551912 293011 130169 261491 408456 147346 553762 343768 267739 605932 222408
721777 550499 769340 812534 782406 879150 522703 813398 217866 222929 1086426 761447 477319 400907 891692 556261 582120 235495 747778 559454 633299 798964 231434 782357 589108 826528 953148 545395 778254 400503 828175 808265 471449 999999999 473093 804459 412928 163169 208076 896629 906059 271360 171960 1109805 504594 1053339 851157 798153 883789 1007590 724810 77492 860992 841475 869574 141733 38079 751505 92748 541004 252606 218330 732009 543824 761315 330428 760292 483400 769263 555486 564877 845367 726900 463396 394487 724097 478698 858731 657983 931923 458590 902109 873200 470612 487113 330289 332792 767524 509422 1023342 759362 590935 686713 104273 424886 82356 231377 296039 788005 364656
513864 288193 447955 453829 648162 943287 610715 1032573 264940 478179 889514 307100 9553 285144 863286 138208 885220 493987 439576 95255 636507 840670 279207 854770 803198 477688 801714 451024 395079 716488 988952 650381 404647 473093 999999999 909092 651221 361242 557370 981991 507238 298753 315946 940811 370748 882480 955394 501288 711546 943723 301343 406049 951113 948411 1000460 339527 438394 614299 396087 83148 225442 388420 697451 789968 362136 381917 701232 11042 820361 412965 711487 932737 1007495 792876 181945 274587 238383 481887 471545 894558 608906 480863 973809 609396 579281 689201 668664 343424 259144 814320 544993 512952 654414 498981 508257 531050 542606 217070 992768 201048
544854 665748 718937 790473 422249 95290 308756 238435 773061 585253 604668 970542 903468 625179 245526 845170 389263 570637 695801 915155 282928 119118 726173 70313 252628 776828 470359 472113 824684 464360 121278 459040 505068 804459 909092 999999999 399152 704870 607335 93208 902485 667099 755102 570460 548237 543860 48198 683232 488943 348342 883726 767420 58044 39809 95766 847851 818267 431611 756576 898244 795218 630977 274647 313081 848930 559086 304153 910445 114526 522135 239681 46642 350404 458367 729413 940388 681274 838479 529003 272501 349973 951696 69538 340423 345170 545787 519508 899656 672669 595486 550911 418952 294472 702664 421105 870891 576098 742431 198058 717594
548881 515534 681472 748642 526595 482275 187924 411154 438029 209324 820588 829170 649061 391220 537821 645081 235767 191921 654761 694710 317843 418727 398252 389746 178438 748839 672595 367820 749447 110765 415298 564325 333149 412928 651221 399152 999999999 347148 209314 492347 865370 356682 404346 820231 396174 772143 443993 678310 632849 660764 756618 388866 456956 434053 457659 481837 431959 507696 381121 674445 471004 283263 413054 144297 754740 272337 451968 656733 388041 413970 167274 442876 358164 169556 477511 791609 484650 802599 494174 578212 106980 891284 466082 121451 173730 167069 133563 788923 496044 776063 578332 367817 379959 308987 186455 474166 181551 441678 380643 452430
559855 389286 607576 653041 627976 769245 403280 757778 101771 139801 929251 623642 362895 237921 758354 416934 561360 157667 585565 435007 497749 680194 84300 671852 523075 665993 799663 388110 622224 379821 749195 651621 313431 163169 361242 704870 347148 999999999 199737 793632 750312 108828 58052 956034 342495 898733 752903 635237 726859 869362 577801 88526 758485 743819 780886 143125 149374 596009 72700 415010 141212 74520 592490 490873 608194 176848 616939 370032 652063 394273 469136 741530 698155 454422 243344 585240 319283 700565 496307 797605 356002 750722 774401 364605 366012 336667 321978 619462 349019 864466 597526 437866 545892 141872 294427 244743 193229 152679 725475 211959
634792 522083 726632 783618 658189 687580 351042 605350 301445 94618 963985 798695 558182 368467 722990 595353 379809 88388 701558 624420 476053 615982 278313 592732 382315 791126 821305 444183 765960 195761 622649 690527 380653 208076 557370 607335 209314 199737 999999999 700386 891899 269700 254447 975845 433291 922806 652776 740559 764812 843681 741827 202540 664850 642888 666798 303595 232573 631855 200210 603952 340933 175389 576820 335806 759816 251512 610818 565546 585476 472813 370459 650211 522965 264701 415818 759876 465613 835316 572022 763757 275032 903060 674879 289170 320263 138469 130219 780772 488867 909072 670089 472259 535541 104431 278152 264938 39412 341913 580083 384696
583079 727168 756782 826581 446813 51058 393377 278087 858591 676574 581111 1021975 975898 700683 227869 909775 469650 662259 735370 981848 346801 148472 811341 127607 342705 810434 459974 536663 866649 556170 155483 479471 577483 896629 981991 93208 492347 793632 700386 999999999 934211 751060 842690 537059 615325 519391 52819 715561 495567 304357 934321 858153 35640 62621 92589 936749 909779 462665 846997 965789 879150 719407 313360 402834 894008 642851 333585 982663 162874 583743 331781 52122 410350 546717 804611 993831 749608 871760 576579 242064 440442 987199 34660 430179 430448 638060 612247 946691 738159 583662 583400 479216 343845 795200 505833 963681 668880 824004 247145 794893
359123 369891 189890 118246 487681 883841 716549 1110941 693047 797296 546125 239366 498234 525047 728278 375040 1080036 804868 216052 417457 642946 791034 674684 832519 938287 126226 542925 501450 128088 968910 1017851 457698 533900 906059 507238 902485 865370 750312 891899 934211 999999999 643863 734613 617838 471911 572636 934776 219348 465440 742530 206641 828814 916913 932579 995601 802170 880351 472345 814152 424804 666052 727634 627922 958667 148327 641324 601644 497145 788338 452052 819626 900991 1153484 1034872 511778 252138 432377 65243 389926 738731 771233 65553 944313 761522 708264 984510 952380 167043 405249 477633 351896 522134 611674 884900 678979 981074 859803 611073 1065499 541409
456270 280609 498752 544835 535529 721042 358396 753805 111118 182443 831791 530211 297844 129705 688166 325783 588133 197093 476757 356791 430551 625583 63876 625143 519413 557405 707240 294609 515847 417748 727506 556024 220581 271360 298753 667099 356682 108828 269700 751060 643863 999999999 117188 862595 239754 804520 715208 526802 630454 793054 477810 194964 717009 706829 750631 215946 253960 502410 179194 336198 128150 94387 518422 498856 503691 108210 538102 305470 599579 293165 443479 699237 714794 494131 146457 491434 211721 592918 393488 725948 332242 646873 735803 336650 321978 394187 371508 518411 240740 764944 494004 349977 471324 241636 246007 352118 248693 84999 717158 115092
572145 384207 603065 643150 652302 816519 450245 814460 51008 197791 948948 592336 318613 242679 796829 386123 619374 215655 582639 395666 536928 725070 62069 719394 579429 658181 824097 411282 606995 437585 803195 673173 336886 171960 315946 755102 404346 58052 254447 842690 734613 117188 999999999 979625 356466 921615 803253 635570 747640 904809 553166 95954 807797 794339 833137 100442 146247 619338 83027 376313 90818 125359 628673 548308 589459 210878 650579 325401 697628 410137 521557 790572 756163 511921 222840 554540 310555 688330 509820 835416 408141 730150 824548 415860 412937 392393 378954 595763 342199 881884 609851 465358 581685 183358 339136 247031 250489 124079 781591 193577
429726 657411 522429 560560 328058 493443 635467 806309 966215 904570 74683 811703 931720 746410 325771 814997 926425 899363 519118 889296 504697 463447 923558 516135 765004 533773 156657 568674 626485 924599 683417 307125 643394 1109805 940811 570460 820231 956034 975845 537059 617838 862595 979625 999999999 627362 59022 571115 462523 234902 234618 734738 1043021 543799 575784 628053 1078234 1104130 360392 1027634 882919 964306 891805 407181 817410 667129 780448 368869 935477 485682 573011 673612 537947 918203 954147 819657 802044 723558 577532 482386 298773 718159 683243 565789 702893 659931 986691 952142 721222 694221 141029 396396 518981 442985 1033668 698842 1191341 936512 894418 768054 830869
217361 126652 295462 357502 304558 574625 275505 703867 339177 340982 593257 446985 363871 119202 495417 297224 620561 344911 269674 367099 268524 471418 297887 489363 495782 361581 474057 80276 353420 497399 640120 320303 63085 504594 370748 548237 396174 342495 433291 615325 471911 239754 356466 627362 999999999 568735 592764 307410 393327 584739 367523 430979 585928 586588 642391 452822 491459 270288 415123 350612 337398 291886 327382 503787 359105 185115 334405 370228 452650 54364 384279 567573 713244 564962 206163 411860 134412 410934 153970 528655 310141 495223 609905 303238 255322 513943 481187 396220 124775 525471 255042 142504 283740 451103 210419 586752 397753 267807 660463 209304
370846 598605 468060 509276 270996 473110 585955 781754 907716 849913 61724 759510 873420 687716 298567 757421 888091 845153 463594 832024 455015 432036 865261 485438 725657 482901 101508 510988 574235 877963 660243 248672 585747 1053339 882480 543860 772143 898733 922806 519391 572636 804520 921615 59022 568735 999999999 549148 408209 175950 226688 681105 985958 522425 552927 608274 1020021 1047100 302759 970515 825336 905526 835163 359796 776289 614486 723553 320213 877246 451872 514374 629852 514808 887548 910402 760637 748589 664564 529195 423373 277466 668740 637658 545967 653506 608986 937931 903136 669142 635279 96828 337772 462409 392932 978522 645144 1135046 883419 835615 741901 771904
579152 708691 753448 824398 450353 78496 356831 236246 821253 632577 610626 1010413 949657 671944 251801 889233 417134 617800 730954 959856 325750 144043 774353 105831 290632 809726 482462 515757 860944 504740 112629 485514 551002 851157 955394 48198 443993 752903 652776 52819 934776 715208 803253 571115 592764 549148 999999999 715454 509291 342124 923235 814958 27691 10096 62603 895848 865428 462547 804226 943174 843336 679062 307710 350585 886395 607163 333533 956586 148387 564938 286788 35753 362392 494090 776164 980936 726289 871328 566893 272694 397744 985563 22103 388377 393312 586972 561751 937894 716864 607368 582889 461082 332046 749007 469230 916829 622142 790308 201449 764771
142367 253341 59907 114115 270066 665404 514308 894311 604568 648376 401047 353715 491784 397315 514443 366325 879936 652213 61712 436156 428574 571774 573544 613216 731465 95024 352905 311099 170222 786440 799087 243109 361775 798153 501288 683232 678310 635237 740559 715561 219348 526802 635570 462523 307410 408209 715454 999999999 265634 542213 273077 721610 697754 713232 776253 720944 779538 253168 705902 433010 588298 594506 408620 757163 208523 491893 382508 494082 569022 270581 612477 681741 943602 846853 427100 340653 328696 156199 185135 528391 577552 272096 725135 566156 511583 813894 779855 264318 296052 325343 132565 317395 393645 755090 495674 878728 704598 521953 848864 449527
197736 425300 322378 377644 107318 444647 445094 722585 732487 686813 202637 617534 702660 512107 272879 590734 780619 683604 311656 666542 318335 369840 690546 420741 618347 354493 91485 338830 435727 742309 610216 75568 413431 883789 711546 488943 632849 726859 764812 495567 465440 630454 747640 234902 393327 175950 509291 265634 999999999 278107 533905 814685 486428 509891 571872 845455 875848 133512 799093 658359 729726 665493 241040 661512 473110 553363 200568 706846 378924 338976 509537 473591 805642 784229 584965 601247 489543 410391 247642 276560 526355 526314 513301 511545 462010 794357 759046 529168 460812 144636 167788 295196 258494 813308 487057 965894 725468 659787 678843 595967
447603 657489 597017 655224 299200 263647 492713 578369 903467 788302 287118 890202 935646 698651 123112 837401 725153 779157 583465 914066 374292 256792 856877 304589 570013 632474 202788 509249 711399 754900 454709 308465 577130 1007590 943723 348342 660764 869362 843681 304357 742530 793054 904809 234618 584739 226688 342124 542213 278107 999999999 804574 950382 314463 347830 396373 1005193 1009582 331497 936203 902845 911285 797832 276892 627281 747399 694435 255106 940949 284627 535182 498686 310965 698731 771147 790774 871032 707593 688433 475309 83546 570296 804104 334601 555572 525011 826515 794095 803474 684633 308544 428624 447874 323511 918535 582706 1085414 805835 844639 542489 793092
362138 242216 213504 181150 512913 887138 640837 1063880 507542 648561 670920 87903 292502 377225 758626 174033 986234 659207 222270 210818 603344 785902 496785 817436 862887 208618 623553 425306 113008 850180 988317 496704 429152 724810 301343 883726 756618 577801 741827 934321 206641 477810 553166 734738 367523 681105 923235 273077 533905 804574 999999999 649024 910532 918914 979480 610359 695902 486212 635366 218518 476412 568910 621498 870963 71971 501827 607243 291069 775327 371704 749451 892941 1080553 922029 334474 67613 278651 191351 357810 779279 676966 181877 936915 670580 622668 850872 821849 43434 261596 595892 376288 468049 591510 717881 574801 795535 714378 429481 1019432 365981
648339 473217 692136 735046 715030 837068 474159 798109 144384 183098 1017184 687961 409517 324668 837103 481950 581866 199053 670742 489167 576898 752034 154130 739670 567301 749095 886503 475856 700950 397567 801529 739345 401311 77492 406049 767420 388866 88526 202540 858153 828814 194964 95954 1043021 430979 985958 814958 721610 814685 950382 649024 999999999 822661 805546 838256 101563 61169 683376 15868 470179 181639 153046 673659 527832 684395 262671 699791 415974 723064 482795 528423 806308 724021 467210 317481 650271 401232 781267 584822 876847 417713 825551 836796 428220 437444 338454 332757 691553 432027 952753 686019 524277 627530 107378 369962 157158 213130 219653 769237 287420
562950 699657 737125 807623 430936 50819 358963 263908 824178 640998 583969 997971 945158 668894 225793 881412 440845 626653 715086 952871 317674 126297 777007 96585 309483 792328 457168 507910 845716 522087 140254 465214 546466 860992 951113 58044 456956 758485 664850 35640 916913 717009 807797 543799 585928 522425 27691 697754 486428 314463 910532 822661 999999999 34638 86745 901589 874190 444594 811553 936539 845139 684317 291752 369813 872041 608809 315270 951990 135628 555976 296141 18384 389510 514454 772974 969138 719974 853845 553295 245600 404949 968625 27441 394788 395925 603686 577529 924109 709387 581879 565247 451639 319064 759565 471488 928068 633270 790594 229051 762649
576320 703155 750605 821733 449077 84666 348518 230823 812634 623087 614307 1005982 942733 664694 254992 883275 407766 608256 727924 953634 320155 142729 765793 101655 280570 807342 484827 509923 857617 494646 107639 484663 544187 841475 948411 39809 434053 743819 642888 62621 932579 706829 794339 575784 586588 552927 10096 713232 509891 347830 918914 805546 34638 999999999 63192 886723 855873 460561 794869 936851 834937 670043 305017 340548 882710 598840 331821 949688 145008 559432 277270 38130 354903 484150 768926 976276 719916 868969 563016 277111 388481 982939 32045 379244 384874 576877 551667 933978 710839 609857 580690 455793 328134 739254 460826 907001 612342 782239 194945 757267
638974 760903 813221 884483 512254 135172 394303 186333 854218 655165 669902 1066308 995067 715755 312438 939549 396997 639527 790375 1008915 378379 205881 807983 163696 290945 870276 543912 566996 919727 505853 66849 547739 597543 869574 1000460 95766 457659 780886 666798 92589 995601 750631 833137 628053 642391 608274 62603 776253 571872 396373 979480 838256 86745 63192 999999999 923025 886229 523686 828375 991760 878334 708028 367859 348179 944350 643350 395005 1002135 207562 617412 311756 98282 323103 485804 819889 1036129 774817 931912 624472 330962 425059 1045706 62358 417433 429465 589196 566811 995254 767021 668614 643731 514505 389734 766151 505241 931735 638632 828190 158637 806812
666354 467672 684284 718448 751437 912241 546108 892778 116684 272696 1046058 637792 344756 336148 896775 437401 682055 289937 665524 430042 636601 822478 154960 814877 659770 735601 923091 510554 676399 497788 889808 771391 436454 141733 339527 847851 481837 143125 303595 936749 802170 215946 100442 1078234 452822 1020021 895848 720944 845455 1005193 610359 101563 901589 886723 923025 999999999 104032 718228 103788 412860 136386 217512 728943 623345 654553 311003 751018 350229 794591 506939 611411 884649 823327 568274 296626 601739 392455 760547 604981 935500 498567 791133 917387 507480 508805 439999 433708 653715 424996 978010 703922 565408 681984 208186 436352 191525 311491 199057 862299 271703
