NAME : synthetic_000215
TYPE : CTSP-D
DIMENSION : 100
GROUPS : 8
RELAXATION_LEVEL : 1
EDGE_WEIGHT_TYPE : EXPLICIT
EDGE_WEIGHT_FORMAT : FULL_MATRIX
EDGE_WEIGHT_SECTION
999999999 550292 737812 733185 1132851 580855 807095 469690 450344 712072 594537 561175 418975 270585 1046466 195438 521991 296259 833858 634067 1052332 409826 528961 412638 524030 606792 611780 782685 560763 223814 497956 268738 570936 93453 539015 768031 318064 596812 857514 917837 460343 949928 315584 328642 921661 513443 341805 457437 953756 992073 152120 864828 564523 670626 906035 133330 551573 191509 422133 1041137 912608 223169 748788 256230 982698 428466 436784 845929 378560 746100 757989 501021 993361 628568 896435 506453 358748 342005 111811 518706 976511 548996 199449 889549 797743 148311 186271 682221 845515 760089 258481 845491 830546 521316 41671 690663 826069 361011 306864 575998
550292 999999999 487979 413328 636181 684962 271382 482089 629855 221621 149875 481219 552916 424199 531703 432076 37313 434765 293387 353764 548979 419028 190607 513606 236864 218134 464636 267310 484083 455114 280519 416668 248421 473348 29757 364375 239891 501892 507472 374496 373826 419874 360569 244816 405904 326558 226811 193545 410093 497676 537108 356482 349093 200793 515293 451098 362027 501617 601588 510023 578579 459083 391530 379977 509937 527074 291846 382668 615642 463887 314515 192841 445372 84859 431264 161603 200603 752509 553832 414694 451076 6465 351644 343799 311689 447319 614981 175021 385015 411367 514883 367129 444607 75753 570681 290977 364475 456910 526263 325802
737812 487979 999999999 898880 535120 404402 454672 922582 457037 673263 636037 947814 408820 786847 512652 542680 512643 810364 642465 841370 490009 336231 310435 383095 716550 705624 140830 394043 950210 789884 751265 471139 734897 645885 515435 204407 584507 184543 982338 534514 277605 497542 749062 614255 441773 233033 471784 652109 556408 432099 620585 399586 829492 325858 975961 723037 839051 568144 452299 556869 1053196 793281 141917 732440 386487 378357 315591 819970 992374 951063 775905 323966 611924 458995 858685 639287 571347 1056460 810605 878932 498056 481663 591637 650607 336942 589545 893393 378929 823952 892819 521003 332716 913701 421577 728864 222782 298510 397846 487743 809452
733185 413328 898880 999999999 900587 1069552 549793 344571 989719 252199 263564 259075 916631 476781 783426 718728 395223 460328 385827 99125 817204 795482 602547 881005 228905 196219 875652 587732 262193 528045 237951 740377 187968 699838 388350 750070 467338 909401 124383 587174 766994 663639 419243 438630 683884 732904 551939 311820 609721 788378 800384 659717 171057 586402 179167 600097 188159 787119 958139 728908 185105 530494 789921 477669 823996 897242 682173 215770 548528 58050 168765 600588 606367 444656 243801 289484 440906 747404 670278 248087 698070 419778 589045 438240 654132 707092 683966 540272 211320 39078 827993 703531 113951 485898 770012 688999 716140 814664 856612 157252
1132851 636181 535120 900587 999999999 939115 374462 1103298 977580 655886 712240 1077960 916989 1058991 117161 960180 673375 1070739 516190 900027 87896 806939 604270 883309 838596 769978 659752 368975 1081266 1086118 890772 905640 825312 1042037 661706 383855 861234 711569 919107 313421 734622 237958 996638 874401 232262 658756 794495 822937 293197 141537 1061158 279867 932883 465156 874149 1063409 952293 1011232 966346 179236 975948 1090085 428543 1012157 157309 884219 714593 715912 1251478 958129 732551 632282 312160 552901 724635 778817 826758 1383519 1166118 1019934 203153 633706 941112 471290 337067 996386 1236758 466474 721262 873514 986017 287384 848062 629469 1139960 449485 308161 871948 967329 902542
580855 684962 404402 1069552 939115 999999999 788295 954114 132924 906115 822898 1016602 171184 763663 908242 423813 688690 793029 937388 985305 889672 274101 508207 196574 845965 879217 287226 732260 1017818 740441 857398 363945 882329 516166 700790 579808 625918 233127 1179708 890112 311290 872087 761060 659961 819875 370234 521409 763815 918719 829361 428944 768627 943699 623783 1196819 641894 943602 392943 158825 943802 1249195 742329 521864 716851 787940 178701 393669 1067025 938060 1108993 998570 496525 973646 705858 1114607 780072 639796 921073 687254 952819 880076 679030 547141 965551 695111 465909 766770 672161 1069568 1077953 324948 709905 1123217 610262 551079 552597 676302 266197 276758 935983
807095 271382 454672 549793 374462 788295 999999999 728842 776324 297701 338574 705504 702516 694766 263806 660561 307360 703907 200614 534256 286619 569599 313287 663093 464289 399111 510460 60630 708765 726493 516339 623713 452801 722843 293752 255049 508464 562438 594939 113844 502440 148544 629648 515885 142760 428008 466933 450504 149061 244912 767208 109927 561068 168140 567786 718295 579802 723457 754905 238759 660720 730461 314515 651326 274795 670967 446647 402550 881117 607778 389769 337788 196691 186558 430344 404909 470515 1023799 821624 646160 180455 270212 608125 196890 124804 686852 885421 131654 407446 528893 717808 161037 521861 285780 822192 241709 183137 626339 714291 531333
469690 482089 922582 344571 1103298 954114 728842 999999999 843903 478869 393535 99752 784100 203704 991361 538834 446017 175301 637054 264662 1015433 698064 616315 758035 265899 346912 848121 741182 98161 246143 212993 590606 288356 474803 453102 840502 346257 863012 454627 807489 701902 871447 193141 313217 871249 703569 463536 288669 838703 970248 583820 828719 196730 681660 520510 346032 174211 591778 811388 954215 490977 246588 857271 240454 988619 776075 627676 535782 203964 329492 457737 599410 854508 557662 575614 326048 352157 404191 377341 100562 905640 486417 407752 698587 792285 506905 364849 656186 532731 382083 651025 847682 458395 521357 511088 761896 846484 688785 692663 226810
450344 629855 457037 989719 977580 132924 776324 843903 999999999 850490 756343 912743 77055 647842 931472 305994 626804 677453 902998 900418 918594 213096 473002 116911 761975 806247 320163 725202 913678 620648 766878 256707 801809 390697 640891 600414 530801 272493 1105084 884932 274392 878669 652265 563711 830426 348558 438071 678815 916419 856172 298225 775371 852336 608209 1129061 519731 849844 265954 32654 957823 1172825 622234 549574 604021 821689 106002 343122 1010970 813839 1024717 936388 455071 969516 665532 1060422 702213 550760 789266 558365 851592 891664 624498 436664 938501 699523 343962 636584 650820 1012951 1002045 198976 724036 1053519 559063 419335 556176 692391 176076 152842 848005
712072 221621 673263 252199 655886 906115 297701 478869 850490 999999999 117664 432533 773706 514090 539212 630841 224805 511826 158324 245278 570579 640473 403961 734630 223932 133150 674137 336375 435956 558843 274764 627347 191253 650138 209891 507368 396794 715590 311411 344636 594831 417928 444407 383433 433730 543325 430485 260645 371453 538235 730635 407624 288702 349712 303541 591811 310298 702057 821707 490627 381415 562433 552774 487860 572219 748369 513417 161052 662003 310129 102749 411073 379326 215648 209936 208081 357537 836805 686004 383605 452748 227370 526011 219719 403696 636478 728283 299266 163471 233326 724427 451940 240962 295855 740247 454336 465911 676343 740643 257290
594537 149875 636037 263564 712240 822898 338574 393535 756343 117664 999999999 367294 680495 401654 598885 519968 135422 401891 258749 211115 624628 551374 339926 642539 127658 70500 613767 359324 370520 444651 180759 522501 115480 533992 126152 497376 280365 649556 359881 414103 514168 478363 331904 265908 481303 473328 325015 144755 445799 582861 617398 443164 223970 331308 374126 474303 241782 591263 726307 560696 430676 448333 532042 372377 607131 657449 429942 262587 562316 315029 181254 339850 464927 189851 313801 91435 241869 728489 569246 307707 512752 156336 410281 320197 418699 522684 613864 290869 263513 261973 617974 472459 300401 223585 623087 430667 478220 580488 637754 195541
561175 481219 947814 259075 1077960 1016602 705504 99752 912743 432533 367294 999999999 848922 291079 963290 611519 448021 264941 589620 195313 990685 752376 637595 820058 246579 308321 886299 725723 3444 337691 200835 656557 252765 557575 451465 845486 394002 906509 361095 773099 747580 841941 263304 359655 848062 739453 508230 296459 802049 950085 666351 810404 145323 681602 429527 433188 125723 669350 880091 920176 393355 338664 869169 318494 973953 837901 668618 463549 296947 235826 392953 624387 811853 547968 498912 319623 389966 499332 473542 68923 876674 486439 477068 649593 782442 584114 464373 649383 459921 297878 725016 837110 372478 532467 602096 770318 839965 750424 764057 176248
418975 552916 408820 916631 916989 171184 702516 784100 77055 773706 680495 848922 999999999 592529 865793 252912 550286 621922 826289 828609 854842 136315 396942 40081 689703 731467 268363 652514 850018 569431 696736 193494 728664 348083 564231 536150 461939 227511 1030922 812095 200085 808490 591278 495450 761469 276013 364704 606682 844085 792019 269813 705661 782634 534399 1053704 471550 781072 227844 52414 889320 1099080 571363 488512 546055 760184 32940 266280 934289 768126 952863 860192 378487 896682 588675 983643 628267 479594 760956 521783 786271 822736 547534 376587 862336 629614 296046 603067 575882 936309 928065 160513 656662 978415 482009 393136 487149 625827 102043 112350 777102
270585 424199 786847 476781 1058991 763663 694766 203704 647842 514090 401654 291079 592529 999999999 955882 341895 387596 29641 659961 379204 972297 521347 500600 569975 296218 388536 692603 690213 290816 51278 255568 400457 339722 271346 401034 744330 208892 698816 599597 792450 538329 843262 69781 187451 829895 556352 315191 258161 827088 919080 380273 779171 305724 603313 654475 142668 289672 390303 615656 932570 649966 53742 747430 54410 925742 588021 474952 621089 206455 482577 533597 477769 855224 508857 668832 311386 235951 330600 193668 249049 874980 426112 218904 720911 727292 306263 216167 593082 619587 507664 451771 781656 581939 434157 311217 662525 772448 502235 495318 322966
1046466 531703 512652 783426 117161 908242 263806 991361 931472 539212 598885 963290 865793 955882 999999999 882006 568493 966155 399186 783730 42820 746642 522864 829753 725910 655028 622146 267770 966619 985429 778463 832777 710958 957616 555805 331388 763012 675838 803114 196260 674284 121576 891886 773736 126650 596653 705203 714282 177018 80988 985751 181827 818047 375995 759596 969143 837761 937518 916855 72418 860873 989403 386560 910737 134790 832859 642936 600041 1144626 840970 615407 550661 201864 447242 610423 668538 726919 1283164 1072422 906270 86723 529789 851028 355484 250716 915097 1140245 368300 605384 756408 918549 211157 731760 532782 1056587 382070 240220 810230 904577 787501
195438 432076 542680 718728 960180 423813 660561 538834 305994 630841 519968 611519 252912 341895 882006 999999999 413373 371491 725463 623397 883354 215787 359187 235426 490905 553860 416641 626947 612216 316639 484482 74226 535375 106106 430326 585536 251994 403883 840135 774150 265091 795295 348833 280173 760703 321542 205276 409944 809601 821463 106861 702793 566503 508483 875234 219104 560665 71304 273763 885100 903827 318516 560794 298496 806376 252981 249362 782501 515876 746074 698986 331509 854610 497751 833747 446104 283312 527511 280850 553297 818645 428854 135272 774649 631290 48588 364648 530050 783304 737281 113657 674804 798163 382759 187730 511863 652030 173865 153879 567398
521991 37313 512643 395223 673375 688690 307360 446017 626804 224805 135422 448021 550286 387596 568493 413373 999999999 397756 314873 329343 586114 418785 208015 511619 206069 199013 480434 304563 450813 419379 247200 403906 222346 447910 17246 397711 207837 514842 495246 408602 379090 455904 323523 210240 442874 338413 209064 157350 443992 534973 516839 393731 319082 235851 508237 418898 330833 483860 597599 545717 565951 423341 422084 344112 547131 525917 295195 384379 578353 443514 310585 205444 477569 121283 434272 129315 167709 716469 521106 380857 487411 40704 324741 368299 348751 425222 580584 212080 386249 396500 501617 404169 435401 91771 544036 322462 400965 451982 516216 297367
296259 434765 810364 460328 1070739 793029 703907 175301 677453 511826 401891 264941 621922 29641 966155 371491 397756 999999999 660640 363974 983688 549358 520478 599110 290663 383617 718421 701764 264507 72946 246613 429648 332359 300435 410403 762471 228890 725663 582105 799284 564845 852167 74277 204592 840629 580831 338615 260749 833562 931463 409251 790890 289641 618366 638878 170742 272309 419842 645254 940818 630541 74242 767449 79978 939777 617164 499901 612450 186375 463222 525654 498372 860024 518929 659319 313156 252747 326746 213224 226558 884340 437070 247641 722014 741005 335877 225788 605870 610713 492408 481409 795714 567500 449303 337287 680832 787600 531201 524947 309010
833858 293387 642465 385827 516190 937388 200614 637054 902998 158324 258749 589620 826289 659961 399186 725463 314873 660640 999999999 398784 434840 689977 431584 786229 378639 290523 676397 256818 593055 701773 430741 707538 348989 762481 297629 450580 516069 724626 407305 203504 632296 281809 590303 510046 310805 567212 520195 401989 224018 413001 830334 301465 446635 324046 372092 722406 468394 794900 877293 343082 469177 705526 506705 628267 456066 797414 560050 207138 817571 442853 217115 447975 223588 238142 230380 348616 475277 987210 821122 541887 315372 296699 638762 61966 324653 739724 870345 271161 212313 357504 805729 360562 334825 350723 857732 420885 383750 736796 813507 415218
634067 353764 841370 99125 900027 985305 534256 264662 900418 245278 211115 195313 828609 379204 783730 623397 329343 363974 398784 999999999 813991 711474 536657 794037 139341 141150 805921 563430 198739 430385 139911 648364 107655 601419 325939 708491 373364 836172 223497 589824 688152 662224 320429 343352 674501 660491 464600 221976 616659 778447 702833 642822 74814 542402 275271 501005 94844 691005 868490 735897 281942 432945 742336 378662 808136 810699 603740 271512 466209 124300 197687 531150 622236 400884 311046 209690 349736 660917 572343 164277 697089 359991 492263 457432 625984 610078 588894 501432 268313 128504 733834 678484 203707 421073 670899 640997 686608 726581 764068 58154
1052332 548979 490009 817204 87896 889672 286619 1015433 918594 570579 624628 990685 854842 972297 42820 883354 586114 983688 434840 813991 999999999 739317 525281 819710 750832 682918 605306 282084 993982 1000110 802953 831412 737967 962335 574249 318694 775891 658482 840472 231340 666812 153594 909531 788307 144376 589751 712423 735148 215443 63147 985813 193271 845714 382407 798410 979590 864986 936697 905296 115237 899195 1004081 370087 925908 104580 821917 640639 637705 1163997 874961 649873 553268 243641 465421 649600 690924 740882 1297697 1082569 932334 119487 546620 858864 393611 254647 918099 1152187 380632 643035 791122 914736 208576 768713 544400 1060815 376668 233620 803653 898606 815485
409826 419028 336231 795482 806939 274101 569599 698064 213096 640473 551374 752376 136315 521347 746642 215787 418785 549358 689977 711474 739317 999999999 261137 96252 572163 605889 203001 521602 753857 508721 585284 141585 608231 321870 431977 423085 358513 188305 906350 680535 72505 681459 506078 392870 636834 150001 248860 490353 713284 676171 284516 579919 671612 401923 925472 422427 672562 232215 187702 764968 975563 511386 383521 469879 649672 108287 130027 801406 714210 835015 729365 242198 764986 452436 850273 505998 368378 742674 495373 686662 697881 413466 303605 726250 503946 264329 579333 441424 803601 804287 186649 535700 851106 346895 396313 364698 506753 65437 160811 662826
528961 190607 310435 602547 604270 508207 313287 616315 473002 403961 339926 637595 396942 500600 522864 359187 208015 520478 431584 536657 525281 261137 999999999 356907 407583 406443 274029 271724 640028 514157 440919 313654 429172 437778 214215 247476 291811 312286 698008 426431 200717 438727 453069 316943 401870 139818 197247 341679 460642 464087 463602 343870 520092 150946 703779 470447 529014 416609 448742 527379 769141 517928 246972 447434 453898 367050 133981 563252 706525 651489 501826 28018 509964 197658 609251 330624 270411 802550 570379 568761 460514 184163 341863 465499 272166 392827 646488 182432 566200 601803 405497 317231 634401 116656 535781 166198 297112 314324 401022 501243
412638 513606 383095 881005 883309 196574 663093 758035 116911 734630 642539 820058 40081 569975 829753 235426 511619 599110 786229 794037 819710 96252 356907 999999999 654883 694508 242305 613526 821263 549648 663566 169571 693103 335838 525369 501191 430252 206732 994380 773003 160852 770473 564908 464121 724010 237476 329508 572069 805178 756753 268091 667903 749695 495024 1016123 454334 748818 221556 92003 851994 1062861 551793 455333 521926 726227 18074 226250 895338 751015 918180 821822 338408 857574 548658 944554 592112 446002 754056 511364 756466 785255 508172 352041 822272 591820 281232 593919 536109 897410 891708 157762 620007 941079 442341 390146 449921 589590 69633 113486 743266
524030 236864 716550 228905 838596 845965 464289 265899 761975 223932 127658 246579 689703 296218 725910 490905 206069 290663 378639 139341 750832 572163 407583 654883 999999999 93013 672073 480620 249612 344009 53194 511520 46942 479632 207228 600931 238998 700219 349234 541735 550002 605699 227940 211737 606997 525578 325386 83181 573264 707404 576150 566604 113140 436013 387262 394418 125164 560062 730191 688353 413746 347320 627870 278640 728959 671481 465922 326711 438937 263306 238583 399227 591011 301403 375805 77298 212081 613547 479285 183026 639982 242442 363758 440605 536103 481801 512334 402814 325609 246447 599338 590935 310409 295285 557768 527703 593395 587660 627714 94253
606792 218134 705624 196219 769978 879217 399111 346912 806247 133150 70500 308321 731467 388536 655028 553860 199013 383617 290523 141150 682918 605889 406443 694508 93013 999999999 679434 424529 311664 435583 141992 564521 58558 555190 192357 567580 304798 713497 300499 465190 573396 533635 319690 283396 541073 536991 369407 150009 494853 644022 645959 506107 163027 401612 323972 480074 183086 624616 775437 612340 370143 438982 602542 368103 671011 710096 488643 239217 529027 245753 151198 404417 508037 259838 289645 107769 270613 706317 568618 254063 568384 224543 434518 352300 485844 550845 604437 360284 238729 199180 657267 538901 247637 289788 638566 501166 546082 630215 680876 132569
611780 464636 140830 875652 659752 287226 510460 848121 320163 674137 613767 886299 268363 692603 622146 416641 480434 718421 676397 805921 605306 203001 274029 242305 672073 679434 999999999 452171 888332 688600 698703 343050 698312 522098 487769 292627 502273 54118 971981 607281 157089 585559 664047 534923 532872 147259 385091 598437 634508 544093 486530 482402 782041 353318 976181 611956 788157 434578 313112 656581 1043131 691695 235642 638702 505453 237609 220636 830714 894164 923381 773918 275294 689850 460616 874458 596904 497806 940018 692576 817788 592922 458191 484355 696756 409993 464762 776337 405391 834034 875722 383648 422747 907846 390196 599267 269924 389086 261045 348343 766319
782685 267310 394043 587732 368975 732260 60630 741182 725202 336375 359324 725723 652514 690213 267770 626947 304563 701764 256818 563430 282084 521602 271724 613526 480620 424529 452171 999999999 728886 718393 531016 585184 474801 695705 293364 195158 495274 504639 641243 159740 452688 168440 627668 506583 141135 376728 440887 456409 191714 230634 732829 89173 583277 121205 618246 701688 600702 687205 704920 258981 708513 722366 254049 644000 248347 620520 402523 453878 882890 645314 433359 297959 244315 184943 484514 415139 459456 1016091 805038 663641 193825 264746 585491 257157 69131 656354 872476 100957 458597 569626 677046 115866 568465 265256 795090 182536 130869 580393 670510 554716
560763 484083 950210 262193 1081266 1017818 708765 98161 913678 435956 370520 3444 850018 290816 966619 612216 450813 264507 593055 198739 993982 753857 640028 821263 249612 311664 888332 728886 999999999 337191 203650 657563 256047 557739 454331 848321 395545 908382 363790 776472 749354 845277 263839 361208 851334 741523 509951 299003 805439 953329 666557 813614 148678 684507 432360 433040 129005 669825 881027 923553 395653 338125 871866 318760 977128 839117 670520 466892 294487 238561 396373 626724 815277 551011 502182 322497 391819 496942 472677 71278 880007 489288 477860 653033 785529 584584 462930 652401 463258 301019 725681 840215 375540 535103 601730 773073 843006 751630 764851 179628
223814 455114 789884 528045 1086118 740441 726493 246143 620648 558843 444651 337691 569431 51278 985429 316639 419379 72946 701773 430385 1000110 508721 514157 549648 344009 435583 688600 718393 337191 999999999 305222 380563 388358 235562 433803 760523 226735 690847 650872 827060 532387 874985 116071 211817 858977 557428 321796 300065 862095 945405 343083 806850 356989 625979 705651 103402 340931 358360 588930 965054 701039 3974 759518 75368 949286 567550 475053 669952 206008 533641 582177 489815 892247 539962 718101 353536 259388 297737 142413 298871 905997 456442 205715 762196 751850 276743 169441 619650 668573 558817 422473 805473 632943 457669 265064 678657 794353 483640 467820 373987
497956 280519 751265 237951 890772 857398 516339 212993 766878 274764 180759 200835 696736 255568 778463 484482 247200 246613 430741 139911 802953 585284 440919 663566 53194 141992 698703 531016 203650 305222 999999999 512550 86587 461888 250781 644676 236664 723682 361985 594862 569349 658458 190218 205231 658939 551493 336439 100346 626447 758789 562923 617654 86337 481129 408080 365805 89480 551531 734645 741415 421835 308268 668710 245469 779201 680674 486722 365942 387255 261593 279049 429899 644090 349802 413310 119064 217657 565463 444235 134353 692669 285673 352552 492693 584990 470246 471192 450459 364297 262465 595731 640080 332759 332720 533732 569576 641330 595053 627413 82942
268738 416668 471139 740377 905640 363945 623713 590606 256707 627347 522501 656557 193494 400457 832777 74226 403906 429648 707538 648364 831412 141585 313654 169571 511520 564521 343050 585184 657563 380563 512550 999999999 553514 180331 420037 526290 275888 329661 858832 737519 193874 752368 397832 308062 714384 255837 197571 428573 772367 768847 156672 656342 597319 464600 888412 287520 594030 105645 224093 840706 924896 382805 497202 352934 750180 187596 191053 783881 583308 772429 703647 287239 819846 473091 834700 457674 299471 601578 354628 594944 773677 412535 183204 752853 582812 122802 438520 492086 785182 755514 98256 623159 811783 357830 257726 456156 598348 103277 116524 594522
570936 248421 734897 187968 825312 882329 452801 288356 801809 191253 115480 252765 728664 339722 710958 535375 222346 332359 348989 107655 737967 608231 429172 693103 46942 58558 698312 474801 256047 388358 86587 553514 999999999 526251 219906 608062 283409 728930 305512 522453 582267 589794 272398 257310 595308 553059 363970 125584 552553 697511 622048 558326 108552 441966 341147 441108 127043 604965 770283 669593 371518 391573 639136 324482 722525 709400 497630 281604 471872 227697 193885 423495 566454 302576 330124 103050 254335 652018 524939 196228 624445 254506 409589 410711 533858 527487 555840 404300 280285 202277 642771 587806 264162 313920 604710 538052 592976 626695 669945 80301
93453 473348 645885 699838 1042037 516166 722843 474803 390697 650138 533992 557575 348083 271346 957616 106106 447910 300435 762481 601419 962335 321870 437778 335838 479632 555190 522098 695705 557739 235562 461888 180331 526251 999999999 465139 675111 253633 509988 823794 834785 368864 863653 297000 271808 833566 420245 255912 405473 870649 901624 109056 776344 536847 581632 866591 132232 527100 124946 360047 954614 883168 236519 655360 239365 890983 352742 343331 792136 423146 719558 705403 409774 912076 548274 843249 450221 292615 421682 175932 506345 889361 471406 124419 816084 708016 57541 259316 595879 792223 723190 191900 754850 789921 437771 99432 598223 734676 278163 239535 543528
539015 29757 515435 388350 661706 700790 293752 453102 640891 209891 126152 451465 564231 401034 555805 430326 17246 410403 297629 325939 574249 431977 214215 525369 207228 192357 487769 293364 454331 433803 250781 420037 219906 465139 999999999 394127 224303 523436 485754 393528 390492 442229 336127 225691 430610 347301 225789 164867 428790 523985 533943 382434 319628 230447 496752 435172 332380 500731 611921 531675 556666 437757 420894 358463 537613 539442 307122 370079 589772 437849 297847 213724 461639 108831 419679 131847 183983 730503 537173 384983 474073 35215 341919 351111 339828 442420 595890 203309 372078 388085 517874 395286 424661 97612 561204 320505 393385 466473 531891 296676
768031 364375 204407 750070 383855 579808 255049 840502 600414 507368 497376 845486 536150 744330 331388 585536 397711 762471 450580 708491 318694 423085 247476 501191 600931 567580 292627 195158 848321 760523 644676 526290 608062 675111 394127 999999999 535749 346691 818470 330108 350776 296446 692363 557880 242005 275307 444523 553401 352499 255944 682831 195985 712282 166190 802691 717461 726036 631817 586645 364033 887813 764337 62708 692084 226617 503227 336495 640902 948834 805765 609083 273607 408125 307812 675047 525944 509820 1050025 816467 778556 301079 359067 587647 451932 133335 625312 893544 209822 645333 737655 603174 131458 746996 319614 770211 81888 97221 488108 583512 687456
318064 239891 584507 467338 861234 625918 508464 346257 530801 396794 280365 394002 461939 208892 763012 251994 207837 228890 516069 373364 775891 358513 291811 430252 238998 304798 502273 495274 395545 226735 236664 275888 283409 253633 224303 535749 999999999 516913 588220 614136 356113 656017 164555 34359 636362 359162 117303 158140 649821 720121 341163 582907 321619 399416 623758 211246 319211 321639 498446 746974 652412 230650 538743 156347 722758 447749 281657 539380 414729 497078 453394 269483 685031 323037 590606 197980 40814 522670 313969 328177 685784 239872 130402 572506 525817 246057 377465 395337 539648 485300 360713 579095 546667 231823 344029 453890 567626 360998 390939 318801
596812 501892 184543 909401 711569 233127 562438 863012 272493 715590 649556 906509 227511 698816 675838 403883 514842 725663 724626 836172 658482 188305 312286 206732 700219 713497 54118 504639 908382 690847 723682 329661 728930 509988 523436 346691 516913 999999999 1009061 660514 161457 639583 675326 550460 586974 176507 399907 623971 688056 597518 463958 536357 808282 402992 1016064 608686 813091 413203 268544 710674 1080050 693738 289277 645685 558034 199008 238000 873675 896854 955530 814084 309712 743323 504174 918378 626510 516571 930979 683658 838551 647039 495511 485201 746831 463679 452463 767620 454278 876829 911290 357139 476864 946396 426496 580921 322827 443200 237926 317788 794206
857514 507472 982338 124383 919107 1179708 594939 454627 1105084 311411 359881 361095 1030922 599597 803114 840135 495246 582105 407305 223497 840472 906350 698008 994380 349234 300499 971981 641243 363790 650872 361985 858832 305512 823794 485754 818470 588220 1009061 999999999 609658 873085 688461 543238 560550 717612 833053 667122 431007 626124 820287 923616 702806 294290 660738 73413 724380 310003 909129 1073907 741635 71207 653213 864122 601848 862202 1010159 788486 203218 657286 125374 209413 699405 611667 523348 203627 402887 559841 858747 793253 363527 721392 513897 711801 447817 709963 829930 804052 610665 197866 103319 948220 754732 73105 582594 894394 765248 772058 929305 975315 281634
917837 374496 534514 587174 313421 890112 113844 807489 884932 344636 414103 773099 812095 792450 196260 774150 408602 799284 203504 589824 231340 680535 426431 773003 541735 465190 607281 159740 776472 827060 594862 737519 522453 834785 393528 330108 614136 660514 609658 999999999 612151 78939 725443 618817 119054 536426 579034 540723 35921 213612 880856 137641 627836 278722 569848 825080 648249 837273 864508 147154 669528 831003 392708 751692 262434 780171 559271 407409 971383 644710 419180 451304 84594 291314 422460 491402 575095 1122868 928080 718654 111897 374279 718499 165523 199148 799831 989170 245434 412712 560258 831409 206723 537638 397051 933998 337817 239072 738386 827202 596861
460343 373826 277605 766994 734622 311290 502440 701902 274392 594831 514168 747580 200085 538329 674284 265091 379090 564845 632296 688152 666812 72505 200717 160852 550002 573396 157089 452688 749354 532387 569349 193874 582267 368864 390492 350776 356113 161457 873085 612151 999999999 610645 513869 389902 565274 77856 239623 470932 644360 603667 346499 508621 654967 334316 887186 454888 658309 293959 252488 693403 943300 535414 312583 484894 577390 168638 84826 755736 738227 809957 687893 186157 696723 397079 803399 479216 357879 783982 536797 680105 626409 367848 327560 665410 432565 312177 620348 376440 758279 772571 255290 463435 814460 298976 451473 292478 434317 137336 232768 643018
949928 419874 497542 663639 237958 872087 148544 871447 878669 417928 478363 841941 808490 843262 121576 795295 455904 852167 281809 662224 153594 681459 438727 770473 605699 533635 585559 168440 845277 874985 658458 752368 589794 863653 442229 296446 656017 639583 688461 78939 610645 999999999 777932 664179 56434 533150 608331 597294 73328 135758 901034 103723 696662 287802 648725 865027 716485 855030 860627 91341 748466 878955 358452 799844 187439 775918 567138 486331 1028391 721377 496294 465466 121765 335023 501094 550258 618487 1172335 968433 785376 34867 418604 751915 244089 179164 824758 1033301 267819 491632 637561 842951 165246 616333 429918 963073 322845 199620 742346 834224 666055
315584 360569 749062 419243 996638 761060 629648 193141 652265 444407 331904 263304 591278 69781 891886 348833 323523 74277 590303 320429 909531 506078 453069 564908 227940 319690 664047 627668 263839 116071 190218 397832 272398 297000 336127 692363 164555 675326 543238 725443 513869 777932 999999999 136217 766397 522760 279691 188735 759836 857525 404886 716813 249322 545761 594837 182313 235989 406085 619669 866671 597135 119384 699694 59548 866445 582944 443705 554000 257713 430516 466154 432192 786978 444669 602337 241814 183037 398850 254076 209358 810075 362935 215602 651333 667592 320867 284781 532145 552670 448059 462088 722440 520872 376995 353996 611011 714938 495643 502081 262867
328642 244816 614255 438630 874401 659961 515885 313217 563711 383433 265908 359655 495450 187451 773736 280173 210240 204592 510046 343352 788307 392870 316943 464121 211737 283396 534923 506583 361208 211817 205231 308062 257310 271808 225691 557880 34359 550460 560550 618817 389902 664179 136217 999999999 647232 390928 150568 133961 654231 733835 364794 595042 289322 416100 598431 212418 286139 348604 531278 754636 623709 215789 563721 137921 738940 481673 314464 520702 390962 466503 433688 295989 687190 329399 571718 179009 48502 509512 312638 293836 694804 245699 152345 567978 540873 270179 370352 407931 520680 458072 390629 594916 521404 247059 357598 476245 585135 394768 422332 287884
921661 405904 441773 683884 232262 819875 142760 871249 830426 433730 481303 848062 761469 829895 126650 760703 442874 840629 310805 674501 144376 636834 401870 724010 606997 541073 532872 141135 851334 858977 658939 714384 595308 833566 430610 242005 636362 586974 717612 119054 565274 56434 766397 647232 999999999 487467 580016 590864 125196 104537 865469 58047 703428 252521 682203 842692 722342 818241 813363 128137 779979 862951 303507 784378 145675 728726 526540 517813 1020158 741911 519152 429307 177043 321820 536875 546557 600325 1156713 946010 788918 61270 403807 725414 281589 133036 792329 1013607 241809 523021 660184 802847 110558 644808 406273 932764 274386 144812 698868 791881 673503
513443 326558 233033 732904 658756 370234 428008 703569 348558 543325 473328 739453 276013 556352 596653 321542 338413 580831 567212 660491 589751 150001 139818 237476 525578 536991 147259 376728 741523 557428 551493 255837 553059 420245 347301 275307 359162 176507 833053 536426 77856 533150 522760 390928 487467 999999999 243139 451260 568161 526607 412081 430912 635041 260067 841659 490356 640958 360104 328374 615588 903961 560774 241630 501994 501734 243843 82570 702963 760920 779263 640192 133768 621019 336792 749067 451013 352031 824536 579811 670847 548623 320238 358690 596859 354836 365812 661957 304875 705868 734905 327987 385701 771125 250881 509228 214704 356860 213906 308938 619773
341805 226811 471784 551939 794495 521409 466933 463536 438071 430485 325015 508230 364704 315191 705203 205276 209064 338615 520195 464600 712423 248860 197247 329508 325386 369407 385091 440887 509951 321796 336439 197571 363970 255912 225789 444523 117303 399907 667122 579034 239623 608331 279691 150568 580016 243139 999999999 242695 614872 653139 310526 523420 422774 330036 693241 273239 423807 275147 406791 699467 734755 325413 438802 260816 647834 346103 164456 586345 521202 588691 506230 170968 657009 295118 637209 264245 119877 605779 373800 441125 634711 223660 146629 569835 457882 222716 449250 340531 587623 564014 293992 507467 617044 182318 355285 363440 490684 262725 312820 414582
457437 193545 652109 311820 822937 763815 450504 288669 678815 260645 144755 296459 606682 258161 714282 409944 157350 260749 401989 221976 735148 490353 341679 572069 83181 150009 598437 456409 299003 300065 100346 428573 125584 405473 164867 553401 158140 623971 431007 540723 470932 597294 188735 133961 590864 451260 242695 999999999 574462 686833 498265 545029 184357 393091 465637 332768 189734 479775 647016 684268 496381 303775 573845 227642 702146 588761 387645 388652 431206 346188 300992 329887 599511 271573 439370 53471 129110 587246 425413 227918 630420 197775 286019 462788 504664 403366 469159 368176 388371 327831 517218 560119 388548 236612 488696 476193 558020 504644 544873 172643
953756 410093 556408 609721 293197 918719 149061 838703 916419 371453 445799 802049 844085 827088 177018 809601 443992 833562 224018 616659 215443 713284 460642 805178 573264 494853 634508 191714 805439 862095 626447 772367 552553 870649 428790 352499 649821 688056 626124 35921 644360 73328 759836 654231 125196 568161 614872 574462 999999999 207453 916264 156854 656972 311962 582993 860822 677679 872460 896480 119539 683986 866033 415197 786730 260540 812003 593048 423025 1004680 666854 441092 485806 55685 327106 434169 524653 610695 1157597 963781 748759 99470 409950 754420 178479 224676 835532 1024574 280365 428369 581457 865912 224904 554897 432935 969876 366131 258504 771717 861078 625837
992073 497676 432099 788378 141537 829361 244912 970248 856172 538235 582861 950085 792019 919080 80988 821463 534973 931463 413001 778447 63147 676171 464087 756753 707404 644022 544093 230634 953329 945405 758789 768847 697511 901624 523985 255944 720121 597518 820287 213612 603667 135758 857525 733835 104537 526607 653139 686833 207453 999999999 923528 141811 805877 323630 782837 921876 824436 874218 842588 139048 881687 949368 308533 871697 58286 759087 577966 619349 1113314 846396 623315 492101 247739 415543 635979 644512 686017 1242608 1024582 889952 108945 494902 799734 379127 195535 856740 1095312 326042 624606 764451 851760 146867 747681 488303 999851 313689 170698 740509 835473 776224
152120 537108 620585 800384 1061158 428944 767208 583820 298225 730635 617398 666351 269813 380273 985751 106861 516839 409251 830334 702833 985813 284516 463602 268091 576150 645959 486530 732829 666557 343083 562923 156672 622048 109056 533943 682831 341163 463958 923616 880856 346499 901034 404886 364794 865469 412081 310526 498265 916264 923528 999999999 807471 640628 613720 963194 239778 632001 52567 270146 990515 984747 343781 653644 347924 906174 282619 346903 879020 522570 822857 793930 436211 961441 604248 930316 538892 376651 492534 261120 614177 923865 534111 212462 880358 735160 95128 338363 636490 879527 821868 110460 777285 886185 489442 123352 611799 753374 226367 157569 645411
864828 356482 399586 659717 279867 768627 109927 828719 775371 407624 443164 810404 705661 779171 181827 702793 393731 790890 301465 642822 193271 579919 343870 667903 566604 506107 482402 89173 813614 806850 617654 656342 558326 776344 382434 195985 582907 536357 702806 137641 508621 103723 716813 595042 58047 430912 523420 545029 156854 141811 807471 999999999 666861 194896 672774 787811 684947 760199 757700 185419 767606 810820 258614 732640 165348 673007 468651 507370 972045 717704 499039 371347 212339 273842 531543 502849 547661 1104460 891007 749425 118166 353907 669202 283527 76089 734684 959633 187571 512409 638602 744950 69083 629703 351787 875460 219297 101871 641603 734351 637652
564523 349093 829492 171057 932883 943699 561068 196730 852336 288702 223970 145323 782634 305724 818047 566503 319082 289641 446635 74814 845714 671612 520092 749695 113140 163027 782041 583277 148678 356989 86337 597319 108552 536847 319628 712282 321619 808282 294290 627836 654967 696662 249322 289322 703428 635041 422774 184357 656972 805877 640628 666861 999999999 546696 349240 431202 22534 632203 820024 774938 348180 359438 740513 308352 831070 766849 571938 340565 394838 182775 261048 510850 667814 409208 382543 190410 303918 587431 499247 97011 731410 354818 432917 507329 641837 549540 514226 511031 337781 202858 678671 695988 278456 408393 602220 640069 700532 681059 711557 31420
670626 200793 325858 586402 465156 623783 168140 681660 608209 349712 331308 681602 534399 603313 375995 508483 235851 618366 324046 542402 382407 401923 150946 495024 436013 401612 353318 121205 684507 625979 481129 464600 441966 581632 230447 166190 399416 402992 660738 278722 334316 287802 545761 416100 252521 260067 330036 393091 311962 323630 613720 194896 546696 999999999 650918 598379 560913 567307 586795 376803 731042 629913 203948 553694 323342 502826 281373 494116 803461 641421 452423 177714 363092 142229 533333 362081 367670 921844 700979 615401 310181 195940 476460 343853 128099 539818 772336 53607 498094 575889 555930 179875 590674 169170 680662 104644 169235 459767 549404 521510
906035 515293 975961 179167 874149 1196819 567786 520510 1129061 303541 374126 429527 1053704 654475 759596 875234 508237 638878 372092 275271 798410 925472 703779 1016123 387262 323972 976181 618246 432360 705651 408080 888412 341147 866591 496752 802691 623758 1016064 73413 569848 887186 648725 594837 598431 682203 841659 693241 465637 582993 782837 963194 672774 349240 650918 999999999 773691 367113 945344 1098555 695336 103375 708216 851884 652288 827772 1031253 803432 165422 724119 194352 202282 708075 563425 519189 149695 430882 592325 924511 847527 426275 680498 521553 750733 404997 687377 868589 863006 598973 160429 146877 980522 728791 77091 591044 941644 755419 748775 952993 1004813 332079
133330 451098 723037 600097 1063409 641894 718295 346032 519731 591811 474303 433188 471550 142668 969143 219104 418898 170742 722406 501005 979590 422427 470447 454334 394418 480074 611956 701688 433040 103402 365805 287520 441108 132232 435172 717461 211246 608686 724380 825080 454888 865027 182313 212418 842692 490356 273239 332768 860822 921876 239778 787811 431202 598379 773691 999999999 418289 255794 488369 956233 779278 104291 708636 122904 919522 471986 408163 719119 296772 612809 630882 443879 896270 533799 769111 383999 251203 335330 103416 387332 893981 450960 132339 780383 726385 176152 176083 600884 718427 627450 320945 777706 698564 436435 171874 636603 762579 390629 367179 442996
