NAME : synthetic_000171
TYPE : CTSP-D
DIMENSION : 100
GROUPS : 8
RELAXATION_LEVEL : 1
EDGE_WEIGHT_TYPE : EXPLICIT
EDGE_WEIGHT_FORMAT : FULL_MATRIX
EDGE_WEIGHT_SECTION
999999999 1001486 319000 649357 324625 934355 540566 990760 623553 499654 187207 545061 793029 546365 788598 949499 817288 819102 479363 356770 720282 789807 360742 732167 398882 74578 854558 821800 714709 629814 408734 958371 340047 1015542 524294 1058186 472718 1036963 647314 762373 379631 848540 398537 491031 364551 1031179 459161 655300 1087307 469832 980679 521851 569208 482282 626116 793642 671034 504191 905289 641073 667560 1019313 122201 196222 532000 612014 388764 410509 288716 167785 231427 489026 493758 683641 266021 1092797 993691 961832 588389 923569 238186 680383 1050545 290938 511067 747997 463938 730002 523833 544149 543024 759910 267661 693449 957078 552681 466984 201990 314328 670271
1001486 999999999 707563 353155 888463 242808 698699 653211 431831 581734 817633 497283 307015 480662 231111 114459 734525 470482 544336 921520 383243 331791 761185 447486 779725 979683 252578 323454 318475 371828 772736 342066 693395 177051 495554 724332 623535 162965 407306 265372 631386 532090 993958 822060 1014048 633876 760676 554959 672497 1167946 276012 484541 538992 574114 502336 335886 352400 610957 714668 795542 443975 51434 1019146 1014175 652824 591263 616798 784516 782643 1040899 930922 561475 538242 354331 735700 657528 397666 611612 637135 706445 777754 349988 541063 1028576 1060383 262633 989129 274228 524132 611155 757059 745053 901341 457766 425076 462871 681132 838850 902223 497680
319000 707563 999999999 369398 412158 617313 275748 697601 306001 344025 179327 334375 555841 318611 516696 642728 553379 506066 267451 276092 401447 561674 130291 415378 392077 279262 538586 594368 403732 341747 188691 639434 223860 752792 213916 771867 344638 769883 419349 454177 185518 542641 356917 297373 356815 732755 436263 512666 790721 517898 662348 224564 403629 310343 309908 567589 361976 197726 629573 414438 468357 732619 312467 309207 437225 485861 103704 407048 277197 333509 376836 170028 177414 436939 118986 793807 675820 663876 487060 644701 81110 428816 740595 342176 464364 473100 389373 449051 326015 422907 512398 503700 378110 376211 640628 308446 186645 250752 414741 499792
649357 353155 369398 999999999 555050 356191 454440 648288 190983 264716 464634 173992 213357 146876 147474 319066 618071 409613 200031 617265 242767 229946 450572 321072 457434 631412 279721 258403 149228 35780 479688 430069 344685 383854 178222 732063 304572 400494 140511 162008 279041 477619 696186 558436 707433 657858 454422 328310 713724 868041 413824 147807 252455 244782 290484 237589 122448 337084 646688 590354 214738 370142 674772 678441 365909 340067 270821 465578 436822 700652 585669 258879 225030 109472 383338 707241 488393 603607 375956 650014 432183 95205 610672 706878 783717 103727 707735 81062 199062 324846 478924 599163 559716 297820 478196 120096 401225 487162 567341 278427
324625 888463 412158 555050 999999999 903346 687860 1089246 628467 307643 252268 391673 614166 411609 657475 873068 963116 872219 355503 611184 727324 600797 527812 773056 117471 378247 822724 627829 676439 553422 588660 960143 228238 847366 520176 1168021 266373 873568 483608 708915 304242 922760 675741 694874 652047 1117776 165344 405882 1176693 781844 958847 490202 361111 314994 679463 601754 633127 597481 1034373 824635 468014 890254 438749 502774 271830 357544 397997 119945 140510 485410 96450 535360 517085 534811 293360 1176711 1010444 1051186 319398 1047726 361224 538497 1105369 591351 794214 627551 732162 622349 364735 302869 236487 915166 56966 734642 986533 435183 598496 173798 15933 442318
934355 242808 617313 356191 903346 999999999 522454 410874 311312 620906 766569 530154 445129 502701 327292 130005 501805 240386 549447 773906 220808 472696 630780 250294 811657 896030 81635 480301 228684 351115 624874 103386 681390 411394 412005 483887 660565 402525 475430 195417 607594 295002 836846 648085 864361 394208 810607 659689 436821 1006495 58200 425002 603556 599887 338432 479545 273277 466303 473973 590587 538691 294141 923181 901140 719595 682385 551035 820488 775415 935105 921420 449239 440685 424122 682442 423476 164530 368893 722958 464750 696844 412578 308760 894866 883779 325909 818802 312388 555193 677718 832243 519995 900903 275941 184031 474208 531581 809133 914471 603004
540566 698699 275748 454440 687860 522454 999999999 452455 279911 566214 448975 519412 667775 491863 582539 601134 281531 322939 470671 264570 317179 683870 180380 272545 659937 476810 463584 712825 388285 418660 135423 499099 487071 803334 287054 517714 580980 811412 567045 438410 428410 328654 317395 125827 349195 495832 697745 716193 550097 484329 547517 331946 608403 530062 196369 691376 368478 122705 365422 149010 635423 738816 477211 429136 675148 702535 316789 674545 551604 471129 649253 210903 247571 558033 394525 557217 512614 427078 716382 383205 337829 545061 531332 394332 363678 541871 296472 511159 523893 650431 766413 228855 653181 248129 466945 466829 89699 524439 690472 685718
990760 653211 697601 648288 1089246 410874 452455 999999999 483498 877935 876816 798885 812739 766913 693462 540833 214171 238768 783577 698564 405917 838505 630268 333339 1031058 928856 428743 854692 502380 623041 587660 312077 865057 821383 580167 83839 908315 813336 788689 513985 791656 173215 726624 538003 767057 53321 1052006 976062 98226 860895 381554 620450 889782 846183 411700 846226 526333 500028 123397 401771 862413 704636 929087 877126 991248 983408 691251 1043784 948773 920315 1070883 553887 573920 750105 806575 108368 263944 45282 1014021 101330 772549 735895 151420 828601 716125 673803 678543 648563 816527 954762 1100298 270942 1065915 366293 228672 735006 524498 944745 1095477 926638
623553 431831 306001 190983 628467 311312 279911 483498 999999999 394439 460717 317005 398533 285028 304169 348517 428859 250008 300828 489926 100863 417925 332427 150943 555773 584846 233089 444205 113461 157393 340905 340905 400245 523914 109393 566724 425429 532945 324837 166459 324225 310371 562202 396845 582444 502473 571407 503076 560857 736267 357282 140434 409307 362963 99659 425752 88579 179499 464661 405203 399089 467277 613538 596207 507835 504662 246349 567507 491505 627901 630279 139117 129923 300388 377830 557977 385307 440903 532483 470467 385701 286175 478062 600576 632916 265151 559883 234176 333437 471886 616898 408231 615798 117649 358418 253426 249709 510891 637237 459376
499654 581734 344025 264716 307643 620906 566214 877935 394439 999999999 321472 90899 311266 118892 350627 574019 801327 642969 98097 618231 480172 301537 470815 545034 198469 511523 543831 331402 405206 273685 523755 691865 161547 544194 305320 961096 41880 569450 175979 426269 159431 704802 698139 628253 692910 895885 189712 170804 953855 850448 678489 260623 69787 36159 475199 303843 367207 447392 851749 715220 171355 582616 568814 601666 114230 141990 257087 204464 223098 607493 361696 361498 328413 227506 271754 949922 748206 835257 150169 859916 358263 232002 862048 662512 808081 323064 733365 321593 65940 84245 222726 766917 326919 511796 733138 149439 483907 301615 321926 172053
187207 817633 179327 464634 252268 766569 448975 876816 460717 321472 999999999 359189 606655 359366 601988 771048 729555 680211 292563 362585 560806 604281 279215 586136 271605 190053 685437 636526 541416 447109 339394 801237 159965 828336 354853 951181 300278 849781 460936 586353 192431 720123 432027 443871 413656 911422 328191 485592 969560 557906 816151 344776 391168 300158 482739 608373 496876 376803 807963 578431 484949 833845 248119 289256 373712 446102 215593 286125 143449 288798 200413 336963 332388 496478 84376 972302 842438 842704 430138 823468 112197 493177 915706 364349 550240 561838 484435 544782 338999 377279 413060 677820 208591 546606 810292 365523 362132 78903 251040 493523
545061 497283 334375 173992 391673 530154 519412 798885 317005 90899 359189 999999999 248149 32001 266890 484347 736037 561784 69673 609547 396606 245108 451136 465595 287126 545354 453464 277446 316730 184950 497743 602425 208680 475511 240826 882484 131615 499017 102780 335801 170472 625744 690618 596338 691090 814291 280561 197004 871727 851825 587816 194008 93167 76834 404837 249316 280513 397218 780123 667095 134425 501748 598381 620820 195330 189516 234299 294109 289834 632893 435935 308938 272963 146614 292633 866976 659482 755450 215490 786850 368634 148163 776190 670853 794399 235882 718215 232074 26942 156490 307797 706073 404641 434526 645962 63881 443809 357516 405175 169532
793029 307015 555841 213357 614166 445129 667775 812739 398533 311266 606655 248149 999999999 248376 120437 346519 815256 581326 314248 819307 425009 27629 653318 507594 498914 790653 393115 45684 321715 249130 687739 542508 456241 233357 388356 894589 350122 259408 145732 299400 415502 651620 899579 770623 907089 811961 469798 248803 863031 1068694 500350 351239 253099 316934 497709 34476 316505 550083 831650 802273 147327 292119 841538 857629 357491 287802 452235 500865 532166 873568 672957 469581 434267 119118 536368 852955 605207 767478 334233 831611 604673 128688 744349 898016 992180 141367 915778 170319 270784 318096 455117 802430 637693 492717 610758 249511 612980 604536 629178 192514
546365 480662 318611 146876 411609 502701 491863 766913 285028 118892 359366 32001 248376 999999999 252406 461786 704887 529902 67342 591874 364936 248895 431056 433612 310901 542280 425132 281697 286567 154886 475563 572996 216077 469866 210712 850503 157868 492226 103866 307703 167366 593764 672990 572171 675203 782473 308170 226101 839968 836472 560103 163835 124730 98178 373328 253923 249501 369343 748335 638946 151402 488053 593444 612096 226565 220892 216315 318791 302382 626293 450307 281013 244629 137810 288015 835315 629537 723506 247484 754971 359000 136275 745084 658278 774672 218062 698261 210811 52976 188236 338653 675557 420963 402534 615262 31961 418148 364655 424562 194312
788598 231111 516696 147474 657475 327292 582539 693462 304169 350627 601988 266890 120437 252406 999999999 239821 705463 464336 318095 762421 313670 147382 595988 395968 548719 774913 272743 161230 211790 178181 621835 422962 467805 236397 321613 774948 392439 253292 176937 182207 411087 534596 840556 694036 853226 691801 531208 341394 742647 1013247 383615 294926 310034 343616 399869 154730 216598 471717 716551 708593 222794 235648 820053 825548 425714 371487 417079 553716 554688 847035 702145 400181 368456 123351 523432 732521 485595 648247 415839 715519 577749 119004 624061 854182 924290 43938 848939 72374 293608 383527 533356 696884 671491 385314 490365 238316 539041 615474 671326 283412
949499 114459 642728 319066 873068 130005 601134 540833 348517 574019 771048 484347 346519 461786 239821 999999999 620937 356848 518967 835926 284032 373871 680904 340578 771470 920411 142418 375267 239814 327350 685933 231886 662905 281755 428941 613696 615548 272523 409884 188552 594344 417730 905161 726175 928173 523769 761129 581196 564954 1078206 170567 427700 543403 559549 406185 379794 280757 523403 600228 689310 462328 165232 954935 942853 660424 610718 560761 778303 755633 972723 904377 485163 467169 355593 687115 550899 290448 498633 654463 592134 717759 347046 435070 949007 964658 254131 895410 252429 511015 617989 770316 633123 878782 355198 313826 438096 592758 802094 885693 523188
817288 734525 553379 618071 963116 501805 281531 214171 428859 801327 729555 736037 815256 704887 705463 620937 999999999 264095 703258 499222 391793 837592 460434 309658 924121 750163 483541 860427 494367 585757 408614 427155 751522 882448 496852 255330 824211 881277 753690 526305 684918 208020 518872 339266 560556 266893 955411 928726 307903 647349 495875 542978 829156 766344 332694 845529 500563 368174 96375 193109 827865 783714 742130 683734 915014 925542 575068 938146 824396 727904 929404 444406 474297 727318 670589 321121 404312 212160 948091 118521 619030 712915 345654 626602 502233 674659 467361 644998 747753 884005 1016084 60403 931405 322756 356124 674802 367507 803844 966809 887396
819102 470482 506066 409613 872219 240386 322939 238768 250008 642969 680211 561784 581326 529902 464336 356848 264095 999999999 550638 587253 167156 606196 472859 99727 804767 766481 220613 624688 264955 384335 448059 183759 644648 621863 353524 322596 675048 619214 550074 282269 569322 70304 638450 441918 671792 252915 821413 737295 311019 799682 244376 389902 651927 612344 197522 614036 287567 315208 254112 358858 623961 519872 779840 742094 755429 745039 477801 816787 732986 781508 864725 344176 356268 512450 602822 307984 189712 194381 776389 251505 586126 498148 235691 716103 667326 440606 609197 413861 580355 718091 865691 279615 854703 137577 144452 497944 363199 740790 879931 688020
479363 544336 267451 200031 355503 549447 470671 783577 300828 98097 292563 69673 314248 67342 318095 518967 703258 550638 999999999 543402 391043 313063 387920 451770 263428 476978 469687 345652 325470 198466 437247 612429 149712 537196 207695 866381 124738 559559 168668 354286 101572 610762 624326 538899 623521 803289 271681 250471 861617 783832 605774 163866 140479 63398 378127 317615 284176 350653 754472 619535 203545 553574 529320 551148 211904 232146 170481 273357 238579 563432 387304 264020 230479 205152 223481 858432 666313 741445 246957 763004 299035 203348 774173 601737 729993 281966 654160 271653 58685 181602 317232 668915 360017 417321 647833 81743 390449 297757 367528 232536
356770 921520 276092 617265 611184 773906 264570 698564 489926 618231 362585 609547 819307 591874 762421 835926 499222 587253 543402 999999999 557041 828177 166713 528890 630293 282434 707044 860353 603074 584488 150104 760560 481473 997053 440868 753067 614788 1010425 689611 656249 458809 591439 81118 160803 92529 746239 683345 787992 796671 250838 804653 470414 679431 585440 435815 834610 570783 312528 594146 308238 742800 955232 255433 187931 704266 759315 375674 645205 502842 232469 541044 364432 394152 700520 360163 806315 776774 679507 756800 615084 270380 690646 792115 130987 191718 718638 121953 690794 602027 694410 765676 438913 561560 498613 731438 578323 243683 438405 607598 775851
720282 383243 401447 242767 727324 220808 317179 405917 100863 480172 560806 396606 425009 364936 313670 284032 391793 167156 391043 557041 999999999 448373 410214 82612 650790 678368 150004 469758 103301 217221 407136 240435 499340 504525 210062 489749 514121 508181 383278 136867 423298 234868 623474 442147 648541 418107 662719 570149 475232 795623 261548 237284 485685 451092 122596 456300 120476 246468 408017 415165 457404 425743 703436 680337 591305 578202 347044 661964 591316 714496 730976 231610 228722 347344 478303 470380 284602 361497 610289 409627 482097 332931 383151 675515 680628 283778 611591 254865 416313 553095 702617 385211 715976 76487 259333 333019 313485 611749 736464 521175
789807 331791 561674 229946 600797 472696 683870 838505 417925 301537 604281 245108 27629 248895 147382 373871 837592 606196 313063 828177 448373 999999999 662840 530854 484661 790030 420124 32856 345109 265632 699140 569881 451229 247375 401765 920554 339043 274487 145033 324744 414634 676456 908765 784340 915029 838318 453045 226364 889656 1076712 527968 362851 240087 310221 517431 7938 337717 564967 855686 820195 132812 314674 842079 860578 339993 267203 457974 485897 524000 875188 662535 482873 447032 128568 536337 879722 632569 793231 313699 856005 607415 140094 771439 903607 1003334 165623 926812 193539 266064 301732 434602 823541 626374 514856 637732 253536 626555 598595 616008 171429
360742 761185 130291 450572 527812 630780 180380 630268 332427 470815 279215 451136 653318 431056 595988 680904 460434 472859 387920 166713 410214 662840 999999999 397661 519122 299269 558712 694823 443883 417936 60968 631650 353567 831051 274670 697543 473854 844916 526118 497044 314207 493691 246330 169154 257297 671575 565292 637084 727163 417472 667498 303742 527213 436158 295207 669406 408942 165302 545786 299420 582458 792949 307174 272331 566994 612785 217490 534181 399295 309696 478671 200319 228201 534790 241561 733183 657192 602322 616024 563556 167289 524630 697328 268164 343617 552157 267224 524552 446430 551307 642385 405274 487462 362457 615847 415261 110067 357440 528292 619755
732167 447486 415378 321072 773056 250294 272545 333339 150943 545034 586136 465595 507594 433612 395968 340578 309658 99727 451770 528890 82612 530854 397661 999999999 705052 683342 198498 552368 185880 292880 382434 234167 545270 580006 253857 416891 576365 581771 461134 216991 469810 160154 588551 397951 617790 351559 722105 645817 410018 756863 275994 290343 556816 513848 106091 538785 198964 233667 326455 348765 535633 493024 701483 669874 658065 651035 380167 717098 634142 707178 767494 249173 258341 427651 507112 407499 262035 290262 680862 329031 496254 413187 332948 653655 633560 366387 568639 337396 483228 621425 767638 305857 756471 39539 225252 401726 291456 644407 780961 598574
398882 779725 392077 457434 117471 811657 659937 1031058 555773 198469 271605 287126 498914 310901 548719 771470 924121 804767 263428 630293 650790 484661 519122 705052 999999999 437851 732538 511153 588894 460683 579406 875802 173174 731709 451858 1112168 156596 758231 372740 616242 240751 860513 702468 688155 685211 1055236 60304 289206 1114053 828025 868432 415340 245998 212736 619497 485372 547438 556139 987675 804214 352087 778979 499750 553850 154978 241010 349054 15088 128253 544949 197166 482818 458300 425404 278003 1112344 929215 990790 204986 999020 362691 430368 1033312 634469 820158 521497 752126 519171 260480 185450 145176 880970 155383 668233 909310 337797 570648 207571 133200 324853
74578 979683 279262 631412 378247 896030 476810 928856 584846 511523 190053 545354 790653 542280 774913 920411 750163 766481 476978 282434 678368 790030 299269 683342 437851 999999999 817717 822577 682348 608577 342833 913281 350014 1006559 491710 994219 489628 1026515 645497 732019 375417 791847 324543 419950 291562 970751 497763 674767 1026074 405238 939874 495587 581204 489625 577435 794502 639886 451559 839707 570800 673730 1000925 61909 126890 558561 634150 362884 450778 317395 107793 290289 447080 456676 677052 254429 1032344 945373 901533 615281 858520 202727 672272 995008 220275 438150 732886 389587 712472 526638 565397 583017 692041 322097 645416 906872 544286 408131 231341 369845 683575
854558 252578 538586 279721 822724 81635 463584 428743 233089 543831 685437 453464 393115 425132 272743 142418 483541 220613 469687 707044 150004 420124 558712 198498 732538 817717 999999999 432196 147164 271915 557125 153877 600072 401774 331233 507766 582871 398615 405495 117713 526096 286180 773103 589272 798513 421927 733301 592801 471005 944776 136168 343393 530210 521545 272012 427464 191679 396055 471527 547055 472230 300658 846488 827065 645170 612453 470009 741693 694079 859923 839882 371988 361406 356402 601234 460282 215416 384215 651557 466038 617542 343914 351371 825006 827150 263027 759494 244920 477929 603703 758118 492497 819609 215731 217650 395897 463470 727518 833686 537299
821800 323454 594368 258403 627829 480301 712825 854692 444205 331402 636526 277446 45684 281697 161230 375267 860427 624688 345652 860353 469758 32856 694823 552368 511153 822577 432196 999999999 366520 294181 730512 579444 482827 223627 432191 936138 368061 251568 177832 342453 447221 694990 940867 814703 947422 852671 477347 244432 902989 1109098 534297 394041 268252 341398 543393 28160 362090 594659 875769 847802 160974 301682 874781 893432 363874 287746 490664 511790 554289 907985 691511 513387 477778 160112 569004 892472 642145 809474 334038 875400 640268 171016 782677 936351 1034830 185982 958345 215433 297968 326901 454482 847972 654822 538018 649681 286329 656965 629776 643175 192345
714709 318475 403732 149228 676439 228684 388285 502380 113461 405206 541416 316730 321715 286567 211790 239814 494367 264955 325470 603074 103301 345109 443883 185880 588894 682348 147164 366520 999999999 131785 454303 287320 452983 416148 190840 585885 442609 423271 287839 53223 378934 334495 675656 508248 695603 509698 593185 476855 565068 849727 282762 197371 400448 380216 195258 353033 44803 292904 510867 503162 360695 353975 715509 703184 511604 489263 327024 598640 546970 732912 692739 245918 227441 247731 457045 558261 343000 457359 524564 511873 480149 233516 461671 711904 745331 180541 672786 151579 339475 471435 624393 485141 672526 173551 329839 255797 363122 581085 687169 425437
629814 371828 341747 35780 553422 351115 418660 623041 157393 273685 447109 184950 249130 154886 178181 327350 585757 384335 198466 584488 217221 265632 417936 292880 460683 608577 271915 294181 131785 999999999 445525 418212 336541 414132 144175 706881 311695 429589 168984 155831 266997 451202 662985 523059 675110 634761 462317 353250 691349 835326 407749 117668 270098 249843 256450 273251 97461 301489 617008 554820 243589 392581 650056 650922 379957 361264 246071 469778 430005 674470 578269 224240 191099 143497 364356 685635 474672 578705 394649 621058 407653 129507 592149 676547 749235 134280 673391 107824 207844 340064 492668 565519 554442 267456 461217 124519 366037 474829 565042 305811
408734 772736 188691 479688 588660 624874 135423 587660 340905 523755 339394 497743 687739 475563 621835 685933 408614 448059 437247 150104 407136 699140 60968 382434 579406 342833 557125 730512 454303 445525 999999999 615841 412548 854231 301482 651525 529134 866367 566586 507364 369536 461066 221593 108813 242241 631255 624809 687563 685418 395744 657204 336528 577504 488507 286465 706009 423557 162555 496977 240475 626499 807481 341791 295556 622909 665387 267428 594448 460174 336725 538198 221664 254666 570578 302212 692636 636041 562479 670715 515691 227808 559525 664606 271234 304463 578486 228181 549610 495184 605479 701003 351749 547859 350538 592416 457155 93656 417861 589008 667180
958371 342066 639434 430069 960143 103386 499099 312077 340905 691865 801237 602425 542508 572996 422962 231886 427155 183759 612429 760560 240435 569881 631650 234167 875802 913281 153877 579444 287320 418212 615841 999999999 733741 513633 449236 382325 729759 503656 559010 269201 658147 220177 816443 621551 847839 292066 880376 746644 333519 980674 70969 471573 682045 667496 337512 576983 328417 467030 386455 542342 626106 393478 934054 903943 795945 765752 587252 885755 826960 940926 969141 469522 469029 510260 718679 320090 62716 271974 804271 374713 720456 497707 205615 886824 850239 416286 790500 398788 625972 754900 908959 454288 952319 269555 83406 542689 525540 851391 970164 691173
340047 693395 223860 344685 228238 681390 487071 865057 400245 161547 159965 208680 456241 216077 467805 662905 751522 644648 149712 481473 499340 451229 353567 545270 173174 350014 600072 482827 452983 336541 412548 733741 999999999 684000 292002 945052 142029 707153 311412 489323 76053 696706 558564 521218 548049 891846 212766 326913 950782 701326 735693 262580 231294 142245 453762 454716 408864 383371 816835 632194 327514 703276 407695 443642 224250 289466 176863 187611 94032 447182 241728 312742 291219 353093 121685 950225 782988 825999 278844 828829 211935 352308 877266 510076 673191 431399 601297 419783 185490 221082 288897 707873 219543 507107 758425 230584 398002 148961 237124 333580
1015542 177051 752792 383854 847366 411394 803334 821383 523914 544194 828336 475511 233357 469866 236397 281755 882448 621863 537196 997053 504525 247375 831051 580006 731709 1006559 401774 223627 416148 414132 854231 513633 684000 999999999 556381 895281 583403 28961 373245 369478 635912 687935 1074379 920265 1088338 805491 700248 467235 846388 1247693 450397 531266 486256 547766 611360 247357 435781 699487 873137 917919 379624 129662 1053609 1061302 586978 511285 652333 733187 763527 1081863 905813 633236 602945 332115 753003 831997 571530 778479 557487 867017 812034 335200 715794 1090526 1154227 280272 1079719 306656 499920 549088 677637 885352 870913 580942 595415 463178 768453 832941 862434 415972
524294 495554 213916 178222 520176 412005 287054 580167 109393 305320 354853 240826 388356 210712 321613 428941 496852 353524 207695 440868 210062 401765 274670 253857 451858 491710 331233 432191 190840 144175 301482 449236 292002 556381 999999999 662112 331251 570452 279995 240414 216221 408791 518983 382577 531963 603382 472007 436767 662195 691667 461324 46878 333425 271090 170863 408980 148219 165110 546826 431193 348918 523250 526353 518621 419463 429724 139286 464221 382484 545946 520925 81225 46927 273878 271051 660607 494638 539270 451239 555614 289338 261713 585274 536951 605524 277912 529514 249933 251040 387313 524204 465345 506511 216467 467583 182795 224799 402155 528615 401581
1058186 724332 771867 732063 1168021 483887 517714 83839 566724 961096 951181 882484 894589 850503 774948 613696 255330 322596 866381 753067 489749 920554 697543 416891 1112168 994219 507766 936138 585885 706881 651525 382325 945052 895281 662112 999999999 991106 885912 872436 596404 872234 256740 774160 592426 815886 90864 1134111 1059889 76634 898035 449439 702989 973505 929128 492700 928237 610153 575130 159206 448424 946099 775717 990932 935582 1074553 1067211 770269 1125049 1027512 979386 1146957 632952 654300 833573 882953 96456 328531 128540 1097693 137983 845082 819391 195071 881380 752170 756244 721661 731373 899949 1038251 1183307 315575 1143278 449310 299879 818612 594508 1020634 1173871 1010381
472718 623535 344638 304572 266373 660565 580980 908315 425429 41880 300278 131615 350122 157868 392439 615548 824211 675048 124738 614788 514121 339043 473854 576365 156596 489628 582871 368061 442609 311695 529134 729759 142029 583403 331251 991106 999999999 609002 217344 465538 159701 735485 693647 635539 685835 927813 150627 185319 986064 841189 717964 288354 100664 63048 502062 340893 403487 464811 877915 729771 207139 624046 548388 585671 94505 147668 266348 162776 189752 588664 323514 381155 349933 269252 260111 982668 785390 866156 142480 886865 349259 273869 896877 650998 805886 364913 732200 363124 105609 80060 192954 787602 287590 542055 769062 187189 496240 272068 280834 198166
1036963 162965 769883 400494 873568 402525 811412 813336 532945 569450 849781 499017 259408 492226 253292 272523 881277 619214 559559 1010425 508181 274487 844916 581771 758231 1026515 398615 251568 423271 429589 866367 503656 707153 28961 570452 885912 609002 999999999 397220 374892 657468 684162 1087119 929767 1102052 795719 727527 495534 835198 1260770 438701 547142 512505 572054 617947 274766 445458 710010 868816 922818 406248 112865 1072727 1078825 614388 539312 670313 759938 787794 1100213 930846 646116 616720 354433 773524 820370 560268 770966 585579 861979 830696 356738 703940 1106064 1164871 296783 1090811 321774 523793 576182 705869 886156 896332 584663 586152 484292 779411 856110 888560 443858
647314 407306 419349 140511 483608 475430 567045 788689 324837 175979 460936 102780 145732 103866 176937 409884 753690 550074 168668 689611 383278 145033 526118 461134 372740 645497 405495 177832 287839 168984 566586 559010 311412 373245 279995 872436 217344 397220 999999999 290668 270117 618125 770585 657926 774761 797480 354331 189382 852892 936345 533606 236005 133807 174941 422283 150087 262914 444949 785949 710059 74611 406702 697147 715790 250589 207118 315948 377246 390597 730156 534702 358501 321622 54426 391508 845897 619391 743943 247750 789793 462642 63446 746807 760482 868998 155805 792404 163303 126676 208169 360763 731199 501551 436436 613203 111343 500995 460154 497902 137950
762373 265372 454177 162008 708915 195417 438410 513985 166459 426269 586353 335801 299400 307703 182207 188552 526305 282269 354286 656249 136867 324744 497044 216991 616242 732019 117713 342453 53223 155831 507364 269201 489323 369478 240414 596404 465538 374892 290668 999999999 417083 352563 728626 559595 748777 515842 615841 479430 568962 902656 252471 241630 413014 404567 243383 332517 92208 345713 534409 548448 359890 301677 766422 755419 527598 496859 373741 625089 583261 784634 730588 298689 278990 244053 502057 560412 328888 468703 535076 533321 529449 230793 457524 765017 797169 159843 725008 135843 360407 486242 640578 521890 708361 212512 323371 278868 415921 622318 720333 425194
379631 631386 185518 279041 304242 607594 428410 791656 324225 159431 192431 170472 415502 167366 411087 594344 684918 569322 101572 458809 423298 414634 314207 469810 240751 375417 526096 447221 378934 266997 369536 658147 76053 635912 216221 872234 159701 657468 270117 417083 999999999 622362 538724 476351 534052 817459 271006 329682 876379 692470 661341 186714 222741 127489 379984 419175 334523 318142 747000 576087 302162 644745 427921 451761 253397 300743 111771 254241 168836 462621 313877 242155 217947 304072 122174 875495 707053 752073 301831 758269 201989 300784 801477 506606 648869 372053 574416 357208 154041 237404 338107 643661 294340 431876 682372 173432 341269 208224 313170 322915
848540 532090 542641 477619 922760 295002 328654 173215 310371 704802 720123 625744 651620 593764 534596 417730 208020 70304 610762 591439 234868 676456 493691 160154 860513 791847 286180 694990 334495 451202 461066 220177 696706 687935 408791 256740 735485 684162 618125 352563 622362 999999999 635090 438011 671255 195140 879958 804450 254076 789075 288053 448047 716838 673216 243300 684300 355234 346245 185551 333993 692271 582288 800038 756580 818049 810779 525459 872981 782646 797688 909728 388920 405762 581577 645903 254117 205699 130721 840971 181698 620836 567225 203799 722076 651462 510852 599134 483971 643312 781558 927252 234751 902197 193484 156313 561872 383913 784430 929698 755991
398537 993958 356917 696186 675741 836846 317395 726624 562202 698139 432027 690618 899579 672990 840556 905161 518872 638450 624326 81118 623474 908765 246330 588551 702468 324543 773103 940867 675656 662985 221593 816443 558564 1074379 518983 774160 693647 1087119 770585 728626 538724 635090 999999999 197284 43604 776498 756925 868207 823751 174152 864328 549910 759918 665664 501094 915246 645127 383058 615198 325990 823915 1029047 284325 208921 782176 838864 456791 717231 574369 250174 600135 441150 472106 780928 436909 834989 827971 712059 835289 637076 346685 770893 831275 121933 118540 796893 67791 768657 682922 773465 840180 458828 623997 560920 781189 659324 312988 505232 670958 856708
491031 822060 297373 558436 694874 648085 125827 538003 396845 628253 443871 596338 770623 572171 694036 726175 339266 441918 538899 160803 442147 784340 169154 397951 688155 419950 589272 814703 508248 523059 108813 621551 521218 920265 382577 592426 635539 929767 657926 559595 476351 438011 197284 999999999 233505 586110 733584 789259 636043 359525 672031 422970 679366 592610 320312 791541 484525 222376 433665 151536 721501 861018 405376 344617 729667 769221 371167 703203 568255 388910 640371 301505 337688 656298 410715 645917 631166 519923 776420 454451 333679 644272 635660 290629 238564 651948 170719 621825 595935 710846 809458 279176 652378 373937 584129 551187 157792 522724 694600 765732
364551 1014048 356815 707433 652047 864361 349195 767057 582444 692910 413656 691090 907089 675203 853226 928173 560556 671792 623521 92529 648541 915029 257297 617790 685211 291562 798513 947422 695603 675110 242241 847839 548049 1088338 531963 815886 685835 1102052 774761 748777 534052 671255 43604 233505 999999999 816507 741032 863597 864460 161684 893781 560055 756516 661515 526848 921287 663206 404787 656790 367479 825168 1047673 247257 171111 772286 832337 459115 699773 556972 210561 573160 456382 485426 788055 426620 875383 861500 751482 826380 678540 336702 778610 869055 80095 146591 809370 109737 781847 681771 765882 825175 500363 599033 588616 815275 663447 335583 484096 646436 854987
1031179 633876 732755 657858 1117776 394208 495832 53321 502473 895885 911422 814291 811961 782473 691801 523769 266893 252915 803289 746239 418107 838318 671575 351559 1055236 970751 421927 852671 509698 634761 631255 292066 891846 805491 603382 90864 927813 795719 797480 515842 817459 195140 776498 586110 816507 999999999 1073576 986157 58937 912847 358692 641637 903792 865178 438337 845905 537357 535099 176699 452637 870327 685231 973040 922843 1008264 996020 720219 1067581 977577 965683 1103211 583322 600865 756366 839003 61622 237673 69359 1028389 154542 809225 742387 107930 876688 768350 675264 729560 651550 833167 970707 1118606 322838 1096574 387208 210252 750514 564211 977494 1124596 935134
459161 760676 436263 454422 165344 810607 697745 1052006 571407 189712 328191 280561 469798 308170 531208 761129 955411 821413 271681 683345 662719 453045 565292 722105 60304 497763 733301 477347 593185 462317 624809 880376 212766 700248 472007 1134111 150627 727527 354331 615841 271006 879958 756925 733584 741032 1073576 999999999 244330 1132115 885753 868154 431987 221697 213078 642177 452892 553746 589147 1014936 844046 322642 756152 559640 612768 113562 196098 382403 49400 184995 604670 253073 511390 483951 408446 326548 1129384 935851 1010649 155188 1025209 413906 415241 1045832 692137 874071 507958 804859 509194 255450 151718 85479 914663 210703 686606 918911 337803 609330 266987 181213 286548
655300 554959 512666 328310 405882 659689 716193 976062 503076 170804 485592 197004 248803 226101 341394 581196 928726 737295 250471 787992 570149 226364 637084 645817 289206 674767 592801 244432 476855 353250 687563 746644 326913 467235 436767 1059889 185319 495534 189382 479430 329682 804450 868207 789259 863597 986157 244330 999999999 1041876 1021250 717575 389898 110060 202555 596143 224041 449743 594158 967595 864062 120998 540735 733694 770241 134229 48384 420305 286000 367795 773930 483516 505912 469965 236409 441858 1035089 807577 931555 91642 972742 529004 248993 936132 833002 977022 334135 901811 348171 193529 111479 210460 901030 442989 618490 802412 254622 639143 453444 421774 58062
1087307 672497 790721 713724 1176693 436821 550097 98226 560857 953855 969560 871727 863031 839968 742647 564954 307903 311019 861617 796671 475232 889656 727163 410018 1114053 1026074 471005 902989 565068 691349 685418 333519 950782 846388 662195 76634 986064 835198 852892 568962 876379 254076 823751 636043 864460 58937 1132115 1041876 999999999 955181 396507 700238 960806 923361 497265 897162 593891 593006 212937 498263 925331 723553 1026999 975330 1065992 1052570 779096 1126367 1036480 1018489 1161797 642147 659799 810847 897541 20008 274951 126856 1085439 190265 866788 796983 132359 926591 809863 727749 774555 704805 890885 1028196 1176580 366342 1155358 445932 255031 808018 620539 1036002 1183491 990303
469832 1167946 517898 868041 781844 1006495 484329 860895 736267 850448 557906 851825 1068694 836472 1013247 1078206 647349 799682 783832 250838 795623 1076712 417472 756863 828025 405238 944776 1109098 849727 835326 395744 980674 701326 1247693 691667 898035 841189 1260770 936345 902656 692470 789075 174152 359525 161684 912847 885753 1021250 955181 999999999 1031519 720980 915208 819907 673045 1082971 819262 556991 742538 462162 986070 1203191 347978 279157 925159 988459 620569 842118 700758 302053 695518 614658 644908 949684 581086 968420 987820 852303 980163 765124 492413 940172 978036 193616 145944 969473 190530 941572 841841 921194 970859 590027 726401 731057 939923 825050 486836 622085 774241 1014549
980679 276012 662348 413824 958847 58200 547517 381554 357282 678489 816151 587816 500350 560103 383615 170567 495875 244376 605774 804653 261548 527968 667498 275994 868432 939874 136168 534297 282762 407749 657204 70969 735693 450397 461324 449439 717964 438701 533606 252471 661341 288053 864328 672031 893781 358692 868154 717575 396507 1031519 999999999 477177 661709 657023 372564 534664 326865 502225 457327 602400 596582 327156 964634 939294 777677 740531 600610 877441 829648 974557 974869 492906 487205 482194 732354 381729 121669 342266 781153 445681 742618 470714 265413 928291 904570 383614 842253 370516 612706 735833 890362 520509 955227 306720 153399 531324 564887 861015 969752 660767
521851 484541 224564 147807 490202 425002 331946 620450 140434 260623 344776 194008 351239 163835 294926 427700 542978 389902 163866 470414 237284 362851 303742 290343 415340 495587 343393 394041 197371 117668 336528 471573 262580 531266 46878 702989 288354 547142 236005 241630 186714 448047 549910 422970 560055 641637 431987 389898 700238 720980 477177 999999999 286729 227118 214578 369826 152604 209402 591142 477165 303478 508248 534742 533550 374852 383073 133343 427104 355433 557848 498308 122499 85654 234310 260447 697833 520416 578763 405268 599339 293276 223028 618283 559263 640947 251010 564540 225449 204781 341787 481083 512085 480746 254629 496615 136129 265481 384134 499586 355137
569208 538992 403629 252455 361111 603556 608403 889782 409307 69787 391168 93167 253099 124730 310034 543403 829156 651927 140479 679431 485685 240087 527213 556816 245998 581204 530210 268252 400448 270098 577504 682045 231294 486256 333425 973505 100664 512505 133807 413014 222741 716838 759918 679366 756516 903792 221697 110060 960806 915208 661709 286729 999999999 95457 497983 241471 367360 486971 873031 756786 107380 534988 638278 669949 117147 96394 310273 248585 289892 676608 423443 399054 363725 188231 339258 955456 740786 846033 124641 879544 424085 196367 861959 728783 867807 289280 792395 294133 84517 74744 228863 798770 386572 526589 730215 155940 530030 370383 376190 102496
482282 574114 310343 244782 314994 599887 530062 846183 362963 36159 300158 76834 316934 98178 343616 559549 766344 612344 63398 585440 451092 310221 436158 513848 212736 489625 521545 341398 380216 249843 488507 667496 142245 547766 271090 929128 63048 572054 174941 404567 127489 673216 665664 592610 661515 865178 213078 202555 923361 819907 657023 227118 95457 999999999 441495 313375 340690 411360 817868 679070 185303 578158 545580 575245 148674 176881 221480 220820 215768 582980 360159 325686 292905 222455 244273 919842 722777 803831 186323 826364 328629 224739 833829 633332 774685 312597 699677 307806 50009 120376 254208 731416 328130 479892 706109 125700 447795 288395 328402 196884
626116 502336 309908 290484 679463 338432 196369 411700 99659 475199 482739 404837 497709 373328 399869 406185 332694 197522 378127 435815 122596 517431 295207 106091 619497 577435 272012 543393 195258 256450 286465 337512 453762 611360 170863 492700 502062 617947 422283 243383 379984 243300 501094 320312 526848 438337 642177 596143 497265 673045 372564 214578 497983 441495 999999999 525272 183454 129953 376577 309027 496030 542644 596608 567412 589429 594219 282356 632350 539358 603708 668086 146902 162582 399774 405465 497334 368042 372240 618839 384880 390594 385620 433170 556628 558875 362473 489225 331542 418220 556031 695006 309196 659381 68110 331061 342754 193168 543635 686419 554859
793642 335886 567589 237589 601754 479545 691376 846226 425752 303843 608373 249316 34476 253923 154730 379794 845529 614036 317615 834610 456300 7938 669406 538785 485372 794502 427464 28160 353033 273251 706009 576983 454716 247357 408980 928237 340893 274766 150087 332517 419175 684300 915246 791541 921287 845905 452892 224041 897162 1082971 534664 369826 241471 313375 525272 999999999 345636 572341 863591 827883 134091 317715 846815 865847 339645 265676 463906 486363 526584 880162 664404 490052 454146 135517 541013 887175 639681 800953 312144 863888 612687 147269 778741 909417 1010137 173485 933601 201460 269812 301851 432966 831447 627978 522792 645094 259287 633751 601767 617025 169886
