NAME : synthetic_000937
TYPE : CTSP-D
DIMENSION : 100
GROUPS : 8
RELAXATION_LEVEL : 1
EDGE_WEIGHT_TYPE : EXPLICIT
EDGE_WEIGHT_FORMAT : FULL_MATRIX
EDGE_WEIGHT_SECTION
999999999 247670 302700 160242 839592 169249 782965 222487 186844 266536 476678 207678 362418 105469 724548 678577 244486 527301 509294 298119 573486 590720 307816 176518 360100 692388 301271 540560 667859 304561 122847 264914 547076 352300 438500 407162 230482 351574 665433 637837 481358 415264 389628 656145 280079 122508 668648 947475 612016 275775 517050 754964 646051 276202 306899 410076 90705 591695 758916 190045 573535 548469 525069 436642 766351 523544 209139 347748 603290 242201 93440 759081 508164 127252 207765 564410 393040 310490 124648 505659 724756 485649 318874 891677 603728 509316 770826 528958 525677 751802 903242 726810 606401 917744 237201 409179 127450 229654 467841 655281
247670 999999999 385388 389469 611472 370516 535715 367527 270598 43527 396064 153749 306600 353085 609757 698717 234599 439209 279265 204848 499722 584450 309281 269961 607188 663159 384273 573337 612763 182112 129201 97854 472028 107561 396779 555340 67808 185276 566651 513040 369204 215667 148022 627543 521672 368185 536904 717734 364956 504152 443251 693718 627500 142796 553415 287318 233491 345086 511899 289698 446160 303048 502420 322106 693503 304538 60838 397637 486863 477198 340517 511442 280267 194977 372573 348138 463764 122640 165969 560186 709627 372726 136289 659387 395908 363375 545018 508315 602236 676519 685399 484062 602434 683985 301633 441306 295472 338931 464909 598004
302700 385388 999999999 251837 783500 193450 817196 522824 484989 427194 743974 232586 190252 327217 507255 377231 158187 792813 652820 547067 337358 301028 595988 475572 456451 408594 1429 239230 402806 538689 300678 465401 317626 476893 719958 186709 320689 320905 439228 885873 732916 391584 517942 374230 352237 353564 477971 887211 659679 292104 293607 487549 359187 278413 408956 652523 218155 637075 791602 115957 818728 644824 252599 290714 506757 495265 325044 57670 855734 299433 330877 812541 502449 215399 504551 520879 90777 502920 388248 203065 432678 316907 515892 843046 778310 373670 715674 254400 228551 495216 816593 732034 314650 871715 535474 117161 178937 532321 190031 393129
160242 389469 251837 999999999 941108 58504 914278 320524 326122 415984 629160 295880 390876 100140 745502 615133 286720 679755 662414 457488 579661 551491 452550 314872 236101 659798 250642 480575 653777 464777 260604 422279 556855 496966 584572 281722 353646 442585 679803 794203 638288 514701 536700 625815 136945 120235 704269 1048919 744078 116548 529546 739087 610001 370550 181728 569132 161109 722585 889404 184334 730918 692219 503697 485175 757366 627234 338909 308795 758906 87984 111868 895495 619458 210424 295232 663955 327890 467783 284865 434867 680951 526306 476942 996829 762206 567213 871483 505797 437716 745240 993436 848152 564216 1024231 372703 368888 115740 347384 441338 643574
839592 611472 783500 941108 999999999 898344 240882 976097 875748 617431 855118 646537 593375 940870 469501 825836 662788 870372 515012 748644 554016 717235 873911 876982 1176841 702144 783468 786157 622984 715736 718285 662998 548788 538008 899143 960824 609731 498553 504170 852338 798320 427532 523753 688143 1077000 961365 412012 108083 304796 1036716 550336 640264 709769 571828 1122093 748814 785765 311031 235718 770092 811442 414354 658461 494405 610837 316390 632824 746255 853006 1024063 931259 290207 332754 734525 983287 277405 798868 639836 777440 817796 756327 480585 645334 60478 596212 415451 69630 663795 877451 597479 99661 177393 729238 89241 897031 734143 825913 942365 684503 613034
169249 370516 193450 58504 898344 999999999 883452 359808 350730 401663 645923 258914 336784 144096 688449 559790 237972 696549 648369 464677 521918 493562 475057 339770 284373 601691 192243 424259 595275 467882 245425 416153 499424 477603 606542 242786 326506 401239 622376 806327 649737 474635 518507 567573 180560 168285 648847 1005752 714600 140307 472432 680590 551999 332175 231557 576703 137071 692667 858275 131972 741523 670065 445193 433121 698882 587150 315344 250310 772093 126389 152096 867510 582102 179904 336649 622198 271227 460897 290087 379824 623592 472547 471244 955018 755309 516060 828753 447299 386134 686792 947223 813027 506501 982765 399678 310565 77108 381135 382840 585092
782965 535715 817196 914278 240882 883452 999999999 869155 767384 524501 673976 625490 640266 888429 645645 957329 669856 679311 341195 612679 678722 837688 733662 771500 1140742 850722 816744 886704 772263 581083 661610 552751 664535 436254 728857 1003679 560816 497725 660379 639737 614152 425654 406118 828705 1050279 903899 572056 292984 170999 1023248 655366 810554 845664 555328 1086377 581830 753189 191880 25609 769569 608394 253780 764272 558218 786750 326908 577416 794813 646417 1001891 876110 52921 314881 704960 882776 313960 857628 517263 691702 905768 907145 567047 518008 238137 384327 501087 235092 770504 963788 771024 338012 102843 852827 244121 776310 801640 806519 828008 771800 759601
222487 367527 522824 320524 976097 359808 869155 999999999 102007 358758 361934 405413 575986 220384 932202 899827 459636 408627 544616 267850 788987 813188 183078 99326 397471 914375 521402 761740 887389 295147 294180 318274 761898 441664 300204 600814 389273 528647 876743 534905 393328 577500 465093 878036 371799 202908 870013 1080929 705865 405700 731564 974315 868356 459074 362141 351852 312730 689557 848061 412225 481767 616396 746618 638323 984055 672035 363245 569789 497269 364928 209326 834065 647266 341371 29340 715584 612158 351901 205537 724781 947232 689479 351731 1021355 593974 702084 910884 750669 740289 968984 1052554 836042 828888 1044665 103621 631464 344221 48976 690071 874422
186844 270598 484989 326122 875748 350730 767384 102007 999999999 258407 306944 330698 507257 233197 854320 856412 395521 357002 445548 173429 719598 760781 126622 11289 457742 857238 483564 719208 823327 197657 217372 216305 691967 340046 258534 592299 300160 440590 802275 477063 325431 484124 363086 820639 410585 226556 788337 980108 603859 429731 661599 909393 813499 375129 414445 270226 266920 587583 746183 369537 417662 514941 688789 559300 916280 574657 274219 525285 440408 390368 218614 732767 548577 282078 116699 618358 575765 250242 118567 687748 894313 611090 250568 920315 503540 617451 811091 693415 710861 900522 953620 734183 777374 943396 50587 584764 313938 68428 635993 809704
266536 43527 427194 415984 617431 401663 524501 358758 258407 999999999 355080 196521 349274 370630 644200 741996 277776 397313 246953 168290 539377 627300 280317 259564 626326 704806 426053 616857 653060 142813 156493 59810 511825 88285 359319 594571 111329 220828 603368 469552 326502 241321 123224 669354 545047 383214 569643 722186 355415 531895 483419 733152 669772 184891 573397 244803 264947 337003 501529 328674 402706 282654 545008 360306 731962 319331 102193 440704 443552 502919 357172 496532 291213 230754 367150 363050 506582 79154 167408 603601 751801 410163 92819 662732 357696 396443 552697 550951 645323 714848 695586 480571 645306 686311 283270 484789 328394 325562 508182 638228
476678 396064 743974 629160 855118 645923 673976 361934 306944 355080 999999999 534067 701567 539641 990747 1088981 614970 50657 340950 198601 894247 978149 182960 318125 756946 1059172 742637 958473 1008126 214670 443492 298453 866771 375710 71724 880408 460437 573402 954682 173021 60311 578412 363616 1023472 717057 533455 912824 944335 550496 736106 838479 1087790 1022869 538809 717391 116674 535651 544549 660391 630580 123513 441038 897202 714372 1085605 621919 442927 771151 135467 697064 524834 626072 585381 528622 390145 661370 831812 280739 361233 937840 1105119 763269 267874 883088 307274 742665 804128 902951 971827 1068347 949262 683455 995999 899207 268504 822995 594599 314794 856201 993282
207678 153749 232586 295880 646537 258914 625490 405413 330698 196521 534067 999999999 177979 299469 526809 554974 82029 580365 422167 335817 389088 446418 413116 324892 530688 534798 231525 425085 494881 320914 113377 241040 361385 245582 522535 408328 88104 148847 472390 663041 514550 219209 287085 498329 432684 322553 465642 754548 457965 399203 331046 580144 494478 74802 475852 432671 139586 435745 600187 148368 595861 424161 368130 233297 585922 331545 94962 244308 635148 381270 291989 611692 323900 88408 399028 369132 310072 274330 213122 408409 576661 284152 287720 701555 545891 302246 576994 373447 448907 570023 703304 554163 464013 728769 375777 290710 182824 394200 322923 480906
362418 306600 190252 390876 593375 336784 640266 575986 507257 349274 701567 177979 999999999 432312 363372 394926 117941 745592 528663 505884 213114 278118 590422 500878 620106 358988 190270 278715 316907 486903 290221 403334 185915 365490 695925 369976 241130 164121 303033 816834 675736 221672 401370 322825 515201 458498 314438 696961 492291 463354 155579 402364 321311 164692 568106 593906 275171 470093 614881 206644 750531 497881 195830 101202 409218 313862 259773 156098 792182 460527 429473 641200 327071 236060 566316 335011 217363 427866 390626 279813 403589 135788 441533 653041 662478 185127 525783 201715 333134 393695 627251 550125 296153 681745 553250 164830 281351 569015 162628 302970
105469 353085 327217 100140 940870 144096 888429 220384 233197 370630 539641 299469 432312 999999999 795007 700934 317269 589915 610477 380049 635454 627631 359617 221925 255832 734029 325874 564106 719863 392278 227648 363882 610611 457161 491104 381192 333917 447480 732297 708014 553728 514430 493854 698855 184170 26833 745595 1048905 717473 196547 581618 806537 685318 372079 203674 489435 162608 697117 864364 233472 646556 653096 571674 517122 821763 624483 313606 380912 671889 157490 15237 864429 610815 211964 195244 664445 411187 409053 216914 521771 759863 563262 416217 993864 698573 594592 871762 574598 530110 808436 1001667 831567 641667 1020249 277241 443018 155698 248363 510758 708493
724548 609757 507255 745502 469501 688449 645645 932202 854320 644200 990747 526809 363372 795007 999999999 377187 480804 1026693 721891 812489 170646 294414 917809 849512 963361 243053 508049 385291 169736 786011 639098 703991 189829 616093 1002912 632416 559622 424481 69210 1066470 950822 412793 635108 239296 858672 821378 82157 537768 575981 799358 216018 170765 264864 480482 914654 874701 638428 561569 626320 564735 1006151 645576 275477 295020 142490 400460 584341 451274 1050745 805035 792618 674784 437646 597402 925036 377584 470664 711602 735755 433134 293029 243274 723858 523714 851463 248371 428930 277474 486967 128217 441325 543551 299723 549146 896156 405317 641798 919729 330858 165145
678577 698717 377231 615133 825836 559790 957329 899827 856412 741996 1088981 554974 394926 700934 377187 999999999 474839 1134866 916907 890786 278962 123366 959312 847665 771710 136653 378645 138087 208112 875198 653931 793328 293160 759661 1075782 381214 631554 551818 325356 1211044 1067277 591316 794202 139259 679569 726569 415577 906246 841059 612609 305963 235686 116144 558919 736423 985230 590901 821031 934130 488788 1144464 872472 206224 425654 270978 647266 646784 331415 1185547 636106 705981 973195 674396 576163 881783 647449 289834 821059 750807 180311 104199 398872 834743 883989 1052117 460108 773319 199692 192574 273128 812802 855961 106360 911223 906319 271804 556167 907487 233814 215364
244486 234599 158187 286720 662788 237972 669856 459636 395521 277776 614970 82029 117941 317269 480804 474839 999999999 661679 495247 416450 329760 369355 487623 388398 521544 462218 157317 343588 428707 402500 181958 323057 303010 320014 601126 341524 167445 173020 420973 745062 596410 246901 360669 425610 418461 343018 428468 769650 507659 374287 272843 515319 419713 120729 467845 514584 157713 485071 644274 107402 677886 487277 294011 200745 524424 357143 176849 163104 717158 364355 313476 661473 357969 118565 449092 388976 229777 356037 281879 326405 501385 245996 369485 720371 622308 281098 593382 298899 367653 509365 709378 590338 386633 748459 443136 208775 172190 455023 244749 415416
527301 439209 792813 679755 870372 696549 679311 408627 357002 397313 50657 580365 745592 589915 1026693 1134866 661679 999999999 355610 246215 935075 1022898 232125 368216 804878 1102118 791485 1005265 1049466 259669 492161 342333 907778 410600 110424 930721 504693 613112 992712 127766 76672 613900 394583 1066633 766693 583387 947853 956172 565771 786425 879878 1128108 1066690 581947 766089 153466 585600 561728 667392 679867 91175 456371 941403 754526 1124912 650736 488173 819005 90194 747284 575149 629811 613547 577597 437193 688891 880237 320876 411379 985579 1148834 802661 307589 895314 302073 779296 822173 947234 1020352 1107558 966112 696230 1040810 910097 317489 870094 644865 362240 901656 1034556
509294 279265 652820 662414 515012 648369 341195 544616 445548 246953 340950 422167 528663 610477 721891 916907 495247 355610 999999999 278936 669757 794808 395139 451650 865716 850081 651863 807348 783839 249679 403438 247255 645515 176647 390191 830291 335441 365992 702545 354942 283406 330092 135088 818220 789300 619760 639904 603433 210246 778580 622910 851071 825524 378435 814149 241311 511416 206452 324675 566489 303766 100763 710945 494926 840043 323243 338345 654265 347621 748838 596212 298236 285300 474232 562196 354217 722117 203240 395616 805604 903330 532517 198659 542152 135543 489111 466857 717435 854634 822438 610503 342510 812644 558573 445940 686611 574282 499966 690101 768904
298119 204848 547067 457488 748644 464677 612679 267850 173429 168290 198601 335817 505884 380049 812489 890786 416450 246215 278936 999999999 704208 781060 125269 181556 623146 864599 545751 759896 816643 32914 246444 108503 676443 217952 191943 691009 265464 388774 771086 343516 187546 407104 225068 828593 564049 381126 737748 848296 457999 570960 647409 898253 826968 345615 576350 112064 344211 444905 593329 435110 277619 359099 700900 526933 898341 472907 246191 572818 310987 534631 364817 573843 440289 332268 287878 515698 634105 111367 174598 739437 909292 577400 103821 787157 330306 564676 688753 706528 774258 881366 834628 592710 798824 807862 167203 624394 405912 221779 658437 801972
573486 499722 337358 579661 554016 521918 678722 788987 719598 539377 894247 389088 213114 635454 170646 278962 329760 935075 669757 704208 999999999 163558 797579 713477 793787 181754 338199 236896 115372 681648 502249 597444 27918 532423 896060 465081 440116 322588 101968 992395 861794 340016 560339 153329 689379 662148 160820 641564 568973 629325 58059 194050 167502 359138 745743 781642 484440 550015 655746 402525 928247 612135 112855 181155 196903 375646 462192 280937 971734 636092 634391 695986 406208 448324 778850 371256 301194 614228 602201 277241 237008 137450 627486 613457 804843 187583 497902 116644 335069 180938 553180 577111 176660 641444 764830 235055 480343 781960 161839 100320
590720 584450 301028 551491 717235 493562 837688 813188 760781 627300 978149 446418 278118 627631 294414 123366 369355 1022898 794808 781060 163558 999999999 856969 752772 735752 109072 302323 95608 133186 763595 551121 680585 173526 640160 968951 363758 518229 430726 231765 1094728 953654 468228 673733 78416 636494 654152 314746 803022 718281 571039 183555 201836 58695 442805 694232 871742 500599 698102 814141 401877 1028543 749181 84068 302408 229718 524637 535249 246862 1070287 587771 630502 852054 551283 478706 797673 526174 227262 705976 650338 148936 134057 275954 719645 776464 930179 338306 661459 77678 195946 223776 712690 737037 18079 804307 809705 184627 475413 816006 124951 132137
307816 309281 595988 452550 873911 475057 733662 183078 126622 280317 182960 413116 590422 359617 917809 959312 487623 232125 395139 125269 797579 856969 999999999 137910 574504 947848 594587 823976 906635 158182 305986 222610 769663 341187 132031 714974 359411 493868 871870 355334 210280 521565 350273 911344 534642 351813 846003 973452 582164 556059 739766 990778 906820 440174 534455 174658 379302 569593 715118 480105 299589 481085 780637 626164 993997 594618 335962 631180 318053 516478 345133 692910 563089 384071 210005 637826 686303 235395 208852 796638 988757 677756 228812 912270 421662 672503 813853 785779 824106 977492 959624 717235 874198 932794 85555 688049 432388 134476 732243 892383
176518 269961 475572 314872 876982 339770 771500 99326 11289 259564 318125 324892 500878 221925 849512 847665 388398 368216 451650 181556 713477 752772 137910 999999999 447512 849743 474147 710326 816587 204780 211517 219487 685903 342405 269812 581496 297109 437483 796913 488078 336156 482443 366512 813155 399560 215432 784153 981675 607214 418463 655519 902792 805754 371049 403874 280037 257647 590657 750101 360298 428479 519521 681278 554519 910037 574385 271090 516410 451469 379122 207332 737439 548869 274115 111448 618037 566337 254766 114098 678442 886413 606241 255645 922055 511851 613745 811986 685847 701078 894362 954083 736910 769290 945340 60684 576126 303778 70850 628065 803036
360100 607188 456451 236101 1176841 284373 1140742 397471 457742 626326 756946 530688 620106 255832 963361 771710 521544 804878 865716 623146 793787 735752 574504 447512 999999999 844324 455596 650651 852921 639712 479352 618643 773546 712399 697459 392256 581277 678300 895600 929753 782051 749876 749530 813707 105167 246271 929296 1284731 969791 165651 748399 934159 793844 605490 54892 727178 392706 948941 1116319 416336 873340 908556 704335 717385 956951 862216 563444 513338 892353 159705 269722 1118476 852970 443555 368391 899535 509944 663443 470589 598023 854413 755842 669929 1232213 949065 800430 1107233 705088 579878 946835 1229476 1079305 745161 1259457 489178 566141 351809 442697 642285 844724
692388 663159 408594 659798 702144 601691 850722 914375 857238 704806 1059172 534798 358988 734029 243053 136653 462218 1102118 850081 864599 181754 109072 947848 849743 844324 999999999 409856 197152 79523 844748 643730 760731 204677 706924 1054909 467895 599300 495472 197975 1166166 1030623 519991 737070 36609 745441 760674 290191 777667 748998 679851 227784 103515 50514 520374 803175 949368 601778 730497 828680 505455 1101049 793878 168466 356769 137160 556418 618675 353248 1143881 696837 736344 871402 587668 576083 900018 549405 336331 782048 744002 251591 56496 317781 795577 758959 985414 368958 653669 163997 289566 137346 682597 748130 99346 785521 905266 291549 580504 914721 224797 91223
301271 384273 1429 250642 783468 192243 816744 521402 483564 426053 742637 231525 190270 325874 508049 378645 157317 791485 651863 545751 338199 302323 594587 474147 455596 409856 999999999 240640 403913 537408 299355 464177 318396 475906 718579 187240 319629 320356 440055 884607 731623 391119 516971 375469 351343 352229 478571 887231 659106 291317 294302 488696 360467 277602 408031 651245 216734 636501 791148 114547 817465 644042 253705 290803 507850 494937 323911 58720 854451 298491 329514 812003 502017 214053 503138 520648 92201 501738 386861 204494 434012 317206 514703 842996 777278 373820 715612 255528 229928 496285 816728 731684 315967 871660 534051 118398 177524 530892 191146 394210
540560 573337 239230 480575 786157 424259 886704 761740 719208 616857 958473 425085 278715 564106 385291 138087 343588 1005265 807348 759896 236896 95608 823976 710326 650651 197152 240640 999999999 228548 745980 519653 665604 237802 642741 942465 270763 505590 441982 319771 1086312 939506 491765 679556 171705 554148 589969 396238 876925 754876 487718 236842 295663 147992 437614 611683 857544 453196 733604 862293 350902 1019331 772834 127697 332569 324755 564427 518752 193924 1059433 507815 568763 896107 586444 440093 743758 572747 153121 695965 615180 54465 204098 319886 709596 846206 941160 386677 726700 122453 101730 319276 789784 788675 98960 874546 769272 136125 418159 769620 118879 226553
667859 612763 402806 653777 622984 595275 772263 887389 823327 653060 1008126 494881 316907 719863 169736 208112 428707 1049466 783839 816643 115372 133186 906635 816587 852921 79523 403913 228548 999999999 794866 606845 710607 141948 647767 1008218 492692 551599 437632 118972 1107747 976515 454658 675660 69561 750971 746694 210972 699815 674211 687290 169648 87128 95314 471039 808484 896105 577400 656239 750445 487056 1043534 723407 150209 296378 104175 482908 572771 345294 1086967 699914 720551 793845 515400 546170 875233 473618 343893 728594 707358 280893 135303 252423 741924 680057 918633 297427 574158 148578 329100 94268 605466 669565 134408 706777 869875 287701 564331 883708 212783 15053
304561 182112 538689 464777 715736 467882 581083 295147 197657 142813 214670 320914 486903 392278 786011 875198 402500 259669 249679 32914 681648 763595 158182 204780 639712 844748 537408 745980 794866 999999999 239739 84260 654004 186124 216910 688737 245773 363534 746083 347541 194590 378354 192205 808968 576403 395435 710442 815402 425425 579679 625326 875567 808210 324536 591607 113869 342450 412161 561484 428978 280606 327353 682535 503053 874711 441366 228546 561480 317052 544458 377130 542889 408365 325727 313700 483976 624205 79537 179916 727595 890470 552975 71199 754274 309953 537819 655918 688291 764390 857618 801829 560002 781468 775026 196589 611183 405513 250305 642025 780098
122847 129201 300678 260604 718285 245425 661610 294180 217372 156493 443492 113377 290221 227648 639098 653931 181958 492161 403438 246444 502249 551121 305986 211517 479352 643730 299355 519653 606845 239739 999999999 174544 474602 236481 422988 450586 108558 238958 585561 587211 432941 297173 276101 607140 392506 245329 575861 825991 490614 375921 444237 692570 601644 166233 425234 353461 109517 469977 637341 189275 520338 432249 475785 344520 698987 402968 86330 328875 556132 348164 216194 639283 386143 86058 290036 444603 388370 217763 100556 495551 683342 395950 229057 769706 510751 408412 649844 480754 528338 683182 784280 604025 568287 795569 263049 383527 173723 280993 426313 593056
264914 97854 465401 422279 662998 416153 552751 318274 216305 59810 298453 241040 403334 363882 703991 793328 323057 342333 247255 108503 597444 680585 222610 219487 618643 760731 464177 665604 710607 84260 174544 999999999 569782 125048 299857 624238 162362 280367 662814 422248 274057 300150 147067 725019 544621 372554 629427 766048 387727 538801 541073 791394 724563 240403 567427 192022 283146 371284 531016 360067 355026 302625 599110 419164 790779 373019 146866 484228 394110 506733 349433 520312 342798 257861 330321 416497 548482 45589 148367 649314 806775 469344 55092 705785 340076 456251 599981 604923 688309 773727 744382 517968 698509 728320 234033 531723 347458 280660 559773 695841
547076 472028 317626 556855 548788 499424 664535 761898 691967 511825 866771 361385 185915 610611 189829 293160 303010 907778 645515 676443 27918 173526 769663 685903 773546 204677 318396 237802 141948 654004 474602 569782 999999999 506019 868273 453144 412242 295685 122955 965996 834658 315470 534503 174142 668844 637246 168658 639190 550064 609704 30395 221856 185574 331282 724856 754372 458364 530664 641164 378193 901664 589937 110401 154531 224727 356271 434282 262143 945054 615227 609245 680059 385626 421539 752019 354424 287520 586907 574478 273923 258875 113104 600197 608690 780791 168037 490603 115376 332852 208661 552965 563624 188311 636950 737087 220216 455873 754500 150418 126950
352300 107561 476893 496966 538008 477603 436254 441664 340046 88285 375710 245582 365490 457161 616093 759661 320014 410600 176647 217952 532423 640160 341187 342405 712399 706924 475906 642741 647767 186124 236481 125048 506019 999999999 395844 653644 158877 211483 583401 459984 334825 203301 41776 672932 628609 470591 537435 641025 267560 611710 479982 722830 676821 206625 659031 259161 340721 249629 413371 390166 395991 196288 556232 351495 717351 255314 163461 480909 439756 584629 444009 408450 222338 300315 451953 297853 548545 106635 255490 636623 757358 396707 115723 580831 302570 368980 475368 562538 683375 699853 620228 394700 658221 603546 359047 517013 402020 405378 528104 632723
438500 396779 719958 584572 899143 606542 728857 300204 258534 359319 71724 522535 695925 491104 1002912 1075782 601126 110424 390191 191943 896060 968951 132031 269812 697459 1054909 718579 942465 1008218 216910 422988 299857 868273 395844 999999999 845459 456671 580142 962654 238186 125955 594109 391007 1018736 663707 482319 927115 991854 596282 687316 839148 1090109 1016274 537213 660216 150374 505878 588218 713833 604709 194346 487938 889972 718826 1090280 648973 436316 751672 200574 647497 476754 682561 613807 505416 329119 690129 809463 292835 331964 918162 1098579 769173 281539 930383 372380 754682 845050 895452 948508 1073297 991067 731034 986545 947866 214498 806362 561398 255086 845251 993592
407162 555340 186709 281722 960824 242786 1003679 600814 592299 594571 880408 408328 369976 381192 632416 381214 341524 930721 830291 691009 465081 363758 714974 581496 392256 467895 187240 270763 492692 688737 450586 624238 453144 653644 845459 999999999 494957 507592 563414 1034489 878449 578170 695272 441655 306554 401925 621654 1062256 846293 240474 436679 565524 418639 462210 361249 801434 346822 823685 978094 265897 968261 828564 357083 466586 593117 680570 494588 214729 1001818 271295 391537 999242 688834 366431 576372 704451 166845 665601 519486 216307 469665 483661 677725 1020926 951241 546142 894222 355484 188651 586086 986588 917502 369434 1049714 641766 234788 285890 623816 303374 487833
230482 67808 320689 353646 609731 326506 560816 389273 300160 111329 460437 88104 241130 333917 559622 631554 167445 504693 335441 265464 440116 518229 359411 297109 581277 599300 319629 505590 551599 245773 108558 162362 412242 158877 456671 494957 999999999 140430 512472 580733 435820 190589 200620 563398 489463 352871 490335 717456 390441 464559 382823 634050 562437 81073 526617 353800 192765 369015 536057 231398 513797 344566 436815 266767 635659 294535 26066 330544 554270 441452 323242 542104 277744 146624 389312 336424 397074 190381 184058 492489 644701 318424 204006 661308 457881 318057 541295 442603 535038 618956 676255 498474 536160 687289 338388 373526 249568 367914 397815 537012
351574 185276 320905 442585 498553 401239 497725 528647 440590 220828 573402 148847 164121 447480 424481 551818 173020 613112 365992 388774 322588 430726 493868 437483 678300 495472 320356 441982 437632 363534 238958 280367 295685 211483 580142 507592 140430 999999999 382552 670916 539371 74149 243201 461453 578721 469865 352244 606434 338864 540853 268930 515030 465642 75530 623573 459652 288424 316274 472118 276992 606210 334481 346658 141543 512203 186061 166404 305531 649459 526187 439334 491658 184950 237253 527282 221399 372080 292706 324089 443704 545937 189882 305748 554345 500704 178927 428937 353067 495943 494953 554527 417352 448714 581883 478258 326942 327616 508308 324221 422627
665433 566651 439228 679803 504170 622376 660379 876743 802275 603368 954682 472390 303033 732297 69210 325356 420973 992712 702545 771086 101968 231765 871870 796913 895600 197975 440055 319771 118972 746083 585561 662814 122955 583401 962654 563414 512472 382552 999999999 1039734 917677 381707 606091 186143 791092 758838 92278 581183 573613 731251 150852 153332 209842 431958 847321 839669 577911 557187 639391 500572 977689 633171 206704 245706 137671 388049 536330 382900 1021960 737670 730500 684856 423356 538801 868303 372170 401455 674117 683881 366162 252540 194207 686838 561103 835065 215645 456437 208926 421112 120131 487448 557538 239084 587805 845603 336191 578074 866543 261649 110067
637837 513040 885873 794203 852338 806327 639737 534905 477063 469552 173021 663041 816834 708014 1066470 1211044 745062 127766 354942 343516 992395 1094728 355334 488078 929753 1166166 884607 1086312 1107747 347541 587211 422248 965996 459984 238186 1034489 580733 670916 1039734 999999999 156605 658151 433812 1131742 887638 703376 985414 928155 554810 903823 939784 1182120 1134434 652278 889618 233751 687669 555909 632240 776482 67233 450387 1011524 811466 1175338 674216 568309 906460 37712 865441 693003 587580 636114 673238 563162 707766 970379 390403 516899 1071446 1215681 856341 376751 869087 256976 824104 812276 1017647 1110373 1157759 950997 675010 1112795 880264 440835 953429 749381 487809 977310 1092701
481358 369204 732916 638288 798320 649737 614152 393328 325431 326502 60311 514550 675736 553728 950822 1067277 596410 76672 283406 187546 861794 953654 210280 336156 782051 1030623 731623 939506 976515 194590 432941 274057 834658 334825 125955 878449 435820 539371 917677 156605 999999999 538070 317996 995391 734945 550370 871739 886237 493526 748836 807100 1054345 996203 511374 739788 82050 531705 488466 600865 622076 92842 383967 871503 680907 1050505 574103 420887 756024 123443 710879 538618 566012 536956 518976 420222 612383 818769 248579 360328 922009 1078161 728489 235048 825105 247616 703761 748651 877435 958962 1033100 893235 625579 971637 840784 293846 805183 593067 344748 833609 961561
415264 215667 391584 514701 427532 474635 425654 577500 484124 241321 578412 219209 221672 514430 412793 591316 246901 613900 330092 407104 340016 468228 521565 482443 749876 519991 391119 491765 454658 378354 297173 300150 315470 203301 594109 578170 190589 74149 381707 658151 538070 999999999 224397 488227 651225 535772 334415 535596 271174 614491 292962 525132 496120 144414 695051 462115 358240 248818 400052 351127 595991 281842 385230 166049 517259 112610 215974 371768 640297 599082 505417 422067 111408 307008 579028 150252 436759 301315 372060 499506 573331 202601 312970 482347 465477 166294 358078 391781 554251 499666 487978 343478 485787 509598 517149 386473 400326 552534 372886 439659
389628 148022 517942 536700 523753 518507 406118 465093 363086 123224 363616 287085 401370 493854 635108 794202 360669 394583 135088 225068 560339 673733 350273 366512 749530 737070 516971 679556 675660 192205 276101 147067 534503 41776 391007 695272 200620 243201 606091 433812 317996 224397 999999999 703658 667373 506266 555090 624351 240773 651855 509442 748616 708599 245530 696524 247359 381505 224845 384118 431937 371684 159666 589677 380453 741526 258742 205018 520790 416083 624161 480382 375356 222946 341769 477381 299261 588541 116661 287367 674938 788437 423474 121581 563477 263043 390557 463729 596054 722530 723947 609703 372261 691749 584998 377263 555468 443195 426246 563904 660608
656145 627543 374230 625815 688143 567573 828705 878036 820639 669354 1023472 498329 322825 698855 239296 139259 425610 1066633 818220 828593 153329 78416 911344 813155 813707 36609 375469 171705 69561 808968 607140 725019 174142 672932 1018736 441655 563398 461453 186143 1131742 995391 488227 703658 999999999 713962 725542 276862 767222 722278 648768 195312 123985 26567 484748 771698 914026 565505 703344 806218 469600 1066446 764074 131887 323881 153619 528968 582577 318382 1109138 664730 700965 847733 559264 539535 863823 523988 304415 746817 707401 225927 85111 286864 760371 745870 953677 340816 637244 127488 268699 149719 673565 726452 72888 772904 868658 257071 544961 878194 188869 76108
280079 521672 352237 136945 1077000 180560 1050279 371799 410585 545047 717057 432684 515201 184170 858672 679569 418461 766693 789300 564049 689379 636494 534642 399560 105167 745441 351343 554148 750971 576403 392506 544621 668844 628609 663707 306554 489463 578721 791092 887638 734945 651225 667373 713962 999999999 184587 824137 1184669 879791 66987 643490 833202 694930 507261 57739 672812 297591 858460 1025505 312391 827588 824681 601725 612912 855121 763811 473639 409424 850982 54677 199363 1030505 756377 347315 342762 800113 409564 590123 399735 502722 758244 650887 598016 1133066 881738 696190 1007371 602714 489851 844600 1127462 985018 646694 1160575 449685 463523 251117 410954 539415 742382
122508 368185 353564 120235 961365 168285 903899 202908 226556 383214 533455 322553 458498 26833 821378 726569 343018 583387 619760 381126 662148 654152 351813 215432 246271 760674 352229 589969 746694 395435 245329 372554 637246 470591 482319 401925 352871 469865 758838 703376 550370 535772 506266 725542 184587 999999999 771460 1069328 733111 205843 608201 833362 711901 394354 196392 488787 187304 713062 880058 260275 643037 665852 598474 542463 848593 645087 331640 407504 666862 165526 30566 878715 630418 235777 176387 685496 436950 417226 224355 547148 786240 588954 423659 1013825 703735 619368 892429 601383 554378 835257 1023480 849140 668111 1040000 267827 469561 182521 234629 537514 735326
668648 536904 477971 704269 412012 648847 572056 870013 788337 569643 912824 465642 314438 745595 82157 415577 428468 947853 639904 737748 160820 314746 846003 784153 929296 290191 478571 396238 210972 710442 575861 629427 168658 537435 927115 621654 490335 352244 92278 985414 871739 334415 555090 276862 824137 771460 999999999 490802 495282 767959 186397 238499 299510 413210 878707 796479 585596 480409 551767 520600 925539 563480 273672 232500 215785 318303 515657 425066 970190 769755 741939 598747 355503 541589 864592 295941 455593 634883 670063 438006 344803 183072 646867 469220 769310 173529 364363 277419 495532 199508 398547 469374 324276 496112 828490 387904 595788 854804 319047 201245
947475 717734 887211 1048919 108083 1005752 292984 1080929 980108 722186 944335 754548 696961 1048905 537768 906246 769650 956172 603433 848296 641564 803022 973452 981675 1284731 777667 887231 876925 699815 815402 825991 766048 639190 641025 991854 1062256 717456 606434 581183 928155 886237 535596 624351 767222 1184669 1069328 490802 999999999 395680 1143807 643638 706629 790265 679861 1230005 841598 893817 405276 296712 877026 891981 504075 749559 596981 674785 424441 740372 848205 932011 1131609 1039247 345848 440105 842574 1088803 385429 898743 740929 883658 911442 829932 579577 745709 61508 671240 516117 177555 754560 970923 663112 98737 260990 813804 48960 999877 833024 933628 1046221 779859 691226
612016 364956 659679 744078 304796 714600 170999 705865 603859 355415 550496 457965 492291 717473 575981 841059 507659 565771 210246 457999 568973 718281 582164 607214 969791 748998 659106 754876 674211 425425 490614 387727 550064 267560 596282 846293 390441 338864 573613 554810 493526 271174 240773 722278 879791 733111 495282 395680 999999999 853978 535105 726932 735542 390048 915461 445968 583089 22614 146947 604009 509677 109558 639206 422331 708897 193887 406575 642713 552297 831834 705209 154040 168435 535425 717881 201517 707931 355700 522822 767332 805115 442330 358295 334181 304211 382035 258141 645690 823373 691875 400487 135607 734781 352521 616804 656754 637531 666692 636823 660208
275775 504152 292104 116548 1036716 140307 1023248 405700 429731 531895 736106 399203 463354 196547 799358 612609 374287 786425 778580 570960 629325 571039 556059 418463 165651 679851 291317 487718 687290 579679 375921 538801 609704 611710 687316 240474 464559 540853 731251 903823 748836 614491 651855 648768 66987 205843 767959 1143807 853978 999999999 585249 768751 629340 472432 124047 681989 272300 832161 998131 266890 841663 806136 538707 562880 791340 726890 451637 348483 867921 40777 211276 1006467 722338 318575 377650 761328 344623 584317 399996 436027 691804 598247 593419 1093839 878666 646790 967203 539440 422900 781186 1082997 953333 580907 1121730 473044 400533 216808 440177 476715 679073
517050 443251 293607 529546 550336 472432 655366 731564 661599 483419 838479 331046 155579 581618 216018 305963 272843 879878 622910 647409 58059 183555 739766 655519 748399 227784 294302 236842 169648 625326 444237 541073 30395 479982 839148 436679 382823 268930 150852 939784 807100 292962 509442 195312 643490 608201 186397 643638 535105 585249 999999999 251278 203734 301978 699148 726552 428551 515154 631552 349722 875139 570396 110066 129016 254959 341304 404617 239362 918347 589610 580028 668707 368847 391335 721777 342887 270038 559022 544152 267862 280422 93338 572378 610592 758377 154875 490012 116000 327429 238978 559924 555523 199753 639091 706776 202122 427232 724106 137718 154810
754964 693718 487549 739087 640264 680590 810554 974315 909393 733152 1087790 580144 402364 806537 170765 235686 515319 1128108 851071 898253 194050 201836 990778 902792 934159 103515 488696 295663 87128 875567 692570 791394 221856 722830 1090109 565524 634050 515030 153332 1182120 1054345 525132 748616 123985 833202 833362 238499 706629 726932 768751 251278 999999999 148273 553125 890858 974641 664521 710413 790182 573957 1118760 784779 235558 373585 35800 540400 655886 430305 1162587 782885 807385 836671 575081 633020 962293 525464 424220 807436 792989 349912 135990 326197 820601 694258 984687 361967 598791 233294 391457 43601 609251 707855 196745 719453 955611 371362 651106 970202 297753 99915
646051 627500 359187 610001 709769 551999 845664 868356 813499 669772 1022869 494478 321311 685318 264864 116144 419713 1066690 825524 826968 167502 58695 906820 805754 793844 50514 360467 147992 95314 808210 601644 724563 185574 676821 1016274 418639 562437 465642 209842 1134434 996203 496120 708599 26567 694930 711901 299510 790265 735542 629340 203734 148273 999999999 484888 752663 914574 555626 716220 822879 458084 1068771 774089 126359 330598 179082 541811 580777 304407 1111123 646377 687928 863465 571091 531702 853419 538686 285886 747791 701520 202434 82328 296674 761403 767859 961063 353521 657742 121063 243348 175837 697166 743731 49272 795080 861981 242394 532431 869915 178320 100444
276202 142796 278413 370550 571828 332175 555328 459074 375129 184891 538809 74802 164692 372079 480482 558919 120729 581947 378435 345615 359138 442805 440174 371049 605490 520374 277602 437614 471039 324536 166233 240403 331282 206625 537213 462210 81073 75530 431958 652278 511374 144414 245530 484748 507261 394354 413210 679861 390048 472432 301978 553125 484888 999999999 550654 429689 214002 367574 529874 214290 585890 366573 360208 186398 554586 256757 104371 275850 627489 455545 363831 544088 249933 162750 456083 294432 343719 263229 256954 430031 566947 238230 276887 626756 508560 243114 502310 366190 477005 537887 629686 481200 460844 653967 415807 310401 256830 441789 325437 456388
306899 553415 408956 181728 1122093 231557 1086377 362141 414445 573397 717391 475852 568106 203674 914654 736423 467845 766089 814149 576350 745743 694232 534455 403874 54892 803175 408031 611683 808484 591607 425234 567427 724856 659031 660216 361249 526617 623573 847321 889618 739788 695051 696524 771698 57739 196392 878707 1230005 915461 124047 699148 890858 752663 550654 999999999 682200 337815 894540 1061902 363312 831732 855281 659103 664639 912646 807366 508994 466313 852455 109653 217997 1064493 798079 388667 332806 844761 467296 612479 419872 560074 815779 703894 619353 1177395 900126 747399 1052492 660155 546109 902038 1175155 1024521 704409 1204618 448900 520938 297466 405206 596729 799806
410076 287318 652523 569132 748814 576703 581830 351852 270226 244803 116674 432671 593906 489435 874701 985230 514584 153466 241311 112064 781642 871742 174658 280037 727178 949368 651245 857544 896105 113869 353461 192022 754372 259161 150374 801434 353800 459652 839669 233751 82050 462115 247359 914026 672812 488787 796479 841598 445968 681989 726552 974641 914574 429689 682200 999999999 454703 437856 565880 542733 166984 337888 789709 601060 971537 505983 338870 674622 203300 645160 474205 537020 469745 439493 376173 545908 737765 167542 286646 840406 996597 649247 154181 780114 247353 626851 695158 795620 877913 954198 841046 580873 889716 797799 248441 723355 517062 303021 751572 881184
