NAME : synthetic_000183
TYPE : CTSP-D
DIMENSION : 100
GROUPS : 8
RELAXATION_LEVEL : 1
EDGE_WEIGHT_TYPE : EXPLICIT
EDGE_WEIGHT_FORMAT : FULL_MATRIX
EDGE_WEIGHT_SECTION
999999999 197089 291732 407919 536316 610180 449357 71851 578818 654436 538131 141160 134239 694975 439785 410753 485994 550008 554121 499604 845590 347128 283742 330168 679425 491069 274464 305247 496468 474367 488271 698852 434584 359369 126381 234718 316618 283076 207419 374184 464039 573787 490261 336957 24410 108013 483809 831183 322173 137010 421269 555673 377117 107661 424789 373640 151845 443086 263083 317437 458959 275019 105330 459370 611455 561751 297531 386227 560004 560716 160266 507614 459212 494746 168295 338168 441613 194498 158350 435055 45699 430742 451676 220731 302012 537895 252005 510447 493964 303790 517187 526872 583138 533266 292235 204994 588112 604817 316558 298725
197089 999999999 488308 281812 645339 703145 346806 125238 506816 600372 732382 331978 330034 590926 630337 566923 670714 746388 628094 696693 975442 274481 88018 134696 561887 542189 121756 236122 568954 657346 655939 824568 396614 263119 230360 263237 512130 388508 336472 313532 372817 601180 687026 186482 189554 250184 490501 952611 423784 96259 602583 413335 426239 181618 599347 324092 316949 584921 448669 510947 370023 470855 140025 294104 647625 755105 469949 269986 755439 521161 354696 604031 389949 682883 116647 167086 388370 313803 231668 569672 160966 613866 489045 61890 323544 734828 447596 678674 616058 184337 700827 633800 779934 711690 170189 237420 540811 702751 264835 122451
291732 488308 999999999 650484 516253 604870 694633 363331 787150 838464 249894 162166 158425 922969 167157 319275 229878 269472 591520 210966 738858 560807 573665 619532 919644 576448 559253 550927 549082 225685 286212 616544 631881 588040 311113 434534 81058 364529 267423 571661 671260 674788 198763 616837 303498 270809 626694 742945 388848 414507 188485 819902 496910 342167 215976 592051 240121 377944 103130 105004 664918 70135 380545 740045 694514 299216 161523 646286 269272 740377 150328 517695 647213 264600 444709 624807 617574 284027 341749 389691 328578 188841 564900 510389 479334 252315 80276 302463 458184 574659 261392 512998 291674 336983 565562 416962 772182 591553 522046 587820
407919 281812 650484 999999999 919938 982006 583504 354520 751212 851213 859586 492237 506476 802416 747612 817225 764721 919728 909168 857442 1243935 107974 238209 227287 760695 823999 368794 505943 849901 747485 708626 1094323 665190 68760 339674 544518 701405 660350 403587 129327 109867 881010 837939 411093 415759 380816 768320 1224673 697576 275418 693962 596272 707937 316033 674511 592987 557581 844917 572855 708973 110544 660499 406082 462020 928222 946313 561309 507437 889251 783108 557777 881529 150682 891601 398011 369472 172572 380544 309080 833413 362417 708884 770595 331598 605307 900820 639996 729974 885879 437665 788925 908912 927000 938211 425328 517659 798088 980607 144713 338769
536316 645339 516253 919938 999999999 88818 556264 570626 525261 511032 662830 547923 518360 668468 648253 202480 717077 536252 118465 555570 335911 878288 717905 756970 697001 192878 610397 489890 130914 720241 797702 185973 416539 883873 654390 389461 442584 259811 693028 908400 993108 260567 580454 620816 519841 621159 310403 308082 222384 649352 697293 694753 251205 643965 729692 444843 391539 141738 600476 416708 988631 446973 513857 703979 245963 480456 665029 569952 655781 436857 452263 55525 993432 391019 530676 659552 977528 693690 690066 126568 575848 693297 240025 612495 349052 554387 444464 811159 59043 565749 743515 12931 630581 326042 569203 410400 465466 75596 850770 653496
610180 703145 604870 982006 88818 999999999 571186 638628 513635 482412 748702 631463 601737 650004 736643 290926 805407 617651 93606 640571 309766 946868 770470 806928 684642 194216 655527 526222 142439 808769 886517 176371 427813 949876 731284 441351 531402 328147 775296 978535 1060095 228090 666424 657728 592160 699732 308409 270738 289160 716095 786102 703451 286540 717615 818496 468766 470196 230194 688046 505526 1055910 535453 577552 729090 198032 558785 752577 596233 740478 421451 536424 102602 1063261 472515 586812 699071 1049145 774781 766300 215279 647595 782061 251513 664924 391006 637203 532474 899939 147690 604462 831601 92185 713170 401706 609744 465765 446423 19055 921153 698159
449357 346806 694633 583504 556264 571186 999999999 403938 167765 268773 940178 580587 562603 248395 860137 595647 916598 896259 478013 869848 880279 610441 348614 357041 230183 376970 227143 145903 432719 907885 934215 737511 143563 589583 546241 264126 678052 391113 647886 650751 689977 378175 873615 172937 426735 548228 267896 841751 399985 431180 858363 142783 310935 501094 867798 119553 456365 577413 701132 663919 688946 645906 344374 170467 428433 876955 744169 77837 953615 215553 544973 501305 718350 784943 285944 214223 723766 629599 560354 551103 444212 865346 320529 285091 243728 896240 624659 955887 559852 162909 948581 543403 960192 773680 177089 277970 222063 580189 607524 246838
71851 125238 363331 354520 570626 638628 403938 999999999 545478 628148 608734 209380 205330 652095 508673 464100 552342 621550 574409 571455 890082 308270 212095 258621 632014 501416 210419 265595 515410 539921 547123 741100 410327 313527 143156 226444 387711 311373 244149 340296 422486 576177 561967 275374 66930 145710 476929 872266 349910 79412 485944 499499 384206 101929 486431 343529 205617 490399 329191 387568 418041 346250 72118 395766 617653 631976 357440 335217 631132 538345 230627 536432 424766 562628 118161 271752 412194 225687 162780 479157 42117 496260 455894 152838 295179 609678 323101 569629 533310 249073 583115 560225 654861 596959 236288 195599 563403 635219 283269 230595
578818 506816 787150 751212 525261 513635 167765 545478 999999999 102358 1021413 697079 674801 147445 954233 620435 1015879 953172 422395 938488 819141 775448 515600 524796 171910 332384 390829 280543 394357 1009554 1047980 689410 155321 755951 688394 358008 755196 440195 784632 815609 857390 290259 948057 340318 554754 683977 215784 774433 433779 584502 964005 226873 321565 646427 978819 205325 548393 586823 811843 736808 856259 729341 478498 321095 334015 922079 861921 244216 1029992 92938 643670 470637 884907 826502 428952 381987 889221 768770 707037 558527 582714 968837 291040 445023 307863 958374 710689 1068627 546397 323251 1047734 513424 1028160 797497 337206 382125 75945 527070 770521 413775
654436 600372 838464 851213 511032 482412 268773 628148 102358 999999999 1062965 763537 739223 176529 1004219 636601 1068340 981005 397874 973519 776674 871762 614492 625489 223668 323960 487555 367937 383836 1063514 1108963 658127 219858 853716 769656 424181 798214 478651 861770 911709 956569 254737 986415 440136 630061 761559 223064 728834 464231 673355 1020793 321394 349211 729976 1038706 284735 604881 595046 873344 777749 955250 776486 558583 422930 288052 943312 926980 343784 1068533 98133 701223 459626 982758 847257 514515 482670 985808 847506 790843 566737 663174 1024287 298472 539044 364714 989255 759693 1128824 542312 418947 1099823 500452 1061670 808223 432585 451524 67171 498201 865069 512860
538131 732382 249894 859586 662830 748702 940178 608734 1021413 1062965 999999999 400497 403922 1161556 112397 464290 125055 161607 762343 110210 787481 759466 815421 860290 1161946 772829 808648 798132 732553 142615 235737 701961 866593 792725 532389 677240 266217 584565 456118 760730 858334 870837 82390 866699 551723 496923 843428 807963 599896 651786 179785 1068255 714267 571890 214384 833336 483823 523381 291143 285367 851650 294602 630186 989926 880481 233099 299574 894735 34163 965969 399377 682333 824512 286330 694516 873963 790256 479052 555827 545108 571431 163724 774150 758403 715081 131512 315524 231986 604792 824391 126507 664004 88166 372487 815406 662300 998438 731861 719904 836180
141160 331978 162166 492237 547923 631463 580587 209380 697079 763537 400497 999999999 29816 821772 299302 380406 344923 430616 594089 373081 823040 408104 415138 460355 810442 551853 415612 434757 541658 333574 353755 685452 545941 432124 153173 340130 209948 328768 146876 423719 522228 644440 359226 477695 159035 111557 571598 817465 363912 253260 281070 693586 449807 180298 287418 492959 173079 427939 122501 220200 516170 170065 242582 600369 674656 454091 164966 522042 424241 666686 96065 532639 503831 402915 307248 479238 477649 152481 187011 429059 171016 290021 524394 361311 399626 414388 151647 375322 496046 442333 376218 541090 451805 459395 431385 314956 696387 622121 370621 439318
134239 330034 158425 506476 518360 601737 562603 205330 674801 739223 403922 29816 999999999 801653 307180 352849 357079 422578 564339 368354 795843 426180 415242 461147 791891 522837 406386 416721 512047 346920 373706 657330 522603 448279 170561 317027 195357 299629 175569 443779 541479 615870 357183 466796 148528 128881 544686 789525 334480 257400 296059 678988 421852 191270 305746 471593 144315 399394 138608 202656 535553 154114 229997 589950 645603 441658 187780 506448 425842 642018 67195 502836 525111 385588 294974 471045 500017 179652 206035 399990 170182 303783 496207 354594 374735 408206 133604 394799 466747 428895 388785 511453 450090 438327 418529 293008 672053 592468 389510 432479
694975 590926 922969 802416 668468 650004 248395 652095 147445 176529 1161556 821772 801653 999999999 1090042 767771 1149836 1098338 561294 1081523 949901 844115 579196 576878 56742 476047 469350 389734 537950 1142500 1175193 826375 296377 818967 794594 489044 895629 584345 895776 884456 911803 422451 1089803 407665 671758 795789 361469 902977 579883 678377 1095078 211741 468618 749476 1107324 331494 682924 734167 940027 878236 911710 867884 590812 342291 460572 1068609 986484 321846 1171450 231611 776418 614534 945573 973205 533974 440797 955176 877781 808618 705849 692035 1100891 437561 530025 446511 1102706 848339 1196427 692190 409535 1181816 656957 1171528 944939 423576 509662 203965 664640 845489 480713
439785 630337 167157 747612 648253 736643 860137 508673 954233 1004219 112397 299302 307180 1090042 999999999 445777 68972 228256 736419 157198 819434 647132 711396 755515 1086150 732426 713461 715587 699373 73150 164750 716717 798939 680576 423285 601369 213463 527724 344038 648365 746081 831189 123172 773892 455598 389336 790103 833163 549087 546366 77900 982818 660021 464450 117744 758966 407122 506524 183217 237937 739403 228236 536914 897094 846914 290504 187180 809377 143953 906235 315204 658827 712683 310536 601843 777814 678667 367188 445306 523922 469727 63908 725660 660425 646384 198622 244552 171431 589211 734738 97712 647231 190161 398101 724834 583068 938208 721350 607579 738440
410753 566923 319275 817225 202480 290926 595647 464100 620435 636601 464290 380406 352849 767771 445777 999999999 514597 351256 298262 359807 443151 756556 650835 695356 783398 321358 571106 485523 273071 517844 596623 305916 478865 770116 510918 357436 242433 208760 526986 780947 873734 415532 382051 602596 401471 472426 414272 437307 195720 542216 496106 738136 299554 513038 529535 476116 259674 60748 410532 216627 868445 252162 426898 709504 419200 307264 474564 582192 460035 546224 286108 218066 865194 211464 466390 631818 843888 532480 547775 80869 455578 491576 338143 552374 353189 364786 253978 609518 143442 547376 541129 201810 440541 178887 545711 364040 578424 275961 723928 612401
485994 670714 229878 764721 717077 805407 916598 552342 1015879 1068340 125055 344923 357079 1149836 68972 514597 999999999 273461 805325 206947 881540 660927 748660 791456 1144129 800335 760440 771244 767961 18672 112120 782426 860776 696555 453769 660794 281817 593447 364059 657960 753301 899076 171647 822567 503702 423684 855858 896951 615892 582671 71130 1035931 725868 498043 95046 818371 467591 575340 223198 306544 746571 294311 586621 945292 915370 341058 207230 863056 158984 970249 373433 727792 716361 372212 651540 823635 681042 388406 471435 592870 511919 57483 792445 705105 708357 242612 309192 112226 658039 785929 32008 716128 213087 460290 775418 641073 1002031 790026 621775 782937
550008 746388 269472 919728 536252 617651 896259 621550 953172 981005 161607 430616 422578 1098338 228256 351256 273461 999999999 644918 71906 628334 828271 833645 880146 1106242 672064 801213 762789 624133 287772 384940 551149 802418 856670 580564 633619 234834 514231 528468 836815 936400 766787 105097 851851 557120 540251 758010 651099 519825 679836 306111 1032742 634086 610912 345974 781554 453746 404679 353931 240209 929931 275645 624521 972471 769043 71859 388499 862521 138490 887159 392160 564452 909156 145283 684683 867321 877645 547766 610740 430098 590807 292029 683915 759776 657383 30910 299007 385455 481106 803313 283539 539596 97398 222587 796667 625584 919764 599731 789145 834717
554121 628094 591520 909168 118465 93606 478013 574409 422395 397874 762343 594089 564339 561294 736419 298262 805325 644918 999999999 657953 403371 881002 690939 725459 593975 101308 571973 439154 59367 806537 877362 267246 334526 881105 678662 364857 524711 272306 733102 914402 991932 144112 680203 570081 534120 650433 214891 363744 233870 649636 778102 609846 203537 659994 807473 377655 424847 240828 665050 499363 988087 521402 509323 637364 127848 592718 728835 505162 758239 330981 502310 80568 998388 500621 511468 612384 986602 729871 712253 217399 588035 775948 159567 585989 308752 660915 514407 892636 165224 517917 833447 110562 737061 441199 524045 391586 357329 105055 857617 614085
499604 696693 210966 857442 555570 640571 869848 571455 938488 973519 110210 373081 368354 1081523 157198 359807 206947 71906 657953 999999999 680442 763748 782972 829127 1085842 674419 759389 732036 631113 219928 316943 591951 785204 793316 519748 605757 193738 498443 461902 770798 870214 771458 35315 813091 508993 480363 751761 699413 509333 625299 234851 1003071 624404 552744 274907 758283 418104 417661 287325 205945 863689 231066 580961 935176 778395 134435 318328 830875 100356 877745 346283 577559 841677 176205 643118 825489 809627 482037 548464 440601 538329 221100 680091 714514 636277 44994 254303 319119 498091 766806 220833 557303 90399 262878 759192 594588 910370 623468 724410 790837
845590 975442 738858 1243935 335911 309766 880279 890082 819141 776674 787481 823040 795843 949901 819434 443151 881540 628334 403371 680442 999999999 1192633 1051024 1091162 988287 503580 946104 825029 448188 891093 983678 151160 737176 1202601 952605 724357 657809 586933 969121 1219355 1309304 529252 714272 956285 832821 914883 618036 53271 552309 969493 887282 1013216 584882 951132 925876 774763 694139 402782 838929 634740 1304346 680274 839833 1035281 489349 556699 900235 901584 766780 726273 729238 386165 1304177 509374 862764 995385 1284466 975371 989390 411169 888633 878081 559848 946095 684787 656879 687755 990730 359391 901431 899715 348502 722188 421424 905061 743860 748830 300090 1161866 989220
347128 274481 560807 107974 878288 946868 610441 308270 775448 871762 759466 408104 426180 844115 647132 756556 660927 828271 881002 763748 1192633 999999999 264919 272963 807416 803228 384637 510485 821751 643406 601677 1045352 671084 40864 255656 522427 617891 619534 304025 40393 117190 869968 742372 438958 360216 297434 762182 1177373 658156 231381 590566 646489 685604 243800 569552 598526 498893 790214 476920 628026 111910 578150 371770 513270 914648 859363 460048 532628 789946 795100 483514 844701 117839 810940 381215 403337 114146 282325 221108 781788 304175 605764 753655 333971 588200 807813 559104 622852 839055 452843 684294 868084 829736 863790 439178 493038 813831 943472 39588 364798
283742 88018 573665 238209 717905 770470 348614 212095 515600 614492 815421 415138 415242 579196 711396 650835 748660 833645 690939 782972 1051024 264919 999999999 46693 543083 599896 130912 269935 632583 734543 726466 899877 427671 241325 298814 329513 599672 465407 401834 305269 342081 649166 772410 175764 277319 325110 534605 1025962 498806 166016 679388 384038 487424 251789 673302 355870 404051 665935 528600 598820 340777 558286 225152 253326 697599 843046 544682 271395 839359 544911 442347 673813 369823 770825 188587 138427 376656 377821 291678 649314 245118 691399 544007 105629 382355 821605 535089 749219 692304 199516 778101 705965 865308 798661 187383 307527 560224 771521 268219 101832
330168 134696 619532 227287 756970 806928 357041 258621 524796 625489 860290 460355 461147 576878 755515 695356 791456 880146 725459 829127 1091162 272963 46693 999999999 537250 632338 155911 295894 667665 777040 766122 940011 449047 243722 339506 367605 646274 507055 440527 312502 335602 676749 818228 186044 323992 367799 561044 1065009 539530 209214 721788 374559 522068 293574 714516 378774 450214 709068 572469 645503 335211 604859 270801 240677 725921 889738 586475 282076 884578 561379 488987 711658 368813 817409 230760 142839 380141 416176 329498 691821 290965 734086 575467 145430 416814 867938 581681 788843 733153 220558 820584 744862 911103 844664 210151 347336 574376 808671 282762 117951
679425 561887 919644 760695 697001 684642 230183 632014 171910 223668 1161946 810442 791891 56742 1086150 783398 1144129 1106242 593975 1085842 988287 807416 543083 537250 999999999 504149 440233 375721 566088 1135954 1164165 860711 305456 780616 773099 485327 897119 592409 876154 847601 870440 459115 1092323 376080 656894 777115 386977 942508 591662 652276 1087154 165013 484061 726814 1097422 328614 679782 753473 930496 880985 870642 867422 574304 298732 500125 1079913 974269 297308 1173417 263201 771180 642227 905882 985257 514671 405498 917067 857164 784849 725402 672899 1093731 461091 502223 449671 1109045 847064 1185762 716753 384911 1176136 685092 1176157 961775 398585 503198 239467 698425 810900 447254
491069 542189 576448 823999 192878 194216 376970 501416 332384 323960 772829 551853 522837 476047 732426 321358 800335 672064 101308 674419 503580 803228 599896 632338 504149 999999999 477413 341721 61991 799195 861505 363674 233637 800269 617381 281169 519096 223286 682779 838272 911217 98765 692368 471656 469160 593380 118176 464848 190685 573075 764928 510203 117659 593306 790542 276891 378810 274069 637454 495283 907739 507781 432716 536181 122827 627956 699178 404304 773198 244574 466541 138495 921053 532559 426425 514698 911764 676549 648905 246239 520234 764869 58894 496188 218816 683995 496552 878603 218518 420646 830132 181094 758892 486620 427567 310198 274025 203674 782473 518830
274464 121756 559253 368794 610397 655527 227143 210419 390829 487555 808648 415612 406386 469350 713461 571106 760440 801213 571973 759389 946104 384637 130912 155911 440233 477413 999999999 140257 514890 748658 757476 795342 296764 366283 341335 223042 567513 370680 447289 424780 470842 520979 754634 66660 257875 353487 405531 917496 399257 213390 695209 294523 369315 293140 696718 225092 349937 576481 537405 561102 469134 528482 178904 185422 570050 799640 567843 149537 828428 414857 413424 562783 495310 718454 116540 66147 498502 426094 348196 556519 252364 705006 420114 62768 264525 793771 505149 780007 591443 69177 791578 597971 846600 733050 56534 208749 431278 658288 380463 43124
305247 236122 550927 505943 489890 526222 145903 265595 280543 367937 798132 434757 416721 389734 715587 485523 771244 762789 439154 732036 825029 510485 269935 295894 375721 341721 140257 999999999 384011 762311 788451 675854 160778 497012 408741 131335 538853 276807 507374 549650 604687 380857 733826 131612 282125 406951 265275 793006 296151 305461 712559 271070 240690 366027 721908 88113 315026 478657 555234 526440 602461 504937 201324 224210 430136 749002 598589 99970 812847 285295 400787 438929 625098 660034 148430 173232 624463 490362 426552 455197 304015 719665 283433 177153 141941 760661 483091 810076 479201 78925 803205 477100 822058 658939 86552 137508 306149 530772 500341 179132
496468 568954 549082 849901 130914 142439 432719 515410 394357 383836 732553 541658 512047 537950 699373 273071 767961 624133 59367 631113 448188 821751 632583 667665 566088 61991 514890 384011 999999999 768090 835283 305075 290491 821744 621524 305730 486201 216225 678628 855268 932577 143446 651101 515430 476109 594157 179661 411953 178630 590402 736994 568437 145655 601868 764816 327086 370680 221169 617819 461443 928741 479297 450034 587641 148107 576729 680989 454378 730823 306406 451631 76612 939182 482257 452312 557038 927595 674608 654755 194442 529665 735756 112407 527444 250864 637799 470482 851363 158892 462439 796924 119104 713413 431386 468032 332278 335558 148696 798551 557260
474367 657346 225685 747485 720241 808769 907885 539921 1009554 1063514 142615 333574 346920 1142500 73150 517844 18672 287772 806537 219928 891093 643406 734543 777040 1135954 799195 748658 762311 768090 999999999 97187 789721 854633 679234 438735 653576 282040 590119 347622 640074 735205 897864 184640 811225 492576 409441 852366 905570 613534 568527 55327 1025896 722532 483495 76468 811009 461172 578580 211285 307203 728473 291924 575834 933734 915142 354334 191607 853315 176679 965388 366240 729559 698060 381772 640664 811486 662682 372070 455647 595396 499201 43667 789944 692753 702401 257043 305665 100048 661203 775396 43557 718961 230392 469671 764698 633234 997028 793651 604318 770469
488271 655939 286212 708626 797702 886517 934215 547123 1047980 1108963 235737 353755 373706 1175193 164750 596623 112120 384940 877362 316943 983678 601677 726466 766122 1164165 861505 757476 788451 835283 97187 999999999 877909 894783 639868 427789 689973 355170 645184 325891 592774 683400 959442 281695 822397 509294 406107 904772 996404 672329 562352 100523 1043890 776412 475633 71119 845278 504318 656948 236174 381029 676689 356156 593169 942627 980404 451377 190745 874090 269068 1011080 408015 802576 642313 475190 656539 817268 605828 350481 437185 671530 505116 106582 846883 698259 744581 354186 365233 22761 738918 791990 112277 795418 323869 562562 780228 666638 1041917 872232 563920 774390
698852 824568 616544 1094323 185973 176371 737511 741100 689410 658127 701961 685452 657330 826375 716717 305916 782426 551149 267246 591951 151160 1045352 899877 940011 860711 363674 795342 675854 305075 789721 877909 999999999 595566 1054207 809164 573331 536132 436099 832276 1073025 1161665 404299 623303 806777 685159 772538 480907 132759 401212 820488 778771 873401 436648 805265 815641 628842 548231 258857 712934 511548 1156830 553366 689506 888809 371507 482863 776030 754838 686223 597518 590205 238160 1158021 415775 711655 845341 1139364 836853 845774 263850 741178 771336 417481 794935 534964 576512 557915 887440 208725 751658 804044 198755 648349 329888 754968 592702 622765 162344 1015409 838465
434584 396614 631881 665190 416539 427813 143563 410327 155321 219858 866593 545941 522603 296377 798939 478865 860776 802418 334526 785204 737176 671084 427671 449047 305456 233637 296764 160778 290491 854633 894783 595566 999999999 657760 550752 205812 600404 288202 641939 710098 765141 240016 793902 267858 410206 541799 125830 698269 286209 460637 809569 278296 181187 512251 825213 72676 393487 452304 658629 582431 763004 574105 339821 307980 290689 774610 710258 182890 875702 128091 489106 361158 785874 679827 299945 313325 784970 627854 573078 424758 444208 814137 178084 337923 152556 806407 555377 915180 425141 228874 892603 403804 875168 657621 240384 232161 153698 437143 660093 331142
359369 263119 588040 68760 883873 949876 589583 313527 755951 853716 792725 432124 448279 818967 680576 770116 696555 856670 881105 793316 1202601 40864 241325 243722 780616 800269 366283 497012 821744 679234 639868 1054207 657760 999999999 278952 519120 642006 624225 336616 72444 110966 863387 772966 416968 370125 320630 753531 1185641 662373 234524 625901 618280 682981 260744 606020 585085 510941 801204 507527 650873 107523 601620 372483 484327 909107 885441 493898 512049 822721 779906 502791 848244 129042 833853 374895 379141 136462 314015 246390 791432 314871 640912 749098 319868 583215 837031 581813 661226 846746 435250 720530 873312 861329 883766 421955 490592 797352 947289 75969 342809
126381 230360 311113 339674 654390 731284 546241 143156 688394 769656 532389 153173 170561 794594 423285 510918 453769 580564 678662 519748 952605 255656 298814 339506 773099 617381 341335 408741 621524 438735 427789 809164 550752 278952 999999999 357294 363084 406614 106348 273847 371012 699952 502272 407942 149099 41808 608079 941921 445490 135036 383408 635332 503453 48781 375016 485537 263129 550625 241262 372496 365132 322875 211074 522837 737833 606846 247424 475806 559696 678350 229947 629047 356341 555477 261097 395829 333284 84789 36860 546171 106544 396286 577903 279202 425616 562495 303515 450549 608653 388503 482184 645636 593220 608626 375117 326785 704317 724891 219012 351695
234718 263237 434534 544518 389461 441351 264126 226444 358008 424181 677240 340130 317027 489044 601369 357436 660794 633619 364857 605757 724357 522427 329513 367605 485327 281169 223042 131335 305730 653576 689973 573331 205812 519120 357294 999999999 414033 150483 441293 558017 630077 350283 609626 245917 210454 342719 251326 697436 176470 293510 606820 399157 163921 324890 620876 157636 194491 356169 453839 399816 626576 382655 154987 353057 393104 618081 504544 231065 689898 328372 287393 344338 640264 528734 146616 278304 631979 429198 384180 334886 252640 612205 231524 223884 68857 632674 361928 710636 368450 190273 692772 377296 696084 528649 189628 30896 357174 442052 502842 266066
316618 512130 81058 701405 442584 531402 678052 387711 755196 798214 266217 209948 195357 895629 213463 242433 281817 234834 524711 193738 657809 617891 599672 646274 897119 519096 567513 538853 486201 282040 355170 536132 600404 642006 363084 414033 999999999 319586 336202 632335 731336 617861 195596 619967 322641 321376 580619 662039 337821 449319 254878 809921 450732 386627 287269 568637 224421 302275 182482 25882 725189 41788 390035 741741 633553 246675 242481 637401 276299 700818 157500 448414 710822 194232 451007 633660 682918 349944 396795 316359 358773 251648 514022 525026 449120 226270 64620 369109 383885 573182 311165 440251 283331 259731 565721 401577 733182 517297 580130 600283
283076 388508 364529 660350 259811 328147 391113 311373 440195 478651 584565 328768 299629 584345 527724 208760 593447 514231 272306 498443 586933 619534 465407 507055 592409 223286 370680 276807 216225 590119 645184 436099 288202 624225 406614 150483 319586 999999999 462785 650624 733748 317805 509106 396387 264278 378166 262428 564919 39123 389753 551384 532591 132431 390045 574069 272481 155969 206041 416438 299216 729367 299491 254344 500902 345994 488362 477126 373604 591222 381422 243886 225613 735468 394856 276821 428240 721007 458410 440626 185951 319500 553004 201774 361639 147406 518404 284458 663374 227554 340671 624440 249104 587986 384029 340074 162089 413874 324033 593161 413208
207419 336472 267423 403587 693028 775296 647886 244149 784632 861770 456118 146876 175569 895776 344038 526986 364059 528468 733102 461902 969121 304025 401834 440527 876154 682779 447289 507374 678628 347622 325891 832276 641939 336616 106348 441293 336202 462785 999999999 308946 408312 771158 439145 513820 231825 100658 687619 964196 500002 240657 292930 740834 574000 155094 278606 579961 308256 574796 174660 352167 401787 301499 306453 629181 805219 565555 158085 579204 486170 768118 242699 675212 381007 529473 361942 502176 350487 24754 111294 575537 203741 307232 649261 385363 507470 506446 287778 348561 642095 492501 390290 685770 525768 594533 479367 412037 795512 766631 264443 458022
374184 313532 571661 129327 908400 978535 650751 340296 815609 911709 760730 423719 443779 884456 648365 780947 657960 836815 914402 770798 1219355 40393 305269 312502 847601 838272 424780 549650 855268 640074 592774 1073025 710098 72444 273847 558017 632335 650624 308946 999999999 99645 906581 747969 479341 388870 315084 799673 1205365 689460 265299 588422 686430 720613 268307 565064 637615 525224 816599 483479 643866 93261 593472 405891 553024 950792 870859 461349 572931 791971 834517 503642 876146 85091 826241 418388 443693 74949 289049 237782 809202 332740 603942 789488 373493 624414 815265 575347 613364 867788 492849 679974 898440 833608 882105 479138 528295 853512 974645 57681 405187
464039 372817 671260 109867 993108 1060095 689977 422486 857390 956569 858334 522228 541479 911803 746081 873734 753301 936400 991932 870214 1309304 117190 342081 335602 870440 911217 470842 604687 932577 735205 683400 1161665 765141 110966 371012 630077 731336 733748 408312 99645 999999999 973749 847106 517100 476562 412600 863271 1293495 772099 344106 684445 706098 793945 360968 659576 692542 615864 907070 582929 742426 6735 692190 483023 571813 1019706 970441 559401 613209 889890 885640 599958 958272 51586 925041 485626 476657 86119 388644 335556 898298 420673 700127 859907 427938 694014 914731 673725 703314 954881 540018 774303 982703 932211 979633 527133 601555 901907 1057247 152004 443755
573787 601180 674788 881010 260567 228090 378175 576177 290259 254737 870837 644440 615870 422451 831189 415532 899076 766787 144112 771458 529252 869968 649166 676749 459115 98765 520979 380857 143446 897864 959442 404299 240016 863387 699952 350283 617861 317805 771158 906581 973749 999999999 790084 503066 550867 678779 116603 484178 287453 643335 863234 496465 197290 672234 888416 301656 471558 364604 733811 594024 970749 606321 505195 546805 50674 720135 794894 422651 870612 197322 561691 213310 987546 625507 488940 548065 980997 763430 729796 337725 599133 863345 122192 549546 282486 779739 594773 976734 299490 457682 928893 251104 855035 574310 466990 380891 219765 243543 852201 559720
490261 687026 198763 837939 580454 666424 873615 561967 948057 986415 82390 359226 357183 1089803 123172 382051 171647 105097 680203 35315 714272 742372 772410 818228 1092323 692368 754634 733826 651101 184640 281695 623303 793902 772966 502272 609626 195596 509106 439145 747969 847106 790084 999999999 810050 501170 463848 765729 732442 522424 612425 201051 1004811 637262 537336 240877 763998 418861 441024 265511 211578 840532 229282 575766 932732 798896 169695 291430 831887 82140 889943 341388 600115 817253 207783 638909 820559 784637 460099 529606 462896 527304 186933 695370 707727 643549 75611 251821 283807 522402 765219 186065 581614 92913 295305 757060 596793 922507 649644 702893 784717
336957 186482 616837 411093 620816 657728 172937 275374 340318 440136 866699 477695 466796 407665 773892 602596 822567 851851 570081 813091 956285 438958 175764 186044 376080 471656 66660 131612 515430 811225 822397 806777 267858 416968 407942 245917 619967 396387 513820 479341 517100 503066 810050 999999999 318912 419442 386464 924578 420415 279703 758225 227926 372280 359789 760841 201413 398235 601744 599971 611778 516029 582084 237048 123295 553299 846316 632337 96352 885355 375729 468825 570311 545581 762065 172287 45475 551735 492713 414750 579730 317466 767628 412969 129311 271899 845966 558977 844863 607971 55988 853911 608077 901320 770465 57156 239372 388333 662379 438254 74232
24410 189554 303498 415759 519841 592160 426735 66930 554754 630061 551723 159035 148528 671758 455598 401471 503702 557120 534120 508993 832821 360216 277319 323992 656894 469160 257875 282125 476109 492576 509294 685159 410206 370125 149099 210454 322641 264278 231825 388870 476562 550867 501170 318912 999999999 132351 459927 817160 303395 141274 440053 535227 354539 125935 444935 349517 141826 431080 281520 321526 471685 281486 83968 441850 589059 565838 318607 364799 572608 536306 165163 489558 473958 495742 148276 322559 457724 218830 179745 421744 56144 449045 428850 206906 277935 546220 258169 531337 479033 283589 535113 510101 593867 530452 272447 180643 563718 587310 331192 284499
108013 250184 270809 380816 621159 699732 548228 145710 683977 761559 496923 111557 128881 795789 389336 472426 423684 540251 650433 480363 914883 297434 325110 367799 777115 593380 353487 406951 594157 409441 406107 772538 541799 320630 41808 342719 321376 378166 100658 315084 412600 678779 463848 419442 132351 999999999 591215 905274 416611 159099 354279 644901 481566 75115 349320 479361 229754 513728 206236 330688 406683 281092 205858 537710 714922 565514 220084 480722 523374 668357 189446 597946 397036 513670 262466 411620 373096 86485 77323 510369 104246 366355 556592 292969 409814 522732 261709 428808 573976 394782 452998 612797 555366 567115 381975 312993 695451 692663 260628 368420
483809 490501 626694 768320 310403 308409 267896 476929 215784 223064 843428 571598 544686 361469 790103 414272 855858 758010 214891 751761 618036 762182 534605 561044 386977 118176 405531 265275 179661 852366 904772 480907 125830 753531 608079 251326 580619 262428 687619 799673 863271 116603 765729 386464 459927 591215 999999999 577122 243532 539386 812658 395468 130092 576184 833797 185054 403005 375335 672202 559101 860522 561890 404915 433810 166931 720502 729948 307138 847728 132702 498112 255373 879218 624439 381337 431472 874457 677342 635483 346921 503943 814790 76900 436780 182590 766582 546772 923584 330793 341430 886868 298335 839408 587991 351018 282162 164447 319581 746502 443702
831183 952611 742945 1224673 308082 270738 841751 872266 774433 728834 807963 817465 789525 902977 833163 437307 896951 651099 363744 699413 53271 1177373 1025962 1065009 942508 464848 917496 793006 411953 905570 996404 132759 698269 1185641 941921 697436 662039 564919 964196 1205365 1293495 484178 732442 924578 817160 905274 577122 999999999 528852 951582 898582 972582 552318 937777 936444 739011 680820 391561 841109 638086 1288719 681639 819098 999517 442601 580143 903536 866331 788986 681495 722463 354897 1290393 525397 838498 964682 1271958 969128 978526 396382 873237 890168 522229 920574 654287 678689 687369 1004569 338979 870312 916584 320146 746539 437356 874609 718440 703107 263293 1147726 960525
322173 423784 388848 697576 222384 289160 399985 349910 433779 464231 599896 363912 334480 579883 549087 195720 615892 519825 233870 509333 552309 658156 498806 539530 591662 190685 399257 296151 178630 613534 672329 401212 286209 662373 445490 176470 337821 39123 500002 689460 772099 287453 522424 420415 303395 416611 243532 528852 999999999 428014 576920 542568 115073 429168 601251 280437 192130 182516 446784 315818 767770 321672 291510 519994 312559 488835 508536 389779 604492 368529 276268 186689 774258 393741 310455 454479 759989 496193 479622 159406 358575 577688 176579 394191 158670 526256 308588 689920 193622 364435 646427 211354 597807 374216 365070 192478 401168 285316 632035 442160
137010 96259 414507 275418 649352 716095 431180 79412 584502 673355 651786 253260 257400 678377 546366 542216 582671 679836 649636 625299 969493 231381 166016 209214 652276 573075 213390 305461 590402 568527 562352 820488 460637 234524 135036 293510 449319 389753 240657 265299 344106 643335 612425 279703 141274 159099 539386 951582 428014 999999999 513377 507531 455427 86725 507760 390170 282849 569587 363269 452156 339842 407531 140606 390265 686613 695719 378870 356581 676711 588201 295549 614183 348804 631169 160884 263168 338719 217721 135640 558544 91826 525392 524993 150665 360853 665562 385107 585112 612609 268847 612085 638814 705058 670140 254802 263432 610827 713142 209458 218612
421269 602583 188485 693962 697293 786102 858363 485944 964005 1020793 179785 281070 296059 1095078 77900 496106 71130 306111 778102 234851 887282 590566 679388 721788 1087154 764928 695209 712559 736994 55327 100523 778771 809569 625901 383408 606820 254878 551384 292930 588422 684445 863234 201051 758225 440053 354279 812658 898582 576920 513377 999999999 974416 683407 428227 40327 763787 416433 556453 158580 280707 677724 257758 523644 880459 882849 367424 136343 802315 213523 922688 320470 702793 648530 380953 588307 757655 613611 317277 400483 571206 444981 16092 752535 638770 657908 276521 268487 114534 638476 723380 98815 695105 263783 467274 712453 585423 954015 771758 551323 716360
555673 413335 819902 596272 694753 703451 142783 499499 226873 321394 1068255 693586 678988 211741 982818 738136 1035931 1032742 609846 1003071 1013216 646489 384038 374559 165013 510203 294523 271070 568437 1025896 1043890 873401 278296 618280 635332 399157 809921 532591 740834 686430 706098 496465 1004811 227926 535227 644901 395468 972582 542568 507531 974416 999999999 452684 587418 980158 262239 585953 720153 815905 797381 706434 775773 451276 134373 544781 1016135 853177 173616 1083569 308992 669579 639419 742403 925084 387378 249542 754694 720118 642676 693764 541506 982669 456120 357234 385499 1031306 753751 1066106 700998 251900 1067712 681987 1093121 915894 263813 408484 301146 713793 652189 293368
377117 426239 496910 707937 251205 286540 310935 384206 321565 349211 714267 449807 421852 468618 660021 299554 725868 634086 203537 624404 584882 685604 487424 522068 484061 117659 369315 240690 145655 722532 776412 436648 181187 682981 503453 163921 450732 132431 574000 720613 793945 197290 637262 372280 354539 481566 130092 552318 115073 455427 683407 452684 999999999 477457 705344 195209 278151 271120 545443 429481 790405 431820 315126 452896 234612 600768 604570 318887 719364 253513 371539 198772 803422 505054 309958 412876 794129 566140 534027 243632 404285 685252 75263 382602 105259 641074 416880 794914 249123 318322 756833 238297 712846 477718 323279 192613 286154 290314 664842 411787
107661 181618 342167 316033 643965 717615 501094 101929 646427 729976 571890 180298 191270 749476 464450 513038 498043 610912 659994 552744 951132 243800 251789 293574 726814 593306 293140 366027 601868 483495 475633 805265 512251 260744 48781 324890 386627 390045 155094 268307 360968 672234 537336 359789 125935 75115 576184 937777 429168 86725 428227 587418 477457 999999999 421515 445290 257108 548353 281344 393214 355570 345334 173175 474134 711997 632756 293001 429545 598094 640257 242248 615024 353047 575633 217654 347096 334336 133105 60869 541421 73179 440625 550824 230809 393724 594482 324369 498393 601218 341930 527032 634533 629251 623198 328368 294028 665318 712404 211006 302929
424789 599347 215976 674511 729692 818496 867798 486431 978819 1038706 214384 287418 305746 1107324 117744 529535 95046 345974 807473 274907 925876 569552 673302 714516 1097422 790542 696718 721908 764816 76468 71119 815641 825213 606020 375016 620876 287269 574069 278606 565064 659576 888416 240877 760841 444935 349320 833797 936444 601251 507760 40327 980158 705344 421515 999999999 776802 433878 589534 167311 313146 652842 286074 528897 882133 909645 407706 129460 809256 248482 940755 337532 733240 621942 420515 592935 757856 586449 303323 388711 603281 444774 53995 775764 638722 674568 316199 294496 90118 671091 728415 114916 727071 300269 506471 717003 598115 971709 804533 530704 715689
373640 324092 592051 592987 444843 468766 119553 343529 205325 284735 833336 492959 471593 331494 758966 476116 818371 781554 377655 758283 774763 598526 355870 378774 328614 276891 225092 88113 327086 811009 845278 628842 72676 585085 485537 157636 568637 272481 579961 637615 692542 301656 763998 201413 349517 479361 185054 739011 280437 390170 763787 262239 195209 445290 776802 999999999 351935 458366 609517 552909 690379 538839 274668 260578 351928 759843 657924 127523 844929 198255 444941 390883 713211 667077 230191 246483 712461 564655 506149 432327 379258 769455 218148 265248 125240 782857 518610 866250 444086 158218 850357 431913 848672 654256 169039 178688 220865 475781 587919 260861
