NAME : synthetic_000574
TYPE : CTSP-D
DIMENSION : 100
GROUPS : 8
RELAXATION_LEVEL : 1
EDGE_WEIGHT_TYPE : EXPLICIT
EDGE_WEIGHT_FORMAT : FULL_MATRIX
EDGE_WEIGHT_SECTION
999999999 948272 573406 536763 373674 138273 595240 751677 398988 172250 922539 26606 593565 271782 83629 376401 687285 661379 298873 488457 593633 911352 721584 697792 707337 711414 747302 419719 356983 237811 24993 727945 317195 862061 71465 213432 515078 859101 653497 751961 549764 366320 672760 839539 828345 589544 230556 420417 227850 794544 742526 67327 804690 584023 541777 419933 223182 867468 822552 436376 227223 295456 769763 612614 615000 375569 187650 353658 389716 703215 385282 830790 780554 197557 243667 712487 889224 565780 202749 106807 750913 426992 667257 964306 276126 755507 724730 582669 520607 729880 554254 618176 508252 212642 430743 226611 560384 370889 695847 512474
948272 999999999 786810 593003 771092 931333 372109 532181 835119 867914 124590 924820 480996 806420 1013625 730575 274940 677716 673793 461060 360534 81408 382562 580988 636244 238997 201343 688353 778425 771499 971756 870256 843137 112123 905982 907271 574492 370074 568768 791230 563127 976486 390443 243970 312329 418004 742685 529556 721732 180412 923291 1013872 157659 837502 744874 558045 980327 446054 373013 952865 818737 689295 188933 446535 563790 702271 1130557 672879 805102 312000 772777 410054 680658 803256 763961 273796 88385 388482 1030046 1039502 781601 593398 610750 246667 672168 281094 515588 405452 618480 776857 791228 344663 886722 949952 650504 861144 507820 878074 537181 440829
573406 786810 999999999 206651 203412 449202 627548 306452 180482 661065 840528 550091 311867 303370 654275 741918 657407 958264 377708 480653 502641 802143 818053 237012 971201 593428 630156 200240 219151 631670 579867 164250 771953 674689 599248 725663 752314 490421 883866 179970 779939 300303 396521 562905 508418 687353 577775 457567 505220 731362 197231 624710 719703 50995 52622 366017 413157 450082 907473 230622 348640 358014 693728 345526 845156 716323 725675 290654 809127 476923 190976 443881 242785 389397 629713 520812 781296 487155 477333 585244 180183 296491 922724 652740 480089 506320 912243 418199 794562 159433 937317 627050 125469 398543 224131 348193 293374 223793 900791 466364
536763 593003 206651 999999999 206956 447664 425720 215080 254156 570283 637689 510368 112047 286521 620079 597095 450923 779508 260969 286158 296412 601289 615573 163725 785590 388348 425925 127441 220443 514497 551445 340579 651931 481741 537508 633992 574298 351603 696166 301692 598294 402620 206657 387573 346245 490072 459935 279109 391347 525604 386567 599964 514988 256884 157627 191936 454688 340562 702593 364856 321950 252465 488080 146480 659372 567792 716145 184780 673102 281072 203134 313136 269888 339866 510462 321201 579840 282166 516988 585535 295241 133386 737635 495418 350441 318467 716934 211568 620907 278242 780337 423100 293899 429130 106416 347794 87780 302757 708336 266972
373674 771092 203412 206956 999999999 259203 522091 409601 73971 458792 795003 349413 306315 101892 456040 557015 578486 797212 197539 368131 430199 765446 706750 345892 818876 544617 584544 84510 16887 436234 382358 365093 575200 663630 396078 523134 595576 558556 736607 379175 626881 205445 402893 586651 550818 565559 383992 321605 312494 671670 389632 428911 667915 224716 168139 241473 250021 544252 804964 193092 146735 173989 636335 337806 695969 534389 536726 125484 618237 466635 12652 519557 410910 185985 435099 498258 742881 406545 313779 398965 377723 183766 770639 699556 296995 511132 778250 366465 631526 356701 756659 530184 182024 226554 120876 155113 273325 107658 761305 367238
138273 931333 449202 447664 259203 999999999 605834 660657 270106 288469 923900 123276 523891 162346 210186 467211 688984 748269 257544 474241 570802 905614 758527 600698 787401 692483 731080 321979 242408 322819 136582 597888 432453 835201 192686 341246 577426 789795 722458 629135 612620 228762 612765 790477 768747 617840 293127 407030 254195 794598 609227 177261 799865 454442 423497 376445 93545 787411 861370 298170 126527 243226 765188 548589 681904 458161 277967 278903 498209 657345 269267 756160 669938 128251 326352 675580 882859 542889 106880 139905 628995 361191 743526 912210 285155 708040 785679 539599 594117 608067 659722 624490 373739 75993 342589 104090 489365 236627 760060 491026
595240 372109 627548 425720 522091 605834 999999999 515066 595680 498106 327878 574150 347448 517128 653026 363764 97347 399928 361492 154114 144263 321373 190521 519784 386917 172158 190093 456696 522364 400955 619768 765414 473368 315666 545137 535375 229061 473695 297105 716100 232660 711744 325453 373359 409143 77912 376617 207493 368126 202005 812232 657972 217025 675330 575527 280807 673065 530770 283868 714969 513868 383375 183601 325825 269479 333877 770456 399271 442351 275170 528971 479506 646716 484282 393370 241833 300425 147402 711337 694177 708230 344730 343193 483298 324563 310384 297885 230345 280386 694285 464548 28229 685263 642466 420226 559345 348725 625213 295800 161615
751677 532181 306452 215080 409601 660657 515066 999999999 438066 775665 614741 725236 190035 498504 834880 772454 498203 907899 468619 419005 370993 569070 686842 69988 900940 403123 428612 338678 425065 710691 766518 343958 842689 424718 750110 837912 712591 189033 810504 260087 729189 583402 191732 289555 224075 591227 657711 442249 593558 534115 396976 815042 513424 350143 286396 374059 659451 143950 753694 526942 535910 463458 498285 196833 779392 741147 931077 398655 852879 262995 402760 141214 149980 554941 705749 311130 551983 373308 723380 799424 250388 334915 855788 355589 547560 264051 810974 290057 763560 247739 938180 500965 429660 636057 321463 558926 212017 488790 810772 388883
398988 835119 180482 254156 73971 270106 595680 438066 999999999 505444 863833 377146 361602 140217 477849 620360 650362 867184 267393 441626 500460 832900 780688 370238 890327 612626 652367 147758 77640 493523 403321 329009 630014 726157 432442 568416 666928 600944 808893 360218 698686 148807 458365 641062 600162 639527 443331 395562 373722 741850 345017 446810 737076 185108 163721 314907 234423 578424 878759 120718 183154 243173 706075 394726 768108 599248 545443 199336 677740 526954 66816 559125 413518 230353 493143 561415 810496 477567 299183 404898 360651 255001 842223 749343 363813 568900 851648 432853 701591 339915 820966 603324 118504 218298 186348 172407 330572 50731 834325 439797
172250 867914 661065 570283 458792 288469 498106 775665 505444 999999999 822494 172114 596039 365473 181204 211841 595084 494080 309315 430078 536146 819343 590991 733384 543141 641993 672981 476384 444153 97547 192749 823840 145777 795934 101350 64900 368381 847668 497241 830604 401198 511630 657135 801823 804856 473191 130052 370045 182738 699732 847281 204396 714963 682897 619901 407146 381389 870961 687646 570982 322511 319552 681055 606173 461125 217803 290377 390773 217478 667502 471427 827807 835132 275403 105146 664957 798526 510569 372130 273052 827703 441184 505788 926495 232249 719228 573154 551272 364151 807068 382042 524485 622886 363615 473290 343704 567209 490947 542315 460420
922539 124590 840528 637689 795003 923900 327878 614741 863833 822494 999999999 900948 528719 815135 980847 663314 235983 573401 669801 450572 365874 49291 282696 654736 527253 251661 212531 716201 799883 724949 946927 941058 778593 196249 872990 854667 497175 471508 467649 868067 479992 997763 449260 339112 407300 352643 703924 516934 694896 129323 993382 985717 127296 891506 794478 564551 982857 547671 254821 984074 820676 688529 160395 495017 468821 637728 1098261 685035 732058 367041 798614 506329 764720 798118 717349 320649 62806 391383 1027023 1019978 858660 611807 506601 366561 649237 351586 406377 432460 535671 851474 698250 304364 929424 952105 677545 865067 549975 902598 431221 438336
26606 924820 550091 510368 349413 123276 574150 725236 377146 172114 900948 999999999 566993 247597 109766 369285 665377 654281 272578 464469 569206 888969 704511 671590 698657 687511 723689 393854 332810 227723 47129 705804 317887 837682 71684 219758 501943 832593 642190 728181 536867 351974 646414 813719 802083 570804 214950 396249 206090 772639 721476 93336 782272 561921 517550 393890 212791 840863 805975 419593 202720 268911 747320 586138 603151 366264 213678 327115 388192 677456 361167 804205 755193 171490 233044 687245 866751 541292 200083 122028 726979 400405 657602 938403 253039 729710 711941 556921 509879 705948 552239 596638 488031 199082 404422 204840 533792 350926 683650 487969
593565 480996 311867 112047 306315 523891 347448 190035 361602 596039 528719 566993 999999999 369793 674643 582449 355540 727514 297531 232106 206650 490993 532088 175414 725631 282453 318500 222028 317392 525393 611409 426605 654708 369694 581630 656535 527865 266767 635041 369885 546860 508500 96885 280435 247033 419259 473687 252251 413346 420943 476470 659666 408195 362825 266144 189230 544961 276436 612221 475416 397815 298178 383218 34471 601384 551115 779053 245554 663032 169031 304932 237325 302126 404154 520071 210006 469868 200115 604372 656470 361720 166699 679047 394472 364651 207558 644970 117993 577944 348783 749807 339220 405765 517263 189078 430976 34602 408391 640646 204067
271782 806420 303370 286521 101892 162346 517128 498504 140217 365473 815135 247597 369793 999999999 354218 486604 587183 744410 158498 368928 450790 790752 691311 438377 772520 571227 611051 159918 85222 355321 280713 462264 490431 703963 296369 428789 550351 632983 695492 480670 583787 198753 462549 644248 616676 547706 306843 309644 239959 687674 482679 327606 688228 319364 270007 250833 176877 626978 792755 226401 45271 134882 654746 397217 654241 467603 437470 133873 540273 515489 113570 597510 511161 90162 355394 539927 767893 424264 234617 301890 479395 216038 725244 762940 239493 564080 745918 403398 580118 458365 687564 530291 258410 148030 183252 61574 335241 134890 725409 377076
83629 1013625 654275 620079 456040 210186 653026 834880 477849 181204 980847 109766 674643 354218 999999999 392791 747516 672733 378249 557286 663726 972645 764873 781346 723313 779075 813723 503342 439267 269150 74536 806705 311569 931324 107983 196948 547416 939314 678396 833407 580889 431066 751795 915382 906707 639341 277891 490316 292599 854373 819243 38293 866392 662898 623958 497601 282943 949382 863625 505552 310059 376544 831663 692681 642020 398725 117440 436527 388317 778908 467460 911967 863904 281163 276186 785729 950910 636217 246437 114965 832585 508416 686717 1040489 343836 831321 753836 658504 545223 811559 550879 677407 583891 279023 514180 306253 641794 446659 723250 583178
376401 730575 741918 597095 557015 467211 363764 772454 620360 211841 663314 369285 582449 486604 392791 999999999 457849 285083 364595 363620 452734 669820 404099 747277 331756 531253 553407 542062 546491 144451 399287 905021 115822 679271 305637 212327 172615 796328 287211 890425 200618 667926 614531 720417 741054 313394 181597 330205 246973 552113 938348 415848 572952 775314 693054 406474 559523 836772 493260 711626 453414 385682 542296 580372 253147 32224 498050 451269 82728 598409 569033 788082 865477 404098 140914 580866 651399 433907 564625 481460 885421 465367 293959 838645 262141 645171 365538 500506 155837 866355 200965 391991 737424 535803 523937 488871 562460 621465 333625 396611
687285 274940 657407 450923 578486 688984 97347 498203 650362 595084 235983 665377 355540 587183 747516 457849 999999999 456136 437145 218587 155031 225248 190972 515975 431377 104817 105826 505416 581158 498078 711547 782091 569075 226028 639534 632720 311373 422508 346891 723118 307421 776197 307266 306852 354203 150877 472382 282803 459467 107266 831585 751051 119882 707192 607156 339765 750749 487680 257937 771001 589238 457053 86255 327182 328163 428734 864938 461295 534659 238638 583762 437136 640086 564204 490502 194636 203840 173959 792921 784075 714548 395368 393302 405209 413308 259661 324572 240291 359987 702898 541653 70637 729451 719988 467208 634202 366098 684755 332369 212004
661379 677716 958264 779508 797212 748269 399928 907899 867184 494080 573401 654281 727514 744410 672733 285083 456136 999999999 599965 497604 539598 600149 295196 902905 61929 558519 561086 761566 789955 427814 684051 1113916 366154 670868 590404 480828 206143 871945 110589 1081079 181493 936294 722419 762614 805712 322043 455981 502746 509254 506330 1154333 698372 534646 998984 906236 594011 839042 930636 331844 970399 717821 624039 516684 712593 130487 290222 770933 677249 289623 674992 808010 879368 1029255 670734 423359 639491 589384 534689 848164 765952 1074393 662756 67011 858713 505440 707815 169849 617911 165686 1057728 156939 420604 978792 813673 734217 757631 719361 877475 142262 523599
298873 673793 377708 260969 197539 257544 361492 468619 267393 309315 669801 272578 297531 158498 378249 364595 437145 599965 999999999 219271 313270 649498 532903 424177 623174 434988 473719 178985 190007 259065 318502 541397 399210 578335 284248 373096 399799 561094 542851 533459 431990 356957 373909 542698 529507 389272 204157 154942 132630 540874 573793 365901 544445 410831 329841 122531 313604 573653 634531 375628 152579 24610 510055 314462 501841 339978 486182 87873 431751 407038 208701 534591 527279 129533 256065 420934 626675 285385 357801 373744 529412 134030 575190 666851 102474 458943 589665 287013 434311 509462 562050 376563 379520 282843 167263 197953 265664 282157 570395 233847
488457 461060 480653 286158 368131 474241 154114 419005 441626 430078 450572 464469 232106 368928 557286 363620 218587 497604 219271 999999999 107029 431396 341915 406651 500209 223050 259718 303189 368782 341447 511536 626097 451730 374096 451066 481098 295955 434176 410374 585707 316243 560363 251016 372700 382614 206763 300047 68497 264945 321603 670508 554771 325683 526922 428138 126720 532675 473206 437760 561124 370842 238595 291102 222470 374330 331461 673053 246256 446156 241112 374889 424477 532252 347686 334633 234897 408663 80570 576563 578447 578632 191419 452574 496801 213479 291474 432078 136965 345840 562770 519279 162821 532095 501909 267365 415692 221791 471955 422371 33107
593633 360534 502641 296412 430199 570802 144263 370993 500460 536146 365874 569206 206650 450790 663726 452734 155031 539598 313270 107029 999999999 339964 325449 376356 530140 121795 160981 353804 434444 445809 616333 630918 548961 268478 557847 585653 353196 346927 439855 576535 364678 631994 182836 270213 288692 220315 406267 173487 371714 241488 679505 660295 238580 552283 452198 200049 621934 396321 407286 621134 459752 329180 206282 182577 409931 420636 779087 319420 535286 146431 434458 345523 503062 442762 438797 130519 317107 28087 670077 681047 568356 246505 485457 392691 319927 192507 441650 88699 405415 555366 587424 132965 575351 591352 315246 503069 213058 537550 440055 81302
911352 81408 802143 601289 765446 905614 321373 569070 832900 819343 49291 888969 490993 790752 972645 669820 225248 600149 649498 431396 339964 999999999 305721 610980 557073 220967 180965 685148 771140 722039 935426 898448 784074 147809 864663 854774 508186 422760 492165 823983 494042 969503 408190 290707 359133 356577 697567 499084 683539 119707 951000 975629 106704 853135 757136 539968 961037 498990 291644 952584 798707 667118 141667 456897 489567 642839 1090045 659048 741590 326232 768443 458212 719002 778671 714443 281332 22873 366660 1007298 1006507 814516 583406 533138 318117 636129 307169 436179 400126 549745 807866 718325 295714 894333 930362 646614 842501 513921 873094 458817 416058
721584 382562 818053 615573 706750 758527 190521 686842 780688 590991 282696 704511 532088 691311 764873 404099 190972 295196 532903 341915 325449 305721 999999999 699942 256722 294385 285209 645028 705648 496430 746572 954360 519344 381815 660994 610387 231537 610960 186457 901966 206997 889112 495166 489389 541965 143646 491254 385983 506646 213587 1001788 777739 242552 865839 766048 467339 834771 677848 102873 898513 681746 556456 229539 507267 186316 383772 879551 582072 463316 429413 714397 627574 825708 645938 489181 385548 294278 334521 865406 826520 893803 533334 228282 573076 473893 449673 139618 414102 260945 880700 415679 193306 873989 804892 609249 727067 536527 807115 156046 352034
697792 580988 237012 163725 345892 600698 519784 69988 370238 733384 654736 671590 175414 438377 781346 747277 515975 902905 424177 406651 376356 610980 699942 999999999 900728 428280 458103 279833 361831 674444 711400 289275 809889 470802 700886 796786 702606 254862 810108 213461 722135 514498 211697 342860 281357 593268 620373 419282 553254 564178 342339 759731 546017 281730 216544 342011 594799 213918 773800 457091 477627 416184 527192 193963 776727 716761 874040 348086 825861 291497 338269 207655 127077 500273 670023 340065 592495 373413 659147 740211 204147 293309 854303 419801 510203 303878 817660 289578 752253 196892 921504 509141 359755 572335 267532 497815 186779 420888 814574 379359
707337 636244 971201 785590 818876 787401 386917 900940 890327 543141 527253 698657 725631 772520 723313 331756 431377 61929 623174 500209 530140 557073 256722 900728 999999999 535673 534093 777602 812732 471008 730592 1123513 420776 637840 637036 534214 223400 852368 90632 1085913 192374 967326 712302 737861 784836 309835 494277 513648 542290 470279 1165720 747445 499178 1013724 918772 605245 876657 914168 279326 997164 748676 647616 484362 708093 126340 332424 824314 696395 345314 659183 829176 863005 1027689 702942 465960 620780 547933 528444 889323 812958 1078835 674715 48528 828132 533085 688328 120987 612460 194270 1062939 218838 404498 999243 850311 748166 789948 720385 903783 100971 523535
711414 238997 593428 388348 544617 692483 172158 403123 612626 641993 251661 687511 282453 571227 779075 531253 104817 558519 434988 223050 121795 220967 294385 428280 535673 999999999 40026 464896 550186 547960 734567 705176 636773 153943 672096 686825 400793 317695 450163 639745 401851 748537 216594 204464 249427 243417 513713 291409 486487 138621 756270 777562 126709 644217 545853 321040 743369 383471 351287 732669 581305 450963 100900 250205 429293 500323 895369 438757 611553 140191 547803 333214 548909 564505 540614 92976 198316 149604 791858 801062 630785 362449 496715 311141 435837 155295 429323 180818 451613 620874 635420 145392 678376 712836 426278 624373 300628 652275 437048 201838
747302 201343 630156 425925 584544 731080 190093 428612 652367 672981 212531 723689 318500 611051 813723 553407 105826 561086 473719 259718 160981 180965 285209 458103 534093 40026 999999999 504617 590176 577927 770671 738376 661382 125983 706381 715954 414755 327123 451314 670728 412521 788541 246959 204440 257791 254750 545709 328213 521360 106101 789880 813134 89800 681043 583179 360689 782872 396698 331571 772312 620723 490068 69674 285539 433752 523106 930365 478705 632415 166891 587660 347752 576303 603251 570497 118221 158344 188519 830945 838160 661627 402469 497498 299397 471313 170969 423305 220098 464314 652448 646814 162022 716967 752307 466023 663943 338145 692200 434017 240084
419719 688353 200240 127441 84510 321979 456696 338678 147758 476384 716201 393854 222028 159918 503342 542062 505416 761566 178985 303189 353804 685148 645028 279833 777602 464896 504617 999999999 95475 436640 432319 362970 577124 580190 429273 541244 556378 477698 692053 355999 585408 289106 318468 502238 467394 507137 382012 267028 309622 594860 397354 480466 589571 237669 151066 178488 327636 467893 740562 267892 197831 161265 558839 253314 652394 516177 594211 91167 610648 382453 84595 440259 363235 222480 434074 414992 662739 331776 389616 460930 352470 111976 729079 615846 280796 426648 726775 285143 596876 332151 737078 461904 229005 301758 38672 220795 188855 189849 712555 297262
356983 778425 219151 220443 16887 242408 522364 425065 77640 444153 799883 332810 317392 85222 439267 546491 581158 789955 190007 368782 434444 771140 705648 361831 812732 550186 590176 95475 999999999 423744 365538 380063 562210 671655 380117 508340 589338 571933 731261 395575 621052 198455 413629 597379 562830 563803 372015 319845 301009 675716 403525 412049 672665 238820 184794 242550 235079 558891 804522 192899 130218 165948 640722 348301 690469 524442 519869 123580 606485 475723 28393 533447 427773 170442 422810 506224 748502 410217 298473 382206 394217 188077 764611 711321 287756 520988 774425 373223 624313 373190 746570 531319 191134 210999 129858 138322 283976 103600 756863 369401
237811 771499 631670 514497 436234 322819 400955 710691 493523 97547 724949 227723 525393 355321 269150 144451 498078 427814 259065 341447 445809 722039 496430 674444 471008 547960 577927 436640 423744 999999999 261854 795918 140513 701759 169807 139845 279368 767816 415736 792243 313504 527922 578166 714141 721392 375956 54949 286131 127018 602388 824658 285494 617927 659837 586122 336906 415350 796317 594577 576362 318164 275377 584164 531659 377496 138584 383122 346311 185207 581669 448729 751185 783717 268347 7603 575769 701316 421239 420545 344442 788337 381618 429930 838010 164273 632664 487950 468672 282798 768286 339640 427542 611930 392137 426201 350115 499193 488823 458525 373015
24993 971756 579867 551445 382358 136582 619768 766518 403321 192749 946927 47129 611409 280713 74536 399287 711547 684051 318502 511536 616333 935426 746572 711400 730592 734567 770671 432319 365538 261854 999999999 732204 336452 884808 93658 229589 539630 877479 677590 759124 574260 361230 692032 860293 847914 614485 255512 443345 252083 818813 745059 48566 828744 588382 550056 440240 215113 884303 847519 433781 237071 313800 793804 631252 639241 399210 167874 369626 410029 724105 393636 848389 791300 211579 267835 734241 913255 588421 188186 82608 758382 444711 690855 984868 299779 776316 749171 603594 544581 737363 574610 642567 509901 207888 445134 231764 577946 372567 720157 535098
727945 870256 164250 340579 365093 597888 765414 343958 329009 823840 941058 705804 426605 462264 806705 905021 782091 1113916 541397 626097 630918 898448 954360 289275 1123513 705176 738376 362970 380063 795918 732204 999999999 936183 759868 758550 888225 907792 530480 1034824 92243 933926 414028 492536 631180 567495 830651 742016 611231 669455 843464 53152 775082 827767 143922 211985 519912 548132 471104 1038056 333122 507307 522069 805870 456302 997174 878916 869121 453946 973057 574580 352476 482807 213743 550355 793961 622211 879341 619863 609289 728598 101128 451504 1075258 697280 643609 592070 1057481 542738 951789 97192 1099127 761173 230148 538919 383316 501335 418101 362519 1048467 607547
317195 843137 771953 651931 575200 432453 473368 842689 630014 145777 778593 317887 654708 490431 311569 115822 569075 366154 399210 451730 548961 784074 519344 809889 420776 636773 661382 577124 562210 140513 336452 936183 999999999 787342 246949 115562 287834 885454 390982 932597 314207 651492 698724 819002 834084 427510 195157 406503 267516 665744 964313 341144 685758 799386 726613 469064 525817 919906 606644 706206 450719 415870 654370 657568 360744 141236 404955 486673 77226 691893 587765 872927 921692 401324 143152 679073 765280 527481 517901 414328 928613 518595 389646 939872 301846 740795 471961 586023 265402 908621 239653 501517 748508 506705 566079 478080 630673 621726 439016 484688
862061 112123 674689 481741 663630 835201 315666 424718 726157 795934 196249 837682 369694 703963 931324 679271 226028 670868 578335 374096 268478 147809 381815 470802 637840 153943 125983 580190 671655 701759 884808 759868 787342 999999999 824774 840406 537400 275331 560283 682300 532679 869044 278375 142911 211346 376903 667596 441705 638808 169509 812807 928633 140299 725378 632904 459168 879415 351440 401961 843068 719028 592041 154185 335283 547289 649050 1047139 570091 757977 200702 664769 310428 574219 706972 694392 165431 134797 296431 931296 949009 672725 488992 605351 192257 587569 169167 521214 300706 585821 667268 766496 287487 775209 849347 542779 760295 397317 770037 536868 349749
71465 905982 599248 537508 396078 192686 545137 750110 432442 101350 872990 71684 581630 296369 107983 305637 639534 590404 284248 451066 557847 864663 660994 700886 637036 672096 706381 429273 380117 169807 93658 758550 246949 824774 999999999 148650 448905 843324 585119 774641 483214 420177 654099 813117 807527 532948 171096 384821 186136 746407 777396 116806 758423 615303 562861 399101 283879 857884 760850 484783 251248 286788 723704 597172 547187 306072 225408 352808 318585 676756 408381 818338 792498 210677 176166 681483 842935 530563 271087 175927 772737 417650 597568 938392 238132 729179 657756 556843 451912 751784 483046 569442 546793 268659 434008 262758 549912 411069 628275 477798
213432 907271 725663 633992 523134 341246 535375 837912 568416 64900 854667 219758 656535 428789 196948 212327 632720 480828 373096 481098 585653 854774 610387 796786 534214 686825 715954 541244 508340 139845 229589 888225 115562 840406 148650 999999999 381314 904732 498430 895492 411603 567885 714480 853789 859859 502435 184594 424249 244354 735122 911118 228266 752160 746945 684728 467324 432440 930350 703187 630094 385276 383974 718975 665351 465341 227352 290191 455339 192775 720845 535756 886364 899545 338949 146900 715577 834622 561026 416171 303513 892601 504040 500980 977786 291895 772056 577655 606587 368132 871962 354055 562624 685366 417170 537792 404212 628430 552220 545466 512444
515078 574492 752314 574298 595576 577426 229061 712591 666928 368381 497175 501943 527865 550351 547416 172615 311373 206143 399799 295955 353196 508186 231537 702606 223400 400793 414755 556378 589338 279368 539630 907792 287834 537400 448905 381314 999999999 697589 146265 875988 35228 746532 533202 602239 635239 160496 288318 296703 325876 394106 948231 564862 417809 793472 700212 387881 663450 749500 321875 774224 528346 424263 390359 515867 105106 153972 658758 473621 235069 496711 605958 698630 828029 484045 272799 468309 491350 343145 682276 621848 869461 456622 175410 711715 311481 536422 210057 423539 52271 852519 236051 255403 776242 635832 528373 570722 517225 680775 182823 324214
859101 370074 490421 351603 558556 789795 473695 189033 600944 847668 471508 832593 266767 632983 939314 796328 422508 871945 561094 434176 346927 422760 610960 254862 852368 317695 327123 477698 571933 767816 877479 530480 885454 275331 843324 904732 697589 999999999 765436 443121 705462 749514 190563 133135 69401 550876 720150 481903 667311 421337 583103 925571 395140 536359 463490 444557 805232 76321 656439 701169 663390 563739 391450 246634 741631 764105 1045277 512166 879053 201069 554461 47878 324035 670922 761617 232459 410039 362937 866506 923189 433435 433115 812046 166911 615946 164207 746981 299813 749828 433426 933128 451514 610219 778782 449836 694529 300962 651003 754461 401091
653497 568768 883866 696166 736607 722458 297105 810504 808893 497241 467649 642190 635041 695492 678396 287211 346891 110589 542851 410374 439855 492165 186457 810108 90632 450163 451314 692053 731261 415736 677590 1034824 390982 560283 585119 498430 146265 765436 999999999 996024 111875 892304 622245 653709 698494 219667 431207 426498 471952 396009 1077611 699141 424216 927131 831336 517891 809271 825970 237428 918244 674360 567435 406101 617469 41290 279889 785220 612885 321451 570577 746541 774741 937079 630285 409833 533273 480588 437851 826626 760176 988874 587476 46614 748370 457270 601237 82379 521853 133348 973135 236010 315619 915769 781844 661646 716912 630049 824737 48754 433204
751961 791230 179970 301692 379175 629135 716100 260087 360218 830604 868067 728181 369885 480670 833407 890425 723118 1081079 533459 585707 576535 823983 901966 213461 1085913 639745 670728 355999 395575 792243 759124 92243 932597 682300 774641 895492 875988 443121 996024 999999999 899754 468766 423794 549510 484069 785352 737450 580438 665295 776671 142063 804329 759096 185942 211821 491453 591171 381180 980833 391509 525784 517067 739457 396107 959936 862518 905595 445935 962743 504559 367182 395841 122218 563985 789448 552990 805729 568827 654714 765106 9717 426639 1038206 609392 633272 516821 1012268 487864 922470 24079 1078952 708973 283008 577764 367582 527708 367890 401698 1005832 563564
549764 563127 779939 598294 626881 612620 232660 729189 698686 401198 479992 536867 546860 583787 580889 200618 307421 181493 431990 316243 364678 494042 206997 722135 192374 401851 412521 585408 621052 313504 574260 933926 314207 532679 483214 411603 35228 705462 111875 899754 999999999 780445 546577 605281 641624 158487 323461 322852 360837 382980 975200 598926 408033 821899 727641 414425 698495 759932 292699 807021 562490 456529 382532 533043 70586 184922 691481 504068 256322 505426 637067 708821 848238 518539 307050 474295 478263 357098 717501 656558 893018 483644 143932 711328 345399 542785 175074 439239 55750 876455 234294 257266 806962 670797 556433 605103 538033 713529 147596 342797
366320 976486 300303 402620 205445 228762 711744 583402 148807 511630 997763 351974 508500 198753 431066 667926 776197 936294 356957 560363 631994 969503 889112 514498 967326 748537 788541 289106 198455 527922 361230 414028 651492 869044 420177 567885 746532 749514 892304 468766 780445 999999999 605385 788654 748805 745647 486442 505042 427174 872789 411986 394516 870484 282831 300452 436432 148903 725169 990078 81888 218692 332967 838214 541024 851015 652665 469114 314909 711303 671520 204566 707306 542895 265716 529684 703693 946841 607188 201381 332929 471538 386170 920594 897990 435068 715029 944308 571552 773731 452278 867137 723066 186174 153708 326265 179308 476558 100129 923313 564231
672760 390443 396521 206657 402893 612765 325453 191732 458365 657135 449260 646414 96885 462549 751795 614531 307266 722419 373909 251016 182836 408190 495166 211697 712302 216594 246959 318468 413629 578166 692032 492536 698724 278375 654099 714480 533202 190563 622245 423794 546577 605385 999999999 183771 156394 402578 529887 293015 476822 352877 544536 739694 335706 447321 354622 254998 638768 222248 564105 571354 487835 378704 315708 65575 592751 582405 859868 334015 696958 82222 401724 174234 333329 489596 572097 129725 388236 190058 697010 742066 414722 251679 668036 300419 425388 111956 619773 114052 585120 405519 764765 309991 498032 610509 284501 523150 129652 505275 620463 218208
839539 243970 562905 387573 586651 790477 373359 289555 641062 801823 339112 813719 280435 644248 915382 720417 306852 762614 542698 372700 270213 290707 489389 342860 737861 204464 204440 502238 597379 714141 860293 631180 819002 142911 813117 853789 602239 133135 653709 549510 605281 788654 183771 999999999 68823 447203 671842 432255 629225 291293 684331 906862 264167 612348 526554 420286 820945 208845 527576 752032 667219 551060 263831 249115 633680 688572 1027168 513382 802465 136475 585365 167750 437025 664815 707303 139941 277258 293223 878088 915678 539827 430180 700148 125292 576654 84068 627741 256948 653734 536246 837906 348023 673034 792264 468084 704212 313414 688526 638139 341536
828345 312329 508418 346245 550818 768747 409143 224075 600162 804856 407300 802083 247033 616676 906707 741054 354203 805712 529507 382614 288692 359133 541965 281357 784836 249427 257791 467394 562830 721392 847914 567495 834084 211346 807527 859859 635239 69401 698494 484069 641624 748805 156394 68823 999999999 485672 675844 435610 627260 352288 620606 895408 326383 556802 475439 409134 791986 142377 587113 706984 643405 534925 322101 220202 675631 708891 1015675 489858 823705 142662 548245 99082 369783 645975 714903 167332 345143 307395 851291 898460 474361 407903 745104 149186 575089 98872 678421 253585 687347 471710 871210 386012 622782 764275 435848 677704 281494 649000 686466 349905
589544 418004 687353 490072 565559 617840 77912 591227 639527 473191 352643 570804 419259 547706 639341 313394 150877 322043 389272 206763 220315 356577 143646 593268 309835 243417 254750 507137 563803 375956 614485 830651 427510 376903 532948 502435 160496 550876 219667 785352 158487 745647 402578 447203 485672 999999999 361852 244003 368629 238781 876065 648748 260407 733672 634866 328663 692271 608607 245775 756468 538270 412873 231250 399685 191578 286282 755899 440376 387112 352975 573636 557340 720343 503132 368411 318602 338006 219881 724614 692629 777760 396465 265548 553004 332693 387143 227094 303882 209564 763064 392487 99720 735962 662229 472580 583640 417502 664599 221396 223112
230556 742685 577775 459935 383992 293127 376617 657711 443331 130052 703924 214950 473687 306843 277891 181597 472382 455981 204157 300047 406267 697567 491254 620373 494277 513713 545709 382012 372015 54949 255512 742016 195157 667596 171096 184594 288318 720150 431207 737450 323461 486442 529887 671842 675844 361852 999999999 240450 72580 578543 771450 287185 592003 606799 531802 284635 383105 746291 592015 530633 272155 220795 557607 481319 391256 167184 394974 291519 234548 537773 396395 701949 728968 222658 52068 534912 676216 380562 395782 336380 733499 327282 450625 796462 110304 589382 498302 422362 301288 713480 381867 401852 561430 357762 371258 307300 446692 441352 470894 330387
420417 529556 457567 279109 321605 407030 207493 442249 395562 370045 516934 396249 252251 309644 490316 330205 282803 502746 154942 68497 173487 499084 385983 419282 513648 291409 328213 267028 319845 286131 443345 611231 406503 441705 384821 424249 296703 481903 426498 580438 322852 505042 293015 432255 435610 244003 240450 999999999 198871 387675 652372 486928 393002 500658 405124 91620 468277 513467 485714 512617 307502 176115 358248 251712 387596 298948 605603 196374 410901 297465 329854 466923 540814 281442 279819 297389 476414 145901 510265 509950 574196 161076 465187 557274 146695 349289 459858 182542 342111 556791 503286 221667 494340 437540 235307 352811 233060 421151 445607 92978
227850 721732 505220 391347 312494 254195 368126 593558 373722 182738 694896 206090 413346 239959 292599 246973 459467 509254 132630 264945 371714 683539 506646 553254 542290 486487 521360 309622 301009 127018 252083 669455 267516 638808 186136 244354 325876 667311 471952 665295 360837 427174 476822 629225 627260 368629 72580 198871 999999999 566732 699128 292386 576898 534593 459242 224693 337774 688620 609240 465819 209227 148359 541985 424138 430934 227718 409008 219406 305785 493274 324803 646043 659288 161496 124611 496024 661447 344470 360667 326267 661450 260059 496544 754491 52573 545575 532337 374449 348057 641353 447893 390561 491299 309962 299885 248381 384499 374842 507608 291823
794544 180412 731362 525604 671670 794598 202005 534115 741850 699732 129323 772639 420943 687674 854373 552113 107266 506330 540874 321603 241488 119707 213587 564178 470279 138621 106101 594860 675716 602388 818813 843464 665744 169509 746407 735122 394106 421337 396009 776671 382980 872789 352877 291293 352288 238781 578543 387675 566732 999999999 894709 858233 29221 782045 683230 437706 854179 493994 236465 862480 692134 559905 37731 388823 387187 524552 971811 558821 625451 272977 675935 446743 682209 668959 594791 224307 99709 265613 897854 891227 767596 487935 439979 361717 520458 273458 352398 315456 438211 758239 612634 176966 813230 823416 556223 736713 438124 778953 369464 310598
742526 923291 197231 386567 389632 609227 812232 396976 345017 847281 993382 721476 476470 482679 819243 938348 831585 1154333 573793 670508 679505 951000 1001788 342339 1165720 756270 789880 397354 403525 824658 745059 53152 964313 812807 777396 911118 948231 583103 1077611 142063 975200 411986 544536 684331 620606 876065 771450 652372 699128 894709 999999999 786283 879396 164969 248394 560777 552460 522840 1086790 330104 527048 553339 857066 506803 1039458 913124 875362 487333 1004236 626669 376998 535496 264281 572193 823109 674116 931780 667561 611362 735606 151436 491655 1117337 749817 676266 644844 1102479 591710 991154 149684 1134382 808857 235777 546125 420887 516695 466452 372607 1092595 653188
67327 1013872 624710 599964 428911 177261 657972 815042 446810 204396 985717 93336 659666 327606 38293 415848 751051 698372 365901 554771 660295 975629 777739 759731 747445 777562 813134 480466 412049 285494 48566 775082 341144 928633 116806 228266 564862 925571 699141 804329 598926 394516 739694 906862 895408 648748 287185 486928 292386 858233 786283 999999999 869061 631518 596164 487184 245976 932794 877657 469940 284496 361833 834184 679223 661862 419315 120363 418176 417126 770542 439984 896728 838624 260102 292120 779682 953629 632501 208184 77640 803804 492985 709537 1031616 341828 822832 773014 649995 565793 782806 580797 681503 550624 243473 493633 276626 626278 413767 743075 579221
804690 157659 719703 514988 667915 799865 217025 513424 737076 714963 127296 782272 408195 688228 866392 572952 119882 534646 544445 325683 238580 106704 242552 546017 499178 126709 89800 589571 672665 617927 828744 827767 685758 140299 758423 752160 417809 395140 424216 759096 408033 870484 335706 264167 326383 260407 592003 393002 576898 29221 879396 869061 999999999 770555 672425 437507 856882 468480 264450 857460 694587 562629 34967 375324 414498 544779 983757 557807 647519 254551 671663 421899 662264 673309 610348 206130 84570 264202 902123 899838 749920 484591 468436 332523 529426 250898 381518 307014 462952 741154 638897 190507 804926 826156 550900 738752 427236 775472 398309 311864
584023 837502 50995 256884 224716 454442 675330 350143 185108 682897 891506 561921 362825 319364 662898 775314 707192 998984 410831 526922 552283 853135 865839 281730 1013724 644217 681043 237669 238820 659837 588382 143922 799386 725378 615303 746945 793472 536359 927131 185942 821899 282831 447321 612348 556802 733672 606799 500658 534593 782045 164969 631518 770555 999999999 100193 409513 408450 492768 956188 206434 364191 389728 744433 396513 887996 750751 727271 325598 840025 527852 212073 489350 270323 408258 658367 571804 832291 536224 471060 586594 188791 339948 965203 699946 513200 556850 957612 468434 834488 169876 972601 675560 97517 397355 265566 357412 343956 220400 945346 513849
541777 744874 52622 157627 168139 423497 575527 286396 163721 619901 794478 517550 266144 270007 623958 693054 607156 906236 329841 428138 452198 757136 766048 216544 918772 545853 583179 151066 184794 586122 550056 211985 726613 632904 562861 684728 700212 463490 831336 211821 727641 300452 354622 526554 475439 634866 531802 405124 459242 683230 248394 596164 672425 100193 999999999 313542 397603 430011 856047 240551 314852 311177 645699 300322 792687 666943 701404 242169 761590 433518 156515 418316 250027 352189 583852 476058 735971 436032 462499 561986 209915 244066 870308 622185 431843 465774 859644 368862 742805 188938 887357 575459 147412 379719 172500 320222 245230 212406 848171 414191
419933 558045 366017 191936 241473 376445 280807 374059 314907 407146 564551 393890 189230 250833 497601 406474 339765 594011 122531 126720 200049 539968 467339 342011 605245 321040 360689 178488 242550 336906 440240 519912 469064 459168 399101 467324 387881 444557 517891 491453 414425 436432 254998 420286 409134 328663 284635 91620 224693 437706 560777 487184 437507 409513 313542 999999999 422446 463927 564233 434528 260693 133298 404219 199656 479146 376638 607547 121545 484095 284512 248170 421651 459016 248456 331822 299363 517103 173433 472401 496185 485531 69598 556793 544655 175429 336461 549140 164552 432377 467639 588477 288822 407324 391986 144819 303366 162297 345994 535993 127822
