NAME : synthetic_000491
TYPE : CTSP-D
DIMENSION : 100
GROUPS : 8
RELAXATION_LEVEL : 1
EDGE_WEIGHT_TYPE : EXPLICIT
EDGE_WEIGHT_FORMAT : FULL_MATRIX
EDGE_WEIGHT_SECTION
999999999 87454 853937 400706 589590 393853 522251 165397 202899 458271 382632 945598 623233 778037 723303 607889 375075 913038 650249 553443 985700 629883 277091 832972 673568 692691 724045 217639 608264 465976 856880 711363 449110 642144 226806 359157 933617 864034 701128 698740 912906 412762 863198 503127 458132 813737 1028781 310795 648946 659865 1016670 413083 565497 748618 878142 915515 274735 882297 939335 501305 773385 347110 200816 811722 256151 272273 964918 892201 526315 948056 747369 1095337 542554 515233 241925 760968 835835 385959 368007 585051 269485 778763 793416 517786 413673 941956 568659 864328 1016362 699394 1012592 426743 88449 443719 717345 539902 527550 713868 618818 658602
87454 999999999 791545 313259 506112 333075 445374 94733 217331 406954 295470 859272 563148 705484 635966 581442 356188 834796 564484 486139 898543 574772 215519 750056 596409 611954 638002 132316 532090 384480 775795 623910 421121 564996 156336 330587 856225 796880 617452 656381 825865 366426 779676 425473 371900 727028 955583 236589 581275 580470 933223 338237 491886 681132 798666 830553 207756 797576 854580 422349 686015 259694 121285 728957 223933 212289 883351 812727 439514 860729 687373 1018930 467703 438127 200669 685402 748442 377326 319530 542764 224481 692529 729986 441235 348180 861839 491804 776969 935793 627102 930343 372622 15718 366973 639716 524012 440342 637816 600605 600494
853937 791545 999999999 624363 417836 460241 381909 696956 996166 982417 602174 527629 231224 164735 548244 407265 1059831 269267 694239 308155 609988 234416 854572 363297 874312 325913 702269 740868 859751 463323 319280 578001 477337 860953 811144 1016470 259684 67440 768232 259259 716295 453884 842406 402935 537223 698700 245755 559549 217507 317225 445721 813249 871821 126897 941481 824838 583804 815913 453433 414478 561965 633812 674840 356759 612756 582151 366757 289511 528101 614585 109491 342262 351317 816878 616974 939846 638841 1099955 946513 325220 909031 711560 62563 823758 443398 321339 345431 585756 368927 206923 408877 950526 780479 446961 264332 493315 549542 908686 460379 199399
400706 313259 624363 999999999 235850 284050 244207 263337 438812 358895 37394 554265 437529 491588 324238 596915 446728 579923 264399 338228 587754 471737 248408 469446 356987 353734 334186 189038 308030 163006 506096 310784 468529 329409 228504 401457 605378 605070 331346 596976 514516 365509 489556 224284 90178 417919 723585 193325 411008 335006 645312 191560 293266 498188 531763 531093 233213 499948 559800 211151 373855 55397 221578 450065 349792 261025 607495 551477 137823 548734 542820 768139 275507 228200 319701 447661 435341 490632 324896 503958 307111 386716 563281 234703 265379 595091 279078 464794 664464 422922 649494 326291 314301 197966 400512 586950 132125 401242 642143 478047
589590 506112 417836 235850 999999999 287092 118362 427561 666727 577801 229248 368315 290909 267135 201374 528880 681660 344417 290527 208099 424639 335792 484103 244098 462509 117959 320219 405035 442873 127027 273974 215307 456492 446425 458819 636118 369614 385906 370145 470893 422209 357187 482974 121359 147582 356670 488528 291383 230684 104567 427164 408867 454024 292429 565191 492227 338329 471258 351166 111590 244076 268203 389111 223186 438181 356918 379296 316900 112884 396910 359489 532696 133056 400182 419510 535963 330371 726068 556716 413619 542679 349635 361919 407006 253425 362412 105971 321913 434096 211154 424906 549059 501672 169967 168830 557010 132912 500000 586010 323912
393853 333075 460241 284050 287092 999999999 175238 238390 544151 607956 247190 648488 230319 394103 481523 314382 637969 545111 510391 163758 710029 242842 438784 497910 636870 349741 565212 307712 591420 178526 506371 487674 188563 610832 382717 599330 561688 471351 588375 340589 702523 82933 731833 166397 246773 625068 643412 118240 258044 310419 678429 457655 576950 356671 793768 756280 126603 730334 617875 175560 527910 255584 221994 476562 168975 121941 613736 530804 302811 683781 354647 717607 179738 511679 163129 725598 611541 672018 546772 233537 484407 607632 399564 518039 33802 582579 213492 608783 657632 316511 664780 571541 321255 122550 353602 304803 320536 680642 358119 267426
522251 445374 381909 244207 118362 175238 999999999 356856 631303 603097 220325 473258 200931 264362 319463 415776 679097 390910 387617 104137 535703 241123 474258 325862 544874 178100 428172 368829 513963 81594 340116 331595 338193 524286 434866 635276 411392 368840 468461 374639 540543 240071 593865 21490 161764 472712 511794 211652 166832 140885 508738 435257 514561 257283 669812 607654 252603 585230 444062 33071 362389 252252 324118 304318 337021 265160 448668 371270 179334 510937 298839 573626 31346 453714 323192 625759 448714 720193 564611 303571 529979 462524 320153 460634 141601 421942 46459 438491 496965 188392 498506 570255 437837 78567 195126 439377 201835 585658 471479 239749
165397 94733 696956 263337 427561 238390 356856 999999999 308361 446205 237081 789003 468416 613878 574814 498751 427409 747652 526286 392223 833843 480409 253675 669740 586791 528023 597250 127520 526135 302295 692259 566725 339696 555998 189150 395561 768231 703145 588025 565257 776120 275471 749036 337758 304143 680906 864445 145522 487552 494717 853816 342260 492682 587428 780461 793658 113173 761993 778510 336170 625193 208017 42074 648367 148198 118245 800500 726982 374452 798331 592642 930071 377440 432484 119112 678137 693977 454475 366080 452148 281454 650041 635493 436853 253697 776895 403269 715469 851436 535305 848609 409725 83690 278322 551948 449243 379199 630139 523097 505816
202899 217331 996166 438812 666727 544151 631303 308361 999999999 323278 437940 988392 771800 895647 752013 797379 189577 1008925 635914 688120 1013114 786990 210318 906916 602528 781475 709350 263786 536795 559056 940597 731909 637043 572843 210347 190416 1032684 995366 665579 873200 907706 583193 820176 610115 520307 805033 1141762 436721 781312 755486 1084113 356306 486601 880224 809989 882836 417555 848376 998264 603558 798918 398738 322779 887014 439707 426382 1044427 983062 576629 970856 895112 1196552 657584 455446 417800 678842 844225 188978 239387 759754 161875 764298 933871 455275 554976 1029139 676415 887740 1100377 818893 1087605 302481 231916 556015 818820 735843 569747 635890 813722 810451
458271 406954 982417 358895 577801 607956 603097 446205 323278 999999999 385241 805352 793390 843366 572490 916792 174989 907787 411987 694791 806727 824601 193853 778680 310490 692645 474002 322247 252455 521772 825008 543164 767258 286068 258010 143418 935122 959855 408436 942984 666068 678499 540996 583056 445240 567185 1061226 491958 769902 682001 931177 169592 201594 855818 508073 610990 505799 577180 838418 570045 608723 360843 426714 763002 591537 529237 913335 875562 465454 761078 901544 1091900 634386 207856 560097 371324 625256 218084 90522 840838 188919 522999 921740 203342 600105 911758 637024 685414 972698 778743 946289 37015 420694 551223 746629 883933 447546 334236 951811 834230
382632 295470 602174 37394 229248 247190 220325 237081 437940 385241 999999999 565093 408384 475364 340887 560595 461407 573127 296162 309578 603083 440976 258642 469333 394294 345618 364033 179257 345358 138856 502780 330587 431187 366790 229580 416866 597774 586247 365541 564177 539069 328364 522196 199535 82395 444621 712581 156577 386690 323213 648521 221051 329794 476947 567249 561386 197754 530868 565464 187705 391103 39287 195007 449242 314803 225392 606569 546119 144798 565558 517061 761325 251221 264571 285262 484855 457226 503933 344366 469230 316354 415375 540478 270984 229448 591468 258637 481957 662443 404055 650300 351394 294838 166725 388287 549667 144925 438530 605305 449156
945598 859272 527629 554265 368315 648488 473258 789003 988392 805352 565093 999999999 561286 385063 238508 826234 952809 268654 395205 524967 82363 604242 784084 176444 552359 307362 345652 742600 578635 494618 209457 263960 797152 558100 779254 907847 289349 462355 424529 718688 230062 708673 401859 483366 487469 275575 402616 658561 481430 347377 152314 661729 618553 459127 510251 353602 706073 360746 79509 476840 196976 602924 748604 192369 805865 725194 190848 240806 420303 96468 548436 370981 472881 597532 787794 573131 200130 999946 820748 709243 841228 313743 508181 602247 614803 226272 438293 127716 235060 411535 186888 788885 857180 537304 333582 879078 422297 565401 886753 573484
623233 563148 231224 437529 290909 230319 200931 468416 771800 793390 408384 561286 999999999 208470 478838 264949 850341 376443 579691 99406 637581 46071 645915 386611 743886 264930 610761 523641 714708 276629 370841 499533 269010 724217 596679 808840 384640 251488 660029 180114 688386 225298 771430 217290 361113 638687 437626 336207 79860 230714 540740 628761 715310 146083 856021 774151 355708 756236 506811 232336 511492 433643 449078 369131 382247 352162 464577 374623 378027 625190 124332 522839 171403 653956 385768 822457 598722 887841 745907 148557 697169 637058 172549 660858 216843 424267 187047 568603 494278 151970 515888 759023 551520 242242 227728 324073 400768 783819 325467 40937
778037 705484 164735 491588 267135 394103 264362 613878 895647 843366 475364 385063 208470 999999999 383512 461250 936683 168149 532284 230680 466413 241690 733639 211054 713769 163817 537857 633064 702828 340007 178041 413394 476122 701874 697844 891925 176600 119912 604910 337924 556961 417714 678082 285625 401642 534699 250783 468987 141594 162705 337709 673887 718412 75439 776764 662377 503473 652386 318662 293111 398016 510916 584516 200347 561521 509299 259339 169586 379944 464592 163555 324170 238682 666611 557181 776872 476684 979270 816460 351616 790647 546879 126788 673384 368004 217228 219846 427296 285910 78649 309774 813521 696731 340468 102457 529818 399957 746930 520979 204850
723303 635966 548244 324238 201374 481523 319463 574814 752013 572490 340887 238508 478838 383512 999999999 727933 715211 369414 174695 406212 263619 524855 546189 227667 353820 228163 157069 513134 363394 306218 281280 33710 656963 350680 544204 670041 397549 497756 231482 657563 221552 555872 297826 320110 271580 159950 529418 459311 407485 252285 359086 423884 395998 437486 393468 295321 507702 278201 266058 308113 50380 376369 533064 219117 618368 530849 349628 334176 200794 224764 520377 537667 333696 366016 595154 402190 130085 762283 583147 611271 603022 164225 504382 371325 448636 357822 303869 141070 408649 361597 376821 553791 635702 359586 286985 758371 196140 379253 785862 506270
607889 581442 407265 596915 528880 314382 415776 498751 797379 916792 560595 826234 264949 461250 727933 999999999 925244 627056 800269 321721 902305 222851 737451 651310 943565 526992 843891 602530 902033 465241 632874 744114 160364 919131 676220 891143 629991 459114 880774 150660 944357 238447 1009601 422385 546971 885416 651022 425555 344807 490314 798845 771403 890180 388167 1084175 1021076 412770 999928 770677 437426 765500 569885 501931 634040 357736 392112 720555 630823 588489 888818 315431 745536 395989 825082 381542 1029795 853224 953226 849153 118207 775507 877692 374960 831540 331720 677845 424173 829053 743063 415845 770666 879955 566277 411547 492673 94078 609610 986540 60536 257041
375075 356188 1059831 446728 681660 637969 679097 427409 189577 174989 461407 952809 850341 936683 715211 925244 999999999 1023789 568007 756664 962343 874200 205319 904308 484551 799580 635263 330269 424375 598858 946025 688877 766957 458989 255375 45872 1049933 1047202 575462 978259 831424 694564 714252 657756 536798 730505 1170073 520491 842498 781726 1068597 291357 372669 936335 682980 783253 517911 749160 977537 647377 756222 427028 424312 886613 573945 535012 1041908 993857 575288 917418 968019 1211344 709025 365395 546311 545989 783223 47184 132075 868437 153747 686850 997504 362469 639410 1034671 719540 838416 1100514 865210 1079310 173626 371866 613614 847224 875952 561681 509216 950461 890944
913038 834796 269267 579923 344417 545111 390910 747652 1008925 907787 573127 268654 376443 168149 369414 627056 1023789 999999999 541431 386398 349673 409515 828324 142163 722925 227614 523633 745595 727456 452339 88135 403082 642924 718143 802573 978029 28224 201906 600501 496462 481505 578733 633134 409925 491956 490491 160041 602561 305906 254818 178107 742782 753848 238921 739560 600274 642552 598837 190300 412447 361813 611724 713904 151003 714086 652644 98228 35357 448610 362151 317993 188280 372807 712476 705991 769476 419506 1068837 896403 519351 886979 515283 265475 718717 515722 52842 344629 353756 117847 234264 144835 882332 827941 469356 195813 697699 463367 748512 686189 372144
650249 564484 694239 264399 290527 510391 387617 526286 635914 411987 296162 395205 579691 532284 174695 800269 568007 541431 999999999 489949 395286 623561 425622 400848 183172 368688 74457 432632 188842 337192 453509 141520 698369 176726 441343 524619 569652 651095 80845 758718 271797 592560 226334 378475 264202 169161 701359 447683 521064 379270 529167 284086 224157 573989 284541 267478 492210 235736 435932 363183 201059 318925 485005 390432 609456 519264 524141 506478 211953 349934 647773 712328 412433 204655 580747 246635 215216 615063 437517 690749 477094 129796 643448 208764 482362 532224 392666 273453 583005 493197 549637 398486 568389 393341 430350 811382 191565 214646 853472 613996
553443 486139 308155 338228 208099 163758 104137 392223 688120 694791 309578 524967 99406 230680 406212 321721 756664 386398 489949 999999999 595426 137255 551568 359311 649010 217654 526812 433516 617615 177317 357752 422822 272592 628356 504965 714394 401148 310953 570740 270523 623468 193624 690815 118751 262149 563981 479658 251810 95507 177921 531699 529579 616850 195298 770394 699736 279440 679278 481929 134096 444372 336030 367685 339138 330878 281839 461892 375455 283349 576738 211368 554670 77532 555081 326871 729614 532041 795346 649246 205588 604298 557721 245771 561970 139866 427284 102572 511613 501552 153983 513617 660688 475898 144475 203156 358281 305909 689738 379858 139820
985700 898543 609988 587754 424639 710029 535703 833843 1013114 806727 603083 82363 637581 466413 263619 902305 962343 349673 395286 595426 999999999 681294 805186 256360 533432 378389 334600 776719 568259 547954 291678 281241 866089 543657 806754 918347 369287 544648 408869 798268 177778 774258 355952 543706 529775 249510 477392 709717 557808 417595 214119 674076 612358 539998 462114 298329 757881 311827 159401 535638 214802 639341 792570 270700 862251 778672 266841 322720 460001 46008 629513 436634 538541 599906 842246 541289 182074 1009491 831015 784729 860702 292412 590159 603881 676227 305266 504174 125479 304345 489499 253585 793759 897735 594576 410145 952051 458208 540214 962733 651610
629883 574772 234416 471737 335792 242842 241123 480409 786990 824601 440976 604242 46071 241690 524855 222851 874200 409515 623561 137255 681294 999999999 671038 428780 785702 310418 655904 545211 754867 313443 410251 545372 246815 765390 619298 833652 415423 266129 704075 135228 734337 221489 817063 255938 398814 684679 457239 355452 123872 276642 577847 661997 753775 172547 900981 820174 369435 802148 547829 271334 557548 463837 464681 411886 381811 362497 500472 410449 419776 669792 125078 546089 212847 691632 389150 865324 644753 910367 773690 109934 720552 682764 182068 698502 235391 458891 231053 614142 526929 193118 551278 789673 562342 274271 271149 288185 442441 826086 283328 38841
277091 215519 854572 248408 484103 438784 474258 253675 210318 193853 258642 784084 645915 733639 546189 737451 205319 828324 425622 551568 805186 671038 999999999 715708 406849 601832 499178 134990 340515 394547 753974 524452 583278 375907 64556 162933 853709 842799 457796 779201 697419 501551 615208 452861 337086 594762 970706 320550 637200 581383 887551 149550 293912 731360 614621 675625 324881 641281 799174 442821 591896 222818 238133 696862 400676 345625 853923 799818 383216 762342 762879 1016547 503982 252249 369908 490300 634425 245984 112970 671627 58836 554216 792220 253227 437450 842978 515379 679708 911499 661111 894375 158265 228499 408311 646653 697703 372797 444440 768346 686639
832972 750056 363297 469446 244098 497910 325862 669740 906916 778680 469333 176444 386611 211054 227667 651310 904308 142163 400848 359311 256360 428780 715708 999999999 581457 148230 381475 647522 588141 367446 54509 261374 631494 577516 697244 858440 170149 301841 458429 542293 354682 549454 495653 340375 386977 351766 301929 529407 306944 187600 184264 617548 616701 283806 600754 468264 574228 463677 122652 337772 220329 508620 632212 21591 662777 589428 138215 106814 332567 253675 373447 314542 318234 578686 648827 627339 283746 950323 774449 535047 774517 374371 336626 584686 465173 133520 284477 224064 196251 235715 181122 755295 745330 398974 160038 707370 343538 606485 711845 397340
673568 596409 874312 356987 462509 636870 544874 586791 602528 310490 394294 552359 743886 713769 353820 943565 484551 722925 183172 649010 533432 785702 406849 581457 999999999 549953 207916 468894 66360 480495 634819 320111 823993 31437 447189 448280 751110 833063 128112 919497 372557 719528 230905 531807 396799 283953 882965 549742 692004 557590 696135 260889 116046 752068 208077 302108 586642 268994 604102 516188 370812 400451 550216 572122 700381 614571 699573 687780 365954 487695 821995 889646 572905 158422 668862 91796 354590 528515 369962 841005 442343 241299 821753 155797 613981 711023 558372 424866 757523 670741 720627 313206 604770 532276 611465 941561 343265 44333 992556 780561
692691 611954 325913 353734 117959 349741 178100 528023 781475 692645 345618 307362 264930 163817 228163 526992 799580 227614 368688 217654 378389 310418 601832 148230 549953 999999999 377917 518411 539863 227532 164235 255310 489823 538212 574983 754012 252182 283335 442349 437764 425515 403446 525959 193621 264874 385860 370814 385198 187414 40272 330645 524578 557266 209855 620432 518829 428711 504666 268652 192552 252326 384133 492132 126829 514704 442739 272587 201986 227514 362104 292340 415724 170182 507845 501291 613944 337717 844025 674215 408839 660325 392249 277860 514500 316948 250021 136265 303724 323852 133663 321456 664858 606080 252992 61669 573701 245155 583310 587059 286137
724045 638002 702269 334186 320219 565212 428172 597250 709350 474002 364033 345652 610761 537857 157069 843891 635263 523633 74457 526812 334600 655904 499178 381475 207916 377917 999999999 506406 234353 388100 435773 125018 751331 212457 515782 592735 551555 653691 79926 790865 198786 646063 166989 422087 322898 96193 683141 511547 545945 395761 488222 355760 277767 587505 245583 197389 557364 167658 396245 407463 164549 389307 555660 374765 674222 583880 493456 488277 262476 288636 666774 684216 449812 269912 646415 245922 152544 682076 506153 731151 549822 55354 655777 273111 535465 507469 425866 219007 550827 508855 512991 463610 641585 444886 438712 861487 245025 226806 898992 642362
217639 132316 740868 189038 405035 307712 368829 127520 263786 322247 179257 742600 523641 633064 513134 602530 330269 745595 432632 433516 776719 545211 134990 647522 468894 518411 506406 999999999 406003 295309 678931 498565 448419 437641 75080 291977 769122 735645 485213 648133 696161 367241 647444 347478 260964 596442 878159 190358 523934 491783 827599 216833 369318 621441 668578 698324 190240 665295 744694 340290 562550 140342 104495 627142 269468 210635 784076 720282 323139 737377 644079 932988 396113 311734 237882 559170 620922 365201 247421 539019 176718 561153 678310 315493 309895 767069 413386 653404 839128 557061 828631 285380 137939 295474 555035 563394 320375 511272 633491 563793
608264 532090 859751 308030 442873 591420 513963 526135 536795 252455 345358 578635 714708 702828 363394 902033 424375 727456 188842 617615 568259 754867 340515 588141 66360 539863 234353 406003 999999999 444225 639989 330349 776545 36058 381638 386484 755660 822725 160467 886964 417035 673361 290122 499077 358835 321626 886912 498203 668261 542747 716784 195234 51885 735169 274396 358942 532670 324954 623717 483599 388440 347070 490698 576650 644466 560476 712959 692826 338424 522251 800270 900768 543351 94278 612598 153358 386530 469301 306106 803255 376262 277458 804743 90859 570642 720316 532329 452997 771847 653764 738182 251437 540848 493067 600476 894968 315767 105743 949040 752722
465976 384480 463323 163006 127027 178526 81594 302295 559056 521772 138856 494618 276629 340007 306218 465241 598858 452339 337192 177317 547954 313443 394547 367446 480495 227532 388100 295309 444225 999999999 391329 310111 363232 457698 357989 554741 475026 448357 416951 443344 525842 258109 555044 61288 85697 446606 582932 164360 248343 197565 551558 354421 440636 338186 621727 577848 211494 552219 477794 48850 354216 171852 265174 346075 314816 230942 499069 428888 125998 517544 379821 638733 112726 378198 294302 565134 435603 640513 483218 360510 450999 429346 401683 385064 147611 477526 120842 438903 551328 266567 546623 488764 378866 56789 259875 474445 145627 522757 517015 316666
856880 775795 319280 506096 273974 506371 340116 692259 940597 825008 502780 209457 370841 178041 281280 632874 946025 88135 453509 357752 291678 410251 753974 54509 634819 164235 435773 678931 639989 391329 999999999 314947 626441 630235 732090 900170 116294 255385 512422 515418 404499 550941 549304 356884 420567 405698 248163 549218 292998 199248 173952 661781 667250 253279 654791 520154 592183 516603 140623 356587 274828 541902 656249 63385 673956 605268 108595 52979 371364 295450 341414 266928 327672 627335 662391 681675 336668 991619 817237 518966 812797 428817 298941 633471 474765 89007 295746 274499 160361 219134 158654 800565 770126 416557 154714 694642 384350 660408 693206 376191
711363 623910 578001 310784 215307 487674 331595 566725 731909 543164 330587 263960 499533 413394 33710 744114 688877 403082 141520 422822 281241 545372 524452 261374 320111 255310 125018 498565 330349 310111 314947 999999999 666815 317139 525729 643979 431225 528744 198088 679095 216221 564196 272869 330140 266552 141369 563097 457232 430333 276571 389838 397947 363888 465150 365123 276964 505384 256978 296601 317191 67716 364403 524739 252670 618184 529498 382621 367857 196284 239768 546551 571078 348357 335961 593753 369220 128236 736024 556829 628389 580539 138262 532754 341076 455421 391409 320261 156066 441504 387900 408778 525493 624435 365150 315299 770911 187932 345702 801315 528498
449110 421121 477337 468529 456492 188563 338193 339696 637043 767258 431187 797152 269010 476122 656963 160364 766957 642924 698369 272592 866089 246815 583278 631494 823993 489823 751331 448419 776545 363232 626441 666815 999999999 797341 520813 733944 652716 512927 776735 261913 878397 105848 918262 336977 435238 806571 703733 282885 337387 449777 799870 630068 758932 414697 982127 939683 261583 914898 754146 349628 700564 433437 345749 611537 197373 238254 726761 637780 489024 845041 369870 791161 329183 693601 221623 913318 786636 793945 695832 156582 618685 791825 428472 699708 216144 688705 362900 775512 760596 410729 778539 730257 405931 306445 473365 119074 507667 867957 185073 285251
642144 564996 860953 329409 446425 610832 524286 555998 572843 286068 366790 558100 724217 701874 350680 919131 458989 718143 176726 628356 543657 765390 375907 577516 31437 538212 212457 437641 36058 457698 630235 317139 797341 999999999 415799 421658 746365 821545 134854 898577 387901 693285 255264 510474 373187 295168 878044 521552 674542 543765 699182 229542 87438 737590 238748 324929 557700 291190 606523 494887 371724 371545 519686 567141 670890 585604 699023 683203 346314 497709 805499 888156 552903 126985 639258 122156 362900 503571 341882 817978 412236 251456 807285 124390 588690 708500 539786 431338 757489 656146 722152 286525 573393 508436 599423 915254 323551 74183 967393 761471
226806 156336 811144 228504 458819 382717 434866 189150 210347 258010 229580 779254 596679 697844 544204 676220 255375 802573 441343 504965 806754 619298 64556 697244 447189 574983 515782 75080 381638 357989 732090 525729 520813 415799 999999999 216915 827015 803359 483246 723190 711391 441857 643966 413381 311544 609530 939847 265115 593744 551160 873815 186404 338756 690101 652846 700428 264750 666505 787950 404855 592020 190850 175099 677540 336403 284111 835021 775699 366327 765431 716089 990696 463342 289129 305840 534181 642346 291228 177082 614072 101696 571133 748596 291414 384211 820882 478103 681792 891415 623161 877692 222024 168077 364357 615596 634415 359476 487153 705790 637048
359157 330587 1016470 401457 636118 599330 635276 395561 190416 143418 416866 907847 808840 891925 670041 891143 45872 978029 524619 714394 918347 833652 162933 858440 448280 754012 592735 291977 386484 554741 900170 643979 733944 421658 216915 999999999 1004209 1002971 534706 939903 789657 658358 676597 613993 491587 688303 1124590 481378 799311 736457 1022949 246165 334605 892559 649783 744681 481299 710432 931991 603370 711415 383043 389258 840741 543287 499608 996051 948044 529493 873570 925651 1165541 665390 323254 514664 513779 739787 92384 87347 830987 115799 644862 954232 320672 599479 988807 675279 794152 1054649 820865 1033522 135146 346052 570864 801966 844804 515823 475162 918239 849553
933617 856225 259684 605378 369614 561688 411392 768231 1032684 935122 597774 289349 384640 176600 397549 629991 1049933 28224 569652 401148 369287 415423 853709 170149 751110 252182 551555 769122 755660 475026 116294 431225 652716 746365 827015 1004209 999999999 192400 628559 495771 505929 592097 659533 430854 516976 517286 131872 622880 317190 277531 186328 769764 781941 243212 766242 625495 661985 624731 210144 434052 389413 636192 735137 179226 730538 671245 108779 63379 474986 384055 317566 163870 392002 740322 723431 797353 445756 1094835 922918 524787 912292 542638 262403 746582 533024 64873 364963 379104 113493 247605 149282 909448 849060 489954 216512 703184 490093 776591 688515 377400
864034 796880 67440 605070 385906 471351 368840 703145 995366 959855 586247 462355 251488 119912 497756 459114 1047202 201906 651095 310953 544648 266129 842799 301841 833063 283335 653691 735645 822725 448357 255385 528744 512927 821545 803359 1002971 192400 999999999 722564 315311 656293 476622 788263 390316 515866 643972 193091 561389 215613 281938 378313 790263 838184 115749 889353 767371 590386 759992 387258 399979 507552 620208 677638 297189 631598 591919 299318 223001 498396 550765 145911 286438 340020 785910 632441 894724 581472 1088784 929644 367106 898791 659376 85575 792707 450408 253904 327692 525605 302513 182268 341660 929288 786803 440201 222272 541119 518815 865680 514641 227952
701128 617452 768232 331346 370145 588375 468461 588025 665579 408436 365541 424529 660029 604910 231482 880774 575462 600501 80845 570740 408869 704075 457796 458429 128112 442349 79926 485213 160467 416951 512422 198088 776735 134854 483246 534706 628559 722564 999999999 839269 257718 670887 162232 459216 341626 161175 760356 520174 600245 455729 568064 309312 207870 649934 205396 217892 563174 183648 476164 443891 243899 383879 547719 450568 680326 590656 572939 565190 292296 362902 725619 763506 493216 213058 650733 172203 228098 621616 449868 771546 503999 117075 719073 214767 561069 586016 473080 297251 630508 569723 592905 402045 622887 472767 503900 890575 271478 148110 933682 693962
698740 656381 259259 596976 470893 340589 374639 565257 873200 942984 564177 718688 180114 337924 657563 150660 978259 496462 758718 270523 798268 135228 779201 542293 919497 437764 790865 648133 886964 443344 515418 679095 261913 898577 723190 939903 495771 315311 839269 999999999 863269 290013 951329 388145 529040 817513 504661 458716 250995 406781 672729 784562 883772 262490 1036071 952641 461826 935460 655866 403712 688291 583140 557520 527621 442663 448414 593054 505136 553857 790711 178488 600450 347275 820704 458575 999941 774855 1011437 886089 113873 824850 816866 234359 827513 343459 548721 366280 740154 609226 310540 641292 907222 642439 399271 391639 241943 576431 960256 201234 151822
912906 825865 716295 514516 422209 702523 540543 776120 907706 666068 539069 230062 688386 556961 221552 944357 831424 481505 271797 623468 177778 734337 697419 354682 372557 425515 198786 696161 417035 525842 404499 216221 878397 387901 711391 789657 505929 656293 257718 863269 999999999 777408 178257 541642 481054 102709 627679 672609 612585 457696 381331 554535 465509 622853 284504 123571 720553 134089 305211 529652 179157 569692 734053 359575 834112 745090 417308 448845 411613 138231 711055 601007 553315 466409 809252 368335 91851 877931 703595 826710 748540 144956 683600 469046 669840 447217 522168 130688 464793 555985 416944 658579 828025 580236 475472 978561 401212 372656 1003135 711567
412762 366426 453884 365509 357187 82933 240071 275471 583193 678499 328364 708673 225298 417714 555872 238447 694564 578733 592560 193624 774258 221489 501551 549454 719528 403446 646063 367241 673361 258109 550941 564196 105848 693285 441857 658358 592097 476622 670887 290013 777408 999999999 812917 236147 329414 703106 659732 187146 276212 363203 724794 533874 657614 367333 876279 835501 177110 810245 671504 247759 600754 333757 270587 528685 160564 160055 655512 568899 383625 750702 344594 740784 235952 592268 170855 808430 685892 725503 612330 176680 542581 687277 397295 598525 110601 620676 270494 678498 694678 344670 707227 641707 352606 201356 396227 222033 402023 763362 278067 254519
863198 779676 842406 489556 482974 731833 593865 749036 820176 540996 522196 401859 771430 678082 297826 1009601 714252 633134 226334 690815 355952 817063 615208 495653 230905 525959 166989 647444 290122 555044 549304 272869 918262 255264 643966 676597 659533 788263 162232 951329 178257 812917 999999999 588496 488006 144459 786959 673897 703173 549234 554172 465716 341994 734898 108537 73388 718544 45677 471767 574023 280740 543286 708352 494787 835789 745585 581376 598590 429292 315035 818202 769747 614403 364733 807045 199796 213852 758765 595329 895923 658320 134627 801073 364981 702317 605851 588944 283608 632941 659420 587405 541557 785108 611822 584171 1028425 411349 216283 1065179 801154
503127 425473 402935 224284 121359 166397 21490 337758 610115 583056 199535 483366 217290 285625 320110 422385 657756 409925 378475 118751 543706 255938 452861 340375 531807 193621 422087 347478 499077 61288 356884 330140 336977 510474 413381 613993 430854 390316 459216 388145 541642 236147 588496 999999999 143902 470593 532578 193038 187213 157839 523968 415639 498166 278585 661879 604816 235300 581470 457074 15623 364609 231012 304306 318787 323910 249193 465478 389485 167879 517470 318536 593468 51691 436667 308613 613971 449987 698779 543671 312429 508520 458449 341053 443570 132609 439814 66690 443244 514679 209848 514892 549996 418207 59788 214369 441500 189935 573108 476932 256810
458132 371900 537223 90178 147582 246773 161764 304143 520307 445240 82395 487469 361113 401642 271580 546971 536798 491956 264202 262149 529775 398814 337086 386977 396799 264874 322898 260964 358835 85697 420567 266552 435238 373187 311544 491587 516976 515866 341626 529040 481054 329414 488006 143902 999999999 392799 633873 191924 326804 244950 566653 276044 355028 410578 547010 518191 239589 490120 484554 129195 321883 121667 262794 366853 354415 264622 524175 464409 70802 494269 459770 680232 192898 292932 328531 482941 394782 580499 414845 444852 395489 369376 476803 299821 220223 509339 191998 411673 580105 334010 567986 413793 369726 135489 310433 550032 80268 439594 596996 400712
813737 727028 698700 417919 356670 625068 472712 680906 805033 567185 444621 275575 638687 534699 159950 885416 730505 490491 169161 563981 249510 684679 594762 351766 283953 385860 96193 596442 321626 446606 405698 141369 806571 295168 609530 688303 517286 643972 161175 817513 102709 703106 144459 470593 392799 999999999 646092 584577 567343 411886 425590 451934 368214 593295 249140 135808 631820 118807 337992 457261 136736 473307 638947 350429 747212 657307 444197 455669 325892 203876 678023 634551 489724 365144 720980 297560 76021 777193 601926 769486 645838 44294 658595 368057 593474 465644 461409 149314 498241 519509 455416 558227 729767 502654 442583 911840 312567 291845 942680 666194
1028781 955583 245755 723585 488528 643412 511794 864445 1141762 1061226 712581 402616 437626 250783 529418 651022 1170073 160041 701359 479658 477392 457239 970706 301929 882965 370814 683141 878159 886912 582932 248163 563097 703733 878044 939847 1124590 131872 193091 760356 504661 627679 659732 786959 532578 633873 646092 999999999 719315 386395 389384 270085 894341 912309 292536 894408 749300 754255 750666 323863 538336 520403 750011 834428 310951 809264 759877 211768 195242 597728 499064 338995 97416 487964 869250 806503 928815 573201 1214214 1045025 560045 1028810 672920 278634 875609 618282 181254 465930 504322 177064 329430 228283 1034483 947095 589327 324379 734100 614238 908412 705420 418578
310795 236589 559549 193325 291383 118240 211652 145522 436721 491958 156577 658561 336207 468987 459311 425555 520491 602561 447683 251810 709717 355452 320550 529407 549742 385198 511547 190358 498203 164360 549218 457232 282885 521552 265115 481378 622880 561389 520174 458716 672609 187146 673897 193038 191924 584577 719315 999999999 346072 350675 713658 347624 477479 445709 723171 708250 48422 679205 641784 192653 509011 151700 116274 507880 162861 72730 657728 582521 261051 677446 458732 784565 231939 412329 136658 640747 585336 555439 428798 351479 366785 559948 497355 418248 120141 632812 257982 596795 707608 390545 706567 455295 227781 133315 406770 401918 272180 594058 463932 375691
648946 581275 217507 411008 230684 258044 166832 487552 781312 769902 386690 481430 79860 141594 407485 344807 842498 305906 521064 95507 557808 123872 637200 306944 692004 187414 545945 523934 668261 248343 292998 430333 337387 674542 593744 799311 317190 215613 600245 250995 612585 276212 703173 187213 326804 567343 386395 346072 999999999 155851 464596 601812 673847 99876 791493 702109 374891 685669 427599 199864 437308 417150 462245 289313 422870 377220 389946 300572 329977 545922 133301 464811 135616 615164 420737 766632 523884 882470 730513 228106 691528 568546 155048 622099 235320 351336 136862 490934 423370 74089 441619 737082 571201 229468 147869 401842 352549 730238 405323 99180
659865 580470 317225 335006 104567 310419 140885 494717 755486 682001 323213 347377 230714 162705 252285 490314 781726 254818 379270 177921 417595 276642 581383 187600 557590 40272 395761 491783 542747 197565 199248 276571 449777 543765 551160 736457 277531 281938 455729 406781 457696 363203 549234 157839 244950 411886 389384 350675 155851 999999999 368651 512817 556523 194768 640431 546374 393053 530426 308663 158562 281529 360830 459908 166376 476267 406046 307823 232376 217451 400062 271020 441330 130686 504006 463653 625825 368355 825428 658618 372110 639432 414747 264344 510794 277882 282211 97320 338880 356935 114011 357630 652856 573994 217608 65516 534894 237268 592880 550124 255008
1016670 933223 445721 645312 427164 678429 508738 853816 1084113 931177 648521 152314 540740 337709 359086 798845 1068597 178107 529167 531699 214119 577847 887551 184264 696135 330645 488222 827599 716784 551558 173952 389838 799870 699182 873815 1022949 186328 378313 568064 672729 381331 724794 554172 523968 566653 425590 270085 713658 464596 368651 999999999 778003 753109 411974 662563 504854 758337 512943 93280 521817 328375 687714 816017 205778 844917 773157 79993 168189 507489 244308 494620 222521 498914 725096 831930 722533 349605 1115315 937062 687542 946022 461664 443400 730410 646285 125269 465965 276312 93128 390511 41825 911391 928829 582895 328605 864737 515358 712210 858667 542006
413083 338237 813249 191560 408867 457655 435257 342260 356306 169592 221051 661729 628761 673887 423884 771403 291357 742782 284086 529579 674076 661997 149550 617548 260889 524578 355760 216833 195234 354421 661781 397947 630068 229542 186404 246165 769764 790263 309312 784562 554535 533874 465716 415639 276044 451934 894341 347624 601812 512817 778003 999999999 153698 686544 467362 526831 371612 492416 686545 402189 465480 202748 311330 600805 473721 397969 754126 711335 297071 629786 734075 928530 466599 103522 441361 347947 497717 338404 159346 686850 195011 410027 752818 105286 445243 749587 468011 549282 813160 609206 789920 140283 347771 387726 577658 748878 280114 300786 811461 669381
565497 491886 871821 293266 454024 576950 514561 492682 486601 201594 329794 618553 715310 718412 395998 890180 372669 753848 224157 616850 612358 753775 293912 616701 116046 557266 277767 369318 51885 440636 667250 363888 758932 87438 338756 334605 781941 838184 207870 883772 465509 657614 341994 498166 355028 368214 912309 477479 673847 556523 753109 153698 999999999 745964 323494 410585 508642 376514 659838 482999 425209 325852 459231 603900 617304 536106 745036 719722 344885 566402 806830 930805 544875 65356 585114 196414 430287 417769 254450 795487 326876 323920 815112 59246 558577 749821 537048 494529 804269 664981 772650 199583 501467 485970 616697 877884 322843 150736 935031 754302
748618 681132 126897 498188 292429 356671 257283 587428 880224 855818 476947 459127 146083 75439 437486 388167 936335 238921 573989 195298 539998 172547 731360 283806 752068 209855 587505 621441 735169 338186 253279 465150 414697 737590 690101 892559 243212 115749 649934 262490 622853 367333 734898 278585 410578 593295 292536 445709 99876 194768 411974 686544 745964 999999999 830264 724006 474733 711876 393885 289382 457598 509531 561940 271368 519146 476673 332964 243820 401695 536343 89729 376757 227391 690420 518619 820471 539581 977190 821262 281597 786647 601708 69702 697312 334945 289775 219110 494597 355489 81456 382644 824137 671077 326045 150766 459977 423326 787628 447461 134253
878142 798666 941481 531763 565191 793768 669812 780461 809989 508073 567249 510251 856021 776764 393468 1084175 682980 739560 284541 770394 462114 900981 614621 600754 208077 620432 245583 668578 274396 621727 654791 365123 982127 238748 652846 649783 766242 889353 205396 1036071 284504 876279 108537 661879 547010 249140 894408 723171 791493 640431 662563 467362 323494 830264 999999999 166720 764876 150483 580267 646764 382780 582020 741661 598735 881546 792601 689648 704788 496381 422317 911202 878247 693013 363933 851261 137759 321270 724788 575118 973383 650283 230035 897673 362126 766402 713478 670397 391862 741443 752772 695935 515934 806030 677798 680189 1095770 476104 174967 1137818 887912
915515 830553 824838 531093 492227 756280 607654 793658 882836 610990 561386 353602 774151 662377 295321 1021076 783253 600274 267478 699736 298329 820174 675625 468264 302108 518829 197389 698324 358942 577848 520154 276964 939683 324929 700428 744681 625495 767371 217892 952641 123571 835501 73388 604816 518191 135808 749300 708250 702109 546374 504854 526831 410585 724006 166720 999999999 754407 34496 428084 591160 266764 585995 752262 470472 871060 780745 539848 566767 454396 261181 810084 724489 625245 428228 843533 272769 186018 828239 662102 905265 721055 149000 787803 429110 725330 568310 597164 246523 588152 652167 540490 609986 834999 634364 573839 1046307 438885 289434 1078183 801124
