NAME : synthetic_000474
TYPE : CTSP-D
DIMENSION : 100
GROUPS : 8
RELAXATION_LEVEL : 1
EDGE_WEIGHT_TYPE : EXPLICIT
EDGE_WEIGHT_FORMAT : FULL_MATRIX
EDGE_WEIGHT_SECTION
999999999 377673 864101 862046 1053514 625400 157244 695400 219607 665525 886252 1006352 777890 692607 325696 472147 803969 647101 680628 351429 110863 547961 855781 489591 851006 147948 119239 552758 463539 200743 653785 705662 381900 674897 377367 202806 887007 133160 987817 910816 368838 888727 366000 195198 412640 350655 700604 360629 285377 267157 645103 391483 70584 192517 119582 866765 278716 247501 839621 620350 257249 830237 87566 654463 789702 565458 419848 898112 701360 516338 293892 687286 48645 591257 207609 252345 352034 403111 767286 688397 728609 613093 195064 622010 282754 827780 412701 855162 838160 435901 731388 288967 646211 712170 435968 475410 322656 448714 256023 991085
377673 999999999 551728 794179 1012058 513575 404055 938136 342264 852393 548094 970837 421285 478020 232209 97178 521476 607092 586792 579869 403030 796105 723081 308999 832107 231211 268633 286637 232221 517494 874608 752043 636011 394163 709499 184780 800850 496601 982676 744300 670328 818479 92550 394911 65758 463776 383287 70364 364179 173834 898302 54448 388242 200364 313851 752314 474093 277054 663414 514988 571416 787330 349659 534506 690509 375297 43516 774999 530836 544783 227263 852801 332003 807954 513328 241872 307196 676814 811106 681257 742802 664845 384628 347139 99325 777058 298488 756199 769633 657881 393081 606560 312386 886818 309537 237223 548851 604062 603102 934449
864101 551728 999999999 598806 783910 436610 801537 1133092 891419 994383 94269 762928 197016 263118 548446 508874 97583 560389 473541 868312 830463 1032191 454555 401553 696446 743894 745737 312703 402464 912900 1054953 744976 928576 194452 1072713 717207 573276 942699 817121 405081 1004508 608988 512150 765757 489602 708575 169143 526145 665142 725128 1116168 508229 839044 734238 843266 500216 787246 638821 350324 446675 947204 634013 797508 424475 497236 348860 514092 497602 337642 635239 777783 966744 815899 1001167 900531 620559 558401 977455 775273 635053 694952 708490 929213 245378 640209 616311 487579 528070 584372 907512 169196 975890 240179 1002846 467735 390345 849304 804617 1007211 704996
862046 794179 598806 999999999 218957 280693 717556 698535 1018588 546585 691859 181716 735605 384079 599570 829478 508311 214957 207398 625791 766137 665393 149113 486007 109795 831660 785656 547302 565877 771618 625945 256382 661847 521665 834216 848229 44381 853968 220253 227114 754496 26686 703690 673664 738514 524287 601638 726940 576940 908388 707407 741373 799443 860968 921866 105652 618659 634715 251332 279248 768003 58140 774541 261741 112344 430062 786163 125957 299307 353400 975349 501387 830355 600865 754826 649548 536255 699574 242509 191537 194840 302326 1026447 528065 820373 45813 507648 72619 24913 603293 661057 777718 648287 528917 490921 563810 630131 502698 840485 140291
1053514 1012058 783910 218957 999999999 499130 902292 753537 1223202 613383 878179 47729 938303 595174 811522 1048435 701049 417264 425577 778030 951480 762557 334560 704531 203081 1037265 987136 765327 784647 939314 693318 370990 801765 732051 968177 1057875 222925 1028750 108557 380897 891086 196627 921055 860097 957099 705432 809540 944262 772358 1121095 777168 959570 987490 1069821 1123163 290722 792889 838539 436056 497194 925797 228912 966976 480693 328889 648881 1004832 287068 513160 537177 1187895 563602 1026030 688708 922673 856565 744699 831378 321830 365160 330300 451716 1227038 742800 1034732 236489 722061 271572 242991 736132 866673 929175 861062 579686 706494 782707 789189 651133 996419 81943
625400 513575 436610 280693 499130 999999999 500675 700126 755971 558457 516021 459190 513955 173663 329645 550553 339656 130674 73627 482805 545154 610763 231589 205401 331020 569804 532483 277985 285703 583956 621637 317844 536588 290227 700866 579040 288656 648196 479526 287433 624078 304909 423495 456375 457969 336137 372438 446762 347531 633845 687268 460683 571605 592997 666115 249117 432454 381853 223788 10293 598853 278924 539310 29378 179172 156603 505721 277527 110020 209421 700736 530134 586907 571332 568153 389077 277048 583628 359390 212730 278351 272024 770309 277093 543779 266676 234085 246386 256267 499748 435188 619126 399228 566260 214858 284274 473322 390638 669151 420913
157244 404055 801537 717556 902292 500675 999999999 566232 365684 518556 839230 854848 750157 596219 255889 500524 728792 503787 547771 206649 49195 418230 725582 403960 699282 223958 158026 491338 403286 118144 515900 549566 249695 607214 306640 278166 745425 148868 833316 788036 267566 744118 355862 44650 415103 196900 649610 360626 153716 357946 519575 396180 87211 277110 258545 731782 122030 164686 722229 494177 168116 682199 84050 530047 653584 472078 439190 764307 589149 366497 405090 536470 147163 450792 110828 190270 248729 282609 610887 538112 574906 457668 349399 556372 331005 681048 318685 717017 694323 292685 691479 203008 609021 563365 340889 415387 175421 292588 211420 842609
695400 938136 1133092 698535 753537 700126 566232 999999999 914846 152411 1205197 713785 1169629 871034 721673 1026845 1037670 591550 682781 363317 595612 148253 809678 776116 604798 790080 723716 889407 829110 495787 78541 444616 316950 962197 369206 843109 742734 584066 646589 897145 335828 714995 864215 556290 926166 482061 1035400 878086 575991 923486 54128 912361 632456 843047 812965 783146 466939 661095 876262 689845 442487 640517 647802 717625 723960 797673 963444 813868 807664 498292 971077 197540 705535 136077 487822 696291 658898 292516 459368 540157 507608 437411 884497 928369 885230 653633 709541 750619 689551 280842 1094249 416416 1030558 174657 718159 837908 395331 347884 474849 743889
219607 342264 891419 1018588 1223202 755971 365684 914846 999999999 882572 890333 1177320 761388 778161 426893 411234 852565 806907 821240 568515 325426 767540 985874 579115 1024514 187029 237750 603181 524896 419416 873144 895366 601355 721742 585237 183241 1037143 339419 1168316 1026779 585728 1045003 384980 394505 401998 541821 722304 367733 455755 169423 864264 383193 285899 167139 107463 1004953 486515 384742 949228 753366 474715 995063 282580 783031 932058 656758 383437 1033384 809233 693038 138659 902009 218597 810176 427034 369317 482910 622411 957824 861213 909510 801406 54635 670701 251509 989759 523165 999432 993858 653834 735264 504789 653701 928299 544273 534586 538658 656649 462412 1154420
665525 852393 994383 546585 613383 558457 518556 152411 882572 999999999 1070049 571488 1044268 731331 625410 935085 897890 444160 535589 314204 557166 166267 657645 655476 454881 735260 668702 767856 716091 478260 80825 292208 291044 830603 409236 783320 590706 574875 508834 745189 349479 563523 771220 497432 831594 388677 906830 787692 489292 863757 164653 820144 596944 786198 776280 630762 402987 578957 726169 548265 435216 488660 602604 573904 572249 667877 872619 661457 663832 365314 918028 49860 665146 90848 466105 613282 556103 290663 309170 388953 355198 289984 860315 800627 812608 501527 597471 598208 537262 230012 967287 419098 908834 50350 602646 723712 343951 248481 487062 597561
886252 548094 94269 691859 878179 516021 839230 1205197 890333 1070049 999999999 857058 142624 343047 583393 490408 185288 643066 558682 924307 863834 1098225 548429 451207 788114 756990 767017 348958 435948 953917 1127593 829353 985457 246228 1121956 723995 667046 975044 910662 499172 1057043 702545 523838 806502 490889 764961 189628 534297 711639 721388 1185536 511093 868248 740809 852856 594060 837376 674653 444289 525801 992204 725765 826160 506711 588815 410340 507187 591822 422807 707085 768430 1044676 837625 1071610 942636 652473 604321 1034245 862284 720018 781401 787661 932003 289471 642601 708180 535010 621514 676901 969516 156423 1022500 241153 1081105 517381 423860 903141 869958 1048569 799223
1006352 970837 762928 181716 47729 459190 854848 713785 1177320 571488 857058 999999999 911179 563652 767536 1009511 677231 372414 385570 730510 904041 718325 309414 664363 155568 991645 940939 728905 744885 891590 651809 323772 754708 701098 921606 1013056 192924 981037 79556 364607 844289 162122 879441 812750 916828 657967 779915 902596 725693 1077087 735762 918733 940160 1024811 1076864 264248 745206 792797 412957 456713 878213 184757 919921 442103 293675 611057 964698 265671 479999 490054 1143800 521863 979195 645065 874948 811351 699914 784767 275819 318159 282571 403997 1180606 709304 991379 193840 679046 241150 204616 689322 838181 881770 828887 539397 664017 743367 741529 603610 948908 60932
777890 421285 197016 735605 938303 513955 750157 1169629 761388 1044268 142624 911179 999999999 355875 497225 354524 244582 644620 570848 861233 768780 1051057 603764 394418 820734 641175 659411 281586 355747 867587 1094043 831403 922956 223910 1045502 602865 718257 877249 955565 572333 986428 750670 411897 722184 369800 705753 141539 418393 637872 591969 1144222 390825 768054 619264 732653 647803 766314 586695 504340 522494 910967 760048 725946 512687 625533 377616 378719 652721 442408 679418 634966 1024890 729434 1033868 857964 559994 533174 970926 872755 726384 791373 775519 805595 244219 518947 743515 469338 670218 717093 916356 78814 943229 143702 1061713 456203 344655 836828 824860 961555 856958
692607 478020 263118 384079 595174 173663 596219 871034 778161 731331 343047 563652 355875 999999999 368068 483927 166701 300118 218125 625253 633782 774706 267493 204064 465031 602636 583097 193481 254716 696764 792728 486894 683319 137590 838072 594923 372285 744328 602470 269228 765201 401581 402310 555105 413535 468054 218235 423747 446387 630809 855708 424000 651717 611102 704612 306949 556279 447202 188350 183659 722319 404767 613470 163831 272257 127149 456085 320194 86580 374509 694531 703723 647875 740204 682486 440507 348303 731794 522526 378239 441139 445684 803713 151200 537621 388550 281242 323622 364051 655266 279071 747402 265958 739894 258072 246276 610159 549143 788220 513236
325696 232209 548446 599570 811522 329645 255889 721673 426893 625410 583393 767536 497225 368068 999999999 309768 481278 395704 396991 377623 282071 585867 558982 164222 620726 242143 215226 236386 147537 371670 653888 524260 438227 355175 548694 249695 614446 394257 769975 601957 492609 625467 146059 225169 206245 239997 393798 163962 149191 309579 686148 195015 291807 263399 341698 578759 275556 91261 526142 327569 413752 582857 251087 356311 507285 241207 247763 606719 385911 314948 376379 623002 280090 588045 361324 73737 75503 484076 584663 462646 520685 434916 444334 303177 225469 575193 96299 574776 574660 446401 436109 446069 354672 657650 117912 159679 349677 378836 466172 738315
472147 97178 508874 829478 1048435 550553 500524 1026845 411234 935085 490408 1009511 354524 483927 309768 999999999 495252 656675 624077 671708 500202 886686 743101 346777 878093 324547 365353 291695 265663 614513 961346 814109 728973 377785 806375 273970 831182 593129 1028203 753130 766056 852416 163877 489773 104563 548040 346960 148759 450946 243413 988487 115016 485156 288136 399546 776530 565980 367024 672274 553653 668166 829022 446787 567751 721346 400284 63480 795953 548726 611806 280885 932513 427404 894999 610145 331947 381503 770766 871013 734873 798726 730805 458710 338808 189840 817187 358334 784579 805569 747727 341887 703270 271048 967322 364255 266308 641138 687866 700276 968749
803969 521476 97583 508311 701049 339656 728792 1037670 852565 897890 185288 677231 244582 166701 481278 495252 999999999 462820 376057 781742 761020 939475 367817 324920 603081 693349 687649 253419 340938 836781 959392 647463 841233 131406 989935 673039 485513 873291 727955 328714 919726 520170 467851 690859 456461 622506 151625 484895 586629 691108 1021834 472831 773027 690012 794762 413091 705073 569361 264994 349780 867917 540797 732345 326984 403830 263540 488376 414014 240102 540586 748536 869701 756609 906499 823650 554779 481646 890023 678328 537590 597812 611308 886247 183894 601729 523289 410785 438986 492607 817168 186388 895306 227322 905724 389478 329321 764233 712707 930360 620752
647101 607092 560389 214957 417264 130674 503787 591550 806907 444160 643066 372414 644620 300118 395704 656675 462820 999999999 91430 431894 552078 519421 244194 311586 225759 620489 572239 400750 392121 564410 513290 187446 476648 420897 648256 640680 241711 642865 376024 324951 568703 241642 514658 459625 558019 313364 503094 537432 361995 705033 585127 557124 584831 652559 708512 237072 409924 422216 288350 122222 566614 188441 559588 136358 159880 280186 606055 271036 223444 146158 771637 411065 615570 469806 547726 439359 327513 519687 229515 83051 149303 154316 812916 406464 620471 182924 310157 216643 191099 427343 565844 580329 527838 446200 297564 393381 430901 318750 639149 347618
680628 586792 473541 207398 425577 73627 547771 682781 821240 535589 558682 385570 570848 218125 396991 624077 376057 91430 999999999 503808 594162 607246 178113 278977 260089 634406 593520 348595 359330 621620 604452 271452 552932 347516 722204 646663 217732 692650 407260 248708 643524 231979 496336 503124 531544 369472 430271 519592 397490 703832 675515 534073 623309 660135 728588 186269 467393 441916 201535 71872 630461 206093 593524 60257 110867 228006 579322 217534 136031 217602 770799 502179 644463 559908 605299 452429 339018 597908 304443 161540 223132 245721 833160 341264 614651 193358 302891 178192 182847 508406 492669 647514 463904 537104 284993 357838 498776 398652 702247 347684
351429 579869 868312 625791 778030 482805 206649 363317 568515 314204 924307 730510 861233 625253 377623 671708 781742 431894 503808 999999999 243098 217373 675220 473534 579085 428687 361975 581983 506374 173696 309532 407791 61723 678998 218635 480512 661956 271272 693810 752083 141313 650687 512375 193012 574673 159770 739719 523761 228546 561089 319869 559006 282758 481192 462579 668449 105797 304947 701755 473592 148315 578998 290345 509499 591769 519558 608296 702494 589390 287374 610963 336730 351811 244160 158992 339855 328484 110083 462967 434377 450121 329060 546376 635180 522372 582999 392615 645481 605992 86043 792081 152385 717721 360779 408039 517033 32029 126900 218401 731343
110863 403030 830463 766137 951480 545154 49195 595612 325426 557166 863834 904041 768780 633782 282071 500202 761020 552078 594162 243098 999999999 447390 771647 437381 748475 201775 140627 518392 429120 116698 549488 598281 279055 636832 308839 258774 793598 112346 882366 832573 281888 792723 365366 92477 421733 246095 674615 367042 197658 335945 547098 401800 40374 254903 219694 778802 168286 191886 765438 538978 173694 731176 56417 574527 700752 508228 440918 811128 630812 415538 377306 577507 110021 485605 116334 211362 285501 306250 659451 587237 624059 506611 305289 585119 321592 729891 353665 764605 742805 328580 713439 208670 629725 603132 376451 441294 213341 337908 200380 891649
547961 796105 1032191 665393 762557 610763 418230 148253 767540 166267 1098225 718325 1051057 774706 585867 886686 939475 519421 607246 217373 447390 999999999 755258 656838 587132 642161 575925 769477 702623 349293 114646 411166 168733 852484 246324 695563 707841 440062 661849 840517 196504 685873 725497 409676 787751 349701 921310 738156 437722 775808 102497 772987 484397 695216 665081 735853 322494 519744 807619 600561 297729 609634 499575 632217 667938 687897 823206 768728 720677 401672 822908 212104 557341 76832 340613 554902 527787 146518 445026 485934 470791 373287 738351 814400 739688 619589 584035 706179 651693 139507 977887 274316 909435 214968 595279 712229 249184 228273 337345 737076
855781 723081 454555 149113 334560 231589 725582 809678 985874 657645 548429 309414 603764 267493 558982 743101 367817 244194 178113 675220 771647 755258 999999999 417691 256199 800386 764064 452054 490916 799158 733574 367378 720831 401471 892261 806985 118840 870753 363049 87669 812798 155322 637750 680950 662091 546736 476633 660734 574460 857425 811176 668756 800032 821476 897446 45684 644659 613379 104307 235792 806261 196125 769146 203421 87322 347796 707869 53016 194376 387988 923833 616614 818084 698772 782757 620403 508637 763782 371498 271039 305109 382020 1001476 418426 765516 178362 462733 76499 140981 670840 532670 821911 532112 647731 441979 486007 672579 562776 878400 253452
489591 308999 401553 486007 704531 205401 403960 776116 579115 655476 451207 664363 394418 204064 164222 346777 324920 311586 278977 473534 437381 656838 417691 999999999 531344 400014 379052 113293 81118 512375 701314 480072 534922 207969 672124 396558 491852 549372 681428 449232 605958 509950 220714 366016 252570 314878 266522 243884 263593 440942 749862 255623 451958 412160 501591 444539 386843 246937 370568 207664 545656 482619 412503 225524 381510 78131 300357 468645 231353 296125 506903 640527 444289 640147 499588 237246 157171 583590 533108 391915 457199 406179 601956 161769 348390 471223 86195 447334 461645 523271 321241 574447 254480 677192 66433 81802 451946 430466 606341 626132
851006 832107 696446 109795 203081 331020 699282 604798 1024514 454881 788114 155568 820734 465031 620726 878093 603081 225759 260089 579085 748475 587132 256199 531344 999999999 839626 787508 608487 612460 737489 535469 178405 606829 600816 776373 863195 151510 826097 150582 336701 697881 116665 739827 657227 781450 502399 682825 762712 571313 929459 618587 781479 784645 874405 923124 214568 590032 640680 355034 326389 725991 62458 764734 320157 199300 487440 829528 235658 378452 334873 995819 407433 824373 517868 720793 660687 550827 639710 145711 163532 129004 250562 1026540 599703 845876 80309 535876 180435 115450 543366 744084 731095 722076 431931 522810 612433 588616 452425 797296 153387
147948 231211 743894 831660 1037265 569804 223958 790080 187029 735260 756990 991645 641175 602636 242143 324547 693349 620489 634406 428687 201775 642161 800386 400014 839626 999999999 66787 440029 355130 317283 738133 716580 473651 562080 507187 57814 850125 274662 984793 843974 483643 858051 233293 237981 271877 369380 576459 223326 276000 134525 743519 250697 174319 53368 102252 818552 332289 198953 767625 566949 374948 808816 145712 597185 745254 478144 274054 847328 627351 510766 182831 748271 105965 672335 318063 182289 295887 505306 779041 676731 727047 622707 202406 509457 134876 803218 338299 812585 806911 514272 600728 409604 515843 777687 360044 365997 396860 496006 391117 967820
119239 268633 745737 785656 987136 532483 158026 723716 237750 668702 767017 940939 659411 583097 215226 365353 687649 572239 593520 361975 140627 575925 764064 379052 787508 66787 999999999 435332 346724 257312 671381 658183 407597 557774 449176 120244 806529 228019 930687 812987 421029 812235 247637 171308 296928 306997 581597 243711 218028 199949 677488 275991 120023 119340 136274 779268 265718 151674 738915 528652 314208 759705 84405 560780 704184 456397 308964 809198 599110 455317 249559 682241 70608 605555 256468 145203 255451 440265 720671 624056 671772 564196 240791 504823 181846 755121 307850 771032 761126 447508 612176 349256 527009 711381 330729 358420 330121 430608 337044 919781
552758 286637 312703 547302 765327 277985 491338 889407 603181 767856 348958 728905 281586 193481 236386 291695 253419 400750 348595 581983 518392 769477 452054 113293 608487 440029 435332 999999999 89770 605176 814531 579329 643641 122559 773991 421707 544750 630461 755654 462423 710969 568708 218861 457705 221361 424972 159887 238207 363577 446964 863006 233458 526343 438561 541639 486849 490619 327351 381396 283615 643320 554230 484814 289047 436458 121487 262791 505016 257905 406054 508296 751682 504911 753440 593740 307934 256612 691998 628621 483519 549767 511505 634616 69635 354982 540591 189393 497166 524348 634971 210130 673857 141261 788434 174883 77674 558825 543591 699820 684380
463539 232221 402464 565877 784647 285703 403286 829110 524896 716091 435948 744885 355747 254716 147537 265663 340938 392121 359330 506374 429120 702623 490916 81118 612460 355130 346724 89770 999999999 518301 756434 557029 568052 211365 691072 341858 570258 541043 762540 515106 630761 589480 148898 371101 173015 353668 246324 171234 282175 376309 799161 178016 436595 358355 457280 520238 410571 238779 434765 288369 558350 563568 395046 304519 459913 143247 220372 542780 299474 365285 440611 704809 415900 693166 507399 218304 177892 615723 611438 471757 536623 479625 553097 158518 283069 552002 119588 524921 541664 565387 290595 589712 212051 741131 113850 12174 481354 481244 612926 705788
200743 517494 912900 771618 939314 583956 118144 495787 419416 478260 953917 891590 867587 696764 371670 614513 836781 564410 621620 173696 116698 349293 799158 512375 737489 317283 257312 605176 518301 999999999 458138 572827 187875 718473 192453 374716 803941 97853 860133 868155 169031 797564 473442 147486 532025 252498 764356 477388 250924 450607 444879 512739 144602 369974 319876 799712 154746 281072 807726 576287 57955 729870 172979 612899 721323 576066 554183 833232 680476 419356 488095 505967 218599 398185 16799 308122 355248 203284 630599 583568 609079 487604 389059 668618 438113 731463 426216 781015 749901 249708 807777 92321 725926 526936 447304 530303 153490 293960 94652 887058
653785 874608 1054953 625945 693318 621637 515900 78541 873144 80825 1127593 651809 1094043 792728 653888 961346 959392 513290 604452 309532 549488 114646 733574 701314 535469 738133 671381 814531 756434 458138 999999999 370483 271917 885136 359497 789325 669928 551298 588121 820877 310852 643363 797947 501279 859497 413916 959001 812755 510744 869991 83970 846475 587904 790470 768902 708098 409009 597930 798590 611358 409012 568176 599146 639084 647457 720840 898154 739265 729123 420525 920495 129992 659312 66813 448121 632978 588808 258199 389769 463340 433320 359286 846377 852076 826483 580671 636877 675981 615954 223891 1018244 387453 955780 117068 644572 764915 341282 276422 451620 678364
705662 752043 744976 256382 370990 317844 549566 444616 895366 292208 829353 323772 831403 486894 524260 814109 647463 187446 271452 407791 598281 411166 367378 480072 178405 716580 658183 579329 557029 572827 370483 999999999 431010 607948 599030 748677 299978 665305 287320 455042 521084 275451 660380 510567 711294 355899 689871 681750 440751 821659 451264 706702 636634 757582 790129 338778 432960 521758 443592 309031 555960 199357 622446 323120 284010 461577 758331 369258 407365 210152 885800 249496 685010 344771 556426 547853 449199 462205 62493 110160 62997 93987 890581 591315 746523 210760 456184 306025 245503 366202 752592 558352 711335 280376 450086 560506 420682 281107 625987 331379
381900 636011 928576 661847 801765 536588 249695 316950 601355 291044 985457 754708 922956 683319 438227 728973 841233 476648 552932 61723 279055 168733 720831 534922 606829 473651 407597 643641 568052 187875 271917 431010 999999999 739928 172663 527495 699832 283878 712477 799889 92783 685932 571048 243868 633263 220540 801221 581674 289430 607543 269894 617121 316684 526793 497675 711271 163896 363207 752749 527115 144979 612372 330852 562508 635890 579721 665698 745302 644446 335340 654179 321414 389073 210504 176776 397782 390160 48884 481900 470619 478906 360561 574640 696483 574455 617868 454291 686620 643293 68877 853751 134337 779440 340266 469566 578733 88726 159695 204337 760100
674897 394163 194452 521665 732051 290227 607214 962197 721742 830603 246228 701098 223910 137590 355175 377785 131406 420897 347516 678998 636832 852484 401471 207969 600816 562080 557774 122559 211365 718473 885136 607948 739928 999999999 880048 541752 509327 749154 739799 390029 813241 539078 336819 571306 328592 519391 82763 354340 471277 561608 940937 343966 646651 558711 663400 442604 594679 445000 312386 298919 753263 541252 605452 288920 409765 164861 363559 453407 223220 465608 620346 808192 627194 827750 706169 427974 364274 788770 648845 502496 567468 555070 754948 52956 471381 525322 293629 460676 501523 723289 145329 782333 131149 844920 274380 199493 658615 624228 812822 650113
377367 709499 1072713 834216 968177 700866 306640 369206 585237 409236 1121956 921606 1045502 838072 548694 806375 989935 648256 722204 218635 308839 246324 892261 672124 776373 507187 449176 773991 691072 192453 359497 599030 172663 880048 999999999 564943 872425 246746 875223 970179 79886 858125 661811 325764 721592 370161 933821 667201 410445 638723 315082 702793 332895 559049 495653 883587 285472 461447 920385 691776 138527 784168 364776 727834 807831 726403 745544 917632 806498 505186 671027 450868 404688 318464 196262 491854 517673 136862 646615 643148 649407 532427 545702 832999 630428 790037 587138 859194 815847 233008 981561 103918 902296 459165 605693 702669 228530 332356 122861 929759
202806 184780 717207 848229 1057875 579040 278166 843109 183241 783320 723995 1013056 602865 594923 249695 273970 673039 640680 646663 480512 258774 695563 806985 396558 863195 57814 120244 421707 341858 374716 789325 748677 527495 541752 564943 999999999 864002 331749 1010398 845144 540412 874307 205697 288052 233675 409323 548396 191143 311589 80682 797334 213081 232110 17041 129803 828055 381296 226920 767037 577180 432259 828967 202458 605257 756974 473935 228285 855521 627329 540155 138210 794201 163164 723140 375106 202837 313179 560509 810887 701669 754957 655358 213210 490021 85497 822240 344998 824465 823344 565507 567628 467019 483727 824561 365099 351720 448529 540744 448883 986192
887007 800850 573276 44381 222925 288656 745425 742734 1037143 590706 667046 192924 718257 372285 614446 831182 485513 241711 217732 661956 793598 707841 118840 491852 151510 850125 806529 544750 570258 803941 669928 299978 699832 509327 872425 864002 999999999 884223 244240 189037 792592 37829 711646 701185 743272 554444 587437 734909 601638 921546 751190 747373 825861 877270 942407 73168 650105 654998 223140 288782 802477 102509 799443 266361 110371 430912 790471 85745 290491 384640 988507 545661 853745 644063 787181 667846 554239 738522 286858 229359 237964 341947 1047081 520070 832128 89270 520622 48664 56809 642528 645371 813352 638142 573286 502589 567262 664985 540289 875068 141023
133160 496601 942699 853968 1028750 648196 148868 584066 339419 574875 975044 981037 877249 744328 394257 593129 873291 642865 692650 271272 112346 440062 870753 549372 826097 274662 228019 630461 541043 97853 551298 665305 283878 749154 246746 331749 884223 999999999 952468 935230 249452 880260 469496 192243 522817 329830 786084 468641 302333 399731 531777 502214 110074 323110 249387 874843 236398 304231 870469 641405 142391 814896 151688 677529 796397 619412 536932 907827 737953 500579 426549 603486 168701 493119 112324 322898 396178 293641 724134 668959 698595 577822 302894 697384 406763 815337 465160 858360 831486 347211 823728 168115 739561 623873 487767 553217 249532 389075 124127 973735
987817 982676 817121 220253 108557 479526 833316 646589 1168316 508834 910662 79556 955565 602470 769975 1028203 727955 376024 407260 693810 882366 661849 363049 681428 150582 984793 930687 755654 762540 860133 588121 287320 712477 739799 875223 1010398 244240 952468 999999999 427688 799655 208134 890374 792788 931943 637218 820582 913240 713104 1077981 671733 932054 919875 1021155 1065423 317400 719019 786164 467305 475441 842125 201464 902813 466611 330380 635264 980019 325300 516627 475486 1144096 458974 963930 586892 843743 807594 699113 739002 231025 308731 259603 376030 1167934 742844 995348 215794 686174 289166 238599 645322 880558 842817 864414 473401 673328 762270 707758 567682 911294 135182
910816 744300 405081 227114 380897 287433 788036 897145 1026779 745189 499172 364607 572333 269228 601957 753130 328714 324951 248708 752083 832573 840517 87669 449232 336701 843974 812987 462423 515106 868155 820877 455042 799889 390029 970179 845144 189037 935230 427688 999999999 891161 226834 663974 743668 680776 616950 456757 686317 634962 889408 898088 689930 858612 860417 943454 122560 714667 664826 81062 293881 878793 279111 825490 258055 173593 373593 724387 103584 217907 465000 954758 704277 870778 785231 852026 667918 559526 843891 458012 357882 392724 467693 1046279 417317 796392 261853 506261 157190 223632 752230 507128 896198 520486 735387 484079 508390 747478 643288 950347 304639
368838 670328 1004508 754496 891086 624078 267566 335828 585728 349479 1057043 844289 986428 765201 492609 766056 919726 568703 643524 141313 281888 196504 812798 605958 697881 483643 421029 710969 630761 169031 310852 521084 92783 813241 79886 540412 792592 249452 799655 891161 999999999 778488 614855 277084 676066 297507 870261 622524 348587 617805 282903 658295 313171 536790 488332 803800 220431 409331 842401 614833 111620 704707 338001 650664 728174 656589 703830 837842 730670 426198 656941 387279 387373 260529 165838 441871 454504 61671 570042 563346 570477 452907 551882 767586 598326 710409 522329 779325 736034 154967 920120 81374 842776 399830 539677 642032 155498 252472 140842 851252
888727 818479 608988 26686 196627 304909 744118 714995 1045003 563523 702545 162122 750670 401581 625467 852416 520170 241642 231979 650687 792723 685873 155322 509950 116665 858051 812235 568708 589480 797564 643363 275451 685932 539078 858125 874307 37829 880260 208134 226834 778488 999999999 728273 700254 762300 550649 618228 751534 603626 934075 725392 765488 826084 887118 948432 109907 644804 661240 259375 303841 793418 76240 801224 285010 132323 452498 809842 123425 317936 379681 1001045 517531 857034 620217 780768 675898 562546 723112 256711 216312 215131 325817 1053024 547378 845793 68092 533192 81186 51150 626704 676947 802758 666771 544026 516210 587149 655473 527062 865852 116358
366000 92550 512150 703690 921055 423495 355862 864215 384980 771220 523838 879441 411897 402310 146059 163877 467851 514658 496336 512375 365366 725497 637750 220714 739827 233293 247637 218861 148898 473442 797947 660380 571048 336819 661811 205697 711646 469496 890374 663974 614855 728273 999999999 338018 62315 384337 343846 23268 288303 228988 826847 48960 359476 222730 331227 665247 407222 207880 583663 424465 523453 695609 317884 445401 601467 291269 101740 689069 447850 454113 292222 769048 317539 731733 466674 173718 219044 614511 719117 588715 650366 574019 418752 285753 136312 685606 205985 667706 679041 586161 367731 557900 282695 803708 217097 156255 482545 524032 564234 843978
195198 394911 765757 673664 860097 456375 44650 556290 394505 497432 806502 812750 722184 555105 225169 489773 690859 459625 503124 193012 92477 409676 680950 366016 657227 237981 171308 457705 371101 147486 501279 510567 243868 571306 325764 288052 701185 192243 792788 743668 277084 700254 338018 999999999 399022 155573 616978 345444 110209 368725 512018 381215 127426 289597 287086 687160 94518 135944 678281 449789 189035 638971 113197 485738 608980 432050 427181 719667 545882 323525 420813 511842 177213 435100 136309 166206 209372 282390 572316 495443 533802 417896 382750 521234 330610 637531 280086 672509 650328 277509 661055 222192 579836 540438 301738 383061 160984 262504 242118 799549
412640 65758 489602 738514 957099 457969 415103 926166 401998 831594 490889 916828 369800 413535 206245 104563 456461 558019 531544 574673 421733 787751 662091 252570 781450 271877 296928 221361 173015 532025 859497 711294 633263 328592 721592 233675 743272 522817 931943 680776 676066 762300 62315 399022 999999999 445670 320613 54718 350396 235892 889037 21222 412842 250323 363253 692599 469470 270060 599782 460126 583094 734479 372015 477439 632927 314616 48079 714352 468860 507758 292089 828343 364960 793394 525889 235704 277095 676558 768855 634712 697799 627042 441570 281382 151838 723463 255116 697857 714193 648386 334766 617755 251971 863280 262530 176499 544797 585000 621621 878560
350655 463776 708575 524287 705432 336137 196900 482061 541821 388677 764961 657967 705753 468054 239997 548040 622506 313364 369472 159770 246095 349701 546736 314878 502399 369380 306997 424972 353668 252498 413916 355899 220540 519391 370161 409323 554444 329830 637218 616950 297507 550649 384337 155573 445670 999999999 581386 399850 101487 487577 448153 433043 282811 415414 435535 547464 97937 191788 559328 327784 262796 486627 266579 364417 469021 359899 485103 580891 438375 171121 547363 391458 329178 348058 236041 225349 178116 269380 417982 341702 378283 262713 534922 476177 427382 486285 236483 529530 501688 211736 634993 283384 562850 424410 250200 363638 142155 140287 333645 646578
700604 383287 169143 601638 809540 372438 649610 1035400 722304 906830 189628 779915 141539 218235 393798 346960 151625 503094 430271 739719 674615 921310 476633 266522 682825 576459 581597 159887 246324 764356 959001 689871 801221 82763 933821 548396 587437 786084 820582 456757 870261 618228 343846 616978 320613 581386 999999999 357263 523380 556337 1012119 339111 679938 565416 675069 519096 650066 485059 382518 380956 803125 622893 637957 371655 490235 238957 346668 527594 304609 541527 609984 886004 652108 900184 753170 463282 416268 849802 731392 584943 650055 634904 760146 107118 471066 606759 347999 538910 582049 789251 62750 833739 76335 922800 331684 234232 717380 693620 859006 727702
360629 70364 526145 726940 944262 446762 360626 878086 367733 787692 534297 902596 418393 423747 163962 148759 484895 537432 519592 523761 367042 738156 660734 243884 762712 223326 243711 238207 171234 477388 812755 681750 581674 354340 667201 191143 734909 468641 913240 686317 622524 751534 23268 345444 54718 399850 357263 999999999 302213 208773 839854 35771 358602 208156 318787 688395 418197 218822 605894 447720 528683 718706 317594 468656 624724 313973 85408 712120 470501 474800 271010 786537 312560 746351 471372 183951 238188 624328 740753 611114 672502 594817 403279 303983 117118 708758 228291 690945 702285 599084 377896 563409 293373 820948 239914 178156 493482 539930 566903 867227
285377 364179 665142 576940 772358 347531 153716 575991 455755 489292 711639 725693 637872 446387 149191 450946 586629 361995 397490 228546 197658 437722 574460 263593 571313 276000 218028 363577 282175 250924 510744 440751 289430 471277 410445 311589 601638 302333 713104 634962 348587 603626 288303 110209 350396 101487 523380 302213 999999999 388467 538708 336370 225835 318958 352332 582976 128558 90305 568549 341320 282063 546745 197811 376907 505373 325164 387615 614888 435679 237620 449782 492930 254052 444235 237264 124049 107348 335874 503237 407805 453910 346813 455289 423127 325986 543520 177648 570289 552945 298233 571859 311187 494202 525750 197605 293460 201185 240862 343844 707522
267157 173834 725128 908388 1121095 633845 357946 923486 169423 863757 721388 1077087 591969 630809 309579 243413 691108 705033 703832 561089 335945 775808 857425 440942 929459 134525 199949 446964 376309 450607 869991 821659 607543 561608 638723 80682 921546 399731 1077981 889408 617805 934075 228988 368725 235892 487577 556337 208773 388467 999999999 877432 218424 306440 81164 167058 881406 461946 301254 809784 632976 508465 892430 280124 658658 812923 515830 214235 907386 671901 612047 66978 874130 234089 803818 452051 273806 378869 639770 883558 769589 824962 728950 215329 512119 93248 884731 401035 880226 883478 646158 566791 542851 486160 904734 419084 384535 529120 620478 520283 1047563
645103 898302 1116168 707407 777168 687268 519575 54128 864264 164653 1185536 735762 1144222 855708 686148 988487 1021834 585127 675515 319869 547098 102497 811176 749862 618587 743519 677488 863006 799161 444879 83970 451264 269894 940937 315082 797334 751190 531777 671733 898088 282903 725392 826847 512018 889037 448153 1012119 839854 538708 877432 999999999 874546 583260 796682 763243 787224 424931 621707 872463 676978 390737 649870 600135 706488 724495 776079 925012 818864 796179 481257 923613 213962 656766 116005 437531 656892 626114 242027 472970 540215 513771 432647 832988 905006 842156 661930 679936 755619 696668 240770 1069900 363836 1003703 199146 689951 808410 351663 319414 421294 762196
391483 54448 508229 741373 959570 460683 396180 912361 383193 820144 511093 918733 390825 424000 195015 115016 472831 557124 534073 559006 401800 772987 668756 255623 781479 250697 275991 233458 178016 512739 846475 706702 617121 343966 702793 213081 747373 502214 932054 689930 658295 765488 48960 381215 21222 433043 339111 35771 336370 218424 874546 999999999 392299 229808 342509 698235 453533 254075 609069 462377 564268 735678 351633 481117 637007 320960 52888 720733 476399 501492 276441 817993 343853 780187 506880 219341 267711 659933 764927 632633 695044 621203 421936 295642 132224 725081 250958 702480 716906 633791 354835 599030 271561 852666 260145 182820 528843 572851 601876 881587
70584 388242 839044 799443 987490 571605 87211 632456 285899 596944 868248 940160 768054 651717 291807 485156 773027 584831 623309 282758 40374 484397 800032 451958 784645 174319 120023 526343 436595 144602 587904 636634 316684 646651 332895 232110 825861 110074 919875 858612 313171 826084 359476 127426 412842 282811 679938 358602 225835 306440 583260 392299 999999999 226260 181026 808776 208198 205070 789761 565888 202557 765819 42184 600908 731069 525146 427926 840723 653448 450709 343799 617701 74264 524464 147744 218678 304935 341598 698034 622722 661094 544505 264937 594316 301358 764025 370502 795650 775861 367940 715850 236589 631335 643121 393646 448730 253327 378130 217703 926519
192517 200364 734238 860968 1069821 592997 277110 843047 167139 786198 740809 1024811 619264 611102 263399 288136 690012 652559 660135 481192 254903 695216 821476 412160 874405 53368 119340 438561 358355 369974 790470 757582 526793 558711 559049 17041 877270 323110 1021155 860417 536790 887118 222730 289597 250323 415414 565416 208156 318958 81164 796682 229808 226260 999999999 113613 842087 383508 236147 782510 590966 427752 840946 198985 619423 770597 489692 243878 869777 642678 549696 132449 798104 155292 724506 371105 213718 325249 558663 819891 712478 765033 664052 196237 506941 101064 834461 359104 838085 836102 566578 584461 462276 500628 828030 379501 368299 449293 545075 441778 998602
119582 313851 843266 921866 1123163 666115 258545 812965 107463 776280 852856 1076864 732653 704612 341698 399546 794762 708512 728588 462579 219694 665081 897446 501591 923124 102252 136274 541639 457280 319876 768902 790129 497675 663400 495653 129803 942407 249387 1065423 943454 488332 948432 331227 287086 363253 435535 675069 318787 352332 167058 763243 342509 181026 113613 999999999 913906 379095 287417 867833 662700 376717 895912 175177 694025 839384 579710 357348 943402 727585 589948 179190 795007 111384 705263 325899 277052 389716 521246 852516 759607 806114 696268 104675 610924 214628 891387 437202 906407 897313 548230 696434 408549 612125 821642 459429 468076 432346 549186 373434 1056041
866765 752314 500216 105652 290722 249117 731782 783146 1004953 630762 594060 264248 647803 306949 578759 776530 413091 237072 186269 668449 778802 735853 45684 444539 214568 818552 779268 486849 520238 799712 708098 338778 711271 442604 883587 828055 73168 874843 317400 122560 803800 109907 665247 687160 692599 547464 519096 688395 582976 881406 787224 698235 808776 842087 913906 999999999 644970 627798 149991 251609 803530 156568 779566 222963 78482 378072 739032 34056 229291 383159 948128 588148 830729 676503 783128 637175 524196 752734 337070 249939 275836 363299 1018349 456935 790338 139408 483056 34676 101119 658340 575954 817387 572639 618091 463308 516108 667969 552000 876014 209171
