NAME : synthetic_000194
TYPE : CTSP-D
DIMENSION : 100
GROUPS : 8
RELAXATION_LEVEL : 1
EDGE_WEIGHT_TYPE : EXPLICIT
EDGE_WEIGHT_FORMAT : FULL_MATRIX
EDGE_WEIGHT_SECTION
999999999 291066 268060 238137 429831 438689 272154 594247 593437 448392 208523 134751 374205 322258 396664 500629 212851 344906 645581 322855 453984 492710 891770 280605 378746 82052 393536 150206 267013 358902 640444 451060 696359 419093 671417 712714 150819 258155 364855 364098 335301 612198 277446 907150 759945 172240 246977 759503 699809 250695 832908 526498 204619 675897 658594 252474 694910 732308 248191 690613 213492 99724 276801 225156 297742 556636 668414 403383 505064 323786 663457 407539 258414 695592 469844 349674 261980 491868 352393 767967 497412 771468 403617 383694 3050 628786 233182 415826 319313 167289 544171 228304 509818 622584 227640 209440 650495 473483 301460 510223
291066 999999999 58484 294231 395482 564543 49823 816526 347273 179348 498816 156388 404555 516045 556371 637489 500361 357469 883627 413622 321151 714592 1000514 561523 109315 209977 607961 212643 80142 618679 785603 622619 776130 708106 489144 688550 439263 546410 399986 435876 446822 537719 279817 969284 939257 460402 509639 829460 831450 480353 874086 274357 468912 450693 668088 177140 969465 772849 539248 817858 352428 320024 45071 169529 242660 832513 946568 300887 781845 398677 556640 254523 430294 640609 613746 100605 253389 659762 337365 835297 386908 776057 615174 491887 288214 801093 95654 656659 533311 456904 725191 150281 428549 638105 198685 491714 536258 532353 552915 727230
268060 58484 999999999 237729 440224 588487 95935 823183 403297 233614 471116 139510 439964 464588 573730 660739 480775 393720 886263 356263 375691 720503 1032284 526524 165766 186240 614443 221781 124041 612582 809139 638835 810966 687034 547592 736744 410295 526209 434450 465658 390008 589819 312819 1008266 957042 430887 469528 866301 857951 434421 915462 330304 459477 508132 711936 118706 958734 813522 514133 845041 365831 280456 14403 198916 282819 820834 933879 351535 769579 426427 611770 309479 441506 691732 635276 159087 285910 677297 377048 872586 440506 821532 622451 517205 265053 819329 42989 656834 538576 428765 740805 93396 479852 680799 141495 475429 591802 566936 548749 734509
238137 294231 237729 999999999 610388 672259 315597 823918 640991 471243 359121 225597 577989 239670 633897 736686 403935 539226 867664 120758 584677 724305 1127146 373326 403201 208452 628805 324741 333612 576513 878123 689171 925103 581914 776629 908303 303475 440175 569782 581693 152640 782006 458921 1134024 996913 317270 298010 986774 936752 237448 1053529 567998 429454 744827 866041 125674 882675 951381 407826 927092 439981 161044 252124 360681 453952 746933 850776 547629 696077 539794 817503 522684 494517 877163 706356 392584 435263 729979 535428 994713 643437 979337 639231 612233 236030 866702 198796 642333 555980 322106 781916 144337 672193 831328 96525 413826 799973 691989 527438 742864
429831 395482 440224 610388 999999999 270147 347063 590660 377926 367692 571608 384836 92533 751929 310187 332338 521015 90498 675764 723557 143187 508884 629091 666438 356491 409933 421801 291134 317182 514871 461027 366698 399044 686842 319375 299691 539358 556551 100231 149025 745633 182996 154496 578386 635150 556675 661225 444783 488207 679029 479999 357422 437385 389065 272621 536098 841089 380113 583595 472033 250480 525037 432377 252856 159916 726460 833877 112313 687213 155412 242481 180950 284324 268312 324248 327851 175754 387523 77606 449311 119203 381309 421704 211429 429511 505342 451802 501209 379008 545849 454625 500062 93735 243341 539123 494464 234819 174271 455339 510289
438689 564543 588487 672259 270147 999999999 516122 322042 644629 603174 476121 476476 191061 728794 69633 73100 405381 231488 408431 761112 409723 249126 455310 568764 569870 469049 186950 372332 487475 312359 221088 100713 261675 503100 580303 371788 473279 421887 189313 138336 771041 378821 290148 472942 381112 482128 596441 326331 270501 642834 411095 615297 318283 658646 289683 645763 590408 318686 464941 258658 234360 534836 586613 395022 340066 491585 589353 365824 461606 167970 456360 430338 181489 400950 55045 534824 314525 117378 263870 335561 387571 385793 181761 73400 440222 244570 580562 268119 187931 469803 184973 611175 347925 256606 634215 375780 459963 121473 276245 246498
272154 49823 95935 315597 347063 516122 999999999 773778 336542 178172 480523 139987 354734 525055 509866 589151 475263 307646 842686 436314 280426 672388 950762 549612 107117 195078 565774 173136 30381 583348 737082 576373 726309 682893 461157 641843 422762 521423 350189 386489 467537 493886 230221 919752 892145 444150 503596 779709 782329 481603 824942 265108 436682 433679 619527 208233 936049 723548 518349 768632 308354 316138 86150 121385 192993 800031 914495 255696 749903 349686 516629 214662 386674 595905 565871 82662 203912 613010 287737 785578 344777 728094 572591 443250 269518 753955 120669 617530 491998 439443 678990 176492 383965 589207 223867 464160 496981 482535 516726 684366
594247 816526 823183 823918 590660 322042 773778 999999999 959068 895640 504603 688713 505522 783177 285029 274032 436672 538542 87711 876317 726562 102851 460468 564744 850049 658271 208839 604341 749563 256481 242763 224039 418624 381632 902102 642322 539483 417858 501517 448092 872337 691963 575331 570979 214285 535027 627864 467547 295896 698013 569553 922724 394465 979721 554824 843224 301309 519411 465896 303414 465726 663840 825820 656749 630232 258436 314773 678467 262080 463237 769824 738295 387278 692812 270942 813695 593920 206757 572243 477529 709038 613139 201352 381077 596943 165468 801943 182437 284626 525265 148934 814561 669907 531912 821080 418043 776073 437728 296615 89432
593437 347273 403297 640991 377926 644629 336542 959068 999999999 170777 794992 471588 454661 860883 674099 709686 773232 420753 1041214 759246 235285 869390 979515 873916 237972 524950 771424 456475 331061 834518 837737 736248 752922 973125 202231 559253 742224 817782 457958 511298 793289 390213 400065 895742 1012701 763467 835353 785159 860249 817680 788395 72994 712353 112691 585254 519807 1183247 703694 825889 843537 533468 650967 388918 375882 346991 1056354 1169473 280603 1010658 497349 357574 224222 601287 484853 699506 254002 391061 761347 387047 786903 273222 663124 774093 578887 591260 883187 442905 843044 711991 756704 829549 496661 327322 570804 544773 755117 333979 551091 767708 874252
448392 179348 233614 471243 367692 603174 178172 895640 170777 999999999 655785 318041 416445 695339 615549 674521 644755 372358 971703 588853 241681 798432 996723 727341 71761 373039 694104 329039 181810 733826 815997 681774 766600 850763 339830 621759 599206 690642 416033 464903 623204 454676 320594 937821 983808 620628 681642 810293 850540 657349 834571 98295 596284 279602 624158 349199 1087832 739380 691584 835005 438476 493534 219211 253613 266282 954855 1069458 255407 906262 438483 449890 187167 514544 558787 657358 98978 301904 713444 341539 814146 305663 720265 699001 530955 445876 847741 274308 756469 625833 615350 782068 326971 359340 600976 374813 630745 426837 535734 666151 807128
208523 498816 471116 359121 571608 476121 480523 504603 794992 655785 999999999 342951 493829 279680 413042 516086 74219 481111 530778 381238 631031 416741 890673 96275 586795 288841 347870 339404 473996 248414 628509 442415 733276 224846 851909 817274 61321 88224 484016 460916 371991 751532 437020 941409 703836 42709 127476 798198 693916 193514 886903 730403 157857 870302 747632 428255 523620 794339 48705 689468 321581 208006 481197 419833 473424 388586 491713 576187 338282 430255 814019 594873 313261 818544 484617 556841 430767 479023 500017 807927 662508 854160 359191 448979 211243 591842 432653 326270 297698 42381 508986 414079 661898 711506 396380 102085 805166 554951 226359 437933
134751 156388 139510 225597 384836 476476 139987 688713 471588 318041 342951 999999999 357197 399855 451971 546373 344716 316107 749268 340885 367867 585863 929420 409690 247095 55129 480738 106347 140531 473213 693544 514734 716751 552218 573592 683238 284062 390631 349613 368446 365943 557327 234514 921936 832592 305360 364552 776099 746748 347611 836555 401851 319967 562252 643688 169411 819499 733982 382887 735133 244000 179805 145997 136508 228853 681731 795057 326057 630583 326737 596017 310663 314454 651649 518586 220767 210132 554456 310336 783400 422656 756621 489322 409305 131928 696201 113258 519157 404470 301295 615048 134739 448100 609629 161425 337505 579585 476955 409813 600803
374205 404555 439964 577989 92533 191061 354734 505522 454661 416445 493829 357197 999999999 694693 221779 259764 438490 47302 589232 684620 221045 420043 596618 589755 390244 370587 330174 253391 324487 422675 399562 281903 371660 596827 411594 338521 467213 471578 9849 58067 703003 259058 127494 569163 568493 483016 591791 426342 436218 617128 480085 424273 352322 476653 288268 520764 749465 377487 501670 421281 173860 473040 434837 241422 163753 633986 741719 174883 594690 65699 326769 239495 194951 326888 246104 357032 154352 306911 74932 432698 210219 401672 330512 124489 374449 434064 442715 409015 286547 471615 375392 484494 184996 253346 517871 410870 321967 127818 364006 422746
322258 516045 464588 239670 751929 728794 525055 783177 860883 695339 279680 399855 694693 999999999 672867 778901 351719 667033 803655 166620 763896 696418 1162860 228602 624471 355059 623800 465778 535087 527710 901560 711708 990395 454711 973375 1032878 259259 365328 685153 678775 135878 933921 598713 1201374 983469 256000 155839 1055121 966031 87792 1136908 788590 421368 958212 974733 363027 758651 1039179 317545 960225 526597 228619 478714 529363 613311 635420 721552 717352 590056 640420 982826 709677 550387 1017776 747016 607107 581435 750265 674399 1064347 813352 1086434 635147 686528 322476 869468 422239 605931 565942 267619 785615 374148 829971 938402 330594 376058 968717 785036 503677 717591
396664 556371 573730 633897 310187 69633 509866 285029 674099 615549 413042 451971 221779 672867 999999999 106356 340926 253515 367644 715914 442386 198706 496443 504053 575051 437052 120848 352633 482900 243042 244515 66868 320347 433589 627592 440861 414873 354834 217154 163848 723285 438204 295421 529697 383418 422096 535798 385306 303159 585963 474538 638214 255983 698153 359259 619276 534403 385125 399057 294279 208730 489062 573545 388933 349270 428964 530521 393522 396433 178834 514836 453467 140103 467325 74570 539062 316568 103604 287215 394970 429386 454886 117372 98810 398534 245600 560918 203024 119619 409824 169296 586044 395505 325959 604485 311603 516532 184395 207187 200980
500629 637489 660739 736686 332338 73100 589151 274032 709686 674521 516086 546373 259764 778901 106356 999999999 442964 302225 361740 821247 474404 220010 391209 605087 642474 536243 190668 443250 560552 322657 148409 83799 218691 512364 632752 380915 520491 452836 259048 209833 829200 417967 363119 425328 309288 527073 640252 283182 200928 691837 376799 683408 360329 717357 294118 715302 559720 294674 498896 190496 302820 594385 659101 467989 412563 474390 563386 433253 451174 240966 495809 499114 242328 423110 31886 607562 387600 71382 333865 293147 446613 374799 181979 146425 502374 174385 651892 263266 218779 514851 127159 681100 402662 266169 702594 414107 502354 166452 300872 211450
212851 500361 480775 403935 521015 405381 475263 436672 773232 644755 74219 344716 438490 351719 340926 442964 999999999 431010 468928 441409 593525 345713 816457 163384 578615 294541 273783 318136 464202 180475 554295 368452 660716 207835 813681 753781 104052 46164 428825 400783 435856 697516 396743 868171 632220 98398 201480 725571 619698 264547 815365 712163 89503 841142 681649 455726 486040 724036 63344 615279 271249 244484 489165 398106 438843 348100 457690 537595 296507 373456 763082 563781 250253 759297 411654 546239 394570 404863 453139 735370 618954 786445 285115 382787 215879 518295 445878 256005 224261 88680 435112 436355 613264 645793 426362 29717 755790 489665 152481 366637
344906 357469 393720 539226 90498 231488 307646 538542 420753 372358 481111 316107 47302 667033 253515 302225 431010 999999999 620474 648414 192031 449017 643914 575992 343847 333581 353769 214827 277364 434930 444434 316840 418663 601126 396699 370987 449388 467259 44371 93338 668299 272091 82729 614719 611497 466486 571939 472730 482595 592131 523973 385674 348372 451707 327584 477200 771274 421508 493415 467830 160098 442146 388294 195765 116474 651331 761313 140477 609742 77787 332960 200495 199914 350750 286185 310294 109155 344842 33712 478908 194885 440553 355448 160852 344836 475884 397732 429549 302068 455579 413657 440882 182320 293706 475685 404777 324859 175038 372743 453515
645581 883627 886263 867664 675764 408431 842686 87711 1041214 971703 530778 749268 589232 803655 367644 361740 468928 620474 999999999 910010 810023 173384 513160 578409 923371 714685 278220 670998 819757 291209 320481 309243 498103 373226 988729 728133 572977 442555 584786 531434 902615 779654 652662 636328 249196 565483 647928 543219 367055 721446 644263 1002738 441537 1064733 640793 897417 225965 600385 487626 376791 536829 706627 889893 728212 707831 217927 246213 760833 238374 544128 857521 819151 458795 779881 358121 887004 669873 294092 654173 552916 794506 695304 272780 465142 648423 241488 862321 230610 350690 556960 236353 870621 756334 618629 873200 454792 863691 525093 344123 166962
322855 413622 356263 120758 723557 761112 436314 876317 759246 588853 381238 340885 684620 166620 715914 821247 441409 648414 910010 999999999 704263 781051 1212300 364021 522029 314850 693605 433891 454283 621435 957182 765836 1019191 588889 897383 1019166 337496 468860 675950 682650 37655 898158 570209 1229861 1062435 344613 283809 1082216 1018438 208432 1153947 686290 487571 864275 972702 239860 895132 1052616 427664 1010113 535010 226872 370577 477254 569650 764689 860137 665817 715981 641252 935931 642866 580049 991455 789996 512716 547811 806322 647377 1090609 762033 1086110 704592 706327 321525 937699 318687 694091 625372 353069 852417 263341 788971 937359 214941 458311 918824 792952 582119 800977
453984 321151 375691 584677 143187 409723 280426 726562 235285 241681 631031 367867 221045 763896 442386 474404 593525 192031 810023 704263 999999999 639819 762304 720523 250355 408873 545786 303778 255607 622760 604130 502899 532543 779418 220885 382265 587802 634473 225237 278611 731861 220118 197027 696777 778328 607582 699692 572362 629865 701967 593014 216003 519592 260176 382723 487553 963031 498729 652620 613469 329582 536478 364467 234537 158242 841538 952404 56354 798695 269817 236205 66756 386211 324677 464489 231270 200282 526737 159238 575635 67250 479124 547344 345526 452723 648012 399553 621282 492652 598402 594696 454102 117968 360624 499474 570633 216836 317280 558392 643310
492710 714592 720503 724305 508884 249126 672388 102851 869390 798432 416741 585863 420043 696418 198706 220010 345713 449017 173384 781051 639819 999999999 499544 485580 750826 555666 106646 502174 648663 170388 248884 148754 407354 329967 825650 600811 446282 332949 414963 361983 778930 627646 479284 586996 287222 443793 542780 464868 312711 609852 566351 829755 295476 896662 513766 740810 342023 500182 382153 314734 364999 565045 723267 556382 534460 256354 343689 589494 239415 372042 705323 646637 286640 641898 206225 714450 496559 148846 482636 475224 628076 587878 100061 297465 495362 188625 699096 90827 181935 433347 123385 711918 593208 486176 719049 324447 709086 370138 198974 21638
891770 1000514 1032284 1127146 629091 455310 950762 460468 979515 996723 890673 929420 596618 1162860 496443 391209 816457 643914 513160 1212300 762304 499544 999999999 972052 982163 924275 543398 823802 920670 661914 262179 451275 230170 828689 835550 450981 903628 816424 600694 566660 1219582 599295 720925 157919 268459 907654 1017715 195721 196918 1075155 235300 976738 741492 946552 398341 1098785 735112 283427 865284 202984 689461 985429 1028491 833823 760254 718528 758864 741323 721118 606510 658222 809681 633373 530631 422316 950796 747609 412644 667688 195680 709290 357760 532174 520118 893485 310969 1029276 584345 596924 895745 385633 1063607 653714 408915 1088673 789502 676855 469032 665086 478709
280605 561523 526524 373326 666438 568764 549612 564744 873916 727341 96275 409690 589755 228602 504053 605087 163384 575992 578409 364021 720523 485580 972052 999999999 656726 354563 429073 422858 546901 315310 710259 528573 823337 227372 941081 913370 133282 155629 579930 557188 345789 847012 528775 1029758 771692 112990 80224 888095 776156 156331 978580 807081 251636 954036 843160 464589 533209 887411 107016 772834 416996 247577 538077 502092 562344 407245 497246 666448 361468 526401 908643 681072 409210 914769 574031 629150 520801 563431 593905 897962 754690 949020 440188 544312 282870 667779 485406 395038 386379 122253 587305 457314 755987 807107 430685 193004 899304 650617 307979 507183
378746 109315 165766 403201 356491 569870 107117 850049 237972 71761 586795 247095 390244 624471 575051 642474 578615 343847 923371 522029 250355 750826 982163 656726 999999999 302195 645152 266700 114463 676033 787393 641854 753174 785576 388955 631555 529507 624680 388218 433202 555666 470252 280688 934253 950755 550914 610115 801037 826399 585630 833891 165043 534327 342519 623927 283553 1030069 735600 623686 811523 386843 421822 151462 196538 229939 895616 1010285 247912 846294 402326 476994 186184 464590 574917 622764 36375 258491 675688 316246 805724 317501 725906 650838 496621 376161 813323 204933 703484 574350 545977 743625 258946 366684 597615 307209 565892 455040 514985 608593 760881
82052 209977 186240 208452 409933 469049 195078 658271 524950 373039 288841 55129 370587 355059 437052 536243 294541 333581 714685 314850 408873 555666 924275 354563 302195 999999999 452599 119158 194315 432814 681148 496871 718037 501124 619715 704335 229439 340043 362154 373304 335740 587661 255843 926196 812263 250666 310478 779171 737157 297394 845080 455825 278184 613441 658854 185740 774257 742933 329809 726513 234836 129383 194773 174343 261038 636103 748581 363293 584665 331382 631293 355257 297119 678230 507000 275441 234463 537327 333140 786972 459760 772254 461889 406094 79086 677718 152804 484077 376558 246945 594728 156318 480383 623835 167696 289647 616088 483555 371870 571815
393536 607961 614443 628805 421801 186950 565774 208839 771424 694104 347870 480738 330174 623800 120848 190668 273783 353769 278220 693605 545786 106646 543398 429073 645152 452599 999999999 395597 542184 132013 281323 107156 406060 322021 741094 557894 366457 273604 323869 272786 694721 558521 376671 605443 369218 367825 475261 469191 347131 536081 565847 728886 206649 804995 474137 638245 419319 485306 322126 343829 258739 472135 616994 450168 431875 308743 412720 493475 275596 275988 634785 547555 180584 587517 164356 608785 392649 136141 386880 479414 540361 563203 11351 214523 396046 246205 593849 82231 76300 356346 161831 608475 510660 442277 617742 247899 635769 305161 121725 120131
150206 212643 221781 324741 291134 372332 173136 604341 456475 329039 339404 106347 253391 465778 352633 443250 318136 214827 670998 433891 303778 502174 823802 422858 266700 119158 395597 999999999 153996 410882 591180 417279 610405 522340 521698 585286 289647 363484 245361 262152 454812 470273 136791 815808 735612 310398 396435 669820 642832 399333 731326 394116 267729 531489 541305 275158 764359 628833 369430 630822 144173 237191 222767 80614 148229 629229 743872 253572 579696 220405 517057 258821 219932 559435 416418 232189 116452 456052 214096 677164 348448 654597 403033 303871 148963 598138 208822 444652 320701 302585 519084 239811 364522 506663 267625 302370 503042 370999 343942 515181
267013 80142 124041 333612 317182 487475 30381 749563 331061 181810 473996 140531 324487 535087 482900 560552 464202 277364 819757 454283 255607 648663 920670 546901 114463 194315 542184 153996 999999999 564790 708281 549569 696015 671113 443859 612776 417733 510250 320027 356912 484321 466554 200442 889385 864507 439154 504756 749338 752962 487293 794687 261514 420799 423477 589523 231962 918355 693242 509933 739160 283838 320031 115317 93989 162613 783121 897740 227933 733434 320564 491602 190943 362288 567980 537694 82845 174328 585767 257360 755200 318768 698361 548688 414432 264564 726332 143969 596156 469201 433682 652161 198644 356311 559058 244748 451458 472443 452300 497702 660131
358902 618679 612582 576513 514871 312359 583348 256481 834518 733826 248414 473213 422675 527710 243042 322657 180475 434930 291209 621435 622760 170388 661914 315310 676033 432814 132013 410882 564790 999999999 402708 239153 537457 191089 831362 683897 283978 162926 414651 369675 616331 668888 434824 733993 457259 278691 373181 600101 468650 441927 697506 783494 154751 882357 601928 611338 354129 617237 211942 467429 301192 415469 618096 480606 487555 222164 336243 567375 176402 360197 742830 611748 236549 707900 295783 640545 443858 265857 465321 610374 629173 694007 141186 323550 361845 353913 584254 79728 137190 269154 276434 586634 607637 568944 585502 163910 741123 424290 67692 191950
640444 785603 809139 878123 461027 221088 737082 242763 837737 815997 628509 693544 399562 901560 244515 148409 554295 444434 320481 957182 604130 248884 262179 710259 787393 681148 281323 591180 708281 402708 999999999 191626 177742 577699 738135 421041 642506 554671 400304 354313 962538 507200 509740 338247 176381 645983 755606 224847 66045 813791 326987 817760 480375 833124 336565 862017 543366 280720 603383 65873 449582 730827 807505 616074 557625 492512 557505 568309 484410 387958 581975 635976 384571 483090 174961 752970 534729 151744 474487 234883 567331 376690 270137 293853 642401 79031 799945 327251 336064 634147 127408 828165 517689 322067 848273 527447 593357 286866 402958 229972
451060 622619 638835 689171 366698 100713 576373 224039 736248 681774 442415 514734 281903 711708 66868 83799 368452 316840 309243 765836 502899 148754 451275 528573 641854 496871 107156 417279 549569 239153 191626 999999999 299461 428578 680118 459163 452449 374519 278294 224960 770923 478894 361986 501689 318369 457020 568442 363078 254719 624063 458912 702394 290401 755758 373526 680698 490600 378428 421740 248518 273106 539778 638995 455585 415559 396563 490835 455781 370456 244000 556588 517304 200499 495574 60572 605889 383364 40809 350388 373233 485291 458043 98221 157433 453142 181470 624831 180216 145860 445004 102617 648088 447554 343523 664567 340453 560541 221393 221497 145830
696359 776130 810966 925103 399044 261675 726309 418624 752922 766600 733276 716751 371660 990395 320347 218691 660716 418663 498103 1019191 532543 407354 230170 823337 753174 718037 406060 610405 696015 537457 177742 299461 999999999 724135 620497 260181 734070 671515 376673 348625 1030667 382338 498182 211418 323491 742063 856003 64969 146423 904241 160425 747529 576318 727039 186235 884948 719893 103811 717397 131080 485454 794076 806245 612060 534201 660676 732463 511218 646769 390087 449032 579528 442223 332362 249358 722385 525078 272234 440470 74657 481033 200665 396389 313219 697667 256763 811173 471096 436983 729763 285414 849116 425890 186937 877854 631592 464925 244085 519469 391636
419093 708106 687034 581914 686842 503100 682893 381632 973125 850763 224846 552218 596827 454711 433589 512364 207835 601126 373226 588889 779418 329967 828689 227372 785576 501124 322021 522340 671113 191089 577699 428578 724135 999999999 995682 874146 284963 161716 587996 548118 572524 850518 583602 914509 595899 267551 306354 785493 642321 383085 884550 914651 261462 1034142 792774 652422 306331 806996 177022 643518 449842 432798 695892 601007 631116 181222 271401 723076 139554 531776 922287 757450 402518 895475 486335 752673 586225 451968 628319 795839 795454 884948 330392 509052 422079 517878 650833 253377 321690 265558 450485 636684 780566 759525 620931 220037 918630 612577 235138 350312
671417 489144 547592 776629 319375 580303 461157 902102 202231 339830 851909 573592 411594 973375 627592 632752 813681 396699 988729 897383 220885 825650 835550 941081 388955 619715 741094 521698 443859 831362 738135 680118 620497 995682 999999999 391410 808161 853976 418661 468378 928048 238167 416949 732339 914004 828101 918116 640166 746760 916245 624568 252126 737797 118049 438036 665957 1160292 552448 873222 729540 546767 748909 534127 447647 378777 1045431 1153244 276232 1005320 471457 179624 264751 596504 311781 631442 388581 421166 695742 367732 639870 202236 494661 740784 528949 669960 796678 580545 820559 696963 819055 759491 636624 232586 433653 684583 790218 159178 466310 769419 825521
712714 688550 736744 908303 299691 371788 641843 642322 559253 621759 817274 683238 338521 1032878 440861 380915 753781 370987 728133 1019166 382265 600811 450981 913370 631555 704335 557894 585286 612776 683897 421041 459163 260181 874146 391410 999999999 798428 778840 347932 358077 1039285 170341 449470 341037 582044 812388 924267 260206 404635 954149 233187 574442 664324 506989 87608 835599 937961 169961 816571 388281 507940 811375 727929 552537 459493 854950 943536 388488 829521 393655 211789 445395 504237 80311 398611 609129 473133 451968 372924 257659 316352 104215 551759 372292 712935 495851 750666 637512 554362 800484 494767 799633 264892 115756 838777 724413 232829 265159 643108 591170
150819 439263 410295 303475 539358 473279 422762 539483 742224 599206 61321 284062 467213 259259 414873 520491 104052 449388 572977 337496 587802 446282 903628 133282 529507 229439 366457 289647 417733 283978 642506 452449 734070 284963 808161 798428 999999999 136745 457369 440351 332957 721423 397660 944372 731171 21423 126005 798983 706831 171670 883741 676298 162158 820993 733040 367518 580123 788191 107942 700966 293357 148277 420572 369128 429564 443699 549282 534096 392691 406193 780580 547793 299765 793992 488630 500454 388549 491080 465152 808409 623511 842203 377762 437342 153362 612651 371543 357790 306704 19406 528148 352842 627155 696657 335980 121857 770328 540566 248765 466784
258155 546410 526209 440175 556551 421887 521423 417858 817782 690642 88224 390631 471578 365328 354834 452836 46164 467259 442555 468860 634473 332949 816424 155629 624680 340043 273604 363484 510250 162926 554671 374519 671515 161716 853976 778840 136745 999999999 462072 430555 460177 730420 437451 876190 620075 125099 210328 735987 620594 280464 828453 757290 119315 884104 704115 497970 444821 739912 49384 617429 308771 283078 534775 443179 481151 307628 415255 578327 256364 406019 797702 606662 279267 788242 422323 592201 436599 408504 490873 745975 657562 806358 284673 406577 261168 512744 490834 242123 235471 118504 431781 479745 649513 668703 467873 63854 791290 513769 153122 354404
364855 399986 434450 569782 100231 189313 350189 501517 457958 416033 484016 349613 9849 685153 217154 259048 428825 44371 584786 675950 225237 414963 600694 579930 388218 362154 323869 245361 320027 414651 400304 278294 376673 587996 418661 347932 457369 462072 999999999 53425 694120 268696 121657 575459 568152 473167 581964 432067 438231 607452 487222 426146 342795 482032 296789 513847 743037 384615 491986 423491 164014 463790 429579 235665 160392 626777 734903 177622 587126 56443 336059 241064 185873 336717 244284 354635 148569 304320 74817 438572 216901 410206 324473 120952 365125 433115 436429 402222 278836 461767 372970 477608 193266 261681 510503 401257 331002 132593 355520 418105
364098 435876 465658 581693 149025 138336 386489 448092 511298 464903 460916 368446 58067 678775 163848 209833 400783 93338 531434 682650 278611 361983 566660 557188 433202 373304 272786 262152 356912 369675 354313 224960 348625 548118 468378 358077 440351 430555 53425 999999999 698218 302661 156625 553838 519029 454459 566202 407668 396246 597974 471992 478543 312395 534720 295961 536331 692093 370162 464105 382285 152253 463821 462106 267586 203330 578051 684931 230832 539757 41967 374339 293326 151292 358519 192890 398662 182596 251727 126262 415042 267694 408053 272831 67844 364809 382886 463354 352330 232681 442616 320500 500492 239280 259650 529777 372142 371675 110429 313585 364826
335301 446822 390008 152640 745633 771041 467537 872337 793289 623204 371991 365943 703003 135878 723285 829200 435856 668299 902615 37655 731861 778930 1219582 345789 555666 335740 694721 454812 484321 616331 962538 770923 1030667 572524 928048 1039285 332957 460177 694120 698218 999999999 922114 591570 1241795 1062456 337810 266178 1094190 1024678 189511 1168175 720299 488088 897459 990440 274895 878772 1067399 416885 1016908 548707 236614 404378 502418 593857 750369 843023 691885 702537 657227 961935 671462 589570 1013891 797694 545171 570008 811121 668873 1102778 788384 1103746 705846 718697 334275 940049 351436 690745 628544 347179 854863 296719 813583 954814 248518 454739 945309 808158 580536 799235
612198 537719 589819 782006 182996 378821 493886 691963 390213 454676 751532 557327 259058 933921 438204 417967 697516 272091 779654 898158 220118 627646 599295 847012 470252 587661 558521 470273 466554 668888 507200 478894 382338 850518 238167 170341 721423 730420 268696 302661 922114 999999999 335246 505916 681463 738327 843936 403585 510925 861856 398339 404164 611251 347263 200964 696368 969227 317650 760652 493698 430022 706265 579602 421343 328507 867126 967705 238723 833216 324432 77915 286061 452262 104711 423413 451132 353823 486336 259918 403898 152868 273369 555565 346195 611785 570967 609115 640706 531908 727295 544522 661391 110595 195573 704046 669925 86197 257512 615590 623639
277446 279817 312819 458921 154496 290148 230221 575331 400065 320594 437020 234514 127494 598713 295421 363119 396743 82729 652662 570209 197027 479284 720925 528775 280688 255843 376671 136791 200442 434824 509740 361986 498182 583602 416949 449470 397660 437451 121657 156625 591570 335246 999999999 696634 670408 416507 515353 553688 552863 527873 606625 352885 322962 451015 409697 394474 783469 504121 456438 538900 135014 371080 308123 114012 55220 656396 769408 140901 611164 122180 386558 176961 201584 422717 342365 245172 26913 395123 77307 560128 225939 522356 380721 216749 276910 532768 315330 444507 313018 406599 463267 358155 232659 376153 393276 373615 374526 254123 368478 487169
907150 969284 1008266 1134024 578386 472942 919752 570979 895742 937821 941409 921936 569163 1201374 529697 425328 868171 614719 636328 1229861 696777 586996 157919 1029758 934253 926196 605443 815808 889385 733993 338247 501689 211418 914509 732339 341037 944372 876190 575459 553838 1241795 505916 696634 999999999 406198 951787 1065341 147648 276739 1114983 107928 903620 785387 847987 314356 1088606 862057 198747 923151 272595 695326 1005182 1002395 810405 726819 827333 881740 686765 822013 595759 552729 752302 653641 420610 456882 906227 723448 469309 632062 139360 636504 237876 595012 523537 908400 407715 1011854 662024 643910 939518 464398 1052484 580915 337135 1083357 839405 573857 445096 723183 568219
759945 939257 957042 996913 635150 381112 892145 214285 1012701 983808 703836 832592 568493 983469 383418 309288 632220 611497 249196 1062435 778328 287222 268459 771692 950755 812263 369218 735612 864507 457259 176381 318369 323491 595899 914004 582044 731171 620075 568152 519029 1062456 681463 670408 406198 999999999 729850 830002 346820 177470 896681 438322 990498 574891 1009503 501918 997248 467364 424697 669193 193774 591450 841264 956960 770830 721115 462912 492546 740386 473727 548447 755077 807204 518143 649882 328045 915506 693960 279814 642943 354674 743251 520987 358434 454176 762299 138190 943133 377996 440936 719098 217683 965270 693988 492027 979649 609781 767419 461647 482419 265921
172240 460402 430887 317270 556675 482128 444150 535027 763467 620628 42709 305360 483016 256000 422096 527073 98398 466486 565483 344613 607582 443793 907654 112990 550914 250666 367825 310398 439154 278691 645983 457020 742063 267551 828101 812388 21423 125099 473167 454459 337810 738327 416507 951787 729850 999999999 114421 807024 710743 168257 893087 697642 166964 841842 745750 385697 565432 798411 91026 705364 309242 165303 441297 390067 449382 429798 533889 553627 379156 421213 798316 568251 311439 809503 495289 521877 408002 495030 483034 816554 642439 854207 379170 448841 174779 613665 391843 354337 311179 12326 529653 371972 645128 709416 353726 120397 788388 553041 248228 464596
246977 509639 469528 298010 661225 596441 503596 627864 835353 681642 127476 364552 591791 155839 535798 640252 201480 571939 647928 283809 699692 542780 1017715 80224 610115 310478 475261 396435 504756 373181 755606 568442 856003 306354 918116 924267 126005 210328 581964 566202 266178 843936 515353 1065341 830002 114421 999999999 920972 820871 76760 1007456 766266 279959 921576 859021 396992 612599 912821 161977 816138 418141 189702 481978 472061 542175 484902 576979 647770 437924 531576 900950 654500 425344 918678 608557 585226 503568 605622 585766 930549 739873 968009 486590 562872 248599 719270 427223 452033 422989 126740 636460 393590 747072 822643 362624 228261 889711 666493 353823 564123
759503 829460 866301 986774 444783 326331 779709 467547 785159 810293 798198 776099 426342 1055121 385306 283182 725571 472730 543219 1082216 572362 464868 195721 888095 801037 779171 469191 669820 749338 600101 224847 363078 64969 785493 640166 260206 798983 735987 432067 407668 1094190 403585 553688 147648 346820 807024 920972 999999999 178395 969055 102289 784976 641281 750836 202624 943535 767575 90252 782048 166805 547767 857576 861023 667694 586856 715393 782317 555864 703911 449473 463627 623262 506433 338334 314066 771399 580591 334328 492341 10372 516765 178758 459309 375896 760753 302643 868179 532150 501718 794723 341771 907533 460921 214440 937444 696478 481768 300258 583697 448107
699809 831450 857951 936752 488207 270501 782329 295896 860249 850540 693916 746748 436218 966031 303159 200928 619698 482595 367055 1018438 629865 312711 196918 776156 826399 737157 347131 642832 752962 468650 66045 254719 146423 642321 746760 404635 706831 620594 438231 396246 1024678 510925 552863 276739 177470 710743 820871 178395 999999999 878306 277762 845426 544677 847196 325491 915885 592583 248985 669245 17230 503594 791734 855549 662259 598005 550794 609470 598556 545478 432800 582500 667082 442267 473435 230506 792842 578660 215769 510709 187582 587431 345844 335979 340748 701662 131201 850959 392825 400143 698843 192821 881483 535166 317988 903487 592633 596149 315258 468671 293134
250695 480353 434421 237448 679029 642834 481603 698013 817680 657349 193514 347611 617128 87792 585963 691837 264547 592131 721446 208432 701967 609852 1075155 156331 585630 297394 536081 399333 487293 441927 813791 624063 904241 383085 916245 954149 171670 280464 607452 597974 189511 861856 527873 1114983 896681 168257 76760 969055 878306 999999999 1051984 746683 333680 909858 893582 348121 689280 954986 233882 872574 446396 168137 447812 468834 547535 561580 653523 652864 514383 560660 914129 651500 465695 942418 659958 564249 512655 662537 601954 978361 747635 1004573 547426 602558 251455 781851 391441 519592 478260 179836 697907 350729 760421 857183 313787 288447 901170 702701 416168 630924
832908 874086 915462 1053529 479999 411095 824942 569553 788395 834571 886903 836555 480085 1136908 474538 376799 815365 523973 644263 1153947 593014 566351 235300 978580 833891 845080 565847 731326 794687 697506 326987 458912 160425 884550 624568 233187 883741 828453 487222 471992 1168175 398339 606625 107928 438322 893087 1007456 102289 277762 1051984 999999999 797629 729180 740083 210497 1000808 869119 102607 873449 267474 619470 932149 908853 719383 632785 817594 884316 585984 805606 513806 444944 650266 586522 312945 406456 806993 633126 432613 538421 92138 531471 130633 556346 451189 833903 404396 921584 631516 593106 880761 443516 964521 476219 236719 997668 785939 465977 361589 677406 549904
526498 274357 330304 567998 357422 615297 265108 922724 72994 98295 730403 401851 424273 788590 638214 683408 712163 385674 1002738 686290 216003 829755 976738 807081 165043 455825 728886 394116 261514 783494 817760 702394 747529 914651 252126 574442 676298 757290 426146 478543 720299 404164 352885 903620 990498 697642 766266 784976 845426 746683 797629 999999999 655339 181651 589774 446934 1135096 707706 762987 829129 482693 580600 315925 314111 298072 1005657 1119558 250224 958780 459525 384913 185222 554110 504745 670326 182447 340281 730263 352328 787661 268333 676631 732421 546340 524213 857778 369967 797316 665790 691340 799007 423667 324246 571237 471782 695392 361188 531518 716105 836132
204619 468912 459477 429454 437385 318283 436682 394465 712353 596284 157857 319967 352322 421368 255983 360329 89503 348372 441537 487571 519592 295476 741492 251636 534327 278184 206649 267729 420799 154751 480375 290401 576318 261462 737797 664324 162158 119315 342795 312395 488088 611251 322962 785387 574891 166964 279959 641281 544677 333680 729180 655339 999999999 772862 592226 457065 500596 636506 152326 538900 191161 269619 465594 343522 369689 363674 477947 463259 313273 286820 678390 496005 161331 670729 328608 499915 324804 328922 372755 650923 539860 697434 217804 293329 207525 452422 430052 213220 144580 154831 367459 431941 530500 556337 431932 60107 672062 400166 98159 314660
675897 450693 508132 744827 389065 658646 433679 979721 112691 279602 870302 562252 476653 958212 698153 717357 841142 451707 1064733 864275 260176 896662 946552 954036 342519 613441 804995 531489 423477 882357 833124 755758 727039 1034142 118049 506989 820993 884104 482032 534720 897459 347263 451015 847987 1009503 841842 921576 750836 847196 909858 740083 181651 772862 999999999 548212 626054 1222977 664556 897240 830076 585852 741894 493889 451951 403340 1101647 1212575 315009 1058502 529380 295814 277442 645894 428056 712069 352986 448164 775864 419288 751142 271162 610780 806135 599806 673994 886639 546037 881240 752828 834064 842108 600957 316076 540407 649338 820462 274175 552282 817395 898878
658594 668088 711936 866041 272621 289683 619527 554824 585254 624158 747632 643688 288268 974733 359259 294118 681649 327584 640793 972702 382723 513766 398341 843160 623927 658854 474137 541305 589523 601928 336565 373526 186235 792774 438036 87608 733040 704115 296789 295961 990440 200964 409697 314356 501918 745750 859021 202624 325491 893582 210497 589774 592226 548212 999999999 803167 850391 118461 743753 308660 448191 758185 704512 519411 429499 768463 856169 376065 743964 335025 263521 439830 434766 147986 312969 597684 435258 364937 336900 203108 322196 113417 467544 298921 659120 410022 721136 552787 475333 733643 407165 766872 266561 36419 802957 652034 280437 192802 564201 503831
252474 177140 118706 125674 536098 645763 208233 843224 519807 349199 428255 169411 520764 363027 619276 715302 455726 477200 897417 239860 487553 740810 1098785 464589 283553 185740 638245 275158 231962 611338 862017 680698 884948 652422 665957 835599 367518 497970 513847 536331 274895 696368 394474 1088606 997248 385697 396992 943535 915885 348121 1000808 446934 457065 626054 803167 999999999 941753 898227 475435 904399 412548 221085 132627 284000 376183 803711 913123 457865 752077 494914 723551 422473 480262 796065 687142 277680 368311 720865 466395 950605 550445 914984 647592 578685 249551 861980 88000 667128 562266 386913 779588 36322 585787 770235 34472 457794 704382 643584 553420 757241
