NAME : synthetic_000017
TYPE : CTSP-D
DIMENSION : 100
GROUPS : 8
RELAXATION_LEVEL : 1
EDGE_WEIGHT_TYPE : EXPLICIT
EDGE_WEIGHT_FORMAT : FULL_MATRIX
EDGE_WEIGHT_SECTION
999999999 572347 303203 637916 607774 922286 969324 532319 266648 627837 399187 800489 182380 1120993 433485 676339 865908 1049010 834152 607719 832115 753351 845737 465972 405836 756831 1069610 311063 354704 219491 708482 213284 918734 364427 834873 887556 263976 125875 449130 910375 525782 556601 651804 686952 79477 662484 109764 625418 471452 342615 270111 62395 546250 130025 166010 139427 828902 639523 186424 247233 607306 217286 796182 517218 881041 690028 527718 352208 400985 680816 92842 207260 686299 798130 749393 670284 103615 609188 325352 325227 291322 448359 321071 88602 175735 407348 990423 499443 339942 818522 203591 422839 812338 366928 736706 666547 80658 497980 530123 541457
572347 999999999 303419 255810 161458 432011 443002 536236 410476 809086 405051 358797 389969 686788 324094 111679 479491 560769 642567 206115 279860 349398 357958 643312 169880 791503 656585 614650 218193 564571 348610 579351 497989 604247 262741 318230 443706 470715 301667 349501 300581 769340 344368 358012 630501 469491 467916 61224 134494 557007 431783 631401 373839 442675 406461 470896 412955 86474 483464 369255 58257 498874 226270 393844 646022 122101 380917 287381 716601 224579 645914 606005 356975 272292 191261 450331 492456 197961 413122 424681 613437 124024 253089 542634 662362 723686 465533 531709 389498 465106 549309 317737 571088 434404 392900 615113 494994 172999 759818 531401
303203 303419 999999999 336301 306050 619119 667300 350671 113064 571751 182016 614418 143892 824758 351657 392882 572615 746252 594713 304536 582121 453859 542538 390961 175245 619271 776285 321613 111731 261993 412990 401355 621332 325270 555678 619518 318085 245720 165526 617528 237832 517100 518759 547928 344434 406808 223164 363517 179611 278041 136781 365596 279762 181413 153231 257144 530117 384812 180297 222314 323643 337460 527941 264524 628746 425448 267333 55015 429889 477323 359104 302626 394703 497993 493979 406076 206170 416185 141802 345276 317047 192301 85056 309181 361298 437321 688144 328947 128657 529729 246104 147187 553621 381898 445625 474078 222824 310129 500900 353268
637916 255810 336301 999999999 94663 288275 351051 359824 391752 642730 303651 595047 476048 491866 547867 229804 248511 411757 389239 51040 449059 119950 215659 509483 335932 577132 447528 546406 334835 536323 96227 722439 288502 511011 348622 432333 610692 576776 202678 349860 137008 621734 600175 613258 670232 230753 557985 290204 212255 471501 402065 700187 182360 517547 487621 585306 196252 317381 484080 517235 208604 649090 362165 219676 390218 309466 200919 285710 623534 471481 683789 583627 101198 208128 374261 206609 537231 453523 355831 613402 553979 291868 352212 643704 661388 629274 369459 370136 331295 219445 529202 231637 315614 636052 139900 396893 558234 413945 620855 350317
607774 161458 306050 94663 999999999 320529 361558 420036 385266 702636 327462 503502 434319 554105 464066 146586 326905 450790 483399 47478 371198 194661 242589 554232 262012 656270 516282 565032 275220 538889 187492 666610 355349 538964 289411 369102 545379 531100 216219 321157 177937 673776 505773 518605 650072 318124 517380 196580 145768 495279 400503 669997 243667 481134 448018 536969 265091 224211 473910 456179 114544 589872 289301 273862 484762 221953 257099 264390 653536 377616 664546 585059 195831 192612 290695 296190 512217 358934 363295 541154 569268 213802 299619 601125 656212 659902 382668 423897 337698 306554 528411 242294 410276 559946 231789 476428 527116 324039 669361 412442
922286 432011 619119 288275 320529 999999999 93686 599004 680023 864466 585168 650902 753292 264018 756033 332894 182722 130838 465044 314585 443993 191674 77975 763940 576095 744413 250727 825601 595453 822871 249397 986378 136227 783921 305455 371627 861477 851224 490219 208213 419649 860204 730713 730116 957739 414660 836274 424111 465999 748559 690014 984681 442281 798369 766358 857413 142886 438823 772348 775033 374456 908804 362702 482754 423246 394397 464164 571241 892129 572105 971476 870250 282754 163903 417368 386554 823206 590712 642467 851222 835085 525897 620087 920744 949164 897123 100726 619241 618419 228134 816564 519169 384639 864673 251495 581110 841940 603388 865451 586839
969324 443002 667300 351051 361558 93686 999999999 682253 738643 952326 654133 608726 794500 307118 761673 334355 276243 143831 558682 366943 395303 272316 138439 844784 600964 836922 311195 896561 629226 886638 330097 1015295 225865 858303 261055 312071 884278 889007 552980 145419 487229 945190 709089 704022 1010498 502707 877419 422163 501852 820702 750814 1031526 518634 842283 808675 893349 234199 431256 829862 803108 388968 935967 324574 558883 516048 380098 539972 623269 968698 547608 1024758 933826 364121 174611 386628 474249 873349 577139 706378 867665 904690 550496 657214 959984 1009911 974009 22535 700535 681547 321465 878731 581821 478317 876591 338476 671544 888667 607287 949165 670480
532319 536236 350671 359824 420036 599004 682253 999999999 287814 283489 168682 893844 461425 697706 698903 565283 457831 692751 314785 379046 789889 409943 545152 168197 494855 270329 636524 280848 444835 332431 352199 707501 524524 221363 705075 787209 657581 547426 238553 707648 242944 264112 840011 864114 519459 194693 513226 591923 413020 209554 273496 582676 178408 468348 460764 564723 460673 619959 346986 566477 516553 661440 709338 146336 371953 634334 162998 311905 308690 756562 527007 371073 318149 565415 706186 219078 437826 712411 226867 692484 298449 483158 430185 586614 456575 312119 696110 34260 227622 399969 340171 231540 318640 730932 348467 134637 476166 626154 266913 13316
266648 410476 113064 391752 385266 680023 738643 287814 999999999 471992 134476 727425 175373 860935 447331 491537 604864 801746 572531 371899 690292 500102 606615 289916 287927 544246 807561 208576 223770 156146 450865 421016 660909 214896 654130 722242 373593 260113 191334 705236 266666 412902 627435 657588 282636 396404 226812 471393 279948 168725 24254 325594 279948 181304 173317 277087 573612 494025 92577 287663 423833 373760 631542 250646 616524 531605 261121 125785 317028 590385 295184 200804 425882 576808 601734 403654 163658 528971 62334 414171 204565 304517 193519 304856 271569 324483 758269 259199 73332 555283 143683 162958 546481 455151 475344 420875 197161 421725 394627 294138
627837 809086 571751 642730 702636 864466 952326 283489 471992 999999999 409010 1161762 636497 915664 918998 846840 704041 943241 474954 662388 1070798 681973 818188 182078 739468 203122 852572 317208 680566 411422 625765 836258 770976 271411 988553 1070555 830865 693916 507438 988536 524827 72422 1088102 1115581 579660 449869 657302 867143 679276 309011 448966 656815 461888 620747 628912 713286 722169 894617 479335 754549 794993 814096 991764 428873 541427 913320 446146 550557 238734 1023021 579623 421557 592000 846563 985771 478169 564562 972186 429949 878806 336577 738861 656806 706508 481488 234559 964151 279567 445262 647432 430171 492592 521888 921371 613885 290182 604149 875464 100670 292464
399187 405051 182016 303651 327462 585168 654133 168682 134476 409010 999999999 753308 298859 743055 531607 459435 487637 699450 438119 299544 677080 396615 517069 238286 334192 437625 687141 242777 279831 242196 342309 552695 547776 211566 614993 691473 491839 391277 111564 644443 166910 364795 682724 708898 406122 263483 359418 464948 272272 169002 129239 456407 155189 313529 300439 407255 465391 491454 216056 399167 399444 500375 605570 120473 482326 516671 134114 146335 326083 614427 417054 289136 313187 506606 589479 272908 297260 563273 73837 524629 250579 330078 262639 439083 372486 332440 671917 147819 63469 434788 239826 88613 413168 562606 359623 295105 331602 468905 354768 171702
800489 358797 614418 595047 503502 650902 608726 893844 727425 1161762 753308 999999999 637941 910923 382747 369488 769701 752217 982558 550977 214755 657031 601145 989864 439789 1150178 901525 935743 504353 867722 675966 709354 763399 937532 348438 306663 571820 676310 656742 464590 659234 1117239 181278 151664 874681 821354 691798 308527 482834 889849 751197 846891 732307 687567 654518 666548 699107 280234 778534 553851 390163 637561 288229 752547 975236 288278 739712 618715 1044271 138953 889801 901325 693081 501132 238174 799686 753594 199508 746802 518993 930058 427066 537166 737666 936930 1051689 627395 887455 726139 774132 849098 669408 905137 496347 718043 973090 739435 311597 1105056 889479
182380 389969 143892 476048 434319 753292 794500 461425 175373 636497 298859 637941 999999999 966726 301228 494430 715789 882201 730475 440171 652531 594962 675760 456103 224359 719529 919201 338729 172497 250910 555965 259109 763128 367681 652508 705667 198449 101868 308175 729609 381606 572496 506600 540165 244484 545412 83064 443428 293200 327490 194195 242069 419779 53186 17103 113620 671419 458270 163768 118902 425659 201561 614135 400085 767987 508034 405413 198769 448861 510954 260011 273614 538406 621506 568591 546776 115675 441036 234622 242420 325864 265994 139623 167850 299137 456315 816031 433929 235853 673525 230181 287280 693961 284875 589313 592721 106562 328011 550949 466851
1120993 686788 824758 491866 554105 264018 307118 697706 860935 915664 743055 910923 966726 999999999 1009794 593956 256144 166034 446316 533299 699896 372099 330409 864213 816114 749767 63094 964264 824472 984460 412653 1214097 203613 911741 562741 619058 1098528 1067990 672164 452006 595558 932156 994644 994101 1143477 504662 1047790 685059 697188 886441 865045 1182477 587918 1005934 977567 1076958 295644 701273 952261 1007097 628540 1139896 623199 624786 382199 658185 609355 771729 1006383 836092 1155704 1030755 435242 426671 680286 483988 1018053 853790 811598 1095138 978043 767528 843727 1133770 1115244 1009812 292286 726593 790976 308466 982876 699227 394360 1112619 385608 628262 1043144 859703 945019 684397
433485 324094 351657 547867 464066 756033 761673 698903 447331 918998 531607 382747 301228 1009794 999999999 427672 790928 884285 902061 497652 478937 658637 681952 736974 220175 968973 977092 636986 255813 551821 643927 327527 816903 658694 540849 560208 189191 307711 478964 650565 525381 860046 219405 254873 511628 713207 330861 339980 340898 614540 470821 472855 590780 340399 314813 294582 728394 334836 463224 190831 382014 254844 482195 590242 921153 390455 586308 387102 748005 290210 525887 574251 642044 595035 418431 702996 410346 222309 491396 137642 625478 257130 268969 361388 589558 755515 784131 679390 480241 767200 531190 474600 843619 124614 686854 814788 385960 154398 840988 700077
676339 111679 392882 229804 146586 332894 334355 565283 491537 846840 459435 369488 494430 593956 427672 999999999 410117 458341 613693 191969 224807 289641 263812 693030 279626 802328 569786 687039 321995 647661 306534 690973 416526 668213 162941 232933 555254 579256 348653 238369 322379 815147 406578 411585 730589 460185 574351 91246 213436 622500 510577 736499 390010 546314 510449 580340 340085 108589 572179 480510 69582 610531 146336 418948 605888 81224 402724 365752 782592 257545 745824 691498 324774 169291 144896 436408 591437 261524 482748 534778 688519 231339 355276 651255 754122 789318 356865 567410 457621 407710 634265 371130 535707 542398 348582 622246 597524 273452 809154 558104
865908 479491 572615 248511 326905 182722 276243 457831 604864 704041 487637 769701 715789 256144 790928 410117 999999999 239218 282537 295774 580161 132299 181866 626028 583523 568667 203921 713686 582896 729532 159902 967567 67282 663845 446379 524162 858916 817533 416789 374678 340131 708578 814627 821377 887359 263535 795721 494727 460425 635546 608912 927149 332795 753001 725832 827513 70635 517046 696118 764856 423219 895790 491205 370580 241520 487532 354507 518750 763866 667449 899563 776111 179611 273103 531784 238882 762720 667534 555577 861746 726490 537894 598605 881723 860093 767915 280651 483687 534841 57924 727412 443509 203262 883607 129527 414911 788675 649189 717520 444768
1049010 560769 746252 411757 450790 130838 143831 692751 801746 943241 699450 752217 882201 166034 884285 458341 239218 999999999 505005 442308 539094 303196 208636 860501 706905 802464 182629 935915 725929 940135 357389 1117043 172333 890357 404048 455390 992291 980767 610637 289194 537286 947099 847319 843923 1081803 500290 965056 549004 596447 858030 810234 1111363 550225 926428 894948 987298 235778 561569 894316 905810 503703 1039587 466698 590252 450709 513731 572407 697054 994784 686565 1095231 987454 388127 289432 527084 474162 948876 711345 760687 981585 946825 656677 750082 1049883 1068269 999272 127121 716563 737422 296297 935128 639369 433500 994397 347354 653858 968950 730877 955306 679936
834152 642567 594713 389239 483399 465044 558682 314785 572531 474954 438119 982558 730475 446316 902061 613693 282537 505005 999999999 436956 819354 338704 451018 459929 681928 303874 383631 594642 654113 645481 307857 988325 340126 533592 697105 780050 912256 827212 433561 646118 376998 501049 985456 1000527 829795 190195 796606 679440 565165 524322 565053 888510 317078 750668 734483 842213 332791 706519 647992 815676 597776 930622 729075 330738 66494 694802 327505 542270 605338 860721 838341 685460 289569 523439 754304 199217 734109 840397 510931 933744 612782 649607 654397 877176 771216 607007 563065 348930 500849 241162 651552 447793 83168 965811 268390 202188 769458 787553 518235 302918
607719 206115 304536 51040 47478 314585 366943 379046 371899 662388 299544 550977 440171 533299 497652 191969 295774 442308 436956 999999999 415618 164505 238183 519156 287759 610364 491580 540796 291177 521945 147074 681406 331200 510596 326451 408175 565942 539578 190966 344929 140445 636252 550271 564041 644815 270695 522890 243822 165172 468517 384822 670114 201145 484145 452706 547025 239147 271566 462922 473821 161700 606634 331752 233851 440220 268837 216262 257461 624645 424645 658847 568821 151296 208023 336697 248721 509099 404063 343021 566333 546538 242475 311253 607988 643387 630763 386892 385073 317682 269580 513037 218946 364999 587836 190905 430283 527355 362908 633135 370817
832115 279860 582121 449059 371198 443993 395303 789889 690292 1070798 677080 214755 652531 699896 478937 224807 580161 539094 819354 415618 999999999 482132 402867 913545 428878 1025336 694290 894143 487891 843898 513093 794571 564704 881545 138549 94889 651616 718539 568282 250405 546945 1037222 346606 331450 896892 679389 723433 218914 412931 834714 711642 887462 614786 705658 669579 714256 510876 197663 761305 602332 277805 715350 90421 643579 802238 160738 627486 567048 994786 195802 912421 884605 536725 307062 88685 654170 762067 257010 691610 612216 893222 393844 523671 788081 937553 1001773 413423 791236 667456 593849 828223 588501 738074 603494 550987 845045 759093 346495 1030066 782839
753351 349398 453859 119950 194661 191674 272316 409943 500102 681973 396615 657031 594962 372099 658637 289641 132299 303196 338704 164505 482132 999999999 136220 573249 452057 581116 327764 635172 454329 636942 58004 842383 168598 592463 358471 441742 729871 696034 308774 318394 234357 672999 688565 697299 781670 234857 676450 369278 329653 557774 507684 815377 250752 635269 606129 704871 76485 393257 592633 636888 294336 768963 391711 291213 320611 369868 272717 401804 700456 546407 794734 684266 91884 186105 422303 206158 651493 540974 457589 730826 645269 405911 472157 762335 765191 705461 286413 428717 434524 118216 632005 337232 256475 751933 74557 407664 674361 517647 676852 398167
845737 357958 542538 215659 242589 77975 138439 545152 606615 818188 517069 601145 675760 330409 681952 263812 181866 208636 451018 238183 402867 136220 999999999 706719 498648 712672 307067 759080 517479 751946 193165 908443 162494 720080 266560 342610 783982 773435 418337 195402 350359 808700 667577 669389 882590 370298 758778 354762 388024 682883 617536 908128 380197 721207 688961 779523 118800 371720 698618 697176 299938 830954 316038 420445 418952 331497 401537 495491 830283 511886 896488 799264 227218 100653 363723 341612 747268 524640 571432 774584 767622 448566 542182 843092 876894 835581 155026 562681 546950 210204 744844 447294 368077 788862 206802 542042 765280 530374 811997 533591
465972 643312 390961 509483 554232 763940 844784 168197 289916 182078 238286 989864 456103 864213 736974 693030 626028 860501 459929 519156 913545 573249 706719 999999999 561131 294141 802542 161155 500880 246556 515246 667505 692698 101800 843620 922785 652145 518968 345268 859262 378725 127523 908870 937094 429930 362789 482357 703057 510421 130005 266954 503544 328771 443571 449309 538138 627392 729686 302966 573542 635763 639130 839332 289975 522605 753655 308890 373285 145641 850912 433164 268692 481470 717590 826505 387243 391846 797076 249384 698514 182021 563945 475959 538534 344178 147804 859582 144717 266395 568165 262748 325968 478535 740758 514926 258618 432031 697386 116628 181288
405836 169880 175245 335932 262012 576095 600964 494855 287927 739468 334192 439789 224359 816114 220175 279626 583523 706905 681928 287759 428878 452057 498648 561131 999999999 764489 777619 495998 64633 429723 430619 414462 616704 500224 431894 481746 285387 300913 264003 517955 305498 688319 348889 376147 468240 493353 299425 219787 124058 452809 311866 463601 372337 277540 241293 301053 525493 233913 341943 202443 214586 335008 390526 374981 701386 284352 369394 189075 604953 303831 483762 465910 425658 426592 344288 482830 333368 241045 312662 279281 490322 50524 98746 372792 511360 612404 623288 479825 294762 554695 411826 264228 623832 300156 472312 602501 330773 136262 673500 494209
756831 791503 619271 577132 656270 744413 836922 270329 544246 203122 437625 1150178 719529 749767 968973 802328 568667 802464 303874 610364 1025336 581116 712672 294141 764489 999999999 687284 455228 715164 538667 531553 951472 632369 395318 922990 1007373 917839 796344 504145 899256 490948 257535 1107454 1130381 723979 351058 760427 843116 676218 414478 525739 796966 417951 717985 716381 814806 602831 871522 583220 830129 763553 914577 939251 399222 367656 877767 410858 582158 411262 1015287 727304 562824 500983 762289 946921 378746 675099 975918 487543 956771 476099 750371 700074 824558 637044 409417 845017 290378 492989 516974 553355 500391 368986 996480 507132 180309 715230 894228 283703 270295
1069610 656585 776285 447528 516282 250727 311195 636524 807561 852572 687141 901525 919201 63094 977092 569786 203921 182629 383631 491580 694290 327764 307067 802542 777619 687284 999999999 905104 782085 927731 363303 1169502 160948 851798 555860 618587 1057467 1020841 620490 451934 543852 869304 974633 976263 1089683 444331 999438 660023 656596 827488 810727 1130719 531984 956858 929457 1030498 252454 678175 898249 964652 598464 1096608 613380 567987 319933 638501 553104 722570 945198 818554 1101625 973727 383380 406823 666898 424526 966321 831193 756736 1056882 919252 730039 799604 1085451 1058653 948522 300185 665843 736754 252626 926763 646953 331357 1076222 332907 565299 992552 829429 882347 623209
311063 614650 321613 546406 565032 825601 896561 280848 208576 317208 242777 935743 338729 964264 636986 687039 713686 935915 594642 540796 894143 635172 759080 161155 495998 455228 905104 999999999 431540 95070 579034 519219 777342 62968 847334 919812 523518 381289 350063 884933 409532 246788 829860 861171 269377 461850 345070 675860 481297 78171 185238 344202 385690 312915 327869 400725 700283 699583 174977 457140 621900 500603 830703 345764 652780 734095 363508 327293 111286 798926 272150 107980 547790 748569 805459 480579 251025 736948 204292 575947 20871 512790 399797 389472 184269 118826 914070 247380 229517 657664 114912 322921 597865 619452 590353 401078 289541 628392 221425 293412
354704 218193 111731 334835 275220 595453 629226 444835 223770 680566 279831 504353 172497 824472 255813 321995 582896 725929 654113 291177 487891 454329 517479 500880 64633 715164 782085 431540 999999999 365329 425235 391490 622166 436993 480280 535552 276043 260433 224370 557953 278253 627616 408002 436634 412504 463992 252705 273684 129482 389770 247819 414537 338650 224774 188695 264135 529941 290909 278015 182662 253452 315605 443697 335232 679068 338022 332379 133543 540757 368441 427950 402092 415248 454923 401686 456832 275179 305408 251593 284084 425718 95022 35782 332053 449978 548222 651168 427238 235327 548546 347613 218800 601810 312788 464353 558976 276833 198399 612013 445371
219491 564571 261993 536323 538889 822871 886638 332431 156146 411422 242196 867722 250910 984460 551821 647661 729532 940135 645481 521945 843898 636942 751946 246556 429723 538667 927731 95070 365329 999999999 583762 424873 789972 144936 810276 878043 429989 286594 333744 859741 403458 341563 751582 783963 189068 492950 250560 625091 435643 127561 138525 258769 396747 220348 238537 306015 707080 646760 90190 367670 579809 405639 787114 359775 699087 686253 375146 281920 199946 733333 195322 47383 555224 728932 755586 507312 156395 668214 180523 483666 78002 453506 331178 295145 130962 207245 905538 298239 205107 675999 20872 304848 637471 527317 601805 462677 194544 557042 316452 343448
708482 348610 412990 96227 187492 249397 330097 352199 450865 625765 342309 675966 555965 412653 643927 306534 159902 357389 307857 147074 513093 58004 193165 515246 430619 531553 363303 579034 425235 583762 999999999 807868 210437 535355 396831 481130 701159 657675 260358 368574 184219 615552 692442 704005 733331 181803 636150 377491 306586 501387 457014 770111 193760 593737 566154 667611 123411 403463 543064 606381 297863 736603 423233 234138 300490 387755 215850 359422 642816 558067 746035 630969 34065 230819 446450 153385 605754 545115 405592 706540 589588 387537 439555 722165 712881 647768 344390 370725 383273 124100 579632 288088 229176 730384 44302 355448 630491 509801 619108 340523
213284 579351 401355 722439 666610 986378 1015295 707501 421016 836258 552695 709354 259109 1214097 327527 690973 967567 1117043 988325 681406 794571 842383 908443 667505 414462 951472 1169502 519219 391490 424873 807868 999999999 1010928 567812 832662 867392 142976 161423 566681 928615 638820 765976 537760 572934 281753 804342 194344 618345 520846 539273 434010 210486 678888 239720 253918 146153 918646 623375 368252 212199 628447 80767 781631 658603 1026930 679344 664386 456334 613586 614342 289950 419066 792792 840784 723556 805880 276591 543598 483243 190371 500370 464850 370376 129754 385854 620077 1037574 677209 489241 928075 406522 546346 953061 217074 843463 841437 236355 448946 740201 714537
918734 497989 621332 288502 355349 136227 225865 524524 660909 770976 547776 763399 763128 203613 816903 416526 67282 172333 340126 331200 564704 168598 162494 692698 616704 632369 160948 777342 622166 789972 210437 1010928 999999999 728592 427377 500018 897124 864377 470766 341431 394462 775860 823063 826949 943503 330516 844283 505227 495986 699172 666313 980450 393980 802607 774032 873378 92303 525063 752874 804821 440153 937227 478463 432696 292291 489412 415971 568542 829787 670426 956080 836843 235540 262310 525636 305454 816134 677714 613926 895978 789647 569093 640633 930245 920071 833941 226498 549910 592331 125056 787021 498355 264353 915296 188220 481525 840442 670401 784766 511510
364427 604247 325270 511011 538964 783921 858303 221363 214896 271411 211566 937532 367681 911741 658694 668213 663845 890357 533592 510596 881545 592463 720080 101800 500224 395318 851798 62968 436993 144936 535355 567812 728592 999999999 825690 900964 559955 422611 322812 855489 374342 205047 842310 872315 328743 407528 385978 665296 469769 47724 190661 401849 341713 349477 359052 441958 654627 690344 208070 486457 605652 542840 813656 301263 592634 720828 319767 320249 114651 799312 332504 168014 503093 716662 793142 427828 293711 740580 191944 609169 83174 510956 408065 438416 247015 121199 874988 188730 214815 607068 161733 297887 539731 652126 543314 338598 333594 635389 183351 234248
834873 262741 555678 348622 289411 305455 261055 705075 654130 988553 614993 348438 652508 562741 540849 162941 446379 404048 697105 326451 138549 358471 266560 843620 431894 922990 555860 847334 480280 810276 396831 832662 427377 825690 999999999 84487 692454 732705 503439 120490 466076 962401 454111 446066 891450 572449 730634 214876 376352 780814 672831 894120 526729 705036 668894 732085 378437 209968 735113 626851 232043 751916 65214 560297 674884 153552 542608 528368 940325 292746 906772 854312 424244 175254 131187 545536 752629 333627 643202 663250 849551 386733 514596 804470 916964 946879 280549 711492 617850 464716 797070 527804 614573 663229 430755 743455 757012 390994 958558 696448
887556 318230 619518 432333 369102 371627 312071 787209 722242 1070555 691473 306663 705667 619058 560208 232933 524162 455390 780050 408175 94889 441742 342610 922785 481746 1007373 618587 919812 535552 878043 481130 867392 500018 900964 84487 999999999 725091 779538 580207 167183 546776 1042877 440558 426189 948024 656912 780821 262252 442400 855382 741987 945170 609083 758742 722445 777098 457720 248969 799792 667902 298590 787187 91961 641834 756144 197670 624412 596692 1015416 286019 963482 920967 508710 256847 143858 630021 810467 341360 715548 689891 920987 440589 570841 850500 980007 1022112 328425 792650 690481 545656 863875 603486 697296 684634 514528 827747 811612 418929 1038275 778848
263976 443706 318085 610692 545379 861477 884278 657581 373593 830865 491839 571820 198449 1098528 189191 555254 858916 992291 912256 565942 651616 729871 783982 652145 285387 917839 1057467 523518 276043 429989 701159 142976 897124 559955 692454 725091 999999999 147350 479696 791403 545239 764823 405936 441471 343378 723334 180967 479103 401351 522509 392635 292863 595889 210931 203180 129112 805079 482648 351984 96959 495473 65852 640112 582566 943930 538919 584762 369997 629586 472188 356130 439914 690190 710570 581233 720497 274325 401080 431598 61594 507874 335691 263785 181584 434501 636777 906719 631116 430254 824181 409360 464491 867732 103071 739778 786938 239461 306306 741854 662290
125875 470715 245720 576776 531100 851224 889007 547426 260113 693916 391277 676310 101868 1067990 307711 579256 817533 980767 827212 539578 718539 696034 773435 518968 300913 796344 1020841 381289 260433 286594 657675 161423 864377 422611 732705 779538 147350 999999999 409370 816882 483286 625921 525934 561096 204028 644155 36647 519353 387317 389109 274163 171442 519567 79115 93828 19439 772516 530571 216029 122467 512072 120259 689350 498022 866672 583499 504398 300518 484875 559594 218185 293312 640272 715008 638557 646611 130265 487547 322187 206172 364554 347938 231919 71999 288626 491945 910811 517762 327820 775393 266396 387645 793386 249394 691177 680931 92946 378129 601818 554109
449130 301667 165526 202678 216219 490219 552980 238553 191334 507438 111564 656742 308175 672164 478964 348653 416789 610637 433561 190966 568282 308774 418337 345268 264003 504145 620490 350063 224370 333744 260358 566681 470766 322812 503439 580207 479696 409370 999999999 534913 76658 469488 603310 626483 473218 243856 383888 359902 174605 279122 199872 510386 116497 339565 315726 421789 382574 387234 283886 382830 290522 502664 494951 111342 464401 408568 108128 110894 437430 518824 486117 381009 237177 398973 481402 241151 345951 473874 153400 500255 355573 246258 221168 469260 458950 443854 571799 230728 128650 369996 326548 28968 388673 533032 287602 338576 372374 390318 461789 235658
910375 349501 617528 349860 321157 208213 145419 707648 705236 988536 644443 464590 729609 452006 650565 238369 374678 289194 646118 344929 250405 318394 195402 859262 517955 899256 451934 884933 557953 859741 368574 928615 341431 855489 120490 167183 791403 816882 534913 999999999 482795 970885 574427 566543 960649 550373 810650 313727 440061 813370 721243 971326 531837 780607 745198 818401 314190 315773 792005 718728 304834 848013 185662 569537 614050 260243 550763 581863 969402 412895 975619 905647 400711 142245 250983 521945 821357 450650 684318 767156 889852 469301 589988 888857 974848 975452 163029 719651 658733 405575 848779 562094 563054 770671 392819 724023 830625 497670 970589 697412
525782 300581 237832 137008 177937 419649 487229 242944 266666 524827 166910 659234 381606 595558 525381 322379 340131 537286 376998 140445 546945 234357 350359 378725 305498 490948 543852 409532 278253 403458 184219 638820 394462 374342 466076 546776 545239 483286 76658 482795 999999999 496331 626711 646562 549117 187858 458924 352840 194219 334496 273406 587039 73503 415070 390046 494975 307021 381185 358956 448368 275011 572379 466938 96657 400950 392047 81348 182854 487389 524699 561821 450838 160520 342693 463536 178693 422604 488810 223458 560890 417464 276638 282286 544591 530993 493266 505092 245967 200176 293728 397900 103895 323865 590961 210991 315075 448862 419056 492780 236074
556601 769340 517100 621734 673776 860204 945190 264112 412902 72422 364795 1117239 572496 932156 860046 815147 708578 947099 501049 636252 1037222 672999 808700 127523 688319 257535 869304 246788 627616 341563 615552 765976 775860 205047 962401 1042877 764823 625921 469488 970885 496331 999999999 1035589 1064095 507417 447571 589395 828683 637062 246076 389249 584683 439374 554109 564077 645338 719694 855573 412840 691127 759760 745879 961160 403088 567176 877972 421406 500756 166647 978286 507264 349888 581490 828658 950774 474777 496046 924597 376030 814200 265700 691464 601908 636239 409067 162734 958429 251740 393707 650983 360762 451619 538221 857115 608735 304426 535289 824579 28599 275257
651804 344368 518759 600175 505773 730713 709089 840011 627435 1088102 682724 181278 506600 994644 219405 406578 814627 847319 985456 550271 346606 688565 667577 908870 348889 1107454 974633 829860 408002 751582 692442 537760 823063 842310 454111 440558 405936 525934 603310 574427 626711 1035589 999999999 35552 729241 807228 546932 319915 433552 795738 651684 692243 699329 551235 521891 513497 745381 298208 661442 406041 395225 470502 388906 710433 990374 336560 701370 537957 940915 161707 743754 779193 701324 568516 323640 790314 620410 147651 659588 348961 820925 357119 434537 580788 802622 948453 730109 827063 642945 806092 731608 608504 915242 321504 736660 938709 599830 214081 1019660 838245
686952 358012 547928 613258 518605 730116 704022 864114 657588 1115581 708898 151664 540165 994101 254873 411585 821377 843923 1000527 564041 331450 697299 669389 937094 376147 1130381 976263 861171 436634 783963 704005 572934 826949 872315 446066 426189 441471 561096 626483 566543 646562 1064095 35552 999999999 764239 824739 581756 328060 454796 825515 681841 727675 719608 585366 555618 548791 751577 304447 693781 440893 406143 505991 380994 732260 1003264 337966 722545 565048 972070 158012 778797 812254 714436 569465 317397 806941 654353 160142 688097 384369 852607 381001 464259 616261 836849 979603 724619 852134 670830 815287 764110 632891 928837 356443 748046 959981 634308 240166 1048645 861940
79477 630501 344434 670232 650072 957739 1010498 519459 282636 579660 406122 874681 244484 1143477 511628 730589 887359 1081803 829795 644815 896892 781670 882590 429930 468240 723979 1089683 269377 412504 189068 733331 281753 943503 328743 891450 948024 343378 204028 473218 960649 549117 507417 729241 764239 999999999 667842 183184 685953 520669 316594 279166 78017 559385 191550 227399 218489 855793 701892 191468 323518 661058 295037 856195 526545 880853 750419 539287 387428 345223 752213 15529 161402 708511 842334 812470 678847 139350 681151 333915 404680 248588 507435 377412 165391 105347 350909 1031009 485493 352977 837162 179328 445248 815824 446265 757869 651113 138056 568920 479836 529926
662484 469491 406808 230753 318124 414660 502707 194693 396404 449869 263483 821354 545412 504662 713207 460185 263535 500290 190195 270695 679389 234857 370298 362789 493353 351058 444331 461850 463992 492950 181803 804342 330516 407528 572449 656912 723334 644155 243856 550373 187858 447571 807228 824739 667842 999999999 615168 513286 379500 384907 392719 719882 127451 569432 550624 658282 272768 541369 479244 626555 431297 743933 591606 146613 222588 538929 140011 353506 502504 692695 678055 537172 150190 411769 604889 28703 560009 665064 337269 743745 476821 463244 464332 697923 623299 506217 514289 222163 323174 205613 495012 259627 150142 775626 164282 173658 592978 603843 455060 181525
109764 467916 223164 557985 517380 836274 877419 513226 226812 657302 359418 691798 83064 1047790 330861 574351 795721 965056 796606 522890 723433 676450 758778 482357 299425 760427 999438 345070 252705 250560 636150 194344 844283 385978 730634 780821 180967 36647 383888 810650 458924 589395 546932 581756 183184 615168 999999999 519176 375866 352527 239736 164397 491789 45940 70363 55984 752833 532187 179449 140894 506106 156906 689848 468677 837413 583696 475874 277097 449364 571128 198143 258955 617426 704233 641512 618669 94171 499584 289109 237997 328557 344055 221328 86016 259921 456484 898985 483151 296118 752146 230239 360932 764857 281587 668344 647096 58694 388225 565381 520199
625418 61224 363517 290204 196580 424111 422163 591923 471393 867143 464948 308527 443428 685059 339980 91246 494727 549004 679440 243822 218914 369278 354762 703057 219787 843116 660023 675860 273684 625091 377491 618345 505227 665296 214876 262252 479103 519353 359902 313727 352840 828683 319915 328060 685953 513286 519176 999999999 195537 618104 492836 683388 425256 496492 460195 518035 425649 28415 543189 411989 82141 537578 170770 447871 677800 64612 433977 348580 777768 181289 701428 666130 390483 260390 130496 492264 548844 172954 474295 453430 674572 178664 309180 590851 721040 784844 444557 588836 450597 487228 609589 377154 604781 457750 421196 665159 549371 185691 819641 586517
471452 134494 179611 212255 145768 465999 501852 413020 279948 679276 272272 482834 293200 697188 340898 213436 460425 596447 565165 165172 412931 329653 388024 510421 124058 676218 656596 481297 129482 435643 306586 520846 495986 469769 376352 442400 401351 387317 174605 440061 194219 637062 433552 454796 520669 379500 375866 195537 999999999 422568 300179 533010 266045 342443 307901 392325 404145 220771 358773 310750 144555 444316 351594 277505 580965 252819 267873 154842 582298 344516 535693 478767 301931 328368 324271 366175 381339 299880 278866 401331 480853 84625 155411 458139 540717 589356 523574 404930 255064 430675 421605 186692 503533 423907 348276 505293 391234 224876 626701 409688
342615 557007 278041 471501 495279 748559 820702 209554 168725 309011 169002 889849 327490 886441 614540 622500 635546 858030 524322 468517 834714 557774 682883 130005 452809 414478 827488 78171 389770 127561 501387 539273 699172 47724 780814 855382 522509 389109 279122 813370 334496 246076 795738 825515 316594 384907 352527 618104 422568 999999999 144615 385626 307840 313574 320032 408238 622338 643015 173081 445687 559327 509212 767621 267792 580607 674040 285671 272563 160256 751602 322464 162163 469938 675559 746238 403031 262892 693012 144336 569804 91917 463235 361279 411055 247121 167136 837908 175393 167510 579595 139857 253315 523257 612365 512236 336540 303158 588161 226452 221464
270111 431783 136781 402065 400503 690014 750814 273496 24254 448966 129239 751197 194195 865045 470821 510577 608912 810234 565053 384822 711642 507684 617536 266954 311866 525739 810727 185238 247819 138525 457014 434010 666313 190661 672831 741987 392635 274163 199872 721243 273406 389249 651684 681841 279166 392719 239736 492836 300179 144615 999999999 327194 280338 195047 190652 291766 580217 515845 87779 308593 443411 389943 651613 248603 610982 552490 260535 145381 293119 613982 290907 184576 430827 591076 623014 401634 169056 552890 55507 434788 182053 327561 217751 314652 259358 300558 770122 243602 74074 558136 128256 170988 542367 476179 479584 407529 205129 445878 370711 280624
62395 631401 365596 700187 669997 984681 1031526 582676 325594 656815 456407 846891 242069 1182477 472855 736499 927149 1111363 888510 670114 887462 815377 908128 503544 463601 796966 1130719 344202 414537 258769 770111 210486 980450 401849 894120 945170 292863 171442 510386 971326 587039 584683 692243 727675 78017 719882 164397 683388 533010 385626 327194 999999999 605541 190759 226185 180351 890820 696581 241102 293537 667696 236838 854112 575478 936931 747943 586588 414479 423135 731029 82146 236550 747546 860107 805870 728605 164436 658990 382689 354287 323607 507389 381493 111880 182654 428866 1052661 549214 398589 879269 245948 483775 869352 393445 797826 716028 142942 549308 557253 592423
546250 373839 279762 182360 243667 442281 518634 178408 279948 461888 155189 732307 419779 587918 590780 390010 332795 550225 317078 201145 614786 250752 380197 328771 372337 417951 531984 385690 338650 396747 193760 678888 393980 341713 526729 609083 595889 519567 116497 531837 73503 439374 699329 719608 559385 127451 491789 425256 266045 307840 280338 605541 999999999 446408 425782 533102 314630 453649 368117 499104 346350 617152 532499 40473 348987 462250 22186 226145 450334 598104 570823 443327 162105 389733 532949 127050 442792 562162 225506 616683 396852 346918 337417 575762 527390 455526 534550 187834 207192 279601 394971 132794 274229 649105 205857 241574 473498 490357 438773 169767
130025 442675 181413 517547 481134 798369 842283 468348 181304 620747 313529 687567 53186 1005934 340399 546314 753001 926428 750668 484145 705658 635269 721207 443571 277540 717985 956858 312915 224774 220348 593737 239720 802607 349477 705036 758742 210931 79115 339565 780607 415070 554109 551235 585366 191550 569432 45940 496492 342443 313574 195047 190759 446408 999999999 36297 96964 711505 511448 141419 150691 477297 196806 667163 422898 791603 561091 430280 234316 420294 562209 207067 235844 574237 670105 621777 573192 69957 491775 243525 263336 297823 318792 191049 129742 251531 427592 863616 438647 250203 708633 199538 316065 719199 306973 625119 601961 53500 378978 530960 475106
166010 406461 153231 487621 448018 766358 808675 460764 173317 628912 300439 654518 17103 977567 314813 510449 725832 894948 734483 452706 669579 606129 688961 449309 241293 716381 929457 327869 188695 238537 566154 253918 774032 359052 668894 722445 203180 93828 315726 745198 390046 564077 521891 555618 227399 550624 70363 460195 307901 320032 190652 226185 425782 36297 999999999 107766 682527 475192 153061 129357 441544 200725 630869 404710 773190 524794 410769 207593 437399 527864 242926 259470 547860 636006 585557 552831 99311 457839 233988 250124 314363 282544 155310 156218 282790 444818 830125 432507 237072 682777 217711 293820 699694 293105 598785 592965 89527 344848 542039 466634
139427 470896 257144 585306 536969 857413 893349 564723 277087 713286 407255 666548 113620 1076958 294582 580340 827513 987298 842213 547025 714256 704871 779523 538138 301053 814806 1030498 400725 264135 306015 667611 146153 873378 441958 732085 777098 129112 19439 421789 818401 494975 645338 513497 548791 218489 658282 55984 518035 392325 408238 291766 180351 533102 96964 107766 999999999 781348 528281 235174 113910 513841 101001 687416 512461 880864 581868 518367 312130 504193 552026 232234 312364 650951 719053 635388 660140 149700 479840 338944 188718 383968 349101 237350 73836 305794 511252 915268 535334 343790 786196 285829 400772 807178 231659 701807 697956 112182 371736 621252 571218
