NAME : synthetic_000469
TYPE : CTSP-D
DIMENSION : 100
GROUPS : 8
RELAXATION_LEVEL : 1
EDGE_WEIGHT_TYPE : EXPLICIT
EDGE_WEIGHT_FORMAT : FULL_MATRIX
EDGE_WEIGHT_SECTION
999999999 568351 274750 56756 765890 637971 446310 402339 424269 452491 48239 546531 656650 435222 404831 649853 561976 164650 229140 437818 191059 251400 491076 336180 233111 730349 447886 634157 408705 409800 515266 204340 375906 359962 472296 451597 496141 293368 646161 458230 184686 317772 146272 762881 195259 275420 451374 73663 184910 581041 485107 322718 397515 640555 99729 205508 270926 148625 518829 438573 80109 42144 211246 380986 406620 180581 458885 536225 363054 555967 283206 605593 652911 453157 532162 512469 384609 462923 509718 486360 375496 191939 519297 291523 225037 299629 219645 404250 655027 468666 432281 382308 94220 327500 322959 642426 366648 206484 196890 129104
568351 999999999 547777 532696 210456 637844 199602 517682 341039 560845 593037 400508 879222 873535 611770 858369 286748 432993 673070 558475 397080 664556 763713 874079 665653 181479 623352 152613 836228 607235 595087 709708 450657 641169 711354 158550 389455 475903 78633 553617 385878 877672 660302 224020 589653 803879 312526 551780 643647 874867 266383 440793 965719 601596 475081 723858 713369 613943 76234 998311 495968 548136 666512 867430 974970 747488 994387 685728 907791 585738 840507 719228 701469 908724 88827 436471 657394 748670 665244 277370 296338 610701 1082199 656652 683614 582051 671236 967601 230276 774791 1000119 471425 520156 816973 887114 660280 555700 763255 763340 624343
274750 547777 999999999 307427 697372 855026 522740 139985 573370 181679 244471 336145 408927 706243 132363 397028 403344 187971 503869 666904 343500 525115 252215 385373 148597 659655 174101 667856 290021 656517 742641 230230 576288 109499 733522 502531 289970 75590 612201 189111 300175 426765 417736 678472 461736 526388 585568 337731 459545 360408 343836 523623 543092 846469 228612 469619 185752 162193 533055 633131 293084 233723 165459 337742 558587 354143 687226 783427 590008 773543 390260 849517 884279 720492 476111 688664 645971 731089 756190 338799 258180 120045 698026 561835 499605 553627 164934 514164 529548 739517 592994 589972 339552 295372 518056 864873 604889 331710 405476 403821
56756 532696 307427 999999999 734915 583255 398606 425555 368973 478674 104378 550326 701234 420785 439586 693169 553170 163081 205261 383944 142933 221351 536247 390568 284915 700278 481493 588967 463889 359635 461483 260962 319274 400823 428268 407483 500421 313451 611141 483276 147082 367000 142156 734820 154310 284457 396993 32260 161125 629865 475275 265995 438337 584843 94182 207384 324907 199681 478669 466298 37596 80606 264550 437742 445901 226757 473904 486776 381389 501075 333901 555460 600231 443304 503749 455736 340392 423713 459955 477805 366927 239356 549627 254729 205258 251288 272896 450859 636853 432266 468982 325987 38301 384237 354452 588367 314029 258571 231969 113214
765890 210456 697372 734915 999999999 810451 403667 631133 539702 660638 785543 453646 965665 1083901 730435 942394 332361 618170 883010 757567 603813 874935 877896 1053498 831242 37737 730492 270086 986123 810780 785879 887036 654257 774797 913922 366580 466265 621900 135877 650949 587998 1065930 866713 45067 799679 1011014 507198 756148 852740 983853 361824 648682 1160631 769508 668902 931010 876463 791659 282233 1201162 697578 741381 836721 1031555 1171003 941721 1201906 879758 1113669 769259 1028069 906079 878280 1119175 234954 619135 864315 953820 861237 369822 440276 780205 1283922 866929 893266 791483 840228 1156970 203412 980732 1197886 674488 725470 984389 1087890 834493 761287 952083 962575 831143
637971 637844 855026 583255 810451 999999999 454970 930035 322497 987640 686176 945012 1263888 541470 981265 1251909 871400 667677 498400 201390 511872 464997 1103765 938703 867279 796345 1016515 541296 1046672 249230 126032 839831 279018 961695 268449 501303 908453 825901 686287 987418 556899 885674 578591 841348 464522 643226 336783 565526 516208 1205114 810973 331424 898372 46977 632568 596993 908160 782136 565405 842247 578854 661862 847722 1011268 895492 755697 767701 168242 733727 82375 864603 133448 71212 581821 693039 204608 312974 323504 178190 820402 749940 818071 920828 414030 515085 354532 856045 943302 862520 351145 898484 265151 544956 959815 785634 25305 275363 805151 721215 556904
446310 199602 522740 398606 403667 454970 999999999 545016 142713 598814 482582 504627 908800 687021 622485 891503 419097 356901 499079 359042 255913 485368 768297 777684 604189 378572 646793 193215 789513 408096 398913 624452 251403 629908 511990 46421 475215 465597 267853 595084 267087 764016 505188 422348 416397 642689 118874 408896 476228 879560 365149 246022 835636 424104 371438 564130 652916 534219 123501 848075 366657 439118 596955 797528 842163 625043 829279 487525 749590 394709 729450 524470 513893 724094 239341 250363 460705 550404 466405 375440 329139 546605 933907 470202 511737 390957 603507 849299 410660 577114 862822 272028 375390 743855 744390 475530 357677 652373 627814 468754
402339 517682 139985 425555 631133 930035 545016 999999999 625799 57659 378255 215340 366536 837417 99395 347825 308985 276899 628790 754124 424910 646837 248502 512624 279834 594343 105882 656307 375027 754265 826560 366400 652845 154361 839727 514480 177680 112843 569446 59033 377760 561360 548185 604982 577543 663617 629974 457434 584211 358118 269878 603727 679332 915310 336087 603507 307193 302064 522835 772578 403703 360232 300636 445924 695288 494126 827054 878615 729732 850992 525842 941298 967294 853928 434433 747387 753771 843555 851434 261417 225633 259585 836077 678720 626350 658782 298658 646361 443263 854949 730177 669318 452633 412224 657894 942836 699325 470575 545174 530408
424269 341039 573370 368973 539702 322497 142713 625799 999999999 682558 468561 623015 977378 573759 689538 962628 549940 388652 409861 218138 244825 389018 825473 759484 623043 517099 720209 297923 810733 272564 256499 622848 118828 682856 374572 188015 587664 530300 405066 680879 278508 730810 440821 561537 333558 564195 37757 367818 397655 933368 488482 135409 784537 297759 376957 490707 669775 543268 264839 776147 346725 430823 609903 800646 788213 589444 741258 344932 671305 255786 699956 382447 376572 613021 380437 123270 332399 416787 324205 497906 430970 567290 862267 362532 424904 277843 617499 809053 552216 444897 803886 137307 336164 746464 683185 340999 227577 626479 578760 406386
452491 560845 181679 478674 660638 987640 598814 57659 682558 999999999 425355 222991 318641 886519 90553 298471 331310 333305 680437 811643 482376 699536 219108 532843 307901 624622 71633 703026 374579 811180 884181 396828 710504 160325 895806 566893 196003 168470 608219 11716 435274 587896 597421 631647 631620 708018 686059 510274 635876 323219 303906 661357 707222 972735 390797 650806 327962 342238 570908 806339 458272 410607 331308 454980 723762 531850 866080 935797 769378 908642 553807 998698 1024943 901649 475394 804403 809550 898650 908599 294362 274777 296853 866319 732723 677320 714815 328079 669760 466232 909464 759244 726970 506943 427065 693618 1000484 756447 503976 585209 581283
48239 593037 244471 104378 785543 686176 482582 378255 468561 425355 999999999 537457 614169 461819 370939 608276 563478 170811 264921 485913 230274 290066 448526 295588 186760 749322 414602 667329 360497 456845 563330 156717 423621 321388 516601 484535 487117 273983 669903 431998 216593 285554 174122 779947 239779 287027 494471 121256 221924 535837 488191 370228 375149 688768 117970 225495 223161 103769 547814 429807 121897 44996 163975 334015 385932 156343 461845 582873 364413 604191 249240 652465 700665 476298 550723 559397 429241 504789 556513 488345 379018 149740 507110 333128 258590 346222 172379 374717 663935 508969 414202 430319 142271 280272 312165 690529 414491 171588 186446 164982
546531 400508 336145 550326 453646 945012 504627 215340 623015 222991 537457 999999999 512580 970458 307872 489061 123229 387337 752792 798916 492620 762904 440642 720828 484400 419919 294462 552673 589890 817840 861703 565455 686472 369412 915402 462509 50421 273235 427765 211755 448667 762113 689103 419992 685493 821449 614181 581947 709877 539547 141042 647390 876819 920408 456541 751435 517457 486457 435483 958369 518635 506474 501432 660605 891704 676164 999177 931693 901588 873712 725113 985646 994816 993624 311997 744875 836298 931735 905761 130204 202992 452348 1028170 783032 754671 741444 501078 850185 251989 948997 925280 706284 565969 624893 840974 962409 760100 662153 719967 663313
656650 879222 408927 701234 965665 1263888 908800 366536 977378 318641 614169 512580 999999999 1051643 288157 24962 633405 596736 876725 1074098 752411 903643 165652 555102 432589 931177 262243 1021513 336218 1059176 1150421 503868 985214 303018 1128610 880100 501601 447540 924237 325608 708647 635193 781152 932572 851815 849417 986068 727991 835083 112092 618737 932465 746653 1255250 633959 816559 412540 510603 888850 871647 694341 621307 459051 436696 764833 650818 960561 1186550 874692 1182291 614566 1254060 1291908 1055291 793120 1095300 1040768 1118921 1159472 608579 591838 464875 905420 947257 868349 952417 451313 687769 764560 1122876 800271 998778 737059 447345 781071 1273469 1009780 603257 710665 778272
435222 873535 706243 420785 1083901 541470 687021 837417 573759 886519 461819 970458 1051643 999999999 831613 1050099 963382 583743 218363 399660 501321 214556 889663 551983 622686 1054391 875499 869150 741052 328630 437567 547900 456968 777072 273060 718802 920790 728386 949162 892714 535435 473132 289249 1095114 294103 206418 611465 388825 260600 957563 885493 443586 427630 574748 514963 238570 639115 555617 802860 330426 451842 477365 595472 663326 417570 403551 235045 373873 237301 489484 472622 427880 505856 41488 873770 568103 254720 218273 364006 889502 780688 604125 396319 217172 215794 297351 602668 490252 1029029 192480 406331 441908 405124 627788 324932 527999 352776 455109 344605 309159
404831 611770 132363 439586 730435 981265 622485 99395 689538 90553 370939 307872 288157 831613 999999999 273112 407656 314152 633751 796286 469611 656019 151946 445702 228935 693584 43989 746382 284498 788000 871328 318273 702256 71427 865851 595791 274599 159397 666229 102166 424400 504311 545061 704370 593860 644530 697912 469611 589692 263448 368940 650522 624137 970540 360284 593439 242708 277376 611747 728006 425335 364591 254353 364647 641062 459774 793558 914657 698105 900398 471488 980203 1012966 843537 530379 808214 778324 863298 887399 360644 316296 229359 784608 693692 628691 685824 249913 583846 542244 871402 676888 716902 471915 338125 617868 992070 735729 427089 515753 533434
649853 858369 397028 693169 942394 1251909 891503 347825 962628 298471 608276 489061 24962 1050099 273112 999999999 610255 584301 871863 1063446 740109 898201 160866 561634 428988 908058 244745 1001486 343308 1050026 1139474 503047 973015 293142 1121132 862083 479030 432361 902441 304996 695825 640665 776902 909020 844721 849037 970566 720513 829783 125416 596932 920567 753604 1242473 623627 814008 411602 505092 869259 877353 685033 613672 455791 444603 771777 650869 964417 1177352 877320 1170529 618799 1244471 1281066 1054725 771922 1081238 1033245 1112633 1150216 586685 572552 458611 913250 941032 863909 944036 448244 695908 740988 1117243 807432 986939 728529 452357 784577 1261896 999969 604375 710703 772877
561976 286748 403344 553170 332361 871400 419097 308985 549940 331310 563478 123229 633405 963382 407656 610255 999999999 397328 745476 743811 466138 750180 550225 785021 549772 297804 402373 439238 679606 772352 799865 622038 629363 460592 874130 373943 135345 330421 306526 321057 428328 815685 695300 300961 670695 835399 535110 582663 705210 653686 78073 597363 924716 842596 464277 760232 589091 533683 332076 992932 517690 525929 562152 739843 938178 713443 1020860 877622 924754 805329 777702 925895 926397 990683 200843 667576 800999 897296 852937 75637 186727 508209 1068133 762335 750095 709306 563485 906208 135006 917640 969822 650161 560752 698708 875048 890687 714896 708389 749898 665267
164650 432993 187971 163081 618170 667677 356901 276899 388652 333305 170811 387337 596736 583743 314152 584301 397328 999999999 367103 482564 155815 380053 439446 441124 247405 581478 351222 525448 432865 478222 557249 277769 388724 296470 562864 346697 337365 164957 507717 335910 112330 447837 302408 610729 305940 439026 403901 194921 323514 545557 320575 336528 544531 658535 69239 365878 296206 182836 397077 599385 133179 129782 241661 443848 555924 326489 623532 603594 527535 586504 410074 667788 698862 606312 383296 501594 477159 567968 576344 321718 210941 189825 677689 406581 368032 381967 247761 538807 493393 580664 584788 402925 182009 391088 482195 678076 424168 333914 355869 275976
229140 673070 503869 205261 883010 498400 499079 628790 409861 680437 264921 752792 876725 218363 633751 871863 745476 367103 999999999 305923 287017 33970 711410 449075 444709 851578 676940 689663 595070 249172 373522 386332 308214 586290 272596 524443 703332 517568 750609 685703 318311 389193 97470 890588 83498 157539 446585 173004 44581 792811 667509 274750 403165 516055 299053 98619 471979 366936 606494 370204 234334 270336 418976 537879 402203 268679 332329 358562 262846 424212 371418 428282 491632 245559 664622 444725 193566 248349 335807 671363 562348 414249 455563 86450 17024 152312 427040 445104 814913 247770 410287 301075 186941 491691 292098 494843 234308 321938 225688 100353
437818 558475 666904 383944 757567 201390 359042 754124 218138 811643 485913 798916 1074098 399660 796286 1063446 743811 482564 305923 999999999 329319 273990 911743 738663 668756 735237 833784 507896 846285 71030 77542 638751 114524 771090 159889 402564 757287 645533 623176 812715 376370 688200 379747 779664 264080 458451 250666 364892 318569 1010403 674858 152765 709062 211762 440173 403940 708568 583506 482249 666031 382463 463508 648419 809879 707787 555838 604974 133815 556575 121254 665683 188363 217948 441069 591306 170790 145271 208461 109551 682930 597004 621158 748500 226738 322926 156081 656781 749920 762633 238466 714252 93651 345753 758451 597566 204616 74507 604567 523933 356447
191059 397080 343500 142933 603813 511872 255913 424910 244825 482376 230274 492620 752411 501321 469611 740109 466138 155815 287017 329319 999999999 286786 593983 525661 378444 570668 505758 446079 566004 332413 402731 380459 232910 451219 425027 265039 446361 316424 475695 483616 47355 508352 263249 607855 207234 407229 266991 156475 251863 698375 389278 180929 581039 503080 132223 327211 424976 298517 338637 602562 111028 189182 365083 557668 588262 369131 598093 454558 510711 430801 474194 516429 544125 531613 379198 350115 343947 439138 427503 394583 291488 323183 687262 296196 294764 248838 372674 593390 528148 456584 610443 247294 123801 503439 494006 522460 276036 397533 373937 227423
251400 664556 525115 221351 874935 464997 485368 646837 389018 699536 290066 762904 903643 214556 656019 898201 750180 380053 33970 273990 286786 999999999 738109 482899 472541 844327 698852 674007 626334 215793 340420 416923 283167 610714 239557 513111 713925 534800 741405 704371 321857 423132 128545 884178 79665 185906 426232 189404 68680 821462 672494 253627 435274 483330 313465 132077 501360 393143 596157 397267 246921 291494 447229 570742 433801 302134 352439 324630 288743 391430 405357 394402 457682 246054 660551 417114 159652 217698 301837 676865 569172 439800 481918 52495 50178 122743 455388 478326 814524 219297 440725 274534 198096 524054 323576 461163 203532 355179 259654 125371
491076 763713 252215 536247 877896 1103765 768297 248502 825473 219108 448526 440642 165652 889663 151946 160866 550225 439446 711410 911743 593983 738109 999999999 418489 268123 841455 147859 897701 209340 894907 988476 343587 825932 142986 963174 743804 415021 302753 817610 229752 551774 493182 616183 849996 686286 689521 836947 562641 669587 112043 517849 772618 609885 1096921 471807 653233 252328 345005 762847 729127 530559 456096 294948 309485 627909 492046 811311 1022273 721937 1021809 468025 1090168 1129688 894933 682042 940774 875363 953269 995265 509035 468140 299242 771528 781606 703265 787527 287437 556944 685208 957306 664042 838689 572415 305977 631213 1112534 846285 447145 551764 612741
336180 874079 385373 390568 1053498 938703 777684 512624 759484 532843 295588 720828 555102 551983 445702 561634 785021 441124 449075 738663 525661 482899 418489 999999999 236781 1016146 482877 959871 218922 692427 812681 166559 699706 374283 720373 777511 675300 455059 948248 543687 510819 83757 360621 1041495 474583 348666 787389 393668 423848 446637 719364 649174 192124 949734 407782 355963 205649 261894 836046 317080 415764 338569 222877 121158 210273 183025 412091 807378 336618 859913 80424 877281 938743 543195 820335 840340 642511 689294 784028 716049 619510 277668 353142 535333 434014 584201 221676 139900 905068 681308 246148 702205 423893 112989 238949 938109 664160 135334 224844 382251
233111 665653 148597 284915 831242 867279 604189 279834 623043 307901 186760 484400 432589 622686 228935 428988 549772 247405 444709 668756 378444 472541 268123 236781 999999999 793560 271373 770173 187830 642895 746298 89414 597140 162471 702992 593532 438554 219351 735604 317796 346752 281571 348652 815704 426454 425781 643045 306729 403861 349551 486603 542956 400038 866762 246230 385397 48858 85251 638875 499413 289349 205429 27337 201877 416306 233410 565511 769309 470959 784951 246453 838703 885106 629717 602541 726109 615820 689315 742826 482551 391793 57587 558449 517988 435927 532674 21221 366983 672811 691778 451588 606389 323022 153148 388990 873000 598833 198175 291405 347441
730349 181479 659655 700278 37737 796345 378572 594343 517099 624622 749322 419919 931177 1054391 693584 908058 297804 581478 851578 735237 570668 844327 841455 1016146 793560 999999999 694212 260058 948467 786599 766506 849655 629905 737431 890269 339535 430872 584191 112335 615053 553567 1029123 833147 45113 768409 977648 485802 722025 820537 947826 324775 621991 1124463 756478 632972 897697 838745 754344 255667 1166354 662856 705290 799127 993831 1134978 905579 1168630 859444 1079768 752060 991223 888150 863212 1089190 198602 601707 838335 928902 840201 332941 402542 742615 1248827 837717 861510 763525 802605 1120222 172232 955380 1162101 650403 691662 946706 1052679 820026 736040 915379 927148 797756
447886 623352 174101 481493 730492 1016515 646793 105882 720209 71633 414602 294462 262243 875499 43989 244745 402373 351222 676940 833784 505758 698852 147859 482877 271373 694212 999999999 762115 310174 827357 908259 360483 737707 110503 906678 617862 267215 190999 673908 82712 459840 544012 588713 702221 635803 688469 726894 511827 632793 254227 371592 686605 663936 1004545 400325 637376 282285 321363 628457 769674 466100 407358 297185 396149 681042 503085 836576 953669 741365 936104 511909 1018646 1049790 887515 539543 840139 819321 905082 926402 362465 331297 273321 824936 735934 672075 726294 292471 621846 537364 913618 717004 752887 513190 373382 660336 1027907 774464 469506 559342 576669
634157 152613 667856 588967 270086 541296 193215 656307 297923 703026 667329 552673 1021513 869150 746382 1001486 439238 525448 689663 507896 446079 674007 897701 959871 770173 260058 762115 999999999 949709 568354 525873 801343 416750 768198 667525 182807 539544 600642 159179 696627 450835 951568 698403 304128 607731 835428 261154 600937 668520 1009636 416571 425728 1027065 499733 552165 757130 818922 707806 135198 1041289 555556 622872 766712 969122 1034036 814236 1021045 621635 942488 504344 916122 641943 609897 907577 240681 355909 630270 712740 605509 427666 430916 713153 1127120 654439 702881 571839 772484 1038336 370003 741467 1055313 434879 567514 916529 937266 565602 525452 838594 819618 661968
408705 836228 290021 463889 986123 1046672 789513 375027 810733 374579 360497 589890 336218 741052 284498 343308 679606 432865 595070 846285 566004 626334 209340 218922 187830 948467 310174 949709 999999999 814348 923621 210438 781054 220667 864183 776455 552240 364805 901968 386279 534521 299893 497874 965529 593101 534811 830871 481396 559138 228099 628183 727039 410492 1048680 433794 517616 141229 268879 816382 535782 473151 387570 201843 101801 428671 338819 627481 938543 545518 964664 282196 1008722 1060007 738996 766071 912381 779176 843419 912810 621900 548099 244560 569964 675840 583251 703021 193909 352830 811111 841466 464213 789154 502146 115136 449620 1050888 774339 286096 396678 506003
409800 607235 656517 359635 810780 249230 408096 754265 272564 811180 456845 817840 1059176 328630 788000 1050026 772352 478222 249172 71030 332413 215793 894907 692427 642895 786599 827357 568354 814348 999999999 125021 604563 156698 756887 104550 449153 773885 643115 675351 813268 379586 637090 331818 830443 222200 396298 307851 336166 268655 989486 700356 175547 650053 268777 427905 347763 679769 558110 531456 600682 364993 440240 620802 770834 647744 509553 536117 127377 491308 177002 617033 195887 247379 370040 632334 240836 74441 144423 100376 707655 614851 598984 682094 165263 265857 111366 629207 694118 801929 173210 652293 136292 322681 720908 537626 246237 57791 560364 472736 313235
515266 595087 742641 461483 785879 126032 398913 826560 256499 884181 563330 861703 1150421 437567 871328 1139474 799865 557249 373522 77542 402731 340420 988476 812681 746298 766506 908259 525873 923621 125021 999999999 715766 176326 847476 170966 444495 821695 719127 654231 884869 449324 759897 452574 811464 338639 521189 282563 442233 390287 1087618 733671 222857 775052 143983 516716 472132 786065 661047 519334 724133 459754 541036 725944 886133 772763 629670 655453 96479 614954 52949 738609 126407 141661 478878 636823 170732 193793 226813 85753 742267 661453 698594 804594 290264 390327 228500 734308 818625 808642 256981 777109 158006 423295 834989 662647 127325 150017 679223 595433 430988
204340 709708 230230 260962 887036 839831 624452 366400 622848 396828 156717 565455 503868 547900 318273 503047 622038 277769 386332 638751 380459 416923 343587 166559 89414 849655 360483 801343 210438 604563 715766 999999999 580227 250906 653987 620271 518100 294410 783078 406539 358223 196679 288873 874945 382902 346025 647156 274691 349239 411012 554582 526922 313129 844029 253372 315045 91446 95882 674635 410015 276790 192034 65828 177880 328924 148771 477335 728276 383760 758249 160034 798507 850859 551681 654184 716013 568768 634467 702651 551703 453367 114127 470025 465842 375298 493197 68782 285298 739768 633736 363783 586559 298529 123828 299917 843088 565988 109138 208290 295624
375906 450657 576288 319274 654257 279018 251403 652845 118828 710504 423621 686472 985214 456968 702256 973015 629363 388724 308214 114524 232910 283167 825932 699706 597140 629905 737707 416750 781054 156698 176326 580227 999999999 683482 260702 292846 645814 547334 518730 710762 277936 660353 356510 673750 240906 465538 155900 308291 304458 928753 560835 54202 700238 271381 356468 397499 640496 512932 374799 678355 308076 393484 579667 756571 701911 521147 634541 248284 570940 198456 633015 299176 314982 496780 478677 141879 213614 299726 223973 569048 485496 545368 763776 250304 324400 164780 587811 731960 649503 327208 714029 21241 281830 703311 593709 290320 108815 564435 500577 325645
359962 641169 109499 400823 774797 961695 629908 154361 682856 160325 321388 369412 303018 777072 71427 293142 460592 296470 586290 771090 451219 610714 142986 374283 162471 737431 110503 768198 220667 756887 847476 250906 683482 999999999 829086 607763 331697 167616 700896 171650 408800 433696 494255 751526 553556 585016 694976 428958 543038 251059 413633 630358 553599 954265 330942 538515 171933 221727 633004 659393 391894 322164 189005 295170 570650 395610 727920 884210 633413 879892 401418 951385 988924 786781 564153 797810 741202 822550 857075 406480 345494 173300 714471 651405 579837 651202 183688 512550 593481 828624 606579 696549 435693 266956 550797 970870 706952 360044 452969 486176
472296 711354 733522 428268 913922 268449 511990 839727 374572 895806 516601 915402 1128610 273060 865851 1121132 874130 562864 272596 159889 425027 239557 963174 720373 702992 890269 906678 667525 864183 104550 170966 653987 260702 829086 999999999 553465 870352 727347 778749 898709 471327 656214 367614 934268 277069 393973 408759 400654 305220 1052405 801180 279087 649925 302275 506701 364830 735535 620177 635450 580905 440591 507463 678992 810299 644747 541193 500805 101817 474403 220279 641610 163900 237736 313586 736814 326338 87894 56289 91267 808159 712609 664221 656648 188566 286809 180994 687321 701572 906195 86092 643454 239964 394187 763420 537254 255702 160077 594533 495716 358522
451597 158550 502531 407483 366580 501303 46421 514480 188015 566893 484535 462509 880100 718802 595791 862083 373943 346697 524443 402564 265039 513111 743804 777511 593532 339535 617862 182807 776455 449153 444495 620271 292846 607763 553465 999999999 434995 441412 230952 562530 268029 768828 522738 382518 441078 663186 165282 421084 498615 855579 322220 282460 845819 470085 369729 583766 642390 527729 84368 865069 373413 440121 588327 790285 853244 631890 851759 532202 769247 441034 733325 570282 560307 754947 193034 296699 498890 590173 510627 332716 294016 536082 950405 501630 536204 424980 594457 855843 364528 616242 875432 313787 387923 737171 758474 521928 397199 655789 638966 486271
496141 389455 289970 500421 466265 908453 475215 177680 587664 196003 487117 50421 501601 920790 274599 479030 135345 337365 703332 757287 446361 713925 415021 675300 438554 430872 267215 539544 552240 773885 821695 518100 645814 331697 870352 434995 999999999 224633 425473 185712 401691 714610 638885 436072 636867 771030 581106 532127 660261 518428 123106 605104 828594 885422 406522 701104 473280 437530 416261 908766 469060 456055 454662 619089 843303 626565 948882 889437 851317 835635 677400 944739 956422 943675 300773 710359 790300 885408 863260 112088 160339 404534 979103 734927 704997 695127 454647 803208 270229 902138 876662 665272 516641 581620 791262 925164 716254 613456 669907 613316
293368 475903 75590 313451 621900 825901 465597 112843 530300 168470 273983 273235 447540 728386 159397 432361 330421 164957 517568 645533 316424 534800 302753 455059 219351 584191 190999 600642 364805 643115 719127 294410 547334 167616 727347 441412 224633 999999999 538590 171563 269892 490483 439639 602884 464838 561004 538535 345485 473031 414285 268776 496801 603969 813564 223279 497182 259677 213270 465460 686021 290906 251278 232472 412855 618675 404041 731649 768195 633905 745790 453080 831800 860418 746410 402134 649514 641177 730732 740964 264078 183427 180396 754990 566018 515742 546360 233383 579704 454781 742122 652103 562915 339890 369353 569059 837646 588767 388936 450329 420085
646161 78633 612201 611141 135877 686287 267853 569446 405066 608219 669903 427765 924237 949162 666229 902441 306526 507717 750609 623176 475695 741405 817610 948248 735604 112335 673908 159179 901968 675351 654231 783078 518730 700896 778749 230952 425473 538590 999999999 600033 464225 953920 738900 157233 667135 882396 373505 630389 721728 927538 305515 512836 1043313 647288 552049 802383 782730 687199 146588 1076887 574327 625098 737809 937463 1052752 824846 1072827 747108 986401 640349 916571 776146 752474 984832 136754 490006 728450 818152 727905 315776 355801 681622 1160705 732053 761382 655931 742197 1044148 215649 844961 1078169 539073 598788 887838 965508 709699 625519 839524 841518 702918
458230 553617 189111 483276 650949 987418 595084 59033 680879 11716 431998 211755 325608 892714 102166 304996 321057 335910 685703 812715 483616 704371 229752 543687 317796 615053 82712 696627 386279 813268 884869 406539 710762 171650 898709 562530 185712 171563 600033 999999999 436405 598175 603516 621619 635789 715466 683744 515009 641127 332968 295257 662012 717390 971982 394574 657493 338623 350367 564980 815782 462146 416247 340915 466460 733868 540576 874679 937524 777842 908715 563915 1000041 1025424 908265 467751 803002 812685 902257 910353 285564 269613 305433 876245 736943 682843 717751 337840 680375 455896 913420 769289 727444 510968 438240 702736 1000518 758268 513364 593541 586817
184686 385878 300175 147082 587998 556899 267087 377760 278508 435274 216593 448667 708647 535435 424400 695825 428328 112330 318311 376370 47355 321857 551774 510819 346752 553567 459840 450835 534521 379586 449324 358223 277936 408800 471327 268029 401691 269892 464225 436405 999999999 500948 281586 588723 242379 426334 296526 168790 279892 657583 350707 226918 581669 546664 104860 347015 394463 270748 334205 613350 110103 172458 335885 533267 590216 365253 617159 501912 526613 476275 465310 563681 590536 563869 357952 389483 389293 483910 474856 355289 249352 290110 696685 336028 324205 293768 343056 588546 498436 500459 614583 293099 139965 479226 501288 568068 323336 387761 377610 247452
317772 877672 426765 367000 1065930 885674 764016 561360 730810 587896 285554 762113 635193 473132 504311 640665 815685 447837 389193 688200 508352 423132 493182 83757 281571 1029123 544012 951568 299893 637090 759897 196679 660353 433696 656214 768828 714610 490483 953920 598175 500948 999999999 308776 1057361 426070 273417 761210 363340 369778 527992 746038 612380 119929 899962 403231 292200 261763 282207 833358 236712 397395 330526 261483 204501 137192 141396 328681 747012 253270 808915 38200 816154 880812 462345 831119 802154 582160 621618 724809 743893 641551 310135 281524 475481 373162 532238 262845 91383 929524 611490 173335 660568 395843 188396 155573 883302 613990 114418 164465 335722
146272 660302 417736 142156 866713 578591 505188 548185 440821 597421 174122 689103 781152 289249 545061 776902 695300 302408 97470 379747 263249 128545 616183 360621 348652 833147 588713 698403 497874 331818 452574 288873 356510 494255 367614 522738 638885 439639 738900 603516 281586 308776 999999999 869410 117648 144788 474904 113973 63596 695866 617424 312520 344752 591465 233289 65668 374747 273158 600168 342897 178377 188374 322566 443205 347652 177754 335759 448792 247539 500745 286078 519074 578463 306998 639156 498089 285092 345666 424665 619899 508950 321187 428735 179133 87344 224174 330535 375799 777567 345127 363229 354609 141806 395814 242689 577551 305389 229237 145345 36487
762881 224020 678472 734820 45067 841348 422348 604982 561537 631647 779947 419992 932572 1095114 704370 909020 300961 610729 890588 779664 607855 884178 849996 1041495 815704 45113 702221 304128 965529 830443 811464 874945 673750 751526 934268 382518 436072 602884 157233 621619 588723 1057361 869410 999999999 807651 1014115 530520 757481 858684 954491 337959 664808 1154938 801362 664625 934295 859948 780211 299096 1200196 697280 736369 822554 1014659 1165878 936287 1205136 904262 1115332 797166 1019319 933222 908287 1129497 231118 646812 881401 972418 884895 345081 423917 766162 1282024 878775 900154 805513 825664 1148645 168035 998701 1193663 694334 727679 968659 1085716 865060 779482 944128 959767 834320
195259 589653 461736 154310 799679 464522 416397 577543 333558 631620 239779 685493 851815 294103 593860 844721 670695 305940 83498 264080 207234 79665 686286 474583 426454 768409 635803 607731 593101 222200 338639 382902 240906 553556 277069 441078 636867 464838 667135 635789 242379 426070 117648 807651 999999999 230911 369405 124670 64314 775590 593079 200559 459416 475330 241687 157759 460633 343185 523009 442592 174108 231394 402976 548851 461009 291815 413332 345448 338278 385333 402148 415626 469397 324729 582556 381762 189506 269508 319750 597563 490333 387199 528709 101181 95350 111165 411349 493074 735204 278138 473628 237730 124975 498721 353082 465023 189581 340640 262993 92403
275420 803879 526388 284457 1011014 643226 642689 663617 564195 708018 287027 821449 849417 206418 644530 849037 835399 439026 157539 458451 407229 185906 689521 348666 425781 977648 688469 835428 534811 396298 521189 346025 465538 585016 393973 663186 771030 561004 882396 715466 426334 273417 144788 1014115 230911 999999999 600254 258136 167641 753048 757893 430065 256442 665069 371165 80032 437453 367499 742207 212850 321565 314975 398456 457422 252485 198828 191022 490827 107460 573286 268493 557365 627560 205919 783939 602170 330549 353703 471566 759791 648677 415190 298555 231871 141152 308560 405061 308160 921251 340745 256048 458614 286592 421374 143487 636802 389269 249186 139172 179894
451374 312526 585568 396993 507198 336783 118874 629974 37757 686059 494471 614181 986068 611465 697912 970566 535110 403901 446585 250666 266991 426232 836947 787389 643045 485802 726894 261154 830871 307851 282563 647156 155900 694976 408759 165282 581106 538535 373505 683744 296526 761210 474904 530520 369405 600254 999999999 397871 433301 945976 477128 172630 817727 307689 398004 526073 690414 564980 236818 811837 372646 455311 631131 824589 821793 619825 778299 373891 707498 275972 729666 407125 395027 650761 358167 132480 369181 452257 354401 486965 427388 586603 898009 400233 461457 315594 638537 840717 529258 480686 838130 173728 365579 770361 717526 356948 264391 655351 611200 440036
73663 551780 337731 32260 756148 565526 408896 457434 367818 510274 121256 581947 727991 388825 469611 720513 582663 194921 173004 364892 156475 189404 562641 393668 306729 722025 511827 600937 481396 336166 442233 274691 308291 428958 400654 421084 532127 345485 630389 515009 168790 363340 113973 757481 124670 258136 397871 999999999 128908 654141 504661 256379 426858 569367 126265 179635 344388 222036 495006 446641 64973 106871 284877 449112 433270 221961 448639 462707 357857 483742 332138 531988 579415 411820 526740 447470 312788 394089 436147 507477 396851 264190 531015 224109 173169 226215 293279 444082 663596 401809 454487 313070 33527 396383 337547 569492 293238 259330 218929 82627
184910 643647 459545 161125 852740 516208 476228 584211 397655 635876 221924 709877 835083 260600 589692 829783 705210 323514 44581 318569 251863 68680 669587 423848 403861 820537 632793 668520 559138 268655 390287 349239 304458 543038 305220 498615 660261 473031 721728 641127 279892 369778 63596 858684 64314 167641 433301 128908 999999999 752820 627160 264872 396679 530294 255138 93461 432929 324691 579216 378541 191246 225913 378566 506493 397728 241173 353279 385221 275098 439142 348519 455519 515002 285623 630953 444632 221783 286066 361069 630713 521107 371577 464708 116715 45003 162511 386733 432764 777987 287952 409641 300323 144901 458637 289251 514663 244614 292832 205396 56950
581041 874867 360408 629865 983853 1205114 879560 358118 933368 323219 535837 539547 112092 957563 263448 125416 653686 545557 792811 1010403 698375 821462 112043 446637 349551 947826 254227 1009636 228099 989486 1087618 411012 928753 251059 1052405 855579 518428 414285 927538 332968 657583 527992 695866 954491 775590 753048 945976 654141 752820 999999999 625815 874996 637323 1200121 572655 726029 321545 432507 874830 763694 627955 549262 374295 326927 655488 554339 855253 1116522 771721 1122876 509428 1185325 1228130 958779 792471 1047064 965075 1038641 1089773 616646 579737 390510 795071 867468 783155 880317 366097 577309 788219 1040428 690654 940616 667123 341715 676703 1212874 942951 504524 613876 696690
485107 266383 343836 475275 361824 810973 365149 269878 488482 303906 488191 141042 618737 885493 368940 596932 78073 320575 667509 674858 389278 672494 517849 719364 486603 324775 371592 416571 628183 700356 733671 554582 560835 413633 801180 322220 123106 268776 305515 295257 350707 746038 617424 337959 593079 757893 477128 504661 627160 625815 999999999 526254 852999 784503 386924 682440 528329 463878 295323 917975 439689 449741 496872 681545 866039 639768 943927 808568 848101 742111 707908 859064 863394 912658 177790 608866 726523 822788 783406 11134 109634 441707 994149 685396 672054 634020 498879 837019 186214 842542 897105 581329 482680 637932 800222 829287 642688 637020 674610 587253
322718 440793 523623 265995 648682 331424 246022 603727 135409 661357 370228 647390 932465 443586 650522 920567 597363 336528 274750 152765 180929 253627 772618 649174 542956 621991 686605 425728 727039 175547 222857 526922 54202 630358 279087 282460 605104 496801 512836 662012 226918 612380 312520 664808 200559 430065 172630 256379 264872 874996 526254 999999999 657258 325294 302517 358315 586403 458800 366584 642566 253970 339482 525572 703635 659824 472232 605856 284367 536846 249991 584024 341086 363712 481851 459033 191197 216891 310103 258373 533873 444968 491178 728526 229044 290029 146250 533704 686227 627446 334982 673674 66397 228902 650217 552971 341559 119046 514114 454713 279935
397515 965719 543092 438337 1160631 898372 835636 679332 784537 707222 375149 876819 746653 427630 624137 753604 924716 544531 403165 709062 581039 435274 609885 192124 400038 1124463 663936 1027065 410492 650053 775052 313129 700238 553599 649925 845819 828594 603969 1043313 717390 581669 119929 344752 1154938 459416 256442 817727 426858 396679 637323 852999 657258 999999999 918432 491964 305905 381672 392101 915774 131208 472944 419268 378745 310404 18180 218914 238226 747264 190556 826513 153586 813570 883994 407374 925861 841121 586414 607607 727923 851591 746296 424607 162115 484791 386151 554799 380724 68504 1034082 592080 54158 696907 460385 303914 113000 892649 637212 216369 208027 378272
640555 601596 846469 584843 769508 46977 424104 915310 297759 972735 688768 920408 1255250 574748 970540 1242473 842596 658535 516055 211762 503080 483330 1096921 949734 866762 756478 1004545 499733 1048680 268777 143983 844029 271381 954265 302275 470085 885422 813564 647288 971982 546664 899962 591465 801362 475330 665069 307689 569367 530294 1200121 784503 325294 918432 999999999 627803 614519 909002 782004 530509 867886 577440 661879 848281 1017643 916392 767131 797300 205365 758790 91919 877294 178543 117754 615583 660138 175651 337356 358244 211010 794208 728338 815963 947936 433800 532966 367784 856526 960922 828229 386907 921038 260498 546641 965440 806218 72028 286083 815220 735677 567521
99729 475081 228612 94182 668902 632568 371438 336087 376957 390797 117970 456541 633959 514963 360284 623627 464277 69239 299053 440173 132223 313465 471807 407782 246230 632972 400325 552165 433794 427905 516716 253372 356468 330942 506701 369729 406522 223279 552049 394574 104860 403231 233289 664625 241687 371165 398004 126265 255138 572655 386924 302517 491964 627803 999999999 297087 292827 167031 430506 538128 67632 73060 233172 428659 502117 273115 557278 554843 462086 550414 366552 621191 658058 537169 434450 480893 419701 507871 527613 388654 277552 191307 618331 342847 299416 326044 240659 492663 555327 518868 529179 367970 116715 374556 422069 640846 376558 288970 295685 206794
205508 723858 469619 207384 931010 596993 564130 603507 490707 650806 225495 751435 816559 238570 593439 814008 760232 365878 98619 403940 327211 132077 653233 355963 385397 897697 637376 757130 517616 347763 472132 315045 397499 538515 364830 583766 701104 497182 802383 657493 347015 292200 65668 934295 157759 80032 526073 179635 93461 726029 682440 358315 305905 614519 297087 999999999 405050 317061 662420 286069 243904 246853 358361 451920 305918 181188 270932 454837 185565 522718 276820 523965 589092 250875 704293 537005 290088 333709 432854 684752 573712 365566 372294 183906 81921 248982 365800 346503 843231 327433 316567 392665 207091 409090 196579 593229 331485 235325 131119 99975
