NAME : synthetic_000197
TYPE : CTSP-D
DIMENSION : 100
GROUPS : 8
RELAXATION_LEVEL : 1
EDGE_WEIGHT_TYPE : EXPLICIT
EDGE_WEIGHT_FORMAT : FULL_MATRIX
EDGE_WEIGHT_SECTION
999999999 295329 466337 196632 307162 268967 383118 362910 149610 701066 542049 352410 542615 555144 457968 808925 504531 124839 358978 310615 213046 232225 394475 386573 125292 426017 128590 347513 360044 82348 639053 261657 134105 281938 304091 258396 184558 374306 429262 143270 355380 645667 584724 447425 334379 278835 371981 548858 184275 178549 366309 220923 302959 160255 355402 646134 434504 325703 322259 574671 519603 395374 605046 754328 399162 399751 467091 468745 632513 469078 508462 183909 670320 368146 398243 501585 154719 177250 237305 62187 659702 679945 510748 235075 462385 510382 244444 245648 602231 446268 158095 456841 160371 476458 364902 625241 540042 376593 479690 443143
295329 999999999 266676 340290 419954 54542 131289 518180 238023 412156 442038 218198 409273 583496 547900 513964 354833 413651 265907 98939 503573 272365 201075 440385 408543 338286 173625 69929 116980 250087 363210 555446 417626 27145 413470 478658 323666 417800 470920 290007 588473 351178 352321 574977 510275 26337 299763 822612 473166 240678 589854 411781 502769 280553 384240 497910 335263 499681 98192 376464 788773 542123 321643 459929 113176 220178 221153 302419 407988 680363 223609 478264 650873 597763 506609 550335 380083 394886 513897 354609 439129 678894 217797 119800 682702 251177 476776 385923 654217 516542 148065 175233 454574 592346 295845 581189 612593 644728 323245 593808
466337 266676 999999999 582636 391239 320292 358313 490956 331276 326362 693564 479404 651714 426081 811122 498456 105034 589716 149986 360542 673671 285561 73915 705288 536413 161294 346083 301973 149897 461713 233059 713995 600309 293459 669622 704288 565324 327464 356485 371937 810942 377139 535367 832884 754022 255734 564531 1014324 599004 309098 817289 453478 521145 520809 297900 726224 593863 743628 355773 586656 985832 795029 419737 409816 299405 66833 421047 56231 590034 915285 351709 638269 912806 822280 766312 418108 597685 465787 703599 527185 620734 942830 234346 382026 913452 117064 533293 397776 920851 781304 376171 335651 597511 852686 561057 840436 878208 842901 77840 847092
196632 340290 582636 999999999 502993 290113 360291 558174 323904 741700 385649 261136 403171 747056 263016 807974 645761 199425 511372 293819 260917 410028 509052 191979 287611 585740 251718 357708 445230 137913 702171 317403 187333 315477 107866 147159 17319 564026 620456 334243 254569 647667 505412 261564 171754 338711 233636 508077 320086 352120 252482 415999 492799 61834 541634 504023 294696 161263 306325 470820 470358 215967 579754 774762 404987 521298 417837 601030 541501 340087 495437 263230 479325 262073 205014 695150 89896 370304 233500 190975 562980 485845 546505 225896 343052 590420 427357 441953 405693 249664 206484 446154 281106 287607 227071 441476 344294 333172 616858 267506
307162 419954 391239 502993 999999999 435774 549739 103559 203954 710845 808590 589224 793913 254586 765105 868450 358975 375308 241679 496380 423499 147733 352015 689713 270756 254094 298701 489876 390623 372504 621960 437301 393008 427831 610796 549071 489837 98341 136567 172321 627393 722432 771770 752917 634952 393639 638976 747315 306462 187325 644030 114242 137266 459101 107143 893137 695577 627166 502635 788769 730254 699463 725158 788297 527995 339649 640735 356232 826951 746547 631149 382305 966871 641463 705379 197811 455801 158671 478117 334500 857794 980441 565987 448784 734362 493004 178270 62401 908564 752466 376053 588922 329262 782651 632445 914448 847048 606269 351652 745169
268967 54542 320292 290113 435774 999999999 120636 529736 240985 454907 399269 172484 371326 617180 493359 543341 405840 380749 307305 61040 470112 290797 253007 385941 388842 381982 160251 78893 171055 212563 412064 523904 382792 27423 359714 431421 273878 445070 500200 290067 541150 379681 339928 520787 458655 66624 249619 780708 451705 250034 541407 413089 505386 231869 412491 464664 289603 448061 66935 353036 745896 488682 336393 496393 130801 271232 211313 354061 393679 629961 239503 447945 601642 549922 452264 580414 336296 390232 475273 324738 423948 628388 259144 66049 633137 304325 471869 395253 600652 462092 112358 187955 429313 537913 245256 533623 558324 602572 374358 540234
383118 131289 358313 360291 549739 120636 999999999 646362 360171 393350 335780 139940 293736 712121 509691 448118 457847 486713 390499 73386 574106 402601 306401 399476 505807 458931 280750 63980 217621 317257 375341 629773 486221 122295 401959 507358 346661 548898 601562 410117 614426 287408 222093 550924 514679 157427 228312 866546 567261 366939 610580 533138 625272 311601 515227 374168 242094 504385 61120 246268 829646 529841 225722 416503 64532 327829 91522 404345 277251 689080 135465 555997 560749 621212 480949 680628 424739 510867 571197 434957 308222 594168 208160 151313 696159 301004 592499 512714 591602 472981 225172 86006 542318 561591 227222 485841 561377 689517 426704 578672
362910 518180 490956 558174 103559 529736 646362 999999999 290786 812916 888899 675286 878684 262757 814788 971846 449447 401355 342596 589477 429072 248106 454814 749291 291151 345535 383120 588017 493928 437924 722966 429133 419614 524071 664177 579606 547064 173604 181307 248618 643897 825939 868357 794549 671198 492008 717781 726931 305608 279770 663130 142185 87256 522136 196129 979650 776784 664567 596624 881463 715219 739139 827329 891153 627984 441772 737770 452600 922939 762577 732628 389740 1032864 658164 753746 204788 497907 188596 489107 374503 953463 1042840 669516 536047 747467 595253 158746 134921 961800 806644 459179 689378 337890 825758 711002 985342 897600 604281 445779 781220
149610 238023 331276 323904 203954 240985 360171 290786 999999999 602594 604691 385942 590364 427529 585496 734530 357890 264515 210998 299630 344294 86219 264089 499828 205978 276442 94775 305888 254677 186179 528583 382813 277491 238782 430077 407232 308436 243707 301196 52707 504895 576444 580895 584318 478494 213291 435464 686516 270009 29196 515902 173847 265400 271083 218760 690244 491642 469232 307435 590946 660010 535236 558455 667254 351112 264741 451588 325866 634592 618569 460791 307664 768996 517724 528746 379195 301573 159516 379855 204211 664719 785285 426483 245870 611993 395204 240556 155878 722784 567641 172145 413221 266280 611300 429010 713616 665059 519557 334707 584902
701066 412156 326362 741700 710845 454907 393350 812916 602594 999999999 669714 529317 611455 741016 900416 184546 403354 823184 470602 449878 912948 585972 359494 790779 801972 486310 573107 384014 348244 662213 97044 962712 828373 432571 794418 885663 726249 653467 682306 652680 995122 154655 423841 944010 904345 424013 613881 1234581 867525 589599 994163 755899 833516 685785 623112 643049 609371 893882 437971 500065 1200349 922914 255190 88641 338558 371221 383191 375054 460145 1078279 276657 884917 905090 1003387 874089 740292 790923 757274 925908 762350 482230 945336 195777 516349 1083583 217874 833273 707378 967798 862474 560221 311983 855325 953694 614198 825930 945995 1056570 390241 971988
542049 442038 693564 385649 808590 399269 335780 888899 604691 669714 999999999 227205 61377 1013383 320192 641640 791120 583561 706243 343271 645108 674901 637686 249755 658182 779999 509916 392383 548823 460050 682836 700439 572569 419902 329727 491799 386221 835955 892726 640851 564197 523236 262315 387412 436101 462983 171394 824547 700677 623746 547899 752922 841370 388744 805020 125835 113189 429940 344228 186046 783681 403392 422454 656373 397820 658357 295026 737691 257322 580271 399393 648846 235590 563148 335509 973097 475332 714992 609513 562485 259710 275765 521518 364305 598248 632442 786425 756693 319801 281197 432548 381999 663352 377583 178304 156712 323525 673259 759668 431365
352410 218198 479404 261136 589224 172484 139940 675286 385942 529317 227205 999999999 204836 786648 371229 562370 572117 428321 479785 119749 507626 450980 418016 261462 476814 554248 292222 179847 330630 272250 515238 565047 422842 194437 276349 404579 251798 610600 666960 427022 505446 409769 245719 415891 394187 237393 88838 766042 530209 402348 497952 545294 636626 229735 579127 304410 117308 384429 123633 223076 727280 399868 328679 543998 203267 437787 163341 519207 286447 567099 257985 498680 433675 510217 346338 747373 341680 512508 490984 389430 311225 463526 347971 140518 576870 436547 589679 540977 452649 333813 216474 217353 498128 424455 87354 363040 421437 593428 540508 446617
542615 409273 651714 403171 793913 371326 293736 878684 590364 611455 61377 204836 999999999 988472 372014 580287 751552 596563 675144 312299 664075 655586 599467 291219 662950 747181 496181 353847 510442 460307 628070 720523 587118 389302 361857 521359 401142 814400 870361 630086 601254 463555 200964 437304 474266 431983 173178 864088 709734 607163 586531 746188 836447 396839 782505 103587 109883 467217 311207 124814 823382 448160 362322 596007 353040 620640 242465 698045 197412 626254 344240 664109 293916 601392 380946 950738 492873 710890 633248 569411 202203 335357 469323 345344 642982 584232 785370 744846 380645 332023 419542 331026 673928 430112 180240 214687 381637 707058 720358 479984
555144 583496 426081 747056 254586 617180 712121 262757 427529 741016 1013383 786648 988472 999999999 1010047 920535 337665 629894 324394 676897 675167 345229 431445 927275 524542 269620 516568 648163 507326 611398 644040 683600 647586 600530 854616 803003 732616 183845 126678 413144 881799 802767 924313 1002567 887253 558905 850876 987530 554733 401993 898592 365864 347964 697617 210673 1080743 901044 879137 679408 958342 973986 950241 836253 828271 671624 410644 796209 371315 980785 1001008 755220 634235 1193823 895897 951655 58961 707332 412385 731416 587791 1012315 1211816 654371 649800 988532 543067 413431 316366 1149747 994141 590672 724918 581080 1031419 845000 1134870 1090774 856190 353080 997092
457968 547900 811122 263016 765105 493359 509691 814788 585496 900416 320192 371229 372014 1010047 999999999 918430 887055 425407 761992 467799 446294 671213 740329 110308 530930 838055 506625 536793 663761 399471 884056 489671 408276 520764 155531 262879 277533 826879 883425 597237 285452 775129 553190 69625 171193 555693 287616 524896 545567 613154 263478 673393 743601 314942 803942 440701 308172 171947 477158 488027 484390 107367 684955 910919 570584 755900 524465 838466 564768 267309 626726 468536 269682 279133 61475 958115 317958 626217 391075 440575 573383 257535 717502 429438 288235 793452 673803 703580 149348 40698 446616 588445 505239 58372 286682 271299 82884 400539 856617 115450
808925 513964 498456 807974 868450 543341 448118 971846 734530 184546 641640 562370 580287 920535 918430 999999999 583508 924044 634149 518170 1013451 733516 518259 813917 921543 659747 686639 464799 484548 755650 279958 1067064 926048 527370 838688 955131 794653 820622 854177 786784 1061310 163660 379326 971787 955847 532718 634378 1314647 986582 726752 1056279 899269 982753 759509 788694 581628 611422 945897 505363 456487 1277750 961081 234527 96370 413045 533560 399369 550684 394324 1129341 312673 990648 867954 1067520 903897 916300 871887 893594 1016289 867045 406051 911822 308374 594242 1138521 383005 973173 856890 958355 878274 655474 363015 968523 975336 636743 789893 949442 1137453 567730 1006046
504531 354833 105034 645761 358975 405840 457847 449447 357890 403354 791120 572117 751552 337665 887055 583508 999999999 622399 147397 452378 700310 290898 154105 784412 552858 104883 397424 398782 242399 515847 306398 734285 635262 380382 739940 755485 628551 276569 290630 387456 858277 474550 640234 902917 814488 339329 654558 1042715 610884 330985 867191 443096 495595 584704 254123 828725 688303 804384 449110 690442 1017271 861258 523116 490689 401212 134700 524448 53509 695009 968068 456734 662100 1005539 870507 838634 339568 648023 465733 737743 561809 725741 1033695 337685 462892 963785 214047 521953 381724 1004135 859709 442574 440018 616319 924955 650540 934930 957817 877420 31611 913071
124839 413651 589716 199425 375308 380749 486713 401355 264515 823184 583561 428321 596563 629894 425407 924044 622399 999999999 475349 413347 89931 338821 518488 382133 110216 537721 252833 459494 484537 169631 763197 143352 18260 397357 287928 178263 197367 458853 508838 241473 252969 760389 671639 396658 271056 399414 423773 424661 122732 291718 268832 267104 323184 201485 446587 699041 486775 265135 425799 649825 396430 340394 712059 873563 511394 522954 563914 589380 714701 371712 617742 70540 669839 266871 364026 572784 113700 219040 115348 62800 739419 670994 630981 335400 360691 635093 250968 313843 574714 424891 268586 565877 82636 428729 416803 638018 507776 255057 599009 380427
358978 265907 149986 511372 241679 307305 390499 342596 210998 470602 706243 479785 675144 324394 761992 634149 147397 475349 999999999 363475 552919 145132 116882 664205 406202 76735 259785 326636 183233 377167 380460 587375 488487 286496 610572 613022 494469 187144 227387 240401 713913 497156 599982 771844 676696 243489 554068 895338 465345 183713 723735 306659 371320 451831 154615 762990 596876 666846 363946 635968 869895 727274 517639 550326 347411 100608 472463 123195 656444 825488 432581 514794 905469 726418 710216 300489 505826 323742 590693 415183 687970 929466 342237 353104 820217 253461 386560 248950 887379 737774 315739 400663 469441 795806 549069 839677 836504 730283 126901 778564
310615 98939 360542 293819 496380 61040 73386 589477 299630 449878 343271 119749 312299 676897 467799 518170 452378 413347 363475 999999999 500881 351780 298283 358036 434085 436761 214248 69284 211213 243871 419679 556447 412986 77065 346622 440049 279241 505867 560773 347358 548362 355860 282887 502383 454497 119987 204085 797101 494880 310083 545905 470074 562522 241882 473150 404194 236471 444023 12808 292418 760749 476042 298876 481019 111538 318044 157780 399510 335502 628410 206546 482611 553273 555839 432626 640901 353717 444810 499035 361707 365323 582413 256808 77963 633999 326334 525854 454751 564262 433679 153223 155284 469332 516286 200826 482737 526965 619540 420768 526384
213046 503573 673671 260917 423499 470112 574106 429072 344294 912948 645108 507626 664075 675167 446294 1013451 700310 89931 552919 500881 999999999 411734 603559 424174 155202 611013 341600 548725 573060 258111 852093 57450 87896 487115 329090 183522 263660 514503 559905 313754 217526 849792 752754 404801 278170 489289 493550 342460 123555 369795 238699 309793 344056 277956 506917 764802 555335 275417 513453 726341 317602 348587 799757 963475 600582 606840 649048 670125 793707 334628 706164 41247 705469 231695 387068 616671 171269 265254 62427 151009 817259 701019 720906 422951 318616 723183 270624 365489 593949 453787 358150 654337 94254 437714 486808 682530 525551 183709 678401 379179
232225 272365 285561 410028 147733 290797 402601 248106 86219 585972 674901 450980 655586 345229 671213 733516 290898 338821 145132 351780 411734 999999999 229407 583861 262070 199437 171342 342260 249886 272198 503350 443637 353443 281153 515909 490620 394452 162605 220202 98074 585460 582396 624467 670536 564023 246034 508684 753433 320301 58061 597601 170498 249307 356450 134784 752719 561788 554868 357270 643554 729329 621346 579470 658253 380396 223184 493351 267630 679848 700723 484526 372618 848726 598612 614767 299848 386073 180366 453421 281860 710808 866622 426945 310994 693119 370102 249397 123421 807371 652661 246192 441520 325697 697489 502548 790813 750387 591988 271992 670869
394475 201075 73915 509052 352015 253007 306401 454814 264089 359494 637686 418016 599467 431445 740329 518259 154105 518488 116882 298283 603559 229407 999999999 635535 470061 162966 272671 245788 89043 387866 274148 645441 528575 227012 597211 630442 491735 304009 343030 308122 737259 380408 500869 760549 680317 186980 500819 943123 533762 244267 743463 399855 474461 447244 271261 679681 534236 669940 295044 544887 914065 721980 405039 436343 253280 21935 378746 101355 556848 841374 324876 569026 851494 748536 694454 413406 523932 406906 631758 455784 588162 879931 226171 312423 839590 141837 478751 348628 853120 711346 302666 299146 529952 780881 496919 780837 808792 770755 122499 774037
386573 440385 705288 191979 689713 385941 399476 749291 499828 790779 249755 261462 291219 927275 110308 813917 784412 382133 664205 358036 424174 583861 635535 999999999 478129 740785 414755 426869 556882 317512 773749 475209 367189 413249 95337 252538 202244 743430 800762 518319 314979 667695 456368 157977 186755 449555 180021 574846 504847 526118 298206 607133 684777 230763 718260 375514 209560 181162 367186 397027 533996 157708 579666 803126 460276 651878 417255 734799 474144 335931 518067 437453 288363 313520 92453 877703 268526 561941 378598 382310 486481 293900 607212 323306 351963 684089 618968 629824 224130 76160 348837 478810 464732 163211 178389 258381 173410 425850 753595 195091
125292 408543 536413 287611 270756 388842 505807 291151 205978 801972 658182 476814 662950 524542 530930 921543 552858 110216 406202 434085 155202 262070 470061 478129 999999999 459801 235045 466159 454386 204755 732097 181623 128473 398714 386788 288479 280683 359731 406470 166075 357669 759463 709942 505575 380800 388843 490590 492785 65581 227400 375325 159147 213720 269689 351716 766522 553759 374561 445391 699485 470635 449602 725028 861372 517057 470209 591288 526705 757798 476956 627578 114203 766367 371840 469463 466689 213434 112188 207423 97167 784924 770726 617690 359669 464023 599519 142873 211229 679762 527302 280875 576445 63895 537338 483482 728636 613706 338892 532935 490473
426017 338286 161294 585740 254094 381982 458931 345535 276442 486310 779999 554248 747181 269620 838055 659747 104883 537721 76735 436761 611013 199437 162966 740785 459801 999999999 334051 395651 244603 450253 391265 641307 551897 360155 686065 682716 568978 173947 196090 297508 781337 534579 662073 846757 749334 317074 629853 952240 515005 247729 792203 340949 390806 526803 149637 832836 671506 739625 436463 702462 928609 801386 566859 570774 411415 141648 537276 111906 718298 894646 487829 571620 981544 794158 785780 257220 576078 366623 652616 479444 749719 1005888 384805 429425 888389 277565 419031 278759 964057 814193 392151 460761 523676 871143 624956 915180 912932 791384 101128 852428
128590 173625 346083 251718 298701 160251 280750 383120 94775 573107 509916 292222 496181 516568 506625 686639 397424 252833 259785 214248 341600 171342 272671 414755 235045 334051 999999999 234077 231713 118424 510501 389816 260498 165680 352955 359534 234927 333662 391325 135516 465094 524420 497124 512770 417592 153948 340843 674784 299945 115677 472172 256825 349216 193036 306023 596629 396877 407616 223623 501668 644168 467527 492769 628438 283802 280784 370659 355906 549333 571707 394809 311974 677458 476640 452687 470526 252313 230635 362486 190614 578767 695338 384525 153203 568632 382438 311954 248769 638813 485439 77370 344471 283375 537548 334434 620398 583865 500102 369801 518780
347513 69929 301973 357708 489876 78893 63980 588017 305888 384014 392383 179847 353847 648163 536793 464799 398782 459494 326636 69284 548725 342260 245788 426869 466159 395651 234077 999999999 156752 290852 350648 602710 461254 68527 415301 502339 342369 485846 538091 357243 611503 301173 282734 571645 521527 96237 267662 855732 529573 309955 610188 479712 571177 302634 452052 437185 292149 511001 59710 310190 820257 544820 259009 420395 51919 266837 151616 345328 338604 694924 161422 526830 611489 619552 501904 616976 411057 460749 552492 403625 369853 642715 189317 133140 699741 258501 542694 455466 630399 502316 191243 110478 507883 585539 265149 538532 594839 677673 367374 595344
360044 116980 149897 445230 390623 171055 217621 493928 254677 348244 548823 330630 510442 507326 663761 484548 242399 484537 183233 211213 573060 249886 89043 556882 454386 244603 231713 156752 999999999 336362 279355 619976 492038 143946 525889 575983 428098 361851 407953 305536 684942 332663 417963 688510 616868 108672 414918 905556 519842 243551 688770 414814 498607 383781 327722 591390 446204 606332 207161 458294 874076 653262 338435 413248 166857 110253 292741 189092 474323 783270 250039 542220 764303 695289 620884 483139 472247 411399 593392 422194 505809 793611 177090 234385 783621 151122 489636 373241 771170 633009 240932 217605 509385 706992 411337 692914 729378 729671 210888 705224
82348 250087 461713 137913 372504 212563 317257 437924 186179 662213 460050 272250 460307 611398 399471 755650 515847 169631 377167 243871 258111 272198 387866 317512 204755 450253 118424 290852 336362 999999999 609158 312933 170446 231181 243976 242576 122263 427820 484722 200809 349926 592023 509136 399138 299548 239604 289707 573100 258692 214241 355605 297413 382806 86752 404472 563844 352164 289679 256261 495182 540009 351691 542452 708141 342634 397438 396341 473936 555237 454021 448190 238753 595854 360908 342579 560740 136481 256377 263873 119638 581676 608124 467681 166005 451745 486902 326397 313413 538524 382761 102109 396337 228808 425512 282636 547494 479526 395628 488137 402376
639053 363210 233059 702171 621960 412064 375341 722966 528583 97044 682836 515238 628070 644040 884056 279958 306398 763197 380460 419679 852093 503350 274148 773749 732097 391265 510501 350648 279355 609158 999999999 899330 770053 386950 765878 841867 685872 560460 587351 576679 951681 208970 456383 921762 869973 369893 603200 1181743 797256 512804 952906 673848 748029 643360 530919 673815 608771 859394 409060 527639 1149131 895427 295542 185144 313473 283239 388196 279552 500422 1041965 283831 821567 917673 960949 851872 643976 742334 678899 870327 701115 526144 955400 167344 476976 1045162 133893 752436 622539 964915 847955 508858 304867 788295 934570 602393 839364 936640 1004700 293970 945991
261657 555446 713995 317403 437301 523904 629773 429133 382813 962712 700439 565047 720523 683600 489671 1067064 734285 143352 587375 556447 57450 443637 645441 475209 181623 641307 389816 602710 619976 312933 899330 999999999 144022 539982 380771 227889 320665 532022 573584 346978 238809 903430 810105 443298 319096 540086 550480 312495 131038 406501 262106 323228 342138 335397 527945 820857 612043 317730 568948 783750 293138 388155 855259 1015248 654622 647327 705683 707004 851154 349253 761088 77846 752861 252232 432037 624682 228092 282970 98710 200907 874702 746276 772024 478484 330179 769023 271303 383002 635319 500176 411623 709225 117967 476093 543772 733100 566832 175626 713897 413712
134105 417626 600309 187333 393008 382792 486221 419614 277491 828373 572569 422842 587118 647586 408276 926048 635262 18260 488487 412986 87896 353443 528575 367189 128473 551897 260498 461254 492038 170446 770053 144022 999999999 400393 272570 160007 186549 475865 526205 256588 235983 762405 667155 378748 252955 404363 414780 414847 138380 305138 251397 285201 341334 194256 463099 689199 477511 247127 425557 643356 385538 322424 711862 877222 513064 533651 561664 601330 709274 354456 618322 77079 654438 249796 346960 590581 99556 237090 103314 73583 733515 654950 635320 335054 343854 642916 268996 331404 557616 408458 271180 566506 97971 410886 407869 623819 490514 242958 611424 362230
281938 27145 293459 315477 427831 27423 122295 524071 238782 432571 419902 194437 389302 600530 520764 527370 380382 397357 286496 77065 487115 281153 227012 413249 398714 360155 165680 68527 143946 231181 386950 539982 400393 999999999 386844 455376 299034 431446 485649 289592 565187 363901 344318 548107 484788 43085 274281 802115 462582 244684 566001 412370 504173 256418 398329 480221 311736 474192 78892 363220 767778 515678 327123 477014 118388 245683 213762 328262 399195 655529 229238 463325 625912 574218 479641 565541 358433 392467 494902 339685 429975 653372 237156 93086 658298 277361 474393 390467 627392 489405 129291 178798 442090 565319 270176 556957 585507 624050 348835 567293
304091 413470 669622 107866 610796 359714 401959 664177 430077 794418 329727 276349 361857 854616 155531 838688 739940 287928 610572 346622 329090 515909 597211 95337 386788 686065 352955 415301 525889 243976 765878 380771 272570 386844 999999999 162380 122019 671372 727973 442018 241285 684466 502432 163349 119491 417261 215304 505493 410634 457864 229093 522160 596336 160203 648434 454691 264044 110504 357807 453140 465220 129570 604971 817059 456474 611364 439623 692963 528794 290789 531497 342159 381919 243051 99751 802935 174799 475778 285105 292523 545354 384063 603244 293758 301259 663996 528794 549635 298192 142490 297395 486582 370373 185341 210769 353643 236436 345210 710117 180651
258396 478658 704288 147159 549071 431421 507358 579606 407232 885663 491799 404579 521359 803003 262879 955131 755485 178263 613022 440049 183522 490620 630442 252538 288479 682716 359534 502339 575983 242576 841867 227889 160007 455376 162380 999999999 160875 626989 679559 399199 109824 794670 645444 223134 95793 473533 363328 361745 289704 436372 113088 444044 500945 199879 610945 616302 418847 92117 452664 604161 323548 166513 726596 921033 550695 639849 563905 715329 677668 212600 642573 208301 525074 119404 204303 746864 107467 395762 129250 215520 696863 518596 689989 369408 209200 724915 428119 486847 410467 272299 335415 593148 250440 255909 357595 507926 342110 189844 728679 202801
184558 323666 565324 17319 489837 273878 346661 547064 308436 726249 386221 251798 401142 732616 277533 794653 628551 197367 494469 279241 263660 394452 491735 202244 280683 568978 234927 342369 428098 122263 685872 320665 186549 299034 122019 160875 999999999 549353 605966 320218 269281 633869 496967 278014 188992 321755 229897 520516 316226 336471 267980 404897 483257 44535 526544 502827 291927 178516 291830 464673 483186 233007 567392 760258 390123 503984 406396 583747 534332 356718 482002 263263 488144 277183 220317 681101 92665 359776 240055 183580 556472 496014 530885 210093 359291 573555 418959 429134 418761 262662 189178 432359 277922 303623 223148 447987 358250 344678 599612 284627
374306 417800 327464 564026 98341 445070 548898 173604 243707 653467 835955 610600 814400 183845 826879 820622 276569 458853 187144 505867 514503 162605 304009 743430 359731 173947 333662 485846 361851 427820 560460 532022 475865 431446 671372 626989 549353 999999999 57670 231243 711800 684028 767597 821130 708190 392003 670869 843321 400991 218510 727035 209396 231408 513887 34234 909616 723028 699732 509840 794084 825152 769626 700122 735287 516432 287325 637021 284030 823841 830266 611105 473279 1011113 725653 768887 137380 528071 249806 566472 411608 855239 1028458 528548 471652 819537 438424 276607 149303 965992 810479 408789 574262 420786 849486 664804 953412 907324 698097 275017 817381
429262 470920 356485 620456 136567 500200 601562 181307 301196 682306 892726 666960 870361 126678 883425 854177 290630 508838 227387 560773 559905 220202 343030 800762 406470 196090 391325 538091 407953 484722 587351 573584 526205 485649 727973 679559 605966 57670 999999999 286781 761654 723073 818666 876566 762321 445430 728149 882709 442891 276167 777601 250787 254386 570968 87860 964863 779902 754038 564328 847377 866331 824594 744741 766300 566524 324547 688628 307877 875049 880546 657979 518685 1068780 775629 825141 80412 582228 294763 613881 464048 906521 1086103 569151 528451 869043 471198 309734 195472 1023101 867469 466348 623092 465703 905215 722119 1010962 964103 742815 295195 871878
143270 290007 371937 334243 172321 290067 410117 248618 52707 652680 640851 427022 630086 413144 597237 786784 387456 241473 240401 347358 313754 98074 308122 518319 166075 297508 135516 357243 305536 200809 576679 346978 256588 289592 442018 399199 320218 231243 286781 999999999 490452 629031 629746 589927 477595 265567 470084 655713 227207 64029 503597 123035 215334 287556 212290 731247 528440 468963 355819 636872 631323 538416 610888 718624 403174 306417 501284 360646 682845 606980 513131 274886 794556 503843 538558 360917 297688 106918 355646 186424 712659 808267 478582 288691 598372 442904 187851 116074 738660 582644 210667 465237 229062 618447 463392 742658 678422 493979 366969 586398
355380 588473 810942 254569 627393 541150 614426 643897 504895 995122 564197 505446 601254 881799 285452 1061310 858277 252969 713913 548362 217526 585460 737259 314979 357669 781337 465094 611503 684942 349926 951681 238809 235983 565187 241285 109824 269281 711800 761654 490452 999999999 901822 741170 224996 128224 583153 454936 264255 340061 533669 24337 516816 560231 309425 698938 690030 505329 134320 560887 694235 224146 178213 831071 1029331 659393 745877 667070 819796 769550 119286 749194 254748 554892 14267 240115 824202 213469 469564 155567 304051 786564 539482 799521 478777 107991 834287 486509 566399 418052 308801 444766 700392 306010 255675 449890 552921 351308 115145 832295 186628
645667 351178 377139 647667 722432 379681 287408 825939 576444 154655 523236 409769 463555 802767 775129 163660 474550 760389 497156 355860 849792 582396 380408 667695 759463 534579 524420 301173 332663 592023 208970 903430 762405 363901 684466 794670 633869 684028 723073 629031 901822 999999999 270804 824421 799879 370775 487826 1152936 824271 570676 897738 744463 830373 597667 650836 489403 473820 789738 343079 348092 1116432 809580 102108 136126 249476 398526 250664 432849 305526 974069 153237 827083 757381 908521 755369 791050 709355 735941 853038 703517 327679 798814 156521 431228 982118 261072 816454 705592 829828 735800 491825 201522 805498 830648 489308 678160 813587 975396 452905 856287
584724 352321 535367 505412 771770 339928 222093 868357 580895 423841 262315 245719 200964 924313 553190 379326 640234 671639 599982 282887 752754 624467 500869 456368 709942 662073 497124 282734 417963 509136 456383 810105 667155 344318 502432 645444 496967 767597 818666 629746 741170 270804 999999999 612691 621751 378644 287136 1004600 767402 588757 730927 752663 845062 475189 733604 219366 246861 612931 273957 78387 965015 611899 168860 398778 252771 522776 131168 588537 56482 788108 186606 742173 491186 744336 548771 896581 587378 727608 736597 628551 88014 534164 316625 351339 801348 443913 808441 734464 580048 512498 432319 201756 737807 611359 291731 412397 575278 835227 611254 651445
447425 574977 832884 261564 752917 520787 550924 794549 584318 944010 387412 415891 437304 1002567 69625 971787 902917 396658 771844 502383 404801 670536 760549 157977 505575 846757 512770 571645 688510 399138 921762 443298 378748 548107 163349 223134 278014 821130 876566 589927 224996 824421 612691 999999999 127341 579838 337535 456361 512406 612874 201790 655115 719290 320019 800446 509196 366003 131911 512743 550318 416023 56652 737443 959441 609325 774698 574409 856213 627380 197712 673716 431406 332080 217045 70003 948796 297802 607112 346100 421074 637445 314641 756785 455201 218876 824405 647574 690685 194015 106298 460359 632648 472741 32915 335504 339584 126473 338992 873227 45891
334379 510275 754022 171754 634952 458655 514679 671198 478494 904345 436101 394187 474266 887253 171193 955847 814488 271056 676696 454497 278170 564023 680317 186755 380800 749334 417592 521527 616868 299548 869973 319096 252955 484788 119491 95793 188992 708190 762321 477595 128224 799879 621751 127341 999999999 509910 334627 389834 385244 507600 112266 533421 594223 233504 689780 561935 381246 10596 466376 570968 349166 70729 722773 931079 565812 692081 557495 770983 647088 174401 646652 304078 438680 127228 117098 832182 180130 485170 220842 300668 662754 428660 710791 393135 182715 761135 521930 572551 316384 186936 378048 600235 345734 160126 330198 429513 247891 240299 786161 110390
278835 26337 255734 338711 393639 66624 157427 492008 213291 424013 462983 237393 431983 558905 555693 532718 339329 399414 243489 119987 489289 246034 186980 449555 388843 317074 153948 96237 108672 239604 369893 540086 404363 43085 417261 473533 321755 392003 445430 265567 583153 370775 378644 579838 509910 999999999 316164 812677 453871 214989 585605 386815 477495 277831 358544 521983 354701 499342 120952 402100 779558 544874 345391 475514 137988 204815 247477 287761 434281 678107 247566 462547 668104 592908 512263 525013 372554 371062 502416 339231 465403 695007 231952 126329 679472 251985 452841 359988 666163 525576 139004 200116 436771 598419 311853 599624 622528 635215 307883 596792
371981 299763 564531 233636 638976 249619 228312 717781 435464 613881 171394 88838 173178 850876 287616 634378 654558 423773 554068 204085 493550 508684 500819 180021 490590 629853 340843 267662 414918 289707 603200 550480 414780 274281 215304 363328 229897 670869 728149 470084 454936 487826 287136 337535 334627 316164 999999999 718958 536588 455783 444034 581529 670098 223661 640955 276426 63349 325797 209819 240839 679052 328653 399947 623442 292003 519868 237270 602172 314975 502471 339194 491851 352098 457639 269563 808248 322388 543784 466552 396440 333541 379137 435857 202343 514873 525167 616001 586076 363812 248894 263652 302424 500763 342822 7109 285915 333618 552759 622982 371981
548858 822612 1014324 508077 747315 780708 866546 726931 686516 1234581 824547 766042 864088 987530 524896 1314647 1042715 424661 895338 797101 342460 753433 943123 574846 492785 952240 674784 855732 905556 573100 1181743 312495 414847 802115 505493 361745 520516 843321 882709 655713 264255 1152936 1004600 456361 389834 812677 718958 999999999 442880 712240 277583 633972 640179 555275 840232 950185 769520 397106 809870 958489 40898 424688 1087796 1276125 905836 947534 925602 1012379 1033731 262886 1002010 380836 783769 262897 491972 928654 444695 595196 312301 487339 1050815 759474 1039262 722978 239167 1056663 574721 694802 630930 555958 674655 951772 428916 479930 713805 795924 572257 178137 1020847 410843
184275 473166 599004 320086 306462 451705 567261 305608 270009 867525 700677 530209 709734 554733 545567 986582 610884 122732 465345 494880 123555 320301 533762 504847 65581 515005 299945 529573 519842 258692 797256 131038 138380 462582 410634 289704 316226 400991 442891 227207 340061 824271 767402 512406 385244 453871 536588 442880 999999999 290025 360398 192287 220534 313048 397370 812990 599934 380564 506481 753285 424175 455764 788097 926881 580763 533167 651261 587072 813922 457917 690952 85463 792552 354301 484460 495958 236347 152353 184535 141164 840329 793329 683153 419175 442158 664464 147070 252048 694879 546731 342102 639600 40445 544994 529511 760311 627367 301469 592244 491772
178549 240678 309098 352120 187325 250034 366939 279770 29196 589599 623746 402348 607163 401993 613154 726752 330985 291718 183713 310083 369795 58061 244267 526118 227400 247729 115677 309955 243551 214241 512804 406501 305138 244684 457864 436372 336471 218510 276167 64029 533669 570676 588757 612874 507600 214989 455783 712240 290025 999999999 544856 174193 263147 298395 192165 705943 510563 498313 316955 602421 686339 564059 557864 656779 352754 243142 458439 300698 643200 647595 460887 332365 792780 546554 556774 355019 330768 167931 407042 232141 673696 809953 418382 261831 640875 378985 246431 145782 749486 594669 192206 414804 289158 639653 449477 736075 692347 546582 308607 613840
366309 589854 817289 252482 644030 541407 610580 663130 515902 994163 547899 497952 586531 898592 263478 1056279 867191 268832 723735 545905 238699 597601 743463 298206 375325 792203 472172 610188 688770 355605 952906 262106 251397 566001 229093 113088 267980 727035 777601 503597 24337 897738 730927 201790 112266 585605 444034 277583 360398 544856 999999999 534364 580076 309606 713318 673699 492651 119614 558301 682108 236953 156645 824984 1026401 657274 752712 660397 827718 757879 103429 744776 274945 532530 15775 220227 841263 219860 486799 176381 317295 774160 516419 798862 478067 96598 837305 506321 582673 394373 288172 447992 696585 325458 232105 439239 532195 327893 137350 840737 162677
220923 411781 453478 415999 114242 413089 533138 142185 173847 755899 752922 545294 746188 365864 673393 899269 443096 267104 306659 470074 309793 170498 399855 607133 159147 340949 256825 479712 414814 297413 673848 323228 285201 412370 522160 444044 404897 209396 250787 123035 516816 744463 752663 655115 533421 386815 581529 633972 192287 174193 534364 999999999 92457 380620 209039 848393 641873 526326 478708 758398 616300 600250 731371 826665 524767 392927 624319 429277 805569 636102 634000 268692 891171 530987 612528 307746 357579 48302 365557 234093 835250 900751 591155 409119 623034 540549 79923 63229 819980 664646 329215 586895 215552 685923 574629 844786 756127 492177 429677 643771
302959 502769 521145 492799 137266 505386 625272 87256 265400 833516 841370 636626 836447 347964 743601 982753 495595 323184 371320 562522 344056 249307 474461 684777 213720 390806 349216 571177 498607 382806 748029 342138 341334 504173 596336 500945 483257 231408 254386 215334 560231 830373 845062 719290 594223 477495 670098 640179 220534 263147 580076 92457 999999999 463053 244302 939010 731143 588154 571116 850674 628071 663272 820988 907241 615470 464880 716538 490061 898020 678397 724020 305515 971357 574491 682207 289355 425642 126492 404891 303900 927707 978616 675659 501232 662671 616271 73756 126282 891935 738163 420986 677585 254726 751052 663132 928074 826468 517479 486933 703522
160255 280553 520809 61834 459101 231869 311601 522136 271083 685785 388744 229735 396839 697617 314942 759509 584704 201485 451831 241882 277956 356450 447244 230763 269689 526803 193036 302634 383781 86752 643360 335397 194256 256418 160203 199879 44535 513887 570968 287556 309425 597667 475189 320019 233504 277831 223661 555275 313048 298395 309606 380620 463053 999999999 489826 499981 286978 223038 254634 449134 518874 276563 535039 722140 351547 459600 377030 539567 515765 400299 447014 270968 510744 318060 259820 647323 114399 337504 263526 173755 539549 521946 490124 169578 402165 529770 402348 399635 452132 296639 144650 396538 277127 344512 216605 465030 393992 377952 555610 328372
355402 384240 297900 541634 107143 412491 515227 196129 218760 623112 805020 579127 782505 210673 803942 788694 254123 446587 154615 473150 506917 134784 271261 718260 351716 149637 306023 452052 327722 404472 530919 527945 463099 398329 648434 610945 526544 34234 87860 212290 698938 650836 733604 800446 689780 358544 640955 840232 397370 192165 713318 209039 244302 489826 999999999 877149 692264 681065 476883 760641 820580 749804 666052 704155 482291 255143 603111 256910 789876 816724 576890 465882 983154 712626 746648 168262 509966 245035 556650 396436 821288 1001357 495126 440800 806891 407153 281675 146276 941480 786401 380028 540044 414174 828239 634986 924400 883765 690586 249650 798274
646134 497910 726224 504023 893137 464664 374168 979650 690244 643049 125835 304410 103587 1080743 440701 581628 828725 699041 762990 404194 764802 752719 679681 375514 766522 832836 596629 437185 591390 563844 673815 820857 689199 480221 454691 616302 502827 909616 964863 731247 690030 489403 219366 509196 561935 521983 276426 950185 812990 705943 673699 848393 939010 499981 877149 999999999 213078 555765 401336 146419 909308 528077 387879 613594 427539 701322 305903 775477 188278 704028 395118 766065 293935 688965 460142 1045053 593904 813722 731815 672833 176320 339609 525436 444454 722576 647910 888639 845387 416295 402994 520584 394069 776943 496827 283514 221182 433137 798862 798108 553910
