NAME : synthetic_000713
TYPE : CTSP-D
DIMENSION : 100
GROUPS : 8
RELAXATION_LEVEL : 1
EDGE_WEIGHT_TYPE : EXPLICIT
EDGE_WEIGHT_FORMAT : FULL_MATRIX
EDGE_WEIGHT_SECTION
999999999 315259 1075073 699441 605702 147208 851081 246897 723697 407735 875538 11007 437085 815978 394273 118091 733447 1082172 743583 522191 777333 813278 630785 883602 867138 628405 915173 955680 1028497 88705 568841 709349 86264 701684 192268 217963 987146 651984 673209 421293 463406 785970 350343 1114540 878787 414812 723465 851260 731345 634873 780409 785613 629499 855825 426665 757792 674459 590226 868569 141013 406409 541325 297793 353534 464725 531257 238285 756507 239564 810439 117945 639587 577773 378021 592713 621573 284715 782738 801759 229860 535877 778852 746784 641324 688572 206642 463726 778631 838043 397268 928379 606638 697566 211318 524457 470405 513084 943079 687532 826224
315259 999999999 917122 470363 412530 272951 931756 379778 479524 599361 684851 315634 306870 501272 336978 233773 528497 963670 438683 292774 638620 977079 712521 848423 734654 672825 763838 891960 917737 368140 584096 713730 380841 460552 143395 107036 906467 792061 402692 482121 478099 490929 361245 957770 658039 315551 802104 602291 795814 457447 579425 611073 555383 906642 457536 769549 572362 702442 639045 198675 228233 259330 64045 300708 231196 464742 97423 672109 83820 955669 432481 426665 313055 448260 756678 467519 40767 474641 541064 268101 718191 700465 682708 473755 754404 137197 177742 897191 966986 624928 717810 699756 822564 177877 564074 223656 608008 922051 606924 695528
1075073 917122 999999999 470091 504593 929341 727186 874708 485069 933011 244227 1066494 644698 828603 681662 1082230 397027 142885 710069 627076 297859 969175 708433 402460 213621 632585 159915 314933 164303 1045102 605065 532736 1066911 493908 1023942 992010 261843 848872 588265 730486 661810 640809 738218 40663 316673 661474 701205 422650 666084 460724 347879 306056 465973 641130 698478 537793 408679 775939 349425 950572 701140 700992 981165 721580 686607 553979 997441 356565 920827 909388 1138992 495507 637345 760766 898366 459819 952921 731354 487447 845919 932349 349560 391913 446834 669778 1027458 762593 818993 869135 1009346 255052 734287 817990 879281 658655 696926 748611 441806 413482 252842
699441 470363 470091 999999999 113140 571212 799538 574747 45446 731120 226418 693567 282951 419414 363978 671536 78676 551100 283097 182241 259022 962407 646772 564574 337355 568844 337104 557955 518778 700068 482670 532233 720944 33014 596859 561267 546950 784801 128184 512950 450459 241473 442599 509578 187791 318814 700929 156568 675524 126043 122875 183622 331514 735692 468920 578842 288993 684571 171272 559908 293056 232297 532932 384632 244677 328564 561126 368074 495590 916253 792208 65936 168632 517264 795041 172766 509601 320039 131721 495483 795012 395092 406996 144612 649874 596585 300934 829959 900217 795706 247933 655482 784224 488181 510202 247745 607008 642387 340157 310400
605702 412530 504593 113140 999999999 470910 713050 464683 154761 618036 276799 598955 175495 488058 252303 590782 127750 558737 352115 125798 237227 860803 545697 511209 330869 470798 352731 524091 517339 598571 380569 447702 619883 134382 524330 490839 524573 679871 190854 400454 339335 329585 330475 545240 273760 209019 606576 267239 583744 49876 175750 198542 244079 655705 356387 498482 217908 578851 266772 469381 204277 222877 476573 275898 182424 221521 494636 312920 421005 817080 692055 48615 168200 404132 686276 85519 448599 394691 243750 391990 683891 342251 343212 72124 554639 526485 265859 733203 804585 682606 323054 551958 682765 396591 403342 194380 498102 589992 267883 294833
147208 272951 929341 571212 470910 999999999 735114 127699 599815 336329 735043 137896 297645 746641 247798 200956 597928 934964 655733 402047 631484 732620 511265 741175 720511 497646 769534 810605 881318 129094 430146 571244 149746 577358 214512 216494 840952 556845 562282 288027 321747 687299 204343 968607 744611 271749 604825 726238 608312 495955 643144 643572 482404 730659 286586 621820 527379 481185 736919 83830 281439 443439 287121 208109 351027 384056 239250 609494 189765 720317 221276 508555 468356 245078 508733 479188 259588 698199 682456 83440 461517 632107 600640 500547 565157 229237 374870 676000 740730 353636 791175 490555 596353 105352 389764 361317 394867 803131 540447 679651
851081 931756 727186 799538 713050 735114 999999999 610193 844392 474848 739913 840099 662388 1200340 600901 935253 744867 618965 1065061 789846 585950 255421 224184 324756 580740 261621 643325 417091 572268 772044 355956 267305 786826 830888 940084 929958 473543 235901 903772 455177 454514 1038631 571677 744461 826965 635983 131013 902120 137203 678038 743191 676180 469970 86394 474567 223935 511780 262400 849199 810304 742705 900546 977354 632393 803347 510210 949451 455122 872979 194556 834184 754507 865638 494940 312938 631669 942791 1107717 919299 686020 377787 437860 408445 656669 177420 952968 896223 122064 145857 530897 816129 245086 181039 775662 367833 824446 340406 298391 461672 569743
246897 379778 874708 574747 464683 127699 610193 999999999 610282 219732 704622 235974 292209 816402 213601 325337 584695 862755 710950 428772 580356 606886 387289 642726 661568 381508 717336 720301 807261 183103 325404 464577 203334 587857 341315 340056 756118 429370 593963 175627 226152 730097 140370 912351 730722 255996 480694 731057 486369 477452 624113 609978 411615 610194 187798 511730 466055 354026 728746 209368 311953 496813 404954 190515 391592 320895 362207 534547 301378 593081 270829 509020 506446 132889 383344 449777 374319 755525 697920 115421 339743 553465 517600 475989 443356 355727 441969 548417 613035 253790 769022 365147 468670 201923 278613 407170 269900 699066 468061 621875
723697 479524 485069 45446 154761 599815 844392 610282 999999999 772131 241298 718334 318104 381013 401798 689196 111872 575123 246268 201748 296029 1007778 692135 604822 368720 614284 361624 593959 546073 728906 527926 577106 749442 22571 611127 574884 580096 829872 103225 555198 493754 198960 480710 523566 184355 355199 746319 127611 720812 171378 145963 214490 376822 779890 511128 623254 333311 729511 161022 583184 319006 229643 540641 419770 261891 373054 572971 409755 511775 961693 819934 106218 168347 558024 839364 218174 519597 280727 89251 526433 838375 436176 449751 190046 695295 609740 304928 875396 945626 835611 248532 700677 829586 512557 554884 261406 651244 682160 384312 344729
407735 599361 933011 731120 618036 336329 474848 219732 772131 999999999 810907 397437 465462 1022398 376613 512864 721234 887105 908670 614834 662595 405635 283401 616259 723691 325703 787932 710434 830375 320426 328166 431681 330256 750806 548610 552812 757617 251911 776336 221796 291109 917944 300031 966126 858635 426366 361998 881777 382223 615692 750842 717447 478622 503402 264641 460123 542653 219587 864057 420100 508823 698164 621937 373741 589292 419243 575578 576446 519971 404184 365842 666152 697191 214159 186045 577068 592422 954025 861375 334093 128478 585341 543532 606857 345689 563765 652066 382893 435748 76528 884032 252610 302881 421488 274365 607303 191297 651437 523407 689102
875538 684851 244227 226418 276799 735043 739913 704622 241298 810907 999999999 868058 438495 600024 495069 867052 156887 339543 474251 392155 160796 948083 646419 444241 170711 563816 133962 401772 318330 858918 502778 489286 880678 249681 800989 767200 373052 793044 344513 591478 520803 410192 564258 283350 97442 463584 671959 201071 639956 241103 106132 95031 336886 661851 551728 519124 272650 702335 128665 742582 480596 458314 748595 529315 453800 395089 770231 287616 697717 893638 953491 258361 394580 611415 824219 256879 722359 500217 255454 652800 842181 302179 334936 234517 627692 802858 523221 801956 865060 883931 78196 664847 776810 669837 548023 461754 647766 512933 306421 170972
11007 315634 1066494 693567 598955 137896 840099 235974 718334 397437 868058 999999999 429563 815725 385375 125302 726674 1072754 741698 517009 768699 803030 619779 873122 858224 617481 906613 945489 1018981 79301 558174 698628 78672 696256 195981 220275 977170 641288 669137 410479 452950 783166 340438 1105898 872253 406704 712463 845845 720341 627568 773409 777842 619904 844825 416123 746982 665273 579282 862363 136688 400515 538257 300367 344914 460061 521812 241085 746844 238558 799917 116847 633336 573722 367221 582260 613694 286097 781181 796946 220891 525654 769057 736814 633730 677569 210635 461238 767819 827352 387896 921431 595641 686762 205777 513647 466180 502077 932424 677925 817332
437085 306870 644698 282951 175495 297645 662388 292209 318104 465462 438495 429563 999999999 571128 88944 437780 300987 670722 448354 151093 350522 762779 460691 542388 445019 401695 485447 585576 621404 424091 306541 420084 445572 295712 385507 357080 602222 574747 310910 264117 222246 452669 166374 684897 448008 39097 539662 439485 525517 198391 345532 348893 248651 623423 222808 476073 268180 474368 442214 306558 83690 249103 366945 101762 143290 162352 366979 366358 285233 727807 518065 217568 234643 254254 564637 185812 333630 493897 406044 217135 549515 394291 375845 204264 488148 391301 233851 653750 726211 523554 493536 457576 590100 234701 305591 164344 382675 617067 300262 404327
815978 501272 828603 419414 488058 746641 1200340 816402 381013 1022398 600024 815725 571128 999999999 656815 730441 492885 939250 137110 422628 677002 1330965 1021203 983855 747087 951762 731197 974811 917178 860804 857878 935731 876015 386434 638527 604939 959141 1144163 299254 834840 791076 189838 726295 862431 513146 608113 1089812 406041 1069052 527344 522174 594005 732136 1143696 793935 986391 700997 1043023 479918 688963 514247 325070 532324 650443 434569 696294 589303 786494 577628 1292442 932325 449997 340343 820735 1135678 571810 535321 100783 344639 704580 1117874 814023 823415 550211 1037514 628401 375079 1212872 1285110 1069054 573563 1022502 1155432 641298 869631 415656 953098 1061781 752200 725237
394273 336978 681662 363978 252303 247798 600901 213601 401798 376613 495069 385375 88944 656815 999999999 418143 371099 689868 536215 239547 383814 682769 389379 522693 472866 339585 521940 579692 637244 365723 248082 377191 387580 379732 383470 361485 604251 494078 399725 178510 147985 541613 78954 720849 517277 49932 473883 519466 463839 263959 411071 401428 241897 570723 139827 432836 281033 395255 515173 279773 148977 332587 389911 43411 223733 142680 376113 368622 293401 650824 460292 298042 322843 165570 479413 238437 355057 581759 490609 164491 461776 393505 366759 263414 423942 392388 305272 580991 653010 435694 556979 382564 513405 215858 234950 243951 301472 592707 299326 431961
118091 233773 1082230 671536 590782 200956 935253 325337 689196 512864 867052 125302 437780 730441 418143 999999999 716713 1104660 672424 489443 788012 917633 711738 932942 881737 698144 923191 996374 1053309 203191 627604 768423 203942 668284 91935 126867 1022327 749109 624726 488563 517536 723061 394935 1122519 857185 425111 805285 815890 809227 627124 766177 782418 660027 931595 484210 820183 696326 678930 842802 138958 386542 484660 199130 374786 427652 560717 141138 786696 177980 910628 227698 617452 530747 445820 694754 622520 196210 708282 759881 266215 641281 811623 783884 637641 766074 102588 403204 871995 934619 509920 911896 690335 791534 204720 589506 428132 594848 997867 717438 840835
733447 528497 397027 78676 127750 597928 744867 584695 111872 721234 156887 726674 300987 492885 371099 716713 999999999 473040 357907 235728 184223 921678 607541 494198 258974 526963 259216 482159 440140 725028 447160 478707 746460 109439 647461 613045 469321 749837 206616 499745 432651 309393 446837 437070 147076 331859 653738 166311 626167 107682 50940 104977 285738 676903 456593 521746 233904 651687 144576 596963 330882 304212 592112 399117 297822 305134 615189 301342 544550 872746 818837 101849 240737 510588 767138 144407 566378 392549 174603 518114 773422 326762 343310 114402 604041 648674 366626 784253 852957 789706 195567 619475 744304 524209 481467 305100 581019 571119 283238 233262
1082172 963670 142885 551100 558737 934964 618965 862755 575123 887105 339543 1072754 670722 939250 689868 1104660 473040 999999999 813564 684532 325081 869241 636963 301713 229124 569092 214025 202858 56788 1041252 562634 463130 1062658 579384 1056205 1027097 146229 768575 676865 702949 639316 749495 734259 139313 428135 679654 613268 535952 578294 510205 429823 370049 453519 532729 677630 454540 408968 707646 461495 968133 738457 772509 1027145 732399 739141 550944 1035527 328249 955148 808399 1132789 561532 710421 738598 826075 496157 996353 839677 594622 852888 867794 310198 348914 491561 589852 1061701 824360 720940 764043 963435 373860 665565 731380 899954 617516 752668 696832 322887 395823 268238
743583 438683 710069 283097 352115 655733 1065061 710950 246268 908670 474251 741698 448354 137110 536215 672424 357907 813564 999999999 297431 541556 1201970 890059 847126 614451 818872 602607 840046 788437 777182 725812 799743 794335 250221 581800 545708 826164 1016445 162324 712231 664355 77557 609361 745786 393521 486580 956323 290390 934743 390467 390029 460516 596056 1007338 670143 849972 563972 915008 361204 608416 400915 214526 482967 534930 320321 564076 534150 649524 504764 1161794 856153 313098 213800 701639 1011842 435249 477267 45548 222752 603700 997819 677161 686307 413249 904107 574315 282082 1080737 1152747 960076 456909 892736 1025388 551960 740328 303840 826939 925182 615205 590993
522191 292774 627076 182241 125798 402047 789846 428772 201748 614834 392155 517009 151093 422628 239547 489443 235728 684532 297431 999999999 362385 908462 600446 621521 456560 534358 477645 643200 642923 530872 439248 532956 550930 180036 414949 379645 647052 721537 165198 414801 368488 303588 314809 667616 369171 189677 673200 329353 655154 174851 286651 321688 336371 741552 372811 587135 326916 620408 353484 381520 121099 111696 356448 242989 62751 279795 380480 426737 313370 870806 620446 133891 83631 405110 714653 199369 330753 342956 280807 333414 700587 456358 450989 195264 620946 415106 140290 793058 865519 670234 426760 600496 733475 311328 447540 69890 530713 699770 372925 420087
777333 638620 297859 259022 237227 631484 585950 580356 296029 662595 160796 768699 350522 677002 383814 788012 184223 325081 541556 362385 999999999 787945 485764 312151 96052 403212 138175 298970 280893 747867 345753 329801 769704 291577 734484 704288 291049 632424 386052 448030 377377 493200 442119 337207 241225 364642 512226 320850 480773 187607 164398 92089 183989 511227 411652 362898 120132 542639 263469 654448 414255 457654 702157 423802 414909 259989 711850 130830 632434 734083 842000 249000 398494 473413 665079 171175 671586 576751 351145 548066 685553 150694 177700 167499 467252 739251 502675 642673 706965 737270 238979 504643 616077 583936 393617 429233 492028 387992 146591 57720
813278 977079 969175 962407 860803 732620 255421 606886 1007778 405635 948083 803030 762779 1330965 682769 917633 921678 869241 1201970 908462 787945 999999999 315650 569447 802696 394761 868605 666400 820124 725576 480400 459049 734266 990702 947124 946933 723056 188754 1047718 506749 540729 1189661 627300 989697 1026150 728238 276494 1086545 309718 836402 930944 871895 635945 339017 542951 436678 691460 288421 1043711 815788 831682 1011856 1009580 701092 905005 640216 969006 661397 904277 61113 761851 907355 990707 532965 223911 789659 977476 1246849 1090864 710316 277419 651177 614421 818395 320974 961844 987581 150307 112142 427518 1026148 309481 178209 803024 461658 925694 381298 552286 647290 784192
630785 712521 708433 646772 545697 511265 224184 387289 692135 283401 646419 619779 460691 1021203 389379 711738 607541 636963 890059 600446 485764 315650 999999999 346160 517238 82657 584538 445303 581688 554753 165143 175998 570881 675073 716037 706470 497361 146678 733788 232125 241475 875014 351286 736060 718317 429716 93561 773173 102368 520757 619531 564410 322378 227389 255548 186290 380774 71660 733712 586121 536334 707430 755873 416547 603954 326270 726247 367622 650869 271852 623445 591936 681132 271012 190217 474040 721553 934546 775508 462244 232096 364710 323618 502879 62541 729015 692455 193109 265611 352969 724495 31247 137452 552571 155314 625030 117728 371424 340451 491805
883602 848423 402460 564574 511209 741175 324756 642726 604822 616259 444241 873122 542388 983855 522693 932942 494198 301713 847126 621521 312151 569447 346160 999999999 274667 290570 330075 100814 250874 825761 317795 185967 845639 597586 905910 884068 156157 469560 687055 468433 420210 803461 538581 420745 538992 533888 312358 629881 277664 464538 476233 402892 294254 238872 457112 159870 294998 417820 566279 794381 624531 730119 906586 565193 657870 384560 898097 198892 815086 508994 910107 539352 679204 510117 531073 426571 872352 884597 663290 667092 578086 170315 170707 441043 293295 915055 754142 420169 467109 690581 515119 376495 430321 736693 368445 676810 426041 78793 249061 276368
867138 734654 213621 337355 330869 720511 580740 661568 368720 723691 170711 858224 445019 747087 472866 881737 258974 229124 614451 456560 96052 802696 517238 274667 999999999 437105 67300 233408 186596 833690 397508 346960 855440 368377 829760 799870 212077 662387 465512 517544 448466 559156 526070 250786 267265 457166 526937 365029 493073 281803 224914 154335 252414 499565 484950 366642 195621 580636 296612 747068 510164 548426 798206 514040 510261 341286 807667 151084 727972 745673 927187 337764 487728 547241 704121 267227 767627 646304 408900 637333 732200 153174 193623 262636 487818 834739 596726 653597 712528 799672 240499 540189 638629 677264 449778 524141 543325 342234 201075 41005
628405 672825 632585 568844 470798 497646 261621 381508 614284 325703 563816 617481 401695 951762 339585 698144 526963 569092 818872 534358 403212 394761 82657 290570 437105 999999999 504358 385424 512944 559474 95500 106912 577577 597898 691941 678423 434260 229228 660526 209626 194750 800353 316274 661682 635842 374462 138873 692130 124419 443135 537658 481853 241283 236184 219278 137192 298542 143828 651551 566010 481291 643628 720801 372372 543695 255602 696770 286667 617911 347410 636512 515985 613034 252645 267166 396178 685993 862845 696408 437963 300432 285613 243858 424407 86747 703895 635483 262416 334029 400320 641873 103091 217474 523654 110601 564835 135953 330209 257793 410471
915173 763838 159915 337104 352731 769534 643325 717336 361624 787932 133962 906613 485447 731197 521940 923191 259216 214025 602607 477645 138175 868605 584538 330075 67300 504358 999999999 273933 186014 885974 463029 413934 907806 365409 866574 835266 240655 729642 462959 578884 509031 541507 579787 199685 230210 501625 593261 335030 559193 306416 215961 157669 312827 560871 544700 432100 252508 647833 262297 790925 544237 560633 827813 561701 535056 396472 841518 218076 763758 811197 980048 350413 497962 606886 771323 301469 798593 630846 387514 686101 798897 220326 260922 290638 554744 870564 616082 719172 777074 863652 190938 607446 705529 719833 514652 546942 609251 392009 264529 98889
955680 891960 314933 557955 524091 810605 417091 720301 593959 710434 401772 945489 585576 974811 579692 996374 482159 202858 840046 643200 298970 666400 445303 100814 233408 385424 273933 999999999 155350 903107 400073 278813 923600 590410 961929 937439 56661 570370 684940 549278 494563 788883 606302 328546 499141 583259 413039 598429 378422 474829 454698 381515 339734 330713 532649 259368 321197 516888 529362 857427 664329 746884 952520 623025 686777 437413 949689 220263 866782 605585 990230 544245 691105 589301 631438 443879 919131 874248 640996 733012 677399 191534 212962 451989 393718 969914 780923 518136 561665 785575 464809 475251 530902 795549 453284 704193 519288 127124 285403 249809
1028497 917737 164303 518778 517339 881318 572268 807261 546073 830375 318330 1018981 621404 917178 637244 1053309 440140 56788 788437 642923 280893 820124 581688 250874 186596 512944 186014 155350 999999999 986327 505868 407277 1007669 548418 1006807 978352 99647 714770 646113 646556 583321 727447 679826 173687 411838 628765 560607 518634 525511 468081 400112 335506 399205 485874 621688 400473 356996 652130 444784 916213 691235 734702 980884 680029 695763 497296 987411 273098 906429 759522 1077544 523781 673575 682476 771168 450706 949565 816856 573228 799594 812080 254143 292420 448376 535647 1012699 783158 671033 716464 906721 363191 610034 678688 848729 560748 710106 640190 280265 341296 223233
88705 368140 1045102 700068 598571 129094 772044 183103 728906 320426 858918 79301 424091 860804 365723 203191 725028 1041252 777182 530872 747867 725576 554753 825761 833690 559474 885974 903107 986327 999999999 508231 646597 21861 706446 264609 283367 938101 567177 690054 357902 408598 812381 307964 1083696 871967 395628 646304 855272 656440 621662 769356 766248 588039 781482 370459 692382 638474 509972 865028 172002 410456 567416 363090 329617 478733 492923 305629 713229 285944 724074 94630 637078 595592 315690 506037 602166 343922 818554 811436 206993 448172 733453 698731 624924 614186 279906 495118 695187 753049 308619 917144 529155 614073 226143 460231 488041 437721 881244 645480 793247
568841 584096 605065 482670 380569 430146 355956 325404 527926 328166 502778 558174 306541 857878 248082 627604 447160 562634 725812 439248 345753 480400 165143 317795 397508 95500 463029 400073 505868 508231 999999999 141098 527958 510485 613149 596902 441096 302966 568813 150638 110914 709877 235586 637966 566200 280334 234278 613428 218981 356645 463479 414721 167179 322699 143617 192857 230402 204670 578741 491681 386844 548229 634472 283594 448258 161741 614139 248600 533534 436807 592387 426956 518509 192560 323074 310243 599550 770100 612310 362551 339829 257319 215784 339566 182242 624261 540389 355030 427232 404633 579600 172966 302257 443050 54883 469395 146697 374257 200522 364881
709349 713730 532736 532233 447702 571244 267305 464577 577106 431681 489286 698628 420084 935731 377191 768423 478707 463130 799743 532956 329801 459049 175998 185967 346960 106912 413934 278813 407277 646597 141098 999999999 665834 563611 751576 733823 327351 317157 637900 288958 250987 771563 375020 560073 569949 401069 182690 638533 151004 411174 480104 416436 203695 208986 284700 56084 244981 245250 589626 631970 503505 644614 767019 416267 554296 258948 750219 202370 668532 404384 728325 487976 604961 331836 366210 365107 732133 841867 652785 502898 404827 193894 155562 389568 140872 762229 650046 312874 377859 506764 567253 203182 291689 581130 186404 574987 240721 234655 195733 325734
86264 380841 1066911 720944 619883 149746 786826 203334 749442 330256 880678 78672 445572 876015 387580 203942 746460 1062658 794335 550930 769704 734266 570881 845639 855440 577577 907806 923600 1007669 21861 527958 665834 999999999 727005 271397 292442 958934 578999 709416 377453 429216 830630 329626 1105486 893363 417325 661926 875964 672821 643266 790919 788054 609540 797934 390985 711096 660184 524504 886243 187167 430759 585472 372560 351395 498164 514603 314250 734576 299622 734413 72822 658134 614750 335527 516262 623949 354991 835375 831621 228543 457129 754651 719740 646636 630773 286455 512268 707807 764560 313592 938745 544803 626742 244481 479431 507070 454268 900486 666924 815015
701684 460552 493908 33014 134382 577358 830888 587857 22571 750806 249681 696256 295712 386434 379732 668284 109439 579384 250221 180036 291577 990702 675073 597586 368377 597898 365409 590410 548418 706446 510485 563611 727005 999999999 590929 554823 578661 811831 97701 534476 473709 208978 458668 532906 199874 332930 730926 149589 705986 154826 149651 214188 362052 767728 490404 610728 321074 711221 178645 561273 296678 214000 522131 397342 240722 354246 553349 401038 491095 945244 797562 85785 151466 536659 820145 201843 500428 287025 110928 503871 818273 428095 439763 174737 679649 589809 287237 859517 930060 813915 262921 682985 812493 490482 536220 240970 631972 675386 372328 342331
192268 143395 1023942 596859 524330 214512 940084 341315 611127 548610 800989 195981 385507 638527 383470 91935 647461 1056205 581800 414949 734484 947124 716037 905910 829760 691941 866574 961929 1006807 264609 613149 751576 271397 590929 999999999 37007 983505 770618 541116 485652 502315 634174 377654 1064507 784119 380137 809099 736515 809044 564311 697792 720243 622397 927955 473089 805476 651751 691829 767749 132076 322852 399137 108156 340729 352269 524675 49269 746700 103378 934396 309148 546490 448640 445156 723227 565209 104696 617062 678045 254517 675122 773190 749074 577142 766113 15516 317223 887633 953567 557444 841120 697777 808746 170475 581451 349994 602261 974696 678292 789291
217963 107036 992010 561267 490839 216494 929958 340056 574884 552812 767200 220275 357080 604939 361485 126867 613045 1027097 545708 379645 704288 946933 706470 884068 799870 678423 835266 937439 978352 283367 596902 733823 292442 554823 37007 999999999 957529 767696 504194 474786 486531 597457 362461 1032620 748726 354361 798972 700018 797369 531742 663530 687569 597705 914604 459146 788332 624603 685778 731968 132721 291038 362137 80221 319553 316903 501014 23070 720803 71949 931864 335845 511794 411892 435605 723373 534264 69678 581416 641256 244417 677742 747749 724928 545210 754679 35658 280219 881929 949016 566598 806183 689529 803935 154798 567828 314011 594534 954072 652879 759599
987146 906467 261843 546950 524573 840952 473543 756118 580096 757617 373052 977170 602222 959141 604251 1022327 469321 146229 826164 647052 291049 723056 497361 156157 212077 434260 240655 56661 99647 938101 441096 327351 958934 578661 983505 957529 999999999 625047 674998 588092 529980 771185 636834 273312 470226 603434 468441 573008 433653 474744 436978 365654 362377 387189 568402 312401 334308 568727 501693 883672 678235 747006 968147 647651 694284 461614 968670 236808 886201 662246 1026817 539920 688970 626830 684824 448375 935404 858360 620229 761617 729299 210781 240362 452750 447437 990763 786461 574718 618257 833279 430463 526855 586451 819582 495269 710680 566329 180687 305447 236697
651984 792061 848872 784801 679871 556845 235901 429370 829872 251911 793044 641288 574747 1144163 494078 749109 749837 768575 1016445 721537 632424 188754 146678 469560 662387 229228 729642 570370 714770 567177 302966 317157 578999 811831 770618 767696 625047 999999999 864258 318117 353158 1007012 439095 874752 864025 539819 159413 915983 192710 658953 764025 710395 466351 286940 354252 314314 526206 101503 878688 638574 642960 823844 827169 512495 716611 458363 789265 513602 721426 164256 617696 727290 804233 345523 77037 612867 794386 1061545 915004 527248 142383 509381 468906 642382 179543 784918 798827 131430 186066 298839 871093 130419 54925 620221 277141 737239 192618 477934 486911 637919
673209 402692 588265 128184 190854 562282 903772 593963 103225 776336 344513 669137 310910 299254 399725 624726 206616 676865 162324 165198 386052 1047718 733788 687055 465512 660526 462959 684940 646113 690054 568813 637900 709416 97701 541116 504194 674998 864258 999999999 569215 515600 143519 477048 626675 283316 350005 797030 204698 774537 228143 247042 311571 434221 845184 525840 687796 401753 762793 256485 532450 284667 143650 460452 407207 211331 407646 499149 488743 447117 1005598 777107 150775 95438 564115 864810 273065 443436 203984 139080 497166 855973 516795 524579 250959 744978 537728 224958 922879 994537 833816 348446 738262 870191 465988 587152 203064 677718 765439 452946 438353
421293 482121 730486 512950 400454 288027 455177 175627 555198 221796 591478 410479 264117 834840 178510 488563 499745 702949 712231 414801 448030 506749 232125 468433 517544 209626 578884 549278 646556 357902 150638 288958 377453 534476 485652 474786 588092 318117 569215 999999999 70869 712539 122187 766001 636917 226727 324207 661408 323431 394892 529070 497322 266073 443735 44073 336504 328122 222399 642296 357605 326227 511034 523965 194380 402238 197746 494319 378136 418795 478315 441814 448985 498431 43345 300960 355444 489771 757754 644179 231177 286774 393041 354173 385343 280464 498237 481303 415332 485776 292797 663487 217682 342494 320560 103173 422390 127238 523501 317029 480353
463406 478099 661810 450459 339335 321747 454514 226152 493754 291109 520803 452950 222246 791076 147985 517536 432651 639316 664355 368488 377377 540729 241475 420210 448466 194750 509031 494563 583321 408598 110914 250987 429216 473709 502315 486531 529980 353158 515600 70869 999999999 659077 124688 697825 567799 189106 326389 595947 317960 329495 460226 426812 196296 429714 38499 303680 257626 252328 574131 381027 295171 471191 526352 177918 365121 128374 504113 312255 424183 505725 496854 387925 451441 99642 349225 288274 491499 709645 582142 251925 344622 329180 292096 318440 277147 513529 451531 433584 505801 363193 593172 235903 368018 332369 87131 386017 162614 481414 248903 410750
785970 490929 640809 241473 329585 687299 1038631 730097 198960 917944 410192 783166 452669 189838 541613 723061 309393 749495 77557 303588 493200 1189661 875014 803461 559156 800353 541507 788883 727447 812381 709877 771563 830630 208978 634174 597457 771185 1007012 143519 712539 659077 999999999 618082 675531 324432 491724 935601 218513 911877 360662 334545 407374 568857 976518 669249 819385 529975 905607 291433 647594 418265 245316 540142 546521 339888 549468 587960 608705 550260 1146579 895339 284978 223651 706603 1008298 407296 530789 90590 154887 628273 999312 635111 648360 381996 883834 627994 322590 1062734 1133997 973802 386202 880365 1011838 586257 729873 326889 821096 880510 581262 539082
350343 361245 738218 442599 330475 204343 571677 140370 480710 300031 564258 340438 166374 726295 78954 394935 446837 734259 609361 314809 442119 627300 351286 538581 526070 316274 579787 606302 679826 307964 235586 375020 329626 458668 377654 362461 636834 439095 477048 122187 124688 618082 999999999 776463 592014 127430 441414 597713 436921 339219 484875 469611 280740 552357 97343 428231 330633 344528 591310 257287 212403 401227 405715 76256 291746 184987 380539 407030 301885 600246 401134 376677 397239 96031 415921 309837 371118 654816 569554 128725 392189 428727 396475 336568 394794 388968 363946 537230 607885 357209 629047 338967 464669 207941 205820 310766 249382 602941 338538 485812
1114540 957770 40663 509578 545240 968607 744461 912351 523566 966126 283350 1105898 684897 862431 720849 1122519 437070 139313 745786 667616 337207 989697 736060 420745 250786 661682 199685 328546 173687 1083696 637966 560073 1105486 532906 1064507 1032620 273312 874752 626675 766001 697825 675531 776463 999999999 352305 701294 724737 457050 689547 501380 387666 346699 502518 658120 734792 561915 446344 804452 384636 990590 741724 740835 1021813 761009 727221 591908 1038087 390105 961413 929482 1177441 535877 677153 797047 926246 500205 993583 765950 523034 885211 961972 381223 423417 487427 695288 1068060 802916 839866 887785 1042569 289330 762598 842171 919411 691952 737476 780338 453951 449052 290679
878787 658039 316673 187791 273760 744611 826965 730722 184355 858635 97442 872253 448008 513146 517277 857185 147076 428135 393521 369171 241225 1026150 718317 538992 267265 635842 230210 499141 411838 871967 566200 569949 893363 199874 784119 748726 470226 864025 283316 636917 567799 324432 592014 352305 999999999 478843 751647 107850 720907 253319 108112 154288 399185 751091 594814 604120 337844 769664 33383 741137 473928 413609 720396 546086 431863 439458 748864 371933 682328 973453 965663 240234 351340 651252 889264 284096 697369 415022 170803 665108 901633 389871 418920 255865 705201 784117 486765 882491 947657 929051 65360 734205 851957 668608 606780 435511 707237 609064 379071 263224
414812 315551 661474 318814 209019 271749 635983 255996 355199 426366 463584 406704 39097 608113 49932 425111 331859 679654 486580 189677 364642 728238 429716 533888 457166 374462 501625 583259 628765 395628 280334 401069 417325 332930 380137 354361 603434 539819 350005 226727 189106 491724 127430 701294 478843 999999999 511211 475063 498807 226535 374436 371823 243639 600784 186367 457142 272239 440047 474691 289944 106984 284682 372731 67261 176792 149434 366452 366630 283523 694621 490098 253036 273062 215442 527620 207440 338465 532127 443568 189217 511260 393402 371178 229322 460272 387346 262741 622394 694714 484639 521839 425009 556952 220400 274417 197459 347335 606743 298522 416189
723465 802104 701205 700929 606576 604825 131013 480694 746319 361998 671959 712463 539662 1089812 473883 805285 653738 613268 956323 673200 512226 276494 93561 312358 526937 138873 593261 413039 560607 646304 234278 182690 661926 730926 809099 798972 468441 159413 797030 324207 326389 935601 441414 724737 751647 511211 999999999 816514 35195 576225 659154 597671 369742 141429 344588 163559 420620 142627 770390 679466 618194 782487 846908 503779 682105 394120 818515 384952 742317 221881 712466 650676 751604 363945 228432 529225 812420 1000013 826005 555007 285492 374871 337934 556376 52327 821962 773185 131037 199422 425778 749942 117149 118116 644737 239283 703248 210864 318627 374149 507734
851260 602291 422650 156568 267239 726238 902120 731057 127611 881777 201071 845845 439485 406041 519466 815890 166311 535952 290390 329353 320850 1086545 773173 629881 365029 692130 335030 598429 518634 855272 613428 638533 875964 149589 736515 700018 573008 915983 204698 661408 595947 218513 597713 457050 107850 475063 816514 999999999 787864 266595 158942 228762 450895 830325 617720 678190 395938 817988 74470 710788 446093 346239 662025 541118 389154 469635 697117 449660 638171 1036695 946776 222052 289236 668969 933280 308476 642748 308900 70770 651541 938480 471405 494932 278176 767613 734550 425458 947404 1015163 948211 167753 785588 909597 640070 647510 387766 746791 702912 443063 354221
731345 795814 666084 675524 583744 608312 137203 486369 720812 382223 639956 720341 525517 1069052 463839 809227 626167 578294 934743 655154 480773 309718 102368 277664 493073 124419 559193 378422 525511 656440 218981 151004 672821 705986 809044 797369 433653 192710 774537 323431 317960 911877 436921 689547 720907 498807 35195 787864 999999999 551648 629942 567245 344013 125136 339586 128589 392449 163269 740300 680756 605570 765322 842515 495872 666927 375379 816360 352529 738749 253796 725803 626928 732250 364732 259193 504765 807824 978048 799234 554530 313732 341499 305335 531253 43157 821521 759368 162000 227367 448761 717801 131006 153177 642672 231787 688048 218746 286674 344880 474658
634873 457447 460724 126043 49876 495955 678038 477452 171378 615692 241103 627568 198391 527344 263959 627124 107682 510205 390467 174851 187607 836402 520757 464538 281803 443135 306416 474829 468081 621662 356645 411174 643266 154826 564311 531742 474744 658953 228143 394892 329495 360662 339219 501380 253319 226535 576225 266595 551648 999999999 147903 155940 208197 617483 351307 460093 174019 558936 252252 501488 241736 272476 521442 293573 229285 204449 536760 265753 460976 790522 715920 77371 216509 403897 670624 47022 492516 431540 256275 414740 672932 294828 298253 23499 524866 567287 315121 704692 775281 683226 295482 529498 658209 428760 385170 242465 482949 543320 225007 245280
780409 579425 347879 122875 175750 643144 743191 624113 145963 750842 106132 773409 345532 522174 411071 766177 50940 429823 390029 286651 164398 930944 619531 476233 224914 537658 215961 454698 400112 769356 463479 480104 790919 149651 697792 663530 436978 764025 247042 529070 460226 334545 484875 387666 108112 374436 659154 158942 629942 147903 999999999 73757 297684 671576 486822 519257 239491 667886 115424 644929 379875 353169 643050 441465 348676 331852 665886 291253 594759 880047 863509 152762 289489 543140 786007 176106 617256 421391 187475 562377 796204 313902 336148 148325 610927 699171 417109 790168 857308 821029 148090 633718 754922 572110 501909 356041 602251 551292 285096 205178
785613 611073 306056 183622 198542 643572 676180 609978 214490 717447 95031 777842 348893 594005 401428 782418 104977 370049 460516 321688 92089 871895 564410 402892 154335 481853 157669 381515 335506 766248 414721 416436 788054 214188 720243 687569 365654 710395 311571 497322 426812 407374 469611 346699 154288 371823 597671 228762 567245 155940 73757 999999999 247617 602582 457173 452521 184783 616993 173345 654867 397646 403026 675115 436730 380631 300425 692259 221700 616899 819393 860873 192796 340534 516590 737562 164386 647020 493284 261223 560848 752638 242694 267811 145067 550967 723138 459073 728602 794293 790003 166782 580881 697711 582430 457736 391392 557988 477645 224790 131744
629499 555383 465973 331514 244079 482404 469970 411615 376822 478622 336886 619904 248651 732136 241897 660027 285738 453519 596056 336371 183989 635945 322378 294254 252414 241283 312827 339734 399205 588039 167179 203695 609540 362052 622397 597705 362377 466351 434221 266073 196296 568857 280740 502518 399185 243639 369742 450895 344013 208197 297684 247617 999999999 411712 232538 254682 64521 370614 412540 521507 330321 447671 614684 285286 366372 99392 610085 127273 527124 587281 680203 284544 404020 294829 490212 161700 580866 638197 456478 401317 505459 151610 127657 187329 319179 630231 463074 499512 569154 553433 413072 336035 458720 457273 211171 386043 310924 370133 58047 214454
855825 906642 641130 735692 655705 730659 86394 610194 779890 503402 661851 844825 623423 1143696 570723 931595 676903 532729 1007338 741552 511227 339017 227389 238872 499565 236184 560871 330713 485874 781482 322699 208986 797934 767728 927955 914604 387189 286940 845184 443735 429714 976518 552357 658120 751091 600784 141429 830325 125136 617483 671576 602582 411712 999999999 455459 157398 446700 283906 774617 801229 705893 853131 956029 605967 760806 465019 932892 380894 853719 277905 850800 694703 813947 485973 361749 572120 921156 1048952 851459 673726 422672 361240 335428 595273 167368 940000 855762 196539 231458 566819 737122 255198 235242 759839 346785 781681 343761 213286 395582 490998
426665 457536 698478 468920 356387 286586 474567 187798 511128 264641 551728 416123 222808 793935 139827 484210 456593 677630 670143 372811 411652 542951 255548 457112 484950 219278 544700 532649 621688 370459 143617 284700 390985 490404 473089 459146 568402 354252 525840 44073 38499 669249 97343 734792 594814 186367 344588 617720 339586 351307 486822 457173 232538 455459 999999999 335973 292548 255744 599557 349096 288739 471045 502977 161649 362907 156786 477551 350297 399221 511690 458416 404913 456393 62291 341911 312461 468332 715631 600118 220143 330200 367547 330588 342217 297526 484839 444821 444326 515808 334254 622801 245444 374610 304384 108689 383362 161652 516919 286238 446784
757792 769549 537793 578842 498482 621820 223935 511730 623254 460123 519124 746982 476073 986391 432836 820183 521746 454540 849972 587135 362898 436678 186290 159870 366642 137192 432100 259368 400473 692382 192857 56084 711096 610728 805476 788332 312401 314314 687796 336504 303680 819385 428231 561915 604120 457142 163559 678190 128589 460093 519257 452521 254682 157398 335973 999999999 289944 257950 625718 684532 559533 698831 822524 471536 609680 314688 804993 232295 723551 379109 771729 537305 657934 379774 372424 414736 787621 891554 696326 555402 418256 217468 185200 437926 135322 816344 705601 287073 346655 533318 596261 216689 280311 635142 233335 630301 272617 193022 239116 350829
