NAME : synthetic_000732
TYPE : CTSP-D
DIMENSION : 100
GROUPS : 8
RELAXATION_LEVEL : 1
EDGE_WEIGHT_TYPE : EXPLICIT
EDGE_WEIGHT_FORMAT : FULL_MATRIX
EDGE_WEIGHT_SECTION
999999999 714050 958304 423628 189866 479880 588232 311703 411961 504049 568560 665036 787357 206599 194517 89323 280248 253256 207705 355147 376663 709480 822060 417413 488939 321792 574602 72989 784019 611131 791029 625010 378721 534624 217184 120153 606147 129117 109653 909403 631660 691914 550214 485658 462587 64960 455210 665112 689726 288986 76562 189847 791619 786247 591071 561097 213527 396855 710347 321104 300218 334073 811584 618633 386702 198845 59103 268398 681729 813991 702728 524082 577890 308033 789928 224063 606527 721891 397491 259921 618876 748218 83116 408120 333322 885805 109314 629734 107215 521978 662430 469060 96924 543800 523450 85440 455214 401766 841524 381450
714050 999999999 245641 447501 894579 301843 172201 812849 303833 821878 191807 449349 575350 580694 818916 641598 433943 613159 683593 656812 435721 453178 762408 433062 358545 655981 140283 654348 576343 532834 245995 402453 766482 589291 572055 721815 423810 637724 685413 196695 753658 62469 757038 673516 414009 764166 329187 686918 141976 466151 787745 786196 285753 711634 541198 488164 735866 452776 739525 580900 739994 420098 141514 675805 803963 749001 657526 795470 58264 624760 618929 499048 632935 723733 419642 933121 441896 223938 318326 919924 706258 103450 705213 643513 502749 186879 781650 556083 634334 759091 238159 284204 619018 673922 234516 779772 441573 1057271 128332 610699
958304 245641 999999999 653230 1139983 518365 386831 1033854 549355 1041139 408284 615539 707295 814640 1053819 883676 678065 854182 926566 866263 672531 603242 908824 663657 558290 891122 383744 896947 709631 717330 341505 582669 998102 792954 816139 967279 572925 883279 924251 74331 946268 282256 931762 888242 637644 1009386 547154 866589 301291 700139 1032531 1019893 383651 861517 731088 685330 965574 664664 913135 816918 977840 652509 207332 865378 1036207 992692 901199 1021056 288363 753755 782954 672759 828978 941460 531791 1178344 590087 332180 561147 1165050 897881 227191 950850 868929 740460 91797 1027285 736377 875308 971916 417143 510537 862632 878611 455653 1021816 664527 1301532 125313 815671
423628 447501 653230 999999999 608528 147074 276066 384782 282540 800362 255807 682128 832265 220070 435035 334406 250286 504286 529777 213067 442819 713388 957524 480332 95271 585138 330673 350735 830883 697832 640877 625252 691957 682649 434937 502228 182530 433117 339009 629890 840620 463234 325557 703496 504966 488367 122648 823161 352046 152485 496451 398580 664966 908873 689777 635423 334635 27273 879886 527668 626944 132534 584542 788346 718014 568900 368555 378449 449464 875933 806874 121229 737539 290719 743145 636752 183710 345419 230839 682157 806061 426207 466833 634011 468315 564923 528132 724169 316603 776687 548232 174310 338737 740600 214270 449347 521099 825141 565125 163834
189866 894579 1139983 608528 999999999 669697 775975 400650 590760 496356 756667 782180 884488 388621 257243 277538 464005 348866 272782 505928 517434 827397 877423 551144 677771 382680 756733 261474 880631 707542 947618 751484 382674 613841 348347 188420 790373 264017 273262 1087874 665678 867673 683712 535562 595371 131226 645075 723024 877826 478567 113575 279565 942538 850383 684849 668460 336432 582292 757849 417272 316311 523926 983284 675784 371462 215775 248860 361103 858389 902494 782323 701746 645313 436989 918707 41212 789487 911632 581935 113901 666691 934424 192412 469146 459573 1070357 118129 720857 293428 542153 817503 658193 285867 596344 712143 167874 581221 229986 1020689 543056
479880 301843 518365 147074 669697 999999999 132956 516028 183902 763007 111768 566304 715929 303960 540936 394238 228093 483392 529283 355060 371021 592785 859378 399531 73149 555184 184628 409689 715055 599243 496578 508924 669070 603333 419692 528814 207580 448230 421056 488874 769753 316199 468109 644939 413280 540500 28812 737354 222218 194322 556395 505862 522738 809044 595172 538245 448633 150940 794679 486938 615522 146779 437666 708075 700452 581740 420839 502727 302418 761973 706575 226513 657526 424678 610967 703396 220685 242147 141412 723999 730171 292157 500077 584957 414866 433567 571517 625949 381128 725341 411565 38207 384189 672123 67478 527125 434471 868128 422646 309087
588232 172201 386831 276066 775975 132956 999999999 648782 212485 796705 21459 516820 660708 429187 668111 507378 314487 542896 601646 487140 393297 534633 825770 408663 186364 603274 92657 521819 660618 572904 390259 461373 718352 600395 487858 619132 268117 535201 542079 355926 770153 197790 585937 662440 407797 644924 161436 721885 102139 315465 664406 633767 422476 774402 574169 516725 578759 283037 778306 529561 676031 267335 311925 699959 753095 661197 529474 634608 184133 709143 674068 330131 651516 557629 531701 811997 285555 158677 199189 818224 726271 163120 595478 614409 451306 304429 670284 598981 496755 747060 330210 124393 491309 678290 68903 644074 433426 960656 289902 439734
311703 812849 1033854 384782 400650 516028 648782 999999999 559529 815751 627426 911760 1049806 252553 143428 283030 438708 550337 517561 181531 618730 952921 1113960 663672 479604 626899 679737 286716 1047075 881526 964278 862498 690424 821200 496690 431407 528443 425284 218935 1004267 935962 814440 296994 788035 705132 352348 487386 959122 734212 356130 333153 127096 977523 1073908 864630 824328 107166 370088 1008214 611246 611920 397043 940108 914235 697588 508961 307674 43448 801469 1083327 982559 416444 869559 94528 1014832 405291 519454 729643 519162 511347 918549 806868 394757 709277 598650 947328 399930 903633 270478 831209 848252 528833 320528 843499 581030 253753 706910 625448 937308 235955
411961 303833 549355 282540 590760 183902 212485 559529 999999999 590036 199605 399746 549793 308789 535677 344927 134824 330660 392016 440523 189879 432074 680173 215815 250158 391458 167672 356239 548378 419581 405348 343071 506643 419432 278107 419911 391224 335439 396027 497815 586115 280226 600329 464332 230260 460495 185085 554170 310155 206191 484623 506326 418110 630535 413866 357713 466687 268827 611484 318543 463628 176056 401958 524251 540971 454005 356881 533084 269815 593412 528070 392516 473659 482617 470660 629415 403724 370060 51748 619067 546281 352974 401711 408914 241520 482709 478099 446208 340613 546543 289738 147056 318771 488987 172326 481833 250727 758838 430236 410702
504049 821878 1041139 800362 496356 763007 796705 815751 590036 999999999 786956 472525 500304 647582 690711 549855 552137 298352 301390 829197 403408 508876 415148 392657 814749 215529 725804 540406 495831 362172 737230 479049 125329 260957 367920 384748 959142 402704 604172 970866 195949 768062 1029709 154617 407880 470729 753886 284130 884817 651167 497202 692420 710215 404066 340316 368047 715436 775290 295662 276547 203832 669028 839048 246200 125302 309580 516826 772438 766300 496320 376254 921195 248746 803018 614325 526736 967684 955245 622833 406981 220648 906541 421018 182373 349125 1005702 428924 357456 568113 82401 628249 730536 519045 184771 762334 571215 380328 449239 917563 837501
568560 191807 408284 255807 756667 111768 21459 627426 199605 786956 999999999 519798 665153 407951 646811 487156 296324 528948 586183 466344 383782 539260 826748 401231 167457 591048 98730 501707 664921 572040 404173 463760 706223 595776 472612 601497 257280 517806 521194 377131 765437 213948 568012 654823 402656 625720 140144 719627 121183 294384 644835 612420 435134 775467 572411 514829 557315 262182 776314 517860 662277 246207 330513 696452 740560 644950 509710 613161 200167 713262 674552 313798 647544 536383 540341 792454 274343 170516 182459 800341 722147 184266 577219 604874 440125 325686 651734 598310 476297 739001 338399 103206 471645 672459 47535 623596 427747 943077 310905 419294
665036 449349 615539 682128 782180 566304 516820 911760 399746 472525 519798 999999999 150252 664613 844283 642247 481795 433444 510079 826393 294757 45222 314024 250657 638700 412785 424358 645247 149073 111679 280942 57391 480315 212791 448790 596920 767506 539205 707323 541376 336910 386913 998104 322450 207220 680466 576171 251499 565054 588354 712368 825032 246297 262867 132325 117499 807195 668432 297870 365137 500827 569870 408685 255804 516630 572976 632198 876757 392275 195677 170585 788423 229269 851195 145635 822916 782734 650441 451494 749292 289059 551664 606629 344386 331945 605855 668307 124320 649053 392391 211781 528413 605001 289718 524268 750288 210165 852321 503315 803764
787357 575350 707295 832265 884488 715929 660708 1049806 549793 500304 665153 150252 999999999 806508 973336 774318 626716 542286 612825 972608 431327 126111 202996 386327 788509 502931 568064 775641 4479 177700 366470 207492 543318 273743 570468 706152 915720 658766 840090 633537 322107 513483 1147109 372547 346485 794674 726240 223805 700731 735357 826882 956732 323682 159711 199785 227191 943925 818309 244133 471946 582042 718672 508018 254626 575137 669594 760478 1013238 521004 49436 124761 938592 257743 993460 176345 924071 931219 786830 601538 836321 283381 678800 721617 420825 456599 713260 776061 163899 782954 418310 339767 678150 736478 320807 672195 872700 342902 922779 607517 951697
206599 580694 814640 220070 388621 303960 429187 252553 308789 647582 407951 664613 806508 999999999 239180 119407 186458 353350 351979 183896 376225 704551 888760 421054 295556 436956 442423 135223 804048 644234 714137 613595 527631 596678 287276 300595 401764 248519 120404 776440 731357 574202 383180 584189 460055 271530 276078 738700 525253 114726 277193 205630 725941 845301 629483 584543 158367 194193 791578 400131 453772 162138 699728 696661 546499 375219 156161 224328 561878 842728 749287 317558 648640 186952 763091 416734 401173 542120 272004 466516 706355 592206 261999 506743 368369 733616 314335 667924 99958 642889 596218 304796 135385 633376 360452 230371 465034 607994 708269 190827
194517 818916 1053819 435035 257243 540936 668111 143428 535677 690711 646811 844283 973336 239180 999999999 203353 402714 446967 400851 274325 550217 887676 1016042 593714 522869 516166 679785 199092 970199 799085 936965 799970 565989 727096 404469 307539 603459 321228 141650 1015069 825803 809520 431994 680136 637894 220331 512526 859240 763027 353786 196645 36534 943914 979480 779986 746164 103428 413511 904831 513523 488096 401312 934343 812905 569053 381173 212873 104563 797608 1002391 893943 499305 771549 191966 960671 263332 598058 774369 505381 368127 813392 830978 275127 602632 516743 972488 265224 818934 200328 714247 813123 543766 239674 738308 599280 119549 634519 483158 946808 321849
89323 641598 883676 334406 277538 394238 507378 283030 344927 549855 487156 642247 774318 119407 203353 999999999 210148 269195 248744 283970 347645 685264 831004 391607 400280 348812 501353 16338 771340 602489 738773 597027 426332 538446 213666 184289 516936 147919 65898 838067 655252 624387 483641 506967 435357 153961 368764 676100 607964 201364 164053 182834 743611 791344 584587 547344 176090 307582 725443 328322 349487 247625 746882 631308 440930 261513 37339 242869 613410 805423 701303 436620 586535 253902 757318 309600 517508 636363 323272 348242 636216 669068 144832 428125 318814 808296 195178 623657 20100 555537 612980 385915 38017 561333 441097 138204 433208 490782 769805 302967
280248 433943 678065 250286 464005 228093 314487 438708 134824 552137 296324 481795 626716 186458 402714 210148 999999999 260617 301358 346232 204629 520467 725938 247298 266595 338156 294354 221729 624524 472232 534630 429287 448751 440947 193847 305543 408938 222603 262076 629729 593233 414398 529170 453781 281594 332812 211422 583446 416613 113309 354722 374650 543389 679652 460209 410622 340131 226791 639097 277686 390193 117791 536749 545632 477842 354106 223636 408456 403590 665298 580120 371499 495353 370740 576670 501371 416473 460146 117930 504052 560920 470616 280991 383725 219336 606499 355976 497327 205943 526409 412861 205578 185191 493072 254846 347423 290999 647043 561681 329697
253256 613159 854182 504286 348866 483392 542896 550337 330660 298352 528948 433444 542286 353350 446967 269195 260617 999999999 79738 536904 185715 478666 569077 209895 527090 83884 490709 263805 538674 364619 614912 403217 188330 281928 69686 164384 669433 126278 331468 792503 386091 572096 736521 237870 251654 252611 469957 412351 640579 353626 284811 437903 604378 533000 343154 320958 444325 478659 459070 70341 133433 374676 673448 366241 217469 147391 242735 508728 565869 565327 450976 624494 324669 521175 570279 389739 676587 699274 350287 328551 368554 678654 180329 159034 119162 799308 235315 381006 284828 289769 485984 455184 233721 293389 495841 336529 234539 453158 729475 541333
207705 683593 926566 529777 272782 529283 601646 517561 392016 301390 586183 510079 612825 351979 400851 248744 301358 79738 999999999 530388 263477 555257 622777 289475 565066 118004 556605 239023 609048 435423 694190 481786 177611 345246 113952 97605 703290 103517 303167 866457 425329 645192 730856 281562 331391 190358 512583 465782 701512 377322 221683 397524 684047 590496 413040 395738 415198 503041 507674 144956 101827 406515 749603 418587 194521 68136 215441 474604 638308 632848 514960 646847 382073 501627 648565 313183 708654 755132 404301 249036 415603 744059 125726 206684 198208 868625 164011 449737 267344 314303 564986 504651 219442 341274 549649 284170 314031 376508 802446 542797
355147 656812 866263 213067 505928 355060 487140 181531 440523 829197 466344 826393 972608 183896 274325 283970 346232 536904 530388 999999999 548456 863547 1067098 592314 308023 620297 531785 296454 970490 817332 833093 772474 707584 776664 471171 466888 346920 427236 245952 842320 914789 666820 200559 767902 627801 414902 327663 919262 565020 238413 408886 240255 852161 1022325 804196 756204 174035 204179 972950 583765 631985 264869 790729 878136 724094 545092 320308 188344 653291 1011524 924316 235329 829454 89372 910624 523055 338124 553171 392713 603417 888880 639273 427114 690601 548318 777693 462912 841957 264375 826599 727623 374990 310949 816409 422296 338538 636300 735598 776961 54508
376663 435721 672531 442819 517434 371021 393297 618730 189879 403408 383782 294757 431327 376225 550217 347645 204629 185715 263477 548456 999999999 337619 521340 45002 431945 220299 325199 351137 428699 268966 432262 249946 332207 239831 169233 329303 576040 257635 412584 608997 400841 390400 733799 274513 87715 401544 367513 380949 482824 317788 432198 530350 425218 475067 255915 208455 513323 422564 437365 145180 305325 313744 488074 345536 369106 331597 339217 582808 385271 466566 375993 561571 294720 563017 413390 558603 587224 551859 230018 511862 364013 510429 329114 221146 68071 622598 399455 293504 354304 356791 302417 335568 310618 301967 361413 460815 88820 638862 547341 534226
709480 453178 603242 713388 827397 592785 534633 952921 432074 508876 539260 45222 126111 704551 887676 685264 520467 478666 555257 863547 337619 999999999 311094 293987 665675 457259 441999 688589 126181 146816 263329 91201 522236 251726 493519 642117 790802 583997 750114 528914 362581 390887 1032062 361354 249908 725484 604301 271613 575668 625181 757358 867937 224752 261406 169421 161701 848864 700803 312510 410324 544788 604655 398434 282719 558104 618011 675915 918435 397674 174923 180484 816933 262123 890732 105517 868127 806494 661664 483669 793982 315855 556453 651646 387287 376623 600253 713512 153545 691656 427713 215687 555294 648188 324612 547263 794660 254325 895813 495832 839330
822060 762408 908824 957524 877423 859378 825770 1113960 680173 415148 826748 314024 202996 888760 1016042 831004 725938 569077 622777 1067098 521340 311094 999999999 479788 929217 504776 734205 828348 200202 260596 567381 366018 500367 293158 617375 720379 1065581 695064 895924 834801 220073 699944 1255070 343006 452565 813122 864547 157141 878699 839128 844417 1006251 525317 51430 267790 322601 1006853 939546 121275 503782 561130 832738 707120 204197 522188 664947 809081 1073746 705817 161269 152937 1071991 244834 1072119 379215 913431 1079635 963781 730219 806260 210780 865176 745381 416148 520479 910703 783645 233968 843726 345015 524256 821200 793432 282302 825623 904049 437340 863865 805688 1055301
417413 433062 663657 480332 551144 399531 408663 663672 215815 392657 401231 250657 386327 421054 593714 391607 247298 209895 289475 592314 45002 293987 479788 999999999 463520 228686 333559 394642 383696 225077 405276 207660 334656 204548 205260 362744 606347 295336 456783 597612 370300 383326 776139 253777 45249 439013 398546 343023 492972 359974 470176 574415 394627 432772 213028 163999 558167 461080 399970 156896 318149 353264 472507 310089 372634 357286 382006 627626 379717 421680 332833 597717 259242 607898 372902 592355 618299 566044 260576 538441 330885 514249 365787 211485 92004 619171 433768 250034 398697 338578 277062 362872 354346 273576 383417 502116 44074 660732 538398 576953
488939 358545 558290 95271 677771 73149 186364 479604 250158 814749 167457 638700 788509 295556 522869 400280 266595 527090 565066 308023 431945 665675 929217 463520 999999999 603054 252980 416432 787580 668737 565479 581310 714957 668031 460325 552641 144914 476298 415910 536575 832558 380164 401140 703493 480408 552235 65121 804172 257013 200919 564332 486722 593076 879158 663767 607261 424773 110768 861465 538275 656532 160881 497957 773370 744420 612227 431077 471864 366330 834317 776636 153715 722604 385759 683888 708779 155311 252423 202944 742028 794315 331473 520514 639997 470064 469726 587813 695425 384560 781831 484034 110397 397123 733913 132159 525415 500376 886205 472704 257609
321792 655981 891122 585138 382680 555184 603274 626899 391458 215529 591048 412785 502931 436956 516166 348812 338156 83884 118004 620297 220299 457259 504776 228686 603054 999999999 542682 342004 498980 327414 626768 392919 115194 231163 152812 215602 746659 201938 408973 825941 310031 609561 820130 164162 261934 308360 543861 347806 697612 435638 339654 510464 610528 472878 304143 295567 522060 559913 389960 75287 91564 454273 701150 300590 150143 167013 319807 584596 604950 519827 399943 705830 264891 602179 556038 421678 754553 761420 417815 337025 298000 729448 242005 88767 154403 842848 280253 339039 365396 207112 501912 524782 314617 223411 561513 401027 238577 442976 765811 625209
574602 140283 383744 330673 756733 184628 92657 679737 167672 725804 98730 424358 568064 442423 679785 501353 294354 490709 556605 531785 325199 441999 734205 333559 252980 542682 999999999 514184 567965 483313 312529 369176 656480 516820 443254 587583 355649 503105 545384 336930 686280 135310 652585 585758 326608 625909 208089 633887 159591 328431 648804 647512 340602 682799 485738 428649 598900 330778 689854 467604 621536 283698 260526 613991 692681 620067 517714 660177 122015 616487 582973 404979 566506 592975 441705 794828 372518 236918 178090 786709 641356 187945 568926 543773 388383 315046 645217 509119 494058 671245 239724 157516 479169 597055 120913 639541 353276 926138 268589 489418
72989 654348 896947 350735 261474 409689 521819 286716 356239 540406 501707 645247 775641 135223 199092 16338 221729 263805 239023 296454 351137 688589 828348 394642 416432 342004 514184 999999999 772594 602780 747547 600951 416349 536329 211204 170694 533264 140198 67795 850667 649788 636124 495497 501654 438805 137635 384392 672912 622631 217217 147937 181181 751559 789350 584448 548490 180528 323918 721576 324878 339010 263206 758121 627755 429902 248638 23976 245622 625301 805947 700402 452627 583635 262630 762311 293870 533807 651835 336112 332008 631835 683206 131012 422832 319346 822132 179153 623506 35304 548184 621092 400801 41025 556797 455834 125704 435643 474470 782459 317051
784019 576343 709631 830883 880631 715055 660618 1047075 548378 495831 664921 149073 4479 804048 970199 771340 624524 538674 609048 970490 428699 126181 200202 383696 787580 498980 567965 772594 999999999 174060 368652 206398 539017 269636 567183 702484 915150 655381 837129 635821 317678 514408 1145368 368217 344075 791104 725202 219371 701258 733352 823313 953705 325987 156414 196019 224109 941136 816807 239963 468333 577924 716921 509983 250147 570790 665682 757351 1010427 521830 48809 120285 937492 253363 991000 179023 920186 930604 787335 600117 832219 278908 679788 718085 416730 453480 715085 772341 159941 780055 413843 340424 677240 733484 316390 671649 869347 340199 918476 609398 949789
611131 532834 717330 697832 707542 599243 572904 881526 419581 362172 572040 111679 177700 644234 799085 602489 472232 364619 435423 817332 268966 146816 260596 225077 668737 327414 483313 602780 174060 999999999 389145 134798 379853 106364 394950 528456 805945 482215 668387 643722 229273 471529 1000481 215233 193348 617090 604003 154095 634985 584499 649300 783916 356568 211154 23913 62453 774827 680498 207856 294277 410005 574914 510026 148126 414625 493293 586573 843650 474615 203307 109073 811568 117647 830508 252332 747364 819741 717979 469730 663214 180911 631975 544166 249161 283677 700348 598438 26705 612357 281347 303141 561108 564488 178391 567717 696311 181234 757147 600866 801710
791029 245995 341505 640877 947618 496578 390259 964278 405348 737230 404173 280942 366470 714137 936965 738773 534630 614912 694190 833093 432262 263329 567381 405276 565479 626768 312529 747547 368652 389145 999999999 259258 719131 478081 599803 760482 657223 684378 795653 267421 617433 195968 964660 582771 366119 826339 518477 531859 387398 608739 855277 909279 44100 520029 406293 369527 871914 638185 575417 560039 718221 571595 143395 536171 757419 762210 742869 938424 208666 413714 443785 716756 505540 884509 192844 988598 674947 469857 445625 943204 569330 342839 756501 581950 495982 349612 829506 404869 737948 661194 130135 466569 707304 561561 433337 869791 388247 1065527 243521 794959
625010 402453 582669 625252 751484 508924 461373 862498 343071 479049 463760 57391 207492 613595 799970 597027 429287 403217 481786 772474 249946 91201 366018 207660 581310 392919 369176 600951 206398 134798 259258 999999999 471728 218958 411076 564237 710396 501626 661453 509190 363623 340413 942225 325160 162649 644556 518809 286895 513008 534150 676097 779375 231219 314603 148862 111067 758852 611875 337741 337652 483368 514326 375425 282718 509255 546905 589140 828409 344609 253050 217524 731106 247772 799643 167248 792528 725554 597854 394800 726005 315231 503494 570878 333733 294571 566176 635744 155425 602770 402103 168864 471025 560299 302362 467300 709773 171266 835678 466144 748720
378721 766482 998102 691957 382674 669070 718352 690424 506643 125329 706223 480315 543318 527631 565989 426332 448751 188330 177611 707584 332207 522236 500367 334656 714957 115194 656480 416349 539017 379853 719131 471728 999999999 273877 257105 259496 857668 280348 479411 931243 284156 717941 908123 171118 362034 346447 656885 351325 812216 540505 373720 567192 698559 478791 355999 364592 590328 666064 379353 189164 78504 562932 803736 305704 38454 185330 392623 647109 714088 550273 426645 811676 286864 678762 625949 416266 864908 876570 532593 305926 290755 842558 295702 138085 268245 953102 306058 384023 444950 159557 598957 639264 396715 227786 676609 446606 336226 379461 872909 718290
534624 589291 792954 682649 613841 603333 600395 821200 419432 260957 595776 212791 273743 596678 727096 538446 440947 281928 345246 776664 239831 251726 293158 204548 668031 231163 516820 536329 269636 106364 478081 218958 273877 999999999 325126 441422 810532 406048 603675 720805 169759 530871 967850 109736 193294 532708 603021 142848 674815 554022 564722 715522 449706 253026 82755 108918 714049 662281 198156 213633 308302 553171 587413 105777 308331 398153 517714 781309 531521 288670 169792 801170 54906 779179 356976 652784 822680 753645 465092 562583 127089 682838 461760 147107 228462 766471 509242 110942 550811 183146 376024 566258 500731 85697 583018 618404 169511 652136 672077 767731
217184 572055 816139 434937 348347 419692 487858 496690 278107 367920 472612 448790 570468 287276 404469 213666 193847 69686 113952 471171 169233 493519 617375 205260 460325 152812 443254 211204 567183 394950 599803 411076 257105 325126 999999999 160679 601708 90589 278605 757689 445796 535962 669939 297827 250329 233801 404761 462490 587576 283995 265122 390980 594193 578146 375562 343945 389674 409186 512335 115344 196370 306015 644369 417936 284573 177084 192975 456376 528444 598179 489930 554965 372870 460587 577549 389482 608456 641963 291192 350742 423986 630442 160542 219760 116915 756230 230286 414482 227023 356145 469674 393334 176283 349602 436853 302623 240021 485395 692733 473491
120153 721815 967279 502228 188420 528814 619132 431407 419911 384748 601497 596920 706152 300595 307539 184289 305543 164384 97605 466888 329303 642117 720379 362744 552641 215602 587583 170694 702484 528456 760482 564237 259496 441422 160679 999999999 682506 84533 226136 911618 521363 690075 665061 378850 407063 92807 508018 563387 721050 354020 124093 307697 754517 687970 506628 485284 333518 474957 605030 234492 181131 391857 801998 516190 266551 79237 147140 388012 681679 727882 611212 612655 479418 426386 731473 229632 685455 765380 420253 199501 512913 771243 39782 304286 271292 902615 71517 544015 204357 407076 630354 510094 166300 438760 560374 189018 393458 341582 845496 487238
606147 423810 572925 182530 790373 207580 268117 528443 391224 959142 257280 767506 915720 401764 603459 516936 408938 669433 703290 346920 576040 790802 1065581 606347 144914 746659 355649 533264 915150 805945 657223 710396 857668 810532 601708 682506 999999999 610336 519215 569935 976169 462262 360865 848257 620859 670897 208553 944932 290611 328968 678696 567032 690418 1014983 802403 745307 500379 209454 1002258 682802 797198 296846 564431 915473 886264 746639 550985 532299 449068 962839 912660 113803 864856 435458 797295 817750 18124 240758 346237 864593 937205 362140 647964 784889 614978 481136 710464 832641 499077 926745 595293 245342 520552 877909 243551 629264 641931 1007664 514830 292596
129117 637724 883279 433117 264017 448230 535201 425284 335439 402704 517806 539205 658766 248519 321228 147919 222603 126278 103517 427236 257635 583997 695064 295336 476298 201938 503105 140198 655381 482215 684378 501626 280348 406048 90589 84533 610336 999999999 207040 828271 510717 606969 627775 362986 340516 143924 428609 538501 637005 281673 174852 311625 680797 658255 462019 433057 320132 406040 585318 192415 205345 315627 720386 492493 298005 136318 117874 383268 598323 684945 573743 547958 450411 401820 667969 304693 614521 682748 336141 283992 494622 686741 72128 284395 207467 818148 146593 500646 165608 408000 554383 427944 116425 419428 477310 214104 330609 425508 761882 439315
109653 685413 924251 339009 273262 421056 542079 218935 396027 604172 521194 707323 840090 120404 141650 65898 262076 331468 303167 245952 412584 750114 895924 456783 415910 408973 545384 67795 837129 668387 795653 661453 479411 603675 278605 226136 519215 207040 999999999 882080 717324 672563 440620 569264 500244 169269 393820 740622 640415 227399 166580 117936 802289 856657 650461 613172 113094 313734 789369 392605 401373 275643 796600 695521 490763 305361 89166 177884 661020 871314 767041 428489 651271 200386 820610 298685 517481 661111 368661 361087 699616 705070 186804 490465 384712 845798 216994 689531 59026 614572 671500 418232 103905 624565 474070 110344 498661 498427 813710 275027
909403 196695 74331 629890 1087874 488874 355926 1004267 497815 970866 377131 541376 633537 776440 1015069 838067 629729 792503 866457 842320 608997 528914 834801 597612 536575 825941 336930 850667 635821 643722 267421 509190 931243 720805 757689 911618 569935 828271 882080 999999999 872809 221768 923029 817437 569703 958103 517262 792542 284175 661746 982436 982058 309857 787355 657802 612804 930524 638576 838889 752373 913785 615104 133808 791822 969499 933290 853358 988726 229954 680239 708633 662515 755969 913510 458373 1126901 587701 333111 514848 1107943 824416 209362 897171 800473 677067 111157 973563 662513 830981 900620 344781 476092 814917 806382 423239 976196 596258 1242516 68370 793641
631660 753658 946268 840620 665678 769753 770153 935962 586115 195949 765437 336910 322107 731357 825803 655252 593233 386091 425329 914789 400841 362581 220073 370300 832558 310031 686280 649788 317678 229273 617433 363623 284156 169759 445796 521363 976169 510717 717324 872809 999999999 693820 1111132 148327 362809 613658 767877 98323 843804 704267 643734 820491 583144 208670 215410 265590 830308 818775 99739 331324 350839 709059 739047 81292 303294 458282 628321 893975 695508 309474 198589 960696 120888 906066 463284 700128 987728 923172 629956 588881 48393 849406 550906 227141 374075 926525 579475 212635 670558 125799 530563 733171 619400 100162 751890 709476 338310 643885 828681 911932
691914 62469 282256 463234 867673 316199 197790 814440 280226 768062 213948 386913 513483 574202 809520 624387 414398 572096 645192 666820 390400 390887 699944 383326 380164 609561 135310 636124 514408 471529 195968 340413 717941 530871 535962 690075 462262 606969 672563 221768 693820 999999999 781298 617997 360707 738591 341336 625542 194711 461266 763750 778157 232489 649165 480481 428232 731687 464906 677789 535062 695724 417717 125775 615409 755818 711796 637107 794022 13836 562912 556607 527628 573317 728175 360433 907055 480112 279743 304202 886177 646190 165567 676351 591709 458266 237654 752650 494485 618950 703232 175704 291988 598977 615951 249537 761808 388113 1020968 157382 623708
550214 757038 931762 325557 683712 468109 585937 296994 600329 1029709 568012 998104 1147109 383180 431994 483641 529170 736521 730856 200559 733799 1032062 1255070 776139 401140 820130 652585 495497 1145368 1000481 964660 942225 908123 967850 669939 665061 360865 627775 440620 923029 1111132 781298 999999999 965221 807971 606759 446676 1110696 639024 416167 596707 404901 989962 1208783 989166 938416 348560 333308 1165425 781120 832374 428449 897759 1071002 924330 743793 519454 328494 767464 1188600 1108867 260543 1021523 247548 1067351 694420 344784 600449 549083 788209 1083406 713670 625308 888625 740783 840048 655492 1025920 464286 1025929 873719 498883 511443 1012013 532644 521177 819510 912926 863453 200119
485658 673516 888242 703496 535562 644939 662440 788035 464332 154617 654823 322450 372547 584189 680136 506967 453781 237870 281562 767902 274513 361354 343006 253777 703493 164162 585758 501654 368217 215233 582771 325160 171118 109736 297827 378850 848257 362986 569264 817437 148327 617997 965221 999999999 261036 471640 639905 187481 745347 562571 502539 673644 556370 314891 192037 214098 682181 680521 226189 184172 220190 571078 685168 140224 202700 322017 480361 746211 617010 379323 255745 824441 115779 757818 466679 572460 858650 819659 503575 471740 134064 761708 406162 78846 235352 855502 440798 215784 522231 85819 474056 609918 471073 60837 635211 565175 233634 550400 765291 766698
462587 414009 637644 504966 595371 413280 407797 705132 230260 407880 402656 207220 346485 460055 637894 435357 281594 251654 331391 627801 87715 249908 452565 45249 480408 261934 326608 438805 344075 193348 366119 162649 362034 193294 250329 407063 620859 340516 500244 569703 362809 360707 807971 261036 999999999 484122 415313 324080 485872 392588 515338 618040 353178 404024 184896 130922 600188 487267 381406 193932 352940 381615 441714 295937 400420 398771 426607 669729 358545 383860 302379 619917 246021 646998 327653 636572 633722 562577 278811 579886 320124 500689 410808 231407 135799 598170 478246 219437 441878 346855 240006 375649 398323 270760 389990 547214 27577 699526 512870 609888
64960 764166 1009386 488367 131226 540500 644924 352348 460495 470729 625720 680466 794674 271530 220331 153961 332812 252611 190358 414902 401544 725484 813122 439013 552235 308360 625909 137635 791104 617090 826339 644556 346447 532708 233801 92807 670897 143924 169269 958103 613658 738591 606759 471640 484122 999999999 516525 656095 746845 351669 32209 225737 823902 780400 595752 571434 262684 461529 697825 322899 269204 395738 855717 608927 348722 161189 121162 309049 729018 817869 702396 588954 571728 361291 811261 168961 671399 782013 450742 195040 605702 803198 73838 396990 349990 939239 48896 633603 172147 497919 696617 527836 156376 531566 581457 100832 473313 336865 890690 443796
455210 329187 547154 122648 645075 28812 161436 487386 185085 753886 140144 576171 726240 276078 512526 368764 211422 469957 512583 327663 367513 604301 864547 398546 65121 543861 208089 384392 725202 604003 518477 518809 656885 603021 404761 508018 208553 428609 393820 517262 767877 341336 446676 639905 415313 516525 999999999 739051 250838 167927 531612 477362 543289 814599 598816 542412 419892 123959 796343 477365 601071 121203 463842 708312 687395 563180 396296 473924 327621 771599 712076 212641 657561 396249 626794 678255 219859 267962 138002 701804 729394 320966 478244 577631 407465 462364 548694 630679 355135 718994 429090 52255 360153 669430 94728 500544 435260 846057 450842 282655
665112 686918 866589 823161 723024 737354 721885 959122 554170 284130 719627 251499 223805 738700 859240 676100 583446 412351 465782 919262 380949 271613 157141 343023 804172 347806 633887 672912 219371 154095 531859 286895 351325 142848 462490 563387 944932 538501 740622 792542 98323 625542 1110696 187481 324080 656095 739051 999999999 787570 696624 687457 849953 495374 127827 148254 205272 852155 803392 57326 348037 407288 694692 659421 47377 376997 509294 653235 918506 628705 213189 100531 940722 90138 920091 369043 759771 957786 869776 601795 656434 63607 785983 588242 259106 370945 853038 627180 131483 689389 205162 455756 699676 638769 126680 711634 746935 303960 724322 752359 910577
689726 141976 301291 352046 877826 222218 102139 734212 310155 884817 121183 565054 700731 525253 763027 607964 416613 640579 701512 565020 482824 575668 878699 492972 257013 697612 159591 622631 701258 634985 387398 513008 812216 674815 587576 721050 290611 637005 640415 284175 843804 194711 639024 745347 485872 746845 250838 787570 999999999 413064 766015 728047 426109 827351 639387 583097 670629 364270 842683 623052 773146 364796 277270 770060 847745 761968 630854 723284 184174 750052 730109 378480 723483 641190 554207 913636 308689 86165 300866 920235 798242 75271 697602 702594 544070 213159 772420 660074 596749 830834 361186 222485 592816 755916 166917 743951 512685 1062506 225183 514403
288986 466151 700139 152485 478567 194322 315465 356130 206191 651167 294384 588354 735357 114726 353786 201364 113309 353626 377322 238413 317788 625181 839128 359974 200919 435638 328431 217217 733352 584499 608739 534150 540505 554022 283995 354020 328968 281673 227399 661746 704267 461266 416167 562571 392588 351669 167927 696624 413064 999999999 364991 320353 623612 792640 573000 522584 270535 125942 752136 382225 474590 48273 586996 658443 565909 417873 230612 333157 448711 775225 692742 271181 608305 276541 673513 510955 332856 435884 163172 541181 673076 478585 320568 489972 330297 619772 386914 609829 187258 631945 495882 191210 196209 604194 247047 332805 403404 685318 593600 217312
76562 787745 1032531 496451 113575 556395 664406 333153 484623 497202 644835 712368 826882 277193 196645 164053 354722 284811 221683 408886 432198 757358 844417 470176 564332 339654 648804 147937 823313 649300 855277 676097 373720 564722 265122 124093 678696 174852 166580 982436 643734 763750 596707 502539 515338 32209 531612 687457 766015 364991 999999999 206060 853543 812030 627957 603566 249379 469984 728717 355105 297302 410435 881944 640241 374015 188540 135665 290291 753909 850046 734440 592897 603425 349668 842671 147626 678356 798433 472421 194871 636571 823947 105804 428366 381579 961016 68811 665795 180356 526914 725763 545572 173252 562636 599872 79413 504897 332237 914782 441152
189847 786196 1019893 398580 279565 505862 633767 127096 506326 692420 612420 825032 956732 205630 36534 182834 374650 437903 397524 240255 530350 867937 1006251 574415 486722 510464 647512 181181 953705 783916 909279 779375 567192 715522 390980 307697 567032 311625 117936 982058 820491 778157 404901 673644 618040 225737 477362 849953 728047 320353 206060 999999999 917375 968436 765448 729616 67516 377188 896912 502590 488808 367506 903293 804080 572705 384023 198006 84364 766082 987112 880862 463259 761438 160775 938400 289690 561730 738417 474348 387507 806031 796459 272645 595447 500526 938020 272982 804492 176815 711817 786627 509525 220400 730836 564886 126657 616027 508109 913869 286640
791619 285753 383651 664966 942538 522738 422476 977523 418110 710215 435134 246297 323682 725941 943914 743611 543389 604378 684047 852161 425218 224752 525317 394627 593076 610528 340602 751559 325987 356568 44100 231219 698559 449706 594193 754517 690418 680797 802289 309857 583144 232489 989962 556370 353178 823902 543289 495374 426109 623612 853543 917375 999999999 478524 374989 342286 882758 660719 537254 546438 702084 588674 187468 502094 736601 751712 745505 950152 244473 370521 405024 745568 473882 900104 149110 983674 707963 509612 461334 932882 535354 384433 752837 560672 486397 393659 824470 370614 743973 632685 130792 491081 710908 531730 461378 872027 373307 1051836 287582 815928
786247 711634 861517 908873 850383 809044 774402 1073908 630535 404066 775467 262867 159711 845301 979480 791344 679652 533000 590496 1022325 475067 261406 51430 432772 879158 472878 682799 789350 156414 211154 520029 314603 478791 253026 578146 687970 1014983 658255 856657 787355 208670 649165 1208783 314891 404024 780400 814599 127827 827351 792640 812030 968436 478524 999999999 219904 273478 966742 891281 110599 466050 534953 785037 658712 174726 503502 636095 770706 1034212 654896 124069 102524 1022694 208783 1029660 334278 887347 1029139 912395 680840 784170 188552 814280 711241 384167 477697 861561 752981 184715 803440 328796 473529 770850 753565 254244 774665 869219 389816 849377 756850 1009293
591071 541198 731088 689777 684849 595172 574169 864630 413866 340316 572411 132325 199785 629483 779986 584587 460209 343154 413040 804196 255915 169421 267790 213028 663767 304143 485738 584448 196019 23913 406293 148862 355999 82755 375562 506628 802403 462019 650461 657802 215410 480481 989166 192037 184896 595752 598816 148254 639387 573000 627957 765448 374989 219904 999999999 57631 757748 671763 204178 272854 386262 565187 523998 135314 390864 470304 567792 826345 482934 222927 120120 804734 99258 815285 274878 724560 815851 721524 463276 639626 167115 639121 523066 225326 266076 711541 576347 39070 594923 260073 315166 557164 546570 157559 566106 676101 169914 733235 613281 789904
561097 488164 685330 635423 668460 538245 516725 824328 357713 368047 514829 117499 227191 584543 746164 547344 410622 320958 395738 756204 208455 161701 322601 163999 607261 295567 428649 548490 224109 62453 369527 111067 364592 108918 343945 485284 745307 433057 613172 612804 265590 428232 938416 214098 130922 571434 542412 205272 583097 522584 603566 729616 342286 273478 57631 999999999 718003 618046 261586 251373 383329 512525 479210 188030 401496 457262 533298 787130 429977 259029 171524 749399 145236 771179 262383 708921 758882 664773 407620 632383 218097 584776 497841 227635 229421 661682 556259 88764 556340 291761 268187 500179 509454 193876 508536 646523 119943 734903 565459 739862
