NAME : synthetic_000530
TYPE : CTSP-D
DIMENSION : 100
GROUPS : 8
RELAXATION_LEVEL : 1
EDGE_WEIGHT_TYPE : EXPLICIT
EDGE_WEIGHT_FORMAT : FULL_MATRIX
EDGE_WEIGHT_SECTION
999999999 257580 273548 726219 820044 308166 646620 1084750 419675 554557 492765 396345 375259 800956 336796 897936 526812 412213 287146 702779 425797 939421 661862 136803 659455 321791 917072 518517 471099 527961 517355 725029 724796 554855 558716 622054 983837 579714 569494 894385 664314 792541 58553 643464 567331 248431 464112 458336 580018 632542 772287 175569 938849 525423 301108 645153 293956 221838 878497 556443 837466 665799 736267 469941 415704 261554 938114 598487 583970 819922 308639 853711 110897 772648 886623 666393 616808 434914 556220 695225 364782 934118 401509 392994 723429 1075757 700343 831708 583277 733074 256615 386512 728049 878475 497872 854579 364983 335959 662004 760283
257580 999999999 371849 805622 963035 272782 677743 1163382 481656 776814 319937 616453 561174 691169 452256 942462 507785 458087 450608 788229 382606 962990 770773 391632 875510 256975 798712 685915 279056 381075 712276 623110 738703 663937 793361 547020 1028811 446871 573117 787975 913649 710587 292747 846689 752036 503608 535835 529783 455337 873408 917364 406389 949205 597521 65700 893597 546366 127734 951391 511239 993747 887760 935126 630178 584690 171242 791449 835372 571189 754931 149879 872271 187091 817710 949735 835478 545603 513110 783167 769718 399151 1057492 631149 416835 642165 1140894 617217 843344 557852 704794 465514 331886 701044 801069 513559 892664 483760 240154 628755 927105
273548 371849 999999999 458875 591668 163799 373786 819934 146432 454782 395992 310167 218144 589666 80412 624968 277817 143003 111121 437223 217521 665983 406908 276844 538697 197280 705620 319510 404656 391588 362377 513480 453565 298343 492693 400075 711172 416669 305567 674767 645320 561105 226727 497411 392321 336097 191181 185293 408638 581059 545708 209278 666422 253459 364915 623258 347591 426656 610601 320891 621966 558225 579377 262793 224410 227706 750579 536188 326318 576411 498734 580828 354000 499344 616368 466632 392546 162492 468389 426088 109919 690801 340432 138443 496242 806991 476426 559770 332273 474701 185978 206567 469323 639786 233669 581120 111978 232835 409477 556836
726219 805622 458875 999999999 259283 536754 172522 361333 325172 514873 667733 503816 419239 556672 389431 195039 350767 347539 451109 27885 456409 265952 103965 685080 509905 560299 631289 312442 706933 612411 397865 514840 196600 180008 584617 441597 271282 580013 279577 584895 742820 475510 672869 441811 357198 683844 272086 278218 561232 652979 241396 602943 293267 209067 778168 724134 662229 880889 152279 390020 319426 544363 452503 317777 365257 637011 728671 611424 307255 436070 946135 218866 812820 111175 163525 302676 433080 298207 539684 37055 406474 282989 540467 390325 458899 349593 461230 226006 335823 315405 523984 500056 311617 493929 308388 173268 361711 589343 332162 321205
820044 963035 591668 259283 999999999 715889 424351 362859 498330 411415 888747 483405 450443 815838 511380 373606 582279 528879 534579 250990 665890 456381 214354 738057 354581 745377 889346 304786 921393 842521 342061 772010 455645 306279 475645 691346 404815 819739 518139 842747 601771 734737 761765 297742 283669 696468 446436 451647 801756 515257 47826 660845 499089 397257 949952 588019 659312 1012017 271901 629698 62016 386680 257372 350143 404928 807308 987809 485481 550931 693835 1088437 448368 922945 357922 307680 175684 682319 461182 433499 286416 582683 134243 508465 576915 716997 394730 718013 466445 580086 574678 573236 700755 570899 749512 525119 385188 479733 779168 587987 111114
308166 272782 163799 536754 715889 999999999 405041 891909 219135 618529 234409 472646 381643 492829 229507 669769 241754 191361 274151 521115 123015 692336 512252 375597 700798 33671 609082 470959 240857 241087 522913 416864 468166 410047 655940 315726 756212 280537 302474 586292 806057 486716 288400 656753 548075 462689 273060 267314 277656 744035 672778 332537 681016 331657 241438 784115 485503 368671 680081 257811 754068 721224 735246 414546 383264 101612 634710 699493 304658 518694 419683 601935 339992 544929 677426 611593 311168 255004 632174 500301 134005 798702 501212 146456 417125 868329 393526 574113 295687 446843 338193 78659 442465 574329 240851 620177 256291 69794 371757 697291
646620 677743 373786 172522 424351 405041 999999999 494421 227381 586037 503243 526138 421383 398501 326135 264729 187191 235781 407861 174037 305231 293799 222955 637495 609939 422576 486480 368806 545401 444138 460227 348706 84795 206815 651752 269277 351229 408457 113864 441999 818191 324218 600362 543591 438235 664477 190232 195040 389534 731675 398391 558997 292703 142763 641498 797484 655224 768364 286704 219832 481520 642597 577764 346191 374135 506500 575365 686216 136396 298492 824395 207100 717242 140806 277488 421933 260666 219625 609638 139447 289853 454830 565341 265962 295547 465538 294497 186766 164272 169279 495470 353468 164128 363308 164192 215484 308488 446695 164270 466506
1084750 1163382 819934 361333 362859 891909 494421 999999999 685603 768858 991892 813924 751814 771995 748712 247828 680596 706217 803652 382836 799358 284927 426708 1032968 717440 912837 799883 618131 1036552 927494 681394 761314 458900 530641 835372 729273 185847 880977 607585 755541 964518 685305 1030097 659536 626040 1015641 633107 639236 861771 878097 396314 951129 331301 569905 1132125 950878 986020 1241942 212002 704978 403233 749415 617461 644664 698743 993215 909956 847571 623903 625071 1305898 352124 1173668 355223 216975 527001 723095 659525 791994 395545 764974 237784 845041 746565 703118 62892 716263 386282 648005 554967 867480 846784 554575 654637 654558 298956 719825 939167 610064 473865
419675 481656 146432 325172 498330 219135 227381 685603 999999999 474392 403769 363760 253484 492096 109753 480916 167275 32574 197241 306764 181033 519752 293138 414780 535362 247400 603579 284304 429678 372680 357772 419840 307910 192056 527832 305986 567536 373222 170147 567465 692451 448076 372992 480455 365984 455414 54363 48426 359555 615835 456371 339461 520061 116182 458583 670411 455204 556523 474137 221608 539191 561751 547034 233742 226348 315710 664498 568946 198223 452643 620974 434397 494949 354726 476672 408824 296931 38685 493644 290114 85131 579806 401190 80005 389902 668323 374241 413609 212337 340115 288462 206047 334517 518447 103842 435890 106102 280852 282846 488399
554557 776814 454782 514873 411415 618529 586037 768858 474392 999999999 848205 160634 237174 953077 397565 703101 635634 503125 346080 488332 643935 779524 410933 431121 107272 652056 1057028 217231 859348 834058 125965 885722 661483 379398 69954 775184 764761 844546 609950 1015948 232377 894484 500582 121543 157717 346784 455310 455746 832099 146098 373070 379865 808082 460367 792068 212110 298579 775279 624277 691888 390941 111577 207177 248538 248670 671432 1130088 100182 646228 880557 861457 730623 665267 620691 652699 242107 765741 443009 24825 511034 524090 545474 154110 539444 847088 791602 835793 731113 668984 752270 311301 650578 746771 946784 566103 687968 379794 687575 721655 306484
492765 319937 395992 667733 888747 234409 503243 991892 403769 848205 999999999 706077 611141 381702 452005 748667 317336 371202 507083 660276 224557 745266 675047 590572 925048 202865 483096 683341 51483 73541 745655 321938 534200 588291 888575 279125 828709 140149 390004 477152 1040310 417546 492588 876199 763770 687530 448774 444521 154562 977032 850625 559823 719203 491734 255370 1018337 714720 447466 788986 286917 935380 947618 948448 629038 605977 232007 471544 932020 368815 471754 454517 657054 477494 637597 776137 812583 282080 442356 863063 631130 331229 948431 735366 324784 355167 955502 331219 623719 343915 460033 572347 200894 458077 506117 364734 696421 473996 171942 390335 890533
396345 616453 310167 503816 483405 472646 526138 813924 363760 160634 706077 999999999 110695 855570 267793 698853 530978 387427 199047 475934 515476 766493 405527 279439 263354 505562 965798 197119 712646 699648 142380 783597 608892 334432 184137 669578 772357 718184 521217 928117 336216 807294 341214 250362 200655 214850 360676 359165 707744 271518 437664 220863 786341 385989 633223 314064 175912 615931 638533 585210 482107 272085 343902 187611 152063 516772 1028159 227723 554725 803737 701797 702416 507242 595600 660534 309626 660597 340470 167143 488645 395156 614019 39240 415417 752298 824866 737554 695351 573075 680501 151086 514160 674805 870533 464961 672595 259021 540084 636569 397530
375259 561174 218144 419239 450443 381643 421383 751814 253484 237174 611141 110695 999999999 744989 162570 612561 420557 278082 112958 391776 411081 675275 328868 288282 321859 415236 855103 145698 622351 598948 151125 673266 505267 241605 280458 559458 690485 613382 410922 817476 441348 696727 316748 286121 194110 265678 250457 248765 602113 369388 402697 210429 691357 279451 567848 419198 243293 582376 562816 475076 463293 340269 373989 107217 54107 439728 917981 323238 444174 694031 664928 605933 482855 502066 580919 291207 550415 229793 252103 399132 290461 572380 149046 308670 641609 755677 626950 596199 462382 571868 122813 414439 566162 760780 354285 581767 149897 450936 526331 385059
800956 691169 589666 556672 815838 492829 398501 771995 492096 953077 381702 855570 744989 999999999 595567 530768 324875 470982 680370 565995 380802 488848 621421 856750 994425 481118 116836 742004 431710 312285 829057 76755 361631 589509 1012395 189889 587220 244937 343521 96851 1179172 87199 778759 930745 819427 925754 499349 499699 235860 1098275 794223 797684 446568 495378 629979 1157400 935287 815382 611933 272500 875296 1025232 973287 704544 712390 557254 178550 1051447 306927 147615 833077 423384 820534 469645 584578 817919 197925 516040 974580 530437 480864 820227 893235 454072 106453 719818 118086 390947 284495 242101 769146 414846 245471 142698 390965 485779 597899 474960 237686 864911
336796 452256 80412 389431 511380 229507 326135 748712 109753 397565 452005 267793 162570 595567 999999999 564355 271848 124876 87527 366206 248610 611770 330204 311416 473478 262956 708856 242825 467015 436737 294514 521525 409633 221652 443028 406789 649368 451120 279842 674115 602883 555797 284140 427484 318691 345874 135955 131100 440227 531957 465333 233164 616931 192317 444129 580710 345680 504475 541709 323115 541619 495618 505961 186068 154540 304849 764538 485767 307684 562162 578121 530303 426127 440846 550149 387851 398210 106523 413818 358608 127969 612083 302954 147693 495625 738961 478577 512579 320415 449537 178746 253085 443915 627776 212808 523404 31666 299192 392393 477246
897936 942462 624968 195039 373606 669769 264729 247828 480916 703101 748667 698853 612561 530768 564355 999999999 444017 495180 634733 222923 567065 82917 296132 869833 686018 686942 571735 506701 794727 682530 590083 515034 214550 371285 773055 482037 86900 634136 372841 525671 926549 443579 847697 619062 545826 875692 433885 439715 614977 836488 378681 788205 126644 372773 905416 908850 855842 1031793 103876 462557 434105 720577 612491 512554 558841 771221 679874 797008 384084 386294 1089024 107389 975789 126431 67823 476041 476096 463022 727895 213791 551736 319367 735472 529341 456539 206845 468927 140347 406121 307302 712748 616393 306810 424854 428921 52247 539869 710041 363068 467702
526812 507785 277817 350767 582279 241754 187191 680596 167275 635634 317336 530978 420557 324875 271848 444017 999999999 146978 358057 344675 125465 456374 368291 554011 687583 251231 437136 432782 358400 262441 514637 252747 232980 298963 691965 139784 528321 238276 73327 402371 857720 285137 491519 627955 513571 610363 180974 180070 220926 779166 548131 486525 441424 196965 465010 835775 615444 610178 473889 56440 633512 716225 683855 388912 390400 338879 497632 732218 63427 298795 657134 365524 577101 325482 463677 534360 130474 193360 656018 314409 168746 632625 568465 139686 223777 648927 207183 335802 56466 207424 448297 176094 202681 361982 69962 392425 273029 269431 135209 600164
412213 458087 143003 347539 528879 191361 235781 706217 32574 503125 371202 387427 278082 470982 124876 495180 146978 999999999 211301 330643 148608 529569 321695 418003 566265 218229 584001 316178 397383 340522 388088 397420 312583 222837 555079 282855 582053 342627 163069 549302 718715 431364 368565 512068 397765 466109 82660 77273 329422 643428 487423 345759 526920 140429 432232 696616 469186 537913 494295 198770 570605 592217 579374 264863 254530 290021 641253 596625 186496 440117 599705 442364 481735 368753 494865 441385 274093 71182 521869 311674 58936 607577 424113 48149 370753 686652 353780 419589 196662 333042 301943 173865 327577 505066 91877 448555 128413 250867 270971 520670
287146 450608 111121 451109 534579 274151 407861 803652 197241 346080 507083 199047 112958 680370 87527 634733 358057 211301 999999999 425777 321480 687269 377731 235100 434499 307346 794438 239013 514758 501594 263204 605604 492228 273495 381811 490884 717954 523407 367226 760412 534475 642658 229787 398637 301468 259075 218523 214350 514154 470042 487011 153665 695530 268762 455222 512385 258221 480632 602176 407964 555817 451921 485169 186153 135576 327036 847201 425351 395199 649675 560707 608745 388366 514284 614317 389434 482553 190248 358630 423691 203714 646981 229856 227826 581663 799231 564020 592997 407584 536639 91224 316122 531001 715241 300276 596733 99379 342376 479915 482799
702779 788229 437223 27885 250990 521115 174037 382836 306764 488332 660276 475934 391776 565995 366206 222923 344675 330643 425777 999999999 445543 293423 77589 659231 485799 545681 644378 284731 698143 607071 370578 521020 209496 153507 557982 442799 298715 577477 275310 598282 716960 486527 648926 417658 330767 656615 252975 259089 558924 627229 228537 577063 319789 190711 762496 698106 634651 860913 176475 386851 309467 520161 431843 289974 337752 620639 739790 585317 305216 449877 927417 243646 790838 134485 189997 280098 434011 278010 513125 35566 389448 288180 512585 374734 466157 373781 467031 248676 334181 326409 497458 487739 322289 509345 297879 200395 337880 575615 337068 304563
425797 382606 217521 456409 665890 123015 305231 799358 181033 643935 224557 515476 411081 380802 248610 567065 125465 148608 321480 445543 999999999 581760 453238 476175 712354 127004 497637 464364 255582 192421 533251 304058 358019 363841 691481 196574 652164 202708 194241 471295 851260 366748 399146 659698 545759 549970 224258 220088 192724 780384 626886 420146 566686 268681 339713 829085 564550 487723 589837 134835 711385 737223 727975 412004 396143 215001 534891 734051 188733 396227 532169 490913 462987 445785 582576 589020 191062 219202 661217 419359 120641 732091 549326 105351 297765 770428 275014 461263 175789 325510 403195 50721 321341 453077 148021 515938 264142 144017 249881 666027
939421 962990 665983 265952 456381 692336 293799 284927 519752 779524 745266 766493 675275 488848 611770 82917 456374 529569 687269 293423 581760 999999999 369525 921506 766288 706023 515639 577991 793530 675845 663789 484351 224310 434030 849423 469785 99086 621849 390033 470912 1005057 402896 891730 698971 621857 934996 477358 482827 603100 915001 461468 840827 49248 419735 921383 986986 918097 1059293 185477 465015 516684 800880 694735 579041 622324 792556 625476 874716 393539 341365 1111555 90850 1010970 173894 149286 556292 465246 507040 804348 277849 583226 396463 803929 558458 427552 230987 443517 122124 411168 288078 769192 632234 289134 369871 453857 93899 589787 725774 354934 550411
661862 770773 406908 103965 214354 512252 222955 426708 293138 410933 675047 405527 328868 621421 330204 296132 368291 321695 377731 77589 453238 369525 999999999 606345 409335 539906 706469 210907 708789 628168 294391 570430 275460 108642 480657 482229 366905 606201 306034 661079 639372 545699 605985 341210 253290 594505 239282 244965 588419 549653 180422 524445 397156 184951 751160 620521 569331 833563 234406 416870 265630 443571 360707 223346 274943 608061 797887 507741 340182 514158 904490 321111 755811 211615 255026 206394 472957 258555 435739 104694 378261 287061 441128 368965 518298 427079 516188 325043 369215 387214 441330 490225 382591 575914 310892 277199 299588 572379 386354 243563
136803 391632 276844 685080 738057 375597 637495 1032968 414780 431121 590572 279439 288282 856750 311416 869833 554011 418003 235100 659231 476175 921506 606345 999999999 537879 398576 973533 433429 577217 613408 413162 780000 720653 505962 428127 669546 952946 656134 581057 945535 527727 834981 102959 529797 467917 112060 447369 442464 652867 498558 690431 82177 928109 501966 429449 508741 157241 355553 835176 594171 747276 540827 623338 393449 337808 361178 1008085 466441 603048 852803 442325 841400 241443 748996 848541 573304 662795 417877 429950 658483 385291 860609 277063 414325 768474 1031578 747398 823995 608945 750942 166698 447688 745506 915577 509653 831526 331740 421979 686318 665772
659455 875510 538697 509905 354581 700798 609939 717440 535362 107272 925048 263354 321859 994425 473478 686018 687583 566265 434499 485799 712354 766288 409335 537879 999999999 734468 1092662 254823 940245 904553 179501 931270 677917 406257 140975 824908 738148 908582 651959 1049605 247576 929299 604568 68144 175109 453782 507216 508828 894736 160806 324764 484135 800005 499482 887221 233439 405215 879278 597348 743937 321016 34598 112886 301647 319104 761514 1172845 135859 689030 908366 965074 728766 770319 620265 629102 210018 815301 500371 114479 513823 595387 484485 260845 607005 887983 747434 879303 734293 714169 779109 411343 724845 773870 973181 617675 678770 451207 770513 758235 243659
321791 256975 197280 560299 745377 33671 422576 912837 247400 652056 202865 505562 415236 481118 262956 686942 251231 218229 307346 545681 127004 706023 539906 398576 734468 999999999 596501 503995 207448 215035 556546 406123 481749 439183 689047 310339 772956 259641 316250 575932 838380 480839 307405 690305 581400 489276 300682 295092 258691 777028 702738 359851 692556 357610 219348 816476 513861 360915 701411 260065 784545 754881 768508 447678 416858 87997 616855 732616 314653 516454 405979 615296 342908 563172 697364 643828 306715 284195 665582 523581 162694 825662 533698 171581 411019 887497 386833 586448 302769 452264 369533 76957 448171 569706 258962 636665 289411 36237 376449 728902
917072 798712 705620 631289 889346 609082 486480 799883 603579 1057028 483096 965798 855103 116836 708856 571735 437136 584001 794438 644378 497637 515639 706469 973533 1092662 596501 999999999 843148 531061 417677 931940 193581 435051 686406 1118121 305545 614348 352287 447796 46851 1285348 163364 895466 1027568 918456 1041698 606838 607688 345812 1202845 872349 913999 468583 596903 736067 1263760 1050362 924366 663262 386656 950295 1124347 1064211 808855 820229 670806 110351 1156222 412430 195534 937436 466748 934091 533667 632283 908376 313171 625389 1079146 609315 596439 878532 1003884 569258 213685 743030 230421 438232 392744 319262 883815 531325 323886 146887 500954 533084 709665 588858 335542 948000
518517 685915 319510 312442 304786 470959 368806 618131 284304 217231 683341 197119 145698 742004 242825 506701 432782 316178 239013 284731 464364 577991 210907 433429 254823 503995 843148 999999999 703816 656630 91583 677386 444837 162232 283624 570192 577394 656444 398649 801232 449469 680057 459985 196514 81764 399415 252719 254575 642005 362970 257076 356127 601992 246716 683955 428904 367949 719449 442002 489122 318958 284070 265436 56806 103805 546916 920069 317410 435550 664024 799700 521132 624214 411780 465066 150446 560594 247785 240924 302239 352290 428331 231154 359791 635596 627831 625945 518739 460070 535423 268510 482560 529957 730057 362900 484538 214689 540141 507660 243838
471099 279056 404656 706933 921393 240857 545401 1036552 429678 859348 51483 712646 622351 431710 467015 794727 358400 397383 514758 698143 255582 793530 708789 577217 940245 207448 531061 703816 999999999 124989 761523 373113 580182 618107 896340 329368 875659 191513 431629 526639 1044116 468958 476724 894015 783122 678334 477487 472842 206044 984163 881995 553335 768389 524249 213516 1022318 708544 406726 831905 332195 966195 961411 969244 648463 621552 216087 514284 939924 412678 523226 408273 704788 445681 681618 820221 837518 331960 468345 873017 670088 352272 985868 740017 349738 406635 1001432 382655 671717 388881 509467 573694 223684 507349 557384 400714 742496 491251 172563 438728 918052
527961 381075 391588 612411 842521 241087 444138 927494 372680 834058 73541 699648 598948 312285 436737 682530 262441 340522 501594 607071 192421 675845 628168 613408 904553 215035 417677 656630 124989 999999999 725289 249698 468714 548188 879090 207401 761132 67852 332872 408602 1035776 344484 520140 852113 738105 703636 412251 408704 81137 967998 806466 573612 648464 448442 318517 1013646 726365 507191 727527 224689 891729 929061 919617 604425 587386 267791 416352 922095 308016 398244 520939 588532 525884 574861 712936 778278 211015 410303 850555 576375 310162 894840 731449 297653 281649 889286 257678 554849 281433 389218 574941 185519 387521 433465 317822 630355 454880 193016 321430 851980
517355 712276 362377 397865 342061 522913 460227 681394 357772 125965 745655 142380 151125 829057 294514 590083 514637 388088 263204 370578 533251 663789 294391 413162 179501 556546 931940 91583 761523 725289 999999999 762797 536394 253796 192085 653562 656970 730710 485590 890553 357968 769166 459561 135580 58469 357107 333679 334641 717296 271996 297110 344467 689747 335049 718420 337342 317810 730044 518619 571063 339801 204155 223044 125726 139974 588034 1006579 226111 522140 754633 813672 610192 627066 500452 544303 167405 644038 324044 149412 390616 415905 473953 166588 427913 722848 697033 712204 608937 545601 626306 260794 545358 620809 820832 444752 570973 271729 592704 596431 255543
725029 623110 513480 514840 772010 416864 348706 761314 419840 885722 321938 783597 673266 76755 521525 515034 252747 397420 605604 521020 304058 484351 570430 780000 931270 406123 193581 677386 373113 249698 762797 999999999 325934 529184 943612 114762 580009 181969 279465 169809 1109859 98268 702219 868823 756178 849507 430604 430508 169674 1030231 747093 721203 446785 431924 563437 1087974 859645 745771 586939 198668 829959 961353 915652 637545 642542 484005 244994 983315 242331 159296 767327 409200 746944 438060 562749 761273 123341 445573 906724 485625 405040 787540 820900 378610 58754 713022 54251 375154 217349 210616 693861 338652 212431 184387 320623 466582 525114 401546 184437 813605
724796 738703 453565 196600 455645 468166 84795 458900 307910 661483 534200 608892 505267 361631 409633 214550 232980 312583 492228 209496 358019 224310 275460 720653 677917 481749 435051 444837 580182 468714 536394 325934 999999999 282948 728461 272448 296566 422784 165747 388847 893850 279171 680250 610494 509859 749206 274062 278641 403543 806220 437312 642746 215174 227416 697729 873520 739979 835691 265522 248040 516016 711349 636125 426568 457150 568252 532163 761452 171097 240384 887251 133768 790853 112969 246327 481228 265627 303164 685506 174753 363073 461662 648020 337043 268091 421331 274181 107457 191804 119550 580160 408318 116211 300670 231307 162315 392855 501997 153554 513817
554855 663937 298343 180008 306279 410047 206815 530641 192056 379398 588291 334432 241605 589509 221652 371285 298963 222837 273495 153507 363841 434030 108642 505962 406257 439183 686406 162232 618107 548188 253796 529184 282948 999999999 445722 428390 450725 535056 250610 643426 611693 523043 499634 341493 232531 504588 140854 145814 518550 524894 264614 423785 452069 102011 646510 591134 484847 724979 329223 352998 348195 438105 387391 147269 188331 503427 768058 479553 287633 503599 796328 367996 647531 261608 343407 235599 418771 155067 403155 157600 276506 393685 372743 270960 483265 525923 476137 361874 314682 374548 344002 395755 369167 569207 233025 340349 191244 472889 352422 303821
558716 793361 492693 584617 475645 655940 651752 835372 527832 69954 888575 184137 280458 1012395 443028 773055 691965 555079 381811 557982 691481 849423 480657 428127 140975 689047 1118121 283624 896340 879090 192085 943612 728461 445722 999999999 831749 834479 893581 670375 1077767 167369 956213 508186 179346 227572 331829 513192 513126 881995 88935 439087 388638 877765 522825 813969 146097 281619 780551 693888 747839 450890 126772 252769 309677 301747 700551 1188466 43603 706166 944391 867350 799927 667957 690002 722502 309770 822417 498619 45174 580253 570892 609098 162547 588454 906881 859500 894650 799919 727910 816697 331935 694121 811147 1010855 623089 757767 428679 723812 783374 368162
622054 547020 400075 441597 691346 315726 269277 729273 305986 775184 279125 669578 559458 189889 406789 482037 139784 282855 490884 442799 196574 469785 482229 669546 824908 310339 305545 570192 329368 207401 653562 114762 272448 428390 831749 999999999 557595 152512 178659 275990 997454 170997 595500 763999 650227 736157 320033 319445 133538 918912 662067 608583 441228 328096 492452 975495 745400 664025 537379 84382 746634 854153 815720 527903 530166 394058 358584 871966 142624 208191 695404 384016 653181 383813 518730 663341 9641 333141 795700 408628 291019 722630 706678 264194 101447 687732 78452 349894 114218 182145 579345 237218 180734 259368 209083 430388 410812 312708 119301 722308
983837 1028811 711172 271282 404815 756212 351229 185847 567536 764761 828709 772357 690485 587220 649368 86900 528321 582053 717954 298715 652164 99086 366905 952946 738148 772956 614348 577394 875659 761132 656970 580009 296566 450725 834479 557595 999999999 710107 457970 569815 982693 500904 933126 672825 609257 955071 520005 525879 691102 892956 419295 871073 145964 458436 991083 965968 933326 1118668 141072 544062 461490 772392 655808 588077 636467 857588 724311 855551 467417 439931 1175621 173806 1062467 213301 112668 530040 552298 548988 789370 294693 638635 322788 808022 616184 522480 133084 537201 208192 488247 378241 794062 701789 378580 468844 515376 136327 624238 795522 439939 508056
579714 446871 416669 580013 819739 280537 408457 880977 373222 844546 140149 718184 613382 244937 451120 634136 238276 342627 523407 577477 202708 621849 606201 656134 908582 259641 352287 656444 191513 67852 730710 181969 422784 535056 893581 152512 710107 999999999 302521 341504 1053924 277457 566998 852944 738201 740684 405752 403081 19246 982421 786281 610043 591980 433333 385138 1031749 759788 572113 685968 190699 871645 934821 915286 606947 596000 323644 358782 935944 272762 332616 588145 536510 585339 532364 668922 769147 158059 408721 862455 545063 323207 862947 751916 305309 216295 840108 192977 502356 244276 333814 602499 212496 332727 365994 302045 582317 465245 244175 271069 837787
569494 573117 305567 279577 518139 302474 113864 607585 170147 609950 390004 521217 410922 343521 279842 372841 73327 163069 367226 275310 194241 390033 306034 581057 651959 316250 447796 398649 431629 332872 485590 279465 165747 250610 670375 178659 457970 302521 999999999 408162 837564 286770 529022 589359 476849 625551 160543 162177 284180 755486 486439 508049 379082 152494 533303 815965 624756 670408 400564 111852 571535 682302 637934 361465 373163 402526 521425 708761 37150 284276 721524 299499 629141 252689 390622 484908 169122 182529 631753 243741 204713 562277 559915 176775 237258 576784 227379 271813 64445 170356 458402 243858 164821 350718 72098 321711 272609 337621 115425 544113
894385 787975 674767 584895 842747 586292 441999 755541 567465 1015948 477152 928117 817476 96851 674115 525671 402371 549302 760412 598282 471295 470912 661079 945535 1049605 575932 46851 801232 526639 408602 890553 169809 388847 643426 1077767 275990 569815 341504 408162 999999999 1245099 121555 870350 984169 875773 1010404 568117 569240 332697 1161920 826066 883809 424334 555584 726633 1223613 1017421 912231 616644 354151 903760 1081524 1019479 768196 781257 653299 154650 1115415 373574 148918 929529 420351 916446 486863 585827 863664 282837 587703 1038306 563307 565050 831745 966461 537277 178940 699274 198425 391590 355470 273943 850443 507875 278699 101190 464121 486556 673520 570903 294405 902168
664314 913649 645320 742820 601771 806057 818191 964518 692451 232377 1040310 336216 441348 1179172 602883 926549 857720 718715 534475 716960 851260 1005057 639372 527727 247576 838380 1285348 449469 1044116 1035776 357968 1109859 893850 611693 167369 997454 982693 1053924 837564 1245099 999999999 1123545 621335 310206 387057 418000 679831 679593 1043095 90068 572241 509230 1035844 690183 942162 22175 370508 882124 841629 913328 564981 215105 350122 477046 467355 840229 1354817 132506 873237 1111628 968460 960290 767563 850478 872286 452653 988188 664409 208557 741275 730721 730108 304993 749904 1073841 995010 1061311 962041 894685 983763 470905 850262 978229 1178043 789236 914995 591081 871967 950718 490682
792541 710587 561105 475510 734737 486716 324218 685305 448076 894484 417546 807294 696727 87199 555797 443579 285137 431364 642658 486527 366748 402896 545699 834981 929299 480839 163364 680057 468958 344484 769166 98268 279171 523043 956213 170997 500904 277457 286770 121555 1123545 999999999 764513 864247 755117 895314 446962 448212 263470 1040429 715061 770364 361689 434144 652897 1102058 900440 830667 525250 240815 794866 960994 901877 646655 659928 563283 253282 993902 252569 64093 856926 336198 823744 384772 497571 746071 175779 467083 916797 451111 451200 734816 845763 422772 69822 633716 94276 303758 235739 160197 733226 408212 164238 90485 344360 398663 553920 481245 172868 788367
58553 292747 226727 672869 761765 288400 600362 1030097 372992 500582 492588 341214 316748 778759 284140 847697 491519 368565 229787 648926 399146 891730 605985 102959 604568 307405 895466 459985 476724 520140 459561 702219 680250 499634 508186 595500 933126 566998 529022 870350 621335 764513 999999999 586727 509077 212816 414773 409161 565391 584656 713990 120735 893053 474935 327335 601515 253805 274756 825064 525438 778927 612078 679261 411628 357257 261332 923025 548879 546127 788153 360887 807292 167576 723144 834219 607855 589580 385247 503366 642637 325363 876510 348734 354262 696257 1022443 673942 786490 547789 695519 198774 364556 690334 848524 456963 805429 311159 327254 626435 701750
643464 846689 497411 441811 297742 656753 543591 659536 480455 121543 876199 250362 286121 930745 427484 619062 627955 512068 398637 417658 659698 698971 341210 529797 68144 690305 1027568 196514 894015 852113 135580 868823 610494 341493 179346 763999 672825 852944 589359 984169 310206 864247 586727 999999999 114803 456709 448823 450869 838517 221056 263965 468275 732256 436960 853847 294330 410837 859841 531824 684096 271620 102552 93542 247767 273602 723529 1109275 188042 626500 842082 944442 660677 754096 552126 563031 143173 754368 444246 140080 445730 545140 430434 258120 554638 824383 686853 816403 666152 652228 712858 389013 675361 707669 906616 558294 611017 402831 726524 693903 189006
567331 752036 392321 357198 283669 548075 438235 626040 365984 157717 763770 200655 194110 819427 318691 545826 513571 397765 301468 330767 545759 621857 253290 467917 175109 581400 918456 81764 783122 738105 58469 756178 509859 232531 227572 650227 609257 738201 476849 875773 387057 755117 509077 114803 999999999 415158 334084 336085 723728 297923 238989 396721 650442 324373 754195 367760 376248 776481 469527 569804 281975 205959 187315 134777 168577 619924 997805 254888 513924 735978 858946 573533 676043 463638 496815 108983 640608 329549 182539 354257 432544 415879 224823 440954 712977 643638 704195 574993 539136 606816 311119 562884 601479 801363 443809 530255 292264 617626 583578 198427
248431 503608 336097 683844 696468 462689 664477 1015641 455414 346784 687530 214850 265678 925754 345874 875692 610363 466109 259075 656615 549970 934996 594505 112060 453782 489276 1041698 399415 678334 703636 357107 849507 749206 504588 331829 736157 955071 740684 625551 1010404 418000 895314 212816 456709 415158 999999999 476821 472910 735400 395065 650039 130648 947342 522916 540151 399642 50353 464140 828485 656263 696904 451755 549147 371792 319726 462827 1084844 366916 652181 906220 550466 860847 349573 761106 846209 523981 728573 449056 341073 661903 445425 825298 198786 473146 831614 1021068 812237 847461 662496 795409 169144 528647 789789 971091 557099 842349 357455 516294 736865 612377
464112 535835 191181 272086 446436 273060 190232 633107 54363 455310 448774 360676 250457 499349 135955 433885 180974 82660 218523 252975 224258 477358 239282 447369 507216 300682 606838 252719 477487 412251 333679 430604 274062 140854 513192 320033 520005 405752 160543 568117 679831 446962 414773 448823 334084 476821 999999999 6132 390614 599627 405403 368789 481224 63260 512898 658050 471087 608857 422138 237410 489030 535471 509606 207960 213405 370062 675322 552715 194564 443782 674456 394704 543945 308584 426113 366028 310548 29715 476138 237620 139172 525670 399401 130519 394275 617373 381490 376627 214891 323614 307733 254901 317909 510473 111074 390713 119394 333520 275905 441770
458336 529783 185293 278218 451647 267314 195040 639236 48426 455746 444521 359165 248765 499699 131100 439715 180070 77273 214350 259089 220088 482827 244965 442464 508828 295092 607688 254575 472842 408704 334641 430508 278641 145814 513126 319445 525879 403081 162177 569240 679593 448212 409161 450869 336085 472910 6132 999999999 388111 599787 410421 364115 486382 69376 507005 657775 467697 602726 428254 236464 493906 536854 512480 208924 212754 364135 675342 552857 195677 445878 668338 399915 537920 314324 432168 369639 309995 24587 476395 243744 133372 531466 397786 125269 394869 623452 381748 381580 215375 326427 303890 250022 320727 512513 110362 396395 115465 328059 277601 446022
580018 455337 408638 561232 801756 277656 389534 861771 359555 832099 154562 707744 602113 235860 440227 614977 220926 329422 514154 558924 192724 603100 588419 652867 894736 258691 345812 642005 206044 81137 717296 169674 403543 518550 881995 133538 691102 19246 284180 332697 1043095 263470 565391 838517 723728 735400 390614 388111 999999999 970756 768611 604771 573557 416690 394568 1020923 753356 579644 666740 172328 853953 921306 899885 593102 583443 326551 358185 924178 254017 317215 598169 517553 589269 513130 649676 753039 138938 394501 850305 526382 312591 844128 741916 293547 200653 821003 176878 483429 225432 315130 594614 206761 313965 352737 285678 563139 453372 245771 251911 820878
632542 873408 581059 652979 515257 744035 731675 878097 615835 146098 977032 271518 369388 1098275 531957 836488 779166 643428 470042 627229 780384 915001 549653 498558 160806 777028 1202845 362970 984163 967998 271996 1030231 806220 524894 88935 918912 892956 982421 755486 1161920 90068 1040429 584656 221056 297923 395065 599627 599787 970756 999999999 484217 467125 945915 606369 896644 73277 345019 853713 751884 835204 481216 130496 268473 394043 389521 786376 1274887 46948 791600 1026628 940574 870678 739941 760929 782384 362962 909533 585955 123733 651902 659807 645223 246494 677237 992457 907239 980765 872832 813938 898268 416480 782978 892779 1092822 709994 825019 517395 811601 867577 404431
772287 917364 545708 241396 47826 672778 398391 396314 456371 373070 850625 437664 402697 794223 465333 378681 548131 487423 487011 228537 626886 461468 180422 690431 324764 702738 872349 257076 881995 806466 297110 747093 437312 264614 439087 662067 419295 786281 486439 826066 572241 715061 713990 263965 238989 650039 405403 410421 768611 484217 999999999 613079 501528 358978 905370 557402 613549 964952 281159 597254 85388 358055 236513 302363 357107 763001 968327 451879 520373 677336 1041749 443949 875370 346720 315586 132927 652864 418737 395915 264001 540147 176891 463695 535559 693327 423033 692888 458867 549453 554921 525476 660247 550822 735245 488645 383781 433729 736903 562659 89244
175569 406389 209278 602943 660845 332537 558997 951129 339461 379865 559823 220863 210429 797684 233164 788205 486525 345759 153665 577063 420146 840827 524445 82177 484135 359851 913999 356127 553335 573612 344467 721203 642746 423785 388638 608583 871073 610043 508049 883809 509230 770364 120735 468275 396721 130648 368789 364115 604771 467125 613079 999999999 848413 421770 432947 488684 155229 395420 753001 530131 672795 491348 561315 313647 257935 339896 954992 429931 532121 784488 481621 761642 286455 667942 766420 499534 601263 339582 382721 576520 319197 781504 228208 347615 705438 949432 685401 745043 540166 678390 87617 398013 672868 848422 437613 750398 251553 388025 616283 592865
938849 949205 666422 293267 499089 681016 292703 331301 520061 808082 719203 786341 691357 446568 616931 126644 441424 526920 695530 319789 566686 49248 397156 928109 800005 692556 468583 601992 768389 648464 689747 446785 215174 452069 877765 441228 145964 591980 379082 424334 1035844 361689 893053 732256 650442 947342 481224 486382 573557 945915 501528 848413 999999999 426773 905099 1017295 932869 1049393 230511 444359 560009 834592 732476 598790 639324 779934 578670 904640 378015 298992 1098524 86785 1006027 190874 194394 590466 437464 510898 832883 299776 578207 444189 824381 552206 391267 275270 408744 107725 392800 259260 779923 617396 261127 323610 446368 121239 596863 710246 330394 589929
525423 597521 253459 209067 397257 331657 142763 569905 116182 460367 491734 385989 279451 495378 192317 372773 196965 140429 268762 190711 268681 419735 184951 501966 499482 357610 596903 246716 524249 448442 335049 431924 227416 102011 522825 328096 458436 433333 152494 555584 690183 434144 474935 436960 324373 522916 63260 69376 416690 606369 358978 421770 426773 999999999 572661 668881 512608 672038 358879 251271 443940 529950 488022 213218 234096 430349 673596 559931 189601 422096 737139 339987 606851 248578 363122 337444 318457 90977 482818 174383 198980 468338 425225 186029 388942 554228 379822 324777 215367 295898 354318 305356 290247 488777 131534 331107 170273 389041 261382 404681
301108 65700 364915 778168 949952 241438 641498 1132125 458583 792068 255370 633223 567848 629979 444129 905416 465010 432232 455222 762496 339713 921383 751160 429449 887221 219348 736067 683955 213516 318517 718420 563437 697729 646510 813969 492452 991083 385138 533303 726633 942162 652897 327335 853847 754195 540151 512898 507005 394568 896644 905370 432947 905099 572661 999999999 921540 579961 193221 920584 462973 984178 901785 939813 627401 585659 143131 726606 856741 527960 699379 204059 830533 245620 782226 916710 831542 491720 492647 800337 741666 373925 1038155 651465 387895 585251 1106720 560309 800533 512360 656051 482537 289509 652589 743327 478236 854758 474873 195753 580266 921374
645153 893597 623258 724134 588019 784115 797484 950878 670411 212110 1018337 314064 419198 1157400 580710 908850 835775 696616 512385 698106 829085 986986 620521 508741 233439 816476 1263760 428904 1022318 1013646 337342 1087974 873520 591134 146097 975495 965968 1031749 815965 1223613 22175 1102058 601515 294330 367760 399642 658050 657775 1020923 73277 557402 488684 1017295 668881 921540 999999999 351648 863586 824897 891349 552803 201999 338751 455693 445443 818814 1332943 112872 851578 1090488 950044 941238 749059 831370 855223 436062 966238 642485 188021 722010 708546 717376 282986 727741 1052130 980399 1039512 942591 872923 962752 449272 828134 957207 1156946 767351 896579 568947 850121 929254 477063
