NAME : synthetic_000347
TYPE : CTSP-D
DIMENSION : 100
GROUPS : 8
RELAXATION_LEVEL : 1
EDGE_WEIGHT_TYPE : EXPLICIT
EDGE_WEIGHT_FORMAT : FULL_MATRIX
EDGE_WEIGHT_SECTION
999999999 673206 196331 287559 723242 359388 729866 218060 183702 214622 374490 700999 318444 716628 381884 383853 104714 418539 421881 659211 814897 152399 201370 715789 376240 716259 447256 284382 309783 432029 612754 576944 453466 586204 165749 556762 675301 566309 683865 583391 134144 208391 110274 886749 665342 876114 326297 680652 596801 499570 486191 837774 811464 372309 340465 582072 490558 662663 339027 733091 238863 458609 451744 117162 366779 304858 406050 751716 115257 462494 119123 458920 825153 501299 328094 408384 780406 195579 522783 820161 872532 301875 904057 359880 562941 84029 38504 415115 492233 544832 709943 155098 484778 408148 166535 757012 405106 214599 815296 939192
673206 999999999 776161 669340 53272 525862 76433 867482 489595 599872 367692 646529 847411 824761 755272 951806 587953 822440 422400 65496 242929 520840 576540 368146 355656 747280 485645 894039 687989 261385 69339 1123478 287570 114181 644831 1131579 105149 523491 540341 551728 540198 765207 761877 218075 119353 221746 347159 673404 195337 1028194 557259 169581 555274 776269 341524 224802 334776 674839 562614 439437 741149 226875 240459 578044 857190 368377 699586 470539 788323 310705 675132 574924 398849 273301 584233 595933 675201 481105 1005431 520357 236685 540341 234516 314111 1040730 604526 711479 1007414 892467 1089634 873999 822616 190778 963927 838455 384221 526691 664031 231438 890206
196331 776161 999999999 179168 820808 551688 819684 308802 317382 410691 423125 895371 474305 911648 569069 508950 290201 597128 602210 776871 953174 296346 202711 884282 431395 912589 417834 400219 187476 516059 709265 689805 510886 708835 361237 655030 752870 756820 872422 775492 269965 376296 108677 994235 794309 992722 449342 876257 740697 629485 680117 945626 995603 555497 478709 632987 517116 858513 288681 909598 418786 549527 537166 214333 529129 424860 599883 930690 175250 623035 310676 653948 989713 656523 523949 604385 974110 312218 669069 1000337 996465 275873 1010614 482643 707144 202080 187838 519159 664819 661812 902275 147824 586613 536327 175912 925045 362194 129502 950975 1135512
287559 669340 179168 999999999 707655 581539 700340 466351 299525 469604 301669 921342 604015 975575 662809 658097 337575 704340 599555 683384 874450 295965 130215 847529 313785 959023 248369 551507 26142 410983 600115 846787 385225 623629 438978 817636 626773 771007 877013 794531 273047 495422 258818 884234 711297 890913 389512 911090 676711 777458 710170 837209 985555 656379 430452 493996 369927 896138 121638 885842 525671 446891 431067 219370 653904 366219 675378 911092 327945 587396 402869 690965 943718 611463 573169 651340 994949 279924 807103 981387 901544 129652 899419 417558 846820 234266 302643 677916 779268 816671 978461 316739 490227 684258 345023 886264 190766 73239 869454 1177819
723242 53272 820808 707655 999999999 578222 34777 919385 539541 653095 406520 686277 900682 868821 807864 1005052 639492 875007 473777 105930 242443 571035 619842 397247 395339 789140 512480 946872 725291 304762 111907 1176676 322911 165993 697777 1184852 102588 568468 578153 596156 589770 818218 810062 176633 152921 190413 397821 715098 239465 1081370 606137 130624 582782 829079 393846 241717 360720 717542 597559 469433 794385 271627 283658 625931 910381 418453 751489 499911 838184 362264 727545 624828 414535 323758 636991 647292 710692 530029 1058263 545046 213782 578108 191802 365177 1093423 653127 761610 1060584 944605 1142845 919674 871537 238963 1017199 887935 408729 556892 706067 228655 924308
359388 525862 551688 581539 578222 999999999 600757 446289 286731 153196 449217 344735 348938 406052 230134 455031 261789 297084 111683 479996 562406 285658 453214 398549 438924 378226 606577 430438 607625 409556 494657 607256 473277 412264 215424 623882 583612 207386 326208 224070 308732 304125 467930 696442 456812 666844 286954 330213 363019 511672 129825 652358 458515 253138 249035 568132 550338 314706 562816 396107 259469 408334 416598 365103 343903 292091 175513 408920 445153 217612 270665 109846 510605 259910 64405 85023 422603 311391 481714 473540 647247 516665 713931 293793 515851 360227 381590 516689 366821 574341 425056 496107 397917 460689 494633 438242 595860 522116 568871 596325
729866 76433 819684 700340 34777 600757 999999999 929762 546430 669391 400974 718896 917778 899722 829648 1021425 649321 896843 498321 136921 274752 578274 617664 431756 390661 821024 497005 960340 717038 304625 117898 1195432 315205 190253 712014 1202092 79754 598811 611297 626805 595877 832686 813554 188709 186252 210565 406584 747030 269948 1100368 633681 146979 617462 850120 406436 222840 345692 749054 587697 503892 810731 273425 283626 629357 929302 426050 774980 534441 844325 386585 739624 651313 448976 349650 658318 671803 744422 535276 1079144 579816 238401 570699 202059 374914 1114804 657534 768342 1076018 967542 1161480 949676 876067 245406 1034314 893358 443490 543559 702323 260520 958338
218060 867482 308802 466351 919385 446289 929762 999999999 388683 300269 591715 744781 193640 697970 340269 201469 280520 340327 542345 844580 978403 356556 411372 841928 592768 726790 660194 93462 482625 641079 811864 381949 668494 770352 239709 351345 881257 641214 760159 649113 344778 148108 208264 1074046 841819 1057213 523396 712502 761804 321583 547981 1025682 897648 315688 526224 796620 708451 691666 543915 842369 201411 664441 659760 335188 250351 505156 399525 854393 138471 615117 195714 513835 954197 658292 390246 455626 825834 406176 366835 917220 1047933 511731 1091679 554867 403089 302048 183719 211905 390694 353254 670285 162874 685048 229176 137023 882378 614132 396182 981392 943446
183702 489595 317382 299525 539541 286731 546430 388683 999999999 208860 217840 622262 427364 689826 418952 517138 113793 475516 301206 477423 641286 32200 169389 568556 214847 664759 341706 434719 325627 252397 429142 707788 284157 405281 212321 699135 493703 471483 578591 495119 51524 321505 276797 703863 486920 694789 143226 613594 425664 619806 413064 654848 691724 423028 163616 410420 336775 599464 277983 598215 322146 276618 271199 103091 460239 121220 409146 621290 298731 306311 214337 396530 672716 339141 290354 363031 695441 27777 623952 691558 693157 231758 721086 177142 664126 120388 222088 561425 555306 673911 701319 334293 301172 536685 349039 609018 319415 248650 640375 880957
214622 599872 410691 469604 653095 153196 669391 300269 208860 999999999 417794 487584 248869 508196 210096 352063 132151 268022 242115 566524 682967 191512 350193 542201 411763 502322 550553 301025 494865 418353 554060 529878 468509 493190 62689 533018 635141 359303 478748 373561 205741 169860 319561 793701 555691 771444 285540 466138 469691 436472 274055 746674 611711 215375 268086 584539 533426 448052 478176 546274 141351 430157 432057 251271 267509 277525 206811 560641 292402 320231 117470 245180 654398 364303 113558 193762 567624 236612 428147 626163 758114 432830 811434 308258 467279 236168 232035 407799 347828 495666 508858 343634 436267 365247 341499 582862 526313 402701 687054 725068
374490 367692 423125 301669 406520 449217 400974 591715 217840 417794 999999999 739707 645199 850140 625096 733983 330211 685557 410995 384584 580096 246218 220579 588736 14722 806157 168920 647524 320453 113273 298448 925338 87773 330354 429497 915231 330737 584670 667845 613113 250341 538862 434536 582923 417180 589336 165999 743615 398573 837645 555730 535669 751266 632929 210810 212818 119156 734158 198986 639855 539548 148951 131761 258986 677130 157214 602804 668764 479526 351515 430921 550540 672150 359788 475247 533797 801163 193276 840673 736709 600913 172770 598314 173496 880668 291623 411244 776181 765240 891530 873920 500757 194432 754073 522534 623672 183079 301895 573746 1006439
700999 646529 895371 921342 686277 344735 718896 744781 622262 487584 739707 999999999 587605 205697 420698 675175 606213 457474 331554 582320 538787 626236 791509 313540 726553 110986 907765 698371 947482 662961 652613 755312 732753 547283 544668 795656 740094 155384 111979 128331 650634 597088 807145 725378 533534 678070 576243 47562 452283 672947 215329 696993 207984 450772 530062 786596 815026 66729 888412 250861 543394 645502 660421 708199 551332 591140 349801 232995 775810 397831 600515 242407 381531 408746 374492 296492 81242 643967 611165 251925 641235 843345 739501 566411 627407 704779 719563 737170 475764 730268 272306 827543 614143 667263 821567 328023 909200 864935 552825 266786
318444 847411 474305 604015 900682 348938 917778 193640 427364 248869 645199 587605 999999999 513566 167059 106489 316744 149644 459418 811225 910856 399983 516081 741155 641813 553028 752691 116959 624821 662169 802837 282830 706628 738826 217272 284315 883883 510389 623244 511105 401177 111470 365823 1035786 796040 1010116 530742 549886 705716 192514 415665 989726 762218 137566 516549 827608 764024 528361 654428 726893 108746 676627 677215 419902 57082 519792 239031 733043 300612 556013 218485 380268 851611 600153 284636 324411 666746 452569 204587 789151 993192 614312 1053474 555592 244932 390591 301741 167787 197628 248625 480572 341416 684757 116542 320405 779145 716493 530780 916858 762870
716628 824761 911648 975575 868821 406052 899722 697970 689826 508196 850140 205697 513566 999999999 358484 577593 639836 364942 446936 763073 740678 684171 851218 515459 838749 96718 1011371 630523 1001223 793434 820314 610770 861664 717737 550883 659972 910671 301635 314354 273048 704410 560875 810830 923921 718429 878270 684577 163016 629775 542267 295997 892700 406675 382296 641701 935918 942419 154353 967520 455771 508391 783183 795467 756205 464067 693500 312487 438686 764367 541803 601228 299876 587218 564864 402673 326809 242123 715594 471454 453498 842901 921285 938698 684002 477211 743899 724841 633532 349247 591528 70070 814612 759712 562375 801897 532711 1001905 910399 754159 251228
381884 755272 569069 662809 807864 230134 829648 340269 418952 210096 625096 420698 167059 358484 999999999 258191 331330 67198 339494 710130 782566 400559 551995 595487 618107 388617 760624 280475 686807 612977 721111 382221 669130 642032 224323 406017 808437 353069 461255 350214 412389 203326 463417 925118 686121 893732 481092 382853 591517 287747 260718 881675 599629 30621 453733 777807 738399 361346 684505 573328 152698 618932 623934 451212 134123 477659 75504 576490 410740 447723 262784 226342 703048 489697 171563 177014 499692 446697 251858 629096 871876 639885 942502 497701 285731 429958 381629 321453 142587 350532 336975 459623 616100 254836 445149 631343 735405 591886 790449 603255
383853 951806 508950 658097 1005052 455031 1021425 201469 517138 352063 733983 675175 106489 577593 258191 999999999 403826 219222 565763 916727 1017190 487804 585221 845020 731816 629099 829264 108738 676407 759165 905784 193528 800025 844033 313765 182951 985393 609595 719406 608093 485219 195958 404817 1141855 902233 1116496 629357 634689 812143 120553 515683 1095634 857819 227576 618000 923422 853139 613049 722669 828219 210712 775517 775071 494951 124372 616819 333383 832983 335013 662374 303073 480514 954835 706541 390656 426255 752272 540744 169261 886952 1099678 685608 1159553 655666 203099 463403 358870 63484 233035 161006 534687 364263 785901 27812 338435 882505 788795 585851 1023269 828819
104714 587953 290201 337575 639492 261789 649321 280520 113793 132151 330211 606213 316744 639836 331330 403826 999999999 380896 317564 568208 715728 83993 220889 611171 328026 630086 439360 321287 362759 363358 531428 595249 397896 494293 109343 585513 601253 466677 582863 485341 85332 208753 214657 797319 570100 783472 242875 589111 497299 508591 390901 748614 708519 329751 248078 523684 449363 572181 353728 628577 214966 384920 381257 120461 353507 224944 337973 647510 212614 359519 100765 366254 720756 399347 239994 320153 684391 136937 516873 716202 777436 309784 814840 274525 557302 104095 136710 447633 459607 561521 640928 257507 404530 423908 265223 652401 408174 270652 716866 851941
418539 822440 597128 704340 875007 297084 896843 340327 475516 268022 685557 457474 149644 364942 67198 219222 380896 999999999 405799 777044 846076 454898 599368 654315 679146 410445 816217 266324 727476 677601 788231 320325 732467 709147 271688 348807 875411 407068 509488 400911 464419 221456 489227 991126 752471 959099 545217 416045 657619 227680 317865 947972 646156 52649 519202 842899 800220 394421 734418 628179 180044 684466 689040 498676 99400 540757 133122 629236 430566 514585 301474 284844 760120 556337 238727 239780 533625 503066 185908 678465 936539 690678 1008463 562859 218833 474863 412694 280136 79835 289809 331002 476464 682521 209821 458662 689061 788374 632152 854329 615258
421881 422400 602210 599555 473777 111683 498321 542345 301206 242115 410995 331554 459418 446936 339494 565763 317564 405799 999999999 372838 451438 311931 469452 300648 398439 395723 577744 535571 625517 346547 398019 718621 415081 308219 303722 735556 488715 176382 277503 203510 338112 406344 532100 585697 346675 555355 245791 332719 252083 623095 151848 542201 393639 363767 200208 492392 496344 323227 558001 311376 365700 336845 348672 396981 455585 259732 278414 329957 521357 111738 354749 158799 412645 151135 175806 173541 399243 319639 591340 398866 535566 513439 603117 239670 624512 401299 450546 626939 472078 685819 480804 570168 316697 572039 573053 341566 577690 549540 457577 597259
659211 65496 776871 683384 105930 479996 136921 844580 477423 566524 384584 582320 811225 763073 710130 916727 568208 777044 372838 999999999 199828 507409 581638 303117 371276 684107 518211 864871 703655 272587 105383 1083442 312428 74241 615419 1094424 168567 462553 475456 490305 528846 734605 753464 229467 54702 217459 334402 610120 133537 987857 501343 181217 490355 732525 320221 272934 370845 612159 583123 374175 706878 236604 253008 571704 817385 357530 651239 405346 774379 262482 649939 521004 339221 221776 540577 545823 609899 472564 961540 456205 219943 556451 247101 300360 995842 595820 696924 974019 844844 1049884 813744 811677 193508 927368 825624 320445 554464 671081 191352 824781
814897 242929 953174 874450 242443 562406 274752 978403 641286 682967 580096 538787 910856 740678 782566 1017190 715728 846076 451438 199828 999999999 668245 765414 225404 566269 649344 717996 983015 895859 466929 302636 1164748 511490 250894 739961 1185143 341500 465974 427224 486706 692335 852190 916824 192093 163282 141163 503843 577916 218432 1069898 536014 176905 384623 809362 477721 467220 570453 586884 779080 290661 815267 431145 448504 741587 905305 528315 713364 315166 927853 363440 783315 565031 190714 320115 626803 606307 539349 641958 1031303 339198 102451 749918 204069 470587 1061024 761674 850775 1078329 902726 1132759 801958 969920 385944 1023066 980294 214908 753427 855842 16301 739832
152399 520840 296346 295965 571035 285658 578274 356556 32200 191512 246218 626236 399983 684171 400559 487804 83993 454898 311931 507409 668245 999999999 167813 587937 244127 663559 361383 403707 322076 284542 460869 679192 315110 434820 187419 669352 525881 477904 588003 500297 26552 292690 248649 734488 515455 724601 173911 615158 451552 592141 414234 685496 704830 402729 190842 441886 365370 600179 287752 614585 296290 308795 303389 85143 434822 152582 395939 636662 267616 327024 184731 395262 693687 361889 282113 357841 701031 52944 598509 706708 722157 241993 751767 207574 638827 95304 190640 531040 534463 645432 692519 304432 332932 507879 318357 628703 334928 239283 667764 881866
201370 576540 202711 130215 619842 453214 617664 411372 169389 350193 220579 791509 516081 851218 551995 585221 220889 599368 469452 581638 765414 167813 999999999 723098 228684 831295 248881 484790 156281 315343 508794 778277 308289 516670 328333 756994 550195 640839 746943 664495 146838 404690 225055 794421 603696 795315 267976 781998 560053 700452 581159 746112 856745 549138 305893 431688 320096 767390 138368 758811 425784 349702 336396 100847 560872 243782 557000 783432 281826 461342 301878 562939 822125 487925 448626 525367 864827 149922 720592 853787 801556 100823 810535 298565 760992 126072 229357 615282 676960 746202 857422 291933 389011 609413 316787 762481 203986 90524 761810 1049066
715789 368146 884282 847529 397247 398549 431756 841928 568556 542201 588736 313540 741155 515459 595487 845020 611171 654315 300648 303117 225404 587937 723098 999999999 574027 423965 751471 828785 872053 483846 396164 974468 547340 296858 604190 1001435 471445 253400 201837 269620 614350 702428 824978 412597 248792 364619 458258 352585 200996 881799 336535 386804 187276 624533 417412 556144 623868 362008 776320 72330 657778 454209 472341 671175 725811 481318 521830 102700 819770 262668 655356 369642 112282 236186 460267 419809 320099 578867 835567 156325 327806 737925 426351 432212 861919 682598 746899 908051 702294 944112 577504 867463 410962 846656 871901 41240 771803 811113 239295 529389
376240 355656 431395 313785 395339 438924 390661 592768 214847 411763 14722 726553 641813 838749 618107 731816 328026 679146 398439 371276 566269 244127 228684 574027 999999999 793855 182821 646779 333023 99340 286532 922631 80385 316281 425483 913478 321619 571633 653979 600182 249796 536328 439519 571531 403251 577141 154213 730915 383917 834322 543957 524066 736792 626559 198411 207839 122397 721661 212871 625252 535570 135183 118281 261775 672718 146870 594339 654199 482834 337436 428789 539358 657473 345282 466384 523673 787580 191269 836086 722092 588154 185432 587061 160162 875972 294065 413394 774925 758725 888740 863279 505415 180431 751525 526684 608951 197795 311688 560057 993319
716259 747280 912589 959023 789140 378226 821024 726790 664759 502322 806157 110986 553028 96718 388617 629099 630086 410445 395723 684107 649344 663559 831295 423965 793855 999999999 971483 668558 985041 739511 748247 684353 808873 643895 552665 729821 837390 231750 222129 201855 685976 582988 816950 834982 637151 788194 640317 74068 552004 608985 253579 805546 310040 416284 595444 873455 890741 74505 939132 361842 529021 725730 739356 741008 509094 652137 328198 343447 777192 479308 606438 268397 491650 496969 390266 309934 147921 688894 541745 356780 751767 893195 849331 635380 552457 732762 729427 688415 411386 662349 165844 828558 698311 617170 818900 439008 967203 897599 663235 223009
447256 485645 417834 248369 512480 606577 497005 660194 341706 550553 168920 907765 752691 1011371 760624 829264 439360 816217 577744 518211 717996 361383 248881 751471 182821 971483 999999999 731637 254296 267724 418616 1022783 208783 476606 547626 1004015 418071 752521 836757 780676 354073 641753 469334 685704 559257 702693 331957 910409 555973 941584 719343 642399 918253 763946 377838 275438 151761 900276 129314 805425 654175 299034 280657 334424 792490 319365 748415 834857 529818 520236 534319 711578 828854 526818 624639 689648 969955 313944 955321 901971 721966 149588 698904 342206 995818 365892 477529 862368 895831 990100 1031171 535051 344336 852399 561396 784779 57814 289331 709410 1174349
284382 894039 400219 551507 946872 430438 960340 93462 434719 301025 647524 698371 116959 630523 280475 108738 321287 266324 535571 864871 983015 403707 484790 828785 646779 668558 731637 999999999 569201 683907 843029 295660 718787 790949 249542 272384 918032 610264 726410 614083 397187 131165 296540 1093235 856244 1072141 558642 662336 770700 229267 515328 1045747 865337 252275 553908 844966 766177 640962 620866 821264 171010 703676 701225 399246 169529 543294 348579 830065 226586 621074 222973 480079 940623 665223 368727 422298 778378 455990 273478 889304 1059139 585592 1110965 587685 309628 366720 255940 130747 306677 265169 596874 255805 719024 136225 230403 868133 688774 479803 987510 879671
309783 687989 187476 26142 725291 607625 717038 482625 325627 494865 320453 947482 624821 1001223 686807 676407 362759 727476 625517 703655 895859 322076 156281 872053 333023 985041 254296 569201 999999999 431072 618679 863943 402432 644967 463282 833507 642566 797105 902950 820656 299075 516961 274429 901924 732612 909706 413858 937213 699776 796160 736292 855216 1011081 679892 455251 507832 382671 922240 132345 910936 548393 467050 450886 245062 675363 390759 700363 936332 344184 612363 426111 717022 967607 635911 598917 677215 1021061 305878 827290 1006603 921171 147684 916910 441424 866840 259158 323105 694483 801931 834214 1003687 329684 510892 702816 358099 910636 196508 95329 890597 1203918
432029 261385 516059 410983 304762 409556 304625 641079 252397 418353 113273 662961 662169 793434 612977 759165 363358 677601 346547 272587 466929 284542 315343 483846 99340 739511 267724 683907 431072 999999999 193457 944995 69792 217104 445770 942114 243850 510792 581429 540318 298369 563834 510077 479102 303929 481505 132987 672611 288906 853196 497738 430884 653441 626013 161315 166195 152065 665696 312191 539103 553565 35997 21108 326305 685695 142448 577787 569001 544658 265633 461116 499232 562436 264197 449048 493923 718201 236588 846251 635264 490666 283918 495192 116411 885062 355745 470435 807682 755533 910781 824935 573641 81163 776227 592198 517074 292402 402665 460769 928880
612754 69339 709265 600115 111907 494657 117898 811864 429142 554060 298448 652613 802837 820314 721111 905784 531428 788231 398019 105383 302636 460869 508794 396164 286532 748247 418616 843029 618679 193457 999999999 1081958 218412 105552 595188 1087073 91184 519161 551235 548435 478958 715897 698372 285759 156322 291083 288736 675242 203732 987256 541292 237800 582562 740260 289207 167668 268837 674453 493340 464733 695245 159829 172398 514191 816288 308452 670047 496247 727462 287682 621946 555143 442448 256881 549568 569825 688959 418797 968623 551837 305230 471045 301755 257021 1005030 541643 651193 959676 860857 1047894 865322 760142 127977 919290 776884 418042 458363 595729 292710 905048
576944 1123478 689805 846787 1176676 607256 1195432 381949 707788 529878 925338 755312 282830 610770 382221 193528 595249 320325 718621 1083442 1164748 679192 778277 974468 922631 684353 1022783 295660 863943 944995 1081958 999999999 988925 1012633 499822 61091 1164650 725440 821889 716927 677726 386502 589989 1303479 1063554 1273973 813422 709815 970252 95660 637935 1258874 954940 355605 797957 1110413 1044445 689008 915355 946266 391466 959152 959966 688478 266304 802621 453342 945512 519966 823152 494794 605154 1079464 866408 544282 558989 824202 732102 144159 990735 1253281 878809 1321013 837773 133821 656908 550762 170680 280296 34237 551867 542296 966101 171439 514750 1008801 982029 775359 1172505 852472
453466 287570 510886 385225 322911 473277 315205 668494 284157 468509 87773 732753 706628 861664 669130 800025 397896 732467 415081 312428 511490 315110 308289 547340 80385 808873 208783 718787 402432 69792 218412 988925 999999999 267833 489360 982533 243402 580490 650754 609981 323912 604069 519647 499535 351160 508993 188982 742243 349124 898845 565740 453078 720109 680310 224298 128665 82274 735162 275190 604795 598891 93347 75637 340538 733978 191728 638111 635063 561751 335365 498112 566036 620895 332731 509121 558113 787763 263267 896236 700390 523481 255574 514478 179815 935621 372375 491077 845478 811264 954839 891879 585362 136844 818604 606297 579112 242040 389259 503681 998650
586204 114181 708835 623629 165993 412264 190253 770352 405281 493190 330354 547283 738826 717737 642032 844033 494293 709147 308219 74241 250894 434820 516670 296858 316281 643895 476606 790949 644967 217104 105552 1012633 267833 999999999 541445 1022456 193498 416143 445709 445100 456790 660844 681847 303695 87667 289911 262847 570625 99114 917158 444558 255447 481310 663541 246493 259288 336446 570388 529120 363192 633866 181783 199674 501237 746376 286483 585564 394690 701262 196532 575702 461314 356228 159636 471411 481753 583557 401663 892732 453182 288459 499134 321337 228774 927673 524425 623752 900897 778617 978938 764640 739246 135951 855141 752710 322571 507403 606803 245926 799664
165749 644831 361237 438978 697777 215424 712014 239709 212321 62689 429497 544668 217272 550883 224323 313765 109343 271688 303722 615419 739961 187419 328333 604190 425483 552665 547626 249542 463282 445770 595188 499822 489360 541445 999999999 496654 672693 420433 540095 433620 193847 120710 264515 844033 607988 823945 315598 520876 524692 409552 333163 796399 673801 220896 306109 610736 547858 502061 462738 608946 110088 461758 461402 227491 247919 303328 240761 623311 231952 376533 56110 302745 716307 420149 170588 248553 625259 238654 411638 688717 812369 419042 861755 342343 451840 205642 176829 364962 350272 465674 545093 283528 473139 330460 280022 644951 517441 368806 743453 775662
556762 1131579 655030 817636 1184852 623882 1202092 351345 699135 533018 915231 795656 284315 659972 406017 182951 585513 348807 735556 1094424 1185143 669352 756994 1001435 913478 729821 1004015 272384 833507 942114 1087073 61091 982533 1022456 496654 999999999 1167561 755855 856747 749401 665527 378653 559117 1317444 1077390 1289997 812209 751079 985519 122888 665751 1271945 991808 377445 800105 1106281 1034323 729939 892463 976955 392017 958365 958008 671164 280010 799769 479824 977917 489692 836780 484806 631937 1108366 880593 559866 582645 866825 722229 188637 1025865 1271120 857815 1335080 838256 187239 638829 527805 141715 320262 68724 603333 507233 968186 167793 479132 1036956 960945 747471 1192189 904551
675301 105149 752870 626773 102588 583612 79754 881257 493703 635141 330737 740094 883883 910671 808437 985393 601253 875411 488715 168567 341500 525881 550195 471445 321619 837390 418071 918032 642566 243850 91184 1164650 243402 193498 672693 1167561 999999999 609250 636685 638359 541288 793130 753399 268067 223236 289864 359526 764081 288378 1070482 632474 226700 658720 826720 367457 143254 267253 763871 512111 542082 775596 217086 223691 569991 899875 376311 759122 573382 788401 378731 695469 646157 503794 347965 637119 659926 773328 479724 1054292 624751 315855 497399 280900 330592 1091209 599594 713771 1037640 948967 1130486 956254 817347 199563 999996 836047 488854 465619 632586 328542 989094
566309 523491 756820 771007 568468 207386 598811 641214 471483 359303 584670 155384 510389 301635 353069 609595 466677 407068 176382 462553 465974 477904 640839 253400 571633 231750 752521 610264 797105 510792 519161 725440 580490 416143 420433 755855 609250 999999999 119784 29910 503104 494083 675219 637400 419903 595853 420883 162081 329027 634490 95018 601993 256461 383288 374742 641727 662684 157246 734042 221115 443294 495323 509489 561497 486679 435792 277667 223481 651703 248002 476326 130408 354342 265544 252547 187972 224138 492043 584667 279193 565057 689236 653275 411586 609700 560969 588976 673078 450136 696085 351361 702906 466799 607776 700444 284739 753874 717187 477294 421832
683865 540341 872422 877013 578153 326208 611297 760159 578591 478748 667845 111979 623244 314354 461255 719406 582863 509488 277503 475456 427224 588003 746943 201837 653979 222129 836757 726410 902950 581429 551235 821889 650754 445709 540095 856747 636685 119784 999999999 112366 613826 612647 793273 613400 425233 566192 510167 151349 348356 734153 212290 585198 139049 491851 463833 693043 732576 162667 831031 142293 561213 560258 576360 672626 595346 528099 386050 129852 771122 317207 595925 246964 277256 319239 372260 305227 138886 597090 678648 169119 529640 787458 627544 495103 699702 674345 707509 782707 542268 794281 378125 822218 525080 715487 820069 218675 844056 826573 441112 354583
583391 551728 775492 794531 596156 224070 626805 649113 495119 373561 613113 128331 511105 273048 350214 608093 485341 400911 203510 490305 486706 500297 664495 269620 600182 201855 780676 614083 820656 540318 548435 716927 609981 445100 433620 749401 638359 29910 112366 999999999 525142 501307 691532 661130 446752 618600 448830 132354 356875 627330 101467 626679 251401 380735 402838 671635 692144 127355 760095 230346 449462 525091 539183 583211 484321 463234 274782 228662 665491 277870 489706 135298 365952 295313 263817 193571 200747 516343 574923 278889 586757 715063 676777 440265 598422 581456 604709 671487 439336 688315 324486 716944 496700 604914 713417 298306 781188 739463 498533 393816
134144 540198 269965 273047 589770 308732 595877 344778 51524 205741 250341 650634 401177 704410 412389 485219 85332 464419 338112 528846 692335 26552 146838 614350 249796 685976 354073 397187 299075 298369 478958 677726 323912 456790 193847 665527 541288 503104 613826 525142 999999999 291863 225297 754983 538395 746241 194518 638727 476195 592413 437865 705958 731189 412740 214621 451858 369129 623436 272602 641136 300289 324489 317872 58876 438801 172066 411971 663191 248505 353205 183296 417972 719897 387651 301791 378843 725887 61823 602079 733224 744679 227584 772167 228506 642527 69715 172648 525989 543558 644222 710943 282994 351017 506291 298258 655087 323957 214353 691579 905048
208391 765207 376296 495422 818218 304125 832686 148108 321505 169860 538862 597088 111470 560875 203326 195958 208753 221456 406344 734605 852190 292690 404690 702428 536328 582988 641753 131165 516961 563834 715897 386502 604069 660844 120710 378653 793130 494083 612647 501307 291863 999999999 268027 962606 725237 941093 435139 565627 639540 300647 400368 915275 750529 183964 426806 727651 657989 544987 543016 698808 54108 581164 580105 308507 158485 421707 254791 709551 209634 489960 108570 366009 814595 534089 245064 307746 678221 345606 315901 771245 927974 502844 980338 462612 356309 279124 195306 244597 288972 352771 539971 257097 593616 215219 241851 742303 605078 422239 856544 802143
110274 761877 108677 258818 810062 467930 813554 208264 276797 319561 434536 807145 365823 810830 463417 404817 214657 489227 532100 753464 916824 248649 225055 824978 439519 816950 469334 296540 274429 510077 698372 589989 519647 681847 264515 559117 753399 675219 793273 691532 225297 268027 999999999 978214 763686 970923 419129 784910 699716 525255 593214 929192 921558 448632 439467 647187 542509 766332 345880 843227 311922 540138 530749 184223 420482 395963 498359 861972 70073 569491 210660 564739 933786 607080 432841 512282 887125 281249 562127 930435 969921 319938 995231 453205 600630 157710 87781 420167 556251 560747 798502 66971 571319 431818 92117 866170 418672 190611 916411 1039884
886749 218075 994235 884234 176633 696442 188709 1074046 703863 793701 582923 725378 1035786 923921 925118 1141855 797319 991126 585697 229467 192093 734488 794421 412597 571531 834982 685704 1093235 901924 479102 285759 1303479 499535 303695 844033 1317444 268067 637400 613400 661130 754983 962606 978214 999999999 240079 53309 560671 762303 333616 1207834 695707 49032 576663 949383 549242 411320 534301 769571 774009 480761 933089 444879 458084 794878 1038596 582942 861366 506397 1002005 480728 879324 720721 380633 437148 759204 753985 730277 697006 1176889 530874 97282 754715 17734 526914 1209469 820579 924721 1200183 1054543 1270345 982607 1037937 408326 1151304 1052817 406193 731837 881482 176397 931925
665342 119353 794309 711297 152921 456812 186252 841819 486920 555691 417180 533534 796040 718429 686121 902233 570100 752471 346675 54702 163282 515455 603696 248792 403251 637151 559257 856244 732612 303929 156322 1063554 351160 87667 607988 1077390 223236 419903 425233 446752 538395 725237 763686 240079 999999999 215962 346167 563083 95857 967899 465705 195572 435941 709917 324981 323620 415001 566174 616117 320159 694110 268277 285849 584937 798528 370291 623965 351214 779836 240648 646198 487828 286183 197146 519279 517145 558227 485137 937979 401517 207374 586644 257696 312320 971142 606901 702316 960976 817601 1030364 771136 819492 222833 911381 831774 265750 592359 693957 158336 772471
876114 221746 992722 890913 190413 666844 210565 1057213 694789 771444 589336 678070 1010116 878270 893732 1116496 783472 959099 555355 217459 141163 724601 795315 364619 577141 788194 702693 1072141 909706 481505 291083 1273973 508993 289911 823945 1289997 289864 595853 566192 618600 746241 941093 970923 53309 215962 999999999 551844 716035 304544 1178449 658217 65519 524987 918849 536196 431699 550947 724042 784165 431439 909280 446226 460843 789007 1010362 574985 828098 456300 991168 454124 861728 684594 328015 409964 730387 720490 680453 689986 1145006 478782 44024 762042 63106 517790 1176699 813276 913652 1175796 1020445 1241161 938099 1028973 406465 1124863 1042613 356032 746233 883776 126021 880458
326297 347159 449342 389512 397821 286954 406584 523396 143226 285540 165999 576243 530742 684577 481092 629357 242875 545217 245791 334402 503843 173911 267976 458258 154213 640317 331957 558642 413858 132987 288736 813422 188982 262847 315598 812209 359526 420883 510167 448830 194518 435139 419129 560671 346167 551844 999999999 578487 293105 721082 389781 511663 604674 493431 46442 299148 263641 568598 323563 499567 422007 146161 146654 238780 553004 24588 449186 526267 441527 201323 335951 385376 554707 222079 320207 371971 640340 139004 713289 596085 551211 282256 577917 34082 752076 261598 364460 679683 623515 779189 709968 477488 161670 645564 492156 496783 334223 357941 501836 842610
680652 673404 876257 911090 715098 330213 747030 712502 613594 466138 743615 47562 549886 163016 382853 634689 589111 416045 332719 610120 577916 615158 781998 352585 730915 74068 910409 662336 937213 672611 675242 709815 742243 570625 520876 751079 764081 162081 151349 132354 638727 565627 784910 762303 563083 716035 578487 999999999 478182 628562 200923 732245 255523 412463 532898 802972 824372 21641 884312 293070 511615 657404 671535 695315 511456 591745 314355 277207 750312 409990 576175 222858 425893 425568 352587 272643 117593 636530 565741 299133 680224 838745 776839 571386 581189 689761 697134 696155 430886 685250 227493 802025 628546 625793 794696 369855 908820 852329 591537 267518
596801 195337 740697 676711 239465 363019 269948 761804 425664 469691 398573 452283 705716 629775 591517 812143 497299 657619 252083 133537 218432 451552 560053 200996 383917 552004 555973 770700 699776 288906 203732 970252 349124 99114 524692 985519 288378 329027 348356 356875 476195 639540 699716 333616 95857 304544 293105 478182 999999999 874644 370411 290548 383162 615806 262320 356732 423842 479504 593144 265097 605798 256988 275347 527349 706026 317666 528513 296511 709485 150075 566289 392060 273685 105790 426174 421511 485502 428487 843318 356884 288535 558456 351037 261521 876122 545822 632482 871765 722062 937258 680211 751883 212282 820328 761955 230371 580720 650411 220043 701523
499570 1028194 629485 777458 1081370 511672 1100368 321583 619806 436472 837645 672947 192514 542267 287747 120553 508591 227680 623095 987857 1069898 592141 700452 881799 834322 608985 941584 229267 796160 853196 987256 95660 898845 917158 409552 122888 1070482 634490 734153 627330 592413 300647 525255 1207834 967899 1178449 721082 628562 874644 999999999 545479 1163214 868976 260540 704334 1019001 956514 607362 838513 855587 300033 866425 867731 607388 171067 711052 360031 855957 455517 727492 409144 512175 987798 770753 448632 464742 744607 644844 74697 903259 1157970 800202 1225371 744700 93308 576745 476690 129410 198124 62863 488641 484457 872318 93461 458316 916722 903122 704920 1077504 789656
486191 557259 680117 710170 606137 129825 633681 547981 413064 274055 555730 215329 415665 295997 260718 515683 390901 317865 151848 501343 536014 414234 581159 336535 543957 253579 719343 515328 736292 497738 541292 637935 565740 444558 333163 665751 632474 95018 212290 101467 437865 400368 593214 695707 465705 658217 389781 200923 370411 545479 999999999 656547 350568 290534 346165 643852 646421 186403 685824 312832 348996 488688 500381 494676 393463 400136 185975 317489 565113 254580 389272 35423 442624 285313 162817 93149 294218 436463 499489 374211 631216 639979 712359 388090 526998 490037 505938 579156 367745 607672 329166 616681 467844 514695 612582 371276 713802 651669 545733 467954
837774 169581 945626 837209 130624 652358 146979 1025682 654848 746674 535669 696993 989726 892700 881675 1095634 748614 947972 542201 181217 176905 685496 746112 386804 524066 805546 642399 1045747 855216 430884 237800 1258874 453078 255447 796399 1271945 226700 601993 585198 626679 705958 915275 929192 49032 195572 65519 511663 732245 290548 1163214 656547 999999999 558470 905478 500542 369477 490705 738464 727991 457004 886448 396455 409910 745888 993552 533914 819049 484185 953031 435733 831147 680491 367544 392559 714661 711950 706593 647979 1133531 514401 101996 707815 66297 477923 1166584 771552 875765 1153610 1012548 1225607 949822 988908 359487 1105476 1003815 384836 687399 833446 160604 912143
811464 555274 995603 985555 582782 458515 617462 897648 691724 611711 751266 207984 762218 406675 599629 857819 708519 646156 393639 490355 384623 704830 856745 187276 736792 310040 918253 865337 1011081 653441 582562 954940 720109 481310 673801 991808 658720 256461 139049 251401 731189 750529 921558 576663 435941 524987 604674 255523 383162 868976 350568 558470 999999999 630247 559781 739894 799348 273569 928200 118121 699526 626915 644474 789972 733611 625308 524623 86654 903259 403622 729180 385533 200225 391545 508316 443689 170429 707400 811056 49385 483472 886689 588092 584068 829976 794938 837167 921030 674667 928260 475784 953872 586195 853349 953091 175456 932633 940226 400502 355551
372309 776269 555497 656379 829079 253138 850120 315688 423028 215375 632929 450772 137566 382296 30621 227576 329751 52649 363767 732525 809362 402729 549138 624533 626559 416284 763946 252275 679892 626013 740260 355605 680310 663541 220896 377445 826720 383288 491851 380735 412740 183964 448632 949383 709917 918849 493431 412463 615806 260540 290534 905478 630247 999999999 468295 791554 747713 390911 683467 603296 136748 633519 637753 448323 103589 488583 105960 606751 393246 470514 253955 255926 732523 513044 192130 205209 529504 450611 229195 659624 897721 639456 966833 511672 264806 425359 369134 290856 132462 323403 356850 441060 632627 224496 425289 660685 736627 584661 816974 629019
340465 341524 478709 430452 393846 249035 406436 526224 163616 268086 210810 530062 516549 641701 453733 618000 248078 519202 200208 320221 477721 190842 305893 417412 198411 595444 377838 553908 455251 161315 289207 797957 224298 246493 306109 800105 367457 374742 463833 402838 214621 426806 439467 549242 324981 536196 46442 532898 262320 704334 346165 500542 559781 468295 999999999 324252 302449 523348 368932 456169 408160 165264 170523 265044 534460 65532 416545 482316 455226 157404 333703 343499 516635 182063 287947 333821 593908 166617 692107 552354 532076 326924 566763 44935 730165 283983 377680 670905 596284 763748 669001 494518 168217 632563 506973 456621 380664 394696 477001 796541
582072 224802 632987 493996 241717 568132 222840 796620 410420 584539 212818 786596 827608 935918 777807 923422 523684 842899 492392 272934 467220 441886 431688 556144 207839 873455 275438 844966 507832 166195 167668 1110413 128665 259288 610736 1106281 143254 641727 693043 671635 451858 727651 647187 411320 323620 431699 299148 802972 356732 1019001 643852 369477 739894 791554 324252 999999999 126426 798952 375873 621819 719153 159965 153877 469107 851832 307948 739735 653243 690314 394716 623141 649974 609283 377954 611726 651036 831929 390740 1012435 712468 454986 366447 424048 280108 1051210 501022 619728 970519 920390 1076224 973018 713212 176241 941080 734512 581160 324684 507853 456125 1047198
