NAME : synthetic_000910
TYPE : CTSP-D
DIMENSION : 100
GROUPS : 8
RELAXATION_LEVEL : 1
EDGE_WEIGHT_TYPE : EXPLICIT
EDGE_WEIGHT_FORMAT : FULL_MATRIX
EDGE_WEIGHT_SECTION
999999999 362536 610135 585572 407095 231522 895801 1015861 471736 924152 817430 635443 997441 873650 606410 733847 715957 652804 580467 309818 411414 885713 551639 492481 678241 510205 773319 863676 899631 1013348 453314 977966 677913 650313 762035 188100 842278 46938 635281 888321 908819 218063 735974 203256 438374 787653 955164 614563 559533 244626 133944 629308 891181 913201 686143 795915 348571 359952 601940 754783 842242 900283 181523 407026 1000706 667061 535209 558792 364331 658314 566889 797686 159635 48641 241488 615467 659088 38753 775752 1039808 230584 465202 567839 619572 634546 642721 907399 896445 263353 902379 900346 457567 421687 823534 801355 676456 508597 455207 471327 356972
362536 999999999 340516 602841 367570 404723 567246 709197 304085 581947 455074 273301 664656 563383 274996 459007 380809 408923 568341 199183 124665 529069 372843 136001 722216 339698 580746 591331 592340 723621 99086 633632 576527 483359 515627 379358 487565 378458 311112 530385 550557 221983 460830 431898 292142 427282 596637 342144 301115 252979 459315 635609 570142 596901 329251 485484 275196 165125 268366 493565 516127 605242 185606 230615 659234 376354 230108 197769 409947 585718 220022 580510 329587 314054 234840 269995 552070 325720 488605 748405 250739 159919 572330 351210 315283 351459 590979 583870 494337 540269 584948 201351 150523 464444 446542 557703 334148 486922 164705 335250
610135 340516 999999999 940017 314729 727647 309511 833226 174421 643413 421574 328869 739201 703747 139912 125026 181224 75523 902674 302272 223440 382706 146830 251004 1060032 651315 846446 782954 293041 873433 348293 678651 888280 776005 747443 514710 338163 601801 120247 531441 411755 549316 672664 561277 206201 340271 579470 6174 569398 379826 648249 970618 295618 311984 256257 196545 293874 250926 451126 714420 634277 290267 443338 559237 709597 64858 116064 324885 750066 906112 395966 828210 641679 570007 568135 184430 863671 572221 679595 892721 391167 440439 908790 596514 505878 49320 306531 716272 596046 491912 711780 156148 202531 352762 308918 864415 155883 827125 175965 332763
585572 602841 940017 999999999 908241 357643 1107132 766651 893785 806983 859848 728291 827771 675286 846170 1051925 931683 1010789 51747 742955 726926 998914 969627 698759 120291 321184 388136 583488 1156461 724435 600189 855575 204022 302577 476809 760420 973280 632500 884768 859761 1007533 441302 519962 786635 873249 891426 915721 940936 444108 735966 709855 44131 1120461 1150982 836396 1054472 818906 744918 593404 501346 697613 1179192 594765 382912 861474 966884 825317 670954 226799 153884 615492 442331 428945 571208 412084 821958 207485 588248 564000 748294 723452 517760 32642 468131 571865 943356 1145369 696316 848820 918188 706366 803496 752253 930911 938807 230573 927926 132744 764794 860956
407095 367570 314729 908241 999999999 602102 622061 1047198 141849 886146 694062 546654 978553 904346 401924 411044 486206 316214 885305 173791 277453 688896 188092 396646 1019585 697493 947670 950167 591696 1071810 446934 930693 926379 845783 881526 246580 642945 378416 407400 796788 717422 467094 822230 278978 116430 626198 854514 320856 668540 176519 388803 947588 604910 616790 524755 506903 94063 205445 611145 857446 845909 576586 314448 580475 960114 379160 321448 499192 685676 926887 553989 948024 510068 385883 496159 437697 902707 377991 845145 1095043 190497 526237 882093 716927 664781 362940 611834 922200 295740 774573 920973 239872 258617 648032 608687 911703 160677 777870 302901 50718
231522 404723 727647 357643 602102 999999999 971708 908645 628240 862880 815534 641299 919456 777843 679644 851609 785195 786000 358589 461046 505295 918209 709821 537480 446762 368497 605050 737092 995817 891457 460758 917464 476947 481279 625991 415098 880356 277967 715315 860848 936166 182752 622475 434719 599840 810605 926816 730605 460832 425937 352258 401725 974850 1001429 723042 888892 524360 487703 557405 629370 765009 1006293 298919 307122 934691 773119 627839 565020 150661 448661 543740 640776 92447 226813 173498 673294 461882 241255 667556 918065 411750 425323 342921 516483 570622 747848 995505 801400 494217 894167 807868 572814 525125 850220 840053 482444 665542 231663 559837 551713
895801 567246 309511 1107132 622061 971708 999999999 752298 483592 543013 319947 381413 629313 660963 293840 222432 186515 313663 1061736 599437 485088 179838 440639 435000 1225588 788969 904620 773430 89788 810725 522307 554757 1002598 874177 783058 820618 167846 894441 261365 410178 199995 789100 702658 868701 515712 243576 424489 303602 674956 681056 949628 1128702 33311 58759 270876 115725 602000 540169 524899 744902 587808 134750 717981 733079 583842 244723 360617 436766 956403 1033803 492938 868707 895779 851543 799925 299131 979657 857081 688667 822331 690983 592196 1074510 674525 563467 264681 55972 663568 905362 338327 654907 442734 474203 216036 184565 972939 461442 1016216 425297 642241
1015861 709197 833226 766651 1047198 908645 752298 999999999 933286 209285 440608 511092 132253 145854 694287 865968 684341 899681 716710 899600 770370 573535 960991 650701 844143 541158 384018 183720 839393 70413 612952 207219 568499 469338 295400 1084720 587294 1048234 714537 342123 558045 800914 286394 1135769 941562 528236 339979 829074 458043 961925 1139223 756859 782963 811049 580541 788239 965316 847563 441934 282120 202286 882125 874360 615376 185203 804701 751849 548164 786104 619533 495952 327383 897569 970919 783055 649720 560257 988107 242480 71936 959934 561377 742224 398418 394231 797009 808127 125692 1200613 416038 126228 813651 788599 542577 584569 538320 943929 770990 747877 1027692
471736 304085 174421 893785 141849 628240 483592 933286 999999999 761504 559435 424269 855633 793864 264378 280751 344521 189279 863807 168203 186144 547404 81814 288152 1010623 643594 875512 852252 459913 963600 359994 803463 880585 785068 795332 349806 501563 454859 266742 664799 576024 465715 729175 393062 34945 488001 720205 180461 591676 228352 488645 929616 468298 482415 389079 369471 128845 148925 509449 767438 731002 449673 329581 533760 833530 239247 187737 388264 682674 888738 450969 868376 536854 438343 490799 302973 856144 436304 746491 985582 241827 449303 864872 632930 565017 221812 477207 810048 423453 637936 807681 121800 160923 508137 467911 861692 37542 769501 187455 158948
924152 581947 643413 806983 886146 862880 543013 209285 761504 999999999 234380 339495 95797 152297 508112 664306 483726 705569 755237 755096 616409 364409 778943 494404 904521 520244 469332 277567 630204 269750 482941 54695 631667 507658 346094 960513 378339 949530 523226 132842 349690 722670 287718 1013399 774598 322846 141234 638743 405377 826407 1036123 808626 573713 601765 387230 581807 812087 696984 322225 313106 109373 673095 762400 555813 77299 608521 574789 395175 765830 678543 362406 416535 831081 876422 711773 464568 616150 891655 246221 279652 827025 459540 777708 356838 294486 603509 598844 142175 1074433 207722 130914 646937 630532 334380 377432 598839 767137 776100 583263 873571
817430 455074 421574 859848 694062 815534 319947 440608 559435 234380 999999999 182058 328073 341060 295748 430936 252071 478128 810256 589507 446462 154146 563796 333529 972078 540863 600758 454691 403215 494751 366927 260794 722932 591484 475057 811839 152121 832920 302468 110407 153272 646969 396268 865086 578325 88533 160770 416371 416100 669097 910474 873280 348236 378102 170463 347784 632312 526361 271840 436624 267867 444409 639819 524616 291859 379997 372879 259471 755793 761121 272230 559524 761083 768858 645882 256696 702081 780789 375659 508415 673083 391000 827720 396108 288133 378015 374467 344308 919591 85792 336039 456317 453476 104247 144039 691170 558596 793619 399792 690493
635443 273301 328869 728291 546654 641299 381413 511092 424269 339495 182058 999999999 432283 376406 189266 389984 223175 400478 681830 421265 279589 280703 450131 159272 845779 408375 541513 455141 441096 546713 185688 384952 622792 496298 430348 637380 248346 651576 217319 262211 296129 468243 351916 690742 435683 171257 326794 325514 293799 497262 730525 748314 398235 429611 112571 349911 473814 360681 145681 394754 309348 471518 458504 364992 413907 313746 240765 77940 595778 652706 112869 514551 582267 586854 469352 145455 599490 598926 353400 567062 499831 224188 695653 298678 191885 300029 424329 390341 747970 266987 386821 307704 291918 211560 211529 593880 433115 645178 243769 534834
997441 664656 739201 827771 978553 919456 629313 132253 855633 95797 328073 432283 999999999 152699 603671 758834 578749 801265 776349 843459 706614 449553 874360 584607 917041 563257 464659 259478 717701 200934 565670 76149 640295 525194 352537 1044011 467625 1025212 619020 221849 431998 790194 312652 1096514 867939 416583 209922 734537 458634 912646 1113500 824335 660820 687865 483027 674122 902700 786663 399008 326462 156064 761298 841483 614729 53176 704099 669419 483793 811751 689671 444742 408504 895130 950427 776716 559991 627851 966371 266481 203949 912556 532600 800368 403993 362921 699264 685285 131502 1158767 291034 121435 739985 721738 425528 469676 608183 861981 811733 675724 964513
873650 563383 703747 675286 904346 777843 660963 145854 793864 152297 341060 376406 152699 999999999 563870 748116 567353 773080 623807 754515 627043 489167 825820 508650 766143 415565 320058 125653 743813 170405 467404 188731 490102 372752 201751 939004 493118 904949 587535 264899 479749 660500 161195 990162 800558 423067 290873 700014 319937 816173 995474 672592 689220 719162 457710 680294 821205 703362 296529 173951 73819 784212 729163 477949 188417 680934 615785 406461 663944 538826 351396 265851 760490 828105 644113 519317 476720 845026 114648 191724 814112 416089 647733 261876 248380 670826 715510 23557 1054874 342485 31489 673211 646028 445233 482234 457678 806390 660234 607243 883584
606410 274996 139912 846170 401924 679644 293840 694287 264378 508112 295748 189266 603671 563870 999999999 213483 109655 211360 804901 325287 195434 295749 271054 149317 966357 541516 716818 644099 318655 733654 246206 546122 773531 655103 612963 553016 249591 608877 38604 402907 322869 496894 536635 604453 285506 224275 456394 136352 447022 408673 671712 873002 295241 321929 125346 212452 350392 261796 317780 578897 494660 335405 426499 463688 576782 130385 83083 194909 675371 796038 265705 695244 602212 560917 509389 44626 749202 567673 541460 753115 416277 331075 814040 467608 371126 112826 316011 576560 651005 373564 572213 172980 189544 247552 211652 747601 262975 743218 135935 404121
733847 459007 125026 1051925 411044 851609 222432 865968 280751 664306 430936 389984 758834 748116 213483 999999999 181672 95048 1012526 424753 346466 347565 224187 354065 1172202 753248 927854 840905 180652 913713 453185 691228 986656 868569 820075 629665 310143 723965 177244 539883 375694 672216 741899 673771 315245 342672 576261 121454 660486 499729 766386 1080663 199292 206973 291124 110130 407714 375534 528030 784717 675415 169310 568341 669205 722203 85245 229067 407900 868816 1008223 478137 903747 766267 694383 690031 249925 962269 696160 741854 930410 511737 541899 1020203 679663 579519 108635 202348 757282 702860 485305 751135 281151 326695 340632 294308 960959 252137 943028 294925 438100
715957 380809 181224 931683 486206 785195 186515 684341 344521 483726 252071 223175 578749 567353 109655 181672 999999999 227994 888025 430152 304714 203120 328044 248749 1051184 618200 764352 663565 224816 732208 338567 512845 841873 717529 650749 656747 157707 717802 83853 362195 231940 602604 571133 707261 371411 165406 404243 175315 511853 513396 778843 955699 192118 221164 114215 127093 446776 367751 368043 614175 494336 250589 536154 552858 543917 129881 185553 262281 772538 868969 326144 735729 709697 670556 613477 113324 818119 677213 567087 748767 521815 414037 899199 521423 414913 133046 215370 576015 750657 314693 569709 274130 297266 172509 127846 813891 333259 835447 244935 495794
652804 408923 75523 1010789 316214 786000 313663 899681 189279 705569 478128 400478 801265 773080 211360 95048 227994 999999999 974396 343102 287651 418912 129150 326034 1130553 725616 921864 855456 275589 942059 422643 738020 962979 851352 822132 539083 377207 639808 185613 588535 447862 610866 746859 581831 224174 393000 632216 77131 644882 413741 677573 1042190 292709 301842 319463 198375 317781 300595 525902 788802 702572 261434 494747 631484 769091 98285 190414 399972 816535 980138 471134 903239 697888 615629 631369 255079 938353 615896 752719 960686 426427 515153 979831 671926 580383 102672 297121 784765 609024 542633 779817 214270 264354 399478 353695 939368 158436 895745 246096 344608
580467 568341 902674 51747 885305 358589 1061736 716710 863807 755237 810256 681830 776349 623807 804901 1012526 888025 974396 999999999 717252 692924 950518 938175 658639 163949 273658 340509 533294 1112832 675718 559660 803845 159390 251210 425818 749456 925663 627308 843448 808652 958635 420601 468233 778688 844684 843495 864310 903356 395123 715562 708358 68146 1075773 1106480 790864 1011724 794507 715368 545206 449893 645867 1136528 574087 343643 809826 927335 787340 626454 216326 112062 569244 393785 421496 562020 390576 779309 159718 579737 512333 699869 703561 474882 26622 417409 522139 904153 1100912 644928 842465 867645 654927 769625 718573 882788 891697 183352 897180 126926 728324 839066
309818 199183 302272 742955 173791 461046 599437 899600 168203 755096 589507 421265 843459 754515 325287 424753 430152 343102 717252 999999999 143103 620038 250012 262182 857050 523761 775847 789463 594440 918295 287998 803596 752987 672339 714725 227864 574161 299535 346399 682342 646391 305492 659489 279818 138795 536910 745084 307046 499474 83399 350269 781001 591070 610766 430953 493446 79764 64199 458052 692691 701696 592381 162134 406696 831414 361923 244660 359991 524920 754542 403830 778307 369247 272914 332746 347509 729225 272794 685850 942526 91840 359098 715608 550377 508858 338551 605097 773909 330502 674389 773934 157098 138289 566632 535109 738003 205738 614844 193751 136624
411414 124665 223440 726926 277453 505295 485088 770370 186144 616409 446462 279589 706614 627043 195434 346466 304714 287651 692924 143103 999999999 483891 249602 122051 846006 460165 689482 674631 495884 794361 175015 663687 698273 599555 611910 367417 438713 413512 224000 539676 509235 325944 548504 420282 181279 396033 602099 225992 405757 223310 478539 760097 482197 505894 290215 389815 196167 81103 333957 585420 569738 502745 232955 354536 692064 268292 125910 223524 528901 709193 276568 683322 421211 366556 344801 209891 673700 372661 569184 817601 228442 263179 696614 448437 388110 243027 500010 645134 473222 531466 644156 76703 26182 427365 398655 678200 212842 609071 59921 258238
885713 529069 382706 998914 688896 918209 179838 573535 547404 364409 154146 280703 449553 489167 295749 347565 203120 418912 950518 620038 483891 999999999 529177 394306 1113713 677834 754527 606502 268819 633335 457635 374919 871716 740613 629114 847895 46287 893783 282355 231717 29099 740830 550085 899709 573533 109609 245294 376646 555570 703240 962306 1015165 211767 238316 200024 244078 645149 556064 405519 590674 417440 313069 704240 645177 404060 325227 378525 354005 876360 908019 390343 713664 853675 838250 745027 274002 850197 847486 529752 644048 710150 504860 966449 542546 431850 333598 235800 489724 946746 158523 480482 468597 482503 69240 85236 840429 536253 923226 427250 696608
551639 372843 146830 969627 188092 709821 440639 960991 81814 778943 563796 450131 874360 825820 271054 224187 328044 129150 938175 250012 249602 529177 999999999 333189 1087271 709653 931932 893653 404584 996224 416378 817122 947863 847284 844794 420301 484878 532938 261594 672609 558256 545616 774993 459863 113408 485077 723206 152784 648438 307290 561395 1004576 421070 430949 394973 324917 204701 227026 552440 814829 759475 388513 411304 603448 847814 205586 210112 426960 761323 958467 494290 920984 618557 519311 570045 314379 923283 516745 788307 1016993 321136 508466 940213 685349 608396 195625 426189 840351 482873 636842 836949 175340 223422 499191 455660 927579 44318 846945 234110 220586
492481 136001 251004 698759 396646 537480 435000 650701 288152 494404 333529 159272 584607 508650 149317 354065 248749 326034 658639 262182 122051 394306 333189 999999999 819040 401042 601533 564198 467192 677375 99125 541976 637373 525643 511606 479191 352110 503497 187671 421165 416656 355439 442550 532533 292232 295311 484995 250501 320456 338147 578014 726785 440289 468342 194286 361516 318096 202635 221402 481893 449263 484721 311567 315854 570189 268823 135936 102557 526318 656141 162898 588290 465056 444621 365058 135954 612782 454612 458447 699998 341057 189668 666833 353063 277130 246080 462460 525982 588957 419294 524505 166368 138076 331096 311056 613412 305783 594047 100967 379994
678241 722216 1060032 120291 1019585 446762 1225588 844143 1010623 904521 972078 845779 917041 766143 966357 1172202 1051184 1130553 163949 857050 846006 1113713 1087271 819040 999999999 437552 460137 664306 1275996 795426 720435 950896 277091 396966 564629 859238 1089342 724729 1004950 965945 1121344 552863 616953 881311 989185 1007032 1019488 1060998 558144 845463 795844 98804 1239420 1270058 954729 1174338 931750 861699 708690 593321 795502 1299094 705197 503199 954246 1087169 945466 789976 333975 227380 733187 516791 527125 669411 524569 941829 289430 685405 658777 817581 832505 637484 152321 577265 684037 1063626 1264471 785892 940864 1027201 796496 922463 871180 1046199 1055551 308896 1045197 242220 884654 971448
510205 339698 651315 321184 697493 368497 788969 541158 643594 520244 540863 408375 563257 415565 541516 753248 618200 725616 273658 523761 460165 677834 709653 401042 437552 999999999 266652 368794 842593 523071 303029 573164 238565 150534 258932 630402 652175 550590 579613 550931 686907 294799 256317 673349 631541 570243 611289 651135 125330 549481 642850 339940 803869 834811 518169 743474 603431 502798 272325 260880 414528 868151 419879 118798 585744 668213 535344 355919 248573 255143 296064 287490 369606 472458 268970 512271 213919 491298 302400 549703 541042 211556 288662 163555 254757 646353 829317 438971 741228 603559 446508 534841 486316 609741 618042 218136 672651 258726 483567 658343
773319 580746 846446 388136 947670 605050 904620 384018 875512 469332 600758 541513 464659 320058 716818 927854 764352 921864 340509 775847 689482 754527 931932 601533 460137 266652 999999999 206414 975529 337077 516184 508789 185755 124451 127446 896773 744099 815058 751068 559494 753277 560548 204491 939998 869168 662602 600422 844765 283920 810124 906825 374414 927174 958719 651290 890377 854327 745588 399825 165245 366494 1009459 684916 382752 506883 847013 735667 522647 460701 237017 451437 56930 625377 737473 533660 678008 180868 756409 231047 360451 802671 426388 366894 249938 349649 829236 953998 336681 1007877 631992 347976 757992 714597 695735 720401 157565 899912 418287 698006 912277
863676 591331 782954 583488 950167 737092 773430 183720 852252 277567 454691 455141 259478 125653 644099 840905 663565 855456 533294 789463 674631 606502 893653 564198 664306 368794 206414 999999999 853333 154408 503497 309864 387484 285717 113409 952790 606224 899603 672168 387950 599245 645848 131568 1001573 854217 531422 416500 779898 306749 841868 991891 575012 800209 830841 550381 782458 861904 745154 342811 109340 190350 892061 738220 456981 304263 768111 684904 466723 608352 438129 401306 149694 734537 821154 624813 600581 377910 839179 105762 180982 837698 433197 558691 247772 287302 755125 826849 136757 1068296 464980 148316 730458 696471 557575 591105 356531 869350 588592 665134 923619
899631 592340 293041 1156461 591696 995817 89788 839393 459913 630204 403215 441096 717701 743813 318655 180652 224816 275589 1112832 594440 495884 268819 404584 467192 1275996 842593 975529 853333 999999999 896652 561090 643523 1063602 937358 856519 806800 252444 893582 281432 497540 289694 813369 776038 852171 493965 321949 513907 287914 733865 672841 941266 1180483 57070 36939 328526 106929 585072 539801 586687 818744 670238 45122 726961 776902 672830 232775 370200 486785 993473 1092140 548811 942230 915350 857668 827167 335645 1040123 861276 765079 908949 684066 638747 1123989 738983 629463 256915 36279 747522 882946 426998 739213 442065 480806 299021 262290 1034919 432507 1058897 437974 618105
1013348 723621 873433 724435 1071810 891457 810725 70413 963600 269750 494751 546713 200934 170405 733654 913713 732208 942059 675718 918295 794361 633335 996224 677375 795426 523071 337077 154408 896652 999999999 630303 274323 522832 434345 266979 1093758 644210 1047964 756447 401707 619358 796189 277375 1143731 969572 580885 405343 869600 453992 976417 1139861 711465 840701 869455 624874 840647 987078 869279 461205 262655 239508 938662 880717 607981 254106 848880 786180 575636 762248 574093 517843 282104 887482 969838 776203 689053 516971 987563 239207 26683 973407 570033 701763 394020 409441 839582 866293 157294 1209658 477458 162675 842629 814091 598200 638599 494149 976595 739339 776640 1049376
453314 99086 348293 600189 446934 460758 522307 612952 359994 482941 366927 185688 565670 467404 246206 453185 338567 422643 559660 287998 175015 457635 416378 99125 720435 303029 516184 503497 561090 630303 999999999 534802 540459 432463 437042 478359 419644 472897 284804 435294 476312 283856 375342 530962 356259 350885 502013 348165 232315 349384 556122 627805 530581 559706 263010 456702 358520 241689 171065 411227 417966 580830 281644 217495 560236 367941 232318 107750 434190 557866 120958 508483 397513 404686 287425 225700 515816 417866 398931 654590 348141 93218 568159 273422 220863 345173 553896 487348 593151 450729 487965 241844 199273 390071 379476 517408 383728 497906 183775 420438
977966 633632 678651 855575 930693 917464 554757 207219 803463 54695 260794 384952 76149 188731 546122 691228 512845 738020 803845 803596 663687 374919 817122 541976 950896 573164 508789 309864 643523 274323 534802 999999999 676372 554724 388763 1011487 394885 1002896 558491 151413 356623 777191 335614 1064501 817949 348602 133781 673734 459463 876152 1089069 855818 586539 613171 422801 603336 858688 744568 376058 357773 159555 687401 815060 610427 31084 640158 615982 444315 819429 724145 414731 454392 885741 930137 766421 503459 661788 945236 292260 279143 877150 513693 826750 410031 349154 636909 610715 173410 1124963 216524 161877 690952 676831 354374 399397 643689 807384 828052 628225 919786
677913 576527 888280 204022 926379 476947 1002598 568499 880585 631667 722932 622792 640295 490102 773531 986656 841873 962979 159390 752987 698273 871716 947863 637373 277091 238565 185755 387484 1063602 522832 540459 676372 999999999 131476 288351 828382 853236 723279 810957 703006 875552 485518 346102 864738 867116 769978 752477 887868 330025 768529 810870 188694 1020804 1052260 735273 968689 832649 737459 477840 318762 523574 1092373 630919 347958 678476 902121 772568 582100 326286 51261 515741 241467 519871 650467 455385 741150 24662 669242 385470 546107 758427 447850 185994 329790 441329 881042 1047028 509403 931359 769148 520141 773268 724448 807122 823493 32898 910365 259766 722000 884444
650313 483359 776005 302577 845783 481279 874177 469338 785068 507658 591484 496298 525194 372752 655103 868569 717529 851352 251210 672339 599555 740613 847284 525643 396966 150534 124451 285717 937358 434345 432463 554724 131476 999999999 175318 779198 722851 692643 691690 572973 744178 439675 219999 820970 775279 639627 624044 775090 208083 699942 784051 301112 893260 924802 608848 844608 751796 648091 350672 198801 398554 967441 570029 269297 559488 784952 661577 461161 338844 172955 392527 161630 501148 615526 411998 620411 111555 634506 262487 459759 691565 339401 275570 199823 311350 764946 919664 393741 888765 638157 403795 671958 625425 676417 693828 99816 812281 305377 616197 807626
762035 515627 747443 476809 881526 625991 783058 295400 795332 346094 475057 430348 352537 201751 612963 820075 650749 822132 425818 714725 611910 629114 844794 511606 564629 258932 127446 113409 856519 266979 437042 388763 288351 175318 999999999 862460 620461 799788 645124 432121 627019 544045 80494 909549 793185 539946 474166 745173 216984 759986 892341 471902 806735 838150 536702 775229 790396 676309 296327 38444 240707 891920 647361 355475 390143 741795 641242 422945 495275 337253 352535 85725 627556 721156 521256 571925 275325 739553 103745 293330 754484 355781 450575 164613 241882 725769 833601 221266 976964 504571 231884 674711 635613 571825 598503 255962 816282 475687 611490 850859
188100 379358 514710 760420 246580 415098 820618 1084720 349806 960513 811839 637380 1044011 939004 553016 629665 656747 539083 749456 227864 367417 847895 420301 479191 859238 630402 896773 952790 806800 1093758 478359 1011487 828382 779198 862460 999999999 802025 147376 572894 899550 874186 343336 821351 53363 314939 763359 963998 520183 647415 144735 142422 803326 809515 826692 657450 710662 221969 291867 646862 847829 894846 798929 215123 514564 1037717 577991 471731 568879 534416 815866 599314 911910 332359 189850 373165 575033 807325 174046 855104 1119331 139025 524071 739764 705250 690861 556402 821229 960236 115950 897359 961998 382633 365712 793929 762935 821852 382268 627993 421173 202238
842278 487565 338163 973280 642945 880356 167846 587294 501563 378339 152121 248346 467625 493118 249591 310143 157707 377207 925663 574161 438713 46287 484878 352110 1089342 652175 744099 606224 252444 644210 419644 394885 853236 722851 620461 802025 999999999 849556 236156 246168 74477 701666 540483 853750 527456 83259 270557 332149 531965 657416 917240 991130 196676 226145 158489 211435 598863 510252 380827 582090 419988 294835 660755 613190 424992 282077 332297 318449 843417 887768 360245 705780 813924 795030 706925 228887 831144 803938 523789 656595 664456 471910 940706 523446 411936 289268 222645 495872 900556 180131 487322 422376 436826 48867 41056 822498 490965 893384 381673 650369
46938 378458 601801 632500 378416 277967 894441 1048234 454859 949530 832920 651576 1025212 904949 608877 723965 717802 639808 627308 299535 413512 893783 532938 503497 724729 550590 815058 899603 893582 1047964 472897 1002896 723279 692643 799788 147376 849556 999999999 635732 907998 917765 256361 770795 157437 420640 798549 974538 606543 594012 226595 92567 676242 888096 908908 695352 791463 328310 354789 627602 791141 870802 891899 193105 444313 1026453 660846 534395 576150 411113 704401 589470 837959 206194 78632 281681 621238 704167 60430 809533 1074307 213494 492696 614762 653947 662910 637054 903175 927495 216504 918370 930971 452770 421012 833328 808884 721207 490923 502129 472982 329349
635281 311112 120247 884768 407400 715315 261365 714537 266742 523226 302468 217319 619020 587535 38604 177244 83853 185613 843448 346399 224000 282355 261594 187671 1004950 579613 751068 672168 281432 756447 284804 558491 810957 691690 645124 572894 236156 635732 999999999 411874 310546 532640 567895 623442 291517 224043 461612 115517 483641 429598 695471 911543 260497 286226 136021 174823 363853 284261 351373 610444 516964 297133 456718 502289 589417 96715 102004 230728 713383 833943 300897 728113 636670 590554 545858 73247 786679 596531 570713 775130 438118 369444 852633 502510 403705 83360 280301 599153 667260 375641 594236 190283 214737 241604 201293 784770 259873 781679 164105 414289
888321 530385 531441 859761 796788 860848 410178 342123 664799 132842 110407 262211 221849 264899 402907 539883 362195 588535 808652 682342 539676 231717 672609 421165 965945 550931 559494 387950 497540 401707 435294 151413 703006 572973 432121 899550 246168 907998 411874 999999999 218097 702910 359851 952911 681971 197383 67033 526313 426734 759311 989647 867731 440962 468928 277820 452509 730635 620622 303475 394962 198325 540630 715818 558313 182335 490396 477245 333057 783716 745843 323986 511847 815826 839738 697475 362036 684436 853137 328448 412379 762023 438078 828660 392287 299016 488301 466025 262120 1010097 77719 252129 557406 549534 203716 248241 670298 665790 809344 497747 790228
908819 550557 411755 1007533 717422 936166 199995 558045 576024 349690 153272 296129 431998 479749 322869 375694 231940 447862 958635 646391 509235 29099 558256 416656 1121344 686907 753277 599245 289694 619358 476312 356623 875552 744178 627019 874186 74477 917765 310546 218097 999999999 760032 548842 926172 601915 125562 224903 405700 563527 729473 987317 1022643 232714 257623 222684 271129 672762 582320 414840 588646 409240 334433 727485 658859 385077 354318 405821 371200 890454 913003 403454 710875 873295 861149 763334 299534 854447 870727 526282 629086 736155 519571 975176 547510 437831 362666 255585 478978 973802 142043 469360 495837 508566 86395 111358 843940 565152 934954 453193 724654
218063 221983 549316 441302 467094 182752 789100 800914 465715 722670 646969 468243 790194 660500 496894 672216 602604 610866 420601 305492 325944 740830 545616 355439 552863 294799 560548 645848 813369 796189 283856 777191 485518 439675 544045 343336 701666 256361 532640 702910 760032 999999999 518898 382282 441051 634693 769805 551933 343165 295099 348876 481210 792098 818704 543565 706441 378950 318951 403903 536839 634170 824568 153646 188990 797851 592363 446461 390655 219604 475519 379536 581845 114126 177905 30508 491016 464167 196646 559586 822719 282973 265879 415782 403128 428770 567134 812781 683613 449843 728544 688184 396614 347271 673713 661028 478516 501986 310859 378664 419656
735974 460830 672664 519962 822230 622475 702658 286394 729175 287718 396268 351916 312652 161195 536635 741899 571133 746859 468233 659489 548504 550085 774993 442550 616953 256317 204491 131568 776038 277375 375342 335614 346102 219999 80494 821351 540483 770795 567895 359851 548842 518898 999999999 870308 729201 459678 406683 670158 176806 710606 862827 520908 726253 757675 456981 695205 732918 616855 222987 43044 178555 811532 606935 331111 342308 664609 568927 349720 503881 391686 280758 166219 612174 692576 499349 494863 329393 710375 46593 303856 706297 302032 491241 117060 167275 649266 753118 184170 936924 429935 192617 607712 571207 491935 518119 313207 748294 499200 543295 794328
203256 431898 561277 786635 278978 434719 868701 1135769 393062 1013399 865086 690742 1096514 990162 604453 673771 707261 581831 778688 279818 420282 899709 459863 532533 881311 673349 939998 1001573 852171 1143731 530962 1064501 864738 820970 909549 53363 853750 157437 623442 952911 926172 382282 870308 999999999 358535 816066 1017359 566881 695514 197167 118785 830070 856703 873063 710126 757689 267429 343975 698912 895900 946861 842726 263373 559031 1090627 625133 522719 622136 562531 849862 651916 956905 357837 216812 411342 627289 844299 198951 904809 1169426 192088 574645 767541 753839 742252 604107 867673 1011548 67884 950576 1013476 433196 417977 846333 814862 859681 423832 655097 473459 239391
438374 292142 206201 873249 116430 599840 515712 941562 34945 774598 578325 435683 867939 800558 285506 315245 371411 224174 844684 138795 181279 573533 113408 292232 989185 631541 869168 854217 493965 969572 356259 817949 867116 775279 793185 314939 527456 420640 291517 681971 601915 441051 729201 358535 999999999 509781 738940 212126 585991 194362 453703 909878 501192 515930 408659 402209 93931 130151 512009 766502 739481 484309 300924 519352 847689 271020 205463 394099 659344 873426 453805 864283 508017 405942 467037 321725 842814 403349 748544 992073 208037 442925 844847 629657 567033 252453 510666 817454 390169 658383 815564 128209 157995 531714 492706 849246 70333 747458 193703 126661
787653 427282 340271 891426 626198 810605 243576 528236 488001 322846 88533 171257 416583 423067 224275 342672 165406 393000 843495 536910 396033 109609 485077 295311 1007032 570243 662602 531422 321949 580885 350885 348602 769978 639627 539946 763359 83259 798549 224043 197383 125562 634693 459678 816066 509781 999999999 239603 334784 449269 618909 870991 908696 269039 299973 105963 260064 571574 472784 298343 501694 349282 361393 606878 535569 379607 294718 305802 245663 766772 804577 280847 625504 748110 739639 637788 191331 747888 749881 445100 595329 624453 395325 858892 440189 328678 294776 295791 428189 866996 151771 420524 393567 398715 40370 59684 739257 483590 813943 343417 627204
955164 596637 579470 915721 854514 926816 424489 339979 720205 141234 160770 326794 209922 290873 456394 576261 404243 632216 864310 745084 602099 245294 723206 484995 1019488 611289 600422 416500 513907 405343 502013 133781 752477 624044 474166 963998 270557 974538 461612 67033 224903 769805 406683 1017359 738940 239603 999999999 574070 488188 822974 1055757 921820 456838 482443 331193 481799 791079 682772 369446 438439 233968 558315 782171 623306 160818 533996 533540 399047 847142 796906 391006 549965 882614 906568 764139 417423 734952 919879 370877 411864 826052 504762 885063 450445 362074 534363 480280 282857 1073826 91035 271769 616138 610860 235631 281983 719610 719068 870007 558129 849934
614563 342144 6174 940936 320856 730605 303602 829074 180461 638743 416371 325514 734537 700014 136352 121454 175315 77131 903356 307046 225992 376646 152784 250501 1060998 651135 844765 779898 287914 869600 348165 673734 887868 775090 745173 520183 332149 606543 115517 526313 405700 551933 670158 566881 212126 334784 574070 999999999 568265 384928 653455 971333 289919 306521 251531 190856 299506 255117 448894 711997 630365 285736 447143 559829 704695 58895 116244 322858 751877 906030 394008 826150 644905 574232 570509 180751 863272 576592 676708 888787 396186 440078 909647 594827 503504 43184 301047 712402 601881 486378 707838 159770 205497 346993 303054 863844 162056 828527 177469 338717
559533 301115 569398 444108 668540 460832 674956 458043 591676 405377 416100 293799 458634 319937 447022 660486 511853 644882 395123 499474 405757 555570 648438 320456 558144 125330 283920 306749 733865 453992 232315 459463 330025 208083 216984 647415 531965 594012 483641 426734 563527 343165 176806 695514 585991 449269 488188 568265 999999999 543019 686022 459616 692006 723345 405926 638711 576297 464437 151269 200425 304461 762349 432403 158023 475011 576924 456013 253274 361458 358912 185752 279515 440608 515846 325045 412589 306347 533599 216428 480385 537508 143172 411842 60040 129436 557088 718030 343371 762540 478258 348971 474157 430753 488192 499421 302262 616023 382720 414866 635981
244626 252979 379826 735966 176519 425937 681056 961925 228352 826407 669097 497262 912646 816173 408673 499729 513396 413741 715562 83399 223310 703240 307290 338147 845463 549481 810124 841868 672841 976417 349384 876152 768529 699942 759986 144735 657416 226595 429598 759311 729473 295099 710606 197167 194362 618909 822974 384928 543019 999999999 268922 776231 671717 690519 512963 573516 104168 147176 520352 741041 767152 668555 141482 430683 903257 441252 327975 431893 511549 764528 469055 817914 333739 215473 324990 430300 745630 210808 740399 1001294 14501 408673 710837 597573 568237 418539 684918 836455 250853 754375 837266 239802 220977 649240 618242 756798 264695 604546 276441 126733
133944 459315 648249 709855 388803 352258 949628 1139223 488645 1036123 910474 730525 1113500 995474 671712 766386 778843 677573 708358 350269 478539 962306 561395 578014 795844 642850 906825 991891 941266 1139861 556122 1089069 810870 784051 892341 142422 917240 92567 695471 989647 987317 348876 862827 118785 453703 870991 1055757 653455 686022 268922 999999999 753908 940623 959384 766281 842432 359846 411223 714975 883532 959758 935629 274488 536866 1113248 710105 593467 656710 493444 789949 674609 930288 291183 171193 373882 688372 792369 152830 901209 1166158 258649 581649 694202 745894 752011 687461 953796 1017876 154852 996216 1021119 507302 482170 904279 877085 810002 522300 581943 536389 344579
629308 635609 970618 44131 947588 401725 1128702 756859 929616 808626 873280 748314 824335 672592 873002 1080663 955699 1042190 68146 781001 760097 1015165 1004576 726785 98804 339940 374414 575012 1180483 711465 627805 855818 188694 301112 471902 803326 991130 676242 911543 867731 1022643 481210 520908 830070 909878 908696 921820 971333 459616 776231 753908 999999999 1143060 1173836 857834 1079604 857588 780947 610365 499008 699396 1204413 634842 411711 860140 995474 855356 693927 269129 137464 635932 430120 472275 614358 451641 847235 197226 631521 563561 734596 763896 542836 65496 478524 585254 972279 1168286 692896 892484 928566 703285 836782 785660 947770 957614 218579 963305 175333 796099 900711
891181 570142 295618 1120461 604910 974850 33311 782963 468298 573713 348236 398235 660820 689220 295241 199292 192118 292709 1075773 591070 482197 211767 421070 440289 1239420 803869 927174 800209 57070 840701 530581 586539 1020804 893260 806735 809515 196676 888096 260497 440962 232714 792098 726253 856703 501192 269039 456838 289919 692006 671717 940623 1143060 999999999 31609 286247 99074 589399 533315 543009 768738 615817 101734 715022 743823 615802 231586 356611 449508 964640 1050879 508372 892452 897092 847721 804099 305406 997620 852550 713698 852713 682130 603850 1087883 694020 583529 253321 26867 692418 891352 370021 683946 435387 469689 244002 209438 991553 444293 1026764 422856 627242
913201 596901 311984 1150982 616790 1001429 58759 811049 482415 601765 378102 429611 687865 719162 321929 206973 221164 301842 1106480 610766 505894 238316 430949 468342 1270058 834811 958719 830841 36939 869455 559706 613171 1052260 924802 838150 826692 226145 908908 286226 468928 257623 818704 757675 873063 515930 299973 482443 306521 723345 690519 959384 1173836 31609 999999999 317492 117445 605641 554250 574493 800127 645884 80845 738300 773670 642127 249279 380016 480084 993517 1082187 539494 923861 922747 870311 831277 334167 1029049 874661 744852 881090 701297 634038 1118421 725595 615131 272221 5925 722008 905868 396840 713411 456239 492386 273981 240469 1023052 456667 1056465 446984 641208
686143 329251 256257 836396 524755 723042 270876 580541 389079 387230 170463 112571 483027 457710 125346 291124 114215 319463 790864 430953 290215 200024 394973 194286 954729 518169 651290 550381 328526 624874 263010 422801 735273 608848 536702 657450 158489 695352 136021 277820 222684 543565 456981 710126 408659 105963 331193 251531 405926 512963 766281 857834 286247 317492 999999999 239098 466873 366838 258189 500025 385650 359383 504802 465222 453666 224261 203311 167543 692491 764710 222269 621805 655551 638516 549544 87170 711909 648043 453063 642644 518583 323543 803765 410857 302528 216905 312141 467814 761103 249864 462230 289221 292783 138084 117597 706436 388306 747951 237537 523452
795915 485484 196545 1054472 506903 888892 115725 788239 369471 581807 347784 349911 674122 680294 212452 110130 127093 198375 1011724 493446 389815 244078 324917 361516 1174338 743474 890377 782458 106929 840647 456702 603336 968689 844608 775229 710662 211435 791463 174823 452509 271129 706441 695205 757689 402209 260064 481799 190856 638711 573516 842432 1079604 99074 117445 239098 999999999 490353 436814 495059 738226 606555 124812 621663 673447 633896 132672 263946 387898 887778 995242 452961 860535 808608 753240 720322 232515 944870 757407 688791 855357 584151 536897 1022113 648403 541324 154997 111717 686806 792343 391033 679556 338805 375549 248962 204479 940847 346227 954567 331490 528383
