NAME : synthetic_000426
TYPE : CTSP-D
DIMENSION : 100
GROUPS : 8
RELAXATION_LEVEL : 1
EDGE_WEIGHT_TYPE : EXPLICIT
EDGE_WEIGHT_FORMAT : FULL_MATRIX
EDGE_WEIGHT_SECTION
999999999 904193 608235 704778 457051 815947 794843 669220 977838 1154338 812221 382331 618613 678013 594276 478914 668657 819724 545123 703732 810130 528699 375137 344103 910071 425162 929153 711735 709814 936376 1088224 243649 306908 818410 377314 1069591 959545 651758 581314 943334 878392 869232 326263 450953 313131 533070 410529 996498 607354 996715 1216861 818309 824138 710902 909745 747221 1112669 132298 937917 690244 605641 623535 539409 302806 724403 907446 640049 543189 660511 605318 539941 976970 1039498 821710 853119 651967 115058 640410 1061530 985910 358254 272447 950602 761733 157020 875779 881775 261279 682140 974842 620473 315394 801187 674876 837893 734172 674489 318531 276409 902896
904193 999999999 485440 464425 820188 877010 888424 581485 125966 530414 159201 627203 508120 729207 364851 431817 276542 196924 392090 289568 631661 388917 765103 839181 771136 522308 214230 195266 453122 39414 397708 781938 645457 226166 704889 320516 192750 872630 522133 476300 852181 808877 577931 507612 675354 540881 494152 178012 597569 292755 462251 955358 949615 386716 449290 734473 279152 876154 491748 242871 522156 719315 667879 633553 196065 26658 264730 450135 602836 835587 501488 324939 260181 113072 73143 427367 794518 600463 463487 218879 546448 761523 116619 153405 843740 330939 564567 720977 316320 94427 455657 620606 103338 885035 548064 700354 235511 645167 728714 384939
608235 485440 999999999 96645 790387 1027230 1023671 734931 606212 963427 331031 561991 638429 850750 461958 362715 223017 307707 426327 511056 857955 227561 696145 740348 1006545 462754 641933 331740 661670 497186 844373 627124 302301 569333 641621 782372 644791 936765 39645 335121 1043422 1010213 365179 475184 298262 80325 340006 651537 706225 731357 935271 1079280 1078602 607703 302053 893918 762698 520410 834237 434165 640762 811529 718763 311408 422254 504661 339157 102890 745819 885572 69950 743045 727492 372437 412642 62832 535627 730786 877880 675706 335311 625452 588469 344035 483426 289645 852445 352739 514536 506639 29801 300641 416187 957667 815779 862545 379155 522946 345279 741638
704778 464425 96645 999999999 873562 1092183 1090684 792993 589630 970204 305225 643516 696318 916608 513138 432233 238432 271248 484816 544847 907860 292509 781555 829229 1057883 539054 643916 344012 707986 468642 845145 718780 398944 585476 725253 776609 640115 1011748 126377 238752 1102501 1067197 455245 548408 394045 173714 421124 639036 770009 732890 924859 1148590 1147218 649058 206476 955210 743334 614986 861797 463638 700551 880546 790898 407767 442045 486868 373513 184964 805819 961447 166103 750614 718762 353460 391800 74936 631803 792200 889158 670220 423737 715624 575614 341063 578029 211683 891294 448319 552910 467741 90805 396814 413266 1031922 857379 922751 407462 609461 439832 763573
457051 820188 790387 873562 999999999 360949 338443 317609 834917 843857 809899 230527 334884 250220 457979 455152 708123 840335 444704 535974 421774 589586 100259 115481 480830 341231 735874 679279 426152 859414 824506 224007 557235 636172 148782 840531 777966 195077 785186 1079613 429551 427810 432580 340480 598920 746565 452444 827928 263419 768603 957429 362240 367599 469542 1041615 318507 921772 562743 613050 579131 318123 202097 171569 533155 627535 809681 596640 689964 298013 148552 726737 731280 835398 790421 803446 800294 389916 284119 762288 793700 457665 203481 807855 731396 566223 959274 523088 578338 508263 912349 784620 536066 728645 218435 485991 317522 602880 270496 603150 626447
815947 877010 1027230 1092183 360949 999999999 30970 307463 838214 668895 930953 504208 400710 176576 587170 664552 878105 971928 608005 602699 257926 801553 442850 476364 186836 573315 713473 807733 425951 914468 707959 575759 861213 652739 458418 758722 757107 175490 1033780 1256218 85533 113509 716607 555854 907975 1005109 699385 808922 322176 702632 824294 87051 77943 493847 1219199 144009 864398 913832 471193 678046 393860 220830 319350 835059 721923 857280 740857 924896 290573 213036 975363 654994 780265 894278 890800 1017595 738447 301607 616056 758974 729776 550082 816811 848704 912534 1115283 361978 900060 581313 969873 1012840 833983 814709 156816 353391 178539 724611 570667 924687 543928
794843 888424 1023671 1090684 338443 30970 999999999 313134 853521 695306 937450 492483 403796 174338 589562 661052 880032 977764 607800 610607 277199 799118 423594 453495 216349 566523 729782 812748 435831 926254 730949 556215 849643 665402 442576 779679 773656 148817 1029051 1259245 116498 143115 706456 550243 895959 999228 692782 825704 321823 722077 848921 67427 61207 503333 1222020 154056 884265 895163 493809 684276 395771 213072 310153 823623 729014 869293 743926 921050 294778 189905 970387 674790 799487 901987 899845 1015916 720023 303985 640386 776567 720957 531284 831543 854976 894891 1119668 384274 886351 588357 981772 1010076 823008 823319 128844 373016 188071 729436 557473 911077 563004
669220 581485 734931 792993 317609 307463 313134 999999999 562011 527390 624323 291062 96744 147727 281965 377443 572564 664808 309070 298267 145493 507372 328004 400230 278784 310069 446894 500290 131156 620130 509112 435224 616841 364978 298794 532365 490999 296943 745986 949249 309510 275282 468091 285977 665347 722710 427702 543194 62823 463425 641254 378297 373864 194941 912387 164680 622881 732320 296571 371162 94820 146342 150360 590686 415976 564167 434228 634626 22814 268798 689229 422143 535520 589149 588239 719238 565594 33723 444701 500859 471030 404748 537506 541874 720128 807830 216722 671302 275386 675696 717864 586191 511311 306498 174976 130888 417148 361249 694179 312909
977838 125966 606212 589630 834917 838214 853521 562011 999999999 412902 284655 665814 505241 707207 401240 498937 390157 322867 440925 302352 583169 485034 793399 870433 711148 571912 127689 293962 430966 134185 278577 829959 739917 200021 736136 197613 88863 858894 641817 594793 802198 757781 654349 552518 773983 657198 569176 54413 590702 183245 336285 920942 913969 372065 569901 700511 156723 963394 411044 289186 521142 706781 671496 725190 253638 102782 344506 562431 584583 827778 616850 224133 136616 236496 197851 549789 864850 586494 354760 105063 625914 806440 27997 264688 932913 452861 499352 816089 329813 171136 576567 712739 197181 868293 491806 667823 305276 695782 826268 309157
1154338 530414 963427 970204 843857 668895 695306 527390 412902 999999999 677650 777485 543392 621562 583620 722849 741159 720969 637462 484947 440453 781375 851240 925998 488800 734372 326854 632025 447275 546329 134533 942531 1001731 396969 812722 218836 338129 771673 993028 1006174 599237 558848 874033 707223 1045781 994981 798696 358626 586389 239481 172655 754754 744485 444992 979697 575397 315203 1184714 230886 542612 558609 652723 677481 979930 543285 504024 635977 893305 546039 765256 953673 220451 278541 626155 593782 916438 1041223 561113 93944 311666 858095 912845 414614 629163 1162646 861290 327869 1073520 496759 582631 935722 970182 557337 769571 359542 556030 591920 836310 1090711 253634
812221 159201 331031 305225 809899 930953 937450 624323 284655 677650 999999999 593722 536486 767867 359885 371984 145843 45668 365227 329504 704819 283542 739102 806700 852383 480413 351911 131025 508552 166356 548055 728747 529317 320538 677462 475147 341143 896465 369019 346128 919874 878972 492361 473637 552072 392673 416032 335052 624459 438186 620571 1002216 998078 441017 313823 787049 438194 765611 604413 253184 547141 746982 677992 522131 209394 182059 213329 310619 643001 853231 355413 462747 416005 51542 86911 270984 709761 635698 603210 370089 457850 713303 271963 82639 731008 196488 658561 601976 349695 179353 301295 508840 130606 912208 633491 752558 212097 594045 605927 498966
382331 627203 561991 643516 230527 504208 492483 291062 665814 777485 593722 999999999 236766 336418 265571 227786 482125 620404 235815 365713 435469 359399 146227 213822 552349 114215 588725 465635 330396 665211 723056 169965 357186 479155 85108 716943 625874 382156 559048 849781 545894 525746 215688 121081 403771 522794 222553 670702 231654 642746 855176 538027 539676 341652 811822 398877 778293 441617 556804 385395 223403 285150 186903 331141 431162 621300 381849 460665 285606 329679 500133 615727 697096 580497 598978 569984 275178 265253 686051 647736 234830 143030 637845 519239 430894 732444 500041 397720 339424 714871 555072 330657 528538 404514 455992 377594 396484 71253 422046 530192
618613 508120 638429 696318 334884 400710 403796 96744 505241 543392 536486 236766 999999999 231724 186528 282853 477499 575513 212367 218923 228948 410875 315379 393049 371569 227043 401347 409708 97720 547391 500757 399172 533026 305230 270835 508388 443884 365216 650007 855681 406220 371863 385670 200836 581450 627670 337500 494500 89736 435461 634308 467056 463581 135014 818577 259877 586926 667860 320141 284158 16894 212576 166697 507268 331012 493364 340274 538447 110395 327529 593592 400676 500715 504339 507093 622511 509123 99876 453604 458911 384694 369452 478992 453850 652179 715972 268652 591872 193177 602472 621178 501688 429748 378845 224379 226760 326342 301255 613833 302971
678013 729207 850750 916608 250220 176576 174338 147727 707207 621562 767867 336418 231724 999999999 416168 488044 706134 807196 433463 444810 182534 625414 305020 358675 234093 397711 589009 641430 277853 767857 627357 434374 690943 511787 304301 661726 633290 156972 857211 1085801 209510 192534 544421 379594 738400 828759 523497 685690 147566 596609 755255 235662 232727 342643 1048464 69911 758472 763621 396636 514987 222548 54532 149569 664627 560973 711856 570814 748360 126603 143700 798818 552312 671459 734449 734899 841897 588955 132168 549694 640842 555775 405797 683283 685235 758369 947339 293700 734137 421005 823423 836594 662758 657765 162442 265121 69097 558066 405690 758438 439798
594276 364851 461958 513138 457979 587170 589562 281965 401240 583620 359885 265571 186528 416168 999999999 140233 290972 395787 53842 109457 396272 237469 400340 475060 545580 173147 335655 229613 200639 403625 499685 428804 419593 224548 340473 475501 368538 537268 478016 669708 590696 554433 291535 151770 465023 462068 215227 409934 269315 403111 624857 651814 648814 155096 632458 446206 522263 605941 400285 122040 193795 389890 318141 397007 169921 357097 154750 366132 296901 493402 424693 386952 446008 334667 345607 440372 479259 285761 489832 393349 274476 405231 373243 278349 581628 531804 396454 490196 89231 455418 442232 387753 270721 553669 357164 412768 148035 295748 508002 331636
478914 431817 362715 432233 455152 664552 661052 377443 498937 722849 371984 227786 282853 488044 140233 999999999 254348 395234 87154 240835 510052 139849 373844 437119 654422 114108 457157 249746 328230 466761 634043 357568 279416 349111 312891 602518 484049 579972 370159 625363 683087 651672 158901 117443 324814 345290 76588 518589 344223 532457 755454 717384 716420 292688 587330 532626 635902 474541 539222 212120 282627 449347 358665 257120 245697 432144 168770 260370 386225 530219 312526 521145 566512 365735 390242 357317 366120 370125 629239 511782 136694 341355 471690 303463 447894 504803 527000 350691 226207 511003 349267 247634 328655 599881 485485 502073 197410 222101 368024 471644
668657 276542 223017 238432 708123 878105 880032 572564 390157 741159 145843 482125 477499 706134 290972 254348 999999999 151817 275854 307657 677443 141963 628180 690181 827807 368201 418917 109147 476365 296731 621357 601486 383519 349700 567223 560114 422651 818604 255294 380556 880122 842601 353530 367748 407229 267154 283165 432411 558679 508340 713951 941489 938849 414593 342896 737049 546728 619769 623442 225723 484420 676572 595753 376362 204269 291854 139937 173609 587861 771442 226693 520708 506249 169049 207884 176281 568707 576581 656805 453667 318422 589098 370218 125511 585183 251216 654448 456500 317732 321103 194743 363067 195327 836705 621789 703449 169688 470932 461092 526088
819724 196924 307707 271248 840335 971928 977764 664808 322867 720969 45668 620404 575513 807196 395787 395234 151817 999999999 396777 372025 748377 293724 766424 832071 896391 506380 396031 166358 551092 197575 590518 749178 529263 366171 704872 516105 383595 933052 346761 300555 962493 921908 505130 501633 548316 374920 432686 374627 662693 481510 659137 1042099 1038193 483859 268156 828187 473734 766069 650078 293926 585593 784734 713133 524304 251843 221369 244843 301183 683044 888898 340019 507173 456349 96184 127578 245718 720505 675097 647629 411982 470092 735211 312174 123719 730734 151008 703667 599830 391251 199385 278475 511029 176261 949304 678141 793749 249425 616194 601913 544623
545123 392090 426327 484816 444704 608005 607800 309070 440925 637462 365227 235815 212367 433463 53842 87154 275854 396777 999999999 160338 433555 198938 377575 449171 580892 131617 384071 234597 244637 429763 552597 391444 366120 273585 316273 526164 414857 542883 439203 656317 618347 584215 238079 115530 411845 419726 161452 453854 286086 454433 676774 667745 665613 205751 618568 470407 568377 553068 452133 153028 215806 401360 320248 343345 196507 387480 152155 327263 321127 496231 383923 439746 494389 347069 363633 410643 430349 307398 543672 440841 220634 369912 413040 287061 528322 524161 442832 436419 142307 479069 408812 334226 292735 560860 402181 438097 161002 255637 454358 385380
703732 289568 511056 544847 535974 602699 610607 298267 302352 484947 329504 365713 218923 444810 109457 240835 307657 372025 160338 999999999 377450 303506 491063 568099 526759 281543 226727 214361 179091 328930 393299 532897 517652 115567 433907 366169 261190 584042 533807 666028 590490 549922 397475 258634 561076 526434 317413 305006 308601 294125 516462 676342 671604 111979 630598 458691 414625 713067 324026 82665 232661 431045 378911 496594 120205 275971 172580 425565 318353 546140 486366 280378 336949 291580 290097 477458 588715 313796 392174 284908 377487 507906 274634 248321 687703 519767 346792 590590 27736 383787 487133 486384 213056 597214 314767 424161 138051 402484 606896 239296
810130 631661 857955 907860 421774 257926 277199 145493 583169 440453 704819 435469 228948 182534 396272 510052 677443 748377 433555 377450 999999999 631761 454854 520376 150366 453006 457155 591374 201140 667686 457772 571901 760038 405499 434948 502854 500400 331485 872515 1043442 220702 177217 611674 427891 808547 852952 566444 551893 204021 444973 581051 343576 335412 265672 1007872 136773 607073 877064 221421 458930 233051 220857 275482 734032 496952 610167 537587 760488 150165 325864 817477 397597 522496 663110 654007 835975 708865 170488 373044 501331 612759 541589 562903 624994 865381 897066 113546 816007 361779 722441 838504 729040 580734 330576 95820 115618 511676 506094 838669 286063
528699 388917 227561 292509 589586 801553 799118 507372 485034 781375 283542 359399 410875 625414 237469 139849 141963 293724 198938 303506 631761 999999999 502950 559657 779688 249705 479783 194131 438107 416591 675371 464059 256674 386112 443676 627680 495455 719783 240842 490483 816015 782654 211638 256745 288964 225521 145553 517835 479775 565281 783989 856362 855156 388629 452564 666849 636602 488277 625882 238845 413272 588272 498455 244843 246702 397801 148759 128818 518415 669887 187345 565840 581249 295399 329637 217574 427050 503630 690687 525973 176483 453799 460793 238237 455237 379501 632780 332472 300931 449812 211371 231814 290834 739729 594286 635236 193399 337884 341495 542260
375137 765103 696145 781555 100259 442850 423594 328004 793399 851240 739102 146227 315379 305020 400340 373844 628180 766424 377575 491063 454854 502950 999999999 78289 538834 260441 704913 610204 412642 803725 816050 132936 457051 599269 61640 821889 744896 287927 689263 993287 503274 494685 334937 265484 498665 649569 361653 792599 266271 748258 949625 454629 458971 443246 955421 374825 893986 471605 621803 522233 298777 251053 180149 433080 569471 757286 526505 597024 313044 237424 631237 715386 809614 724272 741065 709198 296695 295023 764513 763818 361589 107877 765697 663523 472331 878165 543959 478616 463591 854775 691812 436191 668830 311552 502921 365320 538501 173500 503461 617910
344103 839181 740348 829229 115481 476364 453495 400230 870433 925998 806700 213822 393049 358675 475060 437119 690181 832071 449171 568099 520376 559657 78289 999999999 591948 326287 783055 679265 490018 877538 893439 126290 480601 677076 134702 900070 822891 308199 729899 1047720 544657 541565 375220 334898 517883 687705 415146 870382 339738 826481 1027026 474293 480285 521515 1010114 428222 972202 455442 695856 596516 376361 307062 250189 458733 643201 832139 595490 644300 383781 263640 673248 793377 887891 794292 812661 758658 287306 366753 840224 841986 405569 117139 842665 732945 462270 938086 614366 490230 540738 927875 738650 463919 741617 331117 574392 423391 610078 222106 514545 695104
910071 771136 1006545 1057883 480830 186836 216349 278784 711148 488800 852383 552349 371569 234093 545580 654422 827807 896391 580892 526759 150366 779688 538834 591948 999999999 587799 583492 740998 351477 805750 542407 666776 893477 545889 533665 602648 624751 332438 1020076 1192711 110534 73329 744594 564369 941890 998995 706483 674249 326026 555465 650418 269030 258239 415358 1157356 164183 712555 990034 312717 608651 372730 287781 372571 867188 645647 748394 687953 908155 274771 350211 964349 506937 632912 809434 798266 985739 817031 293938 445218 620791 749155 637634 693367 773385 982083 1045748 212111 944775 511819 859565 987620 863279 726546 321120 223073 176503 661783 623523 968241 403371
425162 522308 462754 539054 341231 573315 566523 310069 571912 734372 480413 114215 227043 397711 173147 114108 368201 506380 131617 281543 453006 249705 260441 326287 587799 999999999 508263 353490 301168 559431 663200 259993 307047 397092 199173 645584 541675 474039 464504 738626 601573 574574 158819 27615 355560 432932 126262 582783 263787 572261 791741 619067 619111 289403 700608 450328 695395 451746 528314 284643 220399 353472 257586 281026 327564 518594 269854 360010 313112 423041 405485 551808 618483 469059 489446 464587 310303 294382 640750 566265 161459 239266 543969 407327 432268 618879 493153 364859 258357 607379 452799 276188 421463 494919 449244 422936 288203 124044 386798 481118
929153 214230 641933 643916 735874 713473 729782 446894 127689 326854 351911 588725 401347 589009 335655 457157 418917 396031 384071 226727 457155 479783 704913 783055 583492 508263 999999999 310699 317715 239527 202481 757559 722371 111173 651099 148182 44286 743188 673543 688119 675325 630826 616048 485230 761775 680086 532608 96701 481986 89479 304342 797121 789828 266389 659396 577786 189715 931556 285216 248861 417964 593073 567657 704062 233129 187750 331046 579733 469692 715252 638686 111611 110383 300375 270216 592284 814290 473821 251798 59092 592262 731665 112149 302938 904124 540397 371664 797740 250888 287538 613495 692634 230696 751153 364806 545809 286534 628842 811322 181745
711735 195266 331740 344012 679279 807733 812748 500290 293962 632025 131025 465635 409708 641430 229613 249746 109147 166358 234597 214361 591374 194131 610204 679265 740998 353490 310699 999999999 391338 225039 512929 607042 450801 241607 548601 453802 316944 766804 362850 452288 801642 762072 386035 344869 482190 370631 304078 331412 496466 399966 608765 876650 872950 325717 416515 664379 448548 680891 519392 132465 419475 618393 547437 438407 99681 203708 83786 271939 517981 722965 329388 411575 401718 116091 142116 285059 603966 509463 547791 348030 353481 589792 271320 53928 648506 307898 557852 526583 230101 263970 303754 425506 97345 782968 528040 630072 83369 470843 535159 419722
709814 453122 661670 707986 426152 425951 435831 131156 430966 447275 508552 330396 97720 277853 200639 328230 476365 551092 244637 179091 201140 438107 412642 490018 351477 301168 317715 391338 999999999 491344 403434 495603 597736 233986 368510 414399 361533 427930 678552 843626 411403 371032 455059 273602 645412 662464 394459 413459 165533 342570 537019 502505 497035 68017 807749 282336 498184 751220 228847 258951 114004 276107 254900 572952 299296 434844 336580 566733 153639 397849 625308 305463 411115 469582 464895 636845 598343 156231 356618 373130 448060 466138 406361 427376 733052 698306 198788 661914 161255 546935 641003 565782 389081 437649 157552 247948 310811 391296 682481 205341
936376 39414 497186 468642 859414 914468 926254 620130 134185 546329 166356 665211 547391 767857 403625 466761 296731 197575 429763 328930 667686 416591 803725 877538 805750 559431 239527 225039 491344 999999999 412306 818719 672281 262436 743372 331789 212466 911761 534883 460618 888345 844845 610293 545284 700467 556619 527194 188537 636793 312149 466284 993277 987423 425254 435848 772240 277293 904778 521547 281590 561481 758422 707293 661411 234346 57521 298635 469344 641579 874885 518187 347937 270777 128065 88906 437340 827626 639420 484116 235509 578203 798697 132922 178526 871823 319304 597848 747314 355717 55594 467414 648345 138443 924051 582783 738205 271745 681862 754091 415266
1088224 397708 844373 845145 824506 707959 730949 509112 278577 134533 548055 723056 500757 627357 499685 634043 621357 590518 552597 393299 457772 675371 816050 893439 542407 663200 202481 512929 403434 412306 999999999 892309 908677 290260 770407 85370 206953 783484 875750 872607 649181 605722 790513 637273 950513 881250 710630 224230 561144 113018 133587 795006 785716 381437 846669 593898 190583 1105597 237223 438094 517289 648432 653336 888533 430837 371545 527187 780357 530460 768104 839826 112925 144105 496799 462975 794647 973482 541757 101790 178942 770732 863860 281354 504682 1080808 728598 346818 982639 410471 448098 815970 877883 432066 785448 364501 568438 482486 774898 998044 198587
243649 781938 627124 718780 224007 575759 556215 435224 829959 942531 728747 169965 399172 434374 428804 357568 601486 749178 391444 532897 571901 464059 132936 126290 666776 259993 757559 607042 495603 818719 892309 999999999 356481 647385 137005 886889 793895 417928 613723 943959 635627 625668 264085 277543 392382 569925 318875 837608 372461 812696 1024725 585182 590004 511142 906878 503650 946854 339535 717938 544348 384210 379909 297966 335596 587551 778570 524764 534977 424080 368704 558599 785532 866402 723122 746247 650636 165909 404483 852216 816457 297279 30476 801965 660876 342216 843123 651224 363941 507260 865653 627982 341694 680435 441481 608266 491268 547026 136889 388259 698116
306908 645457 302301 398944 557235 861213 849643 616841 739917 1001731 529317 357186 533026 690943 419593 279416 383519 529263 366120 517652 760038 256674 457051 480601 893477 307047 722371 450801 597736 672281 908677 356481 999999999 619580 416151 870239 743149 733738 277970 637019 899422 875833 148890 332361 48516 230178 205337 769866 567755 803231 1025550 893856 895964 569904 603072 749649 888941 236810 816517 473732 527228 641282 542534 26379 493463 654437 396939 238679 618802 681120 233348 796249 828315 548464 584434 345129 236737 599540 908294 772826 149699 363958 714923 493765 201739 571046 794851 76185 505004 702736 313608 32048 547300 756812 751664 724737 439354 294118 89368 751045
818410 226166 569333 585476 636172 652739 665402 364978 200021 396969 320538 479155 305230 511787 224548 349111 349700 366171 273585 115567 405499 386112 599269 677076 545889 397092 111173 241607 233986 262436 290260 647385 619580 999999999 543972 253455 146739 661085 597475 666636 626059 582713 507679 374148 660723 598108 425241 193332 390948 183880 406792 732649 726460 172447 634220 511370 299510 823557 284189 147901 321180 508299 471593 600128 147171 204981 239230 496382 387251 628601 556842 179733 221472 272348 254995 525974 703479 387948 308945 169431 485229 621875 174025 252151 796943 516938 342548 694167 140174 317535 542466 589145 189953 671404 322976 477663 194989 517884 708888 180217
377314 704889 641621 725253 148782 458418 442576 298794 736136 812722 677462 85108 270835 304301 340473 312891 567223 704872 316273 433907 434948 443676 61640 134702 533665 199173 651099 548601 368510 743372 770407 137005 416151 543972 999999999 772069 690246 318075 636527 934159 510703 496816 285205 203847 460112 598296 304300 737104 235972 698084 903741 480968 484018 393026 896234 372242 840643 459488 585621 462100 254894 249941 162095 391135 509035 697570 464888 541364 287163 265624 578013 667131 757203 662775 679870 652275 284654 267668 723982 710151 309226 106645 708324 601953 455450 817538 515249 445591 406672 794094 636073 392837 607996 341352 472668 357340 477257 123653 470448 573452
1069591 320516 782372 776609 840531 758722 779679 532365 197613 218836 475147 716943 508388 661726 475501 602518 560114 516105 526164 366169 502854 627680 821889 900070 602648 645584 148182 453802 414399 331789 85370 886889 870239 253455 772069 999999999 137588 818696 815408 792357 706039 661786 761134 621114 909888 824396 678519 143390 578449 74205 156314 845344 836650 379082 767473 635944 111935 1077007 290406 396524 525268 676540 669135 851654 380980 295058 479015 724928 554696 798385 783104 110227 61027 424617 388785 729986 954536 563329 179688 106785 738424 859638 204086 439118 1050249 650174 397480 945458 387507 364898 753386 840339 366470 822914 407210 607776 434592 762880 959277 221934
959545 192750 644791 640115 777966 757107 773656 490999 88863 338129 341143 625874 443884 633290 368538 484049 422651 383595 414857 261190 500400 495455 744896 822891 624751 541675 44286 316944 361533 212466 206953 793895 743149 146739 690246 137588 999999999 787396 677931 669043 717904 673344 642717 519525 781011 687545 558391 52416 525403 100111 291822 840966 833603 308873 641886 621859 153730 957149 322373 272722 460406 637117 610418 725884 249997 166198 347742 588616 513789 759227 646328 136569 85805 289967 256093 592511 845001 517715 271729 31086 617456 768539 79826 301621 928765 523296 412673 818984 286652 256281 615798 714103 228923 795419 407439 589969 304160 663527 831549 221688
651758 872630 936765 1011748 195077 175490 148817 296943 858894 771673 896465 382156 365216 156972 537268 579972 818604 933052 542883 584042 331485 719783 287927 308199 332438 474039 743188 766804 427930 911761 783484 417928 733738 661085 318075 818696 787396 999999999 937348 1198703 254795 266091 597409 463340 778120 903212 597946 839700 275481 753343 910307 167294 172523 489322 1160837 196800 914976 757317 550724 647163 352249 153387 222999 708429 694894 856919 690307 834049 274318 52665 878244 709238 827848 867414 871891 936937 583567 273331 703495 796072 616787 395335 834214 814244 759699 1066528 444883 762919 558383 967053 926595 709472 794575 23625 419806 216479 684407 439775 787805 596766
581314 522133 39645 126377 785186 1033780 1029051 745986 641817 993028 369019 559048 650007 857211 478016 370159 255294 346761 439203 533807 872515 240842 689263 729899 1020076 464504 673543 362850 678552 534883 875750 613723 277970 597475 636527 815408 677931 937348 999999999 364221 1053096 1021018 355307 478962 269040 48246 339418 686272 714358 762808 969055 1083197 1082936 626937 332723 902778 798469 488787 857741 459071 651349 816250 721861 289726 450333 540781 363523 112036 755833 885665 59104 772917 761287 409325 449596 102460 513805 740110 906397 708935 327725 613900 623446 378416 451852 327471 871715 322932 535543 545415 68287 279912 449986 958692 834051 872065 405037 515766 313708 767298
943334 476300 335121 238752 1079613 1256218 1259245 949249 594793 1006174 346128 849781 855681 1085801 669708 625363 380556 300555 656317 666028 1043442 490483 993287 1047720 1192711 738626 688119 452288 843626 460618 872607 943959 637019 666636 934159 792357 669043 1198703 364221 999999999 1253478 1214238 680245 742262 632745 412100 632834 649155 938586 769048 921009 1321380 1318497 777788 38035 1113906 727549 852862 950277 584720 863499 1057086 975725 644667 547286 502891 515408 411423 965646 1150993 403680 799680 731332 394915 419028 296010 867744 955323 939253 694543 646681 937744 591561 420500 815961 149724 1003505 686933 682382 431919 324250 633269 476684 1217041 976801 1079882 533720 825677 677888 844406
878392 852181 1043422 1102501 429551 85533 116498 309510 802198 599237 919874 545894 406220 209510 590696 683087 880122 962493 618347 590490 220702 816015 503274 544657 110534 601573 675325 801642 411403 888345 649181 635627 899422 626059 510703 706039 717904 254795 1053096 1253478 999999999 44654 752082 581284 947107 1027639 725783 768677 339801 654989 759829 160367 149262 478869 1217150 151335 814533 969906 415720 669705 402789 262154 359079 873066 710694 830830 740755 942370 297606 285538 995612 606630 732803 879982 872712 1028730 794623 312988 553512 716601 761703 608376 782631 838775 966031 1109259 309698 943595 571876 943137 1026943 870800 798374 238378 310521 181031 719758 615166 967862 498968
869232 808877 1010213 1067197 427810 113509 143115 275282 757781 558848 878972 525746 371863 192534 554433 651672 842601 921908 584215 549922 177217 782654 494685 541565 73329 574574 630826 762072 371032 844845 605722 625668 875833 582713 496816 661786 673344 266091 1021018 1214238 44654 999999999 727657 553183 923850 996842 697375 724072 311041 610396 717737 196594 186023 438052 1178115 126874 770084 956151 371574 629851 369691 246894 340268 849454 670067 787324 702914 909809 265468 289585 963988 562054 688217 838450 830466 993797 781468 282218 510771 671956 735587 597524 738348 798230 950664 1069325 265156 922605 532031 899529 993023 846616 756535 252771 266024 151642 680670 596021 946621 454315
326263 577931 365179 455245 432580 716607 706456 468091 654349 874033 492361 215688 385670 544421 291535 158901 353530 505130 238079 397475 611674 211638 334937 375220 744594 158819 616048 386035 455059 610293 790513 264085 148890 507679 285205 761134 642717 597409 355307 680245 752082 727657 999999999 184877 197344 314699 85174 676281 418947 690611 913484 753485 754923 433620 643339 601792 794095 315908 678454 370286 379217 495949 397269 122640 400783 581369 313933 270977 469912 544816 298140 677612 725395 497724 527861 386558 218263 450660 780105 670612 35285 260477 627518 436893 290295 584498 650148 207050 380386 649740 364456 118981 474940 619949 606528 576347 349535 162087 228365 620848
450953 507612 475184 548408 340480 555854 550243 285977 552518 707223 473637 121081 200836 379594 151770 117443 367748 501633 115530 258634 427891 256745 265484 334898 564369 27615 485230 344869 273602 545284 637273 277543 332361 374148 203847 621114 519525 463340 478962 742262 581284 553183 184877 999999999 380835 449262 144509 561623 242147 547566 766319 604399 604008 262231 704229 429950 673138 479278 500702 267386 194914 337315 243587 306510 311892 502718 261112 372296 290102 413187 420195 526207 595243 459484 477970 473609 336303 271825 613663 543539 185107 254983 524530 398356 459882 618957 466069 391471 234614 594363 463728 301200 408061 483606 422235 401688 275590 144072 413170 454108
313131 675354 298262 394045 598920 907975 895959 665347 773983 1045781 552072 403771 581450 738400 465023 324814 407229 548316 411845 561076 808547 288964 498665 517883 941890 355560 761775 482190 645412 700467 950513 392382 48516 660723 460112 909888 781011 778120 269040 632745 947107 923850 197344 380835 999999999 220867 251990 805877 616103 843927 1065642 939267 941581 616417 600243 797555 924851 223945 863120 513881 575718 688391 589698 74707 531014 685739 433528 250039 667244 725580 232613 838423 866509 574794 611941 347502 259116 647952 952565 811024 197630 402270 749595 522474 187156 577770 842809 54663 549392 728189 313770 79869 579358 801316 799710 772861 476853 339267 53867 795991
533070 540881 80325 173714 746565 1005109 999228 722710 657198 994981 392673 522794 627670 828759 462068 345290 267154 374920 419726 526434 852952 225521 649569 687705 998995 432932 680086 370631 662464 556619 881250 569925 230178 598108 598296 824396 687545 903212 48246 412100 1027639 996842 314699 449262 220867 999999999 306781 699393 688007 768744 979349 1051898 1052031 614139 380189 876714 813835 441301 850102 455488 627890 786163 690452 242726 451872 557887 360238 101819 731374 851183 41425 775874 772050 429289 469474 138756 466414 714949 906615 718631 289103 571201 637357 392515 404336 369356 858104 274870 525688 571268 102756 233327 462187 924914 819225 846772 403515 476321 266130 763203
410529 494152 340006 421124 452444 699385 692782 427702 569176 798696 416032 222553 337500 523497 215227 76588 283165 432686 161452 317413 566444 145553 361653 415146 706483 126262 532608 304078 394459 527194 710630 318875 205337 425241 304300 678519 558391 597946 339418 632834 725783 697375 85174 144509 251990 306781 999999999 591348 386435 608784 831799 745118 745267 364578 595138 574450 709343 398997 611229 285729 334266 479724 383674 182036 315612 496934 229615 238202 433328 546345 280315 597733 641533 417612 446192 347975 300447 415522 704975 586569 60120 308247 542347 356038 371729 525053 592711 274971 302386 568042 332522 173319 390949 619276 550156 546003 264449 193050 293046 546832
996498 178012 651537 639036 827928 808922 825704 543194 54413 358626 335052 670702 494500 685690 409934 518589 432411 374627 453854 305006 551893 517835 792599 870382 674249 582783 96701 331412 413459 188537 224230 837608 769866 193332 737104 143390 52416 839700 686272 649155 768677 724072 676281 561623 805877 699393 591348 999999999 576867 132556 285824 892981 885550 359598 624091 674101 119075 988735 368628 306503 510912 689235 661164 753824 277448 153299 372928 602674 565973 811259 658607 176513 82512 285615 248178 596516 882483 569683 302489 55480 649512 812867 63479 307870 959335 506817 462160 845993 331398 224563 622076 741691 237210 847796 458422 642290 331087 705666 857380 270883
607354 597569 706225 770009 263419 322176 321823 62823 590702 586389 624459 231654 89736 147566 269315 344223 558679 662693 286086 308601 204021 479775 266271 339738 326026 263787 481986 496466 165533 636793 561144 372461 567755 390948 235972 578449 525403 275481 714358 938586 339801 311041 418947 242147 616103 688007 386435 576867 999999999 507440 694198 382832 380196 218637 901180 188709 663715 673255 356118 373010 77408 123026 92314 541428 420251 582449 424064 604365 53954 238561 656500 468727 576641 593361 596703 695442 504924 33599 501701 538170 425111 341986 564970 541887 662216 801036 279459 618929 282912 691958 691144 537822 519362 289237 237374 159568 413268 302550 642297 363029
996715 292755 731357 732890 768603 702632 722077 463425 183245 239481 438186 642746 435461 596609 403111 532457 508340 481510 454433 294125 444973 565281 748258 826481 555465 572261 89479 399966 342570 312149 113018 812696 803231 183880 698084 74205 100111 753343 762808 769048 654989 610396 690611 547566 843927 768744 608784 132556 507440 999999999 223017 788546 780307 305198 741646 574989 162590 1006499 244064 330102 452354 608690 597469 783954 319486 266156 416655 668073 485978 730974 727326 48529 77841 386707 354442 681737 881660 493656 172074 78204 668838 785433 179229 392098 980344 622923 345356 877967 314611 353983 702953 772911 319635 758622 349269 545492 371942 688991 892490 159204
1216861 462251 935271 924859 957429 824294 848921 641254 336285 172655 620571 855176 634308 755255 624857 755454 713951 659137 676774 516462 581051 783989 949625 1027026 650418 791741 304342 608765 537019 466284 133587 1024725 1025550 406792 903741 156314 291822 910307 969055 921009 759829 717737 913484 766319 1065642 979349 831799 285824 694198 223017 999999999 911126 901341 513587 899205 717818 193919 1229324 359862 551892 650856 778749 786458 1006585 537287 438525 635308 880380 662304 897235 938144 240281 207789 571422 533661 881442 1101899 674152 208712 260737 891855 996477 349268 591278 1203327 784705 468028 1100525 535851 489108 906034 995426 519145 911050 490521 694158 590853 905565 1114708 332096
818309 955358 1079280 1148590 362240 87051 67427 378297 920942 754754 1002216 538027 467056 235662 651814 717384 941489 1042099 667745 676342 343576 856362 454629 474293 269030 619067 797121 876650 502505 993277 795006 585182 893856 732649 480968 845344 840966 167294 1083197 1321380 160367 196594 753485 604399 939267 1051898 745118 892981 382832 788546 911126 999999999 11440 569814 1284001 221284 950555 924606 558195 749056 458201 268093 361481 868137 794243 936379 806476 976450 359217 217289 1024296 741090 866062 967445 965940 1073700 750731 367213 702992 843675 770018 562290 898969 919653 926773 1182933 448908 926552 653683 1048815 1066644 868313 889250 143822 439307 255098 793285 600002 951403 629600
824138 949615 1078602 1147218 367599 77943 61207 373864 913969 744485 998078 539676 463581 232727 648814 716420 938849 1038193 665613 671604 335412 855156 458971 480285 258239 619111 789828 872950 497035 987423 785716 590004 895964 726460 484018 836650 833603 172523 1082936 1318497 149262 186023 754923 604008 941581 1052031 745267 885550 380196 780307 901341 11440 999999999 564518 1281179 215190 942183 929516 549061 744894 455071 267097 361604 870172 789829 930442 803378 975817 355154 221553 1024090 732748 857888 962899 960959 1072359 755361 363706 693330 835994 770990 566750 892172 915559 931268 1179552 439900 929500 649201 1042934 1065679 870176 884387 149271 431038 249266 789603 602336 954333 621475
710902 386716 607703 649058 469542 493847 503333 194941 372065 444992 441017 341652 135014 342643 155096 292688 414593 483859 205751 111979 265672 388629 443246 521515 415358 289403 266389 325717 68017 425254 381437 511142 569904 172447 393026 379082 308873 489322 626937 777788 478869 438052 433620 262231 616417 614139 364578 359598 218637 305198 513587 569814 564518 999999999 742201 350107 452870 740429 246713 193306 151583 336221 301587 546250 232025 369226 275778 515962 216633 456172 575696 274764 367275 401635 396954 579312 597067 215991 351464 324182 421696 482995 346411 360197 719410 631738 244830 637933 96934 480834 585686 537872 321066 500319 208587 315661 246758 394644 657061 192113
909745 449290 302053 206476 1041615 1219199 1222020 912387 569901 979697 313823 811822 818577 1048464 632458 587330 342896 268156 618568 630598 1007872 452564 955421 1010114 1157356 700608 659396 416515 807749 435848 846669 906878 603072 634220 896234 767473 641886 1160837 332723 38035 1217150 1178115 643339 704229 600243 380189 595138 624091 901180 741646 899205 1284001 1281179 742201 999999999 1077062 706410 821454 918222 548979 826252 1019466 937850 610051 512353 475734 478342 375278 928630 1113065 369807 771006 706509 363503 389447 260343 832585 918151 910986 668083 609628 900409 565324 386287 784500 119013 969560 654628 646497 410527 289659 598485 444392 1179223 942259 1043092 497458 788042 646306 812746
747221 734473 893918 955210 318507 144009 154056 164680 700511 575397 787049 398877 259877 69911 446206 532626 737049 828187 470407 458691 136773 666849 374825 428222 164183 450328 577786 664379 282336 772240 593898 503650 749649 511370 372242 635944 621859 196800 902778 1113906 151335 126874 601792 429950 797555 876714 574450 674101 188709 574989 717818 221284 215190 350107 1077062 999999999 737577 830865 358100 534266 254683 123881 213788 723273 577951 715252 598898 792430 149599 198939 845064 528672 651698 750271 747002 881031 656690 163238 509784 626087 610711 474842 678170 704864 824661 972132 250144 795795 437372 827746 878104 720673 670797 194266 229774 34531 581410 469214 819845 415922
