NAME : synthetic_000684
TYPE : CTSP-D
DIMENSION : 100
GROUPS : 8
RELAXATION_LEVEL : 1
EDGE_WEIGHT_TYPE : EXPLICIT
EDGE_WEIGHT_FORMAT : FULL_MATRIX
EDGE_WEIGHT_SECTION
999999999 639654 501189 780663 802417 379441 446165 822306 586610 272204 235393 405987 667696 677321 171268 279074 351430 645928 315478 273133 844941 120277 623571 888133 732759 495286 707694 323091 537349 361442 727693 713049 412273 101011 872463 275318 451569 24336 622009 169748 630282 412714 286699 442380 422053 314782 678299 387893 317069 765274 671430 677927 597907 894971 775469 110141 978554 118590 133341 685598 507731 438513 482597 677997 560218 497800 86084 359680 30868 278873 722947 933051 37294 635021 805063 563338 692446 406342 633622 674647 270436 691896 131045 838964 825178 187064 222893 273180 392872 523606 329987 461899 911115 654361 279965 690689 656611 198499 567545 705124
639654 999999999 147332 683922 741329 419035 957106 581379 1049776 776843 407345 754648 853748 109137 572699 401347 408091 996033 376321 775853 794222 621675 856184 744430 853054 997648 792709 328389 803705 944528 948220 87905 315788 583918 729604 490014 527884 626020 26577 805640 101365 365629 385783 380793 381811 325092 852190 666681 437121 594831 292457 355848 469979 746522 801850 644331 860577 564964 615868 724578 185832 999726 675933 1134364 799900 1039167 718472 291663 656671 579064 448430 799132 675292 35510 775049 888133 443213 254197 969240 789301 704468 776109 752814 546966 915983 572827 563842 848032 936485 774477 512371 476207 752578 259047 894249 1072045 91043 834727 827735 1029750
501189 147332 999999999 699075 751269 348932 850851 629009 955893 664729 266152 669819 810802 180385 425575 291237 327289 924161 275541 664015 804913 475686 802919 776346 825306 894244 769502 182896 739655 823192 902537 232554 249638 439384 760382 391825 476344 489518 125002 669546 134984 305433 238622 333110 326165 191972 811928 587684 292565 622973 351375 403533 469088 779826 793616 518013 891934 419971 493140 707571 160426 884088 616900 1044003 741400 928538 577143 179172 520517 482817 492971 831557 535783 156576 779252 816767 478463 160241 899376 758738 599413 751918 619928 607120 898633 458481 456228 701094 823131 711644 429009 431551 788918 317926 765116 996122 157963 693232 766638 964602
780663 683922 699075 999999999 60709 434344 725529 169830 715435 657082 709414 492459 332146 792994 870051 565351 469953 560405 539508 654861 110926 866551 380970 108526 267027 735122 211546 721934 406672 820004 406781 662512 482547 819415 93959 512505 329681 756336 697474 853471 775142 437818 771091 399700 417079 653159 319284 437028 866635 101259 400854 335509 232295 115846 159072 688574 204820 816015 654520 155576 539129 816797 343667 759423 377653 810672 855380 594996 768517 506341 251073 153095 810023 648846 101941 487624 245359 572059 531869 241978 583151 207420 792370 230493 278410 594348 558476 1051423 758213 388307 451915 331155 133080 430507 848020 636269 773474 933023 403536 552700
802417 741329 751269 60709 999999999 471177 711942 225557 690015 659285 746935 488014 297536 850266 901140 601648 506825 527275 578051 657047 53657 893717 351491 114392 223229 717594 175465 764893 388948 814816 363670 721895 527743 847434 106485 540589 356464 778202 754218 864173 831258 480272 811613 442738 458894 695383 283369 442494 907095 161724 460458 395250 282308 122169 108297 705933 176415 845368 673258 137147 592092 805494 344929 727879 358250 794565 873998 639406 788242 524703 311689 138856 830078 706422 42921 463267 305200 619274 499683 211300 589659 176035 804530 286475 222210 615359 579527 1070387 749420 374266 477692 366081 139783 489607 849880 600508 830405 945851 381391 513961
379441 419035 348932 434344 471177 999999999 553031 446441 633428 389467 275778 336274 465420 507870 439169 131008 35677 579479 107664 387943 521496 443826 454306 535412 490145 589383 440520 301091 391361 570544 555388 456381 103821 395361 518974 111384 134027 356121 416261 501157 470702 56116 342119 67190 50197 230943 467926 247654 437165 397455 314565 306315 223255 541336 481846 317479 639118 388862 280538 389137 233962 610311 268032 716306 392468 639811 463516 187088 377123 177152 343662 585956 414404 395304 487063 471537 313019 189151 553599 422868 307683 422572 437908 459843 571619 217712 190292 650783 544504 363040 98393 105481 555681 307477 548528 654125 484129 563823 417889 617115
446165 957106 850851 725529 711942 553031 999999999 849417 147215 189642 624159 246000 442808 1028982 617329 560367 554103 280068 581482 189895 730020 561436 381205 824680 531679 49127 548104 708868 323613 145858 444035 1005692 648243 546898 813843 467169 502078 437477 948618 344256 985320 609042 697959 611543 600595 665793 458504 330640 752931 768868 850272 821092 668634 832550 630421 361681 869154 563136 372230 575359 779558 97025 394557 234728 355059 90020 443340 673142 415297 379704 814605 848185 437986 938670 690425 266943 783729 704103 286380 508184 252764 541362 331071 893349 610036 393392 395157 580418 68782 338012 454638 550930 850471 851117 238456 285798 1005545 420245 336017 340951
822306 581379 629009 169830 225557 446441 849417 999999999 858845 751265 702795 605821 492434 689066 880781 569737 478799 715749 537292 749148 264289 889848 535123 173185 434599 865740 375964 693950 545254 926112 572778 542758 457594 841268 161581 547083 385356 798373 599498 922838 679669 428288 751151 391734 412184 630808 480936 533637 844313 83143 289064 227936 224420 173063 328899 745226 284856 833753 708705 311118 471528 935021 455091 911003 519651 937777 903902 566335 816223 568602 136176 224247 855671 545944 268472 633096 152820 532183 686451 401528 670322 368936 859473 60923 447354 644866 610646 1095217 872592 522270 497679 362072 175164 322916 938477 793921 672402 995394 548266 714069
586610 1049776 955893 715435 690015 633428 147215 858845 999999999 318715 747171 298521 397045 1129985 757742 665314 641696 182574 681056 318318 697435 704032 339114 804378 483589 102077 515996 828004 313661 285359 367762 1089635 734745 686399 795969 564501 555007 575844 1044192 491471 1088313 689004 823888 684051 676773 778494 412498 389482 885598 775901 907346 869214 706415 812121 594859 494513 829619 701556 499189 559951 866660 213866 421515 92205 339645 158221 589198 776722 555847 473558 847238 818745 581249 1027931 661196 227811 818361 802061 202075 478761 361359 513990 476500 909195 547176 508515 502550 726770 214118 337891 537619 608098 829579 913407 383199 155154 1106240 566825 312222 232206
272204 776843 664729 657082 659285 389467 189642 751265 318715 999999999 434580 179324 448364 843992 441844 376430 383644 379013 400682 2240 689940 391989 393617 763907 528235 236641 522163 519288 310984 182686 487834 830746 476115 369925 750516 291116 372840 259080 766722 226989 799596 443787 508920 453445 439275 477540 461924 220680 567187 677029 700219 680787 545655 771581 601195 175799 831093 384117 182916 525091 604667 223636 314612 410884 340381 263818 292581 488760 242110 212516 691145 797971 273081 760665 648540 309105 659168 522688 370169 483476 84353 510055 184526 786178 618376 206255 213256 466167 159644 308364 293808 412713 789298 696059 190971 419050 820776 313774 337029 440098
235393 407345 266152 709414 746935 275778 624159 702795 747171 434580 999999999 493144 703717 442057 188297 145717 240116 755937 170071 434414 797024 221924 676904 808448 745530 671117 703007 89422 598040 573422 783932 484657 246652 179269 791913 232048 399489 225159 388412 404566 395059 276489 79963 314502 295183 89972 709813 432092 166672 664965 491118 515189 488986 814050 752506 268275 914226 162104 252110 658934 299039 641617 498621 838812 610421 692891 311383 151635 256215 305194 581584 860057 269650 405912 761989 655352 555388 198439 736061 679511 387322 685275 357993 703846 832626 240779 255739 451334 585466 574953 294895 380947 827668 466940 505986 817565 421233 427614 628490 806790
405987 754648 669819 492459 488014 336274 246000 605821 298521 179324 493144 999999999 271586 839176 560027 385328 347442 262969 394781 177139 515057 523316 220648 596555 349248 270178 343519 563163 135038 327640 322232 791724 438875 489690 584188 280331 260638 386174 750513 403020 799252 391365 573048 385532 378509 504870 284466 91131 650337 526575 612841 579213 423303 604360 423474 295938 656465 498399 279977 351664 570171 329210 151351 380034 162543 335786 450066 492055 380410 191828 568892 626786 419086 731544 473839 163795 538200 512020 243061 304500 136523 332009 353019 648170 439989 257565 237492 636161 267514 129260 242981 312238 622271 616994 365309 328559 815358 489529 163694 314256
667696 853748 810802 332146 297536 465420 442808 492434 397045 448364 703717 271586 999999999 954712 808363 568421 493482 229747 561753 446261 300625 780206 61612 410907 89062 438396 122170 754515 137387 567096 94954 864084 561169 741616 403995 471689 334477 646006 857930 674164 923205 505368 781435 479676 484804 686875 15805 283206 869729 410728 627459 572447 407336 418490 198018 558276 433292 746895 535867 181359 673180 539692 205264 430392 109229 516924 719038 651653 644643 408430 520147 422046 684928 823269 265499 177510 497921 653225 202252 90947 405238 124752 624531 549435 171630 496833 466754 907422 492843 144740 410376 380978 435530 645603 625279 304200 931755 760823 112873 221644
677321 109137 180385 792994 850266 507870 1028982 689066 1129985 843992 442057 839176 954712 999999999 584311 468614 492083 1087345 449310 843220 903223 640192 954090 853190 957608 1071616 897987 354645 897645 1003576 1048668 161706 404189 608342 838445 565719 624702 666991 97759 846621 47090 457417 401386 477096 475510 372171 953863 753700 429842 703901 400630 464523 577399 855191 909407 698294 969250 588098 673510 830737 281697 1064116 771181 1216759 895858 1107781 750128 355840 698054 656500 556934 907797 710879 144470 883708 979392 552245 327971 1061340 893097 776735 881159 798658 652872 1022506 637793 633844 858586 1002792 868770 596294 574667 861009 367558 944734 1161717 23819 865446 922859 1123880
171268 572699 425575 870051 901140 439169 617329 880781 757742 441844 188297 560027 808363 584311 999999999 311244 404625 810002 343631 442629 948299 65268 770214 973466 864609 666456 831310 246293 685232 526104 876680 655745 430582 72101 957133 361399 544977 182791 550481 313759 538087 452626 186953 489085 468723 276659 817308 525207 169704 836370 679321 701763 661085 979598 891121 270524 1073769 61782 280266 798163 485782 605624 611063 849219 704648 666583 198370 339899 202120 401616 764454 1022804 183098 577424 910630 721868 736987 386386 795760 802175 429280 814373 294358 886042 955730 311530 342488 275713 562889 667745 425925 539168 994302 655224 436430 858450 566899 299749 716060 867659
279074 401347 291237 565351 601648 131008 560367 569737 665314 376430 145717 385328 568421 468614 311244 999999999 95419 645768 36491 375546 651479 322694 547114 666028 604619 603228 559813 186369 473204 543664 652768 460727 133240 274119 649555 105295 254451 258505 390422 426262 425151 142424 216760 178022 157557 121276 573291 310740 310135 525821 392531 402461 350125 671859 607303 250035 770125 264877 218015 513832 239555 598617 363582 754164 481558 639839 365145 112775 285136 194368 456676 716848 316160 387355 616294 540594 428071 147519 623069 537973 308315 541978 366979 577077 690140 171483 165251 540599 535896 447755 158678 235568 685981 375363 499339 713850 445189 475082 502640 691544
351430 408091 327289 469953 506825 35677 554103 478799 641696 383644 240116 347442 493482 492083 404625 95419 999999999 597267 72813 382275 557066 411052 479336 570732 521580 592442 473266 267538 412834 562406 582033 451703 94183 362470 554274 94992 166119 328597 403171 480098 453099 64610 307035 90958 70659 197634 496685 261787 401908 431746 330683 328557 256763 576607 516326 296660 674742 355288 260267 423354 226040 606467 292844 726520 416124 639293 436406 158357 351079 174543 372082 621443 387096 386698 522478 489670 342083 167173 572205 454379 304415 455328 417467 490028 604276 199619 176328 621136 541157 385203 104503 140973 590842 320196 534358 670289 468267 539502 440376 637343
645928 996033 924161 560405 527275 579479 280068 715749 182574 379013 755937 262969 229747 1087345 810002 645768 597267 999999999 651991 377604 528019 766116 180646 640435 310657 255122 351901 825807 195847 424589 186080 1022399 683183 738192 633720 540477 472048 629439 994973 593997 1049805 630841 835781 616188 614222 766295 244021 336867 911385 632898 810725 763589 595851 647974 425906 539750 655088 749396 531608 406424 810228 371211 323967 200935 208986 329153 671470 749078 617157 454096 725917 649263 650918 969715 494467 107980 699988 764364 29745 318501 381495 353410 561543 770484 366853 518305 500199 836514 345611 225346 495392 525905 664879 822796 508572 80613 1063608 677818 178396 62630
315478 376321 275541 539508 578051 107664 581482 537292 681056 400682 170071 394781 561753 449310 343631 36491 72813 651991 999999999 399654 628742 357698 544256 638422 592947 623061 545547 195283 473730 571678 648545 431790 96796 309233 621893 116556 238439 294759 367150 461051 407259 109017 234457 146000 126038 125857 565666 315224 329563 495906 356055 366339 319882 644058 589135 282926 744292 299273 249704 496163 207980 623929 358619 768667 479703 662877 401558 97319 321098 207543 422090 689988 352528 360179 594612 545526 393915 122622 628241 525861 328720 527622 401115 543009 676460 198903 187536 576802 560315 447170 157798 213051 657780 339093 530956 722240 425643 511142 502375 695399
273133 775853 664015 654861 657047 387943 189895 749148 318318 2240 434414 177139 446261 843220 442629 375546 382275 377604 399654 999999999 687701 392983 391571 761679 526076 236741 519948 518986 308879 184462 485909 829586 474821 370685 748292 289866 370844 259849 765796 228982 798865 442319 508893 451841 437725 476989 459808 218481 567475 674876 698547 678986 543661 769353 598968 176213 828854 384790 182877 522851 603477 224819 312377 410501 338248 264565 294065 487922 243094 210947 689181 795734 274279 759593 646301 307321 657209 521714 368632 481268 82515 507832 186232 784113 616240 205534 212190 468017 160661 306195 292176 410820 787072 694461 193197 417968 819990 315772 334966 438630
844941 794222 804913 110926 53657 521496 730020 264289 697435 689940 797024 515057 300625 903223 948299 651479 557066 528019 628742 687701 999999999 938960 358714 120143 217739 732210 182936 816818 406580 839276 354775 773431 580437 893178 119578 587088 403352 820842 807357 899857 884579 532337 862726 495016 510819 747137 285416 476941 958122 209056 511751 446379 335917 126636 102610 746207 141408 891772 714438 165174 645747 825056 377899 728869 374982 810064 914575 691818 829654 566307 360900 121438 871582 759237 41416 473701 356218 672334 501735 222276 623656 188658 841321 324518 194905 658010 622341 1110832 771290 395293 523369 416109 141429 541423 879517 597707 883488 982720 395180 508469
120277 621675 475686 866551 893717 443826 561436 889848 704032 391989 221924 523316 780206 640192 65268 322694 411052 766116 357698 392983 938960 999999999 738541 972040 841331 610502 812112 293286 652635 464479 843758 702512 450332 48648 955934 354055 537735 137490 600572 249339 593524 464957 239130 499488 478822 311834 790089 497774 233944 840269 705644 722679 667068 978489 875945 228050 1068374 60485 244893 784125 520185 544948 588586 794860 674115 606920 133561 370824 149893 379848 779362 1019645 123636 623767 900182 682391 750601 418485 753541 780943 388994 795681 233944 899482 933324 287031 320914 229431 504707 637273 416027 538451 993841 683759 372912 810791 621879 235256 683156 825134
623571 856184 802919 380970 351491 454306 381205 535123 339114 393617 676904 220648 61612 954090 770214 547114 479336 180646 544256 391571 358714 738541 999999999 465699 150615 377113 176892 733366 86288 506454 107382 872707 554183 701877 457793 446316 329420 602687 858470 620361 920354 498924 755834 476994 479519 667496 77348 247330 841427 452322 645893 594516 426966 473401 256334 513526 493397 708475 493651 226166 672648 478104 186525 378456 66607 455605 670628 637421 599199 375228 550123 479845 638649 827121 322091 116282 525614 643451 151495 140334 356662 175633 572835 590122 231439 459627 431832 856241 431707 103006 388522 380013 490753 661293 566876 259185 930767 707154 57033 186188
888133 744430 776346 108526 114392 535412 824680 173185 804378 763907 808448 596555 410907 853190 973466 666028 570732 640435 638422 761679 120143 972040 465699 999999999 333055 831333 289220 815126 502407 924126 472301 711843 574492 924572 16572 618292 436667 863798 760701 961923 840177 533616 866930 495281 513795 747595 396422 544438 962221 153381 453046 388672 322138 7870 216217 796893 116363 920507 762682 249353 616048 917526 449642 841256 472000 908035 963456 687042 876443 614653 296543 55257 917860 708933 146666 577650 302091 660166 613159 325627 690954 290388 900881 227707 314781 702164 666325 1159366 860410 486681 558744 434457 25814 485681 954875 712541 835294 1041549 495583 624709
732759 853054 825306 267027 223229 490145 531679 434599 483589 528235 745530 349248 89062 957608 864609 604619 521580 310657 592947 526076 217739 841331 150615 333055 999999999 527400 63574 788100 219494 654228 140521 854283 577932 800409 328034 515095 356119 710174 859941 751838 929546 522626 820872 492351 500981 718772 73279 344866 912196 356523 605920 546324 389529 340346 116844 624986 346042 803897 599605 136230 678867 628494 253550 511327 188575 605938 789432 676937 711575 463109 482668 338725 752696 820813 186407 266537 464587 672292 284995 67284 478220 77989 699653 494045 92501 554787 522347 980903 580780 219988 450859 394720 356669 627914 709199 380093 935351 838060 198764 291655
495286 997648 894244 735122 717594 589383 49127 865740 102077 236641 671117 270178 438396 1071616 666456 603228 592442 255122 623061 236741 732210 610502 377113 831333 527400 999999999 549346 755161 329034 183677 429204 1044074 686607 596002 821256 507758 530119 486502 989867 391037 1028378 645498 745506 645922 635965 710676 454200 358698 801504 784148 880998 849137 693037 839189 631088 410005 869525 612194 419543 582343 818399 117328 413393 186574 359359 78554 491776 715924 464418 418841 837998 851887 487019 978330 693547 260891 807628 745567 266001 509968 294918 544126 379740 911815 601245 438179 438036 624918 112496 347023 491206 580558 857019 883334 281136 249363 1048085 465130 337124 313347
707694 792709 769502 211546 175465 440520 548104 375964 515996 522163 703007 343519 122170 897987 831310 559813 473266 351901 545547 519948 182936 812112 176892 289220 63574 549346 999999999 740754 225677 661705 196864 792148 524044 769461 281949 475543 307159 684441 800244 740710 870898 469352 776573 437512 447452 670898 108384 322679 869302 296269 542634 482816 327092 296867 82390 602358 321052 771494 574444 72656 620624 643716 225200 552421 193786 627298 769324 626099 688442 432264 419380 303444 730107 760118 145304 290951 401052 618796 324220 40117 463994 17948 685555 434597 131106 525179 491285 963374 591596 217733 410425 341434 314092 564963 708487 425962 875944 825868 212505 341240
323091 328389 182896 721934 764893 301091 708868 693950 828004 519288 89422 563163 754515 354645 246293 186369 267538 825807 195283 518986 816818 293286 733366 815126 788100 755161 740754 999999999 658468 662294 839132 409924 240656 256515 798570 288539 433598 313998 307479 492728 307558 284645 64020 322433 306017 70215 759104 494347 150699 666126 455125 489281 493013 820089 782637 356481 925330 237080 338183 690169 250903 729513 549882 919068 667651 779648 395808 128402 345006 371731 565263 868540 356269 331390 784422 722468 542294 163441 804374 721067 466739 722821 447233 687272 871710 319495 328857 520344 672390 633518 345040 404877 832361 427055 595389 890697 334455 511533 688199 873958
537349 803705 739655 406672 388948 391361 323613 545254 313661 310984 598040 135038 137387 897645 685232 473204 412834 195847 473730 308879 406580 652635 86288 502407 219494 329034 225677 658468 999999999 436946 191468 827471 494051 616456 492226 370008 277188 516561 803828 536875 861669 440228 677536 422985 422476 594375 151034 166027 761137 462390 615749 570310 403310 510269 308032 427280 546351 623458 407792 253309 618262 418490 128580 371906 31939 405651 584620 569098 512913 293885 538596 524605 552377 776476 366829 92840 511090 579428 167390 185567 270552 217987 487943 595650 307915 375555 349038 771175 365959 29554 316109 330726 528126 627185 489721 275510 874037 623574 30926 226259
361442 944528 823192 820004 814816 570544 145858 926112 285359 182686 573422 327640 567096 1003576 526104 543664 562406 424589 571678 184462 839276 464479 506454 924126 654228 183677 661705 662294 436946 999999999 580399 1003464 653117 460641 911823 468198 553319 359976 932286 223392 957830 624020 638991 635313 620589 631766 582334 392495 678394 849394 882576 863434 725955 931939 743675 306425 980365 479484 330144 677913 778780 83035 477229 363661 468831 148730 335141 653193 332102 394352 872037 953325 343129 930982 798456 398050 840161 691179 428730 621656 266941 652467 232028 963775 737861 372819 387666 445482 79069 444466 476009 594811 949860 877769 101755 430983 980987 287755 455469 486080
727693 948220 902537 406781 363670 555388 444035 572778 367762 487834 783932 322232 94954 1048668 876680 652768 582033 186080 648545 485909 354775 843758 107382 472301 140521 429204 196864 839132 191468 580399 999999999 959037 652995 807903 467928 552912 426455 707299 952084 714552 1016618 597303 862694 572758 577101 772631 99518 354686 948679 493023 721515 665663 501496 479440 256456 617552 474024 814910 599034 265415 767015 540103 289927 381538 173970 506559 771421 740386 702549 482609 610286 474033 741312 917919 326010 183926 589257 744068 166177 176506 458734 205343 670349 631450 181306 566584 539116 953503 502527 210336 494092 474316 495354 740127 650684 246058 1025624 801198 160717 154734
713049 87905 232554 662512 721895 456381 1005692 542758 1089635 830746 484657 791724 864084 161706 655745 460727 451703 1022399 431790 829586 773431 702512 872707 711843 854283 1044074 792148 409924 827471 1003464 959037 999999999 357520 663075 697952 540182 550398 697961 114035 876290 175155 400642 469313 408057 413355 398837 860934 701671 524160 567747 261754 327206 465115 713075 792205 708890 826627 644701 678362 721550 226349 1054378 698892 1171397 820372 1090169 793962 356904 728146 625989 416381 765384 749361 78805 758438 915277 417325 314176 994612 793190 754675 776416 821223 501558 910161 630658 617779 930264 989956 797944 553535 496749 717229 232475 959099 1100310 153995 910001 849378 1051651
412273 315788 249638 482547 527743 103821 648243 457594 734745 476115 246652 438875 561169 404189 430582 133240 94183 683183 96796 474821 580437 450332 554183 574492 577932 686607 524044 240656 494051 653117 652995 357520 999999999 402300 557940 185189 226707 391473 312494 555644 367619 55819 294519 87331 77002 174173 562400 351096 388971 425742 259317 272385 252432 579436 555335 375082 685155 390839 340332 465735 132082 699425 368960 818704 493780 733205 498354 112643 417516 268592 334951 628017 449311 293192 550044 575219 308853 94843 657157 510965 398007 506247 494749 457194 654441 284168 265487 672238 634366 465429 197153 183214 591730 242511 619698 757945 380475 607617 519959 720123
101011 583918 439384 819415 847434 395361 546898 841268 686399 369925 179269 489690 741616 608342 72101 274119 362470 738192 309233 370685 893178 48648 701877 924572 800409 596002 769461 256515 616456 460641 807903 663075 402300 999999999 908423 307133 491135 110850 563696 256211 561378 416339 207652 450841 430175 268459 751021 458503 220675 792045 658383 674560 618615 930970 831876 198542 1021698 20923 209715 739623 475403 538756 547081 778032 636742 598579 145842 325479 131788 337622 730766 972501 118901 584271 854680 650885 701971 373285 724212 739092 357874 752823 228753 850841 892070 245675 278392 273773 493865 599832 369863 490640 946223 636993 374882 786352 589161 258168 647189 796076
872463 729604 760382 93959 106485 518974 813843 161581 795969 750516 791913 584188 403995 838445 957133 649555 554274 633720 621893 748292 119578 955934 457793 16572 328034 821256 281949 798570 492226 911823 467928 697952 557940 908423 999999999 602269 420931 848127 745671 947366 825046 517047 850358 478712 497236 731026 389759 530727 945650 137431 438586 373995 305576 22561 211474 781667 131827 904279 747338 238924 600045 906277 436552 834358 462098 897693 948046 670496 860958 599440 282155 71215 902330 694119 141947 568827 286896 643705 606164 317497 677019 282198 886172 217757 314378 686644 650823 1143874 848716 475850 542935 418190 39144 471035 941483 706628 820410 1026722 486221 619487
275318 490014 391825 512505 540589 111384 467169 547083 564501 291116 232048 280331 471689 565719 361399 105295 94992 540477 116556 289866 587088 354055 446316 618292 515095 507758 475543 288539 370008 468198 552912 540182 185189 307133 602269 999999999 184131 251315 482163 389859 523813 158792 309988 178437 160187 226096 477782 206050 398341 490601 424188 417698 322760 624830 531101 206258 714571 304798 169247 437721 313876 514635 266576 652203 380141 550286 357125 212878 269706 91014 452101 665597 308651 471670 549245 435464 420866 238212 517871 449834 214848 458098 326549 565377 603607 106382 81339 548437 449886 345448 65292 186993 640401 414818 439584 608741 542020 453946 399887 586578
451569 527884 476344 329681 356464 134027 502078 385356 555007 372840 399489 260638 334477 624702 544977 254451 166119 472048 238439 370844 403352 537735 329420 436667 356119 530119 307159 433598 277188 553319 426455 550398 226707 491135 420931 184131 999999999 427233 529356 538170 591077 170929 470782 147628 150664 363752 335953 171626 564583 318785 352648 319167 172820 443453 353018 364015 530640 488906 328535 259453 343452 575556 148668 629981 272021 591986 528250 320932 440772 183907 318724 482589 481873 499862 366088 365241 286881 319090 444216 288841 289426 289225 475103 415202 438158 266470 230883 723490 510130 247704 122238 54156 459548 358587 555655 550354 601357 612888 300096 502399
24336 626020 489518 756336 778202 356121 437477 798373 575844 259080 225159 386174 646006 666991 182791 258505 328597 629439 294759 259849 820842 137490 602687 863798 710174 486502 684441 313998 516561 359976 707299 697961 391473 110850 848127 251315 427233 999999999 609034 180057 620053 390363 281791 419498 399253 300940 656416 365370 319376 741072 650336 655744 573999 870635 751800 90562 954312 125812 110575 661740 489867 435020 459450 667604 538918 492726 107881 342980 31065 254929 699738 908739 58524 620285 781014 544903 669137 389100 616385 651649 251509 668556 134057 815407 802541 162880 198677 297331 386694 502211 305672 437758 886779 633845 283384 676082 645901 216980 546906 688073
622009 26577 125002 697474 754218 416261 948618 599498 1044192 766722 388412 750513 857930 97759 550481 390422 403171 994973 367150 765796 807357 600572 858470 760701 859941 989867 800244 307479 803828 932286 952084 114035 312494 563696 745671 482163 529356 609034 999999999 788944 80278 364147 363542 381778 381356 308303 856855 663492 412391 610101 310466 372753 479953 763002 811941 630385 876992 544482 602817 732990 185909 989005 676657 1129634 801075 1029720 699791 279155 639832 572016 465517 815592 657297 56039 787107 886999 458847 244532 968539 795546 695853 783432 737112 566736 924783 561728 554262 826061 926272 774763 507671 478605 769517 276601 879795 1070270 76393 816026 828479 1030063
169748 805640 669546 853471 864173 501157 344256 922838 491471 226989 404566 403020 674164 846621 313759 426262 480098 593997 461051 228982 899857 249339 620361 961923 751838 391037 740710 492728 536875 223392 714552 876290 555644 256211 947366 389859 538170 180057 788944 999999999 799624 544527 455566 567954 549051 480701 687347 422957 476636 856547 810087 807374 702626 969308 817030 183714 1039386 276761 220622 734988 663702 306267 522272 577330 565455 371284 115967 519888 149139 354349 839414 1001009 139198 799065 858588 534179 807708 564812 589224 703248 277121 727299 63722 948151 842958 284056 315269 242546 278942 532062 427402 562932 986509 797025 125419 620827 825699 86801 563607 656415
630282 101365 134984 775142 831258 470702 985320 679669 1088313 799596 395059 799252 923205 47090 538087 425151 453099 1049805 407259 798865 884579 593524 920354 840177 929546 1028378 870898 307558 861669 957830 1016618 175155 367619 561378 825046 523813 591077 620053 80278 799624 999999999 421941 354586 443925 440876 326142 922949 714875 385503 689083 390680 452673 554478 842582 885943 652232 956512 541167 627900 804979 250815 1019065 736180 1175679 861009 1063413 703047 312497 651118 614772 545446 895149 663800 135446 863316 941963 538151 287248 1024202 864301 733464 853813 751882 646975 997007 593341 590373 812739 958094 833035 556790 542321 849298 356754 898189 1123368 29591 818392 887485 1087697
412714 365629 305433 437818 480272 56116 609042 428288 689004 443787 276489 391365 505368 457417 452626 142424 64610 630841 109017 442319 532337 464957 498924 533616 522626 645498 469352 284645 440228 624020 597303 400642 55819 416339 517047 158792 170929 390363 364147 544527 421941 999999999 333568 38335 22078 215411 506581 301980 429039 388528 266074 265458 212665 538968 502888 361195 641900 407300 324858 412346 179901 665413 314239 771334 439070 695647 498239 160169 413819 232084 314486 586142 448875 340845 500570 522874 285670 149669 604406 455574 362740 451507 481997 434655 600007 264124 239885 680070 599718 411386 154429 128018 552133 256030 598372 706463 433811 602911 465638 666464
286699 385783 238622 771091 811613 342119 697959 751151 823888 508920 79963 573048 781435 401386 186953 216760 307035 835781 234457 508893 862726 239130 755834 866930 820872 745506 776573 64020 677536 638991 862694 469313 294519 207652 850358 309988 470782 281791 363542 455566 354586 333568 999999999 371867 354031 120429 787146 511683 95554 719827 518078 550532 545105 872159 823038 338121 975410 187124 326016 729788 314684 710246 576182 915768 689437 763762 351841 185155 311983 385053 624385 919671 316711 391296 828959 735315 600451 224480 815997 754422 465392 758738 415717 746693 906848 319646 335594 462538 656301 654163 371471 447477 884987 490444 565139 896973 382806 465719 707909 886749
442380 380793 333110 399700 442738 67190 611543 391734 684051 453445 314502 385532 479676 477096 489085 178022 90958 616188 146000 451841 495016 499488 476994 495281 492351 645922 437512 322433 422985 635313 572758 408057 87331 450841 478712 178437 147628 419498 381778 567954 443925 38335 371867 999999999 20686 253459 479990 294730 467318 350464 248056 239422 174501 500637 468020 384240 603662 442510 347385 378473 195870 672512 295153 764106 419341 699436 527269 196849 441655 241005 281370 547821 477981 353612 463777 508533 251692 182042 589009 425665 370591 419780 504814 400177 567616 284813 257407 711854 606509 393712 159791 98814 513825 242625 615378 693208 453780 629453 446976 648960
422053 381811 326165 417079 458894 50197 600595 412184 676773 439275 295183 378509 484804 475510 468723 157557 70659 614222 126038 437725 510819 478822 479519 513795 500981 635965 447452 306017 422476 620589 577101 413355 77002 430175 497236 160187 150664 399253 381356 549051 440876 22078 354031 20686 999999999 236531 485771 288316 449564 369963 264546 258557 193925 519254 480821 365360 621402 421904 328621 390273 196030 659539 295673 758043 420394 687936 507065 182118 421655 226800 301986 566019 457754 355953 478823 506332 272363 171411 587473 433985 357085 429619 486060 420864 578052 266509 240051 691280 593641 393447 146708 106271 532648 257309 598509 690454 452001 609774 447368 648722
314782 325092 191972 653159 695383 230943 665793 630808 778494 477540 89972 504870 686875 372171 276659 121276 197634 766295 125857 476989 747137 311834 667496 747595 718772 710676 670898 70215 594375 631766 772631 398837 174173 268459 731026 226096 363752 300940 308303 480701 326142 215411 120429 253459 236531 999999999 691083 431937 214882 599755 405036 433258 425520 752709 712422 326127 856983 251834 302129 619976 209348 694253 482878 868563 602234 740737 395130 66020 331641 313111 504812 800669 350766 320494 714491 661556 480416 110183 743926 651659 417814 652959 429100 627224 801909 272509 276032 541196 634434 568731 279052 334673 765313 379559 573342 833362 349924 511172 623702 812652
678299 852190 811928 319284 283369 467926 458504 480936 412498 461924 709813 284466 15805 953863 817308 573291 496685 244021 565666 459808 285416 790089 77348 396422 73279 454200 108384 759104 151034 582334 99518 860934 562400 751021 389759 477782 335953 656416 856855 687347 922949 506581 787146 479990 485771 691083 999999999 292530 876071 399639 622041 566172 402073 403971 182840 569135 417630 755952 546101 170280 672576 555367 211229 444845 121924 532727 730741 654589 655608 416638 511906 406852 696084 821374 250686 193313 490315 655017 216865 79724 417263 112289 637163 538387 157107 505852 475254 919807 508276 156572 415757 381183 420927 640867 639789 317578 931015 773939 127549 233616
387893 666681 587684 437028 442494 247654 330640 533637 389482 220680 432092 91131 283206 753700 525207 310740 261787 336867 315224 218481 476941 497774 247330 544438 344866 358698 322679 494347 166027 392495 354686 701671 351096 458503 530727 206050 171626 365370 663492 422957 714875 301980 511683 294730 288316 431937 292530 999999999 595175 457602 522618 490792 339163 552046 395674 280527 616839 463701 254795 312034 481505 406887 99483 469729 180867 420618 446728 412228 367011 128076 485658 580446 408375 642733 435647 230357 454378 428328 313048 287855 147165 307897 365172 571890 437298 213695 184635 640772 342348 144353 158680 221985 569657 526163 411303 408618 729892 506395 196644 380864
317069 437121 292565 866635 907095 437165 752931 844313 885598 567187 166672 650337 869729 429842 169704 310135 401908 911385 329563 567475 958122 233944 841427 962221 912196 801504 869302 150699 761137 678394 948679 524160 388971 220675 945650 398341 564583 319376 412391 476636 385503 429039 95554 467318 449564 214882 876071 595175 999999999 814634 603161 639419 640263 967403 917312 391744 1070919 200536 387312 823909 396927 754371 664842 977803 774839 811830 363791 278056 346327 467273 715962 1015071 339408 449134 924174 813873 692884 314035 893122 846131 534005 851530 447746 837959 999130 393146 413997 433076 705308 738967 461544 542608 980117 573946 595254 968910 415021 469168 791816 964558
765274 594831 622973 101259 161724 397455 768868 83143 775901 677029 664965 526575 410728 703901 836370 525821 431746 632898 495906 674876 209056 840269 452322 153381 356523 784148 296269 666126 462390 849394 493023 567747 425742 792045 137431 490601 318785 741072 610101 856547 689083 388528 719827 350464 369963 599755 399639 457602 814634 999999999 306327 240964 176038 157051 256512 682404 269160 786178 646515 229415 462666 855662 375347 827879 436586 856806 844704 537742 756933 502603 152388 208585 797317 559433 203163 549982 151721 508886 603550 320001 597594 288170 793688 138748 377693 583505 548423 1038390 793910 439728 436461 303608 167365 337620 865851 711289 685330 931655 465141 632226
671430 292457 351375 400854 460458 314565 850272 289064 907346 700219 491118 612841 627459 400630 679321 392531 330683 810725 356055 698547 511751 705644 645893 453046 605920 880998 542634 455125 615749 882576 721515 261754 259317 658383 438586 424188 352648 650336 310466 810087 390680 266074 518078 248056 264546 405036 622041 522618 603161 306327 999999999 65462 220132 454835 534724 627084 568862 645416 590878 470455 206911 916657 490968 980275 602278 939499 757512 339944 675716 488331 156509 507415 708379 256981 497655 707881 155576 295149 781537 548939 616624 528102 747840 258358 654651 530070 504555 930322 850579 586663 406575 300660 460398 34290 863054 890970 383500 865727 632669 830790
677927 355848 403533 335509 395250 306315 821092 227936 869214 680787 515189 579213 572447 464523 701763 402461 328557 763589 366339 678986 446379 722679 594516 388672 546324 849137 482816 489281 570310 863434 665663 327206 272385 674560 373995 417698 319167 655744 372753 807374 452673 265458 550532 239422 258557 433258 566172 490792 639419 240964 65462 999999999 167904 390687 471408 623661 504745 663223 586790 410289 250148 892177 448920 938851 554606 910915 763600 367244 679245 471949 92773 443296 714237 320340 432793 663038 90163 326113 734116 491328 596493 468873 744201 203985 591990 523989 495487 943057 826304 541751 390437 270868 396823 97043 851303 844136 446798 868049 585194 780373
597907 469979 469088 232295 282308 223255 668634 224420 706415 545655 488986 423303 407336 577399 661085 350125 256763 595851 319882 543661 335917 667068 426966 322138 389529 693037 327092 493013 403310 725955 501496 465115 252432 618615 305576 322760 172820 573999 479953 702626 554478 212665 545105 174501 193925 425520 402073 339163 640263 176038 220132 167904 999999999 327194 332008 522825 433024 611955 486030 256537 310559 745859 284903 773409 386874 758628 679765 365048 592169 350204 146590 375589 631403 436320 310635 496139 115218 340065 566337 330148 462123 311562 638986 245566 446591 421934 388379 870797 680916 375083 275475 139697 339881 239227 727347 676429 556308 773028 417481 612630
894971 746522 779826 115846 122169 541336 832550 173063 812121 771581 814050 604360 418490 855191 979598 671859 576607 647974 644058 769353 126636 978489 473401 7870 340346 839189 296867 820089 510269 931939 479440 713075 579436 930970 22561 624830 443453 870635 763002 969308 842582 538968 872159 500637 519254 752709 403971 552046 967403 157051 454835 390687 327194 999999999 223502 803998 114059 926802 769724 257223 619600 925393 457358 848815 479853 915899 970461 691935 883403 621762 298337 52610 924792 711017 154006 585435 304677 664692 620739 333363 698514 298134 908211 226468 320980 709101 673273 1166323 868262 494552 565475 440701 17953 487637 962550 719948 837436 1048835 503408 631999
775469 801850 793616 159072 108297 481846 630421 328899 594859 601195 752506 423474 198018 909407 891121 607303 516326 425906 589135 598968 102610 875945 256334 216217 116844 631088 82390 782637 308032 743675 256456 792205 555335 831876 211474 531101 353018 751800 811941 817030 885943 502888 823038 468020 480821 712422 182840 395674 917312 256512 534724 471408 332008 223502 999999999 672470 238758 832485 642877 93658 638925 726095 296435 626830 276157 709181 840442 662623 757761 497363 396713 224029 799644 767960 69610 371725 383986 649821 399367 122472 539911 91564 760540 389546 122019 590375 555515 1035661 673900 299336 465915 377908 239868 560677 788773 496688 888278 901470 294632 408498
110141 644331 518013 688574 705933 317479 361681 745226 494513 175799 268275 295938 558276 698294 270524 250035 296660 539750 282926 176213 746207 228050 513526 796893 624986 410005 602358 356481 427280 306425 617552 708890 375082 198542 781667 206258 364015 90562 630385 183714 652232 361195 338121 384240 365360 326127 569135 280527 391744 682404 627084 623661 522825 803998 672470 999999999 882343 210740 37109 584373 489587 373352 377263 586681 450440 425667 168398 353080 86605 182240 657102 839470 127855 633714 705711 454351 625568 394738 526213 568263 160948 587014 120808 767808 717482 101238 134586 364636 318192 413927 247594 383445 820671 614937 250271 588253 675972 250239 457432 597983
