NAME : synthetic_000204
TYPE : CTSP-D
DIMENSION : 100
GROUPS : 8
RELAXATION_LEVEL : 1
EDGE_WEIGHT_TYPE : EXPLICIT
EDGE_WEIGHT_FORMAT : FULL_MATRIX
EDGE_WEIGHT_SECTION
999999999 513524 62115 83850 390400 677083 710900 316013 207991 382214 294641 344329 385473 669001 202074 318084 412458 247324 345651 423203 737391 622301 482250 154006 145965 417043 155728 473387 357497 169548 576893 184773 226979 738588 371931 389780 644588 427074 575473 288253 664363 579236 462972 441521 443418 244761 390769 468200 409998 485005 413661 240763 687538 522142 474038 176659 552566 453032 524654 308933 509536 424045 327055 556410 472210 292006 334317 558160 235515 821912 524805 244807 573973 531113 287973 331827 504733 423723 688867 662520 588307 512143 277536 497660 574093 374451 563539 390863 409265 448044 572140 548201 371134 286349 431204 364229 617109 562541 471471 509489
513524 999999999 572592 534196 516234 434372 360980 198201 688379 531097 492251 720906 170909 514320 714119 814104 806408 585930 413364 806424 459127 428630 721033 434241 601080 838216 436442 343505 406669 489582 877940 435499 442067 493619 242743 123916 403124 739019 833306 385676 179305 68577 415090 923304 253046 679637 642700 172450 709835 204983 533121 391966 306645 250529 400138 489398 42034 110052 92369 615722 293926 192589 202930 664849 62514 340246 684652 508836 533826 436718 966569 755828 117752 976459 344007 748082 656312 236080 425656 163561 497663 78201 764207 331174 378642 863932 365489 454622 830735 302898 773244 729171 744849 474258 585280 395269 877811 771473 486072 959791
62115 572592 999999999 112116 398345 711100 772163 374527 182499 387147 303112 345808 438516 694168 141561 256284 404499 230023 398556 379666 772908 653685 503259 184391 106510 366325 185050 507702 411027 212587 582335 237756 277444 770749 418071 449198 703402 437818 588785 317641 725692 638894 517246 380649 504628 237172 415689 530313 383832 546957 420114 271787 749394 566296 529441 185943 611052 507775 579669 290696 549599 473238 381984 591973 532783 351052 343538 608649 269624 883397 468638 192862 635488 474355 324742 322510 537427 468911 747873 723302 610127 573361 242777 533817 608129 313060 598436 408773 393495 486362 594671 574727 332083 298443 430186 418696 628344 584306 520657 452239
83850 534196 112116 999999999 472706 742998 687912 343554 155589 465177 377251 263344 426990 742283 216618 348613 335494 329325 294300 491763 801485 690956 399165 230994 216765 477240 233215 540529 307506 102654 493843 138147 172321 805961 426492 411245 608486 343408 491624 361969 670009 596315 413831 476672 422534 171244 308621 461449 489784 472242 496232 314401 671100 577307 427784 259954 575120 489024 558803 390987 570191 472543 365571 480384 485774 261580 251076 500419 157848 800334 574875 230425 578759 579760 355735 256935 426624 478732 653326 672358 664083 520454 231102 562754 640634 407315 629324 469782 337737 511410 489528 466917 443475 368137 514864 316542 533301 479720 411687 557005
390400 516234 398345 472706 999999999 380635 852053 388453 580570 21329 95928 734704 349083 324090 480288 493444 800483 200307 642131 347862 444866 315489 860594 246978 323009 405152 244076 221298 648145 532200 966474 515585 557668 425343 273836 441472 844542 815110 960592 155280 694613 578237 732712 548225 628390 632153 766308 597061 219845 630822 24616 186435 806031 336497 733182 214578 533957 407165 458603 173691 291462 326427 346181 903907 520565 551834 723680 843452 605863 943849 530431 559704 628151 542708 194810 718847 861766 286952 881223 674556 233751 568873 634999 251409 292523 516089 290273 65361 791778 238877 946642 916602 295847 104941 69814 647504 1003542 938345 772310 534034
677083 434372 711100 742998 380635 999999999 785364 468020 885034 401726 443601 995797 367488 112248 825869 864563 1074938 569196 777049 724166 64635 65212 1064580 527005 669145 784699 526163 203776 776000 757743 1202694 717647 746940 65782 328201 458721 837479 1050350 1176023 393818 560903 459028 819466 928247 666335 914209 973239 596052 590365 631892 375800 439329 727584 198126 809409 536173 419469 356275 342023 553399 180343 307907 420590 1051503 481804 683601 971618 924319 825735 840788 907449 897571 542539 919980 389123 999064 1027907 280222 859315 529326 170781 512359 952457 180255 103065 892768 113711 330964 1080689 232229 1135641 1096110 675386 437575 415454 768644 1221511 1130739 882619 912735
710900 360980 772163 687912 852053 785364 999999999 470532 813254 863506 806606 756255 506928 872858 902679 1028237 832783 871058 420652 1091730 799513 786847 659423 701532 840002 1107187 704691 702289 406637 599129 818265 551317 526987 839562 583709 410606 132565 722915 752636 704370 236771 326337 324420 1152398 267536 769432 620440 260581 1019275 232817 872035 693872 58932 610852 302349 765064 367128 465311 449194 915050 654906 545768 507017 532041 335699 426340 713130 336525 599056 112647 1226849 914374 244889 1234592 661726 805592 557977 590219 113090 270228 858582 290515 881736 691687 738614 1085215 725715 795943 874327 660060 668628 624196 1030935 787958 921810 393558 788901 672879 383471 1214386
316013 198201 374527 343554 388453 468020 470532 999999999 499106 397557 336177 557808 101920 509482 516004 617101 642080 407406 309795 630017 514765 434549 599524 244299 405978 654387 246944 297687 309717 316787 744381 267238 287689 533744 151632 76301 456183 595436 711984 235858 361007 265275 367964 728899 241820 500097 510521 210922 549368 243218 410314 223462 430105 273799 363014 304381 236605 148274 215843 446758 289080 160722 50887 585464 164821 215632 526609 478500 374620 570094 780376 559603 275468 789603 194112 575697 559976 190109 492836 353837 459456 210986 574648 304252 378411 668003 364572 339127 659478 254240 668014 628139 568413 317540 457291 303501 757523 663411 423162 771707
207991 688379 182499 155589 580570 885034 813254 499106 999999999 568863 485549 189627 581663 874165 162973 289973 229846 403288 397486 503233 945373 829832 378527 359827 270281 467343 361128 681302 411698 216221 421617 268744 286595 946330 576727 566023 719464 293309 442329 494622 817958 749333 512150 412786 555482 79609 309134 604340 541698 610681 602048 447506 803198 727572 530075 368345 729585 644500 714386 460905 716912 625498 520578 503777 638240 393263 204876 577969 221398 925750 535088 117611 726911 536609 495951 149489 443412 628882 764079 822321 791351 670709 75830 705647 782021 345461 771519 590716 212406 655877 468930 460419 469778 480901 609689 423557 476632 457115 489584 512668
382214 531097 387147 465177 21329 401726 863506 397557 568863 999999999 88325 726128 362750 343586 464619 474345 790510 182812 643727 326580 465897 336556 855897 242828 308287 383849 239768 241828 650162 528061 958983 513571 556180 445915 288375 452966 853076 808253 954667 162310 709874 593866 736665 527469 636125 622279 761858 607224 199125 640525 33768 188906 818277 356297 737772 205628 549869 422558 475556 153296 311773 342548 356781 902951 533509 554606 716248 847044 601496 956555 509109 544608 641971 521383 203445 708707 859752 303981 890328 690387 253153 582021 621751 272101 313852 496061 311573 84730 780599 258109 942668 913414 274535 100556 60431 649973 997291 934162 774512 512710
294641 492251 303112 377251 95928 443601 806606 336177 485549 88325 999999999 638881 321362 403730 392374 420991 704597 126559 561408 322256 508149 380183 767667 155208 233709 367129 152055 256731 568523 440060 871094 426963 470006 495391 254532 399675 786174 720113 866356 106591 671266 558403 658446 492061 567767 536262 673697 547001 217704 578438 119026 114461 764742 357021 660908 118656 516590 388611 449932 129131 320118 315265 301966 816998 485257 474628 628315 767865 513390 904367 496859 469950 596610 508281 148826 622998 772871 284142 825086 655117 315367 534121 541613 287607 346254 451133 340569 114704 696317 257826 854635 825737 262742 18652 143252 569122 909020 846060 692932 495931
344329 720906 345808 263344 734704 995797 756255 557808 189627 726128 638881 999999999 654752 1002527 352317 474330 85504 575715 342905 692491 1051645 947101 198295 494291 446903 656774 496543 796258 355778 241936 236843 290813 278839 1060083 670845 609258 642643 105059 252703 623867 815825 771868 433123 591387 528978 112871 155530 597089 724017 591860 757863 576535 759946 818565 454660 520528 762865 705256 768523 635954 818523 707788 593072 344597 662446 384839 43231 466019 187094 864901 719381 295119 729016 719939 614127 61211 283773 722102 684684 827692 926203 683318 201056 816186 894889 526928 882851 733112 118393 763656 284793 283372 657219 630634 773237 369581 287738 272537 386800 695988
385473 170909 438516 426990 349083 367488 506928 101920 581663 362750 321362 654752 999999999 415660 577092 663870 738184 418523 409568 637237 413039 337433 701443 277691 448172 671738 279318 210446 408579 412851 845719 365623 388549 433068 76792 104303 516899 696095 813883 214808 350086 237337 458074 766173 316016 590516 612276 262860 538926 299188 367508 223920 458523 171990 450482 326844 196825 72691 143555 445588 190500 59593 62112 684239 172183 316522 625061 566499 473889 595282 800979 629785 279221 811259 173430 669163 660614 95642 548750 333881 374211 220025 656093 211226 281402 710210 267386 290078 752910 165819 769554 729350 575860 303417 418736 401454 859423 765081 517756 795500
669001 514320 694168 742283 324090 112248 872858 509482 874165 343586 403730 1002527 415660 999999999 795704 817491 1077709 523057 817810 651470 155678 86027 1090787 515102 636982 716127 513552 214473 818620 771927 1220038 737822 771713 116797 359273 515951 913817 1066493 1199871 380906 656232 548332 873708 868120 728425 912355 997327 664888 515804 701506 312890 428529 816306 264597 866039 510716 505929 422443 423872 496472 228072 358082 459120 1093829 554337 722451 982555 982015 843249 935591 833556 871951 628059 846318 388584 998920 1064761 320697 939126 625910 90448 590453 936848 205306 137274 839429 151137 289599 1078018 255868 1167174 1129990 608108 402289 342704 812852 1244967 1161207 932173 841330
202074 714119 141561 216618 480288 825869 902679 516004 162973 464619 392374 352317 577092 795704 999999999 135912 383470 283945 508869 343086 889288 765273 540300 310061 158732 304457 309751 625523 522422 315327 580946 354755 387586 882212 550817 590759 825088 456278 604888 434433 866395 780454 628230 264160 635911 242163 466184 667508 397009 682017 498344 392535 883277 695572 643091 289724 752450 647348 719294 332793 674172 608425 521990 657818 674124 476971 367138 708786 350775 1014784 376576 82143 775905 379230 449605 307541 598653 600176 869935 864537 707734 714210 177281 653641 724087 194565 715704 506107 355024 609606 631218 620912 315101 393506 494369 532072 638265 619521 619382 355507
318084 814104 256284 348613 493444 864563 1028237 617101 289973 474345 420991 474330 663870 817491 135912 999999999 491578 295807 642593 256800 929130 800888 668002 386431 215818 199648 385012 673694 655948 449365 692518 485876 520790 915174 624980 693300 955908 579375 724091 490063 975361 881995 762117 128516 760717 369282 598193 785646 350803 803072 506280 455976 1005620 759797 776369 346033 850104 736193 807411 323736 730986 686108 614515 791431 780109 605076 494273 844376 486686 1139617 245348 179730 886332 246640 514999 423086 731719 670238 1000634 970481 727193 823062 280320 703804 766781 58879 760476 534230 454594 666170 757685 750356 252101 428011 488169 665143 754188 745682 754994 222695
412458 806408 404499 335494 800483 1074938 832783 642080 229846 790510 704597 85504 738184 1077709 383470 491578 999999999 631375 424621 726452 1131716 1024808 226775 565384 499218 683838 567385 874021 437062 325502 201077 375532 364342 1138762 751794 694486 715491 128851 241272 697438 899874 857247 508463 598831 611940 168337 217063 681401 771413 675222 822995 649846 839078 900464 530445 585962 848369 789816 853553 689921 898843 790432 676319 386785 747921 470018 124350 530499 272590 939919 732442 313671 813570 731499 690340 81997 328848 803389 756414 912254 999394 768492 211530 894905 973380 539074 961613 803302 52355 842716 298303 309727 697029 697726 834684 450899 265288 285760 456593 707814
247324 585930 230023 329325 200307 569196 871058 407406 403288 182812 126559 575715 418523 523057 283945 295807 631375 999999999 569854 222625 633814 505257 728391 170393 133482 253339 167087 382854 579507 414093 812343 417114 461451 619369 361729 479470 832789 667236 817749 213266 761763 654021 679062 366575 615978 465919 637781 611119 165717 638483 216160 194605 834970 479057 685601 106414 615109 489868 556262 61667 444668 424293 385074 801568 568506 495144 573068 783207 482551 974848 382989 365147 680692 393591 248508 549560 751271 398912 874467 749316 433133 616477 448378 413599 472680 324578 467116 238490 615364 381181 818851 795507 161009 136317 210787 583101 857879 809030 701044 378953
345651 413364 398556 294300 642131 777049 420652 309795 397486 643727 561408 342905 409568 817810 508869 642593 424621 569854 999999999 766900 821374 744241 307673 412314 491027 762631 415801 604131 14229 193547 465772 161114 122016 842633 458537 327298 322023 334307 420026 491471 478623 451800 119542 770849 188461 349009 233094 263647 735111 252502 666534 455696 418831 580689 134489 470724 453210 434095 482036 627516 598809 469143 359211 276025 351019 95613 300880 213954 178881 532142 867016 505602 395970 872453 460368 387639 251610 499851 366710 493901 762046 359652 462928 613129 688127 701390 674320 610263 461056 561943 364154 321993 712178 545439 702935 27181 464704 361112 132037 850030
423203 806424 379666 491763 347862 724166 1091730 630017 503233 326580 322256 692491 637237 651470 343086 256800 726452 222625 766900 999999999 787299 659097 872136 390264 277383 71299 387147 565806 778038 590571 923801 607213 650052 762273 575199 701955 1047662 794592 944982 425171 983346 874083 881725 237334 833144 580182 789765 832502 135732 858925 349004 414511 1056822 675176 890682 327109 834030 707214 770974 193343 634108 636797 606970 971127 790857 701904 702464 980455 649171 1196550 183285 416039 903092 195823 464425 650371 915605 606388 1090254 969980 563430 838953 517660 596621 640117 240529 638126 408151 696065 575368 963965 948395 61726 338297 309834 783548 979863 952825 894457 189863
737391 459127 772908 801485 444866 64635 799513 514765 945373 465897 508149 1051645 413039 155678 889288 929130 1131716 633814 821374 787299 999999999 129421 1113803 588583 732951 848418 587861 265224 819483 812134 1254794 770310 797866 48640 381358 497996 860668 1103180 1225864 456264 568906 474986 856886 992701 700350 972498 1023517 626496 653036 661444 439494 501181 740972 241065 845571 599566 438928 392555 367528 617839 233166 354091 469261 1093938 511256 729351 1026291 959282 878799 847122 970544 960356 560776 983118 449571 1056750 1072897 331301 879672 536237 228950 537233 1013586 239739 165281 957398 174477 395599 1138855 290117 1182575 1142172 739158 501954 478008 811430 1271402 1178119 922179 976189
622301 428630 653685 690956 315489 65212 786847 434549 829832 336556 380183 947101 337433 86027 765273 800888 1024808 505257 744241 659097 129421 999999999 1024604 470430 607813 719493 469369 150851 744252 711671 1158742 674142 705687 117198 287746 435195 828995 1005684 1135041 336075 570783 462355 794882 863285 646787 862123 932111 581340 525505 617838 310608 382575 730279 179730 786370 475949 419902 338800 337934 488423 147180 278609 385129 1020013 469789 649492 924602 902137 781292 849909 842381 838172 542068 854898 335354 947736 993353 244442 853774 540728 112326 505070 895896 133173 56152 828350 70086 266797 1028554 186170 1098413 1060055 610177 374879 350720 737802 1180390 1092962 855182 847568
482250 721033 503259 399165 860594 1064580 659423 599524 378527 855897 767667 198295 701443 1090787 540300 668002 226775 728391 307673 872136 1113803 1024604 999999999 613619 609517 842791 616543 877094 314886 328649 162388 353980 319160 1130313 737395 630038 531936 99394 113057 728652 773442 758045 344974 787849 486257 298939 94658 566769 886906 549704 884910 684267 677498 873167 367081 654460 760829 735576 787732 790030 884256 759845 644627 162247 658690 389095 173741 331396 254849 758658 913329 490524 696758 914518 708589 257612 109540 784359 568255 792499 1024002 665679 399200 891447 969414 722216 956175 846034 279039 838549 91861 85387 831129 755976 909060 326991 158404 81084 277273 890554
154006 434241 184391 230994 246978 527005 701532 244299 359827 242828 155208 494291 277691 515102 310061 386431 565384 170393 412314 390264 588583 470430 613619 999999999 170617 410521 3513 323426 420540 285348 722329 272174 315590 587258 241725 319346 662763 569948 714095 134796 604467 502795 515754 489758 445630 398361 519369 442301 328936 468766 271298 87857 666826 385589 520628 63987 467795 350226 421136 220835 366089 301191 231589 662501 408670 330782 479925 622804 358931 806418 536077 374495 519764 545320 140835 485322 617768 290278 704235 595278 434411 455280 425581 349429 423973 432613 414130 238839 563263 302354 699929 670619 329407 142475 298296 422514 757348 691516 544348 527568
145965 601080 106510 216765 323009 669145 840002 405978 270281 308287 233709 446903 448172 636982 158732 215818 499218 133482 491027 277383 732951 607813 609517 170617 999999999 273058 169199 470804 502591 313512 683719 330522 372943 724513 410101 482241 782820 541964 693281 281420 766571 669362 607436 322932 574587 335528 522198 587717 278325 609232 342049 243286 811586 548514 617634 135101 636100 520593 591682 190718 523125 470760 399934 697120 570447 431792 447706 703976 374584 948998 387133 236769 679168 394642 302066 417669 643245 456551 826524 759753 549036 615107 315423 499738 568081 262996 560251 347389 482057 458166 701023 681230 226886 234857 342903 508808 732046 690588 617433 374408
417043 838216 366325 477240 405152 784699 1107187 654387 467343 383849 367129 656774 671738 716127 304457 199648 683838 253339 762631 71299 848418 719493 842791 410521 273058 999999999 407725 618398 774538 578848 883465 601582 642833 825234 614419 728474 1055033 760622 909303 464877 1012619 906520 879907 166087 844286 546170 764447 850541 202733 874807 408932 447843 1075385 723836 890488 350328 868138 743200 809431 239337 685061 676818 636205 950972 817867 704751 670581 974391 631954 1214300 130066 370390 929576 141218 501568 610717 893725 649457 1098469 1001281 627184 865116 472765 649419 697417 174434 694533 462303 650095 624264 934204 921655 109354 381452 373459 781184 942215 922691 886782 129477
155728 436442 185050 233215 244076 526163 704691 246944 361128 239768 152055 496543 279318 513552 309751 385012 567385 167087 415801 387147 587861 469369 616543 3513 169199 407725 999999999 322665 424037 288346 724854 275465 318917 586254 242493 321871 666152 572547 716858 133537 606952 505005 519266 487795 448972 400236 522323 445384 325456 471939 268367 86871 669871 385829 524136 60673 469838 351897 422706 217367 365896 302202 233704 665807 411220 334294 482395 626313 361894 809488 533442 374707 522396 542723 140635 487226 620991 290791 707599 597627 432596 457910 426560 348841 423152 430911 413392 236569 564989 302031 702943 673721 326244 139481 295092 426020 760069 694505 547836 525044
473387 343505 507702 540529 221298 203776 702289 297687 681302 241828 256731 796258 210446 214473 625523 673694 874021 382854 604131 565806 265224 150851 877094 323426 470804 618398 322665 999999999 605357 561390 1008955 525055 557934 265546 146178 314402 724565 855697 986766 191386 511051 394405 664822 748782 526434 711758 783981 470943 440948 507607 227746 235957 649503 118719 658603 336243 348916 237027 265868 379510 70688 159010 246876 880051 369036 508619 773965 774558 631572 779959 746441 695477 461240 758383 185527 797160 850355 115795 754363 485944 163776 411964 748730 31052 100725 706896 90749 157934 878238 44627 952829 915526 510414 246835 278876 600034 1031994 946953 720803 747871
357497 406669 411027 307506 648145 776000 406637 309717 411698 650162 568523 355778 408579 818620 522422 655948 437062 579507 14229 778038 819483 744252 314886 420540 502591 774538 424037 605357 999999999 207151 474064 173341 135189 841484 459465 323901 307832 344767 426743 496655 467717 443488 106428 784143 177316 363137 242813 253999 744542 241509 672480 461756 405309 579126 120726 479599 446110 430804 477119 636774 598370 468171 359605 275804 344206 98291 313567 203738 193064 518049 879604 519672 385951 885127 464736 401107 254430 499810 352533 483580 764141 351192 477145 613660 688108 714721 674248 615090 474028 562828 368542 325717 722972 552343 709586 13837 471152 365952 124425 862768
169548 489582 212587 102654 532200 757743 599129 316787 216221 528061 440060 241936 412851 771927 315327 449365 325502 414093 193547 590571 812134 711671 328649 285348 313512 578848 288346 561390 207151 999999999 448114 54844 73204 822643 430790 372553 512174 294576 431927 401571 606047 545942 312924 577761 339290 190887 234176 389903 578439 394777 556588 356344 587312 577208 327867 329807 531551 464823 529884 475204 579032 465980 351137 387567 434637 177067 214177 397767 73818 711769 677527 315860 515621 682380 384708 259908 337597 481487 557063 612649 700574 462458 288743 579368 658198 508214 645717 517898 343453 526426 414607 386210 540025 427820 582391 217108 476170 406170 309055 659587
576893 877940 582335 493843 966474 1202694 818265 744381 421617 958983 871094 236843 845719 1220038 580946 692518 201077 812343 465772 923801 1254794 1158742 162388 722329 683719 883465 724854 1008955 474064 448114 999999999 485068 457374 1268062 874516 781493 688930 153618 74487 847114 935603 917489 507121 799342 647640 348743 236018 727388 960495 711345 990063 800670 838421 1015908 529138 753542 918359 885313 940818 872725 1022757 902733 786613 297656 815935 540984 242794 485341 377451 914690 933428 514023 858111 932366 832502 273437 260719 923589 723251 954302 1147992 825237 412260 1025932 1104637 740109 1091861 960404 243353 972873 164314 201401 891382 861756 1007733 486658 71128 155448 438364 908722
184773 435499 237756 138147 515585 717647 551317 267238 268744 513571 426963 290813 365623 737822 354755 485876 375532 417114 161114 607213 770310 674142 353980 272174 330522 601582 275465 525055 173341 54844 485068 999999999 44373 782995 389514 319743 470420 332883 462063 376368 551468 491301 279491 613444 288333 245684 259844 335938 582807 342053 540182 333563 537030 532923 291944 324125 477504 414446 478145 476744 537841 420525 304668 390374 380061 125810 259533 373454 108656 663908 706388 363338 460935 712028 354717 312907 346225 439012 515241 557853 670027 407614 342287 541140 619745 544366 606889 495026 396063 488073 434967 402281 553621 413072 570212 180980 507146 427713 287335 689782
226979 442067 277444 172321 557668 746940 526987 287689 286595 556180 470006 278839 388549 771713 387586 520790 364342 461451 122016 650052 797866 705687 319160 315590 372943 642833 318917 557934 135189 73204 457374 44373 999999999 812554 419013 332133 438989 307750 429410 416000 545203 493837 241522 648958 270256 251484 226476 326828 627132 328240 582282 374299 516851 558552 255619 368309 484028 431811 492182 521116 566651 445359 329244 346998 383844 110975 243269 331564 91781 639579 745450 388861 456020 750748 392284 309047 304351 467036 483880 554191 706224 406691 357051 572514 650689 579549 637560 535169 390229 519554 397028 362666 597001 455799 613243 144492 474817 390371 244493 728241
738588 493619 770749 805961 425343 65782 839562 533744 946330 445915 495391 1060083 433068 116797 882212 915174 1138762 619369 842633 762273 48640 117198 1130313 587258 724513 825234 586254 265546 841484 822643 1268062 782995 812554 999999999 393680 523257 896471 1115587 1241705 453109 611115 513825 883766 973314 729558 977204 1038894 657953 627071 693483 417554 499407 781291 262959 873363 593047 476067 419827 401357 599032 246057 373509 486371 1116887 543171 749298 1036358 987968 890967 890193 945119 955340 598739 957803 451000 1062408 1093581 345967 916933 578784 199200 571808 1012814 243916 165408 940858 177233 381133 1143696 296480 1201418 1161856 716387 490884 452455 834030 1287186 1196521 947449 951872
371931 242743 418071 426492 273836 328201 583709 151632 576727 288375 254532 670845 76792 359273 550817 624980 751794 361729 458537 575199 381358 287746 737395 241725 410101 614419 242493 146178 459465 430790 874516 389514 419013 393680 999999999 178072 591136 722331 848357 150095 421724 306409 519317 719681 385447 595847 645456 337510 470362 373440 291561 170975 535227 150927 513715 280173 263317 135160 195775 382044 148395 62641 100763 734556 248853 363196 644960 629497 497770 671668 744384 610910 354532 755161 113504 678431 706161 52249 623950 403203 308013 296415 648778 155116 232167 667554 218819 213702 761367 103406 810667 772412 514539 237468 343224 453963 893797 805238 574648 740676
389780 123916 449198 411245 441472 458721 410606 76301 566023 452966 399675 609258 104303 515951 590759 693300 694486 479470 327298 701955 497996 435195 630038 319346 482241 728474 321871 314402 323901 372553 781493 319743 332133 523257 178072 999999999 413163 636813 743095 295195 285194 189729 360828 805145 212838 560777 545577 159443 615876 195415 461664 290464 365867 260621 351421 378149 164050 106907 160200 515774 288310 158153 97714 596440 89410 241079 575181 467015 422835 505037 855151 631920 201288 864538 252332 632376 578328 198884 445941 277540 478050 137007 641833 313401 379813 744301 365756 386340 715730 269801 691360 649263 640245 381079 511213 314916 788371 688032 424379 846911
644588 403124 703402 608486 844542 837479 132565 456183 719464 853076 786174 642643 516899 913817 825088 955908 715491 832789 322023 1047662 860668 828995 531936 662763 782820 1055033 666152 724565 307832 512174 688930 470420 438989 896471 591136 413163 999999999 600636 622067 690827 330230 389598 211017 1082891 218599 667939 499978 254058 989829 217761 866496 671714 169661 649330 190912 726639 422027 492408 495491 882606 687800 565633 500915 400023 359569 352587 599433 204846 499539 226897 1168631 826983 302815 1175318 649868 695296 428228 608938 44893 361407 886778 325147 783764 719476 776762 1014165 763104 794552 759468 680374 537078 492991 988594 767849 913095 296334 657520 541673 259937 1153936
427074 739019 437818 343408 815110 1050350 722915 595436 293309 808253 720113 105059 696095 1066493 456278 579375 128851 667236 334307 794592 1103180 1005684 99394 569948 541964 760622 572547 855697 344767 294576 153618 332883 307750 1115587 722331 636813 600636 999999999 151442 693708 812428 783174 399831 696147 522009 214673 103743 597796 820218 586233 838897 647399 734536 865214 422231 603330 780235 738766 796903 728322 870693 752339 636193 257941 677927 399013 94301 408450 224620 827002 824440 400165 730250 824979 678884 160993 200221 771879 639867 828198 994401 691777 304943 873022 951787 631935 939104 807523 180699 819986 180718 184257 757368 710230 858256 358261 190657 168310 340771 801030
575473 833306 588785 491624 960592 1176023 752636 711984 442329 954667 866356 252703 813883 1199871 604888 724091 241272 817749 420026 944982 1225864 1135041 113057 714095 693281 909303 716858 986766 426743 431927 74487 462063 429410 1241705 848357 743095 622067 151442 999999999 833489 880263 869043 448269 836705 595568 364818 202938 676951 971574 658399 984647 788183 775378 985445 469795 750787 872852 848606 900702 878997 995681 872086 756604 226187 770889 502143 245587 417500 358582 846686 967980 544365 805758 967809 815406 301047 195214 895873 654999 900468 1131320 776680 445203 1001872 1080097 774641 1066968 949522 289892 948881 90357 130127 908542 855665 1005983 438521 45544 82432 377238 943949
288253 385676 317641 361969 155280 393818 704370 235858 494622 162310 106591 623867 214808 380906 434433 490063 697438 213266 491471 425171 456264 336075 728652 134796 281420 464877 133537 191386 496655 401571 847114 376368 416000 453109 150095 295195 690827 693708 833489 999999999 564675 451974 578406 576322 473830 531519 634015 446338 324273 479067 178622 47640 660988 270022 578369 146319 410462 282749 345839 232185 241826 212121 197683 758574 379523 399322 606426 689424 474993 800228 594923 504138 490494 605852 42880 618199 719770 185715 728299 548636 302339 428391 559862 219208 291076 528099 281969 119531 697113 176843 811268 778402 364447 88620 222536 495229 877719 803834 620232 591870
664363 179305 725692 670009 694613 560903 236771 361007 817958 709874 671266 815825 350086 656232 866395 975361 899874 761763 478623 983346 568906 570783 773442 604467 766571 1012619 606952 511051 467717 606047 935603 551468 545203 611115 421724 285194 330230 812428 880263 564675 999999999 117304 433227 1089459 290421 795495 709883 219002 888930 226208 710874 569002 178098 404488 412636 662468 162700 287450 245231 793760 452916 368927 376716 681514 196206 434446 775529 496995 634006 279928 1139910 898871 91250 1149425 522741 852895 689121 410926 334397 33501 654917 152425 892761 494107 527682 1027611 515963 632220 931866 473642 807302 761647 921659 653181 763302 454175 921997 808328 506222 1131978
579236 68577 638894 596315 578237 459028 326337 265275 749333 593866 558403 771868 237337 548332 780454 881995 857247 654021 451800 874083 474986 462355 758045 502795 669362 906520 505005 394405 443488 545942 917489 491301 493837 513825 306409 189729 389598 783174 869043 451974 117304 999999999 436387 991728 276253 736745 684226 193298 775675 218273 594120 459808 268724 290731 419002 557922 45519 171394 129215 682867 338067 252060 271505 688888 111433 387626 734179 520653 585416 389182 1034992 820261 86815 1044917 410767 802175 686052 293717 405488 96834 541312 92374 825074 378411 416403 932125 404112 515440 883990 356486 804208 759313 812573 540591 646657 431111 912796 803405 509383 1028308
462972 415090 517246 413831 732712 819466 324420 367964 512150 736665 658446 433123 458074 873708 628230 762117 508463 679062 119542 881725 856886 794882 344974 515754 607436 879907 519266 664822 106428 312924 507121 279491 241522 883766 519317 360828 211017 399831 448269 578406 433227 436387 999999999 890388 162148 457685 296657 244557 843013 218450 756599 547860 334970 621420 22425 576822 449748 464439 497565 734846 647704 516322 418794 252614 354375 184985 389900 111394 290942 431860 985874 622742 364053 991461 542914 484674 255899 553145 254538 455190 827321 346466 574317 668846 739069 820922 725017 694120 550735 620785 374116 328486 825790 641456 796809 98745 489230 375118 73571 969139
441521 923304 380649 476672 548225 928247 1152398 728899 412786 527469 492061 591387 766173 868120 264160 128516 598831 366575 770849 237334 992701 863285 787849 489758 322932 166087 487795 748782 784143 577761 799342 613444 648958 973314 719681 805145 1082891 696147 836705 576322 1089459 991728 890388 999999999 884938 490962 721920 906139 363902 925153 556077 548706 1127961 844976 904446 440334 957497 838863 908786 374863 811243 782026 721193 916288 893367 731241 614721 972852 614815 1263225 138104 297460 1001758 134698 606806 536704 856112 761222 1127535 1082623 778044 937830 391923 779668 835520 69649 830971 598771 556965 747649 876110 871381 263538 502847 526987 793194 863926 863898 883461 112096
443418 253046 504628 422534 628390 666335 267536 241820 555482 636125 567767 528978 316016 728425 635911 760717 611940 615978 188461 833144 700350 646787 486257 445630 574587 844286 448972 526434 177316 339290 647640 288333 270256 729558 385447 212838 218599 522009 595568 473830 290421 276253 162148 884938 999999999 520697 419598 83068 771605 64233 650836 453327 248800 469531 147275 509610 287692 310092 337130 664670 500462 370974 289469 413456 192893 162578 487732 258983 352859 379070 961720 651246 210509 969133 433600 569908 409997 411387 258881 307026 690210 185081 627094 526228 591836 817683 577805 580829 646364 481812 528326 483272 773340 549495 696359 163754 638645 527851 234007 948559
244761 679637 237172 171244 632153 914209 769432 500097 79609 622279 536262 112871 590516 912355 242163 369282 168337 465919 349009 580182 972498 862123 298939 398361 335528 546170 400236 711758 363137 190887 348743 245684 251484 977204 595847 560777 667939 214673 364818 531519 795495 736745 457685 490962 520697 999999999 231836 577875 611754 579643 654700 483880 764428 746231 477085 417625 721514 648128 715537 525501 740766 639199 528452 427256 625386 362312 125267 513915 170396 881128 614523 193899 705522 615907 526820 87082 366480 647981 711974 802986 832755 653213 118413 733958 811877 424241 800547 635544 166494 682496 389338 381102 544367 529437 667058 375989 400569 377544 427255 591954
390769 642700 415689 308621 766308 973239 620440 510521 309134 761858 673697 155530 612276 997327 466184 598193 217063 637781 233094 789765 1023517 932111 94658 519369 522198 764447 522323 783981 242813 234176 236018 259844 226476 1038894 645456 545577 499978 103743 202938 634015 709883 684226 296657 721920 419598 231836 999999999 496665 798090 483823 790663 589610 631053 783446 319014 561270 683417 649784 704804 699445 792909 670082 554320 195572 580949 304966 116672 313776 160446 725634 842366 425571 628762 844474 614217 215859 134660 693162 540201 726330 929809 592325 343860 798941 877160 654405 864036 751380 264342 745956 181617 159089 746291 661795 815443 256089 248345 172524 240254 820599
468200 172450 530313 461449 597061 596052 260581 210922 604340 607224 547001 597089 262860 664888 667508 785646 681401 611119 263647 832502 626496 581340 566769 442301 587717 850541 445384 470943 253999 389903 727388 335938 326828 657953 337510 159443 254058 597796 676951 446338 219002 193298 244557 906139 83068 577875 496665 999999999 758763 36758 618096 433709 224846 402045 228500 505460 205365 242556 260012 654489 437272 312269 250945 496416 115294 215877 557110 336422 415066 364142 972584 691856 132652 980862 404115 633932 492769 355192 286550 231152 633729 102050 678222 466991 527629 840854 513752 544119 712897 426614 610979 566036 771438 528378 666447 241012 720370 610299 316907 961408
409998 709835 383832 489784 219845 590365 1019275 549368 541698 199125 217704 724017 538926 515804 397009 350803 771413 165717 735111 135732 653036 525505 886906 328936 278325 202733 325456 440948 744542 578439 960495 582807 627132 627071 470362 615876 989829 820218 971574 324273 888930 775675 843013 363902 771605 611754 798090 758763 999999999 788544 217478 326075 979396 554539 848801 266405 733404 605234 664264 108248 510761 529480 518372 965986 702388 658452 725989 948117 645446 1119322 318053 477914 814019 330752 366479 691053 914731 494780 1030458 872461 428041 751212 573351 471210 509297 351945 508233 283401 748794 455479 978113 956671 101900 235935 175032 747796 1010105 967896 866512 325578
485005 204983 546957 472242 630822 631892 232817 243218 610681 640525 578438 591860 299188 701506 682017 803072 675222 638483 252502 858925 661444 617838 549704 468766 609232 874807 471939 507607 241509 394777 711345 342053 328240 693483 373440 195415 217761 586233 658399 479067 226208 218273 218450 925153 64233 579643 483823 36758 788544 999999999 652142 464598 202818 438432 200738 532373 235272 279107 294308 683426 473963 348991 285144 471064 150335 218029 550921 304800 413521 339874 995415 702383 147397 1003401 437152 631551 470985 391838 251222 243023 670458 130579 683482 503748 564238 859039 550375 578770 708866 463248 589500 544195 798172 559861 700013 227973 701144 589450 291767 983539
413661 533121 420114 496232 24616 375800 872035 410314 602048 33768 119026 757863 367508 312890 498344 506280 822995 216160 666534 349004 439494 310608 884910 271298 342049 408932 268367 227746 672480 556588 990063 540182 582282 417554 291561 461664 866496 838897 984647 178622 710874 594120 756599 556077 650836 654700 790663 618096 217478 652142 999999999 210852 825371 344963 756880 237419 549510 423564 472747 183687 298403 342060 367154 928518 539446 576039 747273 867423 630221 962731 532199 578373 646089 544642 217306 741265 886370 301392 902834 690096 222488 587521 655359 256950 291858 526599 290788 78682 813608 249286 971077 941129 299665 129021 52859 671755 1027514 962749 796600 536991
240763 391966 271787 314401 186435 439329 693872 223462 447506 188906 114461 576535 223920 428529 392535 455976 649846 194605 455696 414511 501181 382575 684267 87857 243286 447843 86871 235957 461756 356344 800670 333563 374299 499407 170975 290464 671714 647399 788183 47640 569002 459808 547860 548706 453327 483880 589610 433709 326075 464598 210852 999999999 653344 305243 549302 109987 420540 295449 362788 225501 281643 233381 193627 719051 378163 365775 559563 658148 429998 793252 577220 460167 490331 587609 59025 570563 678605 214310 710664 555505 349758 426759 513414 262572 336343 497089 326705 161799 649499 217104 767850 735837 352899 96176 248953 461280 832219 760169 585988 572223
687538 306645 749394 671100 806031 727584 58932 430105 803198 818277 764742 759946 458523 816306 883277 1005620 839078 834970 418831 1056822 740972 730279 677498 666826 811586 1075385 669871 649503 405309 587312 838421 537030 516851 781291 535227 365867 169661 734536 775378 660988 178098 268724 334970 1127961 248800 764428 631053 224846 979396 202818 825371 653344 999999999 555346 312545 729714 310378 413047 393214 876646 600211 494458 463317 559655 286375 411222 717201 364942 594471 140025 1197160 900047 189356 1205329 618151 806416 580170 538845 162100 211505 804121 239448 873766 637817 682751 1061752 670009 748475 878339 607901 694083 648936 995605 746099 875845 391707 813457 697396 400247 1185687
522142 250529 566296 577307 336497 198126 610852 273799 727572 356297 357021 818565 171990 264597 695572 759797 900464 479057 580689 675176 241065 179730 873167 385589 548514 723836 385829 118719 579126 577208 1015908 532923 558552 262959 150927 260621 649330 865214 985445 270022 404488 290731 621420 844976 469531 746231 783446 402045 554539 438432 344963 305243 555346 999999999 611603 414330 246342 159858 162391 484700 50276 113369 229315 854214 290060 488320 791073 726776 641578 679874 853203 758728 366119 864804 246712 828177 832082 98704 674575 377041 250645 325972 799354 93990 128152 798035 114964 271568 911363 99814 941510 901160 617733 343879 396742 571413 1030989 937068 684542 852871
474038 400138 529441 427784 733182 809409 302349 363014 530075 737772 660908 454660 450482 866039 643091 776369 530445 685601 134489 890682 845571 786370 367081 520628 617634 890488 524136 658603 120726 327867 529138 291944 255619 873363 513715 351421 190912 422231 469795 578369 412636 419002 22425 904446 147275 477085 319014 228500 848801 200738 756880 549302 312545 611603 999999999 582408 433859 453602 484166 740560 639266 508128 413629 271058 340160 190464 411453 116031 309297 410242 997989 639649 345096 1003795 541943 505711 276779 545911 234902 435146 821629 329965 593231 661631 730745 835096 716684 692950 572426 614347 394722 349051 834134 643664 798062 111257 510473 396002 93589 981642
176659 489398 185943 259954 214578 536173 765064 304381 368345 205628 118656 520528 326844 510716 289724 346033 585962 106414 470724 327109 599566 475949 654460 63987 135101 350328 60673 336243 479599 329807 753542 324125 368309 593047 280173 378149 726639 603330 750787 146319 662468 557922 576822 440334 509610 417625 561270 505460 266405 532373 237419 109987 729714 414330 582408 999999999 521066 399419 468707 158157 388060 342148 286647 713584 467540 392107 510903 682735 401900 869454 477542 362490 579298 487235 168991 504405 666418 324297 768183 651828 425241 514858 427142 364890 434386 387391 426137 223223 578252 323091 742799 715851 265979 112588 255198 482292 792935 733782 602627 470393
