NAME : synthetic_000176
TYPE : CTSP-D
DIMENSION : 100
GROUPS : 8
RELAXATION_LEVEL : 1
EDGE_WEIGHT_TYPE : EXPLICIT
EDGE_WEIGHT_FORMAT : FULL_MATRIX
EDGE_WEIGHT_SECTION
999999999 429830 419612 133982 310167 364334 359882 498258 489998 282575 509057 60693 349166 258120 415601 234120 74339 163455 602359 381551 313107 357979 60506 465316 281106 444474 325441 299940 262712 321371 504003 325942 224339 491516 474635 513463 603926 411707 241307 231738 392675 160401 652248 162668 433248 431594 404140 470714 435154 451567 407705 537085 35551 214086 443460 456701 341183 285511 289463 398249 657552 286892 285064 465033 232981 407863 142102 560006 413928 417012 321126 498542 548603 582291 370229 457823 321907 318122 485635 501726 490421 304997 519453 575941 309085 489005 341882 462285 489097 680150 259533 239377 367944 626421 447158 381789 277097 396788 302183 478293
429830 999999999 112015 299644 658072 444894 592650 912255 284267 655225 181340 483962 608063 172277 845273 398056 441238 583493 1004442 187849 640029 570436 412344 889777 688317 229996 654548 637478 508997 551940 837415 742048 549156 455775 768375 507384 555656 127685 216141 207138 41236 476158 1043349 512822 687815 722991 829004 802802 477120 680379 485923 929249 459599 455440 795220 861691 604735 299592 505752 266605 1031941 424009 526140 890649 386223 423003 335880 907503 773160 84068 742706 376658 976895 451330 535066 595483 536540 625129 817545 927223 93870 348309 934925 905129 675865 527556 124111 866005 665735 1081954 181148 434097 734299 1020209 589273 523298 388066 754478 531597 857453
419612 112015 999999999 305560 599978 519331 646922 872425 392009 604810 98078 465347 657293 177117 829944 328038 449405 581842 1016620 282810 577344 487688 387346 859344 695290 118017 591562 668199 438979 604238 874716 707294 493009 550929 691612 600739 656376 231866 179549 189184 93056 501917 1061489 467240 606200 769020 799967 839814 374006 739476 564103 946101 453314 392004 732348 817406 652721 218783 429731 361658 1057449 342759 574242 861640 316470 507724 360305 941505 713322 190740 740617 479386 965526 557881 446387 498672 457036 663544 854912 897587 85861 418461 895767 832833 698899 615016 78819 876484 734973 1094624 162147 363784 678183 1036883 661787 592108 449303 694844 455554 801860
133982 299644 305560 999999999 417247 310423 374012 630671 371451 398885 400905 192778 375641 131907 546741 243505 144594 284012 712253 254091 411510 410872 137781 599275 392173 356008 425357 366775 320104 330691 575326 458267 315791 412930 566429 445850 529947 278779 142589 119303 264554 200570 756041 261183 508375 479343 538101 540554 428609 470251 358782 640718 160807 260628 555821 586741 369455 236659 336325 283888 752302 296249 295752 599014 236156 336031 71133 639626 528389 283031 443459 397650 677385 485323 404478 489355 372060 368327 555755 635707 367740 224125 652215 682837 393976 434001 226856 572433 487064 790207 144286 266606 484044 731585 427716 355706 218807 510312 356680 600636
310167 658072 599978 417247 999999999 670619 626538 296833 788650 49298 659900 257311 605052 498571 360763 274297 371079 320703 639188 669451 36348 192271 280349 316900 399550 560900 33016 513193 170942 596733 668186 182018 108941 801302 174124 821167 912495 683468 442054 455911 616856 443171 705722 156085 173068 648627 274400 643139 376621 703832 711310 608448 311968 208230 139557 233819 596333 386397 194822 699922 740768 278788 564018 324418 285290 717256 449293 697374 115177 675516 372959 806817 485578 891696 245852 300167 189795 551322 655123 352896 685013 615083 320366 266647 486615 793086 539795 524510 759235 705715 479046 240465 78615 678277 733701 675942 586165 96493 175831 201949
364334 444894 519331 310423 670619 999999999 183237 794873 266660 636995 613686 413332 212498 367315 640445 552818 299576 396910 678646 265687 676615 711214 410573 737411 431327 612690 688471 302687 616732 159198 449042 636803 588564 142514 838518 151063 243318 332455 424366 391114 435111 237589 695584 526994 796202 320664 681762 418427 737819 249334 48757 595172 358653 560460 797132 771304 214198 539211 638039 201603 663108 606235 160306 732386 546049 63953 245513 522949 766084 371518 507253 201986 737346 258320 711407 797645 673053 264531 430728 765779 538441 101518 811312 932372 360259 125703 457451 561181 221638 748513 401647 573011 719557 678688 144385 83045 92080 750385 655453 816211
359882 592650 646922 374012 626538 183237 999999999 683318 449442 584211 744769 386553 34293 475453 505028 587840 285663 311457 500666 430692 642032 715554 418882 615892 296882 721781 651196 148382 621036 43522 265955 545293 568926 303966 800618 285397 368714 495412 513045 484151 574161 199481 513780 508705 777970 138373 567012 235199 787187 96251 178794 416984 337491 573965 734583 672573 40358 608650 648969 377930 479898 642107 78642 608849 584444 243289 303714 339873 702689 529516 372100 382091 582585 425090 730106 817670 680607 101303 247520 638642 682824 251584 696147 869806 205651 235319 574873 392340 132892 568248 502948 597773 657766 497873 123252 110530 205345 689820 660342 734129
498258 912255 872425 630671 296833 794873 683318 999999999 980909 274093 942486 438141 652201 741949 202716 559734 525180 398799 459971 879098 330895 483417 501337 80045 388136 848724 320950 537730 465471 670442 602960 172414 388174 937005 353375 940982 1032648 909423 700212 705151 872137 560343 528927 405216 420179 642614 116336 591618 671716 729441 823240 467697 479107 492329 230642 64626 644340 669929 491322 887826 584699 572642 648638 91200 569567 853803 633797 599763 220771 911820 317381 971445 255570 1046367 539256 579880 485936 585114 598006 88666 954518 773777 23760 297024 486388 900211 803955 400180 802003 505166 731622 529144 226047 504811 805889 768837 730401 231169 472642 147868
489998 284267 392009 371451 788650 266660 449442 980909 999999999 768603 464099 550337 477195 326225 857994 583554 455849 591833 936878 129274 782554 762974 508570 936690 660312 508222 796520 553922 680120 421251 715396 810787 686592 200764 934905 253349 279520 160580 399710 369794 299916 436906 958431 632619 870266 587278 876781 684287 720756 512372 285620 854226 503468 620045 926918 944376 477925 519073 689541 93138 928690 626790 412788 933993 573094 212696 348922 789314 899026 201468 731533 102986 970777 167272 743050 818676 724757 522273 696886 969788 368816 221491 1000601 1054228 607733 290335 366531 811870 470062 1009116 360957 614945 854122 940259 391832 347067 273740 881121 712953 967895
282575 655225 604810 398885 49298 636995 584211 274093 768603 999999999 670522 225901 561648 490721 316377 286044 337956 275663 592199 652836 81416 232064 261144 283318 350748 575065 81804 467165 193406 555855 619204 139443 114300 770457 218812 787977 879856 671418 439446 449824 614231 405585 658280 143050 222316 601755 235805 594409 410096 659371 676219 559927 279674 218601 161160 214581 552927 397049 221915 678313 692328 299340 524011 289743 296145 685957 424113 648079 131354 666563 323743 781117 444533 864616 282722 343475 223571 506326 606286 320643 688690 586753 297852 295461 438938 757905 540463 475871 716547 659733 474464 255054 85609 630783 693797 638030 554925 114351 206816 203666
509057 181340 98078 400905 659900 613686 744769 942486 464099 670522 999999999 550970 755348 274554 913554 385770 543597 672308 1109395 367161 633819 525492 471764 935171 787638 107477 647511 765315 492181 702164 972271 781886 556603 636088 732261 687177 736996 309007 267848 282592 179534 598850 1155693 538850 642612 867083 876987 937370 381571 837012 657470 1040211 543573 452727 786287 884945 750792 273793 477154 446412 1153204 388022 672296 938246 375061 598490 457684 1038665 770130 265398 829930 557957 1050219 631371 477567 515061 499667 761356 952487 973616 98651 513510 966094 876556 794840 704790 174688 969139 830996 1187381 256642 419534 738507 1130778 756967 687987 546118 752064 502101 861171
60693 483962 465347 192778 257311 413332 386553 438141 550337 225901 550970 999999999 371029 311685 364842 236793 113937 134883 570347 442184 264431 330845 79544 407350 254525 478478 275743 303892 238226 351544 498525 265740 183064 544837 426411 563863 655279 471359 285798 281137 445721 191504 624217 122196 393232 440563 346252 466802 433447 473502 454494 510387 54711 200050 387053 396031 362589 309062 268741 458342 635568 284922 316525 407568 238694 460495 201804 548672 356912 475275 282228 556434 500190 639120 351757 437824 297703 330159 481230 444244 539767 361029 459535 520906 301331 536243 389248 431739 518618 647398 308917 232748 310598 597652 483929 422333 329377 340223 276768 418624
349166 608063 657293 375641 605052 212498 34293 652201 477195 561648 755348 371029 999999999 483503 471957 580397 275783 286983 468184 451723 621969 701525 409095 583879 264832 727644 630633 115478 607736 57836 239513 517202 551969 337113 779154 319525 403001 515372 516714 489090 587660 190059 483130 492656 759761 115687 535865 207414 780803 102686 211560 384509 324285 562766 709680 642988 8722 607458 636594 402693 451507 634286 83052 576651 577660 274003 306801 313206 677803 547926 339485 413077 548335 458240 718500 805779 667387 67976 220492 606043 696878 273036 664614 844424 172006 269591 583635 358290 155796 536665 509243 588352 633343 466555 156272 143548 224098 665415 646811 706489
258120 172277 177117 131907 498571 367315 475453 741949 326225 490721 274554 311685 483503 999999999 673720 261017 276414 414899 843901 196954 484551 441052 240893 717779 524079 248321 499063 491089 364885 432219 697724 570959 390242 431459 625224 475099 546356 189760 73526 45195 134556 324884 886821 347675 552880 593665 656927 662822 399294 569810 415063 771666 288882 306536 637676 692955 478501 194783 369461 259021 881107 301261 400672 718527 249960 370632 183199 764389 613510 177035 574491 385009 806280 472561 417629 492456 403706 486915 677936 755127 235834 266600 764393 755078 522554 477857 100463 704203 572678 921821 37063 294542 572446 862626 503721 431886 286626 594876 394102 694235
415601 845273 829944 546741 360763 640445 505028 202716 857994 316377 913554 364842 471957 673720 999999999 559276 414256 269686 284720 773319 396320 547983 442682 123569 210659 834136 393221 356652 495023 499660 400321 178983 406905 782320 487243 778464 867672 815367 650454 645588 808274 421478 353573 392449 525920 446982 105696 389830 718648 539137 661476 273648 385982 497749 370977 225016 464847 656623 527372 765926 399480 589891 484149 113506 566141 702865 528144 398588 346847 826863 134105 831326 137655 898167 596601 659818 535882 403989 395744 136412 904465 639574 207274 475928 300507 733323 754090 199732 614549 346432 673421 537818 324006 326976 628156 600977 590612 346856 517138 316582
234120 398056 328038 243505 274297 552818 587840 559734 583554 286044 385770 236793 580397 261017 559276 999999999 305102 370979 797606 455030 249708 180076 173731 560051 489423 289037 263798 533096 111567 546995 733679 406866 171745 654717 370466 689138 772003 450035 190977 215924 357276 390339 855014 166986 293011 665711 505040 701243 201074 681879 600738 742911 264991 67444 404370 500577 572720 112101 109185 507049 870325 54538 510377 564534 11839 579330 307842 785339 386030 431774 506444 629304 696529 717937 162548 245970 142762 552211 715917 598419 413743 467298 583467 507664 536748 677178 274973 661899 712476 873118 231413 36157 352908 827963 661245 591001 460781 367695 134564 475986
74339 441238 449405 144594 371079 299576 285663 525180 455849 337956 543597 113937 275783 276414 414256 305102 999999999 145221 567688 360425 378165 431948 133424 482079 247812 490328 389623 235939 336803 247035 443776 356146 293761 432823 540185 450319 541997 401154 278726 261011 407776 86228 612194 231911 503884 362722 421660 409646 505989 377903 340569 496755 59241 288335 498698 490816 267949 344347 363793 362725 610761 358712 210756 480018 302923 348187 113924 503989 468015 414178 302371 450922 540115 531048 444512 532129 396109 248789 424780 516252 512186 253211 544757 633409 254332 422311 370588 427840 414782 645655 287384 312645 421500 587488 374052 310142 217400 451861 376258 524051
163455 583493 581842 284012 320703 396910 311457 398799 591833 275663 672308 134883 286983 414899 269686 370979 145221 999999999 439360 503674 340990 443708 210083 346503 119979 607017 348220 193092 357677 287421 370293 241250 284842 538600 494193 544984 637267 546208 404465 392966 548506 161631 490951 233871 483084 330110 288098 340308 564907 383728 427899 376467 128743 328892 423133 374784 278285 442237 390434 499069 500745 417468 259393 343049 373314 455095 258796 416251 391240 559281 159595 574113 395065 647684 473168 556101 415031 230717 354100 378418 650008 377663 416159 558388 175160 507133 503570 299591 442579 517017 420506 364278 346466 464709 426672 378830 332323 378535 393596 426369
602359 1004442 1016620 712253 639188 678646 500666 459971 936878 592199 1109395 570347 468184 843901 284720 797606 567688 439360 999999999 886313 673525 819225 648403 383828 321810 1046375 672130 383791 754294 519453 264025 460411 667380 804466 771960 782015 857481 941983 841936 827581 973356 530203 69483 638245 808197 379715 388153 280735 976823 481138 679451 83686 567122 744185 654871 499728 465322 879368 787879 853958 128669 837226 524170 372194 802031 741418 668569 210884 631421 964938 291164 880438 211949 925510 863483 933452 802030 415170 274658 372767 1079378 719203 454294 752254 334029 729822 937833 140264 557369 78005 854474 783294 608266 45032 604989 611196 666282 631566 781870 594106
381551 187849 282810 254091 669451 265687 430692 879098 129274 652836 367161 442184 451723 196954 773319 455030 360425 503674 886313 999999999 661036 634784 391701 841193 588152 393939 675224 504679 553529 393924 689580 707102 564983 269047 810441 320027 373774 66796 270450 240607 190224 362187 916289 513574 743439 567158 780339 656095 592852 510900 302787 806239 400351 493684 808651 838199 450079 390242 561745 79292 895380 497647 374875 839629 444430 236654 247185 762365 781782 107668 653962 198899 894486 282480 613952 689410 596758 482220 670058 876043 281091 179117 899855 933264 552297 339909 244493 753696 487106 961685 231868 486948 737811 895553 408970 347450 228104 763566 585506 854707
313107 640029 577344 411510 36348 676615 642032 330895 782554 81416 633819 264431 621969 484551 396320 249708 378165 340990 673525 661036 999999999 156016 277034 352998 426357 533184 14547 534077 142028 610567 695278 217858 96069 804353 162024 826387 917025 671640 424835 440940 598801 454052 739687 152525 144236 670656 310738 669350 341354 721985 718634 641093 318967 185786 155465 267264 613274 361356 162910 695306 773533 249204 576957 360615 261088 720925 448770 726682 136417 661523 403754 805306 521817 891202 209991 264037 155044 570555 681679 388798 662830 616397 354280 272247 510471 800318 519929 556957 774921 740690 462908 214703 107800 712194 746085 686262 590201 118249 142345 227708
357979 570436 487688 410872 192271 711214 715554 483417 762974 232064 525492 330845 701525 441052 547983 180076 431948 443708 819225 634784 156016 999999999 303219 508961 547322 419203 163634 630988 95411 678490 812490 371415 159948 823423 206799 854056 940104 629734 370295 395989 530584 516986 883613 211566 118516 768803 466212 783516 189788 804128 757502 780183 378062 151103 278424 419004 693152 271510 74625 684591 912403 146473 642473 516629 191101 744644 467130 852144 271999 610080 538720 805012 676396 893463 56791 115145 38841 660300 797001 544546 572822 633675 506379 351626 618860 836883 446325 695890 846305 888906 410779 148104 257389 856021 804813 738136 619757 257054 56027 364636
60506 412344 387346 137781 280349 410573 418882 501337 508570 261144 471764 79544 409095 240893 442682 173731 133424 210083 648403 391701 277034 303219 999999999 477648 329963 399164 290456 359679 207875 379578 562256 330073 182920 531022 435570 556961 645739 412542 208036 206455 373013 219610 701003 124871 386203 492005 417076 529302 374707 511313 455820 586536 91943 155883 418352 453849 401190 232244 232575 419575 709751 226386 343071 478822 172916 449072 172721 616597 390684 411442 361449 528283 578744 614385 311954 399655 266121 378602 544129 515294 463474 341473 523652 546675 366238 536166 312279 509190 546938 725710 233875 179257 346263 674685 502119 434940 320439 372664 247193 463375
465316 889777 859344 599275 316900 737411 615892 80045 936690 283318 935171 407350 583879 717779 123569 560051 482079 346503 383828 841193 352998 508961 477648 999999999 319067 846486 345702 468598 476182 605975 523807 153620 392366 879922 406216 880721 971569 876284 682866 684020 850644 507282 453152 397088 461985 567685 61177 513314 692507 657057 762952 388189 441824 493781 283567 117756 576294 666615 505227 843623 506976 580270 586536 11641 568853 797958 594099 519730 266399 882271 245314 920330 186727 992204 562700 613107 505464 516185 519311 38482 938940 724165 83929 368806 415129 838058 787485 320142 730987 433212 711277 532612 258255 428373 739027 705912 678362 272215 489663 212244
281106 688317 695290 392173 399550 431327 296882 388136 660312 350748 787638 254525 264832 524079 210659 489423 247812 119979 321810 588152 426357 547322 329963 319067 999999999 725564 430607 149737 466989 289191 268921 267913 387473 572585 565875 567826 657056 637635 520125 506133 655469 226297 371381 343643 570579 263671 271939 243679 680443 342703 450972 256604 245695 443952 475288 383688 257227 562174 500472 570275 381147 534386 273721 311967 492231 494363 354428 304868 444412 655809 76558 625712 310573 689564 581912 661750 521988 197264 255574 342108 759907 439189 399953 604474 99870 522752 616575 181550 414005 399769 533202 480707 404640 345380 420085 390374 388133 435652 500654 455847
444474 229996 118017 356008 560900 612690 721781 848724 508222 575065 107477 478478 727644 248321 834136 289037 490328 607017 1046375 393939 533184 419203 399164 846486 725564 999999999 546537 721844 391156 678332 930699 692872 460768 658572 625989 706740 767267 347655 213592 238739 208325 556340 1096682 449563 535800 834551 789809 896026 275645 816889 659463 981432 479946 356478 683801 789547 722092 179872 373844 471352 1099950 284944 645548 850324 279172 608653 421483 993515 668964 307742 760612 592410 971667 672963 370449 408109 394633 724267 911234 884958 180038 511215 872448 770683 744654 716626 155939 906520 820973 1123986 218839 320876 639275 1070895 751377 679840 534686 651169 398271 760893
325441 654548 591562 425357 33016 688471 651196 320950 796520 81804 647511 275743 630633 499063 393221 263798 389623 348220 672130 675224 14547 163634 290456 345702 430607 546537 999999999 541184 155457 620263 699440 214308 110247 816875 150866 838450 929254 686074 439378 455473 613321 464562 738714 165733 140682 677316 305237 673990 350784 730225 730183 641413 330387 200164 141051 256956 621927 375310 175196 709081 773749 262208 586919 353630 275221 733304 461862 729512 122619 676042 405518 818651 516911 904392 218644 268901 165424 578340 686136 381003 677085 629218 344193 258041 516252 811906 534379 557447 784052 738469 477455 228650 96227 711275 756264 697021 602469 104644 153824 214468
299940 637478 668199 366775 513193 302687 148382 537730 553922 467165 765315 303892 115478 491089 356652 533096 235939 193092 383791 504679 534077 630988 359679 468598 149737 721844 541184 999999999 540883 147882 208892 408520 474568 438748 685977 427646 514276 562856 508357 485971 610852 166579 411654 419424 675988 137966 421446 174339 733510 197005 313747 302250 268108 503580 607761 530852 108212 580256 572190 470170 394705 584608 143133 461269 532594 366615 307986 273350 576088 589179 224009 503794 438244 558745 655329 740715 599833 47594 189538 490564 719892 335412 549690 740817 58673 379923 590640 259192 265187 457812 510006 534388 533097 390948 271522 248918 282492 565012 578588 598102
262712 508997 438979 320104 170942 616732 621036 465471 680120 193406 492181 238226 607736 364885 495023 111567 336803 357677 754294 553529 142028 95411 207875 476182 466989 391156 155457 540883 999999999 583577 727938 327355 88178 731223 260906 760638 847507 554629 298366 319819 468056 422116 816259 123937 190169 678238 425992 697898 223947 710411 662739 708944 283676 60185 294491 403624 599433 221049 33776 598620 840102 107848 547464 482155 123365 651518 373563 771267 278034 539209 467103 716770 629079 804875 115496 199838 59651 568377 711762 513787 524792 541153 489178 396256 532329 742434 386336 625277 751400 826750 338268 75445 248663 788735 709415 642750 525545 260099 39474 369736
321371 551940 604238 330691 596733 159198 43522 670442 421251 555855 702164 351544 57836 432219 499660 546995 247035 287421 519453 393924 610567 678490 379578 605975 289191 678332 620263 147882 583577 999999999 297055 525800 534533 291258 770454 280180 368139 457720 469531 440636 532536 161506 537529 473669 744368 173301 554580 264568 745732 139599 165930 436004 300867 535176 709102 655828 57048 565691 610828 345288 507983 601383 36629 599597 543307 222293 260278 370609 677249 490639 365626 361103 586094 411727 691370 779034 643004 106113 277896 630795 641476 215200 684467 844827 206528 233710 531795 403501 167824 589630 459509 557912 631749 520053 139252 101592 166509 663702 622988 713220
504003 837415 874716 575326 668186 449042 265955 602960 715396 619204 972271 498525 239513 697724 400321 733679 443776 370293 264025 689580 695278 812490 562256 523807 268921 930699 699440 208892 727938 297055 999999999 523526 652681 559987 832224 531102 600533 752012 717171 694352 813323 374791 258399 604058 839499 129087 496639 34902 931956 223012 439233 187359 470383 697587 734916 618040 240138 787415 760726 642206 215531 783271 314985 513459 734245 507684 514614 73918 705196 782538 306113 645320 415327 679326 843433 925818 784956 212409 19883 531473 922823 511774 607157 857940 197195 478174 797785 212265 296221 318634 717970 731265 668315 248105 351690 372108 461479 698318 763518 702221
325942 742048 707294 458267 182018 636803 545293 172414 810787 139443 781886 265740 517202 570959 178983 406866 356146 241250 460411 707102 217858 371415 330073 153620 267913 692872 214308 408520 327355 525800 523526 999999999 241322 777509 316920 785822 878209 737010 532194 535261 702296 399485 528094 243490 347853 531461 98886 503704 548077 605476 669005 436777 307747 341022 211519 135226 508778 513000 357974 717865 567738 429084 499699 157687 415497 693288 462642 540860 182464 739694 217458 805696 305094 883147 422026 481818 362388 453636 513569 192098 787828 607602 194063 336902 366559 748383 636582 354697 672070 524906 562121 380230 150484 500905 664512 619667 566631 177678 344867 189602
224339 549156 493009 315791 108941 588564 568926 388174 686592 114300 556603 183064 551969 390242 406905 171745 293761 284842 667380 564983 96069 159948 182920 392366 387473 460768 110247 474568 88178 534533 652681 241322 999999999 713025 252668 737092 826881 576325 333115 347249 507946 374458 730037 61890 210333 612530 340202 623953 312095 653876 632020 624028 235618 104303 247454 328846 543408 282940 121080 599671 755747 187960 499588 397722 181897 630321 355528 692334 224104 567269 382031 710822 541311 797204 197070 274316 135889 506374 637334 430406 577602 524007 411923 368282 459788 713344 431323 540021 701327 739314 370165 141213 185754 702474 666672 603881 500349 205418 115058 309444
491516 455775 550929 412930 801302 142514 303966 937005 200764 770457 636088 544837 337113 431459 782320 654717 432823 538600 804466 269047 804353 823423 531022 879922 572585 658572 816875 438748 731223 291258 559987 777509 713025 999999999 965260 53147 117319 329042 499432 465643 458951 378063 814772 652532 916371 431581 824170 532855 825307 341419 125785 720807 490784 672594 931417 912349 340882 620934 749010 189756 775414 705681 299450 874897 646418 84759 358853 632637 900822 372783 648795 101035 876222 121134 816788 900464 784674 397035 543352 908246 547670 190155 953622 1065726 497185 93136 504379 694129 284899 870906 468402 679402 854315 800197 212132 193570 215533 884568 768695 954594
474635 768375 691612 566429 174124 838518 800618 353375 934905 218812 732261 426411 779154 625224 487243 370466 540185 494193 771960 810441 162024 206799 435570 406216 565875 625989 150866 685977 260906 770454 832224 316920 252668 965260 999999999 988085 1078483 814788 559267 580307 727694 615391 840754 312731 93151 820297 385322 809089 381037 877697 880654 753365 480979 318708 123267 292637 770434 473326 262955 849916 883632 348871 737399 416664 382276 882162 608193 855419 141272 800090 529568 962981 591747 1049655 257712 257779 234626 724910 820347 433855 777216 776576 372461 145528 656793 962331 644837 671608 933343 831182 599162 334611 166518 814010 906891 847887 751671 140535 237031 208297
513463 507384 600739 445850 821167 151063 285397 940982 253349 787977 687177 563863 319525 475099 778464 689138 450319 544984 782015 320027 826387 854056 556961 880721 567826 706740 838450 427646 760638 280180 531102 785822 737092 53147 988085 999999999 92508 381139 541098 507206 509289 387678 788240 675845 943164 404523 826645 505933 864888 309132 117813 698664 509253 702953 948188 919768 324445 661522 780056 240854 745557 741133 294653 875069 681363 109820 387079 602503 917147 424786 644382 152125 865749 151017 850288 935098 815503 383388 515435 907447 599686 221843 956621 1083387 486304 52970 551761 677729 245850 845988 511772 712188 870619 775059 179452 178737 236779 901434 798762 966662
603926 555656 656376 529947 912495 243318 368714 1032648 279520 879856 736996 655279 403001 546356 867672 772003 541997 637267 857481 373774 917025 940104 645739 971569 657056 767267 929254 514276 847507 368139 600533 878209 826881 117319 1078483 92508 999999999 428000 615395 581712 563474 480185 858918 765916 1031693 477819 918011 578109 941897 377733 209537 774835 600764 789149 1040248 1012035 408670 737258 865777 295941 811991 823000 385046 965720 763729 196672 474382 669554 1009274 471613 733581 179505 951205 127168 934013 1017776 901396 468813 586280 997735 644697 306439 1048047 1175308 572717 134461 614954 759352 305952 918401 583398 796507 962739 847510 253016 266696 326830 993467 885199 1059165
411707 127685 231866 278779 683468 332455 495412 909423 160580 671418 309007 471359 515372 189760 815367 450035 401154 546208 941983 66796 671640 629734 412542 876284 637635 347655 686074 562856 554629 457720 752012 737010 576325 329042 814788 381139 428000 999999999 259495 234900 139390 413678 974301 529410 742477 631010 815142 718209 568188 576987 369411 862983 434642 496084 823007 865164 513359 371619 558866 141522 955643 487459 437028 875484 438769 302457 287418 824345 797618 43823 700454 249195 940175 326024 603381 673907 592792 542879 732375 912114 218629 244064 930893 943189 608244 404090 208743 807430 553902 1018068 219039 484040 755088 952922 475753 414066 291277 779119 583674 874846
241307 216141 179549 142589 442054 424366 513045 700212 399710 439446 267848 285798 516714 73526 650454 190977 278726 404465 841936 270450 424835 370295 208036 682866 520125 213592 439378 508357 298366 469531 717171 532194 333115 499432 559267 541098 615395 259495 999999999 33895 174989 342751 889340 297616 483940 621792 622913 682476 327440 608970 472907 773845 275727 242013 579673 647804 510812 122421 300110 331569 889471 228574 435587 684688 179552 434344 209926 780447 557192 241058 562372 457280 785978 545176 344867 418969 333588 510910 697684 720899 256141 326184 723225 692502 532560 540119 104656 701674 619689 919888 40485 225691 518158 864117 554822 482344 338238 538507 325273 641346
231738 207138 189184 119303 455911 391114 484151 705151 369794 449824 282592 281137 489090 45195 645588 215924 261011 392966 827581 240607 440940 395989 206455 684020 506133 238739 455473 485971 319819 440636 694352 535261 347249 465643 580307 507206 581712 234900 33895 999999999 167052 319570 873164 306902 507686 595912 623516 659541 360707 579772 439582 757698 264741 261690 594668 654671 483448 155713 324277 299295 870957 257047 407294 685270 204931 400477 182747 758918 571014 220781 552082 424700 779830 512808 373375 449393 358568 486196 674735 721725 258964 292551 727861 710864 512926 506354 110631 687401 588505 905587 27848 249351 530588 848341 522698 450281 305737 552350 348907 652962
392675 41236 93056 264554 616856 435111 574161 872137 299916 614231 179534 445721 587660 134556 808274 357276 407776 548506 973356 190224 598801 530584 373013 850644 655469 208325 613321 610852 468056 532536 813323 702296 507946 458951 727694 509289 563474 139390 174989 167052 999999999 447430 1013844 471955 647676 701696 789989 778554 442926 664097 478286 899266 423270 414280 753984 821176 583855 260432 465249 269339 1004474 384280 505030 851693 345451 418987 305760 882455 731937 99936 708004 386330 940727 465178 496247 558517 496341 600932 793441 888218 109548 335836 894882 864110 647087 525497 84743 834320 653962 1051073 140597 393269 693135 990291 578936 510964 371624 713255 491059 816332
160401 476158 501917 200570 443171 237589 199481 560343 436906 405585 598850 191504 190059 324884 421478 390339 86228 161631 530203 362187 454052 516986 219610 507282 226297 556340 464562 166579 422116 161506 374791 399485 374458 378063 615391 387678 480185 413678 342751 319570 447430 999999999 567226 313133 584716 282589 449498 339999 590835 291852 272564 453451 139585 374484 563644 534288 182404 422141 449634 345529 557285 444244 125662 503334 387672 294044 142286 439881 532185 434902 295014 413079 535154 486060 530628 618207 481585 169468 355198 538138 555762 218317 577790 699492 199755 353709 424162 394048 329320 607166 343437 398762 485835 544298 292495 232775 171091 517225 461510 578996
652248 1043349 1061489 756041 705722 695584 513780 528927 958431 658280 1155693 624217 483130 886821 353573 855014 612194 490951 69483 916289 739687 883613 701003 453152 371381 1096682 738714 411654 816259 537529 258399 528094 730037 814772 840754 788240 858918 974301 889340 873164 1013844 567226 999999999 698339 875595 383813 457424 282344 1037721 481280 691565 115502 616748 803589 724083 569190 481470 932983 849959 878791 70743 896272 546739 441523 858910 756927 708103 192468 700404 999553 350060 895856 278593 935066 926730 998206 865293 437018 272996 441395 1121190 744639 522772 821680 367752 735440 982693 193118 554348 63827 899565 842255 676606 27594 609158 623455 692097 700288 844888 663584
162668 512822 467240 261183 156085 526994 508705 405216 632619 143050 538850 122196 492656 347675 392449 166986 231911 233871 638245 513574 152525 211566 124871 397088 343643 449563 165733 419424 123937 473669 604058 243490 61890 652532 312731 675845 765916 529410 297616 306902 471955 313133 698339 999999999 272028 557241 340293 574170 339603 594914 570254 589032 173964 106548 295077 350736 484157 269730 157071 544220 719296 199757 438493 400776 174375 569487 296249 647531 268551 523674 348284 652925 529585 738693 239411 322455 181299 449192 587968 435570 549772 464082 428607 421935 408763 651634 400000 506066 640814 712366 331819 146386 225688 670954 605108 542048 439199 250194 159889 346602
433248 687815 606200 508375 173068 796202 777970 420179 870266 222316 642612 393232 759761 552880 525920 293011 503884 483084 808197 743439 144236 118516 386203 461985 570579 535800 140682 675988 190169 744368 839499 347853 210333 916371 93151 943164 1031693 742477 483940 507686 647676 584716 875595 272028 999999999 813180 430806 813566 287928 860910 840571 780553 445938 250318 193708 356379 751126 389600 183834 788588 912658 264429 709655 471405 304554 835082 557526 870190 199417 724775 546027 905856 642374 993687 165859 167748 151356 710972 825914 493610 691331 726305 441295 238306 654149 921518 563746 696863 910655 872341 524329 258456 204924 848296 877000 814022 706591 190439 158804 283483
431594 722991 769020 479343 648627 320664 138373 642614 587278 601755 867083 440563 115687 593665 446982 665711 362722 330110 379715 567158 670656 768803 492005 567685 263671 834551 677316 137966 678238 173301 129087 531461 612530 431581 820297 404523 477819 631010 621792 595912 701696 282589 383813 557241 813180 999999999 528549 101474 866709 102716 310180 297437 401697 639468 736795 644957 118338 704647 709242 516204 344503 718181 196868 558784 664428 378704 413256 202735 705487 663588 326179 516233 496133 551458 792309 878066 737350 113938 111825 583325 811105 388237 651273 867547 165380 351814 694105 292880 180860 441592 617492 669060 663939 370642 225897 243035 339756 695541 716155 719448
404140 829004 799967 538101 274400 681762 567012 116336 876781 235805 876987 346252 535865 656927 105696 505040 421660 288098 388153 780339 310738 466212 417076 61177 271939 789809 305237 421446 425992 554580 496639 98886 340202 824170 385322 826645 918011 815142 622913 623516 789989 449498 457424 340293 430806 528549 999999999 482650 645748 613783 708837 379225 380747 439565 266750 121752 528005 610012 456278 783671 504973 527961 533438 61786 513442 741590 533323 500769 244146 821103 202456 862207 212135 935221 518229 574138 459376 468803 490098 98229 879048 665458 130068 370517 370567 785128 727565 303606 685912 445860 650850 478915 226156 431209 689651 653443 620400 245964 442420 211248
470714 802802 839814 540554 643139 418427 235199 591618 684287 594409 937370 466802 207414 662822 389830 701243 409646 340308 280735 656095 669350 783516 529302 513314 243679 896026 673990 174339 697898 264568 34902 503704 623953 532855 809089 505933 578109 718209 682476 659541 778554 339999 282344 574170 813566 101474 482650 999999999 900049 200715 410679 200187 437371 666316 714516 603309 207528 753557 730481 609854 244711 751236 281278 503334 701601 477996 479716 106293 684360 748398 287222 616233 416444 652882 813363 896360 755328 177702 15208 523389 888042 478713 597103 839598 165827 453174 762889 211098 276642 340483 683113 699519 646352 269538 327043 343005 428057 676791 733891 685327
435154 477120 374006 428609 376621 737819 787187 671716 720756 410096 381571 433447 780803 399294 718648 201074 505989 564907 976823 592852 341354 189788 374707 692507 680443 275645 350784 733510 223947 745732 931956 548077 312095 825307 381037 864888 941897 568188 327440 360707 442926 590835 1037721 339603 287928 866709 645748 900049 999999999 881846 786464 928613 465517 236494 467087 607580 773226 205030 191277 658310 1058594 148954 709203 699421 203165 756305 497755 981096 461744 537693 687748 784295 851824 871795 133082 135803 187066 753269 914560 729097 451276 645260 694899 525524 734763 859165 361451 845650 909654 1049958 362662 200823 446114 1010287 854897 783460 646944 446830 203328 554181
451567 680379 739476 470251 703832 249334 96251 729441 512372 659371 837012 473502 102686 569810 539137 681879 377903 383728 481138 510900 721985 804128 511313 657057 342703 816889 730225 197005 710411 139599 223012 605476 653876 341419 877697 309132 377733 576987 608970 579772 664097 291852 481280 594914 860910 102716 613783 200715 881846 999999999 227504 399473 426967 665334 803774 726221 110986 704809 739273 450791 436520 735947 174786 648804 678839 299834 399875 293490 772005 613404 412238 432409 596566 458769 821135 908442 770061 153585 208552 675380 771873 333795 739790 937399 243261 256169 668649 394709 78439 540695 598075 690548 728398 469832 129959 166456 292606 760414 749469 795027
407705 485923 564103 358782 711310 48757 178794 823240 285620 676219 657470 454494 211560 415063 661476 600738 340569 427899 679451 302787 718634 757502 455820 762952 450972 659463 730183 313747 662739 165930 439233 669005 632020 125785 880654 117813 209537 369411 472907 439582 478286 272564 691565 570254 840571 310180 708837 410679 786464 227504 999999999 595767 399810 607020 835496 802606 215159 587965 684654 232814 654679 654306 177339 757349 594116 73069 293073 512647 804194 409996 527482 206335 751798 246807 758740 845200 719501 271394 421880 789849 579746 148552 838821 971132 372338 81776 503894 568359 187136 746782 449697 620405 757743 676259 108101 68291 140055 788900 701634 851145
537085 929249 946101 640718 608448 595172 416984 467697 854226 559927 1040211 510387 384509 771666 273648 742911 496755 376467 83686 806239 641093 780183 586536 388189 256604 981432 641413 302250 708944 436004 187359 436777 624028 720807 753365 698664 774835 862983 773845 757698 899266 453451 115502 589032 780553 297437 379225 200187 928613 399473 595767 999999999 501560 693284 641571 498028 381690 818700 742717 772075 132492 785458 441438 376748 746427 657848 593645 146975 615521 887119 242004 796893 242838 841864 821097 895238 759839 332131 195638 385366 1006313 637403 466245 749568 254893 646576 867297 84348 476406 155568 784137 731454 587187 91030 522089 527514 584549 613213 739086 590220
35551 459599 453314 160807 311968 358653 337491 479107 503468 279674 543573 54711 324285 288882 385982 264991 59241 128743 567122 400351 318967 378062 91943 441824 245695 479946 330387 268108 283676 300867 470383 307747 235618 490784 480979 509253 600764 434642 275727 264741 423270 139585 616748 173964 445938 401697 380747 437371 465517 426967 399810 501560 999999999 239187 440691 440910 316058 320618 312312 410786 622060 316713 265228 440864 264654 406312 154901 525442 410262 442586 287362 504982 517463 586672 394386 481538 343301 288976 452210 477481 522744 308431 499624 574994 274719 481550 375229 426990 468548 644956 292413 267413 363817 590955 431149 368490 275254 393839 322910 469087
214086 455440 392004 260628 208230 560460 573965 492329 620045 218601 452727 200050 562766 306536 497749 67444 288335 328892 744185 493684 185786 151103 155883 493781 443952 356478 200164 503580 60185 535176 697587 341022 104303 672594 318708 702953 789149 496084 242013 261690 414280 374484 803589 106548 250318 639468 439565 666316 236494 665334 607020 693284 239187 999999999 341214 433144 554666 178938 77648 538440 822645 93233 498739 498531 77706 593560 316050 745130 321362 481963 453633 656796 634382 744971 156195 243862 112649 527647 680606 532072 477295 482710 516068 450514 500565 686075 334391 610891 702702 818622 281333 40071 286711 776286 657623 589728 468849 302856 96122 410174
443460 795220 732348 555821 139557 797132 734583 230642 926918 161160 786287 387053 709680 637676 370977 404370 498698 423133 654871 808651 155465 278424 418352 283567 475288 683801 141051 607761 294491 709102 734916 211519 247454 931417 123267 948188 1040248 823007 579673 594668 753984 563644 724083 295077 193708 736795 266750 714516 467087 803774 835496 641571 440691 341214 999999999 169374 701017 515377 310018 837477 769966 398871 678756 294205 415890 846851 584570 751711 31894 814691 428941 941903 469727 1025674 335001 359399 292761 650248 724670 310622 817952 747891 250391 135965 571450 917019 675385 561804 865450 711669 617297 368887 77812 697734 848035 794970 715890 46852 286106 89808
456701 861691 817406 586741 233819 771304 672573 64626 944376 214581 884945 396031 642988 692955 225016 500577 490816 374784 499728 838199 267264 419004 453849 117756 383688 789547 256956 530852 403624 655828 618040 135226 328846 912349 292637 919768 1012035 865164 647804 654671 821176 534288 569190 350736 356379 644957 121752 603309 607580 726221 802606 498028 440910 433144 169374 999999999 634790 611606 428617 851638 620792 511192 631300 129101 510723 828245 595647 622324 157052 865291 319502 940825 304198 1018367 474967 515322 422210 577408 611116 141531 900420 742728 87375 252727 483510 881371 750700 424469 796008 550828 680599 469087 161618 543909 793569 751613 701845 166778 409370 94636
