NAME : synthetic_000314
TYPE : CTSP-D
DIMENSION : 100
GROUPS : 8
RELAXATION_LEVEL : 1
EDGE_WEIGHT_TYPE : EXPLICIT
EDGE_WEIGHT_FORMAT : FULL_MATRIX
EDGE_WEIGHT_SECTION
999999999 594435 457481 132615 670965 301387 572533 729515 896009 493616 275565 210611 474338 650213 589334 716494 416577 178064 708244 672258 318997 595002 592460 239132 879548 454507 456460 573899 323191 74356 625436 226134 482046 174331 312981 249940 89548 781262 450714 66050 63730 385261 178816 680293 143058 221028 231134 541222 189153 711775 259851 286507 152292 515434 482713 358053 347275 516190 273343 595339 325647 499036 534552 559231 863940 662571 525838 90621 232582 814915 735441 505193 419496 447231 840993 472865 140530 427644 492134 559342 408054 291114 741934 726492 266063 302825 546661 224677 611237 537639 414258 382165 527658 376530 711253 131623 458556 557444 504494 698465
594435 999999999 420148 703141 320256 534639 1032071 678494 705090 988102 863602 743061 286871 728820 226312 584834 459184 598251 632512 151990 563023 770901 139770 542392 729180 434441 375427 996528 505902 536774 648162 671456 132576 629933 658861 391974 508968 695769 905216 657642 629786 209441 451602 184765 454920 793525 727493 984907 409491 139835 825294 359920 453245 879896 524995 609172 564818 897315 508397 36196 906663 313937 256176 917813 690368 765550 71250 596714 498105 724740 610733 984940 223733 295247 668021 830403 571900 448064 950293 931109 186924 377734 350622 132821 622040 800059 49667 809991 567625 737096 390373 793064 778773 828442 345509 682424 366642 928050 1010702 120526
457481 420148 999999999 491112 694865 198473 1025430 958591 1051507 950208 709911 666970 555554 946378 586738 894260 58962 583055 920007 568201 210106 938087 524801 249612 1060021 652609 611155 1018604 616968 452640 886485 655204 414684 367027 310446 452012 381407 994348 899528 491443 519532 319437 286470 597219 347500 557784 680407 990199 320736 557026 713602 207448 326989 938650 730773 707077 672804 945573 202716 392943 766125 594014 182394 982755 1028482 973465 395107 395194 546638 1027992 919713 960204 220563 541448 1004208 442591 341813 644937 943020 987649 321339 186817 745278 505135 655749 493489 401914 667237 829979 886826 593229 435980 902017 485935 729969 588148 606018 985244 961878 450566
132615 703141 491112 999999999 801913 302477 596873 853779 1025508 507041 223497 249615 605359 764773 717523 846000 439815 288383 834848 793063 307367 698748 714908 243125 1007203 586082 589067 614023 450183 206952 747166 312030 599698 130374 258811 381135 198506 906699 489461 74564 154243 494580 256648 803516 250283 91911 289380 575402 294324 827492 250481 363770 249933 581713 609774 471298 467278 576902 288922 699623 281220 630960 604588 623269 993038 773367 637365 108774 361762 939914 864242 525530 508095 578378 970375 380920 151973 558639 524514 619137 516595 359069 872575 832854 372097 182295 657332 190221 738676 641531 546785 283878 622406 264204 842336 188570 591168 617788 509987 799373
670965 320256 694865 801913 999999999 746399 925289 391696 385348 910443 891376 735905 196630 484809 108157 285713 718095 584694 344817 194510 777960 562035 182175 729184 412607 277583 237858 871821 422251 597489 398949 636131 280267 777803 855166 421036 610370 395399 814008 735962 676927 387130 601651 161717 568211 891934 701842 874482 536089 264553 828349 556393 579249 741928 339221 497362 459304 765094 711343 356445 918102 175258 560933 769714 372362 524452 308831 714783 473817 420163 309670 897584 474428 223745 350916 1040289 714703 307446 853972 787825 378494 582278 71639 362693 561125 947824 310207 838784 311778 548444 280602 979457 604875 999826 40658 703419 231658 784652 938641 400335
301387 534639 198473 302477 746399 999999999 871938 933575 1061432 789389 525485 509348 571553 890050 642026 889851 141884 460373 901544 664964 31688 858552 602757 63005 1059278 626766 600652 875265 546579 323436 844758 522304 479655 173430 126021 397699 250115 977496 751827 317884 364921 363390 178152 687214 242797 361698 532520 842141 243312 673851 540725 190354 220853 812956 688226 617461 592261 815411 38381 517103 582918 607835 351459 857109 1033904 910699 486973 221083 460443 1012017 913343 803239 310949 550156 1009557 298604 164992 610162 792666 858494 377246 165473 808018 645478 544199 297665 501133 487637 805133 803045 570489 260472 805402 302249 785591 431273 598181 856462 797223 598183
572533 1032071 1025430 596873 925289 871938 999999999 699933 907314 96163 405606 362628 780417 548300 904964 769833 988076 455305 716329 1036438 886274 433572 959139 809001 860929 651006 701613 72889 530998 574134 602656 378349 899529 718032 854802 649246 644041 752512 129513 557299 508913 856215 739260 1025400 681977 598038 345038 50929 717648 1101159 348592 833818 700729 194217 588210 434867 477764 168214 845642 1048971 359129 775556 1069091 186961 873787 523779 962643 651580 537369 771835 770494 71831 934823 760152 861182 963429 707301 623837 84033 165619 876899 846438 988128 1157445 411106 744419 983554 413932 664397 410551 667623 865885 348577 829189 954007 441151 709921 168044 110249 1152028
729515 678494 958591 853779 391696 933575 699933 999999999 208153 724660 841517 677231 414531 152808 455590 110006 960963 568326 47024 581300 963666 266958 543122 892659 167578 308897 347587 631144 406807 662169 111912 572683 585132 889774 1008651 536034 714204 56562 627777 779219 700361 644939 757389 551155 698174 926617 629429 652023 690350 653846 760403 768440 718137 507094 249342 392693 387598 533305 895195 712460 843451 378154 875130 515070 174120 184164 640127 807581 498696 86853 92647 701372 753227 422196 161510 1188565 834288 323426 653437 536401 649567 795027 417230 748634 494572 1031954 650815 800295 129342 293590 367582 1105440 353470 1105418 393698 688261 353110 533658 755660 778766
896009 705090 1051507 1025508 385348 1061432 907314 208153 999999999 932729 1036262 870515 497595 359059 482887 179536 1064523 748726 202829 575256 1092732 473783 565812 1028935 56973 445239 461475 837884 576084 824393 314886 763938 645304 1044206 1151049 674681 866163 154888 835607 951479 875610 732275 892729 540375 840620 1104356 824110 859760 823669 639334 957019 881527 858207 714987 417975 584113 570749 741185 1023552 741219 1042357 459378 937080 721672 34733 386245 686440 966094 663866 140351 162211 909523 833792 515105 55211 1335553 984809 469536 861588 743066 730566 908635 373270 739939 683326 1197823 690969 992226 290311 501683 495547 1259129 561594 1265793 365938 872662 463455 740387 963726 782658
493616 988102 950208 507041 910443 789389 96163 724660 932729 999999999 310066 283273 751649 577389 879209 783255 910180 396131 735187 1005692 802083 464719 926225 726392 889984 632992 678768 146447 499325 503576 620523 319565 856381 630940 765738 598539 570282 779436 99236 472299 430806 802678 665765 997735 611989 503744 274748 102379 650453 1067148 256932 764767 629433 224568 581186 413142 452714 199868 764880 1002277 262971 751428 1005359 235804 898447 558316 917540 568323 489998 802004 787104 30687 874233 729332 883697 869355 624397 603787 73612 217012 824216 775381 976413 1116598 367962 649924 938847 321052 672421 431071 641228 772068 372176 734344 941946 362219 686539 218353 31001 1106745
275565 863602 709911 223497 891376 525485 405606 841517 1036262 310066 999999999 165993 700731 721616 826246 862575 660778 307725 834586 926582 530848 630156 844964 465033 1006636 633873 657080 440023 481351 326828 729644 273192 744164 353854 475456 488983 365101 897769 324775 222877 233837 656250 449901 929679 418416 196577 212335 396664 464302 973218 83626 559417 427603 448552 624834 452155 469208 435194 509675 867136 57864 716352 807022 482748 1001879 718611 793532 315404 417572 927715 875383 334467 695030 673924 981847 561227 368118 602805 347665 472296 679195 560857 962851 996347 354712 341291 814813 54129 747428 577799 613098 464813 539181 424844 929632 189291 661994 471901 305350 971294
210611 743061 666970 249615 735905 509348 362628 677231 870515 283273 165993 999999999 550406 562301 678433 696583 627136 153120 669147 788304 524216 477862 706453 446442 841588 471732 499078 369375 318973 224873 565528 107272 616381 359971 499738 353717 287981 733285 244605 197645 147544 543757 383264 787714 332355 283180 49133 333842 373414 840881 92647 484844 348487 332848 459038 286438 303453 327331 483161 751775 182618 562247 729246 373883 836185 562509 671851 289445 265039 763718 709471 294644 602937 524351 816019 630046 344901 440455 283789 369522 566337 493909 806885 875246 188871 421707 693437 123345 581465 423038 455578 532496 391784 507186 773128 79013 504651 368176 295557 857151
474338 286871 555554 605359 196630 571553 780417 414531 497595 751649 700731 550406 999999999 444484 129105 339682 566938 397441 371998 256090 603208 484374 181083 546777 504467 148289 89087 735926 252329 400933 366772 456255 173371 585720 672268 224406 415147 443644 659911 539392 481642 236315 414411 246097 375258 695304 520598 730846 346674 322825 641871 386306 387988 612053 238269 345882 302653 632083 534671 316018 730844 38460 460600 646663 473396 480278 234049 519795 285442 476320 365475 742938 341920 27244 449047 858304 522867 165552 702938 661935 237582 413300 267691 392134 387877 753959 248798 647453 292294 452584 113321 791998 497767 809069 236984 511697 80162 658791 777833 402888
650213 728820 946378 764773 484809 890050 548300 152808 359059 577389 721616 562301 444484 999999999 521769 241030 939344 476718 177797 658229 918203 114731 604587 841874 313281 305461 360196 478879 343629 590596 85883 463947 616671 819935 948889 499284 652551 204215 482345 691321 610880 650378 711980 632805 647712 828827 513270 501035 649913 731861 638579 744500 669360 356685 218023 293587 304378 382814 852229 759591 716847 414927 891002 362695 325732 39685 678517 735331 432657 224744 233864 552931 758770 442675 314232 1121083 770191 305026 505128 384072 660110 769542 526329 818941 393425 946590 693073 685236 173106 149575 362059 1032245 205292 1025059 497445 586561 368173 381373 608346 839868
589334 226312 586738 717523 108157 642026 904964 455590 482887 879209 826246 678433 129105 521769 999999999 358990 610134 525325 409029 139137 673451 581079 87774 627753 504065 258261 203736 857818 380310 517791 437571 585276 172110 683128 753475 341793 521761 470135 786378 655220 602742 280523 503833 121224 476098 808795 649445 854940 440612 211798 769453 451690 485042 731493 339527 470185 427987 752657 607691 261756 858014 129608 455993 763930 466177 560304 204073 624901 413417 498654 384766 869693 366276 154260 443345 937708 620085 282470 828819 780276 270929 477130 166049 297517 516777 854883 208105 772612 352770 557136 238157 880009 607723 902972 144825 636958 195236 777106 905761 323433
716494 584834 894260 846000 285713 889851 769833 110006 179536 783255 862575 696583 339682 241030 358990 999999999 902401 570577 66652 478203 920845 346964 446679 854679 169428 267381 289675 704405 396874 645014 168468 589466 502580 865948 975439 498387 687985 111255 684375 772012 696408 575701 718301 446798 664210 925211 651260 720190 649521 549753 784867 714569 682418 575643 239879 411342 394405 601621 851689 619790 871734 301439 795860 590155 147734 278123 552773 787186 484333 140172 26195 762625 681527 352836 124507 1159121 807117 290567 715002 610986 577195 741614 307538 646380 508195 1018436 561354 817135 115763 359522 320188 1081251 421706 1086932 284923 695115 292925 608042 813999 679597
416577 459184 58962 439815 718095 141884 988076 960963 1064523 910180 660778 627136 566938 939344 610134 902401 999999999 553514 924137 603538 151513 923988 554227 196795 1069956 652679 615338 984650 603417 419544 883533 623131 438593 313319 251485 440701 346320 999291 863818 445430 479702 334245 254109 630838 318798 503128 643781 954605 298621 598013 668777 194894 297124 910201 726571 688585 656762 915717 151131 434525 717568 605220 234637 954464 1040100 964608 426917 348190 527548 1033331 927406 921527 246495 550468 1015710 387712 293332 642277 906543 958245 340039 169957 772084 552341 630216 434952 436087 619859 831726 871197 593567 377558 882526 427103 754627 548123 610933 955954 920529 499424
178064 598251 583055 288383 584694 460373 455305 568326 748726 396131 307725 153120 397441 476718 525325 570577 553514 999999999 552576 636245 482790 417068 554496 401848 725974 327665 349404 438728 176858 137018 460053 77164 468963 352206 489311 206292 211011 622377 325956 214623 134224 406873 299418 634945 235653 358304 129455 414583 265704 690428 244483 382818 256713 356698 330827 183131 180734 362611 426915 609731 333785 410263 613822 400971 715258 486761 527074 267717 112000 654960 586519 397917 479837 371290 693565 650584 312088 296993 371277 404906 428654 398332 655979 729295 88030 469897 548615 256479 458774 359673 305472 558666 350640 548702 622517 125491 354441 402569 416043 714891
708244 632512 920007 834848 344817 901544 716329 47024 202829 735187 834586 669147 371998 177797 409029 66652 924137 552576 999999999 534283 931983 287628 496647 862544 173501 274868 309063 649249 385144 639111 114670 563097 541253 864755 980386 505078 687920 75952 637073 760352 682579 604516 726637 504137 669064 910372 622278 667401 658841 606822 754800 732816 688463 522316 225533 382798 372541 548479 863183 666665 839734 335023 832355 533935 168136 213576 595286 783685 475987 110475 56074 713215 712307 381064 150168 1161861 807932 292450 665342 555039 608305 759595 371716 701661 483225 1011068 605566 791440 97900 306215 332360 1080589 367837 1082715 347509 674867 313998 552176 766114 732053
672258 151990 568201 793063 194510 664964 1036438 581300 575256 1005692 926582 788304 256090 658229 139137 478203 603538 636245 534283 999999999 694892 720116 81891 663780 605793 395536 339070 991783 506956 605671 573246 702041 194996 738135 785614 437871 594581 588782 915208 737988 695942 309662 555796 35472 543462 884938 764040 986925 501696 73660 876816 479852 547246 866978 478460 601969 558699 887492 635083 185562 963250 265603 408144 900478 564757 697138 178674 692138 526468 614324 502813 997937 359849 276702 544025 963394 676788 418044 958562 916354 291520 501596 206932 168344 639190 910935 167501 872465 487177 696138 369257 917896 746156 948338 209335 738611 330265 913194 1031202 207403
318997 563023 210106 307367 777960 31688 886274 963666 1092732 802083 530848 524216 603208 918203 673451 920845 151513 482790 931983 694892 999999999 884689 633444 80997 1090273 657301 631794 891882 574590 346330 874022 542502 510525 176995 102881 427649 274026 1007929 767879 329784 381949 394500 207050 717533 270505 359615 549599 857825 273323 702496 550768 221763 248875 833090 717754 643297 619147 834759 69194 544619 588586 639453 372222 877121 1065100 938291 516644 234780 487500 1042458 944250 816907 339310 581755 1040764 268511 179564 640317 807976 877895 408033 196608 839415 671896 567687 283441 530428 495424 835398 828878 601276 235540 829764 280366 817110 446981 629403 875934 808813 623610
595002 770901 938087 698748 562035 858552 433572 266958 473783 464719 630156 477862 484374 114731 581079 346964 923988 417068 287628 720116 884689 999999999 657791 805543 427689 336463 395505 364248 321158 543942 179438 388490 649037 768693 903601 486168 612139 318947 371360 627725 548005 662707 683032 698423 616677 754497 428945 386443 626916 792817 546534 731577 638982 242476 246153 241572 267776 268516 821888 798699 619800 461404 904771 248122 440389 94123 713634 683867 399166 338832 343314 439559 767850 476259 428462 1067644 724639 325195 391931 269469 675856 754758 611743 872987 329377 880879 730475 598391 257961 57429 384395 975245 95230 962463 580489 513530 404332 266744 495583 887132
592460 139770 524801 714908 182175 602757 959139 543122 565812 926225 844964 706453 181083 604587 87774 446679 554227 554496 496647 81891 633444 657791 999999999 596581 589411 326130 267859 916237 428534 524997 521408 620766 123742 665041 720363 356118 516453 557858 836723 658347 614786 240954 482763 88931 466306 806819 682477 909983 425809 142145 794925 414237 471355 793029 412844 525687 481947 812856 570952 175694 881401 196954 380621 827744 550677 642584 130600 615608 444999 586205 472404 919120 307734 199172 528273 901175 602980 346064 880440 842995 225557 437621 221719 215381 559041 838001 128955 790857 437855 629963 294121 850940 677369 878861 210970 656839 258886 839853 951387 236724
239132 542392 249612 243125 729184 63005 809001 892659 1028935 726392 465033 446442 546777 841874 627753 854679 196795 401848 862544 663780 80997 805543 596581 999999999 1023888 588883 567505 812815 498401 265548 800330 461688 472854 117493 125998 357523 193826 938374 689197 255069 302485 355676 136378 683358 195203 308548 470171 779429 205293 679487 478181 184157 174609 752329 645081 563999 541060 754246 47230 528686 522201 581604 384696 796397 1000342 860967 488604 158107 409871 972904 877447 740248 321913 523728 976135 311704 101998 570139 729870 797367 372443 164659 793506 660266 486977 264428 504716 425957 765297 749469 534493 254393 749344 286121 769117 368494 565843 795381 734313 616587
879548 729180 1060021 1007203 412607 1059278 860929 167578 56973 889984 1006636 841588 504467 313281 504065 169428 1069956 725974 173501 605793 1090273 427689 589411 1023888 999999999 435705 458962 790700 557058 809364 278594 735965 660333 1032778 1144216 667170 855098 111285 793862 932796 855472 740710 887516 571572 832787 1083554 794317 814124 818810 672443 926174 883348 851260 669959 397431 555576 546041 696075 1021117 765065 1010039 466007 953668 674528 43259 337706 705452 952931 646977 89246 146543 865968 844799 519547 61767 1327434 974657 457368 818103 695950 740752 910422 409074 772538 656452 1182249 711581 964201 268531 459377 489459 1248414 517897 1252521 397798 848365 462008 693350 920975 812687
454507 434441 652609 586082 277583 626766 651006 308897 445239 632992 633873 471732 148289 305461 258261 267381 652679 327665 274868 395536 657301 336463 326130 588883 435705 999999999 59204 601104 152782 381440 235783 367316 314310 598970 708536 231587 420931 350809 537014 513354 441830 346576 452648 379439 397082 669331 433178 600489 384421 465714 564164 459614 415654 473679 91047 219851 182094 495309 588419 462437 654038 130032 585907 505679 414720 338843 378095 521236 226743 385310 289170 620643 455478 140242 390972 891832 539803 31352 577678 522135 355206 486155 344922 539638 288590 754232 394398 583726 179578 304496 59380 814030 351333 820777 310419 452471 68135 518962 661085 551143
456460 375427 611155 589067 237858 600652 701613 347587 461475 678768 657080 499078 89087 360196 203736 289675 615338 349404 309063 339070 631794 395505 267859 567505 458962 59204 999999999 654093 184598 382178 286219 398342 256959 588929 690157 216585 411955 383978 584481 518521 452027 298425 431402 324788 381344 675603 464119 651454 362297 408289 591681 425411 397947 528158 149611 267266 226113 549068 562602 403768 681593 74129 534300 561410 433347 394808 320049 515241 240817 417993 313798 668017 407269 82592 409039 875273 527809 78997 626303 577329 304868 452388 308181 480723 323517 750288 335929 605328 219783 363581 44089 801699 409583 812557 274205 471132 8995 574167 706071 491944
573899 996528 1018604 614023 871821 875265 72889 631144 837884 146447 440023 369375 735926 478879 857818 704405 984650 438728 649249 991783 891882 364248 916237 812815 790700 601104 654093 999999999 491297 566038 536418 363936 864085 729283 868595 621874 638425 682998 124906 567002 510354 829210 732341 978861 671853 625638 342785 44819 704291 1058362 373445 821343 691788 131106 532928 390662 434701 106834 846696 1015401 399486 728220 1049963 116221 804608 453125 928293 657645 509049 701504 703966 115963 913457 717141 792607 988464 712328 575415 92441 94818 849042 835985 932779 1119124 382641 771748 948797 439919 601522 344989 622617 890475 282782 857429 898963 445038 662653 97507 169705 1116968
323191 505902 616968 450183 422251 546579 530998 406807 576084 499325 481351 318973 252329 343629 380310 396874 603417 176858 385144 506956 574590 321158 428534 498401 557058 152782 184598 491297 999999999 255451 305680 215234 373870 484011 607819 165336 311192 458102 408294 375850 299542 356036 368659 498410 304089 528337 281179 482309 308340 570364 411455 410455 325788 374454 159699 104512 61306 391432 508881 526295 501367 254253 594209 413508 543257 364473 438781 401086 92137 491834 414351 490990 455340 230276 520882 784232 430524 121558 451906 425889 372729 433852 492039 627881 138920 625987 458842 431679 288530 270339 143642 699263 292718 698633 457811 302333 191373 422869 525554 626428
74356 536774 452640 206952 597489 323436 574134 662169 824393 503576 326828 224873 400933 590596 517791 645014 419544 137018 639111 605671 346330 543942 524997 265548 809364 381440 382178 566038 255451 999999999 560401 203593 418786 229650 360048 176813 74210 712907 447196 138475 93034 329952 166307 612013 108417 294994 229713 537745 148559 648539 294317 261197 126595 492226 413824 303059 286218 496661 289916 540789 371101 425007 504376 536515 792659 605698 466762 145804 163477 746835 664512 510863 379294 373762 769505 530760 180865 355211 491109 539400 352899 272433 668621 669528 221447 373431 488012 273270 541626 487148 340124 444077 484168 443618 637679 151804 384220 537186 518546 645360
625436 648162 886485 747166 398949 844758 602656 111912 314886 620523 729644 565528 366772 85883 437571 168468 883533 460053 114670 573246 874022 179438 521408 800330 278594 235783 286219 536418 305680 560401 999999999 461389 540012 789549 912756 448206 616478 168342 522469 672719 593177 582220 666974 547387 605126 817917 517618 553429 601940 646903 648491 688974 625962 408477 157367 281898 279896 434582 806516 679732 731666 335163 820335 421814 280205 125503 600404 706204 397711 198190 167855 598574 691175 367606 263874 1089912 736097 241615 550712 442715 590208 714851 441401 735033 384049 926767 614082 688676 87224 192139 294643 1004478 254099 1001953 412077 578283 293576 439791 651454 757440
226134 671456 655204 312030 636131 522304 378349 572683 763938 319565 273192 107272 456255 463947 585276 589466 623131 77164 563097 702041 542502 388490 620766 461688 735965 367316 398342 363936 215234 203593 461389 999999999 540951 397717 538056 280005 277277 628428 249146 244080 168324 483114 369540 698511 308018 366553 65945 338311 340740 758869 197999 457641 328217 290674 351772 180389 196212 293616 490767 684133 287386 464582 690746 334806 729695 467762 600468 316272 176080 659404 602623 320811 556993 431202 709317 688286 366180 335966 294346 336560 504687 472049 706489 801613 81616 493395 621931 228360 474503 331777 355659 593189 310391 576230 672411 125058 404487 334445 340248 789039
482046 132576 414684 599698 280267 479655 899529 585132 645304 856381 744164 616381 173371 616671 172110 502580 438593 468963 541253 194996 510525 649037 123742 472854 660333 314310 256959 864085 373870 418786 540012 540951 999999999 543375 596657 263054 401560 610407 772820 547170 510946 117212 360984 211056 349544 691434 598415 852332 307043 229885 701003 290622 352541 748190 405308 477561 433280 765283 447441 153019 784564 207496 293587 786567 625304 651702 65584 497593 366527 641917 528756 852793 194174 174398 601559 777852 481854 323947 817844 799518 102576 314303 333844 260667 489749 716266 85001 690148 465210 612072 264983 727226 651023 755561 316118 559348 248719 796476 879354 252891
174331 629933 367027 130374 777803 173430 718032 889774 1044206 630940 353854 359971 585720 819935 683128 865948 313319 352206 864755 738135 176995 768693 665041 117493 1032778 598970 588929 729283 484011 229650 789549 397717 543375 999999999 140982 372348 178045 939382 604424 162344 229569 429329 182397 753692 210513 191139 391851 692874 242519 762543 376600 272547 198575 683155 640597 530056 515623 681647 164655 620719 411593 616798 496573 726291 1013552 834095 569874 84929 391888 973564 886775 647533 418165 560232 989897 301169 63120 575578 642329 724633 449184 260439 845789 754110 440236 172962 588029 319246 766896 711407 550605 215834 701955 223965 818408 286963 589057 722963 635903 714565
312981 658861 310446 258811 855166 126021 854802 1008651 1151049 765738 475456 499738 672268 948889 753475 975439 251485 489311 980386 785614 102881 903601 720363 125998 1144216 708536 690157 868595 607819 360048 912756 538056 596657 140982 999999999 477071 296690 1055932 743689 302547 370230 479484 259225 806375 311542 288377 532674 831398 328278 797538 509292 306251 293025 824136 759710 663089 645029 822567 150823 642298 533046 706749 475070 867269 1121879 965285 608747 222361 516748 1090395 997673 783731 435564 648912 1097788 186053 179202 688182 780666 865531 495262 284034 919318 771288 577107 187749 623791 448091 882684 846591 655668 134600 839903 177486 895075 427770 688892 863877 768748 724202
249940 391974 452012 381135 421036 397699 649246 536034 674681 598539 488983 353717 224406 499284 341793 498387 440701 206292 505078 437871 427649 486168 356118 357523 667170 231587 216585 621874 165336 176813 448206 280005 263054 372348 477071 999999999 195818 580950 520345 315147 261250 207412 221576 440814 165950 470900 335633 604541 154388 487605 439991 246418 184092 518080 291072 261418 223296 530965 359335 404131 525569 250193 435501 560136 645066 523928 320823 299892 112835 615485 520630 597416 296542 197329 621063 660941 311326 212827 565904 569522 227709 270744 492001 523079 239364 535176 342351 434912 408029 435665 179223 585456 455492 596047 461359 300741 216788 566708 620079 509057
89548 508968 381407 198506 610370 250115 644041 714204 866163 570282 365101 287981 415147 652551 521761 687985 346320 211011 687920 594581 274026 612139 516453 193826 855098 420931 411955 638425 311192 74210 616478 277277 401560 178045 296690 195818 999999999 762906 518314 149036 143019 299538 95499 605123 54369 290408 299007 609053 100534 630132 346619 198955 63051 566407 464870 370573 349432 570650 215986 508300 414981 444000 446477 610692 835551 669902 441541 104691 220095 797213 708957 579251 329948 388803 811875 474361 120096 397762 561641 613445 322076 206140 680060 640318 294084 339670 461983 314127 590020 555868 372935 393337 555743 400801 651003 210411 412467 611250 583514 610671
781262 695769 994348 906699 395399 977496 752512 56562 154888 779436 897769 733285 443644 204215 470135 111255 999291 622377 75952 588782 1007929 318947 557858 938374 111285 350809 383978 682998 458102 712907 168342 628428 610407 939382 1055932 580950 762906 999999999 682974 832142 753713 677802 802520 556941 744720 980647 685604 705118 734771 659876 816785 808384 764214 560503 299101 448233 441700 586679 939134 730590 899972 406040 902859 566785 122006 231815 662276 857877 549526 34537 86008 755751 785057 454131 113470 1237056 882973 368240 707843 588180 680840 835202 411331 757072 549879 1083990 671435 856256 173250 348520 408170 1155198 407625 1156488 391552 743140 388621 585503 810435 790792
450714 905216 899528 489461 814008 751827 129513 627777 835607 99236 324775 244605 659911 482345 786378 684375 863818 325956 637073 915208 767879 371360 836723 689197 793862 537014 584481 124906 408294 447196 522469 249146 772820 604424 743689 520345 518314 682974 999999999 442178 387021 727063 613069 905843 554455 504262 220194 90788 589200 978352 252706 705707 573661 139379 482708 317556 358538 118850 723946 921322 291044 657761 939778 163609 801205 465438 835382 533373 408921 706411 688581 83633 805329 638507 786026 865294 588325 508366 45608 149933 747875 718973 879274 1031765 283277 649780 856430 318960 573248 334488 548236 767275 277235 735666 844856 320898 592466 150033 129714 1024848
66050 657642 491443 74564 735962 317884 557299 779219 951479 472299 222877 197645 539392 691321 655220 772012 445430 214623 760352 737988 329784 627725 658347 255069 932796 513354 518521 567002 375850 138475 672719 244080 547170 162344 302547 315147 149036 832142 442178 999999999 80457 448217 227529 746262 203393 157115 230586 530928 249492 776700 223597 337246 208937 523182 535367 397738 392856 520616 296013 657331 276830 563326 584380 565853 918902 700695 589668 97505 288065 865350 790061 487436 475788 512229 896321 444261 153412 485485 480523 563458 470856 338014 807073 789233 299571 255275 610307 176439 664281 570369 475730 349193 553823 334932 776154 125894 521009 561873 479414 759625
63730 629786 519532 154243 676927 364921 508913 700361 875610 430806 233837 147544 481642 610880 602742 696408 479702 134224 682579 695942 381949 548005 614786 302485 855472 441830 452027 510354 299542 93034 593177 168324 510946 229569 370230 261250 143019 753713 387021 80457 999999999 422879 237219 700947 191843 228823 167701 477503 236045 740445 204627 341857 205371 454689 458321 317305 313295 454491 337072 633751 278474 502313 588857 498209 842694 620299 559697 149829 215099 786708 713766 441841 468280 454416 820404 521477 202725 412932 428408 497624 445829 348916 748486 762551 219319 335710 580976 180236 587171 490603 408410 427635 475804 415159 716547 68617 455320 495805 442472 738224
385261 209441 319437 494580 387130 363390 856215 644939 732275 802678 656250 543757 236315 650378 280523 575701 334245 406873 604516 309662 394500 662707 240954 355676 740710 346576 298425 829210 356036 329952 582220 483114 117212 429329 479484 207412 299538 677802 727063 448217 422879 999999999 247557 327830 245558 585481 533600 811851 200389 334528 622057 173662 244738 723291 432438 459285 417277 737138 330570 210895 700991 274756 242205 764578 709051 681656 142863 389275 320178 711022 601352 802980 108992 223675 684773 661139 368846 345557 772662 774887 22950 197921 445861 341231 446774 601805 162770 603003 518087 618320 288517 610063 647646 638970 425182 478648 292257 772010 822916 315445
178816 451602 286470 256648 601651 178152 739260 757389 892729 665765 449901 383264 414411 711980 503833 718301 254109 299418 726637 555796 207050 683032 482763 136378 887516 452648 431402 732341 368659 166307 666974 369540 360984 182397 259225 221576 95499 802520 613069 227529 237219 247557 999999999 571347 66723 344344 394240 703730 69128 581716 438645 109737 44346 656115 510811 443084 415755 661657 140251 445342 502360 448163 357161 700385 864023 733010 389233 147970 283953 837056 741085 674710 251597 390447 839832 445046 121289 434385 656652 704150 268001 112299 668114 578970 377489 355328 408025 401225 629592 628226 398115 378087 634232 399143 642029 305279 429917 701852 678821 543470
680293 184765 597219 803516 161717 687214 1025400 551155 540375 997735 929679 787714 246097 632805 121224 446798 630838 634945 504137 35472 717533 698423 88931 683358 571572 379439 324788 978861 498410 612013 547387 698511 211056 753692 806375 440814 605123 556941 905843 746262 700947 327830 571347 999999999 555177 895421 761523 975515 514737 102958 877313 500140 560284 852707 459431 590534 547918 873818 656339 219176 964647 250678 440374 885118 530326 671979 204100 704518 524014 581880 471089 988959 385622 268863 509813 985818 691741 403624 948648 901496 311134 522778 171461 201320 633006 926651 195336 875649 460753 676624 357893 937740 728162 966603 174456 740927 316208 898326 1023831 242398
143058 454920 347500 250283 568211 242797 681977 698174 840620 611989 418416 332355 375258 647712 476098 664210 318798 235653 669064 543462 270505 616677 466306 195203 832787 397082 381344 671853 304089 108417 605126 308018 349544 210513 311542 165950 54369 744720 554455 203393 191843 245558 66723 555177 999999999 341917 338017 644760 46210 577276 396463 152808 22387 591923 450068 376456 349707 598261 205509 453961 467383 406349 397564 636135 811004 667938 387880 149572 217843 779216 686251 619171 277232 349719 787010 494996 147885 376717 598696 640497 267997 164521 636901 586087 311592 379652 408182 366873 571484 561706 345103 420517 567532 434216 608859 256932 380844 638135 626789 556307
221028 793525 557784 91911 891934 361698 598038 926617 1104356 503744 196577 283180 695304 828827 808795 925211 503128 358304 910372 884938 359615 754497 806819 308548 1083554 669331 675603 625638 528337 294994 817917 366553 691434 191139 288377 470900 290408 980647 504262 157115 228823 585481 344344 895421 341917 999999999 329614 584010 385526 918902 252193 448900 340751 612308 686803 537714 539037 603769 355755 789095 251810 719986 684258 651290 1071358 834125 728336 196994 443060 1013264 942430 526288 594494 668222 1049146 365624 231351 640958 533595 644289 607321 441731 962822 922556 435995 146451 748136 185718 815531 698105 632727 268592 672380 231826 932252 242352 678122 643355 501066 887814
231134 727493 680407 289380 701842 532520 345038 629429 824110 274748 212335 49133 520598 513270 649445 651260 643781 129455 622278 764040 549599 428945 682477 470171 794317 433178 464119 342785 281179 229713 517618 65945 598415 391851 532674 335633 299007 685604 220194 230586 167701 533600 394240 761523 338017 329614 999999999 310947 375760 819333 133793 490584 356180 293017 415149 240157 260128 290035 504002 738417 222342 529838 730670 335374 789684 513378 656282 316291 237636 715778 663533 281158 600389 495216 769802 670240 370206 401827 262815 332912 555737 502122 772292 858699 146026 465467 677840 172075 535825 373976 421289 573241 343587 550412 738247 104905 470184 331304 291684 843687
541222 984907 990199 575402 874482 842141 50929 652023 859760 102379 396664 333842 730846 501035 854940 720190 954605 414583 667401 986925 857825 386443 909983 779429 814124 600489 651454 44819 482309 537745 553429 338311 852332 692874 831398 604541 609053 705118 90788 530928 477503 811851 703730 975515 644760 584010 310947 999999999 678923 1052070 332012 795638 664125 145127 537288 385062 428243 118934 814522 1002431 355190 725458 1028049 143180 826052 477779 915816 623146 492145 725192 721281 71719 892747 710885 813024 947784 678327 573504 50906 122481 832235 809248 937225 1109515 365517 730324 936611 398388 614093 361298 617890 849865 299575 815832 903114 410961 659807 124482 127286 1105058
189153 409491 320736 294324 536089 243312 717648 690350 823669 650453 464302 373414 346674 649913 440612 649521 298621 265704 658841 501696 273323 626916 425809 205293 818810 384421 362297 704291 308340 148559 601940 340740 307043 242519 328278 154388 100534 734771 589200 249492 236045 200389 69128 514737 46210 385526 375760 678923 999999999 533405 440526 117119 45571 618787 445114 390030 359187 626660 204950 407983 512800 379842 355899 662757 795052 672475 343073 190557 229028 769306 672446 656382 232245 322278 770843 513983 179478 366995 633947 668313 222619 134068 603539 540327 335109 414543 363153 412512 562107 573357 329352 445326 583932 463741 576618 299604 360789 665834 666299 510148
711775 139835 557026 827492 264553 673851 1101159 653846 639334 1067148 973218 840881 322825 731861 211798 549753 598013 690428 606822 73660 702496 792817 142145 679487 672443 465714 408289 1058362 570364 648539 646903 758869 229885 762543 797538 487605 630132 659876 978352 776700 740445 334528 581716 102958 577276 918902 819333 1052070 533405 999999999 927551 495860 578441 934875 550142 667831 624086 954855 646834 164083 1012410 335719 385578 969229 630752 770743 192669 723421 582789 684652 574039 1060541 363212 341315 610755 970120 702908 486990 1022222 984686 313715 515034 266683 100701 699470 934112 175037 919133 560826 767834 436057 931452 816922 965576 274645 787131 399378 981538 1091948 149437
259851 825294 713602 250481 828349 540725 348592 760403 957019 256932 83626 92647 641871 638579 769453 784867 668777 244483 754800 876816 550768 546534 794925 478181 926174 564164 591681 373445 411455 294317 648491 197999 701003 376600 509292 439991 346619 816785 252706 223597 204627 622057 438645 877313 396463 252193 133793 332012 440526 927551 999999999 545478 409468 369324 548913 373577 393731 357634 519609 832007 89974 654439 793069 405379 922515 635137 754336 321101 356450 846327 796845 276822 672664 615615 902887 615957 376903 532861 281471 396384 644901 550935 899393 957962 279315 398363 775864 66478 669336 494286 548133 518128 455632 483989 865678 143416 597209 395737 259624 937147
286507 359920 207448 363770 556393 190354 833818 768440 881527 764767 559417 484844 386306 744500 451690 714569 194894 382818 732816 479852 221763 731577 414237 184157 883348 459614 425411 821343 410455 261197 688974 457641 290622 272547 306251 246418 198955 808384 705707 337246 341857 173662 109737 500140 152808 448900 490584 795638 117119 495860 545478 999999999 136631 735265 531866 499630 465573 743509 156911 348707 611426 423625 248076 779129 855488 770046 304502 255161 339296 842644 739037 771672 146176 366760 831060 487505 218769 448053 750277 785016 189013 27110 617667 481817 450962 440515 320897 510272 639098 679796 400895 438044 694589 469896 595419 408535 421719 782510 779568 442156
152292 453245 326989 249933 579249 220853 700729 718137 858207 629433 427603 348487 387988 669360 485042 682418 297124 256713 688463 547246 248875 638982 471355 174609 851260 415654 397947 691788 325788 126595 625962 328217 352541 198575 293025 184092 63051 764214 573661 208937 205371 244738 44346 560284 22387 340751 356180 664125 45571 578441 409468 136631 999999999 613248 470486 398830 371912 619280 183401 450511 477907 420077 383607 657486 828892 689849 387585 145141 240055 798730 704721 637263 267535 362950 804825 477441 135461 396016 617672 661619 266671 145996 647244 583385 333574 369845 407442 376969 591036 584055 362709 405156 589890 421156 619847 271910 397097 659281 643604 551654
515434 879896 938650 581713 741928 812956 194217 507094 714987 224568 448552 332848 612053 356685 731493 575643 910201 356698 522316 866978 833090 242476 793029 752329 669959 473679 528158 131106 374454 492226 408477 290674 748190 683155 824136 518080 566407 560503 139379 523182 454689 723291 656115 852707 591923 612308 293017 145127 618787 934875 369324 735265 613248 999999999 402754 270726 315090 26216 781126 900743 422331 602132 952410 44293 681180 335078 813213 604439 406442 581246 576327 197965 814001 594647 667969 962577 655935 449184 151018 51639 741905 752690 802208 999384 284852 753914 833187 432512 471085 216349 498913 865201 154479 839637 768496 397291 536873 48726 255021 1000392
482713 524995 730773 609774 339221 688226 588210 249342 417975 581186 624834 459038 238269 218023 339527 239879 726571 330827 225533 478460 717754 246153 412844 645081 397431 91047 149611 532928 159699 413824 157367 351772 405308 640597 759710 291072 464870 299101 482708 535367 458321 432438 510811 459431 450068 686803 415149 537288 445114 550142 548913 531866 470486 402754 999999999 178841 155628 426121 649923 553332 637149 215943 673476 430831 384684 249599 469141 558805 250525 333115 255813 565483 540753 231284 362789 939229 584950 87011 520193 448708 442564 557637 400096 627595 270167 785538 485375 578302 128919 217706 144575 856348 269056 857430 366134 455237 158358 445532 610660 640979
358053 609172 707077 471298 497362 617461 434867 392693 584113 413142 452155 286438 345882 293587 470185 411342 688585 183131 382798 601969 643297 241572 525687 563999 555576 219851 267266 390662 104512 303059 281898 180389 477561 530056 663089 261418 370573 448233 317556 397738 317305 459285 443084 590534 376456 537714 240157 385062 390030 667831 373577 499630 398830 270726 178841 999999999 44383 288654 581083 630265 460511 340953 695429 309178 549757 304520 542698 445134 161039 479505 423376 401176 556326 326534 529704 830541 483922 190834 359049 321971 476512 521210 563912 729311 102229 653011 562561 408666 295761 185598 232830 740153 195075 731652 529406 296746 275413 318923 441284 729666
