NAME : synthetic_000591
TYPE : CTSP-D
DIMENSION : 100
GROUPS : 8
RELAXATION_LEVEL : 1
EDGE_WEIGHT_TYPE : EXPLICIT
EDGE_WEIGHT_FORMAT : FULL_MATRIX
EDGE_WEIGHT_SECTION
999999999 646563 433841 410933 343641 75069 779108 522741 749781 913291 559252 593285 820072 735574 248589 603851 776652 648884 513675 561938 872714 778512 879304 747734 943726 138780 440042 607878 666009 585665 545490 674284 782306 255154 848237 490716 534172 642298 669096 448587 328482 809299 107204 755867 702823 548711 372101 637265 509312 495548 889114 540292 800150 789920 653100 729364 449868 669511 24160 718482 457818 159532 618721 420525 754010 280849 191067 622041 270338 388295 696979 947573 286941 212475 249746 133013 581751 514629 810990 439755 867017 485425 610111 422457 188175 850248 520692 304982 642004 642251 301410 649703 143384 431290 828055 432401 593147 473908 249997 1016489
646563 999999999 615660 243798 305786 610775 518153 651582 747477 646895 91955 674088 478807 147905 480164 181379 741219 32454 550061 456578 558711 164632 707910 929448 729585 510688 211848 969741 560276 406913 266326 860744 670338 431493 958616 171426 215747 812167 68494 227937 566511 235391 559011 109328 1057746 970264 579350 994860 422536 184961 497165 967599 636754 520256 1090175 139221 800888 1051204 666796 905517 567061 716189 990525 231042 110927 880065 645052 929986 541090 411338 55602 799252 861402 576829 692187 541031 75748 358832 913604 563039 625020 521906 582118 230759 735414 856344 836009 852549 1019116 541651 875233 840152 766658 626589 827337 653852 54751 925352 446119 807567
433841 615660 999999999 417408 402357 359557 425974 89065 316491 531557 532338 159483 497114 612362 240317 463992 345352 638146 120261 230703 520828 661692 468439 356969 538706 423579 443788 355287 274196 286887 367329 279773 366351 510721 434608 554257 404837 235924 673823 556329 110318 645540 349752 701365 442095 369213 66258 379582 219680 434616 574989 368931 398189 437885 484768 610965 199114 436806 430380 328193 61170 336691 376569 498456 718043 445952 254051 315150 175480 209465 669714 524941 404314 222621 228278 329277 593389 276369 392754 55834 483307 119658 202023 428739 621854 417019 221251 370612 404979 257142 411406 255019 562921 12445 394313 40718 583744 344227 276970 603345
410933 243798 417408 999999999 68416 369024 497325 475402 630779 642337 152444 517564 500359 325804 240340 209005 637268 253850 389123 338439 572371 367711 661124 763253 705108 281555 32303 758566 464449 316482 194071 688463 592221 240200 817116 136880 152824 641055 282639 146641 344644 403767 317485 351154 851557 747188 367516 785668 283553 89927 551636 743396 579160 504616 867733 319248 582856 838831 429546 736183 382537 472397 778065 88985 354559 636267 402881 729254 307644 210034 298017 748946 618027 336281 453377 298278 193322 236093 771932 372882 605778 354329 454400 13348 526205 745638 627922 610401 806606 440109 631966 665117 540379 426307 717059 450583 195016 695704 203763 785868
343641 305786 402357 68416 999999999 304998 541553 470025 645026 686660 216345 519705 552753 394142 195881 274831 655590 312168 394315 363496 621698 435648 695294 756352 743920 213154 96401 729559 490352 351913 246763 680020 619447 180949 819338 171547 213643 633954 337544 157064 316167 472061 253229 414508 824574 710748 345719 757561 305198 157447 608271 706199 612346 549741 830912 387524 551585 808448 362789 728310 376582 413717 748123 102949 415509 576985 350368 706406 269496 207378 358466 780692 561341 287746 405696 235736 247667 268784 774706 364320 647633 358354 470014 79073 458735 759726 602252 556610 776393 465210 575581 655821 472010 409747 731768 431462 254222 654805 155164 824135
75069 610775 359557 369024 304998 999999999 707758 448567 675120 840466 520784 518883 751472 688379 179527 550691 701731 616511 438759 489758 802014 733165 804674 680264 869464 131989 399953 555001 591773 515967 485585 605747 707399 258842 778091 465048 479603 572113 639999 429529 253511 758136 51778 719342 651501 503419 297274 584640 438440 448513 821872 495758 725823 718722 613671 682694 389485 621209 77945 650841 382750 126678 567583 393215 720401 279510 125044 562795 195423 319518 663313 872559 273332 137574 189575 72120 550787 447677 740025 364686 793919 410836 535197 381467 262362 776349 458971 281099 592299 568195 288168 580914 214796 357378 753869 359628 559009 431584 187996 941864
779108 518153 425974 497325 541553 707758 999999999 380332 304926 145207 488381 341993 88666 413293 530783 345878 278869 550526 306132 218891 96280 447207 191392 547271 214179 701696 497710 708003 161523 197008 305597 506490 185467 719597 522867 584890 357585 466993 585808 625429 483083 383037 673407 539703 764136 756997 453262 721529 269870 432735 160656 760072 133171 11911 854957 418264 604803 780440 785693 534891 369318 735329 729849 577486 569701 866453 643822 640195 521101 392756 550247 282024 827000 584541 641271 647496 551680 277817 484169 383207 110359 317540 236403 498188 949843 385388 592640 795363 753847 171468 835146 497654 922052 437069 359568 459834 526059 753573 536942 294416
522741 651582 89065 475402 470025 448567 380332 999999999 228712 468993 574276 71282 459791 628272 323651 486489 259413 676819 104982 220174 471069 676550 393612 287867 465535 510212 498686 344567 219863 280450 390456 213451 290908 591985 352869 610636 436150 165693 713706 619180 198457 649653 438432 728239 419233 380366 153879 364006 232570 478131 537238 382517 329957 392023 486303 628099 224629 423613 518895 260862 93526 420176 366751 560670 748035 516464 340860 288795 263083 265879 703603 443240 472755 311683 308713 417541 638659 295883 309587 106270 421290 129685 144213 485541 710814 327959 217582 435752 393598 209323 478069 190839 650554 91798 305322 98505 625681 373246 357610 525605
749781 747477 316491 630779 645026 675120 304926 228712 999999999 320000 688875 157434 392956 679143 535110 566627 40284 777511 255640 298023 364235 721169 209045 247686 279483 725496 646163 451104 188483 341010 485535 224177 127892 792303 221250 754642 541408 199275 815193 777025 422149 670043 661120 798343 485975 521161 377952 456859 347929 603941 457724 527123 186995 312998 597105 681901 409890 511555 746826 240549 297068 647884 470964 719761 824468 732420 569570 376295 484396 440451 791672 228465 687205 537607 535374 638733 756528 403495 180201 314733 281356 291281 176379 637811 937445 114926 367574 647473 490058 205832 690481 224661 879171 320367 86743 325467 736843 542794 562838 320412
913291 646895 531557 642337 686660 840466 145207 468993 320000 999999999 626012 414429 169833 527480 666537 482619 282486 679319 417333 351788 92491 553720 122592 565253 92530 842518 642056 764563 258013 339361 449894 543108 195735 864276 510109 726348 500609 512802 712927 768580 604461 479514 809050 653887 805506 826224 569763 773083 407273 575902 187405 830847 142266 137756 912030 533709 689756 829324 918286 560221 481134 856984 785346 721698 685340 977485 766859 691521 649152 531264 673237 187242 935756 712202 756350 783318 687062 421556 479873 497154 48258 436636 329924 642983 1088051 359057 664337 901105 806244 277936 942492 540864 1055261 541240 340519 559991 660424 834892 675939 162381
559252 91955 532338 152444 216345 520784 488381 574276 688875 626012 999999999 602526 464191 193277 388286 143403 686675 107304 475672 392197 543083 227309 672483 856830 702537 425298 120895 884495 505527 349121 203634 785982 623455 356747 893757 114302 147471 737474 141662 169911 477605 280032 469097 198746 974007 882005 492617 910189 351119 97754 496499 879066 596384 492474 1002204 185317 713556 965786 578862 831848 486712 624612 904981 154369 202868 788514 553096 847444 450039 325062 147130 763716 769531 484937 600514 450472 67659 289083 848432 481244 598250 445291 517823 139603 658095 800705 751245 760597 933609 484657 783338 764482 683200 542847 771591 569549 51525 835524 354180 782490
593285 674088 159483 517564 519705 518883 341993 71282 157434 414429 602526 999999999 426556 635197 387211 501170 188609 701230 128863 222630 427135 681997 329917 255396 402559 575983 538116 366511 181447 280756 408324 189809 227993 652111 300007 649845 458873 142205 738712 663510 267127 646864 507113 742696 428799 416449 222574 381403 251912 509198 502195 420124 272763 353157 513069 636001 275829 440865 589814 232209 149050 491102 388491 605037 764794 582934 412135 301108 330815 312472 723916 374364 538553 381637 379175 485568 668734 315324 255124 165337 367837 163239 112498 526634 781230 258871 252427 500375 413194 178702 543086 172582 721779 162968 235263 168813 653262 420541 418686 459043
820072 478807 497114 500359 552753 751472 88666 459791 392956 169833 464191 426556 999999999 357734 572134 321539 365577 511145 377009 275005 79917 385208 257148 635933 258206 730729 495005 793065 245110 236309 306787 594664 270907 733556 609505 569451 350750 554554 544130 615509 542178 313672 713070 484283 851297 839048 516861 807406 315966 425020 77948 841696 215086 79962 939459 363903 682911 866569 828881 623500 437997 791047 815028 573049 515632 929565 699155 726378 572951 432055 503678 342363 891864 635884 703276 687151 522622 306337 571563 450138 158369 382625 317734 498850 982845 468989 674923 862300 839489 250940 900852 585342 963445 508773 444146 533208 495331 831984 572204 332150
735574 147905 612362 325804 394142 688379 413293 628272 679143 527480 193277 635197 357734 999999999 532935 151241 665750 175590 523294 412873 436000 49524 604338 886997 615301 607268 299275 965512 491565 354560 245720 824996 584213 548820 898242 303061 220460 777274 200120 360331 589009 88802 637915 126869 1046448 980054 590725 987967 397154 240257 362583 978937 541896 412754 1096976 8706 808776 1046599 753272 866112 556030 778868 987236 347228 157915 941094 697911 916193 579586 429948 152508 694002 916298 626919 734364 616349 217418 336452 854623 556745 512731 502466 530709 315283 847656 780248 832108 901043 1015290 477964 929139 807229 866150 624390 751997 652787 190096 945322 507085 689851
248589 480164 240317 240340 195881 179527 530783 323651 535110 666537 388286 387211 572134 532935 999999999 387222 555962 493109 283182 314749 624145 580327 640195 595003 701696 190550 272444 538245 425117 337141 312482 517614 547340 270677 674686 366620 315280 475462 522869 351071 135148 595016 142684 583879 634501 515348 175023 566848 260913 300812 642345 510611 559041 541512 635317 528304 359603 615800 256748 565786 239000 246560 556003 298797 590922 408159 166104 521412 76567 140081 535406 714071 384475 96677 213044 116842 433661 268266 632351 222036 620896 250410 377321 253675 422360 644441 415202 372844 583970 400460 397756 492489 391871 243903 619110 259103 434265 458972 42207 776816
603851 181379 463992 209005 274831 550691 345878 486489 566627 482619 143403 501170 321539 151241 387222 999999999 559860 212339 382210 279883 400028 200653 532201 756096 559847 483818 191981 818587 379040 227103 96897 690112 489710 448266 779568 248789 71954 641752 249666 297779 437778 208102 501787 242052 901789 830236 439917 841829 253929 119907 358505 828892 458305 349587 947825 148584 658941 899947 619680 733380 409344 633782 840114 262423 263644 794587 550447 772041 429835 278822 225553 623626 768253 479287 584472 478693 205825 190856 734795 408770 455377 358148 404071 202344 733243 675013 684750 751698 868367 360832 780819 670806 740059 475832 646021 504111 180645 794350 364996 639548
776652 741219 345352 637268 655590 701731 278869 259413 40284 282486 686675 188609 365577 665750 555962 559860 999999999 771856 273454 300245 331465 706287 169301 283068 239314 746496 650856 491256 181381 337555 483067 263623 95471 808203 244027 757559 539597 239550 809373 782672 448231 651759 685461 787066 524814 561416 404605 496734 353742 604929 427232 567349 154253 286001 637078 668970 448281 551104 774630 277840 320474 679581 511039 726136 814083 768379 599326 416342 509012 453955 783608 189873 723390 564182 567784 662459 754273 405646 206370 338435 245621 308060 185907 643578 963705 115278 407313 684052 529920 202179 727019 264741 908133 350195 86502 357417 733503 582479 581639 280741
648884 32454 638146 253850 312168 616511 550526 676819 777511 679319 107304 701230 511145 175590 493109 212339 771856 999999999 576218 485195 591040 186464 740163 956432 762034 511634 221550 991172 590729 436642 294592 887014 701810 425780 987589 164004 242358 838435 37754 218103 584906 261323 564757 113312 1080133 989304 599642 1016668 449371 204405 528725 986370 668720 552671 1109489 167023 820747 1072529 669741 932165 590980 725145 1011757 229398 105382 888768 656692 953016 556556 431873 49148 831524 871609 589540 705916 547884 67678 385940 942491 586280 657464 547268 610946 240553 729833 886892 857727 864234 1040377 571749 885621 866101 765243 648846 857855 675795 58876 942645 457535 840019
513675 550061 120261 389123 394315 438759 306132 104982 255640 417333 475672 128863 377009 523294 283182 382210 273454 576218 999999999 117765 401440 571574 366842 381206 433797 473504 409297 447050 159601 177513 286725 310796 268641 536669 427995 520989 334314 262218 613445 535360 190066 545689 416896 624182 523916 475750 152697 467578 128468 381273 454923 476817 290474 318040 585981 523146 310842 526962 514712 356223 64006 440593 469143 476981 644565 562106 351778 393488 243343 187230 601252 434178 521712 303505 339156 392874 541320 192233 382833 79863 369183 36097 96439 397996 697874 368628 316744 489373 496467 139782 529482 290111 651092 131786 341674 156524 526741 459116 308206 503896
561938 456578 230703 338439 363496 489758 218891 220174 298023 351788 392197 222630 275005 412873 314749 279883 300245 485195 117765 999999999 314480 460105 335727 476568 391418 493574 350788 564217 126933 60286 190645 412392 255957 529742 502506 457449 245001 364489 522932 482894 267352 429666 457292 520562 638981 593233 242426 584138 59377 305921 351545 594119 252585 230193 703735 413511 426934 643693 567694 454465 169606 517888 586355 426939 543358 654574 426108 508622 302288 181391 504463 418319 617139 365721 428273 431540 459721 105614 457344 178992 306342 111433 125877 344103 736514 411614 434471 588352 613475 102019 626356 394361 704405 242997 382627 269891 441216 574213 325512 469303
872714 558711 520828 572371 621698 802014 96280 471069 364235 92491 543083 427135 79917 436000 624145 400028 331465 591040 401440 314480 999999999 461407 196504 611724 183978 791056 568968 789979 251238 287742 378310 579152 236618 801718 571287 647005 425302 543224 623922 691866 579351 387034 766516 562120 840337 843580 549430 801654 363586 500229 101233 847166 177433 84603 937594 442405 695635 859740 879892 602708 464927 831515 811510 647783 593717 962483 739954 719871 616762 485084 583092 274401 922814 680190 737465 740566 602162 365199 536733 479087 94527 413716 326929 571702 1041040 424324 679442 890813 834418 264466 930816 573076 1015891 531713 402118 553792 574982 843819 628356 254436
778512 164632 661692 367711 435648 733165 447207 676550 721169 553720 227309 681997 385208 49524 580327 200653 706287 186464 571574 460105 461407 999999999 636952 932761 643388 648286 339750 1014557 534542 401242 295219 871707 622527 583980 941135 331126 269292 824172 202874 388538 638357 82731 682362 106335 1095059 1029521 640245 1036869 445954 284667 380854 1028426 577949 445657 1146359 52443 858251 1095584 796722 912308 605153 825801 1036312 381433 138663 988407 745683 964744 628214 479208 151657 725448 964170 674797 782993 661283 239335 385628 897875 606039 542525 551282 576327 356575 885180 820177 881249 949413 1064327 521964 977108 854283 907121 673741 792206 702148 214255 994834 553517 715837
879304 707910 468439 661124 695294 804674 191392 393612 209045 122592 672483 329917 257148 604338 640195 532201 169301 740163 366842 335727 196504 636952 999999999 448195 72865 825732 666790 659868 215174 344823 478737 432922 102718 865219 387890 762371 534144 407546 775913 798088 556564 569327 779596 730918 693746 727600 516995 665904 395068 607584 297713 733080 83211 191606 806122 609453 603754 720404 881175 445492 427096 803719 679887 746273 761037 909980 717037 585265 609432 515284 741311 91445 866366 670285 696717 754684 737511 427009 358807 444642 102091 393879 271030 664219 1061214 236542 569779 829146 699102 240152 871591 433627 1017785 476297 218753 490451 712833 743825 656923 137191
747734 929448 356969 763253 756352 680264 547271 287867 247686 565253 856830 255396 635933 886997 595003 756096 283068 956432 381206 476568 611724 932761 448195 999999999 512985 769236 786235 252500 406353 532903 663705 77392 375578 865524 120377 898235 714088 122461 993853 906888 460392 891945 685143 997128 254289 341172 420312 245983 507064 762341 703678 350012 434660 556319 382534 888275 310865 289677 737086 29571 381083 608978 266594 848412 1019730 637686 556861 181339 524121 553691 979288 438585 592260 555748 500391 669092 922514 570634 109302 392224 528504 412785 356434 773320 931228 232451 241478 549743 276676 413913 590245 102535 852269 351781 237393 336235 907812 391104 633202 534288
943726 729585 538706 705108 743920 869464 214179 465535 279483 92530 702537 402559 258206 615301 701696 559847 239314 762034 433797 391418 183978 643388 72865 512985 999999999 884607 708011 730568 277717 392054 516854 502230 174817 917557 443479 798327 570340 478635 796538 837447 623863 570523 842478 742069 761577 799547 585302 735806 450076 645134 279839 805155 143697 210317 876265 621207 676614 789547 946472 512214 495300 872799 750333 787870 773188 981606 785217 655622 674794 572674 758587 98418 938201 736419 766877 817254 765549 475298 418444 512579 104679 458974 339143 707082 1123796 291707 642350 901248 768964 301667 943604 504048 1083379 546914 278243 561836 739666 816554 716060 80878
138780 510688 423579 281555 213154 131989 701696 510212 725496 842518 425298 575983 730729 607268 190550 483818 746496 511634 473504 493574 791056 648286 825732 769236 884607 999999999 308538 671542 610740 504699 437994 692492 735410 126854 856935 352229 417417 653652 530925 309888 313563 684756 94487 619986 768916 627235 357335 701183 435919 369636 794547 620163 743534 711610 740498 600597 498637 741758 161255 739686 428849 258666 685850 282584 616947 407218 238999 670801 248281 312205 560062 902135 404395 215060 306423 102315 444235 425944 815896 411552 798622 440180 566845 292016 253576 834123 564420 413085 711766 585610 419238 667242 258907 425048 809121 435134 456746 557892 168809 961415
440042 211848 443788 32303 96401 399953 497710 498686 646163 642056 120895 538116 495005 299275 272444 191981 650856 221550 409297 350788 568968 339750 666790 786235 708011 308538 999999999 787632 475300 323728 192172 712084 601771 257056 836817 112011 144321 664353 250444 132482 374393 379534 348300 319621 880085 777729 395787 814510 298235 72649 542648 774068 585666 504380 898274 292393 612591 868131 459125 759528 406497 504447 807317 79868 322500 668287 435183 756905 339017 234960 265868 755667 650259 368498 485487 329578 161311 246272 791513 397686 607176 375206 470010 19014 549499 760765 656392 642704 835892 451513 664214 689055 567400 453047 731993 477885 162724 726977 236059 788885
607878 969741 355287 758566 729559 555001 708003 344567 451104 764563 884495 366511 793065 965512 538245 818587 491256 991172 447050 564217 789979 1014557 659868 252500 730568 671542 787632 999999999 547957 624351 721727 231073 568980 788365 371089 894102 760111 252482 1026148 886592 414493 992550 577836 1056652 97495 92397 392560 29676 568866 786854 868481 102322 623518 718985 147751 964529 178652 81535 591065 237288 409544 450691 22205 831439 1073147 426250 433558 75788 461933 559437 1024198 670358 384698 464226 366459 570295 943141 629122 360611 409936 721208 463678 477023 770935 773559 474609 134037 344451 49789 544089 378464 226578 681451 343859 472398 316133 935547 159203 580448 765757
666009 560276 274196 464449 490352 591773 161523 219863 188483 258013 505527 181447 245110 491565 425117 379040 181381 590729 159601 126933 251238 534542 215174 406353 277717 610740 475300 547957 999999999 156524 302036 355956 129149 654561 406707 579518 358725 313046 628304 607742 348478 487528 565096 609933 607862 595488 312278 562524 185376 425616 321000 598549 134224 172995 694413 494078 444477 621822 668874 389809 223205 600064 569928 552527 635985 719818 510751 481748 397346 301476 603592 293367 678489 459379 498363 540014 573078 229048 363334 239460 209790 181767 75692 469587 846612 296186 431137 644605 594492 25484 685581 344129 805846 284285 267133 304575 552143 592887 441949 351713
585665 406913 286887 316482 351913 515967 197008 280450 341010 339361 349121 280756 236309 354560 337141 227103 337555 436642 177513 60286 287742 401242 344823 532903 392054 504699 323728 624351 156524 999999999 145538 470502 278941 526395 552466 424771 202201 422931 474359 455970 310930 369411 479123 465166 699243 652119 291380 644387 80250 270076 309662 652782 262679 206941 763381 355558 484725 703925 593626 511627 225790 556038 646476 402573 489076 698942 464241 568895 337204 197512 452651 432502 663197 399871 472971 453163 416721 83273 507715 233253 297652 167316 177736 320028 753495 451762 494219 636347 673655 135679 673092 453089 728997 299299 422651 326798 396213 631092 340670 472223
545490 266326 367329 194071 246763 485585 305597 390456 485535 449894 203634 408324 306787 245720 312482 96897 483067 294592 286725 190645 378310 295219 478737 663705 516854 437994 192172 721727 302036 145538 999999999 596182 422092 427702 693139 283725 56861 547681 332317 320604 346404 290210 439735 337820 804951 734369 345455 744933 158261 128865 361756 733220 399432 312208 851548 243916 563079 803071 558789 640247 312447 556800 743275 271897 357842 714346 469935 675278 345155 190001 315595 568896 685409 399139 498344 415036 271269 94583 647989 311989 415288 261624 316479 193592 691456 597083 587925 666269 771510 281022 697410 576306 686180 379233 567968 407563 251348 700141 297609 597717
674284 860744 279773 688463 680020 605747 506490 213451 224177 543108 785982 189809 594664 824996 517614 690112 263623 887014 310796 412392 579152 871707 432922 77392 502230 692492 712084 231073 355956 470502 596182 999999999 348088 788151 177836 823999 645020 48581 924229 831373 383046 835037 609192 931945 262488 310066 342928 233851 438374 690588 666003 317539 405492 516429 374490 825810 247057 287485 664428 48426 305931 539255 249626 772970 953553 579567 483220 155295 446895 478562 911524 439331 533672 479538 428838 592708 851045 502226 149006 316365 502412 340791 297813 698770 859048 246277 182403 491310 266925 359816 533009 25258 782476 274436 241876 258916 837206 347584 555829 534833
782306 670338 366351 592221 619447 707399 185467 290908 127892 195735 623455 227993 270907 584213 547340 489710 95471 701810 268641 255957 236618 622527 102718 375578 174817 735410 601771 568980 129149 278941 422092 348088 999999999 783150 338744 703675 478894 317070 738827 734229 457095 564021 684546 707987 610573 632350 416569 577350 314523 548799 331766 637332 59193 191844 716361 588071 502977 633691 783235 367874 327032 702290 589686 679786 736211 807261 616436 495792 511981 428981 709493 166766 763660 571810 594568 660073 690393 356191 301800 344810 154395 297975 172202 596881 965973 200325 472089 726515 610509 154460 768927 345203 919387 373973 174126 387778 667796 644910 567034 237170
255154 431493 510721 240200 180949 258842 719597 591985 792303 864276 356747 652111 733556 548820 270677 448266 808203 425780 536669 529742 801718 583980 865219 865524 917557 126854 257056 788365 654561 526395 427702 788151 783150 999999999 944369 261778 392322 746133 438579 209815 405182 632980 218635 538366 885851 749020 445694 817842 470369 328363 789058 742347 782009 728203 863976 541187 612315 860972 279106 836244 503133 385520 803753 202594 530069 531837 360453 781840 342412 355285 474918 947701 530748 324811 427272 220069 358641 443299 901510 487434 823868 501073 623129 245953 304120 904910 674891 539940 830361 629086 545581 762991 345976 514563 878259 529365 376817 681441 234401 997003
848237 958616 434608 817116 819338 778091 522867 352869 221250 510109 893757 300007 609505 898242 674686 779568 244027 987589 427995 502506 571287 941135 387890 120377 443479 856935 836817 371089 406707 552466 693139 177836 338744 944369 999999999 948121 747173 205998 1025339 963309 543631 891220 777748 1015423 360273 460897 500635 362084 543804 803599 669332 469894 396283 530018 494280 900661 424247 400382 839400 143097 444517 716498 383826 904883 1040571 754925 657412 301438 608812 612335 1005111 357007 709232 647820 605273 759583 960959 604728 45406 458754 480669 463033 376663 825901 1034276 151980 357274 666743 391198 420976 707834 200753 959505 432163 169911 422381 943373 511406 709996 449580
490716 171426 554257 136880 171547 465048 584890 610636 754642 726348 114302 649845 569451 303061 366620 248789 757559 164004 520989 457449 647005 331126 762371 898235 798327 352229 112011 894102 579518 424771 283725 823999 703675 261778 948121 999999999 228387 776317 179124 57455 479666 391300 413897 276736 987646 879736 504017 921460 407277 155159 606690 875528 683103 590211 1000157 294694 717503 974008 512462 871492 518283 580670 913340 71980 268599 742397 521333 865938 438401 346277 213147 852621 729447 459292 577243 399991 97041 351920 902777 509161 695245 487087 579058 125627 565855 868833 764136 726613 941816 556517 743885 800897 602565 563186 839915 587415 117682 825461 326517 878990
534172 215747 404837 152824 213643 479603 357585 436150 541408 500609 147471 458873 350750 220460 315280 71954 539597 242358 334314 245001 425302 269292 534144 714088 570340 417417 144321 760111 358725 202201 56861 645020 478894 392322 747173 228387 999999999 596441 279854 267992 370215 279985 431146 296591 845868 767304 375478 784301 207024 75296 399189 765515 455471 363471 885899 216852 596294 841637 549461 689930 353415 561841 781325 222508 313559 722786 478777 717094 359157 210796 267482 624617 696781 407636 513925 407727 215121 143623 701914 350757 467798 306478 370799 149449 668928 653392 626075 680783 809776 337458 709440 624408 671745 416272 624281 444177 196238 728631 293324 651104
642298 812167 235924 641055 633954 572113 466993 165693 199275 512802 737474 142205 554554 777274 475462 641752 239550 838435 262218 364489 543224 824172 407546 122461 478635 653652 664353 252482 313046 422931 547681 48581 317070 746133 205998 776317 596441 999999999 875655 784470 341865 788593 572615 883645 297447 322541 300440 260313 389820 642182 627278 328871 372705 477297 399449 777992 232527 317198 633710 95175 258698 513177 272850 726006 905132 566167 451585 178726 406484 431346 862979 423317 520150 442656 400881 555074 802611 453678 169624 269768 470311 292353 251914 651231 828613 243826 176565 478305 293454 315311 520806 31118 755428 231573 233784 218563 788679 349939 512824 517528
669096 68494 673823 282639 337544 639999 585808 713706 815193 712927 141662 738712 544130 200120 522869 249666 809373 37754 613445 522932 623922 202874 775913 993853 796538 530925 250444 1026148 628304 474359 332317 924229 738827 438579 1025339 179124 279854 875655 999999999 228843 618285 281992 588384 112950 1115616 1022831 634155 1051849 486819 239385 558765 1019723 705133 587669 1143152 191898 854860 1107424 690507 969492 627357 751259 1046613 248596 94655 914465 685125 988858 588017 466710 51517 867204 898606 618920 735904 572541 89949 423468 980237 622352 692091 584238 648692 269290 741622 924443 892905 892457 1075242 609412 912757 903212 781452 684401 895416 711172 90788 975028 486228 874094
448587 227937 556329 146641 157064 429529 625429 619180 777025 768580 169911 663510 615509 360331 351071 297779 782672 218103 535360 482894 691866 388538 798088 906888 837447 309888 132482 886592 607742 455970 320604 831373 734229 209815 963309 57455 267992 784470 228843 999999999 473143 448415 379547 331383 981635 866409 501695 914620 429330 192727 656253 861601 717411 631445 986282 351998 708516 965355 471125 879393 525811 549461 905090 58554 321106 708770 496954 863074 425895 353334 266966 887389 698769 439148 556295 368381 152646 378696 918186 515026 735506 500309 600669 139226 512897 891814 759210 698882 933327 583879 713407 807615 554132 564322 863155 586944 174781 808648 309362 918302
328482 566511 110318 344644 316167 253511 483083 198457 422149 604461 477605 267127 542178 589009 135148 437778 448231 584906 190066 267352 579351 638357 556564 460392 623863 313563 374393 414493 348478 310930 346404 383046 457095 405182 543631 479666 370215 341865 618285 473143 999999999 636102 240082 661904 508716 404552 44614 442063 231648 381554 618156 401479 480498 494754 524927 586097 238228 494364 327324 431079 130249 252861 433676 417292 674290 388133 162420 390646 65285 159419 621954 620771 352407 116031 162042 219110 532579 269993 502355 112334 556641 167846 285557 357228 515545 525849 286085 327015 462162 326855 362589 357859 462642 111513 502361 124183 527549 359588 175097 693423
809299 235391 645540 403767 472061 758136 383037 649653 670043 479514 280032 646864 313672 88802 595016 208102 651759 261323 545689 429666 387034 82731 569327 891945 570523 684756 379534 992550 487528 369411 290210 835037 564021 632980 891220 391300 279985 788593 281992 448415 636102 999999999 708727 189006 1068647 1014722 632206 1013260 426021 315142 301816 1014454 515795 380035 1128997 97421 844392 1072647 825901 873272 586456 841515 1014587 432785 221280 1001630 757189 938280 634437 480120 231661 655943 974217 686048 788276 686048 306142 371054 849103 589774 472025 529905 537290 394270 929030 763757 860923 956102 1042066 478095 986497 819294 943003 657880 736503 686257 278895 985757 573046 640775
107204 559011 349752 317485 253229 51778 673407 438432 661120 809050 469097 507113 713070 637915 142684 501787 685461 564757 416896 457292 766516 682362 779596 685143 842478 94487 348300 577836 565096 479123 439735 609192 684546 218635 777748 413897 431146 572615 588384 379547 240082 708727 999999999 667614 675109 532750 284694 607499 403544 397815 781924 525695 699298 684096 646250 632117 406397 647469 119055 655579 364988 171472 591849 341988 668622 329276 144672 579259 176724 281622 611536 850797 320367 129963 212108 25959 499101 407456 738082 347037 763223 386585 512877 329863 281626 765912 473453 324627 617601 540836 335131 584052 250436 349356 742250 355675 507232 463632 143043 916594
755867 109328 701365 351154 414508 719342 539703 728239 798343 653887 198746 742696 484283 126869 583879 242052 787066 113312 624182 520562 562120 106335 730918 997128 742069 619986 319621 1056652 609933 465166 337820 931945 707987 538366 1015423 276736 296591 883645 112950 331383 661904 189006 667614 999999999 1141763 1062849 670770 1080684 495792 283960 485264 1060760 667273 539395 1181903 121468 892184 1138169 776037 974849 648944 822919 1077897 339596 32385 986821 749618 1012500 641416 503734 65112 820755 966981 680459 794313 649195 179738 432364 971197 647019 639598 599393 642895 338348 842485 902063 922615 956723 1106335 594475 980636 912800 875614 712843 873533 740768 163431 1021489 551454 816266
702823 1057746 442095 851557 824574 651501 764136 419233 485975 805506 974007 428799 851297 1046448 634501 901789 524814 1080133 523916 638981 840337 1095059 693746 254289 761577 768916 880085 97495 607862 699243 804951 262488 610573 885851 360273 987646 845868 297447 1115616 981635 508716 1068647 675109 1141763 999999999 163729 484308 68047 649368 876253 924582 173867 667819 774557 137695 1045931 275291 47713 685391 249975 492829 544621 84115 926006 1159413 506260 530700 130440 558039 649453 1111698 691653 467401 561625 463479 667754 1033916 711196 361901 495183 764873 544162 541268 863734 864953 486696 223694 429156 62945 607326 459525 267284 770841 431290 490315 404465 1025297 240264 676672 787535
548711 970264 369213 747188 710748 503419 756997 380366 521161 826224 882005 416449 839048 980054 515348 830236 561416 989304 475750 593233 843580 1029521 727600 341172 799547 627235 777729 92397 595488 652119 734369 310066 632350 749020 460897 879736 767304 322541 1022831 866409 404552 1014722 532750 1062849 163729 999999999 392081 112102 588739 785482 915974 10394 684045 768405 120547 978264 171302 123121 529890 323400 428540 389247 87938 813661 1076875 342681 388737 160049 441475 559539 1025526 745619 303701 431311 321749 528956 936937 645169 447569 425023 781138 486026 521399 760072 704482 556258 164361 265855 100933 588112 295813 300836 608889 356907 551477 328496 932085 77203 557091 840053
372101 579350 66258 367516 345719 297274 453262 153879 377952 569763 492617 222574 516861 590725 175023 439917 404605 599642 152697 242426 549430 640245 516995 420312 585302 357335 395787 392560 312278 291380 345455 342928 416569 445694 500635 504017 375478 300440 634155 501695 44614 632206 284694 670770 484308 392081 999999999 418997 215029 395255 593815 390099 442497 465071 511320 588442 221671 473568 370192 391213 90003 287967 412714 444671 685064 413438 200043 362047 109373 168013 634351 579072 375029 159705 188056 263662 550598 261728 458949 72930 521680 135723 246203 379557 559526 481250 260615 345956 441345 291866 384018 317886 504708 68890 457829 86236 543432 354688 212927 653456
637265 994860 379582 785668 757561 584640 721529 364006 456859 773083 910189 381403 807406 987967 566848 841829 496734 1016668 467578 584138 801654 1036869 665904 245983 735806 701183 814510 29676 562524 644387 744933 233851 577350 817842 362084 921460 784301 260313 1051849 914620 442063 1013260 607499 1080684 68047 112102 418997 999999999 590932 812479 882170 122449 632912 732334 140652 987155 207415 59763 620323 233940 432494 479838 24276 859245 1097619 451560 463233 81837 490447 585234 1049132 672380 410739 493579 396135 599894 969351 651834 355147 433671 730562 485614 492971 797957 802173 473141 158947 371018 33210 559822 404008 232545 709547 368397 472754 341008 961345 183882 609037 768109
509312 422536 219680 283553 305198 438440 269870 232570 347929 407273 351119 251912 315966 397154 260913 253929 353742 449371 128468 59377 363586 445954 395068 507064 450076 435919 298235 568866 185376 80250 158261 438374 314523 470369 543804 407277 207024 389820 486819 429330 231648 426021 403544 495792 649368 588739 215029 590932 999999999 259806 389853 588585 311904 280618 703201 396565 418754 649739 516307 482982 160508 475799 590711 372472 516103 619274 383993 519214 257090 124013 473166 477579 584053 319923 393607 377642 417818 63874 498405 164075 362800 105327 171856 290115 680980 462581 436034 558048 618602 160108 594192 418205 652378 232066 433863 260373 401586 562234 268680 528323
495548 184961 434616 89927 157447 448513 432735 478131 603941 575902 97754 509198 425020 240257 300812 119907 604929 204405 381273 305921 500229 284667 607584 762341 645134 369636 72649 786854 425616 270076 128865 690588 548799 328363 803599 155159 75296 642182 239385 192727 381554 315142 397815 283960 876253 785482 395255 812479 259806 999999999 470728 782736 528016 438718 905511 234328 616494 868179 513050 736890 389612 543435 807391 148123 293626 706898 466892 749744 357625 227477 240446 697642 685031 397109 510367 376616 160529 200541 758198 383772 542875 349836 429920 82500 615995 717372 653533 673423 836015 403124 698444 668722 627909 445100 688335 471797 149129 740473 270670 725948
889114 497165 574989 551636 608271 821872 160656 537238 457724 187405 496499 502195 77948 362583 642345 358505 427232 528725 454923 351545 101233 380854 297713 703678 279839 794547 542648 868481 321000 309662 361756 666003 331766 789058 669332 606690 399189 627278 558765 656253 618156 301816 781924 485264 924582 915974 593815 882170 389853 470728 999999999 918761 273258 150037 1015263 369919 760655 941096 898841 692768 515732 865623 890361 618286 517494 1005977 773783 800851 646861 502498 514119 373624 968679 709429 779643 756107 549503 374510 633464 527682 195758 460057 394581 548638 1047706 524020 751727 939517 914459 328089 977828 657820 1032308 586673 501033 611153 521314 909718 639888 343194
540292 967599 368931 743396 706199 495758 760072 382517 527123 830847 879066 420124 841696 978937 510611 828892 567349 986370 476817 594119 847166 1028426 733080 350012 805155 620163 774068 102322 598549 652782 733220 317539 637332 742347 469894 875528 765515 328871 1019723 861601 401479 1014454 525695 1060760 173867 10394 390099 122449 588585 782736 918761 999999999 688618 771523 124714 977057 170286 132733 521303 331838 428627 380780 98306 809138 1074508 332455 381939 168732 437149 557221 1022921 752127 293650 425672 315146 522281 933563 644503 456034 424680 785565 486345 524195 756323 695142 563806 167724 256014 111147 590763 285658 307741 599311 356577 558648 328220 929010 67701 552241 846382
800150 636754 398189 579160 612346 725823 133171 329957 186995 142266 596384 272763 215086 541896 559041 458305 154253 668720 290474 252585 177433 577949 83211 434660 143697 743534 585666 623518 134224 262679 399432 405492 59193 782009 396283 683103 455471 372705 705133 717411 480498 515795 699298 667273 667819 684045 442497 632912 311904 528016 273258 688618 999999999 137833 771170 546319 548487 689844 802787 426548 352559 730335 644509 664907 696425 843226 642173 551162 531098 432544 673010 170002 800553 592751 625721 674181 662296 344364 360245 369633 97696 315277 196872 582573 980778 253904 522076 764714 665993 158586 806623 401513 939684 407007 229260 423713 638412 692942 574755 217945
789920 520256 437885 504616 549741 718722 11911 392023 312998 137756 492474 353157 79962 412754 541512 349587 286001 552671 318040 230193 84603 445657 191606 556319 210317 711610 504380 718985 172995 206941 312208 516429 191844 728203 530018 590211 363471 477297 587669 631445 494754 380035 684096 539395 774557 768405 465071 732334 280618 438718 150037 771523 137833 999999999 866024 417928 616530 791176 796647 544311 381213 746923 740804 584072 569649 878293 655383 650935 532459 403214 551340 281494 838872 595897 653067 658173 555241 287125 491765 395077 105794 329349 248027 505227 960150 391140 604044 807260 764701 183269 847031 507889 932926 448978 365700 471726 529361 765269 547239 290017
653100 1090175 484768 867733 830912 613671 854957 486303 597105 912030 1002204 513069 939459 1096976 635317 947825 637078 1109489 585981 703735 937594 1146359 806122 382534 876265 740498 898274 147751 694413 763381 851548 374490 716361 863976 494280 1000157 885899 399449 1143152 986282 524927 1128997 646250 1181903 137695 120547 511320 140652 703201 905511 1015263 124714 771170 866024 999999999 1095424 289725 93949 632801 373000 542697 494179 126686 933850 1196377 418565 503687 220913 561812 679123 1145360 812887 386912 549780 437607 644135 1057408 761129 491732 540538 868865 599150 622501 880619 797201 612434 269313 355312 107723 689626 376027 372510 698106 472654 612898 444230 1052388 182617 676920 908658
729364 139221 610965 319248 387524 682694 418264 628099 681901 533709 185317 636001 363903 8706 528304 148584 668970 167023 523146 413511 442405 52443 609453 888275 621207 600597 292393 964529 494078 355558 243916 825810 588071 541187 900661 294694 216852 777992 191898 351998 586097 97421 632117 121468 1045931 978264 588442 987155 396565 234328 369919 977057 546319 417928 1095424 999999999 806966 1045687 747198 867185 554992 774021 986212 339416 152038 936441 693504 915744 575785 426883 144681 699305 911957 622573 730565 610705 208756 335408 856923 555426 518403 501821 532143 308582 840390 783610 831006 897038 1014315 480107 924859 807853 859499 622948 755287 651320 181478 942927 501990 696053
