NAME : synthetic_000726
TYPE : CTSP-D
DIMENSION : 100
GROUPS : 8
RELAXATION_LEVEL : 1
EDGE_WEIGHT_TYPE : EXPLICIT
EDGE_WEIGHT_FORMAT : FULL_MATRIX
EDGE_WEIGHT_SECTION
999999999 361535 625445 934930 760792 372810 1103903 689680 16647 840696 727179 834716 245676 180713 859682 806415 453311 210193 635614 725848 658839 630038 244918 822182 344649 163872 714384 189085 418560 939420 510995 434873 287538 230878 212086 300298 540443 16695 554114 795969 451662 977742 974381 632730 65238 133456 929026 756594 702053 958165 704697 493809 839704 1041212 762971 540077 894331 611423 329393 618204 515445 686719 247168 947913 616005 761164 819559 731857 837233 411589 935627 472358 329959 637425 952252 813828 967091 853499 452551 859076 351421 32288 730282 776776 978713 780709 894451 882252 640634 957675 583649 134030 509264 763052 1005412 792834 194561 636042 1055717 670634
361535 999999999 614716 804119 788002 11844 792208 394762 370258 643700 576503 843057 150350 284311 751738 695337 92329 237888 309348 767069 305605 584379 191287 464987 34971 329968 362381 207418 98876 685378 150230 400075 85456 131040 356931 68628 200293 368580 514700 838879 299774 617993 725967 343193 336592 231341 597751 800755 356204 604278 343263 145057 486163 785616 459033 234845 546531 385548 138127 278059 173947 510688 319293 719448 345174 418133 568686 517317 750980 351767 582421 113837 72703 543846 744639 637389 817965 499638 137761 503188 459596 340055 374660 794605 819700 508198 843448 521812 696785 686825 314578 237921 309693 539556 778140 613365 167107 563579 724330 616241
625445 614716 999999999 357417 175611 614250 808122 517709 641743 386159 254360 229206 516032 460697 271731 234949 655409 462291 574749 163555 672774 60955 713703 924668 581182 462666 870567 512376 711154 553231 653814 219409 561449 601718 413361 629057 776093 642073 101160 229761 325383 931347 565861 491940 672467 573476 742571 195237 884439 1056893 770282 598304 961355 628654 567374 512609 1033779 372612 726326 607157 754594 288942 386553 509834 453262 941210 476211 369514 232887 265167 844179 679538 666958 143385 476600 336338 404555 970716 534358 808085 283375 596357 724237 180105 426002 503155 269505 938773 129642 600762 448408 555689 353843 397291 549013 330637 597784 106900 834039 80356
934930 804119 357417 999999999 375258 798682 596687 513348 951571 209522 227697 334981 761573 755969 85905 130053 805313 739536 615083 406402 715002 322607 956192 944620 778027 772865 932441 782166 883524 343901 775003 500321 783629 843495 730542 844270 903062 951456 389310 411633 518282 861410 329398 527008 969820 851223 627708 411789 957158 1049774 808814 723516 984547 367636 516720 609365 1053614 430183 938308 662647 889320 295270 687931 267074 499985 1000584 352440 316684 132010 525454 765653 822982 872181 297562 206994 183833 53640 989574 680594 765088 624058 903331 735381 354565 80903 422609 198065 929292 446919 399076 518680 836377 494533 313670 271018 205962 852634 303122 669905 284099
760792 788002 175611 375258 999999999 787996 919121 676596 776333 485569 376613 78436 681917 610821 298851 294614 830819 620268 742739 41260 842699 221662 876250 1094546 754067 603989 1044118 671302 885148 656436 829287 388977 731124 766554 552386 798812 951693 776966 276701 56174 500989 1086344 659117 656907 814089 727492 883284 36839 1058771 1224249 940933 773720 1131868 713807 718457 685752 1204368 536045 895324 777656 930129 431306 537211 597315 618714 1114917 602931 506644 247737 436575 995997 855039 837753 296217 550265 434721 428838 1140798 709961 966775 409393 734370 890790 23365 455557 643877 202281 1104834 123577 709129 617188 709024 527655 528714 623026 437987 759171 261101 962294 209183
372810 11844 614250 798682 787996 999999999 780979 384592 381662 636403 571187 842233 158320 292421 747250 690941 81764 245387 298197 767606 293761 582877 202389 454764 39402 338440 352960 216470 97329 675980 138631 400756 94263 142532 364270 80414 193104 379994 513937 839214 297185 606369 716686 333457 348319 242215 586157 801262 347510 594383 331904 133428 476395 776015 448362 225043 537314 378383 146395 266479 166875 504754 325354 710849 336268 409580 559655 509840 747250 352257 570588 104136 82033 540865 736701 630859 811863 489820 128674 491387 464347 351060 362840 794262 813256 498542 840628 511008 698120 676871 305975 248417 304587 531642 769471 606814 178497 561245 712693 614235
1103903 792208 808122 596687 919121 780979 999999999 414226 1117706 433553 554383 905979 860437 944075 640221 627265 728087 900964 482924 935921 511324 747873 983337 595292 789807 984965 656331 914819 811033 263117 665775 783205 834538 904898 969759 859394 746656 1116567 759632 968764 681735 395068 267985 471176 1103486 975727 210575 954527 690519 629231 545601 648850 628101 235778 341182 568509 673500 517492 915414 516935 751216 526547 911119 331300 490238 698169 335883 446828 687264 767092 323227 727108 859865 668328 389733 484470 554264 624721 664307 385023 947003 1073837 466416 904584 529225 337914 787111 537281 935787 210048 521708 971038 613958 415230 330194 483047 934231 702771 123140 733833
689680 394762 517709 513348 676596 384592 414226 999999999 703522 310233 322455 697815 446748 532188 496503 450628 350877 487772 108802 676609 202508 460125 584320 436377 385883 574681 419442 500595 437750 297096 299531 409790 425058 496145 564247 458207 415942 702394 434971 732635 284482 413991 338989 56950 690535 562040 257187 704838 445186 554526 295540 263064 475946 394109 74201 160681 546954 147045 528360 158099 409046 252761 505514 345556 82297 487246 190971 198886 520749 380845 329670 359025 466449 380785 385589 329688 505986 482347 259001 290675 565916 659632 225598 671143 497593 119026 632507 433322 643516 292727 110099 556956 216537 200116 401279 308583 523471 416856 377195 467413
16647 370258 641743 951571 776333 381662 1117706 703522 999999999 856883 743668 850442 258468 197185 876326 823061 461624 225848 648022 741210 669395 646584 245762 829045 354565 180430 720561 203092 424154 954804 520131 451519 298094 239268 228388 307727 546033 1953 570701 811153 467515 987386 989915 646580 58109 144841 941677 771833 707531 964295 713518 504354 845904 1056659 776658 552999 899667 626765 332129 629773 521295 702951 263814 963776 630346 766201 834857 747671 853835 428151 946449 480112 335910 654069 968408 830196 983695 859733 464506 869472 367035 48645 740620 792444 995282 795427 910816 889947 655924 972686 597913 146944 524679 778775 1021341 809157 203165 652677 1068477 687191
840696 643700 386159 209522 485569 636403 433553 310233 856883 999999999 137109 475351 632726 660838 219299 195618 628915 632587 416121 503059 512716 328970 814255 736336 622611 688816 729187 666767 712046 171195 590271 430260 640283 706886 656189 693609 715318 856369 361351 535499 391968 654874 179750 332451 863658 736566 425505 521027 755377 840253 603909 542792 776281 243160 307595 426989 844838 258192 781538 464967 704374 154227 603737 125390 311795 796106 143585 126961 260603 436444 559299 643467 715261 258701 111761 51235 195996 780990 510594 555807 585305 808409 528196 471187 187688 213228 368773 719802 509304 223594 336404 724695 346650 111782 173493 57073 723104 287469 484116 307685
727179 576503 254360 227697 376613 571187 554383 322455 743668 137109 999999999 383441 538113 546484 182731 130830 580597 524097 411433 387112 514308 195065 730297 757940 550338 569749 730039 563472 657136 299244 554311 302498 557011 618400 533054 616889 683148 743339 224402 430497 293374 717599 314372 320800 756244 633276 507109 409647 751699 876579 612038 501206 797236 379519 350269 389593 868737 210355 710646 455718 667823 73484 483911 262460 288187 800106 227198 132489 199377 316246 624897 599324 644494 121634 241712 93491 246581 804116 454778 604052 451826 695029 547481 366256 254011 268959 310304 755201 381405 346423 301271 619580 266856 152154 309109 80041 629447 151710 587263 179649
834716 843057 229206 334981 78436 842233 905979 697815 850442 475351 383441 999999999 744446 680501 269075 279742 880035 687000 772478 119217 874275 262151 941063 1124895 809791 676136 1081201 737718 938786 643107 873752 448370 790643 829865 624870 858260 998687 851015 328357 82360 549423 1100769 640800 684110 886704 796097 888340 101289 1097810 1250717 973066 817967 1163050 690562 732813 723633 1235452 563532 955497 810475 978152 446437 606440 577701 646897 1152168 603471 515914 219610 494372 1008325 903539 896119 325186 525647 426322 388171 1171293 756491 985177 483479 807669 917747 58581 415785 652125 143709 1130141 201532 697434 649132 777847 568304 533929 596569 433822 824504 293900 958600 238644
245676 150350 516032 761573 681917 158320 860437 446748 258468 632726 538113 744446 999999999 134103 697314 640934 237598 87914 390040 656086 419297 497675 199634 608856 120396 180398 510158 62353 241251 710476 284088 296842 65585 85995 206960 125006 350594 257202 421989 729026 244890 741715 747823 389953 244303 115305 683351 689686 505712 749759 476267 256070 632424 812785 519256 294532 694771 385086 215903 374409 324226 483887 173875 728586 376620 567846 590024 513817 686819 253796 693881 261635 167207 475937 741665 614656 784666 645649 208062 619427 319615 217653 491489 691726 791439 543973 766713 660754 579453 723459 343819 111650 287026 542292 787319 591704 91342 487126 810069 534396
180713 284311 460697 755969 610821 292421 944075 532188 197185 660838 546484 680501 134103 999999999 682315 628249 371301 50128 495342 579709 539644 457935 278937 740915 254339 47728 643807 81598 372265 765296 414894 257640 199032 188496 77380 249979 484368 196858 380862 652156 274961 862850 798956 475892 215195 117940 782028 612290 639780 882312 604278 381372 765427 866409 606378 396149 828466 438741 326958 488246 457980 506690 74249 770015 453885 701936 646449 554578 662333 231267 808347 395591 291567 458927 772519 633246 787089 778538 324612 737524 213387 148545 611800 624202 798324 613272 726411 790420 497294 786785 422837 99124 336593 586441 827025 612393 165764 459883 906681 497974
859682 751738 271731 85905 298851 747250 640221 496503 876326 219299 182731 269075 697314 682315 999999999 56679 761327 669025 591257 327035 693564 239256 894604 932684 723697 696607 910349 713517 835882 378974 736744 424999 724263 780973 652742 787129 865633 876299 308964 340208 457991 870666 373248 500982 897163 781689 644370 335684 932860 1045690 790255 683291 972346 421513 512181 572275 1043022 393068 882901 636691 849970 255941 612551 309864 469814 979959 359591 298027 51134 453937 775550 780696 817449 224092 256593 177169 135919 978481 634818 765807 541641 828433 721934 279676 160452 421513 149658 924325 362596 434161 483918 766152 443228 304275 327648 192902 787606 224093 701190 199872
806415 695337 234949 130053 294614 690941 627265 450628 823061 195618 130830 279742 640934 628249 56679 999999999 706079 613844 542040 316873 644806 194329 838034 886910 667156 643831 860802 657876 779987 364153 682739 371545 667590 724451 600925 730461 811657 822991 259286 342059 401313 834956 364735 451452 842779 726289 613992 330967 882528 1003002 742261 628913 926377 419423 471764 518914 997562 340522 826276 586534 795572 204266 559260 302714 419015 930799 327862 254296 70672 398910 740599 725754 760864 169350 256955 147176 171564 932947 579388 726231 494431 774984 676182 278425 191496 383994 183198 881540 339470 418061 431556 710932 387204 265040 330214 157341 731346 173072 679316 157557
453311 92329 655409 805313 830819 81764 728087 350877 461624 628915 580597 880035 237598 371301 761327 706079 999999999 323070 251909 813581 225508 618142 263792 373063 117284 417972 272563 297248 86888 647702 64565 450353 175248 222455 441016 155122 124227 459915 554252 883770 330678 528972 689397 306517 425764 323656 526764 846930 269246 512976 252474 88276 395200 744859 406661 202503 457196 376066 187683 211760 100309 510199 398482 690629 318572 331584 536371 502219 766735 401640 498521 25935 138839 567172 722629 629990 813174 408544 126994 417834 531930 432279 290782 835116 811767 469132 865804 429508 748717 642262 292512 330153 321037 519717 748177 606004 258750 591533 651670 646118
210193 237888 462291 739536 620268 245387 900964 487772 225848 632587 524097 687000 87914 50128 669025 613844 323070 999999999 447085 591469 489692 452901 257452 691476 206717 97843 595306 51160 328913 729397 365288 249282 153498 155236 119087 209709 438176 225153 375594 664403 241857 812937 764204 431130 232217 113216 735422 624649 592054 833028 554221 331260 716391 831102 561841 348144 779959 401535 293703 438837 411836 479221 90674 738048 410901 654311 609707 521886 652540 215115 759124 347701 251926 444941 743825 607943 767914 729436 274697 687849 238361 178228 561881 632087 777634 572979 723107 740478 511439 748586 379256 97133 299269 552928 795744 586293 140288 449845 860627 491914
635614 309348 574749 615083 742739 298197 482924 108802 648022 416121 411433 772478 390040 495342 591257 542040 251909 447085 999999999 737615 103044 521577 500584 352472 307597 541210 319099 449309 338238 402311 195479 428880 355365 424418 540536 376495 307620 646685 482461 798847 290516 383903 444459 90652 627427 503451 294044 767912 342377 482162 201564 167511 390588 496282 154920 99365 462974 209102 436040 49340 301743 338510 483570 453942 125848 388805 299645 298407 610705 390539 316644 256626 377932 448200 494353 431400 610935 398856 184577 254625 570138 607619 150141 740062 603807 226367 720555 364421 694129 392147 126401 501609 232674 304701 509088 409156 455534 481990 421134 535795
725848 767069 163555 406402 41260 767606 935921 676609 741210 503059 387112 119217 656086 579709 327035 316873 813581 591469 737615 999999999 836145 216916 848370 1088077 732777 570818 1033828 642615 864922 674253 815044 367005 707297 739955 519023 774870 935572 741895 262264 73012 485746 1088726 679241 653652 780234 697003 891118 33731 1047289 1219758 933774 759787 1124851 735947 722014 676070 1197287 533427 870690 770603 913409 436660 506666 618342 615115 1104395 614307 514290 276353 415358 999703 838195 814470 296227 573788 451872 459701 1134160 694821 967276 374913 700008 886739 64031 485902 651056 240837 1101203 85595 725930 611408 678396 517209 538263 646968 453089 731109 259817 974356 212082
658839 305605 672774 715002 842699 293761 511324 202508 669395 512716 514308 874275 419297 539644 693564 644806 225508 489692 103044 836145 999999999 621128 489047 251954 315415 587093 217495 481405 302918 478788 160961 513566 371340 433650 594669 373914 238714 667856 578126 898697 373675 323281 520737 193645 640538 525466 304728 866964 242678 386056 98841 165047 289213 565605 224868 169004 361715 311539 411817 66057 240617 441492 540778 538391 228572 286461 387460 398840 713635 471473 277422 219542 363768 549452 583630 531171 708493 298129 215043 200380 643501 633724 72296 840715 699930 311597 823590 272457 789337 459500 225625 527302 323500 402463 590704 509444 468249 582617 427637 636879
630038 584379 60955 322607 221662 582877 747873 460125 646584 328970 195065 262151 497675 457935 239256 194329 618142 452901 521577 216916 621128 999999999 697128 873029 551889 466166 823012 501296 678736 494303 611846 203771 537704 583651 419565 604667 736537 646732 77354 277583 287819 873105 508279 436849 672619 565829 682037 246447 838304 1003509 719293 556078 910258 572043 507953 464638 982755 316514 702381 556011 716040 228036 385139 453578 398380 893883 415397 308563 208939 243889 785182 641502 640784 82604 423412 280067 365883 919251 494341 750778 302497 599704 670242 221161 385114 442435 270329 884603 190561 541085 395734 548825 307390 336394 494984 272742 583322 45956 773084 40769
244918 191287 713703 956192 876250 202389 983337 584320 245762 814255 730297 941063 199634 278937 894604 838034 263792 257452 500584 848370 489047 697128 999999999 604034 199064 306922 491859 206386 199377 870712 328306 495304 174241 114046 353675 126183 316304 243811 621130 921361 437943 786848 910515 531247 193599 165678 787123 881674 474435 733170 508974 334953 616052 971927 649922 423691 664375 558188 91455 467906 294246 671261 345947 899531 529282 530142 752183 690445 885656 453252 761727 273844 125342 674665 919698 801469 976449 629986 325410 680484 491677 239100 554351 887217 981413 695343 966342 670999 768845 875070 497378 183796 468916 715734 958517 777891 117289 686644 913144 734011
822182 464987 924668 944620 1094546 454764 595292 436377 829045 736336 757940 1124895 608856 740915 932684 886910 373063 691476 352472 1088077 251954 873029 604034 999999999 489577 788279 113496 669650 407189 662153 326313 758755 548110 592372 806415 522001 287744 827246 829477 1150574 619660 234023 700898 441175 787550 695473 397577 1118918 138805 142156 154937 366838 39945 728708 429237 416180 110877 561381 513090 317533 310268 686555 758217 734306 478016 111956 598196 634699 956859 714330 273944 351399 493713 800632 788213 762723 930951 46406 433254 213860 876643 803175 210786 1092311 918500 523879 1068244 76955 1040267 627049 477362 702838 573919 631869 778203 742861 628680 834187 478909 888194
344649 34971 581182 778027 754067 39402 789807 385883 354565 622611 550338 809791 120396 254339 723697 667156 117284 206717 307597 732777 315415 551889 199064 489577 999999999 300793 389799 180135 133826 671925 167741 365776 58910 118812 325388 73093 232340 352980 481474 804704 269066 633108 711941 332303 325456 212067 599706 766477 385479 629999 361710 150829 512394 772977 452944 225221 574391 364625 160436 281064 206164 486074 285967 702659 330549 447683 553839 496986 721558 317615 592816 141259 94158 513350 725472 614123 793432 525692 126955 515095 425173 321135 386217 760928 796039 496280 812552 543637 662106 676044 298929 216359 283681 520604 761553 590186 152855 532134 726744 584336
163872 329968 462666 772865 603989 338440 984965 574681 180430 688816 569749 676136 180398 47728 696607 643831 417972 97843 541210 570818 587093 466166 306922 788279 300793 999999999 690535 123801 415607 799854 462397 272572 244516 226892 51898 291894 529524 180566 390301 642359 309749 910235 832418 518782 210688 141322 826230 602607 685949 929561 651998 429098 812512 900261 648868 441890 875161 475424 363237 535160 503134 534675 85853 801024 495332 748006 682011 586882 673483 253679 855014 442018 332723 475339 800564 658687 806406 825668 372050 784659 197114 133844 659206 618804 818999 652031 731179 838091 486693 823374 464866 123146 374008 619341 857291 638635 199939 472704 950312 506763
714384 362381 870567 932441 1044118 352960 656331 419442 720561 729187 730039 1081201 510158 643807 910349 860802 272563 595306 319099 1033828 217495 823012 491859 113496 389799 690535 999999999 569399 296862 680822 235857 688912 447194 486287 712560 415302 175835 718731 772037 1099532 553247 331581 721751 409451 677451 590201 448406 1065804 34319 243782 127299 284497 125343 758711 431870 358391 184664 523586 400647 274515 199534 656815 667584 746438 442264 70969 599756 616329 929012 642295 348961 248849 384653 756244 795197 748620 925149 139180 352834 273690 793838 696689 210592 1044116 915845 523595 1037962 186646 979526 653483 434040 598729 516739 619558 795655 726937 522343 787505 548100 842608
189085 207418 512376 782166 671302 216470 914819 500595 203092 666767 563472 737718 62353 81598 713517 657876 297248 51160 449309 642615 481405 501296 206386 669650 180135 123801 569399 999999999 291845 754988 345796 297531 122210 107602 158749 168644 406137 202024 424145 715555 274842 803988 791113 443645 197988 69971 741618 675804 563605 810128 538415 318413 692448 857154 573923 352370 753783 427268 246496 435504 379760 514806 140273 768204 427330 625466 634659 552138 698717 260711 755426 320550 210049 489728 777248 644756 808787 705779 269134 681410 287470 159337 553635 682985 817466 592950 771624 722503 562577 771013 394852 58636 326179 582101 826471 622531 89402 496416 867976 539875
418560 98876 711154 883524 885148 97329 811033 437750 424154 712046 657136 938786 241251 372265 835882 779987 86888 328913 338238 864922 302918 678736 199377 407189 133826 415607 296862 291845 999999999 734504 145423 498085 176073 195246 447521 124966 121897 422304 610639 936488 391811 588359 776161 392837 380636 299068 607154 898573 283493 540358 310932 174902 422124 831747 493124 287456 475787 456716 112219 296636 97329 588334 414055 776663 403374 342943 622672 585115 838295 449580 567762 83939 88857 634131 807572 710943 893592 435998 203163 485745 556676 402521 362746 891222 893216 555913 933937 472339 795340 729093 376130 310008 392818 603845 834401 686886 229986 655805 730547 709320
939420 685378 553231 343901 656436 675980 263117 297096 954804 171195 299244 643107 710476 765296 378974 364153 647702 729397 402311 674253 478788 494303 870712 662153 671925 799854 680822 754988 734504 999999999 596333 563317 702764 773291 774741 745018 708854 954004 516529 705723 490521 535094 42189 343151 952380 822443 295925 692047 711377 744701 553921 559623 701208 102310 254002 451342 763777 328057 821660 450051 703993 286810 718327 80348 341431 740886 120469 216480 424950 558203 440616 656111 757949 418473 142289 222391 308588 703114 547648 458865 725458 907591 470310 641616 287270 178609 527421 629658 678594 55465 373456 813569 430159 182872 116055 223382 795917 450644 326012 476369
510995 150230 653814 775003 829287 138631 665775 299531 520131 590271 554311 873752 284088 414894 736744 682739 64565 365288 195479 815044 160961 611846 328306 326313 167741 462397 235857 345796 145423 596333 999999999 459393 226549 281146 480231 216700 128917 518477 553155 883500 329364 467766 638344 260589 486678 379331 463062 847898 240038 468142 194032 55789 352546 691522 350107 165639 418725 345175 251436 151749 114481 482020 433102 643569 278565 301402 488673 464951 746218 411610 434552 61838 203201 554121 679078 595806 779102 365274 121111 354284 558037 488422 226642 831790 775804 418551 849089 376710 754996 587617 256581 384090 306457 479331 700184 572105 317007 581398 587560 636654
434873 400075 219409 500321 388977 400756 783205 409790 451519 430260 302498 448370 296842 257640 424999 371545 450353 249282 428880 367005 513566 203771 495304 758755 365776 272572 688912 297531 498085 563317 459393 999999999 342566 382690 231922 410252 573913 451455 126644 438982 139892 810293 590222 365459 472796 362374 663854 400702 697837 897707 604688 406096 792327 658508 477080 344637 863383 271512 507250 448336 550651 280240 187716 549962 329586 757736 454496 347241 404890 48785 734228 475592 448838 202772 540665 394439 534185 803218 338391 681425 163958 403492 576163 397046 547478 446725 474095 786023 298495 596776 310597 345622 197971 380945 602993 376467 380361 202267 776063 242633
287538 85456 561449 783629 731124 94263 834538 425058 298094 640283 557011 790643 65585 199032 724263 667590 175248 153498 355365 707297 371340 537704 174241 548110 58910 244516 447194 122210 176073 702764 226549 342566 999999999 71170 272539 67697 285337 296571 464154 779929 266310 690790 741723 369565 272506 154321 649155 741013 441598 688224 420421 206295 570399 804667 494893 266236 631577 385168 164957 333032 258951 497119 238081 727934 362547 503570 583135 517079 717967 296347 648362 198346 107639 507429 746367 627245 802792 583771 170932 571539 382029 263137 442747 739599 807400 530399 803611 602541 633141 710790 329943 157732 294676 543105 786938 603655 100171 522524 776301 572505
230878 131040 601718 843495 766554 142532 904898 496145 239268 706886 618400 829865 85995 188496 780973 724451 222455 155236 424418 739955 433650 583651 114046 592372 118812 226892 486287 107602 195246 773291 281146 382690 71170 999999999 265874 71158 315281 237580 507980 812954 325308 748811 812026 440723 206890 104210 717584 773463 476294 729784 474268 269524 611299 875294 565707 336970 668454 453660 138926 399646 289433 561180 245910 797120 433507 536874 653460 584945 771645 339782 711053 241660 107929 560660 814057 691811 864871 624989 240680 632715 393596 210803 503902 776769 870583 601439 852541 651472 662123 781830 400845 114808 360316 611721 856099 668465 36374 572647 844703 620269
212086 356931 413361 730542 552386 364270 969759 564247 228388 656189 533054 624870 206960 77380 652742 600925 441016 119087 540536 519023 594669 419565 353675 806415 325388 51898 712560 158749 447521 774741 480231 231922 272539 265874 999999999 326470 557196 228712 344727 590497 288822 916357 805752 509621 261845 189236 819093 550756 710240 948357 665426 442246 832497 873943 638052 441458 897079 455021 404294 539220 530870 502768 58796 771410 483172 772558 658713 559654 627830 219857 856652 465947 368305 433666 767672 623633 765753 845365 380941 789142 145247 183412 666116 567395 779364 633883 682457 852620 434821 801121 454190 170545 355885 592705 826677 604434 242530 428658 941354 460298
300298 68628 629057 844270 798812 80414 859394 458207 307727 693609 616889 858260 125006 249979 787129 730461 155122 209709 376495 774870 373914 604667 126183 522001 73093 291894 415302 168644 124966 745018 216700 410252 67697 71158 326470 999999999 244196 305972 531503 847537 329495 683887 785023 405070 270641 175362 666093 808580 405136 658905 407580 213553 540406 846053 524313 297549 597301 436084 97721 346413 218299 554518 298363 775369 403638 465760 626884 568533 782385 363914 650359 172457 42297 572386 797387 683568 861473 554123 199246 570709 444606 281452 442452 807290 864934 569271 869654 582220 700343 748912 371973 185395 351519 592736 834295 659736 107043 588525 792766 639057
540443 200293 776093 903062 951693 193104 746656 415942 546033 715318 683148 998687 350594 484368 865633 811657 124227 438176 307620 935572 238714 736537 316304 287744 232340 529524 175835 406137 121897 708854 128917 573913 285337 315281 557196 244196 999999999 544181 675001 1005183 450714 483000 751043 383298 501917 419474 537137 968773 161627 418766 213146 183428 300762 800041 456524 293967 353963 473705 225379 259023 26393 610724 518117 761462 404673 221612 606887 591156 875025 525284 475098 98534 210570 681332 800303 722912 905953 314670 242212 392932 654627 524074 281868 955208 901829 533981 977422 356001 872012 694449 384383 429469 433537 603793 816698 699362 350705 707661 654299 762732
16695 368580 642073 951456 776966 379994 1116567 702394 1953 856369 743339 851015 257202 196858 876299 822991 459915 225153 646685 741895 667856 646732 243811 827246 352980 180566 718731 202024 422304 954004 518477 451455 296571 237580 228712 305972 544181 999999999 570801 811887 466870 985764 989159 645455 56278 143434 940367 772552 705673 962461 711838 502818 844074 1055876 775504 551733 897802 625959 330200 628337 519454 702461 263765 963127 629311 764326 834036 747006 853912 427898 944931 478368 334079 653970 967879 829781 983494 857905 463119 867916 367640 48323 739060 793036 995031 794466 911107 888193 656628 971791 596864 145724 523894 778080 1020716 808714 201497 652688 1067180 687328
554114 514700 101160 389310 276701 513937 759632 434971 570701 361351 224402 328357 421989 380862 308964 259286 554252 375594 482461 262264 578126 77354 621130 829477 481474 390301 772037 424145 610639 516529 553155 126644 464154 507980 344727 531503 675001 570801 999999999 330404 224328 848481 536023 403457 595741 488486 672561 294852 785106 963640 674676 497759 865549 602438 491112 415085 937815 287952 629090 512171 653445 233252 308397 486494 364763 842477 423754 312938 283238 168457 764351 578381 568579 104024 464714 316866 428752 875275 433407 722845 236285 523518 632563 281046 445541 437590 347536 846844 211669 558626 356284 471471 256140 344462 533355 304354 506748 86537 772546 117111
795969 838879 229761 411633 56174 839214 968764 732635 811153 535499 430497 82360 729026 652156 340208 342059 883770 664403 798847 73012 898697 277583 921361 1150574 804704 642359 1099532 715555 936488 705723 883500 438982 779929 812954 590497 847537 1005183 811887 330404 999999999 554675 1141988 706643 713079 851199 769597 937538 39867 1113896 1280408 996873 828029 1187840 759467 773965 741228 1260338 592218 943496 833589 983346 486631 579310 644238 674879 1170286 656004 561260 289337 487116 1051390 908182 886997 352366 595049 485051 465192 1196812 763795 1022719 445856 770641 946954 64593 492514 698498 225201 1161007 155700 759025 673230 750956 582897 582647 667156 489535 804095 317273 1014705 265234
451662 299774 325383 518282 500989 297185 681735 284482 467515 391968 293374 549423 244890 274961 457991 401313 330678 241857 290516 485746 373675 287819 437943 619660 269066 309749 553247 274842 391811 490521 329364 139892 266310 325308 288822 329495 450714 466870 224328 554675 999999999 673620 523997 234554 471804 344712 541650 518697 564162 758114 465271 274316 653747 591469 356229 204773 725165 166327 426042 308477 429371 240253 230676 496261 202208 622917 372274 280214 453137 100155 600615 354449 361472 244284 502698 370691 539954 664415 209141 544422 283185 419503 436636 504653 546550 345121 543687 646132 426766 513737 178072 332732 68598 311676 553889 348130 336228 264114 659817 317520
977742 617993 931347 861410 1086344 606369 395068 413991 987386 654874 717599 1100769 741715 862850 870666 834956 528972 812937 383903 1088726 323281 873105 786848 234023 633108 910235 331581 803988 588359 535094 467766 810293 690790 748811 916357 683887 483000 985764 848481 1141988 673620 999999999 566667 447505 954336 845019 239297 1115990 363467 234480 277930 485848 256011 575466 368267 478800 285938 560666 700304 377399 499440 655731 861313 614658 485513 345975 511725 585176 905181 773774 95764 514497 665438 792508 675177 693503 835657 248546 538245 129286 954025 953927 251056 1079192 817572 451031 1017260 160365 1057507 487768 500280 848102 612399 570147 645617 678802 784494 829047 272124 877737
974381 725967 565861 329398 659117 716686 267985 338989 989915 179750 314372 640800 747823 798956 373248 364735 689397 764204 444459 679241 520737 508279 910515 700898 711941 832418 721751 791113 776161 42189 638344 590222 741723 812026 805752 785023 751043 989159 536023 706643 523997 566667 999999999 384336 988826 859039 327515 695246 752517 780238 595023 601261 739738 68364 296031 492334 801405 363847 862554 492233 746157 310934 749991 63450 381405 781223 158588 246099 421320 587759 473186 698013 798597 435499 122617 230254 289434 741308 588206 495529 750921 942425 511170 643158 265994 220272 519262 666453 688786 78958 413138 849742 465388 213169 79156 235539 834030 465954 344630 487407
632730 343193 491940 527008 656907 333457 471176 56950 646580 332451 320800 684110 389953 475892 500982 451452 306517 431130 90652 653652 193645 436849 531247 441175 332303 518782 409451 443645 392837 343151 260589 365459 369565 440723 509621 405070 383298 645455 403457 713079 234554 447505 384336 999999999 633879 505226 309767 683220 432014 567512 291897 218266 479762 442616 130729 108424 551955 120965 478666 136017 373512 247860 451005 384214 38750 479348 229861 210751 520055 333098 368844 317370 415489 361140 418490 343896 525272 487576 206030 320173 517572 602689 234036 653310 519669 165122 629955 447937 614482 343896 56624 500041 168414 220722 441661 321134 467457 395806 431931 448766
65238 336592 672467 969820 814089 348319 1103486 690535 58109 863658 756244 886704 244303 215195 897163 842779 425764 232217 627427 780234 640538 672619 193599 787550 325456 210688 677451 197988 380636 952380 486678 472796 272506 206890 261845 270641 501917 56278 595741 851199 471804 954336 988826 633879 999999999 130027 921417 811590 662698 920678 678209 476281 802627 1054621 762488 535522 854191 625005 282723 605335 477937 710851 287509 966170 620880 720219 831958 750061 877527 444368 917936 442353 294091 673435 974502 839999 999448 816520 442854 839431 405378 81675 710675 829235 1009592 787987 940018 850720 695534 967066 588096 139427 524146 780089 1024393 818197 172877 675058 1048542 712827
133456 231341 573476 851223 727492 242215 975727 562040 144841 736566 633276 796097 115305 117940 781689 726289 323656 113216 503451 697003 525466 565829 165678 695473 212067 141322 590201 69971 299068 822443 379331 362374 154321 104210 189236 175362 419474 143434 488486 769597 344712 845019 859039 505226 130027 999999999 797294 729734 580495 833512 573340 360467 715065 924704 634549 409184 772624 495294 228492 484963 393643 584751 190362 837174 491274 641076 702005 621277 765702 328003 802175 344168 210851 557673 846916 714727 878366 728716 319699 725756 330846 109100 597010 740329 887242 658124 835890 753153 614989 837072 458541 18872 394854 650934 895563 692492 69175 563040 924206 604992
929026 597751 742571 627708 883284 586157 210575 257187 941677 425505 507109 888340 683351 782028 644370 613992 526764 735422 294044 891118 304728 682037 787123 397577 599706 826230 448406 741618 607154 295925 463062 663854 649155 717584 819093 666093 537137 940367 672561 937538 541650 239297 327515 309767 921417 797294 999999999 915504 482362 457201 335142 452737 433454 340456 186804 389248 487477 393579 714382 319695 542729 455034 760581 375738 339483 494534 286134 376918 682760 637273 145901 523380 662197 599459 436684 468346 599138 432262 478575 183718 822307 900567 256059 873360 580078 240132 793219 349789 871937 248715 365931 795001 473549 355071 406565 456684 749281 636297 127148 679330
756594 800755 195237 411789 36839 801262 954527 704838 771833 521027 409647 101289 689686 612290 335684 330967 846930 624649 767912 33731 866964 246447 881674 1118918 766477 602607 1065804 675804 898573 692047 847898 400702 741013 773463 550756 808580 968773 772552 294852 39867 518697 1115990 695246 683220 811590 729734 915504 999999999 1079571 1249930 964813 792569 1155876 750293 748609 707799 1228343 562675 904365 801567 946696 462150 539454 633599 644796 1136442 636488 538613 284567 449025 1026306 871492 848196 324058 586902 470057 465394 1165063 727820 995382 406219 731116 916689 57620 492184 675723 235459 1131039 116059 744491 641883 711092 549078 561509 659717 472725 764399 288111 996215 238286
702053 356204 884439 957158 1058771 347510 690519 445186 707531 755377 751699 1097810 505712 639780 932860 882528 269246 592054 342377 1047289 242678 838304 474435 138805 385479 685949 34319 563605 283493 711377 240038 697837 441598 476294 710240 405136 161627 705673 785106 1113896 564162 363467 752517 432014 662698 580495 482362 1079571 999999999 258743 157501 291795 142569 790538 461012 374177 192350 543693 382981 296169 186989 678293 667204 775918 463519 62356 627934 640607 950161 650564 383056 244356 372195 773428 823765 773351 951171 156443 359866 308007 796924 685622 241808 1059454 942488 551770 1058294 214528 990924 685071 453348 589952 531139 645089 825826 751345 511957 803914 582418 859179
958165 604278 1056893 1049774 1224249 594383 629231 554526 964295 840253 876579 1250717 749759 882312 1045690 1003002 512976 833028 482162 1219758 386056 1003509 733170 142156 629999 929561 243782 810128 540358 744701 468142 897707 688224 729784 948357 658905 418766 962461 963640 1280408 758114 234480 780238 567512 920678 833512 457201 1249930 258743 999999999 293156 508949 118503 797633 534209 553625 79688 688476 641718 452106 443069 807256 900357 821437 605552 206380 698015 748783 1073548 854017 313672 490442 628389 928652 879087 871616 1031014 104798 575147 287014 1018284 940347 333491 1220821 1016022 627407 1185823 121462 1175096 702722 608487 841605 709555 741703 859223 853402 765919 963188 506479 1016275
704697 343263 770282 808814 940933 331904 545601 295540 713518 603909 612038 973066 476267 604278 790255 742261 252474 554221 201564 933774 98841 719293 508974 154937 361710 651998 127299 538415 310932 553921 194032 604688 420421 474268 665426 407580 213146 711838 674676 996873 465271 277930 595023 291897 678209 573340 335142 964813 157501 293156 999999999 223305 191077 633453 304613 261337 263530 410358 423094 163285 225735 539506 614502 619142 327311 192209 472832 493954 811415 560861 261965 236818 387682 648163 668043 625223 799893 200599 286077 179793 726837 682419 84711 939202 789954 396715 921740 187469 885356 527812 324189 578067 418999 495276 668534 604066 510368 681158 445725 735533
493809 145057 598304 723516 773720 133428 648850 263064 504354 542792 501206 817967 256070 381372 683291 628913 88276 331260 167511 759787 165047 556078 334953 366838 150829 429098 284497 318413 174902 559623 55789 406096 206295 269524 442246 213553 183428 502818 497759 828029 274316 485848 601261 218266 476281 360467 452737 792569 291795 508949 223305 999999999 396005 657169 321050 115817 464402 293334 268565 133091 166682 429444 392135 602432 231456 352158 448109 416515 691772 358772 442225 100676 211018 498510 635016 545888 729271 408151 68345 365288 511021 468889 236582 776103 726929 381022 794009 410374 700544 555099 206834 362628 250772 432857 659924 522024 303635 525641 579274 580886
839704 486163 961355 984547 1131868 476395 628101 475946 845904 776281 797236 1163050 632424 765427 972346 926377 395200 716391 390588 1124851 289213 910258 616052 39945 512394 812512 125343 692448 422124 701208 352546 792327 570399 611299 832497 540406 300762 844074 865549 1187840 653747 256011 739738 479762 802627 715065 433454 1155876 142569 118503 191077 396005 999999999 766611 469168 451286 72503 599657 524662 354314 324800 725676 785589 773724 516323 99055 638083 674396 996256 747330 305300 372339 509996 838503 827855 802595 970885 13935 463326 249993 906889 821845 250413 1129922 958395 563812 1107531 95743 1075945 665484 514835 723268 609642 671741 817238 782684 647424 871814 510080 925997
1041212 785616 628654 367636 713807 776015 235778 394109 1056659 243160 379519 690562 812785 866409 421513 419423 744859 831102 496282 735947 565605 572043 971927 728708 772977 900261 758711 857154 831747 102310 691522 658508 804667 875294 873943 846053 800041 1055876 602438 759467 591469 575466 68364 442616 1054621 924704 340456 750293 790538 797633 633453 657169 766611 999999999 343576 551031 824981 430047 921226 542721 796735 378994 818053 118958 442784 815066 222774 314325 471245 656090 485442 752072 858042 501049 164920 292320 321921 767017 648039 518194 818978 1009326 548820 696829 295889 277494 563085 688111 749626 106163 475031 915749 531982 281257 96752 299891 898130 530573 331720 549427
762971 459033 567374 516720 718457 448362 341182 74201 776658 307595 350269 732813 519256 606378 512181 471764 406661 561841 154920 722014 224868 507953 649922 429237 452944 648868 431870 573923 493124 254002 350107 477080 494893 565707 638052 524313 456524 775504 491112 773965 356229 368267 296031 130729 762488 634549 186804 748609 461012 534209 304613 321050 469168 343576 999999999 228748 537293 207541 589330 199597 453267 287490 579287 314967 155083 495442 169552 218475 542424 450772 277713 411465 529470 426293 363559 337408 501718 473575 326195 254502 635716 733109 224019 711000 489494 94647 654953 413170 695482 238349 184139 629914 287788 207906 366101 319466 594080 463095 303869 510354
540077 234845 512609 609365 685752 225043 568509 160681 552999 426989 389593 723633 294532 396149 572275 518914 202503 348144 99365 676070 169004 464638 423691 416180 225221 441890 358391 352370 287456 451342 165639 344637 266236 336970 441458 297549 293967 551733 415085 741228 204773 478800 492334 108424 535522 409184 389248 707799 374177 553625 261337 115817 451286 551031 228748 999999999 523294 179751 370331 104543 280020 316879 384795 489662 116076 429246 336485 300714 583731 302555 415253 216490 307074 399469 520238 430545 613920 461466 98321 350048 477053 511379 234152 685769 611247 273538 688840 441432 624781 452012 91208 406124 158976 317283 547728 406760 365734 429737 515702 485003
