NAME : synthetic_000626
TYPE : CTSP-D
DIMENSION : 100
GROUPS : 8
RELAXATION_LEVEL : 1
EDGE_WEIGHT_TYPE : EXPLICIT
EDGE_WEIGHT_FORMAT : FULL_MATRIX
EDGE_WEIGHT_SECTION
999999999 254734 482961 236397 730073 445257 700013 89951 171616 611980 535644 588889 333941 247057 238293 725939 560194 212785 182702 629945 698335 646999 249095 494764 481908 169398 319679 145169 283627 479513 125110 333490 636492 448267 678636 388218 453572 681780 723075 272111 359948 794945 220155 873670 618277 699068 135235 689645 489008 344743 438524 243980 240653 354566 162904 449462 241014 123492 396827 589861 267520 189191 676218 587476 700857 707343 393109 388298 251629 341281 680852 462118 475040 438609 484225 282232 60664 511973 400597 179192 631372 55728 697069 657145 444470 174816 295084 498761 830858 267951 478226 225817 820494 755193 100934 463676 660464 652172 119395 128205
254734 999999999 513677 305468 550420 693971 540448 243606 332253 494072 329332 370899 574366 446422 418848 742753 685248 166707 79150 539740 760714 749984 500771 722652 606694 85723 318093 227366 40259 721342 371950 588203 745594 412048 549766 142765 654624 543719 882496 526763 129544 846565 90677 982975 767054 589274 127205 548497 376173 95295 356827 116431 38859 394723 354558 704196 156807 378164 455322 744936 148762 443295 710770 535518 730734 858105 375422 637643 266115 331740 562760 634464 545158 410923 462772 405260 246380 708245 609544 84111 883741 199635 841365 522027 539950 135830 322733 732084 938788 198821 627594 477825 927437 570298 338885 714884 481273 668604 296479 379167
482961 513677 999999999 248443 512716 611908 448627 565581 654450 316066 473300 527892 497516 711114 713159 243664 251231 352794 518486 272904 248328 268119 525259 528936 207238 482523 773088 349606 497474 588532 560887 628291 272035 140789 372966 522309 404911 393010 463936 594224 480239 333131 572113 488418 352408 349918 451297 403957 273739 583737 223490 607493 541027 826177 356289 704909 635040 510449 90751 348684 643370 524291 200052 183718 222543 428192 844390 580689 704720 182129 353653 322428 80394 130305 102763 765193 422777 421527 406121 520741 786515 485786 403345 372948 129923 572280 200255 556430 445255 677812 267505 517851 433682 542009 439011 774957 469013 169294 369874 549690
236397 305468 248443 999999999 567192 495103 521985 317209 407910 411674 423919 484222 365469 474192 471589 492105 380085 141609 287309 413423 477996 449489 345047 472453 301260 251552 527928 102399 303837 498649 328687 453489 443450 222002 480221 369600 377613 489183 578419 404573 326829 571416 342653 682674 462191 488487 213242 498622 300001 393079 237580 377822 322943 578273 146227 553993 399412 286789 167342 441169 412675 320285 445705 358448 469459 553048 600251 447498 458951 118248 475803 339000 253684 210047 251271 518077 175764 424101 344383 288429 689166 237558 535956 464358 238087 332553 63676 490365 638581 440194 324302 329606 627430 595533 212194 603088 502990 417613 132671 320700
730073 550420 512716 567192 999999999 1058754 69106 765838 865459 198198 226322 209471 930154 969212 949761 571518 762139 517702 618015 260133 678562 756475 909951 1012027 718363 599852 863435 601458 510458 1054222 852599 1017507 766362 392236 158823 429687 896108 133162 969576 964612 423671 709693 640921 933325 862853 214134 609074 123748 270303 535987 335738 662396 588646 942959 710965 1120929 704118 828794 551569 861097 688712 876621 592323 348959 592971 931882 911561 1013516 816137 458810 188621 824148 592710 407544 411775 951912 683094 923878 881457 623096 1250117 691903 905406 145366 636042 683180 512384 1035371 896831 742606 775799 892717 886229 29614 759362 1165436 70202 533758 679738 851359
445257 693971 611908 495103 1058754 999999999 1008524 499908 491094 887150 914661 974166 129760 428920 464561 787223 481342 590758 627016 868220 689068 577215 196935 146444 447598 608701 693925 496122 716599 65879 359522 157728 558117 680642 953999 814016 242286 967585 501108 203476 778133 778616 664904 727911 458464 947384 567225 977872 788659 787285 723550 686198 684661 682674 362602 122943 675692 326402 534864 426922 705132 260497 722495 788889 747539 511036 756102 57053 642005 600053 942777 329649 546603 665416 683444 558440 448438 274209 213516 623816 195242 500500 519319 943609 490959 616043 546500 121864 697115 691928 391864 220244 691170 1087639 355173 216836 996569 735593 411604 344399
700013 540448 448627 521985 69106 1008524 999999999 742806 843576 132591 233889 234831 880940 943191 926210 502684 696627 487411 602734 191281 609526 688567 866772 955796 655252 581202 857558 565643 501461 1001073 820135 974998 698773 334031 89925 431757 837963 64146 902649 923988 418828 640910 630993 864220 797035 147060 585467 55128 221988 538116 285729 655335 579238 935153 667527 1075595 696642 792519 492478 796167 684015 837025 523237 280953 523884 864751 909875 964999 806253 409295 120079 763720 528923 349498 349138 934944 649807 863600 825813 607669 1198122 665674 838135 77217 573915 669161 464244 979953 827747 737009 713695 850543 817154 96057 721233 1124038 78739 464701 640463 817622
89951 243606 565581 317209 765838 499908 742806 999999999 101268 666349 557739 605965 400596 205812 183924 809196 650126 261669 164456 691882 786209 736808 304153 566479 571857 169894 230544 218311 280194 541656 144096 369033 726397 518453 730892 385995 535991 731321 810670 308284 366462 882317 179830 963615 707190 756947 157348 738335 542036 319908 498030 192394 217325 265320 252412 483697 176280 175398 481611 678401 206474 239689 761302 657434 785564 795817 303746 443161 163501 412953 736221 549666 562149 510260 558266 204445 144985 594878 481607 159512 676404 83495 786051 707239 533300 124388 371743 567196 920809 193264 567614 281279 910444 789098 182890 480617 695643 734809 208708 156935
171616 332253 654450 407910 865459 491094 843576 101268 999999999 767514 654413 700651 413024 116976 86601 897157 714987 362751 254685 792128 865375 806369 307517 581116 639195 266552 202883 313319 370996 541950 142018 343144 794374 616030 832149 474691 572167 832571 858628 288291 459415 962718 255040 1027579 762051 857854 258207 839559 643222 397029 598506 255845 300868 205144 319068 450270 225958 196294 567716 731557 256945 245485 846581 755283 871437 847737 267707 436945 154758 509668 837346 600129 643825 607186 654054 111104 232161 631111 515922 249512 650446 183156 840746 808502 610022 199737 465652 576407 985790 223065 626738 287551 975881 888285 237305 428565 795261 823588 287208 159608
611980 494072 316066 411674 198198 887150 132591 666349 767514 999999999 252857 283567 761303 858774 846197 390534 564274 404794 543941 74918 486865 559169 755609 827891 522846 516830 810220 470410 458810 876293 726262 864165 568629 207127 68547 414733 708490 80656 771412 816240 389445 528008 581332 743720 664841 95248 511748 91227 124346 514998 175918 610327 532351 883070 557770 960353 649706 692706 363040 663645 642642 731503 402338 153000 406258 733787 869487 845933 752427 294473 70106 632582 396391 222551 217280 866338 557126 732473 698748 548442 1074259 585083 707385 57807 441956 610754 350329 852808 705629 692598 581645 740984 694745 227012 619268 1014113 166864 343381 537795 721672
535644 329332 473300 423919 226322 914661 233889 557739 654413 252857 999999999 60470 785107 763447 740334 623415 716672 332663 401510 324669 697064 740980 744813 895146 654604 388195 638187 425864 289073 922113 660693 848179 745336 332525 278683 203385 792586 261908 931820 790830 200287 755710 418848 952027 816095 335325 405318 261995 203996 309677 250399 438264 366629 718380 552998 958582 480031 646330 473615 805795 463383 701798 620408 376019 630464 897935 685306 863937 593057 344619 303252 736726 542955 343818 375891 734196 497394 831876 765466 406686 1109776 490749 874236 248435 570371 464423 385619 913973 910577 517492 701669 724934 899150 243121 583642 990775 161459 563684 510196 662323
588889 370899 527892 484222 209471 974166 234831 605965 700651 283567 60470 999999999 844709 811727 787030 665868 773476 389681 446211 357955 745790 794651 802691 955599 712748 436081 670639 483625 330978 982219 713985 905276 799686 387491 296270 235236 852948 275748 988545 847393 241681 800316 458167 1002004 873343 356178 456581 273434 255372 337856 306522 474338 406599 752050 612138 1016384 515851 701820 532002 863732 496598 758445 666983 418693 675551 954210 713241 923117 629776 404504 323904 796525 599281 399469 428639 775814 552963 891965 825935 451399 1169344 542212 930167 267217 628314 506729 446032 974368 961118 550903 760684 782529 949764 219582 640570 1046775 156399 609351 568304 716326
333941 574366 497516 365469 930154 129760 880940 400596 413024 761303 785107 844709 999999999 378973 407764 691475 406053 462999 511558 745711 606335 505713 106824 168233 356262 490198 613087 368858 594490 147011 272013 153128 488079 555777 828683 689323 187289 841471 479861 156459 652327 700879 553557 687205 409322 824679 447161 851627 660351 668883 595492 577883 568330 615329 234020 207503 572286 225925 415656 376360 600213 167659 627909 669447 653716 479709 680493 84819 554557 471862 818626 255256 438763 540743 561998 498426 328023 239899 136270 508807 324674 387340 481156 817277 384266 508386 417770 166611 651300 593676 309913 125491 643665 958924 237142 283881 867462 633739 285268 254834
247057 446422 711114 474192 969212 428920 943191 205812 116976 858774 763447 811727 378973 999999999 40588 948938 732601 456530 367841 876655 901977 828975 273777 540797 662111 375694 288293 391324 484340 487360 151150 271930 814874 692506 925121 589175 557176 927592 850922 229984 571688 1000270 371680 1039122 765092 946123 360370 935205 735424 513830 685581 372731 416442 258335 357432 364859 341836 206534 621205 733019 372507 225460 893907 831132 919561 845323 338720 380400 257795 585484 927802 601750 688185 682001 725348 131579 304497 614129 501122 362732 566537 277644 842098 903086 647389 315999 536156 530230 999255 334943 638775 260159 990117 993078 272835 327174 899104 877727 343191 164537
238293 418848 713159 471589 949761 464561 926210 183924 86601 846197 740334 787030 407764 40588 999999999 953302 748254 441919 341232 867357 911719 843262 301353 571998 675843 352187 247704 383437 457585 521625 161134 308559 829810 686512 911733 561240 581888 913133 874435 263286 545925 1009841 340632 1057267 785309 935111 341037 920418 722227 482125 674803 339233 387222 219648 364023 404264 306615 219140 624167 753622 336864 248154 899825 825669 925231 867315 298807 414629 218465 579482 915693 621879 694699 676693 721619 93901 297977 639605 525517 336063 606045 261516 862986 888839 656226 285836 532174 562768 1016749 297316 655880 285743 1007358 972972 279006 367762 879565 881089 343364 176863
725939 742753 243664 492105 571518 787223 502684 809196 897157 390534 623415 665868 691475 948938 953302 999999999 320149 589160 756209 317164 132590 251905 740784 673596 339629 720697 1015233 593107 721306 748753 797889 836054 269994 333480 412763 726161 551090 438554 465572 811076 687659 138287 808448 366435 394138 359737 692093 447771 425250 802633 405053 843472 773308 1069616 591630 895354 873336 744880 329630 410849 879397 750384 64940 247522 41817 426457 1085911 768211 947247 414902 382947 460648 263348 332568 281439 1008089 666003 542441 573805 758848 936691 729408 399096 430177 312058 812707 442125 704182 334162 916711 397131 737387 324631 596322 676112 975333 555780 75229 611088 785526
560194 685248 251231 380085 762139 481342 696627 650126 714987 564274 716672 773476 406053 732601 748254 320149 999999999 519472 664101 512815 208572 99867 480944 356809 79906 629162 879000 471432 680806 435915 587358 558670 83277 387371 616564 731457 239348 638391 215148 548723 687821 297602 719271 313535 101178 584639 587795 649286 522550 770429 466965 753763 702806 912922 398478 597323 770672 529152 248034 101218 787467 510782 256181 420258 278486 182165 952588 472161 810118 386820 594027 152960 174587 374509 353976 822569 510584 223007 273923 664610 618329 586914 160504 619937 151133 701136 370437 387717 271061 808425 96991 485047 260979 791186 477698 684320 720147 287382 443232 571391
212785 166707 352794 141609 517702 590758 487411 261669 362751 404794 332663 389681 462999 456530 441919 589160 519472 999999999 167098 431587 597377 583298 413348 592788 441495 131913 431877 94922 162260 606084 334970 515642 578902 269708 469861 234178 509540 471350 719978 458177 193408 685678 219614 816346 603560 495346 110961 478802 280561 251641 237555 254883 189511 495135 229203 626875 284263 314829 289348 582773 290805 369139 552205 405059 573515 694270 500052 537690 366627 174290 474596 478499 379193 264760 316150 463438 166536 559464 470317 169877 785704 180454 676721 446979 373310 226422 156874 606872 772158 327840 465894 392936 760822 543210 251001 658332 448354 514102 180008 334297
182702 79150 518486 287309 618015 627016 602734 164456 254685 543941 401510 446211 511558 367841 341232 756209 664101 167098 999999999 582222 760366 736735 431552 666024 584359 36150 269554 193099 116524 658332 295113 514504 730344 434468 603664 221690 607787 600134 852012 452890 204754 850514 55362 969827 739174 638248 76941 605833 421702 162461 391644 90557 57964 339338 304042 630607 117166 305718 449567 714740 125811 371802 718360 566392 740037 830371 335020 570211 208677 341383 613758 597218 538574 430579 482312 333925 186369 663590 559442 5190 814068 126989 815655 577322 525344 66973 319471 673143 925769 160845 597764 408329 914650 639325 274416 637948 548145 681114 245739 303314
629945 539740 272904 413423 260133 868220 191281 691882 792128 74918 324669 357955 745711 876655 867357 317164 512815 431587 582222 999999999 418628 498494 750539 797953 479246 552465 851240 485349 506989 852052 738013 858568 509384 193542 104782 474022 675549 128575 714510 814291 444912 455118 623811 674258 611940 79188 541728 139092 163905 570241 194051 654684 577034 921038 556771 949099 692590 699679 334750 613554 688312 732605 332785 92584 334912 676189 913481 830503 790582 295572 81345 595034 352475 207510 185113 894887 572318 694360 671392 586399 1050665 608992 649285 115139 402490 648137 349922 824320 637151 736219 540267 737808 626460 287255 625225 1008570 238633 274002 544461 731719
698335 760714 248328 477996 678562 689068 609526 786209 865375 486865 697064 745790 606335 901977 911719 132590 208572 597377 760366 418628 999999999 124203 670006 564977 251029 724218 1005153 580046 745584 644486 751742 756686 143542 376119 520793 768698 447625 545904 333083 739759 727216 98316 814945 257403 267781 473546 689567 555930 493196 832061 457268 850424 786705 1051198 548328 803284 875451 695444 311390 288178 886065 689794 87161 334515 94742 294048 1077856 677043 935924 430058 492656 359507 224864 369809 326079 976104 641264 429954 478874 762188 825198 711849 266785 533762 255732 810000 441230 595928 218771 917175 298507 670356 207941 705140 633021 888266 653614 144881 579302 737517
646999 749984 268119 449489 756475 577215 688567 736808 806369 559169 740980 794651 505713 828975 843262 251905 99867 583298 736735 498494 124203 999999999 580392 447109 167550 701038 963419 546734 741211 528816 682137 658449 19798 408741 603201 780927 335000 626961 220247 648415 737775 202417 792094 233289 143605 563066 661841 637557 539434 830316 491587 827183 771001 1001301 487752 694826 847186 624200 296783 164635 861808 608694 194156 407617 210873 180948 1036953 570490 894163 432946 577530 251558 208941 398399 366107 915156 594452 310872 372710 737745 704603 669415 153371 611399 211403 778714 428140 478060 189142 886569 196811 584005 177949 784539 569384 782801 722439 240501 528300 666559
249095 500771 525259 345047 909951 196935 866772 304153 307517 755609 744813 802691 106824 273777 301353 740784 480944 413348 431552 750539 670006 580392 999999999 273953 419898 415100 508898 319067 525741 238136 168190 108558 564209 557071 824071 626299 284632 833876 578972 70315 592816 767161 468180 776610 499351 827980 375270 843435 644871 592885 582572 489264 489413 508804 199269 213774 479301 129584 436756 466647 508500 64700 679645 682962 705787 575564 575220 139888 452375 461140 817863 338225 479199 543043 572984 391633 258540 340761 229316 428172 382991 304648 574399 809112 428726 419111 405287 269021 738664 497053 384150 23337 730278 937755 165286 258564 843978 676853 234683 151664
494764 722652 528936 472453 1012027 146444 955796 566479 581116 827891 895146 955599 168233 540797 571998 673596 356809 592788 666024 797953 564977 447109 273953 999999999 339722 641244 781297 503542 738164 85457 440245 284253 427486 621850 891723 825883 125477 908317 354746 311541 786078 649509 711508 583240 319049 876540 596676 919031 743578 817938 678210 737956 721130 782676 369138 269118 735336 393127 465180 288993 762278 335877 608744 712015 632542 365689 848676 169691 722351 558998 876515 214934 454939 606367 614066 664015 479737 136477 130978 663788 263549 545814 375305 885577 400259 669471 511215 30973 553784 758839 278222 293582 548348 1041521 394728 363223 954957 629976 426447 423052
481908 606694 207238 301260 718363 447598 655252 571857 639195 522846 654604 712748 356262 662111 675843 339629 79906 441495 584359 479246 251029 167550 419898 339722 999999999 549509 800124 391592 603316 410776 514709 505765 155206 332320 580160 657411 214687 600229 283188 489309 613750 347440 639493 392026 165407 554979 507979 611175 467140 692907 407796 673936 623583 835467 321160 556929 690769 456866 181101 151377 707591 443682 274951 388283 300158 254225 873720 429900 731123 317018 560341 124881 126947 318228 306589 747720 431377 218984 234193 584828 602995 507484 235427 579981 84679 621251 295481 369491 349000 728579 62971 421434 338592 747807 402038 639431 671440 290734 364262 499240
169398 85723 482523 251552 599852 608701 581202 169894 266552 516830 388195 436081 490198 375694 352187 720697 629162 131913 36150 552465 724218 701038 415100 641244 549509 999999999 301623 159037 115119 637207 288891 502860 694808 400528 577979 221044 578762 575582 818719 441508 197525 814427 91212 934191 705315 610511 45244 581698 393601 178797 360516 126571 80480 368649 275767 618778 152700 292674 413429 681297 161942 357625 682449 533698 704218 796544 368613 552258 238457 306032 586854 565248 502471 396213 447801 353755 162390 633870 531600 38227 798085 114890 781474 552335 489635 96205 283360 649589 890112 196034 564140 392130 878973 622182 253887 631323 529715 645563 217259 295166
319679 318093 773088 527928 863435 693925 857558 230544 202883 810220 638187 670639 613087 288293 247704 1015233 879000 431877 269554 851240 1005153 963419 508898 781297 800124 301623 999999999 425540 356281 744615 341142 544392 953826 701535 867432 436126 762706 861776 1040918 490875 440061 1099290 228981 1192150 937710 905128 323896 866590 689573 333307 661197 202257 279267 82559 482578 647908 161287 390063 695270 908942 174804 445591 972492 835320 995567 1026348 73596 639818 69374 603690 879505 779982 780303 696563 747727 168486 369026 821798 707357 265654 849357 294436 1016557 839945 756468 205647 573207 777886 1149035 120845 797899 488118 1138509 881300 412300 615465 795500 940037 435862 358254
145169 227366 349606 102399 601458 496122 565643 218311 313319 470410 425864 483625 368858 391324 383437 593107 471432 94922 193099 485349 580046 546734 319067 503542 391592 159037 425540 999999999 236579 512942 256033 422613 539411 303342 537899 322813 428136 542670 659776 366305 284234 673769 248022 779181 546290 555593 116425 551042 349181 321184 295427 282347 236629 476571 135992 532788 300470 227378 269734 522309 316108 277367 547806 442625 571363 637516 497935 442834 356553 196554 538490 407869 355407 294050 340778 421735 87079 481078 384994 193367 690947 136561 622587 517831 336010 232177 153440 516107 735277 340069 405114 299071 724293 628041 159048 567148 533260 518290 85097 252341
283627 40259 497474 303837 510458 716599 501461 280194 370996 458810 289073 330978 594490 484340 457585 721306 680806 162260 116524 506989 745584 741211 525741 738164 603316 115119 356281 236579 999999999 741084 404008 616532 737851 388582 513040 106278 664437 506252 882236 555407 89409 829122 130463 973416 765789 554056 150594 510759 343093 89622 328410 154041 78206 433799 369027 732190 195191 406241 444832 745004 184432 470267 692113 507415 711211 856440 411630 660783 305785 315530 526930 638921 534235 388741 440130 445447 268229 716546 621510 121657 908096 229834 838677 484932 533086 175863 313127 749061 929276 236166 628048 503106 917839 530170 361781 746372 441448 647874 312111 410182
479513 721342 588532 498649 1054222 65879 1001073 541656 541950 876293 922113 982219 147011 487360 521625 748753 435915 606084 658332 852052 644486 528816 238136 85457 410776 637207 744615 512942 741084 999999999 405686 219193 509355 669172 941899 834802 197831 956949 439047 258430 797091 731141 699554 668607 403729 931153 594141 967464 784066 815893 718544 723043 715234 737857 377073 185722 715657 366313 517303 373179 744224 302824 683815 769265 708231 450934 808842 107012 689894 596262 928742 288119 518579 653742 666989 615204 475023 219953 182499 655514 198618 533536 460759 933494 462989 653217 544889 57572 639238 734829 351625 260589 633776 1083453 383954 280020 994253 701306 430582 389536
125110 371950 560887 328687 852599 359522 820135 144096 142018 726262 660693 713985 272013 151150 161134 797889 587358 334970 295113 738013 751742 682137 168190 440245 514709 288891 341142 256033 404008 405686 999999999 224957 668747 549778 793887 509792 431226 798652 720114 164231 483476 849977 320722 897237 627127 810141 259053 806956 605180 456574 550836 336039 351980 346681 206304 339925 319939 58325 470687 595896 350409 104450 742757 687107 768411 710915 408673 303494 284269 443513 793967 464040 537049 538404 579645 238874 170357 489999 374829 290788 532524 174682 705333 773830 496706 266923 391813 436895 856404 332986 495617 147010 846902 878179 121964 342961 783322 726907 196125 17632
333490 588203 628291 453489 1017507 157728 974998 369033 343144 864165 848179 905276 153128 271930 308559 836054 558670 515642 514504 858568 756686 658449 108558 284253 505765 502860 544392 422613 616532 219193 224957 999999999 640971 665199 932623 719843 337616 942418 625254 61630 688734 852152 544459 838578 561151 936194 466432 951964 753170 676958 691051 560897 572278 527776 307499 116104 544481 210300 541163 528228 575139 147660 773524 789760 799554 628175 603647 115011 497099 569698 926313 408371 577544 651061 679975 402406 354763 386114 288992 510573 308910 388682 631313 917647 525038 491502 513844 267831 803396 555031 462147 124807 795967 1045148 264717 150097 951129 774852 339629 213287
636492 745594 272035 443450 766362 558117 698773 726397 794374 568629 745336 799686 488079 814874 829810 269994 83277 578902 730344 509384 143542 19798 564209 427486 155206 694808 953826 539411 737851 509355 668747 640971 999999999 412818 614163 780107 315995 637640 206484 631893 736796 222024 785700 239781 124582 575302 655003 648305 544834 827167 495353 820659 765777 990431 476298 676054 839841 610674 294606 144940 855062 593714 211108 417920 228706 167503 1027402 552012 884659 432115 588965 233422 208546 401935 371726 902730 584804 291197 354516 731223 684815 660241 140219 621560 205784 771029 424764 458429 195970 878794 180143 568293 185125 794627 557166 764338 730887 255501 518218 652994
448267 412048 140789 222002 392236 680642 334031 518453 616030 207127 332525 387491 555777 692506 686512 333480 387371 269708 434468 193542 376119 408741 557071 621850 332320 400528 701535 303342 388582 669172 549778 665199 412818 999999999 273377 395594 504182 287780 601954 620774 355684 449161 483721 625158 488050 271046 379455 298295 135344 469153 83024 517861 444573 764135 363571 757237 550909 508777 159379 480930 553495 539535 310317 139298 326802 567080 769136 640561 636243 107081 262966 432346 212784 15488 52263 722892 388695 531900 492151 437764 867146 435004 542793 264387 248005 495957 158358 646292 582647 594927 386469 544267 571112 421849 434175 815248 340594 261418 354366 542391
678636 549766 372966 480221 158823 953999 89925 730892 832149 68547 278683 296270 828683 925121 911733 412763 616564 469861 603664 104782 520793 603201 824071 891723 580160 577979 867432 537899 513040 941899 793887 932623 614163 273377 999999999 459275 771108 25876 819250 884786 438356 550985 638518 774788 716099 61210 575249 35194 189697 562772 244185 666185 588432 941841 626310 1028405 706324 760913 426552 717019 697466 800025 434211 196938 434296 780957 924664 913387 811419 362958 30737 693155 453219 288659 278275 929443 624409 792902 763302 608308 1140138 650316 754064 30347 501243 670631 418812 917144 738656 748576 640263 809507 728140 184487 687595 1082593 152726 375913 606123 789532
388218 142765 522309 369600 429687 814016 431757 385995 474691 414733 203385 235236 689323 589175 561240 726161 731457 234178 221690 474022 768698 780927 626299 825883 657411 221044 436126 322813 106278 834802 509792 719843 780107 395594 459275 999999999 743452 447938 940178 659064 43663 844725 224919 1009045 822517 507952 253554 450534 314952 106606 321243 239227 174773 517144 458623 835064 280656 509844 486048 804762 261634 572816 705903 493706 722132 911528 481932 758957 394640 348037 478064 708528 572011 399880 447648 542980 367763 792517 704443 226725 1007103 335273 891647 429488 580617 276393 361954 838901 965350 315938 689895 604047 953788 446107 461242 851670 363696 656122 404246 515524
453572 654624 404911 377613 896108 242286 837963 535991 572167 708490 792586 852948 187289 557176 581888 551090 239348 509540 607787 675549 447625 335000 284632 125477 214687 578762 762706 428136 664437 197831 431226 337616 315995 504182 771108 743452 999999999 788539 294355 342886 701747 536354 657966 500969 223937 753752 533521 799342 630183 749118 565451 687917 659153 777311 303804 360430 692122 375939 345577 191145 716142 333819 486151 588433 510462 292523 833838 238433 698494 450370 754851 90527 329874 488778 492873 668265 424414 59112 56488 606404 388333 497962 294021 766290 275589 623028 407053 154861 466191 721392 154137 297019 459044 925698 353760 450127 841366 505325 362051 413638
681780 543719 393010 489183 133162 967585 64146 731321 832571 80656 261908 275748 841471 927592 913133 438554 638391 471350 600134 128575 545904 626961 833876 908317 600229 575582 861776 542670 506252 956949 798652 942418 637640 287780 25876 447938 788539 999999999 842326 893570 429099 576792 633186 800242 738273 85630 574880 10948 193492 552517 251826 659969 582519 937162 635410 1039747 700507 767255 443289 738565 690576 808054 459451 219861 459826 804170 917684 926034 807031 372978 56450 711765 473387 303207 296347 928245 628661 811613 779313 604871 1154900 651622 777373 24926 520405 667083 428755 933344 763942 742294 659805 818785 753391 159236 694455 1092199 128569 401033 613061 794846
723075 882496 463936 578419 969576 501108 902649 810670 858628 771412 931820 988545 479861 850922 874435 465572 215148 719978 852012 714510 333083 220247 578972 354746 283188 818719 1040918 659776 882236 439047 720114 625254 206484 601954 819250 940178 294355 842326 999999999 636250 896535 379281 906049 236509 117782 781556 775086 853074 736856 971487 682023 939159 895957 1063001 561668 623864 950825 663059 461708 137597 970976 626397 412328 622475 426280 39398 1113596 516531 974090 599547 794602 261020 389349 589344 566478 958734 682323 240052 349923 851794 573150 759280 67041 825475 364077 880560 578266 381541 216465 985093 254980 590872 214700 998177 628772 717939 931005 460690 614914 702744
272111 526763 594224 404573 964612 203476 923988 308284 288291 816240 790830 847393 156459 229984 263286 811076 548723 458177 452890 814291 739759 648415 70315 311541 489309 441508 490875 366305 555407 258430 164231 61630 631893 620774 884786 659064 342886 893570 636250 999999999 628487 836715 482982 840221 562321 891065 405540 902890 702711 615340 641764 499792 510654 479801 258535 177721 484137 149235 505172 529426 514639 89050 749959 749032 776101 635369 552626 151525 440786 522150 879799 403334 549329 607095 638931 356780 295385 396347 289584 448951 368390 327184 635832 868705 499022 430249 466418 300253 803134 495919 451757 77015 795042 991908 207397 201030 897528 746951 285007 151976
359948 129544 480239 326829 423671 778133 418828 366462 459415 389445 200287 241681 652327 571688 545925 687659 687821 193408 204754 444912 727216 737775 592816 786078 613750 197525 440061 284234 89409 797091 483476 688734 736796 355684 438356 43663 701747 429099 896535 628487 999999999 804440 218566 966326 778867 483937 224737 432642 283079 125636 283660 238730 166379 519290 420224 803294 280463 479618 442598 761175 265663 541218 665735 458841 682482 867865 491047 723596 392968 304831 455077 665588 528837 359298 407894 534804 334686 750275 663568 209935 971970 308965 847995 409202 537010 265272 318298 799736 922573 319226 646419 570921 911016 442462 427530 823437 355449 616839 367071 488046
794945 846565 333131 571416 709693 778616 640910 882317 962718 528008 755710 800316 700879 1000270 1009841 138287 297602 685678 850514 455118 98316 202417 767161 649509 347440 814427 1099290 673769 829122 731141 849977 852152 222024 449161 550985 844725 536354 576792 379281 836715 804440 999999999 904586 234883 339103 497366 781263 585957 554381 913911 526750 940026 874157 1146940 646256 894899 966462 793739 404108 364411 975836 787875 138870 381791 125342 342885 1171663 769451 1030212 514825 521084 450452 320179 445156 397266 1073563 737333 513202 571071 852569 905963 806891 317939 568435 353672 902096 531093 680453 208576 1008709 391409 767950 200800 734312 731040 981366 693744 192405 676189 835797
220155 90677 572113 342653 640921 664904 630993 179830 255040 581332 418848 458167 553557 371680 340632 808448 719271 219614 55362 623811 814945 792094 468180 711508 639493 91212 228981 248022 130463 699554 320722 544459 785700 483721 638518 224919 657966 633186 906049 482982 218566 904586 999999999 1025189 793669 676319 131610 638196 461302 142293 436234 35479 52303 304341 354311 660155 68784 339674 504436 768928 71261 406221 771750 613092 793128 884827 289733 607873 175438 393595 650544 650228 593595 480641 532563 318104 234039 714406 608481 54666 848450 166264 870366 611167 580700 56339 373803 717201 981130 112624 652124 444844 970011 660533 317312 660383 571878 733486 296546 331239
873670 982975 488418 682674 933325 727911 864220 963615 1027579 743720 952027 1002004 687205 1039122 1057267 366435 313535 816346 969827 674258 257403 233289 776610 583240 392026 934191 1192150 779181 973416 668607 897237 838578 239781 625158 774788 1009045 500969 800242 236509 840221 966326 234883 1025189 999999999 277994 724546 894677 809982 748056 1062232 707809 1060218 1004270 1226376 711986 850725 1079620 838913 528585 310943 1094718 814456 341561 591766 340612 217967 1265746 736262 1123138 662250 745844 438739 439394 616900 577517 1134209 823343 455926 551256 970774 809653 899226 208809 789291 444608 1010794 660672 611739 44188 1118538 401650 784348 55577 959244 790494 943859 910568 400483 756288 880795
618277 767054 352408 462191 862853 458464 797035 707190 762051 664841 816095 873343 409322 765092 785309 394138 101178 603560 739174 611940 267781 143605 499351 319049 165407 705315 937710 546290 765789 403729 627127 561151 124582 488050 716099 822517 223937 738273 117782 562321 778867 339103 793669 277994 999999999 682410 662257 749139 623332 855191 566984 827282 781645 964583 455542 580039 840712 569080 344528 32963 859774 539708 333862 519366 352627 91236 1010922 461420 869906 481968 692941 163448 275360 474970 455153 865745 574162 184362 273274 739179 568510 651273 78912 720191 246866 770531 460574 349391 242288 876263 141785 507962 235118 891828 527682 671690 821295 373953 506359 610193
699068 589274 349918 488487 214134 947384 147060 756947 857854 95248 335325 356178 824679 946123 935111 359737 584639 495346 638248 79188 473546 563066 827980 876540 554979 610511 905128 555593 554056 931153 810141 936194 575302 271046 61210 507952 753752 85630 781556 891065 483937 497366 676319 724546 682410 999999999 603747 92526 216932 609333 260548 705489 627510 977532 632993 1027694 744763 773618 413869 685767 737872 808485 386423 166711 384164 742767 964674 909483 846865 370253 32314 672345 428698 285415 264279 958256 642662 771358 750335 642689 1129770 674889 715520 88991 479804 704942 425375 903077 689704 787730 616580 814814 679455 237388 699415 1086262 213840 329335 618246 804535
135235 127205 451297 213242 609074 567225 585467 157348 258207 511748 405318 456581 447161 360370 341037 692093 587795 110961 76941 541728 689567 661841 375270 596676 507979 45244 323896 116425 150594 594141 259053 466432 655003 379455 575249 253554 533521 574880 775086 405540 224737 781263 131610 894677 662257 603747 999999999 581688 387473 221960 347900 165975 125703 384699 230573 581887 186232 256308 378186 637801 200062 319792 651295 515768 673746 753448 393863 511088 257247 279836 581814 520701 466282 373643 424386 354611 119189 588680 486404 76979 757896 85631 738816 550987 450615 121003 251059 605444 850688 227610 520826 352570 839634 632740 212054 598870 538915 616864 172071 263312
689645 548497 403957 498622 123748 977872 55128 738335 839559 91227 261995 273434 851627 935205 920418 447771 649286 478802 605833 139092 555930 637557 843435 919031 611175 581698 866590 551042 510759 967464 806956 951964 648305 298295 35194 450534 799342 10948 853074 902890 432642 585957 638196 809982 749139 92526 581688 999999999 201977 555529 261131 664625 587328 942335 644841 1049613 705304 775989 454046 749480 694951 817206 469382 230599 469482 814892 921960 936158 812344 382694 64967 722659 484334 313735 307231 934674 636861 822511 789963 610603 1165366 658938 788076 34408 531331 672749 438429 944011 773838 746894 670741 828227 763316 149297 703336 1101691 123551 411050 621981 803301
489008 376173 273739 300001 270303 788659 221988 542036 643222 124346 203996 255372 660351 735424 722227 425250 522550 280561 421702 163905 493196 539434 644871 743578 467140 393601 689573 349181 343093 784066 605180 753170 544834 135344 189697 314952 630183 193492 736856 702711 283079 554381 461302 748056 623332 216932 387473 201977 999999999 407705 65549 491565 413741 761040 445671 853684 530003 574089 290540 616219 524875 616301 417717 181863 429058 701627 750658 744049 630378 188607 194356 563007 347996 148966 173332 742082 435281 661772 612710 426078 979814 460945 677005 168651 382590 488253 242795 766251 706702 573407 519926 628841 695292 299428 501669 902400 211424 361978 420431 601365
344743 95295 583737 393079 535987 787285 538116 319908 397029 514998 309677 337856 668883 513830 482125 802633 770429 251641 162461 570241 832061 830316 592885 817938 692907 178797 333307 321184 89622 815893 456574 676958 827167 469153 562772 106606 749118 552517 971487 615340 125636 913911 142293 1062232 855191 609333 221960 555529 407705 999999999 402896 145447 104749 415245 449792 793060 184494 468029 533715 834160 161132 533934 776146 580565 794451 945909 376110 730726 297602 402475 580217 726619 622885 470679 521248 452406 340891 802250 704542 166402 975767 289040 928246 533316 622593 198476 402403 827251 1018119 214948 717081 569766 1006661 551859 432672 798760 470278 730123 391762 465384
438524 356827 223490 237580 335738 723550 285729 498030 598506 175918 250399 306522 595492 685581 674803 405053 466965 237555 391644 194051 457268 491587 582572 678210 407796 360516 661197 295427 328410 718544 550836 691051 495353 83024 244185 321243 565451 251826 682023 641764 283660 526750 436234 707809 566984 260548 347900 261131 65549 402896 999999999 468664 392296 729036 383762 790138 504817 516789 228712 558140 503389 556291 388068 179010 402693 647778 725540 679389 598973 123641 243140 499788 292795 93473 131189 700843 382419 598088 547307 395578 914417 415354 623916 226947 323128 456625 178554 700769 665433 548823 458605 567148 653909 364918 443410 840663 276750 336063 361939 545956
243980 116431 607493 377822 662396 686198 655335 192394 255845 610327 438264 474338 577883 372731 339233 843472 753763 254883 90557 654684 850424 827183 489264 737956 673936 126571 202257 282347 154041 723043 336039 560897 820659 517861 666185 239227 687917 659969 939159 499792 238730 940026 35479 1060218 827282 705489 165975 664625 491565 145447 468664 999999999 77980 280587 384827 675930 41769 359902 539893 802221 35937 426228 807072 646171 828381 918381 259228 629152 155438 428694 679133 682466 629021 515059 567017 307082 263503 744805 637629 89443 867042 192259 904213 638388 615809 70165 409277 742632 1016178 82391 685624 465966 1005077 681030 343229 671520 594001 768555 327622 347851
240653 38859 541027 322943 588646 684661 579238 217325 300868 532351 366629 406599 568330 416442 387222 773308 702806 189511 57964 577034 786705 771001 489413 721130 623583 80480 279267 236629 78206 715234 351980 572278 765777 444573 588432 174773 659153 582519 895957 510654 166379 874157 52303 1004270 781645 627510 125703 587328 413741 104749 392296 77980 999999999 355916 356245 688375 117988 363670 478657 758391 111372 429766 739427 570485 759973 872863 337198 627908 227585 359992 601193 644227 568445 442660 494633 369245 241580 714090 612079 61715 872006 184932 857055 560770 560016 101687 346340 728973 960100 160281 641049 466208 948834 608231 331301 694456 519654 698773 297738 360650
354566 394723 826177 578273 942959 682674 935153 265320 205144 883070 718380 752050 615329 258335 219648 1069616 912922 495135 339338 921038 1051198 1001301 508804 782676 835467 368649 82559 476571 433799 737857 346681 527776 990431 764135 941841 517144 777311 937162 1063001 479801 519290 1146940 304341 1226376 964583 977532 384699 942335 761040 415245 729036 280587 355916 999999999 514471 623138 238922 401416 744661 934571 255511 448747 1023920 900184 1047731 1051242 86836 631222 130670 663065 952756 803624 826797 758083 808428 126932 410012 836251 721059 334976 824706 340790 1043437 914884 798620 272946 628209 776028 1183958 201206 827397 490059 1173763 961368 437149 579928 874580 994700 473852 364312
162904 354558 356289 146227 710965 362602 667527 252412 319068 557770 552998 612138 234020 357432 364023 591630 398478 229203 304042 556771 548328 487752 199269 369138 321160 275767 482578 135992 369027 377073 206304 307499 476298 363571 626310 458623 303804 635410 561668 258535 420224 646256 354311 711986 455542 632993 230573 644841 445671 449792 383762 384827 356245 514471 999999999 410389 391665 154171 265644 427457 414148 175999 536556 495352 562164 544942 555982 310979 414461 263619 621312 301309 330982 350357 385600 428886 122021 360107 255834 302610 557827 198163 534277 610584 292606 321724 207923 380637 669491 424088 315323 183387 659292 738914 85043 456914 645432 520971 58508 194009
449462 704196 704909 553993 1120929 122943 1075595 483697 450270 960353 958582 1016384 207503 364859 404264 895354 597323 626875 630607 949099 803284 694826 213774 269118 556929 618778 647908 532788 732190 185722 339925 116104 676054 757237 1028405 835064 360430 1039747 623864 177721 803294 894899 660155 850725 580039 1027694 581887 1049613 853684 793060 790138 675930 688375 623138 410389 999999999 658299 326115 622078 548150 689169 262255 831170 875143 856693 633969 702965 127144 605023 667127 1020044 444458 645830 742532 766760 496242 468740 396194 324420 626672 201806 504735 642052 1015206 590999 606818 611650 243177 819596 666925 504797 233972 813501 1149051 377086 94300 1055771 839702 448450 328920
