NAME : synthetic_000932
TYPE : CTSP-D
DIMENSION : 100
GROUPS : 8
RELAXATION_LEVEL : 1
EDGE_WEIGHT_TYPE : EXPLICIT
EDGE_WEIGHT_FORMAT : FULL_MATRIX
EDGE_WEIGHT_SECTION
999999999 711959 588460 408150 821545 871568 85859 970492 938483 865205 696255 436530 300548 374651 891402 736234 955585 471328 438439 362410 368172 517870 864942 841081 749766 849362 560376 535373 650932 521705 471947 955012 177407 771538 918001 962571 1152965 268452 582084 450507 374649 800153 865666 835418 754378 992057 936896 732877 621382 536918 212140 527330 307613 614754 705114 831140 1021424 439104 990034 440392 210028 202352 990820 877571 791934 166995 414197 873967 349662 209347 322836 576152 981273 114638 217792 466976 460609 610036 546218 496827 540373 170592 145456 329102 748136 497426 795955 623324 923821 852946 516257 821811 394438 154186 1138555 189673 205855 700911 896137 810716
711959 999999999 1058281 780215 409516 880746 732491 638232 687683 1260544 982548 781373 453949 954958 618597 263775 861814 240977 358084 898527 762008 370989 574244 1228916 213052 1029433 152222 192411 99189 207312 876141 631726 549800 1140587 612567 751978 955737 445018 650021 615861 342641 1135309 1223363 824994 1078053 971698 971113 759951 397973 638388 499971 680723 835567 696190 136196 998654 888923 942856 752372 395380 792645 533924 816499 518072 379656 845536 692899 1232231 634501 878586 925235 615896 738771 821823 845633 773899 568843 112387 232304 545297 922833 796650 571881 702265 522230 819210 292487 831844 900499 690417 809917 812286 922864 600024 967911 821137 521980 434017 1024809 1234302
588460 1058281 999999999 278174 911710 584778 503594 922209 839323 279025 247884 278337 635214 232561 834598 923583 716250 856331 700563 226096 300329 701256 837257 257976 969665 416776 940226 870748 963862 856565 182545 906608 607828 206564 873329 818595 924420 737342 487936 453303 821417 251885 291805 587774 231855 673699 594920 524153 734389 469313 691554 421127 284147 468496 975958 419423 786122 149591 855907 663187 379072 603109 803650 896584 900441 669598 367212 298946 425194 418728 285064 516389 855058 598144 378983 293209 502546 947396 827431 538228 151491 418932 677866 363593 747216 253960 965769 333844 638631 727676 274112 582006 194251 553819 892696 403489 621237 770444 488698 222315
408150 780215 278174 999999999 666751 495462 326951 724177 658728 510684 291656 30848 364708 244905 635309 658034 603448 580842 422395 175983 40057 427631 626519 481412 700448 441525 663090 592664 686257 578535 97505 707850 363005 398742 671321 658307 814500 482249 269019 187700 555412 414527 492491 471885 362198 611407 546790 376943 474169 233860 444709 193815 154903 274601 701093 424360 674455 178858 692745 385432 225926 351275 665238 672346 650268 542581 95102 501425 147639 332711 254633 286362 688011 467094 270567 68203 235377 669229 549815 276267 156927 274827 450982 96631 520484 89319 704738 223470 551385 552237 110406 460501 181599 317420 791763 276635 369241 523258 491239 470959
821545 409516 911710 666751 999999999 536609 797156 229222 283371 1036805 750591 651570 523553 902037 216101 148868 481393 466152 388268 833683 670256 303693 173002 1005423 196691 734071 448406 388130 341230 391373 741462 222232 646951 920637 204341 350809 547850 619978 424865 480628 566553 898204 984556 484010 845230 602404 621990 456587 206207 443190 650713 490956 787733 452517 275506 703128 494671 845180 346262 381157 793843 620506 418170 108611 34685 986059 573244 992493 561736 908352 894677 395349 332636 933970 854790 625613 436505 380139 325555 392837 760360 821620 723727 633197 178634 659197 121868 602509 539705 313861 637633 474763 845943 669743 562497 840620 620437 143497 706820 1029886
871568 880746 584778 495462 536609 999999999 801642 419465 319648 579807 342573 464848 682166 712291 353234 637964 133994 800089 625609 651665 529079 549892 381875 552703 696617 229906 840963 757709 786170 750225 496358 408095 758774 486079 388448 270633 339809 826604 303752 429433 844559 444316 515770 55753 408141 120784 90427 145934 485383 345411 818066 345101 648612 261612 750974 204817 201729 611595 306384 583295 718555 735136 232603 460463 547991 1024323 458964 521644 523168 828172 738285 323964 310978 950943 765982 427307 438199 801363 684072 421586 462649 766106 860046 547849 369172 419402 645349 279780 56621 230382 391622 68843 642045 738550 309435 770661 748033 450473 179574 597813
85859 732491 503594 326951 797156 801642 999999999 929735 890346 779738 612539 356174 292762 294950 847544 725666 891890 492442 426838 277821 287317 495596 824287 755432 745701 768430 583965 547228 662361 532779 386929 913881 182691 685679 876467 909512 1093608 302667 520568 390393 408341 714458 779815 768244 669031 921482 863472 666367 592587 475431 245250 460501 221845 549337 709557 751175 959346 354067 938738 420005 124611 200186 933378 843922 769579 222938 342681 788122 286434 150471 245123 518495 930752 151777 140806 388320 407655 625432 546236 447375 455184 89356 197166 254386 707319 416208 784195 545836 855086 799373 436382 755030 309983 136067 1077143 111716 210705 668786 817315 725707
970492 638232 922209 724177 229222 419465 929735 999999999 100251 985066 715284 701182 689049 969077 89090 377793 319071 679239 566785 900042 739914 472286 105600 955736 425180 645760 672430 605797 569628 606754 776174 16361 806393 879310 53773 162152 326469 807037 455403 559146 770428 845461 924584 380101 800083 444094 487876 404152 362559 491409 827824 530666 867742 459493 504721 617817 305472 891713 140026 545668 898050 779064 227524 122068 261167 1137484 641862 931316 658880 1016790 974245 439095 128176 1076784 957511 667421 528148 606708 536759 485314 774725 934567 895168 720702 222617 688148 347007 589306 399938 201270 661449 377248 904415 816429 346934 949417 783241 280271 598916 992616
938483 687683 839323 658728 283371 319648 890346 100251 999999999 889149 624074 633604 671778 902697 69224 423927 220726 695075 561313 834379 678448 466404 113528 860240 477385 547007 701340 627930 609527 626514 702166 90561 782834 785558 83484 69119 269501 799924 391024 507103 776331 750061 827788 282043 706219 346255 387781 316099 360724 431316 813963 465441 807502 386630 551658 519527 216033 819579 65536 533379 846745 755641 137564 178707 309409 1104685 582758 834340 610365 965477 912244 380783 52326 1040287 904665 598089 482994 641248 554808 443123 694746 886326 876688 666469 203799 614148 405233 505484 299846 111650 586495 280209 835996 786005 280268 899194 762029 284184 498942 898923
865205 1260544 279025 510684 1036805 579807 779738 985066 889149 999999999 287358 497691 874326 509914 906088 1084092 709892 1083505 912710 503907 543532 890382 922029 31887 1137000 352697 1160007 1083465 1162264 1070397 417013 971510 867500 120177 944711 848343 890493 991666 626809 645860 1065775 140161 67385 608040 191604 623662 546747 589131 894114 627269 950847 581944 558227 589341 1159967 375187 768901 426598 884952 870504 655199 858864 811925 993750 1034206 948028 579311 64719 653226 697042 563158 660772 888423 877035 657941 494288 691898 1154458 1028892 716365 353834 696812 945693 606400 859319 447788 1115486 439726 620112 784198 452550 608990 472512 816616 852525 682120 877031 907628 418979 65049
696255 982548 247884 291656 750591 342573 612539 715284 624074 287358 999999999 267184 628662 423312 632051 797377 476111 821545 644372 379305 331345 611585 643637 255648 850877 176157 891812 812242 883589 799986 229304 700748 649810 170059 671136 593141 680272 760436 340484 376459 819818 153355 241824 353828 96793 426029 347061 311788 608072 344673 728915 301978 405282 302014 876850 173530 544166 316109 630636 600450 498450 635080 569386 712481 747207 817951 328940 250528 409561 582219 463744 374720 631745 742220 526423 247621 418541 879485 752927 437430 166425 547203 741342 384193 573999 205951 828150 153159 394401 514544 197078 350684 358165 607507 647316 541738 652449 620298 244489 280851
436530 781373 278337 30848 651570 464848 356174 701182 633604 497691 267184 999999999 376745 269093 612163 649291 573731 588321 424802 201002 68932 423127 604865 467747 693454 412832 668489 595954 686160 582096 95977 684893 383693 383268 648649 631413 785120 499406 245830 177232 568501 395746 475971 441862 342040 580613 515951 347763 462925 213394 464215 170656 184659 248003 697697 395020 644871 194444 666189 385993 256704 370404 636905 652975 636378 572810 88897 484967 155664 363359 282159 265529 661757 497413 301286 38017 226176 671241 549832 264758 145035 305542 474166 117119 500946 61793 694307 192730 520841 526180 80301 430629 203236 340336 762010 307482 388139 508177 461384 461078
300548 453949 635214 364708 523553 682166 292762 689049 671778 874326 628662 376745 999999999 503474 616785 436398 734853 225920 137891 451016 335967 221528 585004 844483 453420 735916 315550 262575 374938 247684 461308 674399 123770 759755 638640 707313 911615 144605 379218 267547 192078 769186 851684 634900 713645 800261 762954 536252 329448 340851 143121 357925 386102 424871 417619 709951 792464 504085 729616 144605 338787 98204 747337 587326 492997 462936 300379 860711 221900 430437 471629 358577 719161 414720 392903 384630 245531 342790 253657 261715 520763 345657 206150 272142 471237 430321 495862 502380 725993 602423 432716 620303 477845 156858 904246 369580 96890 411388 761050 835665
374651 954958 232561 244905 902037 712291 294950 969077 902697 509914 423312 269093 503474 999999999 880213 875917 831368 728612 605158 69266 232799 636878 871026 490210 911732 598852 818969 762548 869440 747646 215953 952748 438642 435987 916183 899378 1044153 571410 513880 422438 668903 476533 524049 698052 444691 819913 747189 610549 702121 478310 518240 438632 120680 516769 898448 592091 903078 107215 934546 578247 179724 442602 901550 914776 882745 438312 331573 531336 345282 187452 53909 530832 930405 368534 157032 305037 465536 842748 736828 509305 260536 205646 486660 271688 763415 296915 927353 432788 768894 795025 325585 688298 70254 381533 1018234 185001 459289 759305 663662 450090
891402 618597 834598 635309 216101 353234 847544 89090 69224 906088 632051 612163 616785 880213 999999999 354882 272905 629062 501158 811223 651510 405980 44353 876238 408737 573348 633084 560570 540350 559576 687181 72898 731065 797945 39132 134799 338617 740998 366431 472307 712999 766052 847053 308247 718997 397569 429804 320264 298180 402906 757782 441702 779616 370606 482528 544296 279133 802629 134561 475772 811913 703751 202112 115642 240936 1058219 553726 854077 573192 930753 885899 350730 121138 995896 871022 578338 443130 572370 488036 401093 686518 849343 822655 633632 145548 599184 337733 502462 342996 124346 572578 303275 815398 737824 349314 863627 709075 219113 532079 911007
736234 263775 923583 658034 148868 637964 725666 377793 423927 1084092 797377 649291 436398 875917 354882 999999999 604557 332408 299248 810489 652567 240127 310537 1052234 58655 811646 303156 251235 192470 257253 744282 370141 558826 964738 349294 488610 692074 507876 457302 472059 439832 949837 1038064 582757 894095 719305 727171 533029 191155 461235 546727 509045 756591 496172 127995 780351 627413 835377 488602 308571 744466 534351 553788 256220 116856 895111 563099 1046519 530913 851960 859875 423494 475004 850732 804334 630463 423234 232789 200928 385451 775743 764567 622469 604607 269744 670508 60167 644434 650966 432874 653748 571313 827834 591614 704178 786070 530503 189201 795797 1068513
955585 861814 716250 603448 481393 133994 891890 319071 220726 709892 476111 573731 734853 831368 272905 604557 999999999 818306 655621 768070 633559 569125 311196 683630 662139 357489 845383 764673 773281 759577 616629 310986 825983 619231 300911 157963 212834 876345 373664 505254 878512 576300 644777 133341 541697 125590 174523 227866 484127 418737 876117 431858 758305 342673 727014 335084 71729 733974 188593 617432 820109 800564 104254 388189 500248 1114475 552825 650201 606573 933885 853342 383329 196497 1043252 871370 535715 501996 796133 689393 475208 588874 865891 926391 642834 339918 534948 599554 400065 90424 171749 506416 143374 761277 813690 188324 873060 811365 429297 297268 730368
471328 240977 856331 580842 466152 800089 492442 679239 695075 1083505 821545 588321 225920 728612 629062 332408 818306 999999999 181137 676934 556003 250965 588145 1052771 319892 902412 91914 81876 186790 75314 678343 667794 309918 965950 638078 747396 959543 206352 519987 445224 112908 969320 1054888 746590 912428 908398 888312 660884 338806 494132 259749 526678 611927 569011 253454 873578 862652 729009 759625 226118 559604 295715 801856 560227 431485 609558 504237 1063921 433511 639870 694810 489855 747027 582115 609987 589219 406031 141236 142497 398709 733308 559715 333188 492983 495949 635721 389117 680657 833269 658920 632652 732330 703681 361877 961703 584481 282675 410935 913733 1049324
438439 358084 700563 422395 388268 625609 426838 566785 561313 912710 644372 424802 137891 605158 501158 299248 655621 181137 999999999 545253 404034 95179 465534 881516 319939 721277 247793 171397 266345 157895 518795 552974 261447 793825 518735 604666 814553 240349 339305 268371 222910 794088 880710 573433 736902 737455 712449 483736 204323 313032 263815 346564 484576 388315 294304 692454 706041 585760 622702 44994 455918 236094 652153 458829 356844 600206 337149 889710 276429 557512 580900 309892 611205 552577 513915 420246 226465 246834 131721 217592 567989 470713 335642 345053 357550 466367 358388 500875 662112 506444 460174 558955 567949 292373 811880 493352 233864 286517 733263 882295
362410 898527 226096 175983 833683 651665 277821 900042 834379 503907 379305 201002 451016 69266 811223 810489 768070 676934 545253 999999999 163814 572352 801809 480923 847610 552198 766097 706312 810892 691486 158330 883707 398708 416930 847093 832186 980612 531363 445000 353629 624461 451945 509119 634956 413666 761822 690926 545283 634699 409115 480955 369796 66216 448990 837058 542792 839686 77411 867106 516274 153688 399075 835895 845562 814808 451453 262430 517040 279610 205344 87325 461632 862745 377685 156266 237592 397294 786145 676927 440854 213016 192960 458332 205945 694164 233202 861135 371936 708272 727182 261665 624747 32238 342255 955597 178660 416546 690766 613930 448404
368172 762008 300329 40057 670256 529079 287317 739914 678448 543532 331345 68932 335967 232799 651510 652567 633559 556003 404034 163814 999999999 417758 640205 514843 692542 481343 640305 572462 669754 558069 126724 723555 326307 433692 686613 681518 843422 448153 287425 189867 524885 451556 527958 503159 400075 646188 583064 406031 472919 248619 408746 213522 129157 298801 688587 463861 704093 184079 715203 369577 189774 315861 691616 682205 651956 504096 98973 536836 127803 300405 234403 300823 709866 428806 237912 103283 234349 650279 533630 277472 191229 238073 412465 63874 531128 129254 701415 260842 584592 573996 149231 491307 176362 279249 821812 241590 333961 527165 530315 501356
517870 370989 701256 427631 303693 549892 495596 472286 466404 890382 611585 423127 221528 636878 405980 240127 569125 250965 95179 572352 417758 999999999 370509 858668 275337 667581 295027 211443 272170 202253 519104 458296 344018 770286 423800 510946 721629 335335 283395 249519 313203 764324 852405 496000 707075 657434 638711 413069 109777 267882 356165 309737 517076 331381 274834 637547 616562 601750 528171 77567 505224 317304 560148 366556 274622 682721 334553 861266 293033 614843 619827 250360 516541 630344 565456 410196 200877 269714 143357 174344 559140 527407 425725 366499 262605 453962 294766 461378 582318 414929 442156 481823 591070 366268 720176 548183 318197 192233 671636 866163
864942 574244 837257 626519 173002 381875 824287 105600 113528 922029 643637 604865 585004 871026 44353 310537 311196 588145 465534 801809 640205 370509 999999999 891693 364539 596159 590060 518461 496235 517868 683788 90087 701466 811458 53637 178692 382732 705836 359555 456699 674303 781871 864566 333759 733066 434553 462030 333149 261418 392733 724742 434325 767083 369577 438175 566391 321668 797415 178701 442388 794433 674131 245409 78846 196891 1031930 541574 871852 555081 913025 874073 340208 165209 971194 854201 572419 424038 528681 446557 380797 687561 830237 791148 618289 117035 596332 294248 508177 376508 151672 570613 327230 807697 710907 393667 845479 678628 180424 558938 923974
841081 1228916 257976 481412 1005423 552703 755432 955736 860240 31887 255648 467747 844483 490210 876238 1052234 683630 1052771 881516 480923 514843 858668 891693 999999999 1105119 327253 1128913 1052171 1130593 1039145 388606 942063 839585 88391 914937 820380 867036 962973 594945 614445 1036105 110278 51797 579628 160204 600224 522544 558653 862234 595403 922777 550124 533647 557588 1128120 348570 743676 403512 857131 839198 631072 830493 785126 963089 1002650 927562 548682 53560 623130 676704 542996 628898 860370 855878 635885 463575 660347 1122972 997331 684610 324485 673515 918948 577418 828071 417075 1083728 407893 594190 754707 421344 580231 449905 789208 829445 659491 848638 875944 395176 63008
749766 213052 969665 700448 196691 696617 745701 425180 477385 1137000 850877 693454 453420 911732 408737 58655 662139 319892 319939 847610 692542 275337 364539 1105119 999999999 868999 275551 238227 156033 247226 789042 418780 573027 1017339 400499 543152 744038 509086 510411 516626 431364 1003719 1092075 641399 947663 777549 785821 590802 242889 511796 552412 559085 791582 550627 82652 837716 683490 876273 541427 336538 773236 549925 609069 305302 168025 904636 606067 1100596 568371 877250 892953 476284 527796 864376 832231 676525 467442 201992 204239 431851 823289 790245 628732 641817 328325 717762 81141 697750 709462 490586 702173 629930 866383 610172 757516 812550 544228 247524 853997 1119889
849362 1029433 416776 441525 734071 229906 768430 645760 547007 352697 176157 412832 735916 598852 573348 811646 357489 902412 721277 552198 481343 667581 596159 327253 868999 999999999 961026 878065 930840 867691 397312 633446 779385 270785 610533 500485 541495 876332 384660 468989 920335 223006 287291 265861 199909 275687 196509 279598 634659 408368 852954 380057 572208 336241 909984 31300 416429 491654 536283 676294 661123 760917 460245 672596 738892 981121 451481 292738 531269 752304 637834 417230 540819 905288 694481 383725 499698 935845 810599 503774 339616 710422 876470 524342 556726 352228 830634 235621 267482 449043 333384 270075 532674 744048 504823 707457 777062 623599 73589 377424
560376 152222 940226 663090 448406 840963 583965 672430 701340 1160007 891812 668489 315550 818969 633084 303156 845383 91914 247793 766097 640305 295027 590060 1128913 275551 961026 999999999 83667 122612 93337 760462 662688 401602 1041375 636502 758931 969937 292905 576377 516142 190713 1041855 1128500 786121 984652 943648 930670 707294 361419 555620 348252 592303 701514 624975 197561 931335 883627 816161 766801 291364 651125 387629 817839 550702 414242 693528 582365 1137501 515461 731695 785968 544223 753665 669739 701833 666515 473362 74024 157133 459476 812920 651623 419700 578070 511235 712866 353090 746624 869401 679526 707616 772301 792255 453787 975902 676383 374511 422134 966640 1128315
535373 192411 870748 592664 388130 757709 547228 605797 627930 1083465 812242 595954 262575 762548 560570 251235 764673 81876 171397 706312 572462 211443 518461 1052171 238227 878065 83667 999999999 115680 14931 689485 595049 365489 964291 566848 683334 895111 278251 493417 438001 193331 963152 1050261 702986 905864 861238 847307 623643 280619 473748 327449 511569 643190 541888 174868 848261 804741 751879 693103 212976 601308 347152 740597 485372 353460 680708 508513 1059235 445692 690616 733142 461031 680189 648346 655282 591602 393801 80355 75305 377750 739369 607231 403038 511713 433530 637667 307415 665644 786795 600452 630951 689108 730939 412598 899533 631456 336883 345590 883079 1053627
650932 99189 963862 686257 341230 786170 662361 569628 609527 1162264 883589 686160 374938 869440 540350 192470 773281 186790 266345 810892 669754 272170 496235 1130593 156033 930840 122612 115680 999999999 129768 781422 561398 480981 1042232 538615 671353 878955 391372 550874 518461 298917 1036446 1124562 730465 979213 880138 876596 662781 301506 539297 442157 581873 749227 597154 75369 900129 804194 852034 674901 300831 712553 462184 733952 447687 308487 794670 597411 1133416 541961 804672 842396 516778 661436 763686 767703 677392 470994 49076 136447 446513 826516 720523 517258 611361 433487 722372 236024 732722 807976 602917 712381 717489 834087 527282 888535 744513 452299 343994 927312 1136812
521705 207312 856565 578535 391373 750225 532779 606754 626514 1070397 799986 582096 247684 747646 559576 257253 759577 75314 157895 691486 558069 202253 517868 1039145 247226 867691 93337 14931 129768 999999999 675444 595704 351221 951337 566874 680968 892945 266140 483044 425219 184279 950631 1037612 695702 893364 854761 839615 615119 276006 462502 314496 499730 628317 531659 186644 838010 800719 737261 691515 200094 586400 332654 737444 486921 356690 667985 494831 1046595 431441 675924 718211 450939 678698 634880 640428 578131 381455 95285 71818 366398 725696 592442 390296 497185 430458 624262 314398 653941 780138 596451 617851 681739 716170 398007 896703 616647 322560 343287 873640 1040185
471947 876141 182545 97505 741462 496358 386929 776174 702166 417013 229304 95977 461308 215953 687181 744282 616629 678343 518795 158330 126724 519104 683788 388606 789042 397312 760462 689485 781422 675444 999999999 760065 451182 308981 724778 692650 829457 574686 325206 272467 651188 330869 403697 483305 282786 604493 532842 399398 556782 299033 534223 252586 176050 316840 793652 386126 688355 118588 728744 480871 269714 441905 690189 736522 727716 588711 184740 412472 245083 354993 245620 349450 725674 513023 297713 115896 321607 765555 645013 359067 68694 318170 533393 190195 584869 88127 788374 217082 552955 592007 115735 474029 145734 401833 802875 312446 460060 598563 456840 374804
955012 631726 906608 707850 222232 408095 913881 16361 90561 971510 700748 684893 674399 952748 72898 370141 310986 667794 552974 883707 723555 458296 90087 942063 418780 633446 662688 595049 561398 595704 760065 999999999 791370 865218 37565 155588 329027 793295 439102 542835 757938 831786 911324 367624 786038 436375 478130 389368 348664 475054 813523 514361 851382 443439 497553 605267 300833 875519 136769 531261 881800 764037 222385 113926 253301 1121997 625502 918119 642657 1000551 957885 422736 124192 1061093 941235 651177 511971 597701 525385 469200 758936 918398 880542 704382 206965 672056 341540 573893 390219 187365 645407 364374 888123 800989 347778 933197 768366 266563 587653 978486
177407 549800 607828 363005 646951 758774 182691 806393 782834 867500 649810 383693 123770 438642 731065 558826 825983 309918 261447 398708 326307 344018 701466 839585 573027 779385 401602 365489 480981 351221 451182 791370 999999999 759756 755005 813532 1012676 132946 456679 329705 232280 777494 854180 715990 725051 879097 833540 614151 450321 413588 83772 417731 332757 497174 531174 756428 887603 464246 838172 266530 260704 27336 848595 708037 616623 339228 328018 863037 248325 330292 397802 442894 828408 291951 304684 402864 324263 443088 370175 352282 517388 252723 101276 266923 585939 444025 618560 544080 806841 705956 454204 701668 429216 57110 1002261 277718 28966 531455 814419 821671
771538 1140587 206564 398742 920637 486079 685679 879310 785558 120177 170059 383268 759755 435987 797945 964738 619231 965950 793825 416930 433692 770286 811458 88391 1017339 270785 1041375 964291 1042232 951337 308981 865218 759756 999999999 836879 749285 811389 880989 507456 526414 951679 53250 94852 507814 79342 546371 466852 478464 774486 507175 842426 461769 464346 471027 1039813 286738 682609 340368 786455 751317 562420 749483 718346 881455 917020 867894 462321 103541 537986 618670 486699 541273 788842 794555 573187 377109 572114 1034803 909074 596219 242464 607003 842089 495263 744008 330683 996967 320819 531604 678043 333778 507054 387480 710814 775224 594979 767546 789668 343133 113368
918001 612567 873329 671321 204341 388448 876467 53773 83484 944711 671136 648649 638640 916183 39132 349294 300911 638078 518735 847093 686613 423800 53637 914937 400499 610533 636502 566848 538615 566874 724778 37565 755005 836879 999999999 152586 343573 759076 402820 505414 726082 804722 885425 344957 757890 426384 462661 359354 314479 438228 778316 478032 814282 408518 477262 581725 299517 839801 142620 495966 844277 727669 221022 96914 232911 1084971 588432 892398 605113 963019 920887 385839 129077 1023833 903744 615218 474408 573172 495986 431638 724992 880834 844785 666985 169865 636870 325826 541432 375218 161665 610448 340531 851843 764037 358535 895651 732230 232946 567766 949976
962571 751978 818595 658307 350809 270633 909512 162152 69119 848343 593141 631413 707313 899378 134799 488610 157963 747396 604666 832186 681518 510946 178692 820380 543152 500485 758931 683334 671353 680968 692650 155588 813532 749285 152586 999999999 212148 840225 396660 520803 823548 710827 785281 241472 670149 282237 330162 295790 409488 439795 850339 468299 810494 383706 615789 474670 146965 811091 37523 573444 857045 786644 68445 247484 375582 1127417 589156 791400 625235 975021 912937 392343 40350 1060708 913314 594600 502618 701166 609156 465867 678572 898807 909899 675984 251540 605579 472515 486719 242801 110168 577235 242837 831133 812199 217387 910014 794363 337758 447214 862303
1152965 955737 924420 814500 547850 339809 1093608 326469 269501 890493 680272 785120 911615 1044153 338617 692074 212834 959543 814553 980612 843422 721629 382732 867036 744038 541495 969937 895111 878955 892945 829457 329027 1012676 811389 343573 212148 999999999 1047637 573068 703597 1034676 764499 823518 346173 736749 266852 345006 437616 621473 618177 1054675 637078 969394 547939 820039 524856 141105 946715 204057 781686 1028024 986275 164334 439691 576244 1314942 759213 827723 807177 1143179 1065598 576816 217524 1245376 1080701 747131 693326 910652 821127 660862 800722 1072815 1111071 848858 463650 747594 669003 612797 285996 309532 719022 355912 974084 1006350 40593 1081145 995272 549662 471861 918869
268452 445018 737342 482249 619978 826604 302667 807037 799924 991666 760436 499406 144605 571410 740998 507876 876345 206352 240349 531363 448153 335335 705836 962973 509086 876332 292905 278251 391372 266140 574686 793295 132946 880989 759076 840225 1047637 999999999 523818 410096 106705 895144 974642 778940 841045 944399 907558 680720 444668 485291 57670 500738 465296 569410 452783 851118 932182 595662 860164 266911 392862 134233 883834 697505 586799 403417 432020 983594 351002 453118 529726 502814 849044 376834 433915 513217 390073 347336 307398 405579 638843 381115 126982 385763 596587 557173 567748 641430 869946 738137 563359 764328 561639 189974 1042172 406037 116124 526776 903875 948149
582084 650021 487936 269019 424865 303752 520568 455403 391024 626809 340484 245830 379218 513880 366431 457302 373664 519987 339305 445000 287425 283395 359555 594945 510411 384660 576377 493417 550874 483044 325206 439102 456679 507456 402820 396660 573068 523818 999999999 131607 549229 493493 581924 259329 437276 423213 383799 158039 267589 45225 514322 75273 416496 49024 538277 354992 439473 437868 429243 294646 460544 432398 413925 411522 416054 742302 192684 590508 234176 578369 521380 34486 423325 672324 516666 212864 134453 552678 426704 123103 336449 503057 557867 279517 260336 238842 490589 187340 350290 287728 214910 244989 449037 440735 556936 513591 444805 286294 393979 612280
450507 615861 453303 187700 480628 429433 390393 559146 507103 645860 376459 177232 267547 422438 472307 472059 505254 445224 268371 353629 189867 249519 456699 614445 516626 468989 516142 438001 518461 425219 272467 542835 329705 526414 505414 520803 703597 410096 131607 999999999 451908 525718 612444 388427 468534 550006 504057 285899 286538 86540 393330 90652 312129 167946 524166 442598 570946 366511 551396 225127 339999 306772 542984 494142 463103 611350 92943 621435 104490 458854 419646 128530 544229 542137 398754 160860 49243 508694 383660 88596 309630 379285 430909 161615 344370 204486 517484 238010 478644 410704 194067 374366 365322 310118 688235 392202 320585 337386 493803 618448
374649 342641 821417 555412 566553 844559 408341 770428 776331 1065775 819818 568501 192078 668903 712999 439832 878512 112908 222910 624461 524885 313203 674303 1036105 431364 920335 190713 193331 298917 184279 651188 757938 232280 951679 726082 823548 1034676 106705 549229 451908 999999999 961221 1043742 793543 905584 958375 929745 700599 415610 516144 164262 540296 558274 597358 366356 893231 928651 684539 839367 262241 492504 226317 873340 654611 532187 502895 492215 1052767 413964 558602 629627 523232 827356 481288 536716 576662 421754 252002 241641 426355 711994 484379 231103 461091 573287 622397 497951 689541 883086 727998 624454 778974 653619 288819 1033342 509378 209706 494093 940315 1025972
800153 1135309 251885 414527 898204 444316 714458 845461 750061 140161 153355 395746 769186 476533 766052 949837 576300 969320 794088 451945 451556 764324 781871 110278 1003719 223006 1041855 963152 1036446 950631 330869 831786 777494 53250 804722 710827 764499 895144 493493 525718 961221 999999999 88480 469783 57324 498489 419511 449023 761037 497893 859161 454587 494919 453800 1030204 241618 637984 376909 747700 750665 592772 765569 676916 853724 896443 903326 469212 97174 547533 655973 525761 527814 750728 829153 607840 384560 569423 1031510 905113 590022 262393 638764 863281 510956 720312 339030 979374 306326 487565 644431 337602 470156 423860 730631 727761 628265 783443 770875 294064 154585
865666 1223363 291805 492491 984556 515770 779815 924584 827788 67385 241824 475971 851684 524049 847053 1038064 644777 1054888 880710 509119 527958 852405 864566 51797 1092075 287291 1128500 1050261 1124562 1037612 403697 911324 854180 94852 885425 785281 823518 974642 581924 612444 1043742 88480 999999999 546004 145416 556737 480205 532762 849440 586258 936688 542693 558218 541935 1118665 310955 702880 432041 821643 837548 656226 843576 747316 937510 983447 958974 552789 9043 629784 708844 575874 616261 825477 886229 665164 467684 656745 1119172 992883 678070 336792 700269 936909 589105 806329 421557 1067134 394797 554741 724297 422312 547638 479017 805511 785434 687611 861603 858454 352330 114739
835418 824994 587774 471885 484010 55753 768244 380101 282043 608040 353828 441862 634900 698052 308247 582757 133341 746590 573433 634956 503159 496000 333759 579628 641399 265861 786121 702986 730465 695702 483305 367624 715990 507814 344957 241472 346173 778940 259329 388427 793543 469783 546004 999999999 428697 165534 146149 102690 429801 302739 772594 308223 626519 221058 695287 237716 205069 600761 278664 531685 691148 691711 216310 411710 494318 991181 426462 552456 485834 803521 720460 276396 281119 918775 741052 403877 393013 745902 629128 373362 456740 737721 817192 516292 314483 401775 591157 266920 91185 183968 373293 14627 627947 698530 320719 743844 703975 394957 225261 620845
754378 1078053 231855 362198 845230 408141 669031 800083 706219 191604 96793 342040 713645 444691 718997 894095 541697 912428 736902 413666 400075 707075 733066 160204 947663 199909 984652 905864 979213 893364 282786 786038 725051 79342 757890 670149 736749 841045 437276 468534 905584 57324 145416 428697 999999999 473467 393532 399935 704865 440856 806154 397341 451973 398446 973374 212194 606085 341207 707360 693423 549086 712395 640023 803681 842639 863459 413385 154227 492303 618911 491563 471511 709647 788606 568122 329126 512118 974187 847797 532758 214136 596120 812484 458162 667883 284085 924464 249951 454899 598813 281382 427788 387373 679307 701288 587092 730164 716314 273420 192704
992057 971698 673699 611407 602404 120784 921482 444094 346255 623662 426029 580613 800261 819913 397569 719305 125590 908398 737455 761822 646188 657434 434553 600224 777549 275687 943648 861238 880138 854761 604493 436375 879097 546371 426384 282237 266852 944399 423213 550006 958375 498489 556737 165534 473467 999999999 80019 265196 583459 465543 937347 465867 762935 382089 838591 261430 155972 716581 310339 696263 835946 855265 222004 512332 619257 1143957 578916 561034 643906 943716 848981 441686 319462 1070262 881835 543559 557474 899340 786558 538839 564260 883924 980371 667362 450559 532006 718482 391167 75343 288943 505010 180161 749946 859307 229370 887631 867942 537705 205088 652574
936896 971113 594920 546790 621990 90427 863472 487876 387781 546747 347061 515951 762954 747189 429804 727171 174523 888312 712449 690926 583064 638711 462030 522544 785821 196509 930670 847307 876596 839615 532842 478130 833540 466852 462661 330162 345006 907558 383799 504057 929745 419511 480205 146149 393532 80019 999999999 229161 575772 422990 896189 416180 695705 338562 841082 181431 224005 642699 362555 669550 772531 810830 278481 540872 634897 1084828 522710 484863 592290 877396 778243 406976 369702 1010333 816053 479814 517633 891659 773911 504562 489417 821109 934583 609180 457807 464244 732922 323874 87939 310791 438222 159191 677579 809732 308392 823401 824506 540279 127911 573865
732877 759951 524153 376943 456587 145934 666367 404152 316099 589131 311788 347763 536252 610549 320264 533029 227866 660884 483736 545283 406031 413069 333149 558653 590802 279598 707294 623643 662781 615119 399398 389368 614151 478464 359354 295790 437616 680720 158039 285899 700599 449023 532762 102690 399935 265196 229161 999999999 362074 200588 672316 205955 531812 118368 635729 248345 298073 517969 332745 440566 592247 590153 291098 404820 459862 889269 325507 540284 383242 706199 629167 178355 331246 817221 643686 309838 292407 673168 551759 276053 382782 638135 715408 415512 278254 313943 551036 191065 192809 204842 285284 88935 541118 595948 415899 645195 602752 344377 265098 591230
621382 397973 734389 474169 206207 485383 592587 362559 360724 894114 608072 462925 329448 702121 298180 191155 484127 338806 204323 634699 472919 109777 261418 862234 242889 634659 361419 280619 301506 276006 556782 348664 450321 774486 314479 409488 621473 444668 267589 286538 415610 761037 849440 429801 704865 583459 575772 362074 999999999 270083 465828 317947 585631 308799 275355 603587 524842 652843 423921 184888 587958 423252 463050 257909 182289 787431 379156 857996 358514 702159 691818 233407 411808 732257 648884 441877 239119 316368 205316 198222 585584 615414 534732 431170 158110 480709 231610 454923 509907 320664 463174 416581 649276 468014 622928 634452 425434 82470 627090 877564
536918 638388 469313 233860 443190 345411 475431 491409 431316 627269 344673 213394 340851 478310 402906 461235 418737 494132 313032 409115 248619 267882 392733 595403 511796 408368 555620 473748 539297 462502 299033 475054 413588 507175 438228 439795 618177 485291 45225 86540 516144 497893 586258 302739 440856 465543 422990 200588 270083 999999999 473358 48375 377048 84440 532846 379844 484692 407568 471736 268039 417314 389748 458641 439603 431137 697089 151525 595034 189010 535534 483021 52525 465381 627198 474142 183765 95488 537215 410539 96165 318536 459154 514855 236287 287571 216049 499080 193514 393361 330289 195444 288546 415290 396242 602159 470238 402648 301197 424211 608151
212140 499971 691554 444709 650713 818066 245250 827824 813963 950847 728915 464215 143121 518240 757782 546727 876117 259749 263815 480955 408746 356165 724742 922777 552412 852954 348252 327449 442157 314496 534223 813523 83772 842426 778316 850339 1054675 57670 514322 393330 164262 859161 936688 772594 806154 937347 896189 672316 465828 473358 999999999 483445 415274 557778 500496 828941 934710 547555 872335 282355 338913 93879 890378 722302 618429 353664 403413 945574 322464 395721 475239 496514 861754 322401 377920 481355 379909 399636 348592 401287 599969 324940 76346 348205 612368 523735 606879 617338 863776 745536 532358 758073 511791 138800 1047017 349775 76522 548289 884602 905345
527330 680723 421127 193815 490956 345101 460501 530666 465441 581944 301978 170656 357925 438632 441702 509045 431858 526678 346564 369796 213522 309737 434325 550124 559085 380057 592303 511569 581873 499730 252586 514361 417731 461769 478032 468299 637078 500738 75273 90652 540296 454587 542693 308223 397341 465867 416180 205955 317947 48375 483445 999999999 342672 89319 578125 353035 500319 363431 501745 301856 391586 395650 481227 484284 479325 683364 122329 551544 178129 508259 446815 96870 496345 611570 446113 138506 120776 577616 451002 135466 270220 435786 518586 211779 332436 168309 547367 154387 396575 360480 147136 294782 373811 394026 618388 444756 409995 349317 403205 561312
307613 835567 284147 154903 787733 648612 221845 867742 807502 558227 405282 184659 386102 120680 779616 756591 758305 611927 484576 66216 129157 517076 767083 533647 791582 572208 701514 643190 749227 628317 176050 851382 332757 464346 814282 810494 969394 465296 416496 312129 558274 494919 558218 626519 451973 762935 695705 531812 585631 377048 415274 342672 999999999 427322 777769 559456 829350 135153 844296 457615 98084 332866 819444 806263 767188 413203 225895 566471 227276 182078 107546 428935 839008 337722 122376 222656 352129 723251 616272 396461 241056 144149 394984 154594 656258 231463 808763 372138 704828 703134 257952 615269 96518 276492 946608 136518 350356 645967 629262 505288
614754 696190 468496 274601 452517 261612 549337 459493 386630 589341 302014 248003 424871 516769 370606 496172 342673 569011 388315 448990 298801 331381 369577 557588 550627 336241 624975 541888 597154 531659 316840 443439 497174 471027 408518 383706 547939 569410 49024 167946 597358 453800 541935 221058 398446 382089 338562 118368 308799 84440 557778 89319 427322 999999999 582051 306376 411000 433352 418239 343632 480277 473665 393186 428300 446776 772077 211275 550366 265093 596317 529231 81031 413756 700601 533997 211763 179341 600167 474530 171753 318129 524878 598444 300995 280638 228739 526145 150572 310828 278257 201972 207231 449512 477754 529069 533434 486803 318689 345001 578372
705114 136196 975958 701093 275506 750974 709557 504721 551658 1159967 876850 697697 417619 898448 482528 127995 727014 253454 294304 837058 688587 274834 438175 1128120 82652 909984 197561 174868 75369 186644 793652 497553 531174 1039813 477262 615789 820039 452783 538277 524166 366356 1030204 1118665 695287 973374 838591 841082 635729 275355 532846 500496 578125 777769 582051 999999999 878889 752975 872481 616470 320830 749503 510216 680334 383658 244561 854156 608947 1127377 561512 847485 875165 503793 602883 819048 806675 684959 475265 123564 164642 445042 833769 761703 576548 633440 388209 728424 163729 724174 768314 555386 715682 683007 858267 573530 831835 785015 502218 301378 900738 1138492
831140 998654 419423 424360 703128 204817 751175 617817 519527 375187 173530 395020 709951 592091 544296 780351 335084 873578 692454 542792 463861 637547 566391 348570 837716 31300 931335 848261 900129 838010 386126 605267 756428 286738 581725 474670 524856 851118 354992 442598 893231 241618 310955 237716 212194 261430 181431 248345 603587 379844 828941 353035 559456 306376 878889 999999999 396418 485175 510846 647497 646362 737409 436740 642532 707760 965841 429069 316873 508109 740563 629186 387271 514940 890088 681831 364390 472005 905499 780438 474870 331687 695708 854245 504402 525643 335408 799379 212425 245978 420102 314946 241212 524732 722418 489140 693731 753321 592302 71614 396094
