NAME : synthetic_000878
TYPE : CTSP-D
DIMENSION : 100
GROUPS : 8
RELAXATION_LEVEL : 1
EDGE_WEIGHT_TYPE : EXPLICIT
EDGE_WEIGHT_FORMAT : FULL_MATRIX
EDGE_WEIGHT_SECTION
999999999 630658 991560 835548 437648 31045 731633 719915 364688 142930 1046019 838206 200941 801611 704758 424540 274017 806513 895188 1123885 564199 798327 850721 479559 741318 161862 933657 885401 362329 370597 651914 793824 620624 1062649 347418 577559 460359 574789 687631 619627 609013 520148 786117 982655 608137 1072132 585639 874747 605858 427804 520089 152302 589683 594736 922404 164246 548583 829931 858121 509216 658178 992223 225250 192170 239980 410762 917607 396946 672555 625990 795059 857685 86500 757695 768039 449451 678671 989578 969566 759879 645190 556776 94283 517398 271636 672132 836829 804340 669335 544558 257712 933496 84715 732931 848928 731635 356852 486458 689254 639128
630658 999999999 360938 348978 601028 643883 656613 347411 518079 652024 416256 367111 480977 602122 191417 255194 523480 532075 295619 493488 544760 624202 403522 331719 532250 615305 355101 334664 380563 416039 426766 170914 557717 432023 508354 55131 561379 604628 436833 538462 557442 116009 557691 383997 53392 444906 415159 385040 129289 314208 189350 560915 97919 517858 356359 793441 368506 249902 299147 453429 283202 417701 502218 612723 459905 229546 286967 432913 468218 477726 325722 380658 707114 339485 318046 413625 113796 374762 345239 420513 590651 261887 719149 447266 626533 304103 228510 432642 599578 588049 414984 318545 707589 110084 255474 576693 510817 483131 285098 25570
991560 360938 999999999 392311 906248 1004739 858621 505448 836628 1008170 61082 414806 836637 743373 365532 596295 861910 651145 186303 132997 805046 783299 452331 634375 694370 969605 233349 286578 712706 740559 629143 206095 787525 72297 831590 414229 858562 865978 617962 774697 800258 473076 707302 186334 389008 101995 654089 385650 419142 640945 507635 916992 415779 763473 259877 1154357 635001 253184 282933 726722 482182 268565 850479 964038 811955 587228 74648 747619 670399 705730 398769 411312 1067831 463495 418821 717639 340618 128851 91493 547832 813282 539672 1079974 723754 967564 490818 194423 525807 812247 851988 767579 131252 1068376 264737 223701 753239 836018 770796 458455 354201
835548 348978 392311 999999999 596821 836938 476651 144563 837263 797499 447192 23491 641240 943515 162680 572963 820242 866472 487920 489230 460673 392709 64449 368735 876098 753762 558957 578374 695806 736063 774220 376500 906307 426315 823918 385962 544366 516770 781688 415582 443173 432737 316873 544469 318182 491136 764048 663323 265001 410169 531509 714312 446617 412190 576187 979953 326015 152151 109632 797307 625514 194408 782603 737339 605352 451553 346962 759587 301900 348951 629650 31717 891288 94707 632532 433144 235513 499128 306513 752475 939440 279825 905680 405677 711765 644910 435924 754469 948555 931295 692363 464958 893667 278053 177025 923341 563659 457053 621132 323544
437648 601028 906248 596821 999999999 417658 305841 452653 698665 316414 967309 587504 282857 1055459 543058 567555 623154 1022923 893897 1032202 162101 394197 579463 274558 983260 280958 955916 933624 607543 641887 871031 762153 914431 964946 678691 572411 52740 145646 899977 224956 203436 547644 408257 980085 551622 1005737 818396 969400 495518 288270 625312 288335 629826 210044 957257 507621 277124 670532 670357 781129 795926 789010 562009 250892 256645 413165 835857 676958 323411 267541 897498 604951 438249 502240 879895 190275 569863 961105 846922 935575 946826 366623 452142 191562 178848 816992 826014 967115 967635 873071 514403 907650 442977 655138 698599 998782 113295 140415 816670 591386
31045 643883 1004739 836938 417658 999999999 715147 717924 395224 114667 1059932 838730 197174 831169 710134 445393 304534 834791 912920 1137371 549356 785119 849796 476662 770325 138249 953002 905929 388660 398552 679667 808894 650896 1075444 377793 591517 443017 557084 715274 606131 594356 535181 775655 1000843 619174 1086953 613611 897728 613150 427432 540315 138146 606843 581821 942399 149853 543182 836926 863399 538366 681986 997419 254686 168826 235275 420647 930520 425628 663611 615681 817984 858228 64205 757041 791287 441410 687309 1006270 980174 786252 675699 557352 75321 507326 247645 696434 853561 830331 699813 575412 282211 950007 63997 744377 856725 761431 342327 474046 712759 651279
731633 656613 858621 476651 305841 715147 999999999 353805 933080 620273 916854 457611 550010 1216837 513510 736165 871901 1164356 909703 964623 171126 113818 429930 366129 1143166 582314 979935 978150 815562 855670 1028592 778074 1109431 900293 913971 653304 272423 160339 1050571 132602 129757 657295 171959 983805 603583 960065 989457 1040292 527691 421983 759382 579343 723914 159780 989767 813252 298860 605553 580280 977014 916435 662171 813768 553195 514210 561015 801430 889593 193525 180059 982116 468259 741620 395410 972749 325068 575759 948591 778709 1060842 1143760 398417 755830 252915 484432 938600 845466 1081220 1161209 1090051 746116 904030 746170 660579 634942 1172162 375726 258445 927917 636949
719915 347411 505448 144563 452653 717924 353805 999999999 772756 668165 564326 135099 520750 946856 169858 520223 741868 879267 562993 615817 317237 290746 134078 241505 875568 624098 634237 639947 633873 675740 766018 435406 880773 550196 757186 365489 400098 374610 779903 275577 302675 395459 217808 633004 300889 607186 743591 712548 226813 292848 502625 589108 435734 269732 646644 856162 186450 252275 232671 760203 629377 338472 697123 605402 482998 369435 447670 703642 165710 207390 664691 153130 768628 49896 661126 295540 243968 595682 428153 767922 915069 170145 783307 262022 573977 650691 501642 778810 927532 890210 609561 552787 771437 319910 281828 916112 425165 313347 632499 323230
364688 518079 836628 837263 698665 395224 933080 772756 999999999 491222 878218 849560 418108 442347 676471 266330 90690 461185 688416 957017 765625 961569 877271 583853 388410 488679 702613 641671 141470 102375 319148 632172 256647 907908 20003 466805 696790 801285 354660 802082 803663 410380 921919 763816 528307 891324 253805 598091 572265 521789 334774 444011 432050 774518 683393 492162 662932 766263 812087 162494 387665 935425 146387 511901 442039 405062 771789 89015 804182 776841 524492 866886 444293 791164 494937 608173 615415 789785 848554 441821 280503 608648 446268 681578 582330 392215 648501 489531 304666 182927 187708 739920 440752 626232 773489 370678 588519 676784 419812 538869
142930 652024 1008170 797499 316414 114667 620273 668165 491222 999999999 1065919 796212 171538 915898 686885 489949 401607 910732 936097 1141095 460663 698844 802112 429057 851408 44098 982883 941501 459493 477414 753518 821972 742424 1076785 472537 603692 348731 460226 788178 520680 505632 553063 697582 1025263 619192 1096476 689377 944805 598929 390829 579639 91216 631750 498442 975268 196473 484946 817956 837731 622218 735167 970181 345563 68186 198828 422505 933526 508068 591480 539884 865470 815573 121855 711382 840575 377065 676729 1024219 973595 851448 769418 519744 135747 434284 139303 751837 873060 893137 793095 673850 348969 967650 126636 743756 840552 848342 259911 394215 764117 655014
1046019 416256 61082 447192 967309 1059932 916854 564326 878218 1065919 999999999 469212 894395 755938 426518 644737 907731 662578 204136 79440 865711 839412 505605 695290 711589 1027766 234210 295052 758157 784204 654630 254603 813855 45311 874189 468512 919645 926570 640465 834746 860451 526278 763434 175564 446855 44050 684630 391443 479412 701174 553775 974706 464784 823846 261837 1209305 696019 312179 338636 761369 512987 307968 898967 1022737 870392 644167 133651 789289 729627 765746 416234 464462 1123295 521461 439105 778626 401104 118977 141051 564521 837973 600720 1135233 784779 1027423 519402 229975 537999 835279 883223 817728 146683 1123716 323607 282556 771410 896626 831870 486944 411077
838206 367111 414806 23491 587504 838730 457611 135099 849560 796212 469212 999999999 642362 963694 178320 586289 830340 887326 511362 509870 447949 371519 41145 367164 895882 752325 582420 601574 708200 748780 793176 399355 923680 447515 835861 402330 534878 502987 801246 400956 428679 447414 295869 567909 334302 513201 781759 686143 277734 411350 547687 714230 464404 398836 599591 980539 320033 175634 132554 813197 645301 208577 791424 735099 605903 459866 370239 772970 286586 335313 651723 19500 892132 86562 654213 428287 253351 522406 328341 773404 956978 281479 906618 397112 707117 664902 459125 776024 966458 946896 701462 488427 894635 299484 200466 942574 558566 448423 641540 341587
200941 480977 836637 641240 282857 197174 550010 520750 418108 171538 894395 642362 999999999 803142 520687 340139 340428 784541 767574 969570 379156 606232 652755 279538 733924 134588 816626 778078 342644 371651 627576 651307 646524 905333 398107 433531 289037 401043 660143 429607 422616 384924 588771 856883 447653 925111 567944 788462 429228 231106 422665 80362 465575 403423 810353 338966 347644 650374 673057 516257 586293 806541 279215 136387 39230 251458 761992 406076 473523 428965 710140 661860 250099 560116 686900 250204 506392 854128 802952 712753 677340 361415 264446 320636 179452 604722 703664 751228 699404 596161 239273 797590 252429 572274 672054 740754 178624 295322 613158 483555
801611 602122 743373 943515 1055459 831169 1216837 946856 442347 915898 755938 963694 803142 999999999 792732 490457 530673 93823 557146 820120 1070514 1207883 1002125 852408 73715 904389 523487 460891 461592 438798 188443 594951 191255 798686 457213 582034 1037104 1120827 167764 1086520 1097767 563102 1148074 587704 646037 746279 237199 366704 720718 802284 457935 852132 511160 1060989 496010 934493 918427 814564 869581 293790 319161 952574 576483 922355 813412 660802 709281 407883 1045168 1039155 345684 975027 884181 941590 329630 910653 714016 638728 800839 198820 180830 826122 887124 972256 981602 298953 563096 218033 159147 289700 570456 613513 880936 667625 805256 72796 942668 987760 322629 627367
704758 191417 365532 162680 543058 710134 513510 169858 676471 686885 426518 178320 520687 792732 999999999 411193 663568 720220 396463 489268 440751 459763 212880 276932 723380 644695 467126 470390 535039 574814 618121 266517 745786 422005 663660 224037 494253 502020 628087 415022 439279 270121 387588 470823 155984 466671 604275 542961 106356 297997 369368 598608 287435 401287 478324 857599 269539 132468 153364 634950 473571 287466 629323 633105 488636 302956 298664 597609 320083 346965 497125 193664 768475 151079 495209 357313 78854 438596 304186 607272 779229 179276 782269 358312 622534 494005 333367 614768 789136 768781 538718 391556 770225 150172 158071 768102 482002 405915 472939 165896
424540 255194 596295 572963 567555 445393 736165 520223 266330 489949 644737 586289 340139 490457 411193 999999999 269081 455627 476041 724126 582750 742384 615870 370218 417378 464504 510086 460861 126073 164088 303954 390642 374474 668587 254936 202048 546999 631253 332423 603988 612682 144188 692090 561587 262018 665033 255753 455331 308587 315373 96138 407293 180524 577493 498066 587595 442973 500825 545906 244968 246572 670528 254289 473813 339680 175179 526319 186683 579400 563658 375782 603107 509209 533076 350631 421589 349101 573911 595456 374498 409028 366782 518542 486316 517373 264634 422633 411522 425552 370786 175361 519171 508266 364974 509327 438970 455926 498324 274528 274407
274017 523480 861910 820242 623154 304534 871901 741868 90690 401607 907731 830340 340428 530673 663568 269081 999999999 544114 726927 987122 702142 908755 854759 535638 474035 400890 748873 691119 149618 129799 395925 655822 346893 934033 73726 469368 625531 733504 431952 743007 742147 409435 874585 807080 524513 924747 329124 657776 557377 473129 354310 358596 447738 715514 731908 405278 615147 764915 806925 243276 441265 935071 61312 425154 368117 373096 793477 141446 755886 723890 581064 848505 354195 765356 551884 549398 610128 827610 864390 514279 371177 573407 356615 623781 497632 449470 680629 561296 395318 272329 133174 775195 350764 633517 775472 459616 515714 613687 473867 541433
806513 532075 651145 866472 1022923 834791 1164356 879267 461185 910732 662578 887326 784541 93823 720220 455627 544114 999999999 464842 726356 1024755 1148220 926548 803888 80724 894897 429792 367547 451246 436324 157557 509346 235304 705532 473070 518162 1000446 1077637 124443 1036067 1049183 507083 1085615 493898 579032 652524 221634 272893 655380 757808 407038 840403 446365 1011396 402286 948969 865560 732928 787987 300840 250816 865884 582492 910231 790409 617594 619198 409829 986945 985064 255246 897722 891428 870565 241752 867678 641389 545127 710717 114105 237823 768750 895886 925278 963993 229048 473802 125343 221627 336122 561788 520843 888645 588845 721994 132732 911547 944936 247339 556739
895188 295619 186303 487920 893897 912920 909703 562993 688416 936097 204136 511362 767574 557146 396463 476041 726927 464842 999999999 277458 822493 853580 552336 620938 509372 902024 71585 103345 578152 599472 450628 133956 609901 244035 686363 335706 852036 883736 436395 805567 827951 383044 779563 89340 342556 206527 482563 202188 402110 609062 380465 846010 306276 788773 88977 1059388 644662 335928 384957 562408 312042 423556 725822 902155 750177 518348 164538 600378 716180 739296 213442 514529 977109 532529 235248 704581 337512 101372 252773 362453 633842 538872 987745 729571 920637 316828 67902 339505 631211 681109 651370 57566 976809 250261 313465 568746 806263 770054 284503 302712
1123885 493488 132997 489230 1032202 1137371 964623 615817 957017 1141095 79440 509870 969570 820120 489268 724126 987122 726356 277458 999999999 924072 881312 543310 762473 779246 1102415 296773 360917 837536 863390 727468 333814 886754 67263 953186 546344 983514 984317 711694 889697 916042 604613 805737 232677 521973 73862 759870 453541 550081 771708 633208 1049929 544085 880492 324149 1286905 758173 366935 384538 838182 588780 326844 978373 1096586 944668 720217 207631 868139 781493 820744 485867 502490 1200559 570437 510162 844973 471202 182692 188207 632539 909914 666486 1212634 846855 1098874 594218 308528 603138 906257 958465 896951 221084 1201064 397469 337530 839491 965512 895062 561846 487163
564199 544760 805046 460673 162101 549356 171126 317237 765625 460663 865711 447949 379156 1070514 440751 582750 702142 1024755 822493 924072 999999999 238244 433896 221968 996875 420399 889547 877733 652697 691842 882216 688537 951985 857245 746287 530062 115244 61476 906786 62937 45093 522424 246252 903804 491694 906709 838321 928409 422232 268237 617747 412096 596965 50731 895305 656432 177985 557186 547040 818488 782295 655078 643524 392597 343119 409737 739405 726269 167832 113732 863511 463833 580286 366832 850509 161909 485841 876721 736018 926466 985956 284748 594826 100065 330890 804318 755392 951413 1004443 926843 578095 826808 584582 573661 586542 1021597 207351 88842 797559 529201
798327 624202 783299 392709 394197 785119 113818 290746 961569 698844 839412 371519 606232 1207883 459763 742384 908755 1148220 853580 881312 238244 999999999 338831 378510 1134804 658279 924898 930142 835090 876538 1021493 726000 1116479 818966 943284 630385 352228 252047 1040210 179023 193463 644846 75999 921969 573118 883232 988733 1000153 495778 439985 751163 647149 702201 203612 937380 894676 300915 533238 500792 987042 897626 568490 853492 630735 568152 569377 731761 909052 163515 184982 948229 379168 818078 323448 942102 362029 530317 882261 699079 1040356 1151089 382088 832679 287921 568421 919600 792370 1056071 1166779 1107352 778313 841603 822304 609901 561700 1168888 442991 312036 905284 602019
850721 403522 452331 64449 579463 849796 429930 134078 877271 802112 505605 41145 652755 1002125 212880 615870 854759 926548 552336 543310 433896 338831 999999999 374462 933856 758059 623330 642719 736228 777227 830165 440414 958548 482199 863059 436465 526724 486511 838975 383281 411106 479195 264019 608101 368342 549650 817153 727173 307724 422918 581277 722386 500206 383818 640630 989349 320056 216482 171687 846107 683373 232259 813929 739477 615450 482451 409839 802360 268490 320245 692210 41146 901510 93173 694340 429313 289792 561956 364555 812731 992052 295151 916133 391540 707306 703204 500269 816008 1002015 979313 724548 528812 904220 339528 240787 979857 558451 442356 680330 377953
479559 331719 634375 368735 274558 476662 366129 241505 583853 429057 695290 367164 279538 852408 276932 370218 535638 803888 620938 762473 221968 378510 374462 999999999 778692 385201 684532 666353 456722 498073 663971 488381 744147 695400 565873 310889 231107 278351 687268 234461 245551 300465 339105 706327 280328 732824 623433 710846 220979 62527 396943 347934 375986 208610 687447 614891 79529 408614 418429 612535 560369 547254 483540 368663 241545 195045 562893 530768 220662 195244 643778 386540 527171 282725 629797 84284 295781 686559 580128 704618 778589 97859 541833 121923 348189 582409 553047 729476 795618 729764 403284 633245 529952 380595 434961 806313 205120 151666 575652 319643
741318 532250 694370 876098 983260 770325 1143166 875568 388410 851408 711589 895882 733924 73715 723380 417378 474035 80724 509372 779246 996875 1134804 933856 778692 999999999 838251 483125 418335 394081 374123 114732 535295 154660 753046 401609 510304 964265 1047342 95672 1012811 1024057 489959 1075457 548826 575018 705504 166176 330306 649088 728654 384435 785140 439884 987274 456255 879276 844810 750417 805275 232188 250592 892949 516188 855316 743030 587189 655375 344914 971959 965581 295930 907710 825145 871434 275924 837134 644876 596651 746672 147073 157838 752910 828845 898567 912875 231438 508588 178953 143162 255638 503954 566630 822122 601887 742476 60578 870653 914271 257541 557640
161862 615305 969605 753762 280958 138249 582314 624098 488679 44098 1027766 752325 134588 904389 644695 464504 400890 894897 902024 1102415 420399 658279 758059 385201 838251 999999999 950452 910765 444443 465754 737360 785782 735387 1037739 469419 568115 310026 422856 771435 479685 465464 519185 655335 991314 580914 1058994 674435 917614 558199 347930 551652 57406 599221 456938 943678 238967 440864 776096 795070 611645 710849 927257 342296 30578 158130 385886 894999 497786 548316 497119 838660 771673 159900 667407 814458 333076 636353 988701 933319 831178 763592 476400 174429 391013 109789 728237 838234 871765 786900 671572 334297 932167 164250 704947 799030 838236 217458 351802 739020 617346
933657 355101 233349 558957 955916 953002 979935 634237 702613 982883 234210 582420 816626 523487 467126 510086 748873 429792 71585 296773 889547 924898 623330 684532 483125 950452 999999999 66031 602508 619579 439464 202278 597629 278377 702570 390096 915314 950612 420099 874247 896218 432121 850993 66309 404529 222911 480052 157462 467837 669265 414005 893794 351257 856903 27646 1097313 711568 406852 455092 565797 316514 486384 753342 952295 801554 570710 227818 616496 786424 808458 194083 585239 1017158 604082 221118 767576 406129 115618 310962 337017 618560 605180 1027156 795455 974796 316298 134803 306374 613243 676369 683977 105491 1016542 319617 383774 543544 865245 834721 285621 364958
885401 334664 286578 578374 933624 905929 978150 639947 641671 941501 295052 601574 778078 460891 470390 460861 691119 367547 103345 360917 877733 930142 642719 666353 418335 910765 66031 999999999 546574 561422 373531 205261 531605 338061 642413 361912 895391 938140 354085 867020 887661 397029 857746 132318 386811 287170 415075 99250 456072 645463 365624 853665 313824 848098 42162 1048261 700235 428017 479500 501861 254252 525997 698495 914354 765538 537387 267523 556587 785364 803071 128090 606417 969889 614138 155427 747801 402537 178424 356111 271775 552568 593186 979371 781285 941293 252508 142451 243014 547398 610808 632542 155326 969029 320243 408041 478621 838524 817794 222639 348609
362329 380563 712706 695806 607543 388660 815562 633873 141470 459493 758157 708200 342644 461592 535039 126073 149618 451246 578152 837536 652697 835090 736228 456722 394081 444443 602508 546574 999999999 42100 294070 506676 306942 784758 129042 327958 597229 694209 328944 683190 687712 270187 791179 659418 387845 775173 230103 521122 430812 396185 205111 391058 299909 655832 586666 516546 534407 626897 671793 174340 302706 796576 152689 461237 356284 269612 644849 74155 674845 651756 442508 725471 448725 650809 414082 491630 474826 678568 717490 397619 339307 472377 455190 562647 520254 314134 531066 442035 360144 274501 110547 625836 446606 489908 635238 398155 494424 564615 334945 400295
370597 416039 740559 736063 641887 398552 855670 675740 102375 477414 784204 748780 371651 438798 574814 164088 129799 436324 599472 863390 691842 876538 777227 498073 374123 465754 619579 561422 42100 999999999 281340 535060 274891 812300 92616 364494 633490 732241 317123 723444 727454 308035 833061 678412 425981 799445 215072 528833 471168 437245 234944 414315 331636 696028 602312 518690 575990 663928 709721 146108 311691 833181 149641 484465 388177 311683 674158 35089 716572 692953 451648 765908 456118 692257 422576 531245 513102 700513 749064 392781 306065 514475 461335 602797 546943 320506 555532 438759 327844 235037 133263 648957 453561 524577 671351 372625 529140 603495 344286 436618
651914 426766 629143 774220 871031 679667 1028592 766018 319148 753518 654630 793176 627576 188443 618121 303954 395925 157557 450628 727468 882216 1021493 830165 663971 114732 737360 439464 373531 294070 281340 999999999 451967 159297 693113 328184 400607 850922 932906 36068 898127 909325 376852 963092 505558 466716 655087 66941 303634 539210 614015 270473 682850 331671 872560 414891 798113 730379 655537 709764 157015 154739 805879 429588 752695 634429 472581 581482 257291 858416 851245 245473 805931 737441 764164 218614 722660 540382 546183 671077 125600 184170 639431 742500 783847 807000 140668 436474 173270 184776 239385 404551 507955 734848 504891 650350 150268 758826 799840 172062 452327
793824 170914 206095 376500 762153 808894 778074 435406 632172 821972 254603 399355 651307 594951 266517 390642 655822 509346 133956 333814 688537 726000 440414 488381 535295 785782 202278 205261 506676 535060 451967 999999999 605338 278278 626516 218628 719443 749782 448186 672082 694248 273755 653079 217963 212925 278345 465738 286827 268599 479531 301576 731006 210330 655011 211927 957656 510711 229977 284040 530446 297973 357800 644929 783571 630778 399898 139804 543267 584635 606182 259285 405676 872663 408877 267913 572331 203915 203967 222719 396660 634089 405031 884200 595788 796838 311436 67489 389229 636612 660052 563142 148016 872847 117498 214823 590103 677382 636726 281024 173364
620624 557717 787525 906307 914431 650896 1109431 880773 256647 742424 813855 923680 646524 191255 745786 374474 346893 235304 609901 886754 951985 1116479 958548 744147 154660 735387 597629 531605 306942 274891 159297 605338 999999999 852102 273260 522204 902965 996740 178338 976945 984256 485349 1064361 663865 590284 814311 143258 456271 656515 687534 378885 686263 459837 950122 572549 746965 817446 798060 851113 133963 307859 954357 397724 755993 662570 549246 737893 240515 953230 938093 403573 937907 700926 885408 377412 790076 670801 705335 826513 269387 34627 737927 702882 857936 820914 297016 594091 312667 53205 101201 407636 667194 697398 646867 795655 118486 801253 865255 329214 582977
1062649 432023 72297 426315 964946 1075444 900293 550196 907908 1076785 45311 447515 905333 798686 422005 668587 934033 705532 244035 67263 857245 818966 482199 695400 753046 1037739 278377 338061 784758 812300 693113 278278 852102 999999999 903122 485697 916253 917595 680098 823456 849682 544853 743179 220719 458160 78986 720867 435238 483872 705299 579730 985690 488073 813926 305945 1225160 690950 300286 320031 795493 548915 274178 922775 1031417 879817 656934 145058 818894 715906 754466 457242 441151 1138356 505430 479246 777803 404911 163700 122049 606001 876908 599299 1150619 779644 1032643 556390 262549 580658 874856 919234 839814 186539 1138977 333084 270787 812618 898653 827810 523926 424321
347418 508354 831590 823918 678691 377793 913971 757186 20003 472537 874189 835861 398107 457213 663660 254936 73726 473070 686363 953186 746287 943284 863059 565873 401609 469419 702570 642413 129042 92616 328184 626516 273260 903122 999999999 456393 676957 781656 363977 783124 784493 399120 904244 763054 516860 888229 262062 601711 558962 503695 327303 424386 424180 755557 683932 477862 645066 755638 800798 172774 389056 925137 127246 492436 422072 388793 765881 86158 786342 758474 527077 853337 427921 776370 497579 589158 603861 787673 841454 449426 298042 592305 430293 662689 562592 394705 644835 496954 322083 202172 168231 737130 424487 617095 763506 385986 568608 657447 421432 528640
577559 55131 414229 385962 572411 591517 653304 365489 466805 603692 468512 402330 433531 582034 224037 202048 469368 518162 335706 546344 530062 630385 436465 310889 510304 568115 390096 361912 327958 364494 400607 218628 522204 485697 456393 999999999 535846 588364 414687 530088 546941 60898 567528 424967 68125 495704 381568 400074 138795 284159 145569 512885 71829 507696 388094 740801 358113 299474 346340 411456 267374 468745 447238 567068 414716 182868 340694 383004 470238 473267 333450 417296 655029 364677 321073 389215 152427 420621 400359 410094 555858 254888 666834 430696 585288 289279 270534 428089 566465 545678 359861 364071 655365 164804 307290 550792 476752 462149 275492 72359
460359 561379 858562 544366 52740 443017 272423 400098 696790 348731 919645 534878 289037 1037104 494253 546999 625531 1000446 852036 983514 115244 352228 526724 231107 964265 310026 915314 895391 597229 633490 850922 719443 902965 916253 676957 535846 999999999 114509 878631 177901 159013 515231 360800 937363 510823 958579 800817 934923 451507 252795 598378 308395 596039 160538 917665 543399 226506 620517 619097 769099 768199 736839 565027 281188 257682 385166 788881 668538 271839 215987 864621 552278 469611 449741 848173 147783 524280 916668 797571 909642 935991 319726 483935 139679 216193 789622 784141 939403 956080 867076 510093 863827 474093 610437 648824 982731 110462 89079 787501 550357
574789 604628 865978 516770 145646 557084 160339 374610 801285 460226 926570 502987 401043 1120827 502020 631253 733504 1077637 883736 984317 61476 252047 486511 278351 1047342 422856 950612 938140 694209 732241 932906 749782 996740 917595 781656 588364 114509 999999999 958437 103688 76101 578265 276840 965216 551726 967710 886980 987512 483059 319829 671102 422895 654304 104883 956136 652913 239092 617383 605819 862867 837345 711032 673671 393455 367791 460603 800641 767029 218081 167820 921706 518187 581758 423775 908087 210270 547243 938194 796173 981115 1030394 345559 595888 157752 324095 859271 816564 1007194 1049525 967098 613661 888272 586360 635064 646819 1070098 222915 133070 853532 589535
687631 436833 617962 781688 899977 715274 1050571 779903 354660 788178 640465 801246 660143 167764 628087 332423 431952 124443 436395 711694 906786 1040210 838975 687268 95672 771435 420099 354085 328944 317123 36068 448186 178338 680098 363977 414687 878631 958437 999999999 920852 932816 395545 980319 486401 479349 638699 103007 278346 553460 638905 291195 716629 344212 895618 394676 834154 751874 658401 713057 192283 156581 804609 465562 786337 666011 497835 573711 293335 877606 872356 226426 813342 773242 775871 201563 748192 549699 529481 664234 94236 198548 658586 778376 807887 839594 138773 427459 140966 194817 266007 439289 493949 770676 508874 651614 143046 788211 825458 167392 462265
619627 538462 774697 415582 224956 606131 132602 275577 802082 520680 834746 400956 429607 1086520 415022 603988 743007 1036067 805567 889697 62937 179023 383281 234461 1012811 479685 874247 867020 683190 723444 898127 672082 976945 823456 783124 530088 177901 103688 920852 999999999 27825 529681 183325 884065 485073 876680 857848 923500 411586 289434 629892 468218 599491 27568 881862 716876 172072 523409 508108 844441 789750 609401 685752 452504 392202 428934 711857 757262 114823 69022 862020 415689 639356 323847 851003 194039 468167 853574 701549 934296 1011251 276794 653998 120718 392814 811903 739480 956476 1028794 957645 615680 805649 643538 555346 553034 1040771 263968 134299 802693 520636
609013 557442 800258 443173 203436 594356 129757 302675 803663 505632 860451 428679 422616 1097767 439279 612682 742147 1049183 827951 916042 45093 193463 411106 245551 1024057 465464 896218 887661 687712 727454 909325 694248 984256 849682 784493 546941 159013 76101 932816 27825 999999999 543923 205886 907231 504071 902213 867502 942362 431697 297323 642391 456988 615564 39606 903312 701280 189230 549495 535033 851228 804206 637083 684081 437596 386077 438199 736804 761595 142646 95457 879717 443471 625357 351170 868013 196234 490439 877577 727853 948701 1018423 295571 639889 126413 375131 826326 761545 971919 1036405 962180 616533 829141 629660 577909 579091 1050668 252217 128925 818019 540309
520148 116009 473076 432737 547644 535181 657295 395459 410380 553063 526278 447414 384924 563102 270121 144188 409435 507083 383044 604613 522424 644846 479195 300465 489959 519185 432121 397029 270187 308035 376852 273755 485349 544853 399120 60898 515231 578265 395545 529681 543923 999999999 586402 472255 117968 551999 348845 422434 172407 262852 107770 463004 83755 505557 427070 683908 358580 356862 401735 367456 260285 526771 386401 520256 369534 140519 400055 328672 482073 478019 349867 463480 599015 401304 332943 372212 205108 472498 461174 404783 519617 263041 610475 422364 544305 282403 320432 429028 532187 500165 298976 415991 599151 225614 366212 525314 446063 448021 275272 132113
786117 557691 707302 316873 408257 775655 171959 217808 921919 697582 763434 295869 588771 1148074 387588 692090 874585 1085615 779563 805737 246252 75999 264019 339105 1075457 655335 850993 857746 791179 833061 963092 653079 1064361 743179 904244 567528 360800 276840 980319 183325 205886 586402 999999999 846946 507761 807245 933388 929687 430693 401625 693730 637725 639273 201128 863989 894031 259588 457447 424806 937016 834799 494896 821598 629548 549799 522402 656022 864554 118804 160127 879775 304012 813685 248192 874735 339004 460060 806733 623151 976361 1098981 326483 828490 268728 573979 856605 719069 990304 1113746 1060593 742385 766568 817595 537705 485826 1111685 437877 303547 840931 534758
982655 383997 186334 544469 980085 1000843 983805 633004 763816 1025263 175564 567909 856883 587704 470823 561587 807080 493898 89340 232677 903804 921969 608101 706327 548826 991314 66309 132318 659418 678412 505558 217963 663865 220719 763054 424967 937363 965216 486401 884065 907231 472255 846946 999999999 429731 159027 545171 221006 486193 696536 465577 935252 394759 868379 92588 1146757 726522 393296 436939 629894 379691 450736 808874 991494 839502 607663 199994 676897 790664 816853 260293 568554 1065046 598764 287053 790294 417975 58270 272188 403033 684868 621792 1075516 812565 1009689 380633 155487 371400 679516 742005 736601 80378 1064663 330156 367445 609308 894083 854274 349449 389907
608137 53392 389008 318182 551622 619174 603583 300889 528307 619192 446855 334302 447653 646037 155984 262018 524513 579032 342556 521973 491694 573118 368342 280328 575018 580914 404529 386811 387845 425981 466716 212925 590284 458160 516860 68125 510823 551726 479349 485073 504071 117968 507761 429731 999999999 478568 449408 438431 77342 266821 213405 528000 135216 464483 407121 769026 315192 240402 283951 479127 328661 410558 497378 576296 423707 199033 314360 446448 415928 424503 378553 349425 681454 297559 370066 363062 87142 416111 361459 468767 623896 208506 694049 394561 585309 350126 274779 482975 634330 613153 407880 360700 682285 125388 252003 616984 464537 431317 333261 39850
1072132 444906 101995 491136 1005737 1086953 960065 607186 891324 1096476 44050 513201 925111 746279 466671 665033 924747 652524 206527 73862 906709 883232 549650 732824 705504 1058994 222911 287170 775173 799445 655087 278345 814311 78986 888229 495704 958579 967710 638699 876680 902213 551999 807245 159027 478568 999999999 688946 379744 515195 736562 572237 1005283 486507 865362 250292 1235890 735882 354919 382440 768756 518558 350353 918654 1054854 902195 674071 169943 802703 772280 807718 412602 508508 1150610 564743 437283 816503 437579 109254 185098 558876 837070 639151 1162272 824574 1061742 523159 244123 529278 833103 887403 839295 151778 1150869 357372 325360 765785 932905 871171 490905 441648
585639 415159 654089 764048 818396 613611 989457 743591 253805 689377 684630 781759 567944 237199 604275 255753 329124 221634 482563 759870 838321 988733 817153 623433 166176 674435 480052 415075 230103 215072 66941 465738 143258 720867 262062 381568 800817 886980 103007 857848 867502 348845 933388 545171 449408 688946 999999999 355157 517784 570484 241154 620588 317433 831696 457137 731205 693146 654828 707855 93447 171979 811850 362816 690651 576863 429303 600792 190388 825226 814301 289097 795696 670986 745953 260283 677327 528566 581327 688008 188143 175572 607387 675899 741306 747053 165794 459697 235942 184924 198619 340603 538853 668342 503654 652655 183277 705527 754074 198060 440526
874747 385040 385650 663323 969400 897728 1040292 712548 598091 944805 391443 686143 788462 366704 542961 455331 657776 272893 202188 453541 928409 1000153 727173 710846 330306 917614 157462 99250 521122 528833 303634 286827 456271 435238 601711 400074 934923 987512 278346 923500 942362 422434 929687 221006 438431 379744 355157 999999999 512874 682267 366052 860211 339599 902798 129831 1034556 753253 515696 568739 446926 218419 622742 673550 924453 780714 561264 365440 518137 849615 862254 79755 692455 960734 691058 107121 789013 469860 273076 454829 187978 473650 646879 969000 829766 959100 208344 231662 151526 465781 542915 617523 254431 959343 394262 497921 390876 868422 862218 186332 403501
605858 129289 419142 265001 495518 613150 527691 226813 572265 598929 479412 277734 429228 720718 106356 308587 557377 655380 402110 550081 422232 495778 307724 220979 649088 558199 467837 456072 430812 471168 539210 268599 656515 483872 558962 138795 451507 483059 553460 411586 431697 172407 430693 486193 77342 515195 517784 512874 999999999 221803 277633 508826 209702 392109 473087 761979 244373 224085 255854 539855 404689 389113 523017 549714 400226 198759 345921 495258 338943 349397 454987 294741 673129 229064 447134 305251 78995 465587 375417 545674 690578 137503 686535 327653 548801 426341 334461 560305 702263 672310 432409 412352 674551 159876 243676 689302 417744 368138 410240 109375
427804 314208 640945 410169 288270 427432 421983 292848 521789 390829 701174 411350 231106 802284 297997 315373 473129 757808 609062 771708 268237 439985 422918 62527 728654 347930 669265 645463 396185 437245 614015 479531 687534 705299 503695 284159 252795 319829 638905 289434 297323 262852 401625 696536 266821 736562 570484 682267 221803 999999999 351445 304979 343245 262594 669724 569812 142055 430223 447210 555036 518995 579362 421279 335250 195383 141503 567620 470326 283127 255776 611860 430850 481120 329913 595700 110286 300523 681757 594387 662116 721824 130364 495522 170943 327564 540755 541421 689680 739461 669975 340761 626889 483514 379663 454466 753735 197945 187312 536738 306631
520089 189350 507635 531509 625312 540315 759382 502625 334774 579639 553775 547687 422665 457935 369368 96138 354310 407038 380465 633208 617747 751163 581277 396943 384435 551652 414005 365624 205111 234944 270473 301576 378885 579730 327303 145569 598378 671102 291195 629892 642391 107770 693730 465577 213405 572237 241154 366052 277633 351445 999999999 494247 97447 604869 402314 683448 460687 439060 488443 265906 170741 605642 346640 558471 416665 213221 439868 247208 587988 581263 287481 562808 604304 506551 264516 461636 297581 479021 514154 311343 412952 369075 613906 518242 595504 191680 328733 341817 424938 400231 271060 424800 603490 293635 443159 418019 517485 538756 193539 212830
152302 560915 916992 714312 288335 138146 579343 589108 444011 91216 974706 714230 80362 852132 598608 407293 358596 840403 846010 1049929 412096 647149 722386 347934 785140 57406 893794 853665 391058 414315 682850 731006 686263 985690 424386 512885 308395 422895 716629 468218 456988 463004 637725 935252 528000 1005283 620588 860211 508826 304979 494247 999999999 542537 443752 886775 267062 409842 729027 750317 560422 653728 883363 298387 70222 110096 331374 842346 447120 526440 477865 781268 733686 180229 630538 757106 305441 586303 933489 883020 774998 715284 435029 195056 369700 139159 671241 782598 815245 738278 626286 281701 876928 183417 652635 751146 786897 204771 335903 681780 563800
589683 97919 415779 446617 629826 606843 723914 435734 432050 631750 464784 464404 465575 511160 287435 180524 447738 446365 306276 544085 596965 702201 500206 375986 439884 599221 351257 313824 299909 331636 331671 210330 459837 488073 424180 71829 596039 654304 344212 599491 615564 83755 639273 394759 135216 486507 317433 339599 209702 343245 97447 542537 999999999 576545 344879 753928 427422 344496 395319 356764 195560 509465 434720 601521 451852 224219 346004 344650 541863 543860 268730 478263 671007 432497 253821 451274 211137 399960 417687 338382 492846 325633 681797 497118 627532 217452 247251 357330 502055 491333 353040 344047 670781 196912 347090 481925 529417 525940 204139 123143
594736 517858 763473 412190 210044 581821 159780 269732 774518 498442 823846 398836 403423 1060989 401287 577493 715514 1011396 788773 880492 50731 203612 383818 208610 987274 456938 856903 848098 655832 696028 872560 655011 950122 813926 755557 507696 160538 104883 895618 27568 39606 505557 201128 868379 464483 865362 831696 902798 392109 262594 604869 443752 576545 999999999 863869 694850 149773 513639 501073 817487 765793 606545 658336 430266 365779 402566 699309 729886 117111 63641 840316 414398 616304 318953 828761 166475 451279 839232 692291 910322 984397 255979 631006 93242 372896 787929 722269 933143 1002049 930306 588115 790475 620406 538838 543163 1014719 240238 108475 779272 500703
922404 356359 259877 576187 957257 942399 989767 646644 683393 975268 261837 599591 810353 496010 478324 498066 731908 402286 88977 324149 895305 937380 640630 687447 456255 943678 27646 42162 586666 602312 414891 211927 572549 305945 683932 388094 917665 956136 394676 881862 903312 427070 863989 92588 407121 250292 457137 129831 473087 669724 402314 886775 344879 863869 999999999 1085660 717378 424396 473842 544023 296174 509885 738226 946386 796504 566729 250748 598020 796408 816759 169458 603104 1006467 618055 197245 769886 414499 143261 335707 310478 592965 610589 1016186 800167 971038 294657 145024 279106 587255 652586 670848 130525 1005718 329290 402315 516727 864564 838302 264683 367987
164246 793441 1154357 979953 507621 149853 813252 856162 492162 196473 1209305 980539 338966 934493 857599 587595 405278 948969 1059388 1286905 656432 894676 989349 614891 879276 238967 1097313 1048261 516546 518690 798113 957656 746965 1225160 477862 740801 543399 652913 834154 716876 701280 683908 894031 1146757 769026 1235890 731205 1034556 761979 569812 683448 267062 753928 694850 1085660 999999999 676176 985410 1010609 648305 816875 1144440 369109 264605 374664 570440 1080200 540823 787206 736073 955070 1000020 89141 897316 927542 570031 836680 1153812 1129975 911374 767464 700176 75444 629861 328832 829775 1001062 957001 791864 660515 417289 1097711 87446 894229 1005648 862640 456249 590596 848447 801071
