NAME : synthetic_000945
TYPE : CTSP-D
DIMENSION : 100
GROUPS : 8
RELAXATION_LEVEL : 1
EDGE_WEIGHT_TYPE : EXPLICIT
EDGE_WEIGHT_FORMAT : FULL_MATRIX
EDGE_WEIGHT_SECTION
999999999 396064 72557 726681 419565 775918 392210 134282 479589 153124 341159 948772 836888 1105919 655277 473768 422621 23408 183827 140279 471673 351735 673457 527939 578093 240833 959887 644018 844200 47388 699609 704578 225598 184226 1099689 591909 183227 665064 718214 394820 770313 327700 715531 708570 770678 273286 1045112 418504 201087 592728 417552 557430 586761 777195 696532 449829 827283 796371 687418 299090 407823 218565 478696 777335 1030807 925317 647529 912792 419970 699163 779297 521520 331944 612794 831674 670607 231070 612574 657870 238745 567192 710347 195686 389873 480832 430730 1082793 816342 569710 936451 977308 757240 712774 762109 753390 562739 1048289 384642 824510 784191
396064 999999999 453501 381479 236773 514851 13520 381980 482991 249675 508314 581962 444497 796496 259754 125093 27385 398308 272939 279094 78215 492107 296846 186442 526523 357614 692267 307321 452293 351626 565614 322574 486467 437502 764307 237291 358527 394152 453792 584269 458339 111104 367849 468397 379225 193095 728262 122089 412443 677430 470877 302198 273184 643140 783109 53960 439044 413012 291610 461470 489401 261676 390082 473217 708231 574868 732377 697626 176520 705209 383234 294025 405807 692425 583404 286088 325747 224256 291426 533396 601990 763033 506542 36229 565177 86156 778381 421187 175017 657298 627884 451434 389516 418588 598191 508503 699467 72882 436723 397413
72557 453501 999999999 795118 491638 848294 450999 122788 546025 204233 394960 1015642 888445 1177621 713216 519968 479232 88623 256277 180316 526742 409048 719923 570380 646190 309262 1032367 681657 904797 104704 770440 752361 270637 237856 1170038 634679 251253 736958 790422 440940 799783 374317 753924 781073 831393 343991 1116418 461356 261241 647518 481808 629159 656373 847519 748544 506543 876570 843781 742846 356939 469591 291065 550061 848558 1101807 994046 700890 985082 454849 760595 835608 545078 398279 667714 904215 733264 234745 663697 723602 271007 628494 766476 134205 443382 539259 479076 1154642 870367 628386 1008754 1046271 785717 782737 830871 824656 631251 1117466 433681 886706 846613
726681 381479 795118 999999999 332168 216023 376143 749539 520991 605577 667865 227306 369151 417939 233613 421741 366986 720337 553076 641005 346315 639508 391391 440500 485011 572506 345800 487815 228443 690790 411655 379039 718100 685247 383469 430657 609202 159701 181743 730525 611967 492405 495233 225486 191618 455592 348465 468952 649010 703970 560577 209421 143976 457617 781558 346840 397288 410228 269843 640241 592165 522719 404910 126283 327380 199082 742560 404132 523756 648079 271912 599508 554168 709579 278350 150477 706263 334237 100098 770816 609934 734565 873572 411381 633460 423339 401939 322714 253496 304225 251690 616755 54650 37163 404583 474352 323323 443748 188418 163594
419565 236773 491638 332168 999999999 357555 223336 477988 258553 334507 348055 559332 576851 686732 371007 356762 249969 408446 236344 372340 281632 322654 482036 413490 290164 240344 542539 524855 510410 392656 339063 495895 386076 353511 685837 451462 279359 245670 298899 417886 677575 312809 573882 292680 442977 152688 627123 357792 316989 458469 266143 138937 188970 419137 559334 257387 586019 573904 419145 313951 292630 202432 154518 360366 614072 522884 510377 510696 409296 470303 488405 530434 232222 471195 416611 338031 475132 399748 295730 438803 375281 533088 593252 270322 356472 322486 663354 539395 301068 517441 572536 673305 305380 363329 379623 272276 641397 304130 478878 440071
775918 514851 848294 216023 357555 999999999 505165 832951 430171 687498 616707 337409 583551 339215 441507 591031 510046 763520 592102 725317 507164 586049 600095 623650 356911 570188 185320 689994 430802 750189 235348 591212 701956 683184 364493 626489 620549 121340 61651 663145 822273 621257 705185 71777 405769 509455 289536 625111 645472 575532 489945 225842 244057 258021 631917 498056 612811 626230 482232 604503 522257 557472 339071 98554 284294 269016 601919 193713 682224 484784 487326 777582 518288 575758 69714 359678 816730 534677 298560 752100 484461 576370 950270 550105 536899 579606 313607 537078 439085 160923 298450 825793 166535 204383 208220 353427 349221 586350 390623 374162
392210 13520 450999 376143 223336 505165 999999999 382754 469582 247847 496703 579504 451050 789965 263067 138244 36417 393696 264182 278448 86454 480148 306556 199300 513032 346721 683447 319657 453935 348378 552858 331484 477048 428501 759383 249161 349093 384232 443951 572625 470979 118032 379446 457719 380640 182024 722034 135165 402791 664213 457876 290905 264495 630561 769792 60477 446595 421441 296650 450137 476630 251700 376576 465417 702320 570745 719096 686960 189100 691689 387508 307331 393456 679154 573491 285489 330216 232529 287840 524440 588573 749573 507494 48417 552173 99675 771535 426632 177609 648891 623799 464237 382478 413297 585857 495006 695478 84676 437242 397632
134282 381980 122788 749539 477988 832951 382754 999999999 589228 146240 470178 961185 797538 1149899 636435 425643 404880 157253 264070 109143 447634 477722 622808 469901 681584 351257 1018249 574325 832052 113988 789569 656792 359336 315642 1131488 533672 297840 715485 772550 527400 684782 285849 646776 770293 759678 325460 1085299 363796 327341 719109 532987 607756 618992 869368 824783 431500 782157 746867 660395 425343 527639 296820 568281 819037 1068272 947771 774896 986928 347908 816828 753887 427760 444707 738957 894154 668002 112702 574468 668192 372537 685987 834880 124801 363967 604235 389167 1128687 783907 554724 990382 1000729 670104 745286 786381 839855 665003 1072512 346489 818305 779247
479589 482991 546025 520991 258553 430171 469582 589228 999999999 476343 200680 730655 824660 760652 621708 607370 500799 458987 331185 507962 537519 171145 740357 666777 105104 239546 582641 781639 734083 478004 252301 753213 315804 320346 794659 708465 296450 375095 396355 234483 934475 532390 832249 360995 674340 322182 717944 597453 288630 200210 71358 317203 401189 317855 301417 512061 837422 828480 670928 208213 98959 304449 118694 487796 714258 675515 251920 491842 642505 235052 731391 768340 147788 212644 456725 575562 631753 658033 521639 356798 119027 280778 675270 512325 112601 568660 733460 784244 557568 576173 715894 929509 475493 540942 310817 94634 774592 541567 697688 662802
153124 249675 204233 605577 334507 687498 247847 146240 476343 999999999 398092 820563 685476 1003731 509201 320650 275127 161620 146436 37888 322524 396867 520418 375138 559998 252960 872718 492509 701720 106071 656036 551759 317873 265930 986488 438977 213387 569521 626870 466972 623069 174588 563579 625765 628473 183464 939317 265834 260294 631012 429714 461990 473214 736578 739779 302427 674922 643514 538648 348455 431654 172101 437570 672849 922510 804334 688265 844965 271501 710213 631376 381989 341891 649920 749454 532226 155429 460813 527338 350381 583476 740455 268434 239329 512330 277827 982462 666454 424689 844426 857159 610792 599714 642217 703894 542548 928867 231832 684851 645045
341159 508314 394960 667865 348055 616707 496703 470178 200680 398092 999999999 890238 917551 953123 711695 629355 532759 317937 262976 418777 579701 30710 799109 691874 303604 155684 778842 814672 858351 357094 452967 819778 130303 157632 979078 745578 184711 541802 574760 75982 963456 515468 876127 545360 790952 315777 906243 599691 143353 252576 130828 458855 530683 516478 355376 552425 922543 904976 757678 50282 101886 256393 278803 660545 900131 842966 306554 692313 631098 373188 833246 755600 115843 272763 650704 685657 542495 719871 643229 160808 243542 371619 529147 527175 148712 584653 926409 882737 633822 769259 887707 955009 630586 694229 511483 294984 950955 546134 826215 787788
948772 581962 1015642 227306 559332 337409 579504 961185 730655 820563 890238 999999999 369151 303844 360120 588856 562322 943672 778563 854382 529390 861182 484023 587447 677975 799668 346789 591057 201271 910957 571787 456934 945011 912546 220734 555458 836412 355568 343851 949901 675665 689100 570249 387384 241792 680289 239723 645975 876263 899949 777221 432044 371237 592578 965159 537975 407464 440103 367726 864917 809455 748919 619442 250063 212406 73670 931839 464045 694961 820722 306475 742223 778092 902643 364813 300322 906127 461131 293249 997704 806403 911651 1085959 606376 842868 603634 302911 331422 421794 306374 87326 685890 259652 196814 544756 670592 138355 633826 181748 206602
836888 444497 888445 369151 576851 583551 451050 797538 824660 685476 917551 369151 999999999 672336 206199 371906 417179 841067 712936 708478 366716 894990 181734 333729 818291 781655 678331 272195 172119 790871 772750 145699 921348 875265 587877 275248 794510 518477 550223 990727 314082 514780 224807 592630 177816 621738 605973 434237 846431 1022586 842465 517920 431784 824913 1113656 390824 38817 78350 160114 876759 869475 695845 707258 487889 578724 420865 1069072 763968 460933 994363 98722 451783 803701 1032211 641211 253068 709454 224753 314650 970872 931943 1074618 915469 447040 930356 409908 669342 46480 285317 634570 454913 326651 422583 379955 771691 804165 504292 454845 205277 210693
1105919 796496 1177621 417939 686732 339215 789965 1149899 760652 1003731 953123 303844 672336 999999999 628216 838036 783762 1095176 923072 1040817 764211 922413 771186 850997 674807 908518 185242 876608 501962 1076579 529326 748121 1041159 1021981 106774 830862 957626 441071 390871 995131 974151 907570 864689 410895 528403 834300 70763 886787 984244 878985 824364 548491 531984 506441 912104 764466 710348 741307 648602 943021 856166 889085 677365 330903 96077 256292 893289 314635 941233 759541 602707 1010110 857228 874797 304006 551938 1117887 733222 516096 1091191 795168 850000 1271219 827838 861276 841249 27901 633067 667790 184485 217423 983279 407963 381827 478511 675506 179596 861013 475896 489974
655277 259754 713216 233613 371007 441507 263067 636435 621708 509201 711695 360120 206199 628216 999999999 231866 234093 656485 516063 537327 188808 688895 158698 227591 622873 578211 578604 254763 196563 611267 595615 151634 720044 675564 569831 202750 594533 349814 394575 784641 380767 351610 263678 430882 126781 421480 557477 292283 645231 820872 636956 324586 241535 656914 914887 206817 215770 209147 49582 671501 663611 496173 505581 359162 532715 377277 868957 634021 337379 802402 126193 384392 597595 831348 507880 83165 564579 105014 143242 770497 731696 879009 759601 272666 725748 254049 616865 171739 85944 536350 426465 384505 275739 261153 604255 607752 493382 291765 189260 155158
473768 125093 519968 421741 356762 591031 138244 425643 607370 320650 629355 588856 371906 838036 231866 999999999 107016 481061 382715 339699 85222 614511 200068 62521 646784 476178 757373 185768 425526 426679 673745 232486 597040 546212 790885 121166 470313 475193 532658 705312 334516 146220 251237 555067 358337 313694 767753 63239 524796 802453 595932 398457 348248 748635 907904 102330 357267 323813 243054 581472 614146 377203 511198 532485 744986 597386 857279 781373 106104 826960 335109 187575 529588 817351 660739 291200 340548 150516 322225 641079 726280 886865 544118 102205 690231 45935 823185 360000 170793 718794 648856 326972 444599 456794 700983 628975 718213 90921 421087 386552
422621 27385 479232 366986 249969 510046 36417 404880 500799 275127 532759 562322 417179 783762 234093 107016 999999999 425201 299992 303551 50847 515897 270223 166146 540109 383104 684877 284809 427843 377883 572387 295497 513223 464470 748511 213632 385266 390317 449562 608649 436724 127040 343543 466702 355068 218389 714964 117242 439052 696773 491507 303176 266553 648840 801673 27312 411665 385775 264825 486366 510973 288043 404302 463657 694322 557849 751244 695549 173956 720022 356804 285052 428709 711380 579142 264421 343891 196958 274151 560390 619616 779979 529109 44581 585750 74976 766319 394178 150237 648904 610745 430463 378457 403912 602701 522244 682109 77709 413435 374510
23408 398308 88623 720337 408446 763520 393696 157253 458987 161620 317937 943672 841067 1095176 656485 481061 425201 999999999 172104 153721 474881 328852 680111 536543 558303 221085 946928 654083 843606 60476 681818 710623 202310 160871 1091015 600213 163163 654116 706425 371420 782810 335590 725199 695533 770094 265264 1035090 427365 178426 569679 396136 546929 579331 758927 673295 452244 832499 802435 689917 276229 385742 206274 461537 767570 1021268 918531 624373 897280 431657 677123 781200 536198 311216 589762 818235 668919 251450 617316 653974 216620 545086 687460 216775 394223 458175 437286 1071757 819365 570673 924273 970257 770053 704792 755408 736084 543178 1040982 391121 822933 782511
183827 272939 256277 553076 236344 592102 264182 264070 331185 146436 262976 778563 712936 923072 516063 382715 299992 172104 999999999 176795 350599 257008 569514 444391 418905 109859 776090 567770 693165 162302 526354 595485 214540 164660 919870 503145 87780 482014 534571 336318 711756 255808 633849 524813 620307 99078 863108 344349 142247 485997 283288 374878 410450 605783 595056 324496 710244 685623 555283 212714 286014 34935 304658 595745 849505 750022 543355 731666 370561 564224 642255 493646 195680 504646 648060 515830 301246 496710 493373 260484 437053 594251 366960 282420 367048 336817 899675 685464 430854 752683 801240 701932 534733 587350 577800 401974 871503 294120 668912 628400
140279 279094 180316 641005 372340 725317 278448 109143 507962 37888 418777 854382 708478 1040817 537327 339699 303551 153721 176795 999999999 349249 419879 539712 391048 593833 279293 910517 504960 731282 93638 692459 572053 329246 278557 1022568 455303 234918 607204 664646 485104 630037 194020 576815 663652 658301 221014 976159 281704 277753 656977 458774 499755 509854 772901 765248 330691 696275 663505 564776 369966 458855 205094 473234 709981 959142 839507 714016 882719 279914 740829 657952 382518 370342 676168 787337 563798 125648 483790 561156 357053 612860 768219 232567 265334 538853 298839 1019681 691285 453739 882099 892409 617001 636182 677766 740774 576552 964164 253634 715611 676072
471673 78215 526742 346315 281632 507164 86454 447634 537519 322524 579701 529390 366716 764211 188808 85222 50847 474881 350599 349249 999999999 561883 220677 133362 569754 431702 676079 244175 384683 426434 590199 245045 563438 514955 722944 171245 435492 390460 448290 655424 396992 163495 298664 470007 312901 267067 694503 122692 489098 735476 532714 313569 263711 664396 838929 27276 360833 335047 216141 534015 553591 337876 435764 451972 672712 530443 789078 696754 178330 751146 308917 272737 473532 749423 576823 229156 379038 146170 248957 610894 655672 814571 570958 84000 626641 77046 748144 344672 109094 638327 582872 392066 364694 382442 616351 552229 653546 105080 373050 335222
351735 492107 409048 639508 322654 586049 480148 477722 171145 396867 30710 861182 894990 922413 688895 614511 515897 328852 257008 419879 561883 999999999 780277 676956 274865 147388 748217 799209 832356 363899 423402 800054 151760 171381 948550 729306 185036 511890 544335 95748 948990 505327 859433 514730 765581 301000 875584 587409 150907 241468 100666 430267 503329 487947 347423 534641 900883 884290 735394 52654 73057 246496 248359 630446 869540 813317 297207 662358 621020 353616 809508 746378 91303 261408 620019 660655 544750 700364 616981 187251 222369 358615 542875 512553 130296 570332 895700 859477 612230 738554 857804 940997 601548 665427 481910 265683 920809 533112 799753 761590
673457 296846 719923 391391 482036 600095 306556 622808 740357 520418 799109 484023 181734 771186 158698 200068 270223 680111 569514 539712 220677 780277 999999999 153935 756256 652316 734718 107060 289230 626488 744743 36062 783311 734165 702717 93545 655374 505214 552176 874572 222321 346235 105344 587114 243916 487734 701017 259471 709251 940453 744077 466745 389476 809577 1039972 247774 160362 124139 124193 754084 767186 558255 629846 517387 675109 515561 991777 792718 280696 938115 182303 274783 690751 952872 666578 241481 530521 82328 301591 829985 855609 1009482 738128 289545 836752 242840 762326 183933 186586 691968 560514 225808 434437 416996 757483 739947 622018 289000 302289 281741
527939 186442 570380 440500 413490 623650 199300 469901 666777 375138 691874 587447 333729 850997 227591 62521 166146 536543 444391 391048 133362 676956 153935 999999999 702613 538650 782841 123482 410718 480601 722100 189083 658458 607376 796754 64298 532091 511769 567326 767833 272185 201132 190615 593238 349134 376195 780293 109479 586584 862899 657143 443361 385081 795197 967781 156154 314270 277403 225679 643985 675841 439523 567959 557750 756382 603611 917387 816167 127204 883649 312114 159319 591768 877526 693195 299102 376602 128627 340529 701903 785488 945443 584281 164724 751434 107845 837904 328637 187707 742791 653540 264999 469693 473591 746274 684990 720917 150835 412225 381392
578093 526523 646190 485011 290164 356911 513032 681584 105104 559998 303604 677975 818291 674807 622873 646784 540109 558303 418905 593833 569754 274865 756256 702613 999999999 337292 492804 810290 708830 572812 152091 764339 420905 424490 717790 736931 395141 328137 334782 328047 962132 592224 854060 293545 656091 391395 637475 646493 391819 221983 176304 300383 386540 213121 297632 546525 835586 832018 672412 313314 201883 388772 136730 428785 636582 616871 257559 392891 696075 182222 721501 819224 249009 225506 372040 565297 714753 674689 505600 461433 128625 256441 773330 559235 187238 612473 647178 775222 569830 491086 652489 959027 434304 498641 210097 18272 706049 591796 670267 638932
240833 357614 309262 572506 240344 570188 346721 351257 239546 252960 155684 799668 781655 908518 578211 476178 383104 221085 109859 279293 431702 147388 652316 538650 337292 999999999 748243 661892 740322 238870 463235 675132 146510 114594 918061 594042 58018 472929 518072 230811 809451 359787 724974 499311 669666 164729 853628 444452 77196 378116 181899 373312 429063 539117 486820 404549 783326 762706 621701 106143 179610 100757 246532 591981 843180 761881 435330 686099 475431 465754 702909 600119 93450 397129 617990 563469 404942 575120 529806 199117 335587 489021 436284 374034 259649 431000 883464 749909 496338 730325 810656 800622 544398 603499 518765 322093 878397 391401 711713 671860
959887 692267 1032367 345800 542539 185320 683447 1018249 582641 872718 778842 346789 678331 185242 578604 757373 684877 946928 776090 910517 676079 748217 734718 782841 492804 748243 999999999 833279 508865 935006 345123 719098 874182 859442 254506 776279 800508 304347 245942 816718 952379 800809 836782 251395 509180 694677 167711 797085 821961 693998 648687 410823 419084 321802 727428 670236 712905 735262 611187 772662 679841 741322 508403 225221 180253 275165 708078 136678 853805 574834 591468 940551 688897 689623 130336 495794 1000301 680037 443791 922717 611078 665678 1135516 726634 679919 751104 157349 633666 595172 43788 270390 958435 313350 317774 293386 494682 283004 762235 473175 471759
644018 307321 681657 487815 524855 689994 319657 574325 781639 492509 814672 591057 272195 876608 254763 185768 284809 654083 567770 504960 244175 799209 107060 123482 810290 661892 833279 999999999 395806 596651 815661 137133 781666 730431 809513 73443 655499 587572 638499 890652 152837 320905 72462 670087 350549 498895 806236 228072 709990 979606 775918 534847 465306 884828 1083056 270103 242107 199556 228044 767036 795764 562956 678137 612403 780564 621522 1033250 883632 227046 992342 288531 181802 713098 993597 758006 337498 472432 155323 392972 824673 899627 1057909 681646 287858 870053 231320 867093 284123 256137 791103 667078 148742 526904 515914 833964 793114 728997 273856 409336 388062
844200 452293 904797 228443 510410 430802 453935 832052 734083 701720 858351 201271 172119 501962 196563 425526 427843 843606 693165 731282 384683 832356 289230 410718 708830 740322 508865 395806 999999999 801562 639875 259397 886048 845589 421953 369101 765170 387766 407321 926863 474395 547937 369974 452220 73526 595056 434711 487306 812479 924328 764630 416938 333661 682760 1006365 400870 209191 239432 185097 823759 794588 669147 615578 332504 407559 248877 965645 601698 529297 875693 107443 557660 742513 931304 482504 177685 761064 282167 215565 938029 830892 961171 955622 468092 844989 450357 497995 131124 277608 465250 284879 484673 282795 227907 630181 696970 339096 488275 40449 71391
47388 351626 104704 690790 392656 750189 348378 113988 478004 106071 357094 910957 790871 1076579 611267 426679 377883 60476 162302 93638 426434 363899 626488 480601 572812 238870 935006 596651 801562 999999999 687261 657797 251614 204855 1066849 544601 184279 636779 691401 416600 723495 280534 668147 684314 728085 242293 1014554 371153 213895 605210 420040 528657 552757 766104 711140 405162 780790 749564 642451 311625 413907 196996 465447 746687 999441 889794 661105 893780 372842 703695 734685 475886 332173 625034 808011 629181 194863 566363 618909 272212 572544 720893 204724 344059 490255 383878 1054007 770977 525984 910016 942114 710550 679327 726668 739475 556690 1013406 337849 782819 742637
699609 565614 770440 411655 339063 235348 552858 789569 252301 656036 452967 571787 772750 529326 595615 673745 572387 681818 526354 692459 590199 423402 744743 722100 152091 463235 345123 815661 639875 687261 999999999 745633 564498 561873 580851 744393 520794 254667 235282 480138 962275 651288 848185 189635 599184 475057 497531 687503 526831 350666 323038 280834 355481 80774 397662 571523 796036 800275 643287 457560 351144 492867 221827 324337 499690 504317 370611 240815 741930 249438 674029 857416 383921 347995 232322 524628 805828 667420 460493 607887 265961 341128 891523 601238 338273 647356 501483 727178 561584 348086 532711 961986 357123 414837 58516 158217 578829 636928 599626 574670
704578 322574 752361 379039 495895 591212 331484 656792 753213 551759 819778 456934 145699 748121 151634 232486 295497 710623 595485 572053 245045 800054 36062 189083 764339 675132 719098 137133 259397 657797 745633 999999999 808467 759954 676711 129550 680529 501432 545774 894884 233411 378175 118018 582489 219718 511076 678356 293070 734062 953418 760071 470573 390337 808159 1051343 271641 125463 91815 109239 775616 784125 582760 640696 505317 652110 491927 1003817 782545 316124 945563 151955 309771 709871 965265 656431 231579 565629 100054 294233 855881 867104 1018976 772847 318041 851958 273937 740252 148949 195831 675958 535396 239433 424772 402289 755616 748433 595238 319952 275437 258198
225598 486467 270637 718100 386076 701956 477048 359336 315804 317873 130303 945011 921348 1041159 720044 597040 513223 202310 214540 329246 563438 151760 783311 658458 420905 146510 874182 781666 886048 251614 564498 808467 999999999 52443 1056655 717636 127958 611990 653358 170533 923873 465496 848252 630267 814962 299630 989159 556388 74918 379866 244722 516127 575022 633373 478521 536866 920855 897862 762051 107591 222548 226046 365779 731732 980214 905468 431741 799171 577416 503445 845551 695937 185389 400074 744124 708842 445516 709089 676228 52727 373284 499645 404387 496959 278970 551112 1015353 891322 636635 859907 953453 913426 688382 748497 622547 409707 1020240 507812 857891 817940
184226 437502 237856 685247 353511 683184 428501 315642 320346 265930 157632 912546 875265 1021981 675564 546212 464470 160871 164660 278557 514955 171381 734165 607376 424490 114594 859442 730431 845589 204855 561873 759954 52443 999999999 1032601 667030 81038 587436 631962 211911 871987 413455 797447 611961 773813 254105 967733 504628 37746 410093 251647 487762 541429 634183 512702 488640 873733 849840 716554 119820 235127 179537 353126 706560 957536 875935 464162 791621 525077 524274 801472 643497 177957 430256 729107 667987 396918 660937 638273 95946 392422 528739 371903 446728 301676 500278 996714 846295 591368 842785 924948 861424 658385 716826 619042 411569 992868 456605 818616 778411
1099689 764307 1170038 383469 685837 364493 759383 1131488 794659 986488 979078 220734 587877 106774 569831 790885 748511 1091015 919870 1022568 722944 948550 702717 796754 717790 918061 254506 809513 421953 1066849 580851 676711 1056655 1032601 999999999 769987 963344 445188 404765 1027430 896307 874872 790794 434561 458988 826403 86850 843951 994988 930964 853815 547283 514349 570933 974086 726825 626490 660267 583536 963695 886243 887070 700333 326270 81308 193557 950768 391050 896185 821986 527004 954220 876406 928825 348580 499951 1089591 673679 474788 1108079 842960 913793 1254907 793081 900656 799509 122190 551583 620326 236145 143409 906613 387605 346319 535810 715908 83628 824106 401297 421895
591909 237291 634679 430657 451462 626489 249161 533672 708465 438977 745578 555458 275248 830862 202750 121166 213632 600213 503145 455303 171245 729306 93545 64298 736931 594042 776279 73443 369101 544601 744393 129550 717636 667030 769987 999999999 590538 520605 573180 821541 226126 264630 131005 603038 313898 430060 760143 173642 644973 906693 703683 463599 396555 814541 1009875 197535 253165 214892 187827 698515 724026 496207 604694 552997 735243 578663 960167 820158 188389 918952 265516 188563 642341 920557 695232 282402 438648 97800 332903 762064 826341 984494 647026 221004 797713 166969 819614 274944 188430 734882 626644 222152 466085 461054 764115 719729 691640 211953 375859 349107
183227 358527 251253 609202 279359 620549 349093 297840 296450 213387 184711 836412 794510 957626 594533 470313 385266 163163 87780 234918 435492 185036 655374 532091 395141 58018 800508 655499 765170 184279 520794 680529 127958 81038 963344 590538 999999999 519187 566756 254527 799459 342739 721343 550335 693209 173097 901187 431970 54493 424023 236055 416387 465225 596975 531503 408953 793381 770028 635644 135263 229826 98666 302794 637105 889764 802111 480660 741794 456787 519476 720434 578549 149055 443555 670500 587510 359723 581209 559047 176362 388266 537984 378861 369624 307347 424444 932993 765320 510405 781215 851893 789545 584692 641611 576020 380045 920670 381895 738640 698353
665064 394152 736958 159701 245670 121340 384232 715485 375095 569521 541802 355568 518477 441071 349814 475193 390317 654116 482014 607204 390460 511890 505214 511769 328137 472929 304347 587572 387766 636779 254667 501432 611990 587436 445188 520605 519187 999999999 59791 597438 726829 500001 610390 82516 344545 394674 382304 506262 549809 549096 423573 108205 127060 308532 623144 379630 542723 549191 395317 521887 456051 448019 265714 119831 370595 302192 585398 306321 563386 488387 419777 662588 434242 553559 189265 273719 696089 433511 209270 663735 455002 575180 834416 429632 487314 461136 417731 472728 332215 274906 345915 728664 106794 170515 255459 318756 409844 466031 347956 320888
718214 453792 790422 181743 298899 61651 443951 772550 396355 626870 574760 343851 550223 390871 394575 532658 449562 706425 534571 664646 448290 544335 552176 567326 334782 518072 245942 638499 407321 691401 235282 545774 653358 631962 404765 573180 566756 59791 999999999 625636 774445 559792 657518 45648 373149 449961 335939 565145 594218 556563 451342 164900 184602 276009 622064 438278 577127 587163 437787 558992 483919 500161 295975 94029 327054 282221 588023 248975 622277 480341 452282 719736 471822 558889 129643 314869 755194 483525 251541 704320 463396 570080 890538 489191 506459 519836 366407 503884 384929 218629 319954 777120 127668 180271 223111 328380 378489 525534 366888 345037
394820 584269 440940 730525 417886 663145 572625 527400 234483 466972 75982 949901 990727 995131 784641 705312 608649 371420 336318 485104 655424 95748 874572 767833 328047 230811 816718 890652 926863 416600 480138 894884 170533 211911 1027430 821541 254527 597438 625636 999999999 1039355 590279 952062 592923 860593 391758 951808 675204 207366 219550 174357 521117 596454 535700 310977 628152 996482 979578 831099 124672 141763 331553 331755 714404 947439 899616 266778 720933 705786 358573 905180 829785 187051 239260 691207 755911 606788 795062 711348 179711 239498 338682 574323 603125 146436 660569 967943 955210 707790 810654 942633 1030843 690694 755212 538045 323305 1003857 621848 893804 855933
770313 458339 799783 611967 677575 822273 470979 684782 934475 623069 963456 675665 314082 974151 380767 334516 436724 782810 711756 630037 396992 948990 222321 272185 962132 809451 952379 152837 474395 723495 962275 233411 923873 871987 896307 226126 799459 726829 774445 1039355 999999999 458673 117088 808955 448405 648065 905365 367584 853797 1132353 928190 682112 608562 1029238 1235892 422802 275635 237453 342237 915184 947568 709535 830603 738227 878637 718222 1186069 1014594 351569 1144293 371449 258376 863937 1146402 888430 463043 575589 295072 523861 964729 1052447 1210563 780192 436459 1022395 378814 968018 345401 400692 909159 758341 17875 656341 635696 977586 945079 813252 418384 498257 487064
327700 111104 374317 492405 312809 621257 118032 285849 532390 174588 515468 689100 514780 907570 351610 146220 127040 335590 255808 194020 163495 505327 346235 201132 592224 359787 800809 320905 547937 280534 651288 378175 465496 413455 874872 264630 342739 500001 559792 590279 458673 999999999 390872 571156 476377 212504 839366 92834 396640 715797 506097 402646 382192 730803 824291 151233 502256 469755 374551 465704 518477 259183 456466 583437 819304 684701 772551 800016 115707 763943 468042 241448 428635 732625 689001 390224 217035 290321 400994 506098 649967 812143 408151 82729 598557 104897 889354 498917 272271 766642 737637 447971 500372 529481 688921 573952 809060 60674 536465 498376
715531 367849 753924 495233 573882 705185 379446 646776 832249 563579 876127 570249 224807 864689 263678 251237 343543 725199 633849 576815 298664 859433 105344 190615 854060 724974 836782 72462 369974 668147 848185 118018 848252 797447 790794 131005 721343 610390 657518 952062 117088 390872 999999999 692373 336635 560834 795212 298206 775801 1031593 830917 568948 493472 913992 1133211 325639 189939 147105 225823 829280 852203 627209 724867 621446 768791 608397 1084164 897550 299465 1036247 263794 246489 771841 1044834 771388 346023 544510 181118 406788 892235 949067 1105203 753637 351947 924594 297172 857373 246645 287346 793727 650640 121688 539280 519569 862079 837362 708541 341292 389979 375271
708570 468397 781073 225486 292680 71777 457719 770293 360995 625765 545360 387384 592630 410895 430882 555067 466702 695533 524813 663652 470007 514730 587114 593238 293545 499311 251395 670087 452220 684314 189635 582489 630267 611961 434561 603038 550335 82516 45648 592923 808955 571156 692373 999999999 416205 445333 361002 583507 574276 514655 419266 169010 208159 232398 577854 457760 618663 627276 475508 532747 451682 490009 267396 137398 354955 323853 544685 229243 640510 435178 494330 742633 446512 516332 123932 353063 759613 515956 288937 680347 422073 525226 885867 504346 469347 538943 385143 546423 414680 231023 359036 810953 170954 225664 179242 288298 414490 540983 411817 389064
770678 379225 831393 191618 442977 405769 380640 759678 674340 628473 790952 241792 177816 528403 126781 358337 355068 770094 620307 658301 312901 765581 243916 349134 656091 669666 509180 350549 73526 728085 599184 219718 814962 773813 458988 313898 693209 344545 373149 860593 448405 476377 336635 416205 999999999 522460 458687 419054 741095 867813 701238 358835 273335 648598 953518 328231 207797 226324 126070 755119 730530 596740 555652 310589 432398 272233 911167 587873 463418 827681 82963 501394 675159 875783 464189 106206 690685 221120 152705 866746 775159 910885 883511 395867 783998 380566 520744 131336 204958 465477 316599 456432 245510 202632 595445 643222 378944 417165 63161 38684
273286 193095 343991 455592 152688 509455 182024 325460 322182 183464 315777 680289 621738 834300 421480 313694 218389 265264 99078 221014 267067 301000 487734 376195 391395 164729 694677 498895 595056 242293 475057 511076 299630 254105 826403 430060 173097 394674 449961 391758 648065 212504 560834 445333 522460 999999999 772542 287926 224722 503331 293627 286489 314073 555807 611787 239970 621459 599414 462628 268457 306918 74753 261069 504657 757815 653400 560050 661935 326236 556050 547453 452792 218508 520121 569263 417506 330777 411190 394300 349315 438542 600509 440842 211608 386422 269336 811720 592230 337330 668549 705029 639998 439648 490368 521443 373315 775719 232838 570226 529738
1045112 728262 1116418 348465 627123 289536 722034 1085299 717944 939317 906243 239723 605973 70763 557477 767753 714964 1035090 863108 976159 694503 875584 701017 780293 637475 853628 167711 806236 434711 1014554 497531 678356 989159 967733 86850 760143 901187 382304 335939 951808 905365 839366 795212 361002 458687 772542 999999999 816985 929999 848130 779176 488274 466454 484880 888871 695263 643670 673651 578200 893398 811383 829502 628356 267887 27342 187147 866512 304330 871211 736565 533974 939383 806719 845422 266044 481216 1050773 662486 446048 1039911 761274 828201 1207318 759175 821991 771549 63396 565796 597371 150511 152405 914231 341119 312070 450964 636514 130245 792025 407323 420159
418504 122089 461356 468952 357792 625111 135165 363796 597453 265834 599691 645975 434237 886787 292283 63239 117242 427365 344349 281704 122692 587409 259471 109479 646493 444452 797085 228072 487306 371153 687503 293070 556388 504628 843951 173642 431970 506262 565145 675204 367584 92834 298206 583507 419054 287926 816985 999999999 486258 787721 578772 420406 381071 764708 894971 127151 418376 383608 305843 550577 594152 343848 509789 573721 795006 650900 843663 812067 57132 823640 398192 172751 506429 803623 694497 346340 277309 213746 371111 597991 716328 878217 481332 87471 672593 46040 870822 423141 224631 759915 702964 357584 486834 504971 719189 628367 773089 55981 481429 445933
201087 412443 261241 649010 316989 645472 402791 327341 288630 260294 143353 876263 846431 984244 645231 524796 439052 178426 142247 277753 489098 150907 709251 586584 391819 77196 821961 709990 812479 213895 526831 734062 74918 37746 994988 644973 54493 549809 594218 207366 853797 396640 775801 574276 741095 224722 929999 486258 999999999 392311 221723 450508 505340 600053 497453 462423 846026 823253 687142 98283 208350 151365 316217 669000 919841 838991 447725 755205 510229 499475 770817 631164 143489 412287 691626 635068 400125 634559 603837 125698 367363 509388 394017 424027 279761 478932 958990 816452 561733 805131 887833 843800 621477 680297 583687 378320 955593 436366 784865 744782
592728 677430 647518 703970 458469 575532 664213 719109 200210 631012 252576 899949 1022586 878985 820872 802453 696773 569679 485997 656977 735476 241468 940453 862899 221983 378116 693998 979606 924328 605210 350666 953418 379866 410093 930964 906693 424023 549096 556563 219550 1132353 715797 1031593 514655 867813 503331 848130 787721 392311 999999999 209704 508978 594782 379804 109246 709552 1036383 1028251 870233 294032 200310 467510 315443 650591 849694 838405 57391 577020 829232 150767 928136 955781 291512 20218 582453 771737 782542 858140 715453 397920 94123 119932 781714 704787 119031 762077 851093 981363 757747 698726 872937 1126852 654524 719345 400659 230341 924433 731778 886641 853575
417552 470877 481808 560577 266143 489945 457876 532987 71358 429714 130828 777221 842465 824364 636956 595932 491507 396136 283288 458774 532714 100666 744077 657143 176304 181899 648687 775918 764630 420040 323038 760071 244722 251647 853815 703683 236055 423573 451342 174357 928190 506097 830917 419266 701238 293627 779176 578772 221723 209704 999999999 351986 431352 389204 318330 506161 852150 839720 685256 137187 32594 261197 157935 540109 774124 725747 266516 561699 619610 283871 752375 746172 88714 226670 521175 598910 584065 662273 549557 285460 154122 311607 612911 496885 94300 554523 797450 804133 566511 640148 768395 921926 518754 583727 381516 165908 829502 522909 729920 693282
557430 302198 629159 209421 138937 225842 290905 607756 317203 461990 458855 432044 517920 548491 324586 398457 303176 546929 374878 499755 313569 430267 466745 443361 300383 373312 410823 534847 416938 528657 280834 470573 516127 487762 547283 463599 416387 108205 164900 521117 682112 402646 568948 169010 358835 286489 488274 420406 450508 508978 351986 999999999 86340 351951 596306 297659 535490 533389 373847 432914 383262 341232 198924 221477 475140 389374 552878 397393 476896 478143 421387 585057 346060 517095 290102 264996 591667 387850 206613 568554 416470 556773 726298 338390 428576 377201 525517 475045 281672 382753 437487 681462 172936 235521 302994 286320 505106 375073 380515 345722
586761 273184 656373 143976 188970 244057 264495 618992 401189 473214 530683 371237 431784 531984 241535 348248 266553 579331 410450 509854 263711 503329 389476 385081 386540 429063 419084 465306 333661 552757 355481 390337 575022 541429 514349 396555 465225 127060 184602 596454 608562 382192 493472 208159 273335 314073 466454 381071 505340 594782 431352 86340 999999999 420677 682646 253999 449998 449286 290242 500312 461718 379473 282503 202652 449303 339578 639122 433127 438177 563304 335066 535564 415609 603172 313537 178757 587103 313548 120714 627749 502565 642834 741528 307668 511506 335550 511841 388742 209185 384450 390989 609195 126776 177075 369140 372622 461656 343499 298567 262270
777195 643140 847519 457617 419137 258021 630561 869368 317855 736578 516478 592578 824913 506441 656914 748635 648840 758927 605783 772901 664396 487947 809577 795197 213121 539117 321802 884828 682760 766104 80774 808159 633373 634183 570933 814541 596975 308532 276009 535700 1029238 730803 913992 232398 648598 555807 484880 764708 600053 379804 389204 351951 420677 999999999 405680 646732 850457 857709 703306 525834 414923 572560 301139 354988 491422 521565 388198 197531 819639 253102 726498 933554 456588 373009 232217 582211 886582 734203 517746 674526 306455 343917 970008 678978 390148 723789 478652 778756 629257 334803 542856 1029749 403228 454952 53235 223669 580575 714926 642312 621038
696532 783109 748544 781558 559334 631917 769792 824783 301417 739779 355376 965159 1113656 912104 914887 907904 801673 673295 595056 765248 838929 347423 1039972 967781 297632 486820 727428 1083056 1006365 711140 397662 1051343 478521 512702 974086 1009875 531503 623144 622064 310977 1235892 824291 1133211 577854 953518 611787 888871 894971 497453 109246 318330 596306 682646 405680 999999999 813410 1129418 1123469 964444 399518 309541 576756 410663 715251 893579 899916 51906 600515 937311 152594 1017645 1063803 400756 91671 627680 861148 890700 957677 802479 490450 184363 64184 882624 811283 228247 868263 884326 1071247 855530 738364 930091 1230885 729874 793297 438358 310332 976202 838994 967660 936556
449829 53960 506543 346840 257387 498056 60477 431500 512061 302427 552425 537975 390824 764466 206817 102330 27312 452244 324496 330691 27276 534641 247774 156154 546525 404549 670236 270103 400870 405162 571523 271641 536866 488640 726825 197535 408953 379630 438278 628152 422802 151233 325639 457760 328231 239970 695263 127151 462423 709552 506161 297659 253999 646732 813410 999999999 386118 361201 237692 506755 526772 311124 411821 447483 674147 535379 763392 685761 184208 727496 329535 287439 446382 723673 567504 239059 368242 172299 252043 584586 630447 789823 555556 68678 600178 81563 747587 367228 123291 633422 588141 417482 361216 383517 599480 528872 659296 97282 386978 348274
