NAME : synthetic_000068
TYPE : CTSP-D
DIMENSION : 100
GROUPS : 8
RELAXATION_LEVEL : 1
EDGE_WEIGHT_TYPE : EXPLICIT
EDGE_WEIGHT_FORMAT : FULL_MATRIX
EDGE_WEIGHT_SECTION
999999999 671012 898715 310312 411452 537508 697492 77159 158893 371877 788986 98916 390591 638250 780662 414293 526800 175947 766663 920785 79785 76771 264539 740778 130200 627587 305777 329827 767129 732867 716506 319679 381959 581171 204696 626208 912086 226169 645364 750884 174661 266549 619106 537551 443179 260931 800679 168302 664235 686755 106867 225950 403842 736970 222038 94057 502919 583527 493050 344870 667895 318044 207302 497596 627736 462047 357921 599643 570294 882959 404290 512231 164210 146753 621748 618165 212673 736866 519294 634665 640532 596358 413394 269515 727827 302235 643826 533458 54347 320610 1037443 697241 558200 518305 180318 11989 218062 235517 477345 397746
671012 999999999 641692 798109 818044 147219 645664 597773 638845 391299 169200 578682 568640 699765 160242 308620 148200 708871 378799 487740 601195 596616 625230 200548 786090 75485 366052 347824 166648 714026 449061 797729 302913 91233 692319 1010646 509500 674204 686274 165879 511070 555449 890448 133780 393151 713040 589186 575145 952403 594460 627902 616499 445897 844986 504015 732549 435030 644539 949493 392676 230459 461318 650586 367842 51403 949935 347788 953232 272820 699853 881780 423825 792038 789450 395090 88852 798053 1063184 289730 965856 44822 208940 557904 833467 915267 415959 915501 881652 720892 452136 704366 266386 619412 944926 685699 682866 706986 532689 854670 382205
898715 641692 999999999 775230 706235 592758 250531 831493 981177 551439 530280 810963 523831 362060 778721 560671 678766 1040714 264111 231220 823295 861574 663777 840404 939106 700082 703574 666537 794859 274704 212834 766287 752864 657058 758696 764447 191372 1049295 342112 498529 744022 976336 600638 655316 927627 729646 98612 730842 642590 229749 796836 1005028 498046 427555 887369 891241 400185 373563 804342 855698 413947 915803 726589 428096 613598 836174 803704 705617 425594 93092 794624 393577 906481 1044843 306729 572190 1105624 738132 867019 690054 672575 462888 498204 859038 530521 625386 610690 670906 918948 584994 148749 375587 383086 772698 773131 908348 1066036 663198 689480 886542
310312 798109 775230 999999999 111113 650891 532543 313518 468652 410159 862696 314149 276997 437535 941099 490265 680449 480907 737853 874100 300140 350816 173236 927329 241271 781336 470047 469487 934926 541477 649175 11652 577990 722010 124949 315901 852744 536214 452514 816401 334383 564371 330231 680217 702073 85799 679866 249714 365502 545481 239460 533843 378680 489069 496457 228883 450927 405247 186970 591098 699895 590556 157301 487805 747405 165713 580111 292263 594413 729710 98992 465005 188014 399328 577409 720934 489123 428255 747304 329058 782453 646808 300964 89409 451758 384998 351602 232374 281113 346778 923788 713261 392356 208437 144847 309736 525114 269215 175154 649094
411452 818044 706235 111113 999999999 672540 457247 402388 567280 427398 861361 398720 257750 352949 968861 511000 714501 585397 704238 829416 388539 441986 210931 965075 352078 811335 521401 513292 965544 455653 605393 99611 631489 749764 210528 223868 804179 637312 370325 813713 402242 653970 219163 710489 772543 155431 614865 318526 255609 478811 327299 629893 376849 385253 579002 336200 428225 332799 131701 660483 690113 669188 227346 477666 766657 141805 642004 188908 587940 651585 88502 442658 299076 509289 546550 735374 598441 326535 805015 223222 808216 646518 276135 195123 341650 421384 240545 122850 387626 370541 854744 697052 326831 130600 234345 412362 628845 315569 65994 718236
537508 147219 592758 650891 672540 999999999 544846 462109 526495 245179 254856 441945 426794 582390 297350 161884 86148 596881 349190 489442 464097 465784 478045 308957 647037 146180 232594 208381 296592 611941 383012 650538 201183 84147 545798 869377 500461 572293 571308 222955 371071 462810 755796 63790 347629 565834 522477 430545 817857 497618 485961 516083 304745 728713 395657 592704 310158 523031 803724 306805 194992 376518 503870 241981 96854 803263 254354 813152 173756 634329 734947 301216 649724 664469 305320 80775 683594 927472 274605 827783 136785 130635 418165 687100 790832 269434 781557 740451 585110 305112 683239 236857 495721 800324 539839 549484 601884 385914 711132 317418
697492 645664 250531 532543 457247 544846 999999999 639361 804813 403260 595128 621130 307213 113263 802946 447249 625805 856164 344161 416613 628908 674735 442743 841940 716982 682295 569469 536212 812059 68381 230204 522929 648198 625518 532707 521738 382762 877394 92660 550729 565085 826598 359139 607143 829189 496269 167179 530904 407775 53601 591248 841313 329362 219597 734849 673787 254071 127315 553948 736862 427854 785371 506284 313525 602936 585684 690866 461262 376299 197290 545359 256738 678707 839225 250956 559673 909760 511943 797079 449853 662103 437296 284106 618994 314284 467662 372981 421713 708438 412362 398205 406799 144177 522904 550315 705635 887791 468314 438950 779941
77159 597773 831493 313518 402388 462109 639361 999999999 175246 296829 712601 22008 335685 588643 712467 337163 455367 217437 691480 845995 13895 40792 224596 677055 190885 557218 231742 253913 700054 679155 644700 320927 315568 508703 192540 624263 838212 249404 593870 674124 97718 251909 597027 464856 399670 246973 734068 110537 646867 624812 75158 230622 334071 697138 184557 141105 433024 530823 500460 293801 590822 280718 179024 423673 553498 475497 298069 590849 493686 820186 411981 441569 209498 220041 548909 542599 274183 728380 464242 623344 568717 519202 356519 294248 697898 225936 622935 520374 123213 248703 968052 620421 503918 520287 169803 89032 252429 171363 466642 349991
158893 638845 981177 468652 567280 526495 804813 175246 999999999 430980 780471 188675 506487 760824 720718 444434 490748 70456 812581 967664 188430 135119 399788 665753 270802 581717 305060 339873 703136 848399 783187 477748 335971 547916 357541 784378 965289 74296 764985 749253 240326 125588 769374 507684 331345 413799 885882 284406 817228 785694 245076 69182 485549 872134 135066 249548 581385 701483 651943 259032 690303 206594 351396 558208 603663 620620 293572 756069 605810 978466 563170 587601 315741 172704 685046 605245 159242 893589 428141 790273 601341 615353 525676 426907 872602 356442 794852 688157 199792 398255 1111210 725648 673660 676911 333336 161354 84878 338613 632821 298215
371877 391299 551439 410159 427398 245179 403260 296829 430980 999999999 456382 274920 188761 397844 541658 83730 292428 493176 394800 549169 292154 319731 237082 542757 451878 385256 166310 134429 539068 460054 352703 408821 255005 323123 315707 628202 541807 497991 393443 411676 201023 429325 526503 285429 432674 326795 457858 221141 587955 372277 287813 453857 79984 537966 338518 397053 155694 333452 558545 334731 307145 382220 272982 128216 340025 558736 291435 573916 203452 556284 490809 159327 440620 516868 255023 311240 564830 694530 421432 591656 380927 243520 186360 455845 580987 74615 553231 499884 406526 64985 680283 331090 303161 555599 315086 383126 515816 159682 467513 380971
788986 169200 530280 862696 861361 254856 595128 712601 780471 456382 999999999 691750 603662 672426 256797 385600 299284 850921 271635 342150 713387 718955 691342 332979 892723 244669 486377 459309 277067 661802 371243 860129 448775 245139 771947 1030447 370605 823343 655460 48168 618379 709222 892508 277975 559976 781485 499306 667910 952743 541548 728716 766331 486585 810173 648148 837722 440546 627354 992121 547971 177518 617912 729215 384128 183370 1000445 498892 969879 273676 602709 935349 426704 889939 918813 354302 175228 938139 1064515 458714 975819 213885 216078 586685 912214 893600 503403 915127 903738 834666 521360 566715 188932 607700 980477 770206 800974 854138 613720 886762 544680
98916 578682 810963 314149 398720 441945 621130 22008 188675 274920 691750 999999999 318949 572738 695536 315388 437252 235044 669524 824074 22628 54108 213442 661943 208201 539482 212699 233591 683591 662035 623263 320917 300088 490043 190857 621684 816407 262957 577446 652994 75782 255684 588798 446126 392673 243528 713706 95821 639846 605625 74963 240065 313231 683738 182338 156576 412065 514174 500982 284773 568982 276824 172666 401905 533929 477852 285504 586415 471699 800686 413052 420434 222916 241975 527301 522303 294687 723696 452816 618099 550316 497495 339134 301116 687238 203928 614976 514956 143194 227458 947037 598472 486887 519176 169365 110716 268298 152816 462139 341776
390591 568640 523831 276997 257750 426794 307213 335685 506487 188761 603662 318949 999999999 254597 723964 270160 480652 553113 460859 598977 324408 373049 139953 730178 415650 570656 328618 306827 723235 343554 375009 271305 432325 508049 235241 442596 579481 580391 258549 555976 272986 546976 338470 472365 600625 212579 425423 225629 399611 300872 284115 550330 122752 376507 456963 369338 174768 195227 388535 493569 432761 525937 203026 219954 517380 397818 459272 386651 330189 496757 334861 189054 382950 532074 300413 483298 603131 505770 604312 403150 563578 389252 25861 348934 402803 214812 365389 313657 401704 151570 669307 441497 168322 378866 249317 398544 587242 168327 286781 546454
638250 699765 362060 437535 352949 582390 113263 588643 760824 397844 672426 572738 254597 999999999 859716 459046 656774 805611 439327 526088 576819 626824 374852 888846 640301 726225 560726 531641 865911 103944 324991 427160 652398 666012 456413 409105 493524 834837 20867 625885 526954 799035 247475 641187 830431 413203 280367 478115 298978 153678 531515 804743 318100 146324 708075 601933 272974 64457 442762 729880 497841 770310 436426 340644 653139 476198 688860 348317 427107 299510 439855 281207 597554 773905 318320 611310 850482 406414 813596 338239 709825 491959 237446 526101 221197 450203 263052 308951 641640 388720 508321 484048 94816 410641 476612 645052 840892 422923 328944 778282
780662 160242 778721 941099 968861 297350 802946 712467 720718 541658 256797 695536 723964 859716 999999999 457948 262499 787910 514994 598945 718109 704120 769946 89805 903331 159982 486385 476549 25814 871317 598061 941678 398818 219546 829428 1166553 627001 742050 845993 280844 634964 618322 1049483 260889 422203 855375 735597 707132 1111498 751060 753089 685010 601593 1004682 587536 852026 595102 804762 1099620 462048 379714 522631 788973 527687 209245 1097305 429965 1109955 432619 844103 1028512 584005 915948 883904 551990 249080 877845 1221973 309009 1123676 160766 368105 714594 968970 1075507 556107 1074736 1037584 833268 599277 823314 410421 779648 1097242 820206 792077 777508 672425 1008430 432179
414293 308620 560671 490265 511000 161884 447249 337163 444434 83730 385600 315388 270160 459046 457948 999999999 210735 511456 368303 523260 335606 351678 317093 460071 509164 301677 145304 108029 455374 509202 351148 489531 201558 239443 389502 711304 521873 504718 451879 343299 239780 418519 605730 202345 382577 405764 473374 282358 667510 408920 344351 454749 152313 602988 332815 453992 193421 395734 642010 297361 253812 355251 346987 137933 257551 641413 247512 656457 161561 579028 573173 190729 504434 553770 254153 231077 590452 775227 354633 673264 297238 182252 264991 530787 653378 117971 632178 582762 455554 143644 678227 285011 366157 639326 385954 426104 527533 229692 551129 334984
526800 148200 678766 680449 714501 86148 625805 455367 490748 292428 299284 437252 480652 656774 262499 210735 999999999 560854 432519 568326 459877 451437 510919 250877 645440 103096 225498 214050 254661 692167 469153 681507 154777 57185 567199 920311 581608 527661 646939 278099 373666 410889 816305 24833 270500 594650 608477 444641 878142 579879 491736 470125 362556 802766 356044 592974 383863 595670 843858 248892 276385 318701 527057 316888 116210 838951 201259 866340 259055 720265 769863 376431 655290 641930 390243 132519 649924 985959 189384 883800 113812 216146 475671 706496 859822 295983 842667 792212 577864 344138 767062 318399 567315 844324 557727 538534 559877 411283 758408 247572
175947 708871 1040714 480907 585397 596881 856164 217437 70456 493176 850921 235044 553113 805611 787910 511456 560854 999999999 878986 1034228 228860 181544 436275 730584 259668 650949 374065 408253 769776 896590 845879 490957 406100 618035 380554 795794 1030882 70028 811162 819583 296781 178726 794936 577988 389571 436676 944482 327688 839374 839919 277539 110880 543156 910190 204861 252954 640532 748209 658145 325874 759171 268792 381971 621145 674020 623107 362742 772499 673010 1034279 570622 647535 310660 126621 748081 675693 90009 909085 491159 808280 671030 684338 573886 427386 903552 418602 819529 707925 200441 455897 1173077 794018 721355 686554 356200 173467 45168 387856 651391 361163
766663 378799 264111 737853 704238 349190 344161 691480 812581 394800 271635 669524 460859 439327 514994 368303 432519 878986 999999999 155301 686953 712505 585367 576555 839382 440407 511593 474948 530814 406401 114678 732009 533086 402744 679712 833210 155299 872729 419824 235973 594854 780875 679885 407993 695631 669641 228177 610634 735780 291870 678800 821754 376838 563754 698917 785748 288476 409228 826518 640408 157027 706588 639725 270999 354147 845721 586754 771163 208041 331421 788664 275009 820223 911492 160473 314681 955726 845074 621720 768890 411747 220291 437121 807073 656270 466274 698812 714938 799887 449340 334596 115722 398336 805660 686562 777873 895834 543811 712199 661221
920785 487740 231220 874100 829416 489442 416613 845995 967664 549169 342150 824074 598977 526088 598945 523260 568326 1034228 155301 999999999 841177 867565 729730 673048 989926 557695 665811 629399 618993 465447 225115 867333 681385 530676 825338 933777 39857 1027239 505302 324688 749671 933312 773500 543493 836868 810872 257640 762739 824109 372562 831061 975745 526108 627106 852700 936881 432787 511833 945148 789062 294818 856469 786535 423661 474966 968942 735387 872235 362299 322186 916280 420334 968398 1066036 304677 441035 1110997 928400 754732 864215 526982 366213 574034 947809 727246 621208 788819 823812 952842 602021 225777 253546 508293 920106 833779 931894 1050741 695247 829018 806023
79785 601195 823295 300140 388539 464097 628908 13895 188430 292154 713387 22628 324408 576819 718109 335606 459877 228860 686953 841177 999999999 54529 211363 684162 185574 562108 235258 255717 706101 667958 638176 307445 322361 512629 178792 610505 832794 262475 582305 674337 95893 265667 583246 468705 411029 233117 725662 98840 633004 615149 61382 244411 326538 684325 197248 134101 425615 519397 487105 304288 588871 293047 165176 418225 556319 462509 306770 576973 490692 810781 398710 434475 201026 225312 542871 544372 282915 714499 473627 609451 572925 517836 345612 282541 684428 222560 609130 506479 121293 242024 960601 617786 492717 506683 156178 91230 264697 161616 452762 360852
76771 596616 861574 350816 441986 465784 674735 40792 135119 319731 718955 54108 373049 626824 704120 351678 451437 181544 712505 867565 54529 999999999 265117 664053 204866 551667 233214 260050 690444 716062 670898 358647 305338 506329 231668 663181 861351 209400 631553 682211 118966 213566 637774 462924 372362 286696 764729 149405 687435 658470 114817 189887 363529 737015 152904 161303 461826 568272 537474 270550 605180 249904 219662 447751 554304 511048 281428 630654 511172 853112 448714 469600 232069 202308 574079 546559 245472 768243 444081 663439 565243 532181 393138 325760 738594 246446 663653 560557 130549 276781 996220 636564 540942 558411 208427 87992 214193 206529 506532 324879
264539 625230 663777 173236 210931 478045 442743 224596 399788 237082 691342 213442 139953 374852 769946 317093 510919 436275 585367 729730 211363 265117 999999999 759941 275916 610595 310649 304225 764642 472029 508520 172501 420684 550496 96370 431693 712752 473822 383135 645558 197056 464806 377824 509336 564232 90145 565343 119884 431503 440037 158883 453506 212959 473971 382116 231058 297446 322860 335225 452267 532332 466817 63615 323548 574406 328041 431552 387972 426388 635252 258947 310530 243440 399369 426182 547699 475965 522572 594086 415818 610559 476018 165592 224549 473799 215019 404462 313486 267326 173548 809025 548831 299730 341092 109365 270741 474621 104683 266352 509609
740778 200548 840404 927329 965075 308957 841940 677055 665753 542757 332979 661943 730178 888846 89805 460071 250877 730584 576555 673048 684162 664053 759941 999999999 867166 163034 460906 457873 64043 910115 649597 929010 361879 224893 810578 1170927 698726 680083 876720 349388 607798 556190 1063439 257831 351785 841674 789707 685244 1125451 791677 724796 624197 610219 1035011 536070 818051 618177 830771 1093969 407490 430953 462140 771879 549899 239111 1087800 383490 1116501 465989 900232 1018605 608521 884654 833539 592732 282557 819875 1234296 241108 1133123 179935 404971 723855 947183 1099529 545037 1089452 1042631 794506 594931 895067 466111 803976 1095055 798986 751746 716288 658441 1009276 369910
130200 786090 939106 241271 352078 647037 716982 190885 270802 451878 892723 208201 415650 640301 903331 509164 645440 259668 839382 989926 185574 204866 275916 867166 999999999 747669 420552 439126 890922 741338 774796 252599 506198 697970 184584 546385 976718 324623 651215 851916 275966 389664 570613 654016 573160 228782 840554 230761 606687 715922 165023 339967 463848 716744 352024 55185 559431 593987 404425 474827 757856 447531 212626 568681 740506 366503 485812 530658 655284 910833 319709 570912 54372 159683 685643 726682 250693 663965 648874 568474 758395 690100 441081 172040 689676 391630 592586 473580 76377 391592 1083427 782966 573036 436314 166897 121127 304773 295785 416394 527943
627587 75485 700082 781336 811335 146180 682295 557218 581717 385256 244669 539482 570656 726225 159982 301677 103096 650949 440407 557695 562108 551667 610595 163034 747669 999999999 328365 316915 154273 750195 499937 782043 249043 62679 669471 1012747 577499 612155 714385 239576 476690 491166 901706 101262 320023 695580 641060 547514 963757 632985 594785 554376 449497 872471 446721 695519 455174 667840 941605 328943 286139 395815 628991 386895 86503 938298 288215 957307 306053 752787 869382 445617 758238 738380 435351 128516 740749 1073110 214643 972809 31357 247999 563148 809151 936497 396349 927551 884032 679248 441007 770722 325369 640964 940404 660409 639220 645977 512515 852767 312830
305777 366052 703574 470047 521401 232594 569469 231742 305060 166310 486377 212699 328618 560726 486385 145304 225498 374065 511593 665811 235258 233214 310649 460906 420552 328365 999999999 37321 476177 626229 495714 472794 110109 277420 350434 739527 666000 361531 557636 450953 148583 273490 661730 233473 272401 385311 613914 224445 721035 537220 266703 310193 243684 697257 187697 367659 319081 496301 644889 169223 385245 216728 313073 276179 321996 633639 130683 691664 303611 716659 564604 320420 429882 432483 398058 313368 457349 821455 284223 715379 337909 310320 334763 486284 731251 113869 688954 616304 354913 177357 823342 420824 465945 651727 338147 317711 386221 205991 574000 218777
329827 347824 666537 469487 513292 208381 536212 253913 339873 134429 459309 233591 306827 531641 476549 108029 214050 408253 474948 629399 255717 260050 304225 457873 439126 316915 37321 999999999 468171 594127 458430 471328 125503 262022 353686 728102 629153 397844 527687 422160 163394 310792 643284 218259 298919 383896 577253 230606 703397 502729 280159 347059 213587 670176 224830 385129 284380 467189 639443 200708 351075 252075 314238 239520 301440 630888 157223 678338 267104 680560 561672 285102 444294 461372 360834 288721 490178 805880 298596 700463 323211 276471 310640 492493 707953 94340 670430 603039 376778 155608 786022 385819 436843 643892 343721 341816 421835 201041 563124 246694
767129 166648 794859 934926 965544 296592 812059 700054 703136 539068 277067 683591 723235 865911 25814 455374 254661 769776 530814 618993 706101 690444 764642 64043 890922 154273 476177 468171 999999999 880435 610800 935816 385215 215948 821716 1165722 646278 722686 852652 298441 624666 598798 1051355 255448 400379 849134 749310 698411 1113412 760612 742669 665890 601335 1011357 570686 840167 599097 809965 1095872 444154 391845 503383 781701 531260 213087 1092460 414022 1109716 439284 858537 1023503 588408 904881 867667 561272 254615 859608 1223478 287446 1124286 160088 375587 714735 960575 1080357 550093 1076848 1036859 820092 595274 842711 424103 784320 1094481 811823 778436 758362 665847 1006472 412311
732867 714026 274704 541477 455653 611941 68381 679155 848399 460054 661802 662035 343554 103944 871317 509202 692167 896590 406401 465447 667958 716062 472029 910115 741338 750195 626229 594127 880435 999999999 293948 531103 709041 693061 556930 490059 429389 921809 90290 617851 610597 877420 326294 673905 889660 515463 208507 569181 368196 120946 626019 888389 383417 161829 785757 701381 315863 149412 539336 794736 495821 840729 534668 377920 671164 575031 750109 431869 444313 201659 541800 319898 699711 871296 319328 627937 945529 466580 861166 415391 730240 505591 322937 629997 262110 520898 335990 402286 739353 462860 415909 473944 175244 504935 576358 740264 930124 509916 427893 839502
716506 449061 212834 649175 605393 383012 230204 644700 783187 352703 371243 623263 375009 324991 598061 351148 469153 845879 114678 225115 638176 670898 508520 649597 774796 499937 495714 458430 610800 293948 999999999 642309 540342 452003 604718 722635 204537 848647 305336 329684 551958 769198 567258 446331 714809 587448 141146 552637 622330 177472 620734 801791 313559 449638 681833 723151 215621 297739 723574 643903 219095 705182 567254 224979 414487 745676 591569 660613 213141 253058 691790 204953 749846 863173 98334 371516 916370 731121 656129 656826 474619 255266 349779 723915 541605 427290 585559 606993 743665 396153 328550 188427 289483 700435 614692 727025 867894 484228 608024 673828
319679 797729 766287 11652 99611 650538 522929 320927 477748 408821 860129 320917 271305 427160 941678 489531 681507 490957 732009 867333 307445 358647 172501 929010 252599 782043 472794 471328 935816 531103 642309 999999999 581181 722411 130719 306632 845612 545731 442318 813658 338866 572204 318679 680851 707478 87543 671195 253955 354305 536551 246487 542588 375221 477587 503252 239324 445661 395678 180128 596267 696319 596920 160895 483847 746903 161399 584328 281820 591027 720012 93366 459809 199468 410422 571633 719888 500079 418127 751178 318383 782694 644128 294915 100550 440114 385730 340142 221182 291431 345912 914907 709063 383277 199927 151574 319360 535052 270593 163942 654289
381959 302913 752864 577990 631489 201183 648198 315568 335971 255005 448775 300088 432325 652398 398818 201558 154777 406100 533086 681385 322361 305338 420684 361879 506198 249043 110109 125503 385215 709041 540342 581181 999999999 211946 456542 849464 687954 374673 647186 421843 248469 261898 768502 172349 181067 493894 669898 329794 828404 610475 363859 317560 334987 792952 201352 456364 394127 588121 754526 107686 387942 176158 420702 338969 268634 742359 54067 801144 331053 777721 673479 392124 522781 489367 447348 274823 495152 930063 174439 824269 266322 315173 435762 589094 833041 219008 795673 725779 434885 281061 860236 428227 557902 761775 442573 393318 406068 316004 683985 134366
581171 91233 657058 722010 749764 84147 625518 508703 547916 323123 245139 490043 508049 666012 219546 239443 57185 618035 402744 530676 512629 506329 550496 224893 697970 62679 277420 262022 215948 693061 452003 722411 211946 999999999 612025 950247 546902 584583 654628 227828 424218 467166 839122 43980 317396 636369 592923 491817 901168 577177 541845 526992 386820 812328 413229 644921 394132 606979 880305 304738 245847 374198 571035 325898 62153 877760 258070 894695 250507 704959 808978 384970 705861 698314 381518 89670 707079 1010459 224722 910132 61246 196974 500469 752417 874975 337200 865004 821491 631609 379810 736545 287076 579785 878562 603900 592976 616942 453867 790568 299579
204696 692319 758696 124949 210528 545798 532707 192540 357541 315707 771947 190857 235241 456413 829428 389502 567199 380554 679712 825338 178792 231668 96370 810578 184584 669471 350434 353686 821716 556930 604718 130719 456542 612025 999999999 431723 808824 428679 466900 727383 210409 444449 414410 569163 577124 56396 660437 126768 460150 533264 117413 419425 304437 540308 373026 146625 392656 409403 310772 466208 619141 466270 42732 414521 642628 290507 456250 399397 513391 727297 223772 405450 147787 322439 521268 619894 405827 537032 623960 432942 673094 558866 261055 141407 524533 276396 439168 330627 191463 250744 904526 638187 388640 328335 24399 207392 422675 160109 275592 524190
626208 1010646 764447 315901 223868 869377 521738 624263 784378 628202 1030447 621684 442596 409105 1166553 711304 920311 795794 833210 933777 610505 663181 431693 1170927 546385 1012747 739527 728102 1165722 490059 722635 306632 849464 950247 431723 999999999 902144 852081 429966 982283 625684 876170 163810 913565 995461 378189 688782 542313 132516 561553 549124 848951 565046 354565 802621 542902 590182 424925 145459 883400 853649 893056 451113 650750 959520 190625 863063 62050 759458 689252 226700 603856 492080 705959 688519 924339 797067 121970 1023750 76579 1006162 822726 452826 374693 262732 634332 156471 129005 595409 578180 905274 852012 435055 110072 454755 625566 840308 535314 165615 940978
912086 509500 191372 852744 804179 500461 382762 838212 965289 541807 370605 816407 579481 493524 627001 521873 581608 1030882 155299 39857 832794 861351 712752 698726 976718 577499 666000 629153 646278 429389 204537 845612 687954 546902 808824 902144 999999999 1026591 472675 349365 742818 936033 740972 556832 847980 791968 220989 751531 790537 340606 819875 976182 513264 590729 853547 924314 417591 482406 917689 795405 305610 861809 770880 414580 493268 942751 741727 840844 362859 282393 891600 405832 953293 1058051 291511 457337 1105858 893825 769602 831748 547241 373815 554173 928324 691457 614995 755620 794222 942294 591960 196454 263640 480561 891605 818274 922995 1048989 683527 801372 815054
226169 674204 1049295 536214 637312 572293 877394 249404 74296 497991 823343 262957 580391 834837 742050 504718 527661 70028 872729 1027239 262475 209400 473822 680083 324623 612155 361531 397844 722686 921809 848647 545731 374673 584583 428679 852081 1026591 999999999 838808 794993 312339 123978 841834 546704 332741 485065 954796 358701 888810 857191 318150 57787 555823 946409 177339 311779 650408 775247 717108 283302 744696 219421 424446 623947 642959 683848 326536 825728 664948 1049017 628790 656022 373710 196564 750326 648822 145526 963013 439121 860522 634362 669603 599302 488599 946196 423912 867108 758901 259921 468808 1177127 781500 747267 743720 404339 226528 36820 412314 703103 310607
645364 686274 342112 452514 370325 571308 92660 593870 764985 393443 655460 577446 258549 20867 845993 451879 646939 811162 419824 505302 582305 631553 383135 876720 651215 714385 557636 527687 852652 90290 305336 442318 647186 654628 466900 429966 472675 838808 999999999 609167 529443 800011 268308 630810 826064 425173 259651 483475 319506 132996 538510 807486 314191 158712 708752 611714 263204 63749 462359 726858 481631 768860 445385 330195 640183 495227 684848 369151 413458 281366 457664 270624 609424 782499 301812 598054 857883 426532 806492 359078 697353 477956 239847 540669 238757 448340 283711 329191 650377 387728 488790 466817 93117 430655 486556 652462 845742 426513 348082 774366
750884 165879 498529 816401 813713 222955 550729 674124 749253 411676 48168 652994 555976 625885 280844 343299 278099 819583 235973 324688 674337 682211 645558 349388 851916 239576 450953 422160 298441 617851 329684 813658 421843 227828 727383 982283 349365 794993 609167 999999999 578856 683607 844621 255080 545223 735693 461388 625538 904947 497231 687407 738527 439524 764571 618573 796804 392383 580031 944354 524233 129647 594370 684658 336278 166055 953030 473548 921728 225844 567147 888164 378536 847616 883165 307578 147416 905812 1016738 449119 927762 208226 169614 538795 867227 846977 461269 867336 855573 795466 476643 545679 143933 560064 932490 726260 762856 824809 569926 838731 525615
174661 511070 744022 334383 402242 371071 565085 97718 240326 201023 618379 75782 272986 526954 634964 239780 373666 296781 594854 749671 95893 118966 197056 607798 275966 476690 148583 163394 624666 610597 551958 338866 248469 424218 210409 625684 742818 312339 529443 578856 999999999 275447 572955 380263 370623 253538 647701 85056 627945 545370 118134 278066 246399 647356 187948 221765 343893 465697 516856 258693 493251 269771 178571 328875 464819 500034 245856 584303 396017 738482 432176 351243 281727 316922 455119 450811 364420 719505 413602 612787 485159 421980 289679 340627 661440 128672 599868 510224 216643 159116 877635 522703 436999 529348 194766 186412 324365 106545 461473 316650
266549 555449 976336 564371 653970 462810 826598 251909 125588 429325 709222 255684 546976 799035 618322 418519 410889 178726 780875 933312 265667 213566 464806 556190 389664 491166 273490 310792 598798 877420 769198 572204 261898 467166 444449 876170 936033 123978 800011 683607 275447 999999999 842450 431309 210993 498560 885319 344952 894731 799991 327047 68586 497670 922557 91755 360585 585012 736432 750929 162781 644156 95991 428333 548292 526991 723652 210360 842016 573299 985542 662097 588307 430118 296920 671452 536369 265564 979357 315350 873776 514504 569627 561832 534709 935805 359674 868928 770625 315106 414714 1096740 682864 706941 771912 421611 272350 160103 381992 717738 186633
619106 890448 600638 330231 219163 755796 359139 597027 769374 526503 892508 588798 338470 247475 1049483 605730 816305 794936 679885 773500 583246 637774 377824 1063439 570613 901706 661730 643284 1051355 326294 567258 318679 768502 839122 414410 163810 740972 841834 268308 844621 572955 842450 999999999 806172 930220 358271 525834 497540 62065 400955 524420 827649 453786 198728 759675 551216 458094 271065 238716 819948 715001 841807 418296 523361 840343 283081 791129 106499 627643 526017 278350 470699 518018 726429 542650 802213 814478 173076 941731 90779 891356 692622 340790 412740 126796 549524 27240 105859 601324 487807 741768 708880 286163 197889 438789 621604 837026 470513 158559 875444
537551 133780 655316 680217 710489 63790 607143 464856 507684 285429 277975 446126 472365 641187 260889 202345 24833 577988 407993 543493 468705 462924 509336 257831 654016 101262 233473 218259 255448 673905 446331 680851 172349 43980 569163 913565 556832 546704 630810 255080 380263 431309 806172 999999999 295093 594487 586072 448339 868129 560490 497935 489363 352582 787392 373514 600943 368255 580764 840566 270102 251700 340139 528400 300642 96296 837045 221074 858795 237530 697972 768121 360198 661927 655934 369056 108606 666634 976647 213754 875296 104981 192466 466149 709303 846541 295220 832335 785089 587819 340013 742570 293703 552805 839799 560686 549377 578383 411585 752737 271124
443179 393151 927627 702073 772543 347629 829189 399670 331345 432674 559976 392673 600625 830431 422203 382577 270500 389571 695631 836868 411029 372362 564232 351785 573160 320023 272401 298919 400379 889660 714809 707478 181067 317396 577124 995461 847980 332741 826064 545223 370623 210993 930220 295093 999999999 623630 847541 455332 988307 791488 466844 279485 512332 968910 221150 533451 575128 765997 886706 112069 542621 127032 548658 519681 379308 867521 142007 951960 502424 956487 800779 573190 604358 503978 624475 402565 476388 1085167 113276 978455 348650 475393 607163 693530 1003415 386186 957452 877090 496810 449701 1028067 584457 735666 899965 558288 452043 369478 462649 830482 54837
260931 713040 729646 85799 155431 565834 496269 246973 413799 326795 781485 243528 212579 413203 855375 405764 594650 436676 669641 810872 233117 286696 90145 841674 228782 695580 385311 383896 849134 515463 587448 87543 493894 636369 56396 378189 791968 485065 425173 735693 253538 498560 358271 594487 623630 999999999 632213 168499 403755 501484 171926 475225 301490 489233 424633 197647 381178 370537 263318 511952 621888 516257 74999 411858 662478 248466 498152 343959 515999 692704 179678 394783 184351 374476 509510 636731 459609 481552 664467 377023 696891 566139 238114 137433 469709 299269 382897 274483 245164 262707 876971 637503 352349 277238 80776 263340 478966 183427 219873 569970
800679 589186 98612 679866 614865 522477 167179 734068 885882 457858 499306 713706 425423 280367 735597 473374 608477 944482 228177 257640 725662 764729 565343 789707 840554 641060 613914 577253 749310 208507 141146 671195 669898 592923 660437 688782 220989 954796 259651 461388 647701 885319 525834 586072 847541 632213 999999999 632663 572749 136054 698454 911688 401363 369742 795493 792629 304508 282543 718070 770337 358757 828308 628074 337747 555502 747779 719305 628421 350252 112050 703367 298869 808222 946654 223081 512611 1008250 674126 794006 616414 615580 396017 399753 762699 470618 531134 538751 587917 820455 488585 244770 325255 289051 688363 674679 810226 970665 565193 602212 804196
168302 575145 730842 249714 318526 430545 530904 110537 284406 221141 667910 95821 225629 478115 707132 282358 444641 327688 610634 762739 98840 149405 119884 685244 230761 547514 224445 230606 698411 569181 552637 253955 329794 491817 126768 542313 751531 358701 483475 625538 85056 344952 497540 448339 455332 168499 632663 999999999 550495 518717 68354 334959 239085 587920 263355 176072 337531 420559 431812 343533 527611 350995 93518 339639 526704 415240 330419 502630 424581 714814 347214 347694 222085 314002 460061 507657 379190 638790 497660 532341 553062 461088 247146 262263 592808 164524 524085 429332 191041 161466 870583 552229 393951 444729 113745 177596 362923 68460 379047 401533
664235 952403 642590 365502 255609 817857 407775 646867 817228 587955 952743 639846 399611 298978 1111498 667510 878142 839374 735780 824109 633004 687435 431503 1125451 606687 963757 721035 703397 1113412 368196 622330 354305 828404 901168 460150 132516 790537 888810 319506 904947 627945 894731 62065 868129 988307 403755 572749 550495 999999999 452457 573157 877183 515674 223941 813559 591707 519646 328573 243012 877572 775301 897459 467860 585169 902340 290010 849928 92789 688989 563669 299800 532129 553061 764684 601664 864120 854030 111827 1001969 57709 953417 754070 402525 442525 130264 609402 37620 133128 642889 548133 780156 768262 345432 200675 484514 665943 882248 527084 190363 933485
686755 594460 229749 545481 478811 497618 53601 624812 785694 372277 541548 605625 300872 153678 751060 408920 579879 839919 291870 372562 615149 658470 440037 791677 715922 632985 537220 502729 760612 120946 177472 536551 610475 577177 533264 561553 340606 857191 132996 497231 545370 799991 400955 560490 791488 501484 136054 518717 452457 999999999 581826 818560 302948 272232 708480 670207 218360 146719 583271 702588 374889 753899 503517 272451 552567 612157 655056 500242 327025 196354 567313 218665 680723 830785 199372 509164 897690 558810 754554 491655 612057 386722 276043 629526 364832 440344 416704 455340 701697 388836 378364 353298 153488 554617 549115 695539 869595 453554 467139 743489
106867 627902 796836 239460 327299 485961 591248 75158 245076 287813 728716 74963 284115 531515 753089 344351 491736 277539 678800 831061 61382 114817 158883 724796 165023 594785 266703 280159 742669 626019 620734 246487 363859 541845 117413 549124 819875 318150 538510 687407 118134 327047 524420 497935 466844 171926 698454 68354 573157 581826 999999999 304084 307241 632665 257050 109856 405431 476667 426397 357896 593003 351786 106332 407832 580863 402892 354820 515874 490929 778169 338271 415781 164140 248986 528395 564721 319510 653447 523003 548630 602896 525079 307294 228417 628221 226658 550036 445780 123013 229486 937523 618679 451438 445440 94985 114440 316637 136534 391725 415328
225950 616499 1005028 533843 629893 516083 841313 230622 69182 453857 766331 240065 550330 804743 685010 454749 470125 110880 821754 975745 244411 189887 453506 624197 339967 554376 310193 347059 665890 888389 801791 542588 317560 526992 419425 848951 976182 57787 807486 738527 278066 68586 827649 489363 279485 475225 911688 334959 877183 818560 304084 999999999 515841 921624 123227 317936 608127 743744 718354 225557 690953 162519 409528 577905 585576 687976 268922 818796 613732 1008293 629447 612911 384742 232629 703493 592056 196979 956427 383591 852247 576587 615924 567672 495036 927300 380830 853540 749615 268736 429814 1130309 728346 715061 742279 395552 229322 92498 382212 694995 254335
403842 445897 498046 378680 376849 304745 329362 334071 485549 79984 486585 313231 122752 318100 601593 152313 362556 543156 376838 526108 326538 363529 212959 610219 463848 449497 243684 213587 601335 383417 313559 375221 334987 386820 304437 565046 513264 555823 314191 439524 246399 497670 453786 352582 512332 301490 401363 239085 515674 302948 307241 515841 999999999 458005 405995 411095 99106 253666 508430 412836 321220 457311 263550 110591 394652 514321 370806 508435 215807 493194 448788 108649 443386 550592 221872 360657 607889 624086 500487 523313 441448 270702 113676 437477 502659 138305 480113 436049 430123 87359 634068 336036 223340 500706 310020 414119 570113 170709 409269 460277
736970 844986 427555 489069 385253 728713 219597 697138 872134 537966 810173 683738 376507 146324 1004682 602988 802766 910190 563754 627106 684325 737015 473971 1035011 716744 872471 697257 670176 1011357 161829 449638 477587 792952 812328 540308 354565 590729 946409 158712 764571 647356 922557 198728 787392 968910 489233 369742 587920 223941 272232 632665 921624 458005 999999999 833152 686348 419138 207523 434839 865553 638271 901676 529817 486928 798829 477146 826933 303201 572169 343727 460927 427520 668332 862730 458400 756753 945213 311198 956929 277989 855825 636615 364777 577668 103000 584590 198734 296557 731495 521607 559703 621242 236836 395225 563139 742134 948482 540984 338462 915898
222038 504015 887369 496457 579002 395657 734849 184557 135066 338518 648148 182338 456963 708075 587536 332815 356044 204861 698917 852700 197248 152904 382116 536070 352024 446721 187697 224830 570686 785757 681833 503252 201352 413229 373026 802621 853547 177339 708752 618573 187948 91755 759675 373514 221150 424633 795493 263355 813559 708480 257050 123227 405995 833152 999999999 312990 494098 645243 683319 129106 567858 97003 351688 459335 469703 659667 158747 765220 490876 894789 595316 497746 383984 297520 583731 473132 294277 901824 303538 795525 466290 492803 471150 477969 849370 268137 786435 692427 275692 322989 1010050 605135 615651 701180 351703 230924 206237 294004 641204 177277
94057 732549 891241 228883 336200 592704 673787 141105 249548 397053 837722 156576 369338 601933 852026 453992 592974 252954 785748 936881 134101 161303 231058 818051 55185 695519 367659 385129 840167 701381 723151 239324 456364 644921 146625 542902 924314 311779 611714 796804 221765 360585 551216 600943 533451 197647 792629 176072 591707 670207 109856 317936 411095 686348 312990 999999999 507566 552841 405640 431480 702782 409750 167508 514854 686568 372129 438809 521119 600394 865914 317767 518741 70999 176846 632965 672155 263303 657022 603976 557647 705552 634922 394356 177443 666281 336445 574558 459035 52515 337275 1034537 728108 530526 433601 125349 88825 297650 241937 401960 486166
